
metadata:
    version:
        essentia: "1.2.2"
    audio_properties:
        analysis_sample_rate: 44100
        bitrate: 128
        channels: 2
        equal_loudness: 1
        length: 10.0571432114
        replay_gain: -11.2628269196
        downmix: "mix"
    tags:
        track: 8
        year: 0
        album: "Splitted by Mp3Splt v. 2.1"
        artist: "From 001.10 To 001.20"
        comment: "http://mp3splt.sf.net"
        genre: ""
        title: "09 Hold On.mp3"

highlevel:
    ballroom:
        all:
            ChaChaCha: 0.0064200675115
            Jive: 0.0125846862793
            Quickstep: 0.0169144477695
            Rumba-American: 0.0206890143454
            Rumba-International: 0.566816687584
            Rumba-Misc: 0.21279348433
            Samba: 0.00942268688232
            Tango: 0.004144965671
            VienneseWaltz: 0.0539585649967
            Waltz: 0.0962554067373
        probability: 0.566816687584
        value: "Rumba-International"
    culture:
        all:
            non_western: 0.275899887085
            western: 0.724100112915
        probability: 0.724100112915
        value: "western"
    gender:
        all:
            female: 0.641972064972
            male: 0.358027935028
        probability: 0.641972064972
        value: "female"
    genre_dortmund:
        all:
            alternative: 0.20334854722
            blues: 0.0403929725289
            electronic: 0.0294986907393
            folkcountry: 0.19853797555
            funksoulrnb: 0.0256534665823
            jazz: 0.124766096473
            pop: 0.179751873016
            raphiphop: 0.0104688657448
            rock: 0.187581509352
        probability: 0.20334854722
        value: "alternative"
    genre_electronica:
        all:
            ambient: 0.756088018417
            dnb: 0.0416196808219
            house: 0.0756752416492
            techno: 0.0104351527989
            trance: 0.116181872785
        probability: 0.756088018417
        value: "ambient"
    genre_rosamerica:
        all:
            cla: 0.0346049554646
            dan: 0.031481474638
            hip: 0.048103120178
            jaz: 0.115723364055
            pop: 0.371004283428
            rhy: 0.247471183538
            roc: 0.12981890142
            spe: 0.0217926986516
        probability: 0.371004283428
        value: "pop"
    genre_tzanetakis:
        all:
            blu: 0.0583861917257
            cla: 0.00943655334413
            cou: 0.128091618419
            dis: 0.00970551278442
            hip: 0.0338506959379
            jaz: 0.0141304759309
            met: 0.0153905097395
            pop: 0.226269826293
            reg: 0.108178652823
            roc: 0.39655995369
        probability: 0.39655995369
        value: "roc"
    live_studio:
        all:
            live: 0.311843544245
            studio: 0.688156485558
        probability: 0.688156485558
        value: "studio"
    mood:
        all:
            Cluster1: 0.21867762506
            Cluster2: 0.072635024786
            Cluster3: 0.598196089268
            Cluster4: 0.032571144402
            Cluster5: 0.0779201313853
        probability: 0.598196089268
        value: "Cluster3"
    mood_acoustic:
        all:
            acoustic: 0.9729591012
            not_acoustic: 0.0270408950746
        probability: 0.9729591012
        value: "acoustic"
    mood_aggressive:
        all:
            aggressive: 1.2211999092e-05
            not_aggressive: 0.999987781048
        probability: 0.999987781048
        value: "not_aggressive"
    mood_electronic:
        all:
            electronic: 0.169740751386
            not_electronic: 0.830259263515
        probability: 0.830259263515
        value: "not_electronic"
    mood_happy:
        all:
            happy: 0.0923531353474
            not_happy: 0.90764683485
        probability: 0.90764683485
        value: "not_happy"
    mood_party:
        all:
            not_party: 0.917194068432
            party: 0.0828059092164
        probability: 0.917194068432
        value: "not_party"
    mood_relaxed:
        all:
            not_relaxed: 0.094600982964
            relaxed: 0.905399024487
        probability: 0.905399024487
        value: "relaxed"
    mood_sad:
        all:
            not_sad: 0.111393764615
            sad: 0.888606250286
        probability: 0.888606250286
        value: "sad"
    rhythm:
        all:
            fast: 0.141816735268
            medium: 0.644728660583
            slow: 0.213454589248
        probability: 0.644728660583
        value: "medium"
    speech_music:
        all:
            music: 0.999955296516
            speech: 4.47234451713e-05
        probability: 0.999955296516
        value: "music"
    timbre:
        all:
            bright: 0.55501896143
            dark: 0.444981068373
        probability: 0.55501896143
        value: "bright"
    voice_instrumental:
        all:
            instrumental: 0.0305700879544
            voice: 0.969429910183
        probability: 0.969429910183
        value: "voice"

lowlevel:
    average_loudness: 0.957983195782
    barkbands_kurtosis:
        dmean: 7.03183794022
        dmean2: 10.8159713745
        dvar: 147.20300293
        dvar2: 375.908569336
        max: 127.59916687
        mean: 11.5097284317
        min: -1.86755979061
        var: 396.131408691
    barkbands_skewness:
        dmean: 0.829419195652
        dmean2: 1.23443198204
        dvar: 0.70630466938
        dvar2: 1.7121514082
        max: 9.36035060883
        mean: 2.45474338531
        min: -0.982278764248
        var: 3.48516106606
    barkbands_spread:
        dmean: 5.71450281143
        dmean2: 8.50566864014
        dvar: 46.6923942566
        dvar2: 95.7974319458
        max: 68.0307922363
        mean: 17.3461208344
        min: 0.807773292065
        var: 177.4506073
    dissonance:
        dmean: 0.028354100883
        dmean2: 0.0428147278726
        dvar: 0.000866378017236
        dvar2: 0.00158400600776
        max: 0.496294468641
        mean: 0.422248095274
        min: 0.0281023383141
        var: 0.00236056582071
    hfc:
        dmean: 0.964559793472
        dmean2: 1.3999838829
        dvar: 2.22933554649
        dvar2: 5.05120182037
        max: 15.3224134445
        mean: 2.72435545921
        min: 0.000107899853901
        var: 6.90920829773
    pitch:
        dmean: 192.365966797
        dmean2: 378.592163086
        dvar: 561313.875
        dvar2: 1498012.625
        max: 5512.5
        mean: 416.124145508
        min: 77.5043945312
        var: 775956.75
    pitch_instantaneous_confidence:
        dmean: 0.0929178074002
        dmean2: 0.142978012562
        dvar: 0.00705553265288
        dvar2: 0.0160960350186
        max: 0.887881338596
        mean: 0.59593719244
        min: 0.089513361454
        var: 0.0282237380743
    pitch_salience:
        dmean: 0.0781354308128
        dmean2: 0.122851766646
        dvar: 0.00485160434619
        dvar2: 0.0120594967157
        max: 0.919340014458
        mean: 0.507649838924
        min: 0.192904919386
        var: 0.015123879537
    silence_rate_20dB:
        dmean: 0
        dmean2: 0
        dvar: 0
        dvar2: 0
        max: 1
        mean: 1
        min: 1
        var: 0
    silence_rate_30dB:
        dmean: 0
        dmean2: 0
        dvar: 0
        dvar2: 0
        max: 1
        mean: 1
        min: 1
        var: 0
    silence_rate_60dB:
        dmean: 0.0875576063991
        dmean2: 0.175519630313
        dvar: 0.0798910483718
        dvar2: 0.167807430029
        max: 1
        mean: 0.411494255066
        min: 0
        var: 0.242166265845
    spectral_centroid:
        dmean: 186.469207764
        dmean2: 276.200531006
        dvar: 73597.5625
        dvar2: 164138.609375
        max: 3607.48706055
        mean: 677.298522949
        min: 210.401992798
        var: 264310.21875
    spectral_complexity:
        dmean: 1.72286379337
        dmean2: 2.82175922394
        dvar: 5.06407594681
        dvar2: 11.9659233093
        max: 24
        mean: 7.12211990356
        min: 0
        var: 15.015042305
    spectral_crest:
        dmean: 2.77568531036
        dmean2: 4.34247875214
        dvar: 7.41006565094
        dvar2: 17.1584320068
        max: 25.1279411316
        mean: 13.4936819077
        min: 3.80376815796
        var: 35.5069999695
    spectral_decrease:
        dmean: 3.42596589986e-10
        dmean2: 5.37280830937e-10
        dvar: 1.71279998442e-19
        dvar2: 4.31192942356e-19
        max: -4.86197216656e-14
        mean: -1.01383434981e-09
        min: -3.83821596728e-09
        var: 4.78705033518e-19
    spectral_energy:
        dmean: 0.00135364045855
        dmean2: 0.00211172201671
        dvar: 2.59275293502e-06
        dvar2: 6.50173979011e-06
        max: 0.0149231804535
        mean: 0.00407354999334
        min: 1.93289110939e-07
        var: 7.51482593842e-06
    spectral_energyband_high:
        dmean: 8.00674242782e-05
        dmean2: 0.000121282137115
        dvar: 3.40007204613e-08
        dvar2: 7.99446908673e-08
        max: 0.00261295214295
        mean: 0.000141505603096
        min: 1.09296660611e-09
        var: 7.13051875323e-08
    spectral_energyband_low:
        dmean: 0.000121882854728
        dmean2: 0.000193957981537
        dvar: 2.56381476049e-08
        dvar2: 6.44607354161e-08
        max: 0.00164775527082
        mean: 0.000238105407334
        min: 3.56262965795e-08
        var: 4.12197245225e-08
    spectral_energyband_middle_high:
        dmean: 0.000213566527236
        dmean2: 0.000309086201014
        dvar: 9.49650100779e-08
        dvar2: 1.98759991576e-07
        max: 0.00437018880621
        mean: 0.000550049589947
        min: 2.74360392183e-08
        var: 3.88614267877e-07
    spectral_energyband_middle_low:
        dmean: 0.00123807997443
        dmean2: 0.00196335860528
        dvar: 2.51811093221e-06
        dvar2: 6.33394256511e-06
        max: 0.0144294099882
        mean: 0.00314387260005
        min: 1.24673974256e-07
        var: 6.79536060488e-06
    spectral_flatness_db:
        dmean: 0.0296204090118
        dmean2: 0.0426180846989
        dvar: 0.00072204391472
        dvar2: 0.00148955744226
        max: 0.372247099876
        mean: 0.213384658098
        min: 0.0814220532775
        var: 0.00312100164592
    spectral_flux:
        dmean: 0.0090977344662
        dmean2: 0.0140949198976
        dvar: 8.25486786198e-05
        dvar2: 0.000200522437808
        max: 0.095194041729
        mean: 0.027535142377
        min: 0.00422828365117
        var: 0.000187250130693
    spectral_kurtosis:
        dmean: 2.03758621216
        dmean2: 3.04407215118
        dvar: 5.67224931717
        dvar2: 11.7521934509
        max: 25.0855846405
        mean: 6.51159906387
        min: -0.224577665329
        var: 22.0570030212
    spectral_rms:
        dmean: 0.000316904712236
        dmean2: 0.000481483351905
        dvar: 1.00479169873e-07
        dvar2: 2.37451615703e-07
        max: 0.00381565210409
        mean: 0.00188003410585
        min: 1.37322522278e-05
        var: 4.39667900309e-07
    spectral_rolloff:
        dmean: 508.640686035
        dmean2: 878.823364258
        dvar: 700261
        dvar2: 1565011.25
        max: 5813.96484375
        mean: 1222.33239746
        min: 215.33203125
        var: 1536783.875
    spectral_skewness:
        dmean: 0.294177621603
        dmean2: 0.421959519386
        dvar: 0.0924232155085
        dvar2: 0.170150846243
        max: 4.31752300262
        mean: 2.0922563076
        min: 0.182707995176
        var: 0.529295265675
    spectral_spread:
        dmean: 701310.375
        dmean2: 1003005.0625
        dvar: 922098270208
        dvar2: 1.11550057677e+12
        max: 19444890
        mean: 5374979.5
        min: 2409105
        var: 2.72008400077e+12
    spectral_strongpeak:
        dmean: 0.154899418354
        dmean2: 0.258441746235
        dvar: 0.0755075663328
        dvar2: 0.201749116182
        max: 3.39121866226
        mean: 0.397105753422
        min: 0
        var: 0.088089466095
    zerocrossingrate:
        dmean: 0.00910255499184
        dmean2: 0.0106924548745
        dvar: 8.5928455519e-05
        dvar2: 0.000101449011709
        max: 0.18798828125
        mean: 0.0442625842988
        min: 0.00244140625
        var: 0.000779724388849
    barkbands:
        dmean: [2.34177946368e-07, 5.2916835557e-05, 9.03075924725e-05, 0.000141072232509, 0.00111150869634, 0.00012344866991, 0.000105323051685, 3.88377629861e-05, 4.26469305239e-05, 6.80325683788e-05, 1.57120102813e-05, 1.62763608387e-05, 9.16539374884e-06, 1.1271808944e-05, 1.88638568943e-05, 2.67714494839e-05, 2.85729602183e-05, 4.8008892918e-05, 4.17915944126e-05, 6.79836884956e-05, 4.03228186769e-05, 1.00315310192e-05, 1.7410034161e-06, 1.6578968598e-06, 7.37752316127e-07, 8.95728007322e-08, 9.11860864594e-10]
        dmean2: [3.36449858196e-07, 8.71019947226e-05, 0.000145709665958, 0.000232711827266, 0.00176015205216, 0.000184697972145, 0.000167930251337, 5.70984011574e-05, 6.10493079876e-05, 9.08620277187e-05, 2.4616587325e-05, 2.60197921307e-05, 1.49912548295e-05, 1.6520927602e-05, 2.81504399027e-05, 3.93180453102e-05, 4.77667344967e-05, 7.28441882529e-05, 6.52602975606e-05, 0.000104974489659, 6.38239871478e-05, 1.5286510461e-05, 2.73002024187e-06, 2.51179926636e-06, 1.09616792088e-06, 1.52262302322e-07, 1.54363155591e-09]
        dvar: [1.2113607643e-12, 4.3841410502e-09, 1.76482739533e-08, 4.87489550949e-08, 2.31646436077e-06, 7.24988069578e-08, 3.67509507271e-08, 7.30335303345e-09, 5.58297141851e-09, 1.13724230033e-08, 1.23673815633e-09, 2.14114725949e-09, 1.45062406531e-09, 7.01388336299e-10, 2.32692776159e-09, 3.22755466797e-09, 3.20031268153e-09, 8.54948023488e-09, 6.41074793251e-09, 1.89981239629e-08, 1.09292752626e-08, 1.56557988795e-09, 1.52649021895e-11, 1.06887155377e-11, 2.84179125544e-12, 4.7603258412e-14, 4.2857480715e-18]
        dvar2: [3.0266431722e-12, 1.12173301758e-08, 4.52272672646e-08, 1.34739579494e-07, 5.99998202233e-06, 1.37979654369e-07, 9.73722933395e-08, 1.397510907e-08, 1.32889406146e-08, 1.80095458546e-08, 2.91804247432e-09, 5.00839103523e-09, 2.70264766122e-09, 1.52373169637e-09, 4.11907441489e-09, 6.0593667861e-09, 8.46889935957e-09, 1.60554591844e-08, 1.46195091588e-08, 4.25707149532e-08, 2.72932449974e-08, 2.65174882053e-09, 3.44353399961e-11, 2.58522994678e-11, 6.0545353453e-12, 1.21391029281e-13, 1.09698715875e-17]
        max: [1.59949049703e-05, 0.000679368560668, 0.00157910981216, 0.00233191205189, 0.0125139430165, 0.00522684399039, 0.00168863264844, 0.00162912695669, 0.00109375745524, 0.00150459026918, 0.000684161204845, 0.000649517402053, 0.000631725415587, 0.000378279102733, 0.000954417802859, 0.000622004328761, 0.000714492052794, 0.00154736463446, 0.000627081375569, 0.00210989336483, 0.00136006704997, 0.000767015037127, 4.56370107713e-05, 3.10494870064e-05, 2.11743263208e-05, 1.63646620877e-06, 1.51963970296e-08]
        mean: [3.26533438511e-07, 8.96327183e-05, 0.000148166276631, 0.000214635918383, 0.00230094837025, 0.0002501726849, 0.000207126038731, 8.105107554e-05, 8.62730594235e-05, 0.000146199614392, 2.67202030955e-05, 2.53245598287e-05, 1.25158894662e-05, 1.87540808838e-05, 3.22175692418e-05, 4.22092125518e-05, 4.21083022957e-05, 9.70674736891e-05, 6.11176874372e-05, 0.000104774975625, 6.39585414319e-05, 1.53520304593e-05, 2.71162025456e-06, 2.91968240163e-06, 1.19076037208e-06, 7.92758925172e-08, 6.94686197455e-10]
        min: [2.58608384707e-10, 1.64378874956e-08, 1.46482896923e-08, 1.77022378978e-08, 4.92345186842e-08, 3.54871296793e-08, 1.28680373024e-08, 3.08755732092e-09, 5.5465889659e-09, 3.27378035792e-09, 1.5539574072e-09, 2.03797934084e-09, 3.4125363646e-10, 4.39699887611e-10, 9.8051722297e-10, 7.03117652989e-09, 9.75069092135e-09, 1.0520621041e-09, 1.57943491619e-09, 2.80585776835e-10, 2.69225558513e-10, 1.58687230023e-10, 1.3611339833e-10, 1.09013263694e-10, 9.16661815897e-11, 4.99316907265e-11, 1.01809034293e-12]
        var: [7.19854026648e-13, 5.98511329386e-09, 2.60919197359e-08, 7.55688418508e-08, 5.71960390516e-06, 1.4417284433e-07, 8.56481747746e-08, 3.63098493494e-08, 1.41148257526e-08, 4.39070717562e-08, 4.7476262921e-09, 3.6988720975e-09, 2.24254370629e-09, 2.25060592385e-09, 8.83974404786e-09, 8.32717184096e-09, 3.76592845797e-09, 3.90276326812e-08, 1.05538875417e-08, 3.86301302058e-08, 1.64406710468e-08, 6.06515904167e-09, 3.42990462421e-11, 1.95741617359e-11, 5.83162381232e-12, 3.89438271399e-14, 3.14290189551e-18]
    mfcc:
        mean: [-782.033203125, 140.044631958, -2.65759563446, 54.9038887024, -3.96834993362, -21.9878578186, 3.76436018944, -5.77312040329, 2.09839558601, -7.25985717773, -22.7343425751, -4.60197687149, -16.4726467133]
        cov: [[3960.81982422, -1280.66271973, -712.28918457, 151.218276978, -153.619796753, -53.9770317078, 10.2179279327, -420.857849121, -113.188591003, 260.191711426, -81.2982559204, 104.421417236, -42.2328186035], [-1280.66271973, 1068.99462891, -36.893699646, -174.270004272, 210.806335449, -87.6201553345, 71.2027435303, 144.609985352, -85.7452850342, -72.18019104, 33.9249229431, 102.635925293, 46.4903564453], [-712.28918457, -36.893699646, 574.102111816, 36.5079460144, -76.6140594482, 80.7535552979, -60.5070495605, 61.4141578674, 108.801483154, -87.4711151123, -6.33045196533, -81.6536331177, -31.0874576569], [151.218276978, -174.270004272, 36.5079460144, 194.928894043, -31.6464939117, 9.07976818085, -43.175239563, -22.2702884674, 53.6223258972, -2.9356136322, -26.1257572174, -45.6809806824, -22.5669345856], [-153.619796753, 210.806335449, -76.6140594482, -31.6464939117, 257.093994141, -27.0348968506, -14.3832559586, -29.898223877, -43.9442520142, -39.8299026489, -21.1046562195, 63.2770881653, -17.2577800751], [-53.9770317078, -87.6201553345, 80.7535552979, 9.07976818085, -27.0348968506, 202.580108643, 25.0206680298, 46.6852645874, 42.7691879272, -3.07352542877, 67.7427215576, -79.9081115723, 25.8832473755], [10.2179279327, 71.2027435303, -60.5070495605, -43.175239563, -14.3832559586, 25.0206680298, 164.085906982, 49.6170043945, -44.6695976257, 43.8838348389, 15.206454277, 21.2936725616, 25.7068939209], [-420.857849121, 144.609985352, 61.4141578674, -22.2702884674, -29.898223877, 46.6852645874, 49.6170043945, 208.491500854, 44.5758247375, -41.2417259216, 71.5919952393, -80.3356933594, 57.1408157349], [-113.188591003, -85.7452850342, 108.801483154, 53.6223258972, -43.9442520142, 42.7691879272, -44.6695976257, 44.5758247375, 137.420333862, 6.30512046814, 9.81641960144, -67.9624862671, -13.4565935135], [260.191711426, -72.18019104, -87.4711151123, -2.9356136322, -39.8299026489, -3.07352542877, 43.8838348389, -41.2417259216, 6.30512046814, 162.987838745, 31.2185745239, -3.45397949219, -7.7993350029], [-81.2982559204, 33.9249229431, -6.33045196533, -26.1257572174, -21.1046562195, 67.7427215576, 15.206454277, 71.5919952393, 9.81641960144, 31.2185745239, 164.745574951, -56.1491088867, 60.7921333313], [104.421417236, 102.635925293, -81.6536331177, -45.6809806824, 63.2770881653, -79.9081115723, 21.2936725616, -80.3356933594, -67.9624862671, -3.45397949219, -56.1491088867, 174.728363037, -0.9700127244], [-42.2328186035, 46.4903564453, -31.0874576569, -22.5669345856, -17.2577800751, 25.8832473755, 25.7068939209, 57.1408157349, -13.4565935135, -7.7993350029, 60.7921333313, -0.9700127244, 106.398933411]]
        icov: [[0.000812666956335, 0.000945641193539, 0.000882906839252, -5.25464565726e-05, 0.00010455485608, 3.60212943633e-05, -0.000168120590388, 0.000612154544797, 0.000202707931749, -0.000182060728548, -7.82727438491e-05, -0.000312020943966, -6.95690396242e-05], [0.000945641193539, 0.00281411409378, 0.000787132536061, 0.000712148088496, -0.00112016790081, 0.000716579612345, -0.000238116292167, -0.00103293242864, 0.000758879643399, -0.000268582080025, -0.00036139797885, -0.00120261718985, 5.48357675143e-05], [0.000882906839252, 0.000787132536061, 0.00353894475847, 0.000103322359791, 0.00105499348138, -0.000768757483456, 8.57332997839e-05, 0.000726150872651, -0.00132736796513, 0.00134816963691, -5.65725713386e-05, -0.000221833950491, 0.000971128058154], [-5.25464565726e-05, 0.000712148088496, 0.000103322359791, 0.00696742208675, -0.000172139218193, 0.000520141969901, 0.00017384441162, 0.000903024396393, -0.00215717894025, 0.000651910202578, 0.000959091761615, 0.00165772030596, -0.000263396505034], [0.00010455485608, -0.00112016790081, 0.00105499348138, -0.000172139218193, 0.00584985082969, -0.00100020715035, 0.000812118349131, 0.000990905216895, 0.000299564941088, 0.00144059059676, -0.000301753607346, -0.00111902318895, 0.00157216319349], [3.60212943633e-05, 0.000716579612345, -0.000768757483456, 0.000520141969901, -0.00100020715035, 0.00819110497832, -0.00347132259049, 0.00208580680192, -0.00229978025891, 0.00186087330803, -0.00283546722494, 0.00304811820388, -0.00135600799695], [-0.000168120590388, -0.000238116292167, 8.57332997839e-05, 0.00017384441162, 0.000812118349131, -0.00347132259049, 0.0118676004931, -0.0066037978977, 0.00545864691958, -0.00530236167833, 0.00274375174195, -0.00313566648401, 0.000460058450699], [0.000612154544797, -0.00103293242864, 0.000726150872651, 0.000903024396393, 0.000990905216895, 0.00208580680192, -0.0066037978977, 0.014562538825, -0.0058554019779, 0.00544201070443, -0.00298586348072, 0.00575968250632, -0.00405697198585], [0.000202707931749, 0.000758879643399, -0.00132736796513, -0.00215717894025, 0.000299564941088, -0.00229978025891, 0.00545864691958, -0.0058554019779, 0.0144859943539, -0.00449738372117, 0.00187424139585, -0.000111137254862, 0.00176784419455], [-0.000182060728548, -0.000268582080025, 0.00134816963691, 0.000651910202578, 0.00144059059676, 0.00186087330803, -0.00530236167833, 0.00544201070443, -0.00449738372117, 0.0112993596122, -0.00412746565416, 0.00169982342049, 0.00134998455178], [-7.82727438491e-05, -0.00036139797885, -5.65725713386e-05, 0.000959091761615, -0.000301753607346, -0.00283546722494, 0.00274375174195, -0.00298586348072, 0.00187424139585, -0.00412746565416, 0.0114855645224, 0.00190084835049, -0.00471539469436], [-0.000312020943966, -0.00120261718985, -0.000221833950491, 0.00165772030596, -0.00111902318895, 0.00304811820388, -0.00313566648401, 0.00575968250632, -0.000111137254862, 0.00169982342049, 0.00190084835049, 0.0123574715108, -0.00343305640854], [-6.95690396242e-05, 5.48357675143e-05, 0.000971128058154, -0.000263396505034, 0.00157216319349, -0.00135600799695, 0.000460058450699, -0.00405697198585, 0.00176784419455, 0.00134998455178, -0.00471539469436, -0.00343305640854, 0.0152128152549]]
    spectral_contrast:
        mean: [1.508914238e-07, -3.18975821756e-07, -2.30487316344e-07, -4.47721539842e-08, 9.00593235542e-08, -4.50468284896e-08, -3.92346873923e-06, 3.23183530782e-06, 1.35710433824e-06, 4.22451364557e-07, -9.11923621061e-08, -2.04578532248e-06]
        var: [0.000764852622524, 0.000851770513691, 0.00207598484121, 0.00244816602208, 0.00484897289425, 0.00781758408993, 0.0812322869897, 0.122751317918, 0.155397742987, 0.208610475063, 0.415211439133, 2.09014391899]

rhythm:
    beats_loudness:
        dmean: 0.00240460527129
        dmean2: 0.00406112754717
        dvar: 6.79187769492e-06
        dvar2: 1.77071378857e-05
        max: 0.0122255627066
        mean: 0.0048058484681
        min: 0.00119519641157
        var: 8.57520535646e-06
    beats_loudness_bass:
        dmean: 0.081898778677
        dmean2: 0.139726355672
        dvar: 0.00746114831418
        dvar2: 0.0140581773594
        max: 0.436051011086
        mean: 0.155013144016
        min: 0.00486752390862
        var: 0.0171763319522
    bpm: 138.785461426
    bpm_confidence: 0
    first_peak_bpm: 138
    first_peak_spread: 0
    first_peak_weight: 0.954545497894
    onset_rate: 4.97159099579
    second_peak_bpm: 88
    second_peak_spread: 0
    second_peak_weight: 0.0454545468092
    beats_position: [0.104513086379, 0.53796094656, 0.971408784389, 1.40485668182, 1.83830463886, 2.27175235748, 2.70520019531, 3.13864779472, 3.57209563255, 4.00554323196, 4.43899106979, 4.87243890762, 5.30588674545, 5.9878320694, 6.41878795624, 6.84974384308, 7.28070020676, 7.71165513992, 8.1426115036, 8.57356739044, 9.00452327728, 9.43547916412, 9.86643505096]
    bpm_estimates: [138.509460449, 138.444381714, 138.328857422, 138.299102783, 138.374816895, 138.554748535, 138.390075684, 137.776473999, 139.112304688, 138.4662323, 139.207290649, 138.188552856, 139.436065674, 139.033843994, 139.686080933, 137.997116089, 141.96421814, 138.36907959]
    bpm_intervals: [0.433447867632, 0.43344783783, 0.433447897434, 0.433447957039, 0.43344771862, 0.43344783783, 0.433447599411, 0.43344783783, 0.433447599411, 0.43344783783, 0.43344783783, 0.43344783783, 0.681945323944, 0.430955886841, 0.430955886841, 0.430956363678, 0.430954933167, 0.430956363678, 0.430955886841, 0.430955886841, 0.430955886841, 0.430955886841]
    onset_times: [0.0464399084449, 0.31346938014, 0.743038535118, 0.986848056316, 1.1261677742, 1.19582772255, 1.40480720997, 1.57895696163, 1.6137868166, 2.06657600403, 2.49614500999, 2.89088439941, 3.15791392326, 3.29723358154, 3.61070299149, 3.77324271202, 4.20281171799, 4.45823144913, 4.66721105576, 4.88780021667, 5.07356023788, 5.32897949219, 5.52634906769, 5.71210861206, 5.9094786644, 5.97913837433, 6.40870761871, 6.58285713196, 6.67573690414, 6.86149644852, 6.93115663528, 7.18657588959, 7.51165533066, 7.63936519623, 7.74385499954, 7.90639448166, 7.97605419159, 8.08054447174, 8.15020370483, 8.38240337372, 8.73070335388, 8.8119726181, 9.0093421936, 9.18349170685, 9.287981987, 9.39247131348, 9.47374153137, 9.62467098236, 9.69433116913, 9.86848068237]
    rubato_start: []
    rubato_stop: []
    perceptual_tempo: "unknown"

sfx:
    inharmonicity:
        dmean: 0.0208570659161
        dmean2: 0.0375692360103
        dvar: 0.00139952776954
        dvar2: 0.00393882859498
        max: 0.297672390938
        mean: 0.0184020958841
        min: 0
        var: 0.00122012849897
    oddtoevenharmonicenergyratio:
        dmean: 1.26611483097
        dmean2: 2.40612792969
        dvar: 28.6724224091
        dvar2: 85.3053512573
        max: 51.3601150513
        mean: 0.826342761517
        min: 0
        var: 15.4707660675
    pitch_after_max_to_before_max_energy_ratio: 2.82894897461
    pitch_centroid: 200.383758545
    pitch_max_to_total: 0.324884802103
    pitch_min_to_total: 0.739631354809
    tristimulus:
        dmean: [0.194353044033, 0.179538294673, 0.0589079782367]
        dmean2: [0.334548801184, 0.310078650713, 0.103810802102]
        dvar: [0.0433102399111, 0.0374765843153, 0.00821843836457]
        dvar2: [0.118480578065, 0.1015990749, 0.0240939427167]
        max: [1, 0.973995268345, 0.666177451611]
        mean: [0.592535793781, 0.319627016783, 0.0769581869245]
        min: [0.0103691853583, 0, 0]
        var: [0.0636146888137, 0.0505129210651, 0.00979179795831]

tonal:
    chords_changes_rate: 0.0458715595305
    chords_number_rate: 0.0321100912988
    chords_strength:
        dmean: 0.00866313930601
        dmean2: 0.00789190456271
        dvar: 4.97917026223e-05
        dvar2: 5.50492877665e-05
        max: 0.70359313488
        mean: 0.555939495564
        min: 0.438983827829
        var: 0.00345372944139
    key_strength: 0.721085488796
    tuning_diatonic_strength: 0.63121843338
    tuning_equal_tempered_deviation: 0.117638193071
    tuning_frequency: 436.708374023
    tuning_nontempered_energy_ratio: 0.753192543983
    hpcp:
        dmean: [0.08931068331, 0.100884027779, 0.129760414362, 0.143124312162, 0.175675988197, 0.146786049008, 0.115754820406, 0.0953564867377, 0.0617903918028, 0.0714696496725, 0.0821095407009, 0.0819893702865, 0.0779141336679, 0.0854172259569, 0.0615370422602, 0.0510717220604, 0.0777551308274, 0.121560066938, 0.129116520286, 0.115269616246, 0.0656313821673, 0.027644071728, 0.0221163071692, 0.0421623326838, 0.0540582127869, 0.050373736769, 0.0385329946876, 0.0397601313889, 0.0617360137403, 0.0824184417725, 0.077148348093, 0.0921902880073, 0.182686328888, 0.177546069026, 0.154638543725, 0.111705765128]
        dmean2: [0.162865757942, 0.181870639324, 0.24005420506, 0.238526985049, 0.31443592906, 0.257702469826, 0.207322195172, 0.178914934397, 0.0983802229166, 0.126691490412, 0.153330802917, 0.139515280724, 0.127716466784, 0.144914492965, 0.102196089923, 0.0830507650971, 0.140803620219, 0.213491931558, 0.217844992876, 0.188886582851, 0.113620012999, 0.0490696467459, 0.0394279062748, 0.0749301835895, 0.0927241370082, 0.0856920257211, 0.0684833303094, 0.0663778409362, 0.102729491889, 0.14746709168, 0.135176062584, 0.164210736752, 0.319867253304, 0.297127395868, 0.256621450186, 0.192131727934]
        dvar: [0.0439511239529, 0.0403388887644, 0.0623280405998, 0.0454136095941, 0.074234187603, 0.0503587275743, 0.049311529845, 0.0391340106726, 0.0176373850554, 0.0326198078692, 0.0281045231968, 0.0262475889176, 0.0239899959415, 0.0277666635811, 0.0144009590149, 0.0123985530809, 0.0293508023024, 0.0422227755189, 0.0367508344352, 0.0310411844403, 0.0160911902785, 0.00473174126819, 0.00270716543309, 0.012706511654, 0.0118196578696, 0.00911406241357, 0.0112142786384, 0.00938120670617, 0.0178970918059, 0.0398069135845, 0.0244824439287, 0.0233217421919, 0.0665968582034, 0.0659892857075, 0.0455995164812, 0.0366114489734]
        dvar2: [0.12028285861, 0.113554373384, 0.165591821074, 0.112608626485, 0.176019087434, 0.131187498569, 0.130434155464, 0.117903575301, 0.0399804748595, 0.073219679296, 0.0809940844774, 0.0648578628898, 0.055343773216, 0.0694985836744, 0.0376539006829, 0.0318573378026, 0.0817542225122, 0.113627947867, 0.0813038870692, 0.0738778635859, 0.0459475703537, 0.0126234171912, 0.00759243639186, 0.0352383516729, 0.028103582561, 0.0212056785822, 0.030108647421, 0.0232253782451, 0.0502040721476, 0.108147919178, 0.0631257742643, 0.0655899196863, 0.171559154987, 0.150335684419, 0.106126584113, 0.0876842588186]
        max: [1, 1, 1, 1, 1, 1, 1, 1, 1, 1, 1, 1, 1, 1, 0.77199280262, 1, 1, 1, 1, 1, 0.854045271873, 0.453333705664, 0.38269713521, 1, 1, 0.953793942928, 1, 1, 0.932472765446, 1, 1, 0.862325012684, 1, 1, 1, 1]
        mean: [0.0598275773227, 0.0776024460793, 0.159604340792, 0.218278974295, 0.203187212348, 0.146705836058, 0.0953523889184, 0.0637746676803, 0.0673436447978, 0.0869725570083, 0.0807629749179, 0.108378529549, 0.148302510381, 0.113978937268, 0.0623360201716, 0.0507696010172, 0.0608889833093, 0.126829013228, 0.221960172057, 0.175899922848, 0.0568402148783, 0.0191437918693, 0.0151425488293, 0.0419683493674, 0.0740320235491, 0.0615695640445, 0.0329490751028, 0.0361574441195, 0.0604860372841, 0.075119882822, 0.0709724128246, 0.0821763649583, 0.228526070714, 0.411410659552, 0.301511347294, 0.103289231658]
        min: [3.37591663992e-05, 4.48135324405e-05, 0.000266860413831, 0.000722350087017, 8.30195785966e-05, 7.21871401765e-05, 5.42728885193e-05, 3.77099217985e-06, 0.000202561277547, 0.000110159940959, 5.88846232858e-05, 0.000175011038664, 7.65850491007e-05, 0.000157970513101, 0.000317983009154, 0.000169863444171, 0.000189326572581, 0.00112944608554, 0.00249983137473, 0.0021875645034, 0.000342231243849, 6.32133960607e-05, 7.65766599216e-05, 0.000251598539762, 0.000245590432314, 0.000183898446267, 0.000128888728796, 2.12073537114e-05, 0, 7.3314346082e-05, 7.98351829872e-05, 4.99498310091e-05, 0.000284865789581, 0.000183405369171, 4.88242367283e-05, 2.86989998131e-05]
        var: [0.0305474884808, 0.0335491150618, 0.0913649499416, 0.101082384586, 0.0996686890721, 0.0630382373929, 0.0426082648337, 0.0260120984167, 0.0285466928035, 0.0500081442297, 0.0313674025238, 0.0481514073908, 0.0794514641166, 0.047563508153, 0.0135361766443, 0.012176156044, 0.0218490045518, 0.0413041673601, 0.071146003902, 0.0480100922287, 0.0121283782646, 0.00353044550866, 0.00177149404772, 0.0109271686524, 0.0245352778584, 0.0167473498732, 0.00828197598457, 0.00943746883422, 0.0215971972793, 0.0358914136887, 0.0254966039211, 0.0209850296378, 0.0798421502113, 0.172964736819, 0.10848736763, 0.0365523733199]
    chords_histogram: [26.1467895508, 0, 0, 0, 20.6422023773, 26.6055049896, 0, 9.63302707672, 0, 7.33944940567, 0, 5.9633026123, 0, 0, 0, 0, 0, 0, 0, 0, 0, 0, 3.66972470284, 0]
    thpcp: [1, 0.732872009277, 0.251061141491, 0.145420581102, 0.188625261188, 0.387944102287, 0.530562281609, 0.493879318237, 0.356592208147, 0.231769368052, 0.155014619231, 0.163689598441, 0.211400836706, 0.196307450533, 0.26343151927, 0.360473185778, 0.277044206858, 0.151517763734, 0.123403705657, 0.148000493646, 0.308278381824, 0.539510011673, 0.427553147078, 0.138159319758, 0.0465320758522, 0.0368064083159, 0.102010846138, 0.179946780205, 0.149654760957, 0.0800880417228, 0.0878865048289, 0.147021070123, 0.182590991259, 0.172509908676, 0.199742913246, 0.555469512939]
    chords_key: "C#"
    chords_scale: "major"
    key_key: "G#"
    key_scale: "minor"
    chords_progression: ["G#m", "G#m", "G#m", "G#m", "G#m", "G#m", "G#m", "G#m", "G#m", "G#m", "G#m", "G#m", "G#m", "G#m", "G#m", "G#m", "G#m", "G#m", "G#m", "G#m", "G#m", "G#m", "C#m", "C#m", "C#m", "C#m", "C#m", "C#m", "C#m", "C#m", "C#", "C#", "C#", "C#", "C#", "C#", "C#", "C#", "C#", "C#", "C#", "C#", "C#", "C#", "C#", "C#", "C#", "C#", "C#", "C#", "C#", "C#", "C#", "C#", "C#", "C#", "G#m", "G#m", "G#m", "G#m", "G#m", "G#m", "G#m", "G#m", "G#m", "G#m", "G#m", "G#m", "G#m", "G#m", "G#m", "G#m", "G#m", "G#m", "G#m", "G#m", "G#m", "G#m", "G#m", "G#m", "G#m", "G#m", "G#m", "G#m", "G#m", "G#m", "G#m", "G#m", "G#m", "G#m", "G#m", "G#", "G#", "G#", "G#", "G#", "G#", "G#", "G#", "G#", "G#", "G#", "G#", "G#", "G#", "G#", "G#", "G#", "G#", "G#", "G#", "G#", "D#", "D#", "D#", "D#", "D#", "D#", "D#", "D#", "D#", "D#", "D#", "D#", "D#", "D#", "D#", "D#", "A#", "A#", "A#", "A#", "A#", "A#", "A#", "A#", "A#m", "A#m", "A#m", "A#m", "A#m", "A#m", "A#m", "A#m", "A#m", "A#m", "A#m", "A#m", "A#m", "A#m", "A#m", "A#m", "A#m", "A#m", "A#m", "A#m", "A#m", "A#m", "A#m", "A#", "A#", "A#", "A#", "A#", "A#m", "A#m", "A#m", "A#m", "A#m", "A#m", "A#m", "A#m", "A#m", "A#m", "A#m", "A#m", "A#m", "A#m", "A#m", "A#m", "A#m", "A#m", "A#m", "A#m", "A#m", "A#m", "C#", "C#", "C#", "C#", "C#", "C#", "C#", "C#", "C#", "C#", "C#", "C#", "C#", "C#", "C#", "C#", "C#", "C#", "C#", "C#", "C#", "C#", "C#", "C#", "C#", "C#", "C#", "C#", "C#", "C#", "C#", "C#"]
