
metadata:
    version:
        essentia: "1.2.2"
    audio_properties:
        analysis_sample_rate: 44100
        bitrate: 128
        channels: 2
        equal_loudness: 1
        length: 10.0310201645
        replay_gain: -8.97568702698
        downmix: "mix"
    tags:
        track: 18
        year: 0
        album: "Splitted by Mp3Splt v. 2.1"
        artist: "From 002.50 To 003.00"
        comment: "http://mp3splt.sf.net"
        genre: ""
        title: "01 Jimmy James.mp3"

highlevel:
    ballroom:
        all:
            ChaChaCha: 0.0887840166688
            Jive: 0.449797332287
            Quickstep: 0.030363034457
            Rumba-American: 0.00118347839452
            Rumba-International: 0.0147961722687
            Rumba-Misc: 0.00234327907674
            Samba: 0.403611540794
            Tango: 0.000804747629445
            VienneseWaltz: 0.00694992300123
            Waltz: 0.00136646395549
        probability: 0.449797332287
        value: "Jive"
    culture:
        all:
            non_western: 0.489540845156
            western: 0.510459125042
        probability: 0.510459125042
        value: "western"
    gender:
        all:
            female: 0.902021050453
            male: 0.0979789420962
        probability: 0.902021050453
        value: "female"
    genre_dortmund:
        all:
            alternative: 0.0353688709438
            blues: 0.0239561554044
            electronic: 0.336944490671
            folkcountry: 0.0332536362112
            funksoulrnb: 0.0178114622831
            jazz: 0.101710818708
            pop: 0.0643016546965
            raphiphop: 0.164359226823
            rock: 0.222293660045
        probability: 0.336944490671
        value: "electronic"
    genre_electronica:
        all:
            ambient: 0.0685092136264
            dnb: 0.869857311249
            house: 0.01438482292
            techno: 0.0223759002984
            trance: 0.024872738868
        probability: 0.869857311249
        value: "dnb"
    genre_rosamerica:
        all:
            cla: 0.0135648185387
            dan: 0.132309913635
            hip: 0.16676351428
            jaz: 0.0206818748266
            pop: 0.11753102392
            rhy: 0.0157385412604
            roc: 0.52766084671
            spe: 0.00574945658445
        probability: 0.52766084671
        value: "roc"
    genre_tzanetakis:
        all:
            blu: 0.00321462517604
            cla: 0.0055494219996
            cou: 0.0194923207164
            dis: 0.160754919052
            hip: 0.128376677632
            jaz: 0.0532077439129
            met: 0.04981905967
            pop: 0.345088392496
            reg: 0.0546790733933
            roc: 0.179817780852
        probability: 0.345088392496
        value: "pop"
    live_studio:
        all:
            live: 0.0503715910017
            studio: 0.949628412724
        probability: 0.949628412724
        value: "studio"
    mood:
        all:
            Cluster1: 0.338706046343
            Cluster2: 0.113862916827
            Cluster3: 0.0262844506651
            Cluster4: 0.0571260303259
            Cluster5: 0.464020550251
        probability: 0.464020550251
        value: "Cluster5"
    mood_acoustic:
        all:
            acoustic: 0.0146284950897
            not_acoustic: 0.985371530056
        probability: 0.985371530056
        value: "not_acoustic"
    mood_aggressive:
        all:
            aggressive: 0.982570946217
            not_aggressive: 0.0174290668219
        probability: 0.982570946217
        value: "aggressive"
    mood_electronic:
        all:
            electronic: 0.96068328619
            not_electronic: 0.0393167212605
        probability: 0.96068328619
        value: "electronic"
    mood_happy:
        all:
            happy: 0.377578675747
            not_happy: 0.622421324253
        probability: 0.622421324253
        value: "not_happy"
    mood_party:
        all:
            not_party: 0.272031903267
            party: 0.727968096733
        probability: 0.727968096733
        value: "party"
    mood_relaxed:
        all:
            not_relaxed: 0.958364248276
            relaxed: 0.0416357293725
        probability: 0.958364248276
        value: "not_relaxed"
    mood_sad:
        all:
            not_sad: 0.865942537785
            sad: 0.134057447314
        probability: 0.865942537785
        value: "not_sad"
    rhythm:
        all:
            fast: 0.450199395418
            medium: 0.535889387131
            slow: 0.0139112006873
        probability: 0.535889387131
        value: "medium"
    speech_music:
        all:
            music: 0.996515870094
            speech: 0.00348410964943
        probability: 0.996515870094
        value: "music"
    timbre:
        all:
            bright: 0.00780030386522
            dark: 0.992199718952
        probability: 0.992199718952
        value: "dark"
    voice_instrumental:
        all:
            instrumental: 0.280101180077
            voice: 0.719898819923
        probability: 0.719898819923
        value: "voice"

lowlevel:
    average_loudness: 0.973302304745
    barkbands_kurtosis:
        dmean: 1.88927006721
        dmean2: 3.06245684624
        dvar: 18.5549068451
        dvar2: 51.4755706787
        max: 49.7138404846
        mean: 0.735690295696
        min: -1.78226912022
        var: 18.1766204834
    barkbands_skewness:
        dmean: 0.57499307394
        dmean2: 0.869097054005
        dvar: 0.33278849721
        dvar2: 0.785408198833
        max: 5.97068595886
        mean: 0.94482678175
        min: -1.5858836174
        var: 0.933696806431
    barkbands_spread:
        dmean: 6.6042547226
        dmean2: 9.92756080627
        dvar: 38.9302940369
        dvar2: 77.3115081787
        max: 64.7802810669
        mean: 29.4360122681
        min: 2.48965835571
        var: 120.285682678
    dissonance:
        dmean: 0.0144626554102
        dmean2: 0.0245386753231
        dvar: 0.000163783784956
        dvar2: 0.000414773938246
        max: 0.498944431543
        mean: 0.473300665617
        min: 0.369360655546
        var: 0.000269421288976
    hfc:
        dmean: 1.8854932785
        dmean2: 2.35046386719
        dvar: 6.77644443512
        dvar2: 9.65561485291
        max: 23.6196098328
        mean: 4.68330907822
        min: 0.0723944678903
        var: 19.1420459747
    pitch:
        dmean: 810.200744629
        dmean2: 1530.1282959
        dvar: 1788056.5
        dvar2: 3698522.5
        max: 4410
        mean: 1150.69445801
        min: 68.2662506104
        var: 2396387.75
    pitch_instantaneous_confidence:
        dmean: 0.0789163857698
        dmean2: 0.123582519591
        dvar: 0.00396959250793
        dvar2: 0.0101860444993
        max: 0.641885519028
        mean: 0.31102630496
        min: 0.131652951241
        var: 0.00967029202729
    pitch_salience:
        dmean: 0.0645222887397
        dmean2: 0.103285260499
        dvar: 0.003104778938
        dvar2: 0.00725375907496
        max: 0.836954414845
        mean: 0.658341884613
        min: 0.353698313236
        var: 0.0076895034872
    silence_rate_20dB:
        dmean: 0
        dmean2: 0
        dvar: 0
        dvar2: 0
        max: 1
        mean: 1
        min: 1
        var: 0
    silence_rate_30dB:
        dmean: 0
        dmean2: 0
        dvar: 0
        dvar2: 0
        max: 1
        mean: 1
        min: 1
        var: 0
    silence_rate_60dB:
        dmean: 0.208333328366
        dmean2: 0.417633414268
        dvar: 0.164931088686
        dvar2: 0.284978210926
        max: 1
        mean: 0.461893767118
        min: 0
        var: 0.248548313975
    spectral_centroid:
        dmean: 287.484344482
        dmean2: 429.625640869
        dvar: 71511.9765625
        dvar2: 139019.578125
        max: 2482.3527832
        mean: 1135.46386719
        min: 189.136062622
        var: 249734.125
    spectral_complexity:
        dmean: 4.00464057922
        dmean2: 5.38139533997
        dvar: 23.8561515808
        dvar2: 34.7940101624
        max: 48
        mean: 11.1226854324
        min: 0
        var: 73.237197876
    spectral_crest:
        dmean: 2.213752985
        dmean2: 3.64496898651
        dvar: 3.54367280006
        dvar2: 8.65774536133
        max: 17.5448246002
        mean: 7.35077095032
        min: 2.8783364296
        var: 7.96902894974
    spectral_decrease:
        dmean: 4.38488440002e-10
        dmean2: 6.58000709475e-10
        dvar: 3.00744440106e-19
        dvar2: 6.99240638908e-19
        max: -8.96413585721e-12
        mean: -9.57467438667e-10
        min: -4.7918287116e-09
        var: 4.96814188476e-19
    spectral_energy:
        dmean: 0.00178850267548
        dmean2: 0.00263412995264
        dvar: 4.86293129143e-06
        dvar2: 1.08510357677e-05
        max: 0.0202278140932
        mean: 0.00403849221766
        min: 4.03991180065e-05
        var: 8.77456750459e-06
    spectral_energyband_high:
        dmean: 0.000157446105732
        dmean2: 0.000189810205484
        dvar: 5.54813546216e-08
        dvar2: 8.56123918425e-08
        max: 0.00221823551692
        mean: 0.000280429056147
        min: 5.56522036277e-06
        var: 1.41747904081e-07
    spectral_energyband_low:
        dmean: 0.000413268251577
        dmean2: 0.000686529499944
        dvar: 3.73243807417e-07
        dvar2: 8.94019478892e-07
        max: 0.00502311158925
        mean: 0.000467045116238
        min: 9.18072601053e-06
        var: 4.38171980477e-07
    spectral_energyband_middle_high:
        dmean: 0.000509563426021
        dmean2: 0.000688882428221
        dvar: 4.84180930016e-07
        dvar2: 8.28385054774e-07
        max: 0.00727721396834
        mean: 0.00121503230184
        min: 1.10919118015e-05
        var: 1.30213834382e-06
    spectral_energyband_middle_low:
        dmean: 0.00117465329822
        dmean2: 0.00193308235612
        dvar: 2.55495865531e-06
        dvar2: 6.55621397527e-06
        max: 0.0119668245316
        mean: 0.00207596132532
        min: 1.1818805433e-05
        var: 3.24704274135e-06
    spectral_flatness_db:
        dmean: 0.020534735173
        dmean2: 0.0322888717055
        dvar: 0.00043564819498
        dvar2: 0.00102196540684
        max: 0.306551367044
        mean: 0.143846139312
        min: 0.0816823542118
        var: 0.00110098882578
    spectral_flux:
        dmean: 0.0109967282042
        dmean2: 0.0168019458652
        dvar: 0.000152806474944
        dvar2: 0.00029697039281
        max: 0.10637614876
        mean: 0.0409877002239
        min: 0.00635603023693
        var: 0.000312566553475
    spectral_kurtosis:
        dmean: 1.36521041393
        dmean2: 2.09898090363
        dvar: 2.70398569107
        dvar2: 5.76471710205
        max: 13.4515953064
        mean: 3.99690032005
        min: 0.785002231598
        var: 5.4551243782
    spectral_rms:
        dmean: 0.000419399992097
        dmean2: 0.000599739432801
        dvar: 1.85203020919e-07
        dvar2: 3.9224187276e-07
        max: 0.00444234767929
        mean: 0.00187189423013
        min: 0.000198529029149
        var: 4.36004086168e-07
    spectral_rolloff:
        dmean: 651.041748047
        dmean2: 1020.42272949
        dvar: 530189.875
        dvar2: 956556.625
        max: 4392.7734375
        mean: 2432.25463867
        min: 193.798828125
        var: 1540472.5
    spectral_skewness:
        dmean: 0.222321495414
        dmean2: 0.318224042654
        dvar: 0.0581339709461
        dvar2: 0.119407713413
        max: 2.92937135696
        mean: 1.5578391552
        min: 0.848804593086
        var: 0.157456412911
    spectral_spread:
        dmean: 648023.3125
        dmean2: 908053.5
        dvar: 464883613696
        dvar2: 950547513344
        max: 9192510
        mean: 4953837.5
        min: 2233225.25
        var: 1.43420751872e+12
    spectral_strongpeak:
        dmean: 0.223213002086
        dmean2: 0.37577444315
        dvar: 0.191253185272
        dvar2: 0.48713105917
        max: 4.83923482895
        mean: 0.309812307358
        min: 0.00419056927785
        var: 0.176101967692
    zerocrossingrate:
        dmean: 0.0110299447551
        dmean2: 0.0119651621208
        dvar: 8.7855514721e-05
        dvar2: 9.09724622034e-05
        max: 0.138671875
        mean: 0.0734512880445
        min: 0.0166015625
        var: 0.000568341172766
    barkbands:
        dmean: [7.99689757969e-07, 0.000157934686285, 0.000339001620887, 0.000488972640596, 0.000384579354431, 0.000335255492246, 0.000264143949607, 0.000111459477921, 7.29331950424e-05, 5.90693598497e-05, 6.70564113534e-05, 8.54619574966e-05, 8.47093469929e-05, 5.03074988956e-05, 5.92686119489e-05, 7.80201153248e-05, 9.02116735233e-05, 7.77079039835e-05, 9.09850932658e-05, 0.000123433987028, 6.7318600486e-05, 1.67226535268e-05, 3.8568518903e-06, 1.43037948419e-06, 6.83936661972e-07, 3.22302611266e-08, 4.3400616434e-10]
        dmean2: [9.19393301047e-07, 0.000263628608081, 0.000607216963544, 0.00084595422959, 0.000658443721477, 0.000562500790693, 0.000423057586886, 0.000181815688848, 0.000115553018986, 9.64115533861e-05, 0.000107304127596, 0.000138729577884, 0.000135659429361, 7.44399949326e-05, 9.40129175433e-05, 0.00012029165373, 0.000143560770084, 0.000119554570119, 0.000132928369567, 0.000166437806911, 9.63476850302e-05, 2.21480640903e-05, 4.89164858664e-06, 1.74883803084e-06, 9.19317642456e-07, 4.76808139638e-08, 5.97982496853e-10]
        dvar: [3.29545288627e-12, 1.46075720409e-07, 2.60668429064e-07, 9.02781778223e-07, 3.10862674269e-07, 2.63301046743e-07, 1.71836475715e-07, 4.15691552291e-08, 2.05870644976e-08, 8.85786644034e-09, 1.05237631942e-08, 1.43365852523e-08, 3.48057191957e-08, 7.19964710072e-09, 1.04437098969e-08, 1.58330646371e-08, 3.83795004666e-08, 1.1112951448e-08, 2.03660537323e-08, 4.15865670789e-08, 1.35486573072e-08, 8.66621441276e-10, 3.22821457066e-11, 3.70168435834e-12, 8.28852828386e-13, 2.84865714019e-15, 1.00197239595e-17]
        dvar2: [4.66346752881e-12, 3.69890273078e-07, 7.35721982892e-07, 2.53792518379e-06, 8.73036754001e-07, 6.64460969801e-07, 3.83916557212e-07, 1.04372446685e-07, 4.91037326356e-08, 2.32021051261e-08, 2.45283047207e-08, 3.33460477009e-08, 8.42659133582e-08, 1.38416620388e-08, 2.46967264417e-08, 3.16866177741e-08, 9.64307176332e-08, 2.4693701306e-08, 4.09577225469e-08, 6.97056421473e-08, 3.03280671687e-08, 1.92240934282e-09, 6.89414428323e-11, 6.28787169901e-12, 1.53988052778e-12, 6.69812690623e-15, 1.01650504941e-17]
        max: [1.62023425219e-05, 0.00292290165089, 0.00438395980746, 0.00784772820771, 0.00428804848343, 0.00464428914711, 0.00446923589334, 0.00212716218084, 0.00140592479147, 0.000875595782418, 0.000982290366665, 0.00103382568341, 0.00193522265181, 0.000859174062498, 0.000903040636331, 0.0012170211412, 0.00275864126161, 0.000864798785187, 0.00153836037498, 0.00193806749303, 0.00125265901443, 0.000409840373322, 5.38148196938e-05, 2.03379768209e-05, 7.73871124693e-06, 4.50114583828e-07, 6.58464500702e-08]
        mean: [1.30323837766e-06, 0.000137860217365, 0.000327908259351, 0.000473648047773, 0.000521748850588, 0.000443311437266, 0.000388235639548, 0.000136601753184, 9.96543603833e-05, 7.62450945331e-05, 9.35991265578e-05, 0.000125211357954, 0.000118981435662, 6.98665317032e-05, 8.71866141097e-05, 0.000126048515085, 0.000137834547786, 0.000145428290125, 0.000171476756805, 0.000212235929212, 0.000105223487481, 2.7830406907e-05, 6.87687543177e-06, 2.83323629446e-06, 1.29509669478e-06, 4.92246883255e-08, 5.5592291881e-10]
        min: [3.05204250761e-10, 3.37910648796e-07, 2.74373928733e-06, 1.69221016222e-06, 4.17549927079e-06, 3.20121694131e-06, 1.54508506967e-06, 2.11752208656e-07, 8.54259155858e-07, 1.03949446384e-06, 1.05420930652e-07, 2.01346352924e-07, 2.992123882e-07, 7.70701149122e-07, 4.09335655149e-07, 5.30267698196e-07, 1.20888250876e-06, 3.13013771347e-07, 3.26386566485e-06, 3.23486347042e-06, 1.8380488882e-06, 4.80599055663e-07, 7.1648884159e-08, 3.12707548744e-08, 2.47536764419e-08, 1.41979827895e-09, 9.45921899836e-12]
        var: [8.77154512219e-12, 1.31245897705e-07, 2.0432807446e-07, 6.72423993819e-07, 2.94455531957e-07, 3.0969800946e-07, 3.91216303797e-07, 5.0867495105e-08, 2.60296033616e-08, 1.01711448153e-08, 1.61711692925e-08, 2.30921362032e-08, 5.19108880326e-08, 1.29323378673e-08, 1.5913633078e-08, 3.71970791946e-08, 4.90384941543e-08, 2.43054625315e-08, 3.96258954538e-08, 9.0813493614e-08, 2.34663986021e-08, 1.47221945745e-09, 7.18056239468e-11, 9.40457520887e-12, 1.89775322193e-12, 3.89429284379e-15, 1.01269158135e-17]
    mfcc:
        mean: [-720.031982422, 119.288658142, -32.9958572388, 50.1118240356, -13.9299144745, -3.50224423409, -1.90521991253, -10.8211832047, -9.15516281128, -10.6128339767, -8.75734901428, -3.17168068886, -1.15972697735]
        cov: [[2414.58300781, -593.733093262, -257.747161865, -150.349243164, -149.477371216, 46.9381446838, -112.460243225, -72.3816452026, 14.3526973724, 30.8231925964, 5.02006101608, 91.0346374512, 82.5790786743], [-593.733093262, 710.789733887, -157.543960571, -68.688659668, 109.603881836, -32.8403739929, -24.0755786896, 40.1401176453, -1.54410648346, -55.5932006836, -0.753840744495, -19.761926651, -29.1968708038], [-257.747161865, -157.543960571, 482.687103271, 187.88848877, 5.14614629745, 70.4438552856, 87.0457992554, 14.2583112717, 46.2272872925, 39.665271759, -1.42268884182, -36.9143486023, 7.96177816391], [-150.349243164, -68.688659668, 187.88848877, 206.429534912, 48.6023750305, 36.1182403564, 54.0723457336, 12.0331420898, 0.705469667912, 32.1301994324, 26.6181144714, -2.85527896881, -11.1660747528], [-149.477371216, 109.603881836, 5.14614629745, 48.6023750305, 138.992248535, 44.4729270935, 19.110326767, 25.6367549896, 14.9675016403, 9.33647060394, 12.1359395981, 21.2393321991, 8.2993888855], [46.9381446838, -32.8403739929, 70.4438552856, 36.1182403564, 44.4729270935, 94.2864990234, 60.9455718994, 13.9248008728, 9.51726913452, 15.1823749542, 7.98449516296, 11.1892356873, 11.1409139633], [-112.460243225, -24.0755786896, 87.0457992554, 54.0723457336, 19.110326767, 60.9455718994, 123.335861206, 49.41223526, -4.94719028473, 1.69878101349, 17.8582458496, 12.1292057037, -2.55195689201], [-72.3816452026, 40.1401176453, 14.2583112717, 12.0331420898, 25.6367549896, 13.9248008728, 49.41223526, 79.1476669312, 21.5326080322, -14.4157524109, -1.73353123665, 13.3982830048, 9.71769142151], [14.3526973724, -1.54410648346, 46.2272872925, 0.705469667912, 14.9675016403, 9.51726913452, -4.94719028473, 21.5326080322, 67.8146362305, 25.8542461395, -8.34479808807, -10.2668905258, 12.3360948563], [30.8231925964, -55.5932006836, 39.665271759, 32.1301994324, 9.33647060394, 15.1823749542, 1.69878101349, -14.4157524109, 25.8542461395, 78.8156204224, 32.8360366821, 0.454489290714, -0.0748728662729], [5.02006101608, -0.753840744495, -1.42268884182, 26.6181144714, 12.1359395981, 7.98449516296, 17.8582458496, -1.73353123665, -8.34479808807, 32.8360366821, 68.8615036011, 33.8137817383, -1.11764621735], [91.0346374512, -19.761926651, -36.9143486023, -2.85527896881, 21.2393321991, 11.1892356873, 12.1292057037, 13.3982830048, -10.2668905258, 0.454489290714, 33.8137817383, 69.9736404419, 31.7587814331], [82.5790786743, -29.1968708038, 7.96177816391, -11.1660747528, 8.2993888855, 11.1409139633, -2.55195689201, 9.71769142151, 12.3360948563, -0.0748728662729, -1.11764621735, 31.7587814331, 61.3549919128]]
        icov: [[0.00082886434393, 0.000647983804811, 0.000728706654627, -0.000129794381792, 0.00101124215871, -0.00182763393968, 0.00126656377688, -9.27785076783e-05, -0.00072158977855, 0.000337177538313, -0.000215521969949, -0.000653478084132, -0.000183140480658], [0.000647983804811, 0.00284737348557, 0.000835627201013, 0.000959248223808, -0.00199761427939, -0.000271809054539, 0.00105111952871, -0.000942522834521, -0.000653221621178, 0.00229517370462, -0.00253517669626, 0.0021982404869, 1.16431601782e-05], [0.000728706654627, 0.000835627201013, 0.00549095729366, -0.00430067349225, 0.00237870938145, -0.00281671318226, -0.00130330608226, 0.00186550489161, -0.00449244119227, 0.00156260968652, -0.000432555621956, 0.00229352270253, -0.00252823531628], [-0.000129794381792, 0.000959248223808, -0.00430067349225, 0.0109090358019, -0.00533754890785, 0.00248263916001, -0.000862200860865, -0.00182330422103, 0.00456491485238, -0.00220733741298, -0.00242819497362, 0.00124756607693, 0.00208819960244], [0.00101124215871, -0.00199761427939, 0.00237870938145, -0.00533754890785, 0.015817893669, -0.0102886119857, 0.00500585976988, -0.00249210046604, -0.0030096557457, -0.00124407373369, 0.00236829183996, -0.00624918797985, 0.000621235405561], [-0.00182763393968, -0.000271809054539, -0.00281671318226, 0.00248263916001, -0.0102886119857, 0.0271819420159, -0.0161121394485, 0.00733693130314, -0.00109937053639, -0.00214271363802, 0.00263407710008, 0.000720091105904, -0.00233470858075], [0.00126656377688, 0.00105111952871, -0.00130330608226, -0.000862200860865, 0.00500585976988, -0.0161121394485, 0.0256125032902, -0.0164508428425, 0.00790694262832, -0.00062732846709, -0.00421551801264, -0.000645445426926, 0.00339387054555], [-9.27785076783e-05, -0.000942522834521, 0.00186550489161, -0.00182330422103, -0.00249210046604, 0.00733693130314, -0.0164508428425, 0.0296172294766, -0.0157333929092, 0.00814475957304, 0.0020997049287, -0.0052373893559, -0.00134530069772], [-0.00072158977855, -0.000653221621178, -0.00449244119227, 0.00456491485238, -0.0030096557457, -0.00109937053639, 0.00790694262832, -0.0157333929092, 0.0319488309324, -0.0145947821438, 0.0043672984466, 0.00570461340249, -0.00381312239915], [0.000337177538313, 0.00229517370462, 0.00156260968652, -0.00220733741298, -0.00124407373369, -0.00214271363802, -0.00062732846709, 0.00814475957304, -0.0145947821438, 0.0280658807606, -0.0167212486267, 0.00665263645351, -0.00150430749636], [-0.000215521969949, -0.00253517669626, -0.000432555621956, -0.00242819497362, 0.00236829183996, 0.00263407710008, -0.00421551801264, 0.0020997049287, 0.0043672984466, -0.0167212486267, 0.0350710339844, -0.0215283147991, 0.00827525183558], [-0.000653478084132, 0.0021982404869, 0.00229352270253, 0.00124756607693, -0.00624918797985, 0.000720091105904, -0.000645445426926, -0.0052373893559, 0.00570461340249, 0.00665263645351, -0.0215283147991, 0.0395791456103, -0.018645843491], [-0.000183140480658, 1.16431601782e-05, -0.00252823531628, 0.00208819960244, 0.000621235405561, -0.00233470858075, 0.00339387054555, -0.00134530069772, -0.00381312239915, -0.00150430749636, 0.00827525183558, -0.018645843491, 0.0285199843347]]
    spectral_contrast:
        mean: [-2.4720577585e-07, 3.1844118098e-07, 4.15990761837e-08, -1.37806637213e-07, 8.78978809737e-08, -1.92542316313e-07, -7.61373428304e-07, 3.56662042122e-08, 1.54475367253e-06, -2.07926382245e-06, 7.7134205867e-07, 2.4048817977e-06]
        var: [0.000276050792309, 0.000479784444906, 0.00131128670182, 0.00165133574046, 0.00253849383444, 0.00545444479212, 0.0424823574722, 0.0801491886377, 0.128220006824, 0.254373818636, 0.519552350044, 1.17913079262]

rhythm:
    beats_loudness:
        dmean: 0.00643870746717
        dmean2: 0.0128510277718
        dvar: 1.23398149299e-05
        dvar2: 3.92254332837e-05
        max: 0.017997244373
        mean: 0.00837293546647
        min: 0.00293893902563
        var: 1.62785654538e-05
    beats_loudness_bass:
        dmean: 0.259946614504
        dmean2: 0.479345858097
        dvar: 0.0237132236362
        dvar2: 0.0725146532059
        max: 0.604905843735
        mean: 0.229999259114
        min: 0.0244624521583
        var: 0.0320044010878
    bpm: 98.645362854
    bpm_confidence: 0
    first_peak_bpm: 99
    first_peak_spread: 0
    first_peak_weight: 0.9375
    onset_rate: 4.48608398438
    second_peak_bpm: 91
    second_peak_spread: 0
    second_peak_weight: 0.0625
    beats_position: [0.025323998183, 0.634075582027, 1.24282705784, 1.85157859325, 2.46033024788, 3.06908154488, 3.67783308029, 4.28658437729, 4.89533567429, 5.50408697128, 6.16663122177, 6.77425003052, 7.38186979294, 7.98948907852, 8.59710884094, 9.20472812653, 9.81234741211]
    bpm_estimates: [98.6726913452, 98.5720825195, 98.6147918701, 98.499382019, 98.964630127, 98.2577285767, 98.404510498, 98.3848342896, 98.6125869751, 98.6370849609, 98.5693359375, 98.9290161133, 98.6932067871, 99.0805435181, 98.7622299194, 98.6819534302, 98.5175857544, 98.9484329224, 98.5641098022, 98.5403442383]
    bpm_intervals: [0.60875159502, 0.608751475811, 0.608751535416, 0.608751654625, 0.608751296997, 0.608751535416, 0.608751296997, 0.608751296997, 0.608751296997, 0.662544250488, 0.607618808746, 0.607619762421, 0.607619285583, 0.607619762421, 0.607619285583, 0.607619285583]
    onset_times: [0.0348299331963, 0.197369620204, 0.325079351664, 0.626938760281, 0.940408170223, 1.17260766029, 1.27709746361, 1.54412698746, 1.8575963974, 2.17106580734, 2.46131515503, 2.64707493782, 2.76317453384, 3.03020405769, 3.06503391266, 3.3785033226, 3.69197273254, 3.99383211136, 4.21442174911, 4.29569149017, 4.59755086899, 4.88780021667, 5.10838985443, 5.23609972, 5.53795909882, 5.83981847763, 6.18811798096, 6.45514726639, 6.64090681076, 6.78022670746, 6.9543762207, 7.07047605515, 7.2330160141, 7.37233543396, 7.6858048439, 7.97605419159, 8.28952407837, 8.60299301147, 8.63782310486, 8.893242836, 9.2067117691, 9.52018165588, 9.70594120026, 9.81043052673, 10.0078001022]
    rubato_start: []
    rubato_stop: []
    perceptual_tempo: "unknown"

sfx:
    inharmonicity:
        dmean: 0.0421305969357
        dmean2: 0.0741937085986
        dvar: 0.00281846500002
        dvar2: 0.00781266950071
        max: 0.38713118434
        mean: 0.0398310720921
        min: 0.000218598695938
        var: 0.00253243604675
    oddtoevenharmonicenergyratio:
        dmean: 2.44014668465
        dmean2: 4.58033275604
        dvar: 70.9423904419
        dvar2: 202.700759888
        max: 107.348724365
        mean: 1.54009032249
        min: 0.000873240234796
        var: 40.6602020264
    pitch_after_max_to_before_max_energy_ratio: 44.7954864502
    pitch_centroid: 244.346679688
    pitch_max_to_total: 0.00231481483206
    pitch_min_to_total: 0.210648149252
    tristimulus:
        dmean: [0.222113624215, 0.234115064144, 0.130169734359]
        dmean2: [0.371696174145, 0.404870867729, 0.226522192359]
        dvar: [0.029362462461, 0.0379533953965, 0.0120924143121]
        dvar2: [0.0784174203873, 0.111710496247, 0.0344209708273]
        max: [0.919993877411, 0.971299111843, 0.689664244652]
        mean: [0.440865844488, 0.394636482, 0.134980276227]
        min: [0.0130750508979, 0, 0]
        var: [0.0536200553179, 0.0510153062642, 0.0155775649473]

tonal:
    chords_changes_rate: 0.142857149243
    chords_number_rate: 0.0414746552706
    chords_strength:
        dmean: 0.0129552800208
        dmean2: 0.0152259385213
        dvar: 0.000103259735624
        dvar2: 0.000133283872856
        max: 0.562653839588
        mean: 0.409486174583
        min: 0.231894060969
        var: 0.0055176531896
    key_strength: 0.431015908718
    tuning_diatonic_strength: 0.482873260975
    tuning_equal_tempered_deviation: 0.241640076041
    tuning_frequency: 439.745910645
    tuning_nontempered_energy_ratio: 0.896827459335
    hpcp:
        dmean: [0.183441519737, 0.158053994179, 0.146204948425, 0.14413779974, 0.129815518856, 0.121690951288, 0.137346103787, 0.175949186087, 0.243017747998, 0.262351721525, 0.200920462608, 0.156707316637, 0.160084307194, 0.230070620775, 0.254324346781, 0.239463105798, 0.189426973462, 0.209610551596, 0.16633901, 0.198903053999, 0.218292981386, 0.208847165108, 0.173586755991, 0.171497821808, 0.185216113925, 0.177662968636, 0.130737096071, 0.119713626802, 0.103519879282, 0.120032578707, 0.134822264314, 0.143740966916, 0.120675086975, 0.17381696403, 0.209523409605, 0.215868189931]
        dmean2: [0.330966472626, 0.276650458574, 0.25301477313, 0.249445721507, 0.220962047577, 0.201558858156, 0.237663730979, 0.310741633177, 0.411355763674, 0.456166595221, 0.33487406373, 0.26208665967, 0.278315246105, 0.405449151993, 0.426493942738, 0.418490320444, 0.32176437974, 0.373236149549, 0.29444283247, 0.342997610569, 0.378375172615, 0.385839909315, 0.315816909075, 0.288748264313, 0.315293043852, 0.315106987953, 0.230369776487, 0.203839406371, 0.179337322712, 0.201719731092, 0.230002090335, 0.250718295574, 0.20073106885, 0.305099666119, 0.361146867275, 0.374353736639]
        dvar: [0.0413003452122, 0.0378061011434, 0.0296976082027, 0.0280064623803, 0.0257096681744, 0.0266553554684, 0.0264550354332, 0.0325004532933, 0.0504299141467, 0.0627116113901, 0.0351366773248, 0.0286845639348, 0.0407306142151, 0.0567047260702, 0.0555169731379, 0.0649244636297, 0.0406546443701, 0.0637360662222, 0.042081259191, 0.0610961690545, 0.0676501914859, 0.0618917606771, 0.0437773279846, 0.0376497171819, 0.0487480126321, 0.0504943914711, 0.0252130609006, 0.0293056219816, 0.016528936103, 0.0184841044247, 0.0234774872661, 0.0368062071502, 0.0245075151324, 0.0411125868559, 0.0477085523307, 0.0474364981055]
        dvar2: [0.101065613329, 0.101318970323, 0.079401165247, 0.0667225271463, 0.0569478087127, 0.0617148280144, 0.0700139850378, 0.0856335833669, 0.130433604121, 0.151704207063, 0.094093427062, 0.0746559053659, 0.105081126094, 0.148219391704, 0.130059421062, 0.162309631705, 0.106820449233, 0.176894560456, 0.113785021007, 0.157763674855, 0.166245773435, 0.148718878627, 0.118589967489, 0.106176175177, 0.120050810277, 0.155531510711, 0.0688793435693, 0.0745741501451, 0.0429355837405, 0.0509005784988, 0.0646589696407, 0.105175569654, 0.057325527072, 0.111859187484, 0.122443251312, 0.117183350027]
        max: [1, 1, 1, 0.89082723856, 1, 1, 1, 1, 1, 1, 1, 0.925161957741, 1, 1, 1, 1, 1, 1, 1, 1, 1, 1, 1, 1, 1, 1, 1, 1, 0.741790771484, 0.840076684952, 0.887333989143, 1, 1, 1, 1, 1]
        mean: [0.208373084664, 0.170829474926, 0.163726806641, 0.152620300651, 0.13732740283, 0.132630586624, 0.148272424936, 0.204402863979, 0.365669041872, 0.439652144909, 0.331970781088, 0.21109841764, 0.17694221437, 0.246568650007, 0.362024694681, 0.388681381941, 0.286783725023, 0.193022623658, 0.163759514689, 0.208306357265, 0.243520081043, 0.205762729049, 0.168920099735, 0.189849048853, 0.202760338783, 0.167245432734, 0.150856003165, 0.138241782784, 0.121566869318, 0.140457585454, 0.163625746965, 0.164267107844, 0.148072659969, 0.184030056, 0.277989268303, 0.284494161606]
        min: [0.00837873574346, 0.00437791226432, 0.00477873440832, 0.00424616038799, 0.00393970729783, 0.0056735035032, 0.0071562314406, 0.00677412189543, 0.00585368741304, 0.0069008236751, 0.00730772642419, 0.00587848108262, 0.00318782194518, 0.00572124263272, 0.00577447284013, 0.00529172178358, 0.00457449443638, 0.00388470641337, 0.00170022563543, 0.00485883932561, 0.00407094787806, 0.00212064571679, 0.00190302438568, 0.00311813643202, 0.00581236276776, 0.00394463492557, 0.00428564706817, 0.00597366131842, 0.00639652693644, 0.00409066770226, 0.0052505438216, 0.00485718622804, 0.00477179512382, 0.00820027571172, 0.00599882146344, 0.00769787142053]
        var: [0.0418306589127, 0.0372405909002, 0.0322885327041, 0.0318072214723, 0.0290293060243, 0.0265920460224, 0.0262896083295, 0.0372502245009, 0.0873277261853, 0.122078150511, 0.0732060074806, 0.0397693142295, 0.0400197207928, 0.0654349848628, 0.100489988923, 0.12919870019, 0.0754705369473, 0.0567609034479, 0.0408727452159, 0.061689466238, 0.0758653432131, 0.059522267431, 0.0388189777732, 0.0441146679223, 0.0569657944143, 0.0434564389288, 0.0331672281027, 0.0325113721192, 0.0165101625025, 0.0189431849867, 0.0258247107267, 0.036972116679, 0.0306582562625, 0.0392481461167, 0.0664809048176, 0.0642006099224]
    chords_histogram: [17.5115203857, 33.6405525208, 0.921658992767, 0, 0.460829496384, 8.29493045807, 0.460829496384, 0, 0, 8.29493045807, 2.30414748192, 10.1382484436, 0, 0, 0, 0, 0, 11.0599079132, 4.14746522903, 0, 0, 0, 0, 2.7649769783]
    thpcp: [1, 0.755075991154, 0.480148732662, 0.402459561825, 0.560826659203, 0.823434412479, 0.884065687656, 0.652296900749, 0.439034879208, 0.37247517705, 0.473798125982, 0.553892612457, 0.468012571335, 0.384213060141, 0.431816488504, 0.461183547974, 0.380403995514, 0.34312582016, 0.314434468746, 0.27650693059, 0.319474369287, 0.37217092514, 0.373629719019, 0.336795032024, 0.418581038713, 0.632293641567, 0.647089242935, 0.473949879408, 0.388556003571, 0.372400790453, 0.347138762474, 0.312354683876, 0.301671653986, 0.337249398232, 0.464919507504, 0.831723570824]
    chords_key: "A"
    chords_scale: "minor"
    key_key: "F"
    key_scale: "major"
    chords_progression: ["Dm", "G", "Dm", "Dm", "Dm", "Dm", "Dm", "D", "Bm", "Bm", "Bm", "Bm", "Bm", "Bm", "Bm", "Bm", "Bm", "Bm", "Bm", "Bm", "F", "F", "F", "F", "F", "Am", "Am", "F", "F", "F", "F", "F", "F", "F", "F", "F", "Am", "Am", "Am", "Am", "Am", "F", "F", "Am", "Am", "Am", "Am", "Am", "Am", "Am", "Am", "Am", "Am", "Am", "Am", "Am", "Am", "Am", "Am", "Am", "Am", "Am", "Am", "Am", "Am", "Am", "Am", "Am", "Am", "Am", "Am", "Am", "Am", "Am", "Am", "Am", "Am", "Am", "Am", "Am", "Am", "Am", "Am", "Am", "Am", "Am", "Am", "Am", "F", "F", "F", "F", "F", "F", "F", "F", "Am", "F", "Fm", "Fm", "Fm", "Fm", "E", "E", "E", "E", "E", "C#m", "C#m", "C#m", "C#m", "C#m", "C#m", "C#m", "C#m", "C#m", "C#m", "C#m", "C#m", "C#m", "C#m", "C#m", "C#m", "C#m", "C#m", "Bm", "Bm", "Bm", "Bm", "Bm", "Bm", "F", "F", "F", "F", "F", "F", "F", "F", "F", "F", "Fm", "Fm", "Fm", "Fm", "Fm", "Fm", "Fm", "Fm", "Fm", "Fm", "Fm", "G#", "G#", "G#", "G#", "Fm", "Am", "G#", "G#", "G#", "F", "F", "G#", "G#", "F", "G#m", "G#m", "G#m", "G#m", "G#m", "G#m", "G#m", "G#m", "G#m", "G#m", "G#m", "G#m", "G#m", "G#m", "G#m", "G#m", "G#m", "G#m", "G#m", "G#m", "G#m", "G#m", "Am", "Am", "Am", "Am", "C", "C", "Am", "Am", "Am", "Am", "Am", "Am", "Am", "Am", "Am", "Am", "Am", "Am", "Am", "Am", "Am", "Fm", "Fm", "Fm", "Fm", "Fm", "Fm", "Fm", "Fm"]
