
metadata:
    version:
        essentia: "1.2.2"
    audio_properties:
        analysis_sample_rate: 44100
        bitrate: 128
        channels: 2
        equal_loudness: 1
        length: 10.0048980713
        replay_gain: -10.1765270233
        downmix: "mix"
    tags:
        track: 5
        year: 0
        album: "Splitted by Mp3Splt v. 2.1"
        artist: "From 000.40 To 000.50"
        comment: "http://mp3splt.sf.net"
        genre: ""
        title: "03 In a Station.mp3"

highlevel:
    ballroom:
        all:
            ChaChaCha: 0.0334841497242
            Jive: 0.0327918753028
            Quickstep: 0.130030199885
            Rumba-American: 0.00774449203163
            Rumba-International: 0.0327611081302
            Rumba-Misc: 0.0133716790006
            Samba: 0.0313686616719
            Tango: 0.499594300985
            VienneseWaltz: 0.174534603953
            Waltz: 0.0443189367652
        probability: 0.499594300985
        value: "Tango"
    culture:
        all:
            non_western: 0.0032492952887
            western: 0.996750712395
        probability: 0.996750712395
        value: "western"
    gender:
        all:
            female: 0.0388929657638
            male: 0.96110701561
        probability: 0.96110701561
        value: "male"
    genre_dortmund:
        all:
            alternative: 0.0222683250904
            blues: 0.466924250126
            electronic: 0.00702686933801
            folkcountry: 0.0845097079873
            funksoulrnb: 0.0517143905163
            jazz: 0.200178742409
            pop: 0.0461513623595
            raphiphop: 0.00833948329091
            rock: 0.112886860967
        probability: 0.466924250126
        value: "blues"
    genre_electronica:
        all:
            ambient: 0.619818747044
            dnb: 0.153903290629
            house: 0.120466992259
            techno: 0.0203493013978
            trance: 0.0854616686702
        probability: 0.619818747044
        value: "ambient"
    genre_rosamerica:
        all:
            cla: 0.185977563262
            dan: 0.0169197041541
            hip: 0.0316730514169
            jaz: 0.0569412000477
            pop: 0.487257242203
            rhy: 0.128618732095
            roc: 0.0844710767269
            spe: 0.00814142730087
        probability: 0.487257242203
        value: "pop"
    genre_tzanetakis:
        all:
            blu: 0.0296710971743
            cla: 0.0229761041701
            cou: 0.372805565596
            dis: 0.0659958124161
            hip: 0.00580796832219
            jaz: 0.0181580409408
            met: 0.00892697833478
            pop: 0.13045231998
            reg: 0.110578395426
            roc: 0.234627738595
        probability: 0.372805565596
        value: "cou"
    live_studio:
        all:
            live: 0.0571947097778
            studio: 0.942805290222
        probability: 0.942805290222
        value: "studio"
    mood:
        all:
            Cluster1: 0.0845709294081
            Cluster2: 0.186842277646
            Cluster3: 0.359293729067
            Cluster4: 0.253611564636
            Cluster5: 0.115681499243
        probability: 0.359293729067
        value: "Cluster3"
    mood_acoustic:
        all:
            acoustic: 0.223535075784
            not_acoustic: 0.776464939117
        probability: 0.776464939117
        value: "not_acoustic"
    mood_aggressive:
        all:
            aggressive: 0.122396960855
            not_aggressive: 0.877603054047
        probability: 0.877603054047
        value: "not_aggressive"
    mood_electronic:
        all:
            electronic: 0.219251230359
            not_electronic: 0.780748784542
        probability: 0.780748784542
        value: "not_electronic"
    mood_happy:
        all:
            happy: 0.676903605461
            not_happy: 0.323096394539
        probability: 0.676903605461
        value: "happy"
    mood_party:
        all:
            not_party: 0.820378780365
            party: 0.179621234536
        probability: 0.820378780365
        value: "not_party"
    mood_relaxed:
        all:
            not_relaxed: 0.259623497725
            relaxed: 0.740376472473
        probability: 0.740376472473
        value: "relaxed"
    mood_sad:
        all:
            not_sad: 0.229561015964
            sad: 0.770438969135
        probability: 0.770438969135
        value: "sad"
    rhythm:
        all:
            fast: 0.280217975378
            medium: 0.467339903116
            slow: 0.252442121506
        probability: 0.467339903116
        value: "medium"
    speech_music:
        all:
            music: 0.848003327847
            speech: 0.151996642351
        probability: 0.848003327847
        value: "music"
    timbre:
        all:
            bright: 0.999998867512
            dark: 1.14816941732e-06
        probability: 0.999998867512
        value: "bright"
    voice_instrumental:
        all:
            instrumental: 0.53744405508
            voice: 0.462555974722
        probability: 0.53744405508
        value: "instrumental"

lowlevel:
    average_loudness: 0.896172463894
    barkbands_kurtosis:
        dmean: 1.25507307053
        dmean2: 1.98872363567
        dvar: 4.41333675385
        dvar2: 10.702835083
        max: 21.1393508911
        mean: 0.742080628872
        min: -1.81749939919
        var: 13.9871320724
    barkbands_skewness:
        dmean: 0.464789807796
        dmean2: 0.716989815235
        dvar: 0.190282315016
        dvar2: 0.474259465933
        max: 4.34572839737
        mean: 0.534211397171
        min: -2.19931817055
        var: 1.55209553242
    barkbands_spread:
        dmean: 4.55431509018
        dmean2: 7.24285888672
        dvar: 20.3269958496
        dvar2: 50.0132789612
        max: 45.1289596558
        mean: 26.0210094452
        min: 1.74118328094
        var: 81.4400634766
    dissonance:
        dmean: 0.0173002667725
        dmean2: 0.0281897932291
        dvar: 0.000383598468034
        dvar2: 0.000795490748715
        max: 0.497917681932
        mean: 0.458422929049
        min: 0.228502005339
        var: 0.000982160447165
    hfc:
        dmean: 1.54786622524
        dmean2: 2.31636834145
        dvar: 4.05835485458
        dvar2: 8.94603729248
        max: 21.6698455811
        mean: 5.38556241989
        min: 0.0161103699356
        var: 21.5123119354
    pitch:
        dmean: 313.308135986
        dmean2: 587.125061035
        dvar: 548407.4375
        dvar2: 1515037.125
        max: 4009.09082031
        mean: 521.664001465
        min: 65.1403274536
        var: 607637.25
    pitch_instantaneous_confidence:
        dmean: 0.0897667855024
        dmean2: 0.143751129508
        dvar: 0.00629008142278
        dvar2: 0.0161179285496
        max: 0.880897581577
        mean: 0.515733420849
        min: 0.167888760567
        var: 0.0260341055691
    pitch_salience:
        dmean: 0.0624115653336
        dmean2: 0.100387759507
        dvar: 0.00304824463092
        dvar2: 0.00796787254512
        max: 0.826357722282
        mean: 0.552414655685
        min: 0.263776749372
        var: 0.00866879895329
    silence_rate_20dB:
        dmean: 0
        dmean2: 0
        dvar: 0
        dvar2: 0
        max: 1
        mean: 1
        min: 1
        var: 0
    silence_rate_30dB:
        dmean: 0
        dmean2: 0
        dvar: 0
        dvar2: 0
        max: 1
        mean: 1
        min: 1
        var: 0
    silence_rate_60dB:
        dmean: 0.0835266858339
        dmean2: 0.165116280317
        dvar: 0.0765502378345
        dvar2: 0.156457290053
        max: 1
        mean: 0.474537044764
        min: 0
        var: 0.249351844192
    spectral_centroid:
        dmean: 220.698150635
        dmean2: 343.199188232
        dvar: 47091.0664062
        dvar2: 120812.03125
        max: 2841.64379883
        mean: 1298.87976074
        min: 231.80128479
        var: 338497.34375
    spectral_complexity:
        dmean: 2.05813956261
        dmean2: 3.18881130219
        dvar: 4.4128985405
        dvar2: 8.376953125
        max: 29
        mean: 10.2111368179
        min: 0
        var: 38.2269020081
    spectral_crest:
        dmean: 2.54196333885
        dmean2: 4.13403558731
        dvar: 5.18802165985
        dvar2: 13.5806646347
        max: 22.2581634521
        mean: 8.97392845154
        min: 2.79219913483
        var: 12.2190876007
    spectral_decrease:
        dmean: 2.25092888773e-10
        dmean2: 3.45793033096e-10
        dvar: 7.46004661529e-20
        dvar2: 1.53674635251e-19
        max: -2.9596676672e-12
        mean: -9.32979471457e-10
        min: -3.12457704155e-09
        var: 5.05637879167e-19
    spectral_energy:
        dmean: 0.00096141413087
        dmean2: 0.00145802355837
        dvar: 1.34083529701e-06
        dvar2: 2.7512021461e-06
        max: 0.0135631142184
        mean: 0.00400976510718
        min: 1.26316790556e-05
        var: 9.34016952669e-06
    spectral_energyband_high:
        dmean: 5.99196209805e-05
        dmean2: 0.000100011799077
        dvar: 1.18913749958e-08
        dvar2: 3.17356914081e-08
        max: 0.00112386699766
        mean: 0.000116894319945
        min: 7.19033437235e-07
        var: 2.09662545103e-08
    spectral_energyband_low:
        dmean: 5.96866884734e-05
        dmean2: 9.01439925656e-05
        dvar: 1.59723754223e-08
        dvar2: 3.89826233516e-08
        max: 0.00138731044717
        mean: 0.000139170791954
        min: 3.72438080376e-07
        var: 3.00165261535e-08
    spectral_energyband_middle_high:
        dmean: 0.000553579826374
        dmean2: 0.000824131770059
        dvar: 5.26515748334e-07
        dvar2: 1.12758868909e-06
        max: 0.0076585393399
        mean: 0.00172538461629
        min: 3.74498517886e-06
        var: 2.57937540482e-06
    spectral_energyband_middle_low:
        dmean: 0.000679340912029
        dmean2: 0.00109446293209
        dvar: 6.63713876747e-07
        dvar2: 1.64857817708e-06
        max: 0.00701378937811
        mean: 0.00202828622423
        min: 7.52289997763e-06
        var: 3.11818462251e-06
    spectral_flatness_db:
        dmean: 0.016758594662
        dmean2: 0.0262856632471
        dvar: 0.000253287202213
        dvar2: 0.000536043487955
        max: 0.334936141968
        mean: 0.191678851843
        min: 0.119660139084
        var: 0.000847660354339
    spectral_flux:
        dmean: 0.00626622745767
        dmean2: 0.00937503296882
        dvar: 5.98330916546e-05
        dvar2: 0.000122313198517
        max: 0.0833007097244
        mean: 0.031500428915
        min: 0.00316124572419
        var: 0.000271449709544
    spectral_kurtosis:
        dmean: 1.97682702541
        dmean2: 3.3490023613
        dvar: 3.16349816322
        dvar2: 8.99689292908
        max: 17.844379425
        mean: 4.82705831528
        min: 0.954348087311
        var: 7.30872249603
    spectral_rms:
        dmean: 0.000233366430621
        dmean2: 0.000344793952536
        dvar: 7.40389580756e-08
        dvar2: 1.33814523906e-07
        max: 0.00363762374036
        mean: 0.00180817162618
        min: 0.000111011664558
        var: 6.42479051294e-07
    spectral_rolloff:
        dmean: 387.346984863
        dmean2: 657.690979004
        dvar: 259033.34375
        dvar2: 589838.3125
        max: 4220.5078125
        mean: 2325.83740234
        min: 258.3984375
        var: 1013384.6875
    spectral_skewness:
        dmean: 0.236955523491
        dmean2: 0.386893242598
        dvar: 0.0462624467909
        dvar2: 0.130619391799
        max: 3.55630922318
        mean: 1.5216397047
        min: 0.525250852108
        var: 0.191629424691
    spectral_spread:
        dmean: 329785.5
        dmean2: 497618.09375
        dvar: 715057790976
        dvar2: 797924851712
        max: 19886718
        mean: 3553278.5
        min: 2096455.25
        var: 1.07884458803e+12
    spectral_strongpeak:
        dmean: 0.585152566433
        dmean2: 0.958498179913
        dvar: 0.641497671604
        dvar2: 1.49301540852
        max: 6.3907790184
        mean: 1.03696525097
        min: 0.00179158058017
        var: 1.52042281628
    zerocrossingrate:
        dmean: 0.00710846669972
        dmean2: 0.00872077140957
        dvar: 3.38532336173e-05
        dvar2: 5.15393257956e-05
        max: 0.134765625
        mean: 0.0763882622123
        min: 0.01318359375
        var: 0.000661799276713
    barkbands:
        dmean: [1.43177828704e-07, 1.36062544698e-05, 5.70328484173e-05, 9.52955451794e-05, 0.00039290235145, 0.000252711266512, 0.000196598120965, 0.00015649580746, 0.000101367557363, 5.10816280439e-05, 6.32550800219e-05, 3.41627201124e-05, 4.55133958894e-05, 4.68988364446e-05, 2.26416468649e-05, 0.000103345715615, 0.000293973804219, 0.000128919564304, 0.000121003562526, 9.86198283499e-05, 3.80800120183e-05, 5.62450441066e-06, 1.22958090287e-06, 2.833102144e-07, 5.98344627178e-08, 3.11883874282e-09, 2.47955656008e-09]
        dmean2: [1.816082289e-07, 1.9013425117e-05, 8.75750993146e-05, 0.000146508900798, 0.000644704443403, 0.000418954994529, 0.000307993235765, 0.000259207590716, 0.000167923790286, 6.66779887979e-05, 9.33312840061e-05, 4.8061941925e-05, 6.59449651721e-05, 7.49855244067e-05, 3.6389035813e-05, 0.000169484716025, 0.000450318184448, 0.000212906918023, 0.000192789171706, 0.000165766294231, 6.56479605823e-05, 8.92110983841e-06, 1.93469304577e-06, 4.44814872935e-07, 8.90125235742e-08, 3.68100439019e-09, 2.60924815088e-09]
        dvar: [1.43376369804e-12, 6.10320571859e-10, 1.52266039777e-08, 4.28011404097e-08, 2.95378868032e-07, 1.45480655078e-07, 1.16827223451e-07, 8.63671516527e-08, 5.92342530581e-08, 2.72297917547e-08, 3.37592815924e-08, 6.52243681287e-09, 1.6248037582e-08, 1.91511109193e-08, 2.59006882608e-09, 8.21960952635e-08, 2.42254714067e-07, 4.35966924783e-08, 3.6922866542e-08, 2.41927136102e-08, 6.48724851615e-09, 8.09046579731e-11, 4.95869578038e-12, 2.31796840836e-13, 1.42391879673e-14, 2.04326200328e-15, 2.3275885173e-15]
        dvar2: [1.45971895595e-12, 1.10145681465e-09, 4.00538802126e-08, 1.0758091662e-07, 8.45688646223e-07, 4.17708918121e-07, 2.67288584155e-07, 2.51563449183e-07, 1.56712090416e-07, 4.62133193935e-08, 6.89323300662e-08, 1.34261535223e-08, 3.6097315359e-08, 3.93242416408e-08, 6.52403819856e-09, 2.20438963083e-07, 5.46552485048e-07, 1.12592118739e-07, 9.41672979593e-08, 6.18819271381e-08, 1.80604313726e-08, 1.67275207574e-10, 1.17289025714e-11, 5.41719934969e-13, 3.27697599416e-14, 2.04496115137e-15, 2.32716627137e-15]
        max: [2.45895425905e-05, 0.000263994850684, 0.00135438120924, 0.0024505269248, 0.00423418544233, 0.00323508447036, 0.00401018885896, 0.0022035446018, 0.00350785744376, 0.00366324465722, 0.00373622914776, 0.0011561390711, 0.00177791516762, 0.00204980000854, 0.000673593604006, 0.00394595135003, 0.00430806167424, 0.00177583482582, 0.00190927146468, 0.00166292348877, 0.00101164972875, 9.44656640058e-05, 2.48050801019e-05, 4.36312893726e-06, 1.30818125399e-06, 9.40043491937e-07, 1.00299769201e-06]
        mean: [3.18160061852e-07, 3.52459210262e-05, 0.000103638078144, 0.000173922147951, 0.000644395709969, 0.000400347489631, 0.000371127825929, 0.000227634373005, 0.000188389938558, 0.000108290885692, 0.000112219626317, 6.73549875501e-05, 6.66916457703e-05, 7.67026504036e-05, 3.53664909198e-05, 0.000178845701157, 0.000544870854355, 0.000229870274779, 0.000216311935219, 0.000153902117745, 5.87865906709e-05, 1.21502907859e-05, 2.74598505712e-06, 5.17149146617e-07, 1.14290969577e-07, 4.09133749102e-09, 2.44715447906e-09]
        min: [7.40282314615e-12, 5.00568972939e-08, 3.42450015012e-08, 3.87328185525e-07, 1.94071094484e-06, 2.97933775073e-06, 2.41203224505e-07, 3.64132404229e-07, 7.32702076789e-08, 1.48373615616e-07, 3.7286461918e-08, 3.77745088542e-08, 2.26477894216e-08, 1.93254106051e-08, 3.40044010727e-08, 4.13178895542e-07, 5.25942823515e-07, 1.96756758442e-07, 4.30661629025e-07, 3.1128800515e-07, 3.96161539129e-07, 6.01293876912e-08, 1.68164646652e-08, 4.12566825148e-09, 2.32206498474e-09, 1.02894609499e-10, 1.29555722162e-13]
        var: [1.67348014786e-12, 1.98132399376e-09, 2.20252118766e-08, 9.71053708554e-08, 5.47913941773e-07, 2.55886760669e-07, 3.4390737369e-07, 1.31681986204e-07, 1.65764646454e-07, 8.85003785811e-08, 1.08071425586e-07, 2.00776941739e-08, 2.79877490073e-08, 3.84686664745e-08, 4.88117590791e-09, 1.34427054377e-07, 5.12697170052e-07, 8.79027837186e-08, 7.74601929265e-08, 4.57585613844e-08, 6.82003609143e-09, 2.43443737391e-10, 1.08698510262e-11, 3.80125266116e-13, 2.54455304212e-14, 2.04425006721e-15, 2.32818800487e-15]
    mfcc:
        mean: [-759.819152832, 135.074142456, -50.5176696777, 66.0070571899, -18.19115448, -13.3720808029, -17.8167743683, -1.54583835602, -8.89816951752, -13.1136751175, -12.3159294128, 3.2492287159, -1.96071124077]
        cov: [[4838.40966797, -365.828155518, -682.55480957, -81.8740005493, -344.943847656, -92.67993927, -74.4585418701, 118.781448364, -112.80645752, 98.0225296021, 117.653335571, -65.2579040527, 87.390663147], [-365.828155518, 521.746337891, 82.0180969238, -135.099243164, -75.6933517456, 32.8919029236, 73.7209014893, 47.1685142517, -1.50132405758, -40.4831542969, 46.2434043884, -7.61676740646, 17.4657211304], [-682.55480957, 82.0180969238, 493.928985596, -33.3481826782, 85.8286209106, 57.2482528687, 113.06993103, -77.7498168945, 24.0015621185, 12.6907100677, 42.8953399658, -19.9043216705, -39.2271156311], [-81.8740005493, -135.099243164, -33.3481826782, 326.666503906, 156.983688354, -10.9122877121, -39.6828956604, 61.4139823914, 47.5899238586, -8.09764003754, -106.301582336, 35.1801567078, 31.278049469], [-344.943847656, -75.6933517456, 85.8286209106, 156.983688354, 255.580047607, 51.289276123, 32.1860656738, 14.3165016174, 60.3202362061, -0.102614045143, -60.9897155762, 34.8005142212, -5.03011751175], [-92.67993927, 32.8919029236, 57.2482528687, -10.9122877121, 51.289276123, 147.073638916, 69.689704895, 4.94017457962, 9.29307842255, 10.1815223694, 33.0795478821, 37.99269104, -7.19944429398], [-74.4585418701, 73.7209014893, 113.06993103, -39.6828956604, 32.1860656738, 69.689704895, 163.150558472, 51.5317001343, 32.8815422058, -1.07034754753, 10.3134250641, 17.8066425323, 10.5412797928], [118.781448364, 47.1685142517, -77.7498168945, 61.4139823914, 14.3165016174, 4.94017457962, 51.5317001343, 210.628982544, 57.3250236511, -22.0120429993, -42.5127983093, 36.828338623, 51.7011566162], [-112.80645752, -1.50132405758, 24.0015621185, 47.5899238586, 60.3202362061, 9.29307842255, 32.8815422058, 57.3250236511, 101.825653076, 23.4766235352, -26.3692378998, 10.9396505356, 20.3858108521], [98.0225296021, -40.4831542969, 12.6907100677, -8.09764003754, -0.102614045143, 10.1815223694, -1.07034754753, -22.0120429993, 23.4766235352, 97.4488449097, 48.5698204041, -11.7865905762, -21.5160751343], [117.653335571, 46.2434043884, 42.8953399658, -106.301582336, -60.9897155762, 33.0795478821, 10.3134250641, -42.5127983093, -26.3692378998, 48.5698204041, 137.64855957, -3.47052311897, -27.3946380615], [-65.2579040527, -7.61676740646, -19.9043216705, 35.1801567078, 34.8005142212, 37.99269104, 17.8066425323, 36.828338623, 10.9396505356, -11.7865905762, -3.47052311897, 101.626670837, 30.2361564636], [87.390663147, 17.4657211304, -39.2271156311, 31.278049469, -5.03011751175, -7.19944429398, 10.5412797928, 51.7011566162, 20.3858108521, -21.5160751343, -27.3946380615, 30.2361564636, 85.0941009521]]
        icov: [[0.000346505286871, 0.000297771475744, 0.00044150755275, -7.99520785222e-05, 0.000239644214162, 2.54634796875e-05, -0.000373279355699, -0.000189372018212, 0.00039730174467, -0.000264387228526, -0.000438857183326, 0.000453054701211, -0.000470735452836], [0.000297771475744, 0.00283815478906, -7.26210782886e-05, 0.00068840716267, 0.000659960729536, -0.000420193129685, -0.000522321090102, -0.000953228678554, -8.91504605534e-05, 0.00127208640333, -0.00113153934944, 0.000895936682355, -0.000867160211783], [0.00044150755275, -7.26210782886e-05, 0.00390051747672, -0.000544967944734, -0.000687921827193, 0.000524736999068, -0.00315190292895, 0.00175613514148, -0.000545227434486, 0.00051628286019, -0.00187481672037, 0.00120589812286, 0.00011618105782], [-7.99520785222e-05, 0.00068840716267, -0.000544967944734, 0.00677566137165, -0.00338519387878, -0.000148482169607, 0.00283228885382, -0.00194899889175, 0.000705657468643, -0.00165483355522, 0.00338057684712, -0.000760420633014, -0.00140926183667], [0.000239644214162, 0.000659960729536, -0.000687921827193, -0.00338519387878, 0.00859852693975, -0.00226337090135, -0.001060119248, 0.00111074442975, -0.00322908977978, 0.000693878158927, 0.00149102462456, -0.00124751986004, 0.00219117384404], [2.54634796875e-05, -0.000420193129685, 0.000524736999068, -0.000148482169607, -0.00226337090135, 0.0110812783241, -0.00440077809617, 0.000767790246755, 0.000664348655846, -0.000143153476529, -0.00290831900202, -0.00330446078442, 0.00128150510136], [-0.000373279355699, -0.000522321090102, -0.00315190292895, 0.00283228885382, -0.001060119248, -0.00440077809617, 0.0125094121322, -0.0035924219992, -0.00122426799498, -0.000290234689601, 0.00189434562344, -0.000341369392117, -0.000854390789755], [-0.000189372018212, -0.000953228678554, 0.00175613514148, -0.00194899889175, 0.00111074442975, 0.000767790246755, -0.0035924219992, 0.00896902941167, -0.00448281737044, 0.00202576513402, -2.04585239771e-06, -0.00149499170948, -0.000840943306684], [0.00039730174467, -8.91504605534e-05, -0.000545227434486, 0.000705657468643, -0.00322908977978, 0.000664348655846, -0.00122426799498, -0.00448281737044, 0.0181700121611, -0.00807202607393, 0.00309934094548, 0.00096783193294, -0.00389988464303], [-0.000264387228526, 0.00127208640333, 0.00051628286019, -0.00165483355522, 0.000693878158927, -0.000143153476529, -0.000290234689601, 0.00202576513402, -0.00807202607393, 0.0180828999728, -0.00792048033327, 0.00150156393647, 0.00311339600012], [-0.000438857183326, -0.00113153934944, -0.00187481672037, 0.00338057684712, 0.00149102462456, -0.00290831900202, 0.00189434562344, -2.04585239771e-06, 0.00309934094548, -0.00792048033327, 0.0160722211003, -0.0028453390114, 0.00162475311663], [0.000453054701211, 0.000895936682355, 0.00120589812286, -0.000760420633014, -0.00124751986004, -0.00330446078442, -0.000341369392117, -0.00149499170948, 0.00096783193294, 0.00150156393647, -0.0028453390114, 0.0144582930952, -0.00512208556756], [-0.000470735452836, -0.000867160211783, 0.00011618105782, -0.00140926183667, 0.00219117384404, 0.00128150510136, -0.000854390789755, -0.000840943306684, -0.00389988464303, 0.00311339600012, 0.00162475311663, -0.00512208556756, 0.0179039910436]]
    spectral_contrast:
        mean: [3.1411715895e-07, 8.16970882056e-08, 3.19700774298e-07, 4.84650740873e-07, -2.54668094612e-07, 5.85674399645e-07, -1.8161265416e-06, -4.3302566155e-06, -7.13596193691e-07, -7.19722629583e-06, -2.19098933485e-06, -1.0327784139e-06]
        var: [0.000525482289959, 0.00151758664288, 0.0018963329494, 0.0026149856858, 0.0042346380651, 0.00678342115134, 0.0728423297405, 0.111531868577, 0.151050552726, 0.266084522009, 0.524644076824, 2.46539831161]

rhythm:
    beats_loudness:
        dmean: 0.00301137077622
        dmean2: 0.00534471357241
        dvar: 4.57694932265e-06
        dvar2: 1.37278848342e-05
        max: 0.0108591476455
        mean: 0.00520220631734
        min: 0.000440857373178
        var: 8.42384451971e-06
    beats_loudness_bass:
        dmean: 0.0695724636316
        dmean2: 0.114193663001
        dvar: 0.0038706548512
        dvar2: 0.00913025904447
        max: 0.34459015727
        mean: 0.0993724316359
        min: 0.00136424414814
        var: 0.0105574345216
    bpm: 135.975234985
    bpm_confidence: 0
    first_peak_bpm: 136
    first_peak_spread: 0
    first_peak_weight: 0.950000047684
    onset_rate: 2.49877595901
    second_peak_bpm: 97
    second_peak_spread: 0
    second_peak_weight: 0.0500000007451
    beats_position: [0.467538207769, 0.910039424896, 1.35254049301, 1.79504179955, 2.23754310608, 2.68004417419, 3.12254524231, 3.56504631042, 4.00754737854, 4.45004844666, 4.89254951477, 5.33505058289, 5.777551651, 6.39367818832, 6.83308887482, 7.27249860764, 7.71190881729, 8.15131950378, 8.59072875977, 9.03013896942, 9.46954917908]
    bpm_estimates: [133.969238281, 135.031082153, 134.707595825, 135.886627197, 139.59538269, 134.464263916, 136.048614502, 132.62197876, 139.123641968, 134.795074463, 136.420135498, 136.630004883, 139.064727783, 134.462341309, 136.758117676, 136.025177002]
    bpm_intervals: [0.442501217127, 0.442501068115, 0.442501306534, 0.442501306534, 0.442501068115, 0.442501068115, 0.442501068115, 0.442501068115, 0.442501068115, 0.442501068115, 0.442501068115, 0.442501068115, 0.616126537323, 0.439410686493, 0.439409732819, 0.439410209656, 0.439410686493, 0.439409255981, 0.439410209656, 0.439410209656]
    onset_times: [0.0348299331963, 0.46439909935, 0.777868509293, 0.893968224525, 1.34675741196, 1.764716506, 2.64707493782, 3.14630389214, 3.54104304314, 3.61070299149, 3.79646253586, 4.01705217361, 4.46984148026, 4.95746040344, 5.36380958557, 5.68888902664, 6.26938772202, 6.38548755646, 7.1517457962, 7.60453510284, 8.03410434723, 8.893242836, 9.35764217377, 9.58984088898, 9.79882049561]
    rubato_start: []
    rubato_stop: []
    perceptual_tempo: "unknown"

sfx:
    inharmonicity:
        dmean: 0.0458927191794
        dmean2: 0.081719905138
        dvar: 0.00273752375506
        dvar2: 0.00797173008323
        max: 0.381217122078
        mean: 0.0441353097558
        min: 0
        var: 0.00277030421421
    oddtoevenharmonicenergyratio:
        dmean: 20.8432407379
        dmean2: 41.1309967041
        dvar: 33199.4804688
        dvar2: 99548.3359375
        max: 2572.12109375
        mean: 11.0527181625
        min: 0
        var: 16848.3339844
    pitch_after_max_to_before_max_energy_ratio: 6.73074674606
    pitch_centroid: 253.725204468
    pitch_max_to_total: 0.176334112883
    pitch_min_to_total: 0.194895595312
    tristimulus:
        dmean: [0.243074759841, 0.26307502389, 0.0995912849903]
        dmean2: [0.414043545723, 0.442926257849, 0.176267072558]
        dvar: [0.04023758322, 0.0459029525518, 0.0110751232132]
        dvar2: [0.111787624657, 0.128112912178, 0.0263863280416]
        max: [1, 0.954136312008, 0.614433467388]
        mean: [0.416338115931, 0.42827335, 0.111956611276]
        min: [0.0181393995881, 0, 0]
        var: [0.0676167532802, 0.0668147429824, 0.0168160591274]

tonal:
    chords_changes_rate: 0.0645161271095
    chords_number_rate: 0.0276497695595
    chords_strength:
        dmean: 0.00907533988357
        dmean2: 0.00788118038327
        dvar: 6.08956434007e-05
        dvar2: 6.20458085905e-05
        max: 0.762758016586
        mean: 0.546840488911
        min: 0.317264914513
        var: 0.0110709248111
    key_strength: 0.786073625088
    tuning_diatonic_strength: 0.676340818405
    tuning_equal_tempered_deviation: 0.0938808470964
    tuning_frequency: 439.491973877
    tuning_nontempered_energy_ratio: 0.752752900124
    hpcp:
        dmean: [0.107604801655, 0.12999214232, 0.107343308628, 0.0830149576068, 0.0728899091482, 0.0987584143877, 0.137714013457, 0.156168043613, 0.246098056436, 0.244657412171, 0.209272608161, 0.104752779007, 0.0673659071326, 0.0736457109451, 0.109488420188, 0.178101599216, 0.16071408987, 0.078828625381, 0.0547744445503, 0.0729430392385, 0.141148909926, 0.162772163749, 0.157530382276, 0.159869477153, 0.146444559097, 0.106623776257, 0.072147205472, 0.0754861012101, 0.0762354061007, 0.118318133056, 0.163747057319, 0.12734824419, 0.0726134926081, 0.0586923547089, 0.0480541959405, 0.0738883912563]
        dmean2: [0.174099713564, 0.220656260848, 0.194896265864, 0.141904577613, 0.129161000252, 0.178256615996, 0.241882771254, 0.270897477865, 0.407725065947, 0.408285230398, 0.36010736227, 0.182861760259, 0.115855656564, 0.124645978212, 0.178935781121, 0.291423380375, 0.265529215336, 0.138211131096, 0.0915246009827, 0.119389638305, 0.237340435386, 0.268256545067, 0.263511747122, 0.277499705553, 0.246454134583, 0.178032323718, 0.111896626651, 0.125682592392, 0.129917874932, 0.190714597702, 0.274306595325, 0.215661108494, 0.120939068496, 0.104606457055, 0.0830591693521, 0.122200623155]
        dvar: [0.027364326641, 0.0327538065612, 0.0325504019856, 0.0179273858666, 0.0166337825358, 0.0264830365777, 0.0473929382861, 0.0345453731716, 0.0532402954996, 0.0507302097976, 0.0412903614342, 0.0215652752668, 0.0133685385808, 0.018506931141, 0.0167107675225, 0.0458024553955, 0.0359716378152, 0.0200521554798, 0.013239832595, 0.0155368158594, 0.039700049907, 0.0390182323754, 0.0381108261645, 0.0399358607829, 0.0334090031683, 0.0236330647022, 0.0129107059911, 0.0186720751226, 0.0213767085224, 0.0247519575059, 0.0361017659307, 0.0254830606282, 0.0162307564169, 0.0183168184012, 0.00951236486435, 0.0187710430473]
        dvar2: [0.0652974620461, 0.0844108387828, 0.0900669917464, 0.0418437384069, 0.0486504361033, 0.0713262856007, 0.131880745292, 0.0915820598602, 0.142884373665, 0.123677700758, 0.115072034299, 0.060108371079, 0.0334233939648, 0.0464099645615, 0.0435041114688, 0.0982910692692, 0.0825803279877, 0.0531255193055, 0.0264647211879, 0.0318527594209, 0.100206807256, 0.0802476331592, 0.0947977229953, 0.10546912998, 0.0873656496406, 0.0602432861924, 0.027398345992, 0.0439040772617, 0.0547928847373, 0.054895311594, 0.0905316993594, 0.0636705830693, 0.0399041771889, 0.0439478233457, 0.0229987446219, 0.0471522770822]
        max: [1, 1, 1, 1, 1, 1, 1, 1, 1, 1, 1, 1, 1, 1, 0.939902424812, 1, 1, 1, 1, 1, 1, 1, 1, 1, 1, 1, 1, 1, 1, 1, 1, 1, 1, 1, 0.841750741005, 1]
        mean: [0.181235447526, 0.182658672333, 0.154529869556, 0.13257317245, 0.0883290395141, 0.110107414424, 0.168991059065, 0.199517250061, 0.366467624903, 0.521225750446, 0.335935771465, 0.107385508716, 0.0691079720855, 0.0802303776145, 0.17971226573, 0.394853591919, 0.31620451808, 0.0943235233426, 0.0668160617352, 0.0771399959922, 0.203288212419, 0.307436347008, 0.23373991251, 0.220864489675, 0.254725754261, 0.161894157529, 0.0864647626877, 0.0730048269033, 0.0804300457239, 0.177679777145, 0.270086586475, 0.180652782321, 0.0766031295061, 0.0582021176815, 0.048077441752, 0.100995711982]
        min: [0.000455217639683, 0.00114932528231, 0.000481391238282, 0.000419461313868, 0.000328129070112, 0.000420820171712, 0.000971041037701, 0.000487886631163, 0.0144974961877, 0.00411834614351, 0.00495704170316, 0.00125083082821, 0.000308780930936, 0.000443146302132, 0.00197666906752, 0.0022991404403, 0.00623381976038, 0.00165244576056, 0.0005088323378, 0.000555633101612, 0.00115219410509, 0.00135800009593, 0.000777312205173, 0.000832796271425, 0.0003681940143, 0.000237355969148, 0.000888030568603, 0.00135559006594, 0.000891289382707, 0.000684016849846, 0.00232526659966, 0.0019954345189, 0, 0.000282667315332, 0.00036222874769, 0.000468789774459]
        var: [0.0684150978923, 0.0599873885512, 0.0655550584197, 0.0595125220716, 0.0252613052726, 0.0277972500771, 0.06120384112, 0.0504453405738, 0.0831440463662, 0.101320073009, 0.0700008869171, 0.0198590457439, 0.0136509248987, 0.0208533480763, 0.0299721714109, 0.127313524485, 0.0927565097809, 0.0183316860348, 0.0167041290551, 0.0178658496588, 0.059364952147, 0.0954599604011, 0.053956206888, 0.0595954060555, 0.0901721939445, 0.0443902537227, 0.0185300875455, 0.0201790053397, 0.0227003078908, 0.0474035404623, 0.0838363990188, 0.0442678108811, 0.0168211553246, 0.0182789154351, 0.00978172384202, 0.0314329564571]
    chords_histogram: [32.25806427, 11.0599079132, 45.6221199036, 0, 2.30414748192, 0, 0, 0, 1.38248848915, 0, 0, 0, 0, 0, 0, 0, 0, 0, 0, 0, 0, 0, 0.460829496384, 6.91244220734]
    thpcp: [1, 0.64451110363, 0.206024944782, 0.132587403059, 0.153926357627, 0.34478777647, 0.7575481534, 0.606655597687, 0.180964812636, 0.128190249205, 0.147997289896, 0.390019506216, 0.589833378792, 0.44844275713, 0.423740565777, 0.488705247641, 0.310602754354, 0.165887355804, 0.140063732862, 0.154309421778, 0.3408883214, 0.518175840378, 0.346592217684, 0.146967276931, 0.111663930118, 0.0922391936183, 0.193765774369, 0.347710072994, 0.350440621376, 0.29647397995, 0.25434884429, 0.169464081526, 0.211247071624, 0.324218541384, 0.382784724236, 0.703088104725]
    chords_key: "C"
    chords_scale: "major"
    key_key: "F"
    key_scale: "major"
    chords_progression: ["G", "G", "G", "G", "G", "C", "C", "C", "C", "C", "C", "C", "C", "C", "C", "C", "C", "C", "C", "C", "C", "C", "C", "C", "C", "C", "C", "C", "C", "C", "C", "C", "C", "C", "C", "C", "C", "C", "C", "C", "C", "C", "C", "C", "C", "C", "C", "C", "C", "C", "C", "C", "C", "C", "C", "C", "C", "C", "C", "C", "C", "C", "C", "C", "C", "C", "C", "C", "C", "C", "C", "C", "C", "C", "C", "C", "C", "C", "C", "C", "C", "Am", "Am", "Am", "Am", "Am", "Am", "Am", "Am", "Am", "Am", "Am", "Am", "Am", "Am", "Am", "F", "F", "F", "F", "F", "F", "F", "F", "F", "F", "F", "F", "F", "F", "F", "F", "F", "F", "F", "F", "A#", "A", "Am", "A", "A", "Am", "Am", "Am", "Am", "Am", "Am", "Am", "Am", "F", "F", "F", "F", "F", "F", "F", "F", "F", "F", "F", "F", "F", "F", "F", "F", "F", "F", "F", "F", "F", "F", "F", "F", "F", "F", "F", "F", "F", "F", "F", "F", "F", "F", "F", "Dm", "Dm", "Dm", "Dm", "Dm", "Dm", "Dm", "Dm", "Dm", "Dm", "Dm", "Dm", "Dm", "Dm", "F", "Dm", "F", "F", "F", "F", "F", "F", "F", "F", "F", "F", "F", "F", "F", "F", "C", "C", "C", "C", "C", "C", "C", "C", "C", "C", "C", "C", "C", "C", "C", "C", "C", "C", "C", "C", "C", "C", "C"]
