
metadata:
    version:
        essentia: "1.2.2"
    audio_properties:
        analysis_sample_rate: 44100
        bitrate: 128
        channels: 2
        equal_loudness: 1
        length: 9.97877597809
        replay_gain: -10.109954834
        downmix: "mix"
    tags:
        track: 36
        year: 0
        album: "Splitted by Mp3Splt v. 2.1"
        artist: "From 005.50 To 006.00"
        comment: "http://mp3splt.sf.net"
        genre: ""
        title: "10 King Bing.mp3"

highlevel:
    ballroom:
        all:
            ChaChaCha: 0.0677019506693
            Jive: 0.139093130827
            Quickstep: 0.131687954068
            Rumba-American: 0.0119330445305
            Rumba-International: 0.216043055058
            Rumba-Misc: 0.0763052776456
            Samba: 0.266789764166
            Tango: 0.0115267047659
            VienneseWaltz: 0.0472662746906
            Waltz: 0.0316528342664
        probability: 0.266789764166
        value: "Samba"
    culture:
        all:
            non_western: 0.95171225071
            western: 0.0482877418399
        probability: 0.95171225071
        value: "non_western"
    gender:
        all:
            female: 0.0246153511107
            male: 0.975384652615
        probability: 0.975384652615
        value: "male"
    genre_dortmund:
        all:
            alternative: 0.0619898214936
            blues: 0.0201348401606
            electronic: 0.0659623965621
            folkcountry: 0.0792766287923
            funksoulrnb: 0.0829454660416
            jazz: 0.390165299177
            pop: 0.0893089175224
            raphiphop: 0.122550331056
            rock: 0.0876662954688
        probability: 0.390165299177
        value: "jazz"
    genre_electronica:
        all:
            ambient: 0.294332146645
            dnb: 0.160642847419
            house: 0.432838141918
            techno: 0.0346453115344
            trance: 0.0775415301323
        probability: 0.432838141918
        value: "house"
    genre_rosamerica:
        all:
            cla: 0.0395732335746
            dan: 0.11990340054
            hip: 0.116420194507
            jaz: 0.159308180213
            pop: 0.269072771072
            rhy: 0.168042883277
            roc: 0.0859078094363
            spe: 0.0417715236545
        probability: 0.269072771072
        value: "pop"
    genre_tzanetakis:
        all:
            blu: 0.0025211640168
            cla: 0.00249510398135
            cou: 0.0264693200588
            dis: 0.0339127741754
            hip: 0.0571107193828
            jaz: 0.0111997220665
            met: 0.00710134673864
            pop: 0.36619785428
            reg: 0.123148500919
            roc: 0.369843512774
        probability: 0.369843512774
        value: "roc"
    live_studio:
        all:
            live: 0.143564671278
            studio: 0.85643529892
        probability: 0.85643529892
        value: "studio"
    mood:
        all:
            Cluster1: 0.263131588697
            Cluster2: 0.285300821066
            Cluster3: 0.202041044831
            Cluster4: 0.100299872458
            Cluster5: 0.149226695299
        probability: 0.285300821066
        value: "Cluster2"
    mood_acoustic:
        all:
            acoustic: 0.777825474739
            not_acoustic: 0.222174555063
        probability: 0.777825474739
        value: "acoustic"
    mood_aggressive:
        all:
            aggressive: 0.0805746763945
            not_aggressive: 0.919425308704
        probability: 0.919425308704
        value: "not_aggressive"
    mood_electronic:
        all:
            electronic: 0.451372563839
            not_electronic: 0.548627436161
        probability: 0.548627436161
        value: "not_electronic"
    mood_happy:
        all:
            happy: 0.344626426697
            not_happy: 0.655373573303
        probability: 0.655373573303
        value: "not_happy"
    mood_party:
        all:
            not_party: 0.857581436634
            party: 0.142418563366
        probability: 0.857581436634
        value: "not_party"
    mood_relaxed:
        all:
            not_relaxed: 0.0486541353166
            relaxed: 0.951345860958
        probability: 0.951345860958
        value: "relaxed"
    mood_sad:
        all:
            not_sad: 0.249667406082
            sad: 0.750332593918
        probability: 0.750332593918
        value: "sad"
    rhythm:
        all:
            fast: 0.586568832397
            medium: 0.322030514479
            slow: 0.0914006456733
        probability: 0.586568832397
        value: "fast"
    speech_music:
        all:
            music: 0.96998333931
            speech: 0.0300166793168
        probability: 0.96998333931
        value: "music"
    timbre:
        all:
            bright: 0.00371937127784
            dark: 0.996280610561
        probability: 0.996280610561
        value: "dark"
    voice_instrumental:
        all:
            instrumental: 0.0945706740022
            voice: 0.905429303646
        probability: 0.905429303646
        value: "voice"

lowlevel:
    average_loudness: 0.882115066051
    barkbands_kurtosis:
        dmean: 2.96785712242
        dmean2: 4.66997098923
        dvar: 11.2932157516
        dvar2: 28.8522148132
        max: 27.0400600433
        mean: 4.20445394516
        min: -1.86532855034
        var: 23.8766002655
    barkbands_skewness:
        dmean: 0.590588748455
        dmean2: 0.892618596554
        dvar: 0.298969089985
        dvar2: 0.663220345974
        max: 4.25341939926
        mean: 1.60372400284
        min: -2.38778781891
        var: 0.964443683624
    barkbands_spread:
        dmean: 5.95576429367
        dmean2: 8.83648777008
        dvar: 42.9542808533
        dvar2: 87.9178009033
        max: 59.5824623108
        mean: 18.7478122711
        min: 2.0755405426
        var: 185.825637817
    dissonance:
        dmean: 0.0299105737358
        dmean2: 0.0490677952766
        dvar: 0.000836299615912
        dvar2: 0.00200859713368
        max: 0.498352974653
        mean: 0.432661235332
        min: 0.240526974201
        var: 0.00252392329276
    hfc:
        dmean: 1.22903704643
        dmean2: 1.78218102455
        dvar: 6.28858327866
        dvar2: 14.0826568604
        max: 24.9096488953
        mean: 2.48773956299
        min: 0.0141296517104
        var: 10.702296257
    pitch:
        dmean: 465.844177246
        dmean2: 896.097473145
        dvar: 1255336.125
        dvar2: 2826305.25
        max: 4410
        mean: 828.919921875
        min: 71.2439422607
        var: 2039308.75
    pitch_instantaneous_confidence:
        dmean: 0.097292855382
        dmean2: 0.156132042408
        dvar: 0.00723550701514
        dvar2: 0.0164216794074
        max: 0.815132498741
        mean: 0.429700225592
        min: 0.159287154675
        var: 0.0250455588102
    pitch_salience:
        dmean: 0.0734360292554
        dmean2: 0.123337291181
        dvar: 0.00440636696294
        dvar2: 0.0119564272463
        max: 0.871784090996
        mean: 0.67394131422
        min: 0.315926969051
        var: 0.00866623409092
    silence_rate_20dB:
        dmean: 0
        dmean2: 0
        dvar: 0
        dvar2: 0
        max: 1
        mean: 1
        min: 1
        var: 0
    silence_rate_30dB:
        dmean: 0
        dmean2: 0
        dvar: 0
        dvar2: 0
        max: 1
        mean: 1
        min: 1
        var: 0
    silence_rate_60dB:
        dmean: 0.11627907306
        dmean2: 0.233100235462
        dvar: 0.102758169174
        dvar2: 0.216060772538
        max: 1
        mean: 0.668213486671
        min: 0
        var: 0.221704825759
    spectral_centroid:
        dmean: 221.612457275
        dmean2: 331.205535889
        dvar: 110250.585938
        dvar2: 215980.109375
        max: 4122.09716797
        mean: 798.335083008
        min: 181.074813843
        var: 302573.625
    spectral_complexity:
        dmean: 2.22377634048
        dmean2: 3.42056083679
        dvar: 5.61891937256
        dvar2: 11.1548900604
        max: 24
        mean: 6.88372087479
        min: 0
        var: 14.0283336639
    spectral_crest:
        dmean: 2.73563528061
        dmean2: 4.49810218811
        dvar: 5.01238250732
        dvar2: 14.3012332916
        max: 19.8897743225
        mean: 9.42542171478
        min: 3.5440196991
        var: 9.70952033997
    spectral_decrease:
        dmean: 3.55631413207e-10
        dmean2: 5.72302483182e-10
        dvar: 4.91454471697e-19
        dvar2: 1.16688942126e-18
        max: -3.94246224208e-12
        mean: -7.82430953361e-10
        min: -7.43951078519e-09
        var: 7.22822110606e-19
    spectral_energy:
        dmean: 0.00143687822856
        dmean2: 0.002292631194
        dvar: 7.58856776883e-06
        dvar2: 1.79643775482e-05
        max: 0.029373863712
        mean: 0.0031787189655
        min: 1.61613570526e-05
        var: 1.15102648124e-05
    spectral_energyband_high:
        dmean: 0.000123401128803
        dmean2: 0.000176094443304
        dvar: 1.43772538763e-07
        dvar2: 3.18332837423e-07
        max: 0.00448611564934
        mean: 0.000174633780262
        min: 3.17271542372e-07
        var: 2.1333660527e-07
    spectral_energyband_low:
        dmean: 0.000273622106761
        dmean2: 0.000457133341115
        dvar: 6.85296583924e-07
        dvar2: 1.82246321856e-06
        max: 0.0103031080216
        mean: 0.00039364330587
        min: 6.11178307963e-08
        var: 7.18583123671e-07
    spectral_energyband_middle_high:
        dmean: 0.000206697310205
        dmean2: 0.000316898716846
        dvar: 1.48012958334e-07
        dvar2: 3.87302378613e-07
        max: 0.00456415582448
        mean: 0.000407418236136
        min: 4.87645183966e-06
        var: 2.06861273e-07
    spectral_energyband_middle_low:
        dmean: 0.00115003751125
        dmean2: 0.00190106837545
        dvar: 6.20617583991e-06
        dvar2: 1.54207955347e-05
        max: 0.0255580544472
        mean: 0.00220301933587
        min: 1.0542162272e-05
        var: 7.31923773856e-06
    spectral_flatness_db:
        dmean: 0.0232162792236
        dmean2: 0.0355660878122
        dvar: 0.000452191568911
        dvar2: 0.00109166430775
        max: 0.322590261698
        mean: 0.191260322928
        min: 0.0753779932857
        var: 0.00184563791845
    spectral_flux:
        dmean: 0.00990716926754
        dmean2: 0.0160474739969
        dvar: 0.000185533848708
        dvar2: 0.000457584159449
        max: 0.15086299181
        mean: 0.0317439623177
        min: 0.00402011908591
        var: 0.000303495908156
    spectral_kurtosis:
        dmean: 3.04824876785
        dmean2: 4.69118881226
        dvar: 13.0773506165
        dvar2: 31.3965797424
        max: 34.5564804077
        mean: 7.09478139877
        min: -0.0956089496613
        var: 46.8386306763
    spectral_rms:
        dmean: 0.000359309866326
        dmean2: 0.000553112768102
        dvar: 1.99119142508e-07
        dvar2: 4.28018722687e-07
        max: 0.00535326357931
        mean: 0.0016038302565
        min: 0.000125567428768
        var: 5.28913403741e-07
    spectral_rolloff:
        dmean: 529.445495605
        dmean2: 858.560791016
        dvar: 635317.75
        dvar2: 1250525.25
        max: 5146.43554688
        mean: 1414.7800293
        min: 193.798828125
        var: 1507832.5
    spectral_skewness:
        dmean: 0.384888440371
        dmean2: 0.557078659534
        dvar: 0.130693584681
        dvar2: 0.283923357725
        max: 4.62105894089
        mean: 2.00293469429
        min: 0.150967165828
        var: 0.822388529778
    spectral_spread:
        dmean: 772865.9375
        dmean2: 1122741.5
        dvar: 1.14833987994e+12
        dvar2: 2.40564987494e+12
        max: 11902036
        mean: 4517263
        min: 1478127.375
        var: 3.64639813632e+12
    spectral_strongpeak:
        dmean: 0.150752216578
        dmean2: 0.240957289934
        dvar: 0.032505184412
        dvar2: 0.0716170892119
        max: 2.60433459282
        mean: 0.30141800642
        min: 0.00591200916097
        var: 0.0604075454175
    zerocrossingrate:
        dmean: 0.00976221077144
        dmean2: 0.0110707506537
        dvar: 0.00011323436047
        dvar2: 0.000119345342682
        max: 0.203125
        mean: 0.0534066148102
        min: 0.0126953125
        var: 0.000870554649737
    barkbands:
        dmean: [1.37884271112e-07, 0.000101531368273, 0.000197463697987, 0.000183169831871, 0.000686109822709, 0.000251867168117, 0.00019731692737, 0.000138379720738, 8.72634482221e-05, 3.32487434207e-05, 2.75262391369e-05, 3.43118808814e-05, 2.41401357925e-05, 1.67297384905e-05, 1.63046988746e-05, 1.6530877474e-05, 2.00884442165e-05, 2.21828649956e-05, 5.23473172507e-05, 9.90229382296e-05, 5.74641453568e-05, 9.16954832064e-06, 3.31148135047e-06, 1.19670744425e-06, 9.67371875049e-07, 9.63689714695e-08, 3.75860648161e-10]
        dmean2: [2.53317892884e-07, 0.000179412483703, 0.000324032007484, 0.000323496875353, 0.00113739457447, 0.000402711855713, 0.000329525122652, 0.000217872948269, 0.000130174783408, 5.31443438376e-05, 4.35687179561e-05, 5.39010288776e-05, 3.63391118299e-05, 2.81951251964e-05, 2.73794958048e-05, 2.62711437244e-05, 3.22761443385e-05, 3.6833120248e-05, 8.89169095899e-05, 0.000150296124048, 8.17286490928e-05, 1.32477580337e-05, 4.95990434501e-06, 1.85231886007e-06, 1.40109091262e-06, 1.64908399825e-07, 6.3420924068e-10]
        dvar: [3.89021632833e-13, 1.89471279555e-07, 3.92613173972e-07, 1.34091635573e-07, 3.55050224243e-06, 1.86119336831e-07, 1.27238365621e-07, 3.38548247214e-08, 3.11808179276e-08, 3.95498256367e-09, 1.9587702571e-09, 5.22752374721e-09, 4.41212133495e-09, 1.65479496772e-09, 9.68494617837e-10, 1.036609798e-09, 1.55009127756e-09, 2.08807526825e-09, 5.37658806365e-08, 8.57246931218e-08, 3.07575014347e-08, 3.56603968577e-10, 6.22079263102e-11, 7.81959306334e-12, 5.22331136676e-12, 1.25786127391e-13, 3.72693953955e-19]
        dvar2: [1.07920378363e-12, 5.75344927256e-07, 1.03463241885e-06, 3.7423512822e-07, 9.3457128969e-06, 4.37190493585e-07, 3.29343208705e-07, 8.4297333558e-08, 6.36589945202e-08, 1.00121582136e-08, 4.64363880681e-09, 1.21653291885e-08, 8.39176728107e-09, 4.6935051401e-09, 2.48550335868e-09, 2.73841038734e-09, 3.65375596445e-09, 5.4504751823e-09, 1.56976824428e-07, 1.90941776168e-07, 7.25286781744e-08, 7.01076585674e-10, 1.2203914268e-10, 1.95788402851e-11, 1.11748822001e-11, 3.45324002683e-13, 1.00798709501e-18]
        max: [6.71944189889e-06, 0.00498081091791, 0.00992511212826, 0.00260107126087, 0.0180056300014, 0.00599897932261, 0.00339915044606, 0.0021872036159, 0.00222830870189, 0.000562021741644, 0.000502721290104, 0.000994491274469, 0.000840368389618, 0.000444517791038, 0.000300886080367, 0.00035557494266, 0.000527954660356, 0.000456786161521, 0.00327651132829, 0.00347517780028, 0.00232637207955, 0.000163859818713, 0.000107789055619, 2.31534886552e-05, 2.027015762e-05, 3.10098903356e-06, 6.77290268314e-09]
        mean: [1.4055393649e-07, 0.000105292201624, 0.000288217503112, 0.000257055100519, 0.000930275942665, 0.000386155123124, 0.000262528541498, 0.000215195788769, 0.000143855853821, 4.25442740379e-05, 3.97267904191e-05, 5.20071625942e-05, 3.40619480994e-05, 1.91137241927e-05, 2.13209768845e-05, 2.46218532993e-05, 2.90988646157e-05, 3.56398741133e-05, 5.96241734456e-05, 0.00013062103244, 7.85750162322e-05, 1.50675505211e-05, 4.79561322209e-06, 1.76179423761e-06, 1.35503671572e-06, 6.8343801729e-08, 8.41577252331e-10]
        min: [3.24919813277e-11, 2.07997796764e-09, 5.88957469461e-08, 1.4017004446e-07, 3.01957652482e-06, 2.12295594793e-06, 8.42699364512e-07, 5.10123584263e-07, 9.7327642834e-07, 3.22038061995e-07, 5.33634022304e-07, 3.73840862267e-07, 1.52865837322e-07, 9.45841449607e-08, 1.04593326e-07, 6.90557655503e-08, 2.33337118516e-07, 8.45846912512e-08, 7.51301882929e-08, 2.19863224515e-07, 5.01712449363e-08, 8.46438652502e-09, 1.14160647602e-09, 2.26912111323e-09, 9.55073908848e-10, 2.34539872333e-13, 1.06681443193e-11]
        var: [4.06650055426e-13, 1.17826601809e-07, 4.30911512694e-07, 1.53187670549e-07, 3.48380035575e-06, 3.06078021595e-07, 1.41050961133e-07, 6.51411014019e-08, 7.69354855379e-08, 4.95732832562e-09, 3.56025964265e-09, 1.02490460563e-08, 6.81395206925e-09, 1.37243494347e-09, 1.27792121329e-09, 1.35196598361e-09, 2.7363293853e-09, 3.64826191479e-09, 3.57011771257e-08, 1.13627820042e-07, 4.64606131345e-08, 7.91878118633e-10, 1.02720436324e-10, 1.04992100083e-11, 8.09349722658e-12, 8.49528035266e-14, 3.75274524821e-19]
    mfcc:
        mean: [-780.336486816, 146.43939209, -16.2005214691, 44.0615158081, -24.4582939148, -6.34859609604, -5.27038764954, -15.8573608398, -5.95974969864, -6.81264925003, -10.8085346222, -0.241538047791, -1.52948045731]
        cov: [[4590.50927734, -2058.26074219, 513.263305664, 772.622253418, 396.582794189, 257.92755127, 120.111991882, 119.116004944, -67.7482299805, 9.42195415497, 211.069717407, -109.816795349, -38.5575485229], [-2058.26074219, 1794.56018066, -391.546905518, -473.032958984, -236.091674805, -131.559570312, -66.0996322632, -24.9954719543, 29.6640319824, 29.977519989, -91.2106704712, 60.4558486938, -2.36505103111], [513.263305664, -391.546905518, 407.397888184, 208.622161865, 95.3715286255, 76.8831329346, 33.4106140137, 60.9481277466, -8.72302818298, -11.6090097427, 48.5803909302, 2.69170308113, 6.23289060593], [772.622253418, -473.032958984, 208.622161865, 601.505981445, 176.824523926, 120.861053467, 47.169254303, 46.5689697266, -1.12209045887, 18.3178310394, -1.30766355991, -19.558927536, 10.7575540543], [396.582794189, -236.091674805, 95.3715286255, 176.824523926, 252.331130981, 39.6947441101, -24.8810920715, -17.4217185974, 11.152557373, 9.7030878067, 31.2291698456, -0.490812510252, -5.88113975525], [257.92755127, -131.559570312, 76.8831329346, 120.861053467, 39.6947441101, 130.145828247, 31.1818962097, 31.3785381317, 9.88017272949, 40.4065818787, 4.40026950836, 6.58142185211, -13.0101594925], [120.111991882, -66.0996322632, 33.4106140137, 47.169254303, -24.8810920715, 31.1818962097, 123.615333557, 38.8325653076, 9.06520271301, 16.64412117, -1.74290454388, -3.06087946892, 5.02755498886], [119.116004944, -24.9954719543, 60.9481277466, 46.5689697266, -17.4217185974, 31.3785381317, 38.8325653076, 174.638641357, 21.785741806, 38.6645736694, 25.1644172668, 4.13420820236, 6.130859375], [-67.7482299805, 29.6640319824, -8.72302818298, -1.12209045887, 11.152557373, 9.88017272949, 9.06520271301, 21.785741806, 106.717826843, 36.1447715759, -12.8262138367, 24.0421524048, 4.99286222458], [9.42195415497, 29.977519989, -11.6090097427, 18.3178310394, 9.7030878067, 40.4065818787, 16.64412117, 38.6645736694, 36.1447715759, 160.581390381, -10.5932188034, 40.1390647888, -12.4246997833], [211.069717407, -91.2106704712, 48.5803909302, -1.30766355991, 31.2291698456, 4.40026950836, -1.74290454388, 25.1644172668, -12.8262138367, -10.5932188034, 114.771568298, 2.03300356865, -15.4418439865], [-109.816795349, 60.4558486938, 2.69170308113, -19.558927536, -0.490812510252, 6.58142185211, -3.06087946892, 4.13420820236, 24.0421524048, 40.1390647888, 2.03300356865, 92.2196502686, -4.75894975662], [-38.5575485229, -2.36505103111, 6.23289060593, 10.7575540543, -5.88113975525, -13.0101594925, 5.02755498886, 6.130859375, 4.99286222458, -12.4246997833, -15.4418439865, -4.75894975662, 61.4748458862]]
        icov: [[0.000536727253348, 0.000494282343425, 8.25478055049e-05, -0.000182248666533, -0.000204423617106, -0.000271709490335, -0.00014008503058, -0.000159588205861, 0.000195232365513, -0.000102846512164, -0.000499787507579, 0.000309610884869, 0.000191274579265], [0.000494282343425, 0.0013165572891, 0.00057736603776, 0.000201058370294, 9.96341623249e-05, -8.42110239319e-05, 0.00015225475363, -0.000406428211136, 0.000138334624353, -0.000124296493595, 1.84173063644e-06, -0.000188696227269, 0.00023623558809], [8.25478055049e-05, 0.00057736603776, 0.00385362515226, -0.000542168098036, -0.000544499664102, -0.00115218467545, -0.000255188380834, -0.0010472368449, 0.000433535897173, 0.000855902675539, -0.000841022469103, -0.000884460867383, -0.000534425489604], [-0.000182248666533, 0.000201058370294, -0.000542168098036, 0.00308082858101, -0.001533193863, -0.00144192983862, -0.00052638706984, -0.000496313325129, 0.000352339498932, 0.00011663047917, 0.00129670801107, 0.000217116321437, -0.000612529052887], [-0.000204423617106, 9.96341623249e-05, -0.000544499664102, -0.001533193863, 0.00624595489353, -0.000143428085721, 0.00196786201559, 0.00147192028817, -0.00132720754482, -0.000581283180509, -0.00151184725109, 6.09323651588e-05, 7.38348971936e-05], [-0.000271709490335, -8.42110239319e-05, -0.00115218467545, -0.00144192983862, -0.000143428085721, 0.0116148395464, -0.00151735090185, -0.000468986632768, -0.000346171291312, -0.00214478396811, 0.000689715147018, -0.000258951273281, 0.00255855754949], [-0.00014008503058, 0.00015225475363, -0.000255188380834, -0.00052638706984, 0.00196786201559, -0.00151735090185, 0.00989252794534, -0.00120777974371, -0.00071237992961, -0.000451898376923, 0.00018987923977, 0.00047073684982, -0.000734802044462], [-0.000159588205861, -0.000406428211136, -0.0010472368449, -0.000496313325129, 0.00147192028817, -0.000468986632768, -0.00120777974371, 0.00768045755103, -0.00144297571387, -0.00174014933873, -0.00218338705599, 0.000774731684942, -0.00127131084446], [0.000195232365513, 0.000138334624353, 0.000433535897173, 0.000352339498932, -0.00132720754482, -0.000346171291312, -0.00071237992961, -0.00144297571387, 0.0111845461652, -0.00144410948269, 0.00126797519624, -0.00210537877865, -0.00102064036764], [-0.000102846512164, -0.000124296493595, 0.000855902675539, 0.00011663047917, -0.000581283180509, -0.00214478396811, -0.000451898376923, -0.00174014933873, -0.00144410948269, 0.00865789037198, 0.00123430043459, -0.00317221996374, 0.00145611504558], [-0.000499787507579, 1.84173063644e-06, -0.000841022469103, 0.00129670801107, -0.00151184725109, 0.000689715147018, 0.00018987923977, -0.00218338705599, 0.00126797519624, 0.00123430043459, 0.0115103451535, -0.00123257259838, 0.00269085494801], [0.000309610884869, -0.000188696227269, -0.000884460867383, 0.000217116321437, 6.09323651588e-05, -0.000258951273281, 0.00047073684982, 0.000774731684942, -0.00210537877865, -0.00317221996374, -0.00123257259838, 0.0133814411238, 0.000330021051923], [0.000191274579265, 0.00023623558809, -0.000534425489604, -0.000612529052887, 7.38348971936e-05, 0.00255855754949, -0.000734802044462, -0.00127131084446, -0.00102064036764, 0.00145611504558, 0.00269085494801, 0.000330021051923, 0.0183713212609]]
    spectral_contrast:
        mean: [-3.1271321177e-07, -8.60244284695e-08, -2.29373924299e-07, -2.18553253717e-07, 1.53170081063e-08, -3.93667875187e-07, 3.81812787964e-06, 1.5224135268e-06, -1.54812664732e-06, -6.06359435551e-06, -3.95747122184e-07, -3.34894934895e-06]
        var: [0.000505588483065, 0.00112139317207, 0.00167172343936, 0.00208902871236, 0.00246956176125, 0.00598863558844, 0.0973543599248, 0.119297638535, 0.19971357286, 0.46850451827, 0.689894020557, 3.13010644913]

rhythm:
    beats_loudness:
        dmean: 0.00222606095485
        dmean2: 0.00355001073331
        dvar: 5.18158594787e-06
        dvar2: 1.40006131915e-05
        max: 0.0121254567057
        mean: 0.00318157253787
        min: 0.000478793110233
        var: 7.5278753684e-06
    beats_loudness_bass:
        dmean: 0.162185192108
        dmean2: 0.318277448416
        dvar: 0.0126849599183
        dvar2: 0.0299989823252
        max: 0.519502341747
        mean: 0.152765184641
        min: 0.0146780358627
        var: 0.0166790541261
    bpm: 139.433959961
    bpm_confidence: 0
    first_peak_bpm: 139
    first_peak_spread: 0
    first_peak_weight: 0.519999980927
    onset_rate: 4.81020927429
    second_peak_bpm: 199
    second_peak_spread: 0
    second_peak_weight: 0.439999997616
    beats_position: [0.183750882745, 0.614063084126, 1.04437530041, 1.47468745708, 1.90499961376, 2.33531165123, 2.76562380791, 3.19593596458, 3.62624812126, 4.05656051636, 4.48687267303, 4.91718435287, 5.34749650955, 5.77780866623, 6.31826448441, 6.61906290054, 6.91986083984, 7.22065973282, 7.52145814896, 7.82225608826, 8.12305450439, 8.42385292053, 8.72465229034, 9.02545070648, 9.32624816895, 9.62704658508]
    bpm_estimates: [139.723983765, 139.255722046, 139.322158813]
    bpm_intervals: [0.430312216282, 0.430312216282, 0.430312156677, 0.430312156677, 0.430312037468, 0.430312156677, 0.430312156677, 0.430312156677, 0.430312395096, 0.430312156677, 0.43031167984, 0.430312156677, 0.430312156677, 0.540455818176, 0.300798416138, 0.300797939301, 0.300798892975, 0.300798416138, 0.300797939301, 0.300798416138, 0.300798416138, 0.300799369812, 0.300798416138, 0.300797462463, 0.300798416138]
    onset_times: [0.0464399084449, 0.359909296036, 0.626938760281, 0.870748281479, 0.975238084793, 1.16099774837, 1.27709746361, 1.53251695633, 1.66022670269, 1.77632653713, 1.90403628349, 2.2523355484, 2.40326523781, 2.50775504112, 2.77478456497, 2.85605430603, 3.15791392326, 3.42494320869, 3.68036270142, 3.77324271202, 4.02866220474, 4.1679816246, 4.28408145905, 4.38857126236, 4.57433128357, 4.77170085907, 4.9806804657, 5.20126962662, 5.30575942993, 5.64244890213, 5.72371864319, 5.86303853989, 6.1648979187, 6.48997735977, 6.79183673859, 7.10530614853, 7.26784563065, 7.69741487503, 7.8251247406, 7.90639448166, 8.01088428497, 8.25469398499, 8.42884349823, 8.893242836, 9.19510173798, 9.50857162476, 9.64789104462, 9.78721046448]
    rubato_start: [6.61906290054]
    rubato_stop: [9.62704658508]
    perceptual_tempo: "unknown"

sfx:
    inharmonicity:
        dmean: 0.032029543072
        dmean2: 0.0583777576685
        dvar: 0.00139714940451
        dvar2: 0.00408975174651
        max: 0.248031869531
        mean: 0.0298683661968
        min: 0
        var: 0.00127617758699
    oddtoevenharmonicenergyratio:
        dmean: 3.35270547867
        dmean2: 6.43759346008
        dvar: 341.875335693
        dvar2: 1019.30096436
        max: 256.250213623
        mean: 2.04733896255
        min: 0
        var: 174.37979126
    pitch_after_max_to_before_max_energy_ratio: 4.27507638931
    pitch_centroid: 266.839904785
    pitch_max_to_total: 0.520930230618
    pitch_min_to_total: 0.618604660034
    tristimulus:
        dmean: [0.244304135442, 0.249719828367, 0.0937731191516]
        dmean2: [0.429165571928, 0.440208464861, 0.163933604956]
        dvar: [0.044188965112, 0.0428087301552, 0.0127225480974]
        dvar2: [0.11480614543, 0.109405577183, 0.0380492471159]
        max: [1, 0.978152751923, 0.670948922634]
        mean: [0.462395399809, 0.424145787954, 0.0952202826738]
        min: [0.000668821274303, 0, 0]
        var: [0.0696389451623, 0.0641384348273, 0.0139342471957]

tonal:
    chords_changes_rate: 0.0462962947786
    chords_number_rate: 0.0185185186565
    chords_strength:
        dmean: 0.0126213738695
        dmean2: 0.0148267354816
        dvar: 9.65017388808e-05
        dvar2: 0.000153487388161
        max: 0.682993769646
        mean: 0.459691822529
        min: 0.265563070774
        var: 0.00640046969056
    key_strength: 0.652018427849
    tuning_diatonic_strength: 0.547702789307
    tuning_equal_tempered_deviation: 0.121536456048
    tuning_frequency: 439.745910645
    tuning_nontempered_energy_ratio: 0.760000884533
    hpcp:
        dmean: [0.208754524589, 0.176781892776, 0.113909743726, 0.111453175545, 0.0855346024036, 0.12304161489, 0.15085221827, 0.155906692147, 0.137064322829, 0.141126289964, 0.180674538016, 0.211213633418, 0.176714360714, 0.187911063433, 0.24217197299, 0.258154451847, 0.255179345608, 0.153316229582, 0.117392316461, 0.109880156815, 0.110810332, 0.13397629559, 0.102472662926, 0.118302941322, 0.11806049943, 0.105216003954, 0.090578623116, 0.0801984444261, 0.0882600545883, 0.136935666203, 0.167276889086, 0.180544614792, 0.17135104537, 0.154571741819, 0.155449673533, 0.198376610875]
        dmean2: [0.370827019215, 0.315193325281, 0.205517485738, 0.202956795692, 0.1481834203, 0.219766408205, 0.265040576458, 0.272136598825, 0.231418356299, 0.240868002176, 0.320478379726, 0.373670846224, 0.317853868008, 0.3352868855, 0.423159778118, 0.440112948418, 0.445095449686, 0.276234686375, 0.214622870088, 0.202244102955, 0.19845636189, 0.231837511063, 0.176632836461, 0.206714466214, 0.201915740967, 0.187905460596, 0.161047354341, 0.142450854182, 0.164850309491, 0.234323352575, 0.287021160126, 0.329251378775, 0.290122956038, 0.271536231041, 0.280560791492, 0.352823883295]
        dvar: [0.0645007789135, 0.0394534170628, 0.0376785174012, 0.0364902466536, 0.0146330911666, 0.0321982204914, 0.0394805260003, 0.047942366451, 0.0326648913324, 0.0426005832851, 0.0531214773655, 0.0712918639183, 0.0513361729681, 0.0594994239509, 0.0469109639525, 0.0634718313813, 0.0613036416471, 0.0348380468786, 0.0435694158077, 0.0401424951851, 0.0363166853786, 0.0563776232302, 0.031787160784, 0.0308651328087, 0.030944718048, 0.0239377506077, 0.0278022475541, 0.0212607886642, 0.0245744902641, 0.0399176813662, 0.0610594414175, 0.0568941012025, 0.0514979735017, 0.0528176166117, 0.0510831475258, 0.0557356588542]
        dvar2: [0.157867878675, 0.104331374168, 0.105450034142, 0.101983882487, 0.0368373654783, 0.0919435918331, 0.100339844823, 0.122365348041, 0.077355697751, 0.113355256617, 0.143224522471, 0.194370269775, 0.125169917941, 0.158872276545, 0.131446763873, 0.155233994126, 0.168694257736, 0.0911478474736, 0.122524365783, 0.115153796971, 0.0952761471272, 0.143427148461, 0.0822335481644, 0.0824425667524, 0.075475461781, 0.0674008801579, 0.0727296546102, 0.0545407272875, 0.0697434544563, 0.0966970846057, 0.133086025715, 0.139182299376, 0.129685819149, 0.123139455914, 0.132079660892, 0.14529004693]
        max: [1, 1, 1, 1, 0.777826607227, 1, 1, 1, 1, 1, 1, 1, 1, 1, 1, 1, 1, 1, 1, 1, 1, 1, 1, 1, 1, 1, 1, 0.990482091904, 0.957698702812, 1, 1, 1, 1, 1, 1, 1]
        mean: [0.336050599813, 0.223148360848, 0.096728309989, 0.0910893529654, 0.0878749340773, 0.115477144718, 0.164648085833, 0.170015975833, 0.15260219574, 0.160973921418, 0.173377647996, 0.177114024758, 0.167398944497, 0.167192190886, 0.279886037111, 0.419477671385, 0.31538900733, 0.137268781662, 0.0982299819589, 0.0841451361775, 0.0978076606989, 0.122378639877, 0.104222498834, 0.126453429461, 0.148557603359, 0.100317291915, 0.075686827302, 0.0713996291161, 0.0715403929353, 0.150736495852, 0.239854618907, 0.203567162156, 0.146192878485, 0.13226236403, 0.126291170716, 0.229321777821]
        min: [0.000460297247628, 0.000535562750883, 0.000499427434988, 0.000126561688376, 0.000693911279086, 0.00151507405099, 0.00266147381626, 0.00249563879333, 0.00102992623579, 0.000587597780395, 0.00132757308893, 0.000743843906093, 0.000335834134603, 0.000454559136415, 0.00224031857215, 0.00437299534678, 0.00179642275907, 0.00166642048862, 0.00177565065678, 0.00134346086998, 0.000698247167747, 0.000337322126143, 6.92252069712e-05, 0.000233664322877, 0.000173243533936, 0.000195452739717, 0.000174339482328, 0.000205066651688, 0.000583682849538, 0.00170271215029, 0, 0, 6.74226612318e-05, 0.000242550100666, 0.000182794436114, 0.000398380769184]
        var: [0.125666260719, 0.0586174502969, 0.0271983426064, 0.0259559918195, 0.0146306194365, 0.0259604100138, 0.0455182790756, 0.0542548559606, 0.0450907312334, 0.0512619428337, 0.056974362582, 0.0651557818055, 0.0557007230818, 0.0592795275152, 0.0617680549622, 0.116882175207, 0.0895032435656, 0.0314955115318, 0.0322221852839, 0.027635416016, 0.0334202200174, 0.0526923835278, 0.0304461251944, 0.0412010252476, 0.054344650358, 0.0216207001358, 0.0199653524905, 0.0166545826942, 0.0158369038254, 0.0478117950261, 0.107830516994, 0.0716668218374, 0.0555968359113, 0.0538154877722, 0.0444575846195, 0.0712087973952]
    chords_histogram: [17.5925922394, 0, 0, 0, 0, 0, 0, 0, 0, 0, 0, 0, 0, 0, 0, 0, 0, 26.851852417, 5.09259271622, 0, 0, 0, 50.4629631042, 0]
    thpcp: [1, 0.751861274242, 0.327237397432, 0.234172135592, 0.200595036149, 0.233165353537, 0.29174053669, 0.248457804322, 0.301454484463, 0.354149013758, 0.239148110151, 0.180431127548, 0.170210793614, 0.170546367764, 0.359343320131, 0.571793556213, 0.485287249088, 0.348511695862, 0.31530252099, 0.30106768012, 0.546684086323, 0.801116764545, 0.531967222691, 0.230592280626, 0.217149466276, 0.209486559033, 0.275287955999, 0.392507404089, 0.40530398488, 0.363790988922, 0.383748471737, 0.41331794858, 0.422225147486, 0.399065196514, 0.398572325706, 0.667225122452]
    chords_key: "G"
    chords_scale: "major"
    key_key: "D"
    key_scale: "major"
    chords_progression: ["G", "G", "G", "G", "G", "G", "G", "G", "G", "G", "G", "G", "G", "G", "G", "G", "G", "G", "G", "G", "G", "G", "G", "G", "G", "G", "G", "G", "G", "Dm", "Dm", "Dm", "Dm", "Dm", "Dm", "Dm", "Dm", "F", "F", "F", "F", "F", "F", "F", "F", "F", "F", "F", "Dm", "Dm", "Dm", "Dm", "G", "G", "G", "G", "G", "G", "G", "G", "G", "G", "G", "G", "G", "G", "G", "G", "G", "G", "G", "G", "G", "G", "G", "G", "G", "G", "G", "G", "Dm", "Dm", "Dm", "Dm", "Dm", "Dm", "Dm", "Dm", "Dm", "Dm", "Dm", "Dm", "Dm", "Dm", "Dm", "Dm", "Dm", "Dm", "Dm", "Dm", "Dm", "Dm", "Dm", "Dm", "Dm", "Dm", "Dm", "Dm", "Dm", "Dm", "D", "D", "D", "D", "D", "Dm", "Dm", "D", "D", "D", "D", "D", "D", "D", "D", "D", "D", "D", "D", "D", "D", "D", "D", "D", "D", "D", "D", "D", "D", "D", "D", "D", "D", "D", "D", "D", "D", "D", "D", "D", "G", "G", "G", "G", "G", "G", "G", "G", "G", "G", "G", "G", "G", "G", "G", "G", "G", "G", "G", "G", "G", "G", "G", "G", "G", "G", "G", "G", "G", "G", "G", "G", "G", "G", "G", "G", "G", "G", "G", "G", "G", "G", "G", "G", "G", "G", "G", "G", "G", "G", "G", "G", "Dm", "Dm", "Dm", "Dm", "Dm", "Dm", "Dm", "Dm", "Dm", "Dm", "Dm", "Dm", "Dm", "Dm"]
