
metadata:
    version:
        essentia: "1.2.2"
    audio_properties:
        analysis_sample_rate: 44100
        bitrate: 128
        channels: 2
        equal_loudness: 1
        length: 10.0048980713
        replay_gain: -7.17714500427
        downmix: "mix"
    tags:
        track: 25
        year: 0
        album: "Splitted by Mp3Splt v. 2.1"
        artist: "From 004.00 To 004.10"
        comment: "http://mp3splt.sf.net"
        genre: ""
        title: "09 Crossroads [Live].mp3"

highlevel:
    ballroom:
        all:
            ChaChaCha: 0.0570774339139
            Jive: 0.103603936732
            Quickstep: 0.0635471791029
            Rumba-American: 0.0115091400221
            Rumba-International: 0.0514037050307
            Rumba-Misc: 0.00704684341326
            Samba: 0.0718255490065
            Tango: 0.530393064022
            VienneseWaltz: 0.0775059834123
            Waltz: 0.0260871779174
        probability: 0.530393064022
        value: "Tango"
    culture:
        all:
            non_western: 1.48444246406e-06
            western: 0.999998509884
        probability: 0.999998509884
        value: "western"
    gender:
        all:
            female: 0.809174180031
            male: 0.190825819969
        probability: 0.809174180031
        value: "female"
    genre_dortmund:
        all:
            alternative: 0.0378033444285
            blues: 0.0723669528961
            electronic: 0.0456362143159
            folkcountry: 0.118534646928
            funksoulrnb: 0.00878230854869
            jazz: 0.593498945236
            pop: 0.0356532819569
            raphiphop: 0.000520117697306
            rock: 0.0872041657567
        probability: 0.593498945236
        value: "jazz"
    genre_electronica:
        all:
            ambient: 0.230676338077
            dnb: 0.0916756317019
            house: 0.0627033263445
            techno: 0.0108325257897
            trance: 0.604112148285
        probability: 0.604112148285
        value: "trance"
    genre_rosamerica:
        all:
            cla: 0.0339865386486
            dan: 0.0166716184467
            hip: 0.00319735705853
            jaz: 0.0516677051783
            pop: 0.228056848049
            rhy: 0.126019075513
            roc: 0.538827717304
            spe: 0.00157316518016
        probability: 0.538827717304
        value: "roc"
    genre_tzanetakis:
        all:
            blu: 0.0499027334154
            cla: 0.0192153733224
            cou: 0.432185560465
            dis: 0.0336534455419
            hip: 0.00278781773522
            jaz: 0.0831049606204
            met: 0.0092943944037
            pop: 0.0722131952643
            reg: 0.0114356474951
            roc: 0.286206871271
        probability: 0.432185560465
        value: "cou"
    live_studio:
        all:
            live: 0.197689428926
            studio: 0.802310585976
        probability: 0.802310585976
        value: "studio"
    mood:
        all:
            Cluster1: 0.249002635479
            Cluster2: 0.341354310513
            Cluster3: 0.140089586377
            Cluster4: 0.188845917583
            Cluster5: 0.08070756495
        probability: 0.341354310513
        value: "Cluster2"
    mood_acoustic:
        all:
            acoustic: 0.050335843116
            not_acoustic: 0.94966417551
        probability: 0.94966417551
        value: "not_acoustic"
    mood_aggressive:
        all:
            aggressive: 0.0336943566799
            not_aggressive: 0.966305673122
        probability: 0.966305673122
        value: "not_aggressive"
    mood_electronic:
        all:
            electronic: 0.211674660444
            not_electronic: 0.788325369358
        probability: 0.788325369358
        value: "not_electronic"
    mood_happy:
        all:
            happy: 0.680348396301
            not_happy: 0.319651603699
        probability: 0.680348396301
        value: "happy"
    mood_party:
        all:
            not_party: 0.799059569836
            party: 0.200940400362
        probability: 0.799059569836
        value: "not_party"
    mood_relaxed:
        all:
            not_relaxed: 0.23687709868
            relaxed: 0.763122916222
        probability: 0.763122916222
        value: "relaxed"
    mood_sad:
        all:
            not_sad: 0.278084427118
            sad: 0.721915602684
        probability: 0.721915602684
        value: "sad"
    rhythm:
        all:
            fast: 0.337847948074
            medium: 0.046881634742
            slow: 0.61527043581
        probability: 0.61527043581
        value: "slow"
    speech_music:
        all:
            music: 0.999368429184
            speech: 0.000631549395621
        probability: 0.999368429184
        value: "music"
    timbre:
        all:
            bright: 0.951294064522
            dark: 0.0487059094012
        probability: 0.951294064522
        value: "bright"
    voice_instrumental:
        all:
            instrumental: 0.99999910593
            voice: 8.94106392479e-07
        probability: 0.99999910593
        value: "instrumental"

lowlevel:
    average_loudness: 0.976623952389
    barkbands_kurtosis:
        dmean: 0.857198119164
        dmean2: 1.37324023247
        dvar: 1.60867834091
        dvar2: 3.86532378197
        max: 16.8861560822
        mean: -0.176303267479
        min: -1.72247862816
        var: 3.38245391846
    barkbands_skewness:
        dmean: 0.455935746431
        dmean2: 0.687167465687
        dvar: 0.217560455203
        dvar2: 0.471869021654
        max: 2.81295108795
        mean: 0.25080743432
        min: -2.55697441101
        var: 0.737977802753
    barkbands_spread:
        dmean: 5.04964017868
        dmean2: 7.76440429688
        dvar: 18.9021282196
        dvar2: 44.2470741272
        max: 50.528213501
        mean: 28.1937103271
        min: 2.40468788147
        var: 72.8292007446
    dissonance:
        dmean: 0.0241252705455
        dmean2: 0.0411947853863
        dvar: 0.000523761787917
        dvar2: 0.00133364589419
        max: 0.499424397945
        mean: 0.459576010704
        min: 0.288923472166
        var: 0.00074098695768
    hfc:
        dmean: 2.75033378601
        dmean2: 4.08218812943
        dvar: 16.2952957153
        dvar2: 29.6076526642
        max: 41.1836776733
        mean: 6.94304847717
        min: 0.02440921776
        var: 38.7926979065
    pitch:
        dmean: 273.333953857
        dmean2: 520.254638672
        dvar: 257619
        dvar2: 752181.5625
        max: 4009.09082031
        mean: 549.88684082
        min: 65.7228012085
        var: 236379.1875
    pitch_instantaneous_confidence:
        dmean: 0.115620791912
        dmean2: 0.179926604033
        dvar: 0.0132996216416
        dvar2: 0.0273434240371
        max: 0.942547500134
        mean: 0.579973340034
        min: 0.125162959099
        var: 0.0433055646718
    pitch_salience:
        dmean: 0.0680209174752
        dmean2: 0.11058922112
        dvar: 0.00347064156085
        dvar2: 0.00746484054253
        max: 0.812753498554
        mean: 0.550369024277
        min: 0.164673089981
        var: 0.0110229225829
    silence_rate_20dB:
        dmean: 0
        dmean2: 0
        dvar: 0
        dvar2: 0
        max: 1
        mean: 1
        min: 1
        var: 0
    silence_rate_30dB:
        dmean: 0
        dmean2: 0
        dvar: 0
        dvar2: 0
        max: 1
        mean: 1
        min: 1
        var: 0
    silence_rate_60dB:
        dmean: 0.153132244945
        dmean2: 0.304651170969
        dvar: 0.129682451487
        dvar2: 0.258350342512
        max: 1
        mean: 0.370370358229
        min: 0
        var: 0.233195856214
    spectral_centroid:
        dmean: 314.016418457
        dmean2: 463.513153076
        dvar: 107304.382812
        dvar2: 207142.46875
        max: 3382.14453125
        mean: 1520.23828125
        min: 418.586456299
        var: 382870.46875
    spectral_complexity:
        dmean: 3.10465121269
        dmean2: 4.58041954041
        dvar: 16.7587985992
        dvar2: 34.3647422791
        max: 38
        mean: 9.95359611511
        min: 0
        var: 35.1625366211
    spectral_crest:
        dmean: 2.30740594864
        dmean2: 3.76102018356
        dvar: 4.41560029984
        dvar2: 11.3534345627
        max: 25.2722911835
        mean: 8.6444311142
        min: 2.89429306984
        var: 12.4785757065
    spectral_decrease:
        dmean: 3.37736366651e-10
        dmean2: 4.96174656917e-10
        dvar: 2.23416856409e-19
        dvar2: 5.24127071917e-19
        max: -5.66518793682e-12
        mean: -9.49722522847e-10
        min: -4.02858679749e-09
        var: 3.50988812229e-19
    spectral_energy:
        dmean: 0.00148914381862
        dmean2: 0.0021770989988
        dvar: 4.18211538999e-06
        dvar2: 9.43239683693e-06
        max: 0.0176549851894
        mean: 0.00421422719955
        min: 2.35956704273e-05
        var: 7.27659244149e-06
    spectral_energyband_high:
        dmean: 0.000231361627812
        dmean2: 0.000323968502926
        dvar: 1.42144372717e-07
        dvar2: 2.58804675468e-07
        max: 0.00420212373137
        mean: 0.000381133868359
        min: 1.37179529247e-06
        var: 2.82482432112e-07
    spectral_energyband_low:
        dmean: 0.000218604516704
        dmean2: 0.000354125571903
        dvar: 1.31917161639e-07
        dvar2: 3.26323856825e-07
        max: 0.00271432613954
        mean: 0.000334329815814
        min: 1.62654842484e-07
        var: 1.85594387858e-07
    spectral_energyband_middle_high:
        dmean: 0.000783903815318
        dmean2: 0.00121546571609
        dvar: 1.17151444101e-06
        dvar2: 2.17552155846e-06
        max: 0.0118387592956
        mean: 0.00217823288403
        min: 5.1982910918e-06
        var: 2.77672847915e-06
    spectral_energyband_middle_low:
        dmean: 0.000699864060152
        dmean2: 0.00111896498129
        dvar: 1.49168124608e-06
        dvar2: 3.83077804145e-06
        max: 0.00932835321873
        mean: 0.00132052937988
        min: 1.68582846527e-05
        var: 1.56906594384e-06
    spectral_flatness_db:
        dmean: 0.0194920357317
        dmean2: 0.0281598307192
        dvar: 0.000255464809015
        dvar2: 0.000521448324434
        max: 0.326008528471
        mean: 0.174226254225
        min: 0.101289667189
        var: 0.00100223289337
    spectral_flux:
        dmean: 0.012734754011
        dmean2: 0.0202024076134
        dvar: 0.000157490852871
        dvar2: 0.000348560570274
        max: 0.108719401062
        mean: 0.0353332348168
        min: 0.00485753733665
        var: 0.000309671770083
    spectral_kurtosis:
        dmean: 1.26186180115
        dmean2: 2.17839932442
        dvar: 1.37591552734
        dvar2: 3.97765183449
        max: 10.668381691
        mean: 3.46368074417
        min: 1.01634454727
        var: 1.88003456593
    spectral_rms:
        dmean: 0.000342118524713
        dmean2: 0.000490323232953
        dvar: 1.57329040462e-07
        dvar2: 3.10950355242e-07
        max: 0.00415022624657
        mean: 0.00193034030963
        min: 0.000151723987074
        var: 3.85224581123e-07
    spectral_rolloff:
        dmean: 546.292053223
        dmean2: 902.03527832
        dvar: 427184.03125
        dvar2: 833599.6875
        max: 4478.90625
        mean: 2827.34448242
        min: 409.130859375
        var: 1215750.375
    spectral_skewness:
        dmean: 0.18640999496
        dmean2: 0.299497514963
        dvar: 0.0282526034862
        dvar2: 0.0604152716696
        max: 2.56577563286
        mean: 1.331620574
        min: 0.669716060162
        var: 0.0670855715871
    spectral_spread:
        dmean: 369694.46875
        dmean2: 582683.3125
        dvar: 377708609536
        dvar2: 509993222144
        max: 14779523
        mean: 4058425.5
        min: 2634981
        var: 596849393664
    spectral_strongpeak:
        dmean: 1.03633725643
        dmean2: 1.63177764416
        dvar: 2.45853614807
        dvar2: 4.73201751709
        max: 14.514509201
        mean: 1.6393378973
        min: 0.0126419877633
        var: 5.02995491028
    zerocrossingrate:
        dmean: 0.0108909429982
        dmean2: 0.0123003628105
        dvar: 0.000101528275991
        dvar2: 0.000130683678435
        max: 0.1708984375
        mean: 0.0898550823331
        min: 0.01953125
        var: 0.000770344107877
    barkbands:
        dmean: [2.59378566625e-07, 5.94278535573e-05, 0.000176849396667, 0.000108478627226, 0.000408724299632, 0.00013104196114, 0.000112029294542, 4.41264237452e-05, 9.24627966015e-05, 0.000248173862929, 6.14042946836e-05, 8.07308751973e-05, 2.67833383987e-05, 3.59324658348e-05, 0.00013756993576, 0.00013923564984, 0.000138128976687, 5.62256682315e-05, 0.000295888341498, 0.000237473708694, 9.96379458229e-05, 1.00093893707e-05, 1.74745616732e-06, 4.69730963459e-07, 2.21386088128e-07, 8.18603318464e-09, 1.1110731224e-09]
        dmean2: [3.84057159408e-07, 0.000104403239675, 0.000285083166091, 0.000181124094524, 0.000671803369187, 0.000211912760278, 0.000196409746422, 7.02633187757e-05, 0.000143316705362, 0.000366997002857, 8.85618574102e-05, 0.000127036008053, 4.27704580943e-05, 5.54483121959e-05, 0.000227521217312, 0.000223026028834, 0.000205425865715, 8.65169204189e-05, 0.000445181358373, 0.000329590839101, 0.000146482561831, 1.52430902745e-05, 2.66241681857e-06, 7.38105370601e-07, 3.46239090732e-07, 1.21492691463e-08, 1.25961274744e-09]
        dvar: [2.23573709459e-13, 1.30275186194e-08, 7.72342900746e-08, 2.22264215921e-08, 4.88594082526e-07, 8.19035648192e-08, 5.60668205196e-08, 3.83616072241e-09, 3.09986525338e-08, 9.5832312752e-08, 1.01593666813e-08, 6.11887500668e-08, 2.61507282495e-09, 3.21731574715e-09, 4.61429330301e-08, 1.04471808982e-07, 5.11804820746e-08, 8.74887540192e-09, 4.8415921583e-07, 2.52788510124e-07, 2.60699550836e-08, 5.39448152814e-10, 1.46287999075e-11, 7.34746573479e-13, 2.28908743089e-13, 5.6035062285e-16, 3.67597290743e-16]
        dvar2: [4.99938144268e-13, 3.57698723974e-08, 1.88002360346e-07, 5.32072306214e-08, 1.29820602979e-06, 2.24856123054e-07, 1.4534101922e-07, 8.9067953013e-09, 6.99204036891e-08, 1.92241245145e-07, 1.69141731732e-08, 1.22634219224e-07, 6.0283427139e-09, 6.42268060957e-09, 1.27937411776e-07, 2.05447278745e-07, 9.49420737584e-08, 2.04249648306e-08, 9.33254682423e-07, 3.86241850947e-07, 5.73020102479e-08, 1.25656685057e-09, 3.34062187635e-11, 1.73986389532e-12, 5.91107729171e-13, 9.19679892646e-16, 3.6729860575e-16]
        max: [2.70548684966e-06, 0.000842190522235, 0.00212835753337, 0.00133499375079, 0.00599204469472, 0.00203375495039, 0.00130736152641, 0.000452681299066, 0.00172342848964, 0.00222585140727, 0.000990285538137, 0.00456471042708, 0.000565382943023, 0.000719380681403, 0.00188979378436, 0.00321221025661, 0.00246968306601, 0.000783943920396, 0.0105342930183, 0.00774997519329, 0.00162080104928, 0.000178249742021, 4.36469163105e-05, 7.52574078433e-06, 3.92738320443e-06, 3.74517810542e-07, 3.98732652229e-07]
        mean: [2.92353149689e-07, 6.92727189744e-05, 0.00026476837229, 0.000181551498827, 0.00060541840503, 0.000178885675268, 0.00011217782594, 7.25331119611e-05, 0.000149369938299, 0.000464558310341, 8.7609536422e-05, 0.000170031722519, 4.02651603508e-05, 6.24546664767e-05, 0.000225267664064, 0.000204489770113, 0.000217129621888, 7.85370430094e-05, 0.00048907258315, 0.00036388123408, 0.000156881462317, 1.52100865307e-05, 3.2749373986e-06, 9.44398777847e-07, 3.41419138294e-07, 9.29439192277e-09, 1.08625464179e-09]
        min: [1.09196984788e-10, 8.36139406601e-08, 7.4165441788e-08, 4.22683910983e-07, 4.80112157675e-06, 9.76165893007e-07, 9.63933530329e-07, 2.51748161872e-07, 7.37564391784e-07, 2.04258594749e-06, 1.40472778298e-07, 1.32433626732e-07, 3.65340042663e-08, 7.67950325553e-07, 3.15613561952e-07, 2.25413316457e-07, 8.7720614772e-08, 6.48316245133e-07, 1.36008338814e-06, 9.96617359306e-07, 5.04408887991e-07, 1.1374085318e-07, 2.74538116685e-08, 6.16100859219e-09, 3.11353920424e-09, 6.08721059669e-11, 7.24192976637e-14]
        var: [2.83304982121e-13, 1.07109627834e-08, 1.2549972439e-07, 4.32230145009e-08, 4.96059442412e-07, 7.17609580647e-08, 4.85313300658e-08, 6.93112456318e-09, 7.61455183351e-08, 2.18075427938e-07, 2.48344225184e-08, 2.94773826681e-07, 4.63211069501e-09, 7.81430031793e-09, 7.95987631363e-08, 2.03216046657e-07, 1.25554052488e-07, 1.1286227064e-08, 9.96742528514e-07, 5.98001179242e-07, 5.02503816335e-08, 6.19149120862e-10, 1.79790245192e-11, 9.88903512029e-13, 2.3562919736e-13, 5.69589528843e-16, 3.67778079338e-16]
    mfcc:
        mean: [-729.837524414, 121.100257874, -50.2703781128, 54.3596878052, -21.0860538483, 1.05945909023, 5.62485170364, -2.3979640007, -0.262249678373, 1.56844997406, -18.0660915375, -14.936296463, -8.51701259613]
        cov: [[1809.89758301, -4.01942443848, -70.0596008301, 138.925186157, 51.2418212891, -5.26198577881, -28.4571781158, -100.828109741, 83.0815429688, 48.1962661743, 36.9102478027, -58.6523361206, 17.6738929749], [-4.01942443848, 319.23223877, 110.357727051, 6.83616065979, 43.6072883606, 52.1843414307, 0.277859210968, -11.4739780426, -2.30100870132, 27.1250705719, 22.8671588898, -29.7135601044, -24.5909767151], [-70.0596008301, 110.357727051, 331.336517334, -3.87733721733, 15.9420833588, 35.7535362244, -36.7688293457, 19.4894618988, -16.9303283691, -23.4485397339, 102.195869446, 29.1416950226, -23.1210803986], [138.925186157, 6.83616065979, -3.87733721733, 142.292236328, 60.8729438782, 21.1609649658, 41.0240898132, 8.10033130646, 40.6944274902, 25.756893158, -36.4538078308, -33.9800071716, -4.33217382431], [51.2418212891, 43.6072883606, 15.9420833588, 60.8729438782, 88.3366851807, 41.4824981689, 24.088344574, 17.2440948486, 28.3079242706, 13.4762372971, -17.2825279236, -18.0853881836, -7.0927233696], [-5.26198577881, 52.1843414307, 35.7535362244, 21.1609649658, 41.4824981689, 79.1643600464, 40.5765151978, 20.1637840271, -0.856169104576, -10.9125843048, -5.63207626343, 0.402885317802, 13.5812759399], [-28.4571781158, 0.277859210968, -36.7688293457, 41.0240898132, 24.088344574, 40.5765151978, 111.484481812, 47.7358474731, 12.8281145096, 12.1298885345, -47.9323272705, -31.7593708038, 14.9102907181], [-100.828109741, -11.4739780426, 19.4894618988, 8.10033130646, 17.2440948486, 20.1637840271, 47.7358474731, 95.9976806641, 34.2401123047, -24.9898815155, -28.537776947, -8.60589027405, -0.127747118473], [83.0815429688, -2.30100870132, -16.9303283691, 40.6944274902, 28.3079242706, -0.856169104576, 12.8281145096, 34.2401123047, 88.6811141968, 34.0408058167, -25.7448673248, -41.6971702576, -26.5168323517], [48.1962661743, 27.1250705719, -23.4485397339, 25.756893158, 13.4762372971, -10.9125843048, 12.1298885345, -24.9898815155, 34.0408058167, 110.667350769, 17.2124633789, -67.1273269653, -49.0821304321], [36.9102478027, 22.8671588898, 102.195869446, -36.4538078308, -17.2825279236, -5.63207626343, -47.9323272705, -28.537776947, -25.7448673248, 17.2124633789, 113.043365479, 39.4917678833, -22.4735279083], [-58.6523361206, -29.7135601044, 29.1416950226, -33.9800071716, -18.0853881836, 0.402885317802, -31.7593708038, -8.60589027405, -41.6971702576, -67.1273269653, 39.4917678833, 157.28704834, 83.6644821167], [17.6738929749, -24.5909767151, -23.1210803986, -4.33217382431, -7.0927233696, 13.5812759399, 14.9102907181, -0.127747118473, -26.5168323517, -49.0821304321, -22.4735279083, 83.6644821167, 133.702926636]]
        icov: [[0.000841890927404, -4.72752581118e-05, 0.000508195837028, -0.000760505383369, -0.000222705988563, 0.000174354718183, -0.000363570521586, 0.00153154239524, -0.00166640791576, 0.00151410105173, -0.00198075198568, 0.00121924257837, -0.000914803764317], [-4.72752581118e-05, 0.0044081164524, -0.00171085016336, 0.0011401923839, -0.00137561396696, -0.00243790261447, 0.000573257100768, 0.00104536290746, 0.000549710413907, -0.00170549715403, 0.0015257652849, 0.000324572465615, 0.00020611823129], [0.000508195837028, -0.00171085016336, 0.00670069735497, -0.00260910671204, 0.000165931371157, -0.00142090511508, 0.00173336721491, -0.00255760992877, -0.000402077392209, 0.00375253055245, -0.00836817268282, 0.00240152701735, -0.000961763900705], [-0.000760505383369, 0.0011401923839, -0.00260910671204, 0.0139066129923, -0.00786549039185, 0.00228015915491, -0.00493751233444, 0.00408823229373, -0.0029026044067, -0.00136105029378, 0.00481105782092, -0.00119161442854, 0.000694322458003], [-0.000222705988563, -0.00137561396696, 0.000165931371157, -0.00786549039185, 0.0236485861242, -0.0114607317373, 0.00451389141381, -0.00361806317233, -0.00131163164042, -0.003684240859, 0.00312109291553, -0.00226876442321, 0.00179379107431], [0.000174354718183, -0.00243790261447, -0.00142090511508, 0.00228015915491, -0.0114607317373, 0.0262603741139, -0.0112959900871, 0.00301037356257, -0.000743020849768, 0.00650576874614, -0.00416400004178, 0.00161483744159, -0.00212562852539], [-0.000363570521586, 0.000573257100768, 0.00173336721491, -0.00493751233444, 0.00451389141381, -0.0112959900871, 0.0240906476974, -0.0146670360118, 0.00908334925771, -0.0104265036061, 0.00629710964859, 0.000943242572248, -0.00257828063332], [0.00153154239524, 0.00104536290746, -0.00255760992877, 0.00408823229373, -0.00361806317233, 0.00301037356257, -0.0146670360118, 0.0281367432326, -0.0160383656621, 0.0131606431678, -0.00274015567265, 0.00187442847528, 0.000861713720951], [-0.00166640791576, 0.000549710413907, -0.000402077392209, -0.0029026044067, -0.00131163164042, -0.000743020849768, 0.00908334925771, -0.0160383656621, 0.0267018303275, -0.0133023560047, 0.00891633890569, -0.00248273438774, 0.00260009965859], [0.00151410105173, -0.00170549715403, 0.00375253055245, -0.00136105029378, -0.003684240859, 0.00650576874614, -0.0104265036061, 0.0131606431678, -0.0133023560047, 0.0275485441089, -0.0165768489242, 0.0106549505144, -0.00156880996656], [-0.00198075198568, 0.0015257652849, -0.00836817268282, 0.00481105782092, 0.00312109291553, -0.00416400004178, 0.00629710964859, -0.00274015567265, 0.00891633890569, -0.0165768489242, 0.0315718837082, -0.0136009147391, 0.00863546971232], [0.00121924257837, 0.000324572465615, 0.00240152701735, -0.00119161442854, -0.00226876442321, 0.00161483744159, 0.000943242572248, 0.00187442847528, -0.00248273438774, 0.0106549505144, -0.0136009147391, 0.0194270517677, -0.0111361276358], [-0.000914803764317, 0.00020611823129, -0.000961763900705, 0.000694322458003, 0.00179379107431, -0.00212562852539, -0.00257828063332, 0.000861713720951, 0.00260009965859, -0.00156880996656, 0.00863546971232, -0.0111361276358, 0.0164533872157]]
    spectral_contrast:
        mean: [1.21979482515e-07, 5.4086935819e-08, -2.48064573327e-08, -4.43508355374e-07, -3.16278004675e-07, 3.9953522446e-07, -2.19807679969e-06, -2.47960855404e-07, -6.63810428847e-09, -6.89861508363e-07, 5.43356520666e-07, 3.31462683789e-06]
        var: [0.000303551321849, 0.000936872791499, 0.0016298443079, 0.00223740004003, 0.00345605355687, 0.00414130929857, 0.035237506032, 0.0596640966833, 0.117505483329, 0.132588177919, 0.383626520634, 1.26920473576]

rhythm:
    beats_loudness:
        dmean: 0.00198135641403
        dmean2: 0.00379519979469
        dvar: 2.72351917374e-06
        dvar2: 6.90567594575e-06
        max: 0.0125494627282
        mean: 0.0076799900271
        min: 0.00459646200761
        var: 4.07692687077e-06
    beats_loudness_bass:
        dmean: 0.0993570908904
        dmean2: 0.173595190048
        dvar: 0.00626722490415
        dvar2: 0.015527994372
        max: 0.278978228569
        mean: 0.099619038403
        min: 0.0162670463324
        var: 0.00669216457754
    bpm: 96.162071228
    bpm_confidence: 0
    first_peak_bpm: 96
    first_peak_spread: 0.066666662693
    first_peak_weight: 0.933333337307
    onset_rate: 3.79813981056
    second_peak_bpm: 0
    second_peak_spread: 0
    second_peak_weight: 0
    beats_position: [0.323031842709, 0.946525454521, 1.57001912594, 2.19351267815, 2.81700634956, 3.44049978256, 4.06399345398, 4.68748664856, 5.31098031998, 5.93447351456, 6.58995962143, 7.21433353424, 7.83870744705, 8.46308135986, 9.08745574951, 9.71182918549]
    bpm_estimates: [96.1800613403, 96.0634994507, 96.3178863525, 95.8857727051, 96.5223388672, 97.1815795898, 96.5715560913, 95.6511535645, 95.8670806885, 96.0966110229, 96.146232605, 96.1537017822, 95.9844055176, 95.930305481, 95.8796081543, 96.2926483154, 96.2782745361, 96.7250289917, 95.9072723389, 95.7923049927, 95.9762954712]
    bpm_intervals: [0.623493611813, 0.623493671417, 0.623493552208, 0.623493671417, 0.623493432999, 0.623493671417, 0.62349319458, 0.623493671417, 0.62349319458, 0.655486106873, 0.624373912811, 0.624373912811, 0.624373912811, 0.624374389648, 0.624373435974]
    onset_times: [0.0464399084449, 0.301859408617, 0.568888902664, 0.615328788757, 0.731428563595, 0.940408170223, 1.2190476656, 1.5673469305, 1.89242625237, 1.92725622654, 2.20589566231, 2.75156474113, 2.80961441994, 3.05342411995, 3.14630389214, 3.34367346764, 3.44816327095, 3.80807256699, 4.07510185242, 4.28408145905, 4.40018129349, 4.71365070343, 4.87619066238, 5.31736946106, 5.66566896439, 5.89786863327, 6.3042178154, 6.57124710083, 6.79183673859, 7.20979595184, 7.54648542404, 7.83673477173, 8.16181373596, 8.47528362274, 8.78875255585, 9.0906124115, 9.4040813446, 9.71755123138]
    rubato_start: []
    rubato_stop: []
    perceptual_tempo: "unknown"

sfx:
    inharmonicity:
        dmean: 0.0525559447706
        dmean2: 0.0932757928967
        dvar: 0.00394810037687
        dvar2: 0.0107597028837
        max: 0.376551419497
        mean: 0.0536668859422
        min: 1.24398284242e-05
        var: 0.00420040916651
    oddtoevenharmonicenergyratio:
        dmean: 3.2322769165
        dmean2: 6.18775177002
        dvar: 393.371765137
        dvar2: 1175.60327148
        max: 273.529296875
        mean: 2.08804059029
        min: 0.0011178633431
        var: 200.587539673
    pitch_after_max_to_before_max_energy_ratio: 0.396492600441
    pitch_centroid: 217.198867798
    pitch_max_to_total: 0.807424604893
    pitch_min_to_total: 0.0371229685843
    tristimulus:
        dmean: [0.184435114264, 0.219920903444, 0.135436803102]
        dmean2: [0.321351319551, 0.379558950663, 0.24031868577]
        dvar: [0.0281406398863, 0.0377121008933, 0.0146386642009]
        dvar2: [0.0726965218782, 0.105774663389, 0.038513019681]
        max: [0.927561163902, 0.975843071938, 0.623162388802]
        mean: [0.338751107454, 0.477095752954, 0.151026323438]
        min: [0.00633746804669, 0, 0]
        var: [0.0481120608747, 0.0526075549424, 0.0214258860797]

tonal:
    chords_changes_rate: 0.0506912432611
    chords_number_rate: 0.0184331797063
    chords_strength:
        dmean: 0.0089100766927
        dmean2: 0.00809587351978
        dvar: 4.24572790507e-05
        dvar2: 5.26863259438e-05
        max: 0.582041859627
        mean: 0.475044429302
        min: 0.361418902874
        var: 0.00212148181163
    key_strength: 0.657302200794
    tuning_diatonic_strength: 0.573896884918
    tuning_equal_tempered_deviation: 0.0161582622677
    tuning_frequency: 441.272583008
    tuning_nontempered_energy_ratio: 0.667102217674
    hpcp:
        dmean: [0.219093248248, 0.20359775424, 0.145466342568, 0.0926822945476, 0.0938895866275, 0.138750106096, 0.155978381634, 0.107740066946, 0.121881231666, 0.153876021504, 0.122388727963, 0.0864858701825, 0.0836682766676, 0.0745338797569, 0.0924382731318, 0.120980806649, 0.0918206498027, 0.0514214672148, 0.0339858494699, 0.0358176343143, 0.0882608741522, 0.160574659705, 0.103567942977, 0.0422916598618, 0.0401909835637, 0.0377962291241, 0.0536000803113, 0.0771545693278, 0.067675344646, 0.111436754465, 0.159295365214, 0.115863889456, 0.0629556104541, 0.0597372055054, 0.0976665019989, 0.211335554719]
        dmean2: [0.390543371439, 0.339083224535, 0.263490378857, 0.159456282854, 0.167535796762, 0.239847302437, 0.268727511168, 0.181168809533, 0.210719034076, 0.268263310194, 0.196803301573, 0.144384980202, 0.142537668347, 0.124419659376, 0.153940826654, 0.195353493094, 0.147642120719, 0.0829214975238, 0.0581328496337, 0.0647560730577, 0.147267565131, 0.269721150398, 0.176291778684, 0.0739877149463, 0.0722275599837, 0.0645485818386, 0.092340528965, 0.137045010924, 0.115390092134, 0.185128375888, 0.262420624495, 0.196696028113, 0.112538047135, 0.0994462147355, 0.170384854078, 0.34657728672]
        dvar: [0.0838173404336, 0.0357668623328, 0.045265417546, 0.0247811563313, 0.0245810896158, 0.0491743534803, 0.0594323948026, 0.0292711220682, 0.0273307170719, 0.0626601353288, 0.0307314600796, 0.0232276786119, 0.0203345175833, 0.0184691343457, 0.0200729928911, 0.0291342288256, 0.0167086217552, 0.00627148151398, 0.00344660691917, 0.00599038042128, 0.0120419580489, 0.0370380543172, 0.0184278581291, 0.0045981509611, 0.00600906508043, 0.00398810720071, 0.00952764507383, 0.0245349016041, 0.0155783277005, 0.023758282885, 0.0403163507581, 0.0290626715869, 0.0139102600515, 0.0109020592645, 0.0237532109022, 0.0422202646732]
        dvar2: [0.189370378852, 0.0845973938704, 0.127049967647, 0.0650135651231, 0.0664536356926, 0.134660318494, 0.148545101285, 0.0765689462423, 0.0665174350142, 0.132953837514, 0.0773853957653, 0.0640540421009, 0.0480778925121, 0.0460607297719, 0.0458418354392, 0.0667377337813, 0.0368201062083, 0.0126746054739, 0.00899604056031, 0.0167463552207, 0.0298739299178, 0.087651848793, 0.0454758666456, 0.0119445454329, 0.0166057609022, 0.0110125085339, 0.0202173758298, 0.0602444708347, 0.0429756529629, 0.0551952831447, 0.090068154037, 0.0715815648437, 0.0378195643425, 0.0286558698863, 0.0657108351588, 0.121088631451]
        max: [1, 1, 1, 1, 0.91617500782, 1, 1, 1, 0.991813898087, 1, 1, 1, 1, 1, 1, 1, 1, 1, 0.409806400537, 0.601671814919, 0.825154662132, 1, 1, 0.429757833481, 0.601205289364, 0.430420219898, 1, 1, 0.80702072382, 1, 1, 1, 1, 1, 1, 1]
        mean: [0.634827077389, 0.402787089348, 0.130172297359, 0.0966932252049, 0.0939479246736, 0.144262701273, 0.177340567112, 0.11642857641, 0.154450416565, 0.221653297544, 0.152706116438, 0.109325960279, 0.109833560884, 0.0816816538572, 0.131148695946, 0.215666860342, 0.167693734169, 0.0694491639733, 0.0337786115706, 0.0353999473155, 0.138431861997, 0.241644218564, 0.148875519633, 0.0417867749929, 0.0369682796299, 0.0390849299729, 0.0723276138306, 0.0877382680774, 0.0653496459126, 0.121481880546, 0.18923394382, 0.132689192891, 0.0632689893246, 0.0627785027027, 0.0988852977753, 0.378687739372]
        min: [0.00340544991195, 0.00137488020118, 0.00187085499056, 0.00139825372025, 0.000993398367427, 0.0012722251704, 0.00116326962598, 0.000826958508696, 0.00190973095596, 0.00256931665353, 0.00222012680024, 0.00175011111423, 0.00230486318469, 0.00281163165346, 0.0014140632702, 0.0014061932452, 0.0011100966949, 0.00104821042623, 0.00114293186925, 0.000218933084398, 0.000287305418169, 0.000613956013694, 0.000990989385173, 0.00108333921526, 0.000584312889259, 0.000726636440959, 0.0014017149806, 0.00164942629635, 0.00103591370862, 0.00213155057281, 0.001545320265, 0.00177742831875, 0.00130217149854, 0.00129128107801, 0.00283787515946, 0.00457756221294]
        var: [0.161028087139, 0.086767911911, 0.0385962203145, 0.0331310071051, 0.0255895443261, 0.0501184239984, 0.0780955255032, 0.0315015763044, 0.0511135607958, 0.113503716886, 0.0458722300828, 0.0286622587591, 0.031033333391, 0.0201260112226, 0.0314322859049, 0.0657598674297, 0.0527908056974, 0.0170641709119, 0.00397294573486, 0.00475807162002, 0.026687964797, 0.0660312399268, 0.0258196759969, 0.00460585951805, 0.0044282656163, 0.00372832687572, 0.0240136645734, 0.0376386195421, 0.0127291688696, 0.0272009260952, 0.0528213605285, 0.0342036634684, 0.011122665368, 0.00953377410769, 0.0180844906718, 0.0741636827588]
    chords_histogram: [34.562210083, 0, 13.3640556335, 0, 0, 0, 0, 0, 0, 0, 0, 0, 0, 0, 0, 0, 0, 0, 0, 42.3963127136, 0, 9.67741966248, 0, 0]
    thpcp: [1, 0.634483158588, 0.205051586032, 0.152314275503, 0.147989794612, 0.227247238159, 0.279352545738, 0.18340203166, 0.243295252323, 0.349155396223, 0.240547582507, 0.172213762999, 0.173013359308, 0.1286675632, 0.206589639187, 0.339725375175, 0.264156550169, 0.109398551285, 0.0532091520727, 0.0557631328702, 0.218062311411, 0.380645722151, 0.234513506293, 0.0658238679171, 0.0582336224616, 0.0615678355098, 0.113932780921, 0.138208135962, 0.10294085741, 0.191362157464, 0.298087388277, 0.209016278386, 0.0996633470058, 0.0988907143474, 0.155767291784, 0.59652107954]
    chords_key: "A"
    chords_scale: "minor"
    key_key: "D"
    key_scale: "major"
    chords_progression: ["D", "D", "D", "D", "D", "D", "D", "D", "D", "D", "D", "D", "D", "D", "D", "D", "D", "D", "D", "Am", "Am", "Am", "Am", "Am", "Am", "Am", "Am", "Am", "Am", "Am", "Am", "Am", "Am", "Am", "Am", "D", "Am", "Am", "Am", "Am", "Am", "Am", "Am", "Am", "Am", "Am", "Am", "Am", "Am", "Am", "Am", "Am", "Am", "Am", "Am", "Am", "Am", "Am", "Am", "Am", "Am", "D", "D", "D", "D", "D", "D", "D", "D", "D", "D", "D", "D", "D", "Am", "Am", "Am", "Am", "Am", "Am", "Am", "Am", "Am", "Am", "Am", "Am", "Am", "Am", "Am", "Am", "Am", "Am", "Am", "Am", "Am", "Am", "Am", "Am", "Am", "Am", "Am", "Am", "Am", "Am", "Am", "Am", "Am", "Am", "Am", "Am", "Am", "Am", "Am", "Am", "Am", "A", "A", "A", "A", "A", "A", "A", "A", "A", "A", "A", "A", "A", "A", "A", "A", "A", "A", "D", "D", "D", "D", "A", "A", "A", "A", "A", "A", "A", "A", "A", "A", "A", "D", "D", "D", "D", "D", "D", "D", "D", "D", "D", "D", "D", "D", "D", "D", "D", "D", "D", "D", "D", "D", "D", "D", "D", "D", "D", "D", "D", "D", "D", "D", "D", "D", "D", "D", "D", "D", "D", "Am", "Am", "Am", "Am", "Am", "Am", "Am", "Am", "Am", "Am", "Em", "Em", "Em", "Em", "Em", "Em", "Em", "Em", "Em", "Em", "Em", "Em", "Em", "Em", "Em", "Em", "Em", "Em", "Em", "Em", "Em"]
