
metadata:
    version:
        essentia: "1.2.2"
    audio_properties:
        analysis_sample_rate: 44100
        bitrate: 128
        channels: 2
        equal_loudness: 1
        length: 10.0048980713
        replay_gain: -4.04102134705
        downmix: "mix"
    tags:
        track: 4
        year: 0
        album: "Splitted by Mp3Splt v. 2.1"
        artist: "From 000.30 To 000.40"
        comment: "http://mp3splt.sf.net"
        genre: ""
        title: "02 We All Stand.mp3"

highlevel:
    ballroom:
        all:
            ChaChaCha: 0.17230348289
            Jive: 0.201901301742
            Quickstep: 0.351978957653
            Rumba-American: 0.00446982029825
            Rumba-International: 0.0118237091228
            Rumba-Misc: 0.00507269706577
            Samba: 0.132721409202
            Tango: 0.0834517553449
            VienneseWaltz: 0.0245863869786
            Waltz: 0.0116904722527
        probability: 0.351978957653
        value: "Quickstep"
    culture:
        all:
            non_western: 0.741411089897
            western: 0.258588910103
        probability: 0.741411089897
        value: "non_western"
    gender:
        all:
            female: 0.955460429192
            male: 0.0445395968854
        probability: 0.955460429192
        value: "female"
    genre_dortmund:
        all:
            alternative: 0.0382021293044
            blues: 0.0558862090111
            electronic: 0.160570085049
            folkcountry: 0.036826428026
            funksoulrnb: 0.0554467774928
            jazz: 0.475175261497
            pop: 0.0516816005111
            raphiphop: 0.0294750910252
            rock: 0.0967364385724
        probability: 0.475175261497
        value: "jazz"
    genre_electronica:
        all:
            ambient: 0.433521658182
            dnb: 0.264449626207
            house: 0.147365659475
            techno: 0.0385150015354
            trance: 0.116148047149
        probability: 0.433521658182
        value: "ambient"
    genre_rosamerica:
        all:
            cla: 0.0972507074475
            dan: 0.0446795150638
            hip: 0.0380618572235
            jaz: 0.193636789918
            pop: 0.404521822929
            rhy: 0.154690951109
            roc: 0.0589703805745
            spe: 0.00818798225373
        probability: 0.404521822929
        value: "pop"
    genre_tzanetakis:
        all:
            blu: 0.0133957182989
            cla: 0.0217711459845
            cou: 0.07593716681
            dis: 0.350906103849
            hip: 0.0185708831996
            jaz: 0.0264278352261
            met: 0.0170524343848
            pop: 0.222321748734
            reg: 0.150059059262
            roc: 0.103557892144
        probability: 0.350906103849
        value: "dis"
    live_studio:
        all:
            live: 0.0627149194479
            studio: 0.937285065651
        probability: 0.937285065651
        value: "studio"
    mood:
        all:
            Cluster1: 0.223123028874
            Cluster2: 0.292132467031
            Cluster3: 0.0954426452518
            Cluster4: 0.133662104607
            Cluster5: 0.255639761686
        probability: 0.292132467031
        value: "Cluster2"
    mood_acoustic:
        all:
            acoustic: 0.0200645271689
            not_acoustic: 0.979935467243
        probability: 0.979935467243
        value: "not_acoustic"
    mood_aggressive:
        all:
            aggressive: 0.120894216001
            not_aggressive: 0.879105806351
        probability: 0.879105806351
        value: "not_aggressive"
    mood_electronic:
        all:
            electronic: 0.5
            not_electronic: 0.5
        probability: 0.5
        value: "electronic"
    mood_happy:
        all:
            happy: 0.638829052448
            not_happy: 0.361170947552
        probability: 0.638829052448
        value: "happy"
    mood_party:
        all:
            not_party: 0.267238289118
            party: 0.73276168108
        probability: 0.73276168108
        value: "party"
    mood_relaxed:
        all:
            not_relaxed: 0.756530344486
            relaxed: 0.243469685316
        probability: 0.756530344486
        value: "not_relaxed"
    mood_sad:
        all:
            not_sad: 0.75802052021
            sad: 0.241979464889
        probability: 0.75802052021
        value: "not_sad"
    rhythm:
        all:
            fast: 0.744839787483
            medium: 0.123037934303
            slow: 0.132122293115
        probability: 0.744839787483
        value: "fast"
    speech_music:
        all:
            music: 0.999467611313
            speech: 0.000532408361323
        probability: 0.999467611313
        value: "music"
    timbre:
        all:
            bright: 0.991973757744
            dark: 0.00802621804178
        probability: 0.991973757744
        value: "bright"
    voice_instrumental:
        all:
            instrumental: 0.891372561455
            voice: 0.108627453446
        probability: 0.891372561455
        value: "instrumental"

lowlevel:
    average_loudness: 0.967673480511
    barkbands_kurtosis:
        dmean: 1.21023404598
        dmean2: 1.86986196041
        dvar: 3.04785871506
        dvar2: 6.80120229721
        max: 14.830286026
        mean: 0.219286218286
        min: -1.82829618454
        var: 5.68348407745
    barkbands_skewness:
        dmean: 0.50257652998
        dmean2: 0.735477030277
        dvar: 0.315877199173
        dvar2: 0.699677884579
        max: 3.55856704712
        mean: -0.050205975771
        min: -2.93380689621
        var: 1.17751550674
    barkbands_spread:
        dmean: 5.79024362564
        dmean2: 9.21666240692
        dvar: 37.3724861145
        dvar2: 86.2297668457
        max: 61.4727706909
        mean: 27.3525524139
        min: 4.77599906921
        var: 111.315574646
    dissonance:
        dmean: 0.0183878596872
        dmean2: 0.0298971626908
        dvar: 0.000319246610161
        dvar2: 0.000758190464694
        max: 0.49944087863
        mean: 0.4629997015
        min: 0.252271294594
        var: 0.00107911904342
    hfc:
        dmean: 4.60422468185
        dmean2: 7.83833408356
        dvar: 88.9472122192
        dvar2: 230.394577026
        max: 57.3980445862
        mean: 6.09436702728
        min: 0.0102869020775
        var: 92.3369369507
    pitch:
        dmean: 535.196533203
        dmean2: 1011.51934814
        dvar: 1109035.125
        dvar2: 2769878.75
        max: 4410
        mean: 699.840332031
        min: 79.4594573975
        var: 1046417.9375
    pitch_instantaneous_confidence:
        dmean: 0.0842160210013
        dmean2: 0.131017372012
        dvar: 0.00607199594378
        dvar2: 0.0127520067617
        max: 0.860838532448
        mean: 0.468707114458
        min: 0.176604986191
        var: 0.0258864294738
    pitch_salience:
        dmean: 0.0696688219905
        dmean2: 0.107783548534
        dvar: 0.00382006843574
        dvar2: 0.00920337345451
        max: 0.879816770554
        mean: 0.556930661201
        min: 0.27264264226
        var: 0.0110640460625
    silence_rate_20dB:
        dmean: 0
        dmean2: 0
        dvar: 0
        dvar2: 0
        max: 1
        mean: 1
        min: 1
        var: 0
    silence_rate_30dB:
        dmean: 0
        dmean2: 0
        dvar: 0
        dvar2: 0
        max: 1
        mean: 1
        min: 1
        var: 0
    silence_rate_60dB:
        dmean: 0.134570762515
        dmean2: 0.269767433405
        dvar: 0.11646091938
        dvar2: 0.201644450426
        max: 1
        mean: 0.724537014961
        min: 0
        var: 0.199583366513
    spectral_centroid:
        dmean: 363.120422363
        dmean2: 551.980895996
        dvar: 162837.140625
        dvar2: 352000.4375
        max: 3882.87353516
        mean: 1731.79016113
        min: 399.250488281
        var: 564379.1875
    spectral_complexity:
        dmean: 3.29302334785
        dmean2: 5.20046615601
        dvar: 22.2118167877
        dvar2: 52.4073753357
        max: 37
        mean: 8.14385128021
        min: 0
        var: 34.8284912109
    spectral_crest:
        dmean: 2.22672367096
        dmean2: 3.66431856155
        dvar: 4.22308683395
        dvar2: 10.5092582703
        max: 18.8286476135
        mean: 7.42092037201
        min: 2.74713301659
        var: 8.56074142456
    spectral_decrease:
        dmean: 3.38101407982e-10
        dmean2: 5.52451973057e-10
        dvar: 4.00997903167e-19
        dvar2: 1.02320525373e-18
        max: -2.86639635638e-12
        mean: -6.12690287394e-10
        min: -3.90913701409e-09
        var: 4.59742279867e-19
    spectral_energy:
        dmean: 0.00167860847432
        dmean2: 0.00277817808092
        dvar: 9.73159239948e-06
        dvar2: 2.45969258685e-05
        max: 0.0172503851354
        mean: 0.00286521203816
        min: 1.17513982332e-05
        var: 1.11962635856e-05
    spectral_energyband_high:
        dmean: 0.000430633634096
        dmean2: 0.000780227943324
        dvar: 8.55162568314e-07
        dvar2: 2.4170949473e-06
        max: 0.00560454744846
        mean: 0.00039662985364
        min: 2.05081263971e-07
        var: 6.25521295206e-07
    spectral_energyband_low:
        dmean: 0.000141948068631
        dmean2: 0.000262358109467
        dvar: 6.30712520433e-07
        dvar2: 1.82082453648e-06
        max: 0.00740225799382
        mean: 0.000132165238028
        min: 2.06268389036e-08
        var: 3.76259322366e-07
    spectral_energyband_middle_high:
        dmean: 0.00100572523661
        dmean2: 0.00159909040667
        dvar: 3.98144538849e-06
        dvar2: 8.81603500602e-06
        max: 0.0143671054393
        mean: 0.00162924523465
        min: 3.99283726438e-06
        var: 6.06091043664e-06
    spectral_energyband_middle_low:
        dmean: 0.000277847226243
        dmean2: 0.00044162987615
        dvar: 4.62845378024e-07
        dvar2: 1.33914807066e-06
        max: 0.00672995951027
        mean: 0.000707174593117
        min: 7.53292852096e-06
        var: 5.61490537621e-07
    spectral_flatness_db:
        dmean: 0.0207683704793
        dmean2: 0.0307699367404
        dvar: 0.000494780077133
        dvar2: 0.00111684249714
        max: 0.315593332052
        mean: 0.166063562036
        min: 0.0712998434901
        var: 0.00188926421106
    spectral_flux:
        dmean: 0.0124970059842
        dmean2: 0.0193132925779
        dvar: 0.000355260650394
        dvar2: 0.00069926440483
        max: 0.121370598674
        mean: 0.0295236278325
        min: 0.00342803122476
        var: 0.000552896235604
    spectral_kurtosis:
        dmean: 1.69191837311
        dmean2: 2.8151473999
        dvar: 3.5781056881
        dvar2: 8.31719589233
        max: 21.8586006165
        mean: 4.51170063019
        min: 0.383057117462
        var: 7.86691999435
    spectral_rms:
        dmean: 0.00040272861952
        dmean2: 0.000627619796433
        dvar: 3.82224726536e-07
        dvar2: 9.01415887711e-07
        max: 0.00410239491612
        mean: 0.00147605675738
        min: 0.000107073705294
        var: 6.16584543423e-07
    spectral_rolloff:
        dmean: 511.438873291
        dmean2: 856.057495117
        dvar: 295864.40625
        dvar2: 629807
        max: 5038.76953125
        mean: 3136.60375977
        min: 322.998046875
        var: 1110140.625
    spectral_skewness:
        dmean: 0.231820642948
        dmean2: 0.380256444216
        dvar: 0.0501119941473
        dvar2: 0.113551862538
        max: 3.52785515785
        mean: 1.43024027348
        min: 0.388657689095
        var: 0.167577654123
    spectral_spread:
        dmean: 800001.6875
        dmean2: 1136926.625
        dvar: 1.10328256922e+12
        dvar2: 2.22821770854e+12
        max: 10388364
        mean: 4357602.5
        min: 1836951.5
        var: 3.2808721449e+12
    spectral_strongpeak:
        dmean: 0.576426923275
        dmean2: 0.972829937935
        dvar: 1.04657351971
        dvar2: 2.28129673004
        max: 7.94287490845
        mean: 1.01825499535
        min: 0.00617818767205
        var: 2.27141451836
    zerocrossingrate:
        dmean: 0.0109874634072
        dmean2: 0.0126110864803
        dvar: 9.35485295486e-05
        dvar2: 0.000117126968689
        max: 0.1865234375
        mean: 0.0951967164874
        min: 0.0126953125
        var: 0.000947716529481
    barkbands:
        dmean: [4.40933192181e-08, 4.0598664782e-05, 0.00010741011647, 8.21047578938e-05, 0.000108514759631, 8.6162086518e-05, 2.59603875747e-05, 4.14768437622e-05, 5.13387385581e-05, 2.35034858633e-05, 3.18782877002e-05, 3.56057862518e-05, 4.67938225484e-05, 6.86195926392e-05, 0.000165575154824, 0.000161005111295, 0.000105287705082, 0.000288031384116, 0.00019590643933, 0.000631172966678, 6.1966922658e-05, 1.49771813085e-05, 3.90471404899e-06, 1.66497966347e-06, 1.08149856715e-06, 8.07793085755e-08, 6.77166989149e-10]
        dmean2: [7.53760858174e-08, 7.15877322364e-05, 0.000201998322154, 0.000151281768922, 0.000163423581398, 0.000124521757243, 4.20505384682e-05, 6.6058448283e-05, 7.84648655099e-05, 3.80652927561e-05, 4.9177728215e-05, 6.01940992055e-05, 6.9335612352e-05, 8.80021834746e-05, 0.000206459793844, 0.000220754358452, 0.000182181000127, 0.000472934509162, 0.000346603483194, 0.00118338491302, 9.99096955638e-05, 2.50745888479e-05, 6.34137995803e-06, 2.57405349657e-06, 1.67643463556e-06, 1.29013031369e-07, 1.13718801042e-09]
        dvar: [3.75940936909e-14, 4.24458370674e-08, 4.10141069551e-07, 1.00567177697e-07, 5.38999529454e-08, 2.69181246182e-08, 1.90958071578e-09, 5.19459542048e-09, 5.56377655059e-09, 1.34957656162e-09, 2.55628407331e-09, 5.15042586358e-09, 6.92851065409e-09, 1.60563722318e-08, 1.48958875457e-07, 1.07822074824e-07, 5.18296481289e-08, 4.67690568939e-07, 3.78000265755e-07, 2.27657301366e-06, 1.74979124523e-08, 1.71485314837e-09, 6.252134227e-11, 1.13570567881e-11, 5.19689759976e-12, 3.74400658317e-14, 2.27987292957e-18]
        dvar2: [1.145133928e-13, 1.18345155897e-07, 1.22417134207e-06, 3.06640515646e-07, 1.40791911463e-07, 7.01318825236e-08, 5.28133003996e-09, 1.39174343161e-08, 1.26268639988e-08, 3.31450222824e-09, 5.31993871178e-09, 1.27135137973e-08, 1.19744019145e-08, 2.52424108282e-08, 1.91697324681e-07, 1.7078060921e-07, 1.32118955776e-07, 1.14346187274e-06, 1.07995276721e-06, 6.69930295771e-06, 4.54245352444e-08, 4.68486138772e-09, 1.5211425175e-10, 2.44143837091e-11, 1.02629666918e-11, 8.43756827102e-14, 6.07645140902e-18]
        max: [2.23575398195e-06, 0.00231032352895, 0.00573173258454, 0.00290958629921, 0.00213533639908, 0.00197789026424, 0.000423680408858, 0.000628295063507, 0.000777797889896, 0.000464361393824, 0.000525532988831, 0.000689944426995, 0.00133382715285, 0.00147816666868, 0.00399961043149, 0.00279929069802, 0.00174231640995, 0.00560127105564, 0.00557741848752, 0.0090096052736, 0.000992120243609, 0.000352062401362, 7.82064234954e-05, 3.0250470445e-05, 2.20521178562e-05, 1.83036854651e-06, 1.0952370566e-08]
        mean: [4.92702412203e-08, 4.22875855293e-05, 8.98290163605e-05, 9.58558885031e-05, 0.000242277033976, 0.000169776394614, 3.9160495362e-05, 6.06415087532e-05, 9.66406150837e-05, 3.49869915226e-05, 5.62162240385e-05, 4.80309863633e-05, 7.60050097597e-05, 0.00010543091048, 0.000231100828387, 0.000204640673473, 0.000124180645798, 0.000318345788401, 0.000202849594643, 0.000526640855242, 7.59142712923e-05, 1.51969125e-05, 5.03242154082e-06, 2.47733009928e-06, 1.5489024463e-06, 9.85764998518e-08, 6.0294458315e-10]
        min: [8.28420925608e-12, 7.64501795203e-10, 1.98542515761e-08, 7.15926802286e-08, 1.87479304259e-06, 9.69120719674e-07, 1.08166773316e-07, 1.06988750304e-07, 1.51523113345e-06, 1.59064370564e-07, 3.01034468464e-08, 1.93528293835e-07, 4.17673305719e-07, 2.76905289809e-08, 3.2192957633e-08, 7.51109130448e-09, 5.56563747978e-07, 1.16596076793e-07, 1.68759214603e-07, 1.03808545759e-07, 1.17430943192e-07, 4.88038898183e-09, 2.15426565475e-09, 3.09899078621e-10, 1.01867340951e-10, 3.62970487e-11, 1.28458647799e-12]
        var: [3.71865963044e-14, 3.21313180507e-08, 2.16884672e-07, 6.02801790706e-08, 1.30969354473e-07, 5.36806474827e-08, 2.78356315775e-09, 7.07780634102e-09, 1.53988946039e-08, 3.60197205396e-09, 5.95634341849e-09, 8.18385981205e-09, 1.59283022327e-08, 4.11403959788e-08, 3.64007746612e-07, 2.04575755447e-07, 4.81866777591e-08, 4.55794946674e-07, 2.7334584729e-07, 1.58001626005e-06, 1.70298193325e-08, 1.32219002413e-09, 1.02961972281e-10, 2.63514939036e-11, 1.22092752575e-11, 6.34221611318e-14, 2.22568329367e-18]
    mfcc:
        mean: [-760.890441895, 115.288497925, -60.0547790527, 53.6200332642, -16.3353118896, -4.55131387711, -1.15930688381, -9.90878772736, -7.65657520294, -2.78414463997, -7.38884782791, -8.00396823883, -7.0744137764]
        cov: [[2848.16186523, -1005.90637207, -37.2960090637, -30.9580211639, 172.185562134, -46.8115005493, 27.9436130524, -8.25199317932, 160.408782959, 39.3291816711, 88.2756958008, 3.27600073814, 67.8613128662], [-1005.90637207, 1307.88635254, -297.540618896, 81.5357437134, -126.439781189, -44.9968566895, 1.36122012138, 48.9493713379, -135.881744385, -55.2370567322, -67.0123901367, -19.6961650848, -23.6328048706], [-37.2960090637, -297.540618896, 767.324951172, -106.220954895, 109.752799988, -4.39769458771, -14.2891292572, 47.1787490845, 50.8493652344, -60.0807228088, 70.2001571655, 152.717758179, 47.1818008423], [-30.9580211639, 81.5357437134, -106.220954895, 287.254058838, 46.2213668823, 7.15998840332, -31.3737697601, -36.3919258118, -8.78548812866, 62.1631126404, 6.02817726135, -10.8635568619, -1.48078870773], [172.185562134, -126.439781189, 109.752799988, 46.2213668823, 150.152236938, 39.4659690857, 13.0120773315, 6.93995428085, 25.9282913208, 19.9950580597, 42.5385437012, 26.3986282349, 23.0058670044], [-46.8115005493, -44.9968566895, -4.39769458771, 7.15998840332, 39.4659690857, 100.331001282, 35.7289886475, -6.63050174713, 6.97730875015, 16.3163871765, 8.4547252655, -10.5043668747, -0.00631637591869], [27.9436130524, 1.36122012138, -14.2891292572, -31.3737697601, 13.0120773315, 35.7289886475, 87.2507324219, 37.1673851013, -5.50199174881, 0.710074186325, 2.43741941452, -16.4137439728, -3.56943702698], [-8.25199317932, 48.9493713379, 47.1787490845, -36.3919258118, 6.93995428085, -6.63050174713, 37.1673851013, 99.1064147949, 24.3497123718, -21.406452179, 0.694498181343, 16.9717617035, 1.79808950424], [160.408782959, -135.881744385, 50.8493652344, -8.78548812866, 25.9282913208, 6.97730875015, -5.50199174881, 24.3497123718, 83.3220825195, 35.6310806274, 18.0710010529, 9.76247882843, 9.94128227234], [39.3291816711, -55.2370567322, -60.0807228088, 62.1631126404, 19.9950580597, 16.3163871765, 0.710074186325, -21.406452179, 35.6310806274, 104.601196289, 30.7751617432, -30.4253520966, 3.12137842178], [88.2756958008, -67.0123901367, 70.2001571655, 6.02817726135, 42.5385437012, 8.4547252655, 2.43741941452, 0.694498181343, 18.0710010529, 30.7751617432, 81.3510742188, 54.9743423462, 18.7863864899], [3.27600073814, -19.6961650848, 152.717758179, -10.8635568619, 26.3986282349, -10.5043668747, -16.4137439728, 16.9717617035, 9.76247882843, -30.4253520966, 54.9743423462, 127.833747864, 35.481918335], [67.8613128662, -23.6328048706, 47.1818008423, -1.48078870773, 23.0058670044, -0.00631637591869, -3.56943702698, 1.79808950424, 9.94128227234, 3.12137842178, 18.7863864899, 35.481918335, 58.0073928833]]
        icov: [[0.000679479911923, 0.000468291953439, 0.000444417877588, -0.000109592547233, -0.000611604482401, 0.00110558059532, -0.000736037269235, 0.000452160922578, -0.0012121751206, 0.00120096560568, -0.000887466710992, 0.000524635252077, -0.000675391871482], [0.000468291953439, 0.00153570831753, 0.000647259876132, -0.000369407789549, 0.000145319208968, 0.000567144248635, 0.00021284414106, -0.00148531189188, 0.00151801574975, 0.000270068703685, -7.4548937846e-05, -0.000195432294277, -0.000587512331549], [0.000444417877588, 0.000647259876132, 0.00251031923108, 0.000673712405842, -0.00180686160456, 0.000913341005798, 0.000113759415399, -0.000276668171864, -0.000917942845263, 0.00127222773153, -0.000342862709658, -0.00175757671241, -0.000273594196187], [-0.000109592547233, -0.000369407789549, 0.000673712405842, 0.00557743711397, -0.00294071878307, -0.000180886607268, 0.00242556934245, -0.000162241252838, 0.00258724810556, -0.00512309605256, 0.00310809304938, -0.00257154530846, 0.00129130703863], [-0.000611604482401, 0.000145319208968, -0.00180686160456, -0.00294071878307, 0.0121594863012, -0.00448295101523, -0.00010265113815, -0.00139969412703, -0.000327156012645, 0.00137503398582, -0.00476369028911, 0.00234139780514, -0.00252393516712], [0.00110558059532, 0.000567144248635, 0.000913341005798, -0.000180886607268, -0.00448295101523, 0.0161461569369, -0.00876583345234, 0.00548150250688, -0.00465440703556, 0.00194241723511, -0.000613093259744, 0.000470904895337, -0.000135777125251], [-0.000736037269235, 0.00021284414106, 0.000113759415399, 0.00242556934245, -0.00010265113815, -0.00876583345234, 0.0225012246519, -0.012076260522, 0.00953372567892, -0.00436458224431, -0.00117363664322, 0.00262826797552, 8.92732714419e-05], [0.000452160922578, -0.00148531189188, -0.000276668171864, -0.000162241252838, -0.00139969412703, 0.00548150250688, -0.012076260522, 0.0207416675985, -0.0129020502791, 0.00700934231281, -0.000522797869053, -0.00082176993601, 0.000762414652854], [-0.0012121751206, 0.00151801574975, -0.000917942845263, 0.00258724810556, -0.000327156012645, -0.00465440703556, 0.00953372567892, -0.0129020502791, 0.0282588563859, -0.0154251791537, 0.00602193269879, -0.00440951576456, 0.000699024472851], [0.00120096560568, 0.000270068703685, 0.00127222773153, -0.00512309605256, 0.00137503398582, 0.00194241723511, -0.00436458224431, 0.00700934231281, -0.0154251791537, 0.0285631623119, -0.0180493816733, 0.0135120823979, -0.00480447895825], [-0.000887466710992, -7.4548937846e-05, -0.000342862709658, 0.00310809304938, -0.00476369028911, -0.000613093259744, -0.00117363664322, -0.000522797869053, 0.00602193269879, -0.0180493816733, 0.0329257175326, -0.0184163469821, 0.00373999215662], [0.000524635252077, -0.000195432294277, -0.00175757671241, -0.00257154530846, 0.00234139780514, 0.000470904895337, 0.00262826797552, -0.00082176993601, -0.00440951576456, 0.0135120823979, -0.0184163469821, 0.0234767030925, -0.00843804702163], [-0.000675391871482, -0.000587512331549, -0.000273594196187, 0.00129130703863, -0.00252393516712, -0.000135777125251, 8.92732714419e-05, 0.000762414652854, 0.000699024472851, -0.00480447895825, 0.00373999215662, -0.00843804702163, 0.0231171566993]]
    spectral_contrast:
        mean: [1.11568553507e-07, -2.00900970526e-07, 1.11412973069e-07, -4.26014167942e-07, -7.95881049953e-08, -2.26490740829e-07, 2.83778945231e-07, 2.07274797503e-06, 4.21153163188e-06, -1.15060473149e-07, -1.91896538126e-06, -3.10110112878e-06]
        var: [0.000402476493036, 0.000771498540416, 0.00183053000364, 0.00256678741425, 0.0052018170245, 0.00857885088772, 0.0518019422889, 0.121468752623, 0.181686237454, 0.375290811062, 0.57938605547, 1.97312355042]

rhythm:
    beats_loudness:
        dmean: 0.00204018130898
        dmean2: 0.00345661304891
        dvar: 4.8790548135e-06
        dvar2: 1.29627296701e-05
        max: 0.00918546039611
        mean: 0.00258493958972
        min: 0.000173627748154
        var: 4.42344662588e-06
    beats_loudness_bass:
        dmean: 0.101575903594
        dmean2: 0.191725149751
        dvar: 0.00920152571052
        dvar2: 0.0322902016342
        max: 0.363800793886
        mean: 0.0750876069069
        min: 0.000610763672739
        var: 0.00774802546948
    bpm: 93.5416641235
    bpm_confidence: 0
    first_peak_bpm: 190
    first_peak_spread: 0
    first_peak_weight: 0.75
    onset_rate: 4.49779701233
    second_peak_bpm: 94
    second_peak_spread: 0
    second_peak_weight: 0.208333328366
    beats_position: [0.11012417078, 0.425142616034, 0.740161001682, 1.05517947674, 1.37019789219, 1.68521630764, 2.00023460388, 2.31525301933, 2.63027143478, 2.94528985023, 3.2603085041, 3.57532691956, 3.89034533501, 4.20536375046, 4.52038240433, 4.83540058136, 5.15041923523, 5.46543741226, 5.78045606613, 6.19332885742, 6.83477306366, 7.4762172699, 8.11766147614, 8.75910568237, 9.40055084229]
    bpm_estimates: [93.1725921631, 94.5921707153, 93.7300949097, 93.390586853, 93.1447143555, 93.2198104858]
    bpm_intervals: [0.315018445253, 0.315018385649, 0.315018475056, 0.315018415451, 0.315018415451, 0.315018296242, 0.315018415451, 0.315018415451, 0.315018415451, 0.31501865387, 0.315018415451, 0.315018415451, 0.315018415451, 0.31501865387, 0.315018177032, 0.31501865387, 0.315018177032, 0.31501865387, 0.41287279129, 0.641444206238, 0.641444206238, 0.641444206238, 0.641444206238, 0.641445159912]
    onset_times: [0.0580498874187, 0.150929704309, 0.18575963378, 0.220589563251, 0.53405892849, 0.847528338432, 1.04489791393, 1.20743763447, 1.34675741196, 1.48607707024, 1.79954648018, 2.14784574509, 2.46131515503, 2.79800462723, 3.12308382988, 3.45977330208, 3.63392281532, 3.79646253586, 3.94739222527, 4.08671188354, 4.40018129349, 4.72526073456, 4.91102027893, 5.0387301445, 5.36380958557, 5.67727899551, 5.99074840546, 6.18811798096, 6.31582784653, 6.35065746307, 6.5015873909, 6.64090681076, 6.79183673859, 6.9543762207, 7.27945566177, 7.61614513397, 7.92961454391, 8.26630401611, 8.57977294922, 8.76553249359, 8.92807292938, 9.04417228699, 9.21832180023, 9.53179168701, 9.86848068237]
    rubato_start: [6.83477306366]
    rubato_stop: [9.40055084229]
    perceptual_tempo: "unknown"

sfx:
    inharmonicity:
        dmean: 0.058921597898
        dmean2: 0.102688126266
        dvar: 0.00409857043996
        dvar2: 0.0115375919268
        max: 0.389700114727
        mean: 0.0585780255497
        min: 0.000175945722731
        var: 0.00445887679234
    oddtoevenharmonicenergyratio:
        dmean: 6.67328882217
        dmean2: 12.7294063568
        dvar: 669.305664062
        dvar2: 1993.60046387
        max: 296.57522583
        mean: 4.1279335022
        min: 0.00182659574784
        var: 357.898406982
    pitch_after_max_to_before_max_energy_ratio: 7.88594388962
    pitch_centroid: 216.648834229
    pitch_max_to_total: 0.116009280086
    pitch_min_to_total: 0.0997679829597
    tristimulus:
        dmean: [0.190861135721, 0.258191943169, 0.146931871772]
        dmean2: [0.330085068941, 0.44562214613, 0.261619836092]
        dvar: [0.0328442342579, 0.0479703061283, 0.021823219955]
        dvar2: [0.083907328546, 0.123412415385, 0.0607850179076]
        max: [0.933908700943, 0.996321558952, 0.763593375683]
        mean: [0.32745808363, 0.463014602661, 0.145222455263]
        min: [0.00367848970927, 0, 0]
        var: [0.0523338057101, 0.0734933167696, 0.0253579746932]

tonal:
    chords_changes_rate: 0.0645161271095
    chords_number_rate: 0.0276497695595
    chords_strength:
        dmean: 0.00951047427952
        dmean2: 0.00853630993515
        dvar: 5.88456205151e-05
        dvar2: 4.98279441672e-05
        max: 0.72312182188
        mean: 0.466121703386
        min: 0.298909813166
        var: 0.00965723767877
    key_strength: 0.718513071537
    tuning_diatonic_strength: 0.587954103947
    tuning_equal_tempered_deviation: 0.144275188446
    tuning_frequency: 444.598632812
    tuning_nontempered_energy_ratio: 0.726397097111
    hpcp:
        dmean: [0.0691816955805, 0.0480708405375, 0.0720608755946, 0.121106557548, 0.095825843513, 0.117188967764, 0.209685713053, 0.172807514668, 0.152908504009, 0.155156478286, 0.139789476991, 0.137927189469, 0.176095411181, 0.172939613461, 0.149249002337, 0.0997521728277, 0.0826470032334, 0.103216603398, 0.146495088935, 0.146880179644, 0.121534489095, 0.190962567925, 0.14261226356, 0.0929626002908, 0.143094137311, 0.147283107042, 0.126426368952, 0.160901769996, 0.141079887748, 0.0970939695835, 0.0738549306989, 0.0704366639256, 0.108593314886, 0.17589277029, 0.141405314207, 0.0884976536036]
        dmean2: [0.114703573287, 0.0804159268737, 0.11897431314, 0.194056138396, 0.153385803103, 0.187028035522, 0.331824362278, 0.274370908737, 0.262114912271, 0.277120500803, 0.247932985425, 0.226164311171, 0.269779443741, 0.289986789227, 0.244629114866, 0.170006513596, 0.144575282931, 0.175446122885, 0.24202542007, 0.218288719654, 0.199626863003, 0.321213513613, 0.233619868755, 0.15872246027, 0.237309396267, 0.248841926455, 0.207515627146, 0.260211378336, 0.23541085422, 0.165667429566, 0.126649290323, 0.121523745358, 0.171746402979, 0.28592261672, 0.226859688759, 0.137692540884]
        dvar: [0.0164643786848, 0.00384419085458, 0.00659973733127, 0.0300522521138, 0.0158856790513, 0.0154284583405, 0.0443952865899, 0.0287596378475, 0.0470795854926, 0.047333188355, 0.0425402000546, 0.0279440451413, 0.0371916294098, 0.044064912945, 0.0315695255995, 0.0211215764284, 0.0155919771641, 0.0167853031307, 0.0357424803078, 0.0303274877369, 0.0230273324996, 0.0588188134134, 0.0335821174085, 0.0218925792724, 0.0253779049963, 0.0291395056993, 0.0246363114566, 0.036479908973, 0.0331894233823, 0.0287762619555, 0.0131946159527, 0.0173184238374, 0.016417959705, 0.0383590944111, 0.0252529960126, 0.0155483018607]
        dvar2: [0.0402289219201, 0.0097836330533, 0.0151087120175, 0.0592613369226, 0.030731447041, 0.0349721126258, 0.095388263464, 0.0752916634083, 0.122160062194, 0.117858089507, 0.107870623469, 0.0692609399557, 0.0929443016648, 0.0925273969769, 0.0772574692965, 0.0593979358673, 0.0332691557705, 0.046158734709, 0.0896688699722, 0.0766719728708, 0.0508285313845, 0.150976628065, 0.0823210701346, 0.0493680387735, 0.0622304826975, 0.0680696517229, 0.06312482059, 0.0942020565271, 0.0878757759929, 0.0769614800811, 0.0347645543516, 0.045231025666, 0.0366526283324, 0.0906335189939, 0.0581707917154, 0.0344573371112]
        max: [1, 0.444975048304, 0.531889557838, 1, 1, 1, 1, 1, 1, 1, 1, 1, 1, 1, 1, 1, 1, 0.659574627876, 1, 1, 1, 1, 0.965538024902, 1, 1, 1, 1, 1, 1, 1, 0.842208445072, 1, 1, 1, 1, 0.969072341919]
        mean: [0.0798067599535, 0.0635016188025, 0.143993318081, 0.270869851112, 0.209948197007, 0.242442294955, 0.466622114182, 0.350297659636, 0.160048127174, 0.159052163363, 0.139535412192, 0.172048404813, 0.301843941212, 0.320790439844, 0.199575439095, 0.112618625164, 0.0870268419385, 0.128799811006, 0.240726396441, 0.253810405731, 0.222474530339, 0.269092649221, 0.19107414782, 0.120760090649, 0.193843126297, 0.194381549954, 0.189006686211, 0.280003249645, 0.227226227522, 0.107672549784, 0.0851450711489, 0.0765616968274, 0.154041096568, 0.289865583181, 0.264951318502, 0.144319906831]
        min: [0.000549398886506, 0.000884673616383, 0.000890641182195, 0.000980109442025, 0.000453924556496, 0, 0, 0, 0.000674658804201, 0.0011652498506, 0.000587099289987, 0.00169277389068, 0.00347462319769, 0.00972528383136, 0.00547810504213, 0.000835165556055, 0.000195052169147, 0.000274222897133, 0.000836767780129, 0.00236100051552, 0.00149481778499, 0.00157098914497, 0.00106767530087, 0, 0.000809481949545, 0.00107184483204, 0.00320450332947, 0.00288681010716, 0.0034023814369, 0.00070059124846, 9.97386378003e-05, 0.0002319967316, 0.000510310463142, 0.00625077821314, 0.00524388486519, 0.00157824379858]
        var: [0.0171547587961, 0.00535884918645, 0.0198057740927, 0.110530182719, 0.0673950091004, 0.0360271595418, 0.115341983736, 0.061720829457, 0.0496083498001, 0.0485911183059, 0.0381883978844, 0.0357930324972, 0.0861501395702, 0.107172578573, 0.0534893684089, 0.0207488331944, 0.0170986894518, 0.0243754908442, 0.0783841535449, 0.0754519328475, 0.06081308797, 0.0862728655338, 0.046070754528, 0.0318955592811, 0.0513831563294, 0.0550583861768, 0.0375232286751, 0.0928451269865, 0.0633557066321, 0.0339601151645, 0.0159465260804, 0.0161441769451, 0.0256312452257, 0.0775882899761, 0.0644632354379, 0.0269653033465]
    chords_histogram: [20.7373275757, 0, 1.84331798553, 0.921658992767, 0, 0, 0, 0, 0, 0, 0, 0, 0, 0, 0, 0, 0, 1.84331798553, 0, 0, 0, 13.3640556335, 33.1797218323, 28.1105995178]
    thpcp: [1, 0.750709533691, 0.342993021011, 0.340858608484, 0.299033015966, 0.368710339069, 0.646870195866, 0.687473714352, 0.427702486515, 0.241348668933, 0.186503902078, 0.276025950909, 0.515891551971, 0.543931365013, 0.476776659489, 0.576682150364, 0.409483700991, 0.258796334267, 0.415417790413, 0.416571676731, 0.405052989721, 0.600064277649, 0.486959844828, 0.230748921633, 0.182471141219, 0.164076447487, 0.33011958003, 0.621199846268, 0.567807018757, 0.309286475182, 0.171030819416, 0.13608789444, 0.30858656764, 0.58049082756, 0.449931949377, 0.519568800926]
    chords_key: "E"
    chords_scale: "major"
    key_key: "B"
    key_scale: "major"
    chords_progression: ["E", "E", "E", "E", "E", "E", "E", "E", "E", "E", "E", "E", "E", "E", "E", "E", "E", "E", "E", "E", "E", "E", "E", "E", "E", "E", "E", "E", "C#m", "C#m", "C#m", "C#m", "C#m", "C#m", "C#m", "C#m", "C#m", "C#m", "C#m", "G#m", "G#m", "G#m", "A#m", "A#m", "G#m", "G#m", "G#m", "G#m", "G#m", "G#m", "G#m", "G#m", "G#m", "G#m", "G#m", "G#m", "G#m", "G#m", "G#m", "G#m", "G#m", "G#m", "G#m", "G#m", "G#m", "G#m", "G#m", "G#m", "G#m", "G#m", "G#m", "G#m", "G#m", "B", "B", "B", "B", "B", "B", "B", "B", "B", "B", "B", "B", "B", "B", "B", "B", "B", "B", "B", "B", "B", "B", "B", "F#", "F#", "F#", "F#", "C#m", "C#m", "C#m", "C#m", "C#m", "C#m", "C#m", "C#m", "C#m", "C#m", "C#m", "C#m", "C#m", "C#m", "C#m", "C#m", "C#m", "C#m", "E", "E", "E", "E", "E", "E", "E", "E", "E", "E", "E", "E", "E", "E", "E", "E", "E", "E", "E", "E", "E", "E", "E", "E", "E", "E", "E", "E", "E", "E", "E", "G#m", "G#m", "G#m", "G#m", "G#m", "G#m", "G#m", "G#m", "G#m", "G#m", "G#m", "G#m", "G#m", "G#m", "G#m", "G#m", "G#m", "G#m", "G#m", "G#m", "G#m", "G#m", "G#m", "G#m", "G#m", "G#m", "G#m", "G#m", "G#m", "E", "E", "E", "E", "E", "E", "E", "E", "E", "E", "B", "B", "B", "B", "B", "B", "B", "B", "B", "B", "B", "B", "B", "B", "B", "B", "B", "B", "B", "B", "B", "B", "Bm", "Bm", "E", "E", "E", "Bm", "Bm"]
