
metadata:
    version:
        essentia: "1.2.2"
    audio_properties:
        analysis_sample_rate: 44100
        bitrate: 128
        channels: 2
        equal_loudness: 1
        length: 10.0048980713
        replay_gain: -6.97491455078
        downmix: "mix"
    tags:
        track: 4
        year: 0
        album: "Splitted by Mp3Splt v. 2.1"
        artist: "From 000.30 To 000.40"
        comment: "http://mp3splt.sf.net"
        genre: ""
        title: "09 Money Changes Everything.mp"

highlevel:
    ballroom:
        all:
            ChaChaCha: 0.224539667368
            Jive: 0.476689130068
            Quickstep: 0.0761184245348
            Rumba-American: 0.000715099740773
            Rumba-International: 0.00257420213893
            Rumba-Misc: 0.000790999096353
            Samba: 0.210626319051
            Tango: 0.00148630444892
            VienneseWaltz: 0.0045897224918
            Waltz: 0.00187013065442
        probability: 0.476689130068
        value: "Jive"
    culture:
        all:
            non_western: 0.29893168807
            western: 0.701068341732
        probability: 0.701068341732
        value: "western"
    gender:
        all:
            female: 0.191212043166
            male: 0.808787941933
        probability: 0.808787941933
        value: "male"
    genre_dortmund:
        all:
            alternative: 0.113421648741
            blues: 0.0361091308296
            electronic: 0.101507000625
            folkcountry: 0.0578323192894
            funksoulrnb: 0.00740571971983
            jazz: 0.0562188625336
            pop: 0.0766557306051
            raphiphop: 0.0513491891325
            rock: 0.499500393867
        probability: 0.499500393867
        value: "rock"
    genre_electronica:
        all:
            ambient: 0.0910536795855
            dnb: 0.620599031448
            house: 0.131060063839
            techno: 0.0597931779921
            trance: 0.097494058311
        probability: 0.620599031448
        value: "dnb"
    genre_rosamerica:
        all:
            cla: 0.0715208128095
            dan: 0.294890105724
            hip: 0.0624769665301
            jaz: 0.0123027898371
            pop: 0.170037299395
            rhy: 0.0283708386123
            roc: 0.354906022549
            spe: 0.00549517432228
        probability: 0.354906022549
        value: "roc"
    genre_tzanetakis:
        all:
            blu: 0.00417816545814
            cla: 0.00633496139199
            cou: 0.069961130619
            dis: 0.178813815117
            hip: 0.0196365639567
            jaz: 0.0297178979963
            met: 0.198548182845
            pop: 0.0831690207124
            reg: 0.0147486366332
            roc: 0.394891619682
        probability: 0.394891619682
        value: "roc"
    live_studio:
        all:
            live: 0.0102978497744
            studio: 0.989702165127
        probability: 0.989702165127
        value: "studio"
    mood:
        all:
            Cluster1: 0.393379360437
            Cluster2: 0.256857842207
            Cluster3: 0.0486866757274
            Cluster4: 0.0621379353106
            Cluster5: 0.238938182592
        probability: 0.393379360437
        value: "Cluster1"
    mood_acoustic:
        all:
            acoustic: 0.00773064978421
            not_acoustic: 0.992269337177
        probability: 0.992269337177
        value: "not_acoustic"
    mood_aggressive:
        all:
            aggressive: 0.883553445339
            not_aggressive: 0.116446562111
        probability: 0.883553445339
        value: "aggressive"
    mood_electronic:
        all:
            electronic: 0.733300089836
            not_electronic: 0.266699880362
        probability: 0.733300089836
        value: "electronic"
    mood_happy:
        all:
            happy: 0.318548023701
            not_happy: 0.681451976299
        probability: 0.681451976299
        value: "not_happy"
    mood_party:
        all:
            not_party: 0.345628559589
            party: 0.654371440411
        probability: 0.654371440411
        value: "party"
    mood_relaxed:
        all:
            not_relaxed: 0.852913796902
            relaxed: 0.147086203098
        probability: 0.852913796902
        value: "not_relaxed"
    mood_sad:
        all:
            not_sad: 0.851928651333
            sad: 0.148071378469
        probability: 0.851928651333
        value: "not_sad"
    rhythm:
        all:
            fast: 0.869872450829
            medium: 0.0493095740676
            slow: 0.0808179676533
        probability: 0.869872450829
        value: "fast"
    speech_music:
        all:
            music: 0.995920240879
            speech: 0.00407975353301
        probability: 0.995920240879
        value: "music"
    timbre:
        all:
            bright: 0.985543310642
            dark: 0.0144566632807
        probability: 0.985543310642
        value: "bright"
    voice_instrumental:
        all:
            instrumental: 0.535354852676
            voice: 0.464645147324
        probability: 0.535354852676
        value: "instrumental"

lowlevel:
    average_loudness: 0.980189263821
    barkbands_kurtosis:
        dmean: 0.68868714571
        dmean2: 1.11242616177
        dvar: 0.782308518887
        dvar2: 1.84624683857
        max: 5.27121734619
        mean: -0.814457476139
        min: -1.83263742924
        var: 1.40887725353
    barkbands_skewness:
        dmean: 0.48628666997
        dmean2: 0.737608015537
        dvar: 0.215071216226
        dvar2: 0.51160210371
        max: 2.24310708046
        mean: -0.0306349135935
        min: -2.22843456268
        var: 0.642992436886
    barkbands_spread:
        dmean: 5.65867757797
        dmean2: 9.20556163788
        dvar: 31.2322273254
        dvar2: 78.7387084961
        max: 56.468963623
        mean: 33.905128479
        min: 11.7346792221
        var: 77.7863693237
    dissonance:
        dmean: 0.0127700902522
        dmean2: 0.0204169210047
        dvar: 0.000135091293487
        dvar2: 0.00034596803016
        max: 0.499862164259
        mean: 0.471247792244
        min: 0.395085602999
        var: 0.0003056176065
    hfc:
        dmean: 3.31924772263
        dmean2: 4.56924104691
        dvar: 34.775478363
        dvar2: 69.1470413208
        max: 51.4818191528
        mean: 5.61913394928
        min: 0.226406410336
        var: 56.1228981018
    pitch:
        dmean: 1018.42889404
        dmean2: 1950.98168945
        dvar: 1807907.125
        dvar2: 3839322.25
        max: 4410
        mean: 1423.73254395
        min: 98.6577148438
        var: 2346515.5
    pitch_instantaneous_confidence:
        dmean: 0.0848719999194
        dmean2: 0.140322297812
        dvar: 0.00553695578128
        dvar2: 0.0155765349045
        max: 0.751150071621
        mean: 0.366634309292
        min: 0.170659422874
        var: 0.0106541980058
    pitch_salience:
        dmean: 0.0588522478938
        dmean2: 0.0952978804708
        dvar: 0.00234297290444
        dvar2: 0.00591104244813
        max: 0.845984458923
        mean: 0.637939929962
        min: 0.433730214834
        var: 0.00561342295259
    silence_rate_20dB:
        dmean: 0
        dmean2: 0
        dvar: 0
        dvar2: 0
        max: 1
        mean: 1
        min: 1
        var: 0
    silence_rate_30dB:
        dmean: 0
        dmean2: 0
        dvar: 0
        dvar2: 0
        max: 1
        mean: 1
        min: 1
        var: 0
    silence_rate_60dB:
        dmean: 0.148837208748
        dmean2: 0.29603728652
        dvar: 0.126684486866
        dvar2: 0.236371308565
        max: 1
        mean: 0.716937363148
        min: 0
        var: 0.202938050032
    spectral_centroid:
        dmean: 318.622039795
        dmean2: 495.740936279
        dvar: 116648.523438
        dvar2: 243724.296875
        max: 3058.84155273
        mean: 1624.0736084
        min: 351.731842041
        var: 319261.71875
    spectral_complexity:
        dmean: 4.33644866943
        dmean2: 6.01873540878
        dvar: 27.7045593262
        dvar2: 48.5242195129
        max: 48
        mean: 10.9696969986
        min: 0
        var: 70.7193374634
    spectral_crest:
        dmean: 1.92069089413
        dmean2: 3.28561925888
        dvar: 3.0966796875
        dvar2: 8.48914813995
        max: 15.1810560226
        mean: 6.26332998276
        min: 2.74566578865
        var: 5.04641437531
    spectral_decrease:
        dmean: 3.52694179417e-10
        dmean2: 5.2710391607e-10
        dvar: 5.47952510197e-19
        dvar2: 1.36108868162e-18
        max: -6.00071659029e-11
        mean: -6.78436529178e-10
        min: -5.84874149112e-09
        var: 6.08614214009e-19
    spectral_energy:
        dmean: 0.00159282272216
        dmean2: 0.00229004048742
        dvar: 1.00756678876e-05
        dvar2: 2.3886695999e-05
        max: 0.0263008531183
        mean: 0.0030702475924
        min: 0.000247016258072
        var: 1.25821197798e-05
    spectral_energyband_high:
        dmean: 0.000270064861979
        dmean2: 0.000380251556635
        dvar: 4.64746648277e-07
        dvar2: 9.46816726355e-07
        max: 0.00661002937704
        mean: 0.000337070116075
        min: 1.33077389819e-06
        var: 6.46188368592e-07
    spectral_energyband_low:
        dmean: 0.000220315530896
        dmean2: 0.000369790970581
        dvar: 1.36690445629e-07
        dvar2: 3.66588722045e-07
        max: 0.00297868158668
        mean: 0.000261407869402
        min: 3.38703034686e-06
        var: 1.48610382666e-07
    spectral_energyband_middle_high:
        dmean: 0.000725480553228
        dmean2: 0.00101401132997
        dvar: 1.08809058474e-06
        dvar2: 2.16960734178e-06
        max: 0.00809146557003
        mean: 0.00142341468018
        min: 6.98980657035e-05
        var: 2.04531329473e-06
    spectral_energyband_middle_low:
        dmean: 0.000726077647414
        dmean2: 0.00126904167701
        dvar: 4.85836881126e-06
        dvar2: 1.36004991873e-05
        max: 0.0173288900405
        mean: 0.00104834965896
        min: 6.27010304015e-05
        var: 3.54458688889e-06
    spectral_flatness_db:
        dmean: 0.0162006467581
        dmean2: 0.0231980402023
        dvar: 0.000190543563804
        dvar2: 0.000437591545051
        max: 0.230756491423
        mean: 0.146856799722
        min: 0.0945944860578
        var: 0.000780232076067
    spectral_flux:
        dmean: 0.0102149434388
        dmean2: 0.0147986039519
        dvar: 0.000259089312749
        dvar2: 0.000522799789906
        max: 0.137445613742
        mean: 0.0318982936442
        min: 0.00714739691466
        var: 0.000475234963233
    spectral_kurtosis:
        dmean: 1.59243261814
        dmean2: 2.66297769547
        dvar: 2.72711205482
        dvar2: 7.04763650894
        max: 16.7358989716
        mean: 5.25907754898
        min: 0.71303653717
        var: 6.80819654465
    spectral_rms:
        dmean: 0.000363678031135
        dmean2: 0.000498911598697
        dvar: 2.86454991283e-07
        dvar2: 6.17656951363e-07
        max: 0.00506550772116
        mean: 0.00156701169908
        min: 0.000490908860229
        var: 5.39838652003e-07
    spectral_rolloff:
        dmean: 352.178375244
        dmean2: 554.366088867
        dvar: 177920.609375
        dvar2: 333029.125
        max: 4995.703125
        mean: 3102.84082031
        min: 430.6640625
        var: 580308.875
    spectral_skewness:
        dmean: 0.233082398772
        dmean2: 0.361681103706
        dvar: 0.0550125390291
        dvar2: 0.127504900098
        max: 2.70481967926
        mean: 1.5401661396
        min: 0.579858064651
        var: 0.148700624704
    spectral_spread:
        dmean: 677495.375
        dmean2: 984377.125
        dvar: 515828547584
        dvar2: 1.04370733056e+12
        max: 7323165
        mean: 4181371
        min: 1934599
        var: 1.71721464218e+12
    spectral_strongpeak:
        dmean: 0.478998482227
        dmean2: 0.833175182343
        dvar: 0.582636654377
        dvar2: 1.4673166275
        max: 6.62850761414
        mean: 0.528215825558
        min: 0.00930681359023
        var: 0.691605687141
    zerocrossingrate:
        dmean: 0.00965952686965
        dmean2: 0.010936585255
        dvar: 8.07953765616e-05
        dvar2: 0.000101443692984
        max: 0.1591796875
        mean: 0.0932583063841
        min: 0.0234375
        var: 0.000572181364987
    barkbands:
        dmean: [3.14674394986e-07, 4.58338508906e-05, 0.000184076183359, 0.000309564347845, 0.000315951387165, 0.000128406129079, 7.68777972553e-05, 2.67315008387e-05, 3.33416319336e-05, 3.7464495108e-05, 1.64660741575e-05, 2.77905746771e-05, 3.13490236294e-05, 3.62034988939e-05, 4.25724865636e-05, 8.14762315713e-05, 0.000201181668672, 0.00022369135695, 0.000199270900339, 0.000176967732841, 0.000119802527479, 3.52116258e-05, 1.08010926851e-05, 2.41502470999e-06, 2.15811428461e-06, 1.01632792848e-07, 2.5199434206e-10]
        dmean2: [4.84119084376e-07, 7.51404950279e-05, 0.000314617558615, 0.000564811460208, 0.00058035569964, 0.000188131714822, 0.000123178309877, 4.67624922749e-05, 5.22978953086e-05, 5.66006965528e-05, 2.52037443715e-05, 4.43311764684e-05, 5.02283328387e-05, 5.58620595257e-05, 6.31859002169e-05, 0.000123536621686, 0.000300445215544, 0.000348525238223, 0.000307499809423, 0.00027521699667, 0.000164666504133, 4.96900429425e-05, 1.53168693942e-05, 3.41264694725e-06, 2.9161162729e-06, 1.41746866689e-07, 4.05464245512e-10]
        dvar: [1.01333037014e-12, 8.7463449816e-09, 9.74987841573e-08, 7.89536272805e-07, 8.87448948106e-07, 1.44343360375e-07, 2.05055403768e-08, 3.12027359506e-09, 3.22814908138e-09, 2.20853690891e-09, 5.01486019377e-10, 1.05787578697e-09, 1.86681825554e-09, 4.15269374443e-09, 4.25550306105e-09, 1.49440513297e-08, 9.14981939104e-08, 1.72601488657e-07, 1.33427732862e-07, 2.23600835625e-07, 7.13772223548e-08, 1.30613786453e-08, 1.47972700759e-09, 6.11625403102e-11, 3.97712349165e-11, 5.48068196187e-14, 2.73975634713e-19]
        dvar2: [1.92911528765e-12, 2.3870216026e-08, 2.59533408098e-07, 2.25687995226e-06, 2.55493432633e-06, 3.23066274177e-07, 5.97944520564e-08, 8.9889855559e-09, 7.86044296319e-09, 5.48861622818e-09, 9.68826352477e-10, 2.5572597373e-09, 4.59885196591e-09, 9.37326305461e-09, 9.28144849865e-09, 3.24846247679e-08, 1.84235560141e-07, 3.93618648786e-07, 3.11012740895e-07, 5.17164096436e-07, 1.37844395454e-07, 2.69435105338e-08, 3.0319635691e-09, 1.3031459245e-10, 7.63653307256e-11, 1.13800340137e-13, 6.15372279614e-19]
        max: [1.23667678054e-05, 0.000843955262098, 0.0023402357474, 0.00599004933611, 0.00783866457641, 0.0045972163789, 0.00167651602533, 0.000466712459456, 0.000468883634312, 0.000478820875287, 0.000269735173788, 0.0003372435458, 0.000442929827841, 0.000733975030016, 0.000648986839224, 0.00150633964222, 0.00291259214282, 0.00462602870539, 0.00300494558178, 0.00466501107439, 0.00206465600058, 0.00109961570706, 0.000348595000105, 8.02813083283e-05, 6.07969013799e-05, 2.83372196463e-06, 5.64602453679e-09]
        mean: [3.78946310775e-07, 5.31574005436e-05, 0.000207879784284, 0.000288448092761, 0.000313251803163, 0.000192455700017, 0.000150858671986, 3.88331063732e-05, 5.34498685738e-05, 7.24817145965e-05, 2.46422914643e-05, 5.16394866281e-05, 4.76860113849e-05, 5.65569062019e-05, 6.99723241269e-05, 0.000119359472592, 0.000322600099025, 0.000313605560223, 0.000261383131146, 0.000214973304537, 0.000155928210006, 4.31246080552e-05, 1.21038683574e-05, 2.91397805086e-06, 2.45666751653e-06, 1.09506551382e-07, 2.32258032251e-10]
        min: [1.13592010798e-10, 1.32488722215e-07, 2.32310185311e-06, 1.50849700731e-06, 1.92802281163e-06, 1.34749586778e-06, 4.45266232418e-06, 1.04417688362e-06, 1.86735655916e-06, 2.59156399807e-06, 4.19031835008e-07, 1.47192793065e-06, 7.80503683018e-07, 1.11214467324e-06, 1.65531616858e-06, 1.29894169731e-06, 1.32063023557e-05, 1.13197775136e-05, 4.77629691886e-06, 1.77085155428e-06, 5.71633506752e-07, 7.30630702606e-08, 8.7750468003e-10, 5.24421039927e-09, 2.83815393409e-09, 1.58286314611e-10, 2.05960109942e-14]
        var: [1.37423124096e-12, 8.85376483239e-09, 1.01585534651e-07, 4.80769244859e-07, 5.49501180558e-07, 1.92559426182e-07, 2.66396700255e-08, 2.85088086471e-09, 4.32165547792e-09, 3.53390494645e-09, 8.70556293719e-10, 2.24319429698e-09, 3.09505132634e-09, 7.12909287159e-09, 7.50995088339e-09, 2.42422295571e-08, 1.61784939223e-07, 2.0072695861e-07, 1.57523956545e-07, 2.54495404306e-07, 1.14188743794e-07, 1.80646715364e-08, 1.8679147118e-09, 8.03430239005e-11, 5.55371200417e-11, 7.21197190509e-14, 2.60380378509e-19]
    mfcc:
        mean: [-743.893859863, 124.25680542, -60.0256118774, 60.2361373901, -7.30336904526, -9.58627414703, 2.02174043655, -4.37862348557, 0.82544106245, -14.1195487976, -3.57801032066, -1.83750605583, -4.94778251648]
        cov: [[2910.74511719, -1482.20263672, 627.392150879, 4.89486503601, -70.6125106812, 171.525238037, -130.286605835, -99.9603271484, -57.4768104553, 48.0328292847, -87.0873718262, -97.8740539551, 48.8033218384], [-1482.20263672, 1270.45593262, -533.569396973, 132.039962769, 103.724281311, -82.9384384155, 132.615737915, 50.253364563, 116.698791504, -25.7412147522, 71.0635375977, 80.2244873047, -49.8280601501], [627.392150879, -533.569396973, 726.088684082, -79.3994064331, -26.9974403381, 76.6595916748, -116.155548096, 14.0441827774, -112.80606842, 64.498626709, -54.3489608765, -95.4409408569, 69.9994354248], [4.89486503601, 132.039962769, -79.3994064331, 184.208679199, -12.7760457993, -13.5226144791, 40.8167800903, -6.24355125427, 31.9983692169, -10.8051595688, 18.9251174927, 14.3876638412, -20.6722831726], [-70.6125106812, 103.724281311, -26.9974403381, -12.7760457993, 135.897705078, 19.9633331299, 14.093079567, 37.4118614197, 20.056476593, 18.3785514832, 4.27728176117, -1.35095596313, 18.4789905548], [171.525238037, -82.9384384155, 76.6595916748, -13.5226144791, 19.9633331299, 96.8321762085, 6.89764070511, 1.8351252079, -3.22598290443, 3.27418494225, -16.7010631561, -9.49922370911, 11.1560659409], [-130.286605835, 132.615737915, -116.155548096, 40.8167800903, 14.093079567, 6.89764070511, 82.359375, 15.8691091537, 32.5702171326, -12.1586580276, 20.1683082581, 26.6428947449, -18.9812984467], [-99.9603271484, 50.253364563, 14.0441827774, -6.24355125427, 37.4118614197, 1.8351252079, 15.8691091537, 77.5673828125, 8.85439586639, 16.9778575897, -0.0607293508947, -6.17424201965, 19.9585819244], [-57.4768104553, 116.698791504, -112.80606842, 31.9983692169, 20.056476593, -3.22598290443, 32.5702171326, 8.85439586639, 79.1869277954, 6.40668344498, 16.5218868256, 26.355266571, -13.0558328629], [48.0328292847, -25.7412147522, 64.498626709, -10.8051595688, 18.3785514832, 3.27418494225, -12.1586580276, 16.9778575897, 6.40668344498, 67.5484619141, 10.5532846451, -19.2025299072, 16.1172142029], [-87.0873718262, 71.0635375977, -54.3489608765, 18.9251174927, 4.27728176117, -16.7010631561, 20.1683082581, -0.0607293508947, 16.5218868256, 10.5532846451, 52.3275375366, 22.8283691406, -11.3215322495], [-97.8740539551, 80.2244873047, -95.4409408569, 14.3876638412, -1.35095596313, -9.49922370911, 26.6428947449, -6.17424201965, 26.355266571, -19.2025299072, 22.8283691406, 63.2539710999, -2.93825888634], [48.8033218384, -49.8280601501, 69.9994354248, -20.6722831726, 18.4789905548, 11.1560659409, -18.9812984467, 19.9585819244, -13.0558328629, 16.1172142029, -11.3215322495, -2.93825888634, 60.9492378235]]
        icov: [[0.00118523230776, 0.00146282732021, -0.000106220286398, -0.00108171009924, -0.000588934344705, -0.000759207759984, 0.000124185768072, 0.00103052193299, -0.00123019819148, -0.000202530893148, 0.000285989517579, 0.000328389229253, -0.000120290969789], [0.00146282732021, 0.00317585165612, 0.000551378587261, -0.00183028716128, -0.00155901769176, -0.000247715186561, -0.000407991639804, 0.000670963141602, -0.0016826861538, -0.000241793444729, 4.0585440729e-05, 0.000266787654255, 6.61494050291e-05], [-0.000106220286398, 0.000551378587261, 0.00319925555959, -0.000352088711224, 0.000553433434106, -0.00179610645864, 0.00209054746665, -0.00129927368835, 0.00250918022357, -0.00188314972911, -3.40906649399e-06, 0.00111914356239, -0.000931638700422], [-0.00108171009924, -0.00183028716128, -0.000352088711224, 0.00782181043178, 0.00160411605611, 0.00139888201375, -0.00302695576102, 0.000285567250103, -0.00112591171637, 0.00128611736, -0.00152573804371, 0.00128742039669, -0.000154074354214], [-0.000588934344705, -0.00155901769176, 0.000553433434106, 0.00160411605611, 0.0105175077915, -0.00240713474341, 0.000197226647288, -0.00371040636674, -0.000956127594691, -0.000955777359195, -0.00122416776139, 0.00138897332363, -0.00247874693014], [-0.000759207759984, -0.000247715186561, -0.00179610645864, 0.00139888201375, -0.00240713474341, 0.0147160803899, -0.00602119043469, 0.0019614265766, -0.000914830656257, 0.000561606313568, 0.00378328049555, 0.000129130145069, -0.00117408658843], [0.000124185768072, -0.000407991639804, 0.00209054746665, -0.00302695576102, 0.000197226647288, -0.00602119043469, 0.023539878428, -0.00682234624401, -0.00146033940837, 0.00190487282816, -0.00407535862178, -0.00403983565047, 0.00497844070196], [0.00103052193299, 0.000670963141602, -0.00129927368835, 0.000285567250103, -0.00371040636674, 0.0019614265766, -0.00682234624401, 0.0198350753635, -0.002964659594, -0.00188182014972, 0.0013032752322, 0.00364600657485, -0.00626112800092], [-0.00123019819148, -0.0016826861538, 0.00250918022357, -0.00112591171637, -0.000956127594691, -0.000914830656257, -0.00146033940837, -0.002964659594, 0.0228253081441, -0.00730281462893, 0.00220647314563, -0.00788934808224, 0.00416914140806], [-0.000202530893148, -0.000241793444729, -0.00188314972911, 0.00128611736, -0.000955777359195, 0.000561606313568, 0.00190487282816, -0.00188182014972, -0.00730281462893, 0.0246536377817, -0.0112967770547, 0.0102753229439, -0.0057267844677], [0.000285989517579, 4.0585440729e-05, -3.40906649399e-06, -0.00152573804371, -0.00122416776139, 0.00378328049555, -0.00407535862178, 0.0013032752322, 0.00220647314563, -0.0112967770547, 0.031144015491, -0.0121944705024, 0.00593048101291], [0.000328389229253, 0.000266787654255, 0.00111914356239, 0.00128742039669, 0.00138897332363, 0.000129130145069, -0.00403983565047, 0.00364600657485, -0.00788934808224, 0.0102753229439, -0.0121944705024, 0.0298697669059, -0.00902263727039], [-0.000120290969789, 6.61494050291e-05, -0.000931638700422, -0.000154074354214, -0.00247874693014, -0.00117408658843, 0.00497844070196, -0.00626112800092, 0.00416914140806, -0.0057267844677, 0.00593048101291, -0.00902263727039, 0.0252164267004]]
    spectral_contrast:
        mean: [1.38860414722e-07, -2.67467584081e-07, 3.46026496345e-07, -2.54431253843e-09, -2.93859415024e-07, -5.98512599481e-07, -3.01857926388e-06, 2.21356913244e-06, -1.04342859686e-06, -2.441845254e-06, -4.15593058278e-06, 1.54388533247e-06]
        var: [0.00063324184157, 0.000762188516092, 0.000907310808543, 0.0016903138021, 0.00213711499237, 0.00356792937964, 0.0551382638514, 0.071413770318, 0.120629385114, 0.234888032079, 0.493122518063, 2.04427528381]

rhythm:
    beats_loudness:
        dmean: 0.00638049282134
        dmean2: 0.0129537172616
        dvar: 6.44997135169e-06
        dvar2: 1.54382760229e-05
        max: 0.0144520802423
        mean: 0.00732258148491
        min: 0.00255966302939
        var: 1.28787542053e-05
    beats_loudness_bass:
        dmean: 0.33323314786
        dmean2: 0.669921636581
        dvar: 0.0294740088284
        dvar2: 0.0758050233126
        max: 0.644510805607
        mean: 0.18926975131
        min: 0.00839540734887
        var: 0.0415033400059
    bpm: 99.1313781738
    bpm_confidence: 0
    first_peak_bpm: 99
    first_peak_spread: 0
    first_peak_weight: 0.9375
    onset_rate: 3.99804162979
    second_peak_bpm: 93
    second_peak_spread: 0
    second_peak_weight: 0.0625
    beats_position: [0.165902301669, 0.771934270859, 1.37796616554, 1.98399794102, 2.59002995491, 3.19606184959, 3.8020939827, 4.40812540054, 5.01415729523, 5.62018918991, 6.26410770416, 6.8686003685, 7.47309350967, 8.07758617401, 8.68207931519, 9.28657245636, 9.89106559753]
    bpm_estimates: [99.1785430908, 99.01197052, 99.0795898438, 99.0652770996, 98.3272247314, 99.1216964722, 98.634727478, 99.1008987427, 99.2497177124, 99.1945953369, 99.0949325562, 99.3234100342, 99.3585586548, 99.3796844482, 98.7121276855, 99.1024169922, 99.656829834, 99.3689956665, 99.5008239746, 99.3430252075, 99.0245819092, 99.0606842041]
    bpm_intervals: [0.606031954288, 0.606031894684, 0.606031775475, 0.606032013893, 0.606031894684, 0.606032133102, 0.606031417847, 0.606031894684, 0.606031894684, 0.643918514252, 0.604492664337, 0.604493141174, 0.604492664337, 0.604493141174, 0.604493141174, 0.604493141174]
    onset_times: [0.0580498874187, 0.150929704309, 0.301859408617, 0.603718817234, 0.754648506641, 1.04489791393, 1.369977355, 1.68344676495, 1.97369611263, 2.43809533119, 2.60063481331, 2.76317453384, 3.04181408882, 3.19274377823, 3.49460315704, 3.80807256699, 4.41179132462, 4.71365070343, 4.86458063126, 5.0387301445, 5.49151945114, 5.64244890213, 5.93269824982, 6.24616765976, 6.5596370697, 6.86149644852, 7.0356464386, 7.18657588959, 7.31428575516, 7.47682523727, 7.63936519623, 7.92961454391, 8.08054447174, 8.23147392273, 8.35918331146, 8.6958732605, 8.99773216248, 9.287981987, 9.74077129364, 9.92653083801]
    rubato_start: []
    rubato_stop: []
    perceptual_tempo: "unknown"

sfx:
    inharmonicity:
        dmean: 0.046712949872
        dmean2: 0.0795939415693
        dvar: 0.00250126793981
        dvar2: 0.00727795343846
        max: 0.358403682709
        mean: 0.0557358041406
        min: 0
        var: 0.00280588492751
    oddtoevenharmonicenergyratio:
        dmean: 4.763215065
        dmean2: 9.16261863708
        dvar: 318.6590271
        dvar2: 950.346374512
        max: 166.693664551
        mean: 2.83689641953
        min: 0
        var: 168.285079956
    pitch_after_max_to_before_max_energy_ratio: 40.4572753906
    pitch_centroid: 210.180557251
    pitch_max_to_total: 0.0139860138297
    pitch_min_to_total: 0.00932400953025
    tristimulus:
        dmean: [0.186637803912, 0.264548122883, 0.135476350784]
        dmean2: [0.326328247786, 0.454147875309, 0.242588147521]
        dvar: [0.028302161023, 0.0495766550303, 0.0182398110628]
        dvar2: [0.0774805694818, 0.145845368505, 0.0495751127601]
        max: [1, 0.968886315823, 0.699557423592]
        mean: [0.346863657236, 0.41530174017, 0.127157822251]
        min: [0.0131188575178, 0, 0]
        var: [0.041503239423, 0.0701142325997, 0.0203638840467]

tonal:
    chords_changes_rate: 0.074074074626
    chords_number_rate: 0.0138888889924
    chords_strength:
        dmean: 0.00971917621791
        dmean2: 0.00945037975907
        dvar: 5.34903992957e-05
        dvar2: 5.51241537323e-05
        max: 0.554343163967
        mean: 0.452465027571
        min: 0.336005419493
        var: 0.00215982901864
    key_strength: 0.667801558971
    tuning_diatonic_strength: 0.529281616211
    tuning_equal_tempered_deviation: 0.0951847061515
    tuning_frequency: 438.477722168
    tuning_nontempered_energy_ratio: 0.732982993126
    hpcp:
        dmean: [0.228369489312, 0.212426245213, 0.14086382091, 0.107498176396, 0.0992892086506, 0.100344441831, 0.141561180353, 0.123563192785, 0.0961153283715, 0.111572697759, 0.111452378333, 0.124528199434, 0.127994418144, 0.0856182128191, 0.142179399729, 0.192500576377, 0.144867032766, 0.114905878901, 0.138564422727, 0.148660346866, 0.172019839287, 0.203208699822, 0.2259439677, 0.159818455577, 0.130162626505, 0.153002545238, 0.203554019332, 0.181932419538, 0.121999680996, 0.188948959112, 0.217921927571, 0.15884681046, 0.111386053264, 0.133000284433, 0.161939099431, 0.208148136735]
        dmean2: [0.383768558502, 0.375120967627, 0.247405812144, 0.187331274152, 0.171734243631, 0.168190985918, 0.230546042323, 0.215590581298, 0.159019947052, 0.182368412614, 0.176951467991, 0.201470419765, 0.206676498055, 0.143807172775, 0.213302910328, 0.307691991329, 0.231263816357, 0.199401393533, 0.233979523182, 0.259326338768, 0.293200492859, 0.345436483622, 0.392180353403, 0.282286584377, 0.228913024068, 0.269505023956, 0.35470944643, 0.293443620205, 0.200755253434, 0.314603567123, 0.349300712347, 0.269353598356, 0.18264131248, 0.223130255938, 0.277826458216, 0.340855389833]
        dvar: [0.0530094839633, 0.0346933044493, 0.0253130737692, 0.0261240806431, 0.0263197924942, 0.0223548039794, 0.0339777246118, 0.0350440256298, 0.0128878103569, 0.0161914639175, 0.0162465646863, 0.0185778681189, 0.0169907212257, 0.00956128910184, 0.0193657875061, 0.045129366219, 0.0219295397401, 0.0210677664727, 0.02201599814, 0.0255745910108, 0.0283627063036, 0.036383934319, 0.0406137257814, 0.0337713584304, 0.0315507799387, 0.0417886897922, 0.0593440979719, 0.0454055033624, 0.0200028195977, 0.0338223613799, 0.0489294044673, 0.0271035823971, 0.0168794095516, 0.022590816021, 0.0246426407248, 0.0287589002401]
        dvar2: [0.103547953069, 0.0840010270476, 0.0689513981342, 0.0704141631722, 0.0741211846471, 0.0602864176035, 0.0907005742192, 0.0956319794059, 0.0339217372239, 0.0329839661717, 0.0355252735317, 0.0466715358198, 0.0434127561748, 0.0260472893715, 0.0496064536273, 0.0934991762042, 0.0503566414118, 0.0564627237618, 0.0558077432215, 0.067733027041, 0.0760232433677, 0.0844082981348, 0.107589364052, 0.104299321771, 0.0938969627023, 0.128522023559, 0.168042600155, 0.095118843019, 0.052274633199, 0.0744851380587, 0.114759713411, 0.0681005492806, 0.0394807755947, 0.0620227828622, 0.0729772746563, 0.0726342499256]
        max: [1, 1, 1, 1, 1, 1, 1, 1, 1, 1, 1, 1, 1, 0.790337264538, 0.858347415924, 1, 1, 1, 1, 1, 1, 1, 1, 1, 1, 1, 1, 1, 0.847983121872, 1, 1, 1, 1, 1, 0.936502337456, 1]
        mean: [0.603625774384, 0.414804339409, 0.162717148662, 0.121389821172, 0.119213715196, 0.14737612009, 0.196797981858, 0.169105455279, 0.126243233681, 0.154777169228, 0.167696014047, 0.204828813672, 0.201094597578, 0.137457713485, 0.220976561308, 0.310498446226, 0.225457534194, 0.156480014324, 0.182090491056, 0.185374006629, 0.289246767759, 0.494220048189, 0.415043979883, 0.179670199752, 0.121895723045, 0.174391523004, 0.258347928524, 0.243322461843, 0.173589214683, 0.328454524279, 0.42425313592, 0.257984220982, 0.156579509377, 0.181684851646, 0.219516575336, 0.402566105127]
        min: [0.0300483852625, 0.0346862003207, 0.00493771955371, 0.00320709776133, 0.00328641268425, 0.00474834209308, 0.00452502770349, 0.00387497385964, 0.00250969012268, 0.00159711693414, 0.00455269310623, 0.0216969624162, 0.0224574171007, 0.00958346482366, 0.00256846286356, 0.00639873603359, 0.00878372322768, 0.00353238312528, 0.0073139378801, 0.010776120238, 0.018447553739, 0.0351850539446, 0.0302173774689, 0.0104505829513, 0.00321513228118, 0.0025767320767, 0.00633098604158, 0.00709712412208, 0.00501016667113, 0.00841731484979, 0.00689100380987, 0.00311367842369, 0.00220464030281, 0.0023835953325, 0.0143390772864, 0.0144822029397]
        var: [0.104792065918, 0.0546796172857, 0.0259502567351, 0.0233167521656, 0.0222281720489, 0.0240629576147, 0.0374117419124, 0.029980333522, 0.0151904281229, 0.0301515348256, 0.0290122497827, 0.0245704744011, 0.0260776411742, 0.0118398796767, 0.0389911234379, 0.0888490751386, 0.0431635156274, 0.0227950438857, 0.0301125664264, 0.032888431102, 0.0484001114964, 0.0921610668302, 0.0744931250811, 0.0347454361618, 0.0288406144828, 0.0439799465239, 0.0807809382677, 0.0779759809375, 0.0251977760345, 0.0631787627935, 0.103562153876, 0.0437723360956, 0.0266613867134, 0.0290372297168, 0.0296037811786, 0.0612028799951]
    chords_histogram: [12.5, 0, 42.5925941467, 0, 0, 0, 0, 0, 0, 0, 0, 0, 0, 0, 0, 0, 0, 0, 0, 44.444442749, 0.462962955236, 0, 0, 0]
    thpcp: [1, 0.68718791008, 0.269566267729, 0.201101124287, 0.197496071458, 0.244151473045, 0.326026469469, 0.280149489641, 0.209141552448, 0.256412446499, 0.277814537287, 0.339330792427, 0.33314448595, 0.227720081806, 0.366082042456, 0.514388978481, 0.373505473137, 0.259233474731, 0.301661223173, 0.307100892067, 0.479182273149, 0.818752408028, 0.687584936619, 0.297651648521, 0.201939225197, 0.288906693459, 0.427993535995, 0.403101503849, 0.287577539682, 0.544135987759, 0.702841341496, 0.427390992641, 0.259398311377, 0.300989210606, 0.363663345575, 0.66691339016]
    chords_key: "A"
    chords_scale: "minor"
    key_key: "D"
    key_scale: "major"
    chords_progression: ["D", "D", "D", "D", "D", "D", "D", "D", "D", "D", "D", "D", "D", "D", "D", "D", "D", "D", "D", "D", "D", "D", "D", "D", "D", "Am", "Am", "Am", "Am", "Am", "Am", "Am", "Am", "Am", "Am", "Am", "Am", "Am", "Am", "Am", "Am", "Am", "Am", "Am", "Am", "Am", "Am", "Am", "Am", "Am", "Am", "Am", "Am", "Am", "Am", "Am", "Am", "Am", "Am", "Am", "Am", "Am", "Am", "Am", "Am", "Am", "Am", "Am", "Am", "Am", "Am", "Am", "Am", "Am", "Am", "Am", "Am", "Am", "Am", "Am", "Am", "Am", "A", "A", "A", "Am", "Am", "Am", "Am", "A", "Am", "Am", "Am", "Am", "Am", "C", "Am", "Am", "Am", "Am", "Am", "Am", "A", "Am", "Am", "A", "A", "A", "A", "A", "A", "A", "A", "A", "Am", "A", "A", "A", "A", "A", "A", "A", "A", "A", "A", "A", "A", "A", "A", "A", "Am", "Am", "Am", "Am", "Am", "Am", "Am", "Am", "Am", "Am", "Am", "Am", "Am", "Am", "Am", "Am", "Am", "Am", "Am", "Am", "Am", "A", "A", "A", "A", "A", "A", "A", "A", "A", "A", "A", "A", "A", "A", "A", "A", "A", "A", "A", "A", "A", "A", "A", "A", "D", "D", "A", "A", "A", "A", "A", "A", "A", "A", "A", "A", "A", "A", "A", "A", "A", "A", "A", "A", "A", "A", "A", "A", "A", "A", "A", "A", "A", "A", "A", "A", "A", "A", "A", "A", "A", "A", "A", "A", "A"]
