
metadata:
    version:
        essentia: "1.2.2"
    audio_properties:
        analysis_sample_rate: 44100
        bitrate: 128
        channels: 2
        equal_loudness: 1
        length: 10.0571432114
        replay_gain: -7.51049995422
        downmix: "mix"
    tags:
        track: 19
        year: 0
        album: "Splitted by Mp3Splt v. 2.1"
        artist: "From 003.00 To 003.10"
        comment: "http://mp3splt.sf.net"
        genre: ""
        title: "06 Enjoy the Silence.mp3"

highlevel:
    ballroom:
        all:
            ChaChaCha: 0.0640268176794
            Jive: 0.572197437286
            Quickstep: 0.142406195402
            Rumba-American: 0.00432917987928
            Rumba-International: 0.0196464229375
            Rumba-Misc: 0.0181068573147
            Samba: 0.0707428976893
            Tango: 0.00854467507452
            VienneseWaltz: 0.0863183811307
            Waltz: 0.0136811519042
        probability: 0.572197437286
        value: "Jive"
    culture:
        all:
            non_western: 0.0406587868929
            western: 0.959341228008
        probability: 0.959341228008
        value: "western"
    gender:
        all:
            female: 0.545576274395
            male: 0.454423695803
        probability: 0.545576274395
        value: "female"
    genre_dortmund:
        all:
            alternative: 0.186640322208
            blues: 0.00619417009875
            electronic: 0.0349411554635
            folkcountry: 0.148430109024
            funksoulrnb: 0.0982832014561
            jazz: 0.0196917373687
            pop: 0.121201857924
            raphiphop: 0.00440141512081
            rock: 0.380216032267
        probability: 0.380216032267
        value: "rock"
    genre_electronica:
        all:
            ambient: 0.169847607613
            dnb: 0.0992168188095
            house: 0.00361609691754
            techno: 0.00293925893493
            trance: 0.724380195141
        probability: 0.724380195141
        value: "trance"
    genre_rosamerica:
        all:
            cla: 0.0228913500905
            dan: 0.314951211214
            hip: 0.00898373685777
            jaz: 0.0190604031086
            pop: 0.125561088324
            rhy: 0.00673676468432
            roc: 0.499806851149
            spe: 0.0020085752476
        probability: 0.499806851149
        value: "roc"
    genre_tzanetakis:
        all:
            blu: 0.00663124443963
            cla: 0.0188033487648
            cou: 0.147823944688
            dis: 0.100808545947
            hip: 0.00858560670167
            jaz: 0.160890504718
            met: 0.0190273988992
            pop: 0.434513986111
            reg: 0.0257557313889
            roc: 0.0771596878767
        probability: 0.434513986111
        value: "pop"
    live_studio:
        all:
            live: 0.70413839817
            studio: 0.29586160183
        probability: 0.70413839817
        value: "live"
    mood:
        all:
            Cluster1: 0.317661046982
            Cluster2: 0.176270008087
            Cluster3: 0.353743255138
            Cluster4: 0.0945776477456
            Cluster5: 0.0577480532229
        probability: 0.353743255138
        value: "Cluster3"
    mood_acoustic:
        all:
            acoustic: 0.00832485873252
            not_acoustic: 0.991675138474
        probability: 0.991675138474
        value: "not_acoustic"
    mood_aggressive:
        all:
            aggressive: 0.491415351629
            not_aggressive: 0.508584678173
        probability: 0.508584678173
        value: "not_aggressive"
    mood_electronic:
        all:
            electronic: 0.916342496872
            not_electronic: 0.0836575329304
        probability: 0.916342496872
        value: "electronic"
    mood_happy:
        all:
            happy: 0.555326282978
            not_happy: 0.444673746824
        probability: 0.555326282978
        value: "happy"
    mood_party:
        all:
            not_party: 0.492284983397
            party: 0.507714986801
        probability: 0.507714986801
        value: "party"
    mood_relaxed:
        all:
            not_relaxed: 0.788550853729
            relaxed: 0.21144913137
        probability: 0.788550853729
        value: "not_relaxed"
    mood_sad:
        all:
            not_sad: 0.640188574791
            sad: 0.359811455011
        probability: 0.640188574791
        value: "not_sad"
    rhythm:
        all:
            fast: 0.759438574314
            medium: 0.214517012239
            slow: 0.0260444190353
        probability: 0.759438574314
        value: "fast"
    speech_music:
        all:
            music: 0.994410097599
            speech: 0.0055898828432
        probability: 0.994410097599
        value: "music"
    timbre:
        all:
            bright: 0.0446885079145
            dark: 0.955311477184
        probability: 0.955311477184
        value: "dark"
    voice_instrumental:
        all:
            instrumental: 0.14488683641
            voice: 0.855113148689
        probability: 0.855113148689
        value: "voice"

lowlevel:
    average_loudness: 0.963184833527
    barkbands_kurtosis:
        dmean: 0.515235126019
        dmean2: 0.839045584202
        dvar: 0.480308294296
        dvar2: 1.16415321827
        max: 11.0320205688
        mean: -0.68612408638
        min: -1.79412424564
        var: 1.69347679615
    barkbands_skewness:
        dmean: 0.340345174074
        dmean2: 0.537581324577
        dvar: 0.090120665729
        dvar2: 0.236246079206
        max: 3.24460196495
        mean: 0.491641819477
        min: -1.22452640533
        var: 0.340782761574
    barkbands_spread:
        dmean: 3.62766051292
        dmean2: 5.7323923111
        dvar: 9.84327888489
        dvar2: 23.0075473785
        max: 45.1173362732
        mean: 28.2716369629
        min: 6.68924427032
        var: 47.2581634521
    dissonance:
        dmean: 0.0223407763988
        dmean2: 0.0375074371696
        dvar: 0.000773104839027
        dvar2: 0.0014524810249
        max: 0.499190807343
        mean: 0.454367667437
        min: 0.0147125413641
        var: 0.00120266422164
    hfc:
        dmean: 1.68216514587
        dmean2: 2.64272928238
        dvar: 3.24144673347
        dvar2: 7.93402385712
        max: 21.6961288452
        mean: 6.75297784805
        min: 0.000350978691131
        var: 13.1760120392
    pitch:
        dmean: 446.253570557
        dmean2: 864.273010254
        dvar: 1039423.25
        dvar2: 2810869
        max: 4009.09082031
        mean: 446.703308105
        min: 86.9822463989
        var: 699530.3125
    pitch_instantaneous_confidence:
        dmean: 0.0753102526069
        dmean2: 0.116094976664
        dvar: 0.00403148820624
        dvar2: 0.00828823260963
        max: 0.755332350731
        mean: 0.409168124199
        min: 0.151444017887
        var: 0.0213265009224
    pitch_salience:
        dmean: 0.0493657253683
        dmean2: 0.0770436748862
        dvar: 0.00168947177008
        dvar2: 0.00407835654914
        max: 0.948479831219
        mean: 0.663658201694
        min: 0.344293683767
        var: 0.00451321294531
    silence_rate_20dB:
        dmean: 0
        dmean2: 0
        dvar: 0
        dvar2: 0
        max: 1
        mean: 1
        min: 1
        var: 0
    silence_rate_30dB:
        dmean: 0
        dmean2: 0
        dvar: 0
        dvar2: 0
        max: 1
        mean: 1
        min: 1
        var: 0
    silence_rate_60dB:
        dmean: 0.0829493105412
        dmean2: 0.16397228837
        dvar: 0.0760684981942
        dvar2: 0.150941640139
        max: 1
        mean: 0.227586209774
        min: 0
        var: 0.175791144371
    spectral_centroid:
        dmean: 212.255310059
        dmean2: 333.212127686
        dvar: 38451.828125
        dvar2: 97013.71875
        max: 2510.67895508
        mean: 1357.30981445
        min: 432.843505859
        var: 135160.125
    spectral_complexity:
        dmean: 2.79445719719
        dmean2: 4.60185194016
        dvar: 6.0062417984
        dvar2: 13.3507270813
        max: 27
        mean: 15.1013822556
        min: 0
        var: 23.2524166107
    spectral_crest:
        dmean: 1.57570111752
        dmean2: 2.5047287941
        dvar: 1.93434154987
        dvar2: 4.44415140152
        max: 15.9024562836
        mean: 6.15391540527
        min: 2.61725211143
        var: 5.43942785263
    spectral_decrease:
        dmean: 3.48174100662e-10
        dmean2: 5.33286415028e-10
        dvar: 1.94795605883e-19
        dvar2: 5.06733893478e-19
        max: -1.18607841647e-13
        mean: -1.19877363591e-09
        min: -3.78489284358e-09
        var: 4.2126871371e-19
    spectral_energy:
        dmean: 0.00143696099985
        dmean2: 0.00219998718239
        dvar: 3.18156548929e-06
        dvar2: 8.27032272355e-06
        max: 0.0152841424569
        mean: 0.00513695832342
        min: 4.79488903693e-07
        var: 7.36822403269e-06
    spectral_energyband_high:
        dmean: 7.14586276445e-05
        dmean2: 0.00011225266644
        dvar: 7.96615129417e-09
        dvar2: 2.03968255619e-08
        max: 0.000824745977297
        mean: 0.000171996362042
        min: 4.77855044423e-09
        var: 1.75075811626e-08
    spectral_energyband_low:
        dmean: 0.000182424322702
        dmean2: 0.000308220944135
        dvar: 2.02742981514e-07
        dvar2: 5.4119266224e-07
        max: 0.00377663131803
        mean: 0.000213961364352
        min: 3.77880127189e-08
        var: 1.59148669354e-07
    spectral_energyband_middle_high:
        dmean: 0.000558504136279
        dmean2: 0.000901920488104
        dvar: 3.19535445215e-07
        dvar2: 8.65832532781e-07
        max: 0.00692600011826
        mean: 0.00208719307557
        min: 7.3538210188e-08
        var: 1.62008484494e-06
    spectral_energyband_middle_low:
        dmean: 0.00102159974631
        dmean2: 0.00158433371689
        dvar: 1.5569662537e-06
        dvar2: 3.87019417758e-06
        max: 0.0127641828731
        mean: 0.00266376533546
        min: 3.57842765197e-07
        var: 3.17736680699e-06
    spectral_flatness_db:
        dmean: 0.0139912497252
        dmean2: 0.020544083789
        dvar: 0.000143192955875
        dvar2: 0.000318413425703
        max: 0.21853877604
        mean: 0.128571286798
        min: 0.0672811046243
        var: 0.000698621151969
    spectral_flux:
        dmean: 0.00827165227383
        dmean2: 0.0128919025883
        dvar: 8.51417935337e-05
        dvar2: 0.000170706567587
        max: 0.100021459162
        mean: 0.0395263582468
        min: 0.00780176836997
        var: 0.000180071059731
    spectral_kurtosis:
        dmean: 1.03130781651
        dmean2: 1.66153049469
        dvar: 1.14138281345
        dvar2: 2.96829891205
        max: 13.3101291656
        mean: 4.26520967484
        min: -0.431511163712
        var: 3.42424845695
    spectral_rms:
        dmean: 0.000301334424876
        dmean2: 0.000445694982773
        dvar: 1.14413531094e-07
        dvar2: 2.62061263356e-07
        max: 0.00386152276769
        mean: 0.00215798290446
        min: 2.16285461647e-05
        var: 3.54776972245e-07
    spectral_rolloff:
        dmean: 353.532318115
        dmean2: 590.31842041
        dvar: 193504.421875
        dvar2: 480758.875
        max: 4737.3046875
        mean: 2828.39233398
        min: 344.53125
        var: 461914.8125
    spectral_skewness:
        dmean: 0.143599689007
        dmean2: 0.230597510934
        dvar: 0.0192350707948
        dvar2: 0.0473817028105
        max: 2.83861517906
        mean: 1.67937111855
        min: 0.877347350121
        var: 0.0812873467803
    spectral_spread:
        dmean: 717885.875
        dmean2: 1002490.375
        dvar: 732866019328
        dvar2: 1.26339422618e+12
        max: 17436060
        mean: 5246686.5
        min: 2742207.75
        var: 2.17993406054e+12
    spectral_strongpeak:
        dmean: 0.32655352354
        dmean2: 0.552255272865
        dvar: 0.276365399361
        dvar2: 0.653313338757
        max: 5.10879182816
        mean: 0.608791589737
        min: 0
        var: 0.422270953655
    zerocrossingrate:
        dmean: 0.00777190364897
        dmean2: 0.00928977690637
        dvar: 4.38805327576e-05
        dvar2: 5.71567979932e-05
        max: 0.13330078125
        mean: 0.082126878202
        min: 0.00390625
        var: 0.000328222406097
    barkbands:
        dmean: [8.762459629e-07, 4.69842998427e-05, 0.000161905962159, 0.000194784559426, 0.000313007709337, 0.000315420766128, 0.000276782055153, 0.000209013407584, 0.000199286921998, 0.000115899245429, 0.000110935026896, 0.000118282863696, 4.10349748563e-05, 6.31650618743e-05, 6.51135342196e-05, 6.87885039952e-05, 0.000104990889668, 0.000196233479073, 0.000157971546287, 8.33032027003e-05, 3.84852683055e-05, 1.16739674922e-05, 4.56667476101e-06, 2.94785127153e-06, 1.66596282725e-06, 1.65499017157e-07, 1.14323783773e-09]
        dmean2: [1.41307475587e-06, 7.20046518836e-05, 0.000284877838567, 0.000337179750204, 0.000503762392327, 0.000446946913144, 0.000455824454548, 0.000325903180055, 0.000306404690491, 0.000183465133887, 0.000191902072402, 0.000202536291908, 6.78710348438e-05, 0.000103670136014, 0.000109561398858, 0.000112196881673, 0.000180710354471, 0.000330095062964, 0.000254464917816, 0.000136369853863, 6.33298113826e-05, 1.89035054063e-05, 7.27058477423e-06, 4.5369883992e-06, 2.61117793343e-06, 2.58164305933e-07, 1.81407078248e-09]
        dvar: [3.20893268554e-12, 6.69236488449e-09, 1.98032125809e-07, 1.61827799161e-07, 2.56298761769e-07, 2.21506709863e-07, 1.99598332529e-07, 8.25369141921e-08, 8.24789481157e-08, 2.58889407689e-08, 2.6429848532e-08, 2.7737343089e-08, 2.52138709911e-09, 5.56944357299e-09, 8.83169004595e-09, 8.75577566006e-09, 3.64022909594e-08, 6.40694111098e-08, 3.37391838912e-08, 1.13133564739e-08, 2.57529131353e-09, 2.5672003412e-10, 5.14219847259e-11, 2.67959907735e-11, 6.56482810821e-12, 6.42711795243e-14, 1.1927110635e-16]
        dvar2: [7.9639298628e-12, 1.5436837586e-08, 5.43877149539e-07, 4.33291262425e-07, 6.72848898375e-07, 4.72585213629e-07, 5.45775208138e-07, 1.93190572872e-07, 1.88424834846e-07, 6.28740011166e-08, 7.64980399026e-08, 7.77264546059e-08, 6.30001917301e-09, 1.06131814448e-08, 2.44323494769e-08, 2.15347508714e-08, 9.05324810674e-08, 1.69686956042e-07, 6.19323756723e-08, 2.89617769766e-08, 7.18431136804e-09, 6.8138905629e-10, 1.31136726478e-10, 6.04155267481e-11, 1.6240946088e-11, 1.50589379833e-13, 2.98773640317e-16]
        max: [2.10860125662e-05, 0.000841780682094, 0.00360419391654, 0.00366675574332, 0.00367850158364, 0.00734361773357, 0.00474606268108, 0.00333867734298, 0.00301402411424, 0.00174204492941, 0.00122045911849, 0.001849752618, 0.000681903155055, 0.00129875831772, 0.000926074339077, 0.00129957252648, 0.00248412368819, 0.00398147013038, 0.00291152135469, 0.00085110636428, 0.000500992930029, 0.00016500352649, 0.00010292197112, 7.65767690609e-05, 2.77841063507e-05, 1.4528658312e-06, 1.61513227681e-07]
        mean: [1.24580617467e-06, 6.72208407195e-05, 0.000145541867823, 0.00021793875203, 0.000549299467821, 0.000625520420726, 0.000422729732236, 0.000372537877411, 0.000399966782425, 0.000221049776883, 0.00016467977548, 0.000215969106648, 7.10063686711e-05, 0.000113261477964, 0.000119797747175, 0.000131159613375, 0.000200463880901, 0.000478094589198, 0.000357138545951, 0.000150370426127, 7.3701798101e-05, 2.18666136789e-05, 7.59208114687e-06, 5.80270716455e-06, 2.83008671431e-06, 1.78322082434e-07, 8.04647737329e-10]
        min: [6.93085033809e-11, 1.79746244555e-08, 1.43014364795e-08, 1.71848384412e-08, 6.01270642164e-08, 8.52405435126e-08, 9.25085998915e-08, 6.888359394e-08, 3.31963683209e-08, 1.66903391108e-09, 4.80531348046e-09, 1.56516533067e-09, 6.87589807313e-09, 9.4454444266e-09, 2.80145728837e-09, 1.08969482326e-08, 1.09040483309e-08, 1.59130895128e-08, 8.05186406438e-09, 2.69736477598e-09, 1.10434428269e-09, 6.54408138789e-10, 4.9607357111e-10, 3.50648149405e-10, 3.30474619892e-10, 2.50868381624e-10, 1.5477290673e-12]
        var: [3.26686247498e-12, 9.05624197856e-09, 1.32552770538e-07, 1.28441158154e-07, 3.67362588349e-07, 6.81727328811e-07, 2.50889712561e-07, 2.04409886351e-07, 2.57613862686e-07, 7.47160981973e-08, 3.86566512134e-08, 8.11872880035e-08, 4.5912917912e-09, 1.3799180465e-08, 1.74805432351e-08, 2.11307416009e-08, 6.38437711586e-08, 3.21137235915e-07, 1.02573942229e-07, 1.54057016033e-08, 4.7374442147e-09, 3.83124060255e-10, 6.48652798141e-11, 6.67317034964e-11, 1.27049230511e-11, 6.79666148666e-14, 6.00213965346e-17]
    mfcc:
        mean: [-691.482421875, 117.216186523, -42.356338501, 36.9669876099, -15.6931838989, -18.5203208923, -2.77113389969, -4.12477016449, -8.72330665588, -6.75516080856, -0.0754463672638, -4.40385723114, -5.97655344009]
        cov: [[1484.08459473, -246.945098877, 37.1371459961, 65.1321334839, 80.5228118896, 19.0786895752, -41.2383956909, -19.0710010529, -12.1010017395, -20.6016540527, -50.8046951294, -17.165140152, -43.9998703003], [-246.945098877, 503.758453369, -107.510398865, -22.899684906, -126.145042419, -68.9318466187, 90.4327926636, 111.734962463, -18.5462303162, -18.3119697571, 79.705039978, 26.0752048492, -1.78535497189], [37.1371459961, -107.510398865, 230.881988525, 29.5893096924, 78.2871704102, 68.3988265991, -6.73900413513, -31.2609729767, 9.10807418823, 15.3127880096, -24.2314949036, -1.74103343487, 13.420217514], [65.1321334839, -22.899684906, 29.5893096924, 130.445968628, 61.2021827698, 36.8649864197, -39.307598114, -43.8442764282, 13.9641218185, 5.99288702011, -24.4832363129, -9.47292232513, 16.167093277], [80.5228118896, -126.145042419, 78.2871704102, 61.2021827698, 189.130935669, 38.6804199219, -65.9186248779, -75.9703445435, 30.110912323, 16.3870124817, -34.8468742371, -2.99637460709, 13.8641548157], [19.0786895752, -68.9318466187, 68.3988265991, 36.8649864197, 38.6804199219, 115.2787323, 17.0675735474, -21.0385951996, 13.3361740112, 7.11997795105, -22.2407302856, 3.42003202438, 15.8098735809], [-41.2383956909, 90.4327926636, -6.73900413513, -39.307598114, -65.9186248779, 17.0675735474, 149.86366272, 97.2351226807, -9.18954753876, -9.5708732605, 30.5083770752, 23.9931182861, 1.24283850193], [-19.0710010529, 111.734962463, -31.2609729767, -43.8442764282, -75.9703445435, -21.0385951996, 97.2351226807, 147.073440552, 3.11391472816, -2.30805706978, 49.8107147217, 15.3060913086, -3.27810049057], [-12.1010017395, -18.5462303162, 9.10807418823, 13.9641218185, 30.110912323, 13.3361740112, -9.18954753876, 3.11391472816, 62.5158462524, 30.3574619293, 0.932934761047, 8.16534328461, 5.62108945847], [-20.6016540527, -18.3119697571, 15.3127880096, 5.99288702011, 16.3870124817, 7.11997795105, -9.5708732605, -2.30805706978, 30.3574619293, 60.2222709656, 22.4038505554, 0.149692267179, 0.304613739252], [-50.8046951294, 79.705039978, -24.2314949036, -24.4832363129, -34.8468742371, -22.2407302856, 30.5083770752, 49.8107147217, 0.932934761047, 22.4038505554, 68.8915786743, 21.3482589722, -4.84528636932], [-17.165140152, 26.0752048492, -1.74103343487, -9.47292232513, -2.99637460709, 3.42003202438, 23.9931182861, 15.3060913086, 8.16534328461, 0.149692267179, 21.3482589722, 49.4130744934, 13.5200338364], [-43.9998703003, -1.78535497189, 13.420217514, 16.167093277, 13.8641548157, 15.8098735809, 1.24283850193, -3.27810049057, 5.62108945847, 0.304613739252, -4.84528636932, 13.5200338364, 48.5921859741]]
        icov: [[0.000825849652756, 0.000461179122794, 6.36187469354e-05, -0.000603657157626, -0.000207700140891, 0.000110633132863, 0.000148441045894, -0.00067478348501, 0.000463811011286, 0.000113140980829, 0.000421498494688, -0.000499256828334, 0.00104854116216], [0.000461179122794, 0.00350880343467, 0.000531143334229, -0.0016689785989, 0.000929820060264, 0.00133376708254, -0.00106910301838, -0.000575977261178, -0.000317088299198, 0.00191186135635, -0.00295372959226, -1.44285695569e-06, -2.50790744758e-05], [6.36187469354e-05, 0.000531143334229, 0.00606398005038, 0.000143450030009, -0.00197329395451, -0.00257045426406, -0.000361969548976, -0.000593894976191, 0.00164729484823, -0.00180828396697, 0.000988113810308, -0.000210916812648, -0.000298843166092], [-0.000603657157626, -0.0016689785989, 0.000143450030009, 0.0114131290466, -0.00216701976024, -0.00326930033043, 0.00185990647878, 0.00118950824253, -0.00108253839426, -0.000366519932868, 0.000950325687882, 0.00231957202777, -0.00315325031988], [-0.000207700140891, 0.000929820060264, -0.00197329395451, -0.00216701976024, 0.00949657335877, 2.23257957259e-05, 0.00132647133432, 0.00241920468397, -0.00349590554833, 0.000428658007877, -3.74909068341e-05, -0.00106022960972, -0.000782481569331], [0.000110633132863, 0.00133376708254, -0.00257045426406, -0.00326930033043, 2.23257957259e-05, 0.0141905965284, -0.00542385224253, 0.00245710182935, -0.00180424714927, -0.000874036049936, 0.00205571646802, -0.000588865135796, -0.00178907671943], [0.000148441045894, -0.00106910301838, -0.000361969548976, 0.00185990647878, 0.00132647133432, -0.00542385224253, 0.0157251823694, -0.00960527826101, 0.0035754032433, -0.000768115802202, 0.00273284129798, -0.00536089390516, 0.00126763910521], [-0.00067478348501, -0.000575977261178, -0.000593894976191, 0.00118950824253, 0.00241920468397, 0.00245710182935, -0.00960527826101, 0.0183959174901, -0.00747196329758, 0.005423320923, -0.0102173574269, 0.00556384958327, -0.00260341307148], [0.000463811011286, -0.000317088299198, 0.00164729484823, -0.00108253839426, -0.00349590554833, -0.00180424714927, 0.0035754032433, -0.00747196329758, 0.0278947092593, -0.0166610684246, 0.0102431662381, -0.00876281224191, 0.00163961085491], [0.000113140980829, 0.00191186135635, -0.00180828396697, -0.000366519932868, 0.000428658007877, -0.000874036049936, -0.000768115802202, 0.005423320923, -0.0166610684246, 0.0337580181658, -0.0203777197748, 0.0095795262605, -0.00163994019385], [0.000421498494688, -0.00295372959226, 0.000988113810308, 0.000950325687882, -3.74909068341e-05, 0.00205571646802, 0.00273284129798, -0.0102173574269, 0.0102431662381, -0.0203777197748, 0.0374616235495, -0.0156502090394, 0.00529941357672], [-0.000499256828334, -1.44285695569e-06, -0.000210916812648, 0.00231957202777, -0.00106022960972, -0.000588865135796, -0.00536089390516, 0.00556384958327, -0.00876281224191, 0.0095795262605, -0.0156502090394, 0.0321995578706, -0.00972501467913], [0.00104854116216, -2.50790744758e-05, -0.000298843166092, -0.00315325031988, -0.000782481569331, -0.00178907671943, 0.00126763910521, -0.00260341307148, 0.00163961085491, -0.00163994019385, 0.00529941357672, -0.00972501467913, 0.0263117812574]]
    spectral_contrast:
        mean: [-3.89739170714e-07, -1.61792613085e-07, -3.05654054955e-07, 1.78642267201e-07, -2.04152769356e-07, -4.09198236184e-07, -8.46688124057e-07, 1.69385691606e-06, -2.90002685688e-06, 1.37887241181e-06, -3.77528135687e-06, -9.05331376089e-07]
        var: [0.000319072772982, 0.000512598082423, 0.00121782312635, 0.00177068845369, 0.00326289678924, 0.00532061839476, 0.0503215640783, 0.0685788020492, 0.113704532385, 0.204875767231, 0.334186255932, 0.796440720558]

rhythm:
    beats_loudness:
        dmean: 0.00125321524683
        dmean2: 0.0021000134293
        dvar: 1.06881714146e-06
        dvar2: 1.91446406461e-06
        max: 0.00882169324905
        mean: 0.00616277847439
        min: 0.00321559188887
        var: 2.81523398371e-06
    beats_loudness_bass:
        dmean: 0.106504008174
        dmean2: 0.19638800621
        dvar: 0.00655183801427
        dvar2: 0.0182319022715
        max: 0.401312023401
        mean: 0.200734585524
        min: 0.0319248363376
        var: 0.00906440429389
    bpm: 113.555252075
    bpm_confidence: 0
    first_peak_bpm: 114
    first_peak_spread: 0
    first_peak_weight: 0.941176474094
    onset_rate: 4.27556848526
    second_peak_bpm: 108
    second_peak_spread: 0
    second_peak_weight: 0.0588235296309
    beats_position: [0.486180067062, 1.01461589336, 1.54305183887, 2.07148766518, 2.59992361069, 3.1283595562, 3.65679526329, 4.18523073196, 4.71366643906, 5.24210214615, 5.77053785324, 6.32701444626, 6.85533380508, 7.38365364075, 7.91197252274, 8.4402923584, 8.9686126709, 9.49693107605]
    bpm_estimates: [113.622436523, 113.503677368, 113.374855042, 113.511955261, 113.859054565, 113.554389954, 113.356338501, 113.579292297, 113.565589905, 113.500244141, 113.778968811, 113.509017944, 113.621841431, 113.547973633, 113.690795898, 113.547019958, 113.459793091, 113.553268433, 113.550933838, 113.417388916]
    bpm_intervals: [0.528435826302, 0.528435945511, 0.528435826302, 0.528435945511, 0.528435945511, 0.528435707092, 0.528435468674, 0.528435707092, 0.528435707092, 0.528435707092, 0.556476593018, 0.528319358826, 0.528319835663, 0.528318881989, 0.528319835663, 0.5283203125, 0.528318405151]
    onset_times: [0.0348299331963, 0.476009070873, 0.766258478165, 0.905578255653, 1.01006805897, 1.30031740665, 1.4164172411, 1.69505667686, 1.75310659409, 1.84598636627, 2.06657600403, 2.36843538284, 2.60063481331, 2.72834467888, 2.89088439941, 3.06503391266, 3.14630389214, 3.41333341599, 3.54104304314, 3.84290242195, 3.97061228752, 4.20281171799, 4.48145103455, 4.72526073456, 5.02712011337, 5.25931978226, 5.93269824982, 6.32743787766, 6.60607719421, 6.86149644852, 7.14013624191, 7.38394546509, 7.67419481277, 7.80190467834, 7.91800451279, 8.06893444061, 8.20825386047, 8.45206356049, 8.71909332275, 9.25315189362, 9.50857162476, 9.78721046448, 9.91492080688]
    rubato_start: []
    rubato_stop: []
    perceptual_tempo: "unknown"

sfx:
    inharmonicity:
        dmean: 0.048232074827
        dmean2: 0.0844997465611
        dvar: 0.0027093582321
        dvar2: 0.00831715576351
        max: 0.337426364422
        mean: 0.0561867803335
        min: 0
        var: 0.00275111664087
    oddtoevenharmonicenergyratio:
        dmean: 1.7949898243
        dmean2: 3.2119550705
        dvar: 12.0198049545
        dvar2: 33.7976493835
        max: 26.3405303955
        mean: 1.45202100277
        min: 0
        var: 8.35596942902
    pitch_after_max_to_before_max_energy_ratio: 0.25242254138
    pitch_centroid: 219.904663086
    pitch_max_to_total: 0.919354856014
    pitch_min_to_total: 0.933179736137
    tristimulus:
        dmean: [0.180128902197, 0.221572354436, 0.122635908425]
        dmean2: [0.312369942665, 0.376323014498, 0.211541086435]
        dvar: [0.0271829664707, 0.0375838764012, 0.0111441332847]
        dvar2: [0.0715396329761, 0.105042032897, 0.0340601056814]
        max: [1, 0.982096731663, 0.594801962376]
        mean: [0.337494432926, 0.483487129211, 0.140507891774]
        min: [0.0179032161832, 0, 0]
        var: [0.0373599156737, 0.0507677718997, 0.0142598375678]

tonal:
    chords_changes_rate: 0.0321100912988
    chords_number_rate: 0.0183486230671
    chords_strength:
        dmean: 0.00658198213205
        dmean2: 0.00542275002226
        dvar: 2.57748906733e-05
        dvar2: 1.81692448677e-05
        max: 0.743995726109
        mean: 0.645111858845
        min: 0.423324495554
        var: 0.00597798405215
    key_strength: 0.634787917137
    tuning_diatonic_strength: 0.430561959743
    tuning_equal_tempered_deviation: 0.072238303721
    tuning_frequency: 436.708374023
    tuning_nontempered_energy_ratio: 0.704334437847
    hpcp:
        dmean: [0.067241333425, 0.0565728917718, 0.109260365367, 0.154239043593, 0.105983637273, 0.0904940441251, 0.117805279791, 0.117617979646, 0.121828436852, 0.162421792746, 0.137949287891, 0.0923229530454, 0.0758845508099, 0.0615786612034, 0.0490093491971, 0.0644998475909, 0.109756238759, 0.164549022913, 0.184337452054, 0.184856623411, 0.0970837920904, 0.0673034265637, 0.0519173629582, 0.0734986066818, 0.10749489814, 0.105727642775, 0.117897346616, 0.145507767797, 0.126377075911, 0.132302835584, 0.146644592285, 0.125132516026, 0.116111025214, 0.121685668826, 0.113767132163, 0.0780855193734]
        dmean2: [0.109921269119, 0.0959214046597, 0.195876345038, 0.266040533781, 0.1816046983, 0.155958265066, 0.194854468107, 0.200307816267, 0.216674342752, 0.274027645588, 0.219986632466, 0.154788628221, 0.132680997252, 0.109715111554, 0.0874392315745, 0.111358270049, 0.194915860891, 0.28477653861, 0.316005825996, 0.322761774063, 0.166994035244, 0.111717790365, 0.0836397781968, 0.125083625317, 0.176150813699, 0.168075576425, 0.210528254509, 0.245331197977, 0.215557768941, 0.221670806408, 0.25609216094, 0.210153803229, 0.189721703529, 0.203449979424, 0.18723000586, 0.13078777492]
        dvar: [0.0114719523117, 0.00600491138175, 0.0222386345267, 0.0315399393439, 0.0137155568227, 0.0175621379167, 0.0274825785309, 0.0218523498625, 0.0236316081136, 0.0482717640698, 0.0298028849065, 0.0168452765793, 0.0158699154854, 0.0201317947358, 0.0103303613141, 0.0135662266985, 0.0206973534077, 0.0252618566155, 0.0384763740003, 0.0319021120667, 0.0149774942547, 0.0151792708784, 0.0110587989911, 0.0158753506839, 0.0305170398206, 0.024311227724, 0.0229634307325, 0.0280347857624, 0.0277979150414, 0.0225770026445, 0.0322734750807, 0.0297461058944, 0.0210096444935, 0.0236828122288, 0.0248480383307, 0.0165542475879]
        dvar2: [0.0277807042003, 0.0177371706814, 0.0685545876622, 0.0858764648438, 0.0386349260807, 0.0488753654063, 0.0599314011633, 0.0569979473948, 0.0650716722012, 0.122591488063, 0.0673840641975, 0.049133554101, 0.0389113388956, 0.058522734791, 0.0284429807216, 0.0344505943358, 0.0533354990184, 0.0708548426628, 0.0910238549113, 0.0865055546165, 0.0393360443413, 0.0313124284148, 0.0217385329306, 0.0431787930429, 0.0760217607021, 0.0553701110184, 0.0663309618831, 0.0721008479595, 0.0666314661503, 0.0610095262527, 0.0833447873592, 0.0799419730902, 0.0539085865021, 0.0544481128454, 0.0675578042865, 0.0408080816269]
        max: [1, 0.590441048145, 0.970024287701, 1, 0.714508116245, 1, 1, 1, 1, 1, 1, 1, 1, 1, 0.835110902786, 0.973246276379, 1, 1, 1, 1, 1, 1, 0.822323679924, 1, 1, 1, 0.927661180496, 1, 1, 1, 1, 1, 1, 1, 1, 1]
        mean: [0.100498639047, 0.0802650153637, 0.158608809114, 0.238607630134, 0.167341500521, 0.150949552655, 0.273224413395, 0.226097121835, 0.182746484876, 0.319712787867, 0.263869673014, 0.141302093863, 0.11704480648, 0.0723981559277, 0.06297506392, 0.094555594027, 0.130160421133, 0.325248479843, 0.576516270638, 0.402515023947, 0.121714547276, 0.0766190886497, 0.0677216053009, 0.0976580455899, 0.162514656782, 0.155996307731, 0.184259712696, 0.280201613903, 0.222173169255, 0.212869346142, 0.310998886824, 0.245482265949, 0.188242390752, 0.249207869172, 0.221282422543, 0.142207965255]
        min: [0.0028766784817, 0.00462545501068, 0.00510963751003, 0.0113469641656, 0.00478997500613, 0.00475795892999, 0.00396757712588, 0.00245934864506, 0.00395306805149, 0.00168756139465, 0.00795811600983, 0.00813356041908, 0.00223497347906, 0.00150024658069, 0.00199471320957, 0.00148584705312, 0.00449552061036, 0.0191398784518, 0.00898251123726, 0.00991852395236, 0.00760234519839, 0.00165046122856, 0.0027253604494, 0.00283242040314, 0.00378920789808, 0.00395197654143, 0.00754025904462, 0.00733164325356, 0.00613819574937, 0.00129413884133, 0.0107335308567, 0.0205942522734, 0.0144455200061, 0.00387216894887, 0.0051182503812, 0.00496648205444]
        var: [0.0158989578485, 0.00587284518406, 0.0233511198312, 0.0463383346796, 0.022499339655, 0.0270796492696, 0.10849109292, 0.0666164234281, 0.0296255834401, 0.12404487282, 0.0786592438817, 0.0204864218831, 0.019784765318, 0.012855021283, 0.00872445851564, 0.0199187509716, 0.0250432733446, 0.0578032769263, 0.132668152452, 0.0880111008883, 0.0197848640382, 0.014746170491, 0.0122037492692, 0.0159476082772, 0.0480727814138, 0.0421674102545, 0.0287323128432, 0.0765110701323, 0.0532571896911, 0.0341912060976, 0.0856766030192, 0.0699046105146, 0.0391846559942, 0.0813173428178, 0.0678533539176, 0.028809890151]
    chords_histogram: [33.9449539185, 22.9357795715, 5.50458717346, 0, 0, 0, 0, 0, 0, 0, 0, 0, 0, 0, 0, 0, 0, 0, 36.6972465515, 0.458715587854, 0, 0, 0, 0.458715587854]
    thpcp: [1, 0.698185026646, 0.21112075448, 0.132900133729, 0.117466948926, 0.169393390417, 0.281890839338, 0.270584404469, 0.319608867168, 0.486025512218, 0.385371893644, 0.369233906269, 0.539445102215, 0.425802826881, 0.326517045498, 0.432265102863, 0.383826851845, 0.246667742729, 0.174320563674, 0.139224201441, 0.275115936995, 0.413878411055, 0.290263265371, 0.261830508709, 0.473923146725, 0.392178207636, 0.316984087229, 0.554559886456, 0.457696825266, 0.245096459985, 0.203020825982, 0.125578686595, 0.109233804047, 0.164012014866, 0.22577059269, 0.564161837101]
    chords_key: "B"
    chords_scale: "major"
    key_key: "G#"
    key_scale: "major"
    chords_progression: ["G#", "G#", "G#", "G#", "G#", "G#", "G#", "G#", "G#", "G#", "G#", "G#", "G#", "G#", "G#", "G#", "G#", "G#", "G#", "G#", "G#", "G#", "G#", "G#", "G#", "G#", "G#", "G#", "G#", "G#", "G#", "G#", "G#", "G#", "G#", "G#", "G#", "G#", "G#", "G#", "G#", "G#", "G#", "G#", "G#", "G#", "G#", "G#", "G#", "G#", "G#", "G#", "G#", "G#", "G#", "G#", "G#", "Cm", "Cm", "Cm", "Cm", "Cm", "Cm", "Cm", "Cm", "Cm", "Cm", "Cm", "Cm", "Cm", "Cm", "Cm", "Cm", "Cm", "Cm", "Cm", "Cm", "Cm", "Cm", "Cm", "Cm", "Cm", "Cm", "Cm", "Cm", "Cm", "Cm", "Cm", "Cm", "Cm", "Cm", "Cm", "Cm", "Cm", "Cm", "Cm", "Cm", "Cm", "Cm", "Cm", "Cm", "Cm", "Cm", "Cm", "Cm", "Cm", "Cm", "D#", "D#", "D#", "D#", "D#", "D#", "D#", "D#", "D#", "D#", "D#", "D#", "D#m", "B", "B", "B", "B", "B", "B", "B", "B", "B", "B", "B", "B", "B", "B", "B", "B", "B", "B", "B", "B", "B", "B", "B", "B", "B", "B", "B", "B", "B", "B", "B", "B", "B", "B", "B", "B", "B", "B", "B", "B", "B", "B", "B", "B", "B", "B", "B", "B", "B", "B", "B", "B", "B", "B", "B", "B", "B", "B", "B", "B", "B", "B", "B", "B", "B", "B", "B", "B", "B", "B", "B", "B", "B", "B", "B", "B", "B", "B", "B", "B", "G#", "G#", "G#", "G#", "G#", "G#", "G#", "G#", "G#", "G#", "G#", "G#", "G#", "G#", "G#", "Fm", "G#", "G#"]
