
metadata:
    version:
        essentia: "1.2.2"
    audio_properties:
        analysis_sample_rate: 44100
        bitrate: 128
        channels: 2
        equal_loudness: 1
        length: 10.0310201645
        replay_gain: -4.95499610901
        downmix: "mix"
    tags:
        track: 22
        year: 0
        album: "Splitted by Mp3Splt v. 2.1"
        artist: "From 003.30 To 003.40"
        comment: "http://mp3splt.sf.net"
        genre: ""
        title: "09 Modern World.mp3"

highlevel:
    ballroom:
        all:
            ChaChaCha: 0.279374092817
            Jive: 0.260712176561
            Quickstep: 0.0888322591782
            Rumba-American: 0.00394795835018
            Rumba-International: 0.00839406158775
            Rumba-Misc: 0.00604325626045
            Samba: 0.196676075459
            Tango: 0.107411503792
            VienneseWaltz: 0.0313970595598
            Waltz: 0.0172115564346
        probability: 0.279374092817
        value: "ChaChaCha"
    culture:
        all:
            non_western: 0.265953660011
            western: 0.734046339989
        probability: 0.734046339989
        value: "western"
    gender:
        all:
            female: 0.746403872967
            male: 0.253596156836
        probability: 0.746403872967
        value: "female"
    genre_dortmund:
        all:
            alternative: 0.198273792863
            blues: 0.0246021505445
            electronic: 0.0669670477509
            folkcountry: 0.113496392965
            funksoulrnb: 0.00618750182912
            jazz: 0.0587973445654
            pop: 0.0576895028353
            raphiphop: 0.00403909105808
            rock: 0.469947189093
        probability: 0.469947189093
        value: "rock"
    genre_electronica:
        all:
            ambient: 0.192849427462
            dnb: 0.303419470787
            house: 0.2134360075
            techno: 0.0329043716192
            trance: 0.257390737534
        probability: 0.303419470787
        value: "dnb"
    genre_rosamerica:
        all:
            cla: 0.0435499511659
            dan: 0.0491923242807
            hip: 0.00570964533836
            jaz: 0.00862566940486
            pop: 0.0464332737029
            rhy: 0.0204809010029
            roc: 0.824839353561
            spe: 0.00116890820209
        probability: 0.824839353561
        value: "roc"
    genre_tzanetakis:
        all:
            blu: 0.0351112112403
            cla: 0.0455924272537
            cou: 0.177153274417
            dis: 0.134713828564
            hip: 0.00848479568958
            jaz: 0.0885395929217
            met: 0.0415034107864
            pop: 0.167796671391
            reg: 0.0491998642683
            roc: 0.251904934645
        probability: 0.251904934645
        value: "roc"
    live_studio:
        all:
            live: 0.162535890937
            studio: 0.837464094162
        probability: 0.837464094162
        value: "studio"
    mood:
        all:
            Cluster1: 0.496226966381
            Cluster2: 0.153668731451
            Cluster3: 0.137503832579
            Cluster4: 0.0979413092136
            Cluster5: 0.114659167826
        probability: 0.496226966381
        value: "Cluster1"
    mood_acoustic:
        all:
            acoustic: 0.0496031418443
            not_acoustic: 0.950396835804
        probability: 0.950396835804
        value: "not_acoustic"
    mood_aggressive:
        all:
            aggressive: 0.100027956069
            not_aggressive: 0.89997202158
        probability: 0.89997202158
        value: "not_aggressive"
    mood_electronic:
        all:
            electronic: 0.533367395401
            not_electronic: 0.466632604599
        probability: 0.533367395401
        value: "electronic"
    mood_happy:
        all:
            happy: 0.517434537411
            not_happy: 0.482565462589
        probability: 0.517434537411
        value: "happy"
    mood_party:
        all:
            not_party: 0.489058941603
            party: 0.5109410882
        probability: 0.5109410882
        value: "party"
    mood_relaxed:
        all:
            not_relaxed: 0.879693388939
            relaxed: 0.12030659616
        probability: 0.879693388939
        value: "not_relaxed"
    mood_sad:
        all:
            not_sad: 0.492792934179
            sad: 0.507207095623
        probability: 0.507207095623
        value: "sad"
    rhythm:
        all:
            fast: 0.869744896889
            medium: 0.103410579264
            slow: 0.0268445145339
        probability: 0.869744896889
        value: "fast"
    speech_music:
        all:
            music: 0.999867916107
            speech: 0.000132082263008
        probability: 0.999867916107
        value: "music"
    timbre:
        all:
            bright: 0.539242625237
            dark: 0.460757344961
        probability: 0.539242625237
        value: "bright"
    voice_instrumental:
        all:
            instrumental: 0.875118553638
            voice: 0.12488142401
        probability: 0.875118553638
        value: "instrumental"

lowlevel:
    average_loudness: 0.61897957325
    barkbands_kurtosis:
        dmean: 0.425870776176
        dmean2: 0.703046321869
        dvar: 0.281731694937
        dvar2: 0.637832999229
        max: 4.36841106415
        mean: -1.10424029827
        min: -1.80341398716
        var: 0.46251809597
    barkbands_skewness:
        dmean: 0.359057635069
        dmean2: 0.596341073513
        dvar: 0.0939315482974
        dvar2: 0.229115113616
        max: 2.26430130005
        mean: 0.259061396122
        min: -1.08384370804
        var: 0.299465417862
    barkbands_spread:
        dmean: 4.71960115433
        dmean2: 7.66959142685
        dvar: 17.1084442139
        dvar2: 39.0762710571
        max: 50.3137245178
        mean: 34.722026825
        min: 12.5210790634
        var: 35.4060173035
    dissonance:
        dmean: 0.0171854849905
        dmean2: 0.0286126267165
        dvar: 0.00021967253997
        dvar2: 0.000555811449885
        max: 0.499538481236
        mean: 0.467592388391
        min: 0.358913958073
        var: 0.000340767641319
    hfc:
        dmean: 1.58162307739
        dmean2: 2.40300822258
        dvar: 7.10539245605
        dvar2: 16.4013233185
        max: 35.7255744934
        mean: 4.60769605637
        min: 4.99226143802e-06
        var: 25.0600910187
    pitch:
        dmean: 360.063049316
        dmean2: 705.469055176
        dvar: 664662.9375
        dvar2: 1830031.375
        max: 4009.09082031
        mean: 463.438476562
        min: 104.009437561
        var: 429196.34375
    pitch_instantaneous_confidence:
        dmean: 0.0975066795945
        dmean2: 0.156613945961
        dvar: 0.00646082637832
        dvar2: 0.0157366637141
        max: 0.799763202667
        mean: 0.446443498135
        min: 0.169951379299
        var: 0.0176147948951
    pitch_salience:
        dmean: 0.060606457293
        dmean2: 0.0965065211058
        dvar: 0.00258654681966
        dvar2: 0.00577919604257
        max: 0.975602149963
        mean: 0.549782752991
        min: 0.3556625247
        var: 0.00676640449092
    silence_rate_20dB:
        dmean: 0
        dmean2: 0
        dvar: 0
        dvar2: 0
        max: 1
        mean: 1
        min: 1
        var: 0
    silence_rate_30dB:
        dmean: 0
        dmean2: 0
        dvar: 0
        dvar2: 0
        max: 1
        mean: 1
        min: 1
        var: 0
    silence_rate_60dB:
        dmean: 0.074074074626
        dmean2: 0.148491874337
        dvar: 0.0685873702168
        dvar2: 0.154283821583
        max: 1
        mean: 0.642032325268
        min: 0
        var: 0.229827970266
    spectral_centroid:
        dmean: 227.441146851
        dmean2: 375.177459717
        dvar: 38970.8164062
        dvar2: 102268.421875
        max: 2514.58520508
        mean: 1400.30358887
        min: 515.774353027
        var: 118089.796875
    spectral_complexity:
        dmean: 2.72853827477
        dmean2: 4.25348854065
        dvar: 11.0469350815
        dvar2: 24.6822052002
        max: 48
        mean: 10.2916669846
        min: 0
        var: 62.1557769775
    spectral_crest:
        dmean: 1.62229239941
        dmean2: 2.73343610764
        dvar: 1.97924339771
        dvar2: 5.5704498291
        max: 13.9337539673
        mean: 5.75567531586
        min: 2.73301959038
        var: 3.05329561234
    spectral_decrease:
        dmean: 2.98759711415e-10
        dmean2: 4.80456063823e-10
        dvar: 3.43646240125e-19
        dvar2: 8.30286985946e-19
        max: -5.24756921977e-16
        mean: -7.70113806059e-10
        min: -6.33762242686e-09
        var: 6.97813959147e-19
    spectral_energy:
        dmean: 0.00126123486552
        dmean2: 0.00199984107167
        dvar: 5.8693963183e-06
        dvar2: 1.41013470056e-05
        max: 0.0271600522101
        mean: 0.0033245193772
        min: 2.43336684136e-09
        var: 1.27996381707e-05
    spectral_energyband_high:
        dmean: 9.4016912044e-05
        dmean2: 0.000141953496495
        dvar: 2.59808992098e-08
        dvar2: 5.60317943155e-08
        max: 0.00256418646313
        mean: 0.000176411194843
        min: 1.25942936635e-10
        var: 6.19059150608e-08
    spectral_energyband_low:
        dmean: 0.000306620611809
        dmean2: 0.000541189161595
        dvar: 3.80442543246e-07
        dvar2: 1.03772379134e-06
        max: 0.00657919701189
        mean: 0.00037758614053
        min: 2.75711155295e-11
        var: 3.93718210034e-07
    spectral_energyband_middle_high:
        dmean: 0.000429739971878
        dmean2: 0.000679364427924
        dvar: 4.81726488033e-07
        dvar2: 1.12500163141e-06
        max: 0.00963483005762
        mean: 0.00134402979165
        min: 2.08715378314e-09
        var: 2.11448559639e-06
    spectral_energyband_middle_low:
        dmean: 0.000701516924892
        dmean2: 0.00115240877494
        dvar: 2.06165941563e-06
        dvar2: 5.11825874128e-06
        max: 0.015312589705
        mean: 0.00142644788139
        min: 1.86131485225e-10
        var: 2.96741541206e-06
    spectral_flatness_db:
        dmean: 0.0156164700165
        dmean2: 0.022440912202
        dvar: 0.00015689166321
        dvar2: 0.00032002228545
        max: 0.209514036775
        mean: 0.143618181348
        min: 0.0961209535599
        var: 0.000483734795125
    spectral_flux:
        dmean: 0.00772060500458
        dmean2: 0.0118302544579
        dvar: 9.58898017416e-05
        dvar2: 0.000169083286892
        max: 0.115697771311
        mean: 0.0306683145463
        min: 4.93291699968e-05
        var: 0.000344915286405
    spectral_kurtosis:
        dmean: 1.44613969326
        dmean2: 2.4477622509
        dvar: 1.80520808697
        dvar2: 5.23365259171
        max: 12.3101463318
        mean: 3.83319067955
        min: 0.84906411171
        var: 2.46198868752
    spectral_rms:
        dmean: 0.00028551183641
        dmean2: 0.000432913424447
        dvar: 1.41694258105e-07
        dvar2: 3.18123539955e-07
        max: 0.00514758285135
        mean: 0.00160006515216
        min: 1.54078429659e-06
        var: 6.8322452762e-07
    spectral_rolloff:
        dmean: 351.725311279
        dmean2: 602.378662109
        dvar: 146234.046875
        dvar2: 339101.125
        max: 3983.64257812
        mean: 2900.00610352
        min: 624.462890625
        var: 278282.96875
    spectral_skewness:
        dmean: 0.182184606791
        dmean2: 0.304714351892
        dvar: 0.0262402296066
        dvar2: 0.0630602389574
        max: 3.10657167435
        mean: 1.35427415371
        min: 0.774046957493
        var: 0.046127397567
    spectral_spread:
        dmean: 593587.3125
        dmean2: 869480.3125
        dvar: 471739138048
        dvar2: 879726297088
        max: 12045585
        mean: 4086738
        min: 2415665.75
        var: 787330826240
    spectral_strongpeak:
        dmean: 0.391317307949
        dmean2: 0.684152066708
        dvar: 0.368947207928
        dvar2: 0.967383444309
        max: 3.74101519585
        mean: 0.459061443806
        min: 2.35768584389e-05
        var: 0.407324612141
    zerocrossingrate:
        dmean: 0.00684613361955
        dmean2: 0.00869708415121
        dvar: 3.92769979953e-05
        dvar2: 6.55516851111e-05
        max: 0.12939453125
        mean: 0.0856266692281
        min: 0.0478515625
        var: 0.000189357277122
    barkbands:
        dmean: [6.37215748611e-07, 6.64825784042e-05, 0.000268314324785, 0.000183758194908, 0.000353287381586, 0.000100521887362, 0.000142418182804, 5.39310349268e-05, 0.000139561394462, 5.74638870603e-05, 3.22900559695e-05, 3.74834635295e-05, 2.8162563467e-05, 3.23814783769e-05, 0.000124450525618, 0.000100950353954, 0.000122681100038, 0.000108345418994, 8.72277087183e-05, 8.977176185e-05, 4.80451853946e-05, 1.75811583176e-05, 3.61043316843e-06, 1.28766168928e-06, 5.54373912109e-07, 1.92968983015e-08, 1.58853208365e-10]
        dmean2: [1.03258105355e-06, 0.000105369806988, 0.000489288941026, 0.000309352879412, 0.000621829007287, 0.000173281718162, 0.000245430885116, 8.33204467199e-05, 0.00020229871734, 8.97644422366e-05, 4.85008276883e-05, 5.815401164e-05, 4.29124193033e-05, 5.07948134327e-05, 0.000206648546737, 0.000167378035258, 0.000207822202356, 0.000177378722583, 0.000136445320095, 0.000144560195622, 7.37187656341e-05, 2.95606241707e-05, 5.88803459323e-06, 2.18201080315e-06, 9.04092473775e-07, 3.12900816368e-08, 2.83659706835e-10]
        dvar: [1.33547914481e-12, 1.39883535866e-08, 3.27307418502e-07, 1.28042003666e-07, 8.01670807959e-07, 2.31127117445e-08, 1.75088658239e-07, 1.02803383584e-08, 3.957462269e-08, 3.89849219573e-08, 4.97568164448e-09, 3.04600189516e-09, 2.44079578771e-09, 2.946007438e-09, 4.30852757916e-08, 2.77480651789e-08, 3.58634260067e-08, 3.3023621171e-08, 2.47898643835e-08, 2.4755921757e-08, 5.96418203713e-09, 1.68130598333e-09, 6.09069669699e-11, 1.37232230787e-11, 1.80125250653e-12, 1.60223958209e-15, 5.18651291359e-20]
        dvar2: [3.36175661961e-12, 2.92582047479e-08, 9.39845733683e-07, 3.48136438788e-07, 2.23902247853e-06, 6.36287325051e-08, 4.78875392673e-07, 2.47986449153e-08, 8.57156976508e-08, 8.84488429165e-08, 1.09029292261e-08, 7.55545315201e-09, 5.13453946027e-09, 6.9846484152e-09, 1.03403330343e-07, 7.71906059072e-08, 9.23206044945e-08, 8.52841637311e-08, 5.85493609151e-08, 6.21770013254e-08, 1.33402622282e-08, 4.50083748049e-09, 1.6985256257e-10, 3.91983390191e-11, 4.58727977479e-12, 4.27703315134e-15, 1.59179909969e-19]
        max: [1.03897045847e-05, 0.00154788861983, 0.00587668363005, 0.00391428358853, 0.00917367450893, 0.0014337154571, 0.00397881492972, 0.00118073727936, 0.00243096216582, 0.002991985064, 0.00151103548706, 0.000555149861611, 0.000525578507222, 0.000680542492773, 0.00226513016969, 0.00161180144642, 0.00226191408001, 0.00227432511747, 0.00196851068176, 0.00144283438567, 0.0010742880404, 0.000601286010351, 0.000100744859083, 3.93343070755e-05, 1.76147823368e-05, 4.45305715857e-07, 1.36809730211e-09]
        mean: [7.14825489467e-07, 7.5729432865e-05, 0.000301188818412, 0.000269498181297, 0.000472725165309, 0.000168009719346, 0.00015061882732, 7.28502564016e-05, 0.000263218418695, 7.84419898991e-05, 5.19928071299e-05, 6.2541468651e-05, 4.45957084594e-05, 5.09898491146e-05, 0.000209915582673, 0.000174345012056, 0.000244272610871, 0.000198283858481, 0.000158759226906, 0.000155698595336, 9.15983546292e-05, 2.25878084166e-05, 4.05088258049e-06, 1.22512597045e-06, 6.49715730106e-07, 2.07335926206e-08, 1.63741298298e-10]
        min: [1.21834174693e-11, 1.502234101e-11, 6.54196315175e-12, 3.94003579762e-12, 4.06741480774e-12, 1.38546856279e-12, 3.57627274149e-12, 2.17532797331e-11, 1.26571322867e-10, 1.55700924376e-10, 1.2474526967e-10, 1.14316327238e-10, 5.1919520766e-11, 2.06795691682e-10, 3.62930657749e-10, 3.88822862796e-10, 3.65944274883e-10, 1.94094462724e-10, 1.26437069148e-10, 7.61370064217e-11, 5.87790927042e-11, 5.89432235659e-12, 1.52273332832e-12, 9.62090867043e-13, 1.02809698688e-12, 9.61241503061e-13, 3.95062048396e-13]
        var: [1.59696680792e-12, 2.0365375164e-08, 2.82122726958e-07, 1.55910484523e-07, 6.4974773295e-07, 3.83515583735e-08, 1.32387995677e-07, 1.62106648105e-08, 1.31297468897e-07, 5.88282560443e-08, 1.33853248485e-08, 5.97431748517e-09, 5.7082614191e-09, 5.45717027123e-09, 1.08151255063e-07, 6.34145393974e-08, 1.28843737457e-07, 6.63740991058e-08, 4.29994280182e-08, 4.32916387183e-08, 1.47466998612e-08, 2.4843709312e-09, 6.93122434448e-11, 1.00964800756e-11, 3.11038044279e-12, 1.85083327008e-15, 5.13962728249e-20]
    mfcc:
        mean: [-747.269287109, 126.033195496, -54.122795105, 65.196647644, -11.7701311111, -3.02360653877, -4.76705598831, -3.74862504005, 2.54192662239, -3.94986772537, -7.27389192581, -6.25116300583, -5.77987909317]
        cov: [[5434.453125, -363.078369141, 386.839569092, -154.500991821, -41.7455444336, 131.042892456, -131.163833618, 60.9725914001, 98.6591873169, -61.6963195801, 14.1563234329, 12.1502819061, -7.39384698868], [-363.078369141, 297.533630371, -128.064163208, 108.410377502, -27.561756134, 16.202829361, -7.01000452042, -30.4921684265, -8.73488140106, 12.1376791, -2.214802742, -11.5344715118, 7.9636631012], [386.839569092, -128.064163208, 273.036010742, -58.7545127869, 1.46586239338, 23.3008899689, 24.0819549561, 1.46301436424, -0.50460678339, 20.981212616, 22.1620502472, 26.49310112, 21.4639320374], [-154.500991821, 108.410377502, -58.7545127869, 130.173965454, 3.38724207878, 6.36653995514, 2.21292352676, -6.15022230148, -4.05109262466, 1.25903022289, -1.0936191082, -15.4900579453, 7.75414323807], [-41.7455444336, -27.561756134, 1.46586239338, 3.38724207878, 100.021575928, 0.00938206911087, 1.32528042793, 14.6896715164, -2.39075160027, -9.87680244446, -3.77790880203, 15.4503507614, -0.0590621829033], [131.042892456, 16.202829361, 23.3008899689, 6.36653995514, 0.00938206911087, 80.0094604492, -1.35732364655, -4.3315243721, 6.78959608078, 0.170412644744, 1.16082835197, 5.00273418427, 6.62262105942], [-131.163833618, -7.01000452042, 24.0819549561, 2.21292352676, 1.32528042793, -1.35732364655, 79.9085235596, 6.28349351883, -10.3208913803, -0.296706289053, 2.41519474983, 0.102436192334, 7.85350942612], [60.9725914001, -30.4921684265, 1.46301436424, -6.15022230148, 14.6896715164, -4.3315243721, 6.28349351883, 62.5822410583, 13.7682132721, -5.92050075531, 3.4484641552, 7.15420150757, -11.0860242844], [98.6591873169, -8.73488140106, -0.50460678339, -4.05109262466, -2.39075160027, 6.78959608078, -10.3208913803, 13.7682132721, 56.8551101685, 13.3531579971, -1.8034517765, -4.03910064697, -1.74018526077], [-61.6963195801, 12.1376791, 20.981212616, 1.25903022289, -9.87680244446, 0.170412644744, -0.296706289053, -5.92050075531, 13.3531579971, 55.1526756287, 17.5297889709, -3.59866714478, 3.15323805809], [14.1563234329, -2.214802742, 22.1620502472, -1.0936191082, -3.77790880203, 1.16082835197, 2.41519474983, 3.4484641552, -1.8034517765, 17.5297889709, 56.8507995605, 11.1064920425, -3.31492900848], [12.1502819061, -11.5344715118, 26.49310112, -15.4900579453, 15.4503507614, 5.00273418427, 0.102436192334, 7.15420150757, -4.03910064697, -3.59866714478, 11.1064920425, 52.2827148438, 12.8845653534], [-7.39384698868, 7.9636631012, 21.4639320374, 7.75414323807, -0.0590621829033, 6.62262105942, 7.85350942612, -11.0860242844, -1.74018526077, 3.15323805809, -3.31492900848, 12.8845653534, 45.3396186829]]
        icov: [[0.000256230385276, 0.000160743584274, -0.00035063418909, 1.44190862557e-05, 0.000182986957952, -0.000330980867147, 0.000505526433699, -0.000166225989233, -0.000361997401342, 0.00054745154921, -0.000133771492983, 0.00020059653616, -2.13015027839e-05], [0.000160743584274, 0.00665799854323, 0.00240889890119, -0.00430088117719, 0.00184309761971, -0.00179416569881, 0.000120550073916, 0.00188484776299, 0.000631669478025, -0.00187808379997, 0.000171788167791, -0.00176871917211, -0.00017355158343], [-0.00035063418909, 0.00240889890119, 0.00639685848728, 0.000566386559512, 0.00028777110856, -0.00161046895664, -0.00201246072538, 0.000755444227252, 0.00127035297919, -0.00326551892795, -0.000911024166271, -0.0019105297979, -0.00208434765227], [1.44190862557e-05, -0.00430088117719, 0.000566386559512, 0.0122617324814, -0.00203893985599, -0.000402751931688, -0.000302629574435, -0.00146460020915, 0.000440878793597, 0.000779763795435, -0.00146552675869, 0.00443886267021, -0.00326280365698], [0.000182986957952, 0.00184309761971, 0.00028777110856, -0.00203893985599, 0.0116523969918, -0.000564759946428, 0.000338273879606, -0.00183766614646, 0.000485955533804, 0.000799509638455, 0.00132342136931, -0.00387817714363, 0.000670238165185], [-0.000330980867147, -0.00179416569881, -0.00161046895664, -0.000402751931688, -0.000564759946428, 0.0142488600686, -0.000262850429863, 0.00118026451673, -0.00215115235187, 0.00112594827078, -2.30290916079e-05, -0.000926781969611, -0.000554646423552], [0.000505526433699, 0.000120550073916, -0.00201246072538, -0.000302629574435, 0.000338273879606, -0.000262850429863, 0.0148274134845, -0.00317962374538, 0.00241957860999, 0.0010335764382, -0.000607848167419, 0.00227507762611, -0.0029112091288], [-0.000166225989233, 0.00188484776299, 0.000755444227252, -0.00146460020915, -0.00183766614646, 0.00118026451673, -0.00317962374538, 0.0208482909948, -0.00606472557411, 0.00228368444368, -0.00121655501425, -0.00424472568557, 0.00573399988934], [-0.000361997401342, 0.000631669478025, 0.00127035297919, 0.000440878793597, 0.000485955533804, -0.00215115235187, 0.00241957860999, -0.00606472557411, 0.0225085671991, -0.00770972995088, 0.0026830479037, 0.00155107676983, -0.00127844966482], [0.00054745154921, -0.00187808379997, -0.00326551892795, 0.000779763795435, 0.000799509638455, 0.00112594827078, 0.0010335764382, 0.00228368444368, -0.00770972995088, 0.0255703534931, -0.00808674935251, 0.00400039041415, -0.00175469298847], [-0.000133771492983, 0.000171788167791, -0.000911024166271, -0.00146552675869, 0.00132342136931, -2.30290916079e-05, -0.000607848167419, -0.00121655501425, 0.0026830479037, -0.00808674935251, 0.0222201198339, -0.00630975887179, 0.00452592363581], [0.00020059653616, -0.00176871917211, -0.0019105297979, 0.00443886267021, -0.00387817714363, -0.000926781969611, 0.00227507762611, -0.00424472568557, 0.00155107676983, 0.00400039041415, -0.00630975887179, 0.026762040332, -0.00909817777574], [-2.13015027839e-05, -0.00017355158343, -0.00208434765227, -0.00326280365698, 0.000670238165185, -0.000554646423552, -0.0029112091288, 0.00573399988934, -0.00127844966482, -0.00175469298847, 0.00452592363581, -0.00909817777574, 0.0286050885916]]
    spectral_contrast:
        mean: [-4.04694162626e-08, 2.41893786779e-07, 2.68246765245e-07, 6.78572007473e-08, -9.753016883e-08, -1.49011611938e-08, -2.18380478145e-06, 9.01244277429e-07, 3.30553984895e-06, -1.81849358682e-07, -1.70949431322e-06, 1.76137245944e-06]
        var: [0.000436471804278, 0.000560134241823, 0.00140018598177, 0.00204731873237, 0.00282072392292, 0.00408761110157, 0.0440148301423, 0.0511348731816, 0.114935159683, 0.150299370289, 0.305019259453, 3.15635895729]

rhythm:
    beats_loudness:
        dmean: 0.00111532874871
        dmean2: 0.00143448391464
        dvar: 1.09463223907e-06
        dvar2: 2.32899014918e-06
        max: 0.012315784581
        mean: 0.00436672428623
        min: 0.000453692075098
        var: 1.28873971335e-05
    beats_loudness_bass:
        dmean: 0.108121581376
        dmean2: 0.179021194577
        dvar: 0.00571154849604
        dvar2: 0.0157344136387
        max: 0.514349222183
        mean: 0.253364175558
        min: 0.076865658164
        var: 0.00989644508809
    bpm: 149.955657959
    bpm_confidence: 0
    first_peak_bpm: 149
    first_peak_spread: 0.391304373741
    first_peak_weight: 0.583333313465
    onset_rate: 4.98453760147
    second_peak_bpm: 144
    second_peak_spread: 0
    second_peak_weight: 0.0416666679084
    beats_position: [0.287777274847, 0.690788567066, 1.09379994869, 1.4968111515, 1.89982247353, 2.30283379555, 2.70584487915, 3.10885620117, 3.51186752319, 3.91487884521, 4.31789016724, 4.72090148926, 5.12391233444, 5.52692365646, 5.92993497849, 6.34516906738, 6.74302577972, 7.14088153839, 7.53873729706, 7.93659305573, 8.33444881439, 8.73230552673, 9.1301612854, 9.52801704407, 9.92587375641]
    bpm_estimates: [149.549972534, 149.372955322, 149.099868774, 149.456115723, 150.026031494, 149.497589111, 147.794082642, 146.308639526, 151.210739136, 150.63041687, 151.581085205, 150.365600586, 151.055831909, 151.148223877, 150.585296631, 151.020294189, 150.533432007, 149.966033936]
    bpm_intervals: [0.403011292219, 0.403011381626, 0.403011202812, 0.403011322021, 0.403011322021, 0.403011083603, 0.403011322021, 0.403011322021, 0.403011322021, 0.403011322021, 0.403011322021, 0.403010845184, 0.403011322021, 0.403011322021, 0.415234088898, 0.397856712341, 0.397855758667, 0.397855758667, 0.397855758667, 0.397855758667, 0.397856712341, 0.397855758667, 0.397855758667, 0.397856712341]
    onset_times: [0.0580498874187, 0.267029464245, 0.49922901392, 0.673378705978, 0.882358253002, 1.07972788811, 1.28870749474, 1.47446715832, 1.70666670799, 1.89242625237, 2.08979582787, 2.29877543449, 2.70512461662, 2.90249443054, 3.09986400604, 3.32045340538, 3.50621318817, 3.7151927948, 3.9125623703, 4.13315200806, 4.31891155243, 4.53950119019, 4.7020406723, 4.94585037231, 5.11999988556, 5.29414987564, 5.4334692955, 5.53795909882, 5.93269824982, 6.15328788757, 6.32743787766, 6.54802703857, 6.74539661407, 6.9543762207, 7.12852621078, 7.36072540283, 7.53487539291, 7.7670750618, 7.92961454391, 8.16181373596, 8.33596324921, 8.53333377838, 8.66104316711, 8.74231338501, 8.96290206909, 9.13705253601, 9.35764217377, 9.52018165588, 9.74077129364, 9.94975090027]
    rubato_start: []
    rubato_stop: []
    perceptual_tempo: "unknown"

sfx:
    inharmonicity:
        dmean: 0.041881557554
        dmean2: 0.0755978003144
        dvar: 0.00238575274125
        dvar2: 0.00667846109718
        max: 0.344029486179
        mean: 0.0452247075737
        min: 0
        var: 0.00208210595883
    oddtoevenharmonicenergyratio:
        dmean: 1.63204061985
        dmean2: 3.00446152687
        dvar: 13.6550798416
        dvar2: 41.3518638611
        max: 44.6299514771
        mean: 1.20993518829
        min: 0
        var: 8.04484844208
    pitch_after_max_to_before_max_energy_ratio: 0.551511287689
    pitch_centroid: 230.799606323
    pitch_max_to_total: 0.837962985039
    pitch_min_to_total: 0.444444447756
    tristimulus:
        dmean: [0.204525068402, 0.233877941966, 0.132790073752]
        dmean2: [0.352983653545, 0.40111836791, 0.234083682299]
        dvar: [0.0279916375875, 0.0388784296811, 0.0116854654625]
        dvar2: [0.0805107504129, 0.118661910295, 0.0320738554001]
        max: [1, 0.926887094975, 0.642218470573]
        mean: [0.374815613031, 0.456069678068, 0.129622757435]
        min: [0.0281206388026, 0, 0]
        var: [0.0405108965933, 0.0509926304221, 0.0152439279482]

tonal:
    chords_changes_rate: 0.00925925932825
    chords_number_rate: 0.00925925932825
    chords_strength:
        dmean: 0.00615460472181
        dmean2: 0.00673298118636
        dvar: 2.42380301643e-05
        dvar2: 2.7412590498e-05
        max: 0.69094145298
        mean: 0.605741500854
        min: 0.501398563385
        var: 0.00236600148492
    key_strength: 0.803221106529
    tuning_diatonic_strength: 0.630016982555
    tuning_equal_tempered_deviation: 0.0348271727562
    tuning_frequency: 440.763122559
    tuning_nontempered_energy_ratio: 0.677794516087
    hpcp:
        dmean: [0.0873270258307, 0.0605649575591, 0.0920379087329, 0.136758327484, 0.170535877347, 0.234580978751, 0.253609865904, 0.199978873134, 0.185198396444, 0.148827418685, 0.0820366889238, 0.0980382189155, 0.113832652569, 0.0749276503921, 0.064929433167, 0.0763440579176, 0.0604718215764, 0.107173353434, 0.129568949342, 0.0893907397985, 0.116517171264, 0.132025584579, 0.0899467021227, 0.0732871443033, 0.0695966780186, 0.144235253334, 0.296352833509, 0.260400116444, 0.241541519761, 0.190075039864, 0.176436781883, 0.113547444344, 0.0691545531154, 0.0739644542336, 0.109221927822, 0.122173622251]
        dmean2: [0.150240555406, 0.102418072522, 0.152225002646, 0.22564651072, 0.297626912594, 0.402904272079, 0.422038793564, 0.347092628479, 0.340003937483, 0.277518510818, 0.145251587033, 0.16287779808, 0.183367133141, 0.122572846711, 0.104429982603, 0.125330910087, 0.10367719084, 0.186636090279, 0.218869552016, 0.135214865208, 0.187137842178, 0.210686609149, 0.144475698471, 0.126023352146, 0.122616365552, 0.263521045446, 0.511316478252, 0.438164979219, 0.426165759563, 0.317262619734, 0.268298447132, 0.191970542073, 0.121537953615, 0.130208611488, 0.197719201446, 0.211967274547]
        dvar: [0.0121963443235, 0.006277509965, 0.0148691935465, 0.0287680197507, 0.0320229232311, 0.0425055287778, 0.0537364520133, 0.0445673130453, 0.0549153387547, 0.0524112507701, 0.0159957893193, 0.0166844967753, 0.0251136943698, 0.0116390427575, 0.00915078353137, 0.0143730528653, 0.00579683482647, 0.0163664799184, 0.0340061821043, 0.00861009862274, 0.0279897861183, 0.0321533158422, 0.0115736266598, 0.0105898343027, 0.0126491012052, 0.0285320002586, 0.0588833391666, 0.0636892914772, 0.0411483310163, 0.0468847937882, 0.0488461367786, 0.031811799854, 0.0120194060728, 0.0133354151621, 0.0291226431727, 0.0223336592317]
        dvar2: [0.0315657369792, 0.0172393284738, 0.0400501489639, 0.0685438886285, 0.0860950946808, 0.12772411108, 0.130544647574, 0.121290944517, 0.155482172966, 0.144959434867, 0.0445104278624, 0.0483589358628, 0.0616033039987, 0.0301562808454, 0.0207400433719, 0.0283398162574, 0.0167535729706, 0.0400010384619, 0.0647727027535, 0.0176551099867, 0.061076361686, 0.0680643096566, 0.0301300603896, 0.0300008021295, 0.0346811115742, 0.0788976103067, 0.173455357552, 0.125372469425, 0.121242158115, 0.108174569905, 0.110543072224, 0.0805696174502, 0.0303634591401, 0.039001699537, 0.081513389945, 0.0582032389939]
        max: [1, 0.563451170921, 1, 1, 1, 1, 1, 1, 1, 1, 0.772264719009, 1, 1, 0.766919434071, 0.777968466282, 1, 0.571596026421, 0.910771429539, 1, 0.735285997391, 1, 1, 0.748723804951, 0.677100121975, 0.615915179253, 0.893531084061, 1, 1, 1, 1, 1, 1, 0.773983776569, 0.734256982803, 1, 0.922963261604]
        mean: [0.120726592839, 0.0713335201144, 0.128072053194, 0.202121645212, 0.203208625317, 0.332325220108, 0.465535014868, 0.307699561119, 0.150060713291, 0.11896174401, 0.0936622694135, 0.154956027865, 0.194607958198, 0.119922094047, 0.0978407561779, 0.111515946686, 0.0826411768794, 0.17264097929, 0.255210846663, 0.173722431064, 0.194914370775, 0.21738268435, 0.117687784135, 0.0697182044387, 0.0607461705804, 0.123671859503, 0.491264134645, 0.704280972481, 0.405749112368, 0.243346229196, 0.239917814732, 0.138725712895, 0.0769354626536, 0.0749465972185, 0.117315024137, 0.1588242203]
        min: [0.00359526299872, 0.0022944889497, 0.00643857568502, 0.00529854698107, 0.00866960827261, 0.0180005095899, 0.0155641911551, 0.0110033024102, 0.00296245003119, 0.00437825033441, 0.00339524145238, 0.00742786517367, 0.00948822498322, 0.00991091877222, 0.0028406851925, 0.00138284522109, 0.00237928703427, 0.0102945072576, 0.010729518719, 0.00952660944313, 0.000463634409243, 0.000944951549172, 0.00129100878257, 0.000969297951087, 0.000707850093022, 0.00069515069481, 0.0130990622565, 0.0470925234258, 0.0199343580753, 0.0038736097049, 0.00118796073366, 0.00206267903559, 0.00204691058025, 0.000630987167824, 0.00770582584664, 0.00816279835999]
        var: [0.0184400808066, 0.00755636114627, 0.0158380437642, 0.0413822904229, 0.0399561189115, 0.0532774962485, 0.101979829371, 0.0575122199953, 0.0447823144495, 0.0392076745629, 0.0131020918489, 0.0217153988779, 0.0418551452458, 0.0172292198986, 0.0144125521183, 0.0242343172431, 0.00727818813175, 0.0278106965125, 0.0802346169949, 0.0277452301234, 0.0618811920285, 0.0748160555959, 0.0174986552447, 0.00864432845265, 0.010370275937, 0.0239028837532, 0.079003892839, 0.102581702173, 0.0520935468376, 0.0778392627835, 0.0871184393764, 0.0304158683866, 0.010332708247, 0.0112887453288, 0.0227619372308, 0.0257735177875]
    chords_histogram: [94.907409668, 0, 0, 0, 0, 0, 0, 0, 0, 0, 0, 0, 0, 0, 0, 0, 0, 5.09259271622, 0, 0, 0, 0, 0, 0]
    thpcp: [1, 0.57611823082, 0.345524340868, 0.340656399727, 0.196974948049, 0.109239727259, 0.106415763497, 0.166574180126, 0.225512579083, 0.171418219805, 0.101285599172, 0.181847959757, 0.286990076303, 0.288533449173, 0.471864551306, 0.661007523537, 0.436898857355, 0.21306937933, 0.16891233623, 0.132989913225, 0.22002017498, 0.276321470737, 0.17027592659, 0.138922899961, 0.158340141177, 0.117341205478, 0.245130836964, 0.362370789051, 0.246666371822, 0.276756554842, 0.308659046888, 0.167103454471, 0.0989920347929, 0.0862527489662, 0.175600171089, 0.69753998518]
    chords_key: "B"
    chords_scale: "major"
    key_key: "B"
    key_scale: "major"
    chords_progression: ["B", "B", "B", "B", "B", "B", "B", "B", "B", "B", "B", "B", "B", "B", "B", "B", "B", "B", "B", "B", "B", "B", "B", "B", "B", "B", "B", "B", "B", "B", "B", "B", "B", "B", "B", "B", "B", "B", "B", "B", "B", "B", "B", "B", "B", "B", "B", "B", "B", "B", "B", "B", "B", "B", "B", "B", "B", "B", "B", "B", "B", "B", "B", "B", "B", "B", "B", "B", "B", "B", "B", "B", "B", "B", "B", "B", "B", "B", "B", "B", "B", "B", "B", "B", "B", "B", "B", "B", "B", "B", "B", "B", "B", "B", "B", "B", "B", "B", "B", "B", "B", "B", "B", "B", "B", "B", "B", "B", "B", "B", "B", "B", "B", "B", "B", "B", "B", "B", "B", "B", "B", "B", "B", "B", "B", "B", "B", "B", "B", "B", "B", "Bm", "Bm", "Bm", "Bm", "Bm", "Bm", "Bm", "Bm", "Bm", "Bm", "Bm", "B", "B", "B", "B", "B", "B", "B", "B", "B", "B", "B", "B", "B", "B", "B", "B", "B", "B", "B", "B", "B", "B", "B", "B", "B", "B", "B", "B", "B", "B", "B", "B", "B", "B", "B", "B", "B", "B", "B", "B", "B", "B", "B", "B", "B", "B", "B", "B", "B", "B", "B", "B", "B", "B", "B", "B", "B", "B", "B", "B", "B", "B", "B", "B", "B", "B", "B", "B", "B", "B", "B", "B", "B", "B"]
