
metadata:
    version:
        essentia: "1.2.2"
    audio_properties:
        analysis_sample_rate: 44100
        bitrate: 128
        channels: 2
        equal_loudness: 1
        length: 10.0048980713
        replay_gain: -14.2332744598
        downmix: "mix"
    tags:
        track: 15
        year: 0
        album: "Splitted by Mp3Splt v. 2.1"
        artist: "From 002.20 To 002.30"
        comment: "http://mp3splt.sf.net"
        genre: ""
        title: "11 Halo.mp3"

highlevel:
    ballroom:
        all:
            ChaChaCha: 0.0641150027514
            Jive: 0.347969710827
            Quickstep: 0.0787892714143
            Rumba-American: 0.0086881229654
            Rumba-International: 0.0165877360851
            Rumba-Misc: 0.0246775709093
            Samba: 0.0510748624802
            Tango: 0.032254755497
            VienneseWaltz: 0.327210843563
            Waltz: 0.0486321039498
        probability: 0.347969710827
        value: "Jive"
    culture:
        all:
            non_western: 0.00269571598619
            western: 0.997304260731
        probability: 0.997304260731
        value: "western"
    gender:
        all:
            female: 0.321208268404
            male: 0.678791701794
        probability: 0.678791701794
        value: "male"
    genre_dortmund:
        all:
            alternative: 0.155711203814
            blues: 0.00344729889184
            electronic: 0.0308448970318
            folkcountry: 0.0976531729102
            funksoulrnb: 0.00702587934211
            jazz: 0.0114302728325
            pop: 0.125100955367
            raphiphop: 0.000796459440608
            rock: 0.567989826202
        probability: 0.567989826202
        value: "rock"
    genre_electronica:
        all:
            ambient: 0.430534392595
            dnb: 0.125795096159
            house: 0.0094809923321
            techno: 0.0123186931014
            trance: 0.421870827675
        probability: 0.430534392595
        value: "ambient"
    genre_rosamerica:
        all:
            cla: 0.0122341960669
            dan: 0.00310862646438
            hip: 0.000824778806418
            jaz: 0.00226882216521
            pop: 0.0110722919926
            rhy: 0.00117013545241
            roc: 0.968832373619
            spe: 0.000488756573759
        probability: 0.968832373619
        value: "roc"
    genre_tzanetakis:
        all:
            blu: 0.0242433454841
            cla: 0.234944820404
            cou: 0.317316263914
            dis: 0.0230364054441
            hip: 0.0071089733392
            jaz: 0.0611094534397
            met: 0.0321703292429
            pop: 0.0371303297579
            reg: 0.00882962904871
            roc: 0.254110455513
        probability: 0.317316263914
        value: "cou"
    live_studio:
        all:
            live: 0.11689632386
            studio: 0.88310366869
        probability: 0.88310366869
        value: "studio"
    mood:
        all:
            Cluster1: 0.613562643528
            Cluster2: 0.107591465116
            Cluster3: 0.058291003108
            Cluster4: 0.135199949145
            Cluster5: 0.0853549316525
        probability: 0.613562643528
        value: "Cluster1"
    mood_acoustic:
        all:
            acoustic: 0.0227396395057
            not_acoustic: 0.977260351181
        probability: 0.977260351181
        value: "not_acoustic"
    mood_aggressive:
        all:
            aggressive: 0.657486915588
            not_aggressive: 0.342513054609
        probability: 0.657486915588
        value: "aggressive"
    mood_electronic:
        all:
            electronic: 0.108819931746
            not_electronic: 0.891180098057
        probability: 0.891180098057
        value: "not_electronic"
    mood_happy:
        all:
            happy: 0.800302624702
            not_happy: 0.199697390199
        probability: 0.800302624702
        value: "happy"
    mood_party:
        all:
            not_party: 0.71542096138
            party: 0.28457903862
        probability: 0.71542096138
        value: "not_party"
    mood_relaxed:
        all:
            not_relaxed: 0.761639356613
            relaxed: 0.238360643387
        probability: 0.761639356613
        value: "not_relaxed"
    mood_sad:
        all:
            not_sad: 0.724832475185
            sad: 0.275167554617
        probability: 0.724832475185
        value: "not_sad"
    rhythm:
        all:
            fast: 0.859195053577
            medium: 0.0568850673735
            slow: 0.083919852972
        probability: 0.859195053577
        value: "fast"
    speech_music:
        all:
            music: 0.999472141266
            speech: 0.000527875206899
        probability: 0.999472141266
        value: "music"
    timbre:
        all:
            bright: 0.992168426514
            dark: 0.00783155858517
        probability: 0.992168426514
        value: "bright"
    voice_instrumental:
        all:
            instrumental: 0.248750850558
            voice: 0.751249134541
        probability: 0.751249134541
        value: "voice"

lowlevel:
    average_loudness: 0.982548475266
    barkbands_kurtosis:
        dmean: 0.340247035027
        dmean2: 0.573423564434
        dvar: 0.148820132017
        dvar2: 0.395624786615
        max: 2.37869644165
        mean: -1.02471733093
        min: -1.70997655392
        var: 0.266451448202
    barkbands_skewness:
        dmean: 0.319230377674
        dmean2: 0.508300423622
        dvar: 0.0667804330587
        dvar2: 0.177729830146
        max: 0.959036111832
        mean: -0.241547331214
        min: -1.54430866241
        var: 0.20663960278
    barkbands_spread:
        dmean: 3.39418840408
        dmean2: 5.42042827606
        dvar: 8.08216762543
        dvar2: 20.5901184082
        max: 38.851398468
        mean: 26.2045249939
        min: 13.7055873871
        var: 21.0756149292
    dissonance:
        dmean: 0.016071414575
        dmean2: 0.0271927919239
        dvar: 0.000179187583853
        dvar2: 0.000513967941515
        max: 0.498523622751
        mean: 0.465333908796
        min: 0.387376099825
        var: 0.00033621530747
    hfc:
        dmean: 1.98519945145
        dmean2: 3.14086318016
        dvar: 2.66290807724
        dvar2: 7.07577848434
        max: 24.5566959381
        mean: 12.2406005859
        min: 3.30456995964
        var: 9.8867559433
    pitch:
        dmean: 309.055206299
        dmean2: 604.139465332
        dvar: 575128.3125
        dvar2: 1615221.75
        max: 4009.09082031
        mean: 467.566314697
        min: 97.7827072144
        var: 427242.9375
    pitch_instantaneous_confidence:
        dmean: 0.0748486891389
        dmean2: 0.119814112782
        dvar: 0.00345634715632
        dvar2: 0.00802574586123
        max: 0.763774931431
        mean: 0.460178285837
        min: 0.201540529728
        var: 0.0116436202079
    pitch_salience:
        dmean: 0.048726066947
        dmean2: 0.0804966241121
        dvar: 0.00166811805684
        dvar2: 0.00432468531653
        max: 0.815764427185
        mean: 0.601930201054
        min: 0.363100647926
        var: 0.00474536186084
    silence_rate_20dB:
        dmean: 0
        dmean2: 0
        dvar: 0
        dvar2: 0
        max: 1
        mean: 1
        min: 1
        var: 0
    silence_rate_30dB:
        dmean: 0
        dmean2: 0
        dvar: 0
        dvar2: 0
        max: 1
        mean: 1
        min: 1
        var: 0
    silence_rate_60dB:
        dmean: 0.00930232554674
        dmean2: 0.0163170155138
        dvar: 0.00921580474824
        dvar2: 0.0207126606256
        max: 1
        mean: 0.00928074214607
        min: 0
        var: 0.00919459946454
    spectral_centroid:
        dmean: 194.988967896
        dmean2: 306.87600708
        dvar: 25181.3105469
        dvar2: 61893.0976562
        max: 3225.87011719
        mean: 1849.58227539
        min: 1056.76428223
        var: 107419
    spectral_complexity:
        dmean: 2.87850475311
        dmean2: 4.73536300659
        dvar: 5.1861782074
        dvar2: 13.6184959412
        max: 34
        mean: 21.403263092
        min: 4
        var: 12.3059206009
    spectral_crest:
        dmean: 1.9510730505
        dmean2: 3.30739140511
        dvar: 3.0126581192
        dvar2: 8.45907115936
        max: 16.4033107758
        mean: 6.71860551834
        min: 2.93119668961
        var: 5.89723157883
    spectral_decrease:
        dmean: 2.80634432359e-10
        dmean2: 4.35201624738e-10
        dvar: 6.15364731591e-20
        dvar2: 1.51031134035e-19
        max: -5.08836750512e-10
        mean: -1.49394252524e-09
        min: -2.89347501514e-09
        var: 1.83715792997e-19
    spectral_energy:
        dmean: 0.0011897245422
        dmean2: 0.00185067916755
        dvar: 1.09518259706e-06
        dvar2: 2.68557687377e-06
        max: 0.0128241367638
        mean: 0.00674874195829
        min: 0.00222019013017
        var: 3.31671594722e-06
    spectral_energyband_high:
        dmean: 0.000100770652352
        dmean2: 0.000158804759849
        dvar: 1.56710626698e-08
        dvar2: 3.73863926484e-08
        max: 0.00264351279475
        mean: 0.000350966642145
        min: 6.33199088043e-05
        var: 9.18199276612e-08
    spectral_energyband_low:
        dmean: 6.38374040136e-05
        dmean2: 0.000104263162939
        dvar: 7.06706781983e-09
        dvar2: 1.87773725457e-08
        max: 0.000729370978661
        mean: 0.000132555898745
        min: 1.55493978582e-06
        var: 8.64219451557e-09
    spectral_energyband_middle_high:
        dmean: 0.000794189225417
        dmean2: 0.00126142078079
        dvar: 4.96732695865e-07
        dvar2: 1.21349046367e-06
        max: 0.00976118631661
        mean: 0.00413122866303
        min: 0.00122698256746
        var: 1.60251067882e-06
    spectral_energyband_middle_low:
        dmean: 0.000781328766607
        dmean2: 0.00122037797701
        dvar: 7.12966823357e-07
        dvar2: 1.91042977349e-06
        max: 0.00733519904315
        mean: 0.00213397480547
        min: 0.00036255523446
        var: 1.89215734281e-06
    spectral_flatness_db:
        dmean: 0.0115027772263
        dmean2: 0.0173983927816
        dvar: 9.11685419851e-05
        dvar2: 0.000209403442568
        max: 0.18707562983
        mean: 0.133011937141
        min: 0.0854590460658
        var: 0.000315829383908
    spectral_flux:
        dmean: 0.0069355010055
        dmean2: 0.011154606007
        dvar: 3.8298243453e-05
        dvar2: 9.57867596298e-05
        max: 0.0970929041505
        mean: 0.0465152189136
        min: 0.0277887359262
        var: 9.11121169338e-05
    spectral_kurtosis:
        dmean: 0.697865009308
        dmean2: 1.11600315571
        dvar: 0.519875407219
        dvar2: 1.01050388813
        max: 13.4036121368
        mean: 4.18286466599
        min: 1.03105592728
        var: 1.81264936924
    spectral_rms:
        dmean: 0.000223340379307
        dmean2: 0.000345031614415
        dvar: 3.55146454467e-08
        dvar2: 8.35524573972e-08
        max: 0.00353713915683
        mean: 0.00254234205931
        min: 0.00147174694575
        var: 1.20629138678e-07
    spectral_rolloff:
        dmean: 213.621276855
        dmean2: 365.20703125
        dvar: 46791.7773438
        dvar2: 124700.734375
        max: 5275.63476562
        mean: 3227.06689453
        min: 2304.05273438
        var: 153829
    spectral_skewness:
        dmean: 0.10289414227
        dmean2: 0.16552773118
        dvar: 0.0114329876378
        dvar2: 0.0220683962107
        max: 3.07359695435
        mean: 1.64525640011
        min: 0.755980551243
        var: 0.0565288029611
    spectral_spread:
        dmean: 412295.1875
        dmean2: 594491.625
        dvar: 201299804160
        dvar2: 371601309696
        max: 8353646
        mean: 5214057
        min: 3017809.75
        var: 627840647168
    spectral_strongpeak:
        dmean: 0.753612220287
        dmean2: 1.32489442825
        dvar: 0.667859613895
        dvar2: 1.74172997475
        max: 4.73133230209
        mean: 1.304063797
        min: 0.049152225256
        var: 0.825462400913
    zerocrossingrate:
        dmean: 0.00569965690374
        dmean2: 0.00711724255234
        dvar: 2.36670439335e-05
        dvar2: 3.11799740302e-05
        max: 0.16064453125
        mean: 0.101572744548
        min: 0.041015625
        var: 0.000207855875487
    barkbands:
        dmean: [1.49956093765e-07, 1.47578248288e-05, 5.70902775507e-05, 6.69375440339e-05, 0.000179329887033, 0.000115851173177, 0.000310207164148, 0.000242548630922, 0.000195007858565, 0.000396592920879, 0.000103704063804, 4.94938249176e-05, 4.10672728322e-05, 4.54204819107e-05, 0.000196673659957, 0.000175752997166, 0.000426099722972, 0.000303386012092, 0.000237643544096, 0.000113352522021, 5.39338070666e-05, 2.38854499912e-05, 4.44119950771e-06, 2.80782023765e-06, 1.95905408873e-06, 1.65816032904e-07, 8.17743983639e-10]
        dmean2: [2.08383397649e-07, 2.4318072974e-05, 9.57026641117e-05, 0.000112157656986, 0.000285161891952, 0.000193072788534, 0.000507784890942, 0.00036531794467, 0.000332837924361, 0.000614589778706, 0.000166034253198, 7.77835739427e-05, 6.70089139021e-05, 7.70665137679e-05, 0.00031585994293, 0.000289948307909, 0.0007128676516, 0.000505694653839, 0.000398878299166, 0.000190637641936, 8.88458962436e-05, 3.63720828318e-05, 7.10262293069e-06, 4.37697553934e-06, 3.10830796479e-06, 2.52337713391e-07, 1.18598852961e-09]
        dvar: [3.99437319158e-13, 7.87670151325e-10, 6.35331298682e-09, 6.92398849367e-09, 1.01324353352e-07, 3.09612850913e-08, 4.20923669253e-07, 1.55123927925e-07, 1.40213558097e-07, 2.86299297159e-07, 5.3430234459e-08, 2.59447463513e-09, 2.64966426577e-09, 2.72295896941e-09, 3.92671566374e-08, 5.01583663493e-08, 1.52918246954e-07, 8.43499279313e-08, 4.69991547902e-08, 1.17574758818e-08, 3.85377729728e-09, 3.00425750943e-09, 4.70183614265e-11, 1.1282342248e-11, 1.90265997402e-11, 9.11233369034e-14, 3.32682281638e-17]
        dvar2: [4.36282412107e-13, 2.07831196697e-09, 1.79559407343e-08, 1.8827522652e-08, 2.28755922649e-07, 7.12859602459e-08, 1.17699528346e-06, 3.44111157347e-07, 3.83804007242e-07, 6.39741244868e-07, 1.18462232024e-07, 6.66754473855e-09, 7.082893827e-09, 7.29781257647e-09, 1.02843998206e-07, 1.17703244484e-07, 4.09180302086e-07, 2.25797080589e-07, 1.30460946934e-07, 3.35776277893e-08, 9.73882663402e-09, 7.79172992793e-09, 9.72578059755e-11, 2.24160551232e-11, 4.69635129396e-11, 2.14874111885e-13, 3.39037212499e-17]
        max: [1.26970280689e-05, 0.000276584178209, 0.000704963575117, 0.000742790754884, 0.00325907347724, 0.00155049923342, 0.00566828344017, 0.00637767696753, 0.00447948044166, 0.00579900480807, 0.00320718134753, 0.000475051929243, 0.000513785693329, 0.000658856646623, 0.00187508680392, 0.00234513822943, 0.00414836313576, 0.00296590104699, 0.00169700256083, 0.00118178455159, 0.000930833630264, 0.000991781940684, 0.000134746107506, 5.01519243699e-05, 5.38507047168e-05, 3.64024413102e-06, 1.19730501069e-07]
        mean: [2.05683434729e-07, 2.52052232099e-05, 0.000107162297354, 0.000112409783469, 0.00032170911436, 0.000225602445425, 0.00049756153021, 0.000472304818686, 0.000397576775867, 0.000705313752405, 0.000185566168511, 8.91670788405e-05, 8.52158846101e-05, 8.73052194947e-05, 0.000387953215977, 0.000377130811103, 0.000836216146126, 0.000721573072951, 0.000577552360483, 0.000303408596665, 0.000144877820276, 6.01800238655e-05, 1.35656591738e-05, 8.68747611094e-06, 4.92236449645e-06, 3.70678350237e-07, 1.1145836476e-09]
        min: [2.16775208894e-10, 1.9938678264e-08, 4.78239485346e-07, 1.24226016851e-06, 3.77341734747e-06, 9.09151276574e-06, 2.61019067693e-06, 7.6380210885e-06, 2.62055868916e-06, 1.85097578651e-05, 8.27526378089e-07, 6.37272432868e-06, 7.00105692886e-06, 5.86036367167e-06, 3.92082838516e-05, 3.9562190068e-05, 0.000128076877445, 9.72295893007e-05, 0.000106892272015, 5.8259578509e-05, 2.71560493275e-05, 6.18362173554e-06, 1.50428354573e-06, 1.02573062577e-06, 5.5022229617e-07, 3.61153915662e-08, 1.91611917305e-12]
        var: [4.17609523351e-13, 7.86696041644e-10, 7.03802660595e-09, 8.12217848534e-09, 1.60709404895e-07, 7.39328740451e-08, 8.73246278843e-07, 5.47604656731e-07, 5.21852825841e-07, 6.34200432614e-07, 1.41662468423e-07, 5.45899814242e-09, 4.82683004677e-09, 3.48272477524e-09, 7.55776881078e-08, 8.85897009084e-08, 2.75783975212e-07, 1.80718359388e-07, 8.73163870097e-08, 2.77648588565e-08, 1.10046904922e-08, 1.17840972536e-08, 2.59808480285e-10, 4.41711597854e-11, 2.29038090577e-11, 1.21156326616e-13, 3.3351852815e-17]
    mfcc:
        mean: [-664.675048828, 91.6847610474, -59.0387306213, 36.8240814209, -10.7797899246, -21.1292133331, -7.21355724335, 0.931877791882, 3.43955135345, -2.30937576294, -6.76581668854, -8.45259952545, -7.41302490234]
        cov: [[212.216506958, -81.0796051025, 91.7545928955, 5.3874464035, -18.4775257111, 29.6303672791, -32.2378425598, 2.98030567169, -7.7405872345, -1.43067324162, 13.7197961807, 6.62420368195, 10.5379543304], [-81.0796051025, 256.425476074, -47.8946647644, 17.0993213654, 50.2425041199, -44.7699203491, 41.7325057983, 15.6964578629, 25.0887641907, 14.848698616, -22.9522914886, -10.5326576233, -29.4686775208], [91.7545928955, -47.8946647644, 121.298171997, 34.9250450134, -7.43317699432, 25.9964408875, -16.8126945496, -1.74437940121, -2.90225529671, -7.94117307663, 6.97453975677, 7.29855489731, 6.2439084053], [5.3874464035, 17.0993213654, 34.9250450134, 83.4980926514, 23.1146221161, 22.7436504364, 0.840641319752, 9.78675556183, 6.17432022095, 1.13293993473, 6.95122623444, 8.14145374298, -4.04787874222], [-18.4775257111, 50.2425041199, -7.43317699432, 23.1146221161, 76.1380004883, 15.7184238434, 26.0976371765, 4.82399511337, 10.7376394272, 5.62937927246, -9.37565994263, 3.35405468941, -0.722651779652], [29.6303672791, -44.7699203491, 25.9964408875, 22.7436504364, 15.7184238434, 97.4224777222, 23.7663707733, 1.6754244566, -2.8216586113, -5.80111455917, 7.3737950325, -1.71814274788, 3.81614089012], [-32.2378425598, 41.7325057983, -16.8126945496, 0.840641319752, 26.0976371765, 23.7663707733, 78.2255783081, 30.000711441, 13.4619045258, 6.43565988541, -6.17497682571, -7.48150157928, 2.28880310059], [2.98030567169, 15.6964578629, -1.74437940121, 9.78675556183, 4.82399511337, 1.6754244566, 30.000711441, 63.6421890259, 28.5337963104, 18.351858139, 1.98041129112, 1.81316113472, -0.949730932713], [-7.7405872345, 25.0887641907, -2.90225529671, 6.17432022095, 10.7376394272, -2.8216586113, 13.4619045258, 28.5337963104, 50.3557014465, 24.8680667877, 7.72426366806, 1.75543928146, -5.27446699142], [-1.43067324162, 14.848698616, -7.94117307663, 1.13293993473, 5.62937927246, -5.80111455917, 6.43565988541, 18.351858139, 24.8680667877, 56.6188354492, 27.0647220612, 12.7575960159, 5.24455881119], [13.7197961807, -22.9522914886, 6.97453975677, 6.95122623444, -9.37565994263, 7.3737950325, -6.17497682571, 1.98041129112, 7.72426366806, 27.0647220612, 75.7251358032, 51.3491134644, 25.3134803772], [6.62420368195, -10.5326576233, 7.29855489731, 8.14145374298, 3.35405468941, -1.71814274788, -7.48150157928, 1.81316113472, 1.75543928146, 12.7575960159, 51.3491134644, 86.0766372681, 48.7441635132], [10.5379543304, -29.4686775208, 6.2439084053, -4.04787874222, -0.722651779652, 3.81614089012, 2.28880310059, -0.949730932713, -5.27446699142, 5.24455881119, 25.3134803772, 48.7441635132, 68.3553314209]]
        icov: [[0.0084454510361, 0.000461595860543, -0.00614720117301, 0.00288951722905, -0.000801920949016, -0.00201872526668, 0.00387931545265, -0.00340651976876, 0.00172883074265, -0.000747515703551, -0.00103680079337, 0.0011305664666, -0.000674865324982], [0.000461595860543, 0.00685838237405, 0.00112647959031, -0.00214100070298, -0.00261607556604, 0.00418971804902, -0.00405477639288, 0.00162877351977, -0.00140172604006, -0.00104395765811, 0.00177856278606, -0.00205453881063, 0.0033310984727], [-0.00614720117301, 0.00112647959031, 0.0154909389094, -0.00691528664902, 0.00201541744173, -0.000342258048477, -0.000921940314583, 0.00232744077221, -0.0022873384878, 0.00163735973183, 0.00126511824783, -0.00103075895458, -0.000323180458508], [0.00288951722905, -0.00214100070298, -0.00691528664902, 0.0186249110848, -0.00530739687383, -0.00445231376216, 0.00520278746262, -0.00544796558097, 0.00145314924885, 0.00113249279093, -0.00264454400167, -0.00056738947751, 0.00171786802821], [-0.000801920949016, -0.00261607556604, 0.00201541744173, -0.00530739687383, 0.0203053113073, -0.0031791056972, -0.00524159381166, 0.00480061257258, -0.00329861324281, -0.0028304294683, 0.00647410005331, -0.00476957997307, 9.80976328719e-05], [-0.00201872526668, 0.00418971804902, -0.000342258048477, -0.00445231376216, -0.0031791056972, 0.0167869422585, -0.00856694206595, 0.00319186295383, -0.000204573574592, 0.00183529395144, -0.00278496812098, 0.0016071688151, 0.000974127848167], [0.00387931545265, -0.00405477639288, -0.000921940314583, 0.00520278746262, -0.00524159381166, -0.00856694206595, 0.0256902407855, -0.0129171563312, 0.00189486949239, 0.00137602852192, -0.00237677735277, 0.00576867070049, -0.00576344039291], [-0.00340651976876, 0.00162877351977, 0.00232744077221, -0.00544796558097, 0.00480061257258, 0.00319186295383, -0.0129171563312, 0.0288630966097, -0.0126454681158, -0.00409950641915, 0.00481109973043, -0.00417265994474, 0.00193086976651], [0.00172883074265, -0.00140172604006, -0.0022873384878, 0.00145314924885, -0.00329861324281, -0.000204573574592, 0.00189486949239, -0.0126454681158, 0.0332970693707, -0.00993724074215, -0.00171463226434, 0.00059140851954, 0.00270652258769], [-0.000747515703551, -0.00104395765811, 0.00163735973183, 0.00113249279093, -0.0028304294683, 0.00183529395144, 0.00137602852192, -0.00409950641915, -0.00993724074215, 0.0293268654495, -0.0126761440188, 0.00482154078782, -0.00241360696964], [-0.00103680079337, 0.00177856278606, 0.00126511824783, -0.00264454400167, 0.00647410005331, -0.00278496812098, -0.00237677735277, 0.00481109973043, -0.00171463226434, -0.0126761440188, 0.0311242081225, -0.0190514400601, 0.00392464827746], [0.0011305664666, -0.00205453881063, -0.00103075895458, -0.00056738947751, -0.00476957997307, 0.0016071688151, 0.00576867070049, -0.00417265994474, 0.00059140851954, 0.00482154078782, -0.0190514400601, 0.0332816727459, -0.0183930341154], [-0.000674865324982, 0.0033310984727, -0.000323180458508, 0.00171786802821, 9.80976328719e-05, 0.000974127848167, -0.00576344039291, 0.00193086976651, 0.00270652258769, -0.00241360696964, 0.00392464827746, -0.0183930341154, 0.0285239685327]]
    spectral_contrast:
        mean: [-2.36953212607e-07, 2.05698540867e-07, -2.02329282217e-08, 3.45179842043e-07, 2.52798713518e-07, 2.20578002086e-07, 2.74584294857e-06, -5.43760370419e-06, -3.62014861821e-06, 1.16263788641e-06, 1.24197185869e-06, -3.72535987481e-06]
        var: [0.000340485858032, 0.000454175373306, 0.000819443666842, 0.0028705324512, 0.00292160431854, 0.0043256203644, 0.0206666421145, 0.0460190176964, 0.0809906050563, 0.126689940691, 0.174461364746, 0.260533988476]

rhythm:
    beats_loudness:
        dmean: 0.0018538411241
        dmean2: 0.00314577389508
        dvar: 1.04843775262e-06
        dvar2: 4.03897320211e-06
        max: 0.00919840112329
        mean: 0.0070908786729
        min: 0.00387908797711
        var: 2.24000245908e-06
    beats_loudness_bass:
        dmean: 0.0214489344507
        dmean2: 0.0385909564793
        dvar: 0.000269804702839
        dvar2: 0.000692560512107
        max: 0.0870074108243
        mean: 0.0342138819396
        min: 0.00934596918523
        var: 0.000383437523851
    bpm: 126.429344177
    bpm_confidence: 0
    first_peak_bpm: 126
    first_peak_spread: 0
    first_peak_weight: 0.950000047684
    onset_rate: 2.69867801666
    second_peak_bpm: 134
    second_peak_spread: 0
    second_peak_weight: 0.0500000007451
    beats_position: [0.144672781229, 0.620812356472, 1.09695184231, 1.57309126854, 2.04923081398, 2.525370121, 3.00150966644, 3.47764921188, 3.95378851891, 4.42992782593, 4.90606737137, 5.38220691681, 5.85834646225, 6.30449533463, 6.77752542496, 7.25055599213, 7.72358608246, 8.19661617279, 8.6696472168, 9.14267730713, 9.61570739746]
    bpm_estimates: [125.968193054, 126.131446838, 126.440223694, 126.254447937, 125.279396057, 126.976570129, 126.306182861, 126.166030884, 127.508087158, 127.262947083]
    bpm_intervals: [0.476139575243, 0.476139485836, 0.476139426231, 0.476139545441, 0.476139307022, 0.476139545441, 0.476139545441, 0.476139307022, 0.476139307022, 0.476139545441, 0.476139545441, 0.476139545441, 0.446148872375, 0.473030090332, 0.473030567169, 0.473030090332, 0.473030090332, 0.473031044006, 0.473030090332, 0.473030090332]
    onset_times: [0.0464399084449, 0.162539675832, 0.394739240408, 0.650158703327, 1.10294783115, 1.34675741196, 1.59056687355, 1.82276642323, 2.26394557953, 2.77478456497, 3.5178232193, 3.73841261864, 3.98222231865, 4.446621418, 4.92263031006, 5.16644001007, 5.89786863327, 6.1068482399, 6.60607719421, 7.07047605515, 7.80190467834, 8.08054447174, 8.52172374725, 8.75392246246, 8.88163280487, 9.69433116913, 9.91492080688]
    rubato_start: []
    rubato_stop: []
    perceptual_tempo: "unknown"

sfx:
    inharmonicity:
        dmean: 0.0640668570995
        dmean2: 0.111204251647
        dvar: 0.00426846556365
        dvar2: 0.0113001130521
        max: 0.369970113039
        mean: 0.0741534307599
        min: 0
        var: 0.00471612811089
    oddtoevenharmonicenergyratio:
        dmean: 3.23620271683
        dmean2: 6.12299013138
        dvar: 218.612335205
        dvar2: 650.615478516
        max: 205.579315186
        mean: 2.25472044945
        min: 0
        var: 113.699378967
    pitch_after_max_to_before_max_energy_ratio: 1.81117892265
    pitch_centroid: 190.966247559
    pitch_max_to_total: 0.230769231915
    pitch_min_to_total: 0.529137551785
    tristimulus:
        dmean: [0.154714792967, 0.216607883573, 0.157449752092]
        dmean2: [0.267477542162, 0.373791217804, 0.270238161087]
        dvar: [0.0208484064788, 0.0331172347069, 0.0170599576086]
        dvar2: [0.0535034574568, 0.0992188081145, 0.0446989014745]
        max: [1, 0.919157803059, 0.702219426632]
        mean: [0.27772974968, 0.494215577841, 0.187605723739]
        min: [0.0145297124982, 0, 0]
        var: [0.0294920075685, 0.0446178168058, 0.0232199132442]

tonal:
    chords_changes_rate: 0.0462962947786
    chords_number_rate: 0.0277777779847
    chords_strength:
        dmean: 0.00704576680437
        dmean2: 0.00625781249255
        dvar: 3.49325309799e-05
        dvar2: 3.41870036209e-05
        max: 0.56522077322
        mean: 0.481489032507
        min: 0.361839562654
        var: 0.00152475433424
    key_strength: 0.84907990694
    tuning_diatonic_strength: 0.680698752403
    tuning_equal_tempered_deviation: 0.0316159054637
    tuning_frequency: 441.272583008
    tuning_nontempered_energy_ratio: 0.622013807297
    hpcp:
        dmean: [0.18917734921, 0.140904396772, 0.0728063285351, 0.0801800116897, 0.0843749344349, 0.0996286273003, 0.107071243227, 0.114414170384, 0.107678897679, 0.0877018421888, 0.0682768300176, 0.0719158947468, 0.0733929798007, 0.0753847807646, 0.132507205009, 0.189468488097, 0.134220555425, 0.066228479147, 0.06097144261, 0.0663296282291, 0.119811937213, 0.153839588165, 0.121014349163, 0.0826645866036, 0.0627748966217, 0.0613638684154, 0.10761808604, 0.129659458995, 0.115530699492, 0.157999634743, 0.185040071607, 0.151141315699, 0.0831109136343, 0.0561104826629, 0.0616940893233, 0.139028742909]
        dmean2: [0.297660410404, 0.227125823498, 0.121848352253, 0.140072986484, 0.140137523413, 0.170606255531, 0.174720615149, 0.183258607984, 0.180382445455, 0.147569179535, 0.117902949452, 0.11611893028, 0.116608910263, 0.118522003293, 0.21726629138, 0.315502166748, 0.215034395456, 0.110260047019, 0.102008774877, 0.109148129821, 0.189383432269, 0.247945606709, 0.199326097965, 0.140004917979, 0.105572476983, 0.0984626784921, 0.169172286987, 0.202680528164, 0.181675866246, 0.259087979794, 0.301294714212, 0.252869933844, 0.147482573986, 0.096092402935, 0.102555282414, 0.22230656445]
        dvar: [0.0374731495976, 0.0242453161627, 0.0182829853147, 0.0271310657263, 0.0277327932417, 0.0265545491129, 0.0186378415674, 0.0267491992563, 0.0288609676063, 0.0187017414719, 0.0157536566257, 0.0121886925772, 0.00904485210776, 0.0104504032061, 0.0172489471734, 0.0321978963912, 0.0168835651129, 0.0124358041212, 0.0121691003442, 0.00989046972245, 0.0221230946481, 0.0281335581094, 0.0275407675654, 0.0262306928635, 0.0163556560874, 0.0100879529491, 0.0163661632687, 0.0264503508806, 0.0211410783231, 0.0260948128998, 0.0374237187207, 0.0322492048144, 0.0157278720289, 0.00766912242398, 0.00747013278306, 0.0187530722469]
        dvar2: [0.0805809274316, 0.0538209713995, 0.0459893271327, 0.0779937207699, 0.069464892149, 0.0679558217525, 0.0470892190933, 0.073073938489, 0.0643747597933, 0.0512407533824, 0.0370726063848, 0.0270190816373, 0.0214955899864, 0.0254747383296, 0.0405689179897, 0.0684376060963, 0.0348220355809, 0.0306978039443, 0.0297613479197, 0.0202843956649, 0.0550442673266, 0.0644943118095, 0.0680070519447, 0.0645385980606, 0.0427190624177, 0.0249115433544, 0.0374452136457, 0.0546579100192, 0.0488039888442, 0.0635696724057, 0.0876992568374, 0.0850830450654, 0.0417651236057, 0.0198115352541, 0.0153615465388, 0.0391244292259]
        max: [1, 1, 1, 1, 1, 1, 1, 1, 1, 0.979038953781, 1, 0.904761314392, 0.738175272942, 0.832096934319, 1, 1, 1, 1, 1, 1, 1, 1, 1, 1, 1, 1, 0.993601262569, 1, 1, 1, 1, 1, 1, 0.625890374184, 1, 1]
        mean: [0.524151146412, 0.316265493631, 0.0962667316198, 0.0889182686806, 0.108843997121, 0.196654349566, 0.252992898226, 0.198926895857, 0.170140862465, 0.144154369831, 0.101990476251, 0.113593772054, 0.112915545702, 0.108785405755, 0.31960952282, 0.499910771847, 0.293590426445, 0.0906022638083, 0.0785980075598, 0.0969853326678, 0.205116331577, 0.275195926428, 0.181251496077, 0.0988726690412, 0.0772602111101, 0.0800339207053, 0.168822169304, 0.230079039931, 0.211270689964, 0.332799464464, 0.431856691837, 0.266579121351, 0.101396545768, 0.0721712857485, 0.100944407284, 0.326489090919]
        min: [0.0279248747975, 0.0138540696353, 0.00607590377331, 0.00807348825037, 0.00718581443653, 0.0134334731847, 0.0106249349192, 0.0135318124667, 0.00983605347574, 0.00731034483761, 0.00692622503266, 0.00739000085741, 0.00778657570481, 0.00892737880349, 0.0343990065157, 0.0389530137181, 0.0161497704685, 0.00507637346163, 0.00373883591965, 0.00344723905437, 0.00597223313525, 0.00455507123843, 0.0143551463261, 0.00417041731998, 0.00247095804662, 0.00486406916752, 0.00890979729593, 0.0169276613742, 0.0108499499038, 0.00796280056238, 0.0253796242177, 0.022988492623, 0.00808577612042, 0.00546292262152, 0.0036959873978, 0.0255035404116]
        var: [0.106649205089, 0.0529934801161, 0.0187633987516, 0.0199746228755, 0.0247113108635, 0.0445891544223, 0.0759290978312, 0.0440713316202, 0.0381068214774, 0.0244310889393, 0.0168323628604, 0.016326809302, 0.0134045314044, 0.0136503996328, 0.0488629490137, 0.101751439273, 0.048760201782, 0.0171628501266, 0.0148406708613, 0.0212409384549, 0.0453034378588, 0.0652039051056, 0.0387748256326, 0.0250530466437, 0.0136903692037, 0.0109280832112, 0.0249431375414, 0.0481294430792, 0.0474662743509, 0.0583574213088, 0.0928690284491, 0.0439879372716, 0.0132164424285, 0.00730020087212, 0.0229797251523, 0.0520616210997]
    chords_histogram: [66.203704834, 0, 20.8333339691, 0, 0, 0, 0, 0, 4.16666650772, 0, 0, 0, 0, 0, 0, 0, 0, 2.31481480598, 0, 0, 0, 0, 2.31481480598, 4.16666650772]
    thpcp: [1, 0.603386044502, 0.183662161231, 0.169642418623, 0.207657650113, 0.37518632412, 0.482671648264, 0.379521995783, 0.324602663517, 0.275024443865, 0.19458219409, 0.21671949327, 0.215425550938, 0.207545876503, 0.609765946865, 0.953753054142, 0.560125529766, 0.172855228186, 0.149952948093, 0.185033142567, 0.391330510378, 0.525031626225, 0.345800042152, 0.18863388896, 0.147400632501, 0.152692452073, 0.322086811066, 0.438955515623, 0.403072088957, 0.634930312634, 0.823916316032, 0.508592069149, 0.193449065089, 0.137691751122, 0.192586451769, 0.622891128063]
    chords_key: "G"
    chords_scale: "major"
    key_key: "G"
    key_scale: "major"
    chords_progression: ["C", "C", "C", "C", "G", "G", "G", "G", "G", "G", "G", "G", "G", "G", "G", "G", "G", "G", "G", "G", "G", "G", "G", "G", "G", "G", "G", "G", "G", "G", "G", "G", "G", "G", "G", "G", "G", "G", "G", "G", "G", "G", "G", "G", "G", "G", "G", "G", "G", "G", "G", "G", "G", "G", "G", "G", "G", "G", "G", "G", "G", "G", "G", "G", "G", "G", "G", "G", "G", "G", "G", "G", "G", "G", "G", "G", "G", "G", "G", "G", "G", "G", "G", "G", "G", "G", "G", "G", "G", "G", "G", "Gm", "Gm", "Gm", "Gm", "G", "G", "G", "G", "G", "G", "G", "G", "G", "G", "G", "G", "G", "G", "G", "G", "G", "G", "G", "G", "G", "G", "G", "G", "G", "G", "G", "G", "Gm", "D", "D", "D", "D", "D", "D", "D", "D", "D", "D", "D", "D", "D", "D", "D", "D", "D", "D", "D", "D", "D", "D", "D", "D", "D", "D", "D", "D", "D", "D", "D", "D", "D", "D", "D", "D", "D", "D", "D", "D", "D", "D", "D", "D", "D", "G", "G", "G", "G", "G", "G", "G", "G", "G", "G", "G", "G", "G", "G", "G", "G", "G", "Em", "Em", "Em", "Em", "Em", "Em", "Em", "Em", "Em", "G", "G", "G", "G", "G", "G", "G", "G", "G", "G", "G", "B", "B", "B", "B", "B", "B", "B", "B", "B", "C"]
