
metadata:
    version:
        essentia: "1.2.2"
    audio_properties:
        analysis_sample_rate: 44100
        bitrate: 128
        channels: 2
        equal_loudness: 1
        length: 10.0048980713
        replay_gain: -11.9632587433
        downmix: "mix"
    tags:
        track: 5
        year: 0
        album: "Splitted by Mp3Splt v. 2.1"
        artist: "From 000.40 To 000.50"
        comment: "http://mp3splt.sf.net"
        genre: ""
        title: "01 Dael.mp3"

highlevel:
    ballroom:
        all:
            ChaChaCha: 0.071615062654
            Jive: 0.11701605469
            Quickstep: 0.756483256817
            Rumba-American: 0.000653130875435
            Rumba-International: 0.00953507330269
            Rumba-Misc: 0.00212504691444
            Samba: 0.0414684191346
            Tango: 0.000518132408615
            VienneseWaltz: 0.000250186043559
            Waltz: 0.000335631833877
        probability: 0.756483256817
        value: "Quickstep"
    culture:
        all:
            non_western: 0.32894641161
            western: 0.67105358839
        probability: 0.67105358839
        value: "western"
    gender:
        all:
            female: 0.510729551315
            male: 0.489270448685
        probability: 0.510729551315
        value: "female"
    genre_dortmund:
        all:
            alternative: 0.0189244765788
            blues: 0.00807926058769
            electronic: 0.701931297779
            folkcountry: 0.00610060663894
            funksoulrnb: 0.0163416545838
            jazz: 0.0671244487166
            pop: 0.0138007272035
            raphiphop: 0.0791746973991
            rock: 0.0885228291154
        probability: 0.701931297779
        value: "electronic"
    genre_electronica:
        all:
            ambient: 0.187415763736
            dnb: 0.584453761578
            house: 0.0649494975805
            techno: 0.143465459347
            trance: 0.0197155419737
        probability: 0.584453761578
        value: "dnb"
    genre_rosamerica:
        all:
            cla: 0.0345737114549
            dan: 0.427448570728
            hip: 0.254765957594
            jaz: 0.028214821592
            pop: 0.12366604805
            rhy: 0.0662997737527
            roc: 0.0432961061597
            spe: 0.0217350162566
        probability: 0.427448570728
        value: "dan"
    genre_tzanetakis:
        all:
            blu: 0.00385286216624
            cla: 0.00565857999027
            cou: 0.00479844491929
            dis: 0.229948550463
            hip: 0.118623927236
            jaz: 0.00878521986306
            met: 0.033050891012
            pop: 0.388400018215
            reg: 0.150136604905
            roc: 0.0567449145019
        probability: 0.388400018215
        value: "pop"
    live_studio:
        all:
            live: 0.00787599664181
            studio: 0.992124021053
        probability: 0.992124021053
        value: "studio"
    mood:
        all:
            Cluster1: 0.104092597961
            Cluster2: 0.485176235437
            Cluster3: 0.0282529871911
            Cluster4: 0.124116383493
            Cluster5: 0.258361786604
        probability: 0.485176235437
        value: "Cluster2"
    mood_acoustic:
        all:
            acoustic: 0.0212880149484
            not_acoustic: 0.9787119627
        probability: 0.9787119627
        value: "not_acoustic"
    mood_aggressive:
        all:
            aggressive: 0.671157181263
            not_aggressive: 0.328842848539
        probability: 0.671157181263
        value: "aggressive"
    mood_electronic:
        all:
            electronic: 0.978305339813
            not_electronic: 0.0216946527362
        probability: 0.978305339813
        value: "electronic"
    mood_happy:
        all:
            happy: 0.0631595477462
            not_happy: 0.936840474606
        probability: 0.936840474606
        value: "not_happy"
    mood_party:
        all:
            not_party: 0.0349875614047
            party: 0.965012431145
        probability: 0.965012431145
        value: "party"
    mood_relaxed:
        all:
            not_relaxed: 0.916369080544
            relaxed: 0.0836308896542
        probability: 0.916369080544
        value: "not_relaxed"
    mood_sad:
        all:
            not_sad: 0.99395519495
            sad: 0.00604478223249
        probability: 0.99395519495
        value: "not_sad"
    rhythm:
        all:
            fast: 0.330767899752
            medium: 0.586270868778
            slow: 0.0829612538218
        probability: 0.586270868778
        value: "medium"
    speech_music:
        all:
            music: 0.598850905895
            speech: 0.401149094105
        probability: 0.598850905895
        value: "music"
    timbre:
        all:
            bright: 0.0867681130767
            dark: 0.913231909275
        probability: 0.913231909275
        value: "dark"
    voice_instrumental:
        all:
            instrumental: 0.558589160442
            voice: 0.441410839558
        probability: 0.558589160442
        value: "instrumental"

lowlevel:
    average_loudness: 0.973114728928
    barkbands_kurtosis:
        dmean: 5.13153600693
        dmean2: 9.11934947968
        dvar: 120.646347046
        dvar2: 356.571044922
        max: 91.7873840332
        mean: 4.47259426117
        min: -1.81842255592
        var: 92.7690353394
    barkbands_skewness:
        dmean: 0.990115761757
        dmean2: 1.63838660717
        dvar: 1.15767157078
        dvar2: 2.62560844421
        max: 7.11853551865
        mean: 0.577327132225
        min: -3.12688279152
        var: 3.4160618782
    barkbands_spread:
        dmean: 10.8489494324
        dmean2: 18.512796402
        dvar: 127.980705261
        dvar2: 331.258666992
        max: 76.8567962646
        mean: 23.1238708496
        min: 0.870038568974
        var: 249.465438843
    dissonance:
        dmean: 0.0264960713685
        dmean2: 0.0451074875891
        dvar: 0.000928603636567
        dvar2: 0.00237955572084
        max: 0.499764472246
        mean: 0.464858472347
        min: 0.281461298466
        var: 0.00151127937716
    hfc:
        dmean: 5.18616533279
        dmean2: 7.68199825287
        dvar: 171.520645142
        dvar2: 432.936431885
        max: 132.043655396
        mean: 5.56130552292
        min: 0.00777230132371
        var: 190.089050293
    pitch:
        dmean: 939.021362305
        dmean2: 1797.19665527
        dvar: 2277457.5
        dvar2: 5381039.5
        max: 4900
        mean: 1435.60974121
        min: 51.6998825073
        var: 3281176.75
    pitch_instantaneous_confidence:
        dmean: 0.103425607085
        dmean2: 0.175167232752
        dvar: 0.00936610903591
        dvar2: 0.0251903962344
        max: 0.783411622047
        mean: 0.307740956545
        min: 0.0663258433342
        var: 0.0170691609383
    pitch_salience:
        dmean: 0.0888891592622
        dmean2: 0.147769659758
        dvar: 0.00669087097049
        dvar2: 0.0172892212868
        max: 0.953669309616
        mean: 0.702690601349
        min: 0.252329289913
        var: 0.0113352201879
    silence_rate_20dB:
        dmean: 0
        dmean2: 0
        dvar: 0
        dvar2: 0
        max: 1
        mean: 1
        min: 1
        var: 0
    silence_rate_30dB:
        dmean: 0
        dmean2: 0
        dvar: 0
        dvar2: 0
        max: 1
        mean: 1
        min: 1
        var: 0
    silence_rate_60dB:
        dmean: 0.129930391908
        dmean2: 0.260465115309
        dvar: 0.113048031926
        dvar2: 0.225180640817
        max: 1
        mean: 0.831018507481
        min: 0
        var: 0.140425994992
    spectral_centroid:
        dmean: 568.058166504
        dmean2: 948.656982422
        dvar: 507816.59375
        dvar2: 982452.3125
        max: 4273.69335938
        mean: 1696.37683105
        min: 172.710510254
        var: 1791212.25
    spectral_complexity:
        dmean: 4.78372097015
        dmean2: 6.98834514618
        dvar: 46.290397644
        dvar2: 87.3493423462
        max: 46
        mean: 6.6821346283
        min: 0
        var: 91.4929199219
    spectral_crest:
        dmean: 2.57224297523
        dmean2: 4.27731752396
        dvar: 6.08726119995
        dvar2: 16.9890441895
        max: 22.5134563446
        mean: 7.69813489914
        min: 2.48746013641
        var: 9.03780937195
    spectral_decrease:
        dmean: 3.96219806964e-10
        dmean2: 6.24646834257e-10
        dvar: 5.47679643993e-19
        dvar2: 1.43086053911e-18
        max: -4.07364680183e-12
        mean: -4.55351062412e-10
        min: -6.20053386413e-09
        var: 5.61171631868e-19
    spectral_energy:
        dmean: 0.00194976385683
        dmean2: 0.00301207834855
        dvar: 1.41875843838e-05
        dvar2: 3.65317246178e-05
        max: 0.0351378768682
        mean: 0.00222302647308
        min: 1.70161092683e-05
        var: 1.53116125148e-05
    spectral_energyband_high:
        dmean: 0.000589076953474
        dmean2: 0.000912311312277
        dvar: 3.20508002005e-06
        dvar2: 8.37557035993e-06
        max: 0.0174940247089
        mean: 0.000613162468653
        min: 5.65416975462e-08
        var: 3.14536146107e-06
    spectral_energyband_low:
        dmean: 0.000144503472256
        dmean2: 0.000274690362858
        dvar: 4.15581595803e-08
        dvar2: 1.40315108865e-07
        max: 0.0011352073634
        mean: 0.000114731599751
        min: 8.27253927582e-07
        var: 3.41710624241e-08
    spectral_energyband_middle_high:
        dmean: 0.000793808954768
        dmean2: 0.00116533588152
        dvar: 2.68239818979e-06
        dvar2: 6.38751134829e-06
        max: 0.0172800999135
        mean: 0.00086292589549
        min: 1.0108508377e-06
        var: 3.42617340721e-06
    spectral_energyband_middle_low:
        dmean: 0.00058476999402
        dmean2: 0.00104751263279
        dvar: 3.43834790328e-06
        dvar2: 9.30122860154e-06
        max: 0.0210114121437
        mean: 0.000632124487311
        min: 3.80260530619e-06
        var: 2.49918980444e-06
    spectral_flatness_db:
        dmean: 0.0403792373836
        dmean2: 0.0694082006812
        dvar: 0.00197009183466
        dvar2: 0.00511801568791
        max: 0.384037971497
        mean: 0.159691900015
        min: 0.0564496777952
        var: 0.00379912229255
    spectral_flux:
        dmean: 0.0141432536766
        dmean2: 0.0218658093363
        dvar: 0.000346600631019
        dvar2: 0.000666586391162
        max: 0.163102313876
        mean: 0.0317919962108
        min: 0.00378442672081
        var: 0.000600403698627
    spectral_kurtosis:
        dmean: 4.18998670578
        dmean2: 7.1230301857
        dvar: 61.996925354
        dvar2: 179.603042603
        max: 84.8620452881
        mean: 5.70302534103
        min: -1.0700802803
        var: 69.4377441406
    spectral_rms:
        dmean: 0.000577466271352
        dmean2: 0.000862902845256
        dvar: 4.04469801651e-07
        dvar2: 9.46863792706e-07
        max: 0.00585498567671
        mean: 0.00118250597734
        min: 0.000128845189465
        var: 7.7048713365e-07
    spectral_rolloff:
        dmean: 921.420471191
        dmean2: 1637.87817383
        dvar: 1600350.75
        dvar2: 3544224.25
        max: 7256.68945312
        mean: 2777.98339844
        min: 193.798828125
        var: 4331854
    spectral_skewness:
        dmean: 0.510871827602
        dmean2: 0.846850275993
        dvar: 0.454355865717
        dvar2: 1.2462887764
        max: 7.53614330292
        mean: 1.61734521389
        min: 0.0403841733932
        var: 0.976642787457
    spectral_spread:
        dmean: 1200679.625
        dmean2: 2035179.125
        dvar: 2.07091977421e+12
        dvar2: 4.8017613783e+12
        max: 10273677
        mean: 4958513.5
        min: 1015578.625
        var: 4.20695821517e+12
    spectral_strongpeak:
        dmean: 0.470702409744
        dmean2: 0.745495975018
        dvar: 0.789595723152
        dvar2: 1.55099070072
        max: 7.72268247604
        mean: 0.621081411839
        min: 0.00320293358527
        var: 1.43685555458
    zerocrossingrate:
        dmean: 0.0167128443718
        dmean2: 0.0181722566485
        dvar: 0.000332318537403
        dvar2: 0.000339803984389
        max: 0.2041015625
        mean: 0.0886859223247
        min: 0.0087890625
        var: 0.0036626260262
    barkbands:
        dmean: [5.9561875787e-07, 4.53348256997e-05, 0.000104716316855, 0.000196923603653, 0.000291711912723, 8.61173539306e-05, 5.0304508477e-05, 3.35740696755e-05, 3.46053711837e-05, 4.37705748482e-05, 2.32426700677e-05, 4.2012456106e-05, 3.94209455408e-05, 4.41522242909e-05, 3.4308530303e-05, 4.9674861657e-05, 8.30710196169e-05, 0.000166523561347, 0.000221056761802, 0.000300435174722, 0.000287226313958, 9.20539678191e-05, 3.19150749419e-05, 8.43117413751e-06, 4.48770924777e-06, 2.24595950726e-07, 2.12445505632e-09]
        dmean2: [1.07642051717e-06, 8.58459170558e-05, 0.000198092020582, 0.000375754549168, 0.000527099007741, 0.000156685811817, 8.61666849232e-05, 5.86593268963e-05, 6.10189963481e-05, 7.77464883868e-05, 4.15029207943e-05, 6.62559468765e-05, 6.62136153551e-05, 7.38098315196e-05, 5.61532106076e-05, 7.92908467702e-05, 0.000129201216623, 0.000268153089564, 0.000353646028088, 0.000471708248369, 0.000456474226667, 0.00014013137843, 5.11359539814e-05, 1.33367311719e-05, 6.91275363351e-06, 3.56374954436e-07, 3.87472054442e-09]
        dvar: [5.35929970107e-13, 3.71929953502e-09, 2.5851939256e-08, 6.82710833644e-07, 1.63981133028e-06, 1.35051250183e-08, 5.46357581399e-09, 2.56209253813e-09, 2.789697362e-09, 6.21828144531e-09, 1.22402377123e-09, 1.51856625052e-08, 8.27167045969e-09, 5.90845772308e-09, 3.32435523553e-09, 8.14641953895e-09, 2.98823401579e-08, 3.32376856704e-07, 3.7525748553e-07, 1.07362723156e-06, 8.78238608948e-07, 3.82867177962e-08, 5.05964736774e-09, 1.80963896645e-10, 8.45298137042e-11, 2.81918992274e-13, 5.08646229589e-17]
        dvar2: [1.52171092567e-12, 1.26286252566e-08, 8.38216323018e-08, 2.01273087441e-06, 4.56630550616e-06, 3.98623356546e-08, 1.34104958249e-08, 7.12951520043e-09, 7.56443352401e-09, 1.68048952531e-08, 3.20179416313e-09, 2.82614180946e-08, 2.07650749928e-08, 1.32601432057e-08, 7.65356400478e-09, 1.65866804736e-08, 7.11471059844e-08, 8.79732965586e-07, 9.73475380306e-07, 2.83113467958e-06, 2.32279535339e-06, 8.83115234274e-08, 1.12906137772e-08, 4.26780916163e-10, 1.79337836248e-10, 6.62743243531e-13, 1.44724062603e-16]
        max: [6.11530231254e-06, 0.000311430718284, 0.0010612027254, 0.00813181884587, 0.0137621136382, 0.00105718825944, 0.000712048087735, 0.000366325140931, 0.00030584531487, 0.000648380955681, 0.000182798466994, 0.00147332798224, 0.00124379480258, 0.000596346333623, 0.000524627626874, 0.000833565660287, 0.00143922003917, 0.00601056590676, 0.00761289242655, 0.0119424797595, 0.00860830210149, 0.00196727691218, 0.000517773383763, 8.40387438075e-05, 9.71999470494e-05, 6.29258056506e-06, 6.51102354254e-08]
        mean: [5.54981170353e-07, 3.80269630114e-05, 7.62334675528e-05, 0.000127491657622, 0.000255683262367, 0.000108514301246, 6.78884534864e-05, 3.44117397617e-05, 3.35350086971e-05, 3.8629557821e-05, 1.96624387172e-05, 5.15244064445e-05, 3.92603469663e-05, 4.64615695819e-05, 3.65123669326e-05, 5.52669989702e-05, 8.27108087833e-05, 0.000162460404681, 0.000215676831431, 0.000284435547655, 0.000304582121316, 9.33896299102e-05, 3.60744488717e-05, 8.92788466444e-06, 4.88780506203e-06, 2.23129418941e-07, 1.62476543331e-09]
        min: [6.59996890473e-10, 2.83081618591e-07, 1.64465205899e-07, 3.87057724538e-07, 1.94316669422e-07, 2.19319360895e-07, 2.27048062129e-07, 6.01076521889e-08, 7.18867880778e-08, 8.70076704018e-08, 3.51008750954e-08, 4.06364897287e-08, 7.14089196663e-08, 3.75171609335e-08, 5.14115221506e-08, 6.29112122397e-08, 4.86209330575e-08, 6.99491877754e-08, 4.62403164647e-08, 5.08684827594e-08, 1.95916669554e-08, 2.83213630325e-09, 1.09289732819e-09, 3.73090225381e-10, 1.40248215819e-10, 6.20588649913e-12, 5.50093316439e-14]
        var: [6.13387812765e-13, 2.95211677326e-09, 2.02658210213e-08, 3.74434108608e-07, 1.06698246327e-06, 1.81450481307e-08, 1.11861506724e-08, 2.30082597419e-09, 2.29779661964e-09, 5.00422148164e-09, 1.10546194421e-09, 2.37815651616e-08, 8.90335716264e-09, 7.99222199532e-09, 4.56573312491e-09, 1.23079066938e-08, 3.47534836465e-08, 2.90547859549e-07, 3.76592538487e-07, 9.22497576994e-07, 8.59069018588e-07, 4.67504968071e-08, 6.87750967288e-09, 2.40346215152e-10, 1.34686109488e-10, 3.5015583098e-13, 3.26797851109e-17]
    mfcc:
        mean: [-804.036132812, 109.796234131, -25.6567287445, 52.4892730713, -16.5122108459, 3.20111918449, -5.34950399399, -4.34830570221, -5.77786636353, -4.91072368622, -5.75573301315, -3.05146694183, -4.72182703018]
        cov: [[11212.1757812, -5295.03320312, -874.133361816, -1074.34423828, -429.960906982, -290.818939209, -193.765213013, -262.963562012, 107.413345337, -164.850067139, 122.464042664, -208.534362793, -50.7155265808], [-5295.03320312, 5260.33544922, 107.379905701, 405.421813965, 158.231307983, 58.141166687, 38.5072593689, 86.3488082886, -187.878890991, 35.0193710327, -76.1341094971, 59.1913909912, 121.620300293], [-874.133361816, 107.379905701, 499.905883789, 160.477554321, 99.1588897705, 29.1182880402, 18.1986789703, 68.4395904541, 3.97632074356, 46.506313324, -12.3913526535, 28.5616340637, -26.1720161438], [-1074.34423828, 405.421813965, 160.477554321, 312.140197754, 111.695915222, 29.8744678497, 28.7735939026, 50.2050514221, 21.5808982849, 22.4733333588, 5.6978969574, 15.9758405685, -26.3814716339], [-429.960906982, 158.231307983, 99.1588897705, 111.695915222, 166.817611694, 44.1525154114, 35.1563644409, 11.3666505814, 17.2774200439, 22.6391525269, 15.7323074341, -1.6158490181, -14.988070488], [-290.818939209, 58.141166687, 29.1182880402, 29.8744678497, 44.1525154114, 114.092262268, 51.9768791199, 41.9469299316, 0.461410582066, 8.98357200623, 2.28790855408, 16.4537620544, 3.11155104637], [-193.765213013, 38.5072593689, 18.1986789703, 28.7735939026, 35.1563644409, 51.9768791199, 112.747940063, 44.2500305176, 22.1866073608, 7.37618398666, 4.58735227585, 4.83895111084, 1.9715462923], [-262.963562012, 86.3488082886, 68.4395904541, 50.2050514221, 11.3666505814, 41.9469299316, 44.2500305176, 99.7120361328, 21.9835453033, 26.4640712738, -2.38025450706, 17.1023349762, 2.46135854721], [107.413345337, -187.878890991, 3.97632074356, 21.5808982849, 17.2774200439, 0.461410582066, 22.1866073608, 21.9835453033, 74.9580154419, 13.4208698273, 12.9419641495, 3.51907682419, -4.07405471802], [-164.850067139, 35.0193710327, 46.506313324, 22.4733333588, 22.6391525269, 8.98357200623, 7.37618398666, 26.4640712738, 13.4208698273, 51.4047012329, 15.6610612869, 10.8954439163, -4.59914827347], [122.464042664, -76.1341094971, -12.3913526535, 5.6978969574, 15.7323074341, 2.28790855408, 4.58735227585, -2.38025450706, 12.9419641495, 15.6610612869, 43.7237548828, 3.71157479286, -0.343043476343], [-208.534362793, 59.1913909912, 28.5616340637, 15.9758405685, -1.6158490181, 16.4537620544, 4.83895111084, 17.1023349762, 3.51907682419, 10.8954439163, 3.71157479286, 44.8880500793, 13.9823818207], [-50.7155265808, 121.620300293, -26.1720161438, -26.3814716339, -14.988070488, 3.11155104637, 1.9715462923, 2.46135854721, -4.07405471802, -4.59914827347, -0.343043476343, 13.9823818207, 45.6223526001]]
        icov: [[0.00031054316787, 0.000244565191679, 0.000228096731007, 0.000615923665464, -0.000117977564514, 0.000424224359449, 0.000216102649574, -0.000421780918259, 5.76360762352e-05, 0.000598191923928, -0.000771721650381, 0.00065200944664, -1.41938016895e-05], [0.000244565191679, 0.000497822125908, 0.000338173966156, -1.52343000082e-05, -0.000344902946381, 0.000532473670319, 5.70422016608e-05, -0.000500855094288, 0.00101130153053, -9.16411863727e-06, -4.17514320361e-06, 0.000500222668052, -0.00105906301178], [0.000228096731007, 0.000338173966156, 0.00323265837505, -0.000477403285913, -0.00162191933487, 0.00104136986192, 0.000423994119046, -0.00184589158744, 0.00134121091105, -0.00126448634546, 0.00147817994002, -0.00122089276556, 0.000785453710705], [0.000615923665464, -1.52343000082e-05, -0.000477403285913, 0.00720523484051, -0.00299525167793, 0.0014324382646, 0.000882334308699, -0.00293233594857, -0.00158156594262, 0.0034999975469, -0.00276451720856, -0.000757558911573, 0.0040792580694], [-0.000117977564514, -0.000344902946381, -0.00162191933487, -0.00299525167793, 0.0111123500392, -0.00434374250472, -0.0017374799354, 0.00461944192648, -0.00234333029948, -0.00305426190607, -0.00217800633982, 0.0034318107646, 0.000313307740726], [0.000424224359449, 0.000532473670319, 0.00104136986192, 0.0014324382646, -0.00434374250472, 0.0148710282519, -0.00401614326984, -0.00560731813312, 0.00394301814958, 0.00228530657478, -0.000911921961233, -0.00380993192084, 0.000255942868534], [0.000216102649574, 5.70422016608e-05, 0.000423994119046, 0.000882334308699, -0.0017374799354, -0.00401614326984, 0.0135916108266, -0.0047801877372, -0.00295350048691, 0.00267516029999, -0.00160387449432, 0.00194602960255, -0.000387288950151], [-0.000421780918259, -0.000500855094288, -0.00184589158744, -0.00293233594857, 0.00461944192648, -0.00560731813312, -0.0047801877372, 0.0197396576405, -0.00441958615556, -0.00882921833545, 0.00493900850415, -0.00125057902187, -0.00171093596146], [5.76360762352e-05, 0.00101130153053, 0.00134121091105, -0.00158156594262, -0.00234333029948, 0.00394301814958, -0.00295350048691, -0.00441958615556, 0.0196001660079, -0.00239547458477, -0.00196404545568, -0.00117993575986, -0.00159403833095], [0.000598191923928, -9.16411863727e-06, -0.00126448634546, 0.0034999975469, -0.00305426190607, 0.00228530657478, 0.00267516029999, -0.00882921833545, -0.00239547458477, 0.0318045467138, -0.0126216532663, -0.00362996780314, 0.00519926659763], [-0.000771721650381, -4.17514320361e-06, 0.00147817994002, -0.00276451720856, -0.00217800633982, -0.000911921961233, -0.00160387449432, 0.00493900850415, -0.00196404545568, -0.0126216532663, 0.0324666127563, -0.00366908754222, -0.00252698897384], [0.00065200944664, 0.000500222668052, -0.00122089276556, -0.000757558911573, 0.0034318107646, -0.00380993192084, 0.00194602960255, -0.00125057902187, -0.00117993575986, -0.00362996780314, -0.00366908754222, 0.0320937968791, -0.0107115209103], [-1.41938016895e-05, -0.00105906301178, 0.000785453710705, 0.0040792580694, 0.000313307740726, 0.000255942868534, -0.000387288950151, -0.00171093596146, -0.00159403833095, 0.00519926659763, -0.00252698897384, -0.0107115209103, 0.0313761867583]]
    spectral_contrast:
        mean: [3.60493146445e-07, 2.92817759373e-07, 5.89174966592e-08, 4.3889278345e-07, -3.04765052306e-07, 5.19639087315e-08, -1.11298879801e-06, 1.58097520853e-06, 8.58113253344e-07, 2.0841227979e-06, -5.00208807352e-06, -4.46326083647e-07]
        var: [0.000340940547176, 0.000965706480201, 0.00119019008707, 0.00184715690557, 0.00348261999898, 0.00573041988537, 0.0447000972927, 0.0889505892992, 0.150476932526, 0.325338542461, 1.47336816788, 5.6142206192]

rhythm:
    beats_loudness:
        dmean: 0.0107435574755
        dmean2: 0.0206165164709
        dvar: 2.17935885303e-05
        dvar2: 4.26018777944e-05
        max: 0.0189541187137
        mean: 0.00703426171094
        min: 0.000586488225963
        var: 4.32970045949e-05
    beats_loudness_bass:
        dmean: 0.206412777305
        dmean2: 0.382201522589
        dvar: 0.0292660798877
        dvar2: 0.069543145597
        max: 0.528127193451
        mean: 0.111922688782
        min: 0.00209333421662
        var: 0.0245107468218
    bpm: 90.4565048218
    bpm_confidence: 0
    first_peak_bpm: 90
    first_peak_spread: 0.0769230723381
    first_peak_weight: 0.923076927662
    onset_rate: 5.59725856781
    second_peak_bpm: 0
    second_peak_spread: 0
    second_peak_weight: 0
    beats_position: [0.683776140213, 1.34710907936, 2.01044225693, 2.67377519608, 3.33710813522, 4.00044107437, 4.66377401352, 5.32710695267, 6.01489067078, 6.67815685272, 7.34142255783, 8.00468921661, 8.66795444489, 9.33121967316]
    bpm_estimates: [90.5491943359, 90.3750762939, 90.5873565674, 90.5941085815, 90.4268341064, 90.4058685303, 90.4398040771, 90.3679580688, 90.3572235107, 90.4205703735, 90.3960800171, 90.5912322998, 90.6965179443, 90.4798126221, 90.407585144, 90.3421325684, 90.4545516968, 90.3249435425]
    bpm_intervals: [0.663332939148, 0.663333177567, 0.663332939148, 0.663332939148, 0.663332939148, 0.663332939148, 0.663332939148, 0.687783718109, 0.663266181946, 0.663265705109, 0.663266658783, 0.663265228271, 0.663265228271]
    onset_times: [0.0348299331963, 0.336689352989, 0.49922901392, 0.673378705978, 0.847528338432, 1.01006805897, 1.16099774837, 1.33514738083, 1.53251695633, 1.67183673382, 1.83437645435, 2.00852608681, 2.17106580734, 2.33360552788, 2.49614500999, 2.67029476166, 3.00698423386, 3.16952371597, 3.34367346764, 3.50621318817, 3.66875290871, 3.83129262924, 3.97061228752, 4.19120168686, 4.34213161469, 4.5046710968, 4.67882108688, 4.841360569, 5.00390005112, 5.16644001007, 5.34058952332, 5.66566896439, 5.83981847763, 6.00235843658, 6.17650794983, 6.35065746307, 6.5015873909, 6.66412687302, 6.86149644852, 7.01242637634, 7.17496585846, 7.33750581741, 7.51165533066, 7.67419481277, 7.83673477173, 7.99927425385, 8.33596324921, 8.498503685, 8.67265319824, 8.83519268036, 9.0093421936, 9.17188167572, 9.33442211151, 9.53179168701, 9.67111110687, 9.83365058899]
    rubato_start: []
    rubato_stop: []
    perceptual_tempo: "unknown"

sfx:
    inharmonicity:
        dmean: 0.0575311072171
        dmean2: 0.0991393849254
        dvar: 0.00509987398982
        dvar2: 0.0143057275563
        max: 0.45205193758
        mean: 0.0560675188899
        min: 0
        var: 0.00551476888359
    oddtoevenharmonicenergyratio:
        dmean: 3.33368706703
        dmean2: 6.35815143585
        dvar: 176.810089111
        dvar2: 521.006347656
        max: 129.436462402
        mean: 2.07811498642
        min: 0
        var: 95.4709854126
    pitch_after_max_to_before_max_energy_ratio: 95.896194458
    pitch_centroid: 222.686706543
    pitch_max_to_total: 0
    pitch_min_to_total: 0.645011603832
    tristimulus:
        dmean: [0.215130403638, 0.258980453014, 0.149652436376]
        dmean2: [0.366062223911, 0.450650572777, 0.257846355438]
        dvar: [0.0346620306373, 0.0462063625455, 0.0283823236823]
        dvar2: [0.0918717756867, 0.12784793973, 0.0775570124388]
        max: [1, 0.94623041153, 0.809651076794]
        mean: [0.437336504459, 0.355453461409, 0.150034457445]
        min: [0.015004105866, 0, 0]
        var: [0.0768730640411, 0.0626943334937, 0.0355971157551]

tonal:
    chords_changes_rate: 0.119815669954
    chords_number_rate: 0.0322580635548
    chords_strength:
        dmean: 0.0151647590101
        dmean2: 0.015258888714
        dvar: 0.000154706780449
        dvar2: 0.000178493137355
        max: 0.656692445278
        mean: 0.470097482204
        min: 0.261516392231
        var: 0.00920714251697
    key_strength: 0.492862284184
    tuning_diatonic_strength: 0.45690870285
    tuning_equal_tempered_deviation: 0.17829413712
    tuning_frequency: 441.272583008
    tuning_nontempered_energy_ratio: 0.87034201622
    hpcp:
        dmean: [0.218835070729, 0.207777887583, 0.195476427674, 0.208635240793, 0.201979130507, 0.19996227324, 0.182731568813, 0.170552834868, 0.200457468629, 0.206272155046, 0.215217664838, 0.232610017061, 0.249680936337, 0.182010427117, 0.180190116167, 0.23628769815, 0.228512883186, 0.206675052643, 0.216671183705, 0.169487923384, 0.202930539846, 0.188391044736, 0.219608217478, 0.226220414042, 0.197372063994, 0.169687643647, 0.143710881472, 0.165994644165, 0.205737620592, 0.290946274996, 0.261392593384, 0.266340225935, 0.27934011817, 0.261041015387, 0.243274152279, 0.252791821957]
        dmean2: [0.380405902863, 0.349844068289, 0.330054700375, 0.340094357729, 0.334691315889, 0.348623305559, 0.317419111729, 0.280671149492, 0.331700354815, 0.335939228535, 0.370360404253, 0.400197476149, 0.419724434614, 0.308358222246, 0.300914287567, 0.397670269012, 0.385142475367, 0.347848773003, 0.355475574732, 0.290733993053, 0.352191120386, 0.333721846342, 0.377200216055, 0.380682766438, 0.353367477655, 0.300874114037, 0.238124489784, 0.272193580866, 0.358026117086, 0.510876774788, 0.450874090195, 0.476062864065, 0.500021457672, 0.454188168049, 0.427247732878, 0.431749552488]
        dvar: [0.0443008989096, 0.0394859388471, 0.0335612334311, 0.0410451218486, 0.0382735952735, 0.0457054562867, 0.0307300407439, 0.0211190227419, 0.0339450873435, 0.030892925337, 0.028570426628, 0.0379604287446, 0.0439916849136, 0.0318742692471, 0.0299621056765, 0.0567392744124, 0.0470944605768, 0.0428898595273, 0.0436371378601, 0.0267747882754, 0.0433833934367, 0.0282613169402, 0.0381303392351, 0.0479650907218, 0.0495751202106, 0.0413227565587, 0.0224400125444, 0.0328310541809, 0.036661632359, 0.0694160535932, 0.0557060167193, 0.0593544431031, 0.0669386684895, 0.0510611496866, 0.0464920662344, 0.0467265918851]
        dvar2: [0.109344944358, 0.0930522456765, 0.0874624028802, 0.101560205221, 0.0965098515153, 0.11856880039, 0.081442117691, 0.047056529671, 0.0737986788154, 0.0744434818625, 0.081791639328, 0.114243544638, 0.128054812551, 0.0853793621063, 0.0784920454025, 0.142591878772, 0.111071504653, 0.0908527001739, 0.101553440094, 0.0738450586796, 0.0973079949617, 0.078446187079, 0.108247607946, 0.131676524878, 0.1293643713, 0.103733018041, 0.0533012971282, 0.0913056507707, 0.0963848233223, 0.198635742068, 0.153597444296, 0.169543862343, 0.166402176023, 0.124942004681, 0.116941250861, 0.109014466405]
        max: [1, 1, 1, 1, 1, 1, 1, 1, 1, 1, 1, 1, 1, 1, 0.964258432388, 1, 1, 1, 1, 1, 1, 1, 1, 1, 1, 1, 1, 1, 1, 1, 1, 1, 1, 1, 1, 1]
        mean: [0.32092794776, 0.248275399208, 0.244935572147, 0.25073069334, 0.243402406573, 0.260206252337, 0.24961052835, 0.262890130281, 0.352792233229, 0.374076485634, 0.334572970867, 0.329574376345, 0.32971483469, 0.274803012609, 0.266824990511, 0.351989477873, 0.316766142845, 0.24740344286, 0.256338596344, 0.253435581923, 0.299977570772, 0.273694872856, 0.235472679138, 0.247056186199, 0.231826007366, 0.219459161162, 0.192879199982, 0.18173635006, 0.231819808483, 0.340928345919, 0.34985679388, 0.298427045345, 0.30427390337, 0.317745059729, 0.360649824142, 0.390210717916]
        min: [0.00390599574894, 0.00279979291372, 0.00162564730272, 0.00277018593624, 0.00376992090605, 0.00129107746761, 0.000930595560931, 0.000994692440145, 0.00179100374226, 0.00432874076068, 0.00745888706297, 0.00385538465343, 0.00123795040417, 0.00136199709959, 0.00259866099805, 0.00156227848493, 0.00316208787262, 0.00175418343861, 0.00119968154468, 0.00159470632207, 0.000860778265633, 0.00218985765241, 0.00274150911719, 0.00255078217015, 0.00259942840785, 0.0015038298443, 0.00113983848132, 0.00144777365495, 0.00135821301956, 0.0068431738764, 0.00418867357075, 0.0025875614956, 0.0044003711082, 0.00319185038097, 0.00279575609602, 0.00348611897789]
        var: [0.0717147141695, 0.053170684725, 0.0468302518129, 0.0592564716935, 0.0495177321136, 0.0614915564656, 0.0485016331077, 0.0471340529621, 0.0879599824548, 0.0870840549469, 0.0573582425714, 0.0594914779067, 0.0671805739403, 0.0517971552908, 0.0414752289653, 0.0955056473613, 0.0798309072852, 0.0630753710866, 0.0682827085257, 0.0388629101217, 0.0853804573417, 0.0574389025569, 0.0480203777552, 0.0588466450572, 0.0539203062654, 0.0506747215986, 0.0331617444754, 0.0351156368852, 0.0441418625414, 0.0855216532946, 0.0893156602979, 0.0713132917881, 0.0864280164242, 0.0717782378197, 0.0724886953831, 0.0985367149115]
    chords_histogram: [11.9815664291, 0, 0, 0, 0, 0, 0, 19.8156681061, 0, 25.8064517975, 3.22580647469, 0, 0, 0, 0, 0, 5.5299539566, 0, 0, 0, 0, 0.921658992767, 12.4423961639, 20.2764968872]
    thpcp: [1, 0.822447776794, 0.636259794235, 0.627700805664, 0.642552018166, 0.623771727085, 0.66683524847, 0.639681398869, 0.67371326685, 0.904106974602, 0.958652496338, 0.857416152954, 0.844606161118, 0.844966113567, 0.70424258709, 0.683797180653, 0.902049720287, 0.811782300472, 0.634025216103, 0.656923532486, 0.649483919144, 0.768757879734, 0.701402783394, 0.603450059891, 0.633135318756, 0.594104647636, 0.562411904335, 0.494294971228, 0.465739011765, 0.594088792801, 0.873703181744, 0.896584272385, 0.76478433609, 0.779768168926, 0.814290940762, 0.924243748188]
    chords_key: "G"
    chords_scale: "major"
    key_key: "C"
    key_scale: "minor"
    chords_progression: ["Cm", "Cm", "Cm", "Cm", "Cm", "Cm", "Cm", "Cm", "Cm", "Cm", "Cm", "Cm", "Cm", "Cm", "G", "Cm", "Cm", "Cm", "Cm", "G", "G", "G", "Cm", "Cm", "Cm", "Cm", "Cm", "Cm", "G", "G", "G", "G", "G", "G", "G", "G", "Bm", "G", "Bm", "Bm", "Bm", "C#", "C#", "Fm", "Fm", "Fm", "Fm", "G#", "G#", "G#", "G#", "G#", "G#", "G#", "G#", "G#", "G#", "G#", "G#", "G#", "G#", "G#", "G#", "G#", "G#", "G#", "G#", "G#", "G#", "G#", "G#", "G#", "G#", "G#", "G#", "G#", "G#", "G#m", "G#m", "G#m", "G#m", "G#m", "C", "C", "C", "C", "C", "C", "Fm", "Fm", "Fm", "C", "C", "C", "C", "Fm", "Fm", "Fm", "Fm", "Fm", "Fm", "G#m", "G#m", "G#m", "G#m", "G#m", "G#m", "G#m", "Fm", "Fm", "Fm", "Fm", "Fm", "Fm", "Fm", "Fm", "Fm", "Fm", "Fm", "Fm", "Fm", "Fm", "G#", "G#", "G#", "G#", "G#", "G#", "G#", "G#", "G#", "G#", "G#", "G#", "G#", "G#", "Bm", "Bm", "Bm", "G", "G", "G", "G", "G", "G", "G", "G", "G", "G", "G", "G", "G", "G", "G", "G", "G", "G", "G", "G", "G", "G", "G", "G", "G", "G", "G", "G", "G", "G", "G", "G", "G", "G", "G", "G", "G", "G", "G", "G", "G", "G", "G", "C", "Cm", "C", "C", "C", "C", "C", "C", "C", "C", "C", "C", "C", "C", "C", "C", "C", "C", "C", "C", "C", "C", "C", "C", "C", "C", "C", "C", "C", "C", "Cm", "C", "C", "C", "C"]
