
metadata:
    version:
        essentia: "1.2.2"
    audio_properties:
        analysis_sample_rate: 44100
        bitrate: 128
        channels: 2
        equal_loudness: 1
        length: 10.0310201645
        replay_gain: -7.64134216309
        downmix: "mix"
    tags:
        track: 18
        year: 0
        album: "Splitted by Mp3Splt v. 2.1"
        artist: "From 002.50 To 003.00"
        comment: "http://mp3splt.sf.net"
        genre: ""
        title: "08 Tell the King.mp3"

highlevel:
    ballroom:
        all:
            ChaChaCha: 0.0102819679305
            Jive: 0.00627537211403
            Quickstep: 0.00166085234378
            Rumba-American: 0.0169071163982
            Rumba-International: 0.911735236645
            Rumba-Misc: 0.0275089405477
            Samba: 0.0113673377782
            Tango: 0.0019747861661
            VienneseWaltz: 0.0073536937125
            Waltz: 0.00493468297645
        probability: 0.911735236645
        value: "Rumba-International"
    culture:
        all:
            non_western: 0.688993155956
            western: 0.311006873846
        probability: 0.688993155956
        value: "non_western"
    gender:
        all:
            female: 0.554703712463
            male: 0.445296287537
        probability: 0.554703712463
        value: "female"
    genre_dortmund:
        all:
            alternative: 0.280820399523
            blues: 0.00769199896604
            electronic: 0.235350310802
            folkcountry: 0.085685826838
            funksoulrnb: 0.00992315914482
            jazz: 0.157597690821
            pop: 0.0849071145058
            raphiphop: 0.00569401448593
            rock: 0.13232947886
        probability: 0.280820399523
        value: "alternative"
    genre_electronica:
        all:
            ambient: 0.180226877332
            dnb: 0.0275439489633
            house: 0.499909162521
            techno: 0.178267985582
            trance: 0.114052027464
        probability: 0.499909162521
        value: "house"
    genre_rosamerica:
        all:
            cla: 0.0215989481658
            dan: 0.329628318548
            hip: 0.0255912225693
            jaz: 0.125154018402
            pop: 0.0795055627823
            rhy: 0.216710627079
            roc: 0.188944786787
            spe: 0.0128665128723
        probability: 0.329628318548
        value: "dan"
    genre_tzanetakis:
        all:
            blu: 0.0984771251678
            cla: 0.030383111909
            cou: 0.0258874371648
            dis: 0.0352284125984
            hip: 0.0539107359946
            jaz: 0.0299045853317
            met: 0.0267562642694
            pop: 0.379882156849
            reg: 0.128552645445
            roc: 0.191017538309
        probability: 0.379882156849
        value: "pop"
    live_studio:
        all:
            live: 0.59209883213
            studio: 0.407901197672
        probability: 0.59209883213
        value: "live"
    mood:
        all:
            Cluster1: 0.349861860275
            Cluster2: 0.0297806970775
            Cluster3: 0.53985196352
            Cluster4: 0.0170091502368
            Cluster5: 0.0634963288903
        probability: 0.53985196352
        value: "Cluster3"
    mood_acoustic:
        all:
            acoustic: 0.537154495716
            not_acoustic: 0.462845504284
        probability: 0.537154495716
        value: "acoustic"
    mood_aggressive:
        all:
            aggressive: 1.15347074825e-05
            not_aggressive: 0.999988436699
        probability: 0.999988436699
        value: "not_aggressive"
    mood_electronic:
        all:
            electronic: 0.637549936771
            not_electronic: 0.362450033426
        probability: 0.637549936771
        value: "electronic"
    mood_happy:
        all:
            happy: 0.00954034551978
            not_happy: 0.990459680557
        probability: 0.990459680557
        value: "not_happy"
    mood_party:
        all:
            not_party: 0.973228752613
            party: 0.0267712306231
        probability: 0.973228752613
        value: "not_party"
    mood_relaxed:
        all:
            not_relaxed: 0.332128167152
            relaxed: 0.667871832848
        probability: 0.667871832848
        value: "relaxed"
    mood_sad:
        all:
            not_sad: 0.124733328819
            sad: 0.875266671181
        probability: 0.875266671181
        value: "sad"
    rhythm:
        all:
            fast: 0.619197309017
            medium: 0.206979304552
            slow: 0.173823386431
        probability: 0.619197309017
        value: "fast"
    speech_music:
        all:
            music: 0.999971747398
            speech: 2.82567143586e-05
        probability: 0.999971747398
        value: "music"
    timbre:
        all:
            bright: 0.00864463672042
            dark: 0.991355359554
        probability: 0.991355359554
        value: "dark"
    voice_instrumental:
        all:
            instrumental: 0.972573518753
            voice: 0.0274264663458
        probability: 0.972573518753
        value: "instrumental"

lowlevel:
    average_loudness: 0.957128345966
    barkbands_kurtosis:
        dmean: 6.97995424271
        dmean2: 10.285826683
        dvar: 105.019248962
        dvar2: 214.63583374
        max: 134.883102417
        mean: 19.3822994232
        min: -1.92921996117
        var: 367.280059814
    barkbands_skewness:
        dmean: 0.705902397633
        dmean2: 1.05230867863
        dvar: 0.715881764889
        dvar2: 1.52430140972
        max: 9.20014572144
        mean: 3.35864758492
        min: -1.55106413364
        var: 2.64139127731
    barkbands_spread:
        dmean: 6.56359052658
        dmean2: 10.463924408
        dvar: 143.769393921
        dvar2: 309.707641602
        max: 85.1306304932
        mean: 13.9686574936
        min: 0.804516613483
        var: 276.966278076
    dissonance:
        dmean: 0.0237267930061
        dmean2: 0.0382412187755
        dvar: 0.000622628955171
        dvar2: 0.00128826743457
        max: 0.496122837067
        mean: 0.428088754416
        min: 0.125015154481
        var: 0.00166330963839
    hfc:
        dmean: 0.91836899519
        dmean2: 1.39728200436
        dvar: 4.34431171417
        dvar2: 10.3550777435
        max: 19.9274501801
        mean: 1.86270129681
        min: 0.00617199158296
        var: 5.8207154274
    pitch:
        dmean: 429.500244141
        dmean2: 819.713867188
        dvar: 1413669
        dvar2: 3262847
        max: 4900
        mean: 644.957092285
        min: 50.6314582825
        var: 1817105.75
    pitch_instantaneous_confidence:
        dmean: 0.0703706741333
        dmean2: 0.113049119711
        dvar: 0.00645669922233
        dvar2: 0.0160028003156
        max: 0.913527786732
        mean: 0.480317234993
        min: 0.169550180435
        var: 0.0201233178377
    pitch_salience:
        dmean: 0.051685526967
        dmean2: 0.0807275027037
        dvar: 0.0036456163507
        dvar2: 0.00823628436774
        max: 0.786234498024
        mean: 0.444447785616
        min: 0.116554886103
        var: 0.0166157856584
    silence_rate_20dB:
        dmean: 0
        dmean2: 0
        dvar: 0
        dvar2: 0
        max: 1
        mean: 1
        min: 1
        var: 0
    silence_rate_30dB:
        dmean: 0
        dmean2: 0
        dvar: 0
        dvar2: 0
        max: 1
        mean: 1
        min: 1
        var: 0
    silence_rate_60dB:
        dmean: 0.0925925895572
        dmean2: 0.183294668794
        dvar: 0.0840191841125
        dvar2: 0.172899380326
        max: 1
        mean: 0.374133944511
        min: 0
        var: 0.234157890081
    spectral_centroid:
        dmean: 171.530838013
        dmean2: 266.353546143
        dvar: 128826.054688
        dvar2: 272299.9375
        max: 3151.48901367
        mean: 434.48538208
        min: 116.00226593
        var: 236074.109375
    spectral_complexity:
        dmean: 1.27146172523
        dmean2: 2.06046509743
        dvar: 3.40890431404
        dvar2: 7.36844062805
        max: 20
        mean: 4.95138883591
        min: 0
        var: 7.08790826797
    spectral_crest:
        dmean: 1.55391728878
        dmean2: 2.28507304192
        dvar: 3.5747628212
        dvar2: 7.84116649628
        max: 22.97996521
        mean: 11.8340339661
        min: 4.64657211304
        var: 15.7630996704
    spectral_decrease:
        dmean: 2.16401105368e-10
        dmean2: 3.18602144667e-10
        dvar: 1.2333738562e-19
        dvar2: 2.83119340903e-19
        max: -8.52740707907e-12
        mean: -1.11296383221e-09
        min: -3.88651022476e-09
        var: 4.58356855739e-19
    spectral_energy:
        dmean: 0.000874954101164
        dmean2: 0.00129602500238
        dvar: 1.87951877706e-06
        dvar2: 4.32411934526e-06
        max: 0.0151231419295
        mean: 0.00436953501776
        min: 3.27439811372e-05
        var: 6.94313894201e-06
    spectral_energyband_high:
        dmean: 0.000119352414913
        dmean2: 0.000190572041902
        dvar: 1.12235547078e-07
        dvar2: 2.6374939921e-07
        max: 0.00388049986213
        mean: 0.00012455326214
        min: 2.47369991158e-09
        var: 1.32021355626e-07
    spectral_energyband_low:
        dmean: 0.000453827495221
        dmean2: 0.000712421024218
        dvar: 9.11513666324e-07
        dvar2: 2.37983294937e-06
        max: 0.0101394448429
        mean: 0.00210530450568
        min: 1.04884747998e-05
        var: 1.90724381355e-06
    spectral_energyband_middle_high:
        dmean: 0.000103720805782
        dmean2: 0.000158796348842
        dvar: 7.82721585324e-08
        dvar2: 1.85768527672e-07
        max: 0.00306555721909
        mean: 0.000219282825128
        min: 3.35952819341e-07
        var: 1.07183872444e-07
    spectral_energyband_middle_low:
        dmean: 0.000491504848469
        dmean2: 0.000685324077494
        dvar: 8.50007324971e-07
        dvar2: 1.46007960211e-06
        max: 0.0121273538098
        mean: 0.0019203327829
        min: 2.19172598008e-05
        var: 4.15994054492e-06
    spectral_flatness_db:
        dmean: 0.029656868428
        dmean2: 0.0439138486981
        dvar: 0.000842387613375
        dvar2: 0.00164999696426
        max: 0.427770137787
        mean: 0.278673768044
        min: 0.1157534495
        var: 0.00387771520764
    spectral_flux:
        dmean: 0.00667906599119
        dmean2: 0.0105656720698
        dvar: 9.02943356778e-05
        dvar2: 0.000198700014153
        max: 0.0827161595225
        mean: 0.018886230886
        min: 0.00264890538529
        var: 0.000202539435122
    spectral_kurtosis:
        dmean: 6.71245574951
        dmean2: 10.7745962143
        dvar: 67.7009887695
        dvar2: 185.949798584
        max: 76.9965667725
        mean: 12.3840436935
        min: -0.686204195023
        var: 167.37713623
    spectral_rms:
        dmean: 0.000199753747438
        dmean2: 0.000285805232124
        dvar: 8.22136811962e-08
        dvar2: 1.77080664798e-07
        max: 0.00384113076143
        mean: 0.00197658804245
        min: 0.000178732618224
        var: 3.56056148121e-07
    spectral_rolloff:
        dmean: 418.47354126
        dmean2: 765.730407715
        dvar: 1184637.125
        dvar2: 2754378.5
        max: 5706.29882812
        mean: 755.657165527
        min: 107.666015625
        var: 1555584.625
    spectral_skewness:
        dmean: 0.668014228344
        dmean2: 1.00327980518
        dvar: 0.439065009356
        dvar2: 1.12858104706
        max: 6.82711744308
        mean: 2.40459322929
        min: 0.0182864870876
        var: 1.74483585358
    spectral_spread:
        dmean: 1335559.625
        dmean2: 1935400.75
        dvar: 4.10733379584e+12
        dvar2: 9.17460903526e+12
        max: 15089509
        mean: 4358174.5
        min: 1301558.75
        var: 8.09432986419e+12
    spectral_strongpeak:
        dmean: 0.0703339576721
        dmean2: 0.121719099581
        dvar: 0.0366340950131
        dvar2: 0.103089645505
        max: 2.5750439167
        mean: 0.248843789101
        min: 0.00763942953199
        var: 0.0400974303484
    zerocrossingrate:
        dmean: 0.00872901827097
        dmean2: 0.0100608645007
        dvar: 0.000149361934746
        dvar2: 0.0001811653201
        max: 0.14697265625
        mean: 0.0319281667471
        min: 0.00439453125
        var: 0.00071234133793
    barkbands:
        dmean: [1.53727512497e-07, 7.4277202657e-05, 0.000404378457461, 0.000208392724744, 0.000331313174684, 7.5888565334e-05, 1.87494624697e-05, 1.96915607376e-05, 1.37622682814e-05, 1.14330423457e-05, 1.49356276324e-06, 6.0325173763e-06, 2.19308640226e-06, 6.87165356794e-06, 8.5280435087e-06, 8.59153533384e-06, 2.77114086202e-05, 2.7399368264e-05, 2.55751765508e-05, 5.09838391736e-05, 5.2240833611e-05, 2.03517429327e-05, 6.62595539325e-06, 5.29526960236e-06, 5.54806047148e-06, 4.39720082568e-07, 6.09981232191e-10]
        dmean2: [1.6420618465e-07, 0.000105409439129, 0.000640919897705, 0.000310109346174, 0.000468603044283, 0.000115427385026, 2.67922205239e-05, 2.82142009382e-05, 1.85361095646e-05, 1.53828696057e-05, 2.36384812524e-06, 8.02643717179e-06, 3.57334988621e-06, 1.10111577669e-05, 1.40319853017e-05, 1.45056483234e-05, 4.72005558549e-05, 4.32581255154e-05, 4.13337584177e-05, 8.32626974443e-05, 7.85387674114e-05, 3.40497717843e-05, 1.11261351776e-05, 9.47414446273e-06, 1.01359846667e-05, 8.19949093511e-07, 1.11329057084e-09]
        dvar: [8.56569589563e-12, 2.02357401946e-08, 7.70041140186e-07, 1.55799654067e-07, 5.87503848237e-07, 1.4368995771e-08, 1.23833610033e-09, 1.26558152846e-09, 3.73604980286e-10, 3.6142724924e-10, 1.54222971199e-11, 1.14223373815e-10, 1.55104783184e-11, 9.97490534616e-10, 6.12986217341e-10, 6.05197003622e-10, 1.67731162293e-08, 1.07829247753e-08, 6.69940058984e-09, 2.46987088559e-08, 3.24459463741e-08, 3.53149953725e-09, 4.45087994239e-10, 4.76096662094e-10, 4.48473369552e-10, 2.66589528231e-12, 3.55137464213e-18]
        dvar2: [8.58508229784e-12, 4.45127348314e-08, 2.03920080821e-06, 2.55959548667e-07, 1.08558162992e-06, 3.08737533317e-08, 2.12050244031e-09, 2.16923079499e-09, 7.44255657104e-10, 6.38946950904e-10, 2.87952092726e-11, 1.66529734447e-10, 3.4784036762e-11, 2.96740987338e-09, 1.68143243773e-09, 1.68953973034e-09, 4.59707365508e-08, 2.37403252612e-08, 1.7501061933e-08, 6.57606449295e-08, 7.25033117988e-08, 9.12183928392e-09, 1.19232912432e-09, 1.36432243281e-09, 1.27523380744e-09, 7.55048454315e-12, 9.82687672581e-18]
        max: [6.08504269621e-05, 0.00140024011489, 0.00900131557137, 0.00762014091015, 0.0108406664804, 0.00158252019901, 0.000530520337634, 0.000535729457624, 0.000324701191857, 0.000353986833943, 7.56880035624e-05, 0.000143154160469, 4.50537918368e-05, 0.000490140577313, 0.000330285169184, 0.000243863178184, 0.0018989329692, 0.00156610575505, 0.00120222405531, 0.00197453005239, 0.00227356282994, 0.000463450705865, 0.000197125191335, 0.000264849513769, 0.000221037887968, 1.19467558761e-05, 1.72989444991e-08]
        mean: [1.58940821393e-07, 0.000556574494112, 0.00154863693751, 0.000656923628412, 0.000853230711073, 0.000265531009063, 4.4218802941e-05, 5.44144313608e-05, 4.3009797082e-05, 3.08583876176e-05, 2.93402672469e-06, 1.60737617989e-05, 4.13371299146e-06, 1.10236969704e-05, 1.41405907925e-05, 1.18049538287e-05, 3.46720735251e-05, 3.6871057091e-05, 3.49695546902e-05, 6.44525425741e-05, 5.58897299925e-05, 1.66774480022e-05, 5.15320743943e-06, 3.51730705006e-06, 3.4109139051e-06, 2.57314070495e-07, 4.28704238775e-10]
        min: [2.78028832595e-11, 1.00341333109e-06, 8.99763472262e-06, 8.99342103367e-06, 7.55398332331e-06, 2.40742508595e-07, 1.91424931018e-07, 9.1187040141e-08, 1.09694944683e-07, 4.64247342791e-08, 1.50741090721e-08, 7.5972984348e-08, 2.86955756934e-08, 9.34139521291e-09, 2.47383713514e-08, 1.51407117954e-08, 1.16533040995e-08, 6.02148730877e-09, 4.22803481115e-09, 1.66716196404e-09, 9.36296928877e-10, 2.41036274273e-10, 5.85073794968e-11, 4.83069452495e-11, 4.68463115522e-11, 2.61425239095e-11, 1.53981130147e-13]
        var: [8.54757323948e-12, 1.65535126939e-07, 2.05609967452e-06, 1.37716438076e-06, 1.94683434529e-06, 7.4952687612e-08, 3.94530097481e-09, 6.43046282889e-09, 3.25101412457e-09, 2.62696930875e-09, 4.30435201371e-11, 6.14045647662e-10, 3.98794990086e-11, 8.66628158125e-10, 6.77540024085e-10, 5.53615819854e-10, 1.23837118338e-08, 1.20175354112e-08, 6.21530737988e-09, 2.70140247949e-08, 4.08654834416e-08, 2.82870948887e-09, 3.25629800901e-10, 2.79812062409e-10, 2.63656985133e-10, 1.56084075786e-12, 2.25988783238e-18]
    mfcc:
        mean: [-823.417175293, 167.477279663, -7.47995996475, 84.2240371704, -0.529773414135, 3.56153845787, 6.03471755981, -2.47853255272, 3.99490785599, -2.03739190102, -7.29589176178, -4.04198789597, -7.52459621429]
        cov: [[4704.90136719, -2379.35473633, 48.1492881775, -134.418182373, -271.617797852, -163.668609619, -228.341445923, -58.8815727234, -77.5097808838, -70.5339126587, -14.6975002289, -209.458618164, -203.313919067], [-2379.35473633, 3667.24243164, -1492.4954834, -68.6940002441, -219.566741943, -323.936401367, 177.995666504, 25.7694301605, -59.0713996887, 24.0195903778, -44.8804168701, 5.15940332413, 61.136844635], [48.1492881775, -1492.4954834, 1407.92822266, -111.715530396, 225.451187134, 305.571594238, -32.8927497864, 79.5413284302, 54.0317611694, 23.2859153748, 100.045761108, 88.2353286743, 67.713973999], [-134.418182373, -68.6940002441, -111.715530396, 277.699798584, 30.8273983002, 34.5028266907, 17.5207214355, -59.7981452942, 16.5058193207, 28.324388504, -15.3102140427, 26.0143260956, -20.6247062683], [-271.617797852, -219.566741943, 225.451187134, 30.8273983002, 182.622848511, 51.8924179077, -21.9087600708, -4.85282421112, 26.4805088043, 22.9961681366, 33.0995368958, 39.3283348083, 29.3966903687], [-163.668609619, -323.936401367, 305.571594238, 34.5028266907, 51.8924179077, 204.670547485, 20.7712268829, -12.7756567001, 22.8089027405, 17.8689975739, 3.40393662453, 32.8477478027, 6.06961536407], [-228.341445923, 177.995666504, -32.8927497864, 17.5207214355, -21.9087600708, 20.7712268829, 110.7447052, 7.14627695084, -4.2755484581, 9.63212966919, 10.0945091248, 24.8597145081, 10.2767333984], [-58.8815727234, 25.7694301605, 79.5413284302, -59.7981452942, -4.85282421112, -12.7756567001, 7.14627695084, 109.999839783, 17.2503700256, -19.7535839081, 7.27556610107, 4.69340419769, 21.2012844086], [-77.5097808838, -59.0713996887, 54.0317611694, 16.5058193207, 26.4805088043, 22.8089027405, -4.2755484581, 17.2503700256, 79.7722015381, 16.5364303589, -3.40741157532, 8.36483287811, 8.51065921783], [-70.5339126587, 24.0195903778, 23.2859153748, 28.324388504, 22.9961681366, 17.8689975739, 9.63212966919, -19.7535839081, 16.5364303589, 80.0741882324, 34.5385818481, 5.37555980682, -2.74197292328], [-14.6975002289, -44.8804168701, 100.045761108, -15.3102140427, 33.0995368958, 3.40393662453, 10.0945091248, 7.27556610107, -3.40741157532, 34.5385818481, 102.662078857, 19.7626113892, 11.7897634506], [-209.458618164, 5.15940332413, 88.2353286743, 26.0143260956, 39.3283348083, 32.8477478027, 24.8597145081, 4.69340419769, 8.36483287811, 5.37555980682, 19.7626113892, 92.0650024414, 20.8827877045], [-203.313919067, 61.136844635, 67.713973999, -20.6247062683, 29.3966903687, 6.06961536407, 10.2767333984, 21.2012844086, 8.51065921783, -2.74197292328, 11.7897634506, 20.8827877045, 72.7514266968]]
        icov: [[0.000853378733154, 0.000961447774898, 0.000712630397175, 0.00071337405825, 0.00130126182921, 0.000622474588454, 0.000483739248011, 9.07459616428e-06, 0.000337853591191, -0.00043193277088, -0.000445717392722, 7.97457396402e-05, 0.000460709095933], [0.000961447774898, 0.00178384652827, 0.00173564534634, 0.00137509370688, 0.00132527737878, 0.000545352988411, -8.25670358608e-05, -0.000481954601128, 0.000628616660833, -0.0012280989904, -0.000399555196054, -0.000491711427458, -0.000380614335882], [0.000712630397175, 0.00173564534634, 0.00348723307252, 0.00211382377893, -0.000243071903242, -0.00207539112307, 0.000404197897296, -0.00164899230003, 0.000630370399449, -0.00111946335528, -0.00127508805599, -0.00108371686656, -0.00101692508906], [0.00071337405825, 0.00137509370688, 0.00211382377893, 0.00609101774171, -0.000282709632302, -0.000726286089048, -0.00065523624653, 0.00141547550447, -0.000520978588611, -0.00182715943083, 0.00048498576507, -0.00187126966193, 0.000902884406969], [0.00130126182921, 0.00132527737878, -0.000243071903242, -0.000282709632302, 0.0107589336112, 0.00117151672021, 0.00316953868605, 0.0012484928593, -0.000967772502918, -0.0013927842956, -0.00197768304497, -0.00175433501136, -0.00170293170959], [0.000622474588454, 0.000545352988411, -0.00207539112307, -0.000726286089048, 0.00117151672021, 0.00971962232143, -0.00195605796762, 0.00225829472765, -0.00100090564229, -0.000967635482084, 0.00181775225792, -0.000506715790834, 0.00127249839716], [0.000483739248011, -8.25670358608e-05, 0.000404197897296, -0.00065523624653, 0.00316953868605, -0.00195605796762, 0.0124059608206, -0.00130386522505, 0.00126573233865, -0.00118918728549, -0.00151000532787, -0.00256697321311, -0.000842051347718], [9.07459616428e-06, -0.000481954601128, -0.00164899230003, 0.00141547550447, 0.0012484928593, 0.00225829472765, -0.00130386522505, 0.0132608171552, -0.00428364658728, 0.00398194603622, -0.00106354081072, 0.000233662780374, -0.00125024700537], [0.000337853591191, 0.000628616660833, 0.000630370399449, -0.000520978588611, -0.000967772502918, -0.00100090564229, 0.00126573233865, -0.00428364658728, 0.0159351807088, -0.00501112360507, 0.00260014366359, -0.000541795918252, -0.00109325291123], [-0.00043193277088, -0.0012280989904, -0.00111946335528, -0.00182715943083, -0.0013927842956, -0.000967635482084, -0.00118918728549, 0.00398194603622, -0.00501112360507, 0.0190049875528, -0.00663270475343, 0.00210055196658, 0.00177439302206], [-0.000445717392722, -0.000399555196054, -0.00127508805599, 0.00048498576507, -0.00197768304497, 0.00181775225792, -0.00151000532787, -0.00106354081072, 0.00260014366359, -0.00663270475343, 0.0144091602415, -0.00202660751529, -0.000722369586583], [7.97457396402e-05, -0.000491711427458, -0.00108371686656, -0.00187126966193, -0.00175433501136, -0.000506715790834, -0.00256697321311, 0.000233662780374, -0.000541795918252, 0.00210055196658, -0.00202660751529, 0.0149905821308, -0.00167205487378], [0.000460709095933, -0.000380614335882, -0.00101692508906, 0.000902884406969, -0.00170293170959, 0.00127249839716, -0.000842051347718, -0.00125024700537, -0.00109325291123, 0.00177439302206, -0.000722369586583, -0.00167205487378, 0.0184122938663]]
    spectral_contrast:
        mean: [1.18760873136e-07, -8.87947066985e-08, 8.93897222909e-08, 2.67358558403e-07, -2.4054855885e-07, 1.9236985338e-07, -1.40305473906e-06, 2.45579417424e-06, 3.77909998406e-07, -4.15480235461e-06, -1.85878184311e-06, 1.51329572873e-06]
        var: [0.000565251859371, 0.000988530926406, 0.0014943301212, 0.00181993178558, 0.00223356368951, 0.00554065452889, 0.0603100582957, 0.0781428366899, 0.200219228864, 0.271964967251, 1.58536756039, 2.91316270828]

rhythm:
    beats_loudness:
        dmean: 0.00201084790751
        dmean2: 0.00305733131245
        dvar: 2.94504411613e-06
        dvar2: 9.1847814474e-06
        max: 0.00883890502155
        mean: 0.00452574156225
        min: 0.00209124828689
        var: 4.32163506048e-06
    beats_loudness_bass:
        dmean: 0.183836117387
        dmean2: 0.30579611659
        dvar: 0.0199929066002
        dvar2: 0.0480287410319
        max: 0.957655906677
        mean: 0.587273895741
        min: 0.183922469616
        var: 0.0472578443587
    bpm: 102.201316833
    bpm_confidence: 0
    first_peak_bpm: 102
    first_peak_spread: 0
    first_peak_weight: 0.9375
    onset_rate: 5.58268213272
    second_peak_bpm: 63
    second_peak_spread: 0
    second_peak_weight: 0.0625
    beats_position: [0.0805985406041, 0.667032063007, 1.25346541405, 1.8398989439, 2.42633247375, 3.01276612282, 3.59919953346, 4.18563318253, 4.77206659317, 5.35850000381, 6.31530094147, 6.90302276611, 7.49074459076, 8.07846641541, 8.66618824005, 9.2539100647, 9.84163188934]
    bpm_estimates: [102.241409302, 102.230209351, 102.353408813, 102.313995361, 102.267158508, 102.474609375, 102.148414612, 102.06288147, 102.195632935, 101.977798462, 102.112190247, 102.038032532]
    bpm_intervals: [0.586433529854, 0.58643335104, 0.586433529854, 0.586433529854, 0.586433649063, 0.586433410645, 0.586433649063, 0.586433410645, 0.586433410645, 0.956800937653, 0.587721824646, 0.587721824646, 0.587721824646, 0.587721824646, 0.587721824646, 0.587721824646]
    onset_times: [0.0464399084449, 0.394739240408, 0.986848056316, 1.40480720997, 1.57895696163, 1.86920630932, 2.13623571396, 2.31038546562, 2.55419492722, 2.73995471001, 2.77478456497, 3.01859402657, 3.19274377823, 3.27401351929, 3.34367346764, 3.56426310539, 3.73841261864, 3.92417240143, 4.1679816246, 4.51628112793, 4.77170085907, 5.11999988556, 5.28253984451, 5.36380958557, 5.44507932663, 5.53795909882, 5.630838871, 5.71210861206, 6.22294807434, 6.3042178154, 6.48997735977, 6.57124710083, 6.66412687302, 6.74539661407, 6.82666683197, 6.8963265419, 7.0936961174, 7.17496585846, 7.34911584854, 7.44199562073, 7.4884352684, 7.69741487503, 8.03410434723, 8.27791404724, 8.48689365387, 8.56816291809, 8.68426322937, 8.92807292938, 9.02095222473, 9.21832180023, 9.38086128235, 9.49696159363, 9.65950107574, 9.79882049561, 9.85687065125, 9.99619007111]
    rubato_start: []
    rubato_stop: []
    perceptual_tempo: "unknown"

sfx:
    inharmonicity:
        dmean: 0.0157278291881
        dmean2: 0.0282026492059
        dvar: 0.0011258526938
        dvar2: 0.00316022685729
        max: 0.225579231977
        mean: 0.0152875240892
        min: 1.61347782068e-06
        var: 0.00109430262819
    oddtoevenharmonicenergyratio:
        dmean: 2.76502943039
        dmean2: 5.33347272873
        dvar: 143.013412476
        dvar2: 422.252502441
        max: 115.228004456
        mean: 1.79381668568
        min: 2.168969786e-06
        var: 80.1083450317
    pitch_after_max_to_before_max_energy_ratio: 14.6384477615
    pitch_centroid: 312.90802002
    pitch_max_to_total: 0.509259283543
    pitch_min_to_total: 0.52314811945
    tristimulus:
        dmean: [0.168809175491, 0.165903225541, 0.068706817925]
        dmean2: [0.296866118908, 0.298345595598, 0.123512178659]
        dvar: [0.0475886240602, 0.0440224967897, 0.0176620613784]
        dvar2: [0.11774995178, 0.121630892158, 0.0466651171446]
        max: [0.995918989182, 0.940057635307, 0.874102294445]
        mean: [0.616535305977, 0.294691383839, 0.0776915475726]
        min: [0.00939176604152, 0, 0]
        var: [0.076001226902, 0.0494534783065, 0.020097700879]

tonal:
    chords_changes_rate: 0.0506912432611
    chords_number_rate: 0.0230414755642
    chords_strength:
        dmean: 0.00671851122752
        dmean2: 0.00596445892006
        dvar: 3.45316620951e-05
        dvar2: 4.38759743702e-05
        max: 0.587813436985
        mean: 0.5093126297
        min: 0.334210544825
        var: 0.0034176921472
    key_strength: 0.744212329388
    tuning_diatonic_strength: 0.637165367603
    tuning_equal_tempered_deviation: 0.112160108984
    tuning_frequency: 437.971466064
    tuning_nontempered_energy_ratio: 0.76140242815
    hpcp:
        dmean: [0.0508369207382, 0.0581301189959, 0.0601983219385, 0.0478005930781, 0.0580240674317, 0.0871914476156, 0.0727206543088, 0.0691428482533, 0.0438469238579, 0.0358964055777, 0.0358892455697, 0.0311545003206, 0.0220644697547, 0.0204757358879, 0.048480913043, 0.0851412191987, 0.0790158361197, 0.0447414256632, 0.0255299191922, 0.0185692235827, 0.0106756929308, 0.0195764899254, 0.0199260953814, 0.0128767378628, 0.0173303950578, 0.0330683588982, 0.0370675399899, 0.0299978163093, 0.0444573201239, 0.0837457031012, 0.0499759651721, 0.0716357305646, 0.0417862832546, 0.0257340427488, 0.0248888004571, 0.0433592274785]
        dmean2: [0.0901376157999, 0.0994184017181, 0.110468409956, 0.0905865803361, 0.110323242843, 0.146533191204, 0.11622146517, 0.127606287599, 0.0748657435179, 0.0552806407213, 0.0579305030406, 0.0544883012772, 0.0379309244454, 0.0337927490473, 0.0809672400355, 0.135434389114, 0.129306957126, 0.0751092508435, 0.0476141870022, 0.0338543243706, 0.0190500281751, 0.0369170866907, 0.0373510532081, 0.0233037378639, 0.0302102509886, 0.061065133661, 0.0593306422234, 0.0520697161555, 0.0754902139306, 0.145778745413, 0.0867430120707, 0.117877811193, 0.0779292881489, 0.0475806109607, 0.0443531684577, 0.0761278495193]
        dvar: [0.0263845473528, 0.0221542567015, 0.032547570765, 0.0267499126494, 0.0303639043123, 0.0435135513544, 0.0349259935319, 0.026763740927, 0.0124157536775, 0.0183548200876, 0.0127219064161, 0.0154616050422, 0.00504822982475, 0.00347813405097, 0.0131409876049, 0.0295715574175, 0.0213771369308, 0.0108305439353, 0.0114736482501, 0.010245016776, 0.00171064003371, 0.00803754478693, 0.00815155450255, 0.00198362045921, 0.00456497212872, 0.0170168727636, 0.0123836696148, 0.00797573383898, 0.0157569814473, 0.025805125013, 0.0255198087543, 0.0162252411246, 0.0252239145339, 0.0120992790908, 0.0140662929043, 0.0168014913797]
        dvar2: [0.0549198687077, 0.0607480369508, 0.0964113101363, 0.0776557475328, 0.0895930156112, 0.103899933398, 0.0777503997087, 0.0783086642623, 0.0314065366983, 0.0367998816073, 0.0309060104191, 0.0431066639721, 0.014428820461, 0.00900378357619, 0.035857450217, 0.0657174214721, 0.0494849458337, 0.0251224711537, 0.0283216536045, 0.0313185416162, 0.00482305139303, 0.0248005632311, 0.025096828118, 0.00590005144477, 0.0123313851655, 0.0509906224906, 0.0279794055969, 0.0181647613645, 0.0389820821583, 0.076219715178, 0.0566995367408, 0.033432520926, 0.0639277622104, 0.0261070076376, 0.0376102104783, 0.0473461784422]
        max: [1, 1, 1, 1, 1, 1, 1, 1, 0.984958648682, 1, 1, 1, 0.643305301666, 0.541869997978, 0.874281585217, 1, 1, 1, 1, 1, 0.374049633741, 0.825240552425, 0.909674406052, 0.389064192772, 0.565788447857, 1, 1, 1, 1, 1, 1, 1, 1, 0.883571922779, 1, 1]
        mean: [0.0823037400842, 0.0741839334369, 0.0415702983737, 0.0314945206046, 0.0448881536722, 0.110783599317, 0.177258133888, 0.11568441242, 0.0634415373206, 0.10645865649, 0.0751822218299, 0.0244488753378, 0.021257372573, 0.0212341006845, 0.0745382979512, 0.226432085037, 0.199740052223, 0.0547534003854, 0.0260935854167, 0.0140524506569, 0.00965392775834, 0.01679892838, 0.0167625881732, 0.0112744048238, 0.0135669410229, 0.0284667089581, 0.0689475014806, 0.0975652635098, 0.0679570883512, 0.262876093388, 0.514454185963, 0.29119259119, 0.0344516001642, 0.0214044135064, 0.0185593832284, 0.0415225327015]
        min: [0.000404929014621, 0.000441753596533, 8.31696670502e-05, 1.82681305887e-05, 1.78381724254e-05, 9.97779134195e-05, 9.41126854741e-05, 9.01844468899e-05, 0, 0, 0, 5.09860474267e-05, 2.11477017729e-05, 1.14524891615e-05, 9.92536661215e-05, 0.000167468882864, 0.000478322443087, 0.000314928533044, 2.54206752288e-05, 2.38591965172e-05, 1.68646474776e-05, 1.99214628083e-05, 4.83623152832e-05, 0.00011023357365, 5.03572191519e-05, 0, 0, 0, 0, 0.000174669898115, 7.72868806962e-05, 6.18360572844e-05, 2.37753938563e-05, 0, 0, 0]
        var: [0.0479463376105, 0.0325351059437, 0.0210590120405, 0.0152024803683, 0.0222134105861, 0.0584082715213, 0.11616692692, 0.0618880391121, 0.0204536449164, 0.0827922821045, 0.0403446778655, 0.0101413335651, 0.00376067776233, 0.0036041282583, 0.0114275598899, 0.0575701072812, 0.0450077950954, 0.0144837815315, 0.014530592598, 0.00620054081082, 0.00125787290744, 0.0045539024286, 0.00449096923694, 0.001207105699, 0.00312525755726, 0.0123399877921, 0.0423302538693, 0.0599122345448, 0.026414943859, 0.0612082518637, 0.232717290521, 0.0770081430674, 0.0195989925414, 0.0110782040283, 0.0100140841678, 0.0181514266878]
    chords_histogram: [50.6912460327, 24.4239635468, 12.4423961639, 0, 0, 0, 0, 0, 0, 0, 0, 0, 0, 0.460829496384, 0, 0, 0, 10.1382484436, 1.84331798553, 0, 0, 0, 0, 0]
    thpcp: [1, 0.566022396088, 0.0669672861695, 0.0416060648859, 0.0360758714378, 0.0807118192315, 0.159982636571, 0.144199296832, 0.0808046683669, 0.0612192898989, 0.0872539356351, 0.215342015028, 0.344555735588, 0.224868252873, 0.12331815064, 0.206935152411, 0.146139785647, 0.0475239120424, 0.041320245713, 0.0412750095129, 0.144888117909, 0.440140426159, 0.388256251812, 0.106430083513, 0.050720911473, 0.0273152608424, 0.0187653787434, 0.0326538868248, 0.0325832478702, 0.0219152756035, 0.0263715237379, 0.0553338080645, 0.13402068615, 0.189648106694, 0.132095515728, 0.510980546474]
    chords_key: "G"
    chords_scale: "major"
    key_key: "G"
    key_scale: "major"
    chords_progression: ["D", "D", "D", "D", "D", "D", "D", "D", "D", "D", "D", "D", "Bm", "Bm", "Bm", "Bm", "Bm", "Bm", "Bm", "Bm", "Bm", "Bm", "Bm", "Bm", "Bm", "Bm", "Bm", "Bm", "Bm", "Bm", "Bm", "Bm", "Bm", "Bm", "Bm", "Bm", "Bm", "Bm", "Bm", "Bm", "Bm", "Bm", "Bm", "Bm", "Bm", "Bm", "Bm", "Bm", "Bm", "Bm", "Bm", "Bm", "Bm", "Bm", "D", "D", "D", "D", "D", "D", "D", "D", "D", "D", "D", "D", "D", "D", "D", "G", "G", "G", "G", "G", "G", "Gm", "Gm", "Gm", "Gm", "Gm", "Gm", "Gm", "Gm", "Gm", "Gm", "Gm", "Gm", "Gm", "Gm", "Gm", "Gm", "Gm", "G", "G", "G", "G", "G", "G", "G", "G", "G", "Gm", "Gm", "Gm", "Gm", "Gm", "G", "G", "G", "G", "G", "G", "G", "G", "G", "G", "G", "G", "G", "G", "G", "G", "G", "G", "G", "G", "G", "G", "G", "G", "G", "G", "G", "G", "G", "G", "G", "G", "G", "G", "G", "G", "G", "G", "G", "G", "G", "G", "G", "G", "G", "G", "G", "G", "G", "G", "G", "G", "G", "G", "G", "G", "G", "G", "G", "G", "G", "G", "G", "G", "G", "G", "G", "G", "G", "G", "G", "G", "G", "G", "G", "G", "G", "G", "G", "G", "G", "G", "G", "G", "G", "G", "G", "G", "G", "G", "G", "G", "G", "G", "G", "Bm", "Bm", "Bm", "A#", "A#", "A#", "A#", "Bm", "Bm", "Bm", "Bm", "Bm", "Bm", "Bm", "Bm", "Fm"]
