
metadata:
    version:
        essentia: "1.2.2"
    audio_properties:
        analysis_sample_rate: 44100
        bitrate: 128
        channels: 2
        equal_loudness: 1
        length: 10.0048980713
        replay_gain: -13.8854751587
        downmix: "mix"
    tags:
        track: 15
        year: 0
        album: "Splitted by Mp3Splt v. 2.1"
        artist: "From 002.20 To 002.30"
        comment: "http://mp3splt.sf.net"
        genre: ""
        title: "03 The Sun.mp3"

highlevel:
    ballroom:
        all:
            ChaChaCha: 0.256622374058
            Jive: 0.0493792518973
            Quickstep: 0.0411030165851
            Rumba-American: 0.00270175281912
            Rumba-International: 0.00781181594357
            Rumba-Misc: 0.00257703149691
            Samba: 0.627282381058
            Tango: 0.0077584865503
            VienneseWaltz: 0.00338498759083
            Waltz: 0.00137889001053
        probability: 0.627282381058
        value: "Samba"
    culture:
        all:
            non_western: 0.427968144417
            western: 0.572031855583
        probability: 0.572031855583
        value: "western"
    gender:
        all:
            female: 0.758450090885
            male: 0.241549894214
        probability: 0.758450090885
        value: "female"
    genre_dortmund:
        all:
            alternative: 0.0836553797126
            blues: 0.00611612852663
            electronic: 0.192968457937
            folkcountry: 0.00654182769358
            funksoulrnb: 0.0176143273711
            jazz: 0.616348743439
            pop: 0.0192066803575
            raphiphop: 0.014988033101
            rock: 0.0425604432821
        probability: 0.616348743439
        value: "jazz"
    genre_electronica:
        all:
            ambient: 0.0805937498808
            dnb: 0.551197588444
            house: 0.0100056389347
            techno: 0.0232495572418
            trance: 0.334953457117
        probability: 0.551197588444
        value: "dnb"
    genre_rosamerica:
        all:
            cla: 0.0593853183091
            dan: 0.281720101833
            hip: 0.15545143187
            jaz: 0.164848700166
            pop: 0.140316084027
            rhy: 0.0993126779795
            roc: 0.0897610485554
            spe: 0.00920462142676
        probability: 0.281720101833
        value: "dan"
    genre_tzanetakis:
        all:
            blu: 0.00944135710597
            cla: 0.0141399307176
            cou: 0.0276201665401
            dis: 0.0769858807325
            hip: 0.0519874989986
            jaz: 0.61254888773
            met: 0.016121154651
            pop: 0.0854971259832
            reg: 0.0740987285972
            roc: 0.0315592363477
        probability: 0.61254888773
        value: "jaz"
    live_studio:
        all:
            live: 0.107230216265
            studio: 0.892769753933
        probability: 0.892769753933
        value: "studio"
    mood:
        all:
            Cluster1: 0.412497073412
            Cluster2: 0.193706959486
            Cluster3: 0.0605437606573
            Cluster4: 0.0553341396153
            Cluster5: 0.277918070555
        probability: 0.412497073412
        value: "Cluster1"
    mood_acoustic:
        all:
            acoustic: 0.0465703234076
            not_acoustic: 0.953429698944
        probability: 0.953429698944
        value: "not_acoustic"
    mood_aggressive:
        all:
            aggressive: 0.679655194283
            not_aggressive: 0.320344805717
        probability: 0.679655194283
        value: "aggressive"
    mood_electronic:
        all:
            electronic: 0.895302653313
            not_electronic: 0.104697354138
        probability: 0.895302653313
        value: "electronic"
    mood_happy:
        all:
            happy: 0.123145416379
            not_happy: 0.876854598522
        probability: 0.876854598522
        value: "not_happy"
    mood_party:
        all:
            not_party: 0.337668329477
            party: 0.66233164072
        probability: 0.66233164072
        value: "party"
    mood_relaxed:
        all:
            not_relaxed: 0.585483968258
            relaxed: 0.414516031742
        probability: 0.585483968258
        value: "not_relaxed"
    mood_sad:
        all:
            not_sad: 0.712093651295
            sad: 0.287906348705
        probability: 0.712093651295
        value: "not_sad"
    rhythm:
        all:
            fast: 0.731698453426
            medium: 0.218227356672
            slow: 0.0500742122531
        probability: 0.731698453426
        value: "fast"
    speech_music:
        all:
            music: 0.999990940094
            speech: 9.03253294382e-06
        probability: 0.999990940094
        value: "music"
    timbre:
        all:
            bright: 0.621056139469
            dark: 0.378943830729
        probability: 0.621056139469
        value: "bright"
    voice_instrumental:
        all:
            instrumental: 0.941898941994
            voice: 0.0581010617316
        probability: 0.941898941994
        value: "instrumental"

lowlevel:
    average_loudness: 0.977316617966
    barkbands_kurtosis:
        dmean: 0.699011206627
        dmean2: 1.14177715778
        dvar: 0.778597533703
        dvar2: 1.80886280537
        max: 8.64061737061
        mean: -0.243206351995
        min: -1.75205659866
        var: 1.56805348396
    barkbands_skewness:
        dmean: 0.403670698404
        dmean2: 0.617598950863
        dvar: 0.136451050639
        dvar2: 0.30982786417
        max: 3.00488185883
        mean: 0.397538989782
        min: -1.47601687908
        var: 0.58818346262
    barkbands_spread:
        dmean: 5.85042095184
        dmean2: 8.98787975311
        dvar: 27.3626823425
        dvar2: 54.1373252869
        max: 57.9843902588
        mean: 31.5892066956
        min: 7.59590101242
        var: 86.5068435669
    dissonance:
        dmean: 0.0202421881258
        dmean2: 0.0326394997537
        dvar: 0.000310206931317
        dvar2: 0.000754449109081
        max: 0.498590677977
        mean: 0.45880356431
        min: 0.363909244537
        var: 0.000636934943032
    hfc:
        dmean: 3.45652341843
        dmean2: 5.36587190628
        dvar: 59.7600784302
        dvar2: 137.276809692
        max: 59.204372406
        mean: 5.0677075386
        min: 0.0309612285346
        var: 63.0430450439
    pitch:
        dmean: 447.456542969
        dmean2: 850.510314941
        dvar: 734307.0625
        dvar2: 1489071.5
        max: 4009.09082031
        mean: 612.612243652
        min: 81.2154693604
        var: 829432.4375
    pitch_instantaneous_confidence:
        dmean: 0.0935169458389
        dmean2: 0.148237600923
        dvar: 0.00601656269282
        dvar2: 0.0175314489752
        max: 0.782909810543
        mean: 0.404059380293
        min: 0.145674526691
        var: 0.013516257517
    pitch_salience:
        dmean: 0.0750848129392
        dmean2: 0.116758912802
        dvar: 0.00454979203641
        dvar2: 0.0110225584358
        max: 0.78045374155
        mean: 0.495392382145
        min: 0.186249360442
        var: 0.0125070801005
    silence_rate_20dB:
        dmean: 0
        dmean2: 0
        dvar: 0
        dvar2: 0
        max: 1
        mean: 1
        min: 1
        var: 0
    silence_rate_30dB:
        dmean: 0
        dmean2: 0
        dvar: 0
        dvar2: 0
        max: 1
        mean: 1
        min: 1
        var: 0
    silence_rate_60dB:
        dmean: 0.162412986159
        dmean2: 0.325581401587
        dvar: 0.136035487056
        dvar2: 0.256787389517
        max: 1
        mean: 0.599537014961
        min: 0
        var: 0.240091711283
    spectral_centroid:
        dmean: 264.513366699
        dmean2: 387.028442383
        dvar: 86575.6484375
        dvar2: 156681.421875
        max: 2927.17578125
        mean: 1227.60803223
        min: 327.767852783
        var: 287620.3125
    spectral_complexity:
        dmean: 3.88837218285
        dmean2: 5.74358987808
        dvar: 42.1177825928
        dvar2: 76.1999816895
        max: 49
        mean: 10.3271465302
        min: 0
        var: 68.2853469849
    spectral_crest:
        dmean: 1.93529629707
        dmean2: 3.09552931786
        dvar: 3.22602653503
        dvar2: 7.39953994751
        max: 21.1498088837
        mean: 8.14771652222
        min: 3.06074738503
        var: 11.4098176956
    spectral_decrease:
        dmean: 3.6334418807e-10
        dmean2: 5.83594172987e-10
        dvar: 3.59857093125e-19
        dvar2: 8.60076603237e-19
        max: -1.24447509589e-11
        mean: -8.15226497419e-10
        min: -4.65216043466e-09
        var: 4.19852089363e-19
    spectral_energy:
        dmean: 0.00167046277784
        dmean2: 0.00266048754565
        dvar: 8.50327251101e-06
        dvar2: 2.00707127078e-05
        max: 0.0229283645749
        mean: 0.00353650841862
        min: 4.97776127304e-05
        var: 9.58050623012e-06
    spectral_energyband_high:
        dmean: 0.000219680528971
        dmean2: 0.000328428781359
        dvar: 2.06701201932e-07
        dvar2: 4.91494233756e-07
        max: 0.00344505906105
        mean: 0.000246840267209
        min: 1.01992509371e-06
        var: 2.1880403267e-07
    spectral_energyband_low:
        dmean: 0.000371098692995
        dmean2: 0.000640672631562
        dvar: 5.57034582016e-07
        dvar2: 1.51406800342e-06
        max: 0.0066973073408
        mean: 0.00104113749694
        min: 1.82902397228e-07
        var: 1.00092825051e-06
    spectral_energyband_middle_high:
        dmean: 0.000905484659597
        dmean2: 0.00142003397923
        dvar: 3.45383114109e-06
        dvar2: 8.01796613814e-06
        max: 0.016047578305
        mean: 0.00157264515292
        min: 8.90893625183e-06
        var: 3.88996704714e-06
    spectral_energyband_middle_low:
        dmean: 0.000435670634033
        dmean2: 0.00073988904478
        dvar: 4.69545881288e-07
        dvar2: 1.22544565784e-06
        max: 0.00437662331387
        mean: 0.000675884424709
        min: 1.5266436094e-05
        var: 4.13132653421e-07
    spectral_flatness_db:
        dmean: 0.0182887744159
        dmean2: 0.0280798394233
        dvar: 0.000224977207836
        dvar2: 0.00055693188915
        max: 0.223058715463
        mean: 0.143828943372
        min: 0.0845570340753
        var: 0.000508176686708
    spectral_flux:
        dmean: 0.0115327313542
        dmean2: 0.0173684470356
        dvar: 0.000238916822127
        dvar2: 0.000483138806885
        max: 0.125222966075
        mean: 0.0320241190493
        min: 0.00705532496795
        var: 0.000394298753235
    spectral_kurtosis:
        dmean: 1.04641783237
        dmean2: 1.62323200703
        dvar: 1.10618817806
        dvar2: 2.83831262589
        max: 10.2354841232
        mean: 2.55457401276
        min: -0.00738477706909
        var: 1.67931222916
    spectral_rms:
        dmean: 0.000370625464711
        dmean2: 0.00056665961165
        dvar: 2.5378668056e-07
        dvar2: 5.47379556792e-07
        max: 0.00472960202023
        mean: 0.00174448802136
        min: 0.000220371337491
        var: 4.07010901426e-07
    spectral_rolloff:
        dmean: 551.650268555
        dmean2: 911.070068359
        dvar: 408058.40625
        dvar2: 797683.3125
        max: 4500.43945312
        mean: 2248.14550781
        min: 129.19921875
        var: 922423.3125
    spectral_skewness:
        dmean: 0.228316783905
        dmean2: 0.343737542629
        dvar: 0.0430323965847
        dvar2: 0.100762546062
        max: 2.53415203094
        mean: 1.45380377769
        min: 0.718029439449
        var: 0.0861080437899
    spectral_spread:
        dmean: 957932.375
        dmean2: 1419820
        dvar: 609135362048
        dvar2: 1.55266855731e+12
        max: 10033821
        mean: 6399936.5
        min: 2720687
        var: 1.53376928563e+12
    spectral_strongpeak:
        dmean: 0.306304425001
        dmean2: 0.509279191494
        dvar: 0.401610463858
        dvar2: 0.869979023933
        max: 5.38878917694
        mean: 0.47970238328
        min: 0.00600439915434
        var: 0.57150888443
    zerocrossingrate:
        dmean: 0.0108103193343
        dmean2: 0.0128341708332
        dvar: 9.24329797272e-05
        dvar2: 0.000111327237391
        max: 0.154296875
        mean: 0.0757651627064
        min: 0.02783203125
        var: 0.000523111433722
    barkbands:
        dmean: [3.9829597398e-08, 0.000103200138255, 0.000291336793453, 0.0001308813371, 0.000121422024677, 0.000110326880531, 5.1623203035e-05, 5.32667036168e-05, 7.6787218859e-05, 3.89850356441e-05, 3.5934837797e-05, 0.000136678732815, 0.000146745704114, 6.86068233335e-05, 3.89993801946e-05, 0.000116389579489, 0.000149254745338, 0.000160670606419, 0.000279555621091, 0.000149114915985, 9.8701348179e-05, 3.94795970351e-05, 7.68965946918e-06, 7.4985714491e-06, 1.87990326594e-06, 9.30302235247e-08, 4.23216711676e-10]
        dmean2: [6.67649189268e-08, 0.000171107443748, 0.000514998275321, 0.000234784209169, 0.000215417458094, 0.000198277906748, 8.18217013148e-05, 7.66787779867e-05, 0.000110651810246, 5.63694557059e-05, 5.678485104e-05, 0.000219090783503, 0.000238522916334, 0.000100621320598, 6.35595497442e-05, 0.000187048019143, 0.000247678719461, 0.000255061051575, 0.000454980588984, 0.000231379730394, 0.000154474837473, 6.31525253993e-05, 1.19240276035e-05, 1.19180467664e-05, 2.99402086057e-06, 1.4391547154e-07, 6.51337317414e-10]
        dvar: [1.51526808136e-14, 3.55822749043e-08, 4.46316136049e-07, 9.34955934895e-08, 9.58405834695e-08, 4.54110065107e-08, 7.27914395426e-09, 6.38622443816e-09, 8.14862666232e-09, 2.84460832667e-09, 3.884072175e-09, 1.78200387779e-08, 2.78677951826e-08, 1.43097347305e-08, 9.82319736664e-09, 3.83964433581e-08, 7.26326945255e-08, 2.08630282827e-07, 6.05772868312e-07, 1.2914472336e-07, 4.39946106212e-08, 5.02608354935e-09, 1.53653451074e-10, 5.22029260097e-11, 3.11740650655e-12, 7.63179311278e-15, 2.96215569384e-18]
        dvar2: [2.38457037184e-14, 8.58224069589e-08, 1.24665984913e-06, 2.52794706057e-07, 2.66932147497e-07, 1.25940843532e-07, 1.76556387288e-08, 1.31131878689e-08, 2.00205008127e-08, 5.39218492079e-09, 1.04111945731e-08, 4.31561986147e-08, 6.56679191025e-08, 2.88358226186e-08, 2.52041125748e-08, 8.52120152217e-08, 1.83819864219e-07, 5.01773797623e-07, 1.50975370161e-06, 2.76117646081e-07, 1.06179030013e-07, 1.25205046331e-08, 3.68693714448e-10, 1.21034585132e-10, 7.64633408673e-12, 1.83862206195e-14, 3.15078120444e-18]
        max: [2.14936835619e-06, 0.00157186412252, 0.00620059669018, 0.00233063055202, 0.00287079648115, 0.00222131656483, 0.000788752106018, 0.000822500907816, 0.000823613430839, 0.000555979029741, 0.000500774243847, 0.00114109937567, 0.00166396447457, 0.00210709962994, 0.00102652597707, 0.00266862753779, 0.00186616764404, 0.00386349973269, 0.00605193292722, 0.00279232184403, 0.00132489902899, 0.000578715000302, 8.66638292791e-05, 5.04741692566e-05, 9.56705662247e-06, 4.94387336403e-07, 3.58484406604e-08]
        mean: [6.51483702541e-08, 0.000381876830943, 0.000659198616631, 9.86817321973e-05, 9.84419457382e-05, 0.000137353679747, 7.44600038161e-05, 0.000102467281977, 0.00016273384972, 6.94938571542e-05, 5.01870708831e-05, 0.000234102946706, 0.00023982996936, 0.000100049190223, 3.89464839827e-05, 0.000165111327078, 0.000170463579707, 0.000148718099808, 0.000271333265118, 0.000161229341757, 0.000107789892354, 4.43046919827e-05, 9.05555862118e-06, 8.23001300887e-06, 2.27839268518e-06, 1.06754974638e-07, 4.48539705378e-10]
        min: [5.76270420272e-11, 6.66455406417e-08, 1.13529701196e-07, 4.18353955922e-08, 1.11166968964e-06, 2.03586438374e-07, 1.03987940747e-06, 6.95946127394e-08, 1.88412843727e-06, 5.31161390427e-07, 4.15608496951e-07, 8.58052885633e-07, 1.31254341795e-06, 1.14384988592e-06, 1.26654910559e-07, 4.64389046329e-07, 8.49645260814e-08, 5.42862210295e-07, 1.72622662831e-06, 1.03263653273e-06, 3.69188200011e-07, 2.69442011813e-07, 2.56067984594e-08, 6.54866738614e-08, 2.954702083e-08, 1.25655164052e-09, 4.90829599187e-12]
        var: [1.88124120231e-14, 1.00507008938e-07, 8.10885183e-07, 6.68339481535e-08, 6.09667054619e-08, 4.08862703694e-08, 1.23476198155e-08, 1.24059553741e-08, 1.70315548331e-08, 7.17328374478e-09, 5.2286930341e-09, 3.94597456932e-08, 5.24303906957e-08, 3.06882341761e-08, 8.06959832289e-09, 6.84129659589e-08, 8.06900217754e-08, 1.95547841031e-07, 5.23249639173e-07, 1.41113460472e-07, 4.50734987112e-08, 4.95201701867e-09, 1.68851335691e-10, 6.3062347011e-11, 3.7940093775e-12, 9.60801838752e-15, 3.07123868955e-18]
    mfcc:
        mean: [-717.16595459, 101.353363037, -27.906206131, 24.6139717102, -9.46246528625, 11.7855978012, 13.1117219925, 2.32650184631, 4.95263767242, 1.01481246948, 6.15174484253, 9.56888484955, 5.76054859161]
        cov: [[1729.21252441, -394.664093018, -178.989517212, 447.562652588, 18.3531303406, -63.5368385315, -103.157348633, -6.72970867157, -66.8083724976, -13.7415122986, -39.8455200195, -38.569770813, -63.1341133118], [-394.664093018, 416.846954346, 77.3910140991, -104.921783447, 29.4542999268, 61.9428749084, 85.377532959, 15.6605215073, 31.1943588257, 28.5193595886, 35.1286506653, -6.65261888504, -19.5909347534], [-178.989517212, 77.3910140991, 340.760528564, -10.2707653046, 19.0891036987, 61.5844802856, 82.4917068481, 23.2238006592, 1.01482176781, 21.9509620667, 37.2939147949, 7.98195075989, -45.9967842102], [447.562652588, -104.921783447, -10.2707653046, 328.127349854, 62.5085716248, 33.0424232483, 14.3853855133, 48.0124320984, 10.9848012924, 24.2676105499, 15.4547681808, 10.7186412811, -3.03086352348], [18.3531303406, 29.4542999268, 19.0891036987, 62.5085716248, 151.907943726, 42.7004508972, 26.6747226715, 19.9240112305, 56.2335090637, 15.846124649, -18.048614502, 14.7957715988, 13.1267967224], [-63.5368385315, 61.9428749084, 61.5844802856, 33.0424232483, 42.7004508972, 132.969360352, 69.6574935913, 40.1099624634, 26.978055954, 13.9891290665, 6.20436239243, 7.31914281845, 7.22592639923], [-103.157348633, 85.377532959, 82.4917068481, 14.3853855133, 26.6747226715, 69.6574935913, 145.565734863, 52.45753479, 25.3406085968, 26.2689914703, 29.1229972839, 25.7657089233, 3.91593122482], [-6.72970867157, 15.6605215073, 23.2238006592, 48.0124320984, 19.9240112305, 40.1099624634, 52.45753479, 71.7359771729, 39.5187034607, 11.8983650208, -0.0255389194936, 16.6207714081, 18.3011665344], [-66.8083724976, 31.1943588257, 1.01482176781, 10.9848012924, 56.2335090637, 26.978055954, 25.3406085968, 39.5187034607, 84.100692749, 30.6034183502, -8.58919715881, 16.3816356659, 25.1806201935], [-13.7415122986, 28.5193595886, 21.9509620667, 24.2676105499, 15.846124649, 13.9891290665, 26.2689914703, 11.8983650208, 30.6034183502, 69.8716201782, 47.258605957, 14.6585054398, 3.54105877876], [-39.8455200195, 35.1286506653, 37.2939147949, 15.4547681808, -18.048614502, 6.20436239243, 29.1229972839, -0.0255389194936, -8.58919715881, 47.258605957, 90.0893249512, 36.373840332, 3.81913995743], [-38.569770813, -6.65261888504, 7.98195075989, 10.7186412811, 14.7957715988, 7.31914281845, 25.7657089233, 16.6207714081, 16.3816356659, 14.6585054398, 36.373840332, 71.3354797363, 45.8712882996], [-63.1341133118, -19.5909347534, -45.9967842102, -3.03086352348, 13.1267967224, 7.22592639923, 3.91593122482, 18.3011665344, 25.1806201935, 3.54105877876, 3.81913995743, 45.8712882996, 87.9088363647]]
        icov: [[0.00127647886984, 0.00061374809593, 0.000535627710633, -0.00155578216072, -4.57331589132e-06, 0.000184441028978, 0.000114253125503, 6.65726765874e-05, 0.000951168185566, -0.000726649013814, 0.000933466712013, -0.000478318630485, 0.00121255975682], [0.00061374809593, 0.00392267247662, 0.000336154364049, 0.000830812205095, -0.00110337289516, -0.000722109049093, -0.00139530736487, -0.000116787348816, -0.00089467811631, 0.000730337924324, -0.00259836786427, 0.00203827372752, 0.00110623659566], [0.000535627710633, 0.000336154364049, 0.00433798739687, 5.21150032e-05, -0.00068506365642, -0.00110017263796, -0.00109784537926, -0.000995468115434, 0.00110524322372, -0.000366065214621, -0.000656082120258, -0.00150798156392, 0.00369356991723], [-0.00155578216072, 0.000830812205095, 5.21150032e-05, 0.00698707904667, -0.00315831811167, -0.000929463189095, 0.000874990713783, -0.00551129924133, 0.001995685976, -0.000654872041196, -0.00299657532014, 0.00110180594493, 2.37192671193e-06], [-4.57331589132e-06, -0.00110337289516, -0.00068506365642, -0.00315831811167, 0.0120679931715, -0.00201296061277, -0.00109175150283, 0.00639805244282, -0.00787874870002, -0.000590645649936, 0.00535648316145, -0.00410280143842, 0.000552319106646], [0.000184441028978, -0.000722109049093, -0.00110017263796, -0.000929463189095, -0.00201296061277, 0.0118857501075, -0.00360813713633, -0.00263584195636, 0.000268077827059, 0.000541605753824, -0.000383966427762, 0.00282023684122, -0.00215663295239], [0.000114253125503, -0.00139530736487, -0.00109784537926, 0.000874990713783, -0.00109175150283, -0.00360813713633, 0.0140497749671, -0.00895166769624, 0.00340823363513, -0.00264646532014, -0.000456331326859, -0.00379749992862, 0.00205591064878], [6.65726765874e-05, -0.000116787348816, -0.000995468115434, -0.00551129924133, 0.00639805244282, -0.00263584195636, -0.00895166769624, 0.0332379415631, -0.0159080009907, 0.00486095296219, 0.00232721213251, -0.00114870467223, -0.00308945938013], [0.000951168185566, -0.00089467811631, 0.00110524322372, 0.001995685976, -0.00787874870002, 0.000268077827059, 0.00340823363513, -0.0159080009907, 0.0347615145147, -0.0206102449447, 0.0138523485512, -0.00597032532096, -0.00116811832413], [-0.000726649013814, 0.000730337924324, -0.000366065214621, -0.000654872041196, -0.000590645649936, 0.000541605753824, -0.00264646532014, 0.00486095296219, -0.0206102449447, 0.0391384772956, -0.0265026651323, 0.0109888017178, -0.00167918321677], [0.000933466712013, -0.00259836786427, -0.000656082120258, -0.00299657532014, 0.00535648316145, -0.000383966427762, -0.000456331326859, 0.00232721213251, 0.0138523485512, -0.0265026651323, 0.0379784591496, -0.0207932572812, 0.0047120610252], [-0.000478318630485, 0.00203827372752, -0.00150798156392, 0.00110180594493, -0.00410280143842, 0.00282023684122, -0.00379749992862, -0.00114870467223, -0.00597032532096, 0.0109888017178, -0.0207932572812, 0.0366877987981, -0.0168242249638], [0.00121255975682, 0.00110623659566, 0.00369356991723, 2.37192671193e-06, 0.000552319106646, -0.00215663295239, 0.00205591064878, -0.00308945938013, -0.00116811832413, -0.00167918321677, 0.0047120610252, -0.0168242249638, 0.0240483433008]]
    spectral_contrast:
        mean: [-1.26213663521e-07, 1.12457740897e-07, 1.97544110847e-07, -5.97342975084e-08, -3.0632085668e-07, 2.51954084263e-08, -2.22653085302e-07, -3.0109333693e-06, -2.5364472549e-06, 1.62204844401e-06, 6.53472966405e-07, -2.62651110461e-06]
        var: [0.00019401901227, 0.00069097924279, 0.00140483351424, 0.00182313018013, 0.00379631202668, 0.00552621204406, 0.0401258282363, 0.074710547924, 0.124573051929, 0.176550865173, 0.402208536863, 1.27897882462]

rhythm:
    beats_loudness:
        dmean: 0.00209611374885
        dmean2: 0.00318605243228
        dvar: 2.20252309191e-06
        dvar2: 5.73969555262e-06
        max: 0.012643776834
        mean: 0.00683649722487
        min: 0.00211185542867
        var: 8.23379650683e-06
    beats_loudness_bass:
        dmean: 0.197758242488
        dmean2: 0.328303337097
        dvar: 0.0353206843138
        dvar2: 0.0871131122112
        max: 0.844678640366
        mean: 0.322015970945
        min: 0.0383394248784
        var: 0.0737392902374
    bpm: 82.7674789429
    bpm_confidence: 0
    first_peak_bpm: 83
    first_peak_spread: 0
    first_peak_weight: 0.916666686535
    onset_rate: 5.69720935822
    second_peak_bpm: 54
    second_peak_spread: 0
    second_peak_weight: 0.0833333358169
    beats_position: [0.68157851696, 1.40654277802, 2.13150715828, 2.85647153854, 3.58143591881, 4.30640029907, 5.03136444092, 6.1458773613, 6.87072563171, 7.59557294846, 8.32042121887, 9.04526805878, 9.77011585236]
    bpm_estimates: [82.8374023438, 82.7252349854, 82.7917861938, 82.832901001, 82.6643371582, 82.7178649902, 82.7397842407, 82.7783813477, 82.7767944336, 82.753288269, 82.7442474365, 82.7360458374, 82.9009246826, 82.7457733154]
    bpm_intervals: [0.724964261055, 0.724964380264, 0.724964380264, 0.724964380264, 0.724964380264, 0.724964141846, 1.11451292038, 0.724848270416, 0.724847316742, 0.724848270416, 0.724846839905, 0.724847793579]
    onset_times: [0.0464399084449, 0.139319732785, 0.232199549675, 0.325079351664, 0.49922901392, 0.673378705978, 0.975238084793, 1.04489791393, 1.24226760864, 1.40480720997, 1.59056687355, 1.764716506, 1.95047616959, 2.12462592125, 2.32199549675, 2.42648530006, 2.49614500999, 2.69351482391, 2.85605430603, 3.15791392326, 3.23918366432, 3.40172338486, 3.5758728981, 3.77324271202, 3.95900225639, 4.15637207031, 4.31891155243, 4.49306106567, 4.60916090012, 4.7020406723, 4.86458063126, 5.0387301445, 5.41024923325, 5.59600925446, 5.7701587677, 6.07201814651, 6.15328788757, 6.31582784653, 6.48997735977, 6.68734693527, 6.87310647964, 7.07047605515, 7.22140598297, 7.40716552734, 7.61614513397, 7.77868461609, 7.95283460617, 8.16181373596, 8.32435417175, 8.51011371613, 8.68426322937, 8.97451210022, 9.05578231812, 9.22993183136, 9.4040813446, 9.77560043335, 9.98458003998]
    rubato_start: []
    rubato_stop: []
    perceptual_tempo: "unknown"

sfx:
    inharmonicity:
        dmean: 0.0512576475739
        dmean2: 0.093065649271
        dvar: 0.00531574571505
        dvar2: 0.0145907523111
        max: 0.4003290236
        mean: 0.0477061793208
        min: 4.5167398639e-05
        var: 0.00469860201702
    oddtoevenharmonicenergyratio:
        dmean: 2.76698827744
        dmean2: 5.10700511932
        dvar: 149.101989746
        dvar2: 418.855926514
        max: 184.36605835
        mean: 1.78517329693
        min: 8.26145987958e-05
        var: 91.544090271
    pitch_after_max_to_before_max_energy_ratio: 8.51817989349
    pitch_centroid: 239.51663208
    pitch_max_to_total: 0.141531318426
    pitch_min_to_total: 0.835266828537
    tristimulus:
        dmean: [0.223741486669, 0.260078281164, 0.114194452763]
        dmean2: [0.390380531549, 0.457192420959, 0.200796559453]
        dvar: [0.0429520532489, 0.050036214292, 0.0149730080739]
        dvar2: [0.109139114618, 0.138111293316, 0.0430113375187]
        max: [0.96298545599, 0.962118685246, 0.589476048946]
        mean: [0.453098475933, 0.391106516123, 0.100701637566]
        min: [0.0159457363188, 0, 0]
        var: [0.0759341940284, 0.0711685195565, 0.015543888323]

tonal:
    chords_changes_rate: 0.0783410146832
    chords_number_rate: 0.0322580635548
    chords_strength:
        dmean: 0.00675020040944
        dmean2: 0.00798270106316
        dvar: 2.82335349766e-05
        dvar2: 3.95488568756e-05
        max: 0.566712796688
        mean: 0.380769193172
        min: 0.248155504465
        var: 0.00755592389032
    key_strength: 0.441544562578
    tuning_diatonic_strength: 0.401153683662
    tuning_equal_tempered_deviation: 0.0619377307594
    tuning_frequency: 433.942382812
    tuning_nontempered_energy_ratio: 0.644515395164
    hpcp:
        dmean: [0.121777281165, 0.1142449826, 0.13836824894, 0.148289889097, 0.111540667713, 0.0830520540476, 0.0791760832071, 0.0560588389635, 0.0436735115945, 0.0395996309817, 0.0481174848974, 0.130452990532, 0.180056735873, 0.095803655684, 0.0447624512017, 0.045835018158, 0.0485830642283, 0.115896321833, 0.188171565533, 0.138895988464, 0.110191144049, 0.135692164302, 0.123519167304, 0.11210809648, 0.150389403105, 0.105067387223, 0.091678366065, 0.133034706116, 0.109348103404, 0.0990146324039, 0.124939478934, 0.123112678528, 0.129278630018, 0.152459979057, 0.108782701194, 0.0871546193957]
        dmean2: [0.209750115871, 0.19766049087, 0.23261834681, 0.254879832268, 0.194967061281, 0.144054710865, 0.131472811103, 0.0950457975268, 0.0767222940922, 0.069658704102, 0.0850536823273, 0.224559620023, 0.305774599314, 0.155810624361, 0.0788504257798, 0.080540060997, 0.0825663805008, 0.199089959264, 0.32624989748, 0.237236142159, 0.175851404667, 0.24210691452, 0.224787011743, 0.193968251348, 0.258636891842, 0.180441498756, 0.157504826784, 0.225980728865, 0.173510044813, 0.172256067395, 0.203826531768, 0.216650679708, 0.213223606348, 0.249505221844, 0.183753371239, 0.159744754434]
        dvar: [0.0422155931592, 0.0392319373786, 0.0348085798323, 0.050118599087, 0.036502417177, 0.02254790999, 0.0162332728505, 0.0120898056775, 0.00983127206564, 0.0100560085848, 0.00610648142174, 0.0231822840869, 0.0386879444122, 0.00950600858778, 0.00605997955427, 0.00542964274064, 0.00470359204337, 0.0160917751491, 0.0402180105448, 0.0278911907226, 0.0286295730621, 0.0539005585015, 0.0442646741867, 0.0178360231221, 0.0321134589612, 0.0154330916703, 0.0180168878287, 0.0234687458724, 0.0176906753331, 0.0309761241078, 0.0348452664912, 0.0456596463919, 0.0308404993266, 0.0359023846686, 0.0216632839292, 0.025133440271]
        dvar2: [0.107712320983, 0.0918665453792, 0.0819641202688, 0.128424197435, 0.0939298123121, 0.0563707873225, 0.0454121381044, 0.0340781770647, 0.0279044713825, 0.0295094642788, 0.0165690928698, 0.0660222619772, 0.102142892778, 0.0253353584558, 0.0154793839902, 0.0139131043106, 0.0125623019412, 0.0450461618602, 0.0915994942188, 0.0635086521506, 0.0617006719112, 0.137585043907, 0.119795270264, 0.0456254966557, 0.0847679525614, 0.0372516326606, 0.0488100126386, 0.0641841515899, 0.0377554148436, 0.0721381530166, 0.0782666951418, 0.0967295095325, 0.0754343271255, 0.0839230418205, 0.0539644770324, 0.071025185287]
        max: [1, 1, 1, 1, 1, 1, 1, 1, 0.793926000595, 1, 0.624636828899, 1, 1, 0.601777851582, 0.393430769444, 0.361724853516, 0.398471057415, 0.983351349831, 1, 1, 1, 1, 1, 0.840177893639, 1, 1, 1, 1, 1, 1, 1, 1, 1, 1, 1, 1]
        mean: [0.180659681559, 0.239664852619, 0.203535988927, 0.172478809953, 0.106568478048, 0.0917081162333, 0.102781489491, 0.0652188882232, 0.0430111549795, 0.0436892397702, 0.0532782301307, 0.226460650563, 0.339064002037, 0.168537944555, 0.0436452701688, 0.0435851588845, 0.0618509612978, 0.231227457523, 0.393561452627, 0.276218533516, 0.168181523681, 0.175937965512, 0.117374703288, 0.163083791733, 0.25229498744, 0.153858944774, 0.119648501277, 0.217681378126, 0.235913097858, 0.168704986572, 0.146375641227, 0.167767167091, 0.210281252861, 0.241405010223, 0.141701325774, 0.0724985599518]
        min: [0.0010843295604, 0.00239046569914, 0.00641653686762, 0.00726764043793, 0.00291889626533, 0.000723106903024, 0.000891118426807, 0.00114490475971, 0.00151826930232, 0.0014328827383, 0.00196372927167, 0.0102084232494, 0.0153976725414, 0.0102207725868, 0.000863929977641, 0.000900364830159, 0.00119373830967, 0.0050077913329, 0.0124055584893, 0.00642319768667, 0.000597640464548, 0.000166933765286, 0.000276425504126, 0.00210346304812, 0.003014058806, 0.00237146555446, 0.00197516055778, 0.00223785662092, 0.00101141445339, 0.000670712033752, 0.000738139497116, 0.000908526242711, 0.00526608200744, 0.00744939781725, 0.00370893138461, 0.000942897924688]
        var: [0.0886067673564, 0.131112113595, 0.0598883032799, 0.0476041734219, 0.0285136029124, 0.0221910849214, 0.0275762286037, 0.0118483165279, 0.00628710025921, 0.00595662277192, 0.00485321274027, 0.035610422492, 0.0783830210567, 0.0189632121474, 0.00495261093602, 0.00467632059008, 0.0053740167059, 0.036499813199, 0.100964359939, 0.0835861191154, 0.0620064511895, 0.0832685232162, 0.0393436476588, 0.0275322012603, 0.0658191293478, 0.0259748678654, 0.0228249374777, 0.0566812567413, 0.0889652073383, 0.0808223336935, 0.0550985187292, 0.0925277620554, 0.0540995672345, 0.065649881959, 0.0273291673511, 0.0177157316357]
    chords_histogram: [5.99078321457, 15.6682024002, 18.8940086365, 9.21658992767, 0, 39.1705055237, 0, 0, 0.460829496384, 4.14746522903, 0, 0, 0, 0, 0, 0, 0, 0, 0, 0, 0, 0, 6.45161294937, 0]
    thpcp: [1, 0.701843440533, 0.427332311869, 0.447040647268, 0.298237293959, 0.414379477501, 0.641056120396, 0.390940070152, 0.304014801979, 0.553106427193, 0.599431395531, 0.428662359715, 0.371925771236, 0.426279455423, 0.534303486347, 0.613385796547, 0.360048800707, 0.184211537242, 0.459038048983, 0.608964264393, 0.517164468765, 0.438251286745, 0.270779758692, 0.233021080494, 0.261157423258, 0.165714621544, 0.109287008643, 0.111009955406, 0.135374620557, 0.575413703918, 0.861527442932, 0.428237944841, 0.11089823395, 0.110745497048, 0.157157063484, 0.58752566576]
    chords_key: "C#"
    chords_scale: "major"
    key_key: "G#"
    key_scale: "minor"
    chords_progression: ["C#", "C#", "C#", "C#", "C#", "C#", "C#", "C#", "C#", "C#", "C#", "C#", "C#", "C#", "C#", "C#", "C#", "C#", "C#", "C#", "C#", "C#", "C#", "C#", "C#", "C#", "C#", "C#", "C#", "C#", "C#", "C#", "C#", "C#", "C#", "C#", "C#", "C#", "C#", "C#", "C#", "C#", "C#", "C#", "C#", "C#", "C#", "C#", "C#", "C#", "C#", "C#", "C#", "C#", "C#", "C#", "C#", "C#", "C#", "C#", "C#", "C#", "C#", "C#", "C#", "C#", "C#", "C#", "C#", "C#", "C#", "C#", "C#", "C#", "D#m", "D#m", "D#m", "D#m", "D#m", "D#m", "D#m", "D#m", "C#", "C#", "C#", "D#m", "D#m", "D#m", "D#m", "D#m", "D#m", "D#m", "D#m", "D#m", "D#m", "D#m", "D#m", "D#m", "D#m", "D#m", "D#m", "D#m", "D#m", "D#m", "D#m", "D#m", "G#m", "G#m", "D#m", "D#m", "G#m", "G#m", "G#m", "G#m", "Cm", "C#", "C#", "C#", "C#", "C#m", "G#m", "C#", "C#", "C#", "C#", "C#m", "C#m", "C#m", "C#m", "C#m", "C#m", "C#m", "C#m", "C#m", "C#m", "C#m", "C#m", "C#m", "G#m", "G#m", "G#m", "G#m", "G#m", "G#m", "D#", "D#", "D#", "D#", "D#", "D#", "D#", "D#", "D#", "B", "B", "B", "B", "B", "B", "B", "B", "B", "B", "B", "B", "B", "B", "B", "B", "B", "B", "B", "B", "B", "B", "B", "B", "B", "B", "B", "B", "B", "B", "B", "B", "B", "B", "D#m", "D#m", "D#m", "D#m", "D#m", "D#m", "D#m", "D#m", "D#m", "D#m", "F#", "F#", "F#", "F#", "F#", "F#", "F#", "F#", "F#", "F#", "F#", "F#", "F#", "F#", "F#", "F#", "F#", "F#", "F#", "F#"]
