
metadata:
    version:
        essentia: "1.2.2"
    audio_properties:
        analysis_sample_rate: 44100
        bitrate: 128
        channels: 2
        equal_loudness: 1
        length: 10.0571432114
        replay_gain: -11.984960556
        downmix: "mix"
    tags:
        track: 46
        year: 0
        album: "Splitted by Mp3Splt v. 2.1"
        artist: "From 007.30 To 007.40"
        comment: "http://mp3splt.sf.net"
        genre: ""
        title: "04 Special Names.mp3"

highlevel:
    ballroom:
        all:
            ChaChaCha: 0.540228426456
            Jive: 0.110183753073
            Quickstep: 0.0874119251966
            Rumba-American: 0.001865846687
            Rumba-International: 0.0233717542142
            Rumba-Misc: 0.00456492463127
            Samba: 0.229615554214
            Tango: 0.00128102116287
            VienneseWaltz: 0.000593965232838
            Waltz: 0.000882831460331
        probability: 0.540228426456
        value: "ChaChaCha"
    culture:
        all:
            non_western: 0.783698856831
            western: 0.216301143169
        probability: 0.783698856831
        value: "non_western"
    gender:
        all:
            female: 0.602515518665
            male: 0.397484481335
        probability: 0.602515518665
        value: "female"
    genre_dortmund:
        all:
            alternative: 0.00583147909492
            blues: 0.00127622880973
            electronic: 0.866936206818
            folkcountry: 0.00082846818259
            funksoulrnb: 0.00209433562122
            jazz: 0.0476982295513
            pop: 0.00213797483593
            raphiphop: 0.0684199109674
            rock: 0.00477718701586
        probability: 0.866936206818
        value: "electronic"
    genre_electronica:
        all:
            ambient: 0.375862240791
            dnb: 0.175861686468
            house: 0.20641964674
            techno: 0.197215989232
            trance: 0.044640455395
        probability: 0.375862240791
        value: "ambient"
    genre_rosamerica:
        all:
            cla: 0.0220496412367
            dan: 0.0988306477666
            hip: 0.701763033867
            jaz: 0.034457359463
            pop: 0.0206064563245
            rhy: 0.0966987460852
            roc: 0.0140863377601
            spe: 0.011507791467
        probability: 0.701763033867
        value: "hip"
    genre_tzanetakis:
        all:
            blu: 0.0148338228464
            cla: 0.0345269292593
            cou: 0.00778510468081
            dis: 0.027984296903
            hip: 0.0336235761642
            jaz: 0.0163566116244
            met: 0.0101105086505
            pop: 0.0833112373948
            reg: 0.752594709396
            roc: 0.0188731923699
        probability: 0.752594709396
        value: "reg"
    live_studio:
        all:
            live: 0.225698307157
            studio: 0.774301707745
        probability: 0.774301707745
        value: "studio"
    mood:
        all:
            Cluster1: 0.167081862688
            Cluster2: 0.309619039297
            Cluster3: 0.205408081412
            Cluster4: 0.0801255553961
            Cluster5: 0.237765446305
        probability: 0.309619039297
        value: "Cluster2"
    mood_acoustic:
        all:
            acoustic: 0.0448865890503
            not_acoustic: 0.95511341095
        probability: 0.95511341095
        value: "not_acoustic"
    mood_aggressive:
        all:
            aggressive: 0.232476890087
            not_aggressive: 0.767523109913
        probability: 0.767523109913
        value: "not_aggressive"
    mood_electronic:
        all:
            electronic: 0.94681096077
            not_electronic: 0.0531890541315
        probability: 0.94681096077
        value: "electronic"
    mood_happy:
        all:
            happy: 0.0864181444049
            not_happy: 0.913581848145
        probability: 0.913581848145
        value: "not_happy"
    mood_party:
        all:
            not_party: 0.0947672948241
            party: 0.905232727528
        probability: 0.905232727528
        value: "party"
    mood_relaxed:
        all:
            not_relaxed: 0.475280791521
            relaxed: 0.524719178677
        probability: 0.524719178677
        value: "relaxed"
    mood_sad:
        all:
            not_sad: 0.965226054192
            sad: 0.0347739569843
        probability: 0.965226054192
        value: "not_sad"
    rhythm:
        all:
            fast: 0.416314154863
            medium: 0.487715750933
            slow: 0.0959701016545
        probability: 0.487715750933
        value: "medium"
    speech_music:
        all:
            music: 0.994126796722
            speech: 0.00587318278849
        probability: 0.994126796722
        value: "music"
    timbre:
        all:
            bright: 0.146115288138
            dark: 0.85388469696
        probability: 0.85388469696
        value: "dark"
    voice_instrumental:
        all:
            instrumental: 0.407465487719
            voice: 0.592534482479
        probability: 0.592534482479
        value: "voice"

lowlevel:
    average_loudness: 0.980061173439
    barkbands_kurtosis:
        dmean: 3.28321504593
        dmean2: 5.0642156601
        dvar: 28.0860443115
        dvar2: 66.4895324707
        max: 62.4343109131
        mean: 3.13385820389
        min: -1.89136183262
        var: 36.9432144165
    barkbands_skewness:
        dmean: 0.767190873623
        dmean2: 1.07077825069
        dvar: 0.73215597868
        dvar2: 1.33750927448
        max: 2.7617213726
        mean: -0.475043147802
        min: -5.98571491241
        var: 2.57771110535
    barkbands_spread:
        dmean: 9.49586486816
        dmean2: 14.4494981766
        dvar: 128.112854004
        dvar2: 254.712249756
        max: 74.9901504517
        mean: 26.1557483673
        min: 1.16589856148
        var: 413.176727295
    dissonance:
        dmean: 0.0206536576152
        dmean2: 0.0361045226455
        dvar: 0.000647832115646
        dvar2: 0.00182408897672
        max: 0.499999970198
        mean: 0.472011715174
        min: 0.296907365322
        var: 0.000826837436762
    hfc:
        dmean: 4.37612962723
        dmean2: 6.4242939949
        dvar: 147.692718506
        dvar2: 316.462097168
        max: 72.0791854858
        mean: 4.22688436508
        min: 0.00390649866313
        var: 162.586288452
    pitch:
        dmean: 856.084594727
        dmean2: 1596.08312988
        dvar: 1666703.5
        dvar2: 3679860.25
        max: 4900
        mean: 1797.96887207
        min: 62.820514679
        var: 2901964.5
    pitch_instantaneous_confidence:
        dmean: 0.0949091091752
        dmean2: 0.149474337697
        dvar: 0.0107485959306
        dvar2: 0.0193511266261
        max: 0.978313684464
        mean: 0.432774662971
        min: 0.132122755051
        var: 0.0484688356519
    pitch_salience:
        dmean: 0.0857345312834
        dmean2: 0.135597571731
        dvar: 0.0108707537875
        dvar2: 0.022596206516
        max: 0.88356679678
        mean: 0.548675060272
        min: 0.109368100762
        var: 0.0332830250263
    silence_rate_20dB:
        dmean: 0
        dmean2: 0
        dvar: 0
        dvar2: 0
        max: 1
        mean: 1
        min: 1
        var: 0
    silence_rate_30dB:
        dmean: 0
        dmean2: 0
        dvar: 0
        dvar2: 0
        max: 1
        mean: 1
        min: 1
        var: 0
    silence_rate_60dB:
        dmean: 0.0625
        dmean2: 0.125301212072
        dvar: 0.05859375
        dvar2: 0.10960137099
        max: 1
        mean: 0.899280548096
        min: 0
        var: 0.0905750915408
    spectral_centroid:
        dmean: 464.48236084
        dmean2: 682.294799805
        dvar: 384788.8125
        dvar2: 605133.625
        max: 4637.64453125
        mean: 2093.296875
        min: 278.463043213
        var: 1623631
    spectral_complexity:
        dmean: 2.88888883591
        dmean2: 4.31139230728
        dvar: 48.6240921021
        dvar2: 78.6801223755
        max: 41
        mean: 3.61712837219
        min: 0
        var: 73.6873092651
    spectral_crest:
        dmean: 2.75018906593
        dmean2: 4.40148830414
        dvar: 10.4505243301
        dvar2: 21.7702503204
        max: 26.3195209503
        mean: 11.5260314941
        min: 2.87869739532
        var: 39.4748382568
    spectral_decrease:
        dmean: 2.1504198422e-10
        dmean2: 3.14756720687e-10
        dvar: 3.20056987759e-19
        dvar2: 6.99093866048e-19
        max: -2.38687569059e-13
        mean: -2.51974857646e-10
        min: -3.44256312346e-09
        var: 3.51148122046e-19
    spectral_energy:
        dmean: 0.00120495876763
        dmean2: 0.00176442740485
        dvar: 1.04798991742e-05
        dvar2: 2.27443615586e-05
        max: 0.0195308215916
        mean: 0.00133440282661
        min: 1.40463134812e-06
        var: 1.14857703011e-05
    spectral_energyband_high:
        dmean: 0.000451759551652
        dmean2: 0.000647646782454
        dvar: 1.51908000134e-06
        dvar2: 3.23199151353e-06
        max: 0.00741234747693
        mean: 0.000441215961473
        min: 2.64234323311e-09
        var: 1.74553690613e-06
    spectral_energyband_low:
        dmean: 3.56369164365e-05
        dmean2: 5.12054175488e-05
        dvar: 6.26823970507e-09
        dvar2: 1.15084546337e-08
        max: 0.000534292601515
        mean: 0.000122212513816
        min: 3.19441070817e-11
        var: 1.90460642813e-08
    spectral_energyband_middle_high:
        dmean: 0.000658447097521
        dmean2: 0.000980931799859
        dvar: 3.44737918567e-06
        dvar2: 7.47748799768e-06
        max: 0.0109300659969
        mean: 0.000632408075035
        min: 7.75970647737e-07
        var: 3.64536776942e-06
    spectral_energyband_middle_low:
        dmean: 0.000106503503048
        dmean2: 0.000179772774572
        dvar: 4.17768610816e-08
        dvar2: 1.0717631227e-07
        max: 0.00140820664819
        mean: 0.000138559262268
        min: 1.71674674476e-08
        var: 4.6756554184e-08
    spectral_flatness_db:
        dmean: 0.0307367257774
        dmean2: 0.0464766770601
        dvar: 0.000813001184724
        dvar2: 0.0017288235249
        max: 0.377014994621
        mean: 0.190938994288
        min: 0.0894802883267
        var: 0.00365654285997
    spectral_flux:
        dmean: 0.00955301895738
        dmean2: 0.0142312673852
        dvar: 0.000329795613652
        dvar2: 0.00069552770583
        max: 0.129206806421
        mean: 0.0184643566608
        min: 0.000344995816704
        var: 0.000608811969869
    spectral_kurtosis:
        dmean: 2.11109423637
        dmean2: 3.39937353134
        dvar: 13.3211202621
        dvar2: 30.9257926941
        max: 31.9956016541
        mean: 3.15807127953
        min: -0.769785642624
        var: 21.6465759277
    spectral_rms:
        dmean: 0.000329986243742
        dmean2: 0.000437548296759
        dvar: 3.98382724143e-07
        dvar2: 7.28907650682e-07
        max: 0.00436514150351
        mean: 0.000766486919019
        min: 3.70185371139e-05
        var: 7.14353802778e-07
    spectral_rolloff:
        dmean: 811.137695312
        dmean2: 1355.33740234
        dvar: 1237000.75
        dvar2: 2392163.25
        max: 5878.56445312
        mean: 3284.81665039
        min: 172.265625
        var: 3432394.75
    spectral_skewness:
        dmean: 0.344751924276
        dmean2: 0.524894416332
        dvar: 0.207759678364
        dvar2: 0.400795191526
        max: 4.63540029526
        mean: 1.17528796196
        min: 0.195625081658
        var: 0.568414628506
    spectral_spread:
        dmean: 904724.1875
        dmean2: 1425375.125
        dvar: 1.13620628275e+12
        dvar2: 2.22562982298e+12
        max: 11007734
        mean: 5245896.5
        min: 1931390.125
        var: 3.99120846029e+12
    spectral_strongpeak:
        dmean: 0.32526782155
        dmean2: 0.519559621811
        dvar: 0.642118692398
        dvar2: 1.37284874916
        max: 4.91561555862
        mean: 0.365689605474
        min: 0.00695489253849
        var: 0.701675534248
    zerocrossingrate:
        dmean: 0.0171206686646
        dmean2: 0.0183111652732
        dvar: 0.00031399197178
        dvar2: 0.000313759344863
        max: 0.21826171875
        mean: 0.106045588851
        min: 0.02197265625
        var: 0.00274394568987
    barkbands:
        dmean: [3.0144016705e-07, 1.89593629329e-05, 1.88259182323e-05, 8.14884060674e-06, 2.80293734249e-05, 1.83570136869e-05, 1.79518065124e-05, 2.43786544161e-05, 2.86341619358e-05, 1.521809736e-05, 6.08139453107e-06, 3.03526780954e-06, 2.76987998404e-06, 3.52146412297e-06, 2.69331121672e-05, 7.11626562406e-05, 7.20278258086e-05, 0.000125571648823, 0.000250557146501, 0.000204131181818, 0.000196044304175, 0.000144635952893, 2.44036527874e-05, 6.90794740876e-06, 1.14940792173e-06, 2.04746406496e-08, 5.85975643008e-11]
        dmean2: [4.59456373392e-07, 2.98439717881e-05, 2.61822406173e-05, 1.4088925127e-05, 4.93746774737e-05, 2.96311554848e-05, 2.96859325317e-05, 4.24848549301e-05, 4.68085709144e-05, 2.47754396696e-05, 9.61396017374e-06, 5.27867314304e-06, 4.791894753e-06, 5.62347759114e-06, 4.08838568546e-05, 0.000118063202535, 0.000105725681351, 0.000194329186343, 0.00038505991688, 0.000300293992041, 0.000278789812, 0.000226990392548, 3.89752894989e-05, 1.04471782834e-05, 1.55995803652e-06, 2.82521224193e-08, 1.04429964676e-10]
        dvar: [3.90103856336e-13, 1.77145209612e-09, 2.53208454204e-09, 4.31159247194e-10, 4.5147401373e-09, 1.34932165441e-09, 8.20934875634e-10, 3.56078411201e-09, 5.26431076509e-09, 7.36429806025e-10, 1.6557252791e-10, 4.31929075839e-11, 5.56522466999e-11, 6.80321354807e-11, 3.19965920426e-09, 5.20706890939e-08, 4.30022275566e-08, 1.39749786854e-07, 5.24333188423e-07, 3.24005497987e-07, 2.88626779366e-07, 1.75868066776e-07, 4.36384439695e-09, 3.06310421472e-10, 7.77465591906e-12, 2.78261355777e-15, 2.90779963954e-20]
        dvar2: [6.60509678636e-13, 3.41497252698e-09, 4.43447500942e-09, 1.13364828636e-09, 1.23594334767e-08, 3.19908033397e-09, 2.17214757292e-09, 9.69866764677e-09, 1.31499682254e-08, 1.87088722292e-09, 3.8009903558e-10, 1.19491500028e-10, 1.47784395832e-10, 1.3822487599e-10, 7.76196262819e-09, 1.34529088314e-07, 9.24580589867e-08, 3.48356536506e-07, 1.10863936698e-06, 6.55932126392e-07, 5.6882777244e-07, 4.42013714519e-07, 1.07463158372e-08, 6.34056251947e-10, 1.45808521507e-11, 5.78779561035e-15, 6.40809647338e-20]
        max: [6.16686338617e-06, 0.000346256885678, 0.000370946683688, 0.000135845388286, 0.000405875383876, 0.000452076812508, 0.000176767731318, 0.00037391774822, 0.000519551394973, 0.000191921237274, 0.000140275951708, 4.85120144731e-05, 4.72614483442e-05, 5.75457197556e-05, 0.000374772469513, 0.00161461136304, 0.00139588525053, 0.0026577853132, 0.00416054110974, 0.00342490477487, 0.00342751014978, 0.00241677719168, 0.000370707421098, 0.000101637502667, 1.73455264303e-05, 3.75044891143e-07, 2.20160334408e-09]
        mean: [1.43667580232e-06, 0.000100786266557, 1.99960486498e-05, 9.32909097173e-06, 2.19037701754e-05, 2.62370267592e-05, 2.32613929256e-05, 2.78071929642e-05, 2.8031603506e-05, 2.08935471164e-05, 6.68234224577e-06, 2.93158268505e-06, 2.45886985795e-06, 3.65264077118e-06, 3.5771932744e-05, 5.29624303454e-05, 7.10023450665e-05, 0.00011181490845, 0.000222253860557, 0.000195980828721, 0.000198486231966, 0.000118979878607, 2.24097530008e-05, 7.88104443927e-06, 1.42963597227e-06, 2.24900720269e-08, 4.78988758379e-11]
        min: [7.59538645086e-14, 4.39037781824e-12, 2.40798006534e-11, 2.88325526648e-11, 5.86577453277e-10, 4.14039025287e-10, 7.17354453617e-10, 5.25420107422e-09, 1.21276277909e-09, 8.77547645661e-10, 5.99437277593e-10, 9.40485689327e-10, 5.88018467251e-10, 1.39846845215e-09, 1.37009008583e-08, 1.22405374725e-08, 8.27801471814e-09, 6.23161922064e-09, 3.26501070624e-09, 1.34132784879e-08, 1.01088726279e-09, 7.37298777587e-10, 1.24335278184e-10, 4.50701108379e-11, 2.1958825383e-11, 7.30359132547e-13, 7.67486071474e-16]
        var: [3.692370628e-12, 1.42213094634e-08, 3.60060914417e-09, 3.4611846722e-10, 2.89654566998e-09, 2.38284436627e-09, 1.19514043107e-09, 3.35349303882e-09, 4.83297135645e-09, 1.10996511982e-09, 1.95459121111e-10, 3.38785249854e-11, 4.16605604181e-11, 7.98324115148e-11, 3.4094957968e-09, 3.94253412139e-08, 4.65681893047e-08, 1.27066627442e-07, 5.51214441202e-07, 3.73778931362e-07, 3.63243145785e-07, 1.50999596826e-07, 3.98736643703e-09, 3.668906845e-10, 1.11877417053e-11, 3.45576800513e-15, 2.6852370022e-20]
    mfcc:
        mean: [-886.869873047, 66.4315261841, -28.6939373016, 53.5146751404, -16.6792182922, -2.21948385239, -20.5089530945, 5.83845949173, 16.1262226105, 10.0738372803, -5.84459209442, -4.32072210312, 6.57813119888]
        cov: [[19453.0449219, -941.731628418, 1839.40515137, 337.806610107, -824.159851074, -273.906616211, 803.744140625, 910.467224121, -424.489593506, -456.168243408, 380.637817383, 392.130493164, -383.768890381], [-941.731628418, 5121.98632812, 488.745178223, -11.9191846848, 558.054748535, 396.643493652, 188.67565918, 186.443618774, 415.234130859, 370.254821777, 161.244384766, 180.610443115, 416.881103516], [1839.40515137, 488.745178223, 1122.36572266, 298.16519165, 314.924224854, 335.659088135, 239.232818604, 215.680450439, 47.9879760742, 86.5499343872, 100.603477478, 101.527267456, 60.5223617554], [337.806610107, -11.9191846848, 298.16519165, 389.999053955, 226.226318359, 207.150634766, 45.9516410828, 29.6378803253, 42.757610321, 46.5302009583, 25.5130805969, 12.1024894714, 14.5203361511], [-824.159851074, 558.054748535, 314.924224854, 226.226318359, 454.480316162, 274.368621826, 31.2799777985, 15.1249952316, 116.436080933, 144.533508301, 25.3686599731, 40.435382843, 106.869819641], [-273.906616211, 396.643493652, 335.659088135, 207.150634766, 274.368621826, 283.760955811, 78.5874023438, 51.66664505, 78.3041000366, 88.2611160278, 33.8036575317, 25.8501281738, 64.7089385986], [803.744140625, 188.67565918, 239.232818604, 45.9516410828, 31.2799777985, 78.5874023438, 151.947433472, 111.16897583, -13.0538320541, -3.45582532883, 52.9178314209, 50.7907447815, -3.0779542923], [910.467224121, 186.443618774, 215.680450439, 29.6378803253, 15.1249952316, 51.66664505, 111.16897583, 155.643875122, 13.7924537659, -3.8455619812, 58.7287330627, 72.974571228, 7.53496742249], [-424.489593506, 415.234130859, 47.9879760742, 42.757610321, 116.436080933, 78.3041000366, -13.0538320541, 13.7924537659, 108.794662476, 74.8692703247, 13.2140188217, 12.3453617096, 62.2755203247], [-456.168243408, 370.254821777, 86.5499343872, 46.5302009583, 144.533508301, 88.2611160278, -3.45582532883, -3.8455619812, 74.8692703247, 112.901649475, 23.4801979065, 17.8918190002, 66.0974121094], [380.637817383, 161.244384766, 100.603477478, 25.5130805969, 25.3686599731, 33.8036575317, 52.9178314209, 58.7287330627, 13.2140188217, 23.4801979065, 63.6865119934, 49.8411903381, 17.8719444275], [392.130493164, 180.610443115, 101.527267456, 12.1024894714, 40.435382843, 25.8501281738, 50.7907447815, 72.974571228, 12.3453617096, 17.8918190002, 49.8411903381, 82.2297439575, 33.036693573], [-383.768890381, 416.881103516, 60.5223617554, 14.5203361511, 106.869819641, 64.7089385986, -3.0779542923, 7.53496742249, 62.2755203247, 66.0974121094, 17.8719444275, 33.036693573, 85.4220046997]]
        icov: [[0.000126020939206, -2.247392149e-05, -0.000223159178859, -0.000254608574323, 0.000236015228438, 0.000372472364688, -9.55913128564e-05, -0.000296556478133, 9.67799496721e-05, 7.01749522705e-05, -0.000143964003655, -0.000217345223064, 0.000311839947244], [-2.247392149e-05, 0.000425226113293, 5.97519829171e-05, 0.000284303649096, -0.000141064432682, 9.11529496079e-05, -0.000923112325836, 0.000176159082912, -0.00101880019065, 4.43050521426e-05, -0.000244286609814, 0.000456451933132, -0.00162517244462], [-0.000223159178859, 5.97519829171e-05, 0.00246176426299, -0.000133528432343, -0.000832061923575, -0.00161759508774, -0.00105711095966, -0.00157058110926, 0.00128183607012, -0.00103117153049, 0.000421035249019, 0.00119014515076, -0.00133385590743], [-0.000254608574323, 0.000284303649096, -0.000133528432343, 0.00577961932868, -0.00192976556718, -0.00373206380755, 0.00125644973014, 0.00144163880032, -0.00150824512821, 0.00135407410562, -0.00183560396545, 0.000166642406839, 0.00211175554432], [0.000236015228438, -0.000141064432682, -0.000832061923575, -0.00192976556718, 0.00888887606561, -0.00468261726201, 0.000451221072581, 0.00173497549258, -0.000643738836516, -0.00449483748525, 0.00431201746687, -0.00586955435574, 0.000271181750577], [0.000372472364688, 9.11529496079e-05, -0.00161759508774, -0.00373206380755, -0.00468261726201, 0.0159788839519, -0.00640733866021, -0.00125692493748, -0.0024242408108, 0.000573624682147, -0.00162547407672, 0.00571533013135, -0.00390381133184], [-9.55913128564e-05, -0.000923112325836, -0.00105711095966, 0.00125644973014, 0.000451221072581, -0.00640733866021, 0.0236040018499, -0.0112455347553, 0.00963342748582, -0.000490053149406, -0.00603661034256, 0.00113840354607, 0.00492140464485], [-0.000296556478133, 0.000176159082912, -0.00157058110926, 0.00144163880032, 0.00173497549258, -0.00125692493748, -0.0112455347553, 0.0269473902881, -0.0130068035796, 0.00625035306439, -0.00132676621433, -0.015526435338, 0.00560347177088], [9.67799496721e-05, -0.00101880019065, 0.00128183607012, -0.00150824512821, -0.000643738836516, -0.0024242408108, 0.00963342748582, -0.0130068035796, 0.0292161460966, -0.0101482514292, -0.000584867899306, 0.00834015663713, -0.00765906181186], [7.01749522705e-05, 4.43050521426e-05, -0.00103117153049, 0.00135407410562, -0.00449483748525, 0.000573624682147, -0.000490053149406, 0.00625035306439, -0.0101482514292, 0.0279625765979, -0.0117942523211, 0.00313505041413, -0.00776385609061], [-0.000143964003655, -0.000244286609814, 0.000421035249019, -0.00183560396545, 0.00431201746687, -0.00162547407672, -0.00603661034256, -0.00132676621433, -0.000584867899306, -0.0117942523211, 0.0415776744485, -0.0202831309289, 0.00499335257336], [-0.000217345223064, 0.000456451933132, 0.00119014515076, 0.000166642406839, -0.00586955435574, 0.00571533013135, 0.00113840354607, -0.015526435338, 0.00834015663713, 0.00313505041413, -0.0202831309289, 0.0435680113733, -0.0207634624094], [0.000311839947244, -0.00162517244462, -0.00133385590743, 0.00211175554432, 0.000271181750577, -0.00390381133184, 0.00492140464485, 0.00560347177088, -0.00765906181186, -0.00776385609061, 0.00499335257336, -0.0207634624094, 0.0425025969744]]
    spectral_contrast:
        mean: [-2.16226354155e-07, 5.27123873439e-08, 4.93080165143e-07, 4.30496243098e-07, 2.51199054446e-07, -6.11810904161e-08, -3.06288302454e-06, -7.70581436882e-07, 2.68686335403e-06, -1.49116704051e-06, -9.25148185615e-07, 2.87423495138e-06]
        var: [0.000325106288074, 0.000553418823984, 0.000678571057506, 0.00136359466705, 0.00261095911264, 0.0057655358687, 0.0491229556501, 0.110062465072, 0.164037108421, 0.837430000305, 2.58128428459, 10.5446157455]

rhythm:
    beats_loudness:
        dmean: 0.0100587755442
        dmean2: 0.0198612120003
        dvar: 1.8052471205e-05
        dvar2: 5.68756477151e-05
        max: 0.0128823835403
        mean: 0.00534039270133
        min: 4.82641371491e-05
        var: 3.45046464645e-05
    beats_loudness_bass:
        dmean: 0.221062675118
        dmean2: 0.372192025185
        dvar: 0.0394064262509
        dvar2: 0.0817283689976
        max: 0.685471773148
        mean: 0.145030468702
        min: 1.21330458569e-05
        var: 0.043586153537
    bpm: 85.4333877563
    bpm_confidence: 0
    first_peak_bpm: 85
    first_peak_spread: 0.0769230723381
    first_peak_weight: 0.923076927662
    onset_rate: 4.17613601685
    second_peak_bpm: 0
    second_peak_spread: 0
    second_peak_weight: 0
    beats_position: [0.555529952049, 1.25801944733, 1.96050906181, 2.6629986763, 3.36548829079, 4.06797742844, 4.7704668045, 5.47295618057, 6.20397377014, 6.90606832504, 7.60816383362, 8.31025886536, 9.01235389709, 9.71444892883]
    bpm_estimates: [85.4446105957, 85.4020843506, 85.4299240112, 85.4503707886, 85.3879852295, 85.399848938, 85.4073486328, 85.3998718262, 85.3992385864, 85.3872146606, 85.4072647095, 85.5054397583, 85.4513549805, 85.4824142456, 85.4368133545, 85.4638748169, 85.4517288208, 85.4491729736, 85.4458847046, 85.4664459229, 85.4320220947]
    bpm_intervals: [0.702489495277, 0.702489614487, 0.702489614487, 0.702489614487, 0.70248913765, 0.702489376068, 0.702489376068, 0.731017589569, 0.702094554901, 0.702095508575, 0.702095031738, 0.702095031738, 0.702095031738]
    onset_times: [0.197369620204, 0.545668959618, 0.731428563595, 1.06811785698, 1.26548755169, 1.43963718414, 1.6137868166, 1.96208620071, 2.14784574509, 2.48453521729, 2.67029476166, 3.03020405769, 3.36689352989, 3.56426310539, 3.69197273254, 3.79646253586, 3.88934230804, 4.08671188354, 4.26086187363, 4.43501138687, 4.79492044449, 4.96907043457, 5.31736946106, 5.50312948227, 5.85142850876, 6.19972801208, 6.38548755646, 6.51319742203, 6.72217702866, 7.08208608627, 7.26784563065, 7.60453510284, 7.79029464722, 8.13859367371, 8.32435417175, 8.67265319824, 9.02095222473, 9.2067117691, 9.32281208038, 9.52018165588, 9.74077129364, 9.91492080688]
    rubato_start: []
    rubato_stop: []
    perceptual_tempo: "unknown"

sfx:
    inharmonicity:
        dmean: 0.0678713321686
        dmean2: 0.121684834361
        dvar: 0.00634102569893
        dvar2: 0.0179977770895
        max: 0.46444684267
        mean: 0.0661134049296
        min: 7.82864754001e-06
        var: 0.00622031185776
    oddtoevenharmonicenergyratio:
        dmean: 52.1563720703
        dmean2: 99.9141311646
        dvar: 84764.9921875
        dvar2: 242254.71875
        max: 3498.5
        mean: 28.6487541199
        min: 0.000106683997728
        var: 48566.1210938
    pitch_after_max_to_before_max_energy_ratio: 6.86376571655
    pitch_centroid: 193.734939575
    pitch_max_to_total: 0.15113350749
    pitch_min_to_total: 0.0906801000237
    tristimulus:
        dmean: [0.213655143976, 0.317100673914, 0.161619141698]
        dmean2: [0.367999643087, 0.550156891346, 0.291557192802]
        dvar: [0.0403075516224, 0.0544008277357, 0.0287953931838]
        dvar2: [0.105345234275, 0.149013593793, 0.0786758065224]
        max: [0.956749856472, 0.995410740376, 0.813955485821]
        mean: [0.31419506669, 0.462730228901, 0.158744364977]
        min: [0.00356668257155, 0, 0]
        var: [0.0738356634974, 0.0809971243143, 0.0357267521322]

tonal:
    chords_changes_rate: 0.141463413835
    chords_number_rate: 0.0390243902802
    chords_strength:
        dmean: 0.0111323241144
        dmean2: 0.0135331908241
        dvar: 7.49713362893e-05
        dvar2: 0.000133295761771
        max: 0.511964917183
        mean: 0.405784666538
        min: 0.277612835169
        var: 0.0031316394452
    key_strength: 0.30413249135
    tuning_diatonic_strength: 0.385660260916
    tuning_equal_tempered_deviation: 0.209130778909
    tuning_frequency: 434.695007324
    tuning_nontempered_energy_ratio: 0.880169332027
    hpcp:
        dmean: [0.203494086862, 0.171162694693, 0.172454893589, 0.190522700548, 0.144316643476, 0.190310105681, 0.209767788649, 0.164640516043, 0.136033609509, 0.139092087746, 0.156918913126, 0.17284438014, 0.175509214401, 0.164405331016, 0.164424225688, 0.164240568876, 0.143338501453, 0.127576366067, 0.11767655611, 0.0953622311354, 0.0738815069199, 0.0592563934624, 0.0735986977816, 0.0828706920147, 0.0792024284601, 0.0688135325909, 0.0764216780663, 0.0976448431611, 0.113153859973, 0.137724414468, 0.150818362832, 0.108266606927, 0.11453345418, 0.160194694996, 0.208671629429, 0.24239204824]
        dmean2: [0.327208340168, 0.280775636435, 0.297299772501, 0.314308643341, 0.229982867837, 0.313740938902, 0.351800113916, 0.253743380308, 0.211738422513, 0.23033747077, 0.274266600609, 0.290411144495, 0.291949689388, 0.267355024815, 0.255415529013, 0.271953493357, 0.228857263923, 0.201899170876, 0.177106305957, 0.143878310919, 0.119613997638, 0.0998525694013, 0.127074852586, 0.13591055572, 0.13316732645, 0.104740403593, 0.12679259479, 0.159253239632, 0.185657069087, 0.225970879197, 0.269150227308, 0.184922620654, 0.178220853209, 0.269086509943, 0.333169847727, 0.390744805336]
        dvar: [0.0558306500316, 0.0378601141274, 0.0391783677042, 0.0591287612915, 0.029108710587, 0.0516700036824, 0.0591414682567, 0.0425641201437, 0.0292637329549, 0.0344966761768, 0.0404860451818, 0.0435344614089, 0.05736528337, 0.0404706709087, 0.0293745603412, 0.0415343865752, 0.0348676405847, 0.0267789792269, 0.0203108880669, 0.0155333774164, 0.0112871192396, 0.00616914080456, 0.00778630515561, 0.0111609185115, 0.0147499516606, 0.0102892750874, 0.0119333993644, 0.0128625212237, 0.0169504135847, 0.0241711381823, 0.0440688170493, 0.0259561147541, 0.0230410266668, 0.0472549162805, 0.0683305710554, 0.0689341574907]
        dvar2: [0.124273233116, 0.0980928465724, 0.0910521000624, 0.137873753905, 0.0702678337693, 0.109007664025, 0.124102964997, 0.092761054635, 0.0679302737117, 0.0786004438996, 0.0952136293054, 0.0983449816704, 0.123302645981, 0.0940779969096, 0.0637539699674, 0.0738430842757, 0.0735388621688, 0.0647867545485, 0.0450563430786, 0.0279825851321, 0.0251895543188, 0.0147341471165, 0.0190157108009, 0.0285926871002, 0.038005053997, 0.0213860087097, 0.0248603522778, 0.0330642461777, 0.040872938931, 0.0672591179609, 0.120852105319, 0.0643579512835, 0.0479253008962, 0.110527075827, 0.124439127743, 0.138278663158]
        max: [1, 1, 0.899594545364, 1, 1, 1, 1, 1, 0.993045628071, 1, 1, 1, 1, 1, 0.91006821394, 1, 0.962304115295, 1, 0.889144837856, 0.691944420338, 0.720759153366, 0.618381679058, 0.532670974731, 0.670079946518, 1, 1, 0.76979970932, 0.652138113976, 1, 1, 1, 1, 0.866293728352, 1, 1, 1]
        mean: [0.401852786541, 0.310035556555, 0.21758249402, 0.220406204462, 0.228945761919, 0.417474687099, 0.463540226221, 0.265341818333, 0.228597775102, 0.357489436865, 0.348702520132, 0.232796475291, 0.206598013639, 0.206396505237, 0.238831982017, 0.255793511868, 0.216663658619, 0.16840338707, 0.16458055377, 0.140356794, 0.0952304825187, 0.0985492616892, 0.115510970354, 0.111446261406, 0.096403002739, 0.0851995125413, 0.104261726141, 0.131176769733, 0.169488802552, 0.195325061679, 0.170445561409, 0.133148729801, 0.13267442584, 0.207753196359, 0.335293799639, 0.398111641407]
        min: [0.00148028682452, 0.00103162380401, 0.000548677810002, 0.000656875839923, 0.00688232854009, 0.0191408470273, 0.0187516603619, 0.00876299664378, 0.00059714197414, 0.000871206168085, 0.00100846739952, 0.000704544421751, 0.000687872699928, 0.00104679248761, 0.00411385530606, 0.00391845079139, 0.00170961930417, 0.000917140278034, 0.00103310740087, 0.000595776014961, 0.00060018064687, 0.000416914321249, 0.000323105079588, 0.000328206282575, 0.000584800785873, 0.000465610268293, 0.000955026946031, 0.000663137238007, 0.000220007830649, 0.000473147490993, 0.000343025807524, 0.000336322264047, 0.000564418791328, 0.000610311224591, 0.000678333512042, 0.000983951846138]
        var: [0.13035351038, 0.0808356925845, 0.0587817691267, 0.0875035077333, 0.0524075888097, 0.117935307324, 0.132477626204, 0.0832052752376, 0.0653324052691, 0.139318302274, 0.1200953722, 0.0731726884842, 0.0816897302866, 0.0631172582507, 0.0571612864733, 0.0732178762555, 0.0678072497249, 0.0469521917403, 0.0394579321146, 0.0308274291456, 0.0153994606808, 0.00981227401644, 0.0145561974496, 0.0193922929466, 0.0188700184226, 0.0170557424426, 0.0180116556585, 0.0212555099279, 0.0313119441271, 0.0401089675725, 0.0452478416264, 0.0328352116048, 0.0352584645152, 0.0675758197904, 0.144038587809, 0.124307595193]
    chords_histogram: [6.82926845551, 0, 0, 0, 0, 0, 0, 0, 2.43902444839, 0, 0, 0, 8.78048801422, 1.95121955872, 1.95121955872, 0, 0, 0, 3.41463422775, 4.39024400711, 0, 0, 70.2439041138, 0]
    thpcp: [1, 0.572424590588, 0.493156284094, 0.771215558052, 0.75225943327, 0.502214193344, 0.445695966482, 0.445261269808, 0.515234649181, 0.551825940609, 0.467410683632, 0.363298326731, 0.355051279068, 0.302793115377, 0.205441683531, 0.212601318955, 0.249192982912, 0.240424141288, 0.207971170545, 0.18380177021, 0.224924877286, 0.282988965511, 0.365639895201, 0.421376734972, 0.367703914642, 0.287243098021, 0.286219865084, 0.448188066483, 0.723332703114, 0.858850240707, 0.866921067238, 0.668842852116, 0.469392895699, 0.475484520197, 0.493907004595, 0.900622367859]
    chords_key: "F#"
    chords_scale: "major"
    key_key: "C#"
    key_scale: "major"
    chords_progression: ["F", "F", "F", "F", "F", "D", "E", "E", "E", "E", "E", "D", "F#", "Bm", "Bm", "Bm", "Bm", "F#", "F#", "F#", "F#", "F#", "F#", "F#", "F#", "F#", "F#", "F#", "F#", "F#", "F#", "F#", "F#", "F#", "F#", "F#", "F#", "F#", "F#", "F#", "F#", "F#", "F#", "F#", "F#", "F#", "F#", "F#", "F#", "G", "F#", "F#", "F#", "F#", "F#", "F#", "F#", "F#", "F#", "F#", "F#", "F#", "F#", "F#", "F#", "G", "F#", "F#", "F#", "G", "G", "G", "G", "F#", "F#", "F#", "F#", "F#", "F#", "F#", "F#", "F#", "F#", "F#", "F#", "F#", "F#", "F#", "F#", "F#", "F#", "F#", "F#", "F#", "F#", "F#", "F#", "F#", "F#", "F#", "F#", "F#", "F#", "F#", "F#", "F#", "F#", "F#", "F#", "F#", "F#", "F#", "F#", "F#", "F#", "F#", "F#", "F#", "F#", "F#", "F#", "F#", "F#", "F#", "F#", "F#", "F#", "F#", "G", "F#", "F#", "F#", "F#", "F#", "F#", "F#", "F#", "G", "G", "F#", "G", "G", "F#", "F#", "F#", "F#", "F#", "F#", "F#", "F#", "F#", "F#", "G#m", "G#m", "G#m", "G#m", "G#m", "G#m", "G#m", "G#m", "G#m", "F#", "F#", "F#", "F#", "F#", "F#", "G", "G", "G", "F#", "F#", "F#", "F#", "F#", "F#", "F#", "F#", "F#", "F#", "F#", "F#", "F#", "C#", "C#", "C#", "C#", "E", "E", "D", "D", "C#", "C#", "C#", "C#", "C#", "C#", "C#", "C#", "G", "G", "G", "C#", "C#", "G"]
