
metadata:
    version:
        essentia: "1.2.2"
    audio_properties:
        analysis_sample_rate: 44100
        bitrate: 128
        channels: 2
        equal_loudness: 1
        length: 10.0048980713
        replay_gain: -6.63603782654
        downmix: "mix"
    tags:
        track: 5
        year: 0
        album: "Splitted by Mp3Splt v. 2.1"
        artist: "From 000.40 To 000.50"
        comment: "http://mp3splt.sf.net"
        genre: ""
        title: "01 Countdown.mp3"

highlevel:
    ballroom:
        all:
            ChaChaCha: 0.0370749905705
            Jive: 0.159049853683
            Quickstep: 0.045274939388
            Rumba-American: 0.04489601776
            Rumba-International: 0.0863482654095
            Rumba-Misc: 0.124035410583
            Samba: 0.088180705905
            Tango: 0.0268275476992
            VienneseWaltz: 0.121303580701
            Waltz: 0.267008692026
        probability: 0.267008692026
        value: "Waltz"
    culture:
        all:
            non_western: 0.0161827877164
            western: 0.983817219734
        probability: 0.983817219734
        value: "western"
    gender:
        all:
            female: 0.608044147491
            male: 0.391955882311
        probability: 0.608044147491
        value: "female"
    genre_dortmund:
        all:
            alternative: 0.0472911410034
            blues: 0.00485509308055
            electronic: 0.191474080086
            folkcountry: 0.0192599520087
            funksoulrnb: 0.0133162466809
            jazz: 0.0218965690583
            pop: 0.0707171335816
            raphiphop: 0.337934434414
            rock: 0.293255329132
        probability: 0.337934434414
        value: "raphiphop"
    genre_electronica:
        all:
            ambient: 0.0499411597848
            dnb: 0.090506196022
            house: 0.0497039929032
            techno: 0.0149980084971
            trance: 0.794850647449
        probability: 0.794850647449
        value: "trance"
    genre_rosamerica:
        all:
            cla: 0.00600767647848
            dan: 0.746413469315
            hip: 0.0737697035074
            jaz: 0.00963244494051
            pop: 0.0263476744294
            rhy: 0.0984726771712
            roc: 0.0358331762254
            spe: 0.00352320075035
        probability: 0.746413469315
        value: "dan"
    genre_tzanetakis:
        all:
            blu: 0.00747086154297
            cla: 0.00448938272893
            cou: 0.0253332778811
            dis: 0.0629877597094
            hip: 0.0865031927824
            jaz: 0.0210957098752
            met: 0.0463984496891
            pop: 0.450838267803
            reg: 0.254536688328
            roc: 0.0403463803232
        probability: 0.450838267803
        value: "pop"
    live_studio:
        all:
            live: 0.0247352272272
            studio: 0.975264787674
        probability: 0.975264787674
        value: "studio"
    mood:
        all:
            Cluster1: 0.0907905548811
            Cluster2: 0.170191466808
            Cluster3: 0.501631438732
            Cluster4: 0.100728474557
            Cluster5: 0.136658042669
        probability: 0.501631438732
        value: "Cluster3"
    mood_acoustic:
        all:
            acoustic: 0.00754331192002
            not_acoustic: 0.992456674576
        probability: 0.992456674576
        value: "not_acoustic"
    mood_aggressive:
        all:
            aggressive: 0.946629106998
            not_aggressive: 0.0533708781004
        probability: 0.946629106998
        value: "aggressive"
    mood_electronic:
        all:
            electronic: 0.979404449463
            not_electronic: 0.0205955728889
        probability: 0.979404449463
        value: "electronic"
    mood_happy:
        all:
            happy: 0.304553866386
            not_happy: 0.695446133614
        probability: 0.695446133614
        value: "not_happy"
    mood_party:
        all:
            not_party: 0.0927514359355
            party: 0.907248556614
        probability: 0.907248556614
        value: "party"
    mood_relaxed:
        all:
            not_relaxed: 0.259623497725
            relaxed: 0.740376472473
        probability: 0.740376472473
        value: "relaxed"
    mood_sad:
        all:
            not_sad: 3.00000096379e-14
            sad: 1
        probability: 1
        value: "sad"
    rhythm:
        all:
            fast: 0.960330247879
            medium: 0.0358054786921
            slow: 0.00386427668855
        probability: 0.960330247879
        value: "fast"
    speech_music:
        all:
            music: 3.00000096379e-14
            speech: 1
        probability: 1
        value: "speech"
    timbre:
        all:
            bright: 0.267708957195
            dark: 0.732291042805
        probability: 0.732291042805
        value: "dark"
    voice_instrumental:
        all:
            instrumental: 0.0136474231258
            voice: 0.986352562904
        probability: 0.986352562904
        value: "voice"

lowlevel:
    average_loudness: 0.978384852409
    barkbands_kurtosis:
        dmean: 1.17112922668
        dmean2: 1.85504066944
        dvar: 4.63126659393
        dvar2: 10.4693517685
        max: 22.7235813141
        mean: -0.297717422247
        min: -1.87767374516
        var: 6.8943362236
    barkbands_skewness:
        dmean: 0.636106312275
        dmean2: 0.969741046429
        dvar: 0.411842644215
        dvar2: 0.923275411129
        max: 4.496052742
        mean: 0.233272194862
        min: -2.43302369118
        var: 1.09278917313
    barkbands_spread:
        dmean: 8.90288352966
        dmean2: 13.3377017975
        dvar: 72.3943023682
        dvar2: 159.785476685
        max: 78.0873641968
        mean: 43.790145874
        min: 6.74972248077
        var: 197.440353394
    dissonance:
        dmean: 0.0138478744775
        dmean2: 0.0216786377132
        dvar: 0.000228553588386
        dvar2: 0.000495922286063
        max: 0.499350786209
        mean: 0.472223967314
        min: 0.308798670769
        var: 0.0005160929868
    hfc:
        dmean: 5.24184751511
        dmean2: 8.46560382843
        dvar: 90.9670333862
        dvar2: 233.146484375
        max: 53.1650428772
        mean: 6.83132314682
        min: 0.00477822450921
        var: 88.0527877808
    pitch:
        dmean: 973.092834473
        dmean2: 1866.6907959
        dvar: 2209901
        dvar2: 4809784.5
        max: 4900
        mean: 1852.11181641
        min: 78.3303756714
        var: 3489368
    pitch_instantaneous_confidence:
        dmean: 0.114917680621
        dmean2: 0.188054904342
        dvar: 0.0093339830637
        dvar2: 0.0219260565937
        max: 0.839596271515
        mean: 0.416950792074
        min: 0.158784806728
        var: 0.0213407855481
    pitch_salience:
        dmean: 0.0726163983345
        dmean2: 0.117447353899
        dvar: 0.00526174437255
        dvar2: 0.014037550427
        max: 0.869721055031
        mean: 0.648442089558
        min: 0.317246973515
        var: 0.0103852553293
    silence_rate_20dB:
        dmean: 0
        dmean2: 0
        dvar: 0
        dvar2: 0
        max: 1
        mean: 1
        min: 1
        var: 0
    silence_rate_30dB:
        dmean: 0
        dmean2: 0
        dvar: 0
        dvar2: 0
        max: 1
        mean: 1
        min: 1
        var: 0
    silence_rate_60dB:
        dmean: 0.187935039401
        dmean2: 0.376744180918
        dvar: 0.152615845203
        dvar2: 0.267366975546
        max: 1
        mean: 0.618055582047
        min: 0
        var: 0.236063376069
    spectral_centroid:
        dmean: 512.815307617
        dmean2: 788.644348145
        dvar: 278088.78125
        dvar2: 601737.1875
        max: 5100.37744141
        mean: 1891.30664062
        min: 240.739837646
        var: 786744.5625
    spectral_complexity:
        dmean: 4.72325563431
        dmean2: 7.32400941849
        dvar: 44.837348938
        dvar2: 97.8693008423
        max: 43
        mean: 8.9373550415
        min: 0
        var: 64.3139266968
    spectral_crest:
        dmean: 2.1663005352
        dmean2: 3.57693171501
        dvar: 3.65370726585
        dvar2: 8.45261669159
        max: 18.8734226227
        mean: 7.27831172943
        min: 2.8994884491
        var: 9.02136707306
    spectral_decrease:
        dmean: 3.88424625797e-10
        dmean2: 5.8791471691e-10
        dvar: 3.68322433664e-19
        dvar2: 8.29594428978e-19
        max: -1.91997264441e-12
        mean: -6.83494871812e-10
        min: -3.98998611928e-09
        var: 4.81780439337e-19
    spectral_energy:
        dmean: 0.00189963297453
        dmean2: 0.00289159710519
        dvar: 9.36893138714e-06
        dvar2: 2.17811284529e-05
        max: 0.019741717726
        mean: 0.00319929025136
        min: 7.67973506299e-06
        var: 1.15082075354e-05
    spectral_energyband_high:
        dmean: 0.000502113485709
        dmean2: 0.000801410991699
        dvar: 9.54964320954e-07
        dvar2: 2.3978018362e-06
        max: 0.00614377530292
        mean: 0.000582006643526
        min: 1.27813791551e-07
        var: 9.54492975325e-07
    spectral_energyband_low:
        dmean: 0.000411593471654
        dmean2: 0.00068843079498
        dvar: 9.3991485528e-07
        dvar2: 2.42276132667e-06
        max: 0.00755166262388
        mean: 0.000446402700618
        min: 9.96305971057e-07
        var: 7.87874682828e-07
    spectral_energyband_middle_high:
        dmean: 0.000918787380215
        dmean2: 0.00152176059783
        dvar: 2.38087477555e-06
        dvar2: 6.00762859904e-06
        max: 0.0108750201762
        mean: 0.00121066579595
        min: 8.1657208284e-07
        var: 2.61390437117e-06
    spectral_energyband_middle_low:
        dmean: 0.000539963250048
        dmean2: 0.000837916624732
        dvar: 6.31005036666e-07
        dvar2: 1.54640201799e-06
        max: 0.00673238420859
        mean: 0.000960176519584
        min: 5.73799343329e-06
        var: 8.2384099187e-07
    spectral_flatness_db:
        dmean: 0.0176533162594
        dmean2: 0.0264224000275
        dvar: 0.000252079538768
        dvar2: 0.000535178347491
        max: 0.226691961288
        mean: 0.13126270473
        min: 0.0626522675157
        var: 0.000888790236786
    spectral_flux:
        dmean: 0.0130494665354
        dmean2: 0.0190177895129
        dvar: 0.000290934782242
        dvar2: 0.000531769182999
        max: 0.116242721677
        mean: 0.0371687673032
        min: 0.00277123344131
        var: 0.000575059559196
    spectral_kurtosis:
        dmean: 0.740328609943
        dmean2: 1.11751687527
        dvar: 0.619404256344
        dvar2: 1.37263453007
        max: 9.23292922974
        mean: 1.37935757637
        min: -0.87829208374
        var: 1.9468947649
    spectral_rms:
        dmean: 0.000449493410997
        dmean2: 0.000643585051876
        dvar: 3.49752866668e-07
        dvar2: 7.67009396441e-07
        max: 0.00438864575699
        mean: 0.00158497272059
        min: 8.6558793555e-05
        var: 6.091212299e-07
    spectral_rolloff:
        dmean: 728.22265625
        dmean2: 1132.37548828
        dvar: 666289.125
        dvar2: 1341852.625
        max: 8936.27929688
        mean: 3745.27832031
        min: 236.865234375
        var: 2061271.75
    spectral_skewness:
        dmean: 0.185244172812
        dmean2: 0.265047699213
        dvar: 0.032795637846
        dvar2: 0.0622396320105
        max: 2.44346094131
        mean: 1.02642214298
        min: -0.164241626859
        var: 0.128733336926
    spectral_spread:
        dmean: 1133101.125
        dmean2: 1582390
        dvar: 1.78592232243e+12
        dvar2: 2.88717642138e+12
        max: 25544044
        mean: 7590935
        min: 3502560.5
        var: 4.00627256525e+12
    spectral_strongpeak:
        dmean: 0.299156188965
        dmean2: 0.509891867638
        dvar: 0.405419826508
        dvar2: 1.08620524406
        max: 4.87873983383
        mean: 0.367575615644
        min: 0.00469904532656
        var: 0.448249101639
    zerocrossingrate:
        dmean: 0.0148426145315
        dmean2: 0.0162373427302
        dvar: 0.000236342151766
        dvar2: 0.000225479190703
        max: 0.27099609375
        mean: 0.110341362655
        min: 0.0205078125
        var: 0.00152277108282
    barkbands:
        dmean: [2.64192976829e-07, 0.000227893600822, 0.000220718837227, 0.000121036042401, 0.000280657812255, 0.000111160421511, 0.000110116576252, 4.31230582763e-05, 4.60382943857e-05, 2.17734032049e-05, 1.40982419907e-05, 3.80100173061e-05, 4.61633171653e-05, 3.8758982555e-05, 5.43749592907e-05, 8.69067225722e-05, 0.000130402957438, 0.000145515237818, 0.000324389984598, 0.000335456512403, 0.000269569660304, 0.000110482753371, 3.12571537506e-05, 1.17668141684e-05, 9.60891065915e-06, 5.63196522307e-07, 1.26810464351e-08]
        dmean2: [4.12841359321e-07, 0.000361544312909, 0.00039062302676, 0.000205079413718, 0.000452176347608, 0.000179524053237, 0.000168830534676, 7.41390686017e-05, 7.52506384742e-05, 3.5953362385e-05, 2.16039206862e-05, 6.13019583398e-05, 7.26852740627e-05, 6.12696094322e-05, 8.76130070537e-05, 0.000139791402034, 0.000209401361644, 0.000245980685577, 0.000545114919078, 0.00059466669336, 0.000450693391031, 0.000182047791895, 4.65034572699e-05, 1.73930457095e-05, 1.25736951304e-05, 8.61772718963e-07, 1.30654633779e-08]
        dvar: [2.2864151978e-12, 2.42446020593e-07, 3.37407158213e-07, 4.50282833242e-08, 2.49490909709e-07, 2.14008668564e-08, 5.1972129711e-08, 9.30109589348e-09, 1.23384600315e-08, 2.3586632647e-09, 1.16299991859e-09, 1.2224754542e-08, 1.19922880515e-08, 7.15348802416e-09, 1.42154759075e-08, 3.84913292351e-08, 8.74687273722e-08, 6.45026290158e-08, 3.44409414765e-07, 4.78963443129e-07, 3.28413420903e-07, 4.89573466211e-08, 2.97811353356e-09, 5.46245992883e-10, 3.17180504084e-10, 2.00253810929e-12, 6.20262643873e-14]
        dvar2: [2.50203308592e-12, 5.88950115343e-07, 9.3507372867e-07, 1.22725410279e-07, 6.23677522071e-07, 5.21434948553e-08, 1.18485182554e-07, 2.50605385332e-08, 2.8766580229e-08, 5.25259746809e-09, 2.35811037363e-09, 2.82355347991e-08, 2.62391885997e-08, 1.66193476758e-08, 3.33315810508e-08, 9.14437165989e-08, 2.31486069424e-07, 1.74312631884e-07, 9.02434180716e-07, 1.29509942326e-06, 8.56511974234e-07, 1.17250728238e-07, 6.31344576618e-09, 9.73859992648e-10, 4.67908656265e-10, 4.76121442619e-12, 6.19837839909e-14]
        max: [3.08876333293e-05, 0.00370786292478, 0.00384358409792, 0.00199213554151, 0.00486464612186, 0.00102656357922, 0.00252315844409, 0.000671451212838, 0.00136773404665, 0.000528971955646, 0.000486579869175, 0.00098753371276, 0.00103771104477, 0.00109719077591, 0.00113651051652, 0.00212638266385, 0.00430891849101, 0.00160828826483, 0.00360977766104, 0.00576894078404, 0.00387312658131, 0.00229610479437, 0.000744756252971, 0.000297675811453, 0.000307671201881, 2.37414387811e-05, 5.17860871696e-06]
        mean: [2.47575741241e-07, 0.000280501670204, 0.00016568879073, 0.000163810065715, 0.000386525789509, 0.000167858001078, 0.000143786106491, 4.10596658185e-05, 5.1394032198e-05, 2.47336010943e-05, 1.82579169632e-05, 4.06416220358e-05, 4.87325924041e-05, 4.30491018051e-05, 5.84965491726e-05, 0.000106219660665, 0.000182179093827, 0.000155672707479, 0.000328821886797, 0.000322364910971, 0.000259478751104, 0.000128214538563, 4.58758186141e-05, 1.98719899345e-05, 1.51562808242e-05, 6.3702003672e-07, 1.28469199723e-08]
        min: [8.58635593182e-11, 2.52494544384e-07, 7.29637690711e-07, 2.09055406231e-06, 1.01761156657e-06, 2.55613883837e-07, 6.12199016814e-07, 8.96513725479e-08, 1.38179714781e-07, 1.77443439497e-07, 6.19563138571e-08, 5.9743778813e-09, 4.71158978499e-09, 6.44069686473e-09, 9.37034094761e-09, 1.35861498052e-07, 3.1518947452e-08, 8.85769111392e-08, 2.66622748768e-07, 7.90980934084e-08, 7.470708141e-08, 3.27200204708e-08, 1.13087610387e-08, 2.30434182846e-09, 2.01713534764e-09, 1.24263932477e-10, 5.85456000086e-13]
        var: [2.30915872361e-12, 2.38810287101e-07, 2.21861043315e-07, 4.35326299453e-08, 3.05820009316e-07, 2.56940744237e-08, 6.7567846429e-08, 7.78174680249e-09, 1.57307233906e-08, 3.23492388432e-09, 1.74849790202e-09, 1.42120448743e-08, 1.42880267617e-08, 9.86258896774e-09, 1.84676043347e-08, 4.54052226928e-08, 1.13287413228e-07, 5.81830441604e-08, 2.92033462301e-07, 4.13674058564e-07, 2.79426501493e-07, 4.25707114005e-08, 7.00118274466e-09, 1.53702439665e-09, 1.15274090273e-09, 2.28977167088e-12, 6.2060321888e-14]
    mfcc:
        mean: [-725.201477051, 70.9889602661, -5.06282806396, 61.7389183044, -0.00995266903192, 1.52865171432, -5.79102993011, -3.64055538177, -3.52696657181, -6.29031944275, 0.852440595627, -3.28456664085, 0.582895874977]
        cov: [[3499.625, -754.216430664, -292.167694092, -128.461959839, -173.143600464, -12.3123102188, -33.8359222412, -62.0731201172, -13.9497108459, 62.8549308777, 16.4275798798, 32.3450088501, 23.7277908325], [-754.216430664, 791.715637207, -183.249069214, 32.5751152039, 82.9521560669, -25.6559066772, -14.6736736298, 82.0475769043, -43.3501281738, -51.8492584229, 38.4019088745, -20.6247768402, -21.5955734253], [-292.167694092, -183.249069214, 469.274414062, 47.3519439697, -8.97240829468, 38.3876914978, 98.2077941895, -4.43603134155, 29.0968933105, -5.97173213959, -63.533367157, 17.8283004761, 16.6545562744], [-128.461959839, 32.5751152039, 47.3519439697, 267.913452148, 64.1573104858, -18.5410079956, -16.7600383759, -22.8538017273, 33.0819244385, 23.7880935669, -47.0434074402, -33.3591918945, -1.66173541546], [-173.143600464, 82.9521560669, -8.97240829468, 64.1573104858, 234.636520386, 5.24991989136, -54.198387146, -5.87665748596, -12.2473726273, 25.997877121, 11.3176622391, -11.2356843948, 3.06774759293], [-12.3123102188, -25.6559066772, 38.3876914978, -18.5410079956, 5.24991989136, 111.952476501, 9.68988227844, -3.39116430283, 9.92647361755, -10.0290641785, 4.01120615005, 11.666683197, 16.4837532043], [-33.8359222412, -14.6736736298, 98.2077941895, -16.7600383759, -54.198387146, 9.68988227844, 147.038757324, 20.9885063171, 9.42625236511, -1.48736512661, -12.4218101501, 21.3017864227, -12.2081985474], [-62.0731201172, 82.0475769043, -4.43603134155, -22.8538017273, -5.87665748596, -3.39116430283, 20.9885063171, 103.627922058, 9.73284053802, -26.7412948608, -0.501301467419, -0.0992611795664, 17.6156597137], [-13.9497108459, -43.3501281738, 29.0968933105, 33.0819244385, -12.2473726273, 9.92647361755, 9.42625236511, 9.73284053802, 91.4969558716, 28.2038116455, -15.9452114105, -8.97118091583, 0.0758642777801], [62.8549308777, -51.8492584229, -5.97173213959, 23.7880935669, 25.997877121, -10.0290641785, -1.48736512661, -26.7412948608, 28.2038116455, 83.8881072998, 21.7454490662, 4.58077096939, -8.3716506958], [16.4275798798, 38.4019088745, -63.533367157, -47.0434074402, 11.3176622391, 4.01120615005, -12.4218101501, -0.501301467419, -15.9452114105, 21.7454490662, 88.3725204468, 27.1581058502, -13.6538915634], [32.3450088501, -20.6247768402, 17.8283004761, -33.3591918945, -11.2356843948, 11.666683197, 21.3017864227, -0.0992611795664, -8.97118091583, 4.58077096939, 27.1581058502, 59.8143959045, 12.0824604034], [23.7277908325, -21.5955734253, 16.6545562744, -1.66173541546, 3.06774759293, 16.4837532043, -12.2081985474, 17.6156597137, 0.0758642777801, -8.3716506958, -13.6538915634, 12.0824604034, 63.6661605835]]
        icov: [[0.000458047376014, 0.000547670118976, 0.000534524093382, -1.48360659296e-05, 0.000169133229065, -4.4965021516e-05, -9.5542120107e-05, -0.000189855476492, 0.000306348170852, -0.000226136529818, 0.000169911712874, -0.000155655128765, -5.15732972417e-05], [0.000547670118976, 0.00247013219632, 0.00131422781851, -0.000598185579292, -0.0004673950898, 4.39069226559e-05, -0.000608788919635, -0.00152669183444, 0.000814986706246, 0.000970734457951, -0.000648263841867, 0.000180379211088, 0.000544601003639], [0.000534524093382, 0.00131422781851, 0.00384144275449, -0.000540844339412, -0.000445919140475, -0.000710311112925, -0.00214441609569, -0.000147562706843, 1.85285771295e-05, 0.000363738276064, 0.00186087179463, -0.00128441047855, -0.000246766168857], [-1.48360659296e-05, -0.000598185579292, -0.000540844339412, 0.0052388459444, -0.00117224920541, 0.000843573769089, 0.000301376043353, 0.00139730609953, -0.00153305276763, -0.00117371219676, 0.00242314534262, 0.00120974483434, -0.000272331119049], [0.000169133229065, -0.0004673950898, -0.000445919140475, -0.00117224920541, 0.00585173256695, -0.00113116530702, 0.0023231334053, -0.00097311870195, 0.00207682908513, -0.00300781731494, -0.000104221602669, 0.000283109053271, 0.000116039154818], [-4.4965021516e-05, 4.39069226559e-05, -0.000710311112925, 0.000843573769089, -0.00113116530702, 0.0107162902132, -0.00114381313324, 0.00234900251962, -0.00300450180657, 0.00344154867344, -0.00245027523488, -8.39984350023e-05, -0.00340325781144], [-9.5542120107e-05, -0.000608788919635, -0.00214441609569, 0.000301376043353, 0.0023231334053, -0.00114381313324, 0.0108195077628, -0.00323886983097, 0.000817551859654, -0.00259099551477, 0.00308601767756, -0.00458846334368, 0.0047439201735], [-0.000189855476492, -0.00152669183444, -0.000147562706843, 0.00139730609953, -0.00097311870195, 0.00234900251962, -0.00323886983097, 0.0146257998422, -0.00483088381588, 0.00563870696351, -0.00289256451651, 0.00228671263903, -0.00590826384723], [0.000306348170852, 0.000814986706246, 1.85285771295e-05, -0.00153305276763, 0.00207682908513, -0.00300450180657, 0.000817551859654, -0.00483088381588, 0.0161536540836, -0.00806129444391, 0.00362570141442, 0.000961213721894, 0.00180454773363], [-0.000226136529818, 0.000970734457951, 0.000363738276064, -0.00117371219676, -0.00300781731494, 0.00344154867344, -0.00259099551477, 0.00563870696351, -0.00806129444391, 0.0206895824522, -0.00776016665623, 0.000428947882028, -0.00153086113278], [0.000169911712874, -0.000648263841867, 0.00186087179463, 0.00242314534262, -0.000104221602669, -0.00245027523488, 0.00308601767756, -0.00289256451651, 0.00362570141442, -0.00776016665623, 0.0214766468853, -0.0101576736197, 0.00683363061398], [-0.000155655128765, 0.000180379211088, -0.00128441047855, 0.00120974483434, 0.000283109053271, -8.39984350023e-05, -0.00458846334368, 0.00228671263903, 0.000961213721894, 0.000428947882028, -0.0101576736197, 0.0259835608304, -0.00807197205722], [-5.15732972417e-05, 0.000544601003639, -0.000246766168857, -0.000272331119049, 0.000116039154818, -0.00340325781144, 0.0047439201735, -0.00590826384723, 0.00180454773363, -0.00153086113278, 0.00683363061398, -0.00807197205722, 0.0221822597086]]
    spectral_contrast:
        mean: [-4.81467850477e-07, -2.51673185403e-07, -2.33561010532e-07, 7.0581717182e-07, 4.17146083009e-07, 3.51093490281e-07, -3.08132507598e-06, -1.50899325035e-06, 2.5401120638e-06, -1.07924506665e-06, 1.05532024008e-06, -3.98452220907e-06]
        var: [0.000797257118393, 0.000972082139924, 0.00158195744734, 0.00200000358745, 0.00295403390191, 0.00568321393803, 0.0723252370954, 0.109561637044, 0.144287109375, 0.251687526703, 0.386330425739, 1.96742475033]

rhythm:
    beats_loudness:
        dmean: 0.00448369933292
        dmean2: 0.00717529188842
        dvar: 9.55221366894e-06
        dvar2: 1.97182926058e-05
        max: 0.0171108208597
        mean: 0.0070958705619
        min: 0.00120771850925
        var: 1.90106948139e-05
    beats_loudness_bass:
        dmean: 0.139715820551
        dmean2: 0.220765113831
        dvar: 0.00961481314152
        dvar2: 0.0312472395599
        max: 0.57424479723
        mean: 0.267926454544
        min: 0.0129066416994
        var: 0.0260147564113
    bpm: 128.710296631
    bpm_confidence: 0
    first_peak_bpm: 129
    first_peak_spread: 0
    first_peak_weight: 0.949999988079
    onset_rate: 5.4973077774
    second_peak_bpm: 80
    second_peak_spread: 0
    second_peak_weight: 0.0500000007451
    beats_position: [0.127526462078, 0.594155609608, 1.06078469753, 1.52741384506, 1.99404299259, 2.46067214012, 2.92730116844, 3.39393019676, 3.8605594635, 4.32718849182, 4.79381752014, 5.26044654846, 6.00810146332, 6.47394037247, 6.93978023529, 7.40561914444, 7.87145805359, 8.33729743958, 8.80313587189, 9.26897525787, 9.73481369019]
    bpm_estimates: [128.615722656, 128.614578247, 128.612213135, 128.737945557, 128.239837646, 128.679428101, 128.573959351, 128.951278687, 128.985076904, 128.742675781, 128.811386108, 128.610244751, 128.955322266, 129.011474609, 128.686782837, 128.882003784, 128.364898682]
    bpm_intervals: [0.46662914753, 0.466629087925, 0.46662914753, 0.46662914753, 0.46662914753, 0.46662902832, 0.46662902832, 0.466629266739, 0.46662902832, 0.46662902832, 0.46662902832, 0.747654914856, 0.465838909149, 0.465839862823, 0.465838909149, 0.465838909149, 0.465839385986, 0.465838432312, 0.465839385986, 0.465838432312]
    onset_times: [0.0464399084449, 0.127709746361, 0.371519267559, 0.661768734455, 0.824308395386, 1.05650794506, 1.30031740665, 1.53251695633, 1.75310659409, 1.99691605568, 2.22911572456, 2.47292518616, 2.72834467888, 2.94893431664, 3.16952371597, 3.42494320869, 3.65714287758, 3.79646253586, 3.88934230804, 4.051882267, 4.35374164581, 4.58594083786, 4.72526073456, 5.05034017563, 5.23609972, 5.30575942993, 5.52634906769, 5.7701587677, 5.94430828094, 5.97913837433, 6.1648979187, 6.29260778427, 6.46675729752, 6.71056699753, 6.93115663528, 7.17496585846, 7.40716552734, 7.54648542404, 7.65097522736, 7.77868461609, 7.87156438828, 8.11537456512, 8.34757328033, 8.47528362274, 8.56816291809, 8.73070335388, 8.8119726181, 9.0093421936, 9.16027164459, 9.287981987, 9.43891143799, 9.53179168701, 9.65950107574, 9.75238132477, 9.9613609314]
    rubato_start: []
    rubato_stop: []
    perceptual_tempo: "unknown"

sfx:
    inharmonicity:
        dmean: 0.0453477688134
        dmean2: 0.0798732712865
        dvar: 0.00235895463265
        dvar2: 0.00668060965836
        max: 0.27731397748
        mean: 0.0522637218237
        min: 0
        var: 0.00254838890396
    oddtoevenharmonicenergyratio:
        dmean: 1.63245689869
        dmean2: 3.05119466782
        dvar: 27.5288410187
        dvar2: 82.6191101074
        max: 61.7279319763
        mean: 1.23088932037
        min: 0
        var: 14.9830360413
    pitch_after_max_to_before_max_energy_ratio: 1.17670285702
    pitch_centroid: 168.860855103
    pitch_max_to_total: 0.255220413208
    pitch_min_to_total: 0.0765661224723
    tristimulus:
        dmean: [0.195818141103, 0.243696808815, 0.16121044755]
        dmean2: [0.329587250948, 0.425524920225, 0.281150817871]
        dvar: [0.0276862345636, 0.0394041910768, 0.0200376752764]
        dvar2: [0.0729789361358, 0.116520099342, 0.0566667765379]
        max: [1, 0.939278781414, 0.705940008163]
        mean: [0.342458575964, 0.437226444483, 0.171904861927]
        min: [0.0108708599582, 0, 0]
        var: [0.0466024801135, 0.0554033145308, 0.0268440209329]

tonal:
    chords_changes_rate: 0.110599078238
    chords_number_rate: 0.0184331797063
    chords_strength:
        dmean: 0.0102669904009
        dmean2: 0.0123522756621
        dvar: 7.53312342567e-05
        dvar2: 0.000110745517304
        max: 0.670273602009
        mean: 0.502010285854
        min: 0.36353045702
        var: 0.00404554978013
    key_strength: 0.691964626312
    tuning_diatonic_strength: 0.632587969303
    tuning_equal_tempered_deviation: 0.123447850347
    tuning_frequency: 452.108886719
    tuning_nontempered_energy_ratio: 0.826311707497
    hpcp:
        dmean: [0.20534478128, 0.218189448118, 0.25149333477, 0.231944307685, 0.151308715343, 0.0913436040282, 0.0735960826278, 0.0704424455762, 0.0818264633417, 0.106858380139, 0.112839505076, 0.151276573539, 0.174894824624, 0.150627672672, 0.176250204444, 0.206326782703, 0.24021461606, 0.297411769629, 0.272263169289, 0.199650764465, 0.113294705749, 0.0864854678512, 0.100989758968, 0.12532775104, 0.130888774991, 0.116407595575, 0.107191212475, 0.141225993633, 0.139633074403, 0.124691344798, 0.151147425175, 0.174330025911, 0.161932677031, 0.19660128653, 0.203683033586, 0.19763481617]
        dmean2: [0.373581856489, 0.396548211575, 0.450080364943, 0.390076577663, 0.255360990763, 0.156726613641, 0.125871956348, 0.12033995986, 0.14012812078, 0.182499185205, 0.194573789835, 0.257718771696, 0.300027757883, 0.265731871128, 0.308163553476, 0.349592447281, 0.402475446463, 0.512635350227, 0.461980551481, 0.342733621597, 0.196234554052, 0.155780062079, 0.184863641858, 0.222923591733, 0.227059990168, 0.197237804532, 0.19694121182, 0.249417617917, 0.246075108647, 0.217040851712, 0.271824091673, 0.320607930422, 0.289376527071, 0.349631339312, 0.35232296586, 0.350976675749]
        dvar: [0.0699684843421, 0.0615701936185, 0.0582783222198, 0.0418149158359, 0.0318913124502, 0.0147581081837, 0.0134334778413, 0.0134073756635, 0.0140106482431, 0.0203601103276, 0.0229765549302, 0.0301329735667, 0.0387038215995, 0.0343250930309, 0.0441553816199, 0.0575771965086, 0.0440864861012, 0.0674820020795, 0.0617441795766, 0.0432075746357, 0.026192413643, 0.016013013199, 0.0205622762442, 0.0277785677463, 0.0278858300298, 0.0297963190824, 0.0277489777654, 0.0464598014951, 0.0423267185688, 0.0258143804967, 0.0366522856057, 0.0507239326835, 0.0405644401908, 0.0563517399132, 0.0603309348226, 0.0575019866228]
        dvar2: [0.204401805997, 0.1451638937, 0.133874922991, 0.100439086556, 0.0849136561155, 0.0380141362548, 0.0354334637523, 0.0345631614327, 0.0354995541275, 0.0536173917353, 0.0588566586375, 0.0772996172309, 0.104496754706, 0.0984237492085, 0.124182477593, 0.155158266425, 0.108329370618, 0.155492395163, 0.141686782241, 0.101765051484, 0.0656980574131, 0.0422157384455, 0.0538243763149, 0.0759865939617, 0.07138890028, 0.078970707953, 0.06826069206, 0.12819840014, 0.117477960885, 0.0744327530265, 0.100047640502, 0.13735255599, 0.109071791172, 0.141034856439, 0.167279988527, 0.163047894835]
        max: [1, 1, 1, 1, 1, 0.925353348255, 1, 0.848149776459, 0.828132152557, 0.843158125877, 0.995415449142, 1, 1, 1, 1, 1, 1, 1, 1, 1, 0.905864775181, 1, 0.674298048019, 0.811980605125, 1, 1, 1, 1, 1, 1, 1, 1, 1, 1, 1, 1]
        mean: [0.211794063449, 0.266208827496, 0.384812176228, 0.362934648991, 0.196865975857, 0.114781580865, 0.0956115350127, 0.0885946825147, 0.091409727931, 0.11220369488, 0.131746798754, 0.196971818805, 0.230502024293, 0.185067385435, 0.189075246453, 0.231486260891, 0.365609198809, 0.58429813385, 0.558337330818, 0.285822421312, 0.110664285719, 0.0785559266806, 0.0857198014855, 0.121229529381, 0.151940360665, 0.123227857053, 0.113755591214, 0.144024074078, 0.150842696428, 0.161542057991, 0.168199181557, 0.161716237664, 0.168430313468, 0.194168716669, 0.199033647776, 0.191515877843]
        min: [0.00213274592534, 0.0106313340366, 0.0162256080657, 0.00410983525217, 0.00467179948464, 0.000810181139968, 0.000731633685064, 0.000769429432694, 0.000635066826362, 0.00101942033507, 0.00305665354244, 0.00376801239327, 0.00675862142816, 0.0040894835256, 0.00310280174017, 0.00174226867966, 0.0080477995798, 0.0120366364717, 0.010204047896, 0.00237973988988, 0.000424954545451, 0.00043190762517, 0.000390135712223, 0.000656648655422, 0, 0.00280662812293, 0.000975649338216, 0.00132652954198, 0.00222616479732, 0.0057109836489, 0.00484558520839, 0.00234097405337, 0.00250591686927, 0.00262043485418, 0, 0]
        var: [0.068521425128, 0.0689040645957, 0.0797663331032, 0.0727512463927, 0.0415989048779, 0.0233136471361, 0.0179178509861, 0.013471304439, 0.0137737812474, 0.0216134879738, 0.02810142003, 0.0478417351842, 0.0589770041406, 0.0368819609284, 0.0449132248759, 0.0616694390774, 0.0670709013939, 0.113743580878, 0.113579049706, 0.0604787245393, 0.0272579789162, 0.0130687057972, 0.0151653345674, 0.0207617674023, 0.0284514930099, 0.0293175503612, 0.0303162932396, 0.0417474508286, 0.0368428751826, 0.0266685020179, 0.0340784192085, 0.0441456101835, 0.0402093157172, 0.0606417730451, 0.0598326250911, 0.0544686168432]
    chords_histogram: [1.84331798553, 0, 0, 46.5437774658, 0, 0, 0, 0, 0, 0, 50.2304153442, 0, 0, 0, 0, 0, 0, 0, 0, 0, 0, 0, 1.38248848915, 0]
    thpcp: [1, 0.955569267273, 0.48917222023, 0.189396947622, 0.13444493711, 0.146705582738, 0.207478895783, 0.26003909111, 0.210898935795, 0.194687590003, 0.246490731835, 0.258160501719, 0.276471972466, 0.28786534071, 0.276770085096, 0.288260906935, 0.332311034203, 0.340637147427, 0.327770829201, 0.362476021051, 0.455604434013, 0.658588767052, 0.621146321297, 0.336927264929, 0.196443513036, 0.163634851575, 0.151625812054, 0.15644364059, 0.192031577229, 0.225478723645, 0.337108403444, 0.394493848085, 0.316734522581, 0.3235937953, 0.396178334951, 0.625723719597]
    chords_key: "D"
    chords_scale: "major"
    key_key: "D#"
    key_scale: "major"
    chords_progression: ["D", "D", "D", "D", "D", "D", "D", "D", "D", "D", "D", "D", "D", "D", "D", "D", "D", "D", "D", "D", "D", "D", "D", "D", "D", "D", "D", "D", "D", "D", "D", "D", "D", "D", "D", "D", "D", "G#", "D", "G#", "G#", "D", "D", "D", "D", "D", "D", "D", "D", "D", "D", "D", "D", "D", "D", "D", "Dm", "Dm", "Dm", "D", "D", "Dm", "Dm", "Dm", "Dm", "Dm", "Dm", "Dm", "Dm", "Dm", "Dm", "Dm", "Dm", "Dm", "D#", "Dm", "Dm", "Dm", "D", "Dm", "Dm", "Dm", "Dm", "Dm", "Dm", "Dm", "Dm", "Dm", "Dm", "Dm", "Dm", "Dm", "Dm", "Dm", "Dm", "Dm", "Dm", "Dm", "Dm", "Dm", "Dm", "Dm", "Dm", "Dm", "Dm", "Dm", "Dm", "Dm", "Dm", "D", "D", "D", "D", "D", "D", "D", "D", "D", "D", "D", "Dm", "Dm", "D", "D", "Dm", "Dm", "D", "D", "D", "D", "D", "D", "D", "D", "D", "D", "D", "D", "Dm", "D", "D", "D", "D", "D", "D", "D", "D", "D", "D", "D", "D", "D", "D", "D", "D", "D", "D", "D", "D", "D", "D", "D", "D", "D", "D#", "D#", "D#", "Dm", "Dm", "D", "D", "Dm", "Dm", "Dm", "Dm", "Dm", "Dm", "Dm", "Dm", "Dm", "D", "Dm", "Dm", "Dm", "Dm", "Dm", "Dm", "Dm", "Dm", "Dm", "Dm", "Dm", "Dm", "Dm", "Dm", "Dm", "Dm", "Dm", "Dm", "Dm", "Dm", "Dm", "Dm", "Dm", "Dm", "Dm", "Dm", "Dm", "Dm", "Dm", "Dm", "Dm", "Dm", "Dm", "Dm", "Dm", "Dm"]
