
metadata:
    version:
        essentia: "1.2.2"
    audio_properties:
        analysis_sample_rate: 44100
        bitrate: 128
        channels: 2
        equal_loudness: 1
        length: 10.0571432114
        replay_gain: -11.8361988068
        downmix: "mix"
    tags:
        track: 12
        year: 0
        album: "Splitted by Mp3Splt v. 2.1"
        artist: "From 001.50 To 002.00"
        comment: "http://mp3splt.sf.net"
        genre: ""
        title: "02 The Farthest Distance.mp3"

highlevel:
    ballroom:
        all:
            ChaChaCha: 0.349646151066
            Jive: 0.0625639259815
            Quickstep: 0.0456781461835
            Rumba-American: 0.0237458609045
            Rumba-International: 0.145062074065
            Rumba-Misc: 0.114777967334
            Samba: 0.138944506645
            Tango: 0.0177047997713
            VienneseWaltz: 0.0511165671051
            Waltz: 0.0507600009441
        probability: 0.349646151066
        value: "ChaChaCha"
    culture:
        all:
            non_western: 0.95793312788
            western: 0.042066860944
        probability: 0.95793312788
        value: "non_western"
    gender:
        all:
            female: 0.648620307446
            male: 0.351379722357
        probability: 0.648620307446
        value: "female"
    genre_dortmund:
        all:
            alternative: 0.0257165506482
            blues: 0.0874607637525
            electronic: 0.156878232956
            folkcountry: 0.0181207098067
            funksoulrnb: 0.0199059154838
            jazz: 0.113597735763
            pop: 0.0243700761348
            raphiphop: 0.521212697029
            rock: 0.0327373221517
        probability: 0.521212697029
        value: "raphiphop"
    genre_electronica:
        all:
            ambient: 0.355568557978
            dnb: 0.043823055923
            house: 0.407925099134
            techno: 0.170035928488
            trance: 0.0226473789662
        probability: 0.407925099134
        value: "house"
    genre_rosamerica:
        all:
            cla: 0.154656797647
            dan: 0.0999510511756
            hip: 0.447832942009
            jaz: 0.0518371239305
            pop: 0.0247210357338
            rhy: 0.137772366405
            roc: 0.0332371890545
            spe: 0.0499914847314
        probability: 0.447832942009
        value: "hip"
    genre_tzanetakis:
        all:
            blu: 0.0614169426262
            cla: 0.022470548749
            cou: 0.0189794655889
            dis: 0.0651996359229
            hip: 0.508695721626
            jaz: 0.0165740083903
            met: 0.0148359257728
            pop: 0.0184283349663
            reg: 0.22257091105
            roc: 0.0508285053074
        probability: 0.508695721626
        value: "hip"
    live_studio:
        all:
            live: 0.0556691177189
            studio: 0.944330871105
        probability: 0.944330871105
        value: "studio"
    mood:
        all:
            Cluster1: 0.2423928231
            Cluster2: 0.200690209866
            Cluster3: 0.183978140354
            Cluster4: 0.175930544734
            Cluster5: 0.197008296847
        probability: 0.2423928231
        value: "Cluster1"
    mood_acoustic:
        all:
            acoustic: 0.836145281792
            not_acoustic: 0.163854688406
        probability: 0.836145281792
        value: "acoustic"
    mood_aggressive:
        all:
            aggressive: 0.329489767551
            not_aggressive: 0.670510232449
        probability: 0.670510232449
        value: "not_aggressive"
    mood_electronic:
        all:
            electronic: 0.799334943295
            not_electronic: 0.200665026903
        probability: 0.799334943295
        value: "electronic"
    mood_happy:
        all:
            happy: 0.12857709825
            not_happy: 0.871422886848
        probability: 0.871422886848
        value: "not_happy"
    mood_party:
        all:
            not_party: 0.668229997158
            party: 0.331770032644
        probability: 0.668229997158
        value: "not_party"
    mood_relaxed:
        all:
            not_relaxed: 0.12315171957
            relaxed: 0.87684828043
        probability: 0.87684828043
        value: "relaxed"
    mood_sad:
        all:
            not_sad: 0.43473854661
            sad: 0.565261483192
        probability: 0.565261483192
        value: "sad"
    rhythm:
        all:
            fast: 0.389683425426
            medium: 0.535580039024
            slow: 0.0747365355492
        probability: 0.535580039024
        value: "medium"
    speech_music:
        all:
            music: 0.94562536478
            speech: 0.0543746240437
        probability: 0.94562536478
        value: "music"
    timbre:
        all:
            bright: 0.806094110012
            dark: 0.19390591979
        probability: 0.806094110012
        value: "bright"
    voice_instrumental:
        all:
            instrumental: 0.836687803268
            voice: 0.163312196732
        probability: 0.836687803268
        value: "instrumental"

lowlevel:
    average_loudness: 0.986894071102
    barkbands_kurtosis:
        dmean: 7.86193132401
        dmean2: 13.155465126
        dvar: 124.390785217
        dvar2: 285.818084717
        max: 82.3793182373
        mean: 9.83988189697
        min: -1.76960301399
        var: 190.554214478
    barkbands_skewness:
        dmean: 1.13186383247
        dmean2: 1.83640062809
        dvar: 1.15593278408
        dvar2: 2.72477698326
        max: 7.58968925476
        mean: 2.14060735703
        min: -1.5541998148
        var: 2.47939825058
    barkbands_spread:
        dmean: 6.53528213501
        dmean2: 10.7060403824
        dvar: 58.8725280762
        dvar2: 131.657913208
        max: 55.8934440613
        mean: 13.4783649445
        min: 1.0184545517
        var: 104.929969788
    dissonance:
        dmean: 0.0337683930993
        dmean2: 0.0552403070033
        dvar: 0.0011445232667
        dvar2: 0.00252641597763
        max: 0.500000059605
        mean: 0.440839320421
        min: 0.014658048749
        var: 0.00197797711007
    hfc:
        dmean: 1.12058436871
        dmean2: 1.85239458084
        dvar: 3.21133875847
        dvar2: 8.48046016693
        max: 16.9320278168
        mean: 1.19525432587
        min: 1.66024183272e-05
        var: 2.88711166382
    pitch:
        dmean: 472.129577637
        dmean2: 905.488525391
        dvar: 940762.4375
        dvar2: 2333835.5
        max: 4900
        mean: 553.777038574
        min: 43.06640625
        var: 900723.75
    pitch_instantaneous_confidence:
        dmean: 0.137598708272
        dmean2: 0.237015902996
        dvar: 0.0112588433549
        dvar2: 0.0298103895038
        max: 0.8605260849
        mean: 0.435644805431
        min: 0.0674889683723
        var: 0.0223535709083
    pitch_salience:
        dmean: 0.114761851728
        dmean2: 0.1962826401
        dvar: 0.00922523066401
        dvar2: 0.0251620989293
        max: 0.919305860996
        mean: 0.615495800972
        min: 0.262542098761
        var: 0.0149257788435
    silence_rate_20dB:
        dmean: 0
        dmean2: 0
        dvar: 0
        dvar2: 0
        max: 1
        mean: 1
        min: 1
        var: 0
    silence_rate_30dB:
        dmean: 0
        dmean2: 0
        dvar: 0
        dvar2: 0
        max: 1
        mean: 1
        min: 1
        var: 0
    silence_rate_60dB:
        dmean: 0.129032254219
        dmean2: 0.258660495281
        dvar: 0.112383380532
        dvar2: 0.205611437559
        max: 1
        mean: 0.829885065556
        min: 0
        var: 0.14117538929
    spectral_centroid:
        dmean: 264.068969727
        dmean2: 437.226501465
        dvar: 167517.96875
        dvar2: 429403.125
        max: 3139.33837891
        mean: 590.381835938
        min: 183.23298645
        var: 182657.546875
    spectral_complexity:
        dmean: 2.20323324203
        dmean2: 3.70138883591
        dvar: 5.3674659729
        dvar2: 12.8344402313
        max: 18
        mean: 4.5299539566
        min: 0
        var: 8.40578174591
    spectral_crest:
        dmean: 3.56828665733
        dmean2: 5.91824245453
        dvar: 8.10107898712
        dvar2: 19.5892562866
        max: 22.1909103394
        mean: 11.0919799805
        min: 3.95815420151
        var: 15.2905883789
    spectral_decrease:
        dmean: 5.03918573536e-10
        dmean2: 7.8720602259e-10
        dvar: 8.49357841763e-19
        dvar2: 2.06379205367e-18
        max: -6.42417273417e-15
        mean: -5.65763325078e-10
        min: -5.00758323696e-09
        var: 8.05416094769e-19
    spectral_energy:
        dmean: 0.00199186452664
        dmean2: 0.00311695318669
        dvar: 1.28339952425e-05
        dvar2: 3.11738003802e-05
        max: 0.0194917395711
        mean: 0.00224373210222
        min: 2.57521808322e-08
        var: 1.22389374155e-05
    spectral_energyband_high:
        dmean: 3.42031089531e-05
        dmean2: 5.76404454478e-05
        dvar: 6.27061824687e-09
        dvar2: 1.6890810528e-08
        max: 0.000718145922292
        mean: 2.81946049654e-05
        min: 6.4359217955e-10
        var: 4.66089922213e-09
    spectral_energyband_low:
        dmean: 0.00024033759837
        dmean2: 0.000383335485822
        dvar: 1.33653287548e-07
        dvar2: 2.86076101474e-07
        max: 0.00257916469127
        mean: 0.00023507529113
        min: 4.99757701888e-09
        var: 1.40648907632e-07
    spectral_energyband_middle_high:
        dmean: 0.000313723779982
        dmean2: 0.000542317226063
        dvar: 5.03831188325e-07
        dvar2: 1.40003987781e-06
        max: 0.00849297549576
        mean: 0.000327140907757
        min: 4.23769463964e-09
        var: 3.73535499421e-07
    spectral_energyband_middle_low:
        dmean: 0.00164705957286
        dmean2: 0.00270652328618
        dvar: 1.22150668176e-05
        dvar2: 3.06496367557e-05
        max: 0.0181194990873
        mean: 0.00165328511503
        min: 1.50526915377e-08
        var: 1.00843153632e-05
    spectral_flatness_db:
        dmean: 0.0415486469865
        dmean2: 0.0657586827874
        dvar: 0.00153218430933
        dvar2: 0.00340657588094
        max: 0.419088214636
        mean: 0.235501602292
        min: 0.0968035832047
        var: 0.00373669248074
    spectral_flux:
        dmean: 0.0163131803274
        dmean2: 0.0241234060377
        dvar: 0.000392480345909
        dvar2: 0.000604580796789
        max: 0.123468413949
        mean: 0.0323782935739
        min: 0.00448380364105
        var: 0.000705746409949
    spectral_kurtosis:
        dmean: 7.89504003525
        dmean2: 13.201458931
        dvar: 84.9630279541
        dvar2: 199.311691284
        max: 63.6180648804
        mean: 13.5761213303
        min: 0.199081897736
        var: 147.43838501
    spectral_rms:
        dmean: 0.000528626842424
        dmean2: 0.000770228274632
        dvar: 4.55508796904e-07
        dvar2: 9.80507252279e-07
        max: 0.00436077173799
        mean: 0.00124499655794
        min: 5.0123926485e-06
        var: 6.38990684365e-07
    spectral_rolloff:
        dmean: 527.389038086
        dmean2: 946.463256836
        dvar: 785224.5625
        dvar2: 1899812.125
        max: 5060.30273438
        mean: 954.803710938
        min: 172.265625
        var: 787480.1875
    spectral_skewness:
        dmean: 0.736866354942
        dmean2: 1.1902269125
        dvar: 0.528510570526
        dvar2: 1.20013213158
        max: 6.4867773056
        mean: 2.57554554939
        min: 0.147688046098
        var: 1.15159571171
    spectral_spread:
        dmean: 1012531.1875
        dmean2: 1447112.625
        dvar: 1.39568008397e+12
        dvar2: 2.39756718899e+12
        max: 9908536
        mean: 3316888.25
        min: 1082932
        var: 2.82788023501e+12
    spectral_strongpeak:
        dmean: 0.132196754217
        dmean2: 0.232474774122
        dvar: 0.0280455611646
        dvar2: 0.0733165740967
        max: 1.18531739712
        mean: 0.192821934819
        min: 0
        var: 0.0345715843141
    zerocrossingrate:
        dmean: 0.00874508358538
        dmean2: 0.0109422467649
        dvar: 7.60370967328e-05
        dvar2: 0.000106961932033
        max: 0.10302734375
        mean: 0.0342314392328
        min: 0.00244140625
        var: 0.00032851062133
    barkbands:
        dmean: [3.9533887275e-07, 6.5609041485e-05, 0.000203977193451, 0.000568592804484, 0.00108097284101, 0.000159476927365, 0.000120725948364, 4.85799828311e-05, 2.92831555271e-05, 2.47714433499e-05, 1.66956324392e-05, 2.58567524725e-05, 4.74616099382e-05, 3.54105468432e-05, 0.00010140966333, 1.90124446817e-05, 1.93017058336e-05, 3.13720556733e-05, 2.26895062951e-05, 2.73464447673e-05, 1.31002307171e-05, 4.196233931e-06, 9.75618036136e-07, 3.43974647876e-07, 2.13389128589e-07, 1.43230414196e-08, 1.11891461374e-10]
        dmean2: [6.68105428758e-07, 0.000108017484308, 0.000344327709172, 0.000992371700704, 0.00198445166461, 0.000277385581285, 0.000204362921068, 8.19371562102e-05, 5.30180004716e-05, 4.52977401437e-05, 2.94344645226e-05, 3.69449226127e-05, 7.628750609e-05, 5.94008488406e-05, 0.000190337203094, 3.30488510372e-05, 3.36785160471e-05, 5.4846455896e-05, 4.02986843255e-05, 4.91528153361e-05, 2.16192820517e-05, 6.66934056426e-06, 1.50651806052e-06, 5.52467213311e-07, 3.44426979382e-07, 2.16646149909e-08, 2.02170349906e-10]
        dvar: [5.60439119158e-13, 7.7397706022e-09, 1.32779746309e-07, 2.12475811168e-06, 7.82808547228e-06, 4.16800283176e-08, 4.30861000211e-08, 1.47856242805e-08, 3.39529826476e-09, 2.70685318604e-09, 1.3886092276e-09, 3.16334936024e-09, 8.1378894734e-09, 6.24118934311e-09, 2.94201271345e-07, 1.84988080409e-09, 4.62023486136e-09, 5.54833201605e-09, 2.80184830892e-09, 5.03379649075e-09, 6.73943456597e-10, 1.06379453857e-10, 5.89277194749e-12, 6.65541786179e-13, 2.34788723836e-13, 1.54971401024e-15, 3.39995691749e-20]
        dvar2: [1.43567525489e-12, 1.9935173512e-08, 3.01175390405e-07, 5.82201073485e-06, 2.19976482185e-05, 1.08353418682e-07, 1.10041838752e-07, 3.33102754269e-08, 9.29922183701e-09, 7.38974881287e-09, 3.71649533371e-09, 5.59688562163e-09, 1.8837418736e-08, 1.60169051355e-08, 8.63553964336e-07, 4.87473705846e-09, 1.30987700686e-08, 1.52098351691e-08, 7.73768160656e-09, 1.43409026876e-08, 1.62285374028e-09, 2.51449333577e-10, 1.33749643305e-11, 1.54628404265e-12, 4.85877614184e-13, 3.10188441603e-15, 9.85602825081e-20]
        max: [6.11854147792e-06, 0.000540026405361, 0.00255582318641, 0.0117766913027, 0.0144166108221, 0.00147269340232, 0.0016863765195, 0.00162056670524, 0.000330085575115, 0.000299789768178, 0.000249023607466, 0.000860699918121, 0.00101110560354, 0.000780512171332, 0.0068069784902, 0.00047938345233, 0.000979966018349, 0.000750464736484, 0.000555439444724, 0.000604878354352, 0.000220866655582, 8.2573540567e-05, 2.49833046837e-05, 8.98381404113e-06, 2.90649495582e-06, 3.59000267736e-07, 1.53345425247e-09]
        mean: [6.69749624649e-07, 7.1868460509e-05, 0.000162575786817, 0.00039584148908, 0.000829723081551, 0.000197405024664, 0.000136283924803, 6.7256813054e-05, 2.43492868321e-05, 1.66691261256e-05, 1.44839514178e-05, 3.7739322579e-05, 6.94776390446e-05, 3.42521161656e-05, 6.43955281703e-05, 1.81390678335e-05, 1.7391756046e-05, 2.91081269097e-05, 1.86181678146e-05, 2.06808308576e-05, 1.17363961181e-05, 3.64641846318e-06, 9.12799237085e-07, 3.10433449613e-07, 1.86468454899e-07, 1.29822623762e-08, 9.07451544463e-11]
        min: [3.30446614516e-10, 2.48951281812e-09, 1.68694558322e-09, 1.6928658475e-09, 3.99674560114e-09, 3.08788306036e-09, 2.01699168478e-09, 1.59945168221e-09, 2.35862218645e-09, 1.46246159627e-09, 2.00226488167e-10, 3.28516935877e-10, 8.6215801165e-10, 2.96010910228e-10, 1.2384793191e-10, 2.70251848677e-10, 2.6246099738e-10, 2.60034382915e-10, 2.1146079332e-10, 4.99399022136e-10, 2.99251762259e-10, 7.14128478574e-11, 2.6059775865e-11, 2.36345795365e-12, 1.86109786436e-12, 6.66020407228e-13, 2.09868438546e-14]
        var: [1.3751941209e-12, 8.60667714875e-09, 1.15617261542e-07, 1.37901247399e-06, 4.85045984533e-06, 4.65192222521e-08, 4.56244038105e-08, 3.56449483263e-08, 2.52142728918e-09, 1.78609793622e-09, 1.09261266701e-09, 7.77646480543e-09, 1.36006583773e-08, 5.64043789453e-09, 1.57456327088e-07, 1.70126446264e-09, 3.36769212517e-09, 4.34441282948e-09, 2.01050420756e-09, 3.0819733432e-09, 6.37162211881e-10, 1.01401290142e-10, 5.92146730954e-12, 6.65700296536e-13, 2.56285769516e-13, 1.73708108631e-15, 2.56682916713e-20]
    mfcc:
        mean: [-858.236816406, 173.72215271, -34.1004753113, 62.9922142029, -3.57650971413, 12.0093250275, -6.26804018021, -21.6598758698, -21.4378833771, -10.4195957184, -3.50359153748, -1.82606911659, -6.76349306107]
        cov: [[7960.37353516, -2019.02380371, -322.547485352, -866.567199707, -82.2956466675, -271.073913574, 364.895172119, 465.049316406, 425.330932617, 89.3968353271, 103.484031677, 217.940475464, -38.6819076538], [-2019.02380371, 1960.55224609, -290.194671631, 32.9872398376, -81.9762115479, -58.7039604187, -32.2309837341, 59.9067153931, -8.07392311096, 70.7537918091, -42.6398925781, -54.7058944702, -34.2630195618], [-322.547485352, -290.194671631, 905.084716797, 156.647674561, -28.2229938507, 50.7066268921, 31.0751438141, 26.3760585785, 63.3749961853, 46.8060874939, 12.3865070343, -11.7187585831, 52.1309089661], [-866.567199707, 32.9872398376, 156.647674561, 421.678985596, 82.3783187866, 46.3498077393, -24.4285011292, -78.7684020996, -25.5539112091, -4.53600645065, -20.2929859161, -24.2552013397, 18.6283340454], [-82.2956466675, -81.9762115479, -28.2229938507, 82.3783187866, 241.996200562, 93.0512084961, 41.2123680115, -32.7470970154, -9.83423614502, -16.0306758881, 21.1758441925, 24.651676178, 1.40158510208], [-271.073913574, -58.7039604187, 50.7066268921, 46.3498077393, 93.0512084961, 214.02154541, 58.0712928772, -15.2475767136, -42.574836731, 3.61662864685, 74.6588745117, 37.0784416199, 1.85243558884], [364.895172119, -32.2309837341, 31.0751438141, -24.4285011292, 41.2123680115, 58.0712928772, 164.693511963, 83.5330123901, 53.9014511108, 27.557466507, 72.2218780518, 82.6225585938, 13.7840747833], [465.049316406, 59.9067153931, 26.3760585785, -78.7684020996, -32.7470970154, -15.2475767136, 83.5330123901, 178.622467041, 85.7171859741, 39.5519142151, 37.8356704712, 71.0609588623, 26.2133522034], [425.330932617, -8.07392311096, 63.3749961853, -25.5539112091, -9.83423614502, -42.574836731, 53.9014511108, 85.7171859741, 152.844924927, 64.1693115234, 17.2353076935, 9.51424407959, 10.1366186142], [89.3968353271, 70.7537918091, 46.8060874939, -4.53600645065, -16.0306758881, 3.61662864685, 27.557466507, 39.5519142151, 64.1693115234, 93.0347061157, 22.630651474, 3.49047279358, 5.85093402863], [103.484031677, -42.6398925781, 12.3865070343, -20.2929859161, 21.1758441925, 74.6588745117, 72.2218780518, 37.8356704712, 17.2353076935, 22.630651474, 117.732582092, 84.7931518555, 30.7608947754], [217.940475464, -54.7058944702, -11.7187585831, -24.2552013397, 24.651676178, 37.0784416199, 82.6225585938, 71.0609588623, 9.51424407959, 3.49047279358, 84.7931518555, 134.94178772, 54.0158500671], [-38.6819076538, -34.2630195618, 52.1309089661, 18.6283340454, 1.40158510208, 1.85243558884, 13.7840747833, 26.2133522034, 10.1366186142, 5.85093402863, 30.7608947754, 54.0158500671, 66.4398040771]]
        icov: [[0.000430685642641, 0.00051086145686, 0.000232247228269, 0.00049824413145, -5.61851229577e-05, 0.000544719223399, -0.000504840165377, -0.000598826154601, -0.0004556994827, -0.000276347418549, 0.000127456776681, -0.000231763377087, 0.000742547679693], [0.00051086145686, 0.00122856046073, 0.000540527515113, 0.000343101652106, 6.09968592471e-05, 0.000765205244534, -0.000630298221949, -0.00132594513707, 1.41052214531e-05, -0.00104821275454, 0.00010042010399, 0.000256189989159, 0.000877349870279], [0.000232247228269, 0.000540527515113, 0.00165014027152, -0.000324251188431, 0.000540197826922, -0.000340231053997, -0.000740491785109, -0.000699247349985, -0.000574729638174, -0.000479716283735, 0.000230422709137, 0.00117012800183, -0.00129034556448], [0.00049824413145, 0.000343101652106, -0.000324251188431, 0.00381349702366, -0.00100279785693, 0.000146783757373, -0.000606264278758, 0.000916357559618, -0.000790135003626, -0.000475408771308, 0.00121839076746, -0.000425217847805, -0.000622468360234], [-5.61851229577e-05, 6.09968592471e-05, 0.000540197826922, -0.00100279785693, 0.00619689514861, -0.00307144247927, -0.0011133296648, 0.00203202990815, -0.00212893285789, 0.00135785737075, 0.00214375299402, -0.00193783664145, 2.83820572804e-05], [0.000544719223399, 0.000765205244534, -0.000340231053997, 0.000146783757373, -0.00307144247927, 0.0104517200962, -0.00281247170642, -0.00172547798138, 0.00469488138333, -0.00210912153125, -0.00689576612785, 0.00288714119233, 0.00229006609879], [-0.000504840165377, -0.000630298221949, -0.000740491785109, -0.000606264278758, -0.0011133296648, -0.00281247170642, 0.0141506642103, -0.00188652635552, -0.00303631764837, 0.000317623402225, -0.0018067577621, -0.00695614144206, 0.00496960803866], [-0.000598826154601, -0.00132594513707, -0.000699247349985, 0.000916357559618, 0.00203202990815, -0.00172547798138, -0.00188652635552, 0.014043468982, -0.00551743200049, 0.000164871205925, 0.00394617952406, -0.00732749141753, -0.000927311659325], [-0.0004556994827, 1.41052214531e-05, -0.000574729638174, -0.000790135003626, -0.00212893285789, 0.00469488138333, -0.00303631764837, -0.00551743200049, 0.0164080802351, -0.00705865584314, -0.00405562669039, 0.00701786950231, -0.00257433042862], [-0.000276347418549, -0.00104821275454, -0.000479716283735, -0.000475408771308, 0.00135785737075, -0.00210912153125, 0.000317623402225, 0.000164871205925, -0.00705865584314, 0.0178130101413, -0.00317284930497, 0.00252162385732, -0.00136539223604], [0.000127456776681, 0.00010042010399, 0.000230422709137, 0.00121839076746, 0.00214375299402, -0.00689576612785, -0.0018067577621, 0.00394617952406, -0.00405562669039, -0.00317284930497, 0.023612357676, -0.013748921454, -0.000287623610348], [-0.000231763377087, 0.000256189989159, 0.00117012800183, -0.000425217847805, -0.00193783664145, 0.00288714119233, -0.00695614144206, -0.00732749141753, 0.00701786950231, 0.00252162385732, -0.013748921454, 0.0300092082471, -0.0158319417387], [0.000742547679693, 0.000877349870279, -0.00129034556448, -0.000622468360234, 2.83820572804e-05, 0.00229006609879, 0.00496960803866, -0.000927311659325, -0.00257433042862, -0.00136539223604, -0.000287623610348, -0.0158319417387, 0.0299109555781]]
    spectral_contrast:
        mean: [-2.76469762639e-07, -2.51989291655e-07, 4.2485476115e-07, 1.0197338085e-08, -1.87195837498e-07, -8.18533862912e-08, 1.90190667126e-06, 1.92685064349e-07, 2.9994595252e-07, 1.35950779168e-06, 2.19328603634e-06, -3.65868140761e-06]
        var: [0.000416844530264, 0.000861235253979, 0.00139601691626, 0.00261489558034, 0.00617103651166, 0.00823810696602, 0.0682130455971, 0.097764365375, 0.368261873722, 0.652857840061, 1.07273495197, 4.60512828827]

rhythm:
    beats_loudness:
        dmean: 0.00271582952701
        dmean2: 0.00507331546396
        dvar: 3.86665260521e-06
        dvar2: 1.00187371572e-05
        max: 0.015523456037
        mean: 0.0094060273841
        min: 0.00222218967974
        var: 6.68675102133e-06
    beats_loudness_bass:
        dmean: 0.0920437797904
        dmean2: 0.141524404287
        dvar: 0.00252475915477
        dvar2: 0.00862617604434
        max: 0.658834815025
        mean: 0.51131439209
        min: 0.395431101322
        var: 0.00558147998527
    bpm: 128.30241394
    bpm_confidence: 0
    first_peak_bpm: 128
    first_peak_spread: 0.0476190447807
    first_peak_weight: 0.952380955219
    onset_rate: 7.25852251053
    second_peak_bpm: 0
    second_peak_spread: 0
    second_peak_weight: 0
    beats_position: [0.0386654660106, 0.506165206432, 0.973664939404, 1.44116473198, 1.90866458416, 2.37616443634, 2.84366416931, 3.31116390228, 3.77866339684, 4.24616289139, 4.71366262436, 5.18116235733, 5.6486620903, 6.13339281082, 6.6011633873, 7.06893348694, 7.53670406342, 8.00447368622, 8.47224521637, 8.94001579285, 9.40778541565, 9.87555503845]
    bpm_estimates: [128.646682739, 128.38230896, 128.757720947, 128.217178345, 128.19128418, 128.251190186, 128.049942017, 128.073822021, 128.514526367, 128.441421509, 127.95475769, 128.755477905, 127.908782959, 127.931526184, 128.069198608, 127.873527527, 127.685035706, 128.773117065, 128.769073486, 128.801757812]
    bpm_intervals: [0.467499732971, 0.467499732971, 0.467499792576, 0.46749985218, 0.46749985218, 0.467499732971, 0.467499732971, 0.467499494553, 0.467499494553, 0.467499732971, 0.467499732971, 0.467499732971, 0.48473072052, 0.467770576477, 0.46777009964, 0.467770576477, 0.467769622803, 0.467771530151, 0.467770576477, 0.467769622803, 0.467769622803]
    onset_times: [0.0348299331963, 0.267029464245, 0.383129239082, 0.49922901392, 0.626938760281, 0.731428563595, 0.893968224525, 0.96362811327, 1.20743763447, 1.33514738083, 1.43963718414, 1.67183673382, 1.90403628349, 2.04335594177, 2.14784574509, 2.28716564178, 2.38004541397, 2.50775504112, 2.61224484444, 2.84444451332, 3.00698423386, 3.09986400604, 3.32045340538, 3.43655323982, 3.55265307426, 3.66875290871, 3.79646253586, 4.02866220474, 4.14476203918, 4.2492518425, 4.38857126236, 4.49306106567, 4.6439909935, 4.72526073456, 4.95746040344, 5.08517026901, 5.18966007233, 5.4334692955, 5.54956912994, 5.66566896439, 5.80498886108, 5.9094786644, 6.03718805313, 6.13006782532, 6.26938772202, 6.37387752533, 6.51319742203, 6.60607719421, 6.74539661407, 6.8382768631, 6.96598625183, 7.07047605515, 7.20979595184, 7.32589578629, 7.53487539291, 7.79029464722, 7.90639448166, 8.01088428497, 8.13859367371, 8.25469398499, 8.40562343597, 8.47528362274, 8.71909332275, 8.84680271149, 8.95129299164, 9.18349170685, 9.33442211151, 9.42730140686, 9.5666217804, 9.67111110687, 9.79882049561, 9.89170074463, 10.0194101334]
    rubato_start: []
    rubato_stop: []
    perceptual_tempo: "unknown"

sfx:
    inharmonicity:
        dmean: 0.0353571623564
        dmean2: 0.0663205385208
        dvar: 0.00411795126274
        dvar2: 0.0119156120345
        max: 0.425033301115
        mean: 0.0233670827001
        min: 0
        var: 0.00269245472737
    oddtoevenharmonicenergyratio:
        dmean: 10.5731172562
        dmean2: 21.0425186157
        dvar: 3955.10131836
        dvar2: 11800.0439453
        max: 842.877319336
        mean: 5.42323923111
        min: 0
        var: 2003.1463623
    pitch_after_max_to_before_max_energy_ratio: 11.0709066391
    pitch_centroid: 205.390380859
    pitch_max_to_total: 0.0737327188253
    pitch_min_to_total: 0.884792625904
    tristimulus:
        dmean: [0.283796042204, 0.280972212553, 0.0612450689077]
        dmean2: [0.509043753147, 0.504093766212, 0.109777323902]
        dvar: [0.0607798695564, 0.0644678100944, 0.00845949631184]
        dvar2: [0.166810765862, 0.182711616158, 0.0237616095692]
        max: [1, 0.982501149178, 0.68525069952]
        mean: [0.620236754417, 0.299236387014, 0.0493379086256]
        min: [0.0152980461717, 0, 0]
        var: [0.0730857402086, 0.0708959922194, 0.00606371276081]

tonal:
    chords_changes_rate: 0.146788984537
    chords_number_rate: 0.0366972461343
    chords_strength:
        dmean: 0.0167760644108
        dmean2: 0.0226596947759
        dvar: 0.000162739481311
        dvar2: 0.000275152589893
        max: 0.681660890579
        mean: 0.494553565979
        min: 0.272855937481
        var: 0.00846077967435
    key_strength: 0.697285294533
    tuning_diatonic_strength: 0.556197583675
    tuning_equal_tempered_deviation: 0.224510714412
    tuning_frequency: 434.695007324
    tuning_nontempered_energy_ratio: 0.858266830444
    hpcp:
        dmean: [0.181785255671, 0.189838811755, 0.159794420004, 0.116285763681, 0.126564174891, 0.141937032342, 0.178087100387, 0.212183073163, 0.164604201913, 0.104685887694, 0.0901133045554, 0.114543281496, 0.207181170583, 0.219227001071, 0.161562100053, 0.155156672001, 0.16768668592, 0.172716647387, 0.172012880445, 0.210419222713, 0.258620679379, 0.270621240139, 0.266270816326, 0.2116124928, 0.197172522545, 0.193333521485, 0.149387225509, 0.123187571764, 0.11499980092, 0.130871400237, 0.127311050892, 0.125953882933, 0.180660933256, 0.221060395241, 0.21024736762, 0.206695780158]
        dmean2: [0.311590582132, 0.3342217803, 0.286923080683, 0.198362126946, 0.23886308074, 0.262279719114, 0.304587304592, 0.369416445494, 0.283900797367, 0.195517525077, 0.162862032652, 0.204776793718, 0.372833400965, 0.389260619879, 0.27880692482, 0.272773772478, 0.28998503089, 0.307791560888, 0.299464166164, 0.371047973633, 0.474701166153, 0.495887547731, 0.477221250534, 0.35544911027, 0.343965321779, 0.351821839809, 0.274024546146, 0.222776114941, 0.20766890049, 0.239338651299, 0.232801064849, 0.231212243438, 0.332319289446, 0.395285099745, 0.370505601168, 0.370346814394]
        dvar: [0.0474563762546, 0.0572650432587, 0.0443825311959, 0.0299872104079, 0.0433843880892, 0.0349233485758, 0.048012688756, 0.0700290501118, 0.0491494983435, 0.0215369872749, 0.0201779678464, 0.023879321292, 0.0709301382303, 0.074322104454, 0.0372453182936, 0.0422787517309, 0.0528546757996, 0.0585682913661, 0.0473549328744, 0.0608479753137, 0.0676456913352, 0.0892701372504, 0.0730650424957, 0.0451605319977, 0.052538562566, 0.0725693926215, 0.0367867946625, 0.0394586920738, 0.0383137874305, 0.0474965050817, 0.0433977767825, 0.0451344996691, 0.0616439878941, 0.0702194347978, 0.0595555528998, 0.0568195730448]
        dvar2: [0.122311033309, 0.143290549517, 0.113410383463, 0.0823200196028, 0.10840857774, 0.0948512554169, 0.118549093604, 0.147430196404, 0.112442702055, 0.0596816390753, 0.0550641790032, 0.0628025010228, 0.195618972182, 0.171363532543, 0.0903917476535, 0.118613116443, 0.136327207088, 0.160788625479, 0.130756020546, 0.169421806931, 0.201793566346, 0.235673934221, 0.171950146556, 0.111453145742, 0.134464398026, 0.206962496042, 0.10435257107, 0.108366839588, 0.0980323255062, 0.114300884306, 0.113217830658, 0.118595652282, 0.167794167995, 0.186809509993, 0.162539064884, 0.152688995004]
        max: [1, 1, 1, 1, 1, 1, 1, 1, 1, 1, 0.882054924965, 0.935810148716, 1, 1, 1, 1, 1, 1, 1, 1, 1, 1, 1, 1, 1, 1, 1, 1, 1, 1, 1, 1, 1, 1, 1, 1]
        mean: [0.20834620297, 0.198789104819, 0.137705907226, 0.101971261203, 0.103594385087, 0.114745497704, 0.166293218732, 0.208541184664, 0.15606418252, 0.0896195247769, 0.0736049711704, 0.0923639461398, 0.183404758573, 0.232207939029, 0.166424572468, 0.135538265109, 0.144811213017, 0.135614797473, 0.171985805035, 0.206252753735, 0.22049190104, 0.265106886625, 0.258949935436, 0.212433800101, 0.189954519272, 0.158622667193, 0.125327736139, 0.105634331703, 0.0996524021029, 0.110973328352, 0.107028409839, 0.0993911474943, 0.14557698369, 0.231663525105, 0.240606591105, 0.200353756547]
        min: [0.00200541061349, 0.000877212325577, 0.0015910792863, 0.00110036344267, 0.000707561790477, 0.000485322379973, 0.000834665203001, 0.00116796675138, 0.001082408824, 0.00033463537693, 0.000253263599006, 0.000530584773514, 0.000748143938836, 0.000194492109586, 0.000418043928221, 0.000341737963026, 0.000483012059703, 0.000677830365021, 0.000375147792511, 0.000636109907646, 0.000197310189833, 0.00148982554674, 0.000848580675665, 0.00065686571179, 0.00114056793973, 0.000329335976858, 0.000134106070618, 0.000181155119208, 0.000188078047358, 0.000718303956091, 0.000955429568421, 0.000861089734826, 0.000770211336203, 0.00084548862651, 0.00053264683811, 0.00106560264248]
        var: [0.0765379369259, 0.0751101225615, 0.0455466397107, 0.031163001433, 0.0410409159958, 0.0315743461251, 0.0541244111955, 0.0876819118857, 0.0591957457364, 0.0182446260005, 0.0173059310764, 0.0217621196061, 0.0739496946335, 0.0997665673494, 0.0430824682117, 0.0425060093403, 0.0536424033344, 0.0446740351617, 0.0499574169517, 0.0691784843802, 0.0664342567325, 0.101012736559, 0.0944830104709, 0.0637162923813, 0.0618634968996, 0.0588821619749, 0.0307842977345, 0.0305800009519, 0.0319877229631, 0.0406882911921, 0.0348524339497, 0.0356525145471, 0.0529714226723, 0.0882503241301, 0.0739126205444, 0.0594184435904]
    chords_histogram: [23.8532104492, 17.8899078369, 21.1009178162, 5.9633026123, 1.37614679337, 1.83486235142, 0, 0, 0, 0, 0, 0, 0.917431175709, 0, 0, 19.2660541534, 0, 0.458715587854, 0, 7.33944940567, 0, 0, 0, 0]
    thpcp: [1, 0.976775586605, 0.801313757896, 0.716520488262, 0.598334789276, 0.472744166851, 0.398459404707, 0.375895172358, 0.41859844327, 0.403717964888, 0.374909728765, 0.549125611782, 0.873849511147, 0.907583355904, 0.755747079849, 0.785895109177, 0.749845147133, 0.519435405731, 0.384642064571, 0.390764594078, 0.432827293873, 0.62726855278, 0.786630570889, 0.588684022427, 0.338050544262, 0.277642607689, 0.348402678967, 0.691814363003, 0.875903069973, 0.627764046192, 0.51125895977, 0.546237111092, 0.511547625065, 0.648741364479, 0.777998447418, 0.831709444523]
    chords_key: "A"
    chords_scale: "major"
    key_key: "A"
    key_scale: "major"
    chords_progression: ["E", "E", "E", "E", "E", "E", "E", "E", "E", "E", "E", "E", "E", "E", "E", "E", "E", "E", "E", "E", "E", "E", "E", "E", "E", "E", "E", "E", "E", "Em", "Em", "Em", "Em", "Em", "Em", "E", "E", "G#m", "E", "E", "E", "D#", "Em", "Em", "Em", "Em", "Em", "Em", "Em", "Em", "Em", "Em", "D#", "D#m", "D#m", "D#m", "D#m", "B", "B", "B", "G#m", "G#m", "G#m", "G#m", "G#m", "G#m", "G#m", "G#m", "G#m", "G#m", "E", "E", "E", "E", "A", "A", "A", "Am", "A", "A", "A", "A", "A", "A", "A", "E", "G#m", "E", "G#m", "E", "E", "E", "E", "E", "E", "C#m", "C#m", "C#m", "C#m", "C#m", "C#m", "C#m", "C#m", "C#m", "C#m", "C#m", "C#m", "C#m", "C#m", "C#m", "C#m", "C#m", "C#m", "C#m", "C#m", "C#m", "C#m", "C#m", "C#m", "C#m", "C#m", "C#m", "C#m", "C#m", "C#m", "C#m", "C#m", "C#m", "C#m", "C#m", "C#m", "A", "C#m", "A", "A", "A", "A", "A", "A", "A", "A", "A", "A", "A", "A", "A", "A", "A", "A", "A", "A", "A", "A", "A", "A", "A", "A", "A", "A", "A", "A", "A", "A", "C#m", "A", "A", "C#m", "A", "A", "A", "A", "A", "A", "Dm", "A", "Dm", "Dm", "Dm", "Dm", "Dm", "Dm", "Dm", "Dm", "Dm", "Dm", "Dm", "A", "A", "Dm", "Dm", "Dm", "Dm", "Dm", "Dm", "Dm", "Dm", "Dm", "Dm", "Dm", "Dm", "Dm", "Dm", "Dm", "Dm", "Dm", "Dm", "Dm", "Dm", "Dm", "Dm", "Dm", "Dm", "Dm", "Dm", "Dm", "Dm", "Dm", "Dm"]
