
metadata:
    version:
        essentia: "1.2.2"
    audio_properties:
        analysis_sample_rate: 44100
        bitrate: 128
        channels: 2
        equal_loudness: 1
        length: 10.0048980713
        replay_gain: -10.7896022797
        downmix: "mix"
    tags:
        track: 22
        year: 0
        album: "Splitted by Mp3Splt v. 2.1"
        artist: "From 003.30 To 003.40"
        comment: "http://mp3splt.sf.net"
        genre: ""
        title: "08 Tosh (Gosh).mp3"

highlevel:
    ballroom:
        all:
            ChaChaCha: 0.193468362093
            Jive: 0.187689214945
            Quickstep: 0.00271129375324
            Rumba-American: 0.00056693382794
            Rumba-International: 0.000800052017439
            Rumba-Misc: 0.000632110866718
            Samba: 0.613070249557
            Tango: 0.000410251232097
            VienneseWaltz: 0.000374820752768
            Waltz: 0.000276706181467
        probability: 0.613070249557
        value: "Samba"
    culture:
        all:
            non_western: 1.33217863549e-05
            western: 0.99998664856
        probability: 0.99998664856
        value: "western"
    gender:
        all:
            female: 0.969403803349
            male: 0.0305962245911
        probability: 0.969403803349
        value: "female"
    genre_dortmund:
        all:
            alternative: 0.0543174259365
            blues: 0.000852099386975
            electronic: 0.390565335751
            folkcountry: 0.0178510434926
            funksoulrnb: 0.00460897805169
            jazz: 0.00977891590446
            pop: 0.0889386534691
            raphiphop: 0.0224038697779
            rock: 0.410683661699
        probability: 0.410683661699
        value: "rock"
    genre_electronica:
        all:
            ambient: 0.0137214325368
            dnb: 0.163963481784
            house: 0.00352285266854
            techno: 0.0132175879553
            trance: 0.805574655533
        probability: 0.805574655533
        value: "trance"
    genre_rosamerica:
        all:
            cla: 0.00216125533916
            dan: 0.932392954826
            hip: 0.00815382413566
            jaz: 0.000856133934576
            pop: 0.028264015913
            rhy: 0.00149291043635
            roc: 0.0261965580285
            spe: 0.000482354371343
        probability: 0.932392954826
        value: "dan"
    genre_tzanetakis:
        all:
            blu: 0.00111031904817
            cla: 0.00186295004096
            cou: 0.00614223256707
            dis: 0.429153591394
            hip: 0.0248937401921
            jaz: 0.0351537130773
            met: 0.017362261191
            pop: 0.440984964371
            reg: 0.0204423926771
            roc: 0.0228938311338
        probability: 0.440984964371
        value: "pop"
    live_studio:
        all:
            live: 0.0212516393512
            studio: 0.978748381138
        probability: 0.978748381138
        value: "studio"
    mood:
        all:
            Cluster1: 0.483732640743
            Cluster2: 0.124683305621
            Cluster3: 0.0225907769054
            Cluster4: 0.0839014723897
            Cluster5: 0.285091787577
        probability: 0.483732640743
        value: "Cluster1"
    mood_acoustic:
        all:
            acoustic: 0.00386193068698
            not_acoustic: 0.996138095856
        probability: 0.996138095856
        value: "not_acoustic"
    mood_aggressive:
        all:
            aggressive: 0.838189184666
            not_aggressive: 0.161810815334
        probability: 0.838189184666
        value: "aggressive"
    mood_electronic:
        all:
            electronic: 0.973635733128
            not_electronic: 0.026364242658
        probability: 0.973635733128
        value: "electronic"
    mood_happy:
        all:
            happy: 0.598124325275
            not_happy: 0.401875704527
        probability: 0.598124325275
        value: "happy"
    mood_party:
        all:
            not_party: 0.11761238426
            party: 0.882387638092
        probability: 0.882387638092
        value: "party"
    mood_relaxed:
        all:
            not_relaxed: 0.277116894722
            relaxed: 0.722883105278
        probability: 0.722883105278
        value: "relaxed"
    mood_sad:
        all:
            not_sad: 0.896449804306
            sad: 0.103550210595
        probability: 0.896449804306
        value: "not_sad"
    rhythm:
        all:
            fast: 0.603526055813
            medium: 0.387115359306
            slow: 0.00935861095786
        probability: 0.603526055813
        value: "fast"
    speech_music:
        all:
            music: 0.991050899029
            speech: 0.00894911214709
        probability: 0.991050899029
        value: "music"
    timbre:
        all:
            bright: 0.764228224754
            dark: 0.235771760345
        probability: 0.764228224754
        value: "bright"
    voice_instrumental:
        all:
            instrumental: 0.0485445223749
            voice: 0.9514554739
        probability: 0.9514554739
        value: "voice"

lowlevel:
    average_loudness: 0.985050976276
    barkbands_kurtosis:
        dmean: 0.586082458496
        dmean2: 0.969839215279
        dvar: 1.23803722858
        dvar2: 2.43578577042
        max: 14.8087043762
        mean: -0.665693879128
        min: -1.73302686214
        var: 2.7876162529
    barkbands_skewness:
        dmean: 0.366369098425
        dmean2: 0.545984327793
        dvar: 0.120520859957
        dvar2: 0.225983589888
        max: 3.51728987694
        mean: 0.428764432669
        min: -1.25481939316
        var: 0.410192787647
    barkbands_spread:
        dmean: 5.96769762039
        dmean2: 9.23706817627
        dvar: 23.0194282532
        dvar2: 52.8653869629
        max: 64.9476242065
        mean: 39.8862075806
        min: 8.0714302063
        var: 93.0766830444
    dissonance:
        dmean: 0.0128501364961
        dmean2: 0.0213522203267
        dvar: 0.000162230207934
        dvar2: 0.000428338273196
        max: 0.499883651733
        mean: 0.476054489613
        min: 0.412945389748
        var: 0.000285165355308
    hfc:
        dmean: 3.43662285805
        dmean2: 4.86643123627
        dvar: 15.3556442261
        dvar2: 31.0607795715
        max: 25.0540065765
        mean: 5.34552907944
        min: 0.535069644451
        var: 22.4668540955
    pitch:
        dmean: 860.324645996
        dmean2: 1632.17932129
        dvar: 2045176.25
        dvar2: 4928509
        max: 4900
        mean: 840.194396973
        min: 86.9822463989
        var: 1894763.25
    pitch_instantaneous_confidence:
        dmean: 0.0804077237844
        dmean2: 0.125169485807
        dvar: 0.00481805112213
        dvar2: 0.0100653460249
        max: 0.674359798431
        mean: 0.302829176188
        min: 0.117460072041
        var: 0.0114189358428
    pitch_salience:
        dmean: 0.0568401180208
        dmean2: 0.0890123695135
        dvar: 0.00243303482421
        dvar2: 0.00556861609221
        max: 0.897532701492
        mean: 0.705371916294
        min: 0.461154162884
        var: 0.00543543510139
    silence_rate_20dB:
        dmean: 0
        dmean2: 0
        dvar: 0
        dvar2: 0
        max: 1
        mean: 1
        min: 1
        var: 0
    silence_rate_30dB:
        dmean: 0
        dmean2: 0
        dvar: 0
        dvar2: 0
        max: 1
        mean: 1
        min: 1
        var: 0
    silence_rate_60dB:
        dmean: 0.293023258448
        dmean2: 0.587412595749
        dvar: 0.207160174847
        dvar2: 0.321612507105
        max: 1
        mean: 0.624129951
        min: 0
        var: 0.234592735767
    spectral_centroid:
        dmean: 313.852294922
        dmean2: 434.270568848
        dvar: 94602.90625
        dvar2: 151177.203125
        max: 3598.86132812
        mean: 1555.0456543
        min: 375.248138428
        var: 334686.125
    spectral_complexity:
        dmean: 5.96495342255
        dmean2: 8.57142829895
        dvar: 34.8795967102
        dvar2: 62.1886482239
        max: 43
        mean: 11.2400932312
        min: 1
        var: 62.6859970093
    spectral_crest:
        dmean: 1.81734073162
        dmean2: 3.08678865433
        dvar: 3.49849271774
        dvar2: 8.77453517914
        max: 16.7042179108
        mean: 5.95068407059
        min: 2.63528418541
        var: 6.55256128311
    spectral_decrease:
        dmean: 5.09564446194e-10
        dmean2: 7.06320280042e-10
        dvar: 3.59759744306e-19
        dvar2: 8.10093646037e-19
        max: -1.04403256873e-10
        mean: -8.179518729e-10
        min: -4.22146628765e-09
        var: 5.55750548627e-19
    spectral_energy:
        dmean: 0.00222896877676
        dmean2: 0.003068652004
        dvar: 6.46967146167e-06
        dvar2: 1.45668400364e-05
        max: 0.0180662497878
        mean: 0.003571995534
        min: 0.000459457893157
        var: 1.00282049971e-05
    spectral_energyband_high:
        dmean: 0.000281505315797
        dmean2: 0.000403347279644
        dvar: 1.37643354492e-07
        dvar2: 2.52919363675e-07
        max: 0.0022868688684
        mean: 0.000417960225604
        min: 2.50729808613e-05
        var: 1.98604823254e-07
    spectral_energyband_low:
        dmean: 0.000458354770672
        dmean2: 0.000716360867955
        dvar: 5.51552886918e-07
        dvar2: 1.31099682221e-06
        max: 0.00575226452202
        mean: 0.00052634079475
        min: 2.82062374026e-05
        var: 5.92321157455e-07
    spectral_energyband_middle_high:
        dmean: 0.000822471396532
        dmean2: 0.00119499897119
        dvar: 1.03286402009e-06
        dvar2: 2.22652488446e-06
        max: 0.00772125739604
        mean: 0.00126550113782
        min: 8.11123245512e-05
        var: 1.56456803779e-06
    spectral_energyband_middle_low:
        dmean: 0.00104453111999
        dmean2: 0.00174267194234
        dvar: 2.93980838251e-06
        dvar2: 7.74761065259e-06
        max: 0.0109838331118
        mean: 0.00136216939427
        min: 0.000124599173432
        var: 2.69809356723e-06
    spectral_flatness_db:
        dmean: 0.0125437583774
        dmean2: 0.0181685108691
        dvar: 0.000147423023009
        dvar2: 0.000279847765341
        max: 0.208426326513
        mean: 0.098814368248
        min: 0.053086809814
        var: 0.000545194314327
    spectral_flux:
        dmean: 0.0156283993274
        dmean2: 0.0214403513819
        dvar: 0.00021666646353
        dvar2: 0.000391449517338
        max: 0.109201155603
        mean: 0.0388779193163
        min: 0.0103297652677
        var: 0.000479312235257
    spectral_kurtosis:
        dmean: 0.57250636816
        dmean2: 0.859885454178
        dvar: 0.252539753914
        dvar2: 0.485545933247
        max: 5.1131477356
        mean: 1.83854997158
        min: 0.195200204849
        var: 0.829298973083
    spectral_rms:
        dmean: 0.000550778408069
        dmean2: 0.000726778060198
        dvar: 2.44428576934e-07
        dvar2: 5.5008763411e-07
        max: 0.00419828621671
        mean: 0.00172755471431
        min: 0.000669515924528
        var: 5.00428257055e-07
    spectral_rolloff:
        dmean: 548.995727539
        dmean2: 801.872314453
        dvar: 342245.78125
        dvar2: 667575.625
        max: 5447.90039062
        mean: 3402.84985352
        min: 366.064453125
        var: 1164663
    spectral_skewness:
        dmean: 0.143415272236
        dmean2: 0.195680752397
        dvar: 0.0130728594959
        dvar2: 0.0234484281391
        max: 2.01044464111
        mean: 1.25668144226
        min: 0.624671578407
        var: 0.0609201341867
    spectral_spread:
        dmean: 819730.25
        dmean2: 1256557.375
        dvar: 647598112768
        dvar2: 1.24040196915e+12
        max: 14010096
        mean: 7453567.5
        min: 4336192.5
        var: 1.6464141353e+12
    spectral_strongpeak:
        dmean: 0.200480565429
        dmean2: 0.360911428928
        dvar: 0.194300726056
        dvar2: 0.52630764246
        max: 4.30857038498
        mean: 0.240687191486
        min: 0.0113979326561
        var: 0.15140132606
    zerocrossingrate:
        dmean: 0.0127078620717
        dmean2: 0.0136833097786
        dvar: 0.000124539568787
        dvar2: 0.000122511177324
        max: 0.17041015625
        mean: 0.0966136753559
        min: 0.02783203125
        var: 0.00081417709589
    barkbands:
        dmean: [9.72356133389e-07, 0.000147596336319, 0.000370277877664, 0.000340449449141, 0.000526329909917, 0.000112729183456, 6.18705525994e-05, 6.21002764092e-05, 0.000128524407046, 0.000134179979796, 8.55852049426e-05, 8.19630949991e-05, 8.93515461939e-05, 8.72274540598e-05, 9.35149510042e-05, 6.79478907841e-05, 7.05523125362e-05, 0.000101569239632, 0.00014835280308, 0.000141726195579, 0.000133015957545, 6.55575204291e-05, 1.61330863193e-05, 9.80401637207e-06, 8.02088106866e-06, 4.67774839308e-07, 2.59483545761e-09]
        dmean2: [1.45962678744e-06, 0.000226643169299, 0.000630763592198, 0.000625365995802, 0.000951868249103, 0.00017444974219, 0.000108362961328, 0.000105409504613, 0.000211716862395, 0.000225765645155, 0.00013173861953, 0.000126725222799, 0.000143740748172, 0.000141403390444, 0.000156944428454, 0.00010971113079, 0.000107387422759, 0.000149691622937, 0.000234913750319, 0.000216632528463, 0.000190888982615, 9.51685069595e-05, 2.30908080994e-05, 1.41886057463e-05, 1.1598475794e-05, 7.14036559657e-07, 3.32198690778e-09]
        dvar: [1.52986553547e-12, 5.92856750359e-08, 4.94868231726e-07, 4.59310058432e-07, 1.36440337428e-06, 3.1559025615e-08, 1.42321665564e-08, 1.56632218307e-08, 6.92936765745e-08, 1.06580309023e-07, 5.77402055058e-08, 8.78664785375e-09, 1.99346832375e-08, 1.91374436298e-08, 4.34447855469e-08, 1.18532659243e-08, 9.13792774782e-09, 1.62068936049e-08, 4.62387781397e-08, 3.28675611172e-08, 3.26101989856e-08, 9.99944926861e-09, 4.09316747163e-10, 2.21910392839e-10, 1.84611853582e-10, 5.25083286313e-13, 7.88918704957e-16]
        dvar2: [4.2595944133e-12, 1.33549988846e-07, 1.25897963699e-06, 1.25928193029e-06, 3.85061957786e-06, 7.04553855257e-08, 4.43044996246e-08, 3.94126828951e-08, 1.83931490483e-07, 2.65835723212e-07, 1.15527953426e-07, 1.91956885942e-08, 4.58236613099e-08, 4.58618849564e-08, 1.20920816471e-07, 2.97145721362e-08, 2.06580139661e-08, 3.42211734505e-08, 1.16057599087e-07, 7.25567801396e-08, 6.66230235424e-08, 2.25848619806e-08, 8.0014028736e-10, 5.00223418243e-10, 4.18615003772e-10, 1.26793822837e-12, 7.96440939864e-16]
        max: [8.32862497191e-06, 0.00183621491306, 0.00510956021026, 0.00445752497762, 0.00853171572089, 0.00241954461671, 0.00120566016994, 0.00134562514722, 0.00233551161364, 0.00271744700149, 0.00387848960236, 0.00082560617011, 0.00126533873845, 0.000921182392631, 0.00200046831742, 0.000883010507096, 0.000883134605829, 0.00100254907738, 0.001979310764, 0.00158509227913, 0.0012445084285, 0.00069772277493, 0.000148353617988, 0.000107709449367, 0.000112511203042, 4.94145160701e-06, 5.81525910093e-07]
        mean: [1.38065195188e-06, 0.000195768690901, 0.000329215778038, 0.00028670814936, 0.000510871352162, 0.000212992730667, 8.18626722321e-05, 8.68954593898e-05, 0.000155212139362, 0.000143177327118, 0.000140777628985, 0.000128588362713, 0.000111682806164, 8.89525763341e-05, 8.25070455903e-05, 7.56410227041e-05, 8.45777976792e-05, 0.000134313828312, 0.000205885458854, 0.000200901427888, 0.000180505827302, 8.65054462338e-05, 2.44096518145e-05, 1.28991659949e-05, 9.2089867394e-06, 5.5174712088e-07, 2.50960141557e-09]
        min: [4.07709810357e-10, 6.48957711746e-06, 3.18363754559e-06, 1.93699906958e-06, 7.50559092921e-06, 5.91148955209e-06, 6.57389591652e-06, 3.20845629176e-06, 9.20686488826e-06, 5.83665723752e-06, 1.55530949542e-06, 1.20967547446e-06, 8.34281934203e-07, 2.03144168154e-06, 2.61193440565e-06, 1.12548048037e-06, 1.40321606068e-06, 4.89641433887e-06, 1.0482851394e-05, 1.14257154564e-05, 6.1965297391e-06, 1.88134197288e-06, 5.60703654173e-07, 1.4248543323e-07, 5.47595782052e-08, 3.15050097122e-09, 3.66335520946e-12]
        var: [2.23936971397e-12, 7.35338971936e-08, 3.91853632209e-07, 2.91313028811e-07, 8.8698448053e-07, 1.01983502532e-07, 1.17813110379e-08, 1.89145090701e-08, 6.03717253966e-08, 9.83917161079e-08, 1.6063367525e-07, 1.77435044435e-08, 2.21817764157e-08, 1.89036519771e-08, 2.9430291093e-08, 1.16343290557e-08, 1.17281535594e-08, 2.27427339183e-08, 4.75676209533e-08, 4.34700311303e-08, 4.4938413879e-08, 1.19878560412e-08, 6.27401464115e-10, 2.61395793899e-10, 2.05554975818e-10, 5.61419400552e-13, 7.8851731722e-16]
    mfcc:
        mean: [-695.861022949, 89.0362472534, -14.6885566711, 39.7010917664, -15.0257635117, 6.99485015869, 9.58646869659, -0.936771273613, -4.07495927811, -3.89911079407, -1.36955678463, -4.19966506958, -4.97739839554]
        cov: [[1762.38342285, -306.090148926, -229.803390503, -93.16355896, 137.973892212, 70.6881561279, -25.5634670258, -19.1451683044, 76.6579742432, -26.9375076294, -38.7713127136, -50.4552650452, -78.095085144], [-306.090148926, 438.258514404, -13.1151361465, 24.0569419861, -25.9199123383, -47.714302063, -3.40583348274, -21.1700763702, -56.5035133362, -3.87692856789, -38.410358429, -28.8654346466, 33.3898277283], [-229.803390503, -13.1151361465, 171.580062866, 22.1596107483, -46.707157135, -16.3438091278, 7.02999448776, 2.29344439507, -22.7197494507, -7.31476449966, 28.0976905823, 16.3140087128, 11.1281166077], [-93.16355896, 24.0569419861, 22.1596107483, 119.867088318, 17.0571193695, -6.47372627258, -35.6563415527, -5.54436731339, 12.6468801498, 13.5407495499, -9.68364810944, -9.1856136322, -3.46676182747], [137.973892212, -25.9199123383, -46.707157135, 17.0571193695, 99.5894851685, 31.2568798065, -17.3514480591, -12.6325340271, 6.91347169876, 11.767127037, -0.315109431744, -3.77122592926, -5.81775808334], [70.6881561279, -47.714302063, -16.3438091278, -6.47372627258, 31.2568798065, 62.7766227722, 9.13864994049, 10.570066452, 3.66559171677, -0.312873065472, 9.5002117157, 10.3745307922, 6.23373270035], [-25.5634670258, -3.40583348274, 7.02999448776, -35.6563415527, -17.3514480591, 9.13864994049, 64.7827224731, 28.5755939484, -8.10293483734, -14.0698070526, 6.15981960297, 12.187212944, 14.0182170868], [-19.1451683044, -21.1700763702, 2.29344439507, -5.54436731339, -12.6325340271, 10.570066452, 28.5755939484, 103.929176331, 46.2197685242, -8.13959407806, 10.1463975906, 12.1247158051, 17.4376926422], [76.6579742432, -56.5035133362, -22.7197494507, 12.6468801498, 6.91347169876, 3.66559171677, -8.10293483734, 46.2197685242, 91.266456604, 23.8818893433, 2.49735379219, 3.91550278664, -6.98324489594], [-26.9375076294, -3.87692856789, -7.31476449966, 13.5407495499, 11.767127037, -0.312873065472, -14.0698070526, -8.13959407806, 23.8818893433, 66.3059921265, 25.4100017548, 0.254770874977, -13.7528123856], [-38.7713127136, -38.410358429, 28.0976905823, -9.68364810944, -0.315109431744, 9.5002117157, 6.15981960297, 10.1463975906, 2.49735379219, 25.4100017548, 60.7454338074, 23.8505172729, -1.07111942768], [-50.4552650452, -28.8654346466, 16.3140087128, -9.1856136322, -3.77122592926, 10.3745307922, 12.187212944, 12.1247158051, 3.91550278664, 0.254770874977, 23.8505172729, 59.3454780579, 27.2680110931], [-78.095085144, 33.3898277283, 11.1281166077, -3.46676182747, -5.81775808334, 6.23373270035, 14.0182170868, 17.4376926422, -6.98324489594, -13.7528123856, -1.07111942768, 27.2680110931, 55.7776870728]]
        icov: [[0.000975994102191, 0.000535056227818, 0.000860338506754, 0.000711378525011, -0.000779553723987, -0.000217733628233, 0.000243469461566, 0.000417427712819, -0.000742231495678, 0.000993362744339, -1.09106695163e-05, 0.000629791582469, 0.000514017185196], [0.000535056227818, 0.00371347158216, 0.00130037951749, -0.000365891610272, 0.000103332196886, 0.00211458140984, 0.000101107943919, -0.000486872391775, 0.00238932436332, -0.00138388061896, 0.00131710025016, 0.00224604713731, -0.0029695678968], [0.000860338506754, 0.00130037951749, 0.00963008124381, -0.0026930088643, 0.0032597950194, 0.00128337508067, -0.000275497412076, 0.000540542765521, 0.00157605845015, 0.00267479894683, -0.00526836700737, 0.000777444569394, -0.00119011197239], [0.000711378525011, -0.000365891610272, -0.0026930088643, 0.0123076727614, -0.0031534130685, -0.000187053636182, 0.00598203530535, -0.00115813408047, -0.00149747147225, -0.00163541850634, 0.00362474657595, 0.000400348944822, 0.000351091643097], [-0.000779553723987, 0.000103332196886, 0.0032597950194, -0.0031534130685, 0.0160357076675, -0.00689974660054, 0.00230200192891, 0.00141575734597, 0.000854672223795, -0.00154873111751, -0.0013383718906, 0.000461613992229, -0.00110336963553], [-0.000217733628233, 0.00211458140984, 0.00128337508067, -0.000187053636182, -0.00689974660054, 0.0229878034443, -0.0031054764986, -0.0020018289797, 0.00198203325272, 0.000181196533958, -0.0023450285662, -0.000699026626535, -0.00313131604344], [0.000243469461566, 0.000101107943919, -0.000275497412076, 0.00598203530535, 0.00230200192891, -0.0031054764986, 0.0243666730821, -0.00752032315359, 0.00474967528135, 0.000450819061371, 0.000885064480826, -0.00178595841862, -0.000882637046743], [0.000417427712819, -0.000486872391775, 0.000540542765521, -0.00115813408047, 0.00141575734597, -0.0020018289797, -0.00752032315359, 0.0193891432136, -0.0130855478346, 0.00717349303886, -0.00654675951228, 0.00348339532502, -0.00480229780078], [-0.000742231495678, 0.00238932436332, 0.00157605845015, -0.00149747147225, 0.000854672223795, 0.00198203325272, 0.00474967528135, -0.0130855478346, 0.0235985256732, -0.0110191795975, 0.00668524345383, -0.00392203126103, 0.00217110384256], [0.000993362744339, -0.00138388061896, 0.00267479894683, -0.00163541850634, -0.00154873111751, 0.000181196533958, 0.000450819061371, 0.00717349303886, -0.0110191795975, 0.0276567898691, -0.0152553236112, 0.00297596608289, 0.00273802573793], [-1.09106695163e-05, 0.00131710025016, -0.00526836700737, 0.00362474657595, -0.0013383718906, -0.0023450285662, 0.000885064480826, -0.00654675951228, 0.00668524345383, -0.0152553236112, 0.032657571137, -0.0121685219929, 0.00607090909034], [0.000629791582469, 0.00224604713731, 0.000777444569394, 0.000400348944822, 0.000461613992229, -0.000699026626535, -0.00178595841862, 0.00348339532502, -0.00392203126103, 0.00297596608289, -0.0121685219929, 0.0306614562869, -0.0160872545093], [0.000514017185196, -0.0029695678968, -0.00119011197239, 0.000351091643097, -0.00110336963553, -0.00313131604344, -0.000882637046743, -0.00480229780078, 0.00217110384256, 0.00273802573793, 0.00607090909034, -0.0160872545093, 0.0315710119903]]
    spectral_contrast:
        mean: [-1.56418778374e-07, -8.24947754552e-09, -3.28919696813e-07, -8.99974565982e-08, -2.38765920813e-07, -7.0827405807e-07, 2.50506246857e-07, -2.17715000872e-06, -3.08999369736e-06, 7.87920612311e-07, -3.49784795617e-06, 8.94799086382e-07]
        var: [0.000219041510718, 0.000473130319733, 0.000928948400542, 0.00138957041781, 0.0019429482054, 0.0044635492377, 0.0390596948564, 0.0894996896386, 0.111550949514, 0.155288904905, 0.248571559787, 1.09998679161]

rhythm:
    beats_loudness:
        dmean: 0.00182591448538
        dmean2: 0.00278459489346
        dvar: 1.43405418385e-06
        dvar2: 4.387806257e-06
        max: 0.013404677622
        mean: 0.0108485259116
        min: 0.00749352527782
        var: 2.40289659814e-06
    beats_loudness_bass:
        dmean: 0.149869829416
        dmean2: 0.270011991262
        dvar: 0.00870476290584
        dvar2: 0.0308201499283
        max: 0.662399113178
        mean: 0.419130653143
        min: 0.24303483963
        var: 0.0124848075211
    bpm: 130.82611084
    bpm_confidence: 0
    first_peak_bpm: 131
    first_peak_spread: 0
    first_peak_weight: 0.949999988079
    onset_rate: 7.59627962112
    second_peak_bpm: 121
    second_peak_spread: 0
    second_peak_weight: 0.0500000007451
    beats_position: [0.32470369339, 0.783227562904, 1.24175131321, 1.70027506351, 2.15879893303, 2.61732268333, 3.07584643364, 3.53437042236, 3.99289417267, 4.45141839981, 4.90994215012, 5.36846590042, 5.82699012756, 6.32181406021, 6.78053855896, 7.23926305771, 7.69798755646, 8.15671157837, 8.61543750763, 9.07416152954, 9.53288555145]
    bpm_estimates: [130.904815674, 130.826965332, 130.932235718, 130.808029175, 130.861328125, 130.7787323, 130.976394653, 130.819335938, 130.830657959, 130.930328369, 130.73348999, 130.92086792, 130.826004028, 130.855560303, 130.760131836, 130.693054199, 130.791030884, 130.888763428, 130.807601929, 130.773544312, 130.849960327, 130.60559082]
    bpm_intervals: [0.458523869514, 0.458523750305, 0.458523750305, 0.458523869514, 0.458523750305, 0.458523750305, 0.458523988724, 0.458523750305, 0.458524227142, 0.458523750305, 0.458523750305, 0.458524227142, 0.494823932648, 0.458724498749, 0.458724498749, 0.458724498749, 0.458724021912, 0.45872592926, 0.458724021912, 0.458724021912]
    onset_times: [0.0580498874187, 0.232199549675, 0.325079351664, 0.557278931141, 0.684988677502, 0.789478480816, 0.9287981987, 1.02167797089, 1.14938771725, 1.24226760864, 1.369977355, 1.47446715832, 1.6137868166, 1.70666670799, 1.93886625767, 2.07818603516, 2.17106580734, 2.40326523781, 2.53097510338, 2.62385487556, 2.76317453384, 2.86766433716, 2.99537420273, 3.08825397491, 3.21596360207, 3.32045340538, 3.44816327095, 3.55265307426, 3.69197273254, 3.79646253586, 3.9125623703, 4.01705217361, 4.2492518425, 4.46984148026, 4.62077093124, 4.71365070343, 4.841360569, 4.93424034119, 5.07356023788, 5.16644001007, 5.30575942993, 5.39863967896, 5.54956912994, 5.630838871, 5.75854873657, 5.86303853989, 6.09523820877, 6.22294807434, 6.31582784653, 6.46675729752, 6.5596370697, 6.68734693527, 6.78022670746, 6.93115663528, 7.01242637634, 7.1517457962, 7.24462604523, 7.38394546509, 7.47682523727, 7.61614513397, 7.70902490616, 7.94122457504, 8.06893444061, 8.16181373596, 8.31274414062, 8.40562343597, 8.53333377838, 8.62621307373, 8.76553249359, 8.85841274261, 8.99773216248, 9.0906124115, 9.32281208038, 9.46213150024, 9.55501174927, 9.78721046448]
    rubato_start: []
    rubato_stop: []
    perceptual_tempo: "unknown"

sfx:
    inharmonicity:
        dmean: 0.0393474027514
        dmean2: 0.0680130794644
        dvar: 0.00173195032403
        dvar2: 0.00495528569445
        max: 0.331229656935
        mean: 0.0457937568426
        min: 0.000116811854241
        var: 0.00184909347445
    oddtoevenharmonicenergyratio:
        dmean: 1.038367033
        dmean2: 1.89504051208
        dvar: 4.4317240715
        dvar2: 12.7592639923
        max: 21.5746574402
        mean: 0.846664249897
        min: 0.00152426434215
        var: 2.80822730064
    pitch_after_max_to_before_max_energy_ratio: 0.876814961433
    pitch_centroid: 212.35307312
    pitch_max_to_total: 0.559440553188
    pitch_min_to_total: 0.3100233078
    tristimulus:
        dmean: [0.202368721366, 0.219313278794, 0.126343116164]
        dmean2: [0.342600733042, 0.37255769968, 0.221374422312]
        dvar: [0.0276305209845, 0.0331760644913, 0.0136376181617]
        dvar2: [0.0681921467185, 0.0882794484496, 0.0376763343811]
        max: [0.949741125107, 0.913578093052, 0.693871676922]
        mean: [0.391667217016, 0.441083550453, 0.137440487742]
        min: [0.00780689250678, 0, 0]
        var: [0.0431855209172, 0.0450846366584, 0.0163241084665]

tonal:
    chords_changes_rate: 0.00925925932825
    chords_number_rate: 0.00925925932825
    chords_strength:
        dmean: 0.0097473198548
        dmean2: 0.011780416593
        dvar: 7.86896416685e-05
        dvar2: 0.000106112369394
        max: 0.675765156746
        mean: 0.574056625366
        min: 0.481940209866
        var: 0.00149924401194
    key_strength: 0.692699790001
    tuning_diatonic_strength: 0.553706109524
    tuning_equal_tempered_deviation: 0.159347325563
    tuning_frequency: 440.254241943
    tuning_nontempered_energy_ratio: 0.764456272125
    hpcp:
        dmean: [0.164259403944, 0.158388823271, 0.156440794468, 0.158796787262, 0.165962904692, 0.164778932929, 0.155556589365, 0.163011580706, 0.227104440331, 0.254940897226, 0.228100717068, 0.170010522008, 0.142179757357, 0.187029376626, 0.176244974136, 0.122637361288, 0.131404653192, 0.156191855669, 0.170838713646, 0.139983192086, 0.123297743499, 0.141980618238, 0.158579081297, 0.202379494905, 0.238860264421, 0.210529491305, 0.186956360936, 0.164021924138, 0.151149585843, 0.149154812098, 0.174969628453, 0.205048650503, 0.181587889791, 0.178896158934, 0.163837864995, 0.165004715323]
        dmean2: [0.278252571821, 0.290977060795, 0.281430065632, 0.28097653389, 0.288919955492, 0.293513536453, 0.278176993132, 0.293118447065, 0.397557467222, 0.442204654217, 0.37775850296, 0.298400461674, 0.243741169572, 0.294926613569, 0.270929545164, 0.208916500211, 0.228959307075, 0.259435713291, 0.281076133251, 0.241608589888, 0.216850712895, 0.248180493712, 0.278094381094, 0.331047773361, 0.403066426516, 0.344590395689, 0.32388240099, 0.296491414309, 0.27314221859, 0.260539799929, 0.309876352549, 0.370567888021, 0.3144287467, 0.288873195648, 0.256825447083, 0.272451281548]
        dvar: [0.0361144281924, 0.044764354825, 0.0372413955629, 0.0441902913153, 0.0353984646499, 0.0392701998353, 0.0393166393042, 0.0415017455816, 0.0557259842753, 0.0523034259677, 0.0459393896163, 0.0399401150644, 0.0316017158329, 0.0361553132534, 0.0305833332241, 0.0219137985259, 0.0355004742742, 0.0308519992977, 0.0309835523367, 0.0294125508517, 0.0312869660556, 0.0355541221797, 0.0457186363637, 0.0379125140607, 0.0619796290994, 0.0358008816838, 0.0467580333352, 0.0448211096227, 0.034787286073, 0.0263500604779, 0.0433381907642, 0.0609983429313, 0.0384370200336, 0.0450964458287, 0.0313291028142, 0.0323460623622]
        dvar2: [0.100883610547, 0.124824479222, 0.107282564044, 0.0969742015004, 0.0877930000424, 0.106591895223, 0.110340967774, 0.111900739372, 0.142961621284, 0.127081111073, 0.126185312867, 0.103605903685, 0.090360455215, 0.0840511322021, 0.0646649077535, 0.0574048869312, 0.0979112386703, 0.0751909837127, 0.0696767941117, 0.0762766897678, 0.0872168764472, 0.0977748334408, 0.124956905842, 0.101606465876, 0.146824687719, 0.099766716361, 0.125827088952, 0.121778383851, 0.0990333631635, 0.075668476522, 0.118152529001, 0.164837405086, 0.0908900350332, 0.088196836412, 0.0638532564044, 0.0872274562716]
        max: [1, 1, 1, 1, 1, 1, 1, 1, 1, 1, 1, 1, 1, 1, 1, 0.99156409502, 1, 1, 1, 1, 1, 1, 1, 1, 1, 1, 1, 1, 1, 0.93661737442, 1, 1, 1, 1, 1, 1]
        mean: [0.212467595935, 0.170433551073, 0.192656263709, 0.233847528696, 0.221348002553, 0.186894387007, 0.172464743257, 0.181965887547, 0.301651239395, 0.414457648993, 0.31143245101, 0.173578232527, 0.160815313458, 0.240583315492, 0.238554641604, 0.154201582074, 0.148567989469, 0.212660729885, 0.228834226727, 0.15327501297, 0.124428838491, 0.142868548632, 0.165483266115, 0.355910629034, 0.523916602135, 0.363508582115, 0.19073612988, 0.166225686669, 0.145035922527, 0.153866067529, 0.192754387856, 0.205891296268, 0.230038553476, 0.26740065217, 0.24699011445, 0.230607241392]
        min: [0.00988157000393, 0.00462114997208, 0.00383565644734, 0.00522800348699, 0.0116830216721, 0.0109363654628, 0.00387900695205, 0.00814880803227, 0.0144542800263, 0.0194514021277, 0.0207788199186, 0.0061769746244, 0.00327052129433, 0.00866490229964, 0.00925337523222, 0.00502951862291, 0.0043220310472, 0.00687134312466, 0.0102045210078, 0.00570525042713, 0.00290437694639, 0.0040817419067, 0.00209675403312, 0.0191563423723, 0.0221575945616, 0.0292136594653, 0.00846269354224, 0.00204589520581, 0.00657340046018, 0.0114048840478, 0.012773245573, 0.00904469750822, 0.00500900438055, 0.00483732530847, 0.00430080667138, 0.00948413740844]
        var: [0.0378370918334, 0.0352612026036, 0.0349384471774, 0.072634935379, 0.0507202632725, 0.0352850444615, 0.0357383824885, 0.0421225391328, 0.0616339966655, 0.0787252262235, 0.0588749311864, 0.0356399826705, 0.0276531707495, 0.0497365780175, 0.0461816042662, 0.0201605521142, 0.0268251020461, 0.0356202088296, 0.048118609935, 0.0312457550317, 0.0240312088281, 0.0299803391099, 0.0409440733492, 0.0759473219514, 0.129730269313, 0.0619668960571, 0.0440214388072, 0.0372723862529, 0.0285476427525, 0.0251304991543, 0.0395075529814, 0.0562224797904, 0.0599800758064, 0.0975222885609, 0.0734425857663, 0.0418249331415]
    chords_histogram: [96.296295166, 0, 0, 0, 0, 0, 0, 3.70370364189, 0, 0, 0, 0, 0, 0, 0, 0, 0, 0, 0, 0, 0, 0, 0, 0]
    thpcp: [1, 0.693829119205, 0.364058196545, 0.317275077105, 0.276830166578, 0.293684273958, 0.367910444736, 0.392984867096, 0.439074754715, 0.510387837887, 0.471430212259, 0.440160214901, 0.405537068844, 0.325306653976, 0.36772313714, 0.446344941854, 0.422487080097, 0.35672545433, 0.329183578491, 0.347318410873, 0.575761914253, 0.791075587273, 0.594431340694, 0.33130890131, 0.306948304176, 0.459201544523, 0.455329418182, 0.294324666262, 0.283571839333, 0.405905693769, 0.436776041985, 0.292556136847, 0.237497419119, 0.272693306208, 0.31585803628, 0.679326891899]
    chords_key: "F"
    chords_scale: "minor"
    key_key: "F"
    key_scale: "minor"
    chords_progression: ["Fm", "Fm", "Fm", "F", "F", "F", "F", "F", "F", "F", "F", "Fm", "Fm", "Fm", "Fm", "Fm", "Fm", "Fm", "Fm", "Fm", "Fm", "Fm", "Fm", "Fm", "Fm", "Fm", "Fm", "Fm", "Fm", "Fm", "Fm", "Fm", "Fm", "Fm", "Fm", "Fm", "Fm", "Fm", "Fm", "Fm", "Fm", "Fm", "Fm", "Fm", "Fm", "Fm", "Fm", "Fm", "Fm", "Fm", "Fm", "Fm", "Fm", "Fm", "Fm", "Fm", "Fm", "Fm", "Fm", "Fm", "Fm", "Fm", "Fm", "Fm", "Fm", "Fm", "Fm", "Fm", "Fm", "Fm", "Fm", "Fm", "Fm", "Fm", "Fm", "Fm", "Fm", "Fm", "Fm", "Fm", "Fm", "Fm", "Fm", "Fm", "Fm", "Fm", "Fm", "Fm", "Fm", "Fm", "Fm", "Fm", "Fm", "Fm", "Fm", "Fm", "Fm", "Fm", "Fm", "Fm", "Fm", "Fm", "Fm", "Fm", "Fm", "Fm", "Fm", "Fm", "Fm", "Fm", "Fm", "Fm", "Fm", "Fm", "Fm", "Fm", "Fm", "Fm", "Fm", "Fm", "Fm", "Fm", "Fm", "Fm", "Fm", "Fm", "Fm", "Fm", "Fm", "Fm", "Fm", "Fm", "Fm", "Fm", "Fm", "Fm", "Fm", "Fm", "Fm", "Fm", "Fm", "Fm", "Fm", "Fm", "Fm", "Fm", "Fm", "Fm", "Fm", "Fm", "Fm", "Fm", "Fm", "Fm", "Fm", "Fm", "Fm", "Fm", "Fm", "Fm", "Fm", "Fm", "Fm", "Fm", "Fm", "Fm", "Fm", "Fm", "Fm", "Fm", "Fm", "Fm", "Fm", "Fm", "Fm", "Fm", "Fm", "Fm", "Fm", "Fm", "Fm", "Fm", "Fm", "Fm", "Fm", "Fm", "Fm", "Fm", "Fm", "Fm", "Fm", "Fm", "Fm", "Fm", "Fm", "Fm", "Fm", "Fm", "Fm", "Fm", "Fm", "Fm", "Fm", "Fm", "Fm", "Fm", "Fm", "Fm", "Fm", "Fm", "Fm", "Fm", "Fm", "Fm", "Fm", "Fm"]
