
metadata:
    version:
        essentia: "1.2.2"
    audio_properties:
        analysis_sample_rate: 44100
        bitrate: 128
        channels: 2
        equal_loudness: 1
        length: 10.0048980713
        replay_gain: -3.38844871521
        downmix: "mix"
    tags:
        track: 8
        year: 0
        album: "Splitted by Mp3Splt v. 2.1"
        artist: "From 001.10 To 001.20"
        comment: "http://mp3splt.sf.net"
        genre: ""
        title: "01 Life Goes On & On.mp3"

highlevel:
    ballroom:
        all:
            ChaChaCha: 0.412834614515
            Jive: 0.146406784654
            Quickstep: 0.0374515429139
            Rumba-American: 0.00148882670328
            Rumba-International: 0.00638828985393
            Rumba-Misc: 0.000730115163606
            Samba: 0.394138365984
            Tango: 0.000136382965138
            VienneseWaltz: 0.000167790669366
            Waltz: 0.000257289444562
        probability: 0.412834614515
        value: "ChaChaCha"
    culture:
        all:
            non_western: 0.751128673553
            western: 0.248871326447
        probability: 0.751128673553
        value: "non_western"
    gender:
        all:
            female: 0.980648517609
            male: 0.0193514712155
        probability: 0.980648517609
        value: "female"
    genre_dortmund:
        all:
            alternative: 0.0087321549654
            blues: 0.0386651940644
            electronic: 0.234197720885
            folkcountry: 0.00575131317601
            funksoulrnb: 0.0175080373883
            jazz: 0.541195690632
            pop: 0.0286414884031
            raphiphop: 0.0938065201044
            rock: 0.0315018929541
        probability: 0.541195690632
        value: "jazz"
    genre_electronica:
        all:
            ambient: 0.0989180505276
            dnb: 0.353551089764
            house: 0.408890217543
            techno: 0.109399482608
            trance: 0.0292411614209
        probability: 0.408890217543
        value: "house"
    genre_rosamerica:
        all:
            cla: 0.00662798853591
            dan: 0.0988148376346
            hip: 0.465586841106
            jaz: 0.071349658072
            pop: 0.0276669003069
            rhy: 0.31291654706
            roc: 0.00996479205787
            spe: 0.00707245944068
        probability: 0.465586841106
        value: "hip"
    genre_tzanetakis:
        all:
            blu: 0.00129958672915
            cla: 0.000922129140235
            cou: 0.0019517140463
            dis: 0.0443654209375
            hip: 0.14085868001
            jaz: 0.00505208969116
            met: 0.00147015275434
            pop: 0.484346777201
            reg: 0.310836493969
            roc: 0.00889696925879
        probability: 0.484346777201
        value: "pop"
    live_studio:
        all:
            live: 0.0125924209133
            studio: 0.987407565117
        probability: 0.987407565117
        value: "studio"
    mood:
        all:
            Cluster1: 0.195342540741
            Cluster2: 0.523907244205
            Cluster3: 0.0572941452265
            Cluster4: 0.157472714782
            Cluster5: 0.0659833848476
        probability: 0.523907244205
        value: "Cluster2"
    mood_acoustic:
        all:
            acoustic: 0.0892134234309
            not_acoustic: 0.910786569118
        probability: 0.910786569118
        value: "not_acoustic"
    mood_aggressive:
        all:
            aggressive: 0.0659509897232
            not_aggressive: 0.934049010277
        probability: 0.934049010277
        value: "not_aggressive"
    mood_electronic:
        all:
            electronic: 0.880313456059
            not_electronic: 0.119686536491
        probability: 0.880313456059
        value: "electronic"
    mood_happy:
        all:
            happy: 0.211809918284
            not_happy: 0.788190066814
        probability: 0.788190066814
        value: "not_happy"
    mood_party:
        all:
            not_party: 0.103159084916
            party: 0.896840929985
        probability: 0.896840929985
        value: "party"
    mood_relaxed:
        all:
            not_relaxed: 0.869570434093
            relaxed: 0.130429536104
        probability: 0.869570434093
        value: "not_relaxed"
    mood_sad:
        all:
            not_sad: 0.84446823597
            sad: 0.155531749129
        probability: 0.84446823597
        value: "not_sad"
    rhythm:
        all:
            fast: 0.241504341364
            medium: 0.579177200794
            slow: 0.179318442941
        probability: 0.579177200794
        value: "medium"
    speech_music:
        all:
            music: 0.994007647038
            speech: 0.00599236227572
        probability: 0.994007647038
        value: "music"
    timbre:
        all:
            bright: 0.21101538837
            dark: 0.788984596729
        probability: 0.788984596729
        value: "dark"
    voice_instrumental:
        all:
            instrumental: 0.944988071918
            voice: 0.0550119429827
        probability: 0.944988071918
        value: "instrumental"

lowlevel:
    average_loudness: 0.925881505013
    barkbands_kurtosis:
        dmean: 3.31328225136
        dmean2: 5.3216085434
        dvar: 24.7462368011
        dvar2: 57.4993743896
        max: 42.4375572205
        mean: 3.16679477692
        min: -1.88404262066
        var: 44.7307548523
    barkbands_skewness:
        dmean: 0.802569687366
        dmean2: 1.13344061375
        dvar: 0.712306022644
        dvar2: 1.41521191597
        max: 6.07875299454
        mean: 0.994949281216
        min: -3.03587651253
        var: 2.74439835548
    barkbands_spread:
        dmean: 10.5795183182
        dmean2: 15.6032342911
        dvar: 118.50643158
        dvar2: 252.008834839
        max: 83.2644042969
        mean: 28.0162734985
        min: 2.54930281639
        var: 280.799102783
    dissonance:
        dmean: 0.0268144402653
        dmean2: 0.0448863357306
        dvar: 0.000668402994052
        dvar2: 0.00185395311564
        max: 0.498763948679
        mean: 0.453759670258
        min: 0.310440391302
        var: 0.0012625453528
    hfc:
        dmean: 2.9172770977
        dmean2: 4.19341373444
        dvar: 40.1313476562
        dvar2: 81.0965194702
        max: 51.4464073181
        mean: 3.85846352577
        min: 0.0258039236069
        var: 56.3217544556
    pitch:
        dmean: 823.933532715
        dmean2: 1586.43554688
        dvar: 2495806.5
        dvar2: 5402931.5
        max: 5512.5
        mean: 1653.45568848
        min: 76.9633483887
        var: 4068228
    pitch_instantaneous_confidence:
        dmean: 0.104507088661
        dmean2: 0.168049916625
        dvar: 0.00993578042835
        dvar2: 0.0201318152249
        max: 0.966174721718
        mean: 0.459507107735
        min: 0.120360553265
        var: 0.0338327735662
    pitch_salience:
        dmean: 0.0883367955685
        dmean2: 0.135246470571
        dvar: 0.00776279345155
        dvar2: 0.0172698609531
        max: 0.87527680397
        mean: 0.558786332607
        min: 0.175040900707
        var: 0.0220739729702
    silence_rate_20dB:
        dmean: 0
        dmean2: 0
        dvar: 0
        dvar2: 0
        max: 1
        mean: 1
        min: 1
        var: 0
    silence_rate_30dB:
        dmean: 0
        dmean2: 0
        dvar: 0
        dvar2: 0
        max: 1
        mean: 1
        min: 1
        var: 0
    silence_rate_60dB:
        dmean: 0.148837208748
        dmean2: 0.298368304968
        dvar: 0.126684486866
        dvar2: 0.227993458509
        max: 1
        mean: 0.770301640034
        min: 0
        var: 0.176937431097
    spectral_centroid:
        dmean: 434.864990234
        dmean2: 587.428771973
        dvar: 299015.28125
        dvar2: 552158.75
        max: 4270.38330078
        mean: 1346.07897949
        min: 119.587982178
        var: 1114138.375
    spectral_complexity:
        dmean: 3
        dmean2: 4.19672107697
        dvar: 42.8691596985
        dvar2: 76.017539978
        max: 52
        mean: 4.93706274033
        min: 0
        var: 68.4458465576
    spectral_crest:
        dmean: 2.72489452362
        dmean2: 4.14504051208
        dvar: 5.14131307602
        dvar2: 11.085735321
        max: 21.0952606201
        mean: 9.72859096527
        min: 3.25529718399
        var: 15.589966774
    spectral_decrease:
        dmean: 4.68243555041e-10
        dmean2: 7.6811373928e-10
        dvar: 1.18048775355e-18
        dvar2: 2.88326375651e-18
        max: -1.02166573812e-11
        mean: -5.24114085465e-10
        min: -7.86748532988e-09
        var: 1.0132996625e-18
    spectral_energy:
        dmean: 0.00201121531427
        dmean2: 0.00323388003744
        dvar: 2.07011125894e-05
        dvar2: 4.9270773161e-05
        max: 0.0339542776346
        mean: 0.00232810224406
        min: 4.13346060668e-05
        var: 1.9115914256e-05
    spectral_energyband_high:
        dmean: 0.000291877193376
        dmean2: 0.000443625729531
        dvar: 3.68841881482e-07
        dvar2: 7.58174905968e-07
        max: 0.00542878359556
        mean: 0.00036368027213
        min: 1.56327175205e-07
        var: 5.40444318631e-07
    spectral_energyband_low:
        dmean: 0.000189088808838
        dmean2: 0.000297929451335
        dvar: 1.37130612643e-07
        dvar2: 3.47264318634e-07
        max: 0.0040751346387
        mean: 0.000314567208989
        min: 2.38854340751e-07
        var: 1.64218363352e-07
    spectral_energyband_middle_high:
        dmean: 0.00058966933284
        dmean2: 0.000888870388735
        dvar: 2.9582379284e-06
        dvar2: 6.75750879964e-06
        max: 0.0142095033079
        mean: 0.00076420372352
        min: 4.89622971145e-06
        var: 3.53112113771e-06
    spectral_energyband_middle_low:
        dmean: 0.00114425434731
        dmean2: 0.00199685781263
        dvar: 8.37551124278e-06
        dvar2: 2.16751450353e-05
        max: 0.018256848678
        mean: 0.000885608955286
        min: 2.11726728594e-05
        var: 5.82789243708e-06
    spectral_flatness_db:
        dmean: 0.0292143728584
        dmean2: 0.043621968478
        dvar: 0.000660052173771
        dvar2: 0.00147354509681
        max: 0.325387716293
        mean: 0.168612539768
        min: 0.0914648994803
        var: 0.00193359993864
    spectral_flux:
        dmean: 0.0151248481125
        dmean2: 0.0214630682021
        dvar: 0.000507784483489
        dvar2: 0.000952640664764
        max: 0.184266865253
        mean: 0.0288084801286
        min: 0.0018009695923
        var: 0.000915983458981
    spectral_kurtosis:
        dmean: 2.56918644905
        dmean2: 3.8682513237
        dvar: 11.5343017578
        dvar2: 24.9961605072
        max: 28.9552612305
        mean: 4.48505401611
        min: -0.492087841034
        var: 21.9706897736
    spectral_rms:
        dmean: 0.000479499314679
        dmean2: 0.000688729982357
        dvar: 5.97973269123e-07
        dvar2: 1.32474724523e-06
        max: 0.00575553020462
        mean: 0.00118722394109
        min: 0.000200814451091
        var: 8.61818818976e-07
    spectral_rolloff:
        dmean: 804.476074219
        dmean2: 1309.18823242
        dvar: 1190302.75
        dvar2: 1914033.25
        max: 5469.43359375
        mean: 2356.85668945
        min: 107.666015625
        var: 3108493.5
    spectral_skewness:
        dmean: 0.393066376448
        dmean2: 0.5400146842
        dvar: 0.197121426463
        dvar2: 0.393471360207
        max: 4.33073329926
        mean: 1.52949309349
        min: 0.216420814395
        var: 0.572054803371
    spectral_spread:
        dmean: 1054986.375
        dmean2: 1450027
        dvar: 1.52497330586e+12
        dvar2: 2.53807086797e+12
        max: 24427372
        mean: 5393699
        min: 2319155.25
        var: 3.88759525786e+12
    spectral_strongpeak:
        dmean: 0.412876725197
        dmean2: 0.715022683144
        dvar: 0.781081736088
        dvar2: 1.86444079876
        max: 7.31908941269
        mean: 0.547438502312
        min: 0.0109742712229
        var: 1.33163368702
    zerocrossingrate:
        dmean: 0.0180743914098
        dmean2: 0.0191138666123
        dvar: 0.000305318884784
        dvar2: 0.000355114840204
        max: 0.197265625
        mean: 0.0794555395842
        min: 0.0048828125
        var: 0.00224733981304
    barkbands:
        dmean: [3.85516898405e-07, 8.00930720288e-05, 0.000123638514197, 0.000259742722847, 0.000576401944272, 0.000179458133061, 6.98005387676e-05, 5.33953425474e-05, 6.28240813967e-05, 7.03198747942e-05, 2.35252664424e-05, 5.39298234798e-05, 7.67266246839e-05, 4.56357884104e-05, 5.56999366381e-05, 3.69171102648e-05, 6.09266317042e-05, 9.93419089355e-05, 0.000129779378767, 0.000173067761352, 0.000142951917951, 5.02653056174e-05, 1.15402472147e-05, 2.75553088613e-06, 2.31790272665e-06, 7.69538246459e-08, 6.39040487194e-10]
        dmean2: [5.71026873786e-07, 0.000124785394291, 0.000204480413231, 0.000469593593152, 0.00106010120362, 0.00031894564745, 0.000120216391224, 9.03359832591e-05, 0.000101593745057, 0.000119286989502, 3.66810709238e-05, 8.75740079209e-05, 0.000128297848278, 7.74457948864e-05, 8.50771248224e-05, 6.18225021753e-05, 9.89566324279e-05, 0.000147023674799, 0.000197624656721, 0.000272685545497, 0.000201702816412, 7.92987484601e-05, 1.75918485184e-05, 4.48923310614e-06, 3.99955069952e-06, 1.28922323483e-07, 7.70359720459e-10]
        dvar: [1.97639457968e-13, 1.88921713828e-08, 1.0184946575e-07, 6.20749347036e-07, 3.32143440573e-06, 1.9683969299e-07, 6.04160703688e-08, 1.52651473684e-08, 3.01193239238e-08, 7.31106482021e-08, 2.94785240662e-09, 5.32685042742e-08, 8.04347592975e-08, 3.02886498105e-08, 3.38369510189e-08, 1.90447870807e-08, 2.63991992711e-08, 6.63810340029e-08, 1.43825332088e-07, 1.4273699378e-07, 9.18291718222e-08, 1.36811708629e-08, 8.34696256558e-10, 5.87620160863e-11, 3.75215587767e-11, 4.01108996278e-14, 9.30759440938e-17]
        dvar2: [3.63277658823e-13, 4.39953211639e-08, 2.76467090998e-07, 1.66450570305e-06, 8.56894712342e-06, 5.53600500552e-07, 1.62554499639e-07, 3.63870036324e-08, 7.01372897538e-08, 1.79725688554e-07, 5.35580868544e-09, 1.37433971759e-07, 2.14013368804e-07, 7.62482272876e-08, 7.34958192083e-08, 4.90769949124e-08, 6.40037001176e-08, 1.4930360237e-07, 3.30517366365e-07, 3.31818540644e-07, 1.86419526926e-07, 3.35916006122e-08, 2.02727568066e-09, 1.45740516877e-10, 1.03530552187e-10, 1.05757105005e-13, 9.31207971353e-17]
        max: [2.5479444048e-06, 0.00120761268772, 0.0034535441082, 0.00631427206099, 0.0141736697406, 0.00285682617687, 0.00257929437794, 0.00112481159158, 0.00175634585321, 0.00295114493929, 0.000956572825089, 0.00262159178965, 0.00317034171894, 0.00160523399245, 0.00280019035563, 0.00129841838498, 0.00170161004644, 0.00306648388505, 0.00365187204443, 0.00325938314199, 0.00241989223287, 0.00067928241333, 0.000197640925762, 5.83798610023e-05, 4.23308702011e-05, 1.55393695422e-06, 2.00137478146e-07]
        mean: [8.35333821669e-07, 0.000143226585351, 0.000170547544258, 0.000184810647625, 0.000362409831723, 0.000146303020301, 6.48864006507e-05, 4.937770791e-05, 7.34885397833e-05, 6.4676074544e-05, 2.75564689218e-05, 4.72558458569e-05, 7.69089747337e-05, 4.27331360697e-05, 6.69377986924e-05, 3.4780765418e-05, 7.02054458088e-05, 0.000130944550619, 0.000141376556712, 0.000194541935343, 0.000171577965375, 4.70033992315e-05, 1.09816510303e-05, 2.76258606391e-06, 1.90569153347e-06, 6.75775240211e-08, 6.20802187434e-10]
        min: [2.04864562814e-11, 3.89997083516e-08, 1.21895297411e-07, 2.26966037076e-07, 7.92477692357e-07, 1.7810866666e-06, 9.47894420733e-08, 1.12612505987e-08, 5.60300009056e-07, 4.91160392357e-08, 1.7248930817e-07, 4.48064497505e-07, 3.20968531753e-08, 1.086855832e-07, 2.71693139098e-08, 2.91021251542e-08, 4.25321040609e-08, 9.56716874612e-08, 5.96862150815e-08, 7.04553642095e-08, 4.14430019191e-08, 1.03592245893e-08, 3.778488189e-09, 2.32003682932e-09, 1.87293025533e-09, 2.91374875616e-11, 8.27145037169e-15]
        var: [5.84413648117e-13, 2.82629351034e-08, 9.16343267932e-08, 4.15927360109e-07, 2.13766475099e-06, 1.28862012616e-07, 4.20359214104e-08, 1.38371634151e-08, 3.6427124428e-08, 5.63265203368e-08, 6.28583807227e-09, 4.02256361554e-08, 7.18498611718e-08, 2.32787424892e-08, 5.27949914897e-08, 1.56405910445e-08, 4.06931377483e-08, 1.18570440577e-07, 1.58040379006e-07, 1.7090164306e-07, 1.44798420365e-07, 1.30122410624e-08, 7.93797250154e-10, 5.48957442004e-11, 2.53008135276e-11, 3.10982183472e-14, 9.31257138969e-17]
    mfcc:
        mean: [-811.624633789, 115.81350708, -21.2606697083, 50.8243331909, -20.9209136963, 7.55937576294, 9.02466583252, -3.73188948631, -0.252002209425, -1.92810475826, 1.49686384201, 0.97150427103, -1.28127622604]
        cov: [[8626.47363281, -2840.65942383, -506.087585449, 442.776092529, -324.002716064, -197.097396851, -265.199371338, -191.692703247, 23.8413677216, 292.333435059, 101.801651001, 65.3292541504, -101.401008606], [-2840.65942383, 2049.19897461, -130.371627808, -204.282440186, 289.04284668, 17.4409866333, 66.3705825806, 67.4513397217, -78.6894683838, -177.169387817, -146.233612061, -173.299468994, -10.9305667877], [-506.087585449, -130.371627808, 1095.86706543, 161.022216797, -80.2423553467, 345.871856689, 104.522232056, 91.4837265015, 167.125259399, 15.8746824265, 30.7805747986, 92.2799835205, -6.67276239395], [442.776092529, -204.282440186, 161.022216797, 312.95904541, 85.1590957642, 54.8925704956, 120.274414062, 104.166694641, 97.2586517334, 42.3252906799, 62.6414337158, 34.8524971008, 19.3078536987], [-324.002716064, 289.04284668, -80.2423553467, 85.1590957642, 216.785140991, -12.5230674744, 87.0491867065, 57.39320755, 23.7934951782, -16.138874054, 18.9602432251, -0.503417491913, 43.0993461609], [-197.097396851, 17.4409866333, 345.871856689, 54.8925704956, -12.5230674744, 365.968200684, 16.745010376, 85.980682373, 41.043548584, 60.4591751099, 16.0902481079, 58.748046875, 40.3485946655], [-265.199371338, 66.3705825806, 104.522232056, 120.274414062, 87.0491867065, 16.745010376, 203.831176758, 100.612800598, 96.9380874634, 19.0593223572, 36.6509628296, 6.43904590607, 7.65403413773], [-191.692703247, 67.4513397217, 91.4837265015, 104.166694641, 57.39320755, 85.980682373, 100.612800598, 161.573883057, 58.9740600586, 9.05807209015, 10.7232646942, -1.31526648998, -2.42372608185], [23.8413677216, -78.6894683838, 167.125259399, 97.2586517334, 23.7934951782, 41.043548584, 96.9380874634, 58.9740600586, 123.016586304, 35.4168243408, 43.6557350159, 35.425868988, 4.32447957993], [292.333435059, -177.169387817, 15.8746824265, 42.3252906799, -16.138874054, 60.4591751099, 19.0593223572, 9.05807209015, 35.4168243408, 120.152496338, 49.2857208252, 34.4049568176, 26.1236438751], [101.801651001, -146.233612061, 30.7805747986, 62.6414337158, 18.9602432251, 16.0902481079, 36.6509628296, 10.7232646942, 43.6557350159, 49.2857208252, 91.9342498779, 64.170249939, 31.9040279388], [65.3292541504, -173.299468994, 92.2799835205, 34.8524971008, -0.503417491913, 58.748046875, 6.43904590607, -1.31526648998, 35.425868988, 34.4049568176, 64.170249939, 101.918060303, 43.0072937012], [-101.401008606, -10.9305667877, -6.67276239395, 19.3078536987, 43.0993461609, 40.3485946655, 7.65403413773, -2.42372608185, 4.32447957993, 26.1236438751, 31.9040279388, 43.0072937012, 89.3610992432]]
        icov: [[0.000320364284562, 0.000427937222412, 0.000261831155512, -0.00052496563876, -0.000205108706723, -0.000177271751454, 0.000442285730969, 0.00040396139957, -0.000322462816257, -0.00029131147312, 0.000359477387974, 0.000305123743601, 0.000526468153112], [0.000427937222412, 0.00163350801449, 0.000226123695029, 0.000480151909869, -0.00202912488021, -0.000752288324293, 0.000336871366017, 0.000427640130511, -0.000423694873461, 0.000414304726291, 0.000447650032584, 0.00197769864462, 0.000687370600644], [0.000261831155512, 0.000226123695029, 0.00233421404846, -0.00127958622761, 0.00118284393102, -0.00213948171586, -0.00028492193087, 0.00142968608998, -0.0025822785683, 0.00140803563409, 0.000875161553267, -0.000728405837435, 0.000985710183159], [-0.00052496563876, 0.000480151909869, -0.00127958622761, 0.00775981368497, -0.00314269168302, 0.000353603303665, -0.00117375445552, -0.00302324653603, -0.000656898948364, 0.000288472539978, -0.00291100121103, 0.00177620409522, -0.000802616763394], [-0.000205108706723, -0.00202912488021, 0.00118284393102, -0.00314269168302, 0.0110792005435, 0.000485216791276, -0.00258914497681, -0.000792847014964, 0.000111895489681, 0.00196060328744, -0.000913205964025, -0.00158608099446, -0.00456517003477], [-0.000177271751454, -0.000752288324293, -0.00213948171586, 0.000353603303665, 0.000485216791276, 0.00665700808167, 0.00137042696588, -0.00425991183147, 0.0021539167501, -0.00383906112984, 0.00223275995813, -0.00324838771485, -0.00221778382547], [0.000442285730969, 0.000336871366017, -0.00028492193087, -0.00117375445552, -0.00258914497681, 0.00137042696588, 0.0124077619985, -0.0036734235473, -0.00645898422226, -0.00111357762944, -0.00173505034763, 0.00300516118295, 5.42564484931e-05], [0.00040396139957, 0.000427640130511, 0.00142968608998, -0.00302324653603, -0.000792847014964, -0.00425991183147, -0.0036734235473, 0.0133343571797, -0.00261683529243, 0.00142271060031, 0.000940973230172, 0.00171841681004, 0.00280056498013], [-0.000322462816257, -0.000423694873461, -0.0025822785683, -0.000656898948364, 0.000111895489681, 0.0021539167501, -0.00645898422226, -0.00261683529243, 0.0204254388809, -0.00348022324033, -0.00203456450254, -0.00420740107074, 0.00176737108268], [-0.00029131147312, 0.000414304726291, 0.00140803563409, 0.000288472539978, 0.00196060328744, -0.00383906112984, -0.00111357762944, 0.00142271060031, -0.00348022324033, 0.0151533037424, -0.00716851325706, 0.00359656033106, -0.00274836155586], [0.000359477387974, 0.000447650032584, 0.000875161553267, -0.00291100121103, -0.000913205964025, 0.00223275995813, -0.00173505034763, 0.000940973230172, -0.00203456450254, -0.00716851325706, 0.0288753788918, -0.0155440960079, 0.000129304011352], [0.000305123743601, 0.00197769864462, -0.000728405837435, 0.00177620409522, -0.00158608099446, -0.00324838771485, 0.00300516118295, 0.00171841681004, -0.00420740107074, 0.00359656033106, -0.0155440960079, 0.027435021475, -0.00633110944182], [0.000526468153112, 0.000687370600644, 0.000985710183159, -0.000802616763394, -0.00456517003477, -0.00221778382547, 5.42564484931e-05, 0.00280056498013, 0.00176737108268, -0.00274836155586, 0.000129304011352, -0.00633110944182, 0.0191123168916]]
    spectral_contrast:
        mean: [9.10481823269e-09, -1.37820549639e-07, -1.98161131948e-07, 2.36198815173e-07, -2.36751318994e-07, 8.52388097883e-08, 2.33430682783e-06, 2.34715867009e-06, 7.14144263725e-08, -1.85837279787e-06, -1.52415611865e-06, 3.618898063e-06]
        var: [0.000771699298639, 0.00128225691151, 0.001605034573, 0.0021262539085, 0.00517241377383, 0.00701185548678, 0.0375791564584, 0.0913063362241, 0.285388559103, 0.528215587139, 0.658610999584, 4.90024471283]

rhythm:
    beats_loudness:
        dmean: 0.00511053623632
        dmean2: 0.010328729637
        dvar: 1.05455637822e-05
        dvar2: 2.1968047804e-05
        max: 0.0136066935956
        mean: 0.00539069157094
        min: 0.000940181489568
        var: 1.22247938634e-05
    beats_loudness_bass:
        dmean: 0.331880450249
        dmean2: 0.662324368954
        dvar: 0.00739469379187
        dvar2: 0.0197512209415
        max: 0.49781152606
        mean: 0.224414587021
        min: 0.00968093238771
        var: 0.0317937508225
    bpm: 92.3684768677
    bpm_confidence: 0
    first_peak_bpm: 92
    first_peak_spread: 0.066666662693
    first_peak_weight: 0.933333337307
    onset_rate: 5.19745445251
    second_peak_bpm: 0
    second_peak_spread: 0
    second_peak_weight: 0
    beats_position: [0.0823989957571, 0.732180774212, 1.38196253777, 2.03174424171, 2.68152594566, 3.33130764961, 3.98108935356, 4.63087129593, 5.28065299988, 5.93043470383, 6.61418008804, 7.2635474205, 7.91291427612, 8.56228160858, 9.21164798737, 9.86101531982]
    bpm_estimates: [92.2948226929, 92.2809448242, 92.2716445923, 92.3146896362, 92.4656829834, 92.6893920898, 92.2827148438, 92.2549819946, 92.3120574951, 92.2961120605, 92.2644729614, 92.3086013794, 92.3099212646, 92.3052597046, 92.4799118042, 92.8913116455, 92.6588287354, 92.3304443359, 92.2498092651, 92.3468856812, 92.2062072754, 92.2916488647]
    bpm_intervals: [0.649781763554, 0.649781763554, 0.649781703949, 0.649781703949, 0.649781703949, 0.649781703949, 0.649781942368, 0.649781703949, 0.649781703949, 0.683745384216, 0.649367332458, 0.649366855621, 0.649367332458, 0.649366378784, 0.649367332458]
    onset_times: [0.0580498874187, 0.383129239082, 0.53405892849, 0.708208620548, 0.870748281479, 1.02167797089, 1.19582772255, 1.35836732388, 1.52090704441, 1.69505667686, 1.81115651131, 2.03174614906, 2.34521532059, 2.50775504112, 2.61224484444, 2.68190479279, 2.99537420273, 3.14630389214, 3.32045340538, 3.48299312592, 3.63392281532, 3.80807256699, 3.97061228752, 4.13315200806, 4.29569149017, 4.6439909935, 4.95746040344, 5.11999988556, 5.29414987564, 5.61922883987, 5.7701587677, 5.94430828094, 6.1068482399, 6.24616765976, 6.42031764984, 6.58285713196, 6.7570066452, 6.90793657303, 7.25623559952, 7.58131504059, 7.73224496841, 7.90639448166, 8.23147392273, 8.38240337372, 8.55655288696, 8.71909332275, 8.87002277374, 9.04417228699, 9.19510173798, 9.36925125122, 9.53179168701, 9.86848068237]
    rubato_start: []
    rubato_stop: []
    perceptual_tempo: "unknown"

sfx:
    inharmonicity:
        dmean: 0.048670116812
        dmean2: 0.0850917994976
        dvar: 0.00392869627103
        dvar2: 0.0102017661557
        max: 0.434182226658
        mean: 0.0507663190365
        min: 2.23559472943e-05
        var: 0.00464260671288
    oddtoevenharmonicenergyratio:
        dmean: 1.5575428009
        dmean2: 2.91112375259
        dvar: 10.1934013367
        dvar2: 31.4952888489
        max: 28.8533649445
        mean: 1.13396561146
        min: 3.15680845233e-05
        var: 6.79260587692
    pitch_after_max_to_before_max_energy_ratio: 22.6790161133
    pitch_centroid: 244.546905518
    pitch_max_to_total: 0.0675990656018
    pitch_min_to_total: 0.146853148937
    tristimulus:
        dmean: [0.228006154299, 0.23815946281, 0.13833078742]
        dmean2: [0.389750897884, 0.418970257044, 0.241616547108]
        dvar: [0.0440800301731, 0.045819517225, 0.0247739758343]
        dvar2: [0.107206456363, 0.123778223991, 0.0643466860056]
        max: [0.988372802734, 0.962759137154, 0.826828718185]
        mean: [0.431086719036, 0.382120013237, 0.15527664125]
        min: [0.0147270038724, 0, 0]
        var: [0.0806199908257, 0.0651025474072, 0.0370507836342]

tonal:
    chords_changes_rate: 0.0925925895572
    chords_number_rate: 0.037037037313
    chords_strength:
        dmean: 0.0127373831347
        dmean2: 0.0138880396262
        dvar: 8.39110653033e-05
        dvar2: 0.000129122723592
        max: 0.497856706381
        mean: 0.371138989925
        min: 0.232922583818
        var: 0.00320260622539
    key_strength: 0.353583186865
    tuning_diatonic_strength: 0.425004184246
    tuning_equal_tempered_deviation: 0.0659244209528
    tuning_frequency: 440
    tuning_nontempered_energy_ratio: 0.728694796562
    hpcp:
        dmean: [0.146303117275, 0.130857348442, 0.119949705899, 0.14482524991, 0.153716504574, 0.139028206468, 0.132135689259, 0.145002931356, 0.172734200954, 0.165125966072, 0.15662689507, 0.143838703632, 0.166548922658, 0.15257166326, 0.136455997825, 0.161672890186, 0.148739263415, 0.169201731682, 0.171132817864, 0.124378919601, 0.167774915695, 0.177756905556, 0.13349840045, 0.112126931548, 0.114809766412, 0.128202214837, 0.153361812234, 0.21551951766, 0.216081693769, 0.16024056077, 0.106647968292, 0.10108551383, 0.117484383285, 0.152901783586, 0.15790578723, 0.152072012424]
        dmean2: [0.249228417873, 0.232555001974, 0.215577661991, 0.255594134331, 0.271849006414, 0.245156258345, 0.221428945661, 0.247918233275, 0.304780393839, 0.275005877018, 0.266755014658, 0.246446371078, 0.297782421112, 0.27042105794, 0.236880555749, 0.26921620965, 0.2424454391, 0.279855698347, 0.297730922699, 0.208911538124, 0.310540884733, 0.315246760845, 0.240279436111, 0.199730187654, 0.205889925361, 0.222898304462, 0.255737513304, 0.362084954977, 0.378060787916, 0.287149459124, 0.173711284995, 0.167098432779, 0.201490491629, 0.256404280663, 0.270797610283, 0.251560181379]
        dvar: [0.0439795032144, 0.0393417589366, 0.0386553518474, 0.0463822484016, 0.045168209821, 0.0402564965189, 0.0389077439904, 0.0351551286876, 0.0498772524297, 0.0561292618513, 0.0479534342885, 0.0313910506666, 0.0466308295727, 0.0431718789041, 0.0408203564584, 0.0483917891979, 0.036769375205, 0.0346575342119, 0.0461888425052, 0.0283739063889, 0.0590456239879, 0.0585798099637, 0.0500209853053, 0.0362080298364, 0.0451685041189, 0.0349039398134, 0.0360407978296, 0.0644422024488, 0.0595881901681, 0.0548035390675, 0.0312255658209, 0.0201086681336, 0.0225147083402, 0.0433668754995, 0.0375037230551, 0.0355252623558]
        dvar2: [0.108151361346, 0.112851321697, 0.106758989394, 0.108302153647, 0.12567730248, 0.11065120995, 0.0952782258391, 0.0840595886111, 0.115182504058, 0.108283050358, 0.122829072177, 0.0712888240814, 0.102032020688, 0.122306957841, 0.122242160141, 0.112666994333, 0.0815197899938, 0.0836611092091, 0.112612970173, 0.0730081796646, 0.163446232677, 0.157509699464, 0.131917074323, 0.0979502722621, 0.111381977797, 0.0965820327401, 0.0919573158026, 0.132566586137, 0.152459651232, 0.145813122392, 0.0571440346539, 0.04744303599, 0.0513282231987, 0.0917473584414, 0.0865265876055, 0.0919585302472]
        max: [1, 1, 1, 1, 1, 1, 1, 1, 1, 1, 1, 1, 1, 1, 1, 1, 1, 1, 1, 1, 1, 1, 1, 1, 1, 1, 1, 1, 1, 1, 1, 0.727750778198, 0.933955073357, 1, 0.997951626778, 1]
        mean: [0.149314627051, 0.110186845064, 0.109054930508, 0.149076655507, 0.153800114989, 0.153353601694, 0.149897485971, 0.14377309382, 0.215791597962, 0.272556811571, 0.218662753701, 0.183033198118, 0.207270592451, 0.177953630686, 0.138498917222, 0.161312654614, 0.162621185184, 0.18414606154, 0.189287304878, 0.128196597099, 0.158095300198, 0.187312185764, 0.125019952655, 0.107289075851, 0.13303488493, 0.128523007035, 0.208105400205, 0.294526427984, 0.22899197042, 0.160103902221, 0.139263704419, 0.113578125834, 0.145465791225, 0.189939603209, 0.168416187167, 0.155731603503]
        min: [0.000158424241818, 0.000140395961353, 0.0008298328612, 0.000678629847243, 0.000536608044058, 0.00119685474783, 0.000534102146048, 0.00211489689536, 0.000486184901092, 0.000454690860352, 0.000216855070903, 0.00466137100011, 0.00455358717591, 0.00307070533745, 0.000391636567656, 0.000258641521214, 0.000361111888196, 0.00150780100375, 0.00206874334253, 0.00226516625844, 0.000383073172998, 0.000716126116458, 0.000812046346255, 0.000174645931111, 6.68149150442e-05, 0.00018612468557, 0.00112387421541, 0.00179847306572, 0.000910943257622, 0.000546985713299, 0.000237101587118, 0.000166880432516, 0.00116759084631, 0.00236473814584, 0.00219937157817, 0.000616450386588]
        var: [0.0515524893999, 0.0330448448658, 0.032011013478, 0.0545006543398, 0.0498471036553, 0.0482636243105, 0.0489116869867, 0.038797672838, 0.0789152756333, 0.131964623928, 0.0920147225261, 0.0458298996091, 0.0607179068029, 0.05105670169, 0.041218098253, 0.0643015801907, 0.055228471756, 0.0524185486138, 0.0605514571071, 0.0283061228693, 0.0515576265752, 0.0618262924254, 0.0390714667737, 0.036750998348, 0.0720458626747, 0.0401218943298, 0.0643160268664, 0.10825368762, 0.0655554905534, 0.0561327524483, 0.060837905854, 0.0287465304136, 0.0351600311697, 0.0669947937131, 0.045329336077, 0.0428323410451]
    chords_histogram: [11.1111106873, 0, 0, 2.31481480598, 36.5740737915, 0.462962955236, 0, 0, 0, 0, 0, 5.09259271622, 0, 0, 0, 0, 0, 16.2037029266, 0, 15.2777776718, 0, 2.31481480598, 10.6481485367, 0]
    thpcp: [1, 0.777492105961, 0.543597757816, 0.472839415073, 0.385629653931, 0.493897259235, 0.644898355007, 0.571820318699, 0.528752565384, 0.506965100765, 0.37411531806, 0.370272129774, 0.506157159805, 0.522194623947, 0.520678579807, 0.508944094181, 0.488150060177, 0.732673108578, 0.925406992435, 0.742421507835, 0.621449172497, 0.703741908073, 0.604202568531, 0.470242738724, 0.547701776028, 0.552144646645, 0.625227630138, 0.642683625221, 0.435263484716, 0.536777973175, 0.635977506638, 0.424477875233, 0.364276558161, 0.45169082284, 0.436371743679, 0.706576347351]
    chords_key: "G#"
    chords_scale: "major"
    key_key: "F#"
    key_scale: "major"
    chords_progression: ["B", "B", "B", "B", "B", "B", "B", "B", "B", "B", "B", "B", "B", "B", "B", "B", "B", "B", "B", "B", "B", "B", "B", "C#m", "G#", "G#", "G#", "G#", "G#", "G#", "G#", "G#", "G#", "G#", "G#", "G#", "G#", "G#", "G#m", "G#m", "G#m", "G#m", "G#m", "Am", "Am", "Am", "Am", "Am", "Am", "Am", "Fm", "Fm", "Fm", "Fm", "Fm", "F#m", "F#m", "F#m", "F#m", "F#m", "F#m", "F#m", "F#m", "F#m", "F#m", "F#m", "F#m", "F#m", "F#m", "F#m", "F#m", "F#m", "F#m", "F#m", "F#m", "F#m", "F#m", "F#m", "F#m", "F#m", "F#m", "F#m", "Am", "Am", "Am", "G#", "G#", "G#", "G#", "G#", "G#", "G#", "G#", "G#", "G#", "G#", "G#", "G#", "G#", "G#", "G#", "G#", "G#", "G#", "G#", "G#", "G#", "G#", "G#", "G#", "G#", "G#", "G#", "G#", "G#", "G#", "G#", "G#", "G#", "G#", "C#m", "G#", "G#", "C#m", "C#m", "C#m", "C#m", "C#m", "C#m", "C#m", "C#m", "C#m", "C#m", "C#m", "C#m", "C#m", "C#m", "C#m", "C#m", "C#m", "C#m", "G#", "G#", "G#", "G#", "G#", "G#", "G#", "G#", "G#", "G#", "G#", "G#", "G#", "G#", "G#", "G#", "G#", "G#", "C#m", "G#", "G#", "F#", "F#", "F#", "F#", "F#", "F#", "F#", "F#", "F#", "F#", "F#", "F#", "F#", "F#", "F#", "F#", "F#", "F#", "F#", "F#", "F#", "F#", "F#", "F#", "F#m", "F#m", "F#m", "F#m", "F#m", "F#m", "F#m", "F#m", "C#m", "C#m", "C#m", "C#m", "C#m", "C#m", "C#m", "C#m", "C#m", "C#m", "C#m", "C#m", "Cm", "G#", "G#", "G#", "G#", "G#", "G#", "G#", "G#", "Am"]
