
metadata:
    version:
        essentia: "1.2.2"
    audio_properties:
        analysis_sample_rate: 44100
        bitrate: 128
        channels: 2
        equal_loudness: 1
        length: 10.0048980713
        replay_gain: -12.2112846375
        downmix: "mix"
    tags:
        track: 19
        year: 0
        album: "Splitted by Mp3Splt v. 2.1"
        artist: "From 003.00 To 003.10"
        comment: "http://mp3splt.sf.net"
        genre: ""
        title: "04 Universal Traveler.mp3"

highlevel:
    ballroom:
        all:
            ChaChaCha: 0.00792609527707
            Jive: 0.00418468005955
            Quickstep: 0.00666188169271
            Rumba-American: 0.011780786328
            Rumba-International: 0.446716338396
            Rumba-Misc: 0.307024508715
            Samba: 0.00768422335386
            Tango: 0.00356495054439
            VienneseWaltz: 0.0683122575283
            Waltz: 0.136144295335
        probability: 0.446716338396
        value: "Rumba-International"
    culture:
        all:
            non_western: 0.0632701814175
            western: 0.93672978878
        probability: 0.93672978878
        value: "western"
    gender:
        all:
            female: 0.345810085535
            male: 0.654189884663
        probability: 0.654189884663
        value: "male"
    genre_dortmund:
        all:
            alternative: 0.116072580218
            blues: 0.194441139698
            electronic: 0.0602060742676
            folkcountry: 0.337466359138
            funksoulrnb: 0.0309254322201
            jazz: 0.102676302195
            pop: 0.0855302214622
            raphiphop: 0.0305154230446
            rock: 0.0421664603055
        probability: 0.337466359138
        value: "folkcountry"
    genre_electronica:
        all:
            ambient: 0.67672508955
            dnb: 0.0290976893157
            house: 0.202903449535
            techno: 0.0697384700179
            trance: 0.021535307169
        probability: 0.67672508955
        value: "ambient"
    genre_rosamerica:
        all:
            cla: 0.137246564031
            dan: 0.06836566329
            hip: 0.0287931188941
            jaz: 0.139274805784
            pop: 0.10599360615
            rhy: 0.423608273268
            roc: 0.0790169462562
            spe: 0.0177010409534
        probability: 0.423608273268
        value: "rhy"
    genre_tzanetakis:
        all:
            blu: 0.0752945840359
            cla: 0.0157511718571
            cou: 0.105034425855
            dis: 0.0309825465083
            hip: 0.0312463771552
            jaz: 0.0128559879959
            met: 0.0168305747211
            pop: 0.148305952549
            reg: 0.0747390165925
            roc: 0.488959342241
        probability: 0.488959342241
        value: "roc"
    live_studio:
        all:
            live: 0.130104631186
            studio: 0.869895339012
        probability: 0.869895339012
        value: "studio"
    mood:
        all:
            Cluster1: 0.0428833663464
            Cluster2: 0.0274785701185
            Cluster3: 0.893356502056
            Cluster4: 0.0296762548387
            Cluster5: 0.00660529453307
        probability: 0.893356502056
        value: "Cluster3"
    mood_acoustic:
        all:
            acoustic: 0.943597853184
            not_acoustic: 0.056402143091
        probability: 0.943597853184
        value: "acoustic"
    mood_aggressive:
        all:
            aggressive: 1.00561028376e-05
            not_aggressive: 0.999989926815
        probability: 0.999989926815
        value: "not_aggressive"
    mood_electronic:
        all:
            electronic: 0.672057330608
            not_electronic: 0.327942669392
        probability: 0.672057330608
        value: "electronic"
    mood_happy:
        all:
            happy: 0.0211976598948
            not_happy: 0.978802323341
        probability: 0.978802323341
        value: "not_happy"
    mood_party:
        all:
            not_party: 0.977512538433
            party: 0.022487487644
        probability: 0.977512538433
        value: "not_party"
    mood_relaxed:
        all:
            not_relaxed: 0.082773797214
            relaxed: 0.917226195335
        probability: 0.917226195335
        value: "relaxed"
    mood_sad:
        all:
            not_sad: 0.0977165773511
            sad: 0.902283430099
        probability: 0.902283430099
        value: "sad"
    rhythm:
        all:
            fast: 0.0271576568484
            medium: 0.786572635174
            slow: 0.186269715428
        probability: 0.786572635174
        value: "medium"
    speech_music:
        all:
            music: 0.998399913311
            speech: 0.00160011136904
        probability: 0.998399913311
        value: "music"
    timbre:
        all:
            bright: 0.413528323174
            dark: 0.586471676826
        probability: 0.586471676826
        value: "dark"
    voice_instrumental:
        all:
            instrumental: 0.414176315069
            voice: 0.585823714733
        probability: 0.585823714733
        value: "voice"

lowlevel:
    average_loudness: 0.97254806757
    barkbands_kurtosis:
        dmean: 12.0987730026
        dmean2: 17.4451847076
        dvar: 1081.05517578
        dvar2: 1476.08544922
        max: 646.810302734
        mean: 23.5507583618
        min: -1.88870179653
        var: 2297.41552734
    barkbands_skewness:
        dmean: 1.01561450958
        dmean2: 1.5476886034
        dvar: 1.59471547604
        dvar2: 3.5661816597
        max: 16.1923694611
        mean: 3.16702723503
        min: -1.10477018356
        var: 4.21547889709
    barkbands_spread:
        dmean: 4.56881141663
        dmean2: 7.20030069351
        dvar: 59.9618988037
        dvar2: 103.118469238
        max: 62.3554229736
        mean: 9.65543270111
        min: 0.0733885765076
        var: 156.510650635
    dissonance:
        dmean: 0.0361358821392
        dmean2: 0.0551204755902
        dvar: 0.000986779225059
        dvar2: 0.00224361778237
        max: 0.495212137699
        mean: 0.394718617201
        min: 0.154324710369
        var: 0.00336705008522
    hfc:
        dmean: 0.854860842228
        dmean2: 1.38978898525
        dvar: 2.74822258949
        dvar2: 6.55799245834
        max: 12.716673851
        mean: 1.46039819717
        min: 0.0219220891595
        var: 3.37649869919
    pitch:
        dmean: 194.296447754
        dmean2: 376.609436035
        dvar: 523263.21875
        dvar2: 1075375
        max: 5512.5
        mean: 460.000396729
        min: 65.7228012085
        var: 1075047.875
    pitch_instantaneous_confidence:
        dmean: 0.084009885788
        dmean2: 0.129424288869
        dvar: 0.00699258735403
        dvar2: 0.0164910238236
        max: 0.964901924133
        mean: 0.571694195271
        min: 0.135648190975
        var: 0.0220810640603
    pitch_salience:
        dmean: 0.0739908367395
        dmean2: 0.115138106048
        dvar: 0.00512055261061
        dvar2: 0.0104964654893
        max: 0.81291949749
        mean: 0.518364846706
        min: 0.0487084016204
        var: 0.0158686768264
    silence_rate_20dB:
        dmean: 0
        dmean2: 0
        dvar: 0
        dvar2: 0
        max: 1
        mean: 1
        min: 1
        var: 0
    silence_rate_30dB:
        dmean: 0
        dmean2: 0
        dvar: 0
        dvar2: 0
        max: 1
        mean: 1
        min: 1
        var: 0
    silence_rate_60dB:
        dmean: 0.158139541745
        dmean2: 0.314685314894
        dvar: 0.133131548762
        dvar2: 0.248293414712
        max: 1
        mean: 0.670533657074
        min: 0
        var: 0.220918804407
    spectral_centroid:
        dmean: 163.998336792
        dmean2: 255.491760254
        dvar: 110242.445312
        dvar2: 208687.640625
        max: 2556.36987305
        mean: 480.065307617
        min: 173.796615601
        var: 215240.546875
    spectral_complexity:
        dmean: 1.25934576988
        dmean2: 2.16393446922
        dvar: 4.32759809494
        dvar2: 9.97780799866
        max: 18
        mean: 4.22610712051
        min: 0
        var: 5.4010848999
    spectral_crest:
        dmean: 2.47579097748
        dmean2: 3.97337126732
        dvar: 5.80452775955
        dvar2: 12.5009641647
        max: 26.8249740601
        mean: 12.5648994446
        min: 4.38559675217
        var: 20.3629589081
    spectral_decrease:
        dmean: 3.37642913628e-10
        dmean2: 5.247459689e-10
        dvar: 2.83696170133e-19
        dvar2: 7.88127709774e-19
        max: -1.71151010031e-11
        mean: -8.06495314976e-10
        min: -3.8189207352e-09
        var: 5.26676287469e-19
    spectral_energy:
        dmean: 0.00133600574918
        dmean2: 0.00208425335586
        dvar: 4.30327827416e-06
        dvar2: 1.19542874017e-05
        max: 0.0147271733731
        mean: 0.00317636295222
        min: 6.65845727781e-05
        var: 7.93076378613e-06
    spectral_energyband_high:
        dmean: 3.11855583277e-05
        dmean2: 5.15957908647e-05
        dvar: 1.25505570381e-08
        dvar2: 2.35069599341e-08
        max: 0.00116705964319
        mean: 5.34366699867e-05
        min: 1.26823387347e-08
        var: 3.52728406483e-08
    spectral_energyband_low:
        dmean: 0.000201405637199
        dmean2: 0.0003103177296
        dvar: 1.43046364087e-07
        dvar2: 3.84119687169e-07
        max: 0.00301772821695
        mean: 0.000310546107357
        min: 1.14297802156e-06
        var: 1.6242283607e-07
    spectral_energyband_middle_high:
        dmean: 0.000225834461162
        dmean2: 0.000380697136279
        dvar: 3.44544758946e-07
        dvar2: 8.76765170688e-07
        max: 0.0034516248852
        mean: 0.000200717011467
        min: 7.74414161242e-07
        var: 2.68598739694e-07
    spectral_energyband_middle_low:
        dmean: 0.00102603202686
        dmean2: 0.0016026343219
        dvar: 2.90718071483e-06
        dvar2: 7.83230734669e-06
        max: 0.0127216521651
        mean: 0.00261161266826
        min: 4.98581648571e-05
        var: 6.80080574966e-06
    spectral_flatness_db:
        dmean: 0.0336471162736
        dmean2: 0.0470884442329
        dvar: 0.00106133916415
        dvar2: 0.00213082088158
        max: 0.547349154949
        mean: 0.281122118235
        min: 0.141220569611
        var: 0.0043785860762
    spectral_flux:
        dmean: 0.0112704765052
        dmean2: 0.0177051518112
        dvar: 0.000198178939172
        dvar2: 0.000374294671929
        max: 0.100561112165
        mean: 0.0238613598049
        min: 0.00205017975532
        var: 0.000324460183037
    spectral_kurtosis:
        dmean: 8.282954216
        dmean2: 12.2553663254
        dvar: 177.605804443
        dvar2: 358.984191895
        max: 142.575790405
        mean: 17.0061035156
        min: -0.36892080307
        var: 416.773193359
    spectral_rms:
        dmean: 0.000339851627359
        dmean2: 0.000499148096424
        dvar: 1.92169466118e-07
        dvar2: 5.25675602603e-07
        max: 0.00379051105119
        mean: 0.00161587039474
        min: 0.000254873622907
        var: 4.87850343234e-07
    spectral_rolloff:
        dmean: 307.652893066
        dmean2: 556.483886719
        dvar: 635496.5
        dvar2: 1241389.75
        max: 5447.90039062
        mean: 749.344055176
        min: 193.798828125
        var: 1245278.875
    spectral_skewness:
        dmean: 0.711977362633
        dmean2: 1.0180478096
        dvar: 0.744105160236
        dvar2: 1.55762171745
        max: 10.1080503464
        mean: 3.04215335846
        min: 0.199901118875
        var: 2.24451732635
    spectral_spread:
        dmean: 929045.6875
        dmean2: 1453891.75
        dvar: 1.2954927104e+12
        dvar2: 3.03361530266e+12
        max: 10125092
        mean: 3782273
        min: 564640.1875
        var: 3.08522595123e+12
    spectral_strongpeak:
        dmean: 0.131189778447
        dmean2: 0.225221648812
        dvar: 0.0951136350632
        dvar2: 0.272410273552
        max: 3.65921711922
        mean: 0.344959080219
        min: 0.0227577220649
        var: 0.0758054330945
    zerocrossingrate:
        dmean: 0.00820152740926
        dmean2: 0.009879976511
        dvar: 0.000126277678646
        dvar2: 0.000136682618177
        max: 0.15234375
        mean: 0.0290874484926
        min: 0.00732421875
        var: 0.000621139071882
    barkbands:
        dmean: [9.08242782316e-07, 2.78397583315e-05, 0.000180052025826, 0.000510503596161, 0.000506271258928, 0.000170066210558, 0.000107475912955, 2.93115699606e-05, 2.05556716537e-05, 2.93852772302e-05, 1.02588746813e-05, 1.37662764246e-05, 9.10003745958e-06, 9.19227932172e-06, 8.48582658364e-06, 9.42925453273e-06, 7.61114060879e-05, 3.98665251851e-05, 3.14914395858e-05, 1.59193950822e-05, 1.77124948095e-05, 9.30473106564e-06, 1.12432462629e-06, 5.41205849913e-07, 8.17430930056e-07, 1.23863284074e-08, 2.72297379089e-10]
        dmean2: [1.06906941255e-06, 4.48977771157e-05, 0.000275358906947, 0.000782554910984, 0.000805864168797, 0.000267579831416, 0.000168859260157, 4.97859327879e-05, 3.43083738699e-05, 5.25943687535e-05, 1.79482885869e-05, 2.36296982621e-05, 1.63204458659e-05, 1.59310093295e-05, 1.48225044541e-05, 1.64499506354e-05, 0.000132543951622, 6.50349538773e-05, 5.52482670173e-05, 2.66767456196e-05, 3.03762444673e-05, 1.19617716337e-05, 1.8073294541e-06, 8.75466753314e-07, 1.4487112594e-06, 2.25540812693e-08, 3.90796534022e-10]
        dvar: [4.99656479386e-12, 3.6513523316e-09, 1.20784065416e-07, 9.32730358727e-07, 8.02773058695e-07, 6.73030413623e-08, 3.63017598204e-08, 9.0355092297e-09, 3.0616027491e-09, 2.17122888557e-08, 1.78629611103e-09, 2.81200329688e-09, 2.00049510291e-09, 1.39804334776e-09, 1.04161257397e-09, 7.55868700963e-10, 7.51119912934e-08, 1.26170540682e-08, 3.22762652161e-08, 2.90026758165e-09, 5.00901853329e-09, 1.19827103795e-09, 7.91736641526e-12, 1.42783246164e-12, 4.14235399454e-12, 1.02386875681e-15, 7.10315212123e-18]
        dvar2: [8.98651812686e-12, 1.00142845127e-08, 3.18376038422e-07, 2.42369333137e-06, 2.06226741284e-06, 1.44416304693e-07, 8.17166210254e-08, 2.42462938616e-08, 8.47659187286e-09, 6.09884409641e-08, 4.80460338181e-09, 7.39315053622e-09, 5.64469093689e-09, 3.77414943742e-09, 2.85352941276e-09, 2.0522048505e-09, 2.01487097229e-07, 3.11765191441e-08, 7.43966097616e-08, 7.53011697441e-09, 1.08575255453e-08, 1.61222257766e-09, 1.70693875701e-11, 3.26437032787e-12, 1.1147537754e-11, 2.76470283434e-15, 7.16107709798e-18]
        max: [1.98658672161e-05, 0.000876674777828, 0.00287763564847, 0.00785508006811, 0.00714671332389, 0.00274777342565, 0.00251752138138, 0.00125857477542, 0.000423109566327, 0.00133978924714, 0.000418203679146, 0.000471924606245, 0.00043463910697, 0.000336635916028, 0.000294359750114, 0.000268528034212, 0.00244626612402, 0.000860931293573, 0.00184188585263, 0.000495872227475, 0.000758941285312, 0.000515637628268, 3.6576326238e-05, 8.57494524098e-06, 1.51125022967e-05, 1.77528491463e-07, 5.52626282513e-08]
        mean: [1.80240385816e-06, 6.06811772741e-05, 0.000248116499279, 0.000865431560669, 0.000861277745571, 0.000533047132194, 0.000291619449854, 3.50227201125e-05, 2.19927915168e-05, 2.34668732446e-05, 9.288790352e-06, 1.16622168207e-05, 7.43342025089e-06, 8.88051181391e-06, 6.38596020508e-06, 7.46340265323e-06, 5.73749020987e-05, 3.59971709258e-05, 2.88491064566e-05, 1.66430490935e-05, 2.63267811533e-05, 1.50002060764e-05, 1.13583143957e-06, 6.28865791441e-07, 8.25245876968e-07, 1.20445244889e-08, 2.41641928689e-10]
        min: [1.80732095956e-10, 1.17319075343e-07, 6.18058663804e-07, 4.37872188286e-07, 5.98279655151e-07, 6.26588462183e-06, 6.87310333092e-08, 2.8942986674e-08, 5.73098155598e-08, 1.50250496489e-08, 9.819420832e-09, 7.55534301788e-09, 3.23160453952e-09, 1.43087819371e-09, 7.59531904038e-09, 6.01663163735e-09, 3.4304836305e-08, 2.84366343806e-08, 1.47165364339e-08, 9.83479964134e-09, 4.76216088785e-09, 1.18613707745e-09, 3.68194669198e-10, 1.79815121126e-10, 1.18749579614e-10, 5.2769364399e-12, 8.84199228321e-15]
        var: [1.15159678668e-11, 7.96674726189e-09, 1.37538492595e-07, 2.42956571128e-06, 1.21757227589e-06, 2.54048188708e-07, 9.1886015241e-08, 8.01225841229e-09, 2.40543851504e-09, 1.32132056407e-08, 1.20484333621e-09, 2.11745554424e-09, 1.23032894983e-09, 9.91942084028e-10, 6.76924183374e-10, 5.25577414923e-10, 5.15859248651e-08, 1.07089039858e-08, 2.81229031174e-08, 2.4490498518e-09, 1.01530011065e-08, 4.39910063932e-09, 1.35637646947e-11, 2.20886525217e-12, 5.00400892597e-12, 1.03424025173e-15, 7.11323793443e-18]
    mfcc:
        mean: [-862.24822998, 170.691482544, 0.888490736485, 70.6564712524, 0.843659877777, -18.1636009216, -7.11372327805, -16.3910274506, -12.5866031647, -19.1012077332, -9.68805789948, -1.04481041431, -5.96861219406]
        cov: [[5338.24169922, -2137.59375, 148.45249939, -456.100250244, -274.244384766, -160.602020264, 58.2191009521, -79.4477233887, 55.9601402283, 21.3075275421, 39.0579872131, -98.3881912231, -118.037887573], [-2137.59375, 2186.70727539, -351.623382568, -186.385620117, 116.347694397, -27.5201778412, 250.536636353, 250.354644775, 35.3981552124, 108.360412598, 24.949754715, 62.3885612488, 49.0791893005], [148.45249939, -351.623382568, 681.866027832, 87.3602905273, -101.589523315, 40.4069671631, -17.583896637, -59.7758522034, 70.8190689087, -11.2344093323, 1.63906550407, 17.8960418701, 19.6940479279], [-456.100250244, -186.385620117, 87.3602905273, 558.662963867, 31.3512496948, 18.5469608307, -201.606994629, -36.1231956482, 12.9898958206, -100.564033508, -113.696815491, 51.5646133423, 59.5181121826], [-274.244384766, 116.347694397, -101.589523315, 31.3512496948, 292.207550049, -60.0212364197, -35.993724823, 87.398651123, 13.3204278946, -17.7685050964, -43.8224258423, -26.9840946198, -39.9631500244], [-160.602020264, -27.5201778412, 40.4069671631, 18.5469608307, -60.0212364197, 245.441558838, -2.6949493885, -95.5763092041, 21.5344963074, 25.1578674316, 60.9384040833, -14.509557724, 58.3074951172], [58.2191009521, 250.536636353, -17.583896637, -201.606994629, -35.993724823, -2.6949493885, 238.279846191, 27.65574646, -0.141582012177, 73.4988861084, 73.0454406738, -19.9373035431, -59.736831665], [-79.4477233887, 250.354644775, -59.7758522034, -36.1231956482, 87.398651123, -95.5763092041, 27.65574646, 194.512924194, 13.9859399796, 0.953154027462, -47.7835845947, 16.4020938873, 8.37205696106], [55.9601402283, 35.3981552124, 70.8190689087, 12.9898958206, 13.3204278946, 21.5344963074, -0.141582012177, 13.9859399796, 88.0911331177, 17.0576324463, 8.3473110199, 5.08542776108, 16.5067844391], [21.3075275421, 108.360412598, -11.2344093323, -100.564033508, -17.7685050964, 25.1578674316, 73.4988861084, 0.953154027462, 17.0576324463, 97.5414810181, 57.7028541565, -10.0257940292, -12.2791032791], [39.0579872131, 24.949754715, 1.63906550407, -113.696815491, -43.8224258423, 60.9384040833, 73.0454406738, -47.7835845947, 8.3473110199, 57.7028541565, 145.151580811, 0.644913315773, -6.23235750198], [-98.3881912231, 62.3885612488, 17.8960418701, 51.5646133423, -26.9840946198, -14.509557724, -19.9373035431, 16.4020938873, 5.08542776108, -10.0257940292, 0.644913315773, 87.9835281372, 45.7437896729], [-118.037887573, 49.0791893005, 19.6940479279, 59.5181121826, -39.9631500244, 58.3074951172, -59.736831665, 8.37205696106, 16.5067844391, -12.2791032791, -6.23235750198, 45.7437896729, 121.738845825]]
        icov: [[0.000554677797481, 0.000716371578164, 0.000306577363517, 0.000516646192409, 0.000489673460834, 0.000410715932958, -0.000419545482146, -0.000315334968036, -0.00108559813816, -3.47121676896e-05, 0.000281686487142, 5.64256442885e-05, -0.000136413233122], [0.000716371578164, 0.00165216228925, 0.000723402714357, 0.000604181026574, 0.000385112973163, 0.000379291479476, -0.00144150282722, -0.000952395203058, -0.0016078640474, -0.000417855160777, 0.0005870606401, -0.000427712657256, -0.000714340654667], [0.000306577363517, 0.000723402714357, 0.00212320149876, 5.09049605171e-05, 0.00083439523587, 0.000207552104257, -0.000740304240026, -1.49722636706e-05, -0.00242937472649, 0.000240935187321, 0.00038415598101, -0.000310097908368, -6.05924178672e-05], [0.000516646192409, 0.000604181026574, 5.09049605171e-05, 0.00367013830692, 0.000145811922266, -0.000312290008878, 0.00131421431433, 0.000450903957244, -0.00152736308519, 0.0010762832826, 0.00197685090825, -0.00179429841228, 0.000357182027074], [0.000489673460834, 0.000385112973163, 0.00083439523587, 0.000145811922266, 0.00567134423181, 0.000164104698342, 0.00148104946129, -0.0027892452199, -0.00228459504433, 0.000550909142476, -9.49772002059e-05, 0.00147385266609, 0.00262162438594], [0.000410715932958, 0.000379291479476, 0.000207552104257, -0.000312290008878, 0.000164104698342, 0.00791519414634, -0.00130974536296, 0.00331938802265, -0.00187140144408, -0.000812648038846, -0.00176812452264, 0.00368339940906, -0.00554648786783], [-0.000419545482146, -0.00144150282722, -0.000740304240026, 0.00131421431433, 0.00148104946129, -0.00130974536296, 0.00998050160706, -0.00185379141476, 0.00129709544126, -0.00221284385771, -0.0021985557396, -0.000343634252204, 0.00540746795014], [-0.000315334968036, -0.000952395203058, -1.49722636706e-05, 0.000450903957244, -0.0027892452199, 0.00331938802265, -0.00185379141476, 0.010456235148, -0.000936091761105, -0.000551840756088, 0.00285406922922, -0.000666751584504, -0.00380609603599], [-0.00108559813816, -0.0016078640474, -0.00242937472649, -0.00152736308519, -0.00228459504433, -0.00187140144408, 0.00129709544126, -0.000936091761105, 0.0167266875505, -0.0030419267714, -0.00126396666747, 2.47847347055e-05, -0.00106628041249], [-3.47121676896e-05, -0.000417855160777, 0.000240935187321, 0.0010762832826, 0.000550909142476, -0.000812648038846, -0.00221284385771, -0.000551840756088, -0.0030419267714, 0.0170597899705, -0.00422420538962, 0.00104442168958, 0.000616297824308], [0.000281686487142, 0.0005870606401, 0.00038415598101, 0.00197685090825, -9.49772002059e-05, -0.00176812452264, -0.0021985557396, 0.00285406922922, -0.00126396666747, -0.00422420538962, 0.0127907758579, -0.00328636821359, 0.000183388794539], [5.64256442885e-05, -0.000427712657256, -0.000310097908368, -0.00179429841228, 0.00147385266609, 0.00368339940906, -0.000343634252204, -0.000666751584504, 2.47847347055e-05, 0.00104442168958, -0.00328636821359, 0.0177197866142, -0.00697312038392], [-0.000136413233122, -0.000714340654667, -6.05924178672e-05, 0.000357182027074, 0.00262162438594, -0.00554648786783, 0.00540746795014, -0.00380609603599, -0.00106628041249, 0.000616297824308, 0.000183388794539, -0.00697312038392, 0.0174738001078]]
    spectral_contrast:
        mean: [3.38454356097e-07, -6.57188081732e-07, 1.81193257731e-07, 1.56344967195e-07, 7.62078045113e-08, -5.17372491515e-08, -2.29165266319e-06, 3.65964183402e-07, -1.82120675163e-06, 3.06567949337e-06, -6.70239614919e-07, 3.53181832224e-07]
        var: [0.000800843816251, 0.00121126207523, 0.00192656274885, 0.00293536880054, 0.00424673222005, 0.00586219504476, 0.103534147143, 0.150187641382, 0.235622361302, 0.578459560871, 0.943796157837, 3.67399334908]

rhythm:
    beats_loudness:
        dmean: 0.00248114392161
        dmean2: 0.00433278828859
        dvar: 7.14325415174e-06
        dvar2: 1.72273757926e-05
        max: 0.0125536471605
        mean: 0.00357670593075
        min: 0.00112095300574
        var: 8.41657220008e-06
    beats_loudness_bass:
        dmean: 0.126589000225
        dmean2: 0.234133020043
        dvar: 0.0182846840471
        dvar2: 0.0372354015708
        max: 0.527538359165
        mean: 0.19476903975
        min: 0.016537649557
        var: 0.0222255587578
    bpm: 91.4660415649
    bpm_confidence: 0
    first_peak_bpm: 182
    first_peak_spread: 0
    first_peak_weight: 0.550000011921
    onset_rate: 5.4973077774
    second_peak_bpm: 91
    second_peak_spread: 0.111111104488
    second_peak_weight: 0.40000000596
    beats_position: [0.242854192853, 0.898835897446, 1.55481755733, 2.21079921722, 2.86678099632, 3.52276277542, 4.17874479294, 4.83472633362, 5.49070835114, 6.17549610138, 6.50429821014, 6.83310079575, 7.16190338135, 7.49070549011, 7.81950807571, 8.14831066132, 8.47711277008, 8.80591583252, 9.13471794128, 9.46352005005, 9.79232311249]
    bpm_estimates: [91.5568389893, 91.3889541626, 91.6354370117, 91.4403305054, 91.5336608887, 91.4423675537, 91.4634170532, 91.4642333984, 91.4797668457, 91.3463516235, 91.3750686646]
    bpm_intervals: [0.655981719494, 0.655981659889, 0.655981659889, 0.655981779099, 0.655981779099, 0.655982017517, 0.65598154068, 0.655982017517, 0.684787750244, 0.328802108765, 0.328802585602, 0.328802585602, 0.328802108765, 0.328802585602, 0.328802585602, 0.328802108765, 0.328803062439, 0.328802108765, 0.328802108765, 0.328803062439]
    onset_times: [0.0580498874187, 0.243809521198, 0.429569154978, 0.522448956966, 0.893968224525, 1.09133791924, 1.2190476656, 1.4164172411, 1.54412698746, 1.75310659409, 1.82276642323, 2.02013611794, 2.20589566231, 2.35682535172, 2.41487526894, 2.71673464775, 2.87927436829, 3.05342411995, 3.16952371597, 3.52943301201, 3.73841261864, 3.86612248421, 4.02866220474, 4.19120168686, 4.34213161469, 4.46984148026, 4.62077093124, 4.71365070343, 4.85297060013, 4.99229001999, 5.0967798233, 5.32897949219, 5.51473903656, 5.70049905777, 5.80498886108, 6.17650794983, 6.37387752533, 6.5015873909, 6.67573690414, 6.82666683197, 6.98920631409, 7.0936961174, 7.32589578629, 7.50004529953, 7.65097522736, 7.98766422272, 8.15020370483, 8.31274414062, 8.44045352936, 9.03256225586, 9.13705253601, 9.39247131348, 9.62467098236, 9.79882049561, 9.94975090027]
    rubato_start: [6.50429821014]
    rubato_stop: [6.83310079575]
    perceptual_tempo: "unknown"

sfx:
    inharmonicity:
        dmean: 0.0160007923841
        dmean2: 0.0283881872892
        dvar: 0.000781604670919
        dvar2: 0.00208677514456
        max: 0.238053321838
        mean: 0.0140385180712
        min: 8.907661595e-07
        var: 0.000824160582852
    oddtoevenharmonicenergyratio:
        dmean: 4.82359933853
        dmean2: 9.31194210052
        dvar: 411.276275635
        dvar2: 1210.30419922
        max: 215.609924316
        mean: 2.78269433975
        min: 8.41673318064e-06
        var: 217.971466064
    pitch_after_max_to_before_max_energy_ratio: 0.287691831589
    pitch_centroid: 211.256530762
    pitch_max_to_total: 0.769230782986
    pitch_min_to_total: 0.780885756016
    tristimulus:
        dmean: [0.195222213864, 0.203843817115, 0.0443510822952]
        dmean2: [0.347898542881, 0.371126234531, 0.079526886344]
        dvar: [0.0522417873144, 0.0566374845803, 0.00907012447715]
        dvar2: [0.12759500742, 0.144153907895, 0.024765027687]
        max: [0.996890544891, 0.987320780754, 0.83377045393]
        mean: [0.657707929611, 0.276388019323, 0.0444425418973]
        min: [0.00714483112097, 0, 0]
        var: [0.0834232196212, 0.071250602603, 0.00926816835999]

tonal:
    chords_changes_rate: 0.111111111939
    chords_number_rate: 0.0231481473893
    chords_strength:
        dmean: 0.00901649612933
        dmean2: 0.00905873999
        dvar: 4.81975075672e-05
        dvar2: 6.99301599525e-05
        max: 0.777910351753
        mean: 0.53554302454
        min: 0.360868752003
        var: 0.0129729751498
    key_strength: 0.709746062756
    tuning_diatonic_strength: 0.644369125366
    tuning_equal_tempered_deviation: 0.10744805634
    tuning_frequency: 443.316436768
    tuning_nontempered_energy_ratio: 0.719143033028
    hpcp:
        dmean: [0.134924903512, 0.1093467623, 0.0497561730444, 0.0305650290102, 0.0441932678223, 0.0429631210864, 0.0454003959894, 0.0790552198887, 0.14587572217, 0.136061474681, 0.0751042664051, 0.071781411767, 0.0668210461736, 0.045601144433, 0.0549607612193, 0.0974568277597, 0.0833116844296, 0.0647965297103, 0.0892454460263, 0.134086087346, 0.143113568425, 0.1291564852, 0.0833468437195, 0.0635444372892, 0.049775455147, 0.0370070561767, 0.0416484922171, 0.0422845035791, 0.0656149163842, 0.154390141368, 0.17153570056, 0.119736462831, 0.0619229748845, 0.0717852413654, 0.0816037803888, 0.124180808663]
        dmean2: [0.22460564971, 0.192568078637, 0.0923296138644, 0.0570305660367, 0.0837187841535, 0.0695461630821, 0.0768936425447, 0.138120487332, 0.251234412193, 0.217680692673, 0.125909417868, 0.130656272173, 0.111578017473, 0.0823848471045, 0.095316439867, 0.177252113819, 0.152132615447, 0.121125750244, 0.159712046385, 0.226481422782, 0.239173054695, 0.198375046253, 0.137191012502, 0.112639121711, 0.0910872519016, 0.0666529089212, 0.0771812349558, 0.0818854570389, 0.118084043264, 0.25629144907, 0.276345282793, 0.200849533081, 0.10754994303, 0.132168754935, 0.14128048718, 0.205365568399]
        dvar: [0.0493173599243, 0.0348511151969, 0.0163935068995, 0.00689226575196, 0.0133515447378, 0.00869164150208, 0.00935850385576, 0.0256425701082, 0.055280957371, 0.0540938451886, 0.0141120962799, 0.0177494771779, 0.0167415887117, 0.0122225973755, 0.0155030731112, 0.0365678556263, 0.0264451950788, 0.0264989770949, 0.0476620309055, 0.04699087888, 0.0586283318698, 0.0327873714268, 0.020966604352, 0.0286082439125, 0.0259812902659, 0.00843363720924, 0.0187830552459, 0.0220341607928, 0.0154851777479, 0.0354519970715, 0.0513151958585, 0.0215752329677, 0.0301344078034, 0.0368494950235, 0.0282338578254, 0.0466772839427]
        dvar2: [0.106708243489, 0.0979122146964, 0.0475386492908, 0.0189009830356, 0.038744494319, 0.0200199652463, 0.026742881164, 0.0661575421691, 0.132619783282, 0.105212919414, 0.0363922528923, 0.0499935783446, 0.0455925501883, 0.0366970673203, 0.0346388071775, 0.0857738032937, 0.0702492967248, 0.0771293342113, 0.123767562211, 0.107025250793, 0.114612944424, 0.0703838095069, 0.0426496528089, 0.0756803229451, 0.0664862468839, 0.0223395582289, 0.0572611652315, 0.065583832562, 0.0416614301503, 0.0691650286317, 0.099731862545, 0.0520694851875, 0.0790988057852, 0.0997167751193, 0.0728618577123, 0.109868094325]
        max: [1, 0.939223110676, 1, 0.620501816273, 0.727834165096, 1, 1, 1, 1, 1, 0.766887307167, 0.719951272011, 0.958855092525, 0.909328579903, 0.931965231895, 1, 1, 0.967338144779, 1, 1, 1, 1, 1, 1, 1, 0.5496327281, 1, 1, 0.750329971313, 1, 1, 1, 1, 1, 1, 1]
        mean: [0.212049350142, 0.124736100435, 0.0362391844392, 0.0213388428092, 0.0280603747815, 0.0504219345748, 0.051683139056, 0.068748742342, 0.192542210221, 0.209506243467, 0.0873652100563, 0.0650279819965, 0.0692140236497, 0.0404298081994, 0.0545469708741, 0.0872101336718, 0.0651306286454, 0.042762182653, 0.063165768981, 0.135301440954, 0.248824864626, 0.212834328413, 0.0856906026602, 0.0733989030123, 0.0708565041423, 0.0377515740693, 0.0301953162998, 0.0267157293856, 0.0599311888218, 0.371052235365, 0.561489641666, 0.257735460997, 0.0427658818662, 0.0470460094512, 0.0692384541035, 0.156971588731]
        min: [3.84532686439e-05, 1.85693934327e-05, 6.70762437949e-06, 5.56633449378e-06, 2.63128349616e-05, 1.8643677322e-05, 2.56118964899e-05, 2.50942121056e-05, 4.15279237131e-06, 7.78324738349e-06, 1.18722355182e-05, 8.7139696916e-06, 5.60878288525e-06, 3.34733558702e-05, 7.59411486797e-05, 0.000346178887412, 0.000108704967715, 3.40531369147e-05, 5.53199424758e-06, 3.39015423378e-05, 2.53720118053e-05, 3.95015267713e-05, 3.07699883706e-05, 9.17603938433e-06, 6.0287065935e-06, 1.55918769451e-05, 2.86228696496e-05, 2.2246649678e-05, 2.13671319216e-05, 0.000219556022785, 9.40725949476e-05, 2.44912098424e-05, 3.65323785445e-06, 7.99511144578e-06, 1.24428124764e-05, 2.86552676698e-05]
        var: [0.101415589452, 0.0430998578668, 0.0103270765394, 0.00472782040015, 0.00815575849265, 0.0212858486921, 0.0220441725105, 0.0226589236408, 0.0883678346872, 0.107532225549, 0.0206877030432, 0.0150263449177, 0.019586507231, 0.00867074914277, 0.0221626199782, 0.0413950756192, 0.0195386968553, 0.0161858126521, 0.0378617532551, 0.0569662377238, 0.113959088922, 0.0783911421895, 0.0240085981786, 0.0459494404495, 0.0497447028756, 0.00845138449222, 0.0104011818767, 0.0115050962195, 0.012972228229, 0.0866546183825, 0.156524315476, 0.0425296723843, 0.0217587947845, 0.0252393633127, 0.0265282429755, 0.0705746561289]
    chords_histogram: [62.5, 3.70370364189, 21.2962970734, 0, 0, 0, 0, 0, 0, 0, 0, 0, 0, 0, 0, 0, 0, 10.1851854324, 0, 2.31481480598, 0, 0, 0, 0]
    thpcp: [1, 0.459020853043, 0.0761650428176, 0.0837878510356, 0.123312078416, 0.279562741518, 0.377654969692, 0.222152099013, 0.0645411461592, 0.0380039848387, 0.049974873662, 0.0898002907634, 0.09204646945, 0.122439913452, 0.342913210392, 0.373125761747, 0.15559540689, 0.115813322365, 0.123268567026, 0.0720045492053, 0.0971468836069, 0.155319213867, 0.115996137261, 0.0761584565043, 0.112496763468, 0.240968719125, 0.443151295185, 0.379052996635, 0.152612969279, 0.130721732974, 0.126193791628, 0.067234672606, 0.0537771582603, 0.0475800931454, 0.106736056507, 0.660835385323]
    chords_key: "C"
    chords_scale: "major"
    key_key: "C"
    key_scale: "major"
    chords_progression: ["C", "C", "G", "C", "C", "C", "Gm", "Gm", "C", "Gm", "Gm", "Gm", "G", "G", "G", "G", "G", "G", "G", "C", "G", "C", "C", "C", "C", "C", "C", "C", "C", "C", "C", "C", "C", "Cm", "Cm", "Cm", "C", "C", "C", "Cm", "Cm", "Cm", "Cm", "Cm", "Cm", "Cm", "Cm", "Cm", "Cm", "Cm", "Cm", "C", "C", "C", "C", "C", "C", "Cm", "C", "C", "C", "C", "C", "C", "C", "C", "C", "Cm", "Cm", "Cm", "C", "C", "C", "C", "C", "C", "C", "C", "Cm", "Cm", "Cm", "C", "C", "C", "C", "G", "G", "G", "G", "G", "G", "G", "G", "G", "G", "G", "G", "G", "G", "G", "G", "G", "G", "G", "G", "G", "G", "G", "G", "G", "G", "G", "G", "G", "G", "G", "G", "G", "C", "C", "C", "C", "C", "G", "G", "G", "G", "C", "C", "C", "C", "C", "C", "C", "C", "C", "C", "C", "C", "C", "C", "C", "C", "C", "C", "C", "C", "C", "C", "C", "C", "C", "C", "C", "C", "C", "C", "C", "C", "C", "C", "C", "C", "C", "C", "C", "C", "C", "C", "C", "C", "C", "C", "C", "C", "C", "C", "C", "C", "C", "C", "C", "C", "C", "C", "C", "C", "C", "C", "C", "C", "C", "C", "C", "C", "C", "C", "C", "C", "C", "C", "C", "C", "C", "C", "C", "C", "C", "Em", "Em", "Em", "Em", "Em", "Em", "Em", "Em"]
