
metadata:
    version:
        essentia: "1.2.2"
    audio_properties:
        analysis_sample_rate: 44100
        bitrate: 128
        channels: 2
        equal_loudness: 1
        length: 10.0571432114
        replay_gain: -7.06256866455
        downmix: "mix"
    tags:
        track: 31
        year: 0
        album: "Splitted by Mp3Splt v. 2.1"
        artist: "From 005.00 To 005.10"
        comment: "http://mp3splt.sf.net"
        genre: ""
        title: "05 Wendy Time.mp3"

highlevel:
    ballroom:
        all:
            ChaChaCha: 0.00319940620102
            Jive: 0.00138916505966
            Quickstep: 0.00232264050283
            Rumba-American: 0.00437289476395
            Rumba-International: 0.020043425262
            Rumba-Misc: 0.0474071875215
            Samba: 0.00129859650042
            Tango: 0.129504054785
            VienneseWaltz: 0.0831345394254
            Waltz: 0.707328081131
        probability: 0.707328081131
        value: "Waltz"
    culture:
        all:
            non_western: 0.0755332410336
            western: 0.924466788769
        probability: 0.924466788769
        value: "western"
    gender:
        all:
            female: 0.636563539505
            male: 0.363436460495
        probability: 0.636563539505
        value: "female"
    genre_dortmund:
        all:
            alternative: 0.301240950823
            blues: 0.0215556826442
            electronic: 0.202478483319
            folkcountry: 0.210355892777
            funksoulrnb: 0.00662150653079
            jazz: 0.0245171189308
            pop: 0.0658153221011
            raphiphop: 0.00262262532488
            rock: 0.164792403579
        probability: 0.301240950823
        value: "alternative"
    genre_electronica:
        all:
            ambient: 0.970902144909
            dnb: 0.00338633893989
            house: 0.0113418567926
            techno: 0.00274547352456
            trance: 0.0116242095828
        probability: 0.970902144909
        value: "ambient"
    genre_rosamerica:
        all:
            cla: 0.820774078369
            dan: 0.0101917413995
            hip: 0.00301843509078
            jaz: 0.00704923132434
            pop: 0.00954403355718
            rhy: 0.0136422580108
            roc: 0.133796826005
            spe: 0.00198339018971
        probability: 0.820774078369
        value: "cla"
    genre_tzanetakis:
        all:
            blu: 0.025907382369
            cla: 0.430662512779
            cou: 0.06370151788
            dis: 0.0148305911571
            hip: 0.00377383013256
            jaz: 0.0347824916244
            met: 0.0171737018973
            pop: 0.00780073879287
            reg: 0.0223771352321
            roc: 0.378990113735
        probability: 0.430662512779
        value: "cla"
    live_studio:
        all:
            live: 0.863699793816
            studio: 0.136300235987
        probability: 0.863699793816
        value: "live"
    mood:
        all:
            Cluster1: 0.0901105031371
            Cluster2: 0.0227847397327
            Cluster3: 0.870549499989
            Cluster4: 0.0117395902053
            Cluster5: 0.00481566693634
        probability: 0.870549499989
        value: "Cluster3"
    mood_acoustic:
        all:
            acoustic: 0.382942527533
            not_acoustic: 0.617057442665
        probability: 0.617057442665
        value: "not_acoustic"
    mood_aggressive:
        all:
            aggressive: 0.00258440244943
            not_aggressive: 0.997415602207
        probability: 0.997415602207
        value: "not_aggressive"
    mood_electronic:
        all:
            electronic: 0.270668506622
            not_electronic: 0.729331493378
        probability: 0.729331493378
        value: "not_electronic"
    mood_happy:
        all:
            happy: 0.0865519940853
            not_happy: 0.913448035717
        probability: 0.913448035717
        value: "not_happy"
    mood_party:
        all:
            not_party: 0.986551642418
            party: 0.0134483426809
        probability: 0.986551642418
        value: "not_party"
    mood_relaxed:
        all:
            not_relaxed: 0.0915070474148
            relaxed: 0.908492922783
        probability: 0.908492922783
        value: "relaxed"
    mood_sad:
        all:
            not_sad: 0.0801400393248
            sad: 0.919859945774
        probability: 0.919859945774
        value: "sad"
    rhythm:
        all:
            fast: 0.0102153429762
            medium: 0.0544204078615
            slow: 0.935364246368
        probability: 0.935364246368
        value: "slow"
    speech_music:
        all:
            music: 0.999307394028
            speech: 0.00069263135083
        probability: 0.999307394028
        value: "music"
    timbre:
        all:
            bright: 0.00928185321391
            dark: 0.990718126297
        probability: 0.990718126297
        value: "dark"
    voice_instrumental:
        all:
            instrumental: 0.99375975132
            voice: 0.00624022819102
        probability: 0.99375975132
        value: "instrumental"

lowlevel:
    average_loudness: 0.452539563179
    barkbands_kurtosis:
        dmean: 1.28175616264
        dmean2: 2.01083064079
        dvar: 1.94683873653
        dvar2: 4.93712902069
        max: 11.7685632706
        mean: 1.32287156582
        min: -1.81842672825
        var: 6.86185598373
    barkbands_skewness:
        dmean: 0.398887574673
        dmean2: 0.613230347633
        dvar: 0.122695297003
        dvar2: 0.29984793067
        max: 3.5214009285
        mean: 1.21045958996
        min: -1.8503600359
        var: 0.90732049942
    barkbands_spread:
        dmean: 2.75028538704
        dmean2: 4.33247852325
        dvar: 5.64789676666
        dvar2: 12.8041038513
        max: 30.748500824
        mean: 17.32280159
        min: 6.39505958557
        var: 29.4541912079
    dissonance:
        dmean: 0.0299810096622
        dmean2: 0.0524064898491
        dvar: 0.000668746768497
        dvar2: 0.00174419907853
        max: 0.497206002474
        mean: 0.435041904449
        min: 0.287594467402
        var: 0.00102200964466
    hfc:
        dmean: 0.399724125862
        dmean2: 0.590224564075
        dvar: 0.443930119276
        dvar2: 0.59973526001
        max: 11.6310548782
        mean: 2.39615726471
        min: 0.00237198639661
        var: 4.9849896431
    pitch:
        dmean: 72.0082015991
        dmean2: 139.805465698
        dvar: 42621.046875
        dvar2: 120570.796875
        max: 2205
        mean: 241.41027832
        min: 109.158416748
        var: 27143.8691406
    pitch_instantaneous_confidence:
        dmean: 0.0679549947381
        dmean2: 0.109792649746
        dvar: 0.00339318602346
        dvar2: 0.00877413805574
        max: 0.860684454441
        mean: 0.492721021175
        min: 0.182195723057
        var: 0.0152220986784
    pitch_salience:
        dmean: 0.0451476722956
        dmean2: 0.0704759135842
        dvar: 0.00140135502443
        dvar2: 0.00351430103183
        max: 0.733694374561
        mean: 0.49930486083
        min: 0.242596194148
        var: 0.0108013842255
    silence_rate_20dB:
        dmean: 0
        dmean2: 0
        dvar: 0
        dvar2: 0
        max: 1
        mean: 1
        min: 1
        var: 0
    silence_rate_30dB:
        dmean: 0
        dmean2: 0
        dvar: 0
        dvar2: 0
        max: 1
        mean: 1
        min: 1
        var: 0
    silence_rate_60dB:
        dmean: 0.0347394533455
        dmean2: 0.0696517378092
        dvar: 0.0335323922336
        dvar2: 0.079726241529
        max: 1
        mean: 0.549504935741
        min: 0
        var: 0.247550904751
    spectral_centroid:
        dmean: 101.838088989
        dmean2: 159.999664307
        dvar: 11529.3681641
        dvar2: 27594.4863281
        max: 1802.68066406
        mean: 738.666259766
        min: 339.645629883
        var: 65685
    spectral_complexity:
        dmean: 1.32075476646
        dmean2: 2.16756749153
        dvar: 2.54132270813
        dvar2: 4.30164527893
        max: 27
        mean: 7.55376338959
        min: 0
        var: 26.7041168213
    spectral_crest:
        dmean: 1.90573561192
        dmean2: 2.87835240364
        dvar: 3.24150729179
        dvar2: 7.9653096199
        max: 23.0242233276
        mean: 12.7747344971
        min: 4.92151784897
        var: 19.2020816803
    spectral_decrease:
        dmean: 1.07294666207e-10
        dmean2: 1.60889648826e-10
        dvar: 2.88436328634e-20
        dvar2: 4.71276460479e-20
        max: -7.21672938422e-13
        mean: -8.92614426817e-10
        min: -2.91653745599e-09
        var: 5.49393717318e-19
    spectral_energy:
        dmean: 0.000431164546171
        dmean2: 0.000650193658657
        dvar: 4.81055508317e-07
        dvar2: 7.59984004617e-07
        max: 0.0119068482891
        mean: 0.00358626944944
        min: 2.93890479952e-06
        var: 8.90438514034e-06
    spectral_energyband_high:
        dmean: 9.95283062366e-06
        dmean2: 1.42387971209e-05
        dvar: 6.81704026562e-10
        dvar2: 8.67587335307e-10
        max: 0.000556070939638
        mean: 3.62067585229e-05
        min: 6.02216387868e-10
        var: 5.93557381023e-09
    spectral_energyband_low:
        dmean: 1.81483082997e-05
        dmean2: 2.80711192318e-05
        dvar: 1.0798205663e-09
        dvar2: 2.82336287682e-09
        max: 0.000560971384402
        mean: 0.000103822989331
        min: 2.50615617148e-09
        var: 1.72335372639e-08
    spectral_energyband_middle_high:
        dmean: 0.000210800062632
        dmean2: 0.000317594851367
        dvar: 7.59295346597e-08
        dvar2: 1.26867050199e-07
        max: 0.00436634430662
        mean: 0.000742941279896
        min: 1.19623257433e-06
        var: 4.09787446642e-07
    spectral_energyband_middle_low:
        dmean: 0.000358798366506
        dmean2: 0.000526891555637
        dvar: 2.80650795048e-07
        dvar2: 5.51450568764e-07
        max: 0.00861418154091
        mean: 0.00270329741761
        min: 1.55734392138e-06
        var: 5.64341235076e-06
    spectral_flatness_db:
        dmean: 0.0178932044655
        dmean2: 0.0288999397308
        dvar: 0.000199970934773
        dvar2: 0.000558085972443
        max: 0.335848540068
        mean: 0.250701725483
        min: 0.130109414458
        var: 0.00167152832728
    spectral_flux:
        dmean: 0.00353673985228
        dmean2: 0.00597953144461
        dvar: 2.88822084258e-05
        dvar2: 5.85275738558e-05
        max: 0.0938090458512
        mean: 0.0188627187163
        min: 0.000797875865828
        var: 0.000111584602564
    spectral_kurtosis:
        dmean: 8.37547874451
        dmean2: 14.2246303558
        dvar: 49.9935836792
        dvar2: 140.50920105
        max: 52.8652610779
        mean: 15.1541538239
        min: 1.73002052307
        var: 114.518127441
    spectral_rms:
        dmean: 0.000110092070827
        dmean2: 0.00016464307555
        dvar: 2.94944815238e-08
        dvar2: 3.8340893127e-08
        max: 0.00340828951448
        mean: 0.0016563651152
        min: 5.35464678251e-05
        var: 7.55252983708e-07
    spectral_rolloff:
        dmean: 301.986907959
        dmean2: 516.563781738
        dvar: 112706.265625
        dvar2: 264342.25
        max: 2670.1171875
        mean: 1349.64648438
        min: 258.3984375
        var: 322280.8125
    spectral_skewness:
        dmean: 0.640887260437
        dmean2: 1.08062434196
        dvar: 0.258507907391
        dvar2: 0.746914923191
        max: 5.14557600021
        mean: 2.34246325493
        min: 1.01421558857
        var: 0.59603703022
    spectral_spread:
        dmean: 203294.59375
        dmean2: 335045.9375
        dvar: 28958797824
        dvar2: 69847662592
        max: 5575980
        mean: 2085442.875
        min: 1068944.875
        var: 680245002240
    spectral_strongpeak:
        dmean: 0.159339740872
        dmean2: 0.274413704872
        dvar: 0.104440547526
        dvar2: 0.274545282125
        max: 2.69369316101
        mean: 0.42820173502
        min: 0.00568610895425
        var: 0.124058745801
    zerocrossingrate:
        dmean: 0.00479068374261
        dmean2: 0.00587653089315
        dvar: 1.54970766744e-05
        dvar2: 2.06229378819e-05
        max: 0.08740234375
        mean: 0.0463696569204
        min: 0.0205078125
        var: 0.000184102944331
    barkbands:
        dmean: [1.0321270949e-08, 3.83208907806e-06, 1.70715684362e-05, 2.64516729658e-05, 0.000269355223281, 7.61518676882e-05, 0.00010747032502, 8.40085194795e-05, 5.43726091564e-05, 3.01019626932e-05, 4.37176313426e-05, 2.06585464184e-05, 0.000112004338007, 2.30555524467e-05, 3.14739736496e-05, 0.000100317236502, 3.53033392457e-05, 1.22473766169e-05, 2.09683712455e-05, 7.70599126554e-06, 3.97188750867e-06, 5.14340808877e-06, 3.45142836977e-07, 5.02139378966e-08, 2.2344176287e-08, 8.80283290705e-10, 1.60753632628e-10]
        dmean2: [1.75876930797e-08, 6.18465628577e-06, 2.64872014668e-05, 4.19004536525e-05, 0.000378741446184, 9.82889323495e-05, 0.000132962391945, 0.00012798026728, 7.53159984015e-05, 3.93078880734e-05, 6.54426112305e-05, 3.40931001119e-05, 0.000180289978744, 3.53246650775e-05, 5.14553721587e-05, 0.000159024435561, 5.69309486309e-05, 1.96594646695e-05, 3.57079770765e-05, 1.21355924421e-05, 5.77180617256e-06, 7.52887581257e-06, 5.54643122541e-07, 6.25113756314e-08, 3.23958637694e-08, 1.25487475966e-09, 2.91513813089e-10]
        dvar: [1.03404151662e-15, 2.45670220278e-11, 9.45441391842e-10, 2.26870655595e-09, 1.13515262967e-07, 2.01202947636e-08, 4.74195793743e-08, 2.75836775643e-08, 8.29508728373e-09, 1.25103287729e-08, 4.81247752759e-09, 1.58100099679e-09, 3.01374143419e-08, 1.83317538927e-09, 1.6954300186e-09, 1.98834637644e-08, 2.59071764042e-09, 7.61202767485e-10, 1.98589034106e-09, 3.96841004502e-10, 1.51004403426e-10, 7.43717934459e-11, 2.84342861756e-12, 4.578416029e-14, 8.76382130657e-15, 1.11092366315e-17, 8.13806782259e-20]
        dvar2: [2.64298250576e-15, 6.69982680446e-11, 2.49724863011e-09, 5.53274004389e-09, 2.11871324041e-07, 4.01578397202e-08, 6.16803461639e-08, 6.13816908412e-08, 1.47891725533e-08, 1.78688193131e-08, 1.13930926915e-08, 4.05804367887e-09, 7.12930585678e-08, 4.37465530467e-09, 4.3054693144e-09, 4.35476188443e-08, 6.23170182124e-09, 1.8274458613e-09, 5.60312596321e-09, 6.51119713702e-10, 3.32679384041e-10, 1.30767577322e-10, 7.24755455303e-12, 5.67602605542e-14, 1.9795254845e-14, 1.93621176918e-17, 2.39559492858e-19]
        max: [4.6221799721e-07, 8.26891264296e-05, 0.000493043044116, 0.000571357435547, 0.0069647305645, 0.00257507502101, 0.00316279311664, 0.00187850208022, 0.00121964316349, 0.00256620324217, 0.000675362476613, 0.000361356709618, 0.00190229446162, 0.00054213340627, 0.000365318352124, 0.0013422962511, 0.00056881835917, 0.000361125566997, 0.000515468476806, 0.000354748714017, 0.000240762892645, 0.000180968563654, 2.85916266876e-05, 4.45619843958e-06, 1.86546219538e-06, 8.86792079768e-08, 2.97672175797e-09]
        mean: [2.67282622701e-08, 1.52129141497e-05, 8.85842964635e-05, 9.92059940472e-05, 0.00167208514176, 0.000297928781947, 0.000316025078064, 0.000186808945728, 0.000118239309813, 7.04940539435e-05, 6.59880461171e-05, 3.27985762851e-05, 0.000173416614416, 3.70357338397e-05, 5.1565173635e-05, 0.000156885522301, 7.07901344867e-05, 2.76348146144e-05, 5.30369070475e-05, 2.64719019469e-05, 1.20260092444e-05, 1.29333993755e-05, 8.23406992367e-07, 1.8143565228e-07, 7.01586060359e-08, 2.90596458008e-09, 1.28759197748e-10]
        min: [5.09987668415e-13, 7.8026540784e-10, 1.7209852432e-09, 2.04487426991e-09, 7.00169550782e-07, 2.47382729412e-07, 1.88850002303e-08, 6.20546387609e-08, 6.77108591418e-09, 3.89383991717e-09, 1.2906841107e-07, 3.77890740921e-09, 1.40743850352e-07, 2.37844108852e-08, 2.4312926783e-08, 1.20444823892e-07, 1.79250125854e-08, 2.16857021229e-09, 1.83151793731e-09, 3.72876673982e-10, 2.05203465331e-10, 9.71950853135e-11, 1.95237315898e-11, 7.76979609124e-13, 5.36318060275e-13, 3.8785953751e-14, 1.6760227163e-15]
        var: [9.91537932726e-16, 3.27518678844e-10, 1.29373605162e-08, 9.17860543126e-09, 2.60949491349e-06, 1.87512597449e-07, 3.31645594542e-07, 7.94931054315e-08, 2.89128490039e-08, 4.66733744986e-08, 8.52792148009e-09, 2.47070208736e-09, 5.8893327548e-08, 2.60124277673e-09, 3.39479289124e-09, 4.40210214947e-08, 8.33974578285e-09, 2.77324341269e-09, 7.16779080534e-09, 3.42554740129e-09, 1.02673058944e-09, 4.75759431851e-10, 8.690222153e-12, 4.06738119747e-13, 6.88615966549e-14, 1.36405788779e-16, 6.87398010401e-20]
    mfcc:
        mean: [-844.551513672, 222.711257935, -98.3638763428, 69.2055435181, -29.2516613007, 19.3867893219, -25.2308959961, -9.62906932831, -10.0936536789, -19.1185684204, -3.79803705215, -12.397685051, -8.97366333008]
        cov: [[11794.6689453, -2764.73999023, 1788.76062012, 251.587432861, -705.103759766, -752.298522949, -94.2647628784, -79.4738693237, -357.330474854, 503.381286621, -194.476409912, 148.960876465, -88.3330764771], [-2764.73999023, 1368.00390625, -918.596435547, 271.648803711, -73.1009292603, 448.178222656, -65.7101593018, 46.6080436707, 18.0028438568, -184.088088989, 115.678153992, -86.8120498657, -48.493560791], [1788.76062012, -918.596435547, 827.187866211, -248.30015564, 116.110153198, -322.209472656, 64.8542861938, -24.5220394135, -36.9480285645, 137.81137085, -92.2808914185, 64.1420898438, 31.2943840027], [251.587432861, 271.648803711, -248.30015564, 372.455932617, -161.041595459, 182.627716064, -98.7281188965, 54.120639801, -38.3759231567, -12.5073280334, 26.0065193176, -78.1555404663, -49.98487854], [-705.103759766, -73.1009292603, 116.110153198, -161.041595459, 259.241943359, -50.2098693848, 41.7722358704, -17.9999027252, 50.4711837769, -23.5240898132, -28.1629428864, 12.7694835663, 37.445350647], [-752.298522949, 448.178222656, -322.209472656, 182.627716064, -50.2098693848, 293.519012451, -39.1645851135, 74.3089675903, -44.5119247437, -53.4412117004, 23.0294837952, -58.1368026733, -66.3845748901], [-94.2647628784, -65.7101593018, 64.8542861938, -98.7281188965, 41.7722358704, -39.1645851135, 129.919692993, -26.0860805511, 19.3023166656, -26.1158866882, 19.9801921844, 1.83429133892, 25.8104705811], [-79.4738693237, 46.6080436707, -24.5220394135, 54.120639801, -17.9999027252, 74.3089675903, -26.0860805511, 102.594688416, -10.2779369354, 15.7986745834, -23.6772270203, -5.36698150635, -31.8258419037], [-357.330474854, 18.0028438568, -36.9480285645, -38.3759231567, 50.4711837769, -44.5119247437, 19.3023166656, -10.2779369354, 114.866714478, -18.3060493469, 29.7152442932, -37.1623077393, 37.6989593506], [503.381286621, -184.088088989, 137.81137085, -12.5073280334, -23.5240898132, -53.4412117004, -26.1158866882, 15.7986745834, -18.3060493469, 104.761543274, -32.1384468079, 42.1114730835, -16.6770153046], [-194.476409912, 115.678153992, -92.2808914185, 26.0065193176, -28.1629428864, 23.0294837952, 19.9801921844, -23.6772270203, 29.7152442932, -32.1384468079, 103.798843384, -21.9852046967, 21.244594574], [148.960876465, -86.8120498657, 64.1420898438, -78.1555404663, 12.7694835663, -58.1368026733, 1.83429133892, -5.36698150635, -37.1623077393, 42.1114730835, -21.9852046967, 123.677490234, -0.209124132991], [-88.3330764771, -48.493560791, 31.2943840027, -49.98487854, 37.445350647, -66.3845748901, 25.8104705811, -31.8258419037, 37.6989593506, -16.6770153046, 21.244594574, -0.209124132991, 95.6528091431]]
        icov: [[0.000399858894525, 0.000703929108568, -0.000389386550523, -0.000681125209667, 0.00101743347477, 8.02466238383e-05, 5.85681555094e-05, 0.000451752071967, 0.000274283549516, 0.000137699302286, 1.40846586874e-05, -0.000226193180424, 0.000201780145289], [0.000703929108568, 0.0049326964654, 0.00247708614916, -0.000768338912167, 0.00112388189882, -0.00212741154246, 0.000598184764385, 0.000919344369322, 0.000772970786784, 0.00124786782544, -0.000932280381676, -0.000598589889705, 0.000285608984996], [-0.000389386550523, 0.00247708614916, 0.00754172494635, 0.00151130650192, -0.00375879206695, 0.00352281052619, -0.00131914124358, -0.0029645531904, 0.00522351590917, -0.00335362623446, -0.0011658888543, 0.00369080575183, 0.000128117069835], [-0.000681125209667, -0.000768338912167, 0.00151130650192, 0.00807116273791, 0.000826334173325, -0.0025227884762, 0.00315760797821, -0.00136637501419, 0.000720415846445, -0.000921783852391, -0.000767600431573, 0.00361262750812, -0.000942527025472], [0.00101743347477, 0.00112388189882, -0.00375879206695, 0.000826334173325, 0.0102937817574, -0.003657550551, 0.0011243368499, 0.0029783740174, -0.00460585113615, 0.00348792294972, 0.00321872415952, -0.00263561191969, -0.00100687029772], [8.02466238383e-05, -0.00212741154246, 0.00352281052619, -0.0025227884762, -0.003657550551, 0.017000189051, -0.00225803162903, -0.00815340317786, 0.00975944194943, -0.00140753702726, -0.00272398162633, 0.00597197329625, 0.00417763134465], [5.85681555094e-05, 0.000598184764385, -0.00131914124358, 0.00315760797821, 0.0011243368499, -0.00225803162903, 0.0117251724005, 0.00116345915012, -0.00123262125999, 0.00390178058296, -0.00207010144368, -0.000340172438882, -0.000719915202353], [0.000451752071967, 0.000919344369322, -0.0029645531904, -0.00136637501419, 0.0029783740174, -0.00815340317786, 0.00116345915012, 0.0170516017824, -0.00592883210629, -0.000786267453805, 0.00436606165022, -0.00337835028768, 0.000896627083421], [0.000274283549516, 0.000772970786784, 0.00522351590917, 0.000720415846445, -0.00460585113615, 0.00975944194943, -0.00123262125999, -0.00592883210629, 0.0212245527655, -0.00431999284774, -0.00544649455696, 0.00966004934162, -0.00163858511951], [0.000137699302286, 0.00124786782544, -0.00335362623446, -0.000921783852391, 0.00348792294972, -0.00140753702726, 0.00390178058296, -0.000786267453805, -0.00431999284774, 0.0194583460689, 0.001762206899, -0.00685311388224, 0.00240736827254], [1.40846586874e-05, -0.000932280381676, -0.0011658888543, -0.000767600431573, 0.00321872415952, -0.00272398162633, -0.00207010144368, 0.00436606165022, -0.00544649455696, 0.001762206899, 0.0150239877403, -0.00151448755059, -0.0025048982352], [-0.000226193180424, -0.000598589889705, 0.00369080575183, 0.00361262750812, -0.00263561191969, 0.00597197329625, -0.000340172438882, -0.00337835028768, 0.00966004934162, -0.00685311388224, -0.00151448755059, 0.0162107180804, -0.000318149861414], [0.000201780145289, 0.000285608984996, 0.000128117069835, -0.000942527025472, -0.00100687029772, 0.00417763134465, -0.000719915202353, 0.000896627083421, -0.00163858511951, 0.00240736827254, -0.0025048982352, -0.000318149861414, 0.0156584270298]]
    spectral_contrast:
        mean: [1.39197675608e-09, 1.926736104e-08, -9.49648608639e-08, 1.64964262694e-07, -1.31819703597e-07, 4.22349764051e-08, 4.67047266284e-06, 3.46195633938e-06, -3.7451584376e-06, -3.5003308767e-06, -2.37905851463e-06, -3.02765965898e-06]
        var: [0.000297173013678, 0.000671446730848, 0.00116164074279, 0.00157789071091, 0.00167632731609, 0.00330898910761, 0.049616701901, 0.0735943987966, 0.118903398514, 0.267403572798, 1.20624423027, 7.04930400848]

rhythm:
    beats_loudness:
        dmean: 0.00112250028178
        dmean2: 0.00181236781646
        dvar: 1.14452336675e-06
        dvar2: 3.94072458221e-06
        max: 0.00993894785643
        mean: 0.0035087976139
        min: 3.95584902435e-06
        var: 9.49525565375e-06
    beats_loudness_bass:
        dmean: 0.0309702716768
        dmean2: 0.0512253604829
        dvar: 0.000976279086899
        dvar2: 0.00361795956269
        max: 0.132490485907
        mean: 0.0505211651325
        min: 0.00910228025168
        var: 0.00157406716608
    bpm: 144.501312256
    bpm_confidence: 0
    first_peak_bpm: 117
    first_peak_spread: 0
    first_peak_weight: 0.611111104488
    onset_rate: 1.09375
    second_peak_bpm: 144
    second_peak_spread: 0.142857134342
    second_peak_weight: 0.333333343267
    beats_position: [0.0445240288973, 0.557072937489, 1.06962180138, 1.58217060566, 2.09471940994, 2.60726833344, 3.11981701851, 3.632365942, 4.14491510391, 4.65746355057, 5.17001247406, 5.68256139755, 6.11241436005, 6.52769136429, 6.94296884537, 7.35824680328, 7.77352428436, 8.18880176544, 8.60407924652]
    bpm_estimates: [145.299987793, 145.136825562, 145.392700195, 145.507614136, 141.169433594]
    bpm_intervals: [0.512548923492, 0.512548863888, 0.512548804283, 0.512548804283, 0.512548923492, 0.512548685074, 0.512548923492, 0.512549161911, 0.512548446655, 0.512548923492, 0.512548923492, 0.429852962494, 0.415277004242, 0.415277481079, 0.415277957916, 0.415277481079, 0.415277481079, 0.415277481079]
    onset_times: [0.0348299331963, 2.15945577621, 3.78485250473, 3.97061228752, 5.06195020676, 5.1780500412, 5.85142850876, 5.99074840546, 6.42031764984, 7.47682523727, 7.72063493729]
    rubato_start: [6.11241436005]
    rubato_stop: [6.52769136429]
    perceptual_tempo: "unknown"

sfx:
    inharmonicity:
        dmean: 0.0268540978432
        dmean2: 0.0472157672048
        dvar: 0.000997823895887
        dvar2: 0.00263127265498
        max: 0.202327430248
        mean: 0.0296753738075
        min: 3.66766034858e-05
        var: 0.00104994443245
    oddtoevenharmonicenergyratio:
        dmean: 8.30120658875
        dmean2: 15.4427566528
        dvar: 551.360961914
        dvar2: 1616.93359375
        max: 213.704589844
        mean: 7.77035427094
        min: 0.000241960107815
        var: 451.45300293
    pitch_after_max_to_before_max_energy_ratio: 2.09835219383
    pitch_centroid: 191.974517822
    pitch_max_to_total: 0.365591406822
    pitch_min_to_total: 0.518817186356
    tristimulus:
        dmean: [0.237435594201, 0.22606664896, 0.0651674717665]
        dmean2: [0.43404519558, 0.405020356178, 0.116636805236]
        dvar: [0.0600778460503, 0.0505811795592, 0.00486115179956]
        dvar2: [0.162135273218, 0.14217287302, 0.0124427713454]
        max: [0.974992752075, 0.961498975754, 0.408069401979]
        mean: [0.384130328894, 0.524939239025, 0.0840474590659]
        min: [0.0131622860208, 0, 0]
        var: [0.0713186487556, 0.0634044185281, 0.0054146158509]

tonal:
    chords_changes_rate: 0
    chords_number_rate: 0.00537634408101
    chords_strength:
        dmean: 0.00365676940419
        dmean2: 0.00362234725617
        dvar: 7.53960193833e-06
        dvar2: 9.94796300802e-06
        max: 0.799165844917
        mean: 0.610679149628
        min: 0.363855093718
        var: 0.0221367646009
    key_strength: 0.790600657463
    tuning_diatonic_strength: 0.581260681152
    tuning_equal_tempered_deviation: 0.100314348936
    tuning_frequency: 442.804626465
    tuning_nontempered_energy_ratio: 0.662392854691
    hpcp:
        dmean: [0.0878417119384, 0.116984374821, 0.016801269725, 0.00385931925848, 0.0152725502849, 0.077308408916, 0.107456214726, 0.0749077498913, 0.114267133176, 0.136291131377, 0.119319863617, 0.0374489463866, 0.0145614957437, 0.0135989412665, 0.0296088829637, 0.0383977480233, 0.0148675385863, 0.00489501422271, 0.00803888123482, 0.0290382765234, 0.130359336734, 0.155294731259, 0.0809537693858, 0.0110739544034, 0.00427280878648, 0.00305168377236, 0.00396873475984, 0.00532692857087, 0.0106191793457, 0.0224375855178, 0.019904512912, 0.00922826863825, 0.00849615689367, 0.0114799141884, 0.0385338924825, 0.148900315166]
        dmean2: [0.136497274041, 0.198962375522, 0.0295811574906, 0.00599121721461, 0.0252634752542, 0.113007806242, 0.169579312205, 0.12362344563, 0.181975349784, 0.236941173673, 0.213058963418, 0.0670483782887, 0.0260965973139, 0.0253010839224, 0.0464032515883, 0.0610750429332, 0.0236869137734, 0.00813779234886, 0.0134866544977, 0.0494701229036, 0.210397556424, 0.23647351563, 0.119103357196, 0.0187030341476, 0.00690296664834, 0.00493879942223, 0.00628243992105, 0.00861452519894, 0.0173441711813, 0.0380978137255, 0.032213319093, 0.0156349819154, 0.013042261824, 0.0141432415694, 0.064812541008, 0.251331627369]
        dvar: [0.0260121710598, 0.0139493094757, 0.00112152972724, 2.84233010461e-05, 0.000613084470388, 0.0122424550354, 0.027412392199, 0.00676671229303, 0.0160141270608, 0.0293383579701, 0.021495135501, 0.00356556521729, 0.000690987450071, 0.00157561362721, 0.00348909641616, 0.00527994753793, 0.00046825359459, 0.00030839574174, 0.000325467350194, 0.00146748020779, 0.017764236778, 0.02551660873, 0.00627542939037, 0.0011526941089, 0.000303905195324, 3.73720031348e-05, 2.56667954091e-05, 0.000112171190267, 0.000382246711524, 0.00160004594363, 0.00114033778664, 0.000488080957439, 0.000153410874191, 0.000859696883708, 0.00295748119242, 0.0222903639078]
        dvar2: [0.0466586239636, 0.0352845229208, 0.00219136639498, 4.13955312979e-05, 0.00122376962099, 0.0218260474503, 0.0565862543881, 0.018430525437, 0.0337368138134, 0.0663390755653, 0.057837780565, 0.0102498419583, 0.00198110425845, 0.00488521205261, 0.00844389759004, 0.0133458869532, 0.0010793969268, 0.000823910930194, 0.000893900752999, 0.00406543491408, 0.0465385876596, 0.0607692152262, 0.0166914258152, 0.00347333331592, 0.000789728015661, 8.66528425831e-05, 6.16027755314e-05, 0.000220032161451, 0.000994495931081, 0.00353522994556, 0.00233616423793, 0.00124298315495, 0.000294155848678, 0.000331128772814, 0.00651334738359, 0.0573927946389]
        max: [1, 0.740921914577, 0.258104234934, 0.118762202561, 0.297140657902, 0.869554698467, 1, 0.495282828808, 1, 1, 0.961068570614, 0.44202119112, 0.224193438888, 0.398904561996, 0.376699030399, 0.424226045609, 0.147133052349, 0.21440038085, 0.187087655067, 0.317523479462, 1, 1, 0.839985609055, 0.308138132095, 0.195358008146, 0.0669469982386, 0.0363433249295, 0.136746272445, 0.174539476633, 0.473776966333, 0.504530787468, 0.363658756018, 0.224723443389, 0.70561850071, 0.735862135887, 1]
        mean: [0.817946493626, 0.34634283185, 0.0188941508532, 0.00693647330627, 0.020487960428, 0.13342371583, 0.171668574214, 0.112501099706, 0.267205178738, 0.317677229643, 0.129629418254, 0.0299250818789, 0.0136378621683, 0.014770549722, 0.0507556796074, 0.0638560056686, 0.0247274674475, 0.00675104558468, 0.0114233857021, 0.0477109476924, 0.348022639751, 0.504296660423, 0.204229697585, 0.0105938911438, 0.00506497686729, 0.00453200889751, 0.00675555597991, 0.00837439671159, 0.0167221575975, 0.0395200289786, 0.0394625850022, 0.0169842969626, 0.0173444151878, 0.0233274232596, 0.0521408878267, 0.528595328331]
        min: [0.0444272309542, 0.0125678088516, 0.000264181639068, 0.000202441646252, 0.000232029924518, 0.0023242647294, 0.00281519000418, 0.00459438608959, 0.0101308031008, 0.00977180618793, 0.00375848286785, 0.000652128306683, 0.00037900931784, 0.000280251842923, 0.000380918441806, 0.000247445568675, 0.000424441474024, 9.37590011745e-05, 4.79444897792e-05, 0.00141512788832, 0.0250980611891, 0.0392472781241, 0.0192646142095, 6.62562306388e-05, 0.000150922467583, 0.000429721112596, 0.000396497460315, 0.000203605304705, 0.0010487473337, 0.00261426437646, 0.00201157364063, 0.000884272099938, 0.00146768277045, 0.00194869097322, 0.00237005786039, 0.0488601848483]
        var: [0.0835492238402, 0.0258708801121, 0.00127400935162, 0.00015370323672, 0.000966589723248, 0.038051430136, 0.0654480457306, 0.010610209778, 0.0743075236678, 0.0995299816132, 0.0258417893201, 0.00273073464632, 0.000589278817642, 0.00127904734109, 0.00587053317577, 0.00831555016339, 0.00100363208912, 0.000299676961731, 0.000378301425371, 0.00177487346809, 0.052861571312, 0.0952915996313, 0.0179878156632, 0.000862114597112, 0.000243935297476, 4.25228827226e-05, 4.74543739983e-05, 0.000153957211296, 0.000451777654234, 0.0029923915863, 0.00433350400999, 0.00125270034187, 0.00057684048079, 0.00356773799285, 0.00560911092907, 0.0534031912684]
    chords_histogram: [100, 0, 0, 0, 0, 0, 0, 0, 0, 0, 0, 0, 0, 0, 0, 0, 0, 0, 0, 0, 0, 0, 0, 0]
    thpcp: [1, 0.423429697752, 0.023099495098, 0.00848035048693, 0.0250480454415, 0.163120344281, 0.209877505898, 0.137540906668, 0.326678067446, 0.388383865356, 0.158481538296, 0.0365856215358, 0.0166732929647, 0.0180580876768, 0.0620525665581, 0.0780686810613, 0.0302311554551, 0.00825365167111, 0.0139659326524, 0.0583301559091, 0.425483375788, 0.616539895535, 0.249685883522, 0.0129518145695, 0.00619230838493, 0.00554071553051, 0.00825916603208, 0.0102383187041, 0.020444072783, 0.048316154629, 0.0482459254563, 0.0207645576447, 0.021204829216, 0.0285194981843, 0.0637460872531, 0.646246850491]
    chords_key: "A"
    chords_scale: "minor"
    key_key: "A"
    key_scale: "minor"
    chords_progression: ["Am", "Am", "Am", "Am", "Am", "Am", "Am", "Am", "Am", "Am", "Am", "Am", "Am", "Am", "Am", "Am", "Am", "Am", "Am", "Am", "Am", "Am", "Am", "Am", "Am", "Am", "Am", "Am", "Am", "Am", "Am", "Am", "Am", "Am", "Am", "Am", "Am", "Am", "Am", "Am", "Am", "Am", "Am", "Am", "Am", "Am", "Am", "Am", "Am", "Am", "Am", "Am", "Am", "Am", "Am", "Am", "Am", "Am", "Am", "Am", "Am", "Am", "Am", "Am", "Am", "Am", "Am", "Am", "Am", "Am", "Am", "Am", "Am", "Am", "Am", "Am", "Am", "Am", "Am", "Am", "Am", "Am", "Am", "Am", "Am", "Am", "Am", "Am", "Am", "Am", "Am", "Am", "Am", "Am", "Am", "Am", "Am", "Am", "Am", "Am", "Am", "Am", "Am", "Am", "Am", "Am", "Am", "Am", "Am", "Am", "Am", "Am", "Am", "Am", "Am", "Am", "Am", "Am", "Am", "Am", "Am", "Am", "Am", "Am", "Am", "Am", "Am", "Am", "Am", "Am", "Am", "Am", "Am", "Am", "Am", "Am", "Am", "Am", "Am", "Am", "Am", "Am", "Am", "Am", "Am", "Am", "Am", "Am", "Am", "Am", "Am", "Am", "Am", "Am", "Am", "Am", "Am", "Am", "Am", "Am", "Am", "Am", "Am", "Am", "Am", "Am", "Am", "Am", "Am", "Am", "Am", "Am", "Am", "Am", "Am", "Am", "Am", "Am", "Am", "Am", "Am", "Am", "Am", "Am", "Am", "Am"]
