
metadata:
    version:
        essentia: "1.2.2"
    audio_properties:
        analysis_sample_rate: 44100
        bitrate: 128
        channels: 2
        equal_loudness: 1
        length: 10.0310201645
        replay_gain: -11.585899353
        downmix: "mix"
    tags:
        track: 8
        year: 0
        album: "Splitted by Mp3Splt v. 2.1"
        artist: "From 001.10 To 001.20"
        comment: "http://mp3splt.sf.net"
        genre: ""
        title: "13 If I Was Young.mp3"

highlevel:
    ballroom:
        all:
            ChaChaCha: 0.0161432046443
            Jive: 0.0368832871318
            Quickstep: 0.110453173518
            Rumba-American: 0.0185859203339
            Rumba-International: 0.417067974806
            Rumba-Misc: 0.0475763604045
            Samba: 0.0327396392822
            Tango: 0.059006486088
            VienneseWaltz: 0.191177845001
            Waltz: 0.0703660994768
        probability: 0.417067974806
        value: "Rumba-International"
    culture:
        all:
            non_western: 0.0160456895828
            western: 0.983954310417
        probability: 0.983954310417
        value: "western"
    gender:
        all:
            female: 0.259808957577
            male: 0.740191042423
        probability: 0.740191042423
        value: "male"
    genre_dortmund:
        all:
            alternative: 0.267581820488
            blues: 0.0539677627385
            electronic: 0.0219679605216
            folkcountry: 0.189459368587
            funksoulrnb: 0.0307599231601
            jazz: 0.156096369028
            pop: 0.0526549853384
            raphiphop: 0.00354865659028
            rock: 0.223963156343
        probability: 0.267581820488
        value: "alternative"
    genre_electronica:
        all:
            ambient: 0.647133886814
            dnb: 0.122924111784
            house: 0.100909635425
            techno: 0.0203176364303
            trance: 0.108714714646
        probability: 0.647133886814
        value: "ambient"
    genre_rosamerica:
        all:
            cla: 0.0594595707953
            dan: 0.0232139453292
            hip: 0.0179948098958
            jaz: 0.170484617352
            pop: 0.147009000182
            rhy: 0.471039921045
            roc: 0.106472164392
            spe: 0.00432598218322
        probability: 0.471039921045
        value: "rhy"
    genre_tzanetakis:
        all:
            blu: 0.0646749660373
            cla: 0.0232784748077
            cou: 0.354433953762
            dis: 0.0325152799487
            hip: 0.0137809384614
            jaz: 0.10104880482
            met: 0.0155706554651
            pop: 0.180489003658
            reg: 0.100207269192
            roc: 0.11400064826
        probability: 0.354433953762
        value: "cou"
    live_studio:
        all:
            live: 0.061101987958
            studio: 0.938898026943
        probability: 0.938898026943
        value: "studio"
    mood:
        all:
            Cluster1: 0.0869456380606
            Cluster2: 0.147062778473
            Cluster3: 0.68781208992
            Cluster4: 0.0453671850264
            Cluster5: 0.0328122898936
        probability: 0.68781208992
        value: "Cluster3"
    mood_acoustic:
        all:
            acoustic: 0.883722007275
            not_acoustic: 0.116278015077
        probability: 0.883722007275
        value: "acoustic"
    mood_aggressive:
        all:
            aggressive: 0.0371626801789
            not_aggressive: 0.962837338448
        probability: 0.962837338448
        value: "not_aggressive"
    mood_electronic:
        all:
            electronic: 0.110734023154
            not_electronic: 0.889265954494
        probability: 0.889265954494
        value: "not_electronic"
    mood_happy:
        all:
            happy: 0.261766165495
            not_happy: 0.738233864307
        probability: 0.738233864307
        value: "not_happy"
    mood_party:
        all:
            not_party: 0.838377833366
            party: 0.161622181535
        probability: 0.838377833366
        value: "not_party"
    mood_relaxed:
        all:
            not_relaxed: 0.25803899765
            relaxed: 0.74196100235
        probability: 0.74196100235
        value: "relaxed"
    mood_sad:
        all:
            not_sad: 0.146928474307
            sad: 0.853071510792
        probability: 0.853071510792
        value: "sad"
    rhythm:
        all:
            fast: 0.109145984054
            medium: 0.218269839883
            slow: 0.672584176064
        probability: 0.672584176064
        value: "slow"
    speech_music:
        all:
            music: 0.995368003845
            speech: 0.00463197473437
        probability: 0.995368003845
        value: "music"
    timbre:
        all:
            bright: 0.302383154631
            dark: 0.697616875172
        probability: 0.697616875172
        value: "dark"
    voice_instrumental:
        all:
            instrumental: 0.988894760609
            voice: 0.0111052626744
        probability: 0.988894760609
        value: "instrumental"

lowlevel:
    average_loudness: 0.96076464653
    barkbands_kurtosis:
        dmean: 2.06055021286
        dmean2: 3.41871118546
        dvar: 7.80817508698
        dvar2: 20.2347011566
        max: 22.8146286011
        mean: 4.05832672119
        min: -1.86239624023
        var: 20.7364120483
    barkbands_skewness:
        dmean: 0.429848402739
        dmean2: 0.697442412376
        dvar: 0.231552273035
        dvar2: 0.564937353134
        max: 4.14295530319
        mean: 1.66508293152
        min: -1.11473464966
        var: 1.06942939758
    barkbands_spread:
        dmean: 4.3066945076
        dmean2: 6.65336561203
        dvar: 38.5775146484
        dvar2: 81.412109375
        max: 57.4075393677
        mean: 18.7582015991
        min: 3.88418579102
        var: 143.628082275
    dissonance:
        dmean: 0.0247274972498
        dmean2: 0.0404806435108
        dvar: 0.000517101492733
        dvar2: 0.00128505751491
        max: 0.491108745337
        mean: 0.430492013693
        min: 0.245761618018
        var: 0.00171632284764
    hfc:
        dmean: 1.13214671612
        dmean2: 1.71476089954
        dvar: 9.92943286896
        dvar2: 21.7944927216
        max: 34.7338867188
        mean: 3.40062093735
        min: 0.174448251724
        var: 20.1543655396
    pitch:
        dmean: 279.106048584
        dmean2: 546.406433105
        dvar: 771750.25
        dvar2: 1589421.625
        max: 4009.09082031
        mean: 585.001464844
        min: 61.8513336182
        var: 1170160.875
    pitch_instantaneous_confidence:
        dmean: 0.0734012871981
        dmean2: 0.115458518267
        dvar: 0.00498906429857
        dvar2: 0.0133839836344
        max: 0.860256910324
        mean: 0.484751790762
        min: 0.180323004723
        var: 0.0260550025851
    pitch_salience:
        dmean: 0.0539065301418
        dmean2: 0.0910066515207
        dvar: 0.00274528493173
        dvar2: 0.00730143440887
        max: 0.742369055748
        mean: 0.563134968281
        min: 0.329090327024
        var: 0.00643046619371
    silence_rate_20dB:
        dmean: 0
        dmean2: 0
        dvar: 0
        dvar2: 0
        max: 1
        mean: 1
        min: 1
        var: 0
    silence_rate_30dB:
        dmean: 0
        dmean2: 0
        dvar: 0
        dvar2: 0
        max: 1
        mean: 1
        min: 1
        var: 0
    silence_rate_60dB:
        dmean: 0.0672853812575
        dmean2: 0.134883716702
        dvar: 0.0627584755421
        dvar2: 0.130642816424
        max: 1
        mean: 0.460648149252
        min: 0
        var: 0.248451590538
    spectral_centroid:
        dmean: 137.967041016
        dmean2: 223.935974121
        dvar: 63080.8671875
        dvar2: 142803.109375
        max: 2672.29736328
        mean: 693.334106445
        min: 225.403915405
        var: 180662.15625
    spectral_complexity:
        dmean: 1.66899764538
        dmean2: 2.77803730965
        dvar: 6.79020261765
        dvar2: 13.8923177719
        max: 29
        mean: 8.10000038147
        min: 1
        var: 21.103931427
    spectral_crest:
        dmean: 2.04847049713
        dmean2: 3.41790604591
        dvar: 3.79836678505
        dvar2: 10.7580442429
        max: 20.4447803497
        mean: 9.11527252197
        min: 3.65944814682
        var: 9.93342208862
    spectral_decrease:
        dmean: 2.58960075605e-10
        dmean2: 4.10772582615e-10
        dvar: 1.7023989637e-19
        dvar2: 3.88818159786e-19
        max: -9.10385308805e-11
        mean: -9.85459269742e-10
        min: -5.26128207667e-09
        var: 4.68733578029e-19
    spectral_energy:
        dmean: 0.00104945746716
        dmean2: 0.00166343140882
        dvar: 3.08742664856e-06
        dvar2: 6.88215004629e-06
        max: 0.0226708780974
        mean: 0.00402779458091
        min: 0.000359422992915
        var: 8.4164657892e-06
    spectral_energyband_high:
        dmean: 7.60603652452e-05
        dmean2: 0.000118211901281
        dvar: 9.62312896036e-08
        dvar2: 2.40921707473e-07
        max: 0.00410301377997
        mean: 8.99909209693e-05
        min: 1.86590432349e-06
        var: 9.13821835979e-08
    spectral_energyband_low:
        dmean: 0.000245066039497
        dmean2: 0.000395351351472
        dvar: 2.06586690865e-07
        dvar2: 5.41999327197e-07
        max: 0.00409242976457
        mean: 0.000548994925339
        min: 6.00007570029e-06
        var: 2.8353616699e-07
    spectral_energyband_middle_high:
        dmean: 0.000248202675721
        dmean2: 0.000365226791473
        dvar: 3.47905256604e-07
        dvar2: 7.32993441943e-07
        max: 0.00772103108466
        mean: 0.00080576131586
        min: 2.95570171147e-05
        var: 1.45600859014e-06
    spectral_energyband_middle_low:
        dmean: 0.000800477107987
        dmean2: 0.00130241038278
        dvar: 1.4658304508e-06
        dvar2: 3.77323772227e-06
        max: 0.0131505141035
        mean: 0.00258302944712
        min: 0.000292706099572
        var: 3.92212814404e-06
    spectral_flatness_db:
        dmean: 0.0159718245268
        dmean2: 0.0250784698874
        dvar: 0.000219722016482
        dvar2: 0.000565588416066
        max: 0.292231976986
        mean: 0.206685245037
        min: 0.119628541172
        var: 0.000882792519405
    spectral_flux:
        dmean: 0.00727216899395
        dmean2: 0.0108454907313
        dvar: 9.79896285571e-05
        dvar2: 0.000193595056771
        max: 0.114698559046
        mean: 0.0255229659379
        min: 0.00597172230482
        var: 0.000262232031673
    spectral_kurtosis:
        dmean: 2.25303316116
        dmean2: 3.82329463959
        dvar: 4.06390810013
        dvar2: 12.182923317
        max: 28.068069458
        mean: 7.11489725113
        min: 0.902867555618
        var: 14.5158653259
    spectral_rms:
        dmean: 0.000244543654844
        dmean2: 0.000381625111913
        dvar: 1.09109763002e-07
        dvar2: 2.22611632239e-07
        max: 0.00470297038555
        mean: 0.00186279986519
        min: 0.000592162657995
        var: 4.59528791907e-07
    spectral_rolloff:
        dmean: 345.334259033
        dmean2: 608.715026855
        dvar: 476502.75
        dvar2: 1031310.1875
        max: 4521.97265625
        mean: 1269.80712891
        min: 236.865234375
        var: 1318675.5
    spectral_skewness:
        dmean: 0.26905760169
        dmean2: 0.427183449268
        dvar: 0.0558958686888
        dvar2: 0.125006169081
        max: 4.16559743881
        mean: 2.01085996628
        min: 0.698219776154
        var: 0.340914607048
    spectral_spread:
        dmean: 398248.84375
        dmean2: 586931
        dvar: 536345378816
        dvar2: 694017785856
        max: 16054797
        mean: 3779155.25
        min: 1980021.625
        var: 1.07562008576e+12
    spectral_strongpeak:
        dmean: 0.268527090549
        dmean2: 0.449867635965
        dvar: 0.347910612822
        dvar2: 0.756882429123
        max: 5.99813222885
        mean: 0.52475553751
        min: 0.0254699084908
        var: 0.821331620216
    zerocrossingrate:
        dmean: 0.00660260953009
        dmean2: 0.00771438749507
        dvar: 5.08087578055e-05
        dvar2: 6.41361330054e-05
        max: 0.123046875
        mean: 0.0484045706689
        min: 0.01611328125
        var: 0.000502609182149
    barkbands:
        dmean: [7.84004896559e-08, 6.27355839242e-05, 0.000206435928703, 0.00024801492691, 0.000379479315598, 0.000259355321759, 0.000105560495285, 9.34769923333e-05, 0.000116143746709, 5.14563216711e-05, 2.22555954679e-05, 2.83990812022e-05, 2.59118041868e-05, 1.08413278213e-05, 3.79191878892e-05, 1.67187135958e-05, 6.61017620587e-05, 3.79297343898e-05, 0.000113083398901, 7.84042276791e-05, 3.01336731354e-05, 1.09985694507e-05, 1.3115100046e-06, 4.07620888154e-07, 3.16515581744e-07, 1.60566884233e-08, 1.73280123583e-09]
        dmean2: [9.89817294794e-08, 9.72934794845e-05, 0.000337799574481, 0.00041035193135, 0.000633807911072, 0.000423815043177, 0.000170471626916, 0.000145926722325, 0.00018324382836, 7.17551811249e-05, 3.53859359166e-05, 4.39095019829e-05, 3.70063717128e-05, 1.6511652575e-05, 5.87197464483e-05, 2.78901625279e-05, 9.33797564358e-05, 6.32529918221e-05, 0.00016831861285, 0.000116987503134, 4.66133387818e-05, 1.78482750925e-05, 1.96206906367e-06, 6.82523705109e-07, 5.42953955573e-07, 2.63821338109e-08, 1.89203408496e-09]
        dvar: [8.77611893747e-13, 1.77620194108e-08, 1.6489951804e-07, 1.97566677684e-07, 4.9007007874e-07, 1.87222696013e-07, 6.45291891033e-08, 2.62393520245e-08, 8.78908039681e-08, 2.45839775204e-08, 1.1686913659e-09, 3.67795038869e-09, 3.99681976404e-09, 1.15189080496e-09, 1.17434630909e-08, 1.47612577717e-09, 2.3066473176e-08, 2.01904910568e-08, 8.73288428238e-08, 1.07207895894e-07, 1.29762316448e-08, 2.22036145026e-09, 3.05196770634e-11, 2.94569338539e-12, 1.83507050701e-12, 5.28900458925e-15, 1.03229578172e-15]
        dvar2: [8.90845285994e-13, 4.87395901416e-08, 4.43626191782e-07, 5.73169245399e-07, 1.26185273075e-06, 5.46044702787e-07, 1.69334342104e-07, 6.22709421805e-08, 2.25358405714e-07, 4.97382757203e-08, 3.45539930002e-09, 9.55026191463e-09, 7.25601134732e-09, 3.39183481302e-09, 3.0269038831e-08, 3.81474896116e-09, 3.25577467208e-08, 5.12675519815e-08, 1.87383278671e-07, 2.78122655573e-07, 3.16669961364e-08, 4.41590497502e-09, 6.52262480139e-11, 7.91755289803e-12, 4.96659484372e-12, 1.30035718792e-14, 1.0342464986e-15]
        max: [1.93648775166e-05, 0.00125663401559, 0.00380533467978, 0.00345451850444, 0.00737800030038, 0.00481331069022, 0.00311247585341, 0.00256652291864, 0.00486062839627, 0.00197109836154, 0.000352798379026, 0.000734146800824, 0.00103175069671, 0.000529910088517, 0.00147462834138, 0.000659767480101, 0.0032979240641, 0.0023471058812, 0.00420410651714, 0.00436504092067, 0.00160820351448, 0.000627856643405, 9.30642345338e-05, 1.89049969777e-05, 1.34852416522e-05, 7.45895306409e-07, 6.66443725095e-07]
        mean: [1.58937154993e-07, 0.000233637518249, 0.000315218872856, 0.000408031948609, 0.000828980584629, 0.00055238493951, 0.000208558354643, 0.000255526829278, 0.00027859423426, 8.75319601619e-05, 3.60111225746e-05, 5.31176920049e-05, 6.02381114732e-05, 2.04432908504e-05, 8.0122226791e-05, 3.0711729778e-05, 0.000166760291904, 5.90050622122e-05, 0.000180134622497, 0.000124098063679, 3.42715502484e-05, 1.20944296214e-05, 1.48796448229e-06, 3.99991648692e-07, 2.61438231064e-07, 1.38680320561e-08, 1.69495917302e-09]
        min: [1.56145964214e-11, 1.05422600427e-06, 3.28691294271e-06, 1.12388497655e-05, 5.2145729569e-05, 1.50242549353e-05, 4.0912896111e-06, 1.55400471158e-06, 1.56476187385e-06, 8.92451225809e-07, 1.26485861074e-06, 6.98179690062e-07, 4.72080529335e-07, 4.14397931081e-07, 4.91460468766e-07, 1.01430691757e-06, 6.52758387787e-07, 1.8424452719e-06, 1.574659791e-06, 1.58134321282e-06, 4.92235699312e-07, 1.90899299923e-07, 4.97696319712e-08, 1.74691052734e-08, 4.35276970023e-09, 2.84816087381e-10, 6.23159347474e-13]
        var: [9.23480909798e-13, 4.98288876827e-08, 1.96745560288e-07, 1.92689995515e-07, 7.24788606021e-07, 5.04490117237e-07, 1.65272240338e-07, 1.45073244084e-07, 3.84413482379e-07, 6.12812485201e-08, 2.10210449048e-09, 9.01480579074e-09, 2.24094200973e-08, 1.51586743158e-09, 3.86742122771e-08, 4.00937505418e-09, 1.6713576656e-07, 2.32698589286e-08, 1.52218120775e-07, 1.1508867459e-07, 1.25379182592e-08, 2.68983235685e-09, 3.42650283147e-11, 2.10764023421e-12, 1.26127385446e-12, 3.98570633353e-15, 1.03009921353e-15]
    mfcc:
        mean: [-771.628967285, 163.123733521, -26.4218120575, 64.5975952148, -15.1713314056, -5.31402730942, -2.3859910965, -3.74911284447, -7.10643577576, -2.83546853065, -5.06430768967, -3.59768605232, -0.476383835077]
        cov: [[2160.28881836, -375.05960083, -471.268188477, 265.639373779, -28.9821796417, -95.5548171997, 104.080718994, -63.2246170044, 44.3849983215, 45.3525276184, 26.789308548, -10.8090591431, 59.5047111511], [-375.05960083, 612.223632812, -62.8864364624, -165.340438843, 29.0428791046, -32.5385704041, -37.4018287659, 44.3382263184, 19.9171695709, 62.3620796204, 42.582244873, 80.9027481079, 21.7419128418], [-471.268188477, -62.8864364624, 494.657012939, -64.0018692017, -104.025695801, 33.3643035889, -39.4054450989, 34.1567382812, -14.049241066, -67.4247360229, 36.9376029968, 1.06946408749, -49.968208313], [265.639373779, -165.340438843, -64.0018692017, 207.632125854, 34.9049415588, 29.4879741669, 54.46352005, -19.2168598175, 4.86036539078, 6.90061807632, -7.01079034805, -15.9561843872, -0.441450446844], [-28.9821796417, 29.0428791046, -104.025695801, 34.9049415588, 143.074554443, 37.1074333191, -7.6582069397, -7.76702451706, 20.1783275604, 21.4503059387, -30.4363193512, -9.4831237793, 16.4065055847], [-95.5548171997, -32.5385704041, 33.3643035889, 29.4879741669, 37.1074333191, 86.6418533325, 29.5149517059, 10.0439195633, -3.3123562336, -12.8711538315, -0.9666005373, -16.5818443298, -15.5738563538], [104.080718994, -37.4018287659, -39.4054450989, 54.46352005, -7.6582069397, 29.5149517059, 114.197067261, 18.5518321991, -40.5990867615, -15.4595003128, 19.8623428345, 9.45561981201, 7.54927825928], [-63.2246170044, 44.3382263184, 34.1567382812, -19.2168598175, -7.76702451706, 10.0439195633, 18.5518321991, 71.9669876099, 18.9178256989, -2.89395904541, 17.2888183594, 3.35025835037, -0.985693871975], [44.3849983215, 19.9171695709, -14.049241066, 4.86036539078, 20.1783275604, -3.3123562336, -40.5990867615, 18.9178256989, 115.469314575, 61.2400054932, -21.8350276947, -32.0960464478, -5.21697616577], [45.3525276184, 62.3620796204, -67.4247360229, 6.90061807632, 21.4503059387, -12.8711538315, -15.4595003128, -2.89395904541, 61.2400054932, 88.0390625, -0.503036558628, -13.7757863998, 9.11336040497], [26.789308548, 42.582244873, 36.9376029968, -7.01079034805, -30.4363193512, -0.9666005373, 19.8623428345, 17.2888183594, -21.8350276947, -0.503036558628, 74.0889816284, 39.5237388611, 1.09315025806], [-10.8090591431, 80.9027481079, 1.06946408749, -15.9561843872, -9.4831237793, -16.5818443298, 9.45561981201, 3.35025835037, -32.0960464478, -13.7757863998, 39.5237388611, 85.8804702759, 26.623626709], [59.5047111511, 21.7419128418, -49.968208313, -0.441450446844, 16.4065055847, -15.5738563538, 7.54927825928, -0.985693871975, -5.21697616577, 9.11336040497, 1.09315025806, 26.623626709, 55.5540733337]]
        icov: [[0.0010134212207, 0.000547425937839, 0.00108576472849, -0.000585252884775, 0.000567674636841, 0.000993748311885, -0.000530934834387, 0.000766335288063, -0.0015322357649, 0.00107191340066, -0.00167449156288, 0.000319692044286, -0.000571098469663], [0.000547425937839, 0.00352777354419, 0.000992588698864, 0.00214318232611, -0.000759867718443, 0.000527756870724, -3.13142322739e-06, -0.00149924075231, 5.55865699425e-06, -0.00262904609554, -0.000768257596064, -0.00326032703742, 0.00129838986322], [0.00108576472849, 0.000992588698864, 0.00478430325165, -0.000147500060848, 0.00322857871652, -0.00184547388926, 0.00203657965176, -0.00051096273819, -0.00198740465567, 0.00300420075655, -0.00300660473295, -9.69092870946e-05, 0.000420131284045], [-0.000585252884775, 0.00214318232611, -0.000147500060848, 0.00898191891611, -0.00262341555208, -0.000888184295036, -0.00405152002349, 0.00192439812236, -0.00138263776898, -0.00170375197195, 1.6276642782e-05, -0.00189742457587, 0.00189593608957], [0.000567674636841, -0.000759867718443, 0.00322857871652, -0.00262341555208, 0.0137970978394, -0.00825221743435, 0.00442222272977, -0.000574859499466, -6.09374619671e-05, -0.000487974582938, 0.00323181017302, -0.000580256571993, -0.00413790578023], [0.000993748311885, 0.000527756870724, -0.00184547388926, -0.000888184295036, -0.00825221743435, 0.0217457991093, -0.00776351895183, 0.00110788969323, -0.00317792221904, 0.0039665219374, -0.0040103062056, 0.00361874001101, 0.00406550103799], [-0.000530934834387, -3.13142322739e-06, 0.00203657965176, -0.00405152002349, 0.00442222272977, -0.00776351895183, 0.0184482280165, -0.00830036681145, 0.00907220318913, -0.00316029391252, 0.000205934789847, -3.16564946843e-05, -0.00238557881676], [0.000766335288063, -0.00149924075231, -0.00051096273819, 0.00192439812236, -0.000574859499466, 0.00110788969323, -0.00830036681145, 0.0234088916332, -0.0122412797064, 0.00899995025247, -0.0076861823909, 0.00326509773731, -0.00269420538098], [-0.0015322357649, 5.55865699425e-06, -0.00198740465567, -0.00138263776898, -6.09374619671e-05, -0.00317792221904, 0.00907220318913, -0.0122412797064, 0.0254944935441, -0.0178188402206, 0.00905628595501, 0.000125060731079, 0.00259663630277], [0.00107191340066, -0.00262904609554, 0.00300420075655, -0.00170375197195, -0.000487974582938, 0.0039665219374, -0.00316029391252, 0.00899995025247, -0.0178188402206, 0.0297193750739, -0.0111669097096, 0.00799462106079, -0.0057456525974], [-0.00167449156288, -0.000768257596064, -0.00300660473295, 1.6276642782e-05, 0.00323181017302, -0.0040103062056, 0.000205934789847, -0.0076861823909, 0.00905628595501, -0.0111669097096, 0.0283481255174, -0.0127009265125, 0.00535832904279], [0.000319692044286, -0.00326032703742, -9.69092870946e-05, -0.00189742457587, -0.000580256571993, 0.00361874001101, -3.16564946843e-05, 0.00326509773731, 0.000125060731079, 0.00799462106079, -0.0127009265125, 0.0255689769983, -0.0112240668386], [-0.000571098469663, 0.00129838986322, 0.000420131284045, 0.00189593608957, -0.00413790578023, 0.00406550103799, -0.00238557881676, -0.00269420538098, 0.00259663630277, -0.0057456525974, 0.00535832904279, -0.0112240668386, 0.0275950655341]]
    spectral_contrast:
        mean: [-6.73497808634e-08, 9.2534477858e-08, 7.87335778796e-08, -3.52663704462e-07, 4.79288928545e-07, 3.26716616428e-07, 3.06617380375e-07, -1.35455024974e-06, -1.56344367497e-06, -1.73089119926e-06, -1.44367987787e-07, -4.95467065775e-06]
        var: [0.000282732275082, 0.000834587379359, 0.00205042492598, 0.00241983565502, 0.0035932562314, 0.00564624927938, 0.0449069589376, 0.0782727450132, 0.116299286485, 0.147542148829, 0.281097918749, 0.989752054214]

rhythm:
    beats_loudness:
        dmean: 0.00354091520421
        dmean2: 0.00520953629166
        dvar: 1.05609206003e-05
        dvar2: 2.90321640932e-05
        max: 0.0124293873087
        mean: 0.00492636673152
        min: 0.000728129234631
        var: 1.52507373059e-05
    beats_loudness_bass:
        dmean: 0.188143759966
        dmean2: 0.374576598406
        dvar: 0.0303734466434
        dvar2: 0.0889352187514
        max: 0.712001204491
        mean: 0.209753245115
        min: 0.0570075884461
        var: 0.026363607496
    bpm: 97.0624847412
    bpm_confidence: 0
    first_peak_bpm: 97
    first_peak_spread: 0
    first_peak_weight: 0.533333361149
    onset_rate: 3.28979492188
    second_peak_bpm: 104
    second_peak_spread: 0
    second_peak_weight: 0.40000000596
    beats_position: [0.13939909637, 0.757577419281, 1.37575566769, 1.9939340353, 2.61211228371, 3.2302904129, 3.8484685421, 4.4666466713, 5.08482503891, 5.95504808426, 6.53153467178, 7.10802125931, 7.68450880051, 8.26099586487, 8.83748245239, 9.41396903992]
    bpm_estimates: [97.3826446533, 97.3240432739, 96.674911499, 95.8634338379, 97.3895874023, 97.3735275269, 97.4292526245]
    bpm_intervals: [0.61817830801, 0.618178248405, 0.618178367615, 0.618178248405, 0.618178129196, 0.618178129196, 0.618178129196, 0.618178367615, 0.870223045349, 0.576486587524, 0.576486587524, 0.576487541199, 0.576487064362, 0.576486587524, 0.576486587524]
    onset_times: [0.0580498874187, 0.267029464245, 0.476009070873, 0.626938760281, 0.870748281479, 1.47446715832, 2.12462592125, 2.50775504112, 2.72834467888, 3.12308382988, 3.35528349876, 3.95900225639, 4.31891155243, 4.57433128357, 4.60916090012, 5.21287965775, 5.86303853989, 6.22294807434, 6.47836732864, 6.81505680084, 7.07047605515, 7.4884352684, 7.6858048439, 8.03410434723, 8.28952407837, 8.60299301147, 8.70748329163, 8.92807292938, 9.43891143799, 9.55501174927, 9.58984088898, 9.84526062012, 9.91492080688]
    rubato_start: []
    rubato_stop: []
    perceptual_tempo: "unknown"

sfx:
    inharmonicity:
        dmean: 0.0181305967271
        dmean2: 0.0312913134694
        dvar: 0.000667136569973
        dvar2: 0.00183026609011
        max: 0.19154894352
        mean: 0.0189967248589
        min: 0.000119566895592
        var: 0.000705440645106
    oddtoevenharmonicenergyratio:
        dmean: 2.32327270508
        dmean2: 4.46476602554
        dvar: 423.494018555
        dvar2: 1270.07067871
        max: 302.978363037
        mean: 1.59028792381
        min: 0.000405647704611
        var: 214.222061157
    pitch_after_max_to_before_max_energy_ratio: 34.7108879089
    pitch_centroid: 228.978530884
    pitch_max_to_total: 0.0813953503966
    pitch_min_to_total: 0.809302330017
    tristimulus:
        dmean: [0.189106613398, 0.199326545, 0.0599099509418]
        dmean2: [0.327088981867, 0.360151857138, 0.105749249458]
        dvar: [0.0315190665424, 0.0379834137857, 0.00555553846061]
        dvar2: [0.084997408092, 0.106778018177, 0.0155806466937]
        max: [0.963130772114, 0.958557128906, 0.540947854519]
        mean: [0.52451223135, 0.384966820478, 0.060845002532]
        min: [0.02452740632, 0, 0]
        var: [0.0568137131631, 0.0546086393297, 0.00561214564368]

tonal:
    chords_changes_rate: 0.0277777779847
    chords_number_rate: 0.0231481473893
    chords_strength:
        dmean: 0.00902132783085
        dmean2: 0.00604798318818
        dvar: 4.68673133582e-05
        dvar2: 3.31862174789e-05
        max: 0.744917452335
        mean: 0.573958814144
        min: 0.352590918541
        var: 0.00783135462552
    key_strength: 0.843748092651
    tuning_diatonic_strength: 0.610247135162
    tuning_equal_tempered_deviation: 0.0595947094262
    tuning_frequency: 434.444000244
    tuning_nontempered_energy_ratio: 0.696628034115
    hpcp:
        dmean: [0.0570186376572, 0.0856204479933, 0.126838982105, 0.113688245416, 0.0941501259804, 0.0911096185446, 0.110105529428, 0.0992737188935, 0.0796604752541, 0.0712300762534, 0.0715157389641, 0.0626789927483, 0.0827872157097, 0.0916651114821, 0.0510575287044, 0.0381487868726, 0.0571838282049, 0.0786720663309, 0.118476681411, 0.118821695447, 0.084446080029, 0.0547762103379, 0.0393188223243, 0.0363084934652, 0.0513042770326, 0.0640693306923, 0.122546486557, 0.16032025218, 0.159935444593, 0.0887940973043, 0.0571431368589, 0.0389724299312, 0.0525188446045, 0.0685850307345, 0.0682656243443, 0.0506343916059]
        dmean2: [0.0930091589689, 0.141351535916, 0.213247865438, 0.175931483507, 0.160366609693, 0.160872384906, 0.176455706358, 0.169998109341, 0.144447132945, 0.134443923831, 0.133549317718, 0.112052813172, 0.134015381336, 0.154772430658, 0.084729783237, 0.0607842355967, 0.0945143401623, 0.125477805734, 0.198069512844, 0.190817207098, 0.144599035382, 0.0848557129502, 0.0613581873477, 0.0618879944086, 0.0899242386222, 0.114629499614, 0.208000838757, 0.264981180429, 0.277311503887, 0.159015402198, 0.0998286008835, 0.0648918449879, 0.0865495502949, 0.104990541935, 0.110734425485, 0.0870726406574]
        dvar: [0.0157765410841, 0.0308772772551, 0.0411934219301, 0.0248969923705, 0.0251697171479, 0.0221988633275, 0.0217830184847, 0.0286002252251, 0.0257649496198, 0.0223376620561, 0.0312551371753, 0.0127083323896, 0.0163543950766, 0.0256362520158, 0.0122109297663, 0.00849330238998, 0.0152897778898, 0.0136718507856, 0.0279741566628, 0.0285348240286, 0.0231228880584, 0.0172219239175, 0.0101311421022, 0.00689865415916, 0.0128462351859, 0.0157465506345, 0.0193578209728, 0.0489309579134, 0.0391460359097, 0.0332666300237, 0.0205926038325, 0.00712679093704, 0.0163971204311, 0.0229117497802, 0.0210764165968, 0.0116461990401]
        dvar2: [0.0409690849483, 0.0858750194311, 0.11689414829, 0.0630944147706, 0.0676937699318, 0.0657314285636, 0.0509103164077, 0.0694028511643, 0.0811797529459, 0.0701503828168, 0.0899211391807, 0.0350869931281, 0.0379133373499, 0.0709022656083, 0.0356919951737, 0.0199312549084, 0.0364466533065, 0.0323864035308, 0.0547372438014, 0.0603530071676, 0.0593413151801, 0.0370022952557, 0.0254093594849, 0.0175954457372, 0.0310503598303, 0.043313998729, 0.0538587272167, 0.114371545613, 0.103774391115, 0.0954926386476, 0.0530738085508, 0.0165647063404, 0.0395392552018, 0.0441045165062, 0.0488578528166, 0.0292349476367]
        max: [1, 1, 1, 1, 0.998370349407, 1, 1, 1, 1, 0.775521457195, 1, 0.695243239403, 1, 1, 1, 0.953278362751, 1, 0.821973502636, 1, 1, 1, 1, 0.783031404018, 1, 1, 1, 1, 1, 1, 1, 1, 0.857913911343, 1, 1, 1, 0.866096317768]
        mean: [0.052489425987, 0.0813953727484, 0.145845547318, 0.187838852406, 0.135716170073, 0.141468182206, 0.295397609472, 0.262734979391, 0.091548524797, 0.0465777553618, 0.0518487207592, 0.116761125624, 0.254658341408, 0.213965311646, 0.0641364827752, 0.0473270639777, 0.072147525847, 0.140616431832, 0.269888818264, 0.250347018242, 0.158980876207, 0.124050952494, 0.0533699095249, 0.055147305131, 0.103857502341, 0.0839975327253, 0.267936855555, 0.534616708755, 0.372237712145, 0.125801488757, 0.0836534947157, 0.0512817203999, 0.0611561201513, 0.111158572137, 0.0891537740827, 0.0489368587732]
        min: [0.000356348144123, 0.000660134304781, 0.00118194834795, 0.00227973167785, 0.00194226298481, 0.0015255556209, 0.000769818434492, 0.000622277671937, 0.000396444287617, 0.000294447789202, 0.000643333303742, 0.00126316747628, 0.00123154511675, 0.000444004341261, 0.000730332743842, 0.000598346814513, 0.000735216133762, 0.000522646936588, 0.000733295164537, 0.00129051622935, 0.00095222418895, 0.000342720246408, 0.0001794082782, 0.000539202359505, 0.00154846836813, 0.00096563709667, 0.000550802738871, 0.000462510157377, 0.000675680872519, 0.000854463607538, 0.000514836166985, 0.000380529498216, 0.00048235966824, 0.000622603227384, 0.000838690786622, 0.000472946441732]
        var: [0.0132329240441, 0.0248064119369, 0.0415260642767, 0.0425857529044, 0.0272071026266, 0.0227747559547, 0.0993929803371, 0.109578952193, 0.0281270947307, 0.0137551678345, 0.0199733767658, 0.0229498893023, 0.103128105402, 0.0737880542874, 0.0146321812645, 0.0127863595262, 0.0274797845632, 0.031502366066, 0.0965924859047, 0.0839438438416, 0.0660936534405, 0.0697965994477, 0.0157907474786, 0.0153555627912, 0.0488054230809, 0.024910274893, 0.0523714758456, 0.148186042905, 0.0805052742362, 0.0573324859142, 0.04314661026, 0.0160282403231, 0.0180174782872, 0.0481606163085, 0.0298014972359, 0.0106866816059]
    chords_histogram: [41.203704834, 2.77777767181, 40.2777786255, 0, 0, 0, 0, 0, 0, 0, 0, 0, 0, 0, 0, 0, 0, 0, 8.79629611969, 0, 0, 0, 0, 6.94444465637]
    thpcp: [1, 0.696270227432, 0.235311552882, 0.156473770738, 0.0959224030375, 0.114392459393, 0.207921996713, 0.166762039065, 0.0915363430977, 0.0981814190745, 0.152249962091, 0.272803932428, 0.351352393627, 0.253856956959, 0.26461610198, 0.552540898323, 0.49144551158, 0.171241417527, 0.0871236398816, 0.0969829782844, 0.218401566148, 0.476338177919, 0.400221884251, 0.119967222214, 0.0885252207518, 0.134951874614, 0.263022899628, 0.504826784134, 0.468273848295, 0.297373563051, 0.232037171721, 0.0998283624649, 0.10315297544, 0.194265350699, 0.157117292285, 0.501175582409]
    chords_key: "B"
    chords_scale: "major"
    key_key: "B"
    key_scale: "major"
    chords_progression: ["G#m", "G#m", "G#m", "G#m", "G#m", "G#m", "G#m", "G#m", "G#m", "G#m", "G#m", "G#m", "G#m", "G#m", "G#m", "B", "B", "B", "B", "B", "B", "B", "B", "B", "B", "B", "B", "B", "B", "B", "B", "B", "B", "B", "B", "F#", "F#", "F#", "F#", "F#", "F#", "F#", "F#", "F#", "F#", "F#", "F#", "F#", "F#", "F#", "F#", "F#", "F#", "F#", "F#", "F#", "F#", "F#", "F#", "F#", "F#", "F#", "F#", "F#", "F#", "F#", "F#", "F#", "F#", "F#", "F#", "F#", "F#", "F#", "F#", "F#", "F#", "F#", "F#", "F#", "F#", "F#", "F#", "F#", "F#", "F#", "F#", "F#", "F#", "F#", "F#", "F#", "F#", "F#", "F#", "B", "B", "B", "B", "B", "B", "B", "B", "B", "B", "B", "B", "B", "B", "B", "B", "B", "B", "B", "B", "B", "B", "B", "B", "B", "B", "B", "B", "B", "B", "B", "B", "B", "B", "B", "B", "B", "B", "B", "B", "B", "B", "B", "B", "B", "B", "B", "B", "B", "B", "B", "B", "B", "B", "B", "B", "B", "B", "B", "B", "B", "B", "B", "B", "B", "B", "B", "B", "B", "F#", "F#", "F#", "F#", "F#", "F#", "F#", "F#", "F#", "F#", "F#", "F#", "F#", "F#", "F#", "F#", "F#", "F#", "F#", "F#", "F#", "F#", "F#", "F#", "F#", "F#", "F#", "D#m", "D#m", "D#m", "D#m", "D#m", "D#m", "D", "D", "D", "D", "D", "D", "D", "D", "D", "D", "D", "D", "D", "D", "D", "D", "D", "D", "D"]
