
metadata:
    version:
        essentia: "1.2.2"
    audio_properties:
        analysis_sample_rate: 44100
        bitrate: 128
        channels: 2
        equal_loudness: 1
        length: 9.95265293121
        replay_gain: -11.174905777
        downmix: "mix"
    tags:
        track: 24
        year: 0
        album: "Splitted by Mp3Splt v. 2.1"
        artist: "From 003.50 To 004.00"
        comment: "http://mp3splt.sf.net"
        genre: ""
        title: "03 Shipwreck.mp3"

highlevel:
    ballroom:
        all:
            ChaChaCha: 0.0586381182075
            Jive: 0.747750759125
            Quickstep: 0.0629129782319
            Rumba-American: 0.000912205548957
            Rumba-International: 0.00267882598564
            Rumba-Misc: 0.00412106188014
            Samba: 0.0678532421589
            Tango: 0.00366239482537
            VienneseWaltz: 0.0487364083529
            Waltz: 0.00273399613798
        probability: 0.747750759125
        value: "Jive"
    culture:
        all:
            non_western: 0.00617440929636
            western: 0.993825614452
        probability: 0.993825614452
        value: "western"
    gender:
        all:
            female: 0.0972024276853
            male: 0.902797579765
        probability: 0.902797579765
        value: "male"
    genre_dortmund:
        all:
            alternative: 0.114303566515
            blues: 0.0156586505473
            electronic: 0.0502443686128
            folkcountry: 0.0348063781857
            funksoulrnb: 0.0142858624458
            jazz: 0.00436214916408
            pop: 0.0564930699766
            raphiphop: 0.030576383695
            rock: 0.679269552231
        probability: 0.679269552231
        value: "rock"
    genre_electronica:
        all:
            ambient: 0.104490928352
            dnb: 0.178646400571
            house: 0.00754726631567
            techno: 0.0128609845415
            trance: 0.696454405785
        probability: 0.696454405785
        value: "trance"
    genre_rosamerica:
        all:
            cla: 0.0157091282308
            dan: 0.0276307668537
            hip: 0.0197707600892
            jaz: 0.00105835159775
            pop: 0.00946727953851
            rhy: 0.0128231868148
            roc: 0.912074446678
            spe: 0.0014660799643
        probability: 0.912074446678
        value: "roc"
    genre_tzanetakis:
        all:
            blu: 0.00514916703105
            cla: 0.00888198241591
            cou: 0.0643801167607
            dis: 0.147575080395
            hip: 0.024386877194
            jaz: 0.0127418069169
            met: 0.106440626085
            pop: 0.0318332314491
            reg: 0.0111954947934
            roc: 0.587415635586
        probability: 0.587415635586
        value: "roc"
    live_studio:
        all:
            live: 0.0876350924373
            studio: 0.912364900112
        probability: 0.912364900112
        value: "studio"
    mood:
        all:
            Cluster1: 0.256180495024
            Cluster2: 0.0801362842321
            Cluster3: 0.180482000113
            Cluster4: 0.0579593107104
            Cluster5: 0.425241887569
        probability: 0.425241887569
        value: "Cluster5"
    mood_acoustic:
        all:
            acoustic: 0.00799548253417
            not_acoustic: 0.992004513741
        probability: 0.992004513741
        value: "not_acoustic"
    mood_aggressive:
        all:
            aggressive: 0.993582189083
            not_aggressive: 0.00641783839092
        probability: 0.993582189083
        value: "aggressive"
    mood_electronic:
        all:
            electronic: 0.643656611443
            not_electronic: 0.35634341836
        probability: 0.643656611443
        value: "electronic"
    mood_happy:
        all:
            happy: 0.683662176132
            not_happy: 0.316337823868
        probability: 0.683662176132
        value: "happy"
    mood_party:
        all:
            not_party: 0.461815774441
            party: 0.538184225559
        probability: 0.538184225559
        value: "party"
    mood_relaxed:
        all:
            not_relaxed: 0.945784032345
            relaxed: 0.0542159788311
        probability: 0.945784032345
        value: "not_relaxed"
    mood_sad:
        all:
            not_sad: 0.94040864706
            sad: 0.0595913678408
        probability: 0.94040864706
        value: "not_sad"
    rhythm:
        all:
            fast: 0.905722916126
            medium: 0.079153932631
            slow: 0.0151231354102
        probability: 0.905722916126
        value: "fast"
    speech_music:
        all:
            music: 0.999503552914
            speech: 0.000496434455272
        probability: 0.999503552914
        value: "music"
    timbre:
        all:
            bright: 0.0128077343106
            dark: 0.98719227314
        probability: 0.98719227314
        value: "dark"
    voice_instrumental:
        all:
            instrumental: 0.0248631425202
            voice: 0.975136876106
        probability: 0.975136876106
        value: "voice"

lowlevel:
    average_loudness: 0.984873235226
    barkbands_kurtosis:
        dmean: 0.375359177589
        dmean2: 0.62870234251
        dvar: 0.236401349306
        dvar2: 0.639394760132
        max: 2.84280347824
        mean: -1.03416180611
        min: -1.77196395397
        var: 0.319485515356
    barkbands_skewness:
        dmean: 0.336332321167
        dmean2: 0.525354027748
        dvar: 0.101751588285
        dvar2: 0.250312685966
        max: 1.86365032196
        mean: 0.150312900543
        min: -1.88988089561
        var: 0.234736844897
    barkbands_spread:
        dmean: 5.29694700241
        dmean2: 8.4502620697
        dvar: 20.8952102661
        dvar2: 47.3879470825
        max: 59.568397522
        mean: 32.0262947083
        min: 14.0731105804
        var: 53.994720459
    dissonance:
        dmean: 0.0164295751601
        dmean2: 0.027904683724
        dvar: 0.000246037787292
        dvar2: 0.000593570875935
        max: 0.499422371387
        mean: 0.469352662563
        min: 0.337102681398
        var: 0.000375608331524
    hfc:
        dmean: 3.61094307899
        dmean2: 5.38488149643
        dvar: 24.4028339386
        dvar2: 63.2363739014
        max: 40.3232727051
        mean: 8.54445552826
        min: 0.600374996662
        var: 30.6820049286
    pitch:
        dmean: 578.752441406
        dmean2: 1111.99597168
        dvar: 1371941.125
        dvar2: 3785477.5
        max: 4410
        mean: 512.772644043
        min: 89.0909118652
        var: 871124.375
    pitch_instantaneous_confidence:
        dmean: 0.0737898051739
        dmean2: 0.120004191995
        dvar: 0.00391544308513
        dvar2: 0.00996793527156
        max: 0.654200613499
        mean: 0.312635660172
        min: 0.128418982029
        var: 0.00970093999058
    pitch_salience:
        dmean: 0.0547606050968
        dmean2: 0.0873897969723
        dvar: 0.00224296050146
        dvar2: 0.00554213533178
        max: 0.836376130581
        mean: 0.658065617085
        min: 0.379867255688
        var: 0.00450116349384
    silence_rate_20dB:
        dmean: 0
        dmean2: 0
        dvar: 0
        dvar2: 0
        max: 1
        mean: 1
        min: 1
        var: 0
    silence_rate_30dB:
        dmean: 0
        dmean2: 0
        dvar: 0
        dvar2: 0
        max: 1
        mean: 1
        min: 1
        var: 0
    silence_rate_60dB:
        dmean: 0.130841121078
        dmean2: 0.259953171015
        dvar: 0.113721482456
        dvar2: 0.239215552807
        max: 1
        mean: 0.156177163124
        min: 0
        var: 0.131785660982
    spectral_centroid:
        dmean: 302.816741943
        dmean2: 479.91885376
        dvar: 107750.21875
        dvar2: 259149.484375
        max: 3406.69384766
        mean: 1566.30822754
        min: 569.057250977
        var: 205021.75
    spectral_complexity:
        dmean: 5.68309879303
        dmean2: 8.30823516846
        dvar: 29.7048244476
        dvar2: 63.7755889893
        max: 46
        mean: 18.3325519562
        min: 0
        var: 65.4444351196
    spectral_crest:
        dmean: 1.77308785915
        dmean2: 3.03059339523
        dvar: 3.13897848129
        dvar2: 7.6535820961
        max: 16.5880813599
        mean: 5.55664730072
        min: 2.53668689728
        var: 5.06396436691
    spectral_decrease:
        dmean: 3.53072959758e-10
        dmean2: 5.13118159073e-10
        dvar: 1.31033280169e-19
        dvar2: 2.98426886825e-19
        max: -9.95796639591e-11
        mean: -1.20108722967e-09
        min: -3.40843997471e-09
        var: 2.82721518727e-19
    spectral_energy:
        dmean: 0.00161978451069
        dmean2: 0.00236470927484
        dvar: 2.92570030069e-06
        dvar2: 6.76888203088e-06
        max: 0.0152999721467
        mean: 0.00530818570405
        min: 0.000430292653618
        var: 5.81476160733e-06
    spectral_energyband_high:
        dmean: 0.000330123992171
        dmean2: 0.000521906011272
        dvar: 2.98086405337e-07
        dvar2: 7.75095543304e-07
        max: 0.00350417592563
        mean: 0.000449442886747
        min: 1.26494560391e-05
        var: 3.00346897575e-07
    spectral_energyband_low:
        dmean: 0.000201540300623
        dmean2: 0.000320582446875
        dvar: 7.41181054309e-08
        dvar2: 1.79000068101e-07
        max: 0.00234563462436
        mean: 0.00034601209336
        min: 1.91516164705e-06
        var: 1.24514230038e-07
    spectral_energyband_middle_high:
        dmean: 0.000807576347142
        dmean2: 0.00120646297
        dvar: 8.77538298028e-07
        dvar2: 2.05851506507e-06
        max: 0.00863453466445
        mean: 0.00255946163088
        min: 0.000231747428188
        var: 1.88523983979e-06
    spectral_energyband_middle_low:
        dmean: 0.000782794493716
        dmean2: 0.00123615399934
        dvar: 6.99130282555e-07
        dvar2: 1.62151945915e-06
        max: 0.00775181688368
        mean: 0.00195326982066
        min: 0.000168551458046
        var: 1.41088787586e-06
    spectral_flatness_db:
        dmean: 0.0168365612626
        dmean2: 0.0256164111197
        dvar: 0.000205563308555
        dvar2: 0.000414587178966
        max: 0.225933998823
        mean: 0.141074001789
        min: 0.0790920555592
        var: 0.000564808200579
    spectral_flux:
        dmean: 0.00886385701597
        dmean2: 0.0129817593843
        dvar: 7.85985248513e-05
        dvar2: 0.000158809838467
        max: 0.08645734936
        mean: 0.0455463677645
        min: 0.0197675265372
        var: 0.000166923928191
    spectral_kurtosis:
        dmean: 1.26957178116
        dmean2: 2.10401535034
        dvar: 1.80041086674
        dvar2: 4.9915766716
        max: 11.9127540588
        mean: 2.94287133217
        min: -0.602459430695
        var: 3.35132551193
    spectral_rms:
        dmean: 0.000337058736477
        dmean2: 0.000476058048662
        dvar: 1.06092066687e-07
        dvar2: 2.3117591752e-07
        max: 0.0038635218516
        mean: 0.00221926230006
        min: 0.000647917971946
        var: 2.5359216238e-07
    spectral_rolloff:
        dmean: 477.319366455
        dmean2: 757.107421875
        dvar: 246863.28125
        dvar2: 554238.125
        max: 5404.83398438
        mean: 3206.07788086
        min: 861.328125
        var: 579696.1875
    spectral_skewness:
        dmean: 0.219127774239
        dmean2: 0.339462131262
        dvar: 0.0352872647345
        dvar2: 0.0890465527773
        max: 2.8516702652
        mean: 1.2134976387
        min: 0.503977179527
        var: 0.106800809503
    spectral_spread:
        dmean: 581316.8125
        dmean2: 782332.375
        dvar: 401861410816
        dvar2: 629289058304
        max: 10042508
        mean: 4116976
        min: 2575658.5
        var: 1.3915455488e+12
    spectral_strongpeak:
        dmean: 0.309058904648
        dmean2: 0.514979600906
        dvar: 0.155817940831
        dvar2: 0.426527738571
        max: 2.94638895988
        mean: 0.469882369041
        min: 0.0226257648319
        var: 0.237496480346
    zerocrossingrate:
        dmean: 0.0108075207099
        dmean2: 0.0128458179533
        dvar: 8.53154779179e-05
        dvar2: 0.000121684730402
        max: 0.15625
        mean: 0.0898048728704
        min: 0.0234375
        var: 0.000446213030955
    barkbands:
        dmean: [1.62496945677e-07, 6.0820751969e-05, 0.000167076475918, 0.000305899215164, 0.000232826670981, 0.0001493368909, 0.000332051276928, 0.000137954441016, 0.000113741087262, 9.67046362348e-05, 0.000115310678666, 0.000142417949974, 0.000192049861653, 0.000106957944809, 0.000109593638626, 0.000105616280052, 0.000154885070515, 0.000149209488882, 0.000251901859883, 0.000206982906093, 0.000158731840202, 6.79857039358e-05, 1.16345945571e-05, 4.97802784594e-06, 1.80287406693e-06, 3.72672985804e-08, 3.58738955208e-10]
        dmean2: [2.29260848528e-07, 0.000107647611003, 0.000265430513537, 0.000489893194754, 0.000383249687729, 0.000233011771343, 0.000553786347155, 0.000219589346671, 0.000178098489414, 0.000167321952176, 0.000187955738511, 0.000225344847422, 0.000335141987307, 0.000182015704922, 0.000181629817234, 0.000157868184033, 0.000259902910329, 0.000241779329372, 0.000414779264247, 0.000347737281118, 0.000253957521636, 0.000109836124466, 1.82119929377e-05, 7.86757300375e-06, 2.97393739856e-06, 5.77285170777e-08, 5.16969134168e-10]
        dvar: [5.60052628188e-14, 1.1270053335e-08, 5.17627753993e-08, 2.07578096934e-07, 9.53539185389e-08, 4.48494255068e-08, 1.92047309611e-07, 7.24434627841e-08, 2.78784852981e-08, 1.0760153657e-08, 4.49235670885e-08, 3.98404402802e-08, 8.12290466001e-08, 1.34527171625e-08, 2.16599236325e-08, 1.6091652455e-08, 4.10971452425e-08, 3.37189511868e-08, 1.46773132315e-07, 1.05245554494e-07, 7.28636919689e-08, 1.40013103334e-08, 4.1972852971e-10, 1.45357045844e-10, 2.24288938117e-11, 5.87153371103e-15, 6.43367845554e-18]
        dvar2: [1.19692409738e-13, 3.15813117879e-08, 1.26839694303e-07, 4.69667753578e-07, 2.48563253535e-07, 1.00522569824e-07, 4.65049907916e-07, 1.72924188746e-07, 6.67666597565e-08, 2.78760214911e-08, 1.20438159001e-07, 9.11631232725e-08, 2.18937827867e-07, 3.65779904143e-08, 5.9029954258e-08, 3.4979354524e-08, 1.16460569188e-07, 8.21498744585e-08, 4.09750526842e-07, 2.77179424302e-07, 1.77044015004e-07, 3.54055345042e-08, 1.03846820032e-09, 3.16065201789e-10, 5.93474089317e-11, 1.49879176588e-14, 4.71668766394e-18]
        max: [2.51154597208e-06, 0.00087868591072, 0.00202603009529, 0.00437397370115, 0.00277555035427, 0.00199388130568, 0.00475936988369, 0.00373801123351, 0.00228506303392, 0.00107274542097, 0.00232375506312, 0.00249643716961, 0.00360378064215, 0.000786487595178, 0.0015660271747, 0.00132118305191, 0.00183702027425, 0.00188271375373, 0.00411599362269, 0.00237766792998, 0.00246017170139, 0.000807788164821, 0.000139962008689, 0.000147420418216, 3.26904701069e-05, 7.16873728379e-07, 5.99894462994e-08]
        mean: [2.54891062923e-07, 7.25159479771e-05, 0.000273244600976, 0.000448145437986, 0.000314430217259, 0.000233302911511, 0.000544555834495, 0.000203117437195, 0.000197276560357, 0.000162537631695, 0.000165360732353, 0.000235821484239, 0.000319433194818, 0.000182073577889, 0.000199501475436, 0.00015773276391, 0.000261152628809, 0.000300129904645, 0.000431290245615, 0.000292379612802, 0.000206683907891, 8.36430190247e-05, 1.54713397933e-05, 6.19647289568e-06, 1.89146487628e-06, 4.58417730442e-08, 3.63602842279e-10]
        min: [2.10789899424e-10, 8.69515233148e-08, 1.12084364901e-06, 5.17709850101e-07, 1.76610137714e-06, 4.16862621933e-06, 1.76892990567e-05, 4.49205344921e-06, 2.3946508918e-06, 1.46269658217e-05, 5.89990395383e-06, 4.79848495161e-06, 5.59436284675e-06, 1.32361437863e-05, 4.73909767607e-06, 6.27772305961e-06, 9.94034871837e-06, 1.81668747246e-05, 2.98162303807e-05, 1.3906795175e-05, 4.74978560305e-06, 1.36501932957e-06, 1.95013342363e-07, 3.20893285277e-08, 1.50520273329e-11, 4.11391025412e-11, 1.10811838492e-13]
        var: [1.43707040625e-13, 9.99281546399e-09, 8.6759108342e-08, 3.46704496224e-07, 1.21431497746e-07, 8.7734996157e-08, 2.95999996069e-07, 1.1215135487e-07, 7.02968421251e-08, 1.60903308455e-08, 7.01702234096e-08, 8.97231373642e-08, 1.48458966009e-07, 1.99117167199e-08, 3.05499945341e-08, 2.28281891168e-08, 4.81423292342e-08, 5.20030809525e-08, 1.64609787134e-07, 9.27663776906e-08, 7.9979685097e-08, 1.46453640326e-08, 5.72661584819e-10, 2.45823694733e-10, 2.33780789866e-11, 8.4646441874e-15, 8.56176932618e-18]
    mfcc:
        mean: [-683.441589355, 116.925636292, -61.2994537354, 48.7555389404, -25.0888233185, 7.31821250916, -5.53100633621, -3.46014475822, -11.5221843719, -4.79742908478, 0.0801177844405, -0.83223682642, -4.78783893585]
        cov: [[1158.24291992, -681.53515625, 328.042938232, -161.961654663, 74.6398544312, -109.205245972, 33.8246078491, -57.9479255676, 93.9064483643, -56.3760604858, 7.38933229446, -55.8026695251, 25.8833808899], [-681.53515625, 875.726623535, -325.243133545, 213.35446167, 3.02068257332, 63.7679634094, 12.8075342178, 65.0153808594, -53.3191146851, 29.2490539551, 21.1631660461, 31.4332237244, 7.66378068924], [328.042938232, -325.243133545, 349.614837646, -78.1628417969, 96.0260238647, -21.0862808228, 48.7352828979, -37.9527702332, 56.344833374, -8.3709192276, -1.54508984089, -13.6345615387, -5.59850311279], [-161.961654663, 213.35446167, -78.1628417969, 192.070465088, 22.9919757843, 90.3889770508, -5.03538322449, 29.8994789124, -7.20170927048, 26.1219100952, -12.1987991333, 5.29928016663, 10.7558460236], [74.6398544312, 3.02068257332, 96.0260238647, 22.9919757843, 194.388824463, 21.3169155121, 50.0948791504, -40.6138763428, 57.7764091492, 9.96289634705, 36.3787727356, -14.7977256775, 27.9742641449], [-109.205245972, 63.7679634094, -21.0862808228, 90.3889770508, 21.3169155121, 133.592224121, 7.83257389069, 38.3061065674, -1.15060973167, 28.2385349274, -19.2464828491, 17.3471031189, 6.27294015884], [33.8246078491, 12.8075342178, 48.7352828979, -5.03538322449, 50.0948791504, 7.83257389069, 94.7444458008, 27.341714859, 30.0936813354, 3.22756195068, 28.9362163544, 3.7031648159, 15.8241958618], [-57.9479255676, 65.0153808594, -37.9527702332, 29.8994789124, -40.6138763428, 38.3061065674, 27.341714859, 96.4325942993, -2.5552752018, 20.7175788879, -13.3852243423, 23.9211215973, -10.7529993057], [93.9064483643, -53.3191146851, 56.344833374, -7.20170927048, 57.7764091492, -1.15060973167, 30.0936813354, -2.5552752018, 81.5269851685, 12.7549772263, 26.1928157806, -15.6666383743, 20.5976676941], [-56.3760604858, 29.2490539551, -8.3709192276, 26.1219100952, 9.96289634705, 28.2385349274, 3.22756195068, 20.7175788879, 12.7549772263, 54.7082366943, 16.7058753967, 18.8781719208, -4.94107294083], [7.38933229446, 21.1631660461, -1.54508984089, -12.1987991333, 36.3787727356, -19.2464828491, 28.9362163544, -13.3852243423, 26.1928157806, 16.7058753967, 73.9143447876, 8.15059089661, 19.6614189148], [-55.8026695251, 31.4332237244, -13.6345615387, 5.29928016663, -14.7977256775, 17.3471031189, 3.7031648159, 23.9211215973, -15.6666383743, 18.8781719208, 8.15059089661, 53.0000648499, 3.64869642258], [25.8833808899, 7.66378068924, -5.59850311279, 10.7558460236, 27.9742641449, 6.27294015884, 15.8241958618, -10.7529993057, 20.5976676941, -4.94107294083, 19.6614189148, 3.64869642258, 50.5294113159]]
        icov: [[0.00204192497768, 0.00150114716962, -0.000450338964583, -0.000729180523194, -0.000638704455923, 0.00145241140854, 0.000167568607139, -0.00121254753321, -0.000529018696398, 0.00133312691469, -0.000298065133393, 0.000574055418838, -0.000885008543264], [0.00150114716962, 0.00372858322226, 0.00196048547514, -0.0029293957632, -0.00166010751855, 0.00214178510942, -0.00119907571934, -0.00128681829665, 0.000434762274381, 0.0013377207797, -0.000563688809052, -0.000627804838587, 0.000479416456074], [-0.000450338964583, 0.00196048547514, 0.00689302803949, -0.000185471115401, -0.00239099306054, 0.000361108017387, -0.00388673343696, 0.00261320988648, -0.00225295755081, 0.000103209436929, 0.00295851915143, -0.00295660085976, 0.00377952423878], [-0.000729180523194, -0.0029293957632, -0.000185471115401, 0.0116538563743, -0.000778231653385, -0.00628884602338, 0.00226064748131, -0.000863077235408, 0.00115991872735, -0.00326617294922, 0.00126236444339, 0.00334029365331, -0.00288807507604], [-0.000638704455923, -0.00166010751855, -0.00239099306054, -0.000778231653385, 0.0112639125437, -0.00304358522408, -0.00435465294868, 0.0071060732007, -0.00408367021009, -0.00167096406221, -0.00105761061423, 0.000607216788922, -0.000633523508441], [0.00145241140854, 0.00214178510942, 0.000361108017387, -0.00628884602338, -0.00304358522408, 0.0155864860862, -0.000956186209805, -0.00397125678137, 0.000888270733412, -0.00382079207338, 0.00500081526116, -0.00204910081811, -0.00301940459758], [0.000167568607139, -0.00119907571934, -0.00388673343696, 0.00226064748131, -0.00435465294868, -0.000956186209805, 0.0217386446893, -0.0123439524323, 5.73149736738e-05, 0.00517794396728, -0.00862713158131, 0.00259062135592, -0.00406821165234], [-0.00121254753321, -0.00128681829665, 0.00261320988648, -0.000863077235408, 0.0071060732007, -0.00397125678137, -0.0123439524323, 0.0246577206999, -0.00599965127185, -0.00506389699876, 0.00761471828446, -0.00832939799875, 0.0065505374223], [-0.000529018696398, 0.000434762274381, -0.00225295755081, 0.00115991872735, -0.00408367021009, 0.000888270733412, 5.73149736738e-05, -0.00599965127185, 0.0248381551355, -0.00834859907627, -0.00444959336892, 0.0114145679399, -0.0094698490575], [0.00133312691469, 0.0013377207797, 0.000103209436929, -0.00326617294922, -0.00167096406221, -0.00382079207338, 0.00517794396728, -0.00506389699876, -0.00834859907627, 0.0338702909648, -0.0104336673394, -0.0099458610639, 0.0100143766031], [-0.000298065133393, -0.000563688809052, 0.00295851915143, 0.00126236444339, -0.00105761061423, 0.00500081526116, -0.00862713158131, 0.00761471828446, -0.00444959336892, -0.0104336673394, 0.0262912157923, -0.00544586032629, -0.00445917854086], [0.000574055418838, -0.000627804838587, -0.00295660085976, 0.00334029365331, 0.000607216788922, -0.00204910081811, 0.00259062135592, -0.00832939799875, 0.0114145679399, -0.0099458610639, -0.00544586032629, 0.0315900407732, -0.009690717794], [-0.000885008543264, 0.000479416456074, 0.00377952423878, -0.00288807507604, -0.000633523508441, -0.00301940459758, -0.00406821165234, 0.0065505374223, -0.0094698490575, 0.0100143766031, -0.00445917854086, -0.009690717794, 0.0318726077676]]
    spectral_contrast:
        mean: [9.55961994009e-08, 1.83210993043e-08, 5.14037701294e-08, -6.13705594787e-07, 4.8350255355e-08, -2.80504764305e-07, -3.69056749605e-07, -1.82984166486e-07, 1.41669215736e-06, 2.30713249039e-06, -3.73876059712e-06, 3.15751066182e-07]
        var: [0.000412585097365, 0.000670838984661, 0.00104086892679, 0.00171519699506, 0.00271207327023, 0.0036637717858, 0.0445125848055, 0.0780316218734, 0.0903192833066, 0.208677589893, 0.5099208951, 1.21008610725]

rhythm:
    beats_loudness:
        dmean: 0.00221273768693
        dmean2: 0.00414778711274
        dvar: 2.4977848625e-06
        dvar2: 7.96878521214e-06
        max: 0.0102633619681
        mean: 0.00652894657105
        min: 0.00373543123715
        var: 3.17061017086e-06
    beats_loudness_bass:
        dmean: 0.127213016152
        dmean2: 0.197928905487
        dvar: 0.00775965722278
        dvar2: 0.0187216997147
        max: 0.468225479126
        mean: 0.212880149484
        min: 0.0220265388489
        var: 0.0177665483207
    bpm: 104.584739685
    bpm_confidence: 0
    first_peak_bpm: 105
    first_peak_spread: 0
    first_peak_weight: 0.9375
    onset_rate: 5.72711610794
    second_peak_bpm: 97
    second_peak_spread: 0
    second_peak_weight: 0.0625
    beats_position: [0.260341435671, 0.833875119686, 1.4074088335, 1.98094236851, 2.55447602272, 3.12800979614, 3.70154333115, 4.27507734299, 4.84861087799, 5.42214488983, 6.04382944107, 6.61772584915, 7.19162273407, 7.76552009583, 8.33941650391, 8.91331291199, 9.48721027374]
    bpm_estimates: [104.468040466, 104.403289795, 104.60093689, 104.85231781, 104.4608078, 106.157264709, 104.446990967, 104.361381531, 104.373001099, 104.386352539, 104.27709198, 104.431335449, 104.380935669, 104.499557495, 104.614265442, 105.224182129, 104.957229614, 104.308921814, 104.386688232, 104.362197876, 104.326652527]
    bpm_intervals: [0.573533654213, 0.573533713818, 0.573533535004, 0.573533654213, 0.573533773422, 0.573533535004, 0.573534011841, 0.573533535004, 0.573534011841, 0.621684551239, 0.573896408081, 0.573896884918, 0.573897361755, 0.573896408081, 0.573896408081, 0.573897361755]
    onset_times: [0.0580498874187, 0.290249437094, 0.417959183455, 0.545668959618, 0.824308395386, 0.986848056316, 1.09133791924, 1.40480720997, 1.5673469305, 1.69505667686, 1.98530614376, 2.14784574509, 2.27555561066, 2.56580495834, 2.70512461662, 2.84444451332, 3.14630389214, 3.28562355042, 3.43655323982, 3.7151927948, 3.86612248421, 4.00544214249, 4.29569149017, 4.45823144913, 4.58594083786, 4.74848079681, 4.88780021667, 5.01551008224, 5.16644001007, 5.31736946106, 5.45668935776, 5.60761928558, 5.72371864319, 6.025578022, 6.17650794983, 6.31582784653, 6.46675729752, 6.60607719421, 6.8963265419, 7.18657588959, 7.33750581741, 7.46521520615, 7.63936519623, 7.7670750618, 7.91800451279, 8.05732440948, 8.33596324921, 8.48689365387, 8.62621307373, 8.77714252472, 8.91646289825, 9.06739234924, 9.2067117691, 9.35764217377, 9.50857162476, 9.63628101349, 9.79882049561]
    rubato_start: []
    rubato_stop: []
    perceptual_tempo: "unknown"

sfx:
    inharmonicity:
        dmean: 0.0460717119277
        dmean2: 0.0802228301764
        dvar: 0.00224017654546
        dvar2: 0.00631646485999
        max: 0.290466338396
        mean: 0.0571628808975
        min: 1.74556123511e-06
        var: 0.0025358828716
    oddtoevenharmonicenergyratio:
        dmean: 1.61469018459
        dmean2: 2.96383476257
        dvar: 10.900021553
        dvar2: 31.7842178345
        max: 21.6092586517
        mean: 1.18698441982
        min: 0.0133584141731
        var: 6.96797227859
    pitch_after_max_to_before_max_energy_ratio: 5.41842126846
    pitch_centroid: 212.628387451
    pitch_max_to_total: 0.16393442452
    pitch_min_to_total: 0.266978919506
    tristimulus:
        dmean: [0.172276347876, 0.188938140869, 0.129425108433]
        dmean2: [0.296153277159, 0.321466773748, 0.226313740015]
        dvar: [0.0190992876887, 0.0244122184813, 0.0119680706412]
        dvar2: [0.0506115816534, 0.0694464594126, 0.0363759957254]
        max: [0.777986705303, 0.92083054781, 0.553933501244]
        mean: [0.350682199001, 0.456817060709, 0.163726240396]
        min: [0.0100278779864, 0, 0]
        var: [0.0298475828022, 0.0336669199169, 0.0150495572016]

tonal:
    chords_changes_rate: 0.0325581394136
    chords_number_rate: 0.0325581394136
    chords_strength:
        dmean: 0.00839096680284
        dmean2: 0.00925496965647
        dvar: 5.24088536622e-05
        dvar2: 7.39196693758e-05
        max: 0.742555856705
        mean: 0.588017463684
        min: 0.461396276951
        var: 0.0048713372089
    key_strength: 0.738399147987
    tuning_diatonic_strength: 0.701372623444
    tuning_equal_tempered_deviation: 0.27690282464
    tuning_frequency: 434.193115234
    tuning_nontempered_energy_ratio: 0.90308368206
    hpcp:
        dmean: [0.265755355358, 0.230463936925, 0.188704639673, 0.144586950541, 0.142164602876, 0.140925467014, 0.142894253135, 0.152037590742, 0.159248173237, 0.130149081349, 0.125008791685, 0.102064952254, 0.0944138988853, 0.100008003414, 0.124538250268, 0.1601023525, 0.210972324014, 0.183343648911, 0.186459645629, 0.148008644581, 0.153737917542, 0.201472535729, 0.200119748712, 0.182895943522, 0.13283970952, 0.091512709856, 0.0781656056643, 0.0797588825226, 0.100003577769, 0.100030347705, 0.106036543846, 0.09523319453, 0.103420473635, 0.156404033303, 0.160698547959, 0.178509995341]
        dmean2: [0.444647341967, 0.389797866344, 0.322886914015, 0.241775244474, 0.235933765769, 0.237975209951, 0.238154903054, 0.243610113859, 0.263380378485, 0.221146598458, 0.200871139765, 0.17583476007, 0.160896465182, 0.167197823524, 0.213465556502, 0.282928168774, 0.365928798914, 0.30962112546, 0.307699382305, 0.252004057169, 0.258923560381, 0.33821234107, 0.346149653196, 0.303815215826, 0.211762085557, 0.158634215593, 0.137583643198, 0.132481500506, 0.167109057307, 0.160926252604, 0.174419045448, 0.160272464156, 0.173170864582, 0.261338025331, 0.263173788786, 0.303023725748]
        dvar: [0.0444983914495, 0.046744633466, 0.0329202786088, 0.0344290882349, 0.035500779748, 0.0296609699726, 0.0245734378695, 0.0319539122283, 0.0314623489976, 0.0249233152717, 0.0221196766943, 0.0194755923003, 0.0172832850367, 0.0141774527729, 0.0394355095923, 0.0393652543426, 0.05378786847, 0.0476336702704, 0.0426068753004, 0.0342803820968, 0.0256910547614, 0.0408300869167, 0.0480591990054, 0.0413960553706, 0.0288004186004, 0.0130002554506, 0.0124001828954, 0.0113519607112, 0.0141893718392, 0.0116999000311, 0.0134810730815, 0.0125311827287, 0.0119944969192, 0.028908168897, 0.0228883512318, 0.0274058766663]
        dvar2: [0.132148444653, 0.103388175368, 0.0969420522451, 0.0822470635176, 0.0843871459365, 0.0761541947722, 0.0559884421527, 0.0696887671947, 0.0783407613635, 0.0565246529877, 0.0599489025772, 0.0536388270557, 0.0449206717312, 0.0334667935967, 0.100414350629, 0.100049972534, 0.138021528721, 0.119484402239, 0.109755001962, 0.0896548852324, 0.0708348527551, 0.105263404548, 0.125608593225, 0.0958525165915, 0.0699783414602, 0.033612113446, 0.0353702194989, 0.0327157601714, 0.0368433669209, 0.032246414572, 0.0355443023145, 0.0325747914612, 0.0273908600211, 0.0618745833635, 0.0552981831133, 0.0668735578656]
        max: [1, 1, 1, 1, 1, 1, 1, 1, 1, 1, 1, 1, 1, 0.917256474495, 1, 1, 1, 1, 1, 1, 1, 1, 1, 1, 1, 0.746439874172, 0.916199028492, 0.841473996639, 0.917531907558, 0.67173987627, 0.777345299721, 0.777792215347, 0.956169366837, 1, 1, 1]
        mean: [0.43531319499, 0.463875174522, 0.299900919199, 0.193385735154, 0.177117422223, 0.174541130662, 0.232025980949, 0.288219511509, 0.24064655602, 0.19074228406, 0.170015141368, 0.130681499839, 0.119398534298, 0.132778540254, 0.161879062653, 0.217077851295, 0.328379929066, 0.359837830067, 0.261382579803, 0.183500170708, 0.194975867867, 0.326585799456, 0.404013991356, 0.307532936335, 0.181797474623, 0.118731029332, 0.106197245419, 0.128045231104, 0.153378918767, 0.15281650424, 0.147430360317, 0.1409971416, 0.173857495189, 0.249504730105, 0.243540883064, 0.27239882946]
        min: [0.0177403502166, 0.0163974948227, 0.0137756494805, 0.0117793697864, 0.012303950265, 0.0129649592564, 0.0120276371017, 0.00930138956755, 0.011269390583, 0.00970390439034, 0.00576780550182, 0.0063628712669, 0.00432331115007, 0.00229327147827, 0.00747563596815, 0.0103908888996, 0.0105774533004, 0.0109764300287, 0.0138654019684, 0.00772782228887, 0.0156824551523, 0.0222677364945, 0.027564175427, 0.0153943300247, 0.0104578714818, 0.0105086294934, 0.0124109955505, 0.00982483662665, 0.008724312298, 0.00677163433284, 0.00575534673408, 0.00613169372082, 0.0196069311351, 0.0160048380494, 0.0152056859806, 0.0174741242081]
        var: [0.093766964972, 0.106884367764, 0.0508302599192, 0.0387241989374, 0.0404419638216, 0.0309614557773, 0.0492451675236, 0.0812195688486, 0.0581299588084, 0.0362731590867, 0.0297266431153, 0.0188084859401, 0.0174765847623, 0.0206751637161, 0.0474088974297, 0.0442363321781, 0.0993356779218, 0.115755669773, 0.0601090490818, 0.0385647974908, 0.0313739217818, 0.0727253481746, 0.114590965211, 0.0814766660333, 0.0357562191784, 0.0130600156263, 0.00997254997492, 0.0149731561542, 0.0234888345003, 0.0168720558286, 0.0164027642459, 0.0147981401533, 0.0185610689223, 0.0526148304343, 0.0364771336317, 0.04125950858]
    chords_histogram: [6.97674417496, 0, 13.9534883499, 0, 0, 0, 0, 0, 0, 0, 0, 0, 0, 5.58139514923, 0, 21.3953495026, 0, 33.0232543945, 0, 0, 7.90697669983, 11.1627902985, 0, 0]
    thpcp: [1, 0.64651209116, 0.416891753674, 0.38182130456, 0.376267462969, 0.500190556049, 0.621329903603, 0.518774390221, 0.411193132401, 0.366510540247, 0.281716942787, 0.257393658161, 0.28623765707, 0.348971158266, 0.467966079712, 0.707905828953, 0.775721251965, 0.563476085663, 0.395580917597, 0.420319676399, 0.704038083553, 0.870954096317, 0.662964880466, 0.391910344362, 0.255954682827, 0.228934958577, 0.276033818722, 0.330646961927, 0.329434543848, 0.31782335043, 0.303954929113, 0.374793708324, 0.537870407104, 0.525013804436, 0.587224423885, 0.938427448273]
    chords_key: "A"
    chords_scale: "minor"
    key_key: "A"
    key_scale: "major"
    chords_progression: ["Am", "Am", "Am", "Am", "Am", "Am", "Am", "Am", "Am", "Am", "Am", "Am", "Am", "Am", "Am", "Am", "Am", "Am", "Am", "Am", "Am", "Am", "Am", "Am", "Am", "Am", "Am", "Am", "Am", "Am", "Am", "Am", "Am", "Am", "Am", "Am", "Am", "Am", "Am", "Am", "Am", "Am", "Am", "Am", "A", "A", "A", "A", "A", "A", "A", "A", "A", "A", "A", "A", "A", "A", "A", "E", "E", "E", "E", "E", "E", "E", "E", "E", "E", "E", "E", "E", "E", "E", "E", "E", "E", "E", "E", "E", "E", "E", "E", "E", "E", "E", "E", "E", "E", "Bm", "Bm", "Bm", "Bm", "Bm", "Bm", "Bm", "Bm", "Bm", "Bm", "Bm", "Bm", "Bm", "Bm", "Bm", "Bm", "Bm", "Bm", "Bm", "Bm", "Bm", "Bm", "Bm", "Bm", "G", "G", "G", "G", "G", "G", "G", "G", "G", "G", "G", "G", "G", "G", "G", "G", "G", "Gm", "Gm", "Gm", "Gm", "Gm", "Gm", "Gm", "Gm", "Gm", "Gm", "Gm", "Gm", "Dm", "Dm", "Dm", "Dm", "Dm", "Dm", "Dm", "Dm", "Dm", "Dm", "Dm", "Dm", "Dm", "Dm", "Dm", "Dm", "Dm", "Dm", "Dm", "Dm", "Dm", "Dm", "Dm", "Dm", "Dm", "Dm", "Dm", "Dm", "Dm", "Dm", "Dm", "Dm", "Dm", "Dm", "Dm", "Dm", "Dm", "Dm", "Dm", "Dm", "Dm", "Dm", "Dm", "Dm", "Dm", "Dm", "Am", "Am", "Am", "Am", "Am", "Am", "Am", "Am", "Am", "Am", "Am", "Am", "Am", "Am", "Am", "Am", "Am", "Am", "Am", "Am", "Am", "Am", "Am", "Am", "Am", "Am", "Am"]
