
metadata:
    version:
        essentia: "1.2.2"
    audio_properties:
        analysis_sample_rate: 44100
        bitrate: 128
        channels: 2
        equal_loudness: 1
        length: 10.0048980713
        replay_gain: -11.9795436859
        downmix: "mix"
    tags:
        track: 10
        year: 0
        album: "Splitted by Mp3Splt v. 2.1"
        artist: "From 001.30 To 001.40"
        comment: "http://mp3splt.sf.net"
        genre: ""
        title: "08 When You Grow.mp3"

highlevel:
    ballroom:
        all:
            ChaChaCha: 0.0133696654812
            Jive: 0.0457198880613
            Quickstep: 0.127491250634
            Rumba-American: 0.0108343726024
            Rumba-International: 0.103485956788
            Rumba-Misc: 0.153679385781
            Samba: 0.0302525907755
            Tango: 0.0332241728902
            VienneseWaltz: 0.309483647346
            Waltz: 0.172459051013
        probability: 0.309483647346
        value: "VienneseWaltz"
    culture:
        all:
            non_western: 0.00425600120798
            western: 0.995743989944
        probability: 0.995743989944
        value: "western"
    gender:
        all:
            female: 0.397553414106
            male: 0.602446556091
        probability: 0.602446556091
        value: "male"
    genre_dortmund:
        all:
            alternative: 0.217060819268
            blues: 0.0242221970111
            electronic: 0.0295062940568
            folkcountry: 0.335099279881
            funksoulrnb: 0.0141442753375
            jazz: 0.0336517393589
            pop: 0.142505452037
            raphiphop: 0.00291978032328
            rock: 0.200890168548
        probability: 0.335099279881
        value: "folkcountry"
    genre_electronica:
        all:
            ambient: 0.606980919838
            dnb: 0.0763214752078
            house: 0.0243304669857
            techno: 0.0098249996081
            trance: 0.282542169094
        probability: 0.606980919838
        value: "ambient"
    genre_rosamerica:
        all:
            cla: 0.0689251944423
            dan: 0.0340784117579
            hip: 0.00421600416303
            jaz: 0.0376760475338
            pop: 0.41324365139
            rhy: 0.0210820604116
            roc: 0.414164692163
            spe: 0.00661394512281
        probability: 0.414164692163
        value: "roc"
    genre_tzanetakis:
        all:
            blu: 0.00368600222282
            cla: 0.0125713739544
            cou: 0.173878073692
            dis: 0.0262480340898
            hip: 0.00151157111395
            jaz: 0.0354295112193
            met: 0.00450102007017
            pop: 0.170557782054
            reg: 0.00795335322618
            roc: 0.563663303852
        probability: 0.563663303852
        value: "roc"
    live_studio:
        all:
            live: 0.358540683985
            studio: 0.641459345818
        probability: 0.641459345818
        value: "studio"
    mood:
        all:
            Cluster1: 0.23660209775
            Cluster2: 0.286937147379
            Cluster3: 0.237745404243
            Cluster4: 0.165626332164
            Cluster5: 0.0730890333652
        probability: 0.286937147379
        value: "Cluster2"
    mood_acoustic:
        all:
            acoustic: 0.318052113056
            not_acoustic: 0.681947886944
        probability: 0.681947886944
        value: "not_acoustic"
    mood_aggressive:
        all:
            aggressive: 0.16497631371
            not_aggressive: 0.835023701191
        probability: 0.835023701191
        value: "not_aggressive"
    mood_electronic:
        all:
            electronic: 0.367415636778
            not_electronic: 0.632584393024
        probability: 0.632584393024
        value: "not_electronic"
    mood_happy:
        all:
            happy: 0.835406601429
            not_happy: 0.164593428373
        probability: 0.835406601429
        value: "happy"
    mood_party:
        all:
            not_party: 0.833888053894
            party: 0.166111946106
        probability: 0.833888053894
        value: "not_party"
    mood_relaxed:
        all:
            not_relaxed: 0.120723173022
            relaxed: 0.879276812077
        probability: 0.879276812077
        value: "relaxed"
    mood_sad:
        all:
            not_sad: 0.331216961145
            sad: 0.668783009052
        probability: 0.668783009052
        value: "sad"
    rhythm:
        all:
            fast: 0.57618188858
            medium: 0.215340688825
            slow: 0.208477407694
        probability: 0.57618188858
        value: "fast"
    speech_music:
        all:
            music: 0.995937347412
            speech: 0.00406264094636
        probability: 0.995937347412
        value: "music"
    timbre:
        all:
            bright: 0.470335990191
            dark: 0.529663980007
        probability: 0.529663980007
        value: "dark"
    voice_instrumental:
        all:
            instrumental: 0.0087690865621
            voice: 0.991230905056
        probability: 0.991230905056
        value: "voice"

lowlevel:
    average_loudness: 0.964700579643
    barkbands_kurtosis:
        dmean: 0.764432966709
        dmean2: 1.22322273254
        dvar: 0.720216929913
        dvar2: 1.90769779682
        max: 9.72429084778
        mean: 0.826092839241
        min: -1.87548923492
        var: 6.25283241272
    barkbands_skewness:
        dmean: 0.270970016718
        dmean2: 0.424106240273
        dvar: 0.0602166503668
        dvar2: 0.142747074366
        max: 3.04901695251
        mean: 1.00904810429
        min: -1.90335631371
        var: 0.771612226963
    barkbands_spread:
        dmean: 2.83411431313
        dmean2: 4.39059877396
        dvar: 6.92598104477
        dvar2: 14.9573917389
        max: 52.056022644
        mean: 22.5469970703
        min: 6.6121430397
        var: 81.3528213501
    dissonance:
        dmean: 0.0195850301534
        dmean2: 0.0318315960467
        dvar: 0.000314129691105
        dvar2: 0.000742206291761
        max: 0.49860483408
        mean: 0.447307258844
        min: 0.296942532063
        var: 0.000884873385075
    hfc:
        dmean: 1.22910428047
        dmean2: 1.78057873249
        dvar: 5.51072502136
        dvar2: 9.46493244171
        max: 42.4861297607
        mean: 6.22977924347
        min: 1.11875524453e-05
        var: 25.8572387695
    pitch:
        dmean: 148.931488037
        dmean2: 281.719573975
        dvar: 257526.078125
        dvar2: 466836.09375
        max: 4900
        mean: 562.053894043
        min: 75.7731933594
        var: 1147694
    pitch_instantaneous_confidence:
        dmean: 0.0626274570823
        dmean2: 0.101575426757
        dvar: 0.00322156469338
        dvar2: 0.00866490323097
        max: 0.791465044022
        mean: 0.454953342676
        min: 0.196417570114
        var: 0.0162591207772
    pitch_salience:
        dmean: 0.0424332730472
        dmean2: 0.0681723728776
        dvar: 0.0012957615545
        dvar2: 0.00312995375134
        max: 0.969110965729
        mean: 0.598369121552
        min: 0.422172933817
        var: 0.00619916059077
    silence_rate_20dB:
        dmean: 0
        dmean2: 0
        dvar: 0
        dvar2: 0
        max: 1
        mean: 1
        min: 1
        var: 0
    silence_rate_30dB:
        dmean: 0
        dmean2: 0
        dvar: 0
        dvar2: 0
        max: 1
        mean: 1
        min: 1
        var: 0
    silence_rate_60dB:
        dmean: 0.0649651959538
        dmean2: 0.130232557654
        dvar: 0.0607447400689
        dvar2: 0.150481045246
        max: 1
        mean: 0.0972222238779
        min: 0
        var: 0.0877704173326
    spectral_centroid:
        dmean: 142.810440063
        dmean2: 220.578277588
        dvar: 35940.5429688
        dvar2: 71194.7578125
        max: 4065.64404297
        mean: 1163.32971191
        min: 574.487243652
        var: 432501.3125
    spectral_complexity:
        dmean: 2.28604650497
        dmean2: 3.75291371346
        dvar: 6.23677253723
        dvar2: 12.810757637
        max: 37
        mean: 13.6334104538
        min: 0
        var: 21.7635402679
    spectral_crest:
        dmean: 1.49873924255
        dmean2: 2.41415119171
        dvar: 1.99959313869
        dvar2: 5.73027276993
        max: 18.7179203033
        mean: 8.40800571442
        min: 2.96715307236
        var: 11.7777824402
    spectral_decrease:
        dmean: 2.26733132269e-10
        dmean2: 3.56317725325e-10
        dvar: 6.41960591612e-20
        dvar2: 1.57537607486e-19
        max: -4.94824577566e-16
        mean: -1.28790811349e-09
        min: -3.09240633101e-09
        var: 2.67819911691e-19
    spectral_energy:
        dmean: 0.000942615792155
        dmean2: 0.00146625062916
        dvar: 1.17841977954e-06
        dvar2: 2.75221623269e-06
        max: 0.0136833395809
        mean: 0.00542592024431
        min: 2.8823294862e-09
        var: 4.63974629383e-06
    spectral_energyband_high:
        dmean: 0.000100735996966
        dmean2: 0.000141542172059
        dvar: 9.03292516341e-08
        dvar2: 1.41378009744e-07
        max: 0.00468992441893
        mean: 0.00027579034213
        min: 1.74363068428e-09
        var: 4.5113765168e-07
    spectral_energyband_low:
        dmean: 4.14225505665e-05
        dmean2: 6.83277830831e-05
        dvar: 5.12167197542e-09
        dvar2: 1.31003172754e-08
        max: 0.000686042243615
        mean: 9.38037628657e-05
        min: 1.23557358789e-10
        var: 1.30303794421e-08
    spectral_energyband_middle_high:
        dmean: 0.00035995466169
        dmean2: 0.000533142243512
        dvar: 3.5605364701e-07
        dvar2: 6.93365450388e-07
        max: 0.0110713364556
        mean: 0.00160469696857
        min: 5.28876054062e-10
        var: 1.33132186875e-06
    spectral_energyband_middle_low:
        dmean: 0.000725971069187
        dmean2: 0.0011683430057
        dvar: 6.34262164567e-07
        dvar2: 1.72275679233e-06
        max: 0.0091896886006
        mean: 0.00345163000748
        min: 4.57163140677e-10
        var: 3.26014378516e-06
    spectral_flatness_db:
        dmean: 0.0135414116085
        dmean2: 0.0201774053276
        dvar: 0.000147804545122
        dvar2: 0.000310614472255
        max: 0.285224556923
        mean: 0.181090757251
        min: 0.0439797379076
        var: 0.00128294888418
    spectral_flux:
        dmean: 0.00564902834594
        dmean2: 0.00882091280073
        dvar: 4.78888759972e-05
        dvar2: 0.000104612445284
        max: 0.0878858417273
        mean: 0.0312646105886
        min: 5.36873303645e-05
        var: 0.000173513239133
    spectral_kurtosis:
        dmean: 1.79762554169
        dmean2: 2.98653244972
        dvar: 3.5635766983
        dvar2: 8.97203159332
        max: 23.7026958466
        mean: 6.1251115799
        min: -0.250030994415
        var: 8.82607650757
    spectral_rms:
        dmean: 0.000199714457267
        dmean2: 0.000302770058624
        dvar: 4.91824287963e-08
        dvar2: 9.97905544864e-08
        max: 0.00365371047519
        mean: 0.00225443649106
        min: 1.67691052866e-06
        var: 2.11094743463e-07
    spectral_rolloff:
        dmean: 333.714385986
        dmean2: 539.233154297
        dvar: 122980.054688
        dvar2: 301250.1875
        max: 6287.6953125
        mean: 2236.90454102
        min: 495.263671875
        var: 1370954.75
    spectral_skewness:
        dmean: 0.202505990863
        dmean2: 0.322040915489
        dvar: 0.0406989566982
        dvar2: 0.0941266566515
        max: 3.74403858185
        mean: 1.74689030647
        min: 0.292244464159
        var: 0.190106526017
    spectral_spread:
        dmean: 437847.96875
        dmean2: 556843.4375
        dvar: 1.05167532851e+12
        dvar2: 1.1545256919e+12
        max: 25618158
        mean: 3880971
        min: 2175782.25
        var: 2.66671043379e+12
    spectral_strongpeak:
        dmean: 0.237243562937
        dmean2: 0.399248212576
        dvar: 0.196099609137
        dvar2: 0.434541195631
        max: 4.44817447662
        mean: 0.700456142426
        min: 0.000104356688098
        var: 0.29599660635
    zerocrossingrate:
        dmean: 0.00602970551699
        dmean2: 0.00715349102393
        dvar: 5.93460717937e-05
        dvar2: 4.82115865452e-05
        max: 0.2099609375
        mean: 0.0695931091905
        min: 0.02978515625
        var: 0.000963465427049
    barkbands:
        dmean: [5.42254277036e-08, 1.68257556652e-05, 2.99953208014e-05, 9.24778796616e-05, 0.00034406944178, 0.000217521490413, 0.00031559765921, 0.000152330496348, 5.39477296115e-05, 8.93543692655e-05, 8.53159144754e-05, 5.94688463025e-05, 2.53960806731e-05, 4.92403960379e-05, 6.50484216749e-05, 4.31246007793e-05, 0.00010308338824, 8.43040834297e-05, 9.6114097687e-05, 8.39686981635e-05, 4.75142987852e-05, 2.0787707399e-05, 5.88921284361e-06, 2.77877711596e-06, 8.14984559838e-07, 5.84150789962e-08, 3.43228195865e-10]
        dmean2: [6.98021764833e-08, 2.85353235085e-05, 5.07736367581e-05, 0.00016465614317, 0.000599403050728, 0.000318771024467, 0.00047799499589, 0.000235704050283, 7.39485403756e-05, 0.000122384910355, 0.000126534476294, 9.49037348619e-05, 4.06544895668e-05, 8.02996219136e-05, 0.00010676401871, 7.26794241928e-05, 0.000164386525284, 0.000134123038151, 0.000140917036333, 0.000132126297103, 7.4368697824e-05, 2.7582185794e-05, 8.31166016724e-06, 3.80401479561e-06, 1.06768061414e-06, 8.32377722304e-08, 5.65133384534e-10]
        dvar: [4.24722479137e-14, 1.57080992658e-09, 2.3798343296e-09, 1.75376051459e-08, 2.44250742298e-07, 5.55463479657e-08, 2.05363718919e-07, 8.17142051801e-08, 3.692671946e-09, 1.30799486797e-08, 7.89165781612e-08, 1.53029677818e-08, 3.88440835053e-09, 5.4943156691e-09, 1.15272076329e-08, 6.22958307162e-09, 6.25923846087e-08, 2.18358326975e-08, 3.45396387047e-08, 4.73746553098e-08, 2.15047695207e-08, 5.02959407456e-09, 5.63705693235e-10, 1.45910158955e-10, 6.68438655121e-12, 3.24948740333e-14, 3.84909266102e-19]
        dvar2: [5.70856228499e-14, 3.68872310474e-09, 6.46728581799e-09, 4.86461289029e-08, 7.10254767e-07, 1.52154100874e-07, 5.3604844652e-07, 2.07751966741e-07, 7.02940194941e-09, 2.21606448747e-08, 1.85984603718e-07, 4.57206219551e-08, 8.45058512056e-09, 1.36105775539e-08, 2.99744122856e-08, 1.51062433673e-08, 1.44689849435e-07, 4.78003627791e-08, 5.31439177109e-08, 1.02987570472e-07, 5.07542310402e-08, 8.00032839976e-09, 9.58313095545e-10, 2.93435359344e-10, 9.55050448448e-12, 7.27991885524e-14, 6.27820520652e-19]
        max: [3.00295801026e-06, 0.000414184643887, 0.000484471034724, 0.00108843832277, 0.00435108644888, 0.00338120292872, 0.00717615196481, 0.00405689282343, 0.00112065835856, 0.001639675349, 0.00554824713618, 0.0019398201257, 0.000845037575345, 0.000950648332946, 0.00193198479246, 0.00132757541724, 0.00390240270644, 0.00214862078428, 0.00381063017994, 0.00286842440255, 0.00219693710096, 0.00120425259229, 0.000412198191043, 0.00023597443942, 5.36386723979e-05, 2.42859937316e-06, 1.00347863352e-08]
        mean: [6.45578239755e-08, 3.08568560285e-05, 6.28867492196e-05, 0.000140481846756, 0.000625969434623, 0.000857564795297, 0.00114796601702, 0.000443076452939, 0.00018144970818, 0.000264168076683, 0.000182536663488, 0.000108017979073, 4.39982977696e-05, 8.23913724162e-05, 0.00011569387425, 9.77245872491e-05, 0.000200082562515, 0.00019115358009, 0.00026864168467, 0.000215963984374, 0.000103366866824, 4.35496076534e-05, 1.2460900507e-05, 4.12688177676e-06, 1.64064169894e-06, 9.10533159981e-08, 3.77700620779e-10]
        min: [3.50162195246e-12, 6.32073143825e-11, 3.8666826685e-11, 3.5170304169e-11, 8.03499627944e-11, 8.49655484858e-11, 8.61716531464e-11, 7.96821428284e-11, 8.30216381753e-11, 3.72640043822e-11, 2.06191973218e-11, 1.22746673936e-11, 3.91747884132e-11, 3.04022501618e-11, 4.67984540009e-11, 3.89064579165e-11, 4.95237705012e-11, 4.71684566405e-11, 1.17787432585e-10, 3.24260035489e-10, 1.02911379418e-09, 2.45419184974e-10, 1.33667257818e-10, 2.77007895788e-11, 4.20791908262e-11, 1.99597283146e-11, 4.30827574137e-13]
        var: [5.63813556118e-14, 2.458598658e-09, 8.40626857013e-09, 2.8932786833e-08, 3.80879782824e-07, 2.47664104336e-07, 2.37649965129e-06, 3.66040609379e-07, 4.68190712866e-08, 7.84736187143e-08, 1.15337570605e-07, 2.51382807903e-08, 6.29486240911e-09, 1.07652846637e-08, 2.37265371794e-08, 1.03941948382e-08, 1.04221534514e-07, 5.96396674268e-08, 1.54760769533e-07, 1.28778140152e-07, 7.32590095254e-08, 2.04189198882e-08, 2.59127941327e-09, 3.11604381187e-10, 2.65261528021e-11, 6.37986164549e-14, 4.83258611092e-19]
    mfcc:
        mean: [-719.166931152, 144.530456543, -60.4029045105, 51.30286026, -27.937959671, -20.5119609833, -9.06265449524, -17.0990104675, -6.94794654846, -12.4254980087, -8.10597801208, -6.63921976089, 1.63981175423]
        cov: [[2118.09619141, -816.673461914, 367.0078125, -67.733795166, 130.078109741, 52.9306335449, -52.1343154907, 63.8971672058, -124.91267395, -32.9209251404, -66.4643096924, -27.9173927307, -25.8769874573], [-816.673461914, 1559.38635254, -635.199951172, 102.519088745, -187.56829834, -182.835006714, 72.9755935669, -27.3170013428, 128.695907593, 16.3008289337, 73.1772689819, 8.13735866547, 42.5536422729], [367.0078125, -635.199951172, 506.26461792, -83.4798431396, 108.512275696, 52.3059082031, -40.1854248047, 45.8544006348, -52.7333831787, 10.1408929825, -41.5368766785, 18.5870342255, 10.1868095398], [-67.733795166, 102.519088745, -83.4798431396, 165.666381836, 21.798997879, -11.113861084, 5.95113229752, 8.76982116699, 17.9765529633, 2.02192616463, 5.92848539352, 4.09417581558, 7.08506155014], [130.078109741, -187.56829834, 108.512275696, 21.798997879, 174.568328857, 0.230837166309, -12.9717912674, -0.461801528931, -40.4950408936, -25.3208885193, -11.739027977, 17.611328125, 3.15766119957], [52.9306335449, -182.835006714, 52.3059082031, -11.113861084, 0.230837166309, 102.921989441, 10.296251297, 6.35694313049, -6.59434223175, 14.3776254654, -4.99639844894, -4.73635149002, -16.0788116455], [-52.1343154907, 72.9755935669, -40.1854248047, 5.95113229752, -12.9717912674, 10.296251297, 51.9445037842, 2.13549852371, 11.3207111359, 2.40388035774, 1.87360489368, -0.877278864384, -2.32649827003], [63.8971672058, -27.3170013428, 45.8544006348, 8.76982116699, -0.461801528931, 6.35694313049, 2.13549852371, 67.3293075562, 11.9537782669, 23.0220775604, 6.5650510788, 8.77270126343, 3.69510293007], [-124.91267395, 128.695907593, -52.7333831787, 17.9765529633, -40.4950408936, -6.59434223175, 11.3207111359, 11.9537782669, 76.551071167, 42.6887779236, 18.0775337219, 2.45786190033, 0.723732888699], [-32.9209251404, 16.3008289337, 10.1408929825, 2.02192616463, -25.3208885193, 14.3776254654, 2.40388035774, 23.0220775604, 42.6887779236, 81.8697433472, 25.0686435699, 9.62498188019, -9.46462154388], [-66.4643096924, 73.1772689819, -41.5368766785, 5.92848539352, -11.739027977, -4.99639844894, 1.87360489368, 6.5650510788, 18.0775337219, 25.0686435699, 53.3495178223, 17.6292495728, 7.01002883911], [-27.9173927307, 8.13735866547, 18.5870342255, 4.09417581558, 17.611328125, -4.73635149002, -0.877278864384, 8.77270126343, 2.45786190033, 9.62498188019, 17.6292495728, 47.5491333008, 23.5608673096], [-25.8769874573, 42.5536422729, 10.1868095398, 7.08506155014, 3.15766119957, -16.0788116455, -2.32649827003, 3.69510293007, 0.723732888699, -9.46462154388, 7.01002883911, 23.5608673096, 60.0968208313]]
        icov: [[0.000653376278933, 0.000303205510136, 6.24979002168e-05, 9.22942490433e-05, -0.000104270526208, 0.000311755487928, 6.49084759061e-05, -0.000720614218153, 0.000683647289407, -0.000184462871403, 0.000245408155024, 0.000443344004452, -5.8847181208e-05], [0.000303205510136, 0.0021109294612, 0.00200431281701, 0.000149017461808, 0.000501055561472, 0.00261391536333, -0.00137625238858, -0.000683469465002, -0.000707253813744, -0.000392513553379, 0.000149868050357, -0.000227679614909, -0.00104122469202], [6.24979002168e-05, 0.00200431281701, 0.005817651283, 0.00211034202948, -0.00159010256175, 0.00100829533767, 0.000795557454694, -0.0029137628153, 0.000446486665169, -0.00243428698741, 0.00337394536473, -0.00110632984433, -0.00241254270077], [9.22942490433e-05, 0.000149017461808, 0.00211034202948, 0.00764949060977, -0.0024848068133, -0.000130420565256, 0.00039637950249, -0.00216261600144, -0.00159288314171, -0.000304013403365, 0.00117989140563, 0.000227608121349, -0.00133690156508], [-0.000104270526208, 0.000501055561472, -0.00159010256175, -0.0024848068133, 0.00873943138868, 0.00140839198139, -0.000442725926405, 0.00103684549686, 0.00227179587819, 0.00192060950212, -0.000478728179587, -0.0038474148605, 0.00183884915896], [0.000311755487928, 0.00261391536333, 0.00100829533767, -0.000130420565256, 0.00140839198139, 0.0149686755612, -0.00526630179957, -0.000437136390246, 0.00135528412648, -0.00310762738809, 0.000353708368493, 8.95750636118e-05, 0.00129956228193], [6.49084759061e-05, -0.00137625238858, 0.000795557454694, 0.00039637950249, -0.000442725926405, -0.00526630179957, 0.0232110451907, -0.00171709328424, -0.00227147503756, 0.00172496866435, 0.0014950305922, -0.000933931733016, 0.000930052017793], [-0.000720614218153, -0.000683469465002, -0.0029137628153, -0.00216261600144, 0.00103684549686, -0.000437136390246, -0.00171709328424, 0.0194046571851, -0.00152997719124, -0.00333014247008, -0.00148523901589, -0.00161290890537, -0.000208942801692], [0.000683647289407, -0.000707253813744, 0.000446486665169, -0.00159288314171, 0.00227179587819, 0.00135528412648, -0.00227147503756, -0.00152997719124, 0.0245044585317, -0.0118933264166, 9.63809725363e-05, 0.00202403916046, -0.00181629031431], [-0.000184462871403, -0.000392513553379, -0.00243428698741, -0.000304013403365, 0.00192060950212, -0.00310762738809, 0.00172496866435, -0.00333014247008, -0.0118933264166, 0.0244417507201, -0.00805860944092, -0.0039966837503, 0.00648559769616], [0.000245408155024, 0.000149868050357, 0.00337394536473, 0.00117989140563, -0.000478728179587, 0.000353708368493, 0.0014950305922, -0.00148523901589, 9.63809725363e-05, -0.00805860944092, 0.0282922293991, -0.00889529380947, -0.0015255571343], [0.000443344004452, -0.000227679614909, -0.00110632984433, 0.000227608121349, -0.0038474148605, 8.95750636118e-05, -0.000933931733016, -0.00161290890537, 0.00202403916046, -0.0039966837503, -0.00889529380947, 0.0333509892225, -0.0118894707412], [-5.8847181208e-05, -0.00104122469202, -0.00241254270077, -0.00133690156508, 0.00183884915896, 0.00129956228193, 0.000930052017793, -0.000208942801692, -0.00181629031431, 0.00648559769616, -0.0015255571343, -0.0118894707412, 0.0241007208824]]
    spectral_contrast:
        mean: [-2.99228986478e-07, -3.22107950979e-07, 1.59003334943e-07, -1.83615327387e-07, -1.23150670106e-07, -4.17716535139e-07, 2.26387010116e-06, -1.22331277908e-06, 3.81103234304e-07, 8.12960308849e-07, -3.98998463425e-06, -5.25419773112e-06]
        var: [0.000459976523416, 0.000754745036829, 0.000938880199101, 0.00140903226566, 0.00348255503923, 0.00584057532251, 0.0454884730279, 0.0633205920458, 0.121803030372, 0.253277927637, 0.529292464256, 1.58281695843]

rhythm:
    beats_loudness:
        dmean: 0.00164716073778
        dmean2: 0.00295935501345
        dvar: 2.17889123633e-06
        dvar2: 5.38123003935e-06
        max: 0.0109061626717
        mean: 0.00593289919198
        min: 0.00306544429623
        var: 3.93507252738e-06
    beats_loudness_bass:
        dmean: 0.0165840182453
        dmean2: 0.0258364807814
        dvar: 0.00026454613544
        dvar2: 0.000408850377426
        max: 0.088064275682
        mean: 0.0265969149768
        min: 0.00259096012451
        var: 0.000526188116055
    bpm: 140.100372314
    bpm_confidence: 0
    first_peak_bpm: 163
    first_peak_spread: 0
    first_peak_weight: 0.583333313465
    onset_rate: 2.69867801666
    second_peak_bpm: 140
    second_peak_spread: 0
    second_peak_weight: 0.375
    beats_position: [0.138922184706, 0.507955789566, 0.876989424229, 1.24602305889, 1.61505663395, 1.98409032822, 2.35312390327, 2.72215747833, 3.09119105339, 3.46022462845, 3.82925796509, 4.19829130173, 4.5673251152, 4.93635845184, 5.30539178848, 5.96745681763, 6.39572286606, 6.82398796082, 7.25225400925, 7.68052005768, 8.10878562927, 8.53705215454, 8.96531772614, 9.39358234406, 9.82184886932]
    bpm_estimates: [139.920013428, 139.904556274, 140.05015564, 140.526763916]
    bpm_intervals: [0.36903360486, 0.369033634663, 0.369033634663, 0.369033575058, 0.369033694267, 0.369033575058, 0.369033575058, 0.369033575058, 0.369033575058, 0.369033336639, 0.369033336639, 0.369033813477, 0.369033336639, 0.369033336639, 0.662065029144, 0.428266048431, 0.428265094757, 0.428266048431, 0.428266048431, 0.428265571594, 0.428266525269, 0.428265571594, 0.42826461792, 0.428266525269]
    onset_times: [0.0464399084449, 0.417959183455, 1.07972788811, 1.59056687355, 1.96208620071, 2.3916554451, 2.64707493782, 2.82122445107, 3.22757363319, 3.66875290871, 4.15637207031, 4.51628112793, 4.72526073456, 5.36380958557, 5.630838871, 5.73532867432, 5.89786863327, 5.94430828094, 7.08208608627, 7.30267572403, 7.40716552734, 7.51165533066, 7.61614513397, 7.8251247406, 7.94122457504, 8.20825386047, 8.56816291809]
    rubato_start: [6.39572286606]
    rubato_stop: [9.82184886932]
    perceptual_tempo: "unknown"

sfx:
    inharmonicity:
        dmean: 0.0531040430069
        dmean2: 0.094008743763
        dvar: 0.003733697813
        dvar2: 0.0106935575604
        max: 0.395330816507
        mean: 0.0577684342861
        min: 0.000218386529014
        var: 0.00427051121369
    oddtoevenharmonicenergyratio:
        dmean: 2.37642645836
        dmean2: 4.3993973732
        dvar: 28.7560157776
        dvar2: 80.8938598633
        max: 49.3831977844
        mean: 1.78309845924
        min: 0.00158377178013
        var: 19.705078125
    pitch_after_max_to_before_max_energy_ratio: 26.2728748322
    pitch_centroid: 123.268966675
    pitch_max_to_total: 0
    pitch_min_to_total: 0.464037120342
    tristimulus:
        dmean: [0.188971728086, 0.206161051989, 0.102389648557]
        dmean2: [0.335377275944, 0.367943793535, 0.178468301892]
        dvar: [0.0343474373221, 0.0399157181382, 0.0103111602366]
        dvar2: [0.0973019972444, 0.11124920845, 0.0277402270585]
        max: [0.892062723637, 0.894124448299, 0.667284965515]
        mean: [0.391417443752, 0.448854237795, 0.120996892452]
        min: [0.0122040193528, 0, 0]
        var: [0.0508604086936, 0.0487613864243, 0.0142857078463]

tonal:
    chords_changes_rate: 0.0648148134351
    chords_number_rate: 0.037037037313
    chords_strength:
        dmean: 0.00813934393227
        dmean2: 0.00574359763414
        dvar: 3.92678812204e-05
        dvar2: 2.91115902655e-05
        max: 0.614270448685
        mean: 0.48596739769
        min: 0.333271503448
        var: 0.00359880970791
    key_strength: 0.651017427444
    tuning_diatonic_strength: 0.52743011713
    tuning_equal_tempered_deviation: 0.114083103836
    tuning_frequency: 443.572570801
    tuning_nontempered_energy_ratio: 0.78345143795
    hpcp:
        dmean: [0.126206427813, 0.115003585815, 0.0731224045157, 0.0610132366419, 0.052877292037, 0.0635095313191, 0.0791328325868, 0.0688317045569, 0.118321351707, 0.13458879292, 0.100763738155, 0.0535439103842, 0.0463532879949, 0.0443766824901, 0.0737027451396, 0.0915343239903, 0.0807474255562, 0.0818350836635, 0.0693880990148, 0.0413636900485, 0.0678653940558, 0.0770526379347, 0.0660222396255, 0.084649309516, 0.0730950012803, 0.0463227964938, 0.0405153259635, 0.0407664105296, 0.0629141181707, 0.137611120939, 0.14138135314, 0.110255025327, 0.0772879868746, 0.0662819370627, 0.0951528847218, 0.140013515949]
        dmean2: [0.210821688175, 0.189059153199, 0.118982233107, 0.0980631113052, 0.0858477130532, 0.10494916141, 0.134697988629, 0.110866211355, 0.192872270942, 0.207821145654, 0.16100910306, 0.0889953821898, 0.079520970583, 0.0694952532649, 0.118749402463, 0.1471093297, 0.130509763956, 0.133755967021, 0.108780495822, 0.069103077054, 0.105230845511, 0.119100756943, 0.102367691696, 0.133404269814, 0.109869860113, 0.0783176720142, 0.0652795210481, 0.0614868588746, 0.105445221066, 0.220904931426, 0.220009028912, 0.189868718386, 0.131157919765, 0.110600620508, 0.171384394169, 0.235782012343]
        dvar: [0.0330583006144, 0.0222630221397, 0.0132176885381, 0.0138148628175, 0.00773298786953, 0.012764653191, 0.019449505955, 0.0148755479604, 0.0258655007929, 0.0311349797994, 0.0222269389778, 0.0110218338668, 0.0094931544736, 0.00583904003724, 0.0142130674794, 0.0181035846472, 0.0144269447774, 0.0212026815861, 0.0123695684597, 0.00373905804008, 0.0108448285609, 0.0148962372914, 0.00926616042852, 0.01364215184, 0.0100469412282, 0.00616719899699, 0.00852590426803, 0.00859907548875, 0.00759268086404, 0.0227186176926, 0.0244495030493, 0.0228849053383, 0.0239123869687, 0.0153771080077, 0.0264298897237, 0.0313218645751]
        dvar2: [0.0691983476281, 0.061560112983, 0.033992305398, 0.0283868070692, 0.017713168636, 0.0347197502851, 0.0467448942363, 0.0309718791395, 0.0615570507944, 0.0616025030613, 0.0553046353161, 0.0290631111711, 0.0257336106151, 0.0148160438985, 0.0327920094132, 0.0444454960525, 0.0380826070905, 0.0450856648386, 0.0266220457852, 0.0107070514932, 0.027086077258, 0.0325790308416, 0.020537039265, 0.0307884011418, 0.0198875181377, 0.0159853938967, 0.0166677646339, 0.0189473927021, 0.0187750682235, 0.0536051541567, 0.0512367971241, 0.0561532825232, 0.0652492493391, 0.0391025468707, 0.0730696842074, 0.087689191103]
        max: [1, 1, 0.981571495533, 1, 0.769502639771, 0.894299209118, 1, 1, 1, 1, 1, 0.790342390537, 0.895408689976, 0.795010685921, 1, 1, 0.915213644505, 1, 1, 0.422360092402, 1, 1, 1, 1, 1, 0.597040653229, 1, 1, 0.789657473564, 1, 1, 1, 1, 0.921768546104, 1, 1]
        mean: [0.416415899992, 0.203590482473, 0.163348168135, 0.217663228512, 0.137526288629, 0.111313380301, 0.145395621657, 0.147894456983, 0.252676010132, 0.319677710533, 0.184744700789, 0.0794101580977, 0.0674887895584, 0.0843306705356, 0.199595868587, 0.21622723341, 0.132000535727, 0.16686783731, 0.139535531402, 0.0633540973067, 0.118711575866, 0.14475569129, 0.115686349571, 0.166617617011, 0.150049209595, 0.0678441077471, 0.0718070939183, 0.074751727283, 0.129093050957, 0.450168609619, 0.507115066051, 0.201692447066, 0.0859101340175, 0.0758668258786, 0.106549322605, 0.331622749567]
        min: [0.00721657788381, 0.00316375307739, 0.00524132465944, 0.00383181381039, 0.00335567700677, 0.00222483580001, 0.00300436117686, 0.00250129215419, 0.00796959828585, 0.00421138852835, 0.00741498731077, 0.00424673734233, 0.00290118483827, 0.00118733698037, 0.00485829263926, 0.0108480192721, 0.00650771195069, 0.00298039545305, 0.00284041650593, 0.00199670274742, 0.000933559495024, 0.000750311650336, 0.00143307656981, 0.00230573443696, 0.00227982131764, 0.00252229697071, 0.000971231085714, 0.00119840505067, 0.00110453378875, 0.0103417588398, 0.0136826541275, 0.00773421861231, 0.0004096958437, 0.000760722556151, 0.0022413157858, 0.00749410735443]
        var: [0.145770087838, 0.0432762354612, 0.0346072465181, 0.102893076837, 0.0290048215538, 0.0176406018436, 0.0371101945639, 0.0544137954712, 0.0531454309821, 0.100082889199, 0.0453639440238, 0.0178915522993, 0.0166136957705, 0.0176660269499, 0.0810822546482, 0.0767606273293, 0.0212175343186, 0.0618404857814, 0.0476022101939, 0.00524337543175, 0.027543887496, 0.0389449559152, 0.0152206700295, 0.0455287732184, 0.0403287112713, 0.00835843849927, 0.0269713979214, 0.0275719631463, 0.0192013029009, 0.114609271288, 0.115754164755, 0.037244964391, 0.0230063404888, 0.0157896466553, 0.0239169597626, 0.0954480022192]
    chords_histogram: [18.5185184479, 0, 0, 2.77777767181, 26.3888893127, 0.462962955236, 0, 2.31481480598, 0, 0, 0, 0, 0, 0, 0, 0, 0, 4.62962961197, 18.9814815521, 4.62962961197, 0, 0, 0, 21.2962970734]
    thpcp: [1, 0.397725224495, 0.169409543276, 0.14960475266, 0.21010877192, 0.653939843178, 0.821146786213, 0.401468008757, 0.322112619877, 0.429218620062, 0.271193444729, 0.219503194094, 0.28671130538, 0.291638851166, 0.49826169014, 0.630384981632, 0.3643052876, 0.156591996551, 0.13308377564, 0.166294947267, 0.393590897322, 0.426386922598, 0.260297000408, 0.329053193331, 0.275155574083, 0.124930419028, 0.234091997147, 0.285449385643, 0.228126436472, 0.328559786081, 0.295887887478, 0.13378444314, 0.141599208117, 0.147405847907, 0.254563629627, 0.887705087662]
    chords_key: "D"
    chords_scale: "major"
    key_key: "C"
    key_scale: "major"
    chords_progression: ["D", "D", "D", "D", "D", "D", "D", "D", "D", "D", "D", "D", "D", "D", "D", "D", "D", "D", "D", "D", "D", "D", "D", "D", "D", "D", "D", "D", "D", "Am", "Am", "Am", "Am", "Am", "Am", "Am", "Am", "Am", "Am", "Am", "Am", "Am", "Am", "Am", "Am", "Am", "Am", "Am", "Am", "Am", "Am", "Am", "Am", "Am", "Am", "Am", "Am", "Am", "Am", "Am", "Am", "Am", "Am", "Am", "Am", "Am", "Am", "Am", "Am", "C", "C", "C", "C", "C", "C", "C", "Am", "Am", "Am", "Am", "Am", "Am", "C", "C", "C", "C", "C", "C", "C", "C", "C", "C", "C", "C", "C", "C", "C", "C", "C", "C", "C", "C", "C", "C", "C", "C", "C", "C", "C", "C", "C", "C", "C", "C", "C", "Cm", "Cm", "Cm", "Cm", "Cm", "Cm", "Cm", "Cm", "Cm", "Cm", "D#", "D#", "D#", "D#", "D#", "D#", "D#", "D#", "D#", "D#", "D#", "D#", "D#", "D#", "D#", "D#", "D#", "D#", "D#", "D#", "D#", "D#", "D#", "D#", "D#", "D#", "Gm", "D#", "D#", "D#", "D#", "D#", "D#", "D#", "D#", "D#", "D#", "D#", "D#", "D#", "D#", "D#", "D", "D", "D", "D", "D", "D", "D", "D", "D", "D", "D", "D", "D", "D", "D", "D", "D", "D", "D", "D", "D", "Bm", "Bm", "Bm", "Bm", "Bm", "Bm", "D", "D", "D", "D", "D", "D", "D", "Gm", "Gm", "Gm", "Gm", "Gm", "Gm", "Gm", "Gm", "Gm", "F#m", "C#m", "C#m", "C#m", "C#m", "C#m"]
