
metadata:
    version:
        essentia: "1.2.2"
    audio_properties:
        analysis_sample_rate: 44100
        bitrate: 128
        channels: 2
        equal_loudness: 1
        length: 10.0571432114
        replay_gain: -10.5092830658
        downmix: "mix"
    tags:
        track: 15
        year: 0
        album: "Splitted by Mp3Splt v. 2.1"
        artist: "From 002.20 To 002.30"
        comment: "http://mp3splt.sf.net"
        genre: ""
        title: "11 Laura.mp3"

highlevel:
    ballroom:
        all:
            ChaChaCha: 0.0312971323729
            Jive: 0.828342556953
            Quickstep: 0.0199229586869
            Rumba-American: 0.00128613540437
            Rumba-International: 0.0021856050007
            Rumba-Misc: 0.00373918074183
            Samba: 0.0308014582843
            Tango: 0.00266054598615
            VienneseWaltz: 0.07487975806
            Waltz: 0.00488464906812
        probability: 0.828342556953
        value: "Jive"
    culture:
        all:
            non_western: 0.0286328215152
            western: 0.971367180347
        probability: 0.971367180347
        value: "western"
    gender:
        all:
            female: 0.200481280684
            male: 0.799518704414
        probability: 0.799518704414
        value: "male"
    genre_dortmund:
        all:
            alternative: 0.25866997242
            blues: 0.00203123153187
            electronic: 0.0321559645236
            folkcountry: 0.0152878798544
            funksoulrnb: 0.00943028088659
            jazz: 0.0126440674067
            pop: 0.0535872094333
            raphiphop: 0.000406488019507
            rock: 0.615786910057
        probability: 0.615786910057
        value: "rock"
    genre_electronica:
        all:
            ambient: 0.340240001678
            dnb: 0.130981996655
            house: 0.0107102226466
            techno: 0.0317621156573
            trance: 0.486305654049
        probability: 0.486305654049
        value: "trance"
    genre_rosamerica:
        all:
            cla: 0.0118920179084
            dan: 0.00831957161427
            hip: 0.00260893953964
            jaz: 0.00100059353281
            pop: 0.00467148190364
            rhy: 0.00121399317868
            roc: 0.969487130642
            spe: 0.000806248572189
        probability: 0.969487130642
        value: "roc"
    genre_tzanetakis:
        all:
            blu: 0.0130066201091
            cla: 0.0563956685364
            cou: 0.14148132503
            dis: 0.0281671136618
            hip: 0.0146730691195
            jaz: 0.0586955845356
            met: 0.372601658106
            pop: 0.0203660521656
            reg: 0.0105062071234
            roc: 0.284106731415
        probability: 0.372601658106
        value: "met"
    live_studio:
        all:
            live: 0.0713194087148
            studio: 0.928680598736
        probability: 0.928680598736
        value: "studio"
    mood:
        all:
            Cluster1: 0.740376651287
            Cluster2: 0.0259419027716
            Cluster3: 0.00590203423053
            Cluster4: 0.0233210008591
            Cluster5: 0.204458415508
        probability: 0.740376651287
        value: "Cluster1"
    mood_acoustic:
        all:
            acoustic: 0.0262659285218
            not_acoustic: 0.973734080791
        probability: 0.973734080791
        value: "not_acoustic"
    mood_aggressive:
        all:
            aggressive: 0.966720819473
            not_aggressive: 0.0332791768014
        probability: 0.966720819473
        value: "aggressive"
    mood_electronic:
        all:
            electronic: 0.164562061429
            not_electronic: 0.835437953472
        probability: 0.835437953472
        value: "not_electronic"
    mood_happy:
        all:
            happy: 0.149009793997
            not_happy: 0.850990235806
        probability: 0.850990235806
        value: "not_happy"
    mood_party:
        all:
            not_party: 0.457735657692
            party: 0.542264342308
        probability: 0.542264342308
        value: "party"
    mood_relaxed:
        all:
            not_relaxed: 0.262716025114
            relaxed: 0.737283945084
        probability: 0.737283945084
        value: "relaxed"
    mood_sad:
        all:
            not_sad: 0.980101644993
            sad: 0.0198983605951
        probability: 0.980101644993
        value: "not_sad"
    rhythm:
        all:
            fast: 0.79480111599
            medium: 0.0834360942245
            slow: 0.121762759984
        probability: 0.79480111599
        value: "fast"
    speech_music:
        all:
            music: 0.677000582218
            speech: 0.322999417782
        probability: 0.677000582218
        value: "music"
    timbre:
        all:
            bright: 0.878213524818
            dark: 0.12178646028
        probability: 0.878213524818
        value: "bright"
    voice_instrumental:
        all:
            instrumental: 0.846012949944
            voice: 0.153987050056
        probability: 0.846012949944
        value: "instrumental"

lowlevel:
    average_loudness: 0.984938919544
    barkbands_kurtosis:
        dmean: 0.369677633047
        dmean2: 0.583898305893
        dvar: 0.138272106647
        dvar2: 0.334613084793
        max: 1.53690767288
        mean: -0.811574399471
        min: -1.69832181931
        var: 0.280742555857
    barkbands_skewness:
        dmean: 0.243899181485
        dmean2: 0.369156807661
        dvar: 0.0383642464876
        dvar2: 0.0952804610133
        max: 0.947243750095
        mean: -0.481341063976
        min: -1.53574037552
        var: 0.15053319931
    barkbands_spread:
        dmean: 4.02811908722
        dmean2: 6.18648958206
        dvar: 12.0851593018
        dvar2: 29.3664531708
        max: 49.6223182678
        mean: 27.7176132202
        min: 12.2634506226
        var: 42.8575401306
    dissonance:
        dmean: 0.0148330461234
        dmean2: 0.0241972897202
        dvar: 0.000529846700374
        dvar2: 0.000673725560773
        max: 0.499637424946
        mean: 0.471392035484
        min: 0.0348770581186
        var: 0.000705551879946
    hfc:
        dmean: 2.55092167854
        dmean2: 4.03745174408
        dvar: 5.64276123047
        dvar2: 13.0902490616
        max: 28.0761566162
        mean: 14.7721614838
        min: 3.32865101882e-06
        var: 11.180472374
    pitch:
        dmean: 1105.90100098
        dmean2: 2129.515625
        dvar: 2018449.125
        dvar2: 4741331.5
        max: 4009.09082031
        mean: 1756.25390625
        min: 73.7458190918
        var: 2622214.75
    pitch_instantaneous_confidence:
        dmean: 0.0612383671105
        dmean2: 0.102491393685
        dvar: 0.00248439097777
        dvar2: 0.00695573911071
        max: 0.622439563274
        mean: 0.319679230452
        min: 0.160967051983
        var: 0.00474713603035
    pitch_salience:
        dmean: 0.038282122463
        dmean2: 0.060855884105
        dvar: 0.00103032193147
        dvar2: 0.00239640916698
        max: 0.973645925522
        mean: 0.681953728199
        min: 0.509892761707
        var: 0.0026610835921
    silence_rate_20dB:
        dmean: 0
        dmean2: 0
        dvar: 0
        dvar2: 0
        max: 1
        mean: 1
        min: 1
        var: 0
    silence_rate_30dB:
        dmean: 0
        dmean2: 0
        dvar: 0
        dvar2: 0
        max: 1
        mean: 1
        min: 1
        var: 0
    silence_rate_60dB:
        dmean: 0.00460829492658
        dmean2: 0.00692840665579
        dvar: 0.00458704167977
        dvar2: 0.00688044214621
        max: 1
        mean: 0.0091954022646
        min: 0
        var: 0.00911092944443
    spectral_centroid:
        dmean: 173.912704468
        dmean2: 271.60369873
        dvar: 18865.171875
        dvar2: 46775.5976562
        max: 2781.54638672
        mean: 2102.71728516
        min: 1397.8067627
        var: 65842.71875
    spectral_complexity:
        dmean: 4.25866031647
        dmean2: 6.55324077606
        dvar: 10.653637886
        dvar2: 23.4091968536
        max: 48
        mean: 29.6152076721
        min: 0
        var: 29.8358135223
    spectral_crest:
        dmean: 1.21850538254
        dmean2: 1.97241461277
        dvar: 1.29763460159
        dvar2: 3.37177324295
        max: 14.8855848312
        mean: 5.43706893921
        min: 3.20502829552
        var: 2.51283812523
    spectral_decrease:
        dmean: 2.5851087937e-10
        dmean2: 3.77863018652e-10
        dvar: 5.19673796456e-20
        dvar2: 1.15388864942e-19
        max: -4.60075209724e-16
        mean: -1.516387238e-09
        min: -2.81281664627e-09
        var: 1.10196665162e-19
    spectral_energy:
        dmean: 0.00117143220268
        dmean2: 0.00173264811747
        dvar: 1.09237191737e-06
        dvar2: 2.42547253038e-06
        max: 0.0131151033565
        mean: 0.00706307170913
        min: 2.03834726875e-09
        var: 2.23309007197e-06
    spectral_energyband_high:
        dmean: 0.000170601240825
        dmean2: 0.00028615508927
        dvar: 3.23134230484e-08
        dvar2: 7.82519578024e-08
        max: 0.0022381239105
        mean: 0.000609028735198
        min: 1.33796446145e-10
        var: 5.90143685031e-08
    spectral_energyband_low:
        dmean: 0.00015380619152
        dmean2: 0.000253814912867
        dvar: 4.57387443475e-08
        dvar2: 1.07079316081e-07
        max: 0.00173881463706
        mean: 0.000242304275162
        min: 5.40068267885e-11
        var: 6.25341272098e-08
    spectral_energyband_middle_high:
        dmean: 0.000911087612621
        dmean2: 0.00142062874511
        dvar: 6.11894336089e-07
        dvar2: 1.47744015067e-06
        max: 0.00910889264196
        mean: 0.00489499047399
        min: 1.06103159592e-09
        var: 1.49671211602e-06
    spectral_energyband_middle_low:
        dmean: 0.000426704995334
        dmean2: 0.00064522883622
        dvar: 1.78330381573e-07
        dvar2: 4.08827304454e-07
        max: 0.00404990511015
        mean: 0.00131675018929
        min: 7.81557707441e-10
        var: 3.94984482455e-07
    spectral_flatness_db:
        dmean: 0.010782442987
        dmean2: 0.0165996123105
        dvar: 8.62174492795e-05
        dvar2: 0.000186791367014
        max: 0.212674409151
        mean: 0.139493510127
        min: 0.0537666231394
        var: 0.00025642151013
    spectral_flux:
        dmean: 0.00562474317849
        dmean2: 0.00827636942267
        dvar: 2.36706982832e-05
        dvar2: 4.79490590806e-05
        max: 0.0733547210693
        mean: 0.048895444721
        min: 4.51480591437e-05
        var: 5.04442978126e-05
    spectral_kurtosis:
        dmean: 0.952996432781
        dmean2: 1.60192668438
        dvar: 0.81247484684
        dvar2: 2.41850304604
        max: 11.5841093063
        mean: 3.45079278946
        min: 1.42936038971
        var: 1.10448610783
    spectral_rms:
        dmean: 0.000220139918383
        dmean2: 0.000316890334943
        dvar: 4.39390213103e-08
        dvar2: 7.8950044724e-08
        max: 0.00357704097405
        mean: 0.00260588619858
        min: 1.41018847444e-06
        var: 1.00149470939e-07
    spectral_rolloff:
        dmean: 162.17036438
        dmean2: 269.613708496
        dvar: 18506.28125
        dvar2: 47866.0820312
        max: 4414.30664062
        mean: 3615.3449707
        min: 2648.58398438
        var: 50396.0507812
    spectral_skewness:
        dmean: 0.130106151104
        dmean2: 0.213310077786
        dvar: 0.0185889489949
        dvar2: 0.0475077107549
        max: 3.03039836884
        mean: 1.23002326488
        min: 0.851100325584
        var: 0.0337001420557
    spectral_spread:
        dmean: 317600.9375
        dmean2: 413003.0625
        dvar: 852544389120
        dvar2: 594960449536
        max: 22116398
        mean: 3859505.25
        min: 2810886
        var: 1.47543503667e+12
    spectral_strongpeak:
        dmean: 0.557814538479
        dmean2: 0.972281992435
        dvar: 0.400747150183
        dvar2: 1.06879603863
        max: 4.03235578537
        mean: 0.989836573601
        min: 2.36113755818e-05
        var: 0.551928937435
    zerocrossingrate:
        dmean: 0.00532824220136
        dmean2: 0.0068167229183
        dvar: 2.88033188554e-05
        dvar2: 4.4725726184e-05
        max: 0.140625
        mean: 0.112958356738
        min: 0.00634765625
        var: 0.000150452644448
    barkbands:
        dmean: [9.77725704843e-08, 5.3379633755e-05, 0.000118542127893, 0.000123767473269, 0.000152731241542, 0.000108181891846, 0.000145319310832, 5.79893094255e-05, 0.000172330692294, 0.000387205422157, 0.00011050181638, 0.000168347352883, 0.000170661805896, 0.000164327429957, 0.000123544363305, 0.00012659157801, 0.000168421727722, 0.000326406938257, 0.000355273863534, 0.000218047222006, 9.72721245489e-05, 1.93741034309e-05, 3.42710291079e-06, 1.22062920127e-06, 5.35472850061e-07, 2.02090113532e-08, 3.25890847641e-09]
        dmean2: [1.54752086701e-07, 8.86863927008e-05, 0.000199004076421, 0.000220079804421, 0.000261903885985, 0.000167641570442, 0.000203765273909, 9.08308284124e-05, 0.000266303366516, 0.000564800633583, 0.000182098767255, 0.000275288475677, 0.000281199143501, 0.000285875110421, 0.000212354032556, 0.000209746780456, 0.000280698557617, 0.000544571201317, 0.000587565009482, 0.0003657406196, 0.00016736939142, 3.11624244205e-05, 5.41958615941e-06, 1.91874960365e-06, 7.30758529244e-07, 2.95918667348e-08, 4.99779106988e-09]
        dvar: [1.95382582726e-14, 6.64101129644e-09, 3.0317963251e-08, 2.16665103636e-08, 6.40749462377e-08, 1.19013607858e-08, 3.58818752488e-08, 3.85934262326e-09, 3.88657106498e-08, 2.22140386086e-07, 2.94856956629e-08, 3.08182208641e-08, 2.70899338517e-08, 4.0570363069e-08, 1.28232766627e-08, 1.113071324e-08, 2.35510881907e-08, 1.1420539181e-07, 8.30648616557e-08, 4.14170351348e-08, 9.22246989887e-09, 4.99087771111e-10, 1.12681921086e-11, 1.79029577621e-12, 3.29478333722e-13, 2.26235194552e-15, 1.8812330708e-15]
        dvar2: [5.00603891836e-14, 1.6439651418e-08, 7.50110444869e-08, 6.21865012818e-08, 1.67564792264e-07, 2.78876761683e-08, 6.60692762722e-08, 8.69950156357e-09, 9.70283124957e-08, 4.4324258397e-07, 7.41326289244e-08, 8.48003907095e-08, 7.22475306247e-08, 1.09046872865e-07, 3.51227207318e-08, 3.1147013857e-08, 6.5136781302e-08, 3.1665135225e-07, 2.18591608814e-07, 1.10947908638e-07, 2.4443490787e-08, 1.2858970555e-09, 2.64164714409e-11, 3.88827858799e-12, 5.92425468491e-13, 5.41971320795e-15, 4.71603381076e-15]
        max: [9.32255602493e-07, 0.000725325371604, 0.00134995824192, 0.00150557118468, 0.00178674596827, 0.000996386399493, 0.00234975246713, 0.00063114106888, 0.0015771050239, 0.00474094366655, 0.00201667612419, 0.00142647011671, 0.00127408432309, 0.0025999143254, 0.000912209798116, 0.000921287690289, 0.00121316348668, 0.00420220941305, 0.0024347724393, 0.00201427657157, 0.000991323846392, 0.000213237872231, 3.02974549413e-05, 1.493452055e-05, 7.52071127863e-06, 6.54009113532e-07, 6.40463611035e-07]
        mean: [1.40489078149e-07, 6.80682205711e-05, 0.000174097032868, 0.000208867961192, 0.000174790431629, 0.000187126686797, 0.000293890858302, 9.99377734843e-05, 0.000287144212052, 0.00077598990174, 0.000187462734175, 0.000277578830719, 0.000293258432066, 0.000284498528345, 0.000249143806286, 0.000270162010565, 0.000407946878113, 0.000841257569846, 0.000998170929961, 0.000644564686809, 0.000272898148978, 5.0364415074e-05, 1.05189537862e-05, 3.7286265524e-06, 1.4309010794e-06, 3.54414311232e-08, 1.71550684769e-09]
        min: [1.46884154145e-11, 2.59782403922e-11, 2.06021866234e-11, 2.1795305144e-11, 5.69970459718e-11, 6.20316714661e-11, 6.82401773977e-11, 1.37588079818e-10, 3.80924403132e-10, 2.96582536308e-10, 1.41908984563e-10, 6.16259127062e-11, 3.4154089279e-11, 4.73888463193e-11, 7.46773060056e-11, 3.81541742644e-11, 4.91718853135e-11, 1.261096505e-10, 2.00186756061e-10, 5.31465566e-11, 7.83217796174e-11, 3.14994176576e-11, 5.40220906203e-12, 3.10268607681e-12, 3.64998049146e-12, 1.99331978874e-12, 1.13591001026e-13]
        var: [2.14270451832e-14, 7.30359861478e-09, 3.75192215074e-08, 2.82778849225e-08, 6.4630107488e-08, 2.12961541735e-08, 1.23623351556e-07, 7.24887883052e-09, 8.65191651656e-08, 6.40894938897e-07, 6.31461176681e-08, 6.36708605839e-08, 4.78387995884e-08, 6.3339896883e-08, 1.967884522e-08, 1.92688229816e-08, 3.79172746534e-08, 1.55737708951e-07, 1.58197806854e-07, 7.71559953705e-08, 1.6302895034e-08, 7.56378182309e-10, 2.63467754558e-11, 5.83810213714e-12, 1.26482700182e-12, 2.05390814863e-15, 9.42368199534e-16]
    mfcc:
        mean: [-661.782592773, 97.3712081909, -71.9861221313, 45.4241371155, -23.0487785339, -3.80775690079, 7.51236343384, 1.76915323734, -4.90826892853, 0.0730147436261, -3.53664255142, -4.93536424637, -5.73670291901]
        cov: [[2414.859375, 31.2276153564, 54.2793235779, 133.013916016, 80.5968093872, 55.764793396, 1.78462874889, -5.47124910355, 17.846036911, -11.8576583862, -62.6692581177, -9.50765419006, 0.174025461078], [31.2276153564, 107.738227844, -14.4565887451, 0.112548545003, -16.741071701, 13.7937164307, 15.429028511, 29.5080013275, 8.09812355042, 6.89721059799, -0.84996598959, 2.34885859489, 5.02044916153], [54.2793235779, -14.4565887451, 173.492858887, 74.9083633423, 59.1322250366, -1.30016648769, 0.876244902611, -14.6527061462, 16.6340370178, 2.94196987152, 6.16987609863, 9.47116279602, -2.52941417694], [133.013916016, 0.112548545003, 74.9083633423, 119.160942078, 65.7340164185, 4.76267671585, -4.72455739975, -21.6261234283, 9.96056556702, 5.70918130875, 10.528588295, 22.931552887, 6.36249113083], [80.5968093872, -16.741071701, 59.1322250366, 65.7340164185, 84.3996582031, 28.5127696991, 6.04328489304, -17.5481433868, 2.39043283463, 4.52034187317, 5.07772922516, 8.71381187439, 5.08358287811], [55.764793396, 13.7937164307, -1.30016648769, 4.76267671585, 28.5127696991, 62.4561576843, 31.3758983612, 17.8854980469, -2.65350818634, -2.58456897736, -6.34643793106, -9.82492828369, 0.39022269845], [1.78462874889, 15.429028511, 0.876244902611, -4.72455739975, 6.04328489304, 31.3758983612, 55.8171081543, 39.4006652832, 6.36510562897, -0.416475087404, -2.50974154472, -4.5386595726, -0.628534793854], [-5.47124910355, 29.5080013275, -14.6527061462, -21.6261234283, -17.5481433868, 17.8854980469, 39.4006652832, 69.9891433716, 22.2038345337, 2.63506817818, -12.6332874298, -13.6030464172, -2.85844635963], [17.846036911, 8.09812355042, 16.6340370178, 9.96056556702, 2.39043283463, -2.65350818634, 6.36510562897, 22.2038345337, 43.9593772888, 19.6852092743, -1.14642083645, -6.17675685883, -4.64834070206], [-11.8576583862, 6.89721059799, 2.94196987152, 5.70918130875, 4.52034187317, -2.58456897736, -0.416475087404, 2.63506817818, 19.6852092743, 43.7670936584, 16.0298061371, 0.71999335289, -4.99432659149], [-62.6692581177, -0.84996598959, 6.16987609863, 10.528588295, 5.07772922516, -6.34643793106, -2.50974154472, -12.6332874298, -1.14642083645, 16.0298061371, 40.1286315918, 23.1763381958, 3.37113666534], [-9.50765419006, 2.34885859489, 9.47116279602, 22.931552887, 8.71381187439, -9.82492828369, -4.5386595726, -13.6030464172, -6.17675685883, 0.71999335289, 23.1763381958, 52.5595970154, 21.0919094086], [0.174025461078, 5.02044916153, -2.52941417694, 6.36249113083, 5.08358287811, 0.39022269845, -0.628534793854, -2.85844635963, -4.64834070206, -4.99432659149, 3.37113666534, 21.0919094086, 35.6624145508]]
        icov: [[0.000482317875139, -9.38338416745e-05, 8.21623980301e-05, -0.000626864784863, 9.44069834077e-05, -0.000458225578768, 0.000131037493702, 0.000166181431268, -0.000137269671541, -0.000125597289298, 0.00104472483508, -0.000226213087444, 0.000135259178933], [-9.38338416745e-05, 0.0121925501153, 3.35543518304e-05, -0.00355619913898, 0.00604423973709, -0.00468526175246, 0.00153254193719, -0.00493815494701, 0.0011429375736, -0.0027932357043, 4.41355659859e-05, -0.00115611380897, -0.00182086916175], [8.21623980301e-05, 3.35543518304e-05, 0.00921555329114, -0.0030783531256, -0.00501041254029, 0.00330829364248, -0.0020626517944, 0.00108305655885, -0.00343895843253, 0.00233528786339, -0.000496037944686, 0.000375705363695, 0.00162967329379], [-0.000626864784863, -0.00355619913898, -0.0030783531256, 0.0205652732402, -0.0144700556993, 0.00451973872259, 8.75683617778e-05, 0.00252331327647, -0.00426802923903, 0.00192617159337, -0.000485491502332, -0.00552926911041, 0.00186285772361], [9.44069834077e-05, 0.00604423973709, -0.00501041254029, -0.0144700556993, 0.0356646776199, -0.0179972089827, -0.00117918930482, 0.00661692861468, -0.00041835164302, -0.00470319297165, 0.00156444997992, 0.000226328324061, -0.00399746000767], [-0.000458225578768, -0.00468526175246, 0.00330829364248, 0.00451973872259, -0.0179972089827, 0.0345419049263, -0.0149483801797, -0.0013095503673, 0.00489274924621, 0.00123642198741, -6.452089292e-05, 0.00637476658449, -0.0010440882761], [0.000131037493702, 0.00153254193719, -0.0020626517944, 8.75683617778e-05, -0.00117918930482, -0.0149483801797, 0.0422633215785, -0.0243723820895, 0.00494342995808, 0.00111159647349, -0.00568921398371, -0.00252684159204, 0.00157697335817], [0.000166181431268, -0.00493815494701, 0.00108305655885, 0.00252331327647, 0.00661692861468, -0.0013095503673, -0.0243723820895, 0.0402906239033, -0.0182117968798, 0.00226425635628, 0.00762531813234, 0.00083554565208, -0.00107969867531], [-0.000137269671541, 0.0011429375736, -0.00343895843253, -0.00426802923903, -0.00041835164302, 0.00489274924621, 0.00494342995808, -0.0182117968798, 0.0424337014556, -0.0185401067138, 0.00399025389925, 0.00257427687757, 2.55888826359e-05], [-0.000125597289298, -0.0027932357043, 0.00233528786339, 0.00192617159337, -0.00470319297165, 0.00123642198741, 0.00111159647349, 0.00226425635628, -0.0185401067138, 0.0386745482683, -0.0185536518693, 0.00480950903147, 0.00298275053501], [0.00104472483508, 4.41355659859e-05, -0.000496037944686, -0.000485491502332, 0.00156444997992, -6.452089292e-05, -0.00568921398371, 0.00762531813234, 0.00399025389925, -0.0185536518693, 0.047822188586, -0.0211746599525, 0.00625329697505], [-0.000226213087444, -0.00115611380897, 0.000375705363695, -0.00552926911041, 0.000226328324061, 0.00637476658449, -0.00252684159204, 0.00083554565208, 0.00257427687757, 0.00480950903147, -0.0211746599525, 0.0399374589324, -0.019512206316], [0.000135259178933, -0.00182086916175, 0.00162967329379, 0.00186285772361, -0.00399746000767, -0.0010440882761, 0.00157697335817, -0.00107969867531, 2.55888826359e-05, 0.00298275053501, 0.00625329697505, -0.019512206316, 0.039972230792]]
    spectral_contrast:
        mean: [-1.39586802561e-07, -1.30219930838e-07, -2.19354365782e-08, -3.16280591051e-07, 1.40771334145e-07, 1.11552701298e-07, 1.76080914116e-06, -1.88757201158e-06, -2.77793355963e-06, -5.65557456866e-07, -6.77693833495e-07, 2.76433706858e-06]
        var: [0.000160600218805, 0.000303074833937, 0.000901256513316, 0.00218079518527, 0.00259172660299, 0.00398888904601, 0.0274599771947, 0.0574005283415, 0.0799014940858, 0.103037856519, 0.17651130259, 1.10071921349]

rhythm:
    beats_loudness:
        dmean: 0.00160459999461
        dmean2: 0.00273205991834
        dvar: 1.04170601389e-06
        dvar2: 3.64608672498e-06
        max: 0.0103834178299
        mean: 0.00777695002034
        min: 0.00587279954925
        var: 1.49576055719e-06
    beats_loudness_bass:
        dmean: 0.0485123805702
        dmean2: 0.0906609967351
        dvar: 0.00194638222456
        dvar2: 0.00510767148808
        max: 0.203544586897
        mean: 0.0788964033127
        min: 0.0340402647853
        var: 0.00188876583707
    bpm: 107.549095154
    bpm_confidence: 0
    first_peak_bpm: 108
    first_peak_spread: 0
    first_peak_weight: 0.9375
    onset_rate: 3.08238625526
    second_peak_bpm: 69
    second_peak_spread: 0
    second_peak_weight: 0.0625
    beats_position: [0.265679806471, 0.823505401611, 1.38133108616, 1.9391566515, 2.49698233604, 3.05480790138, 3.61263346672, 4.17045927048, 4.72828483582, 5.28611040115, 6.15206336975, 6.71003961563, 7.26801633835, 7.8259935379, 8.38396930695, 8.94194602966, 9.49992275238]
    bpm_estimates: [107.672615051, 107.507164001, 107.588180542, 107.478851318, 107.524307251, 107.592735291, 107.472038269, 107.541091919, 107.667861938, 107.51033783, 108.060516357, 107.395805359, 107.458961487, 107.371681213, 107.394248962]
    bpm_intervals: [0.557825565338, 0.557825684547, 0.557825565338, 0.557825684547, 0.557825565338, 0.557825565338, 0.557825803757, 0.557825565338, 0.557825565338, 0.865952968597, 0.55797624588, 0.557976722717, 0.557977199554, 0.557975769043, 0.557976722717, 0.557976722717]
    onset_times: [0.0464399084449, 0.417959183455, 1.09133791924, 1.38158726692, 1.67183673382, 2.06657600403, 2.35682535172, 2.49614500999, 2.7863945961, 3.06503391266, 3.34367346764, 3.77324271202, 4.19120168686, 4.45823144913, 4.73687076569, 5.01551008224, 5.44507932663, 5.87464857101, 6.14167785645, 6.71056699753, 7.40716552734, 7.53487539291, 7.8251247406, 8.09215450287, 8.38240337372, 8.67265319824, 8.8119726181, 9.06739234924, 9.24154186249, 9.50857162476, 9.78721046448]
    rubato_start: []
    rubato_stop: []
    perceptual_tempo: "unknown"

sfx:
    inharmonicity:
        dmean: 0.0776975676417
        dmean2: 0.140579476953
        dvar: 0.00518751749769
        dvar2: 0.0153625328094
        max: 0.458112180233
        mean: 0.0912639349699
        min: 0
        var: 0.0054071280174
    oddtoevenharmonicenergyratio:
        dmean: 2.04766106606
        dmean2: 3.83808040619
        dvar: 13.2711982727
        dvar2: 38.4917068481
        max: 30.1701278687
        mean: 1.61789274216
        min: 0
        var: 8.69340801239
    pitch_after_max_to_before_max_energy_ratio: 0.529329538345
    pitch_centroid: 174.946044922
    pitch_max_to_total: 0.467741936445
    pitch_min_to_total: 0.209677413106
    tristimulus:
        dmean: [0.146038964391, 0.262939691544, 0.184630766511]
        dmean2: [0.259489387274, 0.456078529358, 0.338809609413]
        dvar: [0.0150248976424, 0.0444374904037, 0.0225415565073]
        dvar2: [0.0413139909506, 0.116475664079, 0.0603195615113]
        max: [1, 0.940802752972, 0.743666470051]
        mean: [0.244106903672, 0.478286027908, 0.175195530057]
        min: [0.00103426212445, 0, 0]
        var: [0.0192545633763, 0.0671058520675, 0.0278624109924]

tonal:
    chords_changes_rate: 0.055299539119
    chords_number_rate: 0.0368663594127
    chords_strength:
        dmean: 0.00887684710324
        dmean2: 0.00714070582762
        dvar: 4.4757482101e-05
        dvar2: 3.4647200664e-05
        max: 0.718579649925
        mean: 0.528977453709
        min: 0.261148363352
        var: 0.0158181227744
    key_strength: 0.641834259033
    tuning_diatonic_strength: 0.594866037369
    tuning_equal_tempered_deviation: 0.049935143441
    tuning_frequency: 443.828887939
    tuning_nontempered_energy_ratio: 0.729518353939
    hpcp:
        dmean: [0.167723342776, 0.156871005893, 0.119795329869, 0.0995170176029, 0.0892772749066, 0.126903280616, 0.151030004025, 0.119553603232, 0.0787435919046, 0.0584546327591, 0.0643634796143, 0.113504804671, 0.137934461236, 0.104821145535, 0.115045875311, 0.137201815844, 0.0941651910543, 0.0668182224035, 0.0623950101435, 0.0759624838829, 0.153222903609, 0.202512666583, 0.145327910781, 0.0869880616665, 0.0681339874864, 0.0928745865822, 0.145667776465, 0.166661530733, 0.148139685392, 0.153740003705, 0.148576766253, 0.14221149683, 0.139958515763, 0.165772154927, 0.158368244767, 0.172364443541]
        dmean2: [0.276876181364, 0.253258377314, 0.187410518527, 0.161253988743, 0.153612673283, 0.206117287278, 0.254901438951, 0.203916713595, 0.137605458498, 0.100843727589, 0.109704822302, 0.189172819257, 0.230400398374, 0.183058083057, 0.195876643062, 0.235760465264, 0.162813410163, 0.112378947437, 0.106266640127, 0.129005670547, 0.25231051445, 0.335089504719, 0.251886725426, 0.146440342069, 0.117090977728, 0.150011450052, 0.24044342339, 0.277395635843, 0.24516287446, 0.262669235468, 0.247624397278, 0.226393744349, 0.245396181941, 0.278925985098, 0.268230706453, 0.27962064743]
        dvar: [0.027544952929, 0.0192464143038, 0.0151553256437, 0.0124422172084, 0.0119002973661, 0.0175539217889, 0.023525133729, 0.020856462419, 0.00521616311744, 0.00352892675437, 0.00439300714061, 0.0134859504178, 0.0229415055364, 0.0166438203305, 0.0167244337499, 0.0290843956172, 0.010765065439, 0.00384186813608, 0.00446652108803, 0.00585047574714, 0.0189125984907, 0.0309015884995, 0.0176917966455, 0.00843892246485, 0.00602784659714, 0.0102933691815, 0.0204101819545, 0.0303130149841, 0.0188399944454, 0.0264143496752, 0.0233491752297, 0.0181223973632, 0.0219393931329, 0.0263205487281, 0.0246420782059, 0.0248152967542]
        dvar2: [0.0624239183962, 0.0555241703987, 0.039803057909, 0.0321378782392, 0.0321150571108, 0.0477554947138, 0.0617395304143, 0.0611708760262, 0.0143181290478, 0.00935496203601, 0.0112210065126, 0.0341490209103, 0.0611027218401, 0.0425178483129, 0.0416914448142, 0.0716772451997, 0.0285718832165, 0.0105723468587, 0.0127549627796, 0.0160479005426, 0.0446147546172, 0.0759180486202, 0.0494204722345, 0.02086382173, 0.0139434393495, 0.0284028835595, 0.0512371733785, 0.0797049701214, 0.0539409592748, 0.0727885439992, 0.0487486198545, 0.0415304675698, 0.0640661716461, 0.0715452432632, 0.0679621621966, 0.0684001296759]
        max: [1, 1, 1, 1, 0.901115298271, 1, 1, 1, 0.550413250923, 0.539411127567, 0.507567107677, 0.969060063362, 1, 1, 1, 1, 0.841741025448, 0.533775925636, 0.546354293823, 0.601757705212, 1, 1, 0.929801523685, 0.843942165375, 0.564332842827, 1, 1, 1, 1, 1, 1, 1, 1, 1, 1, 1]
        mean: [0.618462741375, 0.445294886827, 0.248130425811, 0.208629533648, 0.187830045819, 0.259258687496, 0.305965870619, 0.228629738092, 0.162648439407, 0.140345737338, 0.149471715093, 0.233154624701, 0.266821682453, 0.201243877411, 0.23636443913, 0.275321543217, 0.187705442309, 0.132605239749, 0.117207705975, 0.141037553549, 0.354029268026, 0.453967779875, 0.269059985876, 0.149825647473, 0.137697055936, 0.17712675035, 0.330501019955, 0.421880871058, 0.341556966305, 0.33060118556, 0.379098474979, 0.34889408946, 0.414545327425, 0.403648018837, 0.299038439989, 0.454669207335]
        min: [0.042953684926, 0.0437932088971, 0.0280656199902, 0.0252132453024, 0.0328293666244, 0.0267699826509, 0.0290082320571, 0.0298785790801, 0.011593202129, 0.0124717401341, 0.0155837750062, 0.0267641562968, 0.0327145569026, 0.030912835151, 0.0259443335235, 0.0218139085919, 0.0157015509903, 0.0194448586553, 0.0200953539461, 0.0132114756852, 0.0384545996785, 0.0535725541413, 0.0433058477938, 0.014449711889, 0.0120050990954, 0.0106915608048, 0.0192589461803, 0.0290348827839, 0.0352306813002, 0.0326691642404, 0.0294978301972, 0.0387250632048, 0.0335429757833, 0.0184041354805, 0.0411300547421, 0.0341143161058]
        var: [0.103991337121, 0.0576200559735, 0.0285501237959, 0.0210910327733, 0.0186198558658, 0.0370341390371, 0.0517834946513, 0.0301185492426, 0.0104549219832, 0.00812183786184, 0.00860077794641, 0.0221431404352, 0.0364807955921, 0.0261669903994, 0.030307803303, 0.0525629669428, 0.0184649322182, 0.00780777353793, 0.00713646132499, 0.0109548959881, 0.0559897534549, 0.0809985622764, 0.0274696797132, 0.0136448005214, 0.0101583739743, 0.0171055179089, 0.0530968122184, 0.0898517519236, 0.0414367876947, 0.0459692068398, 0.0932883918285, 0.0494911447167, 0.0976034477353, 0.0831903219223, 0.0396777018905, 0.0599944032729]
    chords_histogram: [10.1382484436, 0, 21.6589870453, 0, 0, 0, 0, 0, 0, 0, 0, 0, 5.99078321457, 0, 0, 3.22580647469, 0, 5.0691242218, 0, 1.84331798553, 3.22580647469, 0, 48.8479270935, 0]
    thpcp: [1, 0.720002770424, 0.401205122471, 0.337335646152, 0.303704708815, 0.419198542833, 0.494719982147, 0.369674235582, 0.262988269329, 0.226926743984, 0.241682648659, 0.376990586519, 0.431427240372, 0.32539370656, 0.382180571556, 0.445170789957, 0.303503245115, 0.21441103518, 0.189514577389, 0.228045359254, 0.57243424654, 0.734026074409, 0.4350464046, 0.242254927754, 0.22264406085, 0.286398410797, 0.53439116478, 0.682144343853, 0.552267670631, 0.5345531106, 0.612968981266, 0.564131140709, 0.670283436775, 0.65266340971, 0.483518928289, 0.73516023159]
    chords_key: "D"
    chords_scale: "major"
    key_key: "A"
    key_scale: "major"
    chords_progression: ["Am", "Am", "Dm", "Dm", "Dm", "Dm", "Dm", "Dm", "Dm", "G", "G", "G", "G", "G", "G", "G", "D", "D", "D", "D", "D", "D", "D", "D", "D", "D", "D", "D", "D", "D", "D", "D", "D", "D", "D", "D", "D", "D", "D", "D", "D", "D", "D", "D", "D", "D", "D", "D", "D", "D", "D", "D", "D", "D", "D", "D", "D", "D", "D", "D", "D", "D", "D", "D", "D", "D", "D", "D", "D", "D", "D", "D", "D", "D", "D", "D", "D", "D", "D", "D", "D", "D", "D", "D", "D", "D", "D", "D", "D", "D", "Am", "Am", "Am", "Am", "Am", "Am", "Am", "Am", "Am", "A", "Em", "Em", "Em", "Em", "A", "A", "A", "E", "E", "E", "E", "E", "E", "E", "E", "E", "D#", "D#", "D#", "D#", "D#", "D#", "D#", "D#", "D#", "D#", "D#", "D#", "D#", "E", "E", "E", "E", "E", "E", "E", "E", "E", "E", "E", "E", "E", "E", "E", "E", "E", "E", "E", "E", "E", "E", "E", "E", "E", "E", "E", "E", "E", "E", "E", "E", "E", "E", "E", "E", "E", "E", "A", "A", "A", "A", "A", "A", "A", "A", "A", "A", "A", "A", "A", "A", "A", "A", "A", "A", "D", "D", "D", "D", "D", "D", "D", "D", "D", "D", "D", "D", "D", "D", "D", "D", "D", "D", "D", "D", "D", "D", "D", "D", "D", "D", "D", "D", "D", "D", "D", "D"]
