
metadata:
    version:
        essentia: "1.2.2"
    audio_properties:
        analysis_sample_rate: 44100
        bitrate: 128
        channels: 2
        equal_loudness: 1
        length: 9.87428569794
        replay_gain: -5.85409355164
        downmix: "mix"
    tags:
        track: 25
        year: 0
        album: "Splitted by Mp3Splt v. 2.1"
        artist: "From 004.00 To 004.10"
        comment: "http://mp3splt.sf.net"
        genre: ""
        title: "10 Change.mp3"

highlevel:
    ballroom:
        all:
            ChaChaCha: 0.385579764843
            Jive: 0.0626286119223
            Quickstep: 0.0124877532944
            Rumba-American: 0.00083491083933
            Rumba-International: 0.00432798359543
            Rumba-Misc: 0.00113870366476
            Samba: 0.530005633831
            Tango: 0.00149093847722
            VienneseWaltz: 0.000717770308256
            Waltz: 0.000787911179941
        probability: 0.530005633831
        value: "Samba"
    culture:
        all:
            non_western: 0.204722926021
            western: 0.795277059078
        probability: 0.795277059078
        value: "western"
    gender:
        all:
            female: 0.597117781639
            male: 0.402882218361
        probability: 0.597117781639
        value: "female"
    genre_dortmund:
        all:
            alternative: 0.0150645477697
            blues: 0.0263191498816
            electronic: 0.21099755168
            folkcountry: 0.00967850256711
            funksoulrnb: 0.0425749234855
            jazz: 0.161087051034
            pop: 0.0102775469422
            raphiphop: 0.497687876225
            rock: 0.0263128597289
        probability: 0.497687876225
        value: "raphiphop"
    genre_electronica:
        all:
            ambient: 0.133026957512
            dnb: 0.0954560115933
            house: 0.588019013405
            techno: 0.112664319575
            trance: 0.0708336606622
        probability: 0.588019013405
        value: "house"
    genre_rosamerica:
        all:
            cla: 0.0254290159792
            dan: 0.366280019283
            hip: 0.539005577564
            jaz: 0.00502800103277
            pop: 0.00850785896182
            rhy: 0.0390482284129
            roc: 0.0129933385178
            spe: 0.00370791996829
        probability: 0.539005577564
        value: "hip"
    genre_tzanetakis:
        all:
            blu: 0.00559420185164
            cla: 0.00466658500955
            cou: 0.00460323225707
            dis: 0.294956982136
            hip: 0.0948919579387
            jaz: 0.00736464187503
            met: 0.0198598336428
            pop: 0.215516611934
            reg: 0.314704179764
            roc: 0.0378417670727
        probability: 0.314704179764
        value: "reg"
    live_studio:
        all:
            live: 0.530615389347
            studio: 0.469384640455
        probability: 0.530615389347
        value: "live"
    mood:
        all:
            Cluster1: 0.152525082231
            Cluster2: 0.225094228983
            Cluster3: 0.0357871614397
            Cluster4: 0.125448450446
            Cluster5: 0.461145073175
        probability: 0.461145073175
        value: "Cluster5"
    mood_acoustic:
        all:
            acoustic: 0.0131911188364
            not_acoustic: 0.986808896065
        probability: 0.986808896065
        value: "not_acoustic"
    mood_aggressive:
        all:
            aggressive: 0.0285179428756
            not_aggressive: 0.971482038498
        probability: 0.971482038498
        value: "not_aggressive"
    mood_electronic:
        all:
            electronic: 0.898771703243
            not_electronic: 0.101228311658
        probability: 0.898771703243
        value: "electronic"
    mood_happy:
        all:
            happy: 0.491974234581
            not_happy: 0.508025765419
        probability: 0.508025765419
        value: "not_happy"
    mood_party:
        all:
            not_party: 0.110041119158
            party: 0.88995885849
        probability: 0.88995885849
        value: "party"
    mood_relaxed:
        all:
            not_relaxed: 0.931845605373
            relaxed: 0.0681543722749
        probability: 0.931845605373
        value: "not_relaxed"
    mood_sad:
        all:
            not_sad: 0.889958500862
            sad: 0.110041491687
        probability: 0.889958500862
        value: "not_sad"
    rhythm:
        all:
            fast: 0.566461741924
            medium: 0.390261918306
            slow: 0.0432763546705
        probability: 0.566461741924
        value: "fast"
    speech_music:
        all:
            music: 0.980008602142
            speech: 0.0199913941324
        probability: 0.980008602142
        value: "music"
    timbre:
        all:
            bright: 0.974438428879
            dark: 0.0255615860224
        probability: 0.974438428879
        value: "bright"
    voice_instrumental:
        all:
            instrumental: 0.818392574787
            voice: 0.181607425213
        probability: 0.818392574787
        value: "instrumental"

lowlevel:
    average_loudness: 0.891429364681
    barkbands_kurtosis:
        dmean: 2.38011646271
        dmean2: 4.1024222374
        dvar: 14.1882972717
        dvar2: 38.7167930603
        max: 26.5976600647
        mean: 1.26070332527
        min: -1.90940892696
        var: 18.8401851654
    barkbands_skewness:
        dmean: 0.80102956295
        dmean2: 1.25778281689
        dvar: 0.616052687168
        dvar2: 1.29868400097
        max: 4.72631883621
        mean: 0.343139886856
        min: -3.68584442139
        var: 2.10131382942
    barkbands_spread:
        dmean: 8.14252281189
        dmean2: 13.5890884399
        dvar: 79.4217987061
        dvar2: 192.918960571
        max: 71.5963821411
        mean: 27.667509079
        min: 4.68054533005
        var: 162.953674316
    dissonance:
        dmean: 0.0195569042116
        dmean2: 0.0319492742419
        dvar: 0.000381520396331
        dvar2: 0.00105296925176
        max: 0.498837858438
        mean: 0.464689433575
        min: 0.338276982307
        var: 0.000688279047608
    hfc:
        dmean: 3.73433113098
        dmean2: 5.67162036896
        dvar: 90.7749252319
        dvar2: 207.102676392
        max: 101.670608521
        mean: 4.30494403839
        min: 0.0192953161895
        var: 100.5076828
    pitch:
        dmean: 948.929992676
        dmean2: 1821.98620605
        dvar: 2175089.25
        dvar2: 4310597
        max: 4410
        mean: 1530.54467773
        min: 82.8947372437
        var: 2928212
    pitch_instantaneous_confidence:
        dmean: 0.105435483158
        dmean2: 0.167777001858
        dvar: 0.00977983139455
        dvar2: 0.0220087058842
        max: 0.903130054474
        mean: 0.416630834341
        min: 0.162803053856
        var: 0.0252437703311
    pitch_salience:
        dmean: 0.07973729074
        dmean2: 0.126508310437
        dvar: 0.00564823765308
        dvar2: 0.0132461450994
        max: 0.901345610619
        mean: 0.600511074066
        min: 0.244739919901
        var: 0.0136065194383
    silence_rate_20dB:
        dmean: 0
        dmean2: 0
        dvar: 0
        dvar2: 0
        max: 1
        mean: 1
        min: 1
        var: 0
    silence_rate_30dB:
        dmean: 0
        dmean2: 0
        dvar: 0
        dvar2: 0
        max: 1
        mean: 1
        min: 1
        var: 0
    silence_rate_60dB:
        dmean: 0.108235292137
        dmean2: 0.216981127858
        dvar: 0.0965205058455
        dvar2: 0.179334402084
        max: 1
        mean: 0.788732409477
        min: 0
        var: 0.166633784771
    spectral_centroid:
        dmean: 525.434265137
        dmean2: 844.260375977
        dvar: 317427.34375
        dvar2: 656502.875
        max: 4158.53076172
        mean: 1724.76318359
        min: 175.205535889
        var: 976728.0625
    spectral_complexity:
        dmean: 3.68483424187
        dmean2: 5.67695951462
        dvar: 46.9268035889
        dvar2: 100.565391541
        max: 54
        mean: 5.62647771835
        min: 0
        var: 71.1465301514
    spectral_crest:
        dmean: 2.24546122551
        dmean2: 3.57531785965
        dvar: 4.61918735504
        dvar2: 10.3637180328
        max: 22.6587162018
        mean: 8.11309051514
        min: 2.47166895866
        var: 11.6460227966
    spectral_decrease:
        dmean: 3.94865029563e-10
        dmean2: 6.50144438286e-10
        dvar: 1.03738592116e-18
        dvar2: 2.61180210462e-18
        max: -4.07777154057e-12
        mean: -5.37631161812e-10
        min: -9.75733804864e-09
        var: 1.16707212478e-18
    spectral_energy:
        dmean: 0.00180849025492
        dmean2: 0.00289579760283
        dvar: 2.07179673453e-05
        dvar2: 5.13268714712e-05
        max: 0.0460482388735
        mean: 0.00241961353458
        min: 1.7156742615e-05
        var: 2.30912628467e-05
    spectral_energyband_high:
        dmean: 0.000297841295833
        dmean2: 0.000478225905681
        dvar: 6.21378092092e-07
        dvar2: 1.51590234054e-06
        max: 0.00810403656214
        mean: 0.000295069708955
        min: 1.11194346175e-07
        var: 5.76573768285e-07
    spectral_energyband_low:
        dmean: 0.000399650307372
        dmean2: 0.000695111288223
        dvar: 3.64877473658e-06
        dvar2: 9.89519412542e-06
        max: 0.0229017753154
        mean: 0.000409673317336
        min: 5.61137696309e-08
        var: 3.2121233744e-06
    spectral_energyband_middle_high:
        dmean: 0.000846392649692
        dmean2: 0.00136104202829
        dvar: 6.62534557705e-06
        dvar2: 1.71752217284e-05
        max: 0.0308103617281
        mean: 0.000921126629692
        min: 6.89756006977e-06
        var: 5.80693995289e-06
    spectral_energyband_middle_low:
        dmean: 0.000740534625947
        dmean2: 0.00136108556762
        dvar: 4.19754633185e-06
        dvar2: 1.36287126224e-05
        max: 0.0180829521269
        mean: 0.000793659535702
        min: 3.24793131767e-06
        var: 2.98224745165e-06
    spectral_flatness_db:
        dmean: 0.0215764250606
        dmean2: 0.0324636697769
        dvar: 0.000381188263418
        dvar2: 0.000932663388085
        max: 0.272009432316
        mean: 0.163561210036
        min: 0.0964888781309
        var: 0.00129033555277
    spectral_flux:
        dmean: 0.0126636307687
        dmean2: 0.0191654805094
        dvar: 0.000389399356209
        dvar2: 0.00072796177119
        max: 0.191307842731
        mean: 0.0283217523247
        min: 0.00266555300914
        var: 0.000819032546133
    spectral_kurtosis:
        dmean: 1.80690145493
        dmean2: 2.73296761513
        dvar: 4.4430103302
        dvar2: 10.7806215286
        max: 20.7226676941
        mean: 3.88886022568
        min: -0.0232717990875
        var: 10.651553154
    spectral_rms:
        dmean: 0.000419429969043
        dmean2: 0.000614354154095
        dvar: 4.65058690224e-07
        dvar2: 1.01330306279e-06
        max: 0.00670262007043
        mean: 0.00119516905397
        min: 0.000129376523546
        var: 9.32168518375e-07
    spectral_rolloff:
        dmean: 708.401123047
        dmean2: 1173.68737793
        dvar: 762609.375
        dvar2: 1554879.375
        max: 5813.96484375
        mean: 3023.91479492
        min: 129.19921875
        var: 2490510
    spectral_skewness:
        dmean: 0.288645029068
        dmean2: 0.425034254789
        dvar: 0.0803295597434
        dvar2: 0.160950273275
        max: 3.32857489586
        mean: 1.336358428
        min: 0.0951068550348
        var: 0.32086622715
    spectral_spread:
        dmean: 597159.625
        dmean2: 841930.9375
        dvar: 300726616064
        dvar2: 544092258304
        max: 7274878.5
        mean: 4455249.5
        min: 1951232.875
        var: 1.2702688215e+12
    spectral_strongpeak:
        dmean: 0.358089566231
        dmean2: 0.615614533424
        dvar: 0.617315948009
        dvar2: 1.28511536121
        max: 7.50449323654
        mean: 0.459895402193
        min: 0.00964064989239
        var: 1.13857793808
    zerocrossingrate:
        dmean: 0.0158853400499
        dmean2: 0.0191415529698
        dvar: 0.000224700430408
        dvar2: 0.000279438914731
        max: 0.19140625
        mean: 0.0957677662373
        min: 0.01611328125
        var: 0.00180323317181
    barkbands:
        dmean: [1.0534267858e-06, 0.000147588114487, 0.000262910150923, 0.000249435455771, 0.000277003535302, 7.60649345466e-05, 0.000107932122773, 6.4526560891e-05, 5.74894402234e-05, 2.01201291929e-05, 2.13464300032e-05, 1.51065542013e-05, 4.31524931628e-05, 2.124603634e-05, 4.17629307776e-05, 8.68855131557e-05, 0.000159216768225, 0.000167629215866, 0.000209847858059, 0.000240063440287, 0.000150226536789, 5.20294961461e-05, 1.41906857607e-05, 5.24041797689e-06, 1.32571130962e-06, 4.30662296935e-08, 9.57060125595e-11]
        dmean2: [1.6128203697e-06, 0.000272736157058, 0.000448334409157, 0.000466551311547, 0.000498263048939, 0.000134390153107, 0.00020105978183, 0.000119337986689, 9.32296097744e-05, 3.58754587069e-05, 3.45674670825e-05, 2.56150797213e-05, 7.48604870751e-05, 3.6396086216e-05, 7.21976102795e-05, 0.00016032444546, 0.000238981141592, 0.00029825657839, 0.000333207426593, 0.000376596057322, 0.000244616530836, 8.75890254974e-05, 2.36682153627e-05, 8.47718638397e-06, 2.1964001462e-06, 7.09987304504e-08, 1.77208275831e-10]
        dvar: [1.62702785272e-11, 5.62384400382e-07, 1.54589372414e-06, 9.31840588692e-07, 5.66884068576e-07, 4.32561790831e-08, 1.88238175269e-07, 3.49756881235e-08, 2.5027871331e-08, 1.84578230478e-09, 1.22377541434e-09, 1.31994670749e-09, 3.04123481953e-08, 4.78331729781e-09, 1.96555589582e-08, 1.50878733507e-07, 3.1931972444e-07, 3.9396653051e-07, 4.20953824687e-07, 3.62499747553e-07, 1.46093555031e-07, 2.42080115953e-08, 2.01724748017e-09, 2.37724590013e-10, 1.36170389201e-11, 1.61894881046e-14, 3.52709328516e-20]
        dvar2: [4.00902644415e-11, 1.63156414601e-06, 4.06805702369e-06, 3.03155184156e-06, 1.64921414125e-06, 1.27149291984e-07, 5.56096381388e-07, 1.0383382687e-07, 6.00824066055e-08, 5.17623099938e-09, 3.30894045497e-09, 3.5759137873e-09, 8.47225152256e-08, 1.29801627224e-08, 5.40728457565e-08, 4.37343430804e-07, 7.92015953266e-07, 1.11404403924e-06, 1.03185618627e-06, 8.82290407844e-07, 3.70919480019e-07, 6.36193888681e-08, 5.04711916705e-09, 5.90996862559e-10, 3.36277707069e-11, 4.07478379109e-14, 1.07418146098e-19]
        max: [4.62236857857e-05, 0.00791959371418, 0.0150914490223, 0.0118107562885, 0.00724226562306, 0.00203893752769, 0.00503676291555, 0.00191100512166, 0.00126134371385, 0.000648400629871, 0.000350316200638, 0.000329565460561, 0.00195790827274, 0.000630211085081, 0.00140934973024, 0.00402041198686, 0.00786751694977, 0.00687233125791, 0.00881863478571, 0.00588301802054, 0.00339648104273, 0.00139805616345, 0.000477499648696, 0.000141472555697, 3.61747224815e-05, 9.65332560554e-07, 1.58305224485e-09]
        mean: [1.77843116944e-06, 0.000138920877362, 0.000269060954452, 0.000194388878299, 0.000290114840027, 8.01339629106e-05, 9.49986788328e-05, 5.88064685871e-05, 6.88115032972e-05, 3.02646385535e-05, 2.76525806839e-05, 1.81112045539e-05, 3.88182306779e-05, 2.27980654017e-05, 4.2442636186e-05, 6.62846287014e-05, 0.000180569768418, 0.000135087379022, 0.000198853682377, 0.000255170394666, 0.000140850272146, 4.70476152259e-05, 1.27562825583e-05, 4.58034764961e-06, 1.27851296838e-06, 3.55739828706e-08, 7.51481168959e-11]
        min: [2.51970042053e-11, 3.68414365681e-09, 5.2231081682e-09, 3.89469079209e-09, 3.00230169614e-08, 8.08021880516e-08, 4.17400713104e-07, 3.08027203744e-08, 1.22234681044e-07, 1.77180652372e-07, 2.08788080158e-07, 1.17962905222e-07, 8.12179834497e-08, 8.71015117809e-08, 2.11443165199e-07, 4.39527099161e-07, 4.21402859274e-07, 2.71570058885e-07, 3.59255352578e-07, 1.06884158413e-07, 4.03721536202e-08, 6.5664860216e-09, 6.91362411764e-10, 2.38894237725e-10, 1.09391273817e-10, 4.11288147636e-12, 5.43036125913e-15]
        var: [2.16889058796e-11, 4.36083325894e-07, 1.39272344768e-06, 5.8492946664e-07, 4.24568924018e-07, 3.27080300622e-08, 1.03919425953e-07, 2.08726049777e-08, 3.40328050186e-08, 3.94369736867e-09, 1.20741228127e-09, 1.27549981688e-09, 2.08419521641e-08, 3.82225628925e-09, 1.47197845024e-08, 8.68204068638e-08, 3.36127669698e-07, 2.49794538831e-07, 3.9037871602e-07, 3.85825757121e-07, 1.25358383229e-07, 1.91005984362e-08, 1.67561919895e-09, 2.05266761921e-10, 1.28755114209e-11, 1.34261312056e-14, 2.95842309302e-20]
    mfcc:
        mean: [-798.077819824, 99.9263687134, -45.0129241943, 51.7195892334, -24.7181167603, -8.6662902832, -7.52488136292, -5.91657876968, -5.14670562744, -8.69872570038, -9.02147197723, -3.30200457573, -4.02951860428]
        cov: [[7799.19921875, -2229.28710938, 837.544555664, 421.750549316, 109.184860229, 103.129333496, -108.517829895, -153.899642944, -263.316986084, 117.47102356, 12.5106248856, -98.7236938477, -272.255065918], [-2229.28710938, 2412.35717773, -174.854019165, -79.2343673706, 356.066192627, 128.29876709, 127.89112854, 128.428665161, 172.850189209, 15.7350406647, 25.8769989014, 46.9297447205, -3.39438796043], [837.544555664, -174.854019165, 594.905029297, 170.777587891, 19.4701499939, 121.356513977, 65.985206604, 50.836265564, 8.05572986603, 12.3198881149, -30.79945755, -79.1047363281, -52.5782928467], [421.750549316, -79.2343673706, 170.777587891, 278.129821777, 83.6650772095, 103.57988739, 52.1571311951, 33.3596076965, 22.68110466, 9.88665294647, 19.7614841461, -8.79636859894, 0.856969237328], [109.184860229, 356.066192627, 19.4701499939, 83.6650772095, 234.539962769, 117.953269958, 61.7256278992, 78.2773513794, 62.0094146729, 64.20677948, 40.6377105713, 46.4782371521, 0.315285027027], [103.129333496, 128.29876709, 121.356513977, 103.57988739, 117.953269958, 171.874145508, 90.5608520508, 89.7539672852, 72.3294830322, 53.2359085083, 45.8801879883, 51.2100639343, 41.8764724731], [-108.517829895, 127.89112854, 65.985206604, 52.1571311951, 61.7256278992, 90.5608520508, 107.232688904, 84.4002532959, 55.9271087646, 42.825138092, 37.1090736389, 42.0844802856, 38.8230514526], [-153.899642944, 128.428665161, 50.836265564, 33.3596076965, 78.2773513794, 89.7539672852, 84.4002532959, 142.209991455, 81.5893249512, 69.792175293, 40.2242012024, 48.5720787048, 57.0948600769], [-263.316986084, 172.850189209, 8.05572986603, 22.68110466, 62.0094146729, 72.3294830322, 55.9271087646, 81.5893249512, 107.912559509, 54.637172699, 32.4193763733, 40.5497016907, 52.6872024536], [117.47102356, 15.7350406647, 12.3198881149, 9.88665294647, 64.20677948, 53.2359085083, 42.825138092, 69.792175293, 54.637172699, 113.37436676, 54.14868927, 56.8915634155, 26.7130298615], [12.5106248856, 25.8769989014, -30.79945755, 19.7614841461, 40.6377105713, 45.8801879883, 37.1090736389, 40.2242012024, 32.4193763733, 54.14868927, 86.7340621948, 75.3100891113, 38.2180862427], [-98.7236938477, 46.9297447205, -79.1047363281, -8.79636859894, 46.4782371521, 51.2100639343, 42.0844802856, 48.5720787048, 40.5497016907, 56.8915634155, 75.3100891113, 124.918663025, 65.2119140625], [-272.255065918, -3.39438796043, -52.5782928467, 0.856969237328, 0.315285027027, 41.8764724731, 38.8230514526, 57.0948600769, 52.6872024536, 26.7130298615, 38.2180862427, 65.2119140625, 120.9168396]]
        icov: [[0.000304248736938, 0.000299422506941, -0.000329058239004, -4.23100136686e-05, -0.000663268205244, -8.84886321728e-05, 0.000254771119216, 0.000307790411171, 0.000486699922476, -0.000389187538531, -0.000170618077391, -4.43298231403e-05, 0.0003076500725], [0.000299422506941, 0.00104449258652, -0.000163671254995, 0.000600251194555, -0.00200730212964, 0.000216389322304, -0.000644811836537, 0.000451622734545, -0.00076929962961, 0.000773383828346, -0.000364386796718, 0.000230564488447, 0.000707326340489], [-0.000329058239004, -0.000163671254995, 0.00365613447502, -0.000918621779419, 0.00221880106255, -0.00313673820347, -0.0011680976022, -0.00136867212132, 0.000274119549431, -0.000528024218511, 0.0010209523607, 0.00223055365495, 0.00142421398778], [-4.23100136686e-05, 0.000600251194555, -0.000918621779419, 0.00626413244754, -0.00256467587315, -0.00195838999934, -0.00145599921234, 0.00126020237803, -0.00060877361102, 0.00209762877785, -0.00264950538985, 0.00256880139932, -0.000711000408046], [-0.000663268205244, -0.00200730212964, 0.00221880106255, -0.00256467587315, 0.0128690833226, -0.00620308052748, 0.0020162248984, -0.0034186874982, 0.000213260427699, -0.00299623305909, 0.00183261954226, -0.00175069994293, 0.00344878155738], [-8.84886321728e-05, 0.000216389322304, -0.00313673820347, -0.00195838999934, -0.00620308052748, 0.0200539678335, -0.00673764757812, 0.000165079836734, -0.0046320031397, 0.00223083584569, -0.00113005307503, -0.00342762097716, -0.00265571591444], [0.000254771119216, -0.000644811836537, -0.0011680976022, -0.00145599921234, 0.0020162248984, -0.00673764757812, 0.024457372725, -0.00904478598386, 0.000857160659507, 0.000111142646347, -0.00205140584148, -0.00237733847462, 0.00033676539897], [0.000307790411171, 0.000451622734545, -0.00136867212132, 0.00126020237803, -0.0034186874982, 0.000165079836734, -0.00904478598386, 0.021219111979, -0.00539315398782, -0.00559042161331, 0.000825456110761, 0.00145695719402, -0.00452355621383], [0.000486699922476, -0.00076929962961, 0.000274119549431, -0.00060877361102, 0.000213260427699, -0.0046320031397, 0.000857160659507, -0.00539315398782, 0.0232242178172, -0.00677701691166, 0.000809363438748, 0.00205776817165, -0.00491519272327], [-0.000389187538531, 0.000773383828346, -0.000528024218511, 0.00209762877785, -0.00299623305909, 0.00223083584569, 0.000111142646347, -0.00559042161331, -0.00677701691166, 0.0204313360155, -0.00720717059448, -0.00274083111435, 0.00293556763791], [-0.000170618077391, -0.000364386796718, 0.0010209523607, -0.00264950538985, 0.00183261954226, -0.00113005307503, -0.00205140584148, 0.000825456110761, 0.000809363438748, -0.00720717059448, 0.0291901640594, -0.014159956947, 0.000373870949261], [-4.43298231403e-05, 0.000230564488447, 0.00223055365495, 0.00256880139932, -0.00175069994293, -0.00342762097716, -0.00237733847462, 0.00145695719402, 0.00205776817165, -0.00274083111435, -0.014159956947, 0.0244841668755, -0.00689486088231], [0.0003076500725, 0.000707326340489, 0.00142421398778, -0.000711000408046, 0.00344878155738, -0.00265571591444, 0.00033676539897, -0.00452355621383, -0.00491519272327, 0.00293556763791, 0.000373870949261, -0.00689486088231, 0.0176390875131]]
    spectral_contrast:
        mean: [3.24434921595e-07, 3.12825306992e-07, 3.77707436883e-07, -8.95566856229e-08, -6.4057377358e-07, 1.79236664621e-07, -1.76643925442e-06, 3.96349742005e-06, -4.94944004004e-07, -4.13202496929e-06, -1.81463030913e-06, -1.31834769945e-06]
        var: [0.000334430136718, 0.000686585321091, 0.00141195824835, 0.00184412812814, 0.00499637750909, 0.00608981167898, 0.0372259281576, 0.0924538001418, 0.153882980347, 0.388380885124, 1.15420114994, 4.42975234985]

rhythm:
    beats_loudness:
        dmean: 0.00624531740323
        dmean2: 0.0115355951712
        dvar: 2.82849414361e-05
        dvar2: 6.09355120105e-05
        max: 0.0240044444799
        mean: 0.00820613279939
        min: 0.000605344946962
        var: 4.32380620623e-05
    beats_loudness_bass:
        dmean: 0.257088363171
        dmean2: 0.515215694904
        dvar: 0.0549868308008
        dvar2: 0.109888441861
        max: 0.525487780571
        mean: 0.12756511569
        min: 0.00262462347746
        var: 0.0422375388443
    bpm: 102.070045471
    bpm_confidence: 0
    first_peak_bpm: 102
    first_peak_spread: 0.066666662693
    first_peak_weight: 0.933333337307
    onset_rate: 4.45601844788
    second_peak_bpm: 0
    second_peak_spread: 0
    second_peak_weight: 0
    beats_position: [0.445181936026, 1.03314375877, 1.62110555172, 2.20906734467, 2.79702925682, 3.38499116898, 3.97295284271, 4.56091451645, 5.14887619019, 5.73683786392, 6.33966398239, 6.92737960815, 7.51509475708, 8.10280990601, 8.69052505493, 9.27824020386]
    bpm_estimates: [102.1770401, 102.204956055, 102.222419739, 101.85206604, 102.059288025, 102.094352722, 101.999549866, 101.974487305, 101.919677734, 101.972099304, 102.224365234, 102.125061035, 102.34563446, 102.227935791, 102.149909973, 101.873344421, 102.055908203, 102.148780823, 101.882209778, 101.976799011, 101.985107422]
    bpm_intervals: [0.587961792946, 0.587961792946, 0.587961792946, 0.587961912155, 0.587961912155, 0.587961673737, 0.587961673737, 0.587961673737, 0.587961673737, 0.602826118469, 0.587715625763, 0.587715148926, 0.587715148926, 0.587715148926, 0.587715148926]
    onset_times: [0.0696598663926, 0.139319732785, 0.27863946557, 0.429569154978, 0.719818592072, 1.01006805897, 1.18421769142, 1.32353746891, 1.46285712719, 1.6137868166, 1.90403628349, 2.19428563118, 2.38004541397, 2.62385487556, 2.79800462723, 3.08825397491, 3.28562355042, 3.3785033226, 3.69197273254, 3.81968259811, 3.97061228752, 4.27247142792, 4.56272125244, 4.87619066238, 5.00390005112, 5.16644001007, 5.45668935776, 5.74693870544, 6.04879808426, 6.18811798096, 6.33904743195, 6.91954660416, 7.0936961174, 7.37233543396, 7.53487539291, 7.81351470947, 7.99927425385, 8.103764534, 8.55655288696, 8.70748329163, 9.0093421936, 9.287981987, 9.62467098236, 9.74077129364]
    rubato_start: []
    rubato_stop: []
    perceptual_tempo: "unknown"

sfx:
    inharmonicity:
        dmean: 0.0601697079837
        dmean2: 0.106758065522
        dvar: 0.004802393727
        dvar2: 0.0136347562075
        max: 0.393449753523
        mean: 0.0610106959939
        min: 0.000236803651205
        var: 0.00470827473328
    oddtoevenharmonicenergyratio:
        dmean: 6.06105041504
        dmean2: 11.690703392
        dvar: 823.345031738
        dvar2: 2450.59716797
        max: 339.387145996
        mean: 3.50610780716
        min: 0.000315386598231
        var: 424.32913208
    pitch_after_max_to_before_max_energy_ratio: 13.663107872
    pitch_centroid: 220.358291626
    pitch_max_to_total: 0.0685579180717
    pitch_min_to_total: 0.404255330563
    tristimulus:
        dmean: [0.212794408202, 0.253695100546, 0.155394971371]
        dmean2: [0.361021250486, 0.437879830599, 0.274814099073]
        dvar: [0.0353611372411, 0.0427647233009, 0.0221108514816]
        dvar2: [0.0918012037873, 0.120220169425, 0.0614575333893]
        max: [0.945783555508, 0.963656425476, 0.77767175436]
        mean: [0.357165187597, 0.437493801117, 0.168911263347]
        min: [0.00458429241553, 0, 0]
        var: [0.0628406703472, 0.0623852722347, 0.0271373596042]

tonal:
    chords_changes_rate: 0.0187793429941
    chords_number_rate: 0.00938967149705
    chords_strength:
        dmean: 0.0111768972129
        dmean2: 0.0108039239421
        dvar: 7.05977072357e-05
        dvar2: 8.29897107906e-05
        max: 0.78210246563
        mean: 0.571436703205
        min: 0.331866323948
        var: 0.0122069939971
    key_strength: 0.748726904392
    tuning_diatonic_strength: 0.610218584538
    tuning_equal_tempered_deviation: 0.0718803182244
    tuning_frequency: 438.984558105
    tuning_nontempered_energy_ratio: 0.757715880871
    hpcp:
        dmean: [0.182990685105, 0.202573776245, 0.212642088532, 0.213619917631, 0.186396449804, 0.188680678606, 0.234837219119, 0.240115538239, 0.210761100054, 0.223304107785, 0.169114306569, 0.11065851897, 0.101796023548, 0.103130415082, 0.117205329239, 0.131748393178, 0.122683212161, 0.11751062423, 0.105914868414, 0.108827590942, 0.186741799116, 0.22894397378, 0.170245945454, 0.0926159769297, 0.0905922427773, 0.101999819279, 0.130601465702, 0.149523556232, 0.17099288106, 0.230032861233, 0.253752917051, 0.202592909336, 0.164578095078, 0.142632246017, 0.160733029246, 0.191238641739]
        dmean2: [0.287788957357, 0.331466436386, 0.360765755177, 0.362406611443, 0.323281288147, 0.314842522144, 0.399718046188, 0.428662776947, 0.370014101267, 0.37661844492, 0.281155496836, 0.176706790924, 0.172464266419, 0.175258219242, 0.203900933266, 0.223408862948, 0.212579503655, 0.203778684139, 0.171593874693, 0.174825549126, 0.302285462618, 0.35925501585, 0.290792107582, 0.165499866009, 0.163978800178, 0.178616687655, 0.220497697592, 0.240290269256, 0.289857059717, 0.394456773996, 0.424793154001, 0.346408486366, 0.296727329493, 0.247572019696, 0.287046998739, 0.321721076965]
        dvar: [0.0444788001478, 0.0386455729604, 0.0494069680572, 0.054748121649, 0.0421403087676, 0.0316333286464, 0.0530360341072, 0.0532020181417, 0.0468785762787, 0.0424835644662, 0.0313811115921, 0.019532084465, 0.017788099125, 0.0129292998463, 0.0155389085412, 0.0204887278378, 0.0241027567536, 0.018069954589, 0.0169882345945, 0.0145425563678, 0.0315582044423, 0.047342300415, 0.0352966748178, 0.0145519739017, 0.0202525462955, 0.0188005045056, 0.0251775346696, 0.0296185798943, 0.0342563651502, 0.0714354217052, 0.0827889293432, 0.0570226088166, 0.0430741533637, 0.0327190421522, 0.0440640188754, 0.0514596961439]
        dvar2: [0.09992723912, 0.100171208382, 0.117005966604, 0.130475953221, 0.103546857834, 0.0753385424614, 0.120830520988, 0.142500802875, 0.129224941134, 0.116433307528, 0.0798125788569, 0.0450475141406, 0.0436770841479, 0.0313200540841, 0.0361896790564, 0.0506441369653, 0.0624415762722, 0.0455949157476, 0.0408687330782, 0.0349418967962, 0.0779092162848, 0.108738258481, 0.0778192654252, 0.0406752899289, 0.0591934882104, 0.0500069856644, 0.0601173751056, 0.0673558488488, 0.0923292636871, 0.160682931542, 0.168719619513, 0.157125160098, 0.117138549685, 0.0885819345713, 0.123526059091, 0.147589743137]
        max: [1, 1, 1, 1, 1, 1, 1, 1, 1, 1, 1, 1, 0.840466856956, 0.712508916855, 0.864418625832, 1, 1, 0.933740735054, 1, 0.87136477232, 1, 1, 1, 0.768440663815, 1, 0.703859329224, 1, 1, 1, 1, 1, 1, 1, 1, 1, 1]
        mean: [0.293979734182, 0.283822625875, 0.260136067867, 0.255878955126, 0.234615504742, 0.310552537441, 0.439356774092, 0.353440344334, 0.251883208752, 0.273581326008, 0.215745463967, 0.146367952228, 0.128976166248, 0.132474169135, 0.160473704338, 0.188862487674, 0.171377465129, 0.152184888721, 0.148428946733, 0.146236166358, 0.281053543091, 0.406177043915, 0.264946877956, 0.101065285504, 0.0800101980567, 0.0979041606188, 0.159719124436, 0.212771385908, 0.201198771596, 0.279228627682, 0.34679839015, 0.246294349432, 0.162191271782, 0.150257483125, 0.160844475031, 0.224635630846]
        min: [0.00159159570467, 0.00144812092185, 0.00113223213702, 0.000705646700226, 0.000275876256637, 0.000462126394268, 0.000733267981559, 0.00240071932785, 0.00281981821172, 0.00274203065783, 0.00243113934994, 0.00137936079409, 0.00286694103852, 0.00186623621266, 0.000470097060315, 0.000675114046317, 0.000756320834626, 0.000524139555637, 0.000344857602613, 0.000871800235473, 0.00528868939728, 0.0026032156311, 0.00371544226073, 0.00198281207122, 0.000983617384918, 0.0018203217769, 0.000375367817469, 0.000377896853024, 0.000961441546679, 0.001793471165, 0.0022230821196, 0.000797080283519, 0.000501869246364, 0.000404293328756, 0.00114855810534, 0.00134517904371]
        var: [0.0982227474451, 0.0737759321928, 0.0752503424883, 0.083723783493, 0.0621662326157, 0.0698226615787, 0.123853221536, 0.0861884206533, 0.0531823076308, 0.0619613714516, 0.0481943823397, 0.0289461035281, 0.0220108032227, 0.0198709759861, 0.0239882729948, 0.0361579023302, 0.0365661531687, 0.0252261031419, 0.0361271500587, 0.0258830934763, 0.0502501614392, 0.102924823761, 0.0651298835874, 0.0148941967636, 0.0151314623654, 0.0181905291975, 0.0328443571925, 0.0537638328969, 0.0427484288812, 0.0882003083825, 0.129938855767, 0.0675906762481, 0.0379479788244, 0.0296350289136, 0.0372040756047, 0.0634384378791]
    chords_histogram: [62.9107971191, 0, 0, 0, 0, 0, 0, 0, 0, 0, 0.938967108727, 0, 0, 0, 0, 0, 0, 0, 0, 0, 0, 0, 36.1502342224, 0]
    thpcp: [1, 0.804449498653, 0.573299944401, 0.622686028481, 0.491048455238, 0.333141446114, 0.293556779623, 0.301518440247, 0.365246921778, 0.429861336946, 0.390064477921, 0.346381127834, 0.337832391262, 0.332841485739, 0.639693200588, 0.924481093884, 0.603033542633, 0.230030104518, 0.182107582688, 0.222835212946, 0.363529443741, 0.48427927494, 0.457939386368, 0.635539591312, 0.789332091808, 0.560579359531, 0.369156181812, 0.341994225979, 0.366090804338, 0.511282980442, 0.66911393404, 0.645995795727, 0.592083871365, 0.582394480705, 0.53399771452, 0.706834554672]
    chords_key: "E"
    chords_scale: "minor"
    key_key: "E"
    key_scale: "minor"
    chords_progression: ["Am", "Am", "Am", "Am", "Am", "Am", "Am", "Am", "Am", "Am", "Am", "Am", "Am", "Am", "Am", "Am", "Am", "Am", "Am", "Am", "Am", "Am", "Am", "Am", "Am", "Am", "Am", "Am", "Am", "Am", "Am", "Am", "Am", "Am", "Am", "Am", "Am", "Am", "Am", "Am", "Am", "Am", "Am", "Am", "Am", "Am", "Am", "Am", "Am", "Am", "Am", "Am", "Am", "Am", "Am", "Am", "Em", "Em", "Em", "Em", "Em", "Em", "Em", "Em", "D#m", "D#m", "Em", "Em", "Em", "Em", "Em", "Em", "Em", "Em", "Em", "Em", "Em", "Em", "Em", "Em", "Em", "Em", "Em", "Em", "Em", "Em", "Em", "Em", "Em", "Em", "Em", "Em", "Em", "Em", "Em", "Em", "Em", "Em", "Em", "Em", "Em", "Em", "Em", "Em", "Em", "Em", "Em", "Em", "Em", "Em", "Em", "Em", "Em", "Em", "Em", "Em", "Em", "Em", "Em", "Em", "Em", "Em", "Em", "Em", "Em", "Em", "Em", "Em", "Em", "Em", "Em", "Em", "Em", "Em", "Em", "Em", "Em", "Em", "Em", "Em", "Em", "Em", "Em", "Em", "Em", "Em", "Em", "Em", "Em", "Em", "Em", "Em", "Em", "Em", "Em", "Em", "Em", "Em", "Em", "Em", "Em", "Em", "Em", "Em", "Em", "Em", "Em", "Em", "Em", "Em", "Em", "Em", "Em", "Em", "Em", "Em", "Em", "Em", "Em", "Em", "Em", "Em", "Em", "Em", "Em", "Em", "Em", "Em", "Em", "Em", "Em", "Em", "Am", "Am", "Am", "Am", "Am", "Am", "Am", "Am", "Am", "Am", "Am", "Am", "Am", "Am", "Am", "Am", "Am", "Am", "Am", "Am", "Am"]
