
metadata:
    version:
        essentia: "1.2.2"
    audio_properties:
        analysis_sample_rate: 44100
        bitrate: 128
        channels: 2
        equal_loudness: 1
        length: 9.97877597809
        replay_gain: -11.8116130829
        downmix: "mix"
    tags:
        track: 19
        year: 0
        album: "Splitted by Mp3Splt v. 2.1"
        artist: "From 003.00 To 003.10"
        comment: "http://mp3splt.sf.net"
        genre: ""
        title: "02 welcome to tackletown [prop"

highlevel:
    ballroom:
        all:
            ChaChaCha: 0.284770101309
            Jive: 0.0890695229173
            Quickstep: 0.0327500216663
            Rumba-American: 0.0159203223884
            Rumba-International: 0.15451221168
            Rumba-Misc: 0.101869419217
            Samba: 0.264812350273
            Tango: 0.0214283596724
            VienneseWaltz: 0.0195993222296
            Waltz: 0.0152683835477
        probability: 0.284770101309
        value: "ChaChaCha"
    culture:
        all:
            non_western: 0.329107165337
            western: 0.670892834663
        probability: 0.670892834663
        value: "western"
    gender:
        all:
            female: 0.164808154106
            male: 0.835191845894
        probability: 0.835191845894
        value: "male"
    genre_dortmund:
        all:
            alternative: 0.0784166380763
            blues: 0.0247978232801
            electronic: 0.0959448814392
            folkcountry: 0.0207547731698
            funksoulrnb: 0.114565916359
            jazz: 0.0762197971344
            pop: 0.0469477027655
            raphiphop: 0.275479435921
            rock: 0.266873031855
        probability: 0.275479435921
        value: "raphiphop"
    genre_electronica:
        all:
            ambient: 0.114068642259
            dnb: 0.557258844376
            house: 0.185740441084
            techno: 0.124155335128
            trance: 0.0187767185271
        probability: 0.557258844376
        value: "dnb"
    genre_rosamerica:
        all:
            cla: 0.00985608436167
            dan: 0.178114518523
            hip: 0.400442332029
            jaz: 0.0137192234397
            pop: 0.0638791397214
            rhy: 0.0702621936798
            roc: 0.238650202751
            spe: 0.0250763036311
        probability: 0.400442332029
        value: "hip"
    genre_tzanetakis:
        all:
            blu: 0.00689746718854
            cla: 0.0045766653493
            cou: 0.0109678748995
            dis: 0.0626435130835
            hip: 0.296884536743
            jaz: 0.00376568292268
            met: 0.0124009773135
            pop: 0.241736769676
            reg: 0.266437768936
            roc: 0.093688711524
        probability: 0.296884536743
        value: "hip"
    live_studio:
        all:
            live: 0.042657725513
            studio: 0.957342267036
        probability: 0.957342267036
        value: "studio"
    mood:
        all:
            Cluster1: 0.512516796589
            Cluster2: 0.0829168185592
            Cluster3: 0.11839222908
            Cluster4: 0.0822377279401
            Cluster5: 0.20393641293
        probability: 0.512516796589
        value: "Cluster1"
    mood_acoustic:
        all:
            acoustic: 0.286955446005
            not_acoustic: 0.713044583797
        probability: 0.713044583797
        value: "not_acoustic"
    mood_aggressive:
        all:
            aggressive: 0.44573828578
            not_aggressive: 0.554261744022
        probability: 0.554261744022
        value: "not_aggressive"
    mood_electronic:
        all:
            electronic: 0.886110186577
            not_electronic: 0.113889835775
        probability: 0.886110186577
        value: "electronic"
    mood_happy:
        all:
            happy: 0.114774979651
            not_happy: 0.885224997997
        probability: 0.885224997997
        value: "not_happy"
    mood_party:
        all:
            not_party: 0.541468203068
            party: 0.458531796932
        probability: 0.541468203068
        value: "not_party"
    mood_relaxed:
        all:
            not_relaxed: 0.597911119461
            relaxed: 0.402088850737
        probability: 0.597911119461
        value: "not_relaxed"
    mood_sad:
        all:
            not_sad: 0.756194293499
            sad: 0.243805676699
        probability: 0.756194293499
        value: "not_sad"
    rhythm:
        all:
            fast: 0.31957051158
            medium: 0.619136571884
            slow: 0.0612929537892
        probability: 0.619136571884
        value: "medium"
    speech_music:
        all:
            music: 0.999965071678
            speech: 3.49200818164e-05
        probability: 0.999965071678
        value: "music"
    timbre:
        all:
            bright: 0.000542828813195
            dark: 0.9994571805
        probability: 0.9994571805
        value: "dark"
    voice_instrumental:
        all:
            instrumental: 0.293843507767
            voice: 0.706156492233
        probability: 0.706156492233
        value: "voice"

lowlevel:
    average_loudness: 0.977303445339
    barkbands_kurtosis:
        dmean: 3.56244277954
        dmean2: 5.53559112549
        dvar: 21.974489212
        dvar2: 46.8974189758
        max: 27.5719032288
        mean: 3.41870141029
        min: -1.81518018246
        var: 33.2756843567
    barkbands_skewness:
        dmean: 0.790652632713
        dmean2: 1.15847945213
        dvar: 0.519637107849
        dvar2: 1.01795005798
        max: 4.47693443298
        mean: 1.21834731102
        min: -1.81214904785
        var: 1.44579994678
    barkbands_spread:
        dmean: 7.65146684647
        dmean2: 11.5393362045
        dvar: 76.2427825928
        dvar2: 153.768981934
        max: 65.550567627
        mean: 18.8660373688
        min: 1.23167836666
        var: 249.921569824
    dissonance:
        dmean: 0.0430396571755
        dmean2: 0.065369553864
        dvar: 0.001988154836
        dvar2: 0.00448338640854
        max: 0.499394446611
        mean: 0.410878568888
        min: 0.0736689418554
        var: 0.00660422351211
    hfc:
        dmean: 2.76170825958
        dmean2: 3.9714152813
        dvar: 17.0076313019
        dvar2: 37.2722740173
        max: 28.7685947418
        mean: 3.56838870049
        min: 0.0477080643177
        var: 24.8034534454
    pitch:
        dmean: 776.28326416
        dmean2: 1499.38635254
        dvar: 1861575.75
        dvar2: 4686641.5
        max: 4900
        mean: 947.835266113
        min: 49.4949493408
        var: 2152525.5
    pitch_instantaneous_confidence:
        dmean: 0.107994645834
        dmean2: 0.175534948707
        dvar: 0.0106187518686
        dvar2: 0.022416157648
        max: 0.867783427238
        mean: 0.360061585903
        min: 0.135196864605
        var: 0.0222222879529
    pitch_salience:
        dmean: 0.0781175121665
        dmean2: 0.134285584092
        dvar: 0.00431740004569
        dvar2: 0.011641160585
        max: 0.900598227978
        mean: 0.68216830492
        min: 0.419861644506
        var: 0.00680595403537
    silence_rate_20dB:
        dmean: 0
        dmean2: 0
        dvar: 0
        dvar2: 0
        max: 1
        mean: 1
        min: 1
        var: 0
    silence_rate_30dB:
        dmean: 0
        dmean2: 0
        dvar: 0
        dvar2: 0
        max: 1
        mean: 1
        min: 1
        var: 0
    silence_rate_60dB:
        dmean: 0.213953495026
        dmean2: 0.428904414177
        dvar: 0.168177559972
        dvar2: 0.319537729025
        max: 1
        mean: 0.566125273705
        min: 0
        var: 0.245627313852
    spectral_centroid:
        dmean: 290.993286133
        dmean2: 416.161437988
        dvar: 115340.09375
        dvar2: 237338.28125
        max: 3018.85449219
        mean: 710.024353027
        min: 150.132507324
        var: 294056.3125
    spectral_complexity:
        dmean: 4.61305379868
        dmean2: 6.7406539917
        dvar: 37.416683197
        dvar2: 78.7388076782
        max: 42
        mean: 8.98837184906
        min: 0
        var: 58.5557174683
    spectral_crest:
        dmean: 2.31790685654
        dmean2: 3.91108107567
        dvar: 3.3105404377
        dvar2: 8.76152038574
        max: 16.8048114777
        mean: 8.0497713089
        min: 3.16956090927
        var: 6.5232963562
    spectral_decrease:
        dmean: 4.77168249358e-10
        dmean2: 6.95077495561e-10
        dvar: 3.3899203086e-19
        dvar2: 7.21462484173e-19
        max: -2.40601479712e-11
        mean: -9.09472774868e-10
        min: -4.02558919532e-09
        var: 5.23116102113e-19
    spectral_energy:
        dmean: 0.00203613913618
        dmean2: 0.00294300587848
        dvar: 6.35326387055e-06
        dvar2: 1.35828922794e-05
        max: 0.0172193907201
        mean: 0.00375622115098
        min: 9.51351321419e-05
        var: 9.7789834399e-06
    spectral_energyband_high:
        dmean: 0.000204109790502
        dmean2: 0.000295571080642
        dvar: 1.18851176012e-07
        dvar2: 2.56912301211e-07
        max: 0.00248327082954
        mean: 0.000218212881009
        min: 2.31965846531e-09
        var: 1.59117746534e-07
    spectral_energyband_low:
        dmean: 0.000302078289678
        dmean2: 0.00049020035658
        dvar: 1.60748683697e-07
        dvar2: 4.3021546503e-07
        max: 0.00334079563618
        mean: 0.000628758512903
        min: 5.00446276419e-06
        var: 2.07146001685e-07
    spectral_energyband_middle_high:
        dmean: 0.000792680308223
        dmean2: 0.00119785987772
        dvar: 1.3728453041e-06
        dvar2: 3.05086564367e-06
        max: 0.00714928330854
        mean: 0.000875132565852
        min: 9.25268182073e-07
        var: 1.82712915375e-06
    spectral_energyband_middle_low:
        dmean: 0.00115675653797
        dmean2: 0.00185099756345
        dvar: 2.17668389269e-06
        dvar2: 4.7029138841e-06
        max: 0.00980273354799
        mean: 0.00203405343927
        min: 2.96966500173e-05
        var: 2.89538706966e-06
    spectral_flatness_db:
        dmean: 0.0376402102411
        dmean2: 0.0576154105365
        dvar: 0.00141839974094
        dvar2: 0.00289793265983
        max: 0.516039848328
        mean: 0.233920380473
        min: 0.0863325893879
        var: 0.0114825218916
    spectral_flux:
        dmean: 0.0146851036698
        dmean2: 0.0226693861187
        dvar: 0.000220454952796
        dvar2: 0.000454030086985
        max: 0.108993820846
        mean: 0.0379024893045
        min: 0.0076707447879
        var: 0.000456155306892
    spectral_kurtosis:
        dmean: 25.0188465118
        dmean2: 39.7049369812
        dvar: 2075.63208008
        dvar2: 5241.27783203
        max: 428.850708008
        mean: 49.1706886292
        min: -0.778527736664
        var: 6143.35449219
    spectral_rms:
        dmean: 0.000496261753142
        dmean2: 0.000703533005435
        dvar: 2.54832087876e-07
        dvar2: 4.85140105866e-07
        max: 0.00409870781004
        mean: 0.00177147844806
        min: 0.000304655171931
        var: 5.26472092588e-07
    spectral_rolloff:
        dmean: 704.120483398
        dmean2: 1146.84387207
        dvar: 992207.875
        dvar2: 1992580.125
        max: 4866.50390625
        mean: 1359.34680176
        min: 172.265625
        var: 1828177.625
    spectral_skewness:
        dmean: 1.2457228899
        dmean2: 1.93558776379
        dvar: 2.98731517792
        dvar2: 7.02943372726
        max: 17.5585842133
        mean: 3.99623990059
        min: 0.538617730141
        var: 14.847694397
    spectral_spread:
        dmean: 869116.625
        dmean2: 1287644.875
        dvar: 1.20670597939e+12
        dvar2: 2.42588686746e+12
        max: 15262557
        mean: 3682640.25
        min: 244879.78125
        var: 6.26359114138e+12
    spectral_strongpeak:
        dmean: 0.192939728498
        dmean2: 0.304372042418
        dvar: 0.0971866250038
        dvar2: 0.23081292212
        max: 3.026948452
        mean: 0.251715242863
        min: 0.0111307073385
        var: 0.141776353121
    zerocrossingrate:
        dmean: 0.011570786126
        dmean2: 0.0132839884609
        dvar: 0.000120524593513
        dvar2: 0.000184197095223
        max: 0.1337890625
        mean: 0.0436727851629
        min: 0.00732421875
        var: 0.00084199081175
    barkbands:
        dmean: [1.72940247012e-06, 9.40737736528e-05, 0.000265487498837, 0.000381596997613, 0.000421558448579, 0.000194847831153, 0.000171838342794, 0.000134671921842, 0.00022673694184, 0.000237211555941, 0.000194835389266, 6.60439982312e-05, 3.58771176252e-05, 4.68378457299e-05, 3.53086361429e-05, 4.15721806348e-05, 7.40157265682e-05, 0.000100121353171, 0.000109892367618, 0.000120902506751, 9.72487032413e-05, 4.13085326727e-05, 6.83152848069e-06, 2.61976788352e-06, 1.53813232373e-06, 6.95451873867e-08, 7.36229133214e-10]
        dmean2: [2.65031712843e-06, 0.000150557549205, 0.000436351081589, 0.000644939078484, 0.000706674181856, 0.000308236776618, 0.000269663636573, 0.000219612629735, 0.000360357691534, 0.000376280368073, 0.000325219967635, 0.00011107751925, 5.30982288183e-05, 7.67666278989e-05, 5.82613283768e-05, 6.67965359753e-05, 0.000117624178529, 0.000156889203936, 0.000177452515345, 0.00018342823023, 0.000148858263856, 6.29717906122e-05, 1.0563021533e-05, 3.96931682189e-06, 2.44946113526e-06, 1.04678363755e-07, 9.50848844106e-10]
        dvar: [2.88625351917e-12, 1.09440652096e-08, 1.4992227193e-07, 5.16665579653e-07, 4.65463216415e-07, 1.11076907672e-07, 1.12954296583e-07, 5.94537823417e-08, 1.80066280109e-07, 2.35036509366e-07, 2.29643916327e-07, 1.4960246375e-08, 9.45897049576e-09, 2.96140445499e-08, 6.43183195592e-09, 1.00194821329e-08, 2.43914826115e-08, 4.89362754763e-08, 5.72356562145e-08, 4.59878783943e-08, 3.99555091235e-08, 5.41377831453e-09, 1.87334134316e-10, 2.62063825501e-11, 2.31589313698e-11, 2.74571642142e-14, 8.01041440499e-17]
        dvar2: [6.69817977125e-12, 2.8796279139e-08, 4.16190800934e-07, 1.26794634525e-06, 1.29910642954e-06, 2.88567775897e-07, 2.83726365069e-07, 1.52675255549e-07, 4.32136232575e-07, 4.89578781071e-07, 5.84033216455e-07, 3.94160331041e-08, 1.85079453985e-08, 7.82612374906e-08, 1.58149315865e-08, 2.57019490135e-08, 5.74882790261e-08, 1.1930471544e-07, 1.42679525084e-07, 1.10542274001e-07, 8.97840735092e-08, 1.1981806658e-08, 4.15414702637e-10, 5.61959853651e-11, 6.27543988996e-11, 5.84566981409e-14, 7.76074548808e-17]
        max: [1.40177553476e-05, 0.000795223226305, 0.00323517923243, 0.00507936161011, 0.00489947013557, 0.00344955991022, 0.00454920530319, 0.00227922922932, 0.00386530719697, 0.0033035823144, 0.00370913045481, 0.00118173041847, 0.00168797606602, 0.00197399151511, 0.000626397901215, 0.00112151133362, 0.00116172537673, 0.00181816017721, 0.00150430877693, 0.00170746538788, 0.00167192448862, 0.000475485721836, 9.83858626569e-05, 3.34549258696e-05, 6.45872787572e-05, 1.29076147459e-06, 1.89143392504e-07]
        mean: [4.11412929679e-06, 0.000206567710848, 0.00041814474389, 0.000452194100944, 0.000637403049041, 0.000286668771878, 0.000206632044865, 0.000155743284267, 0.000232141523156, 0.000226118121645, 0.000161816104082, 5.11824291607e-05, 3.75186500605e-05, 3.9460213884e-05, 2.8862083127e-05, 3.86934261769e-05, 7.72520361352e-05, 0.000109437212814, 0.00011068060121, 0.0001177443919, 0.000107159030449, 4.04410930059e-05, 6.50526499157e-06, 2.38415304921e-06, 1.29238810587e-06, 6.86698626851e-08, 7.46226913595e-10]
        min: [2.62103565518e-08, 1.85219528248e-06, 2.86235012936e-06, 1.24461575979e-06, 2.13278190131e-06, 1.31108345158e-06, 7.59911358728e-07, 2.23417544021e-07, 6.79643960666e-07, 4.06296408073e-07, 2.38646407524e-07, 5.27600931832e-08, 2.05858263769e-08, 1.3167717583e-08, 2.39223174603e-09, 1.77062231543e-09, 2.03260519527e-09, 1.34511624061e-09, 5.45755718395e-10, 1.8871080254e-09, 6.64719446153e-10, 3.63804070203e-10, 1.07336972643e-10, 7.62238744345e-11, 6.97937888039e-11, 4.97978437999e-12, 2.67004018721e-12]
        var: [7.42987182195e-12, 1.58944768458e-08, 1.65123211104e-07, 4.83775693283e-07, 4.03411632988e-07, 1.19667916465e-07, 1.09813676374e-07, 6.68634427825e-08, 2.0566766068e-07, 2.70450982498e-07, 1.9234374804e-07, 1.20600454068e-08, 2.0427192382e-08, 2.37165949102e-08, 5.56398527252e-09, 9.61003632227e-09, 3.28912186376e-08, 6.24514200354e-08, 6.49025722055e-08, 5.0275279051e-08, 4.72567549537e-08, 6.67002097998e-09, 2.07634964777e-10, 2.95170242415e-11, 1.63115580071e-11, 3.15329529252e-14, 8.29984490132e-17]
    mfcc:
        mean: [-824.211120605, 190.261108398, -8.3437461853, 57.3905334473, -22.8804092407, 1.97292137146, 4.98688983917, 0.929818451405, 4.0882806778, -6.83252620697, -5.06416416168, -5.67333316803, -5.27530097961]
        cov: [[16735.2304688, -9847.94824219, -1516.36621094, 1045.13916016, -270.148498535, -169.527236938, -887.324829102, -33.7683143616, 148.160873413, -80.5624084473, 81.8712310791, 32.9683990479, -53.0964317322], [-9847.94824219, 7812.16162109, 120.021278381, -1374.18603516, -136.415084839, 5.64395999908, 586.813598633, 120.605926514, -85.6541213989, 58.0199356079, -79.3920059204, -29.9666862488, 51.8735351562], [-1516.36621094, 120.021278381, 991.15637207, 192.849395752, 108.582954407, -62.0631027222, -65.8446121216, -103.054031372, -26.5662021637, -15.7069301605, 8.91721725464, 34.6553115845, 27.7953090668], [1045.13916016, -1374.18603516, 192.849395752, 629.92590332, 103.888893127, 19.6538887024, -143.49281311, -96.9227218628, -26.2675685883, -20.4775123596, 20.5488586426, 44.2652282715, 1.84648275375], [-270.148498535, -136.415084839, 108.582954407, 103.888893127, 247.323776245, -19.9609050751, -9.94057273865, 9.9675283432, -28.6313915253, -9.09093856812, -33.2283096313, -22.3541641235, -11.6704902649], [-169.527236938, 5.64395999908, -62.0631027222, 19.6538887024, -19.9609050751, 192.090103149, 81.0988693237, -36.5453414917, -8.85623455048, -15.8664684296, -0.868578374386, -23.248380661, -16.3676376343], [-887.324829102, 586.813598633, -65.8446121216, -143.49281311, -9.94057273865, 81.0988693237, 235.679718018, 53.9158477783, -31.5184955597, -0.871849954128, -15.0448207855, -59.2825279236, -30.8325614929], [-33.7683143616, 120.605926514, -103.054031372, -96.9227218628, 9.9675283432, -36.5453414917, 53.9158477783, 137.294311523, 29.7585678101, 2.95011711121, -21.8746833801, -29.8561115265, -8.72709083557], [148.160873413, -85.6541213989, -26.5662021637, -26.2675685883, -28.6313915253, -8.85623455048, -31.5184955597, 29.7585678101, 101.355308533, 9.52244186401, -10.443614006, 13.4029903412, 11.1858310699], [-80.5624084473, 58.0199356079, -15.7069301605, -20.4775123596, -9.09093856812, -15.8664684296, -0.871849954128, 2.95011711121, 9.52244186401, 76.0241088867, 26.9467468262, 5.52654600143, 3.37159228325], [81.8712310791, -79.3920059204, 8.91721725464, 20.5488586426, -33.2283096313, -0.868578374386, -15.0448207855, -21.8746833801, -10.443614006, 26.9467468262, 83.202293396, 25.6514892578, 0.955946803093], [32.9683990479, -29.9666862488, 34.6553115845, 44.2652282715, -22.3541641235, -23.248380661, -59.2825279236, -29.8561115265, 13.4029903412, 5.52654600143, 25.6514892578, 85.6735687256, 27.8385868073], [-53.0964317322, 51.8735351562, 27.7953090668, 1.84648275375, -11.6704902649, -16.3676376343, -30.8325614929, -8.72709083557, 11.1858310699, 3.37159228325, 0.955946803093, 27.8385868073, 57.3983345032]]
        icov: [[0.000897551944945, 0.00122815475333, 0.00108990154695, 0.000972514564637, 0.00108041416388, 0.000794179795776, 0.00113109860104, 0.000252920028288, 0.000906823494006, 0.000481847906485, 0.000541955756489, 0.000191185274161, -5.33228921995e-05], [0.00122815475333, 0.00195771851577, 0.00136195379309, 0.00191698805429, 0.00142682599835, 0.00114672339987, 0.00101070501842, 0.000519645342138, 0.00151069439016, 0.000476072047604, 0.00105383968912, -0.000237347165239, -0.000340144586517], [0.00108990154695, 0.00136195379309, 0.00265698740259, 0.000664033985231, 0.000799384259153, 0.00173046719283, 0.00113929982763, 0.00145419547334, 0.000646689790301, 0.00105702062137, 0.000290152354864, 0.000513255945407, -0.000483452924527], [0.000972514564637, 0.00191698805429, 0.000664033985231, 0.00463306764141, 0.000141997385072, 4.94778360007e-05, 0.00160729489289, 0.0010646948358, 0.00202707829885, 0.000518401735462, 0.000812732963823, -0.0014330848353, 2.08306937566e-05], [0.00108041416388, 0.00142682599835, 0.000799384259153, 0.000141997385072, 0.00667279632762, 0.00118266732898, 0.00188762857579, -0.00104677595664, 0.00284738955088, -0.000158291266416, 0.00297319586389, 0.00112917588558, 0.000724308309145], [0.000794179795776, 0.00114672339987, 0.00173046719283, 4.94778360007e-05, 0.00118266732898, 0.0091996062547, -0.00334990257397, 0.00481801806018, -0.00148440827616, 0.00226853764616, -8.28051270219e-05, 0.00164107396267, 1.7114520233e-05], [0.00113109860104, 0.00101070501842, 0.00113929982763, 0.00160729489289, 0.00188762857579, -0.00334990257397, 0.0110513288528, -0.00403318274766, 0.00424479972571, -0.000157356640557, 0.000640482525341, 0.0029492364265, 0.00202218233608], [0.000252920028288, 0.000519645342138, 0.00145419547334, 0.0010646948358, -0.00104677595664, 0.00481801806018, -0.00403318274766, 0.0132445255294, -0.00460664043203, 0.000988641753793, 0.00058384751901, 0.00238180253655, -0.000291032687528], [0.000906823494006, 0.00151069439016, 0.000646689790301, 0.00202707829885, 0.00284738955088, -0.00148440827616, 0.00424479972571, -0.00460664043203, 0.0149348303676, -0.00236035045236, 0.00411783158779, -0.00263709807768, -0.000730820989702], [0.000481847906485, 0.000476072047604, 0.00105702062137, 0.000518401735462, -0.000158291266416, 0.00226853764616, -0.000157356640557, 0.000988641753793, -0.00236035045236, 0.0164896771312, -0.00618098396808, 0.00157790794037, -0.00100353208836], [0.000541955756489, 0.00105383968912, 0.000290152354864, 0.000812732963823, 0.00297319586389, -8.28051270219e-05, 0.000640482525341, 0.00058384751901, 0.00411783158779, -0.00618098396808, 0.0178380999714, -0.00528609426692, 0.00222330144607], [0.000191185274161, -0.000237347165239, 0.000513255945407, -0.0014330848353, 0.00112917588558, 0.00164107396267, 0.0029492364265, 0.00238180253655, -0.00263709807768, 0.00157790794037, -0.00528609426692, 0.0195472538471, -0.00613843649626], [-5.33228921995e-05, -0.000340144586517, -0.000483452924527, 2.08306937566e-05, 0.000724308309145, 1.7114520233e-05, 0.00202218233608, -0.000291032687528, -0.000730820989702, -0.00100353208836, 0.00222330144607, -0.00613843649626, 0.0222493074834]]
    spectral_contrast:
        mean: [-2.02161970719e-07, -4.97672772326e-07, 4.93232789722e-07, 2.45054792458e-07, 7.40899608331e-08, -2.822903582e-07, 2.51725668932e-06, 1.5318394162e-06, 1.66158338288e-06, 8.67732751431e-07, -2.31071953749e-06, -3.75259764951e-06]
        var: [0.000717094400898, 0.00109662383329, 0.00220095762052, 0.0024143748451, 0.0036162706092, 0.00565828289837, 0.0860883817077, 0.13983117044, 0.170933574438, 0.319282859564, 1.32883703709, 8.48162269592]

rhythm:
    beats_loudness:
        dmean: 0.00403171172366
        dmean2: 0.00757592497393
        dvar: 8.98926646187e-06
        dvar2: 2.42802270805e-05
        max: 0.0132688349113
        mean: 0.00594611791894
        min: 0.00105009588879
        var: 1.21606099128e-05
    beats_loudness_bass:
        dmean: 0.26930564642
        dmean2: 0.513153553009
        dvar: 0.0293809045106
        dvar2: 0.0805696547031
        max: 0.632220506668
        mean: 0.311199337244
        min: 0.0293105822057
        var: 0.0350058488548
    bpm: 124.559051514
    bpm_confidence: 0
    first_peak_bpm: 124
    first_peak_spread: 0
    first_peak_weight: 0.947368383408
    onset_rate: 6.91467618942
    second_peak_bpm: 98
    second_peak_spread: 0
    second_peak_weight: 0.0526315793395
    beats_position: [0.420855343342, 0.903092682362, 1.38532996178, 1.8675673008, 2.34980463982, 2.83204174042, 3.31427931786, 3.79651665688, 4.27875423431, 4.76099157333, 5.24322891235, 5.72546672821, 6.33743953705, 6.81889867783, 7.30035686493, 7.78181600571, 8.26327514648, 8.74473381042, 9.22619247437, 9.70765113831]
    bpm_estimates: [124.183868408, 123.569114685, 124.841407776, 124.88848114, 124.627311707, 124.688072205, 124.606521606, 124.721763611, 124.510574341, 124.765342712, 124.440132141, 124.497367859, 124.685821533, 124.70929718, 124.555381775, 124.654243469]
    bpm_intervals: [0.48223733902, 0.482237279415, 0.48223733902, 0.48223733902, 0.482237100601, 0.482237577438, 0.48223733902, 0.482237577438, 0.48223733902, 0.48223733902, 0.482237815857, 0.611972808838, 0.481459140778, 0.481458187103, 0.481459140778, 0.481459140778, 0.48145866394, 0.48145866394, 0.48145866394]
    onset_times: [0.0464399084449, 0.197369620204, 0.290249437094, 0.383129239082, 0.684988677502, 0.766258478165, 1.01006805897, 1.13777780533, 1.25387752056, 1.369977355, 1.49768710136, 1.62539684772, 1.71827661991, 1.86920630932, 1.98530614376, 2.12462592125, 2.24072551727, 2.33360552788, 2.47292518616, 2.5890250206, 2.69351482391, 2.83283448219, 2.94893431664, 3.07664394379, 3.19274377823, 3.3785033226, 3.45977330208, 3.69197273254, 3.9125623703, 4.1679816246, 4.26086187363, 4.56272125244, 4.63238096237, 4.88780021667, 5.0387301445, 5.13160991669, 5.24770975113, 5.3754196167, 5.59600925446, 5.83981847763, 6.07201814651, 6.19972801208, 6.32743787766, 6.45514726639, 6.58285713196, 6.68734693527, 6.81505680084, 7.04725646973, 7.17496585846, 7.2910656929, 7.4303855896, 7.53487539291, 7.66258525848, 7.79029464722, 8.01088428497, 8.13859367371, 8.26630401611, 8.40562343597, 8.51011371613, 8.62621307373, 8.75392246246, 8.98612213135, 9.10222244263, 9.22993183136, 9.36925125122, 9.47374153137, 9.6014509201, 9.72916126251, 9.94975090027]
    rubato_start: []
    rubato_stop: []
    perceptual_tempo: "unknown"

sfx:
    inharmonicity:
        dmean: 0.0309301484376
        dmean2: 0.0542850270867
        dvar: 0.00167174416129
        dvar2: 0.00469800364226
        max: 0.310833603144
        mean: 0.0270769260824
        min: 0
        var: 0.00173736934084
    oddtoevenharmonicenergyratio:
        dmean: 4.16322088242
        dmean2: 8.2208442688
        dvar: 1529.66918945
        dvar2: 4587.63525391
        max: 571.134765625
        mean: 2.20655655861
        min: 0
        var: 768.843139648
    pitch_after_max_to_before_max_energy_ratio: 29.5063877106
    pitch_centroid: 304.626983643
    pitch_max_to_total: 0.337209314108
    pitch_min_to_total: 0.130232557654
    tristimulus:
        dmean: [0.251037061214, 0.235771879554, 0.0846540033817]
        dmean2: [0.435610055923, 0.403485953808, 0.149236559868]
        dvar: [0.0419144630432, 0.0397534146905, 0.0134957879782]
        dvar2: [0.105941452086, 0.107382819057, 0.0392332524061]
        max: [1, 0.989173054695, 0.609233081341]
        mean: [0.596767902374, 0.296313166618, 0.0782808884978]
        min: [0.010826936923, 0, 0]
        var: [0.0761793702841, 0.0568142458797, 0.0146038644016]

tonal:
    chords_changes_rate: 0.050925925374
    chords_number_rate: 0.0277777779847
    chords_strength:
        dmean: 0.0132864043117
        dmean2: 0.0175366550684
        dvar: 0.000121395409224
        dvar2: 0.000205361779081
        max: 0.61863720417
        mean: 0.46687617898
        min: 0.293365776539
        var: 0.00512479292229
    key_strength: 0.550346195698
    tuning_diatonic_strength: 0.520948827267
    tuning_equal_tempered_deviation: 0.14957511425
    tuning_frequency: 436.708374023
    tuning_nontempered_energy_ratio: 0.831525981426
    hpcp:
        dmean: [0.195520043373, 0.157749980688, 0.174332022667, 0.19101780653, 0.147220283747, 0.17451544106, 0.215130388737, 0.186066433787, 0.165234476328, 0.148492679, 0.163710698485, 0.158764258027, 0.14510089159, 0.182558014989, 0.183576360345, 0.175473630428, 0.181980475783, 0.193733796477, 0.209040105343, 0.180552259088, 0.189093783498, 0.19915138185, 0.180805787444, 0.143887326121, 0.147828698158, 0.153362154961, 0.160992220044, 0.174486011267, 0.175324320793, 0.209161832929, 0.267285048962, 0.25397464633, 0.203963860869, 0.214461609721, 0.194796696305, 0.200044050813]
        dmean2: [0.325573086739, 0.260142207146, 0.299858748913, 0.330522745848, 0.262468039989, 0.290141552687, 0.374115735292, 0.325545579195, 0.279022783041, 0.243415251374, 0.28922650218, 0.277832597494, 0.257314562798, 0.323169916868, 0.313549876213, 0.308722496033, 0.31841430068, 0.347017407417, 0.373224109411, 0.314047127962, 0.32954236865, 0.346215009689, 0.302103310823, 0.241769403219, 0.267048448324, 0.261371642351, 0.249850526452, 0.293914020061, 0.30922755599, 0.346633672714, 0.440928459167, 0.439693570137, 0.361053615808, 0.368958026171, 0.334032177925, 0.341902703047]
        dvar: [0.0586675070226, 0.032246325165, 0.0483835563064, 0.062071993947, 0.0375819168985, 0.0320414528251, 0.0471203029156, 0.035143494606, 0.0448637008667, 0.0247194040567, 0.0344781130552, 0.0513556823134, 0.0440083704889, 0.0513448007405, 0.0448528341949, 0.049735698849, 0.0399593785405, 0.0522382967174, 0.0683915913105, 0.0423596613109, 0.0546777583659, 0.0689131990075, 0.0452268198133, 0.0344617366791, 0.0462873801589, 0.0392799377441, 0.0384272523224, 0.041848435998, 0.0405244119465, 0.0453228354454, 0.0737616792321, 0.0736547783017, 0.0534325949848, 0.0569118969142, 0.0513029806316, 0.040285717696]
        dvar2: [0.110437385738, 0.0704172626138, 0.125196665525, 0.16272893548, 0.100848741829, 0.084844134748, 0.126647844911, 0.100989811122, 0.0990965664387, 0.0428587049246, 0.0910188257694, 0.13823312521, 0.122385844588, 0.145463228226, 0.11903885752, 0.121138133109, 0.107375204563, 0.146791473031, 0.171428859234, 0.113091155887, 0.143950879574, 0.164710655808, 0.115342862904, 0.0877451151609, 0.129578605294, 0.105695456266, 0.0954323410988, 0.118585593998, 0.112275205553, 0.116637334228, 0.158379778266, 0.172974303365, 0.137806132436, 0.140967324376, 0.132277771831, 0.113671608269]
        max: [1, 1, 1, 1, 1, 1, 1, 1, 1, 1, 1, 1, 1, 1, 1, 1, 1, 1, 1, 0.983976006508, 1, 1, 1, 1, 1, 1, 1, 1, 1, 1, 1, 1, 1, 1, 1, 1]
        mean: [0.268742024899, 0.199875637889, 0.153258442879, 0.160230919719, 0.133493810892, 0.198642149568, 0.262990444899, 0.208825871348, 0.19822396338, 0.193773493171, 0.156523168087, 0.142121478915, 0.131962910295, 0.159741342068, 0.183629870415, 0.197461113334, 0.188741371036, 0.196444541216, 0.226887762547, 0.184483528137, 0.164624631405, 0.188363090158, 0.173490062356, 0.146256670356, 0.121716454625, 0.127392917871, 0.168336421251, 0.17900262773, 0.163641870022, 0.245961666107, 0.371659338474, 0.316718906164, 0.222260400653, 0.243957802653, 0.223205909133, 0.224135220051]
        min: [0.000694878166541, 0, 0, 0, 0, 0, 0.000376443873392, 0.00100258062594, 0.000382410857128, 0.000493173487484, 0, 0.000227104901569, 4.18482013629e-05, 0.000169628401636, 0.000538161082659, 0.000796382664703, 0.000316135061439, 0.000195293570869, 0.000283126340946, 0.000263701775111, 0.000209068777622, 2.63825404545e-05, 0.000252980535151, 0.000101321980765, 9.45157516981e-05, 0.00035485564149, 0.000726802914869, 0.000118000061775, 0.000212774029933, 0.000338964979164, 0.000383531587431, 0.000336914003128, 7.05338025e-05, 3.24155371345e-05, 0.000541293004062, 0.00117867521476]
        var: [0.105587802827, 0.0482106991112, 0.0436904132366, 0.0562505498528, 0.0315531641245, 0.0495673157275, 0.0753148719668, 0.0413542725146, 0.0743478164077, 0.064511962235, 0.0321776717901, 0.0427982844412, 0.0359775647521, 0.0439889356494, 0.0516716577113, 0.0614148415625, 0.0447556637228, 0.0501867495477, 0.0901063755155, 0.0487626381218, 0.0556497834623, 0.0795997232199, 0.0473861545324, 0.0398799441755, 0.0350401215255, 0.0348559878767, 0.0506070144475, 0.0539347007871, 0.0439854674041, 0.0589353814721, 0.133720591664, 0.110096223652, 0.0575300902128, 0.0808525383472, 0.0764728859067, 0.0501756630838]
    chords_histogram: [31.4814815521, 0, 0, 0, 0, 0, 0, 2.31481480598, 0, 38.4259262085, 7.87037038803, 0, 12.5, 0, 0, 0, 0, 7.40740728378, 0, 0, 0, 0, 0, 0]
    thpcp: [1, 0.852175295353, 0.598021864891, 0.656401634216, 0.600565850735, 0.603066265583, 0.723086953163, 0.537792563438, 0.41236269474, 0.431123077869, 0.359183251858, 0.534473717213, 0.707611560822, 0.561874389648, 0.533348560333, 0.521373927593, 0.421146869659, 0.382397174835, 0.355064153671, 0.42980581522, 0.494081139565, 0.531295955181, 0.5078343153, 0.528560757637, 0.610472381115, 0.496378034353, 0.442944973707, 0.506816506386, 0.466798603535, 0.393523454666, 0.327494680882, 0.342767983675, 0.452932029963, 0.481630921364, 0.440300703049, 0.661793291569]
    chords_key: "G"
    chords_scale: "major"
    key_key: "C"
    key_scale: "minor"
    chords_progression: ["F#m", "F#m", "F#m", "F#m", "F#m", "F#m", "F#m", "F#m", "F#m", "F#m", "F#m", "F#m", "F#m", "F#m", "F#m", "F#m", "F#m", "F#m", "F#m", "F#m", "F#m", "F#m", "F#m", "F#m", "F#m", "F#m", "F#m", "Cm", "Cm", "Cm", "Cm", "Cm", "Cm", "Cm", "Cm", "Cm", "Cm", "Cm", "Cm", "Cm", "Cm", "G", "G", "Bm", "Cm", "G", "Bm", "Bm", "Bm", "Bm", "Bm", "Bm", "Bm", "Bm", "Bm", "Bm", "Bm", "Bm", "Bm", "Bm", "Bm", "Bm", "B", "B", "B", "B", "B", "B", "B", "B", "B", "B", "B", "B", "B", "B", "B", "B", "Cm", "Cm", "Cm", "Cm", "Cm", "Cm", "Cm", "Cm", "Cm", "Cm", "Cm", "Cm", "Cm", "Cm", "Cm", "Cm", "Cm", "Cm", "Cm", "Cm", "Cm", "Cm", "Cm", "Cm", "Cm", "Cm", "Cm", "Cm", "Cm", "Cm", "Cm", "Cm", "Cm", "Cm", "Cm", "Cm", "Cm", "Cm", "Cm", "C", "C", "C", "C", "C", "Cm", "Cm", "Cm", "Cm", "Cm", "Cm", "Cm", "Cm", "Cm", "Cm", "Cm", "Cm", "Cm", "Cm", "G", "G", "G", "G", "G", "G", "G", "G", "G", "G", "G", "G", "G", "G", "G", "G", "G", "G", "G", "G", "G", "G", "G", "G", "G", "G", "G", "G", "G", "G", "G", "G", "G", "G", "G", "G", "G", "G", "G", "G", "G", "G", "G", "G", "G", "G", "G", "G", "G", "G", "G", "G", "G", "G", "G", "G", "G", "G", "G", "G", "G", "G", "G", "G", "G", "G", "G", "G", "G", "G", "G", "G", "G", "G", "G", "G", "G", "G", "G", "G"]
