
metadata:
    version:
        essentia: "1.2.2"
    audio_properties:
        analysis_sample_rate: 44100
        bitrate: 128
        channels: 2
        equal_loudness: 1
        length: 10.0310201645
        replay_gain: -9.55195426941
        downmix: "mix"
    tags:
        track: 23
        year: 0
        album: "Splitted by Mp3Splt v. 2.1"
        artist: "From 003.40 To 003.50"
        comment: "http://mp3splt.sf.net"
        genre: ""
        title: "07 Blooded and Blossom-Blown.m"

highlevel:
    ballroom:
        all:
            ChaChaCha: 0.00470753200352
            Jive: 0.00911249127239
            Quickstep: 0.0307507105172
            Rumba-American: 0.00456335023046
            Rumba-International: 0.102135278285
            Rumba-Misc: 0.0546634346247
            Samba: 0.00537732243538
            Tango: 0.0312881283462
            VienneseWaltz: 0.277511179447
            Waltz: 0.479890584946
        probability: 0.479890584946
        value: "Waltz"
    culture:
        all:
            non_western: 0.0399133972824
            western: 0.960086584091
        probability: 0.960086584091
        value: "western"
    gender:
        all:
            female: 0.808695077896
            male: 0.191304892302
        probability: 0.808695077896
        value: "female"
    genre_dortmund:
        all:
            alternative: 0.481077283621
            blues: 0.00538679445162
            electronic: 0.159092649817
            folkcountry: 0.0760071948171
            funksoulrnb: 0.0114404503256
            jazz: 0.043010391295
            pop: 0.0769816786051
            raphiphop: 0.00160429510288
            rock: 0.145399272442
        probability: 0.481077283621
        value: "alternative"
    genre_electronica:
        all:
            ambient: 0.932631850243
            dnb: 0.00363739649765
            house: 0.000640965532511
            techno: 0.000617509882431
            trance: 0.0624722726643
        probability: 0.932631850243
        value: "ambient"
    genre_rosamerica:
        all:
            cla: 0.529568374157
            dan: 0.0231759790331
            hip: 0.00639933068305
            jaz: 0.063829369843
            pop: 0.0459232367575
            rhy: 0.0121940607205
            roc: 0.312266558409
            spe: 0.00664312625304
        probability: 0.529568374157
        value: "cla"
    genre_tzanetakis:
        all:
            blu: 0.0129411928356
            cla: 0.798216998577
            cou: 0.0257442295551
            dis: 0.00974394660443
            hip: 0.00465431483462
            jaz: 0.0544090047479
            met: 0.0330690667033
            pop: 0.0194622017443
            reg: 0.011215692386
            roc: 0.0305433664471
        probability: 0.798216998577
        value: "cla"
    live_studio:
        all:
            live: 0.401327997446
            studio: 0.598672032356
        probability: 0.598672032356
        value: "studio"
    mood:
        all:
            Cluster1: 0.272042989731
            Cluster2: 0.0712809935212
            Cluster3: 0.431914389133
            Cluster4: 0.0518589355052
            Cluster5: 0.172902688384
        probability: 0.431914389133
        value: "Cluster3"
    mood_acoustic:
        all:
            acoustic: 0.316569536924
            not_acoustic: 0.683430492878
        probability: 0.683430492878
        value: "not_acoustic"
    mood_aggressive:
        all:
            aggressive: 0.300770282745
            not_aggressive: 0.699229717255
        probability: 0.699229717255
        value: "not_aggressive"
    mood_electronic:
        all:
            electronic: 0.640284836292
            not_electronic: 0.359715163708
        probability: 0.640284836292
        value: "electronic"
    mood_happy:
        all:
            happy: 0.274815708399
            not_happy: 0.725184261799
        probability: 0.725184261799
        value: "not_happy"
    mood_party:
        all:
            not_party: 0.930851519108
            party: 0.0691484957933
        probability: 0.930851519108
        value: "not_party"
    mood_relaxed:
        all:
            not_relaxed: 0.0524179823697
            relaxed: 0.947582006454
        probability: 0.947582006454
        value: "relaxed"
    mood_sad:
        all:
            not_sad: 0.122590102255
            sad: 0.877409875393
        probability: 0.877409875393
        value: "sad"
    rhythm:
        all:
            fast: 0.00830424297601
            medium: 0.379873603582
            slow: 0.611822128296
        probability: 0.611822128296
        value: "slow"
    speech_music:
        all:
            music: 0.98300153017
            speech: 0.0169984418899
        probability: 0.98300153017
        value: "music"
    timbre:
        all:
            bright: 0.381177932024
            dark: 0.618822038174
        probability: 0.618822038174
        value: "dark"
    voice_instrumental:
        all:
            instrumental: 0.950597167015
            voice: 0.0494028143585
        probability: 0.950597167015
        value: "instrumental"

lowlevel:
    average_loudness: 0.894136369228
    barkbands_kurtosis:
        dmean: 1.20703923702
        dmean2: 2.0168402195
        dvar: 1.38697624207
        dvar2: 3.46142911911
        max: 25.0143585205
        mean: 1.48525393009
        min: -1.52433943748
        var: 10.6064348221
    barkbands_skewness:
        dmean: 0.335417121649
        dmean2: 0.560639083385
        dvar: 0.0620396435261
        dvar2: 0.170068472624
        max: 4.77033090591
        mean: 1.39584958553
        min: -0.0714773982763
        var: 0.523222208023
    barkbands_spread:
        dmean: 2.97440624237
        dmean2: 4.9375243187
        dvar: 5.28297424316
        dvar2: 13.9519042969
        max: 32.8432121277
        mean: 18.0043506622
        min: 4.69853544235
        var: 26.0625762939
    dissonance:
        dmean: 0.0192077662796
        dmean2: 0.0314338766038
        dvar: 0.000264871894615
        dvar2: 0.000721382151823
        max: 0.498010784388
        mean: 0.445818811655
        min: 0.34692043066
        var: 0.000720845244359
    hfc:
        dmean: 0.476941198111
        dmean2: 0.775954723358
        dvar: 0.166384503245
        dvar2: 0.438257455826
        max: 6.44027900696
        mean: 3.21821546555
        min: 1.4775788784
        var: 0.725401341915
    pitch:
        dmean: 68.3115386963
        dmean2: 127.461029053
        dvar: 39323.0429688
        dvar2: 106098.320312
        max: 3150
        mean: 200.044876099
        min: 77.6408462524
        var: 28105.6210938
    pitch_instantaneous_confidence:
        dmean: 0.0605647042394
        dmean2: 0.102459192276
        dvar: 0.0024791280739
        dvar2: 0.00685638189316
        max: 0.714933931828
        mean: 0.430013716221
        min: 0.169083237648
        var: 0.0131840538234
    pitch_salience:
        dmean: 0.0499039664865
        dmean2: 0.0825822800398
        dvar: 0.00147418642882
        dvar2: 0.00416365452111
        max: 0.775086224079
        mean: 0.623204410076
        min: 0.352639526129
        var: 0.00379624124616
    silence_rate_20dB:
        dmean: 0
        dmean2: 0
        dvar: 0
        dvar2: 0
        max: 1
        mean: 1
        min: 1
        var: 0
    silence_rate_30dB:
        dmean: 0
        dmean2: 0
        dvar: 0
        dvar2: 0
        max: 1
        mean: 1
        min: 1
        var: 0
    silence_rate_60dB:
        dmean: 0.153132244945
        dmean2: 0.304651170969
        dvar: 0.129682555795
        dvar2: 0.314164578915
        max: 1
        mean: 0.256944447756
        min: 0
        var: 0.190923199058
    spectral_centroid:
        dmean: 110.952316284
        dmean2: 187.088638306
        dvar: 8568.09570312
        dvar2: 21789.8300781
        max: 1472.22412109
        mean: 779.878417969
        min: 360.109436035
        var: 44307.3632812
    spectral_complexity:
        dmean: 1.84848487377
        dmean2: 3.02336454391
        dvar: 2.31969642639
        dvar2: 5.85458993912
        max: 17
        mean: 11.2837209702
        min: 4
        var: 4.9613571167
    spectral_crest:
        dmean: 1.62948763371
        dmean2: 2.60842180252
        dvar: 1.69536006451
        dvar2: 4.66469049454
        max: 20.5043087006
        mean: 8.15109157562
        min: 3.38432717323
        var: 8.89678573608
    spectral_decrease:
        dmean: 2.23639870511e-10
        dmean2: 3.68944125251e-10
        dvar: 4.16840770655e-20
        dvar2: 1.28010658813e-19
        max: -4.26164270539e-10
        mean: -1.12174414202e-09
        min: -3.72041908392e-09
        var: 3.12009993814e-19
    spectral_energy:
        dmean: 0.000875118887052
        dmean2: 0.00143991387449
        dvar: 6.28046905149e-07
        dvar2: 1.93429582396e-06
        max: 0.0145403649658
        mean: 0.00452562561259
        min: 0.00179187790491
        var: 4.67582503916e-06
    spectral_energyband_high:
        dmean: 3.05989692606e-06
        dmean2: 5.097491794e-06
        dvar: 1.06240537201e-11
        dvar2: 3.08869804733e-11
        max: 4.78727561131e-05
        mean: 1.18962043416e-05
        min: 3.52159941031e-06
        var: 3.35454615474e-11
    spectral_energyband_low:
        dmean: 7.57841116865e-05
        dmean2: 0.000124204118038
        dvar: 6.61992682893e-09
        dvar2: 1.80307448971e-08
        max: 0.000677327218
        mean: 0.000130345535581
        min: 1.45779608829e-06
        var: 1.22995258423e-08
    spectral_energyband_middle_high:
        dmean: 0.000178260612302
        dmean2: 0.000279757368844
        dvar: 2.20937668161e-08
        dvar2: 5.97406497604e-08
        max: 0.00212659174576
        mean: 0.000924987311009
        min: 0.000415056012571
        var: 7.01107794043e-08
    spectral_energyband_middle_low:
        dmean: 0.000835164391901
        dmean2: 0.00140422023833
        dvar: 5.97504538291e-07
        dvar2: 1.78490267899e-06
        max: 0.0138817345724
        mean: 0.00345839094371
        min: 0.000893795629963
        var: 4.77778303321e-06
    spectral_flatness_db:
        dmean: 0.0135958557948
        dmean2: 0.0227261260152
        dvar: 0.000108915955934
        dvar2: 0.000298593862681
        max: 0.269631922245
        mean: 0.202338278294
        min: 0.105714604259
        var: 0.000426992803114
    spectral_flux:
        dmean: 0.0046841041185
        dmean2: 0.00758948875591
        dvar: 3.33282659994e-05
        dvar2: 5.69173134863e-05
        max: 0.120082370937
        mean: 0.0286880079657
        min: 0.0169098488986
        var: 6.4622159698e-05
    spectral_kurtosis:
        dmean: 2.98759531975
        dmean2: 5.29730272293
        dvar: 8.28758811951
        dvar2: 26.3371238708
        max: 26.0189037323
        mean: 9.41635990143
        min: 4.43425655365
        var: 11.5169172287
    spectral_rms:
        dmean: 0.00019987365522
        dmean2: 0.000325809029164
        dvar: 2.43529392208e-08
        dvar2: 7.34248004619e-08
        max: 0.00376639375463
        mean: 0.00205211481079
        min: 0.001322185155
        var: 2.04066225251e-07
    spectral_rolloff:
        dmean: 400.999298096
        dmean2: 698.772583008
        dvar: 144735.765625
        dvar2: 358588.40625
        max: 3251.51367188
        mean: 1574.0267334
        min: 322.998046875
        var: 519960.1875
    spectral_skewness:
        dmean: 0.257744342089
        dmean2: 0.451624751091
        dvar: 0.0552635267377
        dvar2: 0.163220003247
        max: 3.39467811584
        mean: 2.20030879974
        min: 1.47268569469
        var: 0.0937958359718
    spectral_spread:
        dmean: 173844.109375
        dmean2: 297253.6875
        dvar: 98287443968
        dvar2: 133863366656
        max: 8903374
        mean: 2810916.25
        min: 1776011.25
        var: 510732402688
    spectral_strongpeak:
        dmean: 0.160816252232
        dmean2: 0.262780576944
        dvar: 0.0355528742075
        dvar2: 0.102119401097
        max: 2.28711438179
        mean: 0.411036372185
        min: 0.037688177079
        var: 0.0750734582543
    zerocrossingrate:
        dmean: 0.00484183803201
        dmean2: 0.00634537450969
        dvar: 1.41211439768e-05
        dvar2: 2.74704798358e-05
        max: 0.0849609375
        mean: 0.0505541414022
        min: 0.01904296875
        var: 0.000132816334371
    barkbands:
        dmean: [3.73009214627e-08, 1.2290095583e-05, 6.9974710641e-05, 0.000226285788813, 0.000334565120284, 0.000391079200199, 0.000323339889292, 9.81326593319e-05, 7.20450116205e-05, 6.09135022387e-05, 1.91122890101e-05, 5.0568520237e-05, 1.5164465367e-05, 3.13477539748e-05, 4.77260145999e-05, 4.45437071903e-05, 9.15729178814e-05, 6.00941602897e-05, 3.78823242499e-05, 1.3283674889e-05, 1.35593984396e-06, 4.1298349629e-07, 1.33366469868e-07, 1.54292720822e-07, 4.5588215869e-08, 6.42534414563e-10, 4.89589369046e-10]
        dmean2: [6.12219608342e-08, 2.00109316211e-05, 0.000116294366308, 0.000374410126824, 0.000568227434997, 0.000690938904881, 0.000482767238282, 0.000149977087858, 0.000107989057142, 8.50632495712e-05, 3.27982961608e-05, 7.80710397521e-05, 2.36361665884e-05, 5.01563954458e-05, 7.82843853813e-05, 7.32357802917e-05, 0.000150061314343, 0.000100566830952, 6.3228122599e-05, 2.26530028158e-05, 2.2392171104e-06, 7.12946928161e-07, 2.29068461977e-07, 2.59348496456e-07, 7.96210670728e-08, 9.23011722609e-10, 6.32051411209e-10]
        dvar: [2.38139874167e-14, 1.43199355152e-10, 6.55268150851e-09, 9.41297599866e-08, 1.45705115528e-07, 1.7843856881e-07, 1.11628565946e-07, 1.04150057467e-08, 4.35370273166e-09, 2.95838820108e-09, 2.72349864883e-10, 2.90346635623e-09, 2.70273831093e-10, 1.05831954311e-09, 2.38198216707e-09, 1.61514979169e-09, 1.03393329454e-08, 3.88775367455e-09, 2.01966487978e-09, 2.37457387087e-10, 1.93181430054e-12, 2.57092524353e-13, 2.82748135886e-14, 6.98616579625e-14, 1.32492258335e-14, 3.6269907788e-17, 4.24877251909e-17]
        dvar2: [2.52971929293e-14, 3.61747853894e-10, 1.78296453157e-08, 2.12292576407e-07, 4.06353848348e-07, 5.84048677865e-07, 2.71989648581e-07, 2.28514789313e-08, 9.20322218434e-09, 6.30336627339e-09, 7.42693073708e-10, 6.91895563065e-09, 5.83026571466e-10, 2.37743624787e-09, 6.06299055406e-09, 4.38983116524e-09, 2.39465745011e-08, 8.85974849041e-09, 5.28445553982e-09, 7.00809577037e-10, 5.31228012968e-12, 6.69896917885e-13, 8.02431377096e-14, 1.75416525381e-13, 3.78313306788e-14, 3.6913044023e-17, 4.25803661108e-17]
        max: [3.19094988299e-06, 0.000141531927511, 0.000632613140624, 0.00290195969865, 0.00431265356019, 0.00870941020548, 0.00334125384688, 0.00105735030957, 0.000858623418026, 0.000509207020514, 0.000127608058392, 0.000493527273647, 0.000165368415765, 0.000308061367832, 0.000396510120481, 0.000391958281398, 0.00123947288375, 0.000507966673467, 0.000693875888828, 0.000129755819216, 1.42872495417e-05, 6.64751860313e-06, 3.08955486616e-06, 7.81288053986e-06, 3.6241970065e-06, 1.25230954495e-07, 1.35405215929e-07]
        mean: [3.9909803462e-08, 2.0377099645e-05, 0.000109934640932, 0.000331873510731, 0.000813455379102, 0.00103854341432, 0.000798113702331, 0.000272315024631, 0.000167730628164, 0.00014587782789, 3.13680939144e-05, 9.68478780123e-05, 3.50737609551e-05, 6.16521429038e-05, 8.22163419798e-05, 8.61103762873e-05, 0.000183520372957, 0.000138339441037, 7.87054887041e-05, 2.71601293207e-05, 3.75546733267e-06, 1.26506063225e-06, 5.06211563334e-07, 6.508528827e-07, 1.93047853259e-07, 1.07188180554e-09, 4.56880727695e-10]
        min: [1.0231984704e-10, 1.7903778371e-07, 1.25923384076e-06, 2.10980738302e-06, 4.07094776165e-05, 4.8293677537e-05, 1.72662003024e-05, 1.74795786734e-05, 6.87963665769e-06, 7.17762486602e-06, 3.05738262796e-06, 3.08497533297e-06, 3.27750035467e-06, 6.49726598567e-06, 1.17371519082e-05, 1.58234634e-05, 2.30373643717e-05, 2.61693967332e-05, 1.31059814521e-05, 5.04501713294e-06, 9.54125880526e-07, 2.65285251544e-07, 2.80753766901e-08, 1.80546457784e-08, 1.55925172773e-09, 1.27364507829e-10, 7.47336966075e-14]
        var: [2.4288295374e-14, 4.05792566216e-10, 1.15866667372e-08, 1.64661813074e-07, 5.9455715018e-07, 2.09089262171e-06, 3.20790974229e-07, 3.36648184884e-08, 1.71216694156e-08, 9.57544088465e-09, 4.21344625856e-10, 7.52280460148e-09, 9.07837582886e-10, 2.03880623495e-09, 3.37428351926e-09, 2.90324675412e-09, 1.9445883126e-08, 7.7614847882e-09, 4.28754409754e-09, 3.46590423028e-10, 4.08187806472e-12, 7.2755056103e-13, 2.22328096688e-13, 7.05341058997e-13, 1.67834442091e-13, 3.6701490927e-17, 4.24871263122e-17]
    mfcc:
        mean: [-748.955078125, 174.388626099, -58.2463378906, 40.4140701294, -3.00160050392, -27.8600902557, -18.3594074249, -8.65245628357, -16.9091415405, -5.68101787567, -7.05072784424, -5.10933542252, -7.84628009796]
        cov: [[420.252288818, -281.991271973, 315.995666504, -163.896484375, 108.216026306, -142.181091309, 29.9959888458, -49.3665046692, 6.66312932968, -8.80929279327, -13.737411499, -2.80873084068, -37.9691238403], [-281.991271973, 340.149139404, -249.580444336, 144.575973511, -80.9016265869, 150.351043701, -1.99363040924, 40.953502655, 9.27439498901, 14.9408817291, 4.94093847275, -9.09606361389, 16.8600845337], [315.995666504, -249.580444336, 353.218048096, -125.608795166, 108.934661865, -114.625335693, 10.5437860489, -50.7198562622, -8.45890617371, -31.8759975433, -34.3685188293, -24.6867465973, -41.3156814575], [-163.896484375, 144.575973511, -125.608795166, 123.984786987, -32.0757637024, 65.2115402222, -7.62021684647, 26.1772403717, 3.47785043716, 14.1077289581, 7.48115777969, -2.47915554047, 14.5961961746], [108.216026306, -80.9016265869, 108.934661865, -32.0757637024, 85.8294372559, -16.8418006897, 0.00625720620155, -11.397986412, -0.936218857765, -11.2976589203, -8.21604633331, -7.76328420639, -11.374833107], [-142.181091309, 150.351043701, -114.625335693, 65.2115402222, -16.8418006897, 124.10118866, 8.70108318329, 18.4578914642, -0.542941629887, -6.10728740692, 0.417882889509, -7.22289705276, 13.2219905853], [29.9959888458, -1.99363040924, 10.5437860489, -7.62021684647, 0.00625720620155, 8.70108318329, 58.8216209412, 3.57975411415, 8.75702762604, 9.1622428894, 3.13600444794, 4.55006980896, 4.74597215652], [-49.3665046692, 40.953502655, -50.7198562622, 26.1772403717, -11.397986412, 18.4578914642, 3.57975411415, 55.6367263794, 17.5208244324, 7.11232042313, 10.8885421753, 8.80555725098, 16.040763855], [6.66312932968, 9.27439498901, -8.45890617371, 3.47785043716, -0.936218857765, -0.542941629887, 8.75702762604, 17.5208244324, 49.4016876221, 22.2747097015, 11.5485095978, 5.17742204666, 4.68912744522], [-8.80929279327, 14.9408817291, -31.8759975433, 14.1077289581, -11.2976589203, -6.10728740692, 9.1622428894, 7.11232042313, 22.2747097015, 59.6595649719, 28.4876461029, 11.4024839401, 6.575050354], [-13.737411499, 4.94093847275, -34.3685188293, 7.48115777969, -8.21604633331, 0.417882889509, 3.13600444794, 10.8885421753, 11.5485095978, 28.4876461029, 49.3829574585, 26.3409042358, 12.4603118896], [-2.80873084068, -9.09606361389, -24.6867465973, -2.47915554047, -7.76328420639, -7.22289705276, 4.55006980896, 8.80555725098, 5.17742204666, 11.4024839401, 26.3409042358, 65.8392715454, 27.9070072174], [-37.9691238403, 16.8600845337, -41.3156814575, 14.5961961746, -11.374833107, 13.2219905853, 4.74597215652, 16.040763855, 4.68912744522, 6.575050354, 12.4603118896, 27.9070072174, 48.3061676025]]
        icov: [[0.0135483099148, -0.000139789292007, -0.00571602163836, 0.00709070311859, -0.00614693341777, 0.00562839442864, -0.00537319807336, 0.00139385228977, -0.00210386677645, -0.00143779977225, -0.000764157972299, -0.00144091539551, 0.00217304681428], [-0.000139789292007, 0.0131074525416, 0.00262686167844, -0.00630683498457, 0.0052548837848, -0.00996610708535, 0.000838283682242, -0.000879834988154, -0.00167398573831, -0.00165499350987, 0.00308838137425, -6.57530836179e-05, 0.0032718363218], [-0.00571602163836, 0.00262686167844, 0.0127386366948, -0.00102386216167, -0.0052734632045, 0.00171782181133, -0.000570346193854, 0.00201237690635, -0.000445065350505, 0.00279999873601, 0.00296118413098, 0.00205935887061, 0.0011792803416], [0.00709070311859, -0.00630683498457, -0.00102386216167, 0.02162835747, -0.00574884051457, 0.00300861382857, -0.00069625658216, -0.00192078284454, 0.00104192853905, -0.00385911902413, -0.000129233900225, 0.000969946093392, -0.00121016276535], [-0.00614693341777, 0.0052548837848, -0.0052734632045, -0.00574884051457, 0.0262487530708, -0.0117638017982, 0.00546272424981, -0.00243786186911, -0.000232533711824, -0.00029725258355, -0.0002669954265, 5.854128176e-05, 0.000332799681928], [0.00562839442864, -0.00996610708535, 0.00171782181133, 0.00300861382857, -0.0117638017982, 0.0260123964399, -0.00785874947906, 0.00228311843239, -0.000271332741249, 0.00633134553209, -0.00320504140109, 0.00282718869857, -0.00305547681637], [-0.00537319807336, 0.000838283682242, -0.000570346193854, -0.00069625658216, 0.00546272424981, -0.00785874947906, 0.0219903290272, -0.00204481603578, -0.000879302970134, -0.00415637996048, 0.00174002163112, -0.000805050658528, -0.00217017764226], [0.00139385228977, -0.000879834988154, 0.00201237690635, -0.00192078284454, -0.00243786186911, 0.00228311843239, -0.00204481603578, 0.0258040688932, -0.00914678256959, 0.00438313465565, -0.0033006274607, 0.000734437897336, -0.00514409923926], [-0.00210386677645, -0.00167398573831, -0.000445065350505, 0.00104192853905, -0.000232533711824, -0.000271332741249, -0.000879302970134, -0.00914678256959, 0.0285401251167, -0.00996864121407, 0.000120662953123, 0.000318093894748, -0.000250118609983], [-0.00143779977225, -0.00165499350987, 0.00279999873601, -0.00385911902413, -0.00029725258355, 0.00633134553209, -0.00415637996048, 0.00438313465565, -0.00996864121407, 0.0305695980787, -0.0151335969567, 0.00284880679101, -0.000777086184826], [-0.000764157972299, 0.00308838137425, 0.00296118413098, -0.000129233900225, -0.0002669954265, -0.00320504140109, 0.00174002163112, -0.0033006274607, 0.000120662953123, -0.0151335969567, 0.0367453098297, -0.0114132529125, 0.00179607362952], [-0.00144091539551, -6.57530836179e-05, 0.00205935887061, 0.000969946093392, 5.854128176e-05, 0.00282718869857, -0.000805050658528, 0.000734437897336, 0.000318093894748, 0.00284880679101, -0.0114132529125, 0.0257155057043, -0.0128969764337], [0.00217304681428, 0.0032718363218, 0.0011792803416, -0.00121016276535, 0.000332799681928, -0.00305547681637, -0.00217017764226, -0.00514409923926, -0.000250118609983, -0.000777086184826, 0.00179607362952, -0.0128969764337, 0.0325952246785]]
    spectral_contrast:
        mean: [-8.41135872065e-08, -5.93225415457e-08, 2.22261220983e-07, -9.5575352077e-08, 4.36114532931e-07, 2.73315009736e-07, 1.64345948406e-07, -2.60423780674e-06, -1.11297811145e-06, -4.09054194961e-07, -1.58839452524e-06, 2.98134114018e-06]
        var: [0.000116739509394, 0.000337614299497, 0.000680672645103, 0.00114644377027, 0.00153654138558, 0.00344002246857, 0.0190799683332, 0.0398281887174, 0.0753361433744, 0.102351717651, 0.221329167485, 1.06395971775]

rhythm:
    beats_loudness:
        dmean: 0.00105749990325
        dmean2: 0.00142776523717
        dvar: 8.07669096048e-07
        dvar2: 1.87266755347e-06
        max: 0.0115627665073
        mean: 0.00481001567096
        min: 0.00192486355081
        var: 5.7597922023e-06
    beats_loudness_bass:
        dmean: 0.0831310600042
        dmean2: 0.135571882129
        dvar: 0.00692646251991
        dvar2: 0.0253999195993
        max: 0.32142111659
        mean: 0.0952590554953
        min: 0.00318523915485
        var: 0.00935064721853
    bpm: 101.629554749
    bpm_confidence: 0
    first_peak_bpm: 102
    first_peak_spread: 0
    first_peak_weight: 0.529411792755
    onset_rate: 0.59814453125
    second_peak_bpm: 120
    second_peak_spread: 0
    second_peak_weight: 0.411764711142
    beats_position: [0.219138145447, 0.809530794621, 1.39992344379, 1.99031603336, 2.58070850372, 3.17110109329, 3.76149368286, 4.35188627243, 4.942278862, 5.53267145157, 5.95995664597, 6.45879745483, 6.95763731003, 7.45647716522, 7.95531749725, 8.45415782928, 8.95299720764, 9.45183753967]
    bpm_estimates: [101.613960266, 101.215255737, 101.345298767, 101.41582489, 102.557403564]
    bpm_intervals: [0.590392649174, 0.590392649174, 0.590392589569, 0.59039247036, 0.590392589569, 0.590392589569, 0.590392589569, 0.590392589569, 0.590392589569, 0.427285194397, 0.498840808868, 0.498839855194, 0.498839855194, 0.498840332031, 0.498840332031, 0.498839378357, 0.498840332031]
    onset_times: [0.0464399084449, 1.95047616959, 5.99074840546, 6.6989569664, 7.69741487503, 8.55655288696]
    rubato_start: [6.45879745483]
    rubato_stop: [9.45183753967]
    perceptual_tempo: "unknown"

sfx:
    inharmonicity:
        dmean: 0.0426891334355
        dmean2: 0.0757662281394
        dvar: 0.00262351799756
        dvar2: 0.00749172735959
        max: 0.34560328722
        mean: 0.0435981191695
        min: 6.63713362883e-05
        var: 0.00292899296619
    oddtoevenharmonicenergyratio:
        dmean: 3.77005791664
        dmean2: 7.281645298
        dvar: 306.589111328
        dvar2: 911.935302734
        max: 238.585144043
        mean: 2.34585523605
        min: 0.000231704543694
        var: 157.00730896
    pitch_after_max_to_before_max_energy_ratio: 0.512314081192
    pitch_centroid: 217.423751831
    pitch_max_to_total: 0.932558119297
    pitch_min_to_total: 0.525581419468
    tristimulus:
        dmean: [0.225701823831, 0.235291659832, 0.0769231244922]
        dmean2: [0.400877833366, 0.412161171436, 0.137237802148]
        dvar: [0.0396216474473, 0.0426822118461, 0.00671892380342]
        dvar2: [0.110577337444, 0.121034346521, 0.0186468362808]
        max: [0.959612071514, 0.942572593689, 0.566203117371]
        mean: [0.439979702234, 0.458078831434, 0.0761069133878]
        min: [0.0140001149848, 0, 0]
        var: [0.0600495897233, 0.0557890422642, 0.00742557365447]

tonal:
    chords_changes_rate: 0.0416666679084
    chords_number_rate: 0.0185185186565
    chords_strength:
        dmean: 0.00428757909685
        dmean2: 0.00336918560788
        dvar: 1.62875021488e-05
        dvar2: 1.10327518996e-05
        max: 0.674921214581
        mean: 0.557293474674
        min: 0.418477296829
        var: 0.00534110888839
    key_strength: 0.861230373383
    tuning_diatonic_strength: 0.5680732131
    tuning_equal_tempered_deviation: 0.00272518163547
    tuning_frequency: 436.960693359
    tuning_nontempered_energy_ratio: 0.596582531929
    hpcp:
        dmean: [0.0648305863142, 0.0557970739901, 0.116260826588, 0.139606669545, 0.12477465719, 0.0257006883621, 0.00967100635171, 0.0130293602124, 0.0661485120654, 0.0882842689753, 0.0380115993321, 0.0113929212093, 0.0140914805233, 0.0480431169271, 0.102978907526, 0.123565115035, 0.187538728118, 0.224085718393, 0.143299371004, 0.112945988774, 0.0572438277304, 0.0391081832349, 0.0156170325354, 0.0477417223155, 0.0661373510957, 0.0366306565702, 0.0390780121088, 0.034255515784, 0.0280167497694, 0.0860985666513, 0.106688179076, 0.0796284154058, 0.0938480347395, 0.088723346591, 0.0517865717411, 0.0437506511807]
        dmean2: [0.103663675487, 0.0920236557722, 0.197065904737, 0.228269383311, 0.206394374371, 0.0443191304803, 0.0163742173463, 0.0221869982779, 0.109907187521, 0.13444724679, 0.0574002079666, 0.0193626340479, 0.0250704735518, 0.0881496295333, 0.178580865264, 0.206995666027, 0.329741299152, 0.393497496843, 0.253486990929, 0.167835384607, 0.104535460472, 0.07126673311, 0.0265493132174, 0.0704504027963, 0.0991219952703, 0.058096665889, 0.0683366954327, 0.0579114146531, 0.0471760295331, 0.129278019071, 0.165842235088, 0.133735060692, 0.152002349496, 0.149154245853, 0.0835459008813, 0.0738542824984]
        dvar: [0.0135660823435, 0.00610390864313, 0.0157462824136, 0.0278919506818, 0.018225684762, 0.00161441438831, 0.000190835562535, 0.000263676338363, 0.00712528824806, 0.00988019444048, 0.00164902734105, 0.000240413428401, 0.000581738364417, 0.0101513750851, 0.0222361050546, 0.0258286446333, 0.0489945374429, 0.0472697541118, 0.0365137197077, 0.0153660532087, 0.0129350665957, 0.00663329055533, 0.000690911896527, 0.00546111399308, 0.0113385617733, 0.00265543512069, 0.00214669527486, 0.00194791296963, 0.0018377546221, 0.00921018980443, 0.0117930183187, 0.00585648557171, 0.0135427778587, 0.0195433553308, 0.00448165973648, 0.0048944959417]
        dvar2: [0.0350420102477, 0.015692865476, 0.0449007861316, 0.0604045949876, 0.0453640557826, 0.00456902571023, 0.000558720144909, 0.000769564940128, 0.0163479801267, 0.01908342354, 0.00298939971253, 0.000636912940536, 0.00169712025672, 0.0329651944339, 0.0628310889006, 0.0631510168314, 0.159125715494, 0.149964913726, 0.100587949157, 0.0398265011609, 0.0353730618954, 0.020259346813, 0.00180394330528, 0.0120296487585, 0.0234832875431, 0.00625628000125, 0.00621390296146, 0.00578027637675, 0.00475401757285, 0.0199996549636, 0.027640523389, 0.0154757825658, 0.0321364887059, 0.0454872660339, 0.0105905327946, 0.01337940339]
        max: [1, 0.555968880653, 1, 1, 1, 0.264855653048, 0.116965278983, 0.136783137918, 0.759575128555, 0.937098145485, 0.440049529076, 0.111581690609, 0.185130208731, 0.742363095284, 1, 1, 1, 1, 1, 0.84378528595, 0.627391219139, 0.568572163582, 0.209266096354, 0.703811168671, 1, 0.48004385829, 0.301593333483, 0.370495289564, 0.314905047417, 1, 1, 0.534519731998, 1, 1, 0.581261515617, 0.619735300541]
        mean: [0.101464830339, 0.0765179768205, 0.28500559926, 0.527615308762, 0.296563565731, 0.0335528291762, 0.0165842268616, 0.0198570657521, 0.148220717907, 0.219213366508, 0.094358690083, 0.0161499530077, 0.0150549672544, 0.0401377528906, 0.2014965415, 0.313261032104, 0.247545987368, 0.432259768248, 0.588184773922, 0.285436838865, 0.0540353059769, 0.0407030321658, 0.0248817168176, 0.0893033221364, 0.128453522921, 0.067171677947, 0.0583700574934, 0.0531685091555, 0.0346089228988, 0.166414618492, 0.239535585046, 0.149818509817, 0.28531935811, 0.365914463997, 0.144705504179, 0.0678934752941]
        min: [0.000944360857829, 0.00158521789126, 0.00110339885578, 0.000815469888039, 0.000674481736496, 0.000908178568352, 0.000754738750402, 0.000839522166643, 0.00217549037188, 0.00219906051643, 0.00132792512886, 0.000735212059226, 0.000695365713909, 0.000740543473512, 0.000949281209614, 0.00120391394012, 0.00374766159803, 0.00988176558167, 0.0116760265082, 0.00488425092772, 0.00285716424696, 0.00150584045332, 0.000767396471929, 0.000746228266507, 0.00159668747801, 0.00261895544827, 0.002205460798, 0.0021603491623, 0.00343970605172, 0.0135222217068, 0.0155866658315, 0.019249830395, 0.00437038810924, 0.0029057210777, 0.00146683456842, 0.001280172728]
        var: [0.0232795253396, 0.0095451110974, 0.0492150783539, 0.135845601559, 0.0511884391308, 0.00175464327913, 0.000335395772709, 0.000286152615445, 0.0166976824403, 0.0367326661944, 0.00665999762714, 0.000348108034814, 0.000442460383056, 0.00709168845788, 0.0606946274638, 0.116415724158, 0.0741281658411, 0.0737623870373, 0.147989809513, 0.0440367534757, 0.00957314297557, 0.00475068902597, 0.000941448437516, 0.0150967203081, 0.0317628197372, 0.00554925110191, 0.00280511053279, 0.00239038141444, 0.00177861296106, 0.0268896948546, 0.046474173665, 0.0104753738269, 0.089062795043, 0.16514031589, 0.0258112903684, 0.00860438775271]
    chords_histogram: [11.1111106873, 41.6666679382, 5.55555534363, 0, 0, 0, 0, 0, 0, 0, 0, 0, 0, 0, 0, 0, 0, 0, 0, 0, 0, 0, 41.6666679382, 0]
    thpcp: [1, 0.485284298658, 0.0918679088354, 0.0692010968924, 0.0423025526106, 0.151828691363, 0.218389749527, 0.114201657474, 0.0992376208305, 0.0903942286968, 0.0588402226567, 0.28292915225, 0.407245457172, 0.254713356495, 0.485084563494, 0.62210804224, 0.24602048099, 0.115428820252, 0.172505021095, 0.13009172678, 0.484551131725, 0.897023081779, 0.504201352596, 0.0570447072387, 0.0281956065446, 0.0337599106133, 0.251996874809, 0.372694730759, 0.160423547029, 0.0274572782218, 0.0255956426263, 0.0682400390506, 0.342573553324, 0.532589495182, 0.420864313841, 0.734904706478]
    chords_key: "G#"
    chords_scale: "major"
    key_key: "D#"
    key_scale: "major"
    chords_progression: ["D#", "D#", "D#", "D#", "D#", "D#", "D#", "D#", "D#", "D#", "D#", "D#", "D#", "D#", "D#", "D#", "Gm", "Gm", "Gm", "Gm", "Gm", "Gm", "Gm", "Gm", "Gm", "Gm", "Gm", "Gm", "Gm", "Gm", "Gm", "Gm", "Gm", "Gm", "Gm", "Gm", "Gm", "Gm", "Gm", "Gm", "Gm", "Gm", "Gm", "Gm", "Gm", "Gm", "Gm", "Gm", "Gm", "Gm", "Gm", "Gm", "Gm", "Gm", "Gm", "Gm", "Gm", "Gm", "Gm", "Gm", "Gm", "Gm", "Gm", "Gm", "Gm", "Gm", "Gm", "Gm", "Gm", "Gm", "A#", "Gm", "Gm", "A#", "A#", "A#", "A#", "A#", "A#", "Gm", "Gm", "A#", "A#", "A#", "A#", "A#", "Gm", "Gm", "Gm", "Gm", "Gm", "Gm", "Gm", "Gm", "Gm", "Gm", "Gm", "Gm", "Gm", "Gm", "Gm", "Gm", "Gm", "Gm", "Gm", "Gm", "Gm", "Gm", "Gm", "Gm", "Gm", "Gm", "Gm", "Gm", "Gm", "Gm", "Gm", "Gm", "D#", "D#", "D#", "D#", "D#", "D#", "D#", "D#", "G#", "G#", "G#", "G#", "G#", "G#", "G#", "G#", "G#", "G#", "G#", "G#", "G#", "G#", "G#", "G#", "G#", "G#", "G#", "G#", "G#", "G#", "G#", "G#", "G#", "G#", "G#", "G#", "G#", "G#", "G#", "G#", "G#", "G#", "G#", "G#", "G#", "G#", "G#", "G#", "G#", "G#", "G#", "G#", "G#", "G#", "G#", "G#", "G#", "G#", "G#", "G#", "G#", "G#", "G#", "G#", "G#", "G#", "G#", "G#", "G#", "G#", "G#", "G#", "G#", "G#", "G#", "G#", "G#", "G#", "G#", "G#", "G#", "G#", "G#", "G#", "G#", "G#", "G#", "G#", "G#", "G#", "G#", "G#", "G#", "G#", "G#", "G#", "G#", "G#"]
