
metadata:
    version:
        essentia: "1.2.2"
    audio_properties:
        analysis_sample_rate: 44100
        bitrate: 128
        channels: 2
        equal_loudness: 1
        length: 9.97877597809
        replay_gain: -11.651758194
        downmix: "mix"
    tags:
        track: 33
        year: 0
        album: "Splitted by Mp3Splt v. 2.1"
        artist: "From 005.20 To 005.30"
        comment: "http://mp3splt.sf.net"
        genre: ""
        title: "07 Blue Monday [Starwash Mix]."

highlevel:
    ballroom:
        all:
            ChaChaCha: 0.25180131197
            Jive: 0.186629235744
            Quickstep: 0.0328662656248
            Rumba-American: 0.00373233994469
            Rumba-International: 0.0436241924763
            Rumba-Misc: 0.00870266091079
            Samba: 0.466405212879
            Tango: 0.00111094524618
            VienneseWaltz: 0.00293730478734
            Waltz: 0.00219051120803
        probability: 0.466405212879
        value: "Samba"
    culture:
        all:
            non_western: 0.967265427113
            western: 0.0327345840633
        probability: 0.967265427113
        value: "non_western"
    gender:
        all:
            female: 0.5
            male: 0.5
        probability: 0.5
        value: "female"
    genre_dortmund:
        all:
            alternative: 0.0547119826078
            blues: 0.012845966965
            electronic: 0.346763193607
            folkcountry: 0.0215328261256
            funksoulrnb: 0.0113713769242
            jazz: 0.0523729212582
            pop: 0.0333733297884
            raphiphop: 0.236327320337
            rock: 0.230701074004
        probability: 0.346763193607
        value: "electronic"
    genre_electronica:
        all:
            ambient: 0.0713010877371
            dnb: 0.190052196383
            house: 0.377169877291
            techno: 0.208713755012
            trance: 0.152763068676
        probability: 0.377169877291
        value: "house"
    genre_rosamerica:
        all:
            cla: 0.0111766764894
            dan: 0.771914422512
            hip: 0.0407223217189
            jaz: 0.0104864686728
            pop: 0.021111400798
            rhy: 0.0426689423621
            roc: 0.0921980664134
            spe: 0.00972167961299
        probability: 0.771914422512
        value: "dan"
    genre_tzanetakis:
        all:
            blu: 0.004010502249
            cla: 0.00543939834461
            cou: 0.018285619095
            dis: 0.0485095903277
            hip: 0.151788845658
            jaz: 0.00857491139323
            met: 0.0232246536762
            pop: 0.168770641088
            reg: 0.493317484856
            roc: 0.0780783519149
        probability: 0.493317484856
        value: "reg"
    live_studio:
        all:
            live: 0.0427506603301
            studio: 0.957249343395
        probability: 0.957249343395
        value: "studio"
    mood:
        all:
            Cluster1: 0.28887578845
            Cluster2: 0.0423661209643
            Cluster3: 0.0448735356331
            Cluster4: 0.0214389152825
            Cluster5: 0.602445662022
        probability: 0.602445662022
        value: "Cluster5"
    mood_acoustic:
        all:
            acoustic: 0.111330233514
            not_acoustic: 0.888669788837
        probability: 0.888669788837
        value: "not_acoustic"
    mood_aggressive:
        all:
            aggressive: 0.301380515099
            not_aggressive: 0.698619484901
        probability: 0.698619484901
        value: "not_aggressive"
    mood_electronic:
        all:
            electronic: 0.974558293819
            not_electronic: 0.0254416838288
        probability: 0.974558293819
        value: "electronic"
    mood_happy:
        all:
            happy: 0.184585854411
            not_happy: 0.815414130688
        probability: 0.815414130688
        value: "not_happy"
    mood_party:
        all:
            not_party: 0.523225843906
            party: 0.476774156094
        probability: 0.523225843906
        value: "not_party"
    mood_relaxed:
        all:
            not_relaxed: 0.281662404537
            relaxed: 0.718337595463
        probability: 0.718337595463
        value: "relaxed"
    mood_sad:
        all:
            not_sad: 0.5
            sad: 0.5
        probability: 0.5
        value: "not_sad"
    rhythm:
        all:
            fast: 0.809342265129
            medium: 0.139646187425
            slow: 0.0510115772486
        probability: 0.809342265129
        value: "fast"
    speech_music:
        all:
            music: 0.999767303467
            speech: 0.000232708567637
        probability: 0.999767303467
        value: "music"
    timbre:
        all:
            bright: 0.00503325369209
            dark: 0.994966745377
        probability: 0.994966745377
        value: "dark"
    voice_instrumental:
        all:
            instrumental: 0.0833548977971
            voice: 0.916645109653
        probability: 0.916645109653
        value: "voice"

lowlevel:
    average_loudness: 0.985777795315
    barkbands_kurtosis:
        dmean: 2.91244888306
        dmean2: 4.56349754333
        dvar: 29.2936534882
        dvar2: 66.8267593384
        max: 39.854511261
        mean: 2.94868278503
        min: -1.82134830952
        var: 45.1514091492
    barkbands_skewness:
        dmean: 0.69154214859
        dmean2: 1.04962229729
        dvar: 0.762581110001
        dvar2: 1.55122828484
        max: 5.29143857956
        mean: 1.07659566402
        min: -2.28264546394
        var: 1.94409263134
    barkbands_spread:
        dmean: 7.77142429352
        dmean2: 12.5195550919
        dvar: 114.517784119
        dvar2: 240.102050781
        max: 80.5971450806
        mean: 28.1024188995
        min: 1.6949583292
        var: 234.927276611
    dissonance:
        dmean: 0.0204882137477
        dmean2: 0.0343871973455
        dvar: 0.000774431333411
        dvar2: 0.00222392030992
        max: 0.499515533447
        mean: 0.467870086432
        min: 0.237628921866
        var: 0.000990548636764
    hfc:
        dmean: 1.29547643661
        dmean2: 1.84531056881
        dvar: 2.83023881912
        dvar2: 5.30146121979
        max: 18.5224590302
        mean: 3.30136799812
        min: 3.39170924235e-06
        var: 9.34319496155
    pitch:
        dmean: 716.025146484
        dmean2: 1347.69921875
        dvar: 1860580
        dvar2: 4239108
        max: 6300
        mean: 789.144287109
        min: 66.1169433594
        var: 1918434
    pitch_instantaneous_confidence:
        dmean: 0.0890861675143
        dmean2: 0.143898844719
        dvar: 0.00684562372044
        dvar2: 0.0168013498187
        max: 0.840920567513
        mean: 0.399131923914
        min: 0.134967982769
        var: 0.0168988406658
    pitch_salience:
        dmean: 0.0670766681433
        dmean2: 0.10448807478
        dvar: 0.00397301372141
        dvar2: 0.00783374812454
        max: 0.881670713425
        mean: 0.618701457977
        min: 0.331833034754
        var: 0.0111525831744
    silence_rate_20dB:
        dmean: 0
        dmean2: 0
        dvar: 0
        dvar2: 0
        max: 1
        mean: 1
        min: 1
        var: 0
    silence_rate_30dB:
        dmean: 0
        dmean2: 0
        dvar: 0
        dvar2: 0
        max: 1
        mean: 1
        min: 1
        var: 0
    silence_rate_60dB:
        dmean: 0.12826603651
        dmean2: 0.254761904478
        dvar: 0.111814141273
        dvar2: 0.208905562758
        max: 1
        mean: 0.637440741062
        min: 0
        var: 0.231110095978
    spectral_centroid:
        dmean: 357.270599365
        dmean2: 530.135925293
        dvar: 246497.203125
        dvar2: 420060.21875
        max: 5034.46533203
        mean: 1148.44946289
        min: 123.837463379
        var: 694440.375
    spectral_complexity:
        dmean: 2.53284668922
        dmean2: 3.63902449608
        dvar: 7.00804662704
        dvar2: 14.4257831573
        max: 34
        mean: 7.69417476654
        min: 0
        var: 35.0860939026
    spectral_crest:
        dmean: 2.78058671951
        dmean2: 4.7459359169
        dvar: 10.387430191
        dvar2: 26.9983711243
        max: 22.4818515778
        mean: 9.06239795685
        min: 2.84575676918
        var: 16.6694164276
    spectral_decrease:
        dmean: 4.05456279662e-10
        dmean2: 5.76326431023e-10
        dvar: 5.26076736621e-19
        dvar2: 1.30597291363e-18
        max: -6.70947344196e-16
        mean: -8.00053800987e-10
        min: -4.77461847836e-09
        var: 6.71102694505e-19
    spectral_energy:
        dmean: 0.0016240880359
        dmean2: 0.00230723572895
        dvar: 7.88365650806e-06
        dvar2: 1.96531873371e-05
        max: 0.0188682600856
        mean: 0.00331903109327
        min: 2.83995338357e-09
        var: 1.03968523035e-05
    spectral_energyband_high:
        dmean: 8.88923095772e-05
        dmean2: 0.000131874578074
        dvar: 4.20633803344e-08
        dvar2: 8.66075069439e-08
        max: 0.00240234937519
        mean: 0.00016036182933
        min: 8.32407962004e-11
        var: 7.79558249064e-08
    spectral_energyband_low:
        dmean: 0.000337538396707
        dmean2: 0.000472556916066
        dvar: 4.29728459039e-07
        dvar2: 8.63196419232e-07
        max: 0.00456841802225
        mean: 0.00056567665888
        min: 7.35771554794e-10
        var: 6.18281262632e-07
    spectral_energyband_middle_high:
        dmean: 0.000291164411465
        dmean2: 0.000395176146412
        dvar: 1.22912609868e-07
        dvar2: 2.15835839867e-07
        max: 0.00632589170709
        mean: 0.00083621381782
        min: 1.16035625553e-09
        var: 9.33590342811e-07
    spectral_energyband_middle_low:
        dmean: 0.0013666121522
        dmean2: 0.0021263952367
        dvar: 8.77678303368e-06
        dvar2: 2.23351034947e-05
        max: 0.0165156219155
        mean: 0.0017567690229
        min: 7.08020364559e-10
        var: 7.82793085818e-06
    spectral_flatness_db:
        dmean: 0.0253198109567
        dmean2: 0.0387552753091
        dvar: 0.0011095139198
        dvar2: 0.00232744473033
        max: 0.367876827717
        mean: 0.176221713424
        min: 0.0569631271064
        var: 0.00331922969781
    spectral_flux:
        dmean: 0.0120836915448
        dmean2: 0.0170213859528
        dvar: 0.000270170014119
        dvar2: 0.000478554575238
        max: 0.125507935882
        mean: 0.0351799838245
        min: 5.32912126801e-05
        var: 0.000614402350038
    spectral_kurtosis:
        dmean: 3.10185456276
        dmean2: 4.72635030746
        dvar: 37.2780456543
        dvar2: 74.4080963135
        max: 74.3401107788
        mean: 6.55283880234
        min: -0.552958488464
        var: 117.380325317
    spectral_rms:
        dmean: 0.000386576808523
        dmean2: 0.000499325396959
        dvar: 2.44786349413e-07
        dvar2: 5.7311638102e-07
        max: 0.00429046107456
        mean: 0.00164287618827
        min: 1.66453787642e-06
        var: 5.39033862879e-07
    spectral_rolloff:
        dmean: 676.383361816
        dmean2: 1162.47766113
        dvar: 1025818.5
        dvar2: 1811031.875
        max: 6826.02539062
        mean: 2282.62475586
        min: 172.265625
        var: 2379158.5
    spectral_skewness:
        dmean: 0.385568708181
        dmean2: 0.539141714573
        dvar: 0.361565440893
        dvar2: 0.709921061993
        max: 7.08367490768
        mean: 1.58817386627
        min: -0.616206467152
        var: 1.28731060028
    spectral_spread:
        dmean: 717235.375
        dmean2: 1041639.9375
        dvar: 1.59030915891e+12
        dvar2: 2.57645504102e+12
        max: 20779198
        mean: 4189624.5
        min: 1188758.875
        var: 3.978756096e+12
    spectral_strongpeak:
        dmean: 0.180464088917
        dmean2: 0.306072115898
        dvar: 0.151491120458
        dvar2: 0.417253255844
        max: 2.53479218483
        mean: 0.260984480381
        min: 0
        var: 0.119127579033
    zerocrossingrate:
        dmean: 0.0155525300652
        dmean2: 0.0174697507173
        dvar: 0.000288500246825
        dvar2: 0.000342079991242
        max: 0.2431640625
        mean: 0.0647541508079
        min: 0.0048828125
        var: 0.00151708582416
    barkbands:
        dmean: [4.93925369938e-07, 0.000146676698932, 0.000302546482999, 0.00038657328696, 0.00101506197825, 8.06516763987e-05, 8.21771973278e-05, 7.69088001107e-05, 6.86155908625e-05, 3.69497356587e-05, 4.02672412747e-05, 4.67700810987e-05, 3.39367397828e-05, 3.26528897858e-05, 4.80151320517e-05, 3.53348514182e-05, 5.28834680154e-05, 4.06351828133e-05, 9.71373083303e-05, 6.49698558846e-05, 4.09958738601e-05, 2.09303962038e-05, 1.18474608826e-05, 1.01947796338e-06, 5.06676144596e-07, 2.15845172846e-08, 4.04856259628e-10]
        dmean2: [5.4273658634e-07, 0.000196783221327, 0.000490955542773, 0.000640671525616, 0.00188565312419, 0.000120421114843, 0.000111249210022, 0.00010603442206, 9.80830227491e-05, 5.41130866623e-05, 6.46308762953e-05, 7.20230964362e-05, 5.59608379262e-05, 5.14313724125e-05, 8.0418678408e-05, 5.74872356083e-05, 7.96412568889e-05, 6.29829446552e-05, 0.000154247056344, 9.88226674963e-05, 6.41965234536e-05, 3.14501630783e-05, 1.81027080544e-05, 1.6480157683e-06, 8.27661608582e-07, 3.09365617568e-08, 6.04917893554e-10]
        dvar: [7.04877399938e-13, 7.92879149003e-08, 4.72289514164e-07, 9.36619812819e-07, 8.94761978998e-06, 1.38511868641e-08, 1.44945593306e-08, 1.04518491639e-08, 8.1901134763e-09, 1.80257497817e-09, 6.20703932697e-09, 1.38706770514e-08, 4.93617724473e-09, 4.42623937502e-09, 1.39404301436e-08, 3.15041881471e-09, 6.19716633565e-09, 2.97302804597e-09, 2.48398617231e-08, 1.56450230548e-08, 7.54431273009e-09, 6.66454003095e-09, 2.499592755e-09, 1.68335952816e-11, 3.26317857284e-12, 5.4364946247e-15, 6.15094977653e-18]
        dvar2: [7.00664840817e-13, 1.51335470377e-07, 1.13434077775e-06, 2.61068521468e-06, 2.55674440268e-05, 3.72409054705e-08, 2.23106120245e-08, 2.17313793627e-08, 1.90667375222e-08, 4.14627665535e-09, 1.92774258778e-08, 3.98540649371e-08, 1.46068188656e-08, 1.0962834196e-08, 4.24957526945e-08, 7.77506592442e-09, 1.19108705121e-08, 7.2040600152e-09, 5.84649697544e-08, 3.16490975649e-08, 1.75781682543e-08, 1.12221218984e-08, 4.98710051033e-09, 3.95713288526e-11, 8.37097405282e-12, 9.03240698381e-15, 5.93923744824e-18]
        max: [7.55642213335e-06, 0.00158307061065, 0.00444167619571, 0.00703117623925, 0.0146139189601, 0.00110435229726, 0.00137215259019, 0.00128223723732, 0.000715154223144, 0.000310183793772, 0.00108344911132, 0.00193188083358, 0.0010121865198, 0.00108045351226, 0.00156064273324, 0.000780575210229, 0.0008880936075, 0.000538514752407, 0.00127505301498, 0.00188486243133, 0.000962092948612, 0.0010787001811, 0.000737341819331, 5.53757090529e-05, 2.61525419774e-05, 1.21714049328e-06, 5.26296837222e-08]
        mean: [8.69191467245e-07, 0.000221680718823, 0.00034313875949, 0.000547360745259, 0.000719073519576, 0.000135862748721, 0.000139981668326, 0.000115318805911, 9.46511718212e-05, 5.28799682797e-05, 5.28306009073e-05, 7.62837662478e-05, 5.46070150449e-05, 5.15059437021e-05, 7.10107342456e-05, 6.398701953e-05, 9.3890055723e-05, 7.55634900997e-05, 0.000168701051734, 0.000132544766529, 6.06944850006e-05, 3.12646916427e-05, 1.34156171043e-05, 1.19306776014e-06, 6.88653756242e-07, 3.44531549956e-08, 1.03158659392e-09]
        min: [1.22344925857e-10, 3.91710164305e-10, 1.95344129761e-10, 1.45225387271e-10, 2.35858443887e-10, 1.49682627404e-10, 9.53018913785e-11, 5.10116324182e-11, 2.8024353671e-11, 1.72073952309e-11, 1.7455818041e-11, 4.12976319808e-11, 1.16395934557e-10, 1.08072870098e-10, 1.15417904401e-10, 2.10674866441e-10, 2.98734287307e-10, 1.34579652977e-10, 6.69094848971e-11, 6.916121148e-11, 2.11674931055e-11, 9.61802078953e-12, 5.43687490862e-12, 3.7740674301e-12, 3.75392165269e-12, 3.48079811502e-12, 3.71094908275e-12]
        var: [2.25172593245e-12, 1.35818709168e-07, 4.19992545631e-07, 7.60118041399e-07, 5.2445111578e-06, 2.28127845503e-08, 3.62105083695e-08, 2.1048828458e-08, 1.31806503489e-08, 3.2389848581e-09, 8.4871469852e-09, 4.15666789877e-08, 9.49352063628e-09, 9.636478282e-09, 2.45941649268e-08, 1.01603419012e-08, 1.76260179785e-08, 7.07157532531e-09, 3.84298068923e-08, 3.1400251288e-08, 9.90225945685e-09, 1.3936634069e-08, 3.65463503904e-09, 2.02061093552e-11, 4.98436882046e-12, 1.81457598242e-14, 6.57080680313e-18]
    mfcc:
        mean: [-770.870910645, 136.790008545, -37.1693611145, 65.4846191406, -19.8748989105, 7.77697658539, 0.667571783066, 0.465697139502, -2.2689769268, 1.29857409, -2.24507665634, -5.45357465744, 0.464156210423]
        cov: [[7507.42724609, -1413.71826172, -1451.7623291, -522.022949219, -484.240814209, -220.310501099, -145.630737305, -145.087753296, -229.503662109, -128.603744507, -163.865997314, -210.601623535, -91.6061782837], [-1413.71826172, 1830.5144043, 163.484558105, -0.922066271305, 13.6068601608, -68.7322998047, 115.677093506, -23.7011394501, 29.1969738007, 8.69386291504, -22.0963001251, 10.2896232605, 3.38523292542], [-1451.7623291, 163.484558105, 1738.73864746, 133.638214111, 147.570205688, 150.941894531, -115.283874512, 118.152732849, 36.3510894775, 45.5967636108, 131.567550659, 46.2439308167, 81.7369232178], [-522.022949219, -0.922066271305, 133.638214111, 191.885375977, 64.5521087646, 30.0568733215, 3.74245429039, 9.3865852356, 32.9172821045, 19.6629734039, 9.84712314606, 25.4608898163, -2.25238847733], [-484.240814209, 13.6068601608, 147.570205688, 64.5521087646, 147.783126831, 69.710144043, 3.00016093254, 6.19423627853, 16.7851142883, 6.15929746628, 22.3227310181, -4.05702400208, 5.46593236923], [-220.310501099, -68.7322998047, 150.941894531, 30.0568733215, 69.710144043, 139.290969849, -4.87961530685, 37.3693618774, -10.1801357269, -2.46246004105, 17.3176174164, -0.979096293449, 1.49765992165], [-145.630737305, 115.677093506, -115.283874512, 3.74245429039, 3.00016093254, -4.87961530685, 104.690200806, 14.1589050293, 7.08456754684, 5.07753515244, -4.92626190186, 8.01655769348, -6.47812891006], [-145.087753296, -23.7011394501, 118.152732849, 9.3865852356, 6.19423627853, 37.3693618774, 14.1589050293, 95.1494140625, -1.52264094353, 22.9297084808, 24.6909694672, 10.6190834045, 23.1615524292], [-229.503662109, 29.1969738007, 36.3510894775, 32.9172821045, 16.7851142883, -10.1801357269, 7.08456754684, -1.52264094353, 81.0042877197, 18.5130805969, 8.28117465973, 10.4674119949, -2.06094241142], [-128.603744507, 8.69386291504, 45.5967636108, 19.6629734039, 6.15929746628, -2.46246004105, 5.07753515244, 22.9297084808, 18.5130805969, 60.3596382141, 39.941192627, 15.4828033447, 16.6885528564], [-163.865997314, -22.0963001251, 131.567550659, 9.84712314606, 22.3227310181, 17.3176174164, -4.92626190186, 24.6909694672, 8.28117465973, 39.941192627, 81.4669418335, 19.6493301392, 25.4030532837], [-210.601623535, 10.2896232605, 46.2439308167, 25.4608898163, -4.05702400208, -0.979096293449, 8.01655769348, 10.6190834045, 10.4674119949, 15.4828033447, 19.6493301392, 60.6860809326, 20.055896759], [-91.6061782837, 3.38523292542, 81.7369232178, -2.25238847733, 5.46593236923, 1.49765992165, -6.47812891006, 23.1615524292, -2.06094241142, 16.6885528564, 25.4030532837, 20.055896759, 64.8458862305]]
        icov: [[0.000295929756248, 0.000194005770027, 0.000124337311718, 0.000338540208759, 0.000636084470898, 2.88221490337e-05, 0.000205091215321, 0.000168804821442, 0.000346763932612, -2.81847969745e-05, 6.76976515024e-06, 0.000699359166902, -3.18068487104e-05], [0.000194005770027, 0.00077942077769, -0.000121525517898, 0.000362190272426, 0.000266754999757, 0.000412239431171, -0.000813930761069, 0.000483892334159, 0.000212007958908, -0.000297527818475, 0.000448234728537, 0.000463870819658, -0.000122768251458], [0.000124337311718, -0.000121525517898, 0.000991205917671, -0.000243017217144, -8.28203192214e-05, -0.000413238420151, 0.00140604318585, -0.000889740302227, -0.000193319501705, 0.000704362348188, -0.00111990771256, 9.83871941571e-05, -0.000380186538678], [0.000338540208759, 0.000362190272426, -0.000243017217144, 0.00777090666816, -0.00235122209415, 1.08320919026e-05, 0.000184802935109, 0.000129937747261, -0.0010184480343, -0.00249214982614, 0.00226896791719, -0.00266760168597, 0.0017507619923], [0.000636084470898, 0.000266754999757, -8.28203192214e-05, -0.00235122209415, 0.0130754411221, -0.00540581392124, -0.00107932602987, 0.00320627097972, -0.00117024488281, 0.000776529253926, -0.0025247472804, 0.00511270342395, -0.00215221522376], [2.88221490337e-05, 0.000412239431171, -0.000413238420151, 1.08320919026e-05, -0.00540581392124, 0.0121282432228, 0.000353896408342, -0.00464721443132, 0.00230413372628, 0.0024539346341, -0.000867388385814, -0.000586019654293, 0.00237397709861], [0.000205091215321, -0.000813930761069, 0.00140604318585, 0.000184802935109, -0.00107932602987, 0.000353896408342, 0.0131656946614, -0.0039633908309, -0.000499706366099, 7.78518588049e-05, -1.73048977103e-06, -0.00199252716266, 0.00196106801741], [0.000168804821442, 0.000483892334159, -0.000889740302227, 0.000129937747261, 0.00320627097972, -0.00464721443132, -0.0039633908309, 0.0162288900465, 0.000894360709935, -0.00502580823377, 0.000187383615412, 0.00140667369124, -0.00420288322493], [0.000346763932612, 0.000212007958908, -0.000193319501705, -0.0010184480343, -0.00117024488281, 0.00230413372628, -0.000499706366099, 0.000894360709935, 0.0154535109177, -0.00462919799611, 0.0010270482162, -0.000834927544929, 0.00190154882148], [-2.81847969745e-05, -0.000297527818475, 0.000704362348188, -0.00249214982614, 0.000776529253926, 0.0024539346341, 7.78518588049e-05, -0.00502580823377, -0.00462919799611, 0.0298042465001, -0.0137140722945, -0.000401288067224, -0.00163885368966], [6.76976515024e-06, 0.000448234728537, -0.00111990771256, 0.00226896791719, -0.0025247472804, -0.000867388385814, -1.73048977103e-06, 0.000187383615412, 0.0010270482162, -0.0137140722945, 0.0231077093631, -0.00362555030733, -0.00272660283372], [0.000699359166902, 0.000463870819658, 9.83871941571e-05, -0.00266760168597, 0.00511270342395, -0.000586019654293, -0.00199252716266, 0.00140667369124, -0.000834927544929, -0.000401288067224, -0.00362555030733, 0.023690149188, -0.00620182184502], [-3.18068487104e-05, -0.000122768251458, -0.000380186538678, 0.0017507619923, -0.00215221522376, 0.00237397709861, 0.00196106801741, -0.00420288322493, 0.00190154882148, -0.00163885368966, -0.00272660283372, -0.00620182184502, 0.0212148316205]]
    spectral_contrast:
        mean: [-1.2783080372e-08, -4.46302436785e-07, 1.16252564908e-07, -3.92346208855e-07, -2.5479357646e-07, -3.58061896577e-07, -3.50104940594e-08, 3.71494638784e-06, -2.42006422013e-06, -2.20580591304e-06, 2.41503698817e-06, -3.18309776048e-06]
        var: [0.000307365611661, 0.000686964369379, 0.00117387087084, 0.00152764515951, 0.00319254794158, 0.00496333139017, 0.0603362880647, 0.0927380770445, 0.180749133229, 0.71178996563, 0.846776366234, 3.27662920952]

rhythm:
    beats_loudness:
        dmean: 0.0047648656182
        dmean2: 0.00902491249144
        dvar: 5.86752867093e-06
        dvar2: 2.09517420444e-05
        max: 0.0125152124092
        mean: 0.00567261641845
        min: 0.0007279854035
        var: 1.06469760794e-05
    beats_loudness_bass:
        dmean: 0.442083358765
        dmean2: 0.842015981674
        dvar: 0.0250435173512
        dvar2: 0.101926751435
        max: 0.78999787569
        mean: 0.428237199783
        min: 0.0357384197414
        var: 0.0689043626189
    bpm: 156.71333313
    bpm_confidence: 0
    first_peak_bpm: 157
    first_peak_spread: 0
    first_peak_weight: 0.958333313465
    onset_rate: 5.41148519516
    second_peak_bpm: 146
    second_peak_spread: 0
    second_peak_weight: 0.0416666679084
    beats_position: [0.367753833532, 0.750552892685, 1.13335192204, 1.51615095139, 1.89894998074, 2.28174901009, 2.66454792023, 3.04734730721, 3.43014621735, 3.81294536591, 4.19574451447, 4.57854318619, 4.96134233475, 5.34414148331, 5.72694063187, 6.13921546936, 6.52212667465, 6.90503692627, 7.28794717789, 7.6708574295, 8.05376815796, 8.43667888641, 8.81958866119, 9.20249938965, 9.5854101181]
    bpm_estimates: [156.537185669, 157.256057739, 156.76449585, 156.733840942, 156.412017822, 157.393081665, 156.714447021, 157.142044067, 156.67980957, 157.082260132, 155.712173462, 156.620895386, 156.224975586]
    bpm_intervals: [0.382799059153, 0.38279902935, 0.38279902935, 0.38279902935, 0.38279902935, 0.382798910141, 0.382799386978, 0.382798910141, 0.38279914856, 0.38279914856, 0.382798671722, 0.38279914856, 0.38279914856, 0.38279914856, 0.412274837494, 0.382911205292, 0.382910251617, 0.382910251617, 0.382910251617, 0.382910728455, 0.382910728455, 0.38290977478, 0.382910728455, 0.382910728455]
    onset_times: [0.0580498874187, 0.197369620204, 0.383129239082, 0.487619042397, 0.580498874187, 0.684988677502, 0.754648506641, 0.870748281479, 0.96362811327, 1.06811785698, 1.13777780533, 1.25387752056, 1.34675741196, 1.45124721527, 1.52090704441, 1.63700675964, 1.72988665104, 1.82276642323, 2.11301589012, 2.28716564178, 2.48453521729, 2.62385487556, 2.80961441994, 3.04181408882, 3.26240372658, 3.64553284645, 3.83129262924, 4.01705217361, 4.21442174911, 4.40018129349, 4.59755086899, 4.7833108902, 4.8994102478, 5.18966007233, 5.36380958557, 5.56117916107, 5.70049905777, 5.88625860214, 6.11845827103, 6.33904743195, 6.52480745316, 6.72217702866, 6.90793657303, 7.0936961174, 7.2910656929, 7.47682523727, 7.67419481277, 7.85995483398, 8.25469398499, 8.63782310486, 9.02095222473, 9.33442211151, 9.41569137573, 9.81043052673]
    rubato_start: []
    rubato_stop: []
    perceptual_tempo: "unknown"

sfx:
    inharmonicity:
        dmean: 0.0322802551091
        dmean2: 0.0547606348991
        dvar: 0.00167546549346
        dvar2: 0.00442236755043
        max: 0.277900695801
        mean: 0.0405371338129
        min: 0
        var: 0.002179923933
    oddtoevenharmonicenergyratio:
        dmean: 2.24457287788
        dmean2: 3.96809506416
        dvar: 24.7773990631
        dvar2: 68.9027023315
        max: 46.2794265747
        mean: 2.15979528427
        min: 0
        var: 21.1247940063
    pitch_after_max_to_before_max_energy_ratio: 2.01431393623
    pitch_centroid: 192.807327271
    pitch_max_to_total: 0.293689310551
    pitch_min_to_total: 0.769417464733
    tristimulus:
        dmean: [0.177461251616, 0.190350517631, 0.106194905937]
        dmean2: [0.301177948713, 0.327741444111, 0.19078360498]
        dvar: [0.0415345989168, 0.0414004512131, 0.0176223497838]
        dvar2: [0.088380612433, 0.103887289762, 0.0464335121214]
        max: [1, 0.961592376232, 0.83871537447]
        mean: [0.403940886259, 0.427239060402, 0.142837658525]
        min: [0.0034266919829, 0, 0]
        var: [0.106056205928, 0.0753568038344, 0.0190879292786]

tonal:
    chords_changes_rate: 0.100478470325
    chords_number_rate: 0.0191387552768
    chords_strength:
        dmean: 0.00728855002671
        dmean2: 0.0106756668538
        dvar: 4.04286402045e-05
        dvar2: 8.63224631757e-05
        max: 0.645412027836
        mean: 0.562777519226
        min: 0.467384010553
        var: 0.00197500619106
    key_strength: 0.709270000458
    tuning_diatonic_strength: 0.561598777771
    tuning_equal_tempered_deviation: 0.213464200497
    tuning_frequency: 443.828887939
    tuning_nontempered_energy_ratio: 0.834105372429
    hpcp:
        dmean: [0.214573785663, 0.227923214436, 0.240279898047, 0.16851554811, 0.120507076383, 0.118001803756, 0.126822113991, 0.1348451823, 0.115294270217, 0.0826991796494, 0.0808326005936, 0.0963443219662, 0.114428631961, 0.161821126938, 0.269260138273, 0.26819011569, 0.195061340928, 0.103990748525, 0.0782014876604, 0.0755674317479, 0.100312754512, 0.124866440892, 0.178221866488, 0.179391801357, 0.144536271691, 0.16483643651, 0.165920987725, 0.116752557456, 0.0723397880793, 0.0567487254739, 0.0794176608324, 0.101753547788, 0.109218113124, 0.162772715092, 0.196638971567, 0.227328240871]
        dmean2: [0.363088548183, 0.413644880056, 0.435008496046, 0.296719253063, 0.216227859259, 0.226420760155, 0.237407207489, 0.248111724854, 0.211861640215, 0.151664614677, 0.151233971119, 0.178744703531, 0.204554870725, 0.281882166862, 0.44778329134, 0.453778117895, 0.339111059904, 0.191216036677, 0.138646245003, 0.123963885009, 0.179351195693, 0.231386080384, 0.329679220915, 0.324819743633, 0.267347633839, 0.310228288174, 0.301226049662, 0.210691645741, 0.127418965101, 0.0988051220775, 0.140063613653, 0.178906023502, 0.196175009012, 0.298639863729, 0.350321829319, 0.401150792837]
        dvar: [0.0446761921048, 0.0831613838673, 0.096377030015, 0.0604450926185, 0.0356775559485, 0.0366485826671, 0.044715501368, 0.0445428527892, 0.0373811647296, 0.0153610557318, 0.0247699525207, 0.0349604636431, 0.0460595712066, 0.0401973761618, 0.0752000361681, 0.103827238083, 0.0465117953718, 0.0257288850844, 0.0221359096467, 0.0149478744715, 0.0321378968656, 0.0357318483293, 0.0599352531135, 0.0742893069983, 0.0517182871699, 0.0685297548771, 0.0498153045774, 0.0248161330819, 0.0129235675558, 0.00601025717333, 0.0184581689537, 0.0288163553923, 0.0331148430705, 0.0689616054296, 0.0613427236676, 0.0666841119528]
        dvar2: [0.100499585271, 0.215217739344, 0.244945526123, 0.159096702933, 0.0935175642371, 0.109449081123, 0.131181225181, 0.135191529989, 0.112779729068, 0.043615821749, 0.0722745731473, 0.103787399828, 0.129213124514, 0.10757984221, 0.158840194345, 0.166496947408, 0.117551252246, 0.0748526602983, 0.0641912594438, 0.0386755429208, 0.0889656320214, 0.1070741117, 0.170593574643, 0.20147690177, 0.13767182827, 0.20708681643, 0.150633946061, 0.06880235672, 0.0349270813167, 0.0153290303424, 0.0389000847936, 0.0593104511499, 0.0885203331709, 0.184477880597, 0.150091171265, 0.187754109502]
        max: [1, 1, 1, 1, 1, 1, 1, 1, 1, 0.72892087698, 1, 1, 1, 1, 1, 1, 1, 1, 1, 0.914019405842, 1, 1, 1, 1, 1, 1, 1, 0.835970878601, 0.683023989201, 0.514621436596, 1, 1, 1, 1, 1, 1]
        mean: [0.276611566544, 0.228189408779, 0.204471230507, 0.162295296788, 0.126050248742, 0.10682155937, 0.114359267056, 0.135334581137, 0.124692671001, 0.0874343141913, 0.0757788047194, 0.0884034857154, 0.106746703386, 0.183410018682, 0.483984977007, 0.558339774609, 0.251043498516, 0.0912585631013, 0.0764395520091, 0.0759690776467, 0.0978609919548, 0.11360669136, 0.135926783085, 0.144747108221, 0.112742573023, 0.125607952476, 0.151967614889, 0.115167751908, 0.0741306170821, 0.0653734207153, 0.0883989483118, 0.114116698503, 0.10694630444, 0.134000390768, 0.186037778854, 0.264113664627]
        min: [0.00114944006782, 0.00156049954239, 0.0069409715943, 0.000623597705271, 0.00030072091613, 0.000404100865126, 0.000431906082667, 0.000133470850415, 0.000528029515408, 0.000459626811789, 0.000352602946805, 0.000123968377011, 0.000381786812795, 0.00193185580429, 0.00207551568747, 0.000259691179963, 0.000207805889659, 0.000265091599431, 0.00114584132098, 0.00128384004347, 0.000352614297299, 0.000189104393939, 0.00179494847544, 0.00272087869234, 0.000513129343744, 0.00118179945275, 0.000433820358012, 0.000632326991763, 0.000175331399078, 8.61021544551e-05, 0.000531724072061, 0.000905464170501, 0.00282020191662, 0.000373202987248, 0.000364651205018, 0.000176639747224]
        var: [0.0687925294042, 0.0713983923197, 0.0843200236559, 0.0534254238009, 0.0311512611806, 0.0239090006799, 0.0289173349738, 0.0310971178114, 0.0270317140967, 0.0140887899324, 0.017344519496, 0.0231533423066, 0.0349147580564, 0.0433756709099, 0.134961128235, 0.178931757808, 0.0572377517819, 0.0192062780261, 0.0169635750353, 0.0160809922963, 0.0238057542592, 0.0231267474592, 0.0437786690891, 0.0579278841615, 0.0391562879086, 0.0443722978234, 0.0385425388813, 0.0200989805162, 0.0114719020203, 0.00741776823997, 0.0219178944826, 0.0360134132206, 0.0283065121621, 0.0515262782574, 0.0588522590697, 0.0759575143456]
    chords_histogram: [43.0622024536, 0, 0, 0, 0, 0, 0, 25.8373203278, 0, 0, 0, 0, 0, 0, 0, 0, 0, 27.2727279663, 0, 0, 0, 0, 0, 3.82775115967]
    thpcp: [1, 0.449624955654, 0.163446292281, 0.13690507412, 0.136062443256, 0.175271391869, 0.203472316265, 0.243448153138, 0.259245574474, 0.201924666762, 0.224966868758, 0.272177666426, 0.20626822114, 0.132769718766, 0.117085374892, 0.15832464397, 0.204385757446, 0.191543415189, 0.239997938275, 0.333198159933, 0.473033934832, 0.49541798234, 0.408692747355, 0.366212904453, 0.290674775839, 0.225759029388, 0.191319987178, 0.204820200801, 0.242387503386, 0.223327577114, 0.156596958637, 0.135721668601, 0.158332780004, 0.191185921431, 0.328491777182, 0.866828739643]
    chords_key: "D"
    chords_scale: "minor"
    key_key: "D"
    key_scale: "minor"
    chords_progression: ["D", "D", "D", "D", "D", "D", "D", "D", "D", "D", "D", "D", "D", "D", "D", "D", "D", "D", "D", "D", "D", "D", "D", "Dm", "Dm", "Dm", "Dm", "Dm", "Dm", "Dm", "Dm", "Dm", "Dm", "Dm", "Dm", "Dm", "Dm", "Dm", "Dm", "Dm", "Dm", "Dm", "Dm", "Dm", "C#", "C#", "C#", "C#", "Dm", "Dm", "Dm", "Dm", "Dm", "Dm", "Dm", "Dm", "Dm", "Dm", "Dm", "C#", "Dm", "C#", "C#", "C#", "C#", "C#", "C#", "C#", "C#", "C#", "C#", "C#", "C#", "C#", "C#", "C#", "C#", "C#", "C#", "C#", "C#", "C#", "C#", "C#", "C#", "C#", "C#", "C#", "C#", "C#", "C#", "C#", "C#", "C#", "C#", "C#", "C#", "C#", "C#", "C#", "C#", "C#", "C#", "D", "Dm", "D", "D", "D", "D", "D", "D", "D", "D", "D", "Dm", "Dm", "Dm", "Dm", "Dm", "Dm", "Dm", "Dm", "Dm", "Dm", "Dm", "Dm", "Dm", "Dm", "Dm", "Dm", "Dm", "Dm", "Dm", "Dm", "Dm", "Dm", "Dm", "Dm", "Dm", "Dm", "Dm", "Dm", "Dm", "Dm", "Dm", "D", "D", "Dm", "D", "D", "Dm", "Dm", "Dm", "D", "Dm", "Dm", "D", "D", "C#", "C#", "C#", "C#", "C#", "C#", "C#", "C#", "C#", "C#", "D", "D", "D", "D", "D", "D", "D", "D", "D", "D", "D", "D", "D", "D", "Dm", "Dm", "Dm", "Dm", "Dm", "Dm", "Dm", "Dm", "Dm", "Dm", "Dm", "Dm", "Dm", "Dm", "Dm", "Dm", "Dm", "Dm", "Dm", "A#", "A#", "A#", "A#", "A#", "A#", "A#", "A#"]
