
metadata:
    version:
        essentia: "1.2.2"
    audio_properties:
        analysis_sample_rate: 44100
        bitrate: 128
        channels: 2
        equal_loudness: 1
        length: 10.0048980713
        replay_gain: -4.11594581604
        downmix: "mix"
    tags:
        track: 2
        year: 0
        album: "Splitted by Mp3Splt v. 2.1"
        artist: "From 000.10 To 000.20"
        comment: "http://mp3splt.sf.net"
        genre: ""
        title: "01 Punk Rock.mp3"

highlevel:
    ballroom:
        all:
            ChaChaCha: 0.021365577355
            Jive: 0.0642972812057
            Quickstep: 0.0282677095383
            Rumba-American: 0.0313472002745
            Rumba-International: 0.0912325009704
            Rumba-Misc: 0.0849666297436
            Samba: 0.0430142246187
            Tango: 0.0213273391128
            VienneseWaltz: 0.151568055153
            Waltz: 0.462613493204
        probability: 0.462613493204
        value: "Waltz"
    culture:
        all:
            non_western: 0.041493948549
            western: 0.958506047726
        probability: 0.958506047726
        value: "western"
    gender:
        all:
            female: 0.724595308304
            male: 0.275404661894
        probability: 0.724595308304
        value: "female"
    genre_dortmund:
        all:
            alternative: 0.0226877070963
            blues: 0.0061103166081
            electronic: 0.738398373127
            folkcountry: 0.0393447503448
            funksoulrnb: 0.00527241965756
            jazz: 0.0384300127625
            pop: 0.0318608321249
            raphiphop: 0.00309183937497
            rock: 0.114803768694
        probability: 0.738398373127
        value: "electronic"
    genre_electronica:
        all:
            ambient: 0.967722058296
            dnb: 0.0174666419625
            house: 0.00545679265633
            techno: 0.00160328124184
            trance: 0.0077512296848
        probability: 0.967722058296
        value: "ambient"
    genre_rosamerica:
        all:
            cla: 0.581843078136
            dan: 0.00816172268242
            hip: 0.00674534030259
            jaz: 0.0395829677582
            pop: 0.12126661092
            rhy: 0.139331683517
            roc: 0.0910968706012
            spe: 0.0119717204943
        probability: 0.581843078136
        value: "cla"
    genre_tzanetakis:
        all:
            blu: 0.0146500300616
            cla: 0.668434977531
            cou: 0.0699106156826
            dis: 0.0178997311741
            hip: 0.00901114009321
            jaz: 0.0700258612633
            met: 0.0109700262547
            pop: 0.029905769974
            reg: 0.0379489138722
            roc: 0.0712429210544
        probability: 0.668434977531
        value: "cla"
    live_studio:
        all:
            live: 0.150474756956
            studio: 0.849525213242
        probability: 0.849525213242
        value: "studio"
    mood:
        all:
            Cluster1: 0.0770710930228
            Cluster2: 0.144344285131
            Cluster3: 0.414862275124
            Cluster4: 0.185513705015
            Cluster5: 0.178208619356
        probability: 0.414862275124
        value: "Cluster3"
    mood_acoustic:
        all:
            acoustic: 0.508774161339
            not_acoustic: 0.491225868464
        probability: 0.508774161339
        value: "acoustic"
    mood_aggressive:
        all:
            aggressive: 0.101457029581
            not_aggressive: 0.898543000221
        probability: 0.898543000221
        value: "not_aggressive"
    mood_electronic:
        all:
            electronic: 0.527743816376
            not_electronic: 0.472256183624
        probability: 0.527743816376
        value: "electronic"
    mood_happy:
        all:
            happy: 0.227296113968
            not_happy: 0.772703886032
        probability: 0.772703886032
        value: "not_happy"
    mood_party:
        all:
            not_party: 0.976232886314
            party: 0.0237671341747
        probability: 0.976232886314
        value: "not_party"
    mood_relaxed:
        all:
            not_relaxed: 0.259623497725
            relaxed: 0.740376472473
        probability: 0.740376472473
        value: "relaxed"
    mood_sad:
        all:
            not_sad: 3.00000096379e-14
            sad: 1
        probability: 1
        value: "sad"
    rhythm:
        all:
            fast: 0.94310683012
            medium: 0.040686044842
            slow: 0.0162071362138
        probability: 0.94310683012
        value: "fast"
    speech_music:
        all:
            music: 3.00000096379e-14
            speech: 1
        probability: 1
        value: "speech"
    timbre:
        all:
            bright: 0.267708927393
            dark: 0.732291042805
        probability: 0.732291042805
        value: "dark"
    voice_instrumental:
        all:
            instrumental: 0.943053424358
            voice: 0.0569466017187
        probability: 0.943053424358
        value: "instrumental"

lowlevel:
    average_loudness: 0.972903370857
    barkbands_kurtosis:
        dmean: 1.65459823608
        dmean2: 2.70239090919
        dvar: 7.5794043541
        dvar2: 20.0298461914
        max: 21.6720104218
        mean: 1.42048168182
        min: -1.78336119652
        var: 15.7089271545
    barkbands_skewness:
        dmean: 0.41751486063
        dmean2: 0.643116593361
        dvar: 0.207028582692
        dvar2: 0.485446661711
        max: 4.41611814499
        mean: 1.07398629189
        min: -0.852119505405
        var: 1.04454827309
    barkbands_spread:
        dmean: 2.80105400085
        dmean2: 4.37714958191
        dvar: 10.7632608414
        dvar2: 25.6021518707
        max: 36.3448791504
        mean: 13.3705644608
        min: 2.3810544014
        var: 33.9967041016
    dissonance:
        dmean: 0.0275748595595
        dmean2: 0.0463773310184
        dvar: 0.000631141418125
        dvar2: 0.00165051419754
        max: 0.49960026145
        mean: 0.432982474566
        min: 0.262204051018
        var: 0.00121250806842
    hfc:
        dmean: 0.620931863785
        dmean2: 0.876888513565
        dvar: 0.678763687611
        dvar2: 1.1257070303
        max: 11.4689092636
        mean: 3.12480378151
        min: 0.27883297205
        var: 5.2956237793
    pitch:
        dmean: 163.394546509
        dmean2: 308.475616455
        dvar: 205937.265625
        dvar2: 582614.3125
        max: 3392.30761719
        mean: 302.117340088
        min: 86.1328125
        var: 132398.484375
    pitch_instantaneous_confidence:
        dmean: 0.0800487995148
        dmean2: 0.132867217064
        dvar: 0.00551904924214
        dvar2: 0.0151713276282
        max: 0.891864001751
        mean: 0.508833408356
        min: 0.218422532082
        var: 0.0179678518325
    pitch_salience:
        dmean: 0.0561847165227
        dmean2: 0.0927708372474
        dvar: 0.00276764063165
        dvar2: 0.00746197532862
        max: 0.833335638046
        mean: 0.551765680313
        min: 0.190181136131
        var: 0.0139552019536
    silence_rate_20dB:
        dmean: 0
        dmean2: 0
        dvar: 0
        dvar2: 0
        max: 1
        mean: 1
        min: 1
        var: 0
    silence_rate_30dB:
        dmean: 0
        dmean2: 0
        dvar: 0
        dvar2: 0
        max: 1
        mean: 1
        min: 1
        var: 0
    silence_rate_60dB:
        dmean: 0.0534883737564
        dmean2: 0.107226103544
        dvar: 0.0506273806095
        dvar2: 0.105052731931
        max: 1
        mean: 0.401392102242
        min: 0
        var: 0.240276202559
    spectral_centroid:
        dmean: 98.0233001709
        dmean2: 153.870025635
        dvar: 12468.0214844
        dvar2: 27521.9609375
        max: 1553.49572754
        mean: 721.439147949
        min: 238.733383179
        var: 66131.765625
    spectral_complexity:
        dmean: 1.77336454391
        dmean2: 2.8220140934
        dvar: 3.28742647171
        dvar2: 6.97068071365
        max: 25
        mean: 9.34265708923
        min: 1
        var: 23.5259552002
    spectral_crest:
        dmean: 2.05288743973
        dmean2: 3.41478729248
        dvar: 4.27738332748
        dvar2: 12.0897417068
        max: 20.6530036926
        mean: 9.84808063507
        min: 4.23864364624
        var: 13.4735174179
    spectral_decrease:
        dmean: 2.26068400111e-10
        dmean2: 3.46247114313e-10
        dvar: 6.82220893742e-20
        dvar2: 1.56267407032e-19
        max: -1.12418803433e-10
        mean: -1.07294584328e-09
        min: -3.03201197482e-09
        var: 4.62201487828e-19
    spectral_energy:
        dmean: 0.00089667836437
        dmean2: 0.00136209046468
        dvar: 1.06794925614e-06
        dvar2: 2.39247697209e-06
        max: 0.0119562149048
        mean: 0.00433296849951
        min: 0.000450519932201
        var: 7.51941433919e-06
    spectral_energyband_high:
        dmean: 2.8520148021e-07
        dmean2: 4.14609786503e-07
        dvar: 2.20040110264e-12
        dvar2: 2.80460854193e-12
        max: 2.83479930658e-05
        mean: 5.40761050161e-07
        min: 1.22335663377e-07
        var: 2.26240857645e-12
    spectral_energyband_low:
        dmean: 2.29109937209e-05
        dmean2: 3.63381659554e-05
        dvar: 4.80494000143e-09
        dvar2: 8.37463431935e-09
        max: 0.00111827836372
        mean: 7.2728311352e-05
        min: 2.44904327928e-07
        var: 1.38997791055e-08
    spectral_energyband_middle_high:
        dmean: 0.000373997027054
        dmean2: 0.00053938687779
        dvar: 2.96361690744e-07
        dvar2: 5.29899466528e-07
        max: 0.00745619740337
        mean: 0.00134446343873
        min: 5.15425090271e-05
        var: 1.66173379057e-06
    spectral_energyband_middle_low:
        dmean: 0.000810843019281
        dmean2: 0.00130610750057
        dvar: 9.40619997891e-07
        dvar2: 2.33238256442e-06
        max: 0.0113685000688
        mean: 0.00291515956633
        min: 0.000309204071527
        var: 4.38017059423e-06
    spectral_flatness_db:
        dmean: 0.015433428809
        dmean2: 0.0255644377321
        dvar: 0.000268532865448
        dvar2: 0.000621633662377
        max: 0.397073686123
        mean: 0.297327756882
        min: 0.109006159008
        var: 0.00114646402653
    spectral_flux:
        dmean: 0.00739522185177
        dmean2: 0.0116837983951
        dvar: 5.91229327256e-05
        dvar2: 0.000148221210111
        max: 0.0847545713186
        mean: 0.0308156181127
        min: 0.00561861135066
        var: 0.000294571509585
    spectral_kurtosis:
        dmean: 14.0442552567
        dmean2: 24.3479347229
        dvar: 130.762542725
        dvar2: 365.336242676
        max: 95.9083786011
        mean: 37.4253616333
        min: 4.73742246628
        var: 358.579620361
    spectral_rms:
        dmean: 0.000207617107662
        dmean2: 0.000311053387122
        dvar: 5.13635427524e-08
        dvar2: 1.13288599835e-07
        max: 0.00341534777544
        mean: 0.00194162910338
        min: 0.000662971811835
        var: 4.5736723564e-07
    spectral_rolloff:
        dmean: 237.670181274
        dmean2: 407.567443848
        dvar: 115355.867188
        dvar2: 263566.0625
        max: 2670.1171875
        mean: 1301.17871094
        min: 193.798828125
        var: 372413.6875
    spectral_skewness:
        dmean: 0.899066448212
        dmean2: 1.5353500843
        dvar: 0.499544769526
        dvar2: 1.41904366016
        max: 7.1953997612
        mean: 3.79085421562
        min: 1.14094150066
        var: 1.30211901665
    spectral_spread:
        dmean: 214152.25
        dmean2: 321641
        dvar: 995737993216
        dvar2: 979935559680
        max: 22095028
        mean: 1396195.5
        min: 767544.1875
        var: 1.12169713664e+12
    spectral_strongpeak:
        dmean: 0.232945233583
        dmean2: 0.415169507265
        dvar: 0.160050421953
        dvar2: 0.384691536427
        max: 3.81333088875
        mean: 0.500677108765
        min: 0.0745725482702
        var: 0.217232570052
    zerocrossingrate:
        dmean: 0.00426105270162
        dmean2: 0.00505662709475
        dvar: 1.59957871801e-05
        dvar2: 2.23699371418e-05
        max: 0.07666015625
        mean: 0.0413855351508
        min: 0.01318359375
        var: 0.000173245804035
    barkbands:
        dmean: [1.72764430317e-07, 8.24975188607e-07, 2.2152584279e-05, 0.000289322138997, 9.51959664235e-05, 0.000322016858263, 0.000299815612379, 0.000221638969379, 0.000150284045958, 0.000109879714728, 0.000101225574326, 0.000132474466227, 0.000149410814629, 0.000105407983938, 8.29945056466e-05, 4.6918514272e-05, 4.58736903965e-05, 1.7111085981e-05, 6.11435143583e-06, 7.86824784882e-07, 7.81469466915e-08, 1.68399338918e-08, 9.86985249085e-09, 8.16825451722e-09, 7.68935048967e-09, 6.98685642675e-09, 7.38543093348e-09]
        dmean2: [1.73965773342e-07, 1.03347883851e-06, 3.54825970135e-05, 0.000515140127391, 0.00015517573047, 0.000526245567016, 0.00046227031271, 0.000319595186738, 0.000231803598581, 0.000172725092852, 0.000160222727573, 0.000212183163967, 0.000230403209571, 0.00017088605091, 0.000133802896016, 7.23052289686e-05, 6.86263883836e-05, 2.9919341614e-05, 1.02162030089e-05, 1.22260746593e-06, 1.15190879058e-07, 2.16663487151e-08, 1.13053397754e-08, 8.70678995568e-09, 8.15101408591e-09, 7.12291603477e-09, 7.5184409809e-09]
        dvar: [1.2586734606e-11, 1.23170862398e-10, 4.1182262045e-09, 3.17339640787e-07, 2.34794086396e-08, 2.21066869699e-07, 3.95298201283e-07, 2.35134294257e-07, 8.91059741548e-08, 6.07404899711e-08, 3.99020834152e-08, 1.00507669742e-07, 8.25850321462e-08, 5.1631488418e-08, 3.56818361524e-08, 1.03801669482e-08, 7.88648168992e-09, 2.2969690594e-09, 2.43145337198e-10, 3.90420595159e-12, 9.10888863794e-14, 3.95780718582e-14, 2.66018913305e-14, 2.34780185744e-14, 2.13740531079e-14, 1.98753011526e-14, 2.23406481438e-14]
        dvar2: [1.26112826779e-11, 1.24333918161e-10, 8.21755108404e-09, 9.76597789304e-07, 6.39838901861e-08, 5.06257038069e-07, 9.56567077992e-07, 4.6485661187e-07, 2.29336194479e-07, 1.29152823547e-07, 1.07471798572e-07, 2.59569219452e-07, 1.98872541546e-07, 1.36256588235e-07, 8.84364794729e-08, 2.21430642711e-08, 1.46446579308e-08, 6.0386158296e-09, 6.14823358891e-10, 8.27200460907e-12, 1.1647192271e-13, 3.93916161896e-14, 2.65626686228e-14, 2.34845068468e-14, 2.13640394844e-14, 1.98744219324e-14, 2.2339726572e-14]
        max: [7.35005887691e-05, 0.000231322686886, 0.000849317235406, 0.00439580436796, 0.00157011451665, 0.0050254217349, 0.00914562866092, 0.00603682082146, 0.00352125125937, 0.00288310926408, 0.00217294180766, 0.00368308508769, 0.00331548927352, 0.00279624783434, 0.00173845363315, 0.0013775464613, 0.00161589204799, 0.00076273950981, 0.000150967942318, 2.51321580436e-05, 5.41511781194e-06, 4.15721660829e-06, 3.39071266353e-06, 3.18148477163e-06, 3.03609272123e-06, 2.92406275548e-06, 3.09994834424e-06]
        mean: [1.72224744688e-07, 2.68728763331e-06, 6.99528100085e-05, 0.000728423940018, 0.000340297061484, 0.00072796526365, 0.000429433624959, 0.000379548204364, 0.000278696854366, 0.000173876906047, 0.000162229043781, 0.000187617930351, 0.000257937499555, 0.000181436145795, 0.0001545031555, 9.40196841839e-05, 0.000124577214592, 2.93632347166e-05, 8.75117348187e-06, 1.21212246995e-06, 1.88085948594e-07, 3.52131301895e-08, 1.5091606187e-08, 1.13568088267e-08, 1.03486570424e-08, 7.12799419489e-09, 7.38384686727e-09]
        min: [2.26493780328e-12, 7.2998751488e-10, 1.89007849372e-07, 6.04364771561e-08, 6.52726726003e-07, 2.09205936699e-05, 5.03466753798e-06, 4.99404961829e-07, 2.70213854492e-06, 1.13540727398e-06, 7.23132416169e-07, 4.27000259151e-07, 1.7976236677e-06, 1.93054393094e-06, 9.18688613183e-07, 1.1663373698e-06, 2.89352828986e-06, 8.2131492718e-07, 1.5664299724e-07, 7.40646441955e-08, 3.52453533026e-08, 9.84380399416e-09, 2.89294277422e-09, 2.25094365369e-09, 1.82314363606e-09, 9.66836125049e-11, 1.71916682279e-11]
        var: [1.25632022147e-11, 1.31563995809e-10, 1.28726114212e-08, 9.26519362565e-07, 7.66831860233e-08, 5.54814164389e-07, 7.16748559171e-07, 6.06183618856e-07, 1.87339963986e-07, 1.01199347569e-07, 6.69364723649e-08, 1.53014070747e-07, 1.74953314058e-07, 1.07092716917e-07, 5.90494622088e-08, 2.47279814403e-08, 3.4403864646e-08, 4.0278207436e-09, 2.36852981672e-10, 5.73987515504e-12, 1.33979416103e-13, 3.97632434249e-14, 2.66285881149e-14, 2.34813186148e-14, 2.13908988992e-14, 1.98797548518e-14, 2.23457557525e-14]
    mfcc:
        mean: [-847.50213623, 243.816635132, -98.8181304932, 7.4966173172, 3.65414714813, -26.2535266876, -23.4439601898, -17.5608291626, -19.5538291931, -22.0375938416, -13.2323942184, -14.3954381943, -15.2050123215]
        cov: [[935.863952637, 346.230285645, -400.460357666, -269.929077148, -105.709899902, -53.6532363892, 34.0311431885, 38.7284736633, 55.5616722107, 73.3081588745, 77.3109817505, 92.5285110474, 47.1426925659], [346.230285645, 365.487487793, -86.075920105, -269.879608154, -114.998321533, -20.1773433685, -23.577709198, 11.0561227798, 26.4549064636, 12.4170093536, 62.637462616, 81.6351013184, 46.474609375], [-400.460357666, -86.075920105, 397.166259766, 128.417434692, 17.1983776093, 57.887802124, 6.49671173096, 6.68731164932, -14.1265707016, -28.3709526062, 1.647818923, 7.97275686264, -1.44463908672], [-269.929077148, -269.879608154, 128.417434692, 399.09185791, 146.131332397, -23.8434486389, 21.2737121582, -1.02507174015, -17.8463878632, 11.3297920227, -51.1515617371, -71.5104370117, -31.2530021667], [-105.709899902, -114.998321533, 17.1983776093, 146.131332397, 162.954452515, 66.1578903198, -16.0101947784, -7.69393491745, 23.4113025665, 42.6034660339, 12.0435581207, -36.2951927185, -15.6291837692], [-53.6532363892, -20.1773433685, 57.887802124, -23.8434486389, 66.1578903198, 159.404190063, 66.6436920166, 24.2341461182, 20.4711341858, 33.1376876831, 64.1082687378, 27.5826129913, 0.404213935137], [34.0311431885, -23.577709198, 6.49671173096, 21.2737121582, -16.0101947784, 66.6436920166, 172.009552002, 94.759979248, -0.409881174564, 21.557723999, 42.2563095093, 20.6059684753, 11.6478395462], [38.7284736633, 11.0561227798, 6.68731164932, -1.02507174015, -7.69393491745, 24.2341461182, 94.759979248, 168.068099976, 90.2389755249, 2.38514304161, 25.8425197601, 37.6270751953, 14.7360658646], [55.5616722107, 26.4549064636, -14.1265707016, -17.8463878632, 23.4113025665, 20.4711341858, -0.409881174564, 90.2389755249, 131.436431885, 37.1046257019, 14.873249054, 34.2505378723, 19.0267715454], [73.3081588745, 12.4170093536, -28.3709526062, 11.3297920227, 42.6034660339, 33.1376876831, 21.557723999, 2.38514304161, 37.1046257019, 121.488334656, 80.0385818481, 6.06819677353, 28.8085823059], [77.3109817505, 62.637462616, 1.647818923, -51.1515617371, 12.0435581207, 64.1082687378, 42.2563095093, 25.8425197601, 14.873249054, 80.0385818481, 155.582015991, 89.5701293945, 33.3458862305], [92.5285110474, 81.6351013184, 7.97275686264, -71.5104370117, -36.2951927185, 27.5826129913, 20.6059684753, 37.6270751953, 34.2505378723, 6.06819677353, 89.5701293945, 143.014694214, 47.283946991], [47.1426925659, 46.474609375, -1.44463908672, -31.2530021667, -15.6291837692, 0.404213935137, 11.6478395462, 14.7360658646, 19.0267715454, 28.8085823059, 33.3458862305, 47.283946991, 74.0156555176]]
        icov: [[0.0035494917538, -0.0029560260009, 0.00312229571864, -0.000892285373993, 0.000811562524177, -0.000236036561546, -0.000734284927603, -0.000213154737139, 0.000213582548895, -0.00233073695563, 0.00150660960935, -0.00207952456549, 0.0011121329153], [-0.0029560260009, 0.00899373367429, -0.00319615309127, 0.00555762648582, -0.00167078338563, 0.00336803309619, 1.86655015568e-05, 0.000343325315043, -0.000619979458861, 0.00121477432549, -0.00214326381683, 0.000543275324162, -0.00161749531981], [0.00312229571864, -0.00319615309127, 0.00793098751456, -0.00656044529751, 0.00860340148211, -0.00861260667443, 0.00551874795929, -0.00312321353704, 0.00167945050634, -0.000923506682739, -4.42237214884e-05, -5.20866233273e-05, -0.000999165000394], [-0.000892285373993, 0.00555762648582, -0.00656044529751, 0.0162590462714, -0.0189543981105, 0.0171817168593, -0.0116975968704, 0.00393500318751, -0.000434174726252, -0.00168770155869, 0.00340528367087, -0.0044808415696, 0.00287401420064], [0.000811562524177, -0.00167078338563, 0.00860340148211, -0.0189543981105, 0.0369107462466, -0.0281603354961, 0.0213801860809, -0.00856154691428, 0.00175674573984, -0.00262024602853, -0.00438491860405, 0.00808013416827, -0.00363364163786], [-0.000236036561546, 0.00336803309619, -0.00861260667443, 0.0171817168593, -0.0281603354961, 0.0348993204534, -0.0255454871804, 0.0154529334977, -0.0114948013797, 0.00667256908491, -0.00497219059616, -0.0028050893452, 0.00431883521378], [-0.000734284927603, 1.86655015568e-05, 0.00551874795929, -0.0116975968704, 0.0213801860809, -0.0255454871804, 0.0343565568328, -0.0269158091396, 0.0218652375042, -0.0137818241492, 0.00669949734583, -0.00133019208442, -0.00219444883987], [-0.000213154737139, 0.000343325315043, -0.00312321353704, 0.00393500318751, -0.00856154691428, 0.0154529334977, -0.0269158091396, 0.0363805107772, -0.0322611890733, 0.0225636493415, -0.0163652803749, 0.00899671576917, -0.0022424350027], [0.000213582548895, -0.000619979458861, 0.00167945050634, -0.000434174726252, 0.00175674573984, -0.0114948013797, 0.0218652375042, -0.0322611890733, 0.040518194437, -0.028273275122, 0.0233317036182, -0.0166002623737, 0.00420068576932], [-0.00233073695563, 0.00121477432549, -0.000923506682739, -0.00168770155869, -0.00262024602853, 0.00667256908491, -0.0137818241492, 0.0225636493415, -0.028273275122, 0.0422726273537, -0.0322949774563, 0.0234739296138, -0.0125538287684], [0.00150660960935, -0.00214326381683, -4.42237214884e-05, 0.00340528367087, -0.00438491860405, -0.00497219059616, 0.00669949734583, -0.0163652803749, 0.0233317036182, -0.0322949774563, 0.0384447164834, -0.0261613372713, 0.00909306574613], [-0.00207952456549, 0.000543275324162, -5.20866233273e-05, -0.0044808415696, 0.00808013416827, -0.0028050893452, -0.00133019208442, 0.00899671576917, -0.0166002623737, 0.0234739296138, -0.0261613372713, 0.0298411976546, -0.0129165854305], [0.0011121329153, -0.00161749531981, -0.000999165000394, 0.00287401420064, -0.00363364163786, 0.00431883521378, -0.00219444883987, -0.0022424350027, 0.00420068576932, -0.0125538287684, 0.00909306574613, -0.0129165854305, 0.0229742433876]]
    spectral_contrast:
        mean: [-5.75787453272e-07, -1.98030875254e-07, 2.34589077053e-08, -1.15996336092e-07, 2.66427718998e-07, -1.97136458269e-07, -1.54499684868e-06, 4.43297403763e-06, 1.61974583079e-06, -6.94467053108e-06, 2.6587283628e-06, 6.94137099799e-07]
        var: [0.000133354886202, 0.00120089121629, 0.00171092350502, 0.00298889633268, 0.00379062863067, 0.00520541332662, 0.0401751920581, 0.10458099097, 0.139920249581, 0.184460490942, 0.640503585339, 1.15744578838]

rhythm:
    beats_loudness:
        dmean: 0.00358214019798
        dmean2: 0.00618445826694
        dvar: 6.31954480923e-06
        dvar2: 8.48393756314e-06
        max: 0.012332319282
        mean: 0.00556464679539
        min: 0.000941578822676
        var: 1.12225307021e-05
    beats_loudness_bass:
        dmean: 0.0844771489501
        dmean2: 0.139082089067
        dvar: 0.00911739468575
        dvar2: 0.022892029956
        max: 0.517844676971
        mean: 0.113407514989
        min: 0.00307060196064
        var: 0.0136241521686
    bpm: 115.114891052
    bpm_confidence: 0
    first_peak_bpm: 115
    first_peak_spread: 0
    first_peak_weight: 0.523809552193
    onset_rate: 3.79813981056
    second_peak_bpm: 164
    second_peak_spread: 0
    second_peak_weight: 0.428571432829
    beats_position: [0.144624337554, 0.665908336639, 1.18719232082, 1.70847642422, 2.2297604084, 2.7510445118, 3.27232837677, 3.79361248016, 4.31489658356, 4.83618068695, 5.35746431351, 5.8787484169, 6.47959661484, 6.84586954117, 7.21214294434, 7.57841539383, 7.94468784332, 8.31096172333, 8.67723464966, 9.04350757599, 9.40978050232, 9.77605342865]
    bpm_estimates: [113.094436646, 115.908378601, 116.422332764, 114.326522827, 116.368927002, 113.645431519, 116.038215637]
    bpm_intervals: [0.521283984184, 0.521283984184, 0.521284103394, 0.521283984184, 0.521284103394, 0.521283864975, 0.521284103394, 0.521284103394, 0.521284103394, 0.521283626556, 0.521284103394, 0.600848197937, 0.366272926331, 0.366273403168, 0.366272449493, 0.366272449493, 0.366273880005, 0.366272926331, 0.366272926331, 0.366272926331, 0.366272926331]
    onset_times: [0.0580498874187, 0.592108845711, 0.626938760281, 0.719818592072, 0.812698423862, 1.17260766029, 1.4164172411, 1.69505667686, 1.764716506, 1.79954648018, 2.24072551727, 2.96054410934, 3.28562355042, 3.48299312592, 3.77324271202, 4.42340135574, 4.59755086899, 4.9806804657, 5.05034017563, 5.20126962662, 5.46829938889, 6.52480745316, 6.93115663528, 7.0356464386, 7.60453510284, 7.70902490616, 7.80190467834, 8.103764534, 8.16181373596, 8.39401340485, 8.55655288696, 8.59138298035, 8.6958732605, 8.78875255585, 9.39247131348, 9.4853515625, 9.54340171814, 9.75238132477]
    rubato_start: [6.84586954117]
    rubato_stop: [9.77605342865]
    perceptual_tempo: "unknown"

sfx:
    inharmonicity:
        dmean: 0.0346784517169
        dmean2: 0.0618116632104
        dvar: 0.00286512752064
        dvar2: 0.00747716194019
        max: 0.406846046448
        mean: 0.0307878609747
        min: 6.78856713421e-06
        var: 0.00248170178384
    oddtoevenharmonicenergyratio:
        dmean: 61.7831993103
        dmean2: 122.889053345
        dvar: 223759.03125
        dvar2: 668101.9375
        max: 6600.8984375
        mean: 31.7634906769
        min: 9.98283503577e-05
        var: 113140.320312
    pitch_after_max_to_before_max_energy_ratio: 4.26090812683
    pitch_centroid: 214.279067993
    pitch_max_to_total: 0.102564103901
    pitch_min_to_total: 0.0885780900717
    tristimulus:
        dmean: [0.255332827568, 0.259731709957, 0.0473531931639]
        dmean2: [0.452995508909, 0.459238260984, 0.0843843445182]
        dvar: [0.0741373449564, 0.0700230672956, 0.00401925109327]
        dvar2: [0.181750610471, 0.173179641366, 0.0109747191891]
        max: [0.988235294819, 0.999505281448, 0.394185364246]
        mean: [0.460652321577, 0.471550524235, 0.0449981726706]
        min: [0.000181357972906, 0, 0]
        var: [0.0972333550453, 0.0921204537153, 0.00435819709674]

tonal:
    chords_changes_rate: 0.0416666679084
    chords_number_rate: 0.0231481473893
    chords_strength:
        dmean: 0.00624442100525
        dmean2: 0.00674747303128
        dvar: 3.36301891366e-05
        dvar2: 3.50016489392e-05
        max: 0.558337986469
        mean: 0.468137711287
        min: 0.34806779027
        var: 0.00307136983611
    key_strength: 0.690282583237
    tuning_diatonic_strength: 0.517401814461
    tuning_equal_tempered_deviation: 0.102389156818
    tuning_frequency: 442.03793335
    tuning_nontempered_energy_ratio: 0.686527013779
    hpcp:
        dmean: [0.127936735749, 0.0775290280581, 0.0546088293195, 0.0623240619898, 0.0590957179666, 0.0744954273105, 0.0845411419868, 0.064677618444, 0.0616098940372, 0.0632040649652, 0.0753556117415, 0.0729982629418, 0.0594720691442, 0.0626436471939, 0.106624156237, 0.116067551076, 0.106842234731, 0.0880901888013, 0.0727448910475, 0.0587086603045, 0.110074311495, 0.131724581122, 0.153288602829, 0.113864868879, 0.12288057059, 0.096590615809, 0.0586373247206, 0.0412002019584, 0.0560013391078, 0.0658096671104, 0.0634257942438, 0.0565365068614, 0.0680344179273, 0.0771564468741, 0.075015835464, 0.119847163558]
        dmean2: [0.190020948648, 0.122356183827, 0.0970635265112, 0.103153400123, 0.0941763967276, 0.120600670576, 0.130005300045, 0.10038293153, 0.106334097683, 0.103682018816, 0.132441952825, 0.126987144351, 0.0962443426251, 0.0997526571155, 0.173982352018, 0.196528539062, 0.182658955455, 0.145624130964, 0.114298090339, 0.0976521149278, 0.184046521783, 0.208989396691, 0.247576922178, 0.202029377222, 0.204114064574, 0.164727240801, 0.101160921156, 0.0650921165943, 0.094579026103, 0.116246715188, 0.104273758829, 0.0983846336603, 0.122362866998, 0.135958358645, 0.129159107804, 0.180149883032]
        dvar: [0.031871445477, 0.0173946209252, 0.0155223757029, 0.0192785877734, 0.015680462122, 0.0192519389093, 0.0213995780796, 0.0127503238618, 0.021461635828, 0.021245656535, 0.039385844022, 0.0297188367695, 0.0147882830352, 0.0138098560274, 0.0272585470229, 0.0337149277329, 0.0296957809478, 0.0273566432297, 0.016621241346, 0.0103139160201, 0.0241650585085, 0.0350019149482, 0.0280286371708, 0.0256684888154, 0.0311026759446, 0.0286772437394, 0.0134071540087, 0.00602469267324, 0.0192526150495, 0.0165628567338, 0.00978877954185, 0.0174325685948, 0.016224341467, 0.0168388579041, 0.0143469190225, 0.0247636772692]
        dvar2: [0.0686826631427, 0.0423234663904, 0.0395996049047, 0.0485146604478, 0.0386088937521, 0.0506840161979, 0.0569585673511, 0.0347809530795, 0.0495116971433, 0.0544577986002, 0.103575266898, 0.0830860286951, 0.0378561764956, 0.0366190634668, 0.0673179924488, 0.0906396731734, 0.0782055780292, 0.072163335979, 0.0403909981251, 0.0246460363269, 0.066342972219, 0.0724189057946, 0.0728415027261, 0.0593454018235, 0.0664807781577, 0.0731560066342, 0.0297282803804, 0.0139371780679, 0.0533224754035, 0.0469324998558, 0.0254889093339, 0.0429115071893, 0.0435059219599, 0.0440356247127, 0.0385968536139, 0.0651072561741]
        max: [1, 1, 0.738633215427, 1, 1, 1, 1, 1, 1, 1, 1, 1, 0.990823984146, 1, 1, 1, 1, 1, 1, 0.699268162251, 1, 1, 0.992404043674, 1, 1, 1, 1, 0.625203847885, 1, 0.898663818836, 0.84365093708, 1, 0.913780212402, 1, 1, 1]
        mean: [0.294209867716, 0.127250805497, 0.0566477477551, 0.0609028413892, 0.0576824396849, 0.112341232598, 0.149959504604, 0.0918846800923, 0.0614922828972, 0.0671370998025, 0.0681699961424, 0.0710046887398, 0.0728366151452, 0.0988019034266, 0.184524714947, 0.218801051378, 0.144547685981, 0.112416520715, 0.106388263404, 0.0774324387312, 0.294520169497, 0.557023763657, 0.421609252691, 0.429884940386, 0.403903126717, 0.132270276546, 0.0618142895401, 0.0564775504172, 0.0608934685588, 0.0804175063968, 0.0962295383215, 0.0751964524388, 0.0765744745731, 0.0949082002044, 0.101772271097, 0.249623835087]
        min: [0.00213744724169, 0.000707147351932, 0.000158781433129, 0.000124681420857, 0.000592612836044, 0.00129427749198, 0.00103916809894, 0.00143257866148, 0.000138813542435, 0.000518810062204, 0.000535807106644, 0.000358902063454, 0.000469431397505, 0.000804282957688, 0.000958358752541, 0.001274776645, 0.000399781973101, 0.000376875977963, 0.000415981485276, 0.000794573978055, 0.00210156431422, 0.0119293192402, 0.0386914014816, 0.00196445314214, 0.00206680828705, 0.00235837162472, 0.000434652349213, 0.000567802053411, 0.000598364218604, 0.000801105459686, 0.00117701629642, 0.00131561490707, 0.00155037862714, 0.000334007316269, 0.00061481789453, 0.000544389593415]
        var: [0.0921007320285, 0.0230098292232, 0.0145172774792, 0.0195476077497, 0.0157045684755, 0.0249443035573, 0.0395978726447, 0.0164970811456, 0.0212703626603, 0.0254865773022, 0.0327025689185, 0.0232903324068, 0.0210861545056, 0.0220691077411, 0.0689758881927, 0.0896229073405, 0.0430899821222, 0.0416607558727, 0.0355125963688, 0.0149107286707, 0.0490791723132, 0.154593020678, 0.046126127243, 0.170396253467, 0.162100985646, 0.0267939437181, 0.0125273251906, 0.00955939292908, 0.0186229925603, 0.0159181766212, 0.021050022915, 0.0179096534848, 0.0145739512518, 0.0210163090378, 0.0174022149295, 0.0702456906438]
    chords_histogram: [20.8333339691, 0.462962955236, 27.7777786255, 0, 0, 0, 0, 26.851852417, 17.1296291351, 6.94444465637, 0, 0, 0, 0, 0, 0, 0, 0, 0, 0, 0, 0, 0, 0]
    thpcp: [1, 0.75689637661, 0.771753311157, 0.72510933876, 0.237458944321, 0.110972449183, 0.101391635835, 0.109319336712, 0.144369974732, 0.172756612301, 0.134996846318, 0.137470752001, 0.170384466648, 0.182707235217, 0.448138564825, 0.528181910515, 0.228447720408, 0.101697184145, 0.109336160123, 0.103554718196, 0.201681226492, 0.269215643406, 0.164956480265, 0.110394358635, 0.120528250933, 0.122382566333, 0.1274715662, 0.130760341883, 0.177374660969, 0.331269025803, 0.392803788185, 0.259500026703, 0.201816380024, 0.190994113684, 0.139011010528, 0.528738975525]
    chords_key: "E"
    chords_scale: "minor"
    key_key: "A"
    key_scale: "minor"
    chords_progression: ["C", "C#m", "C#m", "C#m", "C#m", "C#m", "C#m", "C#m", "C#m", "C#m", "C#m", "C#m", "C#m", "C#m", "C#m", "C#m", "C#m", "C#m", "C#m", "C#m", "C#m", "C#m", "C#m", "C#m", "C#m", "C#m", "C#m", "C#m", "C#m", "C#m", "C#m", "C#m", "C#m", "C#m", "C#m", "C#m", "C#m", "C#m", "A", "A", "A", "A", "A", "A", "A", "A", "A", "A", "A", "A", "A", "A", "A", "A", "A", "A", "A", "A", "A", "A", "A", "A", "A", "A", "A", "A", "A", "A", "A", "A", "A", "A", "A", "A", "A", "A", "A", "A", "A", "A", "Am", "Am", "Am", "Am", "Am", "Am", "Am", "Am", "Am", "Am", "Am", "Am", "Am", "Am", "Am", "Am", "Am", "Am", "Am", "Am", "Am", "Am", "Am", "Am", "Am", "Am", "Am", "Am", "Am", "Am", "Am", "Am", "Am", "Am", "Am", "Am", "Am", "Am", "Am", "Am", "Am", "Am", "Am", "Am", "Am", "A", "A", "A", "A", "A", "A", "A", "A", "A", "A", "A", "A", "A", "A", "Em", "Em", "Em", "Em", "Em", "Em", "Em", "Em", "Em", "E", "E", "E", "E", "E", "E", "Em", "Em", "Em", "Em", "Em", "Em", "Em", "Em", "Em", "Em", "Em", "Em", "Em", "Em", "Em", "Em", "Em", "Em", "Em", "Em", "Em", "Em", "Em", "Em", "Em", "Em", "Em", "Em", "Em", "Em", "Em", "Em", "Em", "Em", "Em", "Em", "Em", "Em", "Em", "Em", "Em", "Em", "Em", "Em", "Em", "Em", "Em", "Em", "Em", "Em", "Em", "A", "A", "E", "E", "E", "E", "E", "E", "E", "E", "E"]
