
metadata:
    version:
        essentia: "1.2.2"
    audio_properties:
        analysis_sample_rate: 44100
        bitrate: 128
        channels: 2
        equal_loudness: 1
        length: 10.1355104446
        replay_gain: -8.21492767334
        downmix: "mix"
    tags:
        track: 6
        year: 0
        album: "Splitted by Mp3Splt v. 2.1"
        artist: "From 000.50 To 001.00"
        comment: "http://mp3splt.sf.net"
        genre: ""
        title: "11 The Mystery Trend.mp3"

highlevel:
    ballroom:
        all:
            ChaChaCha: 0.0180492438376
            Jive: 0.0289704091847
            Quickstep: 0.0733297169209
            Rumba-American: 0.0145974010229
            Rumba-International: 0.158699095249
            Rumba-Misc: 0.312627494335
            Samba: 0.0274728555232
            Tango: 0.0653043091297
            VienneseWaltz: 0.18236926198
            Waltz: 0.11858022213
        probability: 0.312627494335
        value: "Rumba-Misc"
    culture:
        all:
            non_western: 0.00786542054266
            western: 0.992134571075
        probability: 0.992134571075
        value: "western"
    gender:
        all:
            female: 0.195184454322
            male: 0.804815530777
        probability: 0.804815530777
        value: "male"
    genre_dortmund:
        all:
            alternative: 0.0400370173156
            blues: 0.026482898742
            electronic: 0.0348456166685
            folkcountry: 0.384118199348
            funksoulrnb: 0.0700475126505
            jazz: 0.22782227397
            pop: 0.0369505025446
            raphiphop: 0.0138646038249
            rock: 0.165831401944
        probability: 0.384118199348
        value: "folkcountry"
    genre_electronica:
        all:
            ambient: 0.360733658075
            dnb: 0.068012163043
            house: 0.442736774683
            techno: 0.0205138232559
            trance: 0.108003586531
        probability: 0.442736774683
        value: "house"
    genre_rosamerica:
        all:
            cla: 0.0633209198713
            dan: 0.0369530171156
            hip: 0.024711413309
            jaz: 0.0734250247478
            pop: 0.130197674036
            rhy: 0.613871753216
            roc: 0.0505275577307
            spe: 0.0069926274009
        probability: 0.613871753216
        value: "rhy"
    genre_tzanetakis:
        all:
            blu: 0.114479094744
            cla: 0.00804700795561
            cou: 0.424628078938
            dis: 0.0568458139896
            hip: 0.0202460363507
            jaz: 0.0173083525151
            met: 0.0134439337999
            pop: 0.040153414011
            reg: 0.0829129889607
            roc: 0.221935272217
        probability: 0.424628078938
        value: "cou"
    live_studio:
        all:
            live: 0.270182728767
            studio: 0.729817271233
        probability: 0.729817271233
        value: "studio"
    mood:
        all:
            Cluster1: 0.20562967658
            Cluster2: 0.235350802541
            Cluster3: 0.347807019949
            Cluster4: 0.119862765074
            Cluster5: 0.0913497358561
        probability: 0.347807019949
        value: "Cluster3"
    mood_acoustic:
        all:
            acoustic: 0.395772725344
            not_acoustic: 0.604227304459
        probability: 0.604227304459
        value: "not_acoustic"
    mood_aggressive:
        all:
            aggressive: 0.0196707788855
            not_aggressive: 0.980329215527
        probability: 0.980329215527
        value: "not_aggressive"
    mood_electronic:
        all:
            electronic: 0.539076268673
            not_electronic: 0.460923731327
        probability: 0.539076268673
        value: "electronic"
    mood_happy:
        all:
            happy: 0.309250384569
            not_happy: 0.690749585629
        probability: 0.690749585629
        value: "not_happy"
    mood_party:
        all:
            not_party: 0.942917346954
            party: 0.0570826642215
        probability: 0.942917346954
        value: "not_party"
    mood_relaxed:
        all:
            not_relaxed: 0.0184136815369
            relaxed: 0.98158633709
        probability: 0.98158633709
        value: "relaxed"
    mood_sad:
        all:
            not_sad: 0.22459590435
            sad: 0.77540409565
        probability: 0.77540409565
        value: "sad"
    rhythm:
        all:
            fast: 0.00615753093734
            medium: 0.252863734961
            slow: 0.740978717804
        probability: 0.740978717804
        value: "slow"
    speech_music:
        all:
            music: 0.999829053879
            speech: 0.000170922692632
        probability: 0.999829053879
        value: "music"
    timbre:
        all:
            bright: 0.900908470154
            dark: 0.0990915298462
        probability: 0.900908470154
        value: "bright"
    voice_instrumental:
        all:
            instrumental: 0.696482956409
            voice: 0.303517073393
        probability: 0.696482956409
        value: "instrumental"

lowlevel:
    average_loudness: 0.975849986076
    barkbands_kurtosis:
        dmean: 3.17528295517
        dmean2: 4.8487443924
        dvar: 15.7867193222
        dvar2: 38.9162445068
        max: 37.2969093323
        mean: 4.9987821579
        min: -1.81765913963
        var: 38.3182563782
    barkbands_skewness:
        dmean: 0.584046423435
        dmean2: 0.860010147095
        dvar: 0.278636485338
        dvar2: 0.720809280872
        max: 5.40275716782
        mean: 1.98725306988
        min: -0.78353536129
        var: 1.21754574776
    barkbands_spread:
        dmean: 5.61605644226
        dmean2: 8.70201396942
        dvar: 37.7854232788
        dvar2: 86.3410644531
        max: 52.3549499512
        mean: 18.9985408783
        min: 2.29461026192
        var: 106.007202148
    dissonance:
        dmean: 0.0291978064924
        dmean2: 0.0499762780964
        dvar: 0.000807888689451
        dvar2: 0.00230975146405
        max: 0.497118145227
        mean: 0.435096114874
        min: 0.255221456289
        var: 0.00185340340249
    hfc:
        dmean: 0.907361149788
        dmean2: 1.15897786617
        dvar: 1.69460022449
        dvar2: 2.94546508789
        max: 17.3904399872
        mean: 2.87684750557
        min: 0.0215461794287
        var: 7.60394573212
    pitch:
        dmean: 281.577941895
        dmean2: 547.11126709
        dvar: 749147.8125
        dvar2: 2278408
        max: 4410
        mean: 330.127166748
        min: 77.9151916504
        var: 408354.6875
    pitch_instantaneous_confidence:
        dmean: 0.0827535912395
        dmean2: 0.132288232446
        dvar: 0.00734824500978
        dvar2: 0.0163548700511
        max: 0.856071352959
        mean: 0.469892680645
        min: 0.121483266354
        var: 0.0275823622942
    pitch_salience:
        dmean: 0.0680933520198
        dmean2: 0.109573833644
        dvar: 0.00392753118649
        dvar2: 0.00999424979091
        max: 0.841725289822
        mean: 0.557401657104
        min: 0.231247752905
        var: 0.0102970488369
    silence_rate_20dB:
        dmean: 0
        dmean2: 0
        dvar: 0
        dvar2: 0
        max: 1
        mean: 1
        min: 1
        var: 0
    silence_rate_30dB:
        dmean: 0
        dmean2: 0
        dvar: 0
        dvar2: 0
        max: 1
        mean: 1
        min: 1
        var: 0
    silence_rate_60dB:
        dmean: 0.142201840878
        dmean2: 0.285057485104
        dvar: 0.121980622411
        dvar2: 0.268168777227
        max: 1
        mean: 0.448512583971
        min: 0
        var: 0.247349277139
    spectral_centroid:
        dmean: 155.59375
        dmean2: 244.740097046
        dvar: 34504.890625
        dvar2: 82398.1328125
        max: 2143.88183594
        mean: 662.395751953
        min: 179.191223145
        var: 87341.7734375
    spectral_complexity:
        dmean: 1.65898621082
        dmean2: 2.5889146328
        dvar: 4.32609415054
        dvar2: 8.74556159973
        max: 29
        mean: 6.56781625748
        min: 0
        var: 13.6247186661
    spectral_crest:
        dmean: 2.36338734627
        dmean2: 3.8841958046
        dvar: 4.40150022507
        dvar2: 11.2761592865
        max: 21.6990852356
        mean: 10.9527931213
        min: 3.76014089584
        var: 11.4072828293
    spectral_decrease:
        dmean: 2.72897815456e-10
        dmean2: 4.2369044384e-10
        dvar: 1.14711843461e-19
        dvar2: 2.65513499499e-19
        max: -1.03404576568e-11
        mean: -9.95451054919e-10
        min: -3.39758710055e-09
        var: 3.98025016046e-19
    spectral_energy:
        dmean: 0.00108755694237
        dmean2: 0.00166496878956
        dvar: 1.8343434931e-06
        dvar2: 4.14968917539e-06
        max: 0.0138436602429
        mean: 0.00401800079271
        min: 4.09814056184e-05
        var: 6.68839174978e-06
    spectral_energyband_high:
        dmean: 5.2118786698e-05
        dmean2: 7.57530287956e-05
        dvar: 7.22637194528e-09
        dvar2: 1.41229543615e-08
        max: 0.000892491021659
        mean: 0.000114455462608
        min: 9.17400257094e-07
        var: 2.1783495896e-08
    spectral_energyband_low:
        dmean: 0.000288193754386
        dmean2: 0.000504026655108
        dvar: 3.26639764126e-07
        dvar2: 9.39215453855e-07
        max: 0.00338042504154
        mean: 0.000393943191739
        min: 1.83830820788e-06
        var: 3.05182908278e-07
    spectral_energyband_middle_high:
        dmean: 0.000286708673229
        dmean2: 0.000373477785615
        dvar: 2.3358657586e-07
        dvar2: 4.48783225693e-07
        max: 0.0068649626337
        mean: 0.000714561785571
        min: 4.21753748014e-06
        var: 1.07299536012e-06
    spectral_energyband_middle_low:
        dmean: 0.0008285784279
        dmean2: 0.00128920271527
        dvar: 1.0862632962e-06
        dvar2: 2.59435500993e-06
        max: 0.0104020219296
        mean: 0.00279503362253
        min: 2.22558628593e-05
        var: 3.73911893803e-06
    spectral_flatness_db:
        dmean: 0.0230684969574
        dmean2: 0.0339456349611
        dvar: 0.000430540385423
        dvar2: 0.000882302760147
        max: 0.341357588768
        mean: 0.222462266684
        min: 0.110888518393
        var: 0.00199247477576
    spectral_flux:
        dmean: 0.00832831393927
        dmean2: 0.0122857522219
        dvar: 8.2057689724e-05
        dvar2: 0.00014709115203
        max: 0.0896487161517
        mean: 0.0281761605293
        min: 0.00720903277397
        var: 0.000241623944021
    spectral_kurtosis:
        dmean: 2.2575314045
        dmean2: 3.55627799034
        dvar: 6.58424663544
        dvar2: 17.476442337
        max: 23.1833076477
        mean: 4.32578372955
        min: -0.370767593384
        var: 13.3920087814
    spectral_rms:
        dmean: 0.000263661931967
        dmean2: 0.000398014526581
        dvar: 8.4515988874e-08
        dvar2: 1.88573196169e-07
        max: 0.00367505243048
        mean: 0.00188167614397
        min: 0.000199954636628
        var: 3.79296409392e-07
    spectral_rolloff:
        dmean: 513.86907959
        dmean2: 901.559570312
        dvar: 585880.125
        dvar2: 1431611.625
        max: 4048.2421875
        mean: 1129.9744873
        min: 150.732421875
        var: 904057.4375
    spectral_skewness:
        dmean: 0.312069058418
        dmean2: 0.458699166775
        dvar: 0.0927846059203
        dvar2: 0.2146602422
        max: 3.66271924973
        mean: 1.56275546551
        min: 0.379170954227
        var: 0.309237927198
    spectral_spread:
        dmean: 459556.1875
        dmean2: 684359.4375
        dvar: 255426347008
        dvar2: 564922351616
        max: 6897216.5
        mean: 4062791.25
        min: 1398476.5
        var: 980044677120
    spectral_strongpeak:
        dmean: 0.204613119364
        dmean2: 0.353277683258
        dvar: 0.218686580658
        dvar2: 0.49258929491
        max: 4.75856161118
        mean: 0.414713740349
        min: 0.00240257265978
        var: 0.345721185207
    zerocrossingrate:
        dmean: 0.00784850213677
        dmean2: 0.00932808872312
        dvar: 4.63639808004e-05
        dvar2: 5.69409057789e-05
        max: 0.1025390625
        mean: 0.0488561876118
        min: 0.01025390625
        var: 0.000337416335242
    barkbands:
        dmean: [7.49754605067e-08, 8.59361607581e-05, 0.000218590401346, 0.000240020875935, 0.000476193468785, 0.000262013374595, 0.00010704628221, 0.000140945150633, 8.1691032392e-05, 7.48943275539e-05, 2.79021187453e-05, 2.28223489103e-05, 4.23210585723e-05, 2.04093230423e-05, 2.24481536861e-05, 4.43641729362e-05, 5.8085523051e-05, 5.10223253514e-05, 4.16124494222e-05, 3.37902383762e-05, 2.6821557185e-05, 1.40960046338e-05, 2.78997117675e-06, 4.36582894281e-07, 5.58742385692e-08, 9.88073800556e-09, 2.15244100321e-10]
        dmean2: [1.21730820979e-07, 0.000148865932715, 0.000380159501219, 0.000362430902896, 0.000770214945078, 0.000439595140051, 0.000164179829881, 0.000204847732675, 0.000115050112072, 0.000109160711872, 4.17652590841e-05, 3.16119549097e-05, 5.68981595279e-05, 3.16803416354e-05, 3.52973765985e-05, 7.05808051862e-05, 8.39808781166e-05, 8.30545759527e-05, 6.27932458883e-05, 5.14718922204e-05, 4.06261060562e-05, 2.08030487556e-05, 4.39743052993e-06, 6.49674461783e-07, 8.46750438654e-08, 1.50587755599e-08, 3.72113811986e-10]
        dvar: [2.05135089687e-13, 3.31478098303e-08, 1.76856161715e-07, 1.27288757312e-07, 4.75981522641e-07, 2.10690856761e-07, 4.0854832406e-08, 1.82963916018e-07, 1.13967416837e-07, 9.06297330516e-08, 1.02933856994e-08, 6.48674314263e-09, 4.99364816164e-09, 1.96092853066e-09, 3.02280755982e-09, 7.62269820598e-08, 2.6079479909e-08, 1.31533148817e-08, 5.35427879811e-09, 4.86717288695e-09, 1.61084046102e-09, 7.46482209379e-10, 4.81065985658e-11, 7.40289123405e-13, 2.79624261435e-14, 6.91296834297e-16, 1.97766890343e-19]
        dvar2: [5.29436466456e-13, 8.89140778781e-08, 5.15454701144e-07, 3.52714778273e-07, 1.15351826935e-06, 5.86830083193e-07, 8.74544738849e-08, 2.9894371778e-07, 1.94646119667e-07, 2.10093574537e-07, 2.65175152947e-08, 9.15322573292e-09, 8.86586981608e-09, 4.08996569945e-09, 7.28879490097e-09, 1.97853182726e-07, 5.71004186156e-08, 3.45059874007e-08, 1.25676615781e-08, 1.14286597963e-08, 3.25686455582e-09, 1.83059967185e-09, 1.20618126598e-10, 1.76438139272e-12, 6.32222952376e-14, 1.49604504979e-15, 5.07326568387e-19]
        max: [7.28472468836e-06, 0.00181661581155, 0.0026873787865, 0.00354276341386, 0.00551646435633, 0.00549350772053, 0.00228047603741, 0.00802530162036, 0.00730277458206, 0.00453952187672, 0.00166198564693, 0.0020064462442, 0.000921834318433, 0.00066530588083, 0.000605113920756, 0.00476500205696, 0.00272187450901, 0.00117176852655, 0.000977648422122, 0.000904875749256, 0.00043028613436, 0.000311622949084, 7.61152041377e-05, 1.03821994344e-05, 2.31790090766e-06, 3.71033792135e-07, 6.39971275973e-09]
        mean: [7.76615820541e-08, 0.000148279053974, 0.000245595932938, 0.000496801105328, 0.00110160652548, 0.00051603052998, 0.000251576071605, 0.000296337995678, 0.000124353595311, 0.000149627550854, 5.32396734343e-05, 4.16964066972e-05, 8.05737799965e-05, 3.12322918035e-05, 3.59369114449e-05, 6.21636645519e-05, 0.000102265548776, 6.70179360895e-05, 7.43997152313e-05, 5.29927892785e-05, 5.74680125283e-05, 2.35758579947e-05, 4.2156048039e-06, 8.19822503217e-07, 1.03717660238e-07, 1.5516715024e-08, 2.28340860109e-10]
        min: [3.80452509774e-11, 1.29289986717e-07, 1.43130819197e-06, 1.65638289218e-06, 9.16382668947e-06, 3.13643840855e-06, 4.12275483086e-07, 3.44139039044e-07, 5.73645877466e-07, 2.73165085218e-07, 2.10010455248e-07, 1.21641249962e-07, 1.31383927737e-07, 7.17101045211e-08, 9.74924532215e-08, 4.500705586e-08, 1.60379727276e-07, 5.48620505469e-07, 2.82148306496e-07, 3.06065089717e-07, 5.16295870057e-07, 1.38421114571e-07, 2.14962430078e-08, 1.52222123795e-09, 3.90105320009e-13, 5.71335721788e-11, 1.1536783898e-13]
        var: [1.38735539983e-13, 5.87378075068e-08, 1.51855545028e-07, 2.08280681591e-07, 1.29127749915e-06, 3.39972103802e-07, 1.48818315893e-07, 9.34418835641e-07, 2.08974753946e-07, 3.07242601139e-07, 2.5495074496e-08, 2.50744403019e-08, 1.70928391441e-08, 5.11643571954e-09, 6.55700826968e-09, 8.61091180582e-08, 7.20078503491e-08, 1.39649118935e-08, 1.35765336751e-08, 8.31762481113e-09, 4.32138591577e-09, 1.46459444572e-09, 6.80530770625e-11, 1.93822280274e-12, 7.90022412181e-14, 1.48066462554e-15, 2.54544360793e-19]
    mfcc:
        mean: [-780.180541992, 156.003921509, -36.9248428345, 81.0262374878, -37.4913673401, 20.2329597473, -25.1643829346, 3.3336520195, -24.2671337128, -4.12858343124, -14.8893604279, 4.85637903214, -21.4178123474]
        cov: [[3360.51000977, -1102.29528809, 144.690338135, -492.166625977, 100.841590881, -303.649475098, 52.8874435425, 53.1578445435, 86.3375015259, 68.7823638916, 121.621498108, -61.8200531006, 179.886245728], [-1102.29528809, 1032.98278809, -226.613815308, 71.7789459229, -190.552383423, 160.323959351, -90.6940002441, 177.672210693, 70.5086288452, 163.591262817, -34.127571106, 130.560043335, -46.7619590759], [144.690338135, -226.613815308, 393.14163208, -142.532028198, 117.165817261, -89.9926223755, 159.369369507, -29.5930957794, 122.552200317, -16.3077125549, 101.573860168, -67.5805511475, 101.715232849], [-492.166625977, 71.7789459229, -142.532028198, 499.24597168, -76.2566070557, 155.538696289, -172.241851807, 36.1965675354, -156.842422485, 17.7491798401, -101.948974609, 66.9130096436, -109.421272278], [100.841590881, -190.552383423, 117.165817261, -76.2566070557, 305.19430542, -108.517471313, 89.4933013916, -139.147460938, 83.4604873657, -97.4646224976, 93.3555603027, -77.7916641235, 63.9571113586], [-303.649475098, 160.323959351, -89.9926223755, 155.538696289, -108.517471313, 250.158187866, -39.770866394, 120.998306274, -61.1362533569, 109.897521973, -53.8348426819, 83.5704650879, -59.3092384338], [52.8874435425, -90.6940002441, 159.369369507, -172.241851807, 89.4933013916, -39.770866394, 257.943359375, 9.54840278625, 105.927764893, -46.4320640564, 96.8133010864, -40.8670768738, 62.3847160339], [53.1578445435, 177.672210693, -29.5930957794, 36.1965675354, -139.147460938, 120.998306274, 9.54840278625, 328.185821533, 94.4805221558, 212.640228271, -13.8755893707, 80.3372421265, 9.18315982819], [86.3375015259, 70.5086288452, 122.552200317, -156.842422485, 83.4604873657, -61.1362533569, 105.927764893, 94.4805221558, 290.770080566, 89.9160614014, 98.0940093994, -52.8239440918, 127.201751709], [68.7823638916, 163.591262817, -16.3077125549, 17.7491798401, -97.4646224976, 109.897521973, -46.4320640564, 212.640228271, 89.9160614014, 262.07800293, 27.7208576202, 75.7131500244, 28.5135097504], [121.621498108, -34.127571106, 101.573860168, -101.948974609, 93.3555603027, -53.8348426819, 96.8133010864, -13.8755893707, 98.0940093994, 27.7208576202, 170.876541138, -3.64299178123, 69.8614959717], [-61.8200531006, 130.560043335, -67.5805511475, 66.9130096436, -77.7916641235, 83.5704650879, -40.8670768738, 80.3372421265, -52.8239440918, 75.7131500244, -3.64299178123, 125.1667099, -25.9176273346], [179.886245728, -46.7619590759, 101.715232849, -109.421272278, 63.9571113586, -59.3092384338, 62.3847160339, 9.18315982819, 127.201751709, 28.5135097504, 69.8614959717, -25.9176273346, 149.654953003]]
        icov: [[0.00086382671725, 0.00115081889089, 0.000519324152265, 0.000895617995411, 5.55450133106e-05, 0.000618016405497, 0.000607060035691, -0.000729274121113, 0.000122093493701, -0.000338204961736, -0.000275819009403, -0.000511083460879, -0.000363076484064], [0.00115081889089, 0.00311390287243, 0.00138097035233, 0.0012527477229, 0.000801805756055, 0.000269958691206, 0.00102141965181, -0.000561614520848, -0.0016225829022, -0.000235550600337, -0.000399011856643, -0.00210724701174, 0.000185399869224], [0.000519324152265, 0.00138097035233, 0.00476930849254, 0.000250056065852, 7.37457157811e-05, 0.000908257847186, -0.00183407496661, 0.000266791175818, -0.000407633633586, -0.00136926176492, -0.000483161478769, 0.000301887572277, -0.00128963124007], [0.000895617995411, 0.0012527477229, 0.000250056065852, 0.00464276783168, -0.000735835754313, -0.00153324007988, 0.00329360109754, -0.00210486026481, 0.000787576136645, 0.00129608984571, -0.000680255237967, -0.000628991227131, 0.000294842961011], [5.55450133106e-05, 0.000801805756055, 7.37457157811e-05, -0.000735835754313, 0.00653738388792, 3.42840285157e-05, -0.000561978900805, 0.00245004869066, -0.00267922738567, 0.000970273336861, -0.00200065691024, 0.000121459757793, -5.33273596375e-05], [0.000618016405497, 0.000269958691206, 0.000908257847186, -0.00153324007988, 3.42840285157e-05, 0.00927392952144, -0.00310537940823, -0.00013009653776, 0.00179374567233, -0.00486843194813, 0.00229781633243, -0.00188034179155, 0.000570939562749], [0.000607060035691, 0.00102141965181, -0.00183407496661, 0.00329360109754, -0.000561978900805, -0.00310537940823, 0.0108160208911, -0.00477236276492, -0.00117326178588, 0.00659691635519, -0.0047668851912, 0.000185031938599, 3.54019502993e-05], [-0.000729274121113, -0.000561614520848, 0.000266791175818, -0.00210486026481, 0.00245004869066, -0.00013009653776, -0.00477236276492, 0.0112742772326, -0.00399218685925, -0.00670106848702, 0.00393063994125, -0.00289350631647, 0.00151372817345], [0.000122093493701, -0.0016225829022, -0.000407633633586, 0.000787576136645, -0.00267922738567, 0.00179374567233, -0.00117326178588, -0.00399218685925, 0.0121197951958, -0.00307190348394, -0.00156725128181, 0.00629865797237, -0.0051046339795], [-0.000338204961736, -0.000235550600337, -0.00136926176492, 0.00129608984571, 0.000970273336861, -0.00486843194813, 0.00659691635519, -0.00670106848702, -0.00307190348394, 0.0150445858017, -0.00499459030107, -0.00173125357833, -0.00069528829772], [-0.000275819009403, -0.000399011856643, -0.000483161478769, -0.000680255237967, -0.00200065691024, 0.00229781633243, -0.0047668851912, 0.00393063994125, -0.00156725128181, -0.00499459030107, 0.0126121640205, -0.00389827112667, -0.000729526160285], [-0.000511083460879, -0.00210724701174, 0.000301887572277, -0.000628991227131, 0.000121459757793, -0.00188034179155, 0.000185031938599, -0.00289350631647, 0.00629865797237, -0.00173125357833, -0.00389827112667, 0.0169271957129, -0.00167839124333], [-0.000363076484064, 0.000185399869224, -0.00128963124007, 0.000294842961011, -5.33273596375e-05, 0.000570939562749, 3.54019502993e-05, 0.00151372817345, -0.0051046339795, -0.00069528829772, -0.000729526160285, -0.00167839124333, 0.012931025587]]
    spectral_contrast:
        mean: [-3.47102854903e-07, 5.12235999395e-07, -4.90881930659e-08, 2.54998269611e-07, 6.24307290309e-08, -1.17428001545e-07, -2.1449450287e-06, -1.37967629144e-06, -1.77786262157e-07, -9.95054961095e-07, 4.31811668022e-06, -1.2540268699e-06]
        var: [0.000729623599909, 0.00108896940947, 0.00246702833101, 0.00268844561651, 0.00305740954354, 0.00763023737818, 0.0605504475534, 0.11879543215, 0.198951125145, 0.35869204998, 0.63907045126, 2.5330092907]

rhythm:
    beats_loudness:
        dmean: 0.00392812583596
        dmean2: 0.0073886862956
        dvar: 1.08345539047e-05
        dvar2: 2.97278602375e-05
        max: 0.0151098063216
        mean: 0.00590665033087
        min: 0.00107162375934
        var: 1.174370027e-05
    beats_loudness_bass:
        dmean: 0.134407356381
        dmean2: 0.238283082843
        dvar: 0.0121589386836
        dvar2: 0.0270732231438
        max: 0.421086251736
        mean: 0.176007166505
        min: 0.0305450446904
        var: 0.0121941482648
    bpm: 133.781616211
    bpm_confidence: 0
    first_peak_bpm: 134
    first_peak_spread: 0
    first_peak_weight: 1
    onset_rate: 3.8478577137
    second_peak_bpm: 0
    second_peak_spread: 0
    second_peak_weight: 0
    beats_position: [0.272066473961, 0.718351662159, 1.16463685036, 1.61092209816, 2.05720734596, 2.50349259377, 2.94977784157, 3.39606285095, 3.84234786034, 4.28863286972, 4.73491811752, 5.18120336533, 5.62748813629, 6.0780620575, 6.52886772156, 6.97967338562, 7.43047904968, 7.88128376007, 8.33208942413, 8.7828950882, 9.23370075226, 9.68450641632]
    bpm_estimates: [134.835922241, 135.157669067, 132.60244751, 133.290023804, 135.601272583, 135.397064209, 134.275009155, 134.063064575, 135.010543823, 132.800704956, 132.967285156, 134.16960144, 130.003204346, 132.768951416]
    bpm_intervals: [0.446285188198, 0.446285188198, 0.446285247803, 0.446285247803, 0.446285247803, 0.446285247803, 0.446285009384, 0.446285009384, 0.446285009384, 0.446285247803, 0.446285247803, 0.446284770966, 0.450573921204, 0.450805664062, 0.450805664062, 0.450805664062, 0.450804710388, 0.450805664062, 0.450805664062, 0.450805664062, 0.450805664062]
    onset_times: [0.0696598663926, 0.243809521198, 0.46439909935, 0.684988677502, 1.13777780533, 1.40480720997, 1.60217690468, 2.2523355484, 2.47292518616, 2.56580495834, 2.96054410934, 3.15791392326, 3.39011335373, 3.84290242195, 4.051882267, 4.27247142792, 4.72526073456, 4.96907043457, 5.16644001007, 5.59600925446, 5.630838871, 5.80498886108, 5.85142850876, 6.06040811539, 6.29260778427, 6.5015873909, 6.74539661407, 6.96598625183, 7.22140598297, 7.38394546509, 7.6277551651, 7.79029464722, 8.3011341095, 8.76553249359, 9.21832180023, 9.46213150024, 9.64789104462, 9.8800907135, 10.1122903824]
    rubato_start: []
    rubato_stop: []
    perceptual_tempo: "unknown"

sfx:
    inharmonicity:
        dmean: 0.0258453078568
        dmean2: 0.0473833270371
        dvar: 0.00193786306772
        dvar2: 0.00561371864751
        max: 0.305585712194
        mean: 0.0208195410669
        min: 3.55894153472e-05
        var: 0.00135912012774
    oddtoevenharmonicenergyratio:
        dmean: 11.1954116821
        dmean2: 21.5823516846
        dvar: 8363.95605469
        dvar2: 24817.4589844
        max: 1291.20776367
        mean: 6.45827770233
        min: 0.000294384051813
        var: 4407.63134766
    pitch_after_max_to_before_max_energy_ratio: 1.29919707775
    pitch_centroid: 234.675689697
    pitch_max_to_total: 0.6367816329
    pitch_min_to_total: 0.629885077477
    tristimulus:
        dmean: [0.229864671826, 0.206200152636, 0.0651502087712]
        dmean2: [0.412177801132, 0.365289062262, 0.114872999489]
        dvar: [0.0513762459159, 0.0459216199815, 0.00644492870197]
        dvar2: [0.144439294934, 0.128115326166, 0.0191429127008]
        max: [0.973616063595, 0.992834746838, 0.639104425907]
        mean: [0.584533333778, 0.326696038246, 0.0696159675717]
        min: [0.00100909604225, 0, 0]
        var: [0.0673304498196, 0.0594563744962, 0.00603695400059]

tonal:
    chords_changes_rate: 0.0273972600698
    chords_number_rate: 0.0136986300349
    chords_strength:
        dmean: 0.00713190948591
        dmean2: 0.00637662690133
        dvar: 2.94449127978e-05
        dvar2: 3.95065799239e-05
        max: 0.72891741991
        mean: 0.563081145287
        min: 0.433438181877
        var: 0.00816449895501
    key_strength: 0.783575177193
    tuning_diatonic_strength: 0.612247765064
    tuning_equal_tempered_deviation: 0.084286659956
    tuning_frequency: 437.465789795
    tuning_nontempered_energy_ratio: 0.723387539387
    hpcp:
        dmean: [0.110963739455, 0.11647516489, 0.108291365206, 0.103627249599, 0.132012709975, 0.113493263721, 0.0847557559609, 0.0706615746021, 0.125874832273, 0.19978325069, 0.201965421438, 0.105595625937, 0.0698878392577, 0.0518747083843, 0.0681666508317, 0.0843491405249, 0.0650165528059, 0.0670581832528, 0.0735298097134, 0.0606956779957, 0.0410882569849, 0.0451745837927, 0.0604954510927, 0.186322391033, 0.247729420662, 0.24422980845, 0.140025630593, 0.076783888042, 0.0485596247017, 0.0572121925652, 0.0764919146895, 0.052335228771, 0.0407849624753, 0.047761272639, 0.0524326823652, 0.0921802073717]
        dmean2: [0.183825969696, 0.203405633569, 0.186355665326, 0.161954015493, 0.231422349811, 0.203475266695, 0.15352216363, 0.12218708545, 0.217434942722, 0.333410948515, 0.365102797747, 0.188375383615, 0.127010479569, 0.0918695181608, 0.111431770027, 0.134229749441, 0.102333493531, 0.107877917588, 0.113501228392, 0.102521717548, 0.0759675726295, 0.0785964056849, 0.10667103529, 0.310283213854, 0.417488336563, 0.415815323591, 0.241580352187, 0.139998078346, 0.0908783078194, 0.100549682975, 0.126340016723, 0.0882038846612, 0.0735997855663, 0.0869511440396, 0.0886234939098, 0.151676461101]
        dvar: [0.0260006412864, 0.0249337404966, 0.0193030685186, 0.0294670816511, 0.0429300293326, 0.040896717459, 0.0309868659824, 0.0212588608265, 0.0302241258323, 0.056564964354, 0.065504707396, 0.0339538231492, 0.029137622565, 0.0117500023916, 0.0169641748071, 0.0259552635252, 0.0133103961125, 0.0136964777485, 0.0183450561017, 0.0171501915902, 0.0119501659647, 0.0129047678784, 0.0145103186369, 0.0377274118364, 0.0697771459818, 0.0476688668132, 0.0299868937582, 0.0233937725425, 0.0158822499216, 0.00970346201211, 0.0218256525695, 0.0124839916825, 0.0127896135673, 0.0217351373285, 0.0131919430569, 0.0163080599159]
        dvar2: [0.0662947297096, 0.0681393295527, 0.0530248880386, 0.0715513080359, 0.106240823865, 0.113906770945, 0.0836854055524, 0.0573842152953, 0.0796178504825, 0.145819678903, 0.173407435417, 0.0884042903781, 0.0825954675674, 0.0315807648003, 0.0375453308225, 0.051322568208, 0.0295441839844, 0.0336960144341, 0.0353533774614, 0.0456867702305, 0.0341887064278, 0.0342865176499, 0.0386858992279, 0.106944650412, 0.153396353126, 0.123972907662, 0.0750938132405, 0.0639336705208, 0.0453684218228, 0.0252896044403, 0.0531370304525, 0.0294253770262, 0.0367400161922, 0.0621813163161, 0.0336587615311, 0.0429237820208]
        max: [1, 0.972592055798, 0.76196539402, 1, 1, 1, 1, 1, 1, 1, 1, 1, 1, 0.783441722393, 1, 1, 1, 0.994513809681, 1, 1, 0.778002202511, 1, 1, 1, 1, 1, 0.953925430775, 1, 1, 0.672339200974, 1, 0.819383382797, 0.921675205231, 1, 0.787945926189, 1]
        mean: [0.266746163368, 0.167084157467, 0.141558080912, 0.260348021984, 0.210987359285, 0.0961429327726, 0.0689496919513, 0.0583530329168, 0.149250015616, 0.295416772366, 0.245882317424, 0.0990234687924, 0.0512381531298, 0.0425471067429, 0.080814473331, 0.107891447842, 0.0725508257747, 0.0851928442717, 0.111774280667, 0.0656014308333, 0.033964894712, 0.0439307913184, 0.0556475557387, 0.284541547298, 0.65195697546, 0.501390039921, 0.134939670563, 0.0537316016853, 0.0361008606851, 0.0775681063533, 0.120190545917, 0.0726955011487, 0.0335680879653, 0.0343536101282, 0.0442248210311, 0.164532408118]
        min: [0.00106112472713, 0.00133860704955, 0.000401725585107, 0.000396122195525, 0.000134607151267, 0.000396351737436, 0.000280086125713, 0.000174199623871, 0.000687514781021, 0.00186606287025, 0.00205666851252, 0.000614423421212, 0.000297592167044, 0.000410389242461, 0.000406095670769, 0.000555499573238, 0.0014004278928, 0.000681281439029, 0.00103500846308, 0.000529472832568, 0.000510018435307, 0.000265863578534, 0.000377508520614, 0.00457987328991, 0.0116605395451, 0.00462213158607, 0.00101767480373, 0.000323116313666, 0.000228725286433, 0.000403154175729, 0.000340554543072, 0.000449817423942, 0.000298471015412, 0.000228506265557, 0.000262876652414, 0.000690833549015]
        var: [0.106578350067, 0.0372121818364, 0.0338387489319, 0.131517931819, 0.0865243971348, 0.0341235026717, 0.0243537742645, 0.0162953268737, 0.0321909077466, 0.0848578810692, 0.0801138877869, 0.0365984141827, 0.0191982928663, 0.00921164080501, 0.0253493450582, 0.043044295162, 0.0163608063012, 0.0166780650616, 0.0362867899239, 0.0179225374013, 0.00836269371212, 0.0121746389195, 0.013661891222, 0.047154892236, 0.120998218656, 0.0877257063985, 0.031687092036, 0.0157752986997, 0.00949957408011, 0.0166328176856, 0.0442927442491, 0.0171027816832, 0.00895026419312, 0.0139908753335, 0.0117808170617, 0.049517121166]
    chords_histogram: [46.1187210083, 5.93607282639, 47.9452056885, 0, 0, 0, 0, 0, 0, 0, 0, 0, 0, 0, 0, 0, 0, 0, 0, 0, 0, 0, 0, 0]
    thpcp: [1, 0.7690538764, 0.206976339221, 0.0824158713222, 0.0553730726242, 0.118977338076, 0.184353500605, 0.111503526568, 0.0514881946146, 0.0526930615306, 0.0678339600563, 0.252366960049, 0.409146875143, 0.256280958652, 0.217127948999, 0.399333119392, 0.323621600866, 0.147468224168, 0.105758041143, 0.0895044207573, 0.228926166892, 0.453123122454, 0.377144992352, 0.151886507869, 0.0785913094878, 0.0652606040239, 0.123956754804, 0.165488600731, 0.111281618476, 0.130672499537, 0.171444252133, 0.100622333586, 0.0520968362689, 0.0673829615116, 0.0853546410799, 0.436442226171]
    chords_key: "F"
    chords_scale: "major"
    key_key: "A#"
    key_scale: "major"
    chords_progression: ["F", "F", "F", "F", "F", "F", "F", "F", "F", "F", "F", "F", "F", "F", "F", "F", "F", "F", "F", "F", "F", "F", "F", "F", "F", "F", "F", "F", "F", "F", "F", "F", "F", "F", "F", "F", "F", "F", "F", "F", "F", "Dm", "Dm", "Dm", "Dm", "A#", "A#", "A#", "A#", "A#", "A#", "A#", "A#", "A#", "A#", "A#", "A#", "A#", "A#", "A#", "A#", "A#", "A#", "A#", "A#", "A#", "A#", "A#", "A#", "A#", "A#", "A#", "A#", "A#", "A#", "A#", "A#", "A#", "A#", "A#", "A#", "A#", "A#", "A#", "A#", "A#", "A#", "A#", "A#", "A#", "A#", "A#", "A#", "A#", "A#", "A#", "A#", "A#", "A#", "A#", "A#", "A#", "A#", "Dm", "Dm", "Dm", "Dm", "Dm", "Dm", "Dm", "Dm", "Dm", "F", "F", "A#", "A#", "A#", "A#", "A#", "A#", "A#", "A#", "A#", "A#", "A#", "A#", "A#", "A#", "A#", "A#", "A#", "A#", "A#", "A#", "A#", "A#", "A#", "A#", "A#", "A#", "A#", "A#", "A#", "A#", "A#", "A#", "A#", "A#", "A#", "A#", "A#", "A#", "A#", "A#", "A#", "A#", "A#", "F", "F", "F", "F", "F", "F", "F", "F", "F", "F", "F", "F", "F", "F", "F", "F", "F", "F", "F", "F", "F", "F", "F", "F", "F", "F", "F", "F", "F", "F", "F", "F", "F", "F", "F", "F", "F", "F", "F", "F", "F", "F", "F", "F", "F", "F", "F", "F", "F", "F", "F", "F", "F", "F", "F", "F", "F", "F", "F", "F", "F", "F"]
