
metadata:
    version:
        essentia: "1.2.2"
    audio_properties:
        analysis_sample_rate: 44100
        bitrate: 128
        channels: 2
        equal_loudness: 1
        length: 10.0048980713
        replay_gain: -17.9732208252
        downmix: "mix"
    tags:
        track: 14
        year: 0
        album: "Splitted by Mp3Splt v. 2.1"
        artist: "From 002.10 To 002.20"
        comment: "http://mp3splt.sf.net"
        genre: ""
        title: "01 Upside Down.mp3"

highlevel:
    ballroom:
        all:
            ChaChaCha: 0.0867229402065
            Jive: 0.287611484528
            Quickstep: 0.0634989067912
            Rumba-American: 0.0258842855692
            Rumba-International: 0.0938429534435
            Rumba-Misc: 0.0519205257297
            Samba: 0.12202180922
            Tango: 0.0485828928649
            VienneseWaltz: 0.114076606929
            Waltz: 0.105837613344
        probability: 0.287611484528
        value: "Jive"
    culture:
        all:
            non_western: 0.0416150093079
            western: 0.958384990692
        probability: 0.958384990692
        value: "western"
    gender:
        all:
            female: 0.612265169621
            male: 0.387734830379
        probability: 0.612265169621
        value: "female"
    genre_dortmund:
        all:
            alternative: 0.286590278149
            blues: 0.00279992469586
            electronic: 0.0517384968698
            folkcountry: 0.0447084270418
            funksoulrnb: 0.00656409282237
            jazz: 0.00928063131869
            pop: 0.0238328035921
            raphiphop: 0.0011540192645
            rock: 0.573331356049
        probability: 0.573331356049
        value: "rock"
    genre_electronica:
        all:
            ambient: 0.486470401287
            dnb: 0.179095998406
            house: 0.0279607642442
            techno: 0.108065024018
            trance: 0.198407813907
        probability: 0.486470401287
        value: "ambient"
    genre_rosamerica:
        all:
            cla: 0.073950894177
            dan: 0.0255568716675
            hip: 0.0811042562127
            jaz: 0.04553411901
            pop: 0.0163831803948
            rhy: 0.0366361103952
            roc: 0.713320374489
            spe: 0.00751417921856
        probability: 0.713320374489
        value: "roc"
    genre_tzanetakis:
        all:
            blu: 0.0786451846361
            cla: 0.0970716550946
            cou: 0.0579273849726
            dis: 0.0423542447388
            hip: 0.0465687140822
            jaz: 0.0575640387833
            met: 0.368079721928
            pop: 0.0239883959293
            reg: 0.110242508352
            roc: 0.117558158934
        probability: 0.368079721928
        value: "met"
    live_studio:
        all:
            live: 0.171574279666
            studio: 0.828425705433
        probability: 0.828425705433
        value: "studio"
    mood:
        all:
            Cluster1: 0.149654462934
            Cluster2: 0.0934835150838
            Cluster3: 0.00338245462626
            Cluster4: 0.10518912971
            Cluster5: 0.648290455341
        probability: 0.648290455341
        value: "Cluster5"
    mood_acoustic:
        all:
            acoustic: 0.0465662367642
            not_acoustic: 0.95343375206
        probability: 0.95343375206
        value: "not_acoustic"
    mood_aggressive:
        all:
            aggressive: 0.999553024769
            not_aggressive: 0.000446964782896
        probability: 0.999553024769
        value: "aggressive"
    mood_electronic:
        all:
            electronic: 0.399383306503
            not_electronic: 0.600616693497
        probability: 0.600616693497
        value: "not_electronic"
    mood_happy:
        all:
            happy: 0.0843629613519
            not_happy: 0.915637016296
        probability: 0.915637016296
        value: "not_happy"
    mood_party:
        all:
            not_party: 0.347201168537
            party: 0.652798831463
        probability: 0.652798831463
        value: "party"
    mood_relaxed:
        all:
            not_relaxed: 0.259623497725
            relaxed: 0.740376472473
        probability: 0.740376472473
        value: "relaxed"
    mood_sad:
        all:
            not_sad: 3.00000096379e-14
            sad: 1
        probability: 1
        value: "sad"
    rhythm:
        all:
            fast: 0.26844638586
            medium: 0.0319224260747
            slow: 0.699631154537
        probability: 0.699631154537
        value: "slow"
    speech_music:
        all:
            music: 3.00000096379e-14
            speech: 1
        probability: 1
        value: "speech"
    timbre:
        all:
            bright: 0.267708867788
            dark: 0.732291102409
        probability: 0.732291102409
        value: "dark"
    voice_instrumental:
        all:
            instrumental: 0.99998652935
            voice: 1.34919964694e-05
        probability: 0.99998652935
        value: "instrumental"

lowlevel:
    average_loudness: 0.977584719658
    barkbands_kurtosis:
        dmean: 2.60174274445
        dmean2: 4.12776994705
        dvar: 6.81957530975
        dvar2: 18.2550811768
        max: 35.6064529419
        mean: 3.85174036026
        min: -1.6834884882
        var: 18.5930404663
    barkbands_skewness:
        dmean: 0.448999494314
        dmean2: 0.686744093895
        dvar: 0.119246453047
        dvar2: 0.337331026793
        max: -0.187536746264
        mean: -1.92904949188
        min: -4.42293119431
        var: 0.450383961201
    barkbands_spread:
        dmean: 6.29401779175
        dmean2: 9.98057556152
        dvar: 26.3340110779
        dvar2: 73.0933761597
        max: 46.4726104736
        mean: 20.9333076477
        min: 2.37350320816
        var: 69.0682525635
    dissonance:
        dmean: 0.00378756294958
        dmean2: 0.00630283169448
        dvar: 1.23772788356e-05
        dvar2: 3.39879734383e-05
        max: 0.499394148588
        mean: 0.492085248232
        min: 0.453673839569
        var: 2.41002453549e-05
    hfc:
        dmean: 3.58684229851
        dmean2: 5.76408195496
        dvar: 14.8494749069
        dvar2: 41.2962265015
        max: 44.5695419312
        mean: 17.5469074249
        min: 6.69227647781
        var: 43.6743927002
    pitch:
        dmean: 590.149597168
        dmean2: 1134.80529785
        dvar: 964801.375
        dvar2: 2509315.5
        max: 4900
        mean: 2549.55004883
        min: 87.6739578247
        var: 964295.5625
    pitch_instantaneous_confidence:
        dmean: 0.0828657895327
        dmean2: 0.133518829942
        dvar: 0.00425310758874
        dvar2: 0.0104402145371
        max: 0.832945764065
        mean: 0.457374334335
        min: 0.20463347435
        var: 0.0196333266795
    pitch_salience:
        dmean: 0.0497975647449
        dmean2: 0.0852797701955
        dvar: 0.00221508764662
        dvar2: 0.0068506160751
        max: 0.846045315266
        mean: 0.706429481506
        min: 0.336138665676
        var: 0.00627128826454
    silence_rate_20dB:
        dmean: 0
        dmean2: 0
        dvar: 0
        dvar2: 0
        max: 1
        mean: 1
        min: 1
        var: 0
    silence_rate_30dB:
        dmean: 0
        dmean2: 0
        dvar: 0
        dvar2: 0
        max: 1
        mean: 1
        min: 1
        var: 0
    silence_rate_60dB:
        dmean: 0.0186046510935
        dmean2: 0.0349650345743
        dvar: 0.0182585678995
        dvar2: 0.0384045392275
        max: 1
        mean: 0.0208816714585
        min: 0
        var: 0.0204454157501
    spectral_centroid:
        dmean: 200.573883057
        dmean2: 317.670227051
        dvar: 36964.4609375
        dvar2: 97134.2421875
        max: 4397.43798828
        mean: 2943.61401367
        min: 1851.06347656
        var: 229808.734375
    spectral_complexity:
        dmean: 3.43925237656
        dmean2: 5.7283372879
        dvar: 8.21360301971
        dvar2: 21.1158924103
        max: 36
        mean: 22.2890434265
        min: 6
        var: 23.3057670593
    spectral_crest:
        dmean: 2.15828204155
        dmean2: 3.42795610428
        dvar: 3.54037070274
        dvar2: 9.03181171417
        max: 21.3419494629
        mean: 9.05216217041
        min: 3.60405898094
        var: 14.3453073502
    spectral_decrease:
        dmean: 1.76403378016e-10
        dmean2: 2.79077455589e-10
        dvar: 2.53136606019e-20
        dvar2: 6.12759112661e-20
        max: -5.38128985816e-10
        mean: -1.13503817456e-09
        min: -2.70526423485e-09
        var: 1.03192603798e-19
    spectral_energy:
        dmean: 0.000969520711806
        dmean2: 0.00154104235116
        dvar: 8.21053049549e-07
        dvar2: 2.10127791433e-06
        max: 0.0139374257997
        mean: 0.00587545055896
        min: 0.00273195211776
        var: 2.95618337987e-06
    spectral_energyband_high:
        dmean: 0.000463147473056
        dmean2: 0.000768457888626
        dvar: 5.67517645322e-07
        dvar2: 1.66533573065e-06
        max: 0.00767346238717
        mean: 0.00136352528352
        min: 0.000210338635952
        var: 1.72407578702e-06
    spectral_energyband_low:
        dmean: 9.57270458457e-05
        dmean2: 0.000163032047567
        dvar: 7.77297337606e-09
        dvar2: 2.05998667013e-08
        max: 0.00073622353375
        mean: 0.000131084627355
        min: 3.61848424291e-06
        var: 1.11041211781e-08
    spectral_energyband_middle_high:
        dmean: 0.000739939277992
        dmean2: 0.00117149774451
        dvar: 4.53422899227e-07
        dvar2: 9.12812538445e-07
        max: 0.012775907293
        mean: 0.00387229141779
        min: 0.00105355214328
        var: 3.1710624171e-06
    spectral_energyband_middle_low:
        dmean: 0.000210492391489
        dmean2: 0.000345194333931
        dvar: 3.81053411047e-08
        dvar2: 9.19310778613e-08
        max: 0.0017284869682
        mean: 0.000508548342623
        min: 8.5790787125e-05
        var: 8.68628973194e-08
    spectral_flatness_db:
        dmean: 0.0136868404225
        dmean2: 0.0230811033398
        dvar: 0.000133609108161
        dvar2: 0.000330161856255
        max: 0.279582649469
        mean: 0.173159852624
        min: 0.126369848847
        var: 0.000420492811827
    spectral_flux:
        dmean: 0.00540426792577
        dmean2: 0.00915929954499
        dvar: 2.61423792836e-05
        dvar2: 7.72531129769e-05
        max: 0.0810114592314
        mean: 0.0455902032554
        min: 0.0291123762727
        var: 4.54314686067e-05
    spectral_kurtosis:
        dmean: 0.820847153664
        dmean2: 1.38183653355
        dvar: 0.40883269906
        dvar2: 1.18286967278
        max: 9.07330703735
        mean: 3.88027429581
        min: 1.5998210907
        var: 1.33685660362
    spectral_rms:
        dmean: 0.000195787040866
        dmean2: 0.000310716044623
        dvar: 3.00224130001e-08
        dvar2: 7.87883394082e-08
        max: 0.00368747720495
        mean: 0.00237045809627
        min: 0.00163258053362
        var: 1.13071401131e-07
    spectral_rolloff:
        dmean: 192.088134766
        dmean2: 316.190093994
        dvar: 48087.4726562
        dvar2: 115088.195312
        max: 5211.03515625
        mean: 4194.70849609
        min: 3143.84765625
        var: 358386.25
    spectral_skewness:
        dmean: 0.127536162734
        dmean2: 0.21202044189
        dvar: 0.00954613275826
        dvar2: 0.0258641634136
        max: 2.38464212418
        mean: 1.17612922192
        min: 0.638811707497
        var: 0.0406329147518
    spectral_spread:
        dmean: 305311.6875
        dmean2: 473946.65625
        dvar: 420453974016
        dvar2: 496583213056
        max: 16485531
        mean: 3868084.25
        min: 2820238.75
        var: 581470453760
    spectral_strongpeak:
        dmean: 1.57644605637
        dmean2: 2.70681524277
        dvar: 3.00167894363
        dvar2: 8.777135849
        max: 16.1138000488
        mean: 2.94831156731
        min: 0.0241668540984
        var: 7.05679702759
    zerocrossingrate:
        dmean: 0.00623129028827
        dmean2: 0.00788797158748
        dvar: 3.83628903364e-05
        dvar2: 6.11254727119e-05
        max: 0.21630859375
        mean: 0.145786672831
        min: 0.05615234375
        var: 0.000520142028108
    barkbands:
        dmean: [2.74685838519e-08, 3.57364078809e-05, 7.53228159738e-05, 9.18865553103e-05, 0.000103636528365, 3.32162853738e-05, 8.2497652329e-05, 1.67551115737e-05, 1.33813809953e-05, 5.75993908569e-06, 3.66117888007e-06, 5.43077749171e-06, 1.99860078283e-05, 7.27837323211e-05, 0.000130299507873, 0.000144189310959, 0.00025857181754, 0.000560034823138, 0.000252279656706, 0.000187712197658, 0.000395894458052, 3.03852521029e-05, 3.54692656401e-06, 1.30923069719e-06, 7.53227311634e-07, 3.339404131e-08, 6.92112989142e-09]
        dmean2: [4.58496245415e-08, 6.15959579591e-05, 0.000129329040647, 0.000157407834195, 0.000172680694959, 5.55643127882e-05, 0.000134704983793, 2.82488181256e-05, 2.16749631363e-05, 9.40932386584e-06, 6.10649021837e-06, 9.43830218603e-06, 3.40868864441e-05, 0.000123126214021, 0.000217609995161, 0.000245780509431, 0.000419217831222, 0.000881213345565, 0.000419215357397, 0.000293842254905, 0.000665092549752, 4.90151069243e-05, 5.68818859392e-06, 2.05750484383e-06, 1.13523492473e-06, 4.95832033209e-08, 7.15407288965e-09]
        dvar: [1.33824164705e-15, 1.81096704299e-09, 4.95632379582e-09, 8.46386249975e-09, 1.44118095236e-08, 1.05636344117e-09, 1.32954411924e-08, 5.24958243542e-10, 2.73274430862e-10, 2.85099166497e-11, 1.2020193868e-11, 2.70366524308e-11, 5.1351628505e-10, 4.85285367446e-09, 1.41196654369e-08, 2.25008403021e-08, 6.47163176382e-08, 5.17862588367e-07, 7.39493302149e-08, 1.4260231751e-07, 4.87794181936e-07, 1.95105731571e-09, 3.95215631055e-11, 6.01699679664e-12, 1.49591331076e-12, 1.78875723234e-14, 1.87467059834e-14]
        dvar2: [3.12000202726e-15, 4.85034767905e-09, 1.32188988644e-08, 2.35823396366e-08, 3.39951924389e-08, 2.68804067893e-09, 3.32714265028e-08, 1.30609600912e-09, 6.72117472789e-10, 8.01828672903e-11, 3.02343081127e-11, 7.50305581554e-11, 1.24138688218e-09, 1.34789637229e-08, 3.84917839824e-08, 5.58186492583e-08, 1.49762740875e-07, 9.97805841507e-07, 1.99903567477e-07, 3.3786616882e-07, 1.49294442053e-06, 3.73572728307e-09, 7.49241016451e-11, 1.35037554055e-11, 2.82438872637e-12, 1.89483337061e-14, 1.87478647244e-14]
        max: [3.99861249889e-07, 0.000338176876539, 0.000501441885717, 0.000756464782171, 0.00108130357694, 0.000248413649388, 0.000895947974641, 0.000289168499876, 0.000186898032553, 4.49601102446e-05, 3.37016426784e-05, 3.89988490497e-05, 0.000281084416201, 0.000682534533553, 0.00107373239007, 0.00170626572799, 0.00260405382141, 0.010192909278, 0.00352534209378, 0.00583718344569, 0.00747175514698, 0.000654158066027, 7.13509143679e-05, 2.56477233052e-05, 1.62891465152e-05, 2.75403067462e-06, 2.8399938401e-06]
        mean: [2.98283424627e-08, 4.1438601329e-05, 8.96175624803e-05, 0.000112385372631, 0.00016497814795, 5.41022091056e-05, 0.000123565376271, 2.89958516078e-05, 2.30217956414e-05, 1.00840734376e-05, 5.78754770686e-06, 9.62803096627e-06, 3.80276505894e-05, 0.000133717971039, 0.000261845678324, 0.000320067105349, 0.000659282959532, 0.00148676510435, 0.000707761617377, 0.000490474689286, 0.0010129242437, 8.518260438e-05, 1.00228444353e-05, 3.68134851669e-06, 1.97471126739e-06, 8.25601702559e-08, 6.95412705198e-09]
        min: [1.64880678555e-11, 2.34443447766e-07, 9.57489987741e-07, 2.92013851322e-06, 6.7456371653e-06, 5.49002493244e-07, 3.94076039356e-07, 1.86834529359e-06, 9.82581354947e-07, 4.39001667019e-07, 3.36666175826e-07, 8.6260166654e-07, 2.4000112262e-06, 1.19314427138e-05, 3.96906725655e-05, 6.6103588324e-05, 5.99471313762e-05, 0.0001008312247, 0.000124024314573, 8.01279165898e-05, 7.39040333428e-05, 1.73342796188e-05, 2.10639018405e-06, 9.62962303674e-07, 4.56874403199e-07, 1.8922234446e-08, 3.23775706766e-12]
        var: [1.69968786394e-15, 1.97519445244e-09, 7.11424030797e-09, 1.00803481118e-08, 2.32599788319e-08, 1.96909311079e-09, 2.27562111377e-08, 7.9190448643e-10, 4.20555312797e-10, 4.60273520686e-11, 1.71522848008e-11, 3.84604813275e-11, 7.3973255299e-10, 8.24291657153e-09, 2.03958450129e-08, 6.10551680325e-08, 1.61796009479e-07, 1.6389767552e-06, 2.41203025553e-07, 1.43911449868e-07, 1.71361239154e-06, 4.15327683356e-09, 7.08178932163e-11, 8.01197823364e-12, 2.91555776917e-12, 1.89767076158e-14, 1.87527334698e-14]
    mfcc:
        mean: [-692.255249023, 58.92710495, -62.9078025818, 81.506401062, 4.50413703918, 0.361334055662, -15.2029476166, -15.1549434662, 3.64450573921, -4.21234846115, 6.4331946373, 0.167738378048, -14.3221788406]
        cov: [[126.081184387, 8.9714345932, 18.700088501, 2.74901032448, -22.3696479797, -24.5135860443, -20.2602310181, 0.352976351976, -24.1281528473, -14.4455528259, 7.84511804581, 13.5907201767, 10.725566864], [8.9714345932, 177.46307373, -10.518248558, 19.5370960236, 15.1778774261, -28.7178630829, 3.59607076645, 0.466681092978, -43.6136550903, 25.7577342987, -5.6647105217, -21.7539691925, 36.8128623962], [18.700088501, -10.518248558, 87.6132049561, -3.51446437836, -9.7683763504, 33.8615646362, 2.88699865341, -16.6117572784, 15.3299283981, -12.2456941605, -5.18582630157, 10.1610002518, -5.04752111435], [2.74901032448, 19.5370960236, -3.51446437836, 59.8886871338, 24.473072052, -18.5494995117, 0.279765486717, 16.9237747192, -15.1489543915, 4.4064822197, -0.663648426533, -5.15864467621, 15.5177364349], [-22.3696479797, 15.1778774261, -9.7683763504, 24.473072052, 58.3124313354, 6.86988067627, 12.4533510208, 18.8624305725, -6.93079423904, 8.99309825897, -5.06446647644, -12.942117691, 10.3585739136], [-24.5135860443, -28.7178630829, 33.8615646362, -18.5494995117, 6.86988067627, 87.6941146851, 22.5680961609, -22.6545772552, 42.0016975403, -5.1678442955, -6.10879707336, 9.04895687103, -22.9991588593], [-20.2602310181, 3.59607076645, 2.88699865341, 0.279765486717, 12.4533510208, 22.5680961609, 51.0361557007, 20.1043720245, 9.62240505219, 17.050611496, 2.71096634865, -4.70777702332, -0.329631984234], [0.352976351976, 0.466681092978, -16.6117572784, 16.9237747192, 18.8624305725, -22.6545772552, 20.1043720245, 64.4147491455, 0.0134756788611, 8.67481231689, 11.2926588058, -2.61261892319, 9.87662601471], [-24.1281528473, -43.6136550903, 15.3299283981, -15.1489543915, -6.93079423904, 42.0016975403, 9.62240505219, 0.0134756788611, 83.2344589233, 5.04837226868, 3.52743506432, 24.2972621918, -22.3588409424], [-14.4455528259, 25.7577342987, -12.2456941605, 4.4064822197, 8.99309825897, -5.1678442955, 17.050611496, 8.67481231689, 5.04837226868, 60.6359443665, 14.5223140717, -8.56757164001, 21.0509586334], [7.84511804581, -5.6647105217, -5.18582630157, -0.663648426533, -5.06446647644, -6.10879707336, 2.71096634865, 11.2926588058, 3.52743506432, 14.5223140717, 44.1065559387, 20.9100055695, 1.51572358608], [13.5907201767, -21.7539691925, 10.1610002518, -5.15864467621, -12.942117691, 9.04895687103, -4.70777702332, -2.61261892319, 24.2972621918, -8.56757164001, 20.9100055695, 53.0259399414, 1.02165484428], [10.725566864, 36.8128623962, -5.04752111435, 15.5177364349, 10.3585739136, -22.9991588593, -0.329631984234, 9.87662601471, -22.3588409424, 21.0509586334, 1.51572358608, 1.02165484428, 56.7499008179]]
        icov: [[0.0109427385032, -0.000405703147408, -0.00308061437681, -0.000388312648283, 0.00386855727993, 0.000499689311255, 0.00324731087312, -0.00271631777287, 0.00370448944159, 0.000861273962073, -0.000630342925433, -0.00269986875355, -0.000779320136644], [-0.000405703147408, 0.00762587692589, -0.000147735336213, -0.000700895034242, -0.000893931020983, 0.0011535451049, -0.00131754041649, 0.00176140747499, 0.00240157404914, -0.0023528165184, 0.000932750874199, 0.000949060951825, -0.0025981888175], [-0.00308061437681, -0.000147735336213, 0.015774961561, -0.00264126458205, 0.0030404899735, -0.0068297246471, -0.00112015614286, 0.00175107235555, -0.00139306148048, 0.00254233274609, 0.000633379502688, 0.000188056117622, -0.00234298431315], [-0.000388312648283, -0.000700895034242, -0.00264126458205, 0.0236972961575, -0.0103040887043, 0.00523931672797, 0.000600667088293, -0.0021770556923, 0.000659112003632, 0.000233345650486, 0.000642827013507, -0.00132604141254, -0.00162031396758], [0.00386855727993, -0.000893931020983, 0.0030404899735, -0.0103040887043, 0.02972721681, -0.0112639479339, 0.00284719583578, -0.00970620661974, 0.00436601415277, -0.0015841955319, 0.0025042751804, 0.00282579590566, -0.00315852463245], [0.000499689311255, 0.0011535451049, -0.0068297246471, 0.00523931672797, -0.0112639479339, 0.0306980740279, -0.0156314056367, 0.0149554079399, -0.0110172396526, 0.00454609328881, -0.00115147826727, -0.000294791825581, 0.00292970775627], [0.00324731087312, -0.00131754041649, -0.00112015614286, 0.000600667088293, 0.00284719583578, -0.0156314056367, 0.0364301688969, -0.017725193873, 0.00609460705891, -0.0107821449637, 0.00312702846713, -0.0011972351931, 0.00275764474645], [-0.00271631777287, 0.00176140747499, 0.00175107235555, -0.0021770556923, -0.00970620661974, 0.0149554079399, -0.017725193873, 0.0316227413714, -0.00955211743712, 0.00741169042885, -0.009173091501, 0.00520374486223, -0.00401342380792], [0.00370448944159, 0.00240157404914, -0.00139306148048, 0.000659112003632, 0.00436601415277, -0.0110172396526, 0.00609460705891, -0.00955211743712, 0.0269549153745, -0.0119547694921, 0.00893422495574, -0.0145952496678, 0.00895239040256], [0.000861273962073, -0.0023528165184, 0.00254233274609, 0.000233345650486, -0.0015841955319, 0.00454609328881, -0.0107821449637, 0.00741169042885, -0.0119547694921, 0.032950617373, -0.0171892680228, 0.0144531270489, -0.0144291240722], [-0.000630342925433, 0.000932750874199, 0.000633379502688, 0.000642827013507, 0.0025042751804, -0.00115147826727, 0.00312702846713, -0.009173091501, 0.00893422495574, -0.0171892680228, 0.0402316078544, -0.021796265617, 0.00929956324399], [-0.00269986875355, 0.000949060951825, 0.000188056117622, -0.00132604141254, 0.00282579590566, -0.000294791825581, -0.0011972351931, 0.00520374486223, -0.0145952496678, 0.0144531270489, -0.021796265617, 0.0385239087045, -0.0124969556928], [-0.000779320136644, -0.0025981888175, -0.00234298431315, -0.00162031396758, -0.00315852463245, 0.00292970775627, 0.00275764474645, -0.00401342380792, 0.00895239040256, -0.0144291240722, 0.00929956324399, -0.0124969556928, 0.0310230236501]]
    spectral_contrast:
        mean: [1.65102434835e-07, 2.81029286953e-07, 8.39623126581e-08, 1.75861487151e-07, -4.41694396613e-08, -1.21328099567e-07, 1.47281821228e-06, -1.11376628809e-07, 3.57905747705e-07, 2.00540443984e-06, 9.0521950824e-07, -3.50554159922e-06]
        var: [0.000623831932899, 0.000678156269714, 0.000760316266678, 0.00106906506699, 0.00179216172546, 0.00273116491735, 0.0385792218149, 0.0476474948227, 0.0686124712229, 0.0823548063636, 0.116830520332, 0.170873746276]

rhythm:
    beats_loudness:
        dmean: 0.00205872487277
        dmean2: 0.00382687151432
        dvar: 3.54803091795e-06
        dvar2: 1.3580301129e-05
        max: 0.0101235872135
        mean: 0.00575579842553
        min: 0.0032182757277
        var: 3.20076719618e-06
    beats_loudness_bass:
        dmean: 0.0295725930482
        dmean2: 0.0589182935655
        dvar: 0.000885953486431
        dvar2: 0.00250924564898
        max: 0.11470720917
        mean: 0.0430405624211
        min: 0.00482409493998
        var: 0.000799015106168
    bpm: 111.70841217
    bpm_confidence: 0
    first_peak_bpm: 112
    first_peak_spread: 0
    first_peak_weight: 0.555555582047
    onset_rate: 1.09946155548
    second_peak_bpm: 126
    second_peak_spread: 0
    second_peak_weight: 0.388888895512
    beats_position: [0.0939227119088, 0.631095230579, 1.1682677269, 1.70544040203, 2.24261307716, 2.77978563309, 3.31695818901, 3.85413074493, 4.39130353928, 4.92847585678, 5.46564865112, 6.16502475739, 6.64210224152, 7.11918020248, 7.59625673294, 8.07333469391, 8.55041217804, 9.02748966217, 9.5045671463]
    bpm_estimates: [111.846138, 110.152122498, 111.384933472, 113.450462341]
    bpm_intervals: [0.537172496319, 0.537172496319, 0.537172675133, 0.537172675133, 0.537172555923, 0.537172555923, 0.537172555923, 0.537172794342, 0.537172317505, 0.537172794342, 0.699376106262, 0.477077484131, 0.477077960968, 0.477076530457, 0.477077960968, 0.477077484131, 0.477077484131, 0.477077484131]
    onset_times: [0.0580498874187, 0.917188227177, 2.72834467888, 4.21442174911, 5.49151945114, 6.43192720413, 7.00081634521, 7.67419481277, 7.8831744194, 8.0224943161, 8.66104316711]
    rubato_start: [6.64210224152]
    rubato_stop: [9.5045671463]
    perceptual_tempo: "unknown"

sfx:
    inharmonicity:
        dmean: 0.0753011405468
        dmean2: 0.134120643139
        dvar: 0.00516723794863
        dvar2: 0.0149300945923
        max: 0.38051533699
        mean: 0.0883824154735
        min: 0
        var: 0.00553071685135
    oddtoevenharmonicenergyratio:
        dmean: 9.93910312653
        dmean2: 18.4589004517
        dvar: 1729.49975586
        dvar2: 4972.609375
        max: 422.122161865
        mean: 6.31093883514
        min: 0
        var: 1020.30072021
    pitch_after_max_to_before_max_energy_ratio: 1.09255707264
    pitch_centroid: 214.677307129
    pitch_max_to_total: 0.491841495037
    pitch_min_to_total: 0.9650349617
    tristimulus:
        dmean: [0.150305494666, 0.379936814308, 0.211934506893]
        dmean2: [0.272850781679, 0.684344410896, 0.390621542931]
        dvar: [0.025552611798, 0.0923166796565, 0.0473006181419]
        dvar2: [0.0754395872355, 0.25436604023, 0.126778885722]
        max: [1, 0.994797587395, 0.8898422122]
        mean: [0.17471422255, 0.432927727699, 0.171174645424]
        min: [0.00284650106914, 0, 0]
        var: [0.024469608441, 0.124299548566, 0.0540703311563]

tonal:
    chords_changes_rate: 0.115740738809
    chords_number_rate: 0.0231481473893
    chords_strength:
        dmean: 0.00738039193675
        dmean2: 0.00840606167912
        dvar: 3.35321310558e-05
        dvar2: 3.61691199942e-05
        max: 0.64143204689
        mean: 0.559299767017
        min: 0.45902594924
        var: 0.00233146268874
    key_strength: 0.57908987999
    tuning_diatonic_strength: 0.77662229538
    tuning_equal_tempered_deviation: 0.162040099502
    tuning_frequency: 437.718536377
    tuning_nontempered_energy_ratio: 0.864254534245
    hpcp:
        dmean: [0.156967386603, 0.159640535712, 0.18707677722, 0.196645691991, 0.157965749502, 0.160849615932, 0.146027714014, 0.127007856965, 0.126969620585, 0.132866308093, 0.128914132714, 0.101014219224, 0.100604377687, 0.104769952595, 0.0938554257154, 0.0951582416892, 0.114624634385, 0.15834453702, 0.177980467677, 0.164049297571, 0.136650085449, 0.123908519745, 0.166829362512, 0.200115054846, 0.193371161819, 0.215913534164, 0.231450974941, 0.20533362031, 0.186084315181, 0.171729117632, 0.152556851506, 0.143914043903, 0.144420906901, 0.169264137745, 0.154736489058, 0.137113064528]
        dmean2: [0.244008824229, 0.260188162327, 0.302893817425, 0.319967925549, 0.252636879683, 0.270640015602, 0.243489339948, 0.206939995289, 0.202033057809, 0.221105858684, 0.206480130553, 0.157905638218, 0.16530624032, 0.175553366542, 0.151892825961, 0.15175871551, 0.180563941598, 0.254641324282, 0.2986343503, 0.283012211323, 0.231564581394, 0.209473729134, 0.270530045033, 0.32970187068, 0.310513824224, 0.358208596706, 0.394062519073, 0.344651222229, 0.314385801554, 0.294515728951, 0.255638599396, 0.238219231367, 0.239439561963, 0.280217140913, 0.26302048564, 0.219861090183]
        dvar: [0.0221730116755, 0.0238200034946, 0.0322274006903, 0.0321036875248, 0.0290617272258, 0.0282050855458, 0.0231298860162, 0.0167938768864, 0.0163426250219, 0.0217433907092, 0.0203922986984, 0.0110857058316, 0.0128052216023, 0.015103132464, 0.0127401063219, 0.00978230684996, 0.0119242379442, 0.0269513968378, 0.0332572236657, 0.0267417561263, 0.0189980044961, 0.0165021121502, 0.0245749354362, 0.0295411366969, 0.0303978119045, 0.0373732559383, 0.0422626622021, 0.0360942929983, 0.0254692919552, 0.0281169600785, 0.0237216614187, 0.0237478669733, 0.0167225152254, 0.02713576518, 0.0273709446192, 0.0173936914653]
        dvar2: [0.0533709786832, 0.0649392828345, 0.0786766782403, 0.0768471509218, 0.0725303515792, 0.073712028563, 0.0645571947098, 0.0460624061525, 0.0423742085695, 0.0509610772133, 0.0484050661325, 0.0291494615376, 0.0346677862108, 0.0421673618257, 0.0298671592027, 0.0203400012106, 0.0276860669255, 0.072673894465, 0.0869777500629, 0.0628450065851, 0.0511131100357, 0.0433975718915, 0.0593535639346, 0.0760765895247, 0.0824333205819, 0.101996593177, 0.114089392126, 0.0970613732934, 0.0646683499217, 0.0752770230174, 0.0763702392578, 0.0751226842403, 0.0400736816227, 0.0668818205595, 0.0693597868085, 0.0403885431588]
        max: [1, 1, 1, 1, 1, 1, 1, 1, 0.978160381317, 1, 1, 0.761091589928, 0.924027144909, 1, 1, 0.74964094162, 0.982516884804, 1, 1, 1, 1, 0.81219792366, 1, 1, 1, 1, 1, 1, 1, 1, 1, 1, 0.985875189304, 1, 1, 1]
        mean: [0.318466931581, 0.313069611788, 0.344429641962, 0.374095588923, 0.329000681639, 0.279978066683, 0.249003767967, 0.231027975678, 0.23326434195, 0.278187066317, 0.263679563999, 0.205924853683, 0.198686510324, 0.19475696981, 0.200618162751, 0.212092220783, 0.247403487563, 0.375649422407, 0.479229688644, 0.373114407063, 0.235806331038, 0.236917421222, 0.312962770462, 0.443557232618, 0.592559754848, 0.59335744381, 0.491982638836, 0.451925039291, 0.406124949455, 0.324314534664, 0.278429836035, 0.271030277014, 0.285620808601, 0.308105528355, 0.272857964039, 0.273023188114]
        min: [0.0187404975295, 0.0137381320819, 0.00889370590448, 0.0127482833341, 0.0143792228773, 0.0122530991212, 0.0113926110789, 0.00875575095415, 0.00841766409576, 0.0104535464197, 0.0104392431676, 0.0102547490969, 0.00929093360901, 0.00957793742418, 0.0126486765221, 0.0109459199011, 0.0229198578745, 0.0688829347491, 0.0679279789329, 0.0168184675276, 0.00262727751397, 0.003441673005, 0.00597505457699, 0.0103027764708, 0.0106526846066, 0.0160413682461, 0.0144225265831, 0.0153126930818, 0.0145386885852, 0.0116244871169, 0.00874521676451, 0.0112380236387, 0.0135643193498, 0.0120806349441, 0.0142618063837, 0.0146911526099]
        var: [0.0581364929676, 0.0544068105519, 0.0632320716977, 0.0617008917034, 0.0595532245934, 0.0442049279809, 0.0337662138045, 0.0310624260455, 0.0344210118055, 0.045790258795, 0.0444581732154, 0.0211994778365, 0.0212373584509, 0.0214615948498, 0.0203313231468, 0.018099989742, 0.0240586381406, 0.0476732738316, 0.0942808166146, 0.0552077628672, 0.0308790113777, 0.0287353545427, 0.0517592132092, 0.0795828253031, 0.09202118963, 0.0923542454839, 0.0915069580078, 0.0857961848378, 0.0679884701967, 0.0476245433092, 0.0360216759145, 0.0367992073298, 0.0405398868024, 0.0554362982512, 0.042819481343, 0.0394301600754]
    chords_histogram: [11.5740737915, 0, 0, 0, 0, 0, 0, 31.4814815521, 15.2777776718, 19.4444446564, 0, 0, 0, 0, 0, 0, 0, 0, 0, 0, 0, 0, 22.2222213745, 0]
    thpcp: [1, 0.829150557518, 0.761640489101, 0.684452414513, 0.546575307846, 0.469244688749, 0.456774026155, 0.481363832951, 0.519257903099, 0.459854274988, 0.460132747889, 0.536720216274, 0.527623951435, 0.58047580719, 0.630472540855, 0.554472982883, 0.471853971481, 0.419652223587, 0.389357179403, 0.393126159906, 0.468835562468, 0.444385707378, 0.347050249577, 0.334851294756, 0.328228741884, 0.338106751442, 0.357444286346, 0.41695523262, 0.633091270924, 0.807657659054, 0.628818929195, 0.39741024375, 0.399282813072, 0.527443885803, 0.747537970543, 0.998655617237]
    chords_key: "A#"
    chords_scale: "major"
    key_key: "A#"
    key_scale: "minor"
    chords_progression: ["A#", "A#", "A#", "A#", "A#", "Dm", "Dm", "Dm", "Dm", "Dm", "Dm", "Dm", "A#", "A#", "A#", "A#", "A#", "Dm", "Dm", "A#", "A#", "Dm", "Dm", "Dm", "Dm", "A#", "A#", "A#", "A#", "A#", "Dm", "Dm", "Dm", "Dm", "Dm", "Dm", "Dm", "Dm", "Dm", "Dm", "A#", "A#", "A#", "A#", "A#", "A#", "A#", "A#", "A#", "A#", "A#", "A#", "A#", "A#", "A#", "A#", "A#", "A#", "A#", "A#", "A#", "A#", "A#", "A#", "A#", "A#", "D#m", "D#m", "D#m", "D#m", "D#m", "D#m", "D#m", "D#m", "A#", "A#", "A#", "D#m", "D#m", "D#m", "D#m", "D#m", "D#m", "D#m", "D#m", "D#m", "D#m", "D#m", "D#m", "D#m", "D#m", "D#m", "D#m", "D#m", "D#m", "D#m", "D#m", "D#m", "D#m", "D#m", "D#m", "D#m", "D#m", "D#m", "D#m", "D#m", "D#m", "D#m", "D#m", "D#m", "D#m", "D#m", "D#m", "D#m", "D#m", "D#m", "D#m", "A#", "A#", "A#", "A#", "A#", "A#", "A#", "A#", "A#", "A#", "A#", "A#", "A#", "F", "F", "F", "F", "F", "F", "F", "F", "F", "F", "F", "F", "F", "F", "F", "F", "F", "F", "F", "F", "F", "F", "F", "F", "F", "F", "F", "F", "F", "F", "A#m", "A#m", "A#m", "A#m", "A#m", "A#m", "A#m", "A#m", "A#m", "A#m", "A#m", "A#m", "A#m", "A#m", "A#m", "A#m", "A#m", "A#m", "A#m", "A#", "A#m", "A#m", "A#m", "A#", "A#", "A#", "A#", "A#", "A#m", "A#m", "Dm", "A#m", "Dm", "Dm", "Dm", "Dm", "Dm", "Dm", "Dm", "Dm", "A#", "A#", "Dm", "A#", "F", "F", "F", "F", "F", "F", "F", "F", "F", "F", "F", "F"]
