
metadata:
    version:
        essentia: "1.2.2"
    audio_properties:
        analysis_sample_rate: 44100
        bitrate: 128
        channels: 2
        equal_loudness: 1
        length: 9.97877597809
        replay_gain: -11.1197166443
        downmix: "mix"
    tags:
        track: 18
        year: 0
        album: "Splitted by Mp3Splt v. 2.1"
        artist: "From 002.50 To 003.00"
        comment: "http://mp3splt.sf.net"
        genre: ""
        title: "01 Go.mp3"

highlevel:
    ballroom:
        all:
            ChaChaCha: 0.0571188367903
            Jive: 0.390852808952
            Quickstep: 0.0489371903241
            Rumba-American: 0.0234235096723
            Rumba-International: 0.0736912488937
            Rumba-Misc: 0.0386277623475
            Samba: 0.103175081313
            Tango: 0.0253784842789
            VienneseWaltz: 0.139935165644
            Waltz: 0.0988599136472
        probability: 0.390852808952
        value: "Jive"
    culture:
        all:
            non_western: 0.00289544300176
            western: 0.997104585171
        probability: 0.997104585171
        value: "western"
    gender:
        all:
            female: 0.2804864645
            male: 0.7195135355
        probability: 0.7195135355
        value: "male"
    genre_dortmund:
        all:
            alternative: 0.149216160178
            blues: 0.00325418892317
            electronic: 0.0362959988415
            folkcountry: 0.0129681536928
            funksoulrnb: 0.011982684955
            jazz: 0.0081531861797
            pop: 0.0311459172517
            raphiphop: 0.00194008403923
            rock: 0.745043635368
        probability: 0.745043635368
        value: "rock"
    genre_electronica:
        all:
            ambient: 0.238245069981
            dnb: 0.215074837208
            house: 0.0125115551054
            techno: 0.0606792233884
            trance: 0.473489314318
        probability: 0.473489314318
        value: "trance"
    genre_rosamerica:
        all:
            cla: 0.00513317761943
            dan: 0.00914747361094
            hip: 0.00194386101793
            jaz: 0.0011634825496
            pop: 0.00321679888293
            rhy: 0.00086569157429
            roc: 0.978114247322
            spe: 0.00041527452413
        probability: 0.978114247322
        value: "roc"
    genre_tzanetakis:
        all:
            blu: 0.0203147903085
            cla: 0.0299646314234
            cou: 0.206991165876
            dis: 0.0356708839536
            hip: 0.0198982786387
            jaz: 0.0294273812324
            met: 0.343411266804
            pop: 0.0233754254878
            reg: 0.0198443178087
            roc: 0.271101862192
        probability: 0.343411266804
        value: "met"
    live_studio:
        all:
            live: 0.00398591021076
            studio: 0.996014118195
        probability: 0.996014118195
        value: "studio"
    mood:
        all:
            Cluster1: 0.500690758228
            Cluster2: 0.0500546097755
            Cluster3: 0.0117702987045
            Cluster4: 0.0460258312523
            Cluster5: 0.391458511353
        probability: 0.500690758228
        value: "Cluster1"
    mood_acoustic:
        all:
            acoustic: 0.00907686166465
            not_acoustic: 0.990923166275
        probability: 0.990923166275
        value: "not_acoustic"
    mood_aggressive:
        all:
            aggressive: 0.999353826046
            not_aggressive: 0.000646184373181
        probability: 0.999353826046
        value: "aggressive"
    mood_electronic:
        all:
            electronic: 0.0900288820267
            not_electronic: 0.909971117973
        probability: 0.909971117973
        value: "not_electronic"
    mood_happy:
        all:
            happy: 0.126949235797
            not_happy: 0.873050749302
        probability: 0.873050749302
        value: "not_happy"
    mood_party:
        all:
            not_party: 0.26611199975
            party: 0.733888030052
        probability: 0.733888030052
        value: "party"
    mood_relaxed:
        all:
            not_relaxed: 0.259623497725
            relaxed: 0.740376472473
        probability: 0.740376472473
        value: "relaxed"
    mood_sad:
        all:
            not_sad: 3.00000096379e-14
            sad: 1
        probability: 1
        value: "sad"
    rhythm:
        all:
            fast: 0.596867620945
            medium: 0.0131108639762
            slow: 0.390021473169
        probability: 0.596867620945
        value: "fast"
    speech_music:
        all:
            music: 3.00000096379e-14
            speech: 1
        probability: 1
        value: "speech"
    timbre:
        all:
            bright: 0.267708957195
            dark: 0.732291042805
        probability: 0.732291042805
        value: "dark"
    voice_instrumental:
        all:
            instrumental: 0.985704541206
            voice: 0.0142954392359
        probability: 0.985704541206
        value: "instrumental"

lowlevel:
    average_loudness: 0.982982814312
    barkbands_kurtosis:
        dmean: 1.09513306618
        dmean2: 1.79349327087
        dvar: 0.903812587261
        dvar2: 2.75206255913
        max: 6.77340126038
        mean: 0.621147334576
        min: -1.75582385063
        var: 1.62605381012
    barkbands_skewness:
        dmean: 0.340812146664
        dmean2: 0.571616470814
        dvar: 0.0800413861871
        dvar2: 0.238010659814
        max: 0.24183884263
        mean: -1.18526279926
        min: -2.60360240936
        var: 0.143074512482
    barkbands_spread:
        dmean: 6.09123802185
        dmean2: 10.1619796753
        dvar: 34.8741722107
        dvar2: 106.103363037
        max: 55.3124313354
        mean: 26.0468425751
        min: 8.67958164215
        var: 62.2187271118
    dissonance:
        dmean: 0.010020413436
        dmean2: 0.0170742981136
        dvar: 9.99154435704e-05
        dvar2: 0.000229743891396
        max: 0.499620705843
        mean: 0.48578453064
        min: 0.397417753935
        var: 0.000116714421893
    hfc:
        dmean: 3.37902522087
        dmean2: 5.41452646255
        dvar: 12.2807397842
        dvar2: 28.72838974
        max: 37.476688385
        mean: 14.707321167
        min: 1.10694127216e-05
        var: 27.2755317688
    pitch:
        dmean: 932.01361084
        dmean2: 1762.83850098
        dvar: 1369852.875
        dvar2: 3286447.25
        max: 3675
        mean: 1518.73571777
        min: 98
        var: 1638427.5
    pitch_instantaneous_confidence:
        dmean: 0.0912123024464
        dmean2: 0.151404887438
        dvar: 0.00537812616676
        dvar2: 0.0147665841505
        max: 0.748085260391
        mean: 0.404810398817
        min: 0.178663432598
        var: 0.0132171064615
    pitch_salience:
        dmean: 0.0517560280859
        dmean2: 0.085311204195
        dvar: 0.00207773689181
        dvar2: 0.00567287486047
        max: 0.96142244339
        mean: 0.689936935902
        min: 0.442085087299
        var: 0.00355351506732
    silence_rate_20dB:
        dmean: 0
        dmean2: 0
        dvar: 0
        dvar2: 0
        max: 1
        mean: 1
        min: 1
        var: 0
    silence_rate_30dB:
        dmean: 0
        dmean2: 0
        dvar: 0
        dvar2: 0
        max: 1
        mean: 1
        min: 1
        var: 0
    silence_rate_60dB:
        dmean: 0.0162790697068
        dmean2: 0.0326340310276
        dvar: 0.0160141587257
        dvar2: 0.0315692685544
        max: 1
        mean: 0.0301624126732
        min: 0
        var: 0.0292526781559
    spectral_centroid:
        dmean: 189.189407349
        dmean2: 314.459381104
        dvar: 27029.0761719
        dvar2: 72670.2109375
        max: 3231.19262695
        mean: 2440.05908203
        min: 1411.00097656
        var: 61191.3164062
    spectral_complexity:
        dmean: 4.94871807098
        dmean2: 7.78037405014
        dvar: 20.6220264435
        dvar2: 39.68542099
        max: 47
        mean: 24.9511623383
        min: 0
        var: 58.2601928711
    spectral_crest:
        dmean: 1.76744294167
        dmean2: 3.03916335106
        dvar: 2.67010712624
        dvar2: 6.83494663239
        max: 17.8908023834
        mean: 6.70763969421
        min: 2.91341495514
        var: 4.05508708954
    spectral_decrease:
        dmean: 2.88807394666e-10
        dmean2: 4.70758876325e-10
        dvar: 1.14103555518e-19
        dvar2: 2.82349985385e-19
        max: -6.59134040378e-16
        mean: -1.23993215695e-09
        min: -3.14999937245e-09
        var: 1.81258123075e-19
    spectral_energy:
        dmean: 0.00137461826671
        dmean2: 0.00223448150791
        dvar: 2.44542275141e-06
        dvar2: 5.94291532252e-06
        max: 0.014811931178
        mean: 0.00601378967986
        min: 3.49175599546e-09
        var: 4.2084730012e-06
    spectral_energyband_high:
        dmean: 0.00020425429102
        dmean2: 0.000333653908456
        dvar: 6.20809856855e-08
        dvar2: 1.65812565456e-07
        max: 0.00246758176945
        mean: 0.00057152035879
        min: 4.02705258029e-10
        var: 1.05923717797e-07
    spectral_energyband_low:
        dmean: 0.000235397630604
        dmean2: 0.000414042180637
        dvar: 1.28863320015e-07
        dvar2: 3.81012853268e-07
        max: 0.00291739148088
        mean: 0.0003022091405
        min: 2.05145872512e-10
        var: 1.04075127183e-07
    spectral_energyband_middle_high:
        dmean: 0.00102280033752
        dmean2: 0.00165017996915
        dvar: 9.8334987797e-07
        dvar2: 2.29334818869e-06
        max: 0.0110314358026
        mean: 0.00447540124878
        min: 2.72146460922e-09
        var: 2.4667949674e-06
    spectral_energyband_middle_low:
        dmean: 0.000315433222568
        dmean2: 0.000531628844328
        dvar: 2.2853647863e-07
        dvar2: 6.07508127359e-07
        max: 0.00395078118891
        mean: 0.000664600229356
        min: 1.10012415844e-10
        var: 2.13394315551e-07
    spectral_flatness_db:
        dmean: 0.01161435619
        dmean2: 0.0194429066032
        dvar: 8.33167287055e-05
        dvar2: 0.000226326999837
        max: 0.166660100222
        mean: 0.122702144086
        min: 0.0870715752244
        var: 0.000199891626835
    spectral_flux:
        dmean: 0.00727039016783
        dmean2: 0.0112329684198
        dvar: 5.28987766302e-05
        dvar2: 9.92073692032e-05
        max: 0.0872685611248
        mean: 0.0496775880456
        min: 5.90910822211e-05
        var: 0.000116112561955
    spectral_kurtosis:
        dmean: 0.74560546875
        dmean2: 1.23928177357
        dvar: 0.469632089138
        dvar2: 1.26726341248
        max: 8.17336940765
        mean: 3.89967441559
        min: 1.36906528473
        var: 1.09187626839
    spectral_rms:
        dmean: 0.000268481206149
        dmean2: 0.000425049365731
        dvar: 8.1743365854e-08
        dvar2: 1.82221867817e-07
        max: 0.00380140310153
        mean: 0.00238763308153
        min: 1.84569535122e-06
        var: 1.66317889239e-07
    spectral_rolloff:
        dmean: 178.539901733
        dmean2: 304.231811523
        dvar: 32293.7792969
        dvar2: 90582.203125
        max: 4543.50585938
        mean: 3667.80810547
        min: 3057.71484375
        var: 58824.0703125
    spectral_skewness:
        dmean: 0.127814054489
        dmean2: 0.209400758147
        dvar: 0.010495044291
        dvar2: 0.0275687519461
        max: 2.06999254227
        mean: 1.43169295788
        min: 0.900823831558
        var: 0.0316966213286
    spectral_spread:
        dmean: 506869.46875
        dmean2: 719415.25
        dvar: 1.51078515507e+12
        dvar2: 1.65289603891e+12
        max: 26668410
        mean: 4682300
        min: 3040113.5
        var: 2.19893556838e+12
    spectral_strongpeak:
        dmean: 1.11530637741
        dmean2: 1.91576480865
        dvar: 0.903372585773
        dvar2: 2.1128783226
        max: 6.14590454102
        mean: 1.8372964859
        min: 5.7770528656e-05
        var: 1.5951679945
    zerocrossingrate:
        dmean: 0.0053107701242
        dmean2: 0.00700021907687
        dvar: 3.55996089638e-05
        dvar2: 4.22243501816e-05
        max: 0.15478515625
        mean: 0.125173732638
        min: 0.05224609375
        var: 0.000104324535641
    barkbands:
        dmean: [8.97942015854e-07, 0.000106050858449, 0.000150531515828, 5.90044328419e-05, 7.55134315114e-05, 0.000136184986332, 6.61219019094e-05, 4.91686514579e-05, 7.47928497731e-05, 0.000178233050974, 5.80823652854e-05, 7.38898743293e-05, 5.12678307132e-05, 9.98523682938e-05, 0.000227079814067, 0.00016157203936, 0.000442008633399, 0.000312747666612, 0.000471554551041, 0.00021342538821, 0.000117739058624, 2.81970933429e-05, 6.50550964565e-06, 2.71539761343e-06, 1.90244588794e-06, 2.45936149668e-07, 8.09182942874e-09]
        dmean2: [1.30410307975e-06, 0.000178376983968, 0.000275896280073, 0.000101999969047, 0.00013154107728, 0.000237472035224, 0.000114166672574, 8.22600341053e-05, 0.00012513724505, 0.000307863519993, 9.33171832003e-05, 0.000124933430925, 8.93547185115e-05, 0.000163873817655, 0.000386155646993, 0.000276898994343, 0.000715785310604, 0.000517315871548, 0.000739044742659, 0.000362171413144, 0.000190135280718, 4.36086484115e-05, 1.03410029624e-05, 3.88019543607e-06, 2.70224222731e-06, 4.0393175027e-07, 8.48218917326e-09]
        dvar: [1.24304971698e-12, 2.06806127778e-08, 5.92688174095e-08, 3.61128749127e-09, 5.24801757606e-09, 4.07979605654e-08, 1.64664744062e-08, 3.07265279886e-09, 9.23909126982e-09, 5.76317837897e-08, 3.87325416185e-09, 1.50562584622e-08, 6.19760287535e-09, 1.90019999735e-08, 9.24888041709e-08, 3.0442603105e-08, 1.89665271932e-07, 7.73967983037e-08, 2.98795043818e-07, 5.09527282588e-08, 1.52080179561e-08, 9.75173830575e-10, 5.94835986023e-11, 1.12860797097e-11, 6.6734603954e-12, 1.45612431075e-13, 2.22675695293e-14]
        dvar2: [2.52966007516e-12, 5.99259166734e-08, 1.72561911427e-07, 9.7016998879e-09, 1.42187372987e-08, 1.16353831459e-07, 4.62954474756e-08, 7.55375406669e-09, 2.42102693448e-08, 1.57842649173e-07, 9.77908776179e-09, 4.06600264569e-08, 1.83121855457e-08, 4.5115800873e-08, 2.40539208107e-07, 8.09665152701e-08, 4.69235800438e-07, 2.07677231856e-07, 7.88126612861e-07, 1.33258055257e-07, 4.01559425711e-08, 2.39660247203e-09, 1.54795259943e-10, 2.33166194685e-11, 1.37057448724e-11, 3.70881954705e-13, 2.15139287407e-14]
        max: [7.66431548982e-06, 0.00109710625838, 0.00199623894878, 0.000467966281576, 0.00050099339569, 0.00161794153973, 0.00146183348261, 0.000445090438006, 0.000909251510166, 0.00205066357739, 0.000634814496152, 0.00112901173998, 0.000751998100895, 0.00158582394943, 0.00293236644939, 0.00196220004, 0.00370216276497, 0.00290231010877, 0.00521740317345, 0.00169690512121, 0.000946990097873, 0.000304029905237, 6.66577834636e-05, 4.04523816542e-05, 2.47104744631e-05, 3.34454443873e-06, 3.15209808832e-06]
        mean: [1.38112807235e-06, 0.000157698697876, 0.000143189070513, 7.29067032808e-05, 0.000116931805678, 0.000176077548531, 8.49664065754e-05, 7.13140325388e-05, 0.000113401569251, 0.000259953550994, 0.000109553526272, 0.000103168371425, 7.32864718884e-05, 0.000180394854397, 0.000382441765396, 0.000330421637045, 0.000961431884207, 0.000706415739842, 0.00111442990601, 0.000469674909255, 0.000286990602035, 7.00643868186e-05, 1.58512193593e-05, 7.02640681993e-06, 4.44412626166e-06, 3.66811747199e-07, 8.30984259181e-09]
        min: [8.82219436393e-11, 1.10885668703e-10, 5.05782152271e-11, 3.36571950865e-11, 4.24016204092e-11, 1.57294559322e-11, 5.74844512269e-12, 3.85632454789e-12, 7.58145369401e-12, 5.61315490616e-12, 4.77429727697e-12, 1.07933870175e-11, 2.13496061108e-11, 1.52771701539e-11, 3.15447945543e-11, 2.40399450346e-10, 2.84013895735e-10, 9.48978118309e-10, 1.05976971643e-09, 2.06420922022e-10, 8.29955548731e-11, 7.13293035748e-11, 4.06725660096e-11, 3.02688187015e-11, 3.14570938742e-11, 2.0656754085e-11, 5.18817194067e-13]
        var: [2.56641973298e-12, 2.29695409359e-08, 4.14670786597e-08, 4.59775595374e-09, 6.77522260517e-09, 3.3067024674e-08, 1.21277414777e-08, 3.98605770613e-09, 1.30828947675e-08, 5.77610457242e-08, 1.03055244338e-08, 1.59089825758e-08, 6.02257976823e-09, 3.58279272916e-08, 1.31872013753e-07, 4.84264148781e-08, 4.12493051272e-07, 1.49841397956e-07, 4.99730731462e-07, 8.51290522519e-08, 3.00463085523e-08, 2.23887663964e-09, 1.55165102989e-10, 3.83604745191e-11, 1.80748783996e-11, 2.2474821212e-13, 2.30471701836e-14]
    mfcc:
        mean: [-667.409057617, 80.6755523682, -61.6409072876, 53.7559165955, -6.4961681366, -4.04489994049, 2.0335996151, 3.28753972054, 5.82658290863, -1.89389979839, -2.30059123039, -6.06810283661, -3.08143591881]
        cov: [[1996.76672363, -29.265039444, -14.2641124725, -160.912002563, -136.035888672, -0.0426827222109, -4.39774513245, -30.563747406, 9.76343727112, -34.5846176147, -38.7146873474, 4.46847677231, 23.7132415771], [-29.265039444, 219.045944214, -39.9806060791, 77.137298584, 10.8114871979, -10.06590271, 2.15828490257, -3.54701447487, 19.2969665527, 11.6622638702, -0.478238433599, -11.5714588165, -2.29695534706], [-14.2641124725, -39.9806060791, 96.073890686, 16.3422698975, 13.3841619492, 11.1452054977, 1.73176908493, -0.405888408422, -0.306388437748, -3.14334869385, 8.33915138245, 14.1217412949, -2.1262652874], [-160.912002563, 77.137298584, 16.3422698975, 110.75881958, 38.2458877563, 12.6208581924, 5.09735298157, -3.64707970619, 5.42611837387, 19.7819309235, 17.7919635773, -3.1065363884, -6.82959890366], [-136.035888672, 10.8114871979, 13.3841619492, 38.2458877563, 65.275062561, 23.7021083832, 8.82466888428, -0.33983066678, 0.963272869587, 14.1234388351, 10.5158815384, -0.614406347275, -3.33347392082], [-0.0426827222109, -10.06590271, 11.1452054977, 12.6208581924, 23.7021083832, 56.0236244202, 17.7578277588, -1.40583825111, -6.67188930511, 6.62742328644, 9.81886672974, 7.18454027176, 6.34591531754], [-4.39774513245, 2.15828490257, 1.73176908493, 5.09735298157, 8.82466888428, 17.7578277588, 45.4142341614, 17.813337326, -0.406952768564, 3.27713632584, 4.26040649414, 1.55362844467, 5.62850093842], [-30.563747406, -3.54701447487, -0.405888408422, -3.64707970619, -0.33983066678, -1.40583825111, 17.813337326, 55.6945266724, 16.3365058899, 0.428522676229, -7.15296268463, -5.66763544083, 6.35116910934], [9.76343727112, 19.2969665527, -0.306388437748, 5.42611837387, 0.963272869587, -6.67188930511, -0.406952768564, 16.3365058899, 49.7412643433, 11.8684482574, -7.81879377365, 1.54495704174, -1.92163968086], [-34.5846176147, 11.6622638702, -3.14334869385, 19.7819309235, 14.1234388351, 6.62742328644, 3.27713632584, 0.428522676229, 11.8684482574, 44.2106933594, 15.9102993011, -5.96443510056, 2.27862143517], [-38.7146873474, -0.478238433599, 8.33915138245, 17.7919635773, 10.5158815384, 9.81886672974, 4.26040649414, -7.15296268463, -7.81879377365, 15.9102993011, 43.0959129333, 14.4437398911, -5.54349517822], [4.46847677231, -11.5714588165, 14.1217412949, -3.1065363884, -0.614406347275, 7.18454027176, 1.55362844467, -5.66763544083, 1.54495704174, -5.96443510056, 14.4437398911, 48.6656837463, 9.87311267853], [23.7132415771, -2.29695534706, -2.1262652874, -6.82959890366, -3.33347392082, 6.34591531754, 5.62850093842, 6.35116910934, -1.92163968086, 2.27862143517, -5.54349517822, 9.87311267853, 41.9372940063]]
        icov: [[0.000669613247737, -0.00033281854121, -0.00032997992821, 0.000939719553571, 0.00124702975154, -0.000725547841284, -0.000225782743655, 0.000659554149024, -0.000464412354631, 4.0771534259e-05, 5.1915372751e-05, 0.000267051713308, -0.000200727736228], [-0.00033281854121, 0.0081544611603, 0.00423402106389, -0.00729967234656, 0.000429191306466, 0.00195279170293, -0.00122152618133, 0.00136540632229, -0.0028391063679, 0.00154327531345, 0.000397752824938, 0.000540350622032, -0.000932080729399], [-0.00032997992821, 0.00423402106389, 0.0138356685638, -0.00529316952452, -0.00149768602569, -0.000331299903337, 0.000238816530327, -0.000284888257738, -0.00144343439024, 0.00265609356575, -0.000561130116694, -0.00291043543257, 0.000600703177042], [0.000939719553571, -0.00729967234656, -0.00529316952452, 0.0195350386202, -0.00524309743196, -0.00180404668208, 0.000318332022289, 0.000649208377581, 0.00023622289882, -0.00303453393281, -0.00382639048621, 0.00179107184522, 0.000945222447626], [0.00124702975154, 0.000429191306466, -0.00149768602569, -0.00524309743196, 0.0253998190165, -0.00893235672265, -0.00112345605157, 0.000881187443156, -0.000772160943598, -0.00369245093316, 0.000869226350915, 0.000800269190222, 0.00186825811397], [-0.000725547841284, 0.00195279170293, -0.000331299903337, -0.00180404668208, -0.00893235672265, 0.0265997927636, -0.00882278289646, 0.00229006470181, 0.00252952263691, -0.00117278296966, -0.00122676382307, -0.00219910312444, -0.00315593904816], [-0.000225782743655, -0.00122152618133, 0.000238816530327, 0.000318332022289, -0.00112345605157, -0.00882278289646, 0.0305201914161, -0.011291269213, 0.00304785533808, -0.000525036186446, -0.00216688308865, -0.000638107012492, -0.000983735080808], [0.000659554149024, 0.00136540632229, -0.000284888257738, 0.000649208377581, 0.000881187443156, 0.00229006470181, -0.011291269213, 0.0262299943715, -0.0105623155832, 0.00390728935599, -0.000731857260689, 0.00552938459441, -0.00503510376438], [-0.000464412354631, -0.0028391063679, -0.00144343439024, 0.00023622289882, -0.000772160943598, 0.00252952263691, 0.00304785533808, -0.0105623155832, 0.0311560127884, -0.0146503243595, 0.0125540513545, -0.00984373502433, 0.00701934890822], [4.0771534259e-05, 0.00154327531345, 0.00265609356575, -0.00303453393281, -0.00369245093316, -0.00117278296966, -0.000525036186446, 0.00390728935599, -0.0146503243595, 0.0383903160691, -0.0196963418275, 0.0129068465903, -0.00933472346514], [5.1915372751e-05, 0.000397752824938, -0.000561130116694, -0.00382639048621, 0.000869226350915, -0.00122676382307, -0.00216688308865, -0.000731857260689, 0.0125540513545, -0.0196963418275, 0.0419193096459, -0.0173559337854, 0.0112698040903], [0.000267051713308, 0.000540350622032, -0.00291043543257, 0.00179107184522, 0.000800269190222, -0.00219910312444, -0.000638107012492, 0.00552938459441, -0.00984373502433, 0.0129068465903, -0.0173559337854, 0.0319484397769, -0.0113006820902], [-0.000200727736228, -0.000932080729399, 0.000600703177042, 0.000945222447626, 0.00186825811397, -0.00315593904816, -0.000983735080808, -0.00503510376438, 0.00701934890822, -0.00933472346514, 0.0112698040903, -0.0113006820902, 0.03059159033]]
    spectral_contrast:
        mean: [2.36356669348e-07, -4.44219750761e-07, -1.70033516156e-07, -3.00613606896e-07, 2.48312261419e-07, 5.30481315764e-07, -4.16279526405e-08, 5.4361516959e-06, -7.19032982488e-07, 3.67220059161e-06, -8.18940122826e-07, 4.08915593653e-06]
        var: [0.000264876347501, 0.000439094146714, 0.00105617777444, 0.00112260656897, 0.00154656730592, 0.00261103198864, 0.0286775529385, 0.0435464158654, 0.0743289589882, 0.112549252808, 0.202870890498, 1.02930414677]

rhythm:
    beats_loudness:
        dmean: 0.00242845364846
        dmean2: 0.00416599307209
        dvar: 2.25099870477e-06
        dvar2: 5.61084289075e-06
        max: 0.0138357402757
        mean: 0.00725621683523
        min: 0.00391128426418
        var: 5.04074023411e-06
    beats_loudness_bass:
        dmean: 0.0348264798522
        dmean2: 0.066467627883
        dvar: 0.000989519525319
        dvar2: 0.00231579574756
        max: 0.164809003472
        mean: 0.0484046973288
        min: 0.0149596463889
        var: 0.00130284787156
    bpm: 141.417938232
    bpm_confidence: 0
    first_peak_bpm: 140
    first_peak_spread: 0.428571462631
    first_peak_weight: 0.54545456171
    onset_rate: 3.40723156929
    second_peak_bpm: 118
    second_peak_spread: 0
    second_peak_weight: 0.0454545468092
    beats_position: [0.436489582062, 0.863810241222, 1.29113078117, 1.71845126152, 2.14577174187, 2.57309246063, 3.0004131794, 3.42773389816, 3.85505437851, 4.28237533569, 4.70969581604, 5.13701677322, 5.56433725357, 6.07414722443, 6.495906353, 6.91766548157, 7.33942461014, 7.76118326187, 8.18294239044, 8.60470104218, 9.02645969391, 9.44821834564, 9.86997699738]
    bpm_estimates: [140.075576782, 140.053543091, 138.639358521, 141.056564331, 141.112991333, 141.560897827, 140.22013855, 141.601348877, 141.29145813, 142.265960693, 143.523956299, 145.049026489, 141.982345581]
    bpm_intervals: [0.427320659161, 0.427320539951, 0.427320480347, 0.427320480347, 0.427320718765, 0.427320718765, 0.427320718765, 0.427320480347, 0.427320957184, 0.427320480347, 0.427320957184, 0.427320480347, 0.509809970856, 0.421759128571, 0.421759128571, 0.421759128571, 0.421758651733, 0.421759128571, 0.421758651733, 0.421758651733, 0.421758651733, 0.421758651733]
    onset_times: [0.0464399084449, 0.429569154978, 0.49922901392, 0.882358253002, 1.10294783115, 1.34675741196, 1.72988665104, 2.10140585899, 2.13623571396, 2.41487526894, 2.5890250206, 3.00698423386, 3.44816327095, 3.87773251534, 4.23764181137, 4.34213161469, 4.77170085907, 5.1780500412, 5.61922883987, 6.07201814651, 6.28099775314, 6.5015873909, 6.80344676971, 6.90793657303, 7.34911584854, 7.46521520615, 7.79029464722, 7.98766422272, 8.19664382935, 8.40562343597, 8.62621307373, 9.05578231812, 9.49696159363, 9.91492080688]
    rubato_start: []
    rubato_stop: []
    perceptual_tempo: "unknown"

sfx:
    inharmonicity:
        dmean: 0.074317060411
        dmean2: 0.132376089692
        dvar: 0.0042192786932
        dvar2: 0.0128703238443
        max: 0.352292716503
        mean: 0.0826741009951
        min: 0
        var: 0.00458923401311
    oddtoevenharmonicenergyratio:
        dmean: 2.21709799767
        dmean2: 3.95808792114
        dvar: 13.0935659409
        dvar2: 32.9714584351
        max: 30.8521957397
        mean: 1.82731688023
        min: 0
        var: 10.603972435
    pitch_after_max_to_before_max_energy_ratio: 22.3973693848
    pitch_centroid: 202.137649536
    pitch_max_to_total: 0.0441860482097
    pitch_min_to_total: 0.218604654074
    tristimulus:
        dmean: [0.12835675478, 0.266990840435, 0.18656656146]
        dmean2: [0.223012194037, 0.468041151762, 0.332086443901]
        dvar: [0.0138466339558, 0.0522758960724, 0.022825723514]
        dvar2: [0.0392020978034, 0.141850084066, 0.0625060498714]
        max: [1, 0.949052989483, 0.639895319939]
        mean: [0.202088072896, 0.524674236774, 0.179834872484]
        min: [0.0200391728431, 0, 0]
        var: [0.0169082526118, 0.0663918927312, 0.0300859734416]

tonal:
    chords_changes_rate: 0.0186046510935
    chords_number_rate: 0.0232558138669
    chords_strength:
        dmean: 0.00916317570955
        dmean2: 0.0105404062197
        dvar: 5.08744415129e-05
        dvar2: 7.84786170698e-05
        max: 0.657352805138
        mean: 0.517742753029
        min: 0.383908480406
        var: 0.00316398194991
    key_strength: 0.690914809704
    tuning_diatonic_strength: 0.561106324196
    tuning_equal_tempered_deviation: 0.136723995209
    tuning_frequency: 441.782684326
    tuning_nontempered_energy_ratio: 0.760937094688
    hpcp:
        dmean: [0.198908433318, 0.170168936253, 0.14807960391, 0.12999202311, 0.115479409695, 0.124278612435, 0.138646230102, 0.129383713007, 0.129834324121, 0.142451524734, 0.134436994791, 0.12125890702, 0.127495348454, 0.115679226816, 0.129601642489, 0.146733507514, 0.158083900809, 0.195214733481, 0.176011115313, 0.176443904638, 0.198119461536, 0.227494835854, 0.191193327308, 0.177644714713, 0.178439259529, 0.158802673221, 0.14873342216, 0.152540415525, 0.177185118198, 0.181882604957, 0.163065299392, 0.166807055473, 0.198720142245, 0.209475725889, 0.202510595322, 0.207977950573]
        dmean2: [0.340433359146, 0.280660122633, 0.249641269445, 0.220557555556, 0.197942316532, 0.207589790225, 0.226744681597, 0.215367853642, 0.21826480329, 0.244093671441, 0.22470907867, 0.209148257971, 0.215969443321, 0.195574462414, 0.212209537625, 0.243393987417, 0.257066011429, 0.310973346233, 0.284032225609, 0.307071536779, 0.319998413324, 0.365961283445, 0.29578307271, 0.3022557199, 0.309244483709, 0.257734715939, 0.243013948202, 0.272858947515, 0.309941828251, 0.31022310257, 0.270558416843, 0.272186160088, 0.333922564983, 0.359589129686, 0.338378161192, 0.348865538836]
        dvar: [0.0388704165816, 0.0212457086891, 0.0174115784466, 0.0129084717482, 0.0115545429289, 0.0136679289863, 0.0183034911752, 0.0167568381876, 0.014297076501, 0.0213657859713, 0.0148078221828, 0.0155317317694, 0.015683459118, 0.0182950347662, 0.0194918438792, 0.0229424964637, 0.0200147107244, 0.0339093208313, 0.0284296218306, 0.0292710307986, 0.0317368544638, 0.0403913743794, 0.0229230448604, 0.0212738513947, 0.0331452898681, 0.0227777697146, 0.0248993709683, 0.0260859709233, 0.0385206826031, 0.0345165580511, 0.0297734439373, 0.0216201394796, 0.0430502705276, 0.0454724133015, 0.0325788222253, 0.0276193059981]
        dvar2: [0.0930242612958, 0.0567342638969, 0.0476681701839, 0.0362653099, 0.0319656804204, 0.0344323851168, 0.0454107299447, 0.0422911904752, 0.0393891967833, 0.0549428164959, 0.0423628874123, 0.0420320704579, 0.0418951921165, 0.0435271337628, 0.0421742014587, 0.0553629249334, 0.0550937242806, 0.0951866284013, 0.0743799358606, 0.0694365277886, 0.0795707255602, 0.0828941091895, 0.0509967394173, 0.0603758357465, 0.0928124114871, 0.0571644119918, 0.0657795071602, 0.069047190249, 0.11224232614, 0.107291564345, 0.0817416161299, 0.0531704686582, 0.107594922185, 0.117923878133, 0.0921405181289, 0.0769591778517]
        max: [1, 1, 0.969984531403, 0.689454317093, 0.795315921307, 0.845105648041, 1, 0.968079090118, 0.804489731789, 1, 0.958721876144, 0.833480000496, 0.924168109894, 1, 1, 1, 0.991849839687, 1, 1, 1, 1, 1, 1, 1, 1, 1, 1, 1, 1, 1, 1, 0.916972577572, 1, 1, 1, 1]
        mean: [0.694989383221, 0.495242208242, 0.265262752771, 0.218684896827, 0.20736451447, 0.229006946087, 0.261669099331, 0.241176590323, 0.239927530289, 0.267427653074, 0.243751049042, 0.216515883803, 0.201245948672, 0.180868729949, 0.227160125971, 0.288100838661, 0.300111204386, 0.322242498398, 0.307876616716, 0.26894813776, 0.362306982279, 0.494013547897, 0.422763109207, 0.311895489693, 0.287187308073, 0.251508414745, 0.236234024167, 0.234623864293, 0.253860026598, 0.336245775223, 0.355562955141, 0.285725921392, 0.277434527874, 0.304316580296, 0.328141778708, 0.526304900646]
        min: [0.0371804982424, 0.0213811118156, 0.014376508072, 0.0194829646498, 0.0322692729533, 0.0337301082909, 0.0343421697617, 0.025021193549, 0.017513057217, 0.0388645976782, 0.0365158803761, 0.0363237410784, 0.0240980163217, 0.0240097399801, 0.0234845001251, 0.0417354777455, 0.0371184274554, 0.0267503410578, 0.0183920636773, 0.018062999472, 0.031498119235, 0.0268661081791, 0.034001801163, 0.0323796272278, 0.0338916070759, 0.0167081709951, 0.0131158046424, 0.024774864316, 0.028719227761, 0.034835524857, 0.0372068099678, 0.0306785162538, 0.0139337377623, 0.0179562103003, 0.030322868377, 0.041762214154]
        var: [0.0992932319641, 0.0535033941269, 0.0304106920958, 0.0215865708888, 0.0197341311723, 0.0254511479288, 0.0347217731178, 0.0286056622863, 0.0234229657799, 0.0318980626762, 0.0234450120479, 0.0192922241986, 0.0200228039175, 0.0240129251033, 0.039205789566, 0.0482177212834, 0.0430752672255, 0.0577487163246, 0.0489350520074, 0.0405972264707, 0.0568544641137, 0.0935548767447, 0.0585256628692, 0.0381643250585, 0.0482116788626, 0.0426869876683, 0.0403103716671, 0.034020729363, 0.0409023649991, 0.0713485255837, 0.0922714471817, 0.0418708063662, 0.0558306500316, 0.0571011602879, 0.0453818961978, 0.0606738440692]
    chords_histogram: [58.6046524048, 7.90697669983, 0, 14.4186048508, 0, 0, 0, 0, 0, 0, 0, 0, 0, 0, 0, 0, 0, 0, 0, 0, 2.32558131218, 0, 16.7441864014, 0]
    thpcp: [1, 0.712589621544, 0.381678849459, 0.314659327269, 0.298370778561, 0.32951143384, 0.376508057117, 0.347021967173, 0.345224738121, 0.384793877602, 0.350726306438, 0.311538398266, 0.289566934109, 0.260246753693, 0.326854109764, 0.414539903402, 0.431821286678, 0.463665366173, 0.442994713783, 0.386981636286, 0.521312952042, 0.71082174778, 0.608301520348, 0.448777347803, 0.413225471973, 0.36188814044, 0.339910268784, 0.337593436241, 0.365271806717, 0.483814269304, 0.511609196663, 0.411122709513, 0.399192482233, 0.437872260809, 0.472153663635, 0.75728482008]
    chords_key: "A"
    chords_scale: "minor"
    key_key: "A"
    key_scale: "minor"
    chords_progression: ["G", "G", "G", "G", "G", "G", "G", "G", "G", "G", "G", "G", "G", "G", "G", "G", "G", "G", "G", "G", "G", "G", "G", "G", "G", "G", "G", "G", "G", "G", "G", "Gm", "Gm", "Gm", "Gm", "Gm", "C", "C", "C", "C", "C", "C", "C", "C", "C", "C", "C", "C", "C", "C", "C", "C", "C", "Am", "Am", "Am", "Am", "Am", "Am", "Am", "Am", "Am", "Am", "Am", "Am", "Am", "Am", "Am", "Am", "Am", "Am", "Am", "Am", "Am", "Am", "Am", "Am", "Am", "Am", "Am", "Am", "Am", "Am", "Am", "Am", "Am", "Am", "Am", "Am", "Am", "Am", "Am", "Am", "Am", "Am", "Am", "Am", "Am", "Am", "Am", "Am", "Am", "Am", "Am", "Am", "Am", "Am", "Am", "Am", "Am", "Am", "Am", "Am", "Am", "Am", "Am", "Am", "Am", "Am", "Am", "Am", "Am", "Am", "Am", "Am", "Am", "Am", "Am", "Am", "Am", "Am", "Am", "Am", "Am", "Am", "Am", "Am", "Am", "Am", "Am", "Am", "Am", "Am", "Am", "Am", "Am", "Am", "Am", "Am", "Am", "Am", "Am", "Am", "Am", "Am", "Am", "Am", "Am", "Am", "Am", "Am", "Am", "Am", "Am", "Am", "Am", "Am", "Am", "Am", "Am", "Am", "Am", "Am", "Am", "Am", "Am", "Am", "Am", "Am", "Dm", "Dm", "Dm", "Dm", "Dm", "Dm", "Dm", "Dm", "Dm", "Dm", "Dm", "Dm", "Dm", "Dm", "Dm", "Dm", "Dm", "Dm", "Dm", "Dm", "Dm", "Dm", "Dm", "Dm", "Dm", "Dm", "Dm", "Dm", "Dm", "Dm", "Dm", "Dm", "Dm", "Dm", "Dm", "Dm"]
