
metadata:
    version:
        essentia: "1.2.2"
    audio_properties:
        analysis_sample_rate: 44100
        bitrate: 128
        channels: 2
        equal_loudness: 1
        length: 10.0310201645
        replay_gain: -12.0124073029
        downmix: "mix"
    tags:
        track: 21
        year: 0
        album: "Splitted by Mp3Splt v. 2.1"
        artist: "From 003.20 To 003.30"
        comment: "http://mp3splt.sf.net"
        genre: ""
        title: "01 Venus.mp3"

highlevel:
    ballroom:
        all:
            ChaChaCha: 0.00962723046541
            Jive: 0.00623029842973
            Quickstep: 0.0151319019496
            Rumba-American: 0.00444520357996
            Rumba-International: 0.0737548321486
            Rumba-Misc: 0.0885913819075
            Samba: 0.00740927178413
            Tango: 0.0628580898046
            VienneseWaltz: 0.0962015986443
            Waltz: 0.635750174522
        probability: 0.635750174522
        value: "Waltz"
    culture:
        all:
            non_western: 0.226085156202
            western: 0.773914813995
        probability: 0.773914813995
        value: "western"
    gender:
        all:
            female: 0.763032674789
            male: 0.236967325211
        probability: 0.763032674789
        value: "female"
    genre_dortmund:
        all:
            alternative: 0.0174242872745
            blues: 0.000527455471456
            electronic: 0.787910997868
            folkcountry: 0.0378216691315
            funksoulrnb: 0.00775031978264
            jazz: 0.118701696396
            pop: 0.0100127244368
            raphiphop: 0.00068314402597
            rock: 0.0191676784307
        probability: 0.787910997868
        value: "electronic"
    genre_electronica:
        all:
            ambient: 0.877053499222
            dnb: 0.0322004556656
            house: 0.0387354753911
            techno: 0.00389305199496
            trance: 0.0481174886227
        probability: 0.877053499222
        value: "ambient"
    genre_rosamerica:
        all:
            cla: 0.871287822723
            dan: 0.0161222405732
            hip: 0.00628895917907
            jaz: 0.0188234355301
            pop: 0.0185241699219
            rhy: 0.0282883998007
            roc: 0.0343730524182
            spe: 0.00629194686189
        probability: 0.871287822723
        value: "cla"
    genre_tzanetakis:
        all:
            blu: 0.141727373004
            cla: 0.380295157433
            cou: 0.0329155512154
            dis: 0.0386713370681
            hip: 0.0455801226199
            jaz: 0.0827638432384
            met: 0.0352092906833
            pop: 0.0567319318652
            reg: 0.133603110909
            roc: 0.052502270788
        probability: 0.380295157433
        value: "cla"
    live_studio:
        all:
            live: 0.344466984272
            studio: 0.655533015728
        probability: 0.655533015728
        value: "studio"
    mood:
        all:
            Cluster1: 0.130295172334
            Cluster2: 0.217312023044
            Cluster3: 0.396170735359
            Cluster4: 0.146334454417
            Cluster5: 0.109887622297
        probability: 0.396170735359
        value: "Cluster3"
    mood_acoustic:
        all:
            acoustic: 0.665447533131
            not_acoustic: 0.334552437067
        probability: 0.665447533131
        value: "acoustic"
    mood_aggressive:
        all:
            aggressive: 0.0893104597926
            not_aggressive: 0.910689532757
        probability: 0.910689532757
        value: "not_aggressive"
    mood_electronic:
        all:
            electronic: 0.888165175915
            not_electronic: 0.111834853888
        probability: 0.888165175915
        value: "electronic"
    mood_happy:
        all:
            happy: 0.0826334953308
            not_happy: 0.917366504669
        probability: 0.917366504669
        value: "not_happy"
    mood_party:
        all:
            not_party: 0.904402196407
            party: 0.0955978035927
        probability: 0.904402196407
        value: "not_party"
    mood_relaxed:
        all:
            not_relaxed: 0.199419528246
            relaxed: 0.800580501556
        probability: 0.800580501556
        value: "relaxed"
    mood_sad:
        all:
            not_sad: 0.141586244106
            sad: 0.858413755894
        probability: 0.858413755894
        value: "sad"
    rhythm:
        all:
            fast: 0.159185498953
            medium: 0.462341547012
            slow: 0.378472954035
        probability: 0.462341547012
        value: "medium"
    speech_music:
        all:
            music: 0.941803276539
            speech: 0.058196734637
        probability: 0.941803276539
        value: "music"
    timbre:
        all:
            bright: 0.58926653862
            dark: 0.410733491182
        probability: 0.58926653862
        value: "bright"
    voice_instrumental:
        all:
            instrumental: 0.810710966587
            voice: 0.189289033413
        probability: 0.810710966587
        value: "instrumental"

lowlevel:
    average_loudness: 0.804492235184
    barkbands_kurtosis:
        dmean: 2.24683332443
        dmean2: 3.52179288864
        dvar: 6.65433120728
        dvar2: 16.0745620728
        max: 32.1349601746
        mean: 6.13496685028
        min: -1.12322092056
        var: 32.3623008728
    barkbands_skewness:
        dmean: 0.348815768957
        dmean2: 0.533258378506
        dvar: 0.0882059261203
        dvar2: 0.194566845894
        max: 5.25077342987
        mean: 2.27188420296
        min: 0.398974150419
        var: 0.941837728024
    barkbands_spread:
        dmean: 3.09980249405
        dmean2: 4.81458568573
        dvar: 7.19235658646
        dvar2: 18.8136730194
        max: 42.3786048889
        mean: 14.6801176071
        min: 3.47849321365
        var: 33.3383026123
    dissonance:
        dmean: 0.022654004395
        dmean2: 0.0372442863882
        dvar: 0.000337451376254
        dvar2: 0.000873077369761
        max: 0.492749452591
        mean: 0.419328868389
        min: 0.290741175413
        var: 0.0011694234563
    hfc:
        dmean: 0.401881158352
        dmean2: 0.631880640984
        dvar: 0.388511925936
        dvar2: 0.881079554558
        max: 10.4837732315
        mean: 2.44413137436
        min: 0.468209832907
        var: 5.06032323837
    pitch:
        dmean: 119.235427856
        dmean2: 230.672073364
        dvar: 302369.375
        dvar2: 900403.1875
        max: 4900
        mean: 267.310333252
        min: 77.3684234619
        var: 162640.421875
    pitch_instantaneous_confidence:
        dmean: 0.0588044598699
        dmean2: 0.0880895256996
        dvar: 0.00238455738872
        dvar2: 0.00607504975051
        max: 0.749104142189
        mean: 0.463004440069
        min: 0.177155554295
        var: 0.00974107533693
    pitch_salience:
        dmean: 0.0494407117367
        dmean2: 0.0731295570731
        dvar: 0.00154523865785
        dvar2: 0.00384007068351
        max: 0.804063677788
        mean: 0.570178151131
        min: 0.167617350817
        var: 0.0106335682794
    silence_rate_20dB:
        dmean: 0
        dmean2: 0
        dvar: 0
        dvar2: 0
        max: 1
        mean: 1
        min: 1
        var: 0
    silence_rate_30dB:
        dmean: 0
        dmean2: 0
        dvar: 0
        dvar2: 0
        max: 1
        mean: 1
        min: 1
        var: 0
    silence_rate_60dB:
        dmean: 0.0371229685843
        dmean2: 0.0720930248499
        dvar: 0.0357448123395
        dvar2: 0.0715468525887
        max: 1
        mean: 0.64814811945
        min: 0
        var: 0.228052258492
    spectral_centroid:
        dmean: 85.6044464111
        dmean2: 131.514404297
        dvar: 6447.92431641
        dvar2: 17484.3925781
        max: 1543.74902344
        mean: 683.968444824
        min: 286.02053833
        var: 37519.609375
    spectral_complexity:
        dmean: 1.13286709785
        dmean2: 1.80841124058
        dvar: 1.40192532539
        dvar2: 3.01469683647
        max: 23
        mean: 7.54418611526
        min: 1
        var: 24.489938736
    spectral_crest:
        dmean: 1.7598708868
        dmean2: 2.60465812683
        dvar: 2.0965321064
        dvar2: 4.44266271591
        max: 21.7188777924
        mean: 11.2609329224
        min: 4.017329216
        var: 14.9333591461
    spectral_decrease:
        dmean: 1.65539262853e-10
        dmean2: 2.30342078744e-10
        dvar: 1.40112569669e-19
        dvar2: 3.29813091946e-19
        max: -1.44694714543e-10
        mean: -8.84700479542e-10
        min: -7.19175741182e-09
        var: 6.09731321426e-19
    spectral_energy:
        dmean: 0.00065024534706
        dmean2: 0.000910221191589
        dvar: 2.10201437767e-06
        dvar2: 4.93884272146e-06
        max: 0.027866249904
        mean: 0.00356075051241
        min: 0.000589989183936
        var: 9.79130163614e-06
    spectral_energyband_high:
        dmean: 3.07780210278e-05
        dmean2: 5.23201742908e-05
        dvar: 1.16605258782e-09
        dvar2: 3.12371928324e-09
        max: 0.000490972714033
        mean: 9.03709078557e-05
        min: 1.75645527634e-05
        var: 3.68731445377e-09
    spectral_energyband_low:
        dmean: 5.76934653509e-05
        dmean2: 8.75757468748e-05
        dvar: 7.4151742524e-08
        dvar2: 1.72811496668e-07
        max: 0.00445025088266
        mean: 0.000113400012197
        min: 1.90841564773e-09
        var: 1.02778919597e-07
    spectral_energyband_middle_high:
        dmean: 0.000125449354528
        dmean2: 0.000195683300262
        dvar: 4.54971242903e-08
        dvar2: 1.08645068053e-07
        max: 0.00359325646423
        mean: 0.000539145607036
        min: 4.1125327698e-05
        var: 4.67952020244e-07
    spectral_energyband_middle_low:
        dmean: 0.000615110155195
        dmean2: 0.000870062736794
        dvar: 1.95534425984e-06
        dvar2: 5.08898801854e-06
        max: 0.0258052926511
        mean: 0.00281783472747
        min: 0.000426939077443
        var: 5.69818939766e-06
    spectral_flatness_db:
        dmean: 0.0137645471841
        dmean2: 0.021040474996
        dvar: 0.000123896155856
        dvar2: 0.000291415461106
        max: 0.335890948772
        mean: 0.239011734724
        min: 0.119517639279
        var: 0.00200343178585
    spectral_flux:
        dmean: 0.00372306094505
        dmean2: 0.00575361633673
        dvar: 4.19095631514e-05
        dvar2: 9.47322987486e-05
        max: 0.139369785786
        mean: 0.0210378710181
        min: 0.00835640449077
        var: 0.00018223139341
    spectral_kurtosis:
        dmean: 1.51638007164
        dmean2: 2.58695673943
        dvar: 1.8304336071
        dvar2: 5.0449256897
        max: 12.5332984924
        mean: 4.53571987152
        min: 0.730249404907
        var: 4.52719974518
    spectral_rms:
        dmean: 0.00014954044309
        dmean2: 0.000196327251615
        dvar: 4.14416199135e-08
        dvar2: 8.77458887771e-08
        max: 0.00521407555789
        mean: 0.00172277353704
        min: 0.000758682552259
        var: 5.05957018504e-07
    spectral_rolloff:
        dmean: 283.595611572
        dmean2: 483.188812256
        dvar: 229825.484375
        dvar2: 652137.5
        max: 4715.77148438
        mean: 958.97857666
        min: 236.865234375
        var: 392173.90625
    spectral_skewness:
        dmean: 0.195367485285
        dmean2: 0.312266170979
        dvar: 0.0259592104703
        dvar2: 0.0631022974849
        max: 3.19831943512
        mean: 1.72902870178
        min: 0.842897474766
        var: 0.100425131619
    spectral_spread:
        dmean: 380799.5
        dmean2: 591946.9375
        dvar: 160884523008
        dvar2: 257540030464
        max: 10236101
        mean: 4197923
        min: 2305401.25
        var: 573718659072
    spectral_strongpeak:
        dmean: 0.142490178347
        dmean2: 0.232788667083
        dvar: 0.0346918143332
        dvar2: 0.0884708613157
        max: 2.36186242104
        mean: 0.375296920538
        min: 0.046977635473
        var: 0.069745644927
    zerocrossingrate:
        dmean: 0.00579791283235
        dmean2: 0.00718503585085
        dvar: 2.09537265619e-05
        dvar2: 3.13961609208e-05
        max: 0.09619140625
        mean: 0.0499375462532
        min: 0.02099609375
        var: 0.000178784612217
    barkbands:
        dmean: [4.74316017574e-08, 1.61453390319e-05, 4.47292004537e-05, 0.00011010729213, 0.000275161291938, 0.00033388461452, 8.93649048521e-05, 8.53129895404e-05, 0.000213414765312, 2.5239203751e-05, 6.11492869211e-05, 3.29283211613e-05, 5.92590367887e-05, 9.11485858524e-06, 1.96546843654e-05, 1.25241431306e-05, 3.08909729938e-05, 3.530500544e-05, 6.79152708472e-06, 9.0085550255e-06, 2.86853537546e-05, 3.29955400957e-06, 3.85569961736e-07, 6.95324615663e-08, 3.87463998663e-08, 3.12236236866e-09, 6.03317118486e-10]
        dmean2: [7.63044454288e-08, 2.1847359676e-05, 7.01862809365e-05, 0.000153679735376, 0.000342805142282, 0.00052768382011, 0.000105356855784, 0.00010107144044, 0.000300111278193, 3.49703841493e-05, 9.67876403593e-05, 5.36388542969e-05, 9.86890081549e-05, 1.47705604832e-05, 3.06617839669e-05, 2.08865167224e-05, 5.2576775488e-05, 5.94820412516e-05, 1.11838862722e-05, 1.53016408149e-05, 4.95458880323e-05, 5.29686030859e-06, 6.264040735e-07, 1.10158310918e-07, 6.08688495163e-08, 4.80892037302e-09, 7.15332793e-10]
        dvar: [5.39035674007e-14, 3.30916405389e-09, 5.46187521877e-08, 1.64752734122e-07, 9.56409962782e-07, 1.59970426239e-07, 2.23973852798e-08, 1.74769692052e-08, 1.08519365938e-07, 1.45965617371e-09, 1.30270700893e-08, 3.89083387731e-09, 1.26949135648e-08, 4.61508109506e-10, 1.5996816094e-09, 3.77016862174e-10, 5.79961101366e-09, 7.50769224567e-09, 2.32392771693e-10, 4.34390440285e-10, 9.46449585371e-10, 1.32795987748e-11, 3.83008484954e-13, 1.14941354503e-14, 8.73556513448e-15, 1.29551201123e-16, 9.31156619981e-17]
        dvar2: [1.38070747869e-13, 6.29955199116e-09, 1.34125897944e-07, 3.84576225088e-07, 2.44798889071e-06, 5.11789096436e-07, 4.46196182224e-08, 2.80772454175e-08, 2.41300483594e-07, 2.95477819989e-09, 3.4360052581e-08, 9.51887546563e-09, 3.41342847321e-08, 1.20112975122e-09, 3.95436261513e-09, 1.09400144499e-09, 1.83433677137e-08, 2.00675600581e-08, 4.53408588452e-10, 1.0885241597e-09, 2.72476397001e-09, 3.06878515655e-11, 9.77675839592e-13, 2.65465987137e-14, 2.07372893136e-14, 2.06190464258e-16, 9.29067294102e-17]
        max: [3.71921873921e-06, 0.00116333563346, 0.00328682735562, 0.0058835465461, 0.0167798697948, 0.0043559204787, 0.00148621108383, 0.00155487796292, 0.00411537149921, 0.000389836466638, 0.00112410762813, 0.000817511812784, 0.000917320721783, 0.000397271156544, 0.00055415724637, 0.000256258208537, 0.000813024525996, 0.00126190565061, 0.000268518488156, 0.000316846359055, 0.000283354718704, 5.73457327846e-05, 9.5337318271e-06, 2.09117570193e-06, 1.52750703819e-06, 2.01387123866e-07, 2.00843601306e-07]
        mean: [6.15060784526e-08, 5.37237829121e-05, 5.96173413214e-05, 0.000217307460844, 0.000914545729756, 0.000733321474399, 0.000209516787436, 0.000183745345566, 0.000554555212148, 5.52190613234e-05, 0.00010865101649, 5.74322039029e-05, 9.98728646664e-05, 1.5900368453e-05, 2.94292221952e-05, 2.36316827795e-05, 5.54224570806e-05, 7.03604746377e-05, 1.5908100977e-05, 2.13809107663e-05, 7.29178937036e-05, 7.20822754374e-06, 7.80986795235e-07, 1.53369228428e-07, 8.56264676941e-08, 6.07038108669e-09, 6.08803618629e-10]
        min: [5.57561288805e-12, 2.43096126562e-10, 3.00381192142e-10, 4.28749515891e-08, 2.58864129137e-05, 1.60558720381e-05, 1.20978666018e-06, 2.16115452645e-07, 6.49475282444e-07, 3.52735384013e-07, 9.01533383058e-07, 2.01725379156e-06, 1.08833432932e-06, 4.00620649543e-07, 4.89581111651e-07, 1.07152379769e-06, 1.05910521597e-06, 1.33080186515e-06, 1.51142626237e-06, 2.42012015406e-06, 1.0687471331e-05, 7.16641579857e-07, 6.16323987401e-08, 1.98992413658e-08, 1.11197824282e-08, 5.61535484778e-10, 4.22210877371e-13]
        var: [1.08556318503e-13, 1.2188076326e-08, 5.53447065954e-08, 2.74695196367e-07, 1.24101597976e-06, 4.51106160426e-07, 7.20193682469e-08, 7.23387358903e-08, 6.18675073838e-07, 5.77194914086e-09, 3.11297974065e-08, 8.73787620037e-09, 2.93395192585e-08, 9.07545649742e-10, 2.86704726626e-09, 1.02495001375e-09, 1.36397346751e-08, 2.0697882519e-08, 6.64169885756e-10, 1.07315545339e-09, 2.19855778028e-09, 4.56266760485e-11, 6.98607404565e-13, 2.76936981648e-14, 1.7555044129e-14, 1.78454251286e-16, 9.35113190287e-17]
    mfcc:
        mean: [-788.437805176, 136.529998779, -48.8743019104, 28.5558586121, -60.4241943359, -16.4919605255, -33.4200248718, -32.06092453, -15.0862102509, -32.6643295288, -21.4054164886, -14.3421287537, -21.4448280334]
        cov: [[3084.76342773, 1110.11889648, 201.810592651, 604.57421875, 801.94354248, 602.233154297, 791.972167969, 1004.16223145, 706.569519043, 584.003845215, 821.843139648, 586.734619141, 298.641082764], [1110.11889648, 606.521057129, 55.2144622803, 255.193817139, 309.349090576, 208.989547729, 296.817626953, 381.525909424, 291.533538818, 233.095718384, 315.788330078, 224.578277588, 97.0770797729], [201.810592651, 55.2144622803, 118.815925598, 67.2425994873, 52.6784858704, 44.7339706421, 49.4461860657, 70.9652023315, 39.1751861572, 28.3575439453, 33.9245414734, 16.3217983246, 7.4150428772], [604.57421875, 255.193817139, 67.2425994873, 199.079467773, 202.033157349, 140.318847656, 169.491897583, 206.526733398, 136.640975952, 103.661567688, 159.986999512, 112.263427734, 32.1121139526], [801.94354248, 309.349090576, 52.6784858704, 202.033157349, 287.336212158, 204.023544312, 228.599761963, 265.318359375, 173.324905396, 146.843353271, 216.470535278, 147.418945312, 56.9320907593], [602.233154297, 208.989547729, 44.7339706421, 140.318847656, 204.023544312, 196.751037598, 194.709991455, 204.626449585, 123.799034119, 99.7161483765, 157.84677124, 107.828468323, 46.7819023132], [791.972167969, 296.817626953, 49.4461860657, 169.491897583, 228.599761963, 194.709991455, 281.682434082, 293.556549072, 191.990646362, 138.742279053, 201.808532715, 151.519195557, 74.4896011353], [1004.16223145, 381.525909424, 70.9652023315, 206.526733398, 265.318359375, 204.626449585, 293.556549072, 397.308898926, 263.030303955, 186.147293091, 264.381561279, 193.013198853, 98.5241928101], [706.569519043, 291.533538818, 39.1751861572, 136.640975952, 173.324905396, 123.799034119, 191.990646362, 263.030303955, 240.185119629, 169.944442749, 196.285766602, 148.292404175, 77.1098480225], [584.003845215, 233.095718384, 28.3575439453, 103.661567688, 146.843353271, 99.7161483765, 138.742279053, 186.147293091, 169.944442749, 178.46673584, 189.059829712, 125.103225708, 66.3783721924], [821.843139648, 315.788330078, 33.9245414734, 159.986999512, 216.470535278, 157.84677124, 201.808532715, 264.381561279, 196.285766602, 189.059829712, 286.277099609, 195.986801147, 87.2669372559], [586.734619141, 224.578277588, 16.3217983246, 112.263427734, 147.418945312, 107.828468323, 151.519195557, 193.013198853, 148.292404175, 125.103225708, 195.986801147, 186.188842773, 93.662689209], [298.641082764, 97.0770797729, 7.4150428772, 32.1121139526, 56.9320907593, 46.7819023132, 74.4896011353, 98.5241928101, 77.1098480225, 66.3783721924, 87.2669372559, 93.662689209, 108.679458618]]
        icov: [[0.00438507599756, -0.000725546095055, -0.00153379829135, -0.000136756047141, -0.0026843692176, -0.000483899930259, -0.00118356395978, -0.00345756905153, -0.000432920758612, -0.00121429830324, -0.00366172101349, 0.000177492969669, -0.00186028750613], [-0.000725546095055, 0.00639140233397, 0.00153609807603, -0.00346646807157, -0.000847263785545, 0.00199259608053, -0.000851740536746, -0.000330178416334, -0.00213061086833, -0.000689868000336, -0.00115345267113, 0.00033832344343, 0.000241015295614], [-0.00153379829135, 0.00153609807603, 0.0127747617662, -0.00754695991054, 0.00458361394703, -0.00202798843384, 0.00196262518875, -0.00219647446647, 0.00159472390078, -0.00235558813438, 0.00271706818603, 0.00240501761436, -0.00062837661244], [-0.000136756047141, -0.00346646807157, -0.00754695991054, 0.0260745733976, -0.013997211121, 0.00246441946365, -0.000507153745275, -0.000158914685016, -0.00169788463973, 0.00483799725771, -0.000359309400665, -0.00447064358741, 0.00543723162264], [-0.0026843692176, -0.000847263785545, 0.00458361394703, -0.013997211121, 0.0301231909543, -0.0147987278178, 0.000930019130465, -0.000811018690001, 0.00398801360279, -0.00511999288574, 0.00118025904521, 0.000602257961873, 0.00147502322216], [-0.000483899930259, 0.00199259608053, -0.00202798843384, 0.00246441946365, -0.0147987278178, 0.0277191866189, -0.0119186984375, 0.00219566118903, 0.00119955372065, 0.00332857249305, -0.00409285118803, 0.002351465635, -0.000665075611323], [-0.00118356395978, -0.000851740536746, 0.00196262518875, -0.000507153745275, 0.000930019130465, -0.0119186984375, 0.0242122355849, -0.0103450976312, -0.00019499938935, -0.000421083939727, 0.00518066063523, -0.0031353503, 0.000393307651393], [-0.00345756905153, -0.000330178416334, -0.00219647446647, -0.000158914685016, -0.000811018690001, 0.00219566118903, -0.0103450976312, 0.0261302292347, -0.013657473959, 0.00959120038897, -0.00570311583579, 0.00365986884572, -0.00186796206981], [-0.000432920758612, -0.00213061086833, 0.00159472390078, -0.00169788463973, 0.00398801360279, 0.00119955372065, -0.00019499938935, -0.013657473959, 0.029050854966, -0.018874745816, 0.00984498672187, -0.0065815509297, 0.00207808008417], [-0.00121429830324, -0.000689868000336, -0.00235558813438, 0.00483799725771, -0.00511999288574, 0.00332857249305, -0.000421083939727, 0.00959120038897, -0.018874745816, 0.0345435552299, -0.0191779024899, 0.00858678109944, -0.00418005511165], [-0.00366172101349, -0.00115345267113, 0.00271706818603, -0.000359309400665, 0.00118025904521, -0.00409285118803, 0.00518066063523, -0.00570311583579, 0.00984498672187, -0.0191779024899, 0.0354232080281, -0.0197745691985, 0.00710243126377], [0.000177492969669, 0.00033832344343, 0.00240501761436, -0.00447064358741, 0.000602257961873, 0.002351465635, -0.0031353503, 0.00365986884572, -0.0065815509297, 0.00858678109944, -0.0197745691985, 0.0308362897485, -0.013401501812], [-0.00186028750613, 0.000241015295614, -0.00062837661244, 0.00543723162264, 0.00147502322216, -0.000665075611323, 0.000393307651393, -0.00186796206981, 0.00207808008417, -0.00418005511165, 0.00710243126377, -0.013401501812, 0.0203970205039]]
    spectral_contrast:
        mean: [9.70308189352e-09, 3.58875411166e-07, -3.96613479836e-08, 2.6952042731e-07, 3.8361825716e-08, 5.0767909876e-09, 5.52036055979e-07, -6.17795194557e-06, 4.76559932849e-07, 1.47251193994e-06, 2.16699277189e-06, 2.15630188904e-06]
        var: [0.000198013411136, 0.000396090559661, 0.00092325382866, 0.00184921501204, 0.0024216203019, 0.00339163606986, 0.0425402149558, 0.0614780895412, 0.0924108475447, 0.131266862154, 0.199709057808, 5.64154863358]

rhythm:
    beats_loudness:
        dmean: 0.00215364177711
        dmean2: 0.00397469568998
        dvar: 9.55724590312e-06
        dvar2: 1.56457608682e-05
        max: 0.0156702399254
        mean: 0.00456179352477
        min: 0.000832076999359
        var: 1.86682318599e-05
    beats_loudness_bass:
        dmean: 0.060173779726
        dmean2: 0.0933575853705
        dvar: 0.0173660293221
        dvar2: 0.0428781434894
        max: 0.582641243935
        mean: 0.0591798648238
        min: 5.24916595168e-06
        var: 0.0164802316576
    bpm: 120.226852417
    bpm_confidence: 0
    first_peak_bpm: 120
    first_peak_spread: 0
    first_peak_weight: 0.523809552193
    onset_rate: 1.1962890625
    second_peak_bpm: 152
    second_peak_spread: 0
    second_peak_weight: 0.428571432829
    beats_position: [0.0853816345334, 0.584479689598, 1.08357775211, 1.58267593384, 2.08177399635, 2.58087205887, 3.07997012138, 3.5790681839, 4.078166008, 4.57726383209, 5.07636165619, 5.57545995712, 6.00736665726, 6.40312623978, 6.7988858223, 7.19464540482, 7.59040498734, 7.98616552353, 8.38192558289, 8.77768516541, 9.17344474792, 9.56920433044]
    bpm_estimates: [120.442237854, 118.463600159, 121.461219788, 120.540344238]
    bpm_intervals: [0.499098062515, 0.499098062515, 0.499098181725, 0.499098062515, 0.499098062515, 0.499098062515, 0.499098062515, 0.499097824097, 0.499097824097, 0.499097824097, 0.499098300934, 0.431906700134, 0.39575958252, 0.39575958252, 0.39575958252, 0.39575958252, 0.395760536194, 0.395760059357, 0.39575958252, 0.39575958252, 0.39575958252]
    onset_times: [0.0580498874187, 1.72988665104, 2.04335594177, 2.13623571396, 3.48299312592, 3.72680282593, 4.7020406723, 6.6989569664, 7.18657588959, 7.51165533066, 7.92961454391, 9.46213150024]
    rubato_start: [6.40312623978]
    rubato_stop: [9.56920433044]
    perceptual_tempo: "unknown"

sfx:
    inharmonicity:
        dmean: 0.0660574808717
        dmean2: 0.119593255222
        dvar: 0.00918482709676
        dvar2: 0.0241256374866
        max: 0.439296603203
        mean: 0.0529897361994
        min: 0
        var: 0.0082428753376
    oddtoevenharmonicenergyratio:
        dmean: 4816.546875
        dmean2: 9654.77246094
        dvar: 4088625408
        dvar2: 12271078400
        max: 936553.25
        mean: 2403.57543945
        min: 0
        var: 2045366400
    pitch_after_max_to_before_max_energy_ratio: 2.3172557354
    pitch_centroid: 226.3152771
    pitch_max_to_total: 0.555813968182
    pitch_min_to_total: 0.0465116277337
    tristimulus:
        dmean: [0.292274266481, 0.309583306313, 0.0705524235964]
        dmean2: [0.529038488865, 0.547225475311, 0.12703281641]
        dvar: [0.0856490060687, 0.0816422104836, 0.0101816058159]
        dvar2: [0.217542886734, 0.213942155242, 0.0277089495212]
        max: [1, 0.998769044876, 0.781852722168]
        mean: [0.44346922636, 0.444183886051, 0.0608274377882]
        min: [0.000281792425085, 0, 0]
        var: [0.105771079659, 0.104435823858, 0.00852275919169]

tonal:
    chords_changes_rate: 0.0462962947786
    chords_number_rate: 0.0231481473893
    chords_strength:
        dmean: 0.00766609422863
        dmean2: 0.00697083026171
        dvar: 3.75331110263e-05
        dvar2: 3.26866538671e-05
        max: 0.817978620529
        mean: 0.55680090189
        min: 0.397244274616
        var: 0.0114557268098
    key_strength: 0.646584928036
    tuning_diatonic_strength: 0.539166986942
    tuning_equal_tempered_deviation: 0.0394849665463
    tuning_frequency: 440.508575439
    tuning_nontempered_energy_ratio: 0.693341076374
    hpcp:
        dmean: [0.00912083592266, 0.030901979655, 0.148073256016, 0.183314904571, 0.138967514038, 0.0338552258909, 0.00658371858299, 0.00559121184051, 0.0171189624816, 0.0298095755279, 0.0277798771858, 0.0856389850378, 0.127743437886, 0.0927747413516, 0.0341673158109, 0.0334526188672, 0.031292244792, 0.0810442045331, 0.10556871444, 0.121654883027, 0.0930247232318, 0.0330826565623, 0.0347655490041, 0.160683602095, 0.187069013715, 0.150443390012, 0.12021138519, 0.107802920043, 0.113911017776, 0.0915774554014, 0.0783931314945, 0.0685524493456, 0.0344744846225, 0.0252625886351, 0.0154060544446, 0.00727544119582]
        dmean2: [0.0156904738396, 0.0447369813919, 0.203199461102, 0.256650865078, 0.171511441469, 0.0486400872469, 0.0100998328999, 0.00906744319946, 0.0265908706933, 0.0459235496819, 0.0433944836259, 0.110491916537, 0.194622606039, 0.132505089045, 0.052874468267, 0.053759906441, 0.0479275360703, 0.109069228172, 0.155960559845, 0.152770787477, 0.127850234509, 0.043584112078, 0.0525584593415, 0.230714529753, 0.297172427177, 0.217015594244, 0.186064392328, 0.170938134193, 0.179281234741, 0.13449922204, 0.113947868347, 0.0908617600799, 0.0544722191989, 0.0375701338053, 0.0237253401428, 0.0116361621767]
        dvar: [0.000365846644854, 0.00285027408972, 0.021967779845, 0.0313714742661, 0.0197208672762, 0.00215549464338, 0.000165661782376, 8.7704109319e-05, 0.000673876609653, 0.00163298996631, 0.00127859937493, 0.014536621049, 0.0323253534734, 0.0142793850973, 0.00308045954444, 0.00342302932404, 0.00232366705313, 0.0127258542925, 0.0288856327534, 0.0205474290997, 0.0288927759975, 0.0046505862847, 0.00311082741246, 0.032539755106, 0.0404042303562, 0.0217187330127, 0.0253934152424, 0.0334353223443, 0.0181865114719, 0.02206302993, 0.0225672349334, 0.0189565643668, 0.00325791444629, 0.00140091555659, 0.000560181797482, 8.71837764862e-05]
        dvar2: [0.00107810460031, 0.00470284698531, 0.0453529432416, 0.0576843768358, 0.0286816675216, 0.00421229796484, 0.000375030620489, 0.000212529674172, 0.00150379678234, 0.00349411903881, 0.00259347842075, 0.0234265998006, 0.0570683218539, 0.0248925499618, 0.00683058332652, 0.00681935949251, 0.00541093852371, 0.0213421992958, 0.048404622823, 0.0380878411233, 0.0574670657516, 0.00848821923137, 0.00724755972624, 0.0626145005226, 0.0792471542954, 0.0377255454659, 0.0707010030746, 0.0638166442513, 0.0453398115933, 0.0427026264369, 0.037034470588, 0.0343013033271, 0.00681114150211, 0.00346125429496, 0.00129690708127, 0.000192438819795]
        max: [0.196527540684, 0.452506572008, 1, 1, 1, 0.316922992468, 0.154951915145, 0.11312904954, 0.207742244005, 0.3443595469, 0.350656807423, 1, 1, 1, 0.523289859295, 0.573720395565, 0.490039438009, 0.943338155746, 1, 1, 1, 0.470177859068, 0.346241176128, 1, 1, 1, 1, 1, 0.890156805515, 1, 1, 1, 0.548981785774, 0.290873765945, 0.212975174189, 0.0733468607068]
        mean: [0.0112143298611, 0.0398987531662, 0.261888235807, 0.46237590909, 0.269867241383, 0.0400845222175, 0.0112911099568, 0.00920938327909, 0.0219376012683, 0.0385758951306, 0.037224508822, 0.178408503532, 0.337387531996, 0.198942303658, 0.0512488111854, 0.0571167729795, 0.053528688848, 0.152240619063, 0.278123944998, 0.253025621176, 0.154689401388, 0.0539596825838, 0.035293597728, 0.262422412634, 0.456818431616, 0.289383679628, 0.237168714404, 0.323971569538, 0.18354152143, 0.144814789295, 0.207646399736, 0.120111815631, 0.039517339319, 0.0339351147413, 0.020845644176, 0.0107559366152]
        min: [0.000422745157266, 0.000470001017675, 0.00665533076972, 0.0240834020078, 0.0067747249268, 0.000839567976072, 0.000489616359118, 0.000337596429745, 0.000676231342368, 0.00112227885984, 0.000869951676577, 0.00163405260537, 0.00153445685282, 0.00117101869546, 0.00425200536847, 0.00600702874362, 0.00403620209545, 0.0013018778991, 0.000556560698897, 0.000334517506417, 0.000109194741526, 2.08661276702e-05, 6.16828401689e-05, 0.00267088040709, 0.0101040769368, 0.00554186990485, 9.48167871684e-05, 4.75373672089e-05, 0.000126030005049, 0.000589498202316, 0.000366841442883, 0.000536710198503, 0.000402972131269, 0.000237767380895, 0.00050980533706, 0.000548488751519]
        var: [0.00028083336656, 0.00475383084267, 0.0555510222912, 0.110550887883, 0.0698041543365, 0.00335584091954, 0.000380572280847, 0.00019019714091, 0.000764253607485, 0.00204512639903, 0.00204565562308, 0.0478129088879, 0.134465321898, 0.0509978979826, 0.00397589476779, 0.00556287681684, 0.00345517485403, 0.0406183451414, 0.114362962544, 0.0782898366451, 0.0841287076473, 0.0127648971975, 0.00418528402224, 0.0749065801501, 0.104556284845, 0.0548652261496, 0.0683989226818, 0.150474742055, 0.0434634685516, 0.0547326356173, 0.113042242825, 0.0521542616189, 0.00425785547122, 0.0020803110674, 0.000822195783257, 0.000117328549095]
    chords_histogram: [38.8888893127, 0, 0, 0, 0, 20.8333339691, 0, 3.70370364189, 0, 0, 0, 0, 0, 0, 0, 0, 0, 0, 0, 0, 0, 0, 10.1851854324, 26.3888893127]
    thpcp: [1, 0.583653330803, 0.0866924971342, 0.0244197621942, 0.0199175234884, 0.0474453829229, 0.083429723978, 0.0805070251226, 0.38585165143, 0.729682326317, 0.430260956287, 0.110837981105, 0.12352886796, 0.115768767893, 0.329257249832, 0.601510465145, 0.547229230404, 0.334553331137, 0.116700895131, 0.0763309597969, 0.567552089691, 0.987980604172, 0.625862360001, 0.512934863567, 0.700667083263, 0.396953046322, 0.313197076321, 0.449085682631, 0.259770929813, 0.0854658260942, 0.0733929127455, 0.0450837574899, 0.0232623200864, 0.0242537073791, 0.0862907245755, 0.566396772861]
    chords_key: "A#"
    chords_scale: "minor"
    key_key: "A#"
    key_scale: "minor"
    chords_progression: ["D#m", "D#m", "D#", "D#", "D#", "D#", "D#", "D#", "D#", "D#", "D#m", "D#m", "D#m", "D#m", "D#m", "A#m", "A#m", "A#m", "A#m", "A#m", "A#m", "A#m", "A#m", "A#m", "A#m", "A#m", "A#m", "A#m", "A#m", "A#m", "A#m", "A#m", "A#m", "A#m", "A#m", "A#m", "A#m", "A#m", "A#m", "A#m", "F#", "F#", "F#", "F#", "F#", "F#", "F#", "F#", "F#", "F#", "F#", "A#m", "A#m", "A#m", "A#m", "A#m", "A#m", "A#m", "A#m", "A#m", "A#m", "A#m", "A#m", "A#m", "A#m", "A#m", "A#m", "A#m", "A#m", "A#m", "A#m", "A#m", "A#m", "A#m", "A#m", "A#m", "A#m", "A#m", "A#m", "A#m", "A#m", "A#m", "A#m", "A#m", "A#m", "A#m", "A#m", "A#m", "A#m", "A#m", "A#m", "A#m", "A#m", "A#m", "A#m", "A#m", "A#m", "A#m", "A#m", "A#m", "A#m", "A#m", "A#m", "A#m", "D#", "D#", "D#", "D#", "D#", "D#", "D#", "D#", "D#", "D#", "D#", "D#", "D#", "D#", "D#", "D#", "D#", "D#", "D#", "D#", "D#", "D#", "D#", "D#", "D#", "D#", "D#", "D#", "D#", "D#", "D#", "D#", "D#", "D#", "D#", "D#", "D#", "A#", "A#", "A#", "A#", "A#", "A#", "A#", "A#", "A#m", "A#m", "A#m", "A#m", "A#m", "A#m", "D#m", "D#m", "D#m", "D#m", "D#m", "D#m", "D#m", "D#m", "D#m", "D#m", "D#m", "D#m", "D#m", "D#m", "D#m", "F#", "F#", "F#", "F#", "F#", "F#", "F#", "F#", "F#", "F#", "F#", "F#", "F#", "F#", "F#", "F#", "F#", "F#", "F#", "F#", "F#", "F#", "F#", "F#", "F#", "F#", "F#", "F#", "F#", "F#", "F#", "F#", "F#", "F#", "F#", "F#", "F#", "F#", "F#", "F#", "F#", "F#", "F#", "F#", "F#", "F#"]
