
metadata:
    version:
        essentia: "1.2.2"
    audio_properties:
        analysis_sample_rate: 44100
        bitrate: 128
        channels: 2
        equal_loudness: 1
        length: 10.0048980713
        replay_gain: -12.4680957794
        downmix: "mix"
    tags:
        track: 20
        year: 0
        album: "Splitted by Mp3Splt v. 2.1"
        artist: "From 003.10 To 003.20"
        comment: "http://mp3splt.sf.net"
        genre: ""
        title: "05 Friends in Low Places.mp3"

highlevel:
    ballroom:
        all:
            ChaChaCha: 0.0348098911345
            Jive: 0.147288903594
            Quickstep: 0.309221416712
            Rumba-American: 0.00783751904964
            Rumba-International: 0.0103017631918
            Rumba-Misc: 0.012658720836
            Samba: 0.0293145664036
            Tango: 0.0448364913464
            VienneseWaltz: 0.356303632259
            Waltz: 0.0474271066487
        probability: 0.356303632259
        value: "VienneseWaltz"
    culture:
        all:
            non_western: 0.526260495186
            western: 0.473739534616
        probability: 0.526260495186
        value: "non_western"
    gender:
        all:
            female: 0.12922309339
            male: 0.870776891708
        probability: 0.870776891708
        value: "male"
    genre_dortmund:
        all:
            alternative: 0.117808260024
            blues: 0.00955669116229
            electronic: 0.075881280005
            folkcountry: 0.259303301573
            funksoulrnb: 0.0308934114873
            jazz: 0.0222040284425
            pop: 0.166889429092
            raphiphop: 0.00748669169843
            rock: 0.309976905584
        probability: 0.309976905584
        value: "rock"
    genre_electronica:
        all:
            ambient: 0.683209776878
            dnb: 0.181330785155
            house: 0.0416723899543
            techno: 0.00614560442045
            trance: 0.0876414477825
        probability: 0.683209776878
        value: "ambient"
    genre_rosamerica:
        all:
            cla: 0.152058690786
            dan: 0.0166199635714
            hip: 0.0153494337574
            jaz: 0.0105709517375
            pop: 0.119328029454
            rhy: 0.0746109709144
            roc: 0.603512585163
            spe: 0.00794936344028
        probability: 0.603512585163
        value: "roc"
    genre_tzanetakis:
        all:
            blu: 0.00856233946979
            cla: 0.051875103265
            cou: 0.501090943813
            dis: 0.05469205603
            hip: 0.00340400566347
            jaz: 0.00733127398416
            met: 0.01075591892
            pop: 0.0566679500043
            reg: 0.0100911147892
            roc: 0.295529276133
        probability: 0.501090943813
        value: "cou"
    live_studio:
        all:
            live: 0.359761923552
            studio: 0.640238106251
        probability: 0.640238106251
        value: "studio"
    mood:
        all:
            Cluster1: 0.105116426945
            Cluster2: 0.336402267218
            Cluster3: 0.407673567533
            Cluster4: 0.0812848880887
            Cluster5: 0.0695228725672
        probability: 0.407673567533
        value: "Cluster3"
    mood_acoustic:
        all:
            acoustic: 0.0654038637877
            not_acoustic: 0.934596121311
        probability: 0.934596121311
        value: "not_acoustic"
    mood_aggressive:
        all:
            aggressive: 0.156356289983
            not_aggressive: 0.843643724918
        probability: 0.843643724918
        value: "not_aggressive"
    mood_electronic:
        all:
            electronic: 0.1060243994
            not_electronic: 0.893975615501
        probability: 0.893975615501
        value: "not_electronic"
    mood_happy:
        all:
            happy: 0.884640574455
            not_happy: 0.115359447896
        probability: 0.884640574455
        value: "happy"
    mood_party:
        all:
            not_party: 0.66722035408
            party: 0.332779616117
        probability: 0.66722035408
        value: "not_party"
    mood_relaxed:
        all:
            not_relaxed: 0.876396477222
            relaxed: 0.123603522778
        probability: 0.876396477222
        value: "not_relaxed"
    mood_sad:
        all:
            not_sad: 0.487445831299
            sad: 0.512554168701
        probability: 0.512554168701
        value: "sad"
    rhythm:
        all:
            fast: 0.454233855009
            medium: 0.365732699633
            slow: 0.180033445358
        probability: 0.454233855009
        value: "fast"
    speech_music:
        all:
            music: 0.841515898705
            speech: 0.158484131098
        probability: 0.841515898705
        value: "music"
    timbre:
        all:
            bright: 0.809187471867
            dark: 0.190812513232
        probability: 0.809187471867
        value: "bright"
    voice_instrumental:
        all:
            instrumental: 0.00329001341015
            voice: 0.996710002422
        probability: 0.996710002422
        value: "voice"

lowlevel:
    average_loudness: 0.973686277866
    barkbands_kurtosis:
        dmean: 0.620494246483
        dmean2: 0.984732627869
        dvar: 0.657118976116
        dvar2: 1.66058278084
        max: 7.68606281281
        mean: -0.203623399138
        min: -1.72800791264
        var: 2.04730796814
    barkbands_skewness:
        dmean: 0.308249533176
        dmean2: 0.476258039474
        dvar: 0.0781632885337
        dvar2: 0.184452563524
        max: 2.39600753784
        mean: 0.61245071888
        min: -1.50736486912
        var: 0.391925543547
    barkbands_spread:
        dmean: 3.17723703384
        dmean2: 5.02835178375
        dvar: 11.2180452347
        dvar2: 25.7473258972
        max: 44.910194397
        mean: 20.3191280365
        min: 6.22297716141
        var: 47.6679649353
    dissonance:
        dmean: 0.0186617840081
        dmean2: 0.0302583016455
        dvar: 0.000280272623058
        dvar2: 0.000753002997953
        max: 0.499255418777
        mean: 0.456780135632
        min: 0.366648644209
        var: 0.000728769344278
    hfc:
        dmean: 1.44098246098
        dmean2: 2.03131055832
        dvar: 3.36986613274
        dvar2: 5.83228302002
        max: 23.5065155029
        mean: 6.02918767929
        min: 0.714503526688
        var: 17.1210823059
    pitch:
        dmean: 218.257064819
        dmean2: 416.889282227
        dvar: 345040.59375
        dvar2: 802022
        max: 4009.09082031
        mean: 407.729095459
        min: 82.2761230469
        var: 406862.90625
    pitch_instantaneous_confidence:
        dmean: 0.0716632828116
        dmean2: 0.114929102361
        dvar: 0.00404225615785
        dvar2: 0.00931527651846
        max: 0.782565951347
        mean: 0.409200996161
        min: 0.173471093178
        var: 0.0142101207748
    pitch_salience:
        dmean: 0.0502363592386
        dmean2: 0.0828988850117
        dvar: 0.00186674774159
        dvar2: 0.00515337195247
        max: 0.80519169569
        mean: 0.645556032658
        min: 0.308337271214
        var: 0.00623945053667
    silence_rate_20dB:
        dmean: 0
        dmean2: 0
        dvar: 0
        dvar2: 0
        max: 1
        mean: 1
        min: 1
        var: 0
    silence_rate_30dB:
        dmean: 0
        dmean2: 0
        dvar: 0
        dvar2: 0
        max: 1
        mean: 1
        min: 1
        var: 0
    silence_rate_60dB:
        dmean: 0.102325581014
        dmean2: 0.202797204256
        dvar: 0.0918555483222
        dvar2: 0.18498057127
        max: 1
        mean: 0.410672843456
        min: 0
        var: 0.242020711303
    spectral_centroid:
        dmean: 160.574676514
        dmean2: 248.207839966
        dvar: 30326.0839844
        dvar2: 57441.1523438
        max: 3213.42285156
        mean: 1307.0567627
        min: 658.865539551
        var: 130264.351562
    spectral_complexity:
        dmean: 3.12383174896
        dmean2: 4.44496488571
        dvar: 9.43560123444
        dvar2: 16.1532821655
        max: 39
        mean: 14.6223773956
        min: 1
        var: 56.0812263489
    spectral_crest:
        dmean: 2.00625491142
        dmean2: 3.15672636032
        dvar: 3.48990535736
        dvar2: 8.63388347626
        max: 21.2258205414
        mean: 8.13527774811
        min: 2.61686253548
        var: 13.2631998062
    spectral_decrease:
        dmean: 2.49002873876e-10
        dmean2: 3.68248181948e-10
        dvar: 8.30917336347e-20
        dvar2: 1.83941212639e-19
        max: -2.27046020873e-10
        mean: -1.0305958309e-09
        min: -3.93217325367e-09
        var: 3.60567150132e-19
    spectral_energy:
        dmean: 0.00105391943362
        dmean2: 0.00155288726091
        dvar: 1.46803074585e-06
        dvar2: 3.08799440063e-06
        max: 0.0163838770241
        mean: 0.00443657161668
        min: 0.000968979205936
        var: 6.76644367559e-06
    spectral_energyband_high:
        dmean: 6.47262349958e-05
        dmean2: 9.36380820349e-05
        dvar: 1.49553258666e-08
        dvar2: 3.5600940862e-08
        max: 0.00170009501744
        mean: 0.000138945266372
        min: 2.44269108407e-06
        var: 2.65623629758e-08
    spectral_energyband_low:
        dmean: 2.08684323297e-05
        dmean2: 3.53737232217e-05
        dvar: 1.6357544208e-09
        dvar2: 4.31984670257e-09
        max: 0.000413852743804
        mean: 3.49426627508e-05
        min: 1.49264181459e-07
        var: 1.60054536291e-09
    spectral_energyband_middle_high:
        dmean: 0.000521840644069
        dmean2: 0.00075760128675
        dvar: 4.00296812586e-07
        dvar2: 7.20056902992e-07
        max: 0.00834080111235
        mean: 0.00203703087755
        min: 0.000174496599357
        var: 2.39489691012e-06
    spectral_energyband_middle_low:
        dmean: 0.000725248421077
        dmean2: 0.00114012800623
        dvar: 1.02404828795e-06
        dvar2: 2.63681704382e-06
        max: 0.0134107936174
        mean: 0.00222565210424
        min: 0.000343943422195
        var: 2.45433147938e-06
    spectral_flatness_db:
        dmean: 0.0147523181513
        dmean2: 0.0225116293877
        dvar: 0.000198792564333
        dvar2: 0.000422948272899
        max: 0.267981052399
        mean: 0.176058277488
        min: 0.104724049568
        var: 0.000957425159868
    spectral_flux:
        dmean: 0.00664591463283
        dmean2: 0.00972938723862
        dvar: 4.41541633336e-05
        dvar2: 8.90963056008e-05
        max: 0.080558501184
        mean: 0.0354465991259
        min: 0.00901122763753
        var: 0.000217944019823
    spectral_kurtosis:
        dmean: 2.37486886978
        dmean2: 4.06164741516
        dvar: 6.05530023575
        dvar2: 17.7903118134
        max: 25.1679897308
        mean: 6.8479590416
        min: 0.0881752967834
        var: 12.5144672394
    spectral_rms:
        dmean: 0.000235739687923
        dmean2: 0.000341868726537
        dvar: 5.44838023586e-08
        dvar2: 1.01183104562e-07
        max: 0.00399803323671
        mean: 0.00199690880254
        min: 0.000972288835328
        var: 3.4072058952e-07
    spectral_rolloff:
        dmean: 348.153625488
        dmean2: 569.697143555
        dvar: 165903.703125
        dvar2: 313453.15625
        max: 4414.30664062
        mean: 2466.32958984
        min: 645.99609375
        var: 645266.625
    spectral_skewness:
        dmean: 0.265521407127
        dmean2: 0.441536545753
        dvar: 0.0600427985191
        dvar2: 0.156706437469
        max: 3.52407026291
        mean: 1.78591382504
        min: 0.849643230438
        var: 0.161017328501
    spectral_spread:
        dmean: 375128.59375
        dmean2: 474836.53125
        dvar: 324879351808
        dvar2: 373185511424
        max: 10576543
        mean: 3425896.25
        min: 1805329.375
        var: 1.94946138112e+12
    spectral_strongpeak:
        dmean: 0.321544319391
        dmean2: 0.557913005352
        dvar: 0.179468974471
        dvar2: 0.478767961264
        max: 2.86368346214
        mean: 0.704810082912
        min: 0.0512488111854
        var: 0.211669817567
    zerocrossingrate:
        dmean: 0.00669789547101
        dmean2: 0.00761810224503
        dvar: 3.40307306033e-05
        dvar2: 3.99473028665e-05
        max: 0.11962890625
        mean: 0.0740229785442
        min: 0.0341796875
        var: 0.000308603252051
    barkbands:
        dmean: [2.92642763355e-08, 5.85637144468e-06, 1.70894982148e-05, 5.66947637708e-05, 8.49741700222e-05, 0.000107224943349, 0.000193338695681, 0.000217043227167, 0.000472596468171, 0.000118473581097, 0.000113532820251, 9.68491804088e-05, 9.20475940802e-05, 8.96061319509e-05, 0.000102860081824, 7.45996003388e-05, 0.000110540175228, 7.75433436502e-05, 0.000122566198115, 9.09501759452e-05, 2.71770277323e-05, 5.62304239793e-06, 1.01521823126e-06, 5.53903987566e-07, 3.00568132161e-07, 1.75122032431e-08, 7.67203245378e-10]
        dmean2: [4.08472189406e-08, 1.01091181932e-05, 2.93031989713e-05, 9.79460746748e-05, 0.000138637507916, 0.000159098752192, 0.000316072168062, 0.000355290278094, 0.000735484820325, 0.000192268576939, 0.000186296674656, 0.000162708296557, 0.000149303217768, 0.000142567383591, 0.000169779741555, 0.000115235474368, 0.000181978291948, 0.000118335236039, 0.00018601710326, 0.00013984637917, 3.98423981096e-05, 8.45998329169e-06, 1.51300878315e-06, 7.63553998695e-07, 4.0366256826e-07, 2.42746835966e-08, 9.29966603724e-10]
        dvar: [4.00267689273e-14, 2.69838651423e-10, 8.13427769586e-10, 1.16135581152e-08, 1.84333703857e-08, 1.66468776541e-08, 1.15864239092e-07, 1.48760960883e-07, 8.6218915385e-07, 3.76152051729e-08, 4.40871872343e-08, 3.63599390596e-08, 3.34380132472e-08, 2.53886174306e-08, 2.94365101183e-08, 9.40567534968e-09, 2.80433472e-08, 1.08412576694e-08, 3.11913446183e-08, 2.71416826791e-08, 3.44037043298e-09, 1.1010811013e-10, 3.85753798696e-12, 1.85013571304e-12, 6.74573027645e-13, 2.57175719929e-15, 1.28610346042e-16]
        dvar2: [4.40098498822e-14, 7.4838252262e-10, 2.14548445676e-09, 3.25265290257e-08, 4.00270181444e-08, 3.51441507007e-08, 3.21788490965e-07, 3.5237238194e-07, 2.17930005419e-06, 9.64809814263e-08, 9.72713394276e-08, 1.03506991422e-07, 9.58227275305e-08, 6.87487329287e-08, 7.50749435952e-08, 2.29554224518e-08, 7.57807185892e-08, 2.32157404412e-08, 6.69808954967e-08, 6.11705956999e-08, 7.89912757426e-09, 2.41133002454e-10, 8.85894309299e-12, 3.71433569665e-12, 1.27833811245e-12, 5.70754559134e-15, 1.28764625153e-16]
        max: [4.00143744628e-06, 0.000168609854882, 0.000245009956416, 0.000996975344606, 0.0014316017041, 0.0017084046267, 0.00420251302421, 0.00463923020288, 0.0127879288048, 0.00217152014375, 0.0023435712792, 0.00211389618926, 0.00199044682086, 0.00174593832344, 0.00171040312853, 0.00104879995342, 0.00186474656221, 0.00138859392609, 0.00213274359703, 0.00171438232064, 0.000725204707123, 0.000102926118416, 2.23270817514e-05, 1.72351101355e-05, 1.32121194838e-05, 7.32379021429e-07, 2.35385840597e-07]
        mean: [3.46545938612e-08, 6.46616490485e-06, 2.84474572254e-05, 8.21466528578e-05, 0.000140390533488, 0.000340696424246, 0.000328060908942, 0.000369914108887, 0.000939887948334, 0.000202563227504, 0.000206391967367, 0.000173614389496, 0.000165330347954, 0.000156601090566, 0.000198532492504, 0.00016941393551, 0.000218705477891, 0.000172784231836, 0.000285819231067, 0.000186078046681, 5.03559458593e-05, 1.0703875887e-05, 1.98160159925e-06, 1.0866856428e-06, 5.42253872027e-07, 2.63917403487e-08, 7.75996600311e-10]
        min: [3.23225335386e-11, 7.06945746387e-09, 1.04706479931e-07, 3.93098588347e-07, 3.99191367251e-06, 1.03158245111e-05, 5.0316348279e-06, 3.14312160299e-06, 5.40146402273e-06, 5.47390436623e-06, 2.2932263164e-06, 4.6639734137e-06, 2.40624603975e-06, 4.48426999355e-06, 3.90513741877e-06, 6.71714406053e-06, 4.10136181017e-06, 9.43791474128e-06, 8.81833966559e-06, 1.78524749117e-06, 1.07797757209e-06, 8.63756000058e-08, 1.03646007332e-08, 5.94706905943e-09, 1.01769059846e-09, 8.53148870994e-11, 5.8416800348e-15]
        var: [3.99491773212e-14, 1.85190127122e-10, 9.28658761001e-10, 1.42174254592e-08, 3.12828305482e-08, 7.623571463e-08, 2.2226531371e-07, 4.21368525849e-07, 1.81784093911e-06, 8.13092029261e-08, 9.33886212806e-08, 7.47137249846e-08, 7.97798733743e-08, 5.46160165982e-08, 5.26655696831e-08, 2.84267791528e-08, 4.911777296e-08, 3.50745175126e-08, 8.87859314957e-08, 6.20200566459e-08, 5.19399989685e-09, 2.01837976888e-10, 8.69839617001e-12, 4.24176969591e-12, 1.6046579213e-12, 3.58637392109e-15, 1.28666025224e-16]
    mfcc:
        mean: [-727.132141113, 137.749298096, -77.5783081055, 31.3578929901, -30.2436542511, -23.6836891174, -10.7016553879, -11.4370765686, -4.90148258209, -3.20405554771, -6.19966030121, -7.39832496643, -5.88278102875]
        cov: [[1564.05505371, -702.977355957, 59.8441238403, 5.06362819672, -88.111618042, 148.206863403, 152.102203369, -14.1800756454, 27.8379821777, -0.0996500551701, 24.3601703644, 13.9988441467, 16.7422409058], [-702.977355957, 672.807312012, -257.892456055, 26.6717166901, -8.39675998688, -90.933303833, -24.0578727722, 33.9837875366, -16.6137123108, 28.3844909668, 14.826300621, -18.3247890472, -16.0461101532], [59.8441238403, -257.892456055, 533.040649414, -11.2492895126, 49.3984565735, 78.99193573, -39.4851493835, 6.2561006546, 1.93114435673, -69.5362625122, -9.96760559082, 39.2177124023, 51.5951423645], [5.06362819672, 26.6717166901, -11.2492895126, 208.632095337, 75.9539108276, -26.9051189423, -26.3776893616, -19.5546150208, 2.36385464668, 6.77094459534, -25.9835643768, -27.3897304535, 4.08476257324], [-88.111618042, -8.39675998688, 49.3984565735, 75.9539108276, 158.720947266, 9.7785577774, -43.3091278076, -26.3611297607, 18.2211780548, 11.248333931, -26.1179618835, -8.28600692749, 14.108379364], [148.206863403, -90.933303833, 78.99193573, -26.9051189423, 9.7785577774, 135.739837646, 57.2825126648, 26.2224025726, 10.3627052307, -9.51984119415, 11.8034629822, 1.77898037434, -11.1442289352], [152.102203369, -24.0578727722, -39.4851493835, -26.3776893616, -43.3091278076, 57.2825126648, 140.183761597, 36.8163490295, -10.2818088531, 15.4331092834, 31.3828392029, 5.87097263336, -13.006934166], [-14.1800756454, 33.9837875366, 6.2561006546, -19.5546150208, -26.3611297607, 26.2224025726, 36.8163490295, 75.0795898438, 11.3687992096, 5.39238357544, 24.7139854431, 5.75654506683, -7.81010437012], [27.8379821777, -16.6137123108, 1.93114435673, 2.36385464668, 18.2211780548, 10.3627052307, -10.2818088531, 11.3687992096, 58.8876266479, 19.8605327606, -1.87180173397, -4.24993991852, -5.86058473587], [-0.0996500551701, 28.3844909668, -69.5362625122, 6.77094459534, 11.248333931, -9.51984119415, 15.4331092834, 5.39238357544, 19.8605327606, 83.3573303223, 26.2660083771, 1.81154727936, -10.3683366776], [24.3601703644, 14.826300621, -9.96760559082, -25.9835643768, -26.1179618835, 11.8034629822, 31.3828392029, 24.7139854431, -1.87180173397, 26.2660083771, 63.7965927124, 23.973285675, -7.36898851395], [13.9988441467, -18.3247890472, 39.2177124023, -27.3897304535, -8.28600692749, 1.77898037434, 5.87097263336, 5.75654506683, -4.24993991852, 1.81154727936, 23.973285675, 59.2676925659, 30.2292842865], [16.7422409058, -16.0461101532, 51.5951423645, 4.08476257324, 14.108379364, -11.1442289352, -13.006934166, -7.81010437012, -5.86058473587, -10.3683366776, -7.36898851395, 30.2292842865, 71.0044937134]]
        icov: [[0.00188002921641, 0.00209480687045, 0.000866930291522, -0.000997800263576, 0.00137228169478, -0.00111345597543, -0.000969266402535, 0.000703061523382, -0.00105941866059, 0.000292902463116, -0.00100092077628, 0.000477189081721, -0.00144179968629], [0.00209480687045, 0.00450593791902, 0.0020245986525, -0.00113685801625, 0.00096609297907, -0.000355703406967, -0.000270901276963, -0.0012304787524, -0.000132731016492, 0.000528867472894, -0.00169480557088, 0.000908810296096, -0.00181070994586], [0.000866930291522, 0.0020245986525, 0.00370535789989, -0.000479649665067, -0.000252945144894, -0.00202392367646, 0.00124744325876, -0.00107016635593, -0.000145122874528, 0.00226577324793, -0.00122097937856, -0.000792424019892, -0.00203884206712], [-0.000997800263576, -0.00113685801625, -0.000479649665067, 0.00703426171094, -0.00389324245043, 0.00218681525439, -6.17072801106e-05, -0.000537198444363, 0.00113648478873, -0.000366411986761, 0.000852244615089, 0.00266838050447, -3.8653764932e-05], [0.00137228169478, 0.00096609297907, -0.000252945144894, -0.00389324245043, 0.0112799694762, -0.00397094897926, 0.00168651237618, 0.00308423140086, -0.00246949866414, -0.00300151691772, 0.00188375473954, -9.07532667043e-05, -0.00232180696912], [-0.00111345597543, -0.000355703406967, -0.00202392367646, 0.00218681525439, -0.00397094897926, 0.0134304687381, -0.00510446866974, -0.00238106399775, -0.00160840898752, 0.00233808602206, -0.000532215519343, 0.000748255464714, 0.0030618745368], [-0.000969266402535, -0.000270901276963, 0.00124744325876, -6.17072801106e-05, 0.00168651237618, -0.00510446866974, 0.0131402825937, -0.00432932795957, 0.00464700954035, -0.00252584880218, -0.00123672618065, -0.000335222925059, 8.81531086634e-05], [0.000703061523382, -0.0012304787524, -0.00107016635593, -0.000537198444363, 0.00308423140086, -0.00238106399775, -0.00432932795957, 0.0206836350262, -0.00664039794356, 0.00168974185362, -0.00581448804587, 0.000872172997333, -0.000415930524468], [-0.00105941866059, -0.000132731016492, -0.000145122874528, 0.00113648478873, -0.00246949866414, -0.00160840898752, 0.00464700954035, -0.00664039794356, 0.0232716277242, -0.00711518898606, 0.00437469268218, -0.000207236618735, 0.00204302882776], [0.000292902463116, 0.000528867472894, 0.00226577324793, -0.000366411986761, -0.00300151691772, 0.00233808602206, -0.00252584880218, 0.00168974185362, -0.00711518898606, 0.0194829702377, -0.0096286572516, 0.000794848310761, 3.16616642522e-05], [-0.00100092077628, -0.00169480557088, -0.00122097937856, 0.000852244615089, 0.00188375473954, -0.000532215519343, -0.00123672618065, -0.00581448804587, 0.00437469268218, -0.0096286572516, 0.0303106289357, -0.0134384902194, 0.00718929292634], [0.000477189081721, 0.000908810296096, -0.000792424019892, 0.00266838050447, -9.07532667043e-05, 0.000748255464714, -0.000335222925059, 0.000872172997333, -0.000207236618735, 0.000794848310761, -0.0134384902194, 0.0311932265759, -0.0138906762004], [-0.00144179968629, -0.00181070994586, -0.00203884206712, -3.8653764932e-05, -0.00232180696912, 0.0030618745368, 8.81531086634e-05, -0.000415930524468, 0.00204302882776, 3.16616642522e-05, 0.00718929292634, -0.0138906762004, 0.0232435744256]]
    spectral_contrast:
        mean: [-1.00500344047e-07, -1.54981634637e-07, 2.52564262837e-08, -1.04603373074e-07, 9.25747656311e-07, -1.49706309571e-07, -2.31659214478e-06, 3.41066402143e-06, 2.0122472506e-06, -2.8098936582e-06, 2.67699874712e-06, 1.96215978576e-06]
        var: [0.000563476816751, 0.000603373919148, 0.00108404201455, 0.00200165412389, 0.00272710085846, 0.003611930646, 0.0571983903646, 0.135108470917, 0.156391441822, 0.320055514574, 0.414943039417, 1.06112718582]

rhythm:
    beats_loudness:
        dmean: 0.00196247315034
        dmean2: 0.00296662352048
        dvar: 1.83241274954e-06
        dvar2: 4.13809402744e-06
        max: 0.0112199950963
        mean: 0.00645969249308
        min: 0.00193349516485
        var: 6.03334774496e-06
    beats_loudness_bass:
        dmean: 0.013428078033
        dmean2: 0.0201965682209
        dvar: 5.74111909373e-05
        dvar2: 0.000143176948768
        max: 0.0450863018632
        mean: 0.0204419847578
        min: 0.00349974189885
        var: 0.000142409131513
    bpm: 110.734222412
    bpm_confidence: 0
    first_peak_bpm: 111
    first_peak_spread: 0
    first_peak_weight: 0.944444417953
    onset_rate: 2.79862928391
    second_peak_bpm: 99
    second_peak_spread: 0
    second_peak_weight: 0.0555555559695
    beats_position: [0.0459385439754, 0.587946653366, 1.1299546957, 1.67196285725, 2.21397089958, 2.75597882271, 3.29798722267, 3.83999538422, 4.38200330734, 4.92401170731, 5.46602010727, 6.0749745369, 6.61667490005, 7.15837574005, 7.70007562637, 8.2417755127, 8.78347587585, 9.32517719269, 9.86687660217]
    bpm_estimates: [110.690162659, 110.677810669, 110.230392456, 110.923095703, 111.055358887, 110.932685852, 110.391670227, 110.882232666, 110.930633545, 111.145935059, 110.984832764, 110.107727051, 111.16558075, 110.923728943, 109.971427917]
    bpm_intervals: [0.54200810194, 0.542008042336, 0.542008161545, 0.542008042336, 0.542007923126, 0.542008399963, 0.542008161545, 0.542007923126, 0.542008399963, 0.542008399963, 0.608954429626, 0.541700363159, 0.541700839996, 0.541699886322, 0.541699886322, 0.541700363159, 0.541701316833, 0.541699409485]
    onset_times: [0.0580498874187, 0.49922901392, 0.847528338432, 1.67183673382, 1.93886625767, 2.24072551727, 2.49614500999, 2.76317453384, 3.05342411995, 3.62231302261, 3.83129262924, 4.14476203918, 4.36535167694, 4.95746040344, 5.21287965775, 5.4334692955, 6.03718805313, 6.5596370697, 6.86149644852, 7.11691617966, 7.40716552734, 7.4884352684, 8.20825386047, 8.75392246246, 8.92807292938, 9.29959201813, 9.62467098236, 9.84526062012]
    rubato_start: []
    rubato_stop: []
    perceptual_tempo: "unknown"

sfx:
    inharmonicity:
        dmean: 0.0595379397273
        dmean2: 0.104563772678
        dvar: 0.00386935728602
        dvar2: 0.00993487797678
        max: 0.413981854916
        mean: 0.0683522373438
        min: 0.000446304911748
        var: 0.00432849815115
    oddtoevenharmonicenergyratio:
        dmean: 2.66056036949
        dmean2: 4.67472267151
        dvar: 18.2780399323
        dvar2: 48.7889671326
        max: 31.3853492737
        mean: 2.26222705841
        min: 0.00644095148891
        var: 16.9573879242
    pitch_after_max_to_before_max_energy_ratio: 0.262829720974
    pitch_centroid: 216.729324341
    pitch_max_to_total: 0.871794879436
    pitch_min_to_total: 0.128205135465
    tristimulus:
        dmean: [0.179457649589, 0.232315793633, 0.115471690893]
        dmean2: [0.316026598215, 0.410708099604, 0.201626598835]
        dvar: [0.0280580148101, 0.0455312095582, 0.0117742111906]
        dvar2: [0.0725208595395, 0.13515651226, 0.0336269624531]
        max: [0.838858067989, 0.99222779274, 0.675464332104]
        mean: [0.275385081768, 0.554988861084, 0.129330068827]
        min: [0.00105446472298, 0, 0]
        var: [0.0357233546674, 0.0538617856801, 0.0142830517143]

tonal:
    chords_changes_rate: 0.0416666679084
    chords_number_rate: 0.0324074067175
    chords_strength:
        dmean: 0.00717923790216
        dmean2: 0.00587246473879
        dvar: 4.21385266236e-05
        dvar2: 3.49966321664e-05
        max: 0.674348056316
        mean: 0.524997413158
        min: 0.355554431677
        var: 0.00468028848991
    key_strength: 0.739893972874
    tuning_diatonic_strength: 0.596576213837
    tuning_equal_tempered_deviation: 0.0538686998188
    tuning_frequency: 439.745910645
    tuning_nontempered_energy_ratio: 0.642803311348
    hpcp:
        dmean: [0.137023568153, 0.0954504087567, 0.0785136148334, 0.103290937841, 0.0960302501917, 0.110651627183, 0.152293235064, 0.144151598215, 0.0896975174546, 0.0911277979612, 0.0766074955463, 0.103709511459, 0.110105313361, 0.0990238338709, 0.0872171297669, 0.0751349627972, 0.072943687439, 0.0842126980424, 0.0936529487371, 0.095194041729, 0.123040124774, 0.129085823894, 0.148451939225, 0.101693876088, 0.0843744948506, 0.0774796307087, 0.0881217494607, 0.111526496708, 0.137481659651, 0.109896756709, 0.0930115357041, 0.08263143152, 0.0821628645062, 0.106619246304, 0.104510359466, 0.116521030664]
        dmean2: [0.230899244547, 0.15582883358, 0.127605929971, 0.16930153966, 0.158053100109, 0.176076337695, 0.252598077059, 0.244325563312, 0.148887053132, 0.156986251473, 0.133186221123, 0.168708622456, 0.173658072948, 0.165618598461, 0.146724209189, 0.12584489584, 0.118483826518, 0.139787748456, 0.154037728906, 0.171682909131, 0.202170476317, 0.213984414935, 0.241547867656, 0.164844796062, 0.147550478578, 0.131211578846, 0.140909567475, 0.184700652957, 0.239155694842, 0.192436784506, 0.158897653222, 0.14374871552, 0.137598007917, 0.177271708846, 0.174512311816, 0.198975965381]
        dvar: [0.0334734506905, 0.0142270782962, 0.0107821105048, 0.0234381556511, 0.0141754196957, 0.0158540010452, 0.030111355707, 0.026481596753, 0.0182890761644, 0.0256526321173, 0.0126864695922, 0.0224094111472, 0.0248484294862, 0.0205340720713, 0.0165154729038, 0.0136964153498, 0.0124819083139, 0.0194637253881, 0.0168256666511, 0.0212480723858, 0.0160531923175, 0.0358375236392, 0.0233775228262, 0.0223635789007, 0.0176029074937, 0.0139159085229, 0.0131546827033, 0.0336721874774, 0.0386572517455, 0.0276489704847, 0.0231723971665, 0.0173264909536, 0.0124346166849, 0.0235616080463, 0.0258233305067, 0.0248507782817]
        dvar2: [0.084295809269, 0.0287585668266, 0.0259287543595, 0.0632966011763, 0.0338481999934, 0.0407752096653, 0.0689772963524, 0.0695271193981, 0.0469647794962, 0.0668786913157, 0.0337107442319, 0.0504298210144, 0.0492673069239, 0.0451494827867, 0.04306512326, 0.0300277657807, 0.0290354732424, 0.0505548603833, 0.0433894395828, 0.0625564604998, 0.0431398227811, 0.0842188075185, 0.0550409071147, 0.0605957992375, 0.0445976480842, 0.0379065833986, 0.0268586724997, 0.0747565478086, 0.0998667255044, 0.0744930431247, 0.0606397986412, 0.0452623777092, 0.0330634303391, 0.0609761588275, 0.0645346418023, 0.0652451589704]
        max: [1, 0.899521648884, 0.749792695045, 1, 0.800766527653, 0.934134483337, 1, 0.983588755131, 1, 1, 0.985985040665, 1, 1, 1, 0.867784261703, 1, 0.862180352211, 1, 1, 1, 1, 1, 1, 0.873931229115, 1, 1, 1, 1, 1, 1, 0.921549499035, 1, 0.786052882671, 1, 1, 1]
        mean: [0.289968580008, 0.195850431919, 0.131664589047, 0.15596267581, 0.142808228731, 0.197945192456, 0.312671333551, 0.246734976768, 0.122800730169, 0.1061277017, 0.102350004017, 0.176448717713, 0.241638079286, 0.175800681114, 0.116674371064, 0.114920422435, 0.109759837389, 0.124308362603, 0.131566628814, 0.109500586987, 0.332071512938, 0.657903730869, 0.442123442888, 0.114670693874, 0.0997803285718, 0.110813573003, 0.197597682476, 0.330514371395, 0.267226010561, 0.140878215432, 0.117267645895, 0.101227387786, 0.124838970602, 0.15498277545, 0.148210823536, 0.216428160667]
        min: [0.00822754949331, 0.0115409391001, 0.00419519003481, 0.00404826365411, 0.00332458363846, 0.00681967288256, 0.00865654926747, 0.00415198551491, 0.00214677047916, 0.00320978392847, 0.00392327038571, 0.010127177462, 0.00489896535873, 0.0052264300175, 0.00209387764335, 0.00277485186234, 0.00578418187797, 0.00595097569749, 0.00504341209307, 0.00259205698967, 0.00462115556002, 0.00534121692181, 0.00613381527364, 0.00266500469297, 0.00333691341802, 0.00501041254029, 0.00494885165244, 0.00202536559664, 0.00290291663259, 0.00457797199488, 0.00436650635675, 0.00247976812534, 0.00739063322544, 0.00659520877525, 0.00572715001181, 0.00609471509233]
        var: [0.0742936208844, 0.0328734852374, 0.0188312791288, 0.0339723490179, 0.0247922874987, 0.0334746539593, 0.0653491169214, 0.047584656626, 0.0250397324562, 0.0295134447515, 0.0193515550345, 0.042564034462, 0.0672072917223, 0.0384244695306, 0.0214712955058, 0.0258859526366, 0.0188525412232, 0.0198193304241, 0.0230160634965, 0.0186213850975, 0.0383065976202, 0.151289671659, 0.0718551874161, 0.0237722918391, 0.0278198197484, 0.0248218756169, 0.0449608042836, 0.149321898818, 0.0899171829224, 0.0311255846173, 0.0223138239235, 0.0152907157317, 0.0160680636764, 0.032652951777, 0.0332255475223, 0.0435675606132]
    chords_histogram: [56.4814796448, 0, 6.94444465637, 0, 4.16666650772, 0, 0, 0, 0, 0, 0, 0, 0, 0, 0, 0, 0, 7.87037038803, 0, 6.01851844788, 0, 13.8888893127, 0, 4.62962961197]
    thpcp: [1, 0.67201846838, 0.174297064543, 0.151664018631, 0.16843432188, 0.300344377756, 0.502374947071, 0.406177997589, 0.214131966233, 0.178244382143, 0.15386351943, 0.18975263834, 0.235570594668, 0.225277379155, 0.328966319561, 0.440746217966, 0.297688573599, 0.200127437711, 0.237060025334, 0.217065542936, 0.300872594118, 0.475253939629, 0.375032037497, 0.186654552817, 0.161311894655, 0.155569881201, 0.268198370934, 0.367284864187, 0.267213374376, 0.177342623472, 0.174676656723, 0.166832670569, 0.188946127892, 0.199978545308, 0.166438624263, 0.50474178791]
    chords_key: "A"
    chords_scale: "major"
    key_key: "A"
    key_scale: "major"
    chords_progression: ["A", "A", "A", "A", "A", "A", "A", "A", "A", "A", "A", "A", "A", "A", "A", "A", "A", "A", "A", "A", "A", "A", "A", "A", "A", "A", "A", "A", "A", "A", "A", "A", "A", "A", "A", "A", "A", "A", "A", "A", "A", "A", "A", "A", "A", "A", "Am", "Am", "Am", "Am", "Am", "A", "A", "A", "A", "A", "A", "A", "Am", "Am", "Am", "Am", "Am", "Am", "Am", "Am", "Am", "Am", "Am", "Am", "A", "A", "A", "A", "A", "A", "A", "A", "A", "A", "A", "A", "A", "A", "A", "A", "A", "A", "A", "A", "A", "A", "A", "A", "A", "A", "A", "A", "A", "A", "A", "A", "A", "A", "A", "A", "A", "A", "A", "A", "A", "A", "A", "A", "A", "A", "A", "A", "A", "A", "A", "A", "A", "A", "A", "A", "A", "A", "A", "A", "A", "A", "A", "A", "A", "A", "A", "A", "A", "F#m", "F#m", "F#m", "F#m", "F#m", "F#m", "F#m", "F#m", "F#m", "F#m", "B", "B", "B", "B", "B", "B", "B", "B", "B", "Bm", "Bm", "Bm", "Bm", "Bm", "Bm", "Bm", "Bm", "Bm", "Bm", "Bm", "Bm", "Bm", "Bm", "Bm", "Bm", "Bm", "Bm", "Bm", "Bm", "Bm", "Bm", "Bm", "Bm", "Bm", "Bm", "Bm", "Bm", "Bm", "Bm", "Em", "Em", "Em", "Em", "Em", "Em", "Em", "Em", "Em", "Em", "Em", "Em", "Em", "E", "E", "E", "E", "E", "E", "E", "E", "E", "E", "E", "E", "E", "E", "E"]
