
metadata:
    version:
        essentia: "1.2.2"
    audio_properties:
        analysis_sample_rate: 44100
        bitrate: 128
        channels: 2
        equal_loudness: 1
        length: 10.0310201645
        replay_gain: -14.6799907684
        downmix: "mix"
    tags:
        track: 8
        year: 0
        album: "Splitted by Mp3Splt v. 2.1"
        artist: "From 001.10 To 001.20"
        comment: "http://mp3splt.sf.net"
        genre: ""
        title: "12 What I Am.mp3"

highlevel:
    ballroom:
        all:
            ChaChaCha: 0.19427202642
            Jive: 0.256648898125
            Quickstep: 0.156818136573
            Rumba-American: 0.0299740824848
            Rumba-International: 0.0768041759729
            Rumba-Misc: 0.0328934378922
            Samba: 0.188842132688
            Tango: 0.0121918683872
            VienneseWaltz: 0.037902276963
            Waltz: 0.0136529412121
        probability: 0.256648898125
        value: "Jive"
    culture:
        all:
            non_western: 0.211429148912
            western: 0.788570821285
        probability: 0.788570821285
        value: "western"
    gender:
        all:
            female: 0.758734941483
            male: 0.241265043616
        probability: 0.758734941483
        value: "female"
    genre_dortmund:
        all:
            alternative: 0.0277669075876
            blues: 0.15269780159
            electronic: 0.0206004884094
            folkcountry: 0.120312824845
            funksoulrnb: 0.114732995629
            jazz: 0.130647659302
            pop: 0.194155395031
            raphiphop: 0.0321206226945
            rock: 0.206965312362
        probability: 0.206965312362
        value: "rock"
    genre_electronica:
        all:
            ambient: 0.428022444248
            dnb: 0.182817161083
            house: 0.227306395769
            techno: 0.0221482310444
            trance: 0.139705792069
        probability: 0.428022444248
        value: "ambient"
    genre_rosamerica:
        all:
            cla: 0.0137376748025
            dan: 0.0417566075921
            hip: 0.00792069733143
            jaz: 0.0274816993624
            pop: 0.152110680938
            rhy: 0.722345590591
            roc: 0.0313556566834
            spe: 0.00329137244262
        probability: 0.722345590591
        value: "rhy"
    genre_tzanetakis:
        all:
            blu: 0.0012748654699
            cla: 0.00110304239206
            cou: 0.0375959947705
            dis: 0.183765128255
            hip: 0.00363706261851
            jaz: 0.00365541293286
            met: 0.000619066413492
            pop: 0.714577972889
            reg: 0.0229648314416
            roc: 0.0308066494763
        probability: 0.714577972889
        value: "pop"
    live_studio:
        all:
            live: 0.23332080245
            studio: 0.766679167747
        probability: 0.766679167747
        value: "studio"
    mood:
        all:
            Cluster1: 0.144117623568
            Cluster2: 0.453458994627
            Cluster3: 0.111165583134
            Cluster4: 0.234990105033
            Cluster5: 0.0562677010894
        probability: 0.453458994627
        value: "Cluster2"
    mood_acoustic:
        all:
            acoustic: 0.354199379683
            not_acoustic: 0.645800590515
        probability: 0.645800590515
        value: "not_acoustic"
    mood_aggressive:
        all:
            aggressive: 0.0288579799235
            not_aggressive: 0.971141993999
        probability: 0.971141993999
        value: "not_aggressive"
    mood_electronic:
        all:
            electronic: 0.054380774498
            not_electronic: 0.945619225502
        probability: 0.945619225502
        value: "not_electronic"
    mood_happy:
        all:
            happy: 0.898306846619
            not_happy: 0.101693123579
        probability: 0.898306846619
        value: "happy"
    mood_party:
        all:
            not_party: 0.633280038834
            party: 0.366719990969
        probability: 0.633280038834
        value: "not_party"
    mood_relaxed:
        all:
            not_relaxed: 0.833901584148
            relaxed: 0.166098386049
        probability: 0.833901584148
        value: "not_relaxed"
    mood_sad:
        all:
            not_sad: 0.353464543819
            sad: 0.646535456181
        probability: 0.646535456181
        value: "sad"
    rhythm:
        all:
            fast: 0.927768945694
            medium: 0.0662953034043
            slow: 0.00593575462699
        probability: 0.927768945694
        value: "fast"
    speech_music:
        all:
            music: 0.990784406662
            speech: 0.00921557378024
        probability: 0.990784406662
        value: "music"
    timbre:
        all:
            bright: 0.991092145443
            dark: 0.00890782475471
        probability: 0.991092145443
        value: "bright"
    voice_instrumental:
        all:
            instrumental: 0.306079387665
            voice: 0.693920612335
        probability: 0.693920612335
        value: "voice"

lowlevel:
    average_loudness: 0.971893548965
    barkbands_kurtosis:
        dmean: 1.63646042347
        dmean2: 2.64829707146
        dvar: 5.81060647964
        dvar2: 12.9882593155
        max: 27.6664505005
        mean: 1.44447267056
        min: -1.76493775845
        var: 15.1141986847
    barkbands_skewness:
        dmean: 0.489692568779
        dmean2: 0.747648596764
        dvar: 0.29637247324
        dvar2: 0.701815664768
        max: 4.71073246002
        mean: 1.00664138794
        min: -1.94137167931
        var: 0.994969308376
    barkbands_spread:
        dmean: 5.16731452942
        dmean2: 8.50764656067
        dvar: 29.0889987946
        dvar2: 62.9533882141
        max: 63.5449752808
        mean: 21.7616138458
        min: 3.47570681572
        var: 95.8877029419
    dissonance:
        dmean: 0.0298340898007
        dmean2: 0.0491267442703
        dvar: 0.000822230358608
        dvar2: 0.00221461942419
        max: 0.498071461916
        mean: 0.437400132418
        min: 0.216329351068
        var: 0.00176307139918
    hfc:
        dmean: 2.07932448387
        dmean2: 3.14956498146
        dvar: 19.5309715271
        dvar2: 46.5008544922
        max: 42.6412010193
        mean: 4.39629030228
        min: 0.0254533216357
        var: 28.9765701294
    pitch:
        dmean: 285.537689209
        dmean2: 546.987365723
        dvar: 716380.5
        dvar2: 1741486.375
        max: 5512.5
        mean: 454.635894775
        min: 55.893535614
        var: 639897.5625
    pitch_instantaneous_confidence:
        dmean: 0.098331399262
        dmean2: 0.152474969625
        dvar: 0.0106902290136
        dvar2: 0.0216357428581
        max: 0.916322469711
        mean: 0.516968786716
        min: 0.12743139267
        var: 0.0426498092711
    pitch_salience:
        dmean: 0.0727996081114
        dmean2: 0.120421662927
        dvar: 0.00493849767372
        dvar2: 0.0121819078922
        max: 0.837568640709
        mean: 0.612252295017
        min: 0.214261963964
        var: 0.0153349339962
    silence_rate_20dB:
        dmean: 0
        dmean2: 0
        dvar: 0
        dvar2: 0
        max: 1
        mean: 1
        min: 1
        var: 0
    silence_rate_30dB:
        dmean: 0
        dmean2: 0
        dvar: 0
        dvar2: 0
        max: 1
        mean: 1
        min: 1
        var: 0
    silence_rate_60dB:
        dmean: 0.175925925374
        dmean2: 0.352668225765
        dvar: 0.14497564733
        dvar2: 0.265415728092
        max: 1
        mean: 0.475750565529
        min: 0
        var: 0.249411731958
    spectral_centroid:
        dmean: 243.765274048
        dmean2: 364.564331055
        dvar: 135980.671875
        dvar2: 264734.6875
        max: 4931.51367188
        mean: 1068.52075195
        min: 228.721282959
        var: 334003.1875
    spectral_complexity:
        dmean: 2.92575407028
        dmean2: 4.50930213928
        dvar: 25.6604232788
        dvar2: 44.5290412903
        max: 50
        mean: 9.38194465637
        min: 0
        var: 53.4536552429
    spectral_crest:
        dmean: 2.38153553009
        dmean2: 3.85654830933
        dvar: 3.89188146591
        dvar2: 9.21598625183
        max: 20.8824634552
        mean: 9.09281253815
        min: 2.64893555641
        var: 11.8716249466
    spectral_decrease:
        dmean: 4.50675829988e-10
        dmean2: 7.1658406986e-10
        dvar: 6.18504295605e-19
        dvar2: 1.56380552415e-18
        max: -7.81182844106e-12
        mean: -9.28792931454e-10
        min: -6.36479491334e-09
        var: 6.96158253753e-19
    spectral_energy:
        dmean: 0.00186753761955
        dmean2: 0.00295468559489
        dvar: 1.09731563498e-05
        dvar2: 2.75232305285e-05
        max: 0.0278898943216
        mean: 0.00390423554927
        min: 3.17923768307e-05
        var: 1.27893154058e-05
    spectral_energyband_high:
        dmean: 8.7422587967e-05
        dmean2: 0.000120958531625
        dvar: 4.28521538254e-08
        dvar2: 8.56450697029e-08
        max: 0.00194875244051
        mean: 0.00014596535766
        min: 1.83870554338e-07
        var: 7.71000472355e-08
    spectral_energyband_low:
        dmean: 0.000302939733956
        dmean2: 0.000527117459569
        dvar: 5.69585552057e-07
        dvar2: 1.5570500409e-06
        max: 0.00469549139962
        mean: 0.00026230677031
        min: 8.63045499955e-07
        var: 3.86466552982e-07
    spectral_energyband_middle_high:
        dmean: 0.000742371426895
        dmean2: 0.0011330236448
        dvar: 2.13560565498e-06
        dvar2: 5.01373733641e-06
        max: 0.0128231020644
        mean: 0.00157335156109
        min: 1.34022848215e-05
        var: 4.1876155592e-06
    spectral_energyband_middle_low:
        dmean: 0.00100416655187
        dmean2: 0.00164515338838
        dvar: 3.33018442689e-06
        dvar2: 8.73698627402e-06
        max: 0.0139776496217
        mean: 0.00192261091433
        min: 1.7339571059e-05
        var: 3.34715446115e-06
    spectral_flatness_db:
        dmean: 0.0210607871413
        dmean2: 0.0335571430624
        dvar: 0.000376433832571
        dvar2: 0.000806198746432
        max: 0.289135098457
        mean: 0.172901853919
        min: 0.0622070170939
        var: 0.00182890298311
    spectral_flux:
        dmean: 0.0139140374959
        dmean2: 0.021225688979
        dvar: 0.000271752040135
        dvar2: 0.000523612543475
        max: 0.142405301332
        mean: 0.0353321656585
        min: 0.00563847273588
        var: 0.000542128458619
    spectral_kurtosis:
        dmean: 2.0779800415
        dmean2: 3.17449760437
        dvar: 8.48318958282
        dvar2: 21.5831279755
        max: 34.972743988
        mean: 5.64295530319
        min: -0.723206281662
        var: 20.0068264008
    spectral_rms:
        dmean: 0.000413150701206
        dmean2: 0.00061723345425
        dvar: 2.85283960011e-07
        dvar2: 6.47818239941e-07
        max: 0.005216287449
        mean: 0.0018123909831
        min: 0.000176116300281
        var: 5.24250481249e-07
    spectral_rolloff:
        dmean: 580.396728516
        dmean2: 961.281616211
        dvar: 534045.875
        dvar2: 1091513.875
        max: 7385.88867188
        mean: 1967.59716797
        min: 279.931640625
        var: 1389756
    spectral_skewness:
        dmean: 0.278855443001
        dmean2: 0.407287359238
        dvar: 0.0925615876913
        dvar2: 0.187425687909
        max: 4.31694793701
        mean: 1.86105024815
        min: 0.106726102531
        var: 0.340370595455
    spectral_spread:
        dmean: 699590.375
        dmean2: 1009589.125
        dvar: 708138369024
        dvar2: 1.28567803904e+12
        max: 12066298
        mean: 4916457
        min: 1620978.75
        var: 2.72812317082e+12
    spectral_strongpeak:
        dmean: 0.29474619031
        dmean2: 0.501256287098
        dvar: 0.201790168881
        dvar2: 0.529557704926
        max: 3.36353111267
        mean: 0.618727207184
        min: 0.0194931458682
        var: 0.39868208766
    zerocrossingrate:
        dmean: 0.0100216614082
        dmean2: 0.0115325218067
        dvar: 0.000126974380692
        dvar2: 0.000159311006428
        max: 0.216796875
        mean: 0.0659224912524
        min: 0.013671875
        var: 0.000734431960154
    barkbands:
        dmean: [1.50234384932e-07, 6.07100191701e-05, 0.000260271364823, 0.000201112066861, 0.000253965903539, 0.000455690809758, 0.000201075192308, 6.35707183392e-05, 7.93275321485e-05, 0.000177763577085, 0.000131176100695, 8.80675288499e-05, 0.00011488180462, 6.74121256452e-05, 0.000106271181721, 5.72822973481e-05, 8.10639394331e-05, 0.000105873856228, 0.000141913580592, 6.60991208861e-05, 3.54731091647e-05, 1.9641009203e-05, 4.258287845e-06, 2.74047420135e-06, 1.33868684316e-06, 6.4074335171e-08, 4.25957630279e-10]
        dmean2: [1.95607228193e-07, 0.000100144403405, 0.000472156360047, 0.000367031811038, 0.000404684687965, 0.000770556449424, 0.000335270131472, 0.000104642298538, 0.000124677811982, 0.000295791833196, 0.000203679985134, 0.000139375901199, 0.000168145546922, 0.000109225824417, 0.000163737437106, 9.51995243668e-05, 0.000128576764837, 0.000171262130607, 0.000233035418205, 0.000100292912975, 4.87222569063e-05, 2.93587418128e-05, 6.32447927273e-06, 3.88666239814e-06, 1.90087780538e-06, 9.49424929786e-08, 6.31018792774e-10]
        dvar: [7.516787892e-14, 1.3602210025e-08, 5.09985966346e-07, 5.43089413441e-07, 1.20732849496e-07, 1.26430472847e-06, 2.10255080901e-07, 1.62269948589e-08, 2.39959305759e-08, 1.34366445081e-07, 1.43700106037e-07, 5.80743204637e-08, 5.66193847362e-08, 3.06717353737e-08, 5.14064559809e-08, 1.84330541941e-08, 3.67006194324e-08, 6.53819256513e-08, 1.03531817786e-07, 2.27547456433e-08, 6.45643050134e-09, 4.61751259451e-09, 3.33771982275e-10, 1.12790853046e-10, 9.06376362853e-12, 6.08931985781e-14, 4.18955027498e-18]
        dvar2: [9.94521983213e-14, 3.22931228425e-08, 1.43732904689e-06, 1.57446743287e-06, 2.84104373804e-07, 3.59025875696e-06, 5.21201457104e-07, 3.5600059789e-08, 5.43723963631e-08, 3.22349649196e-07, 3.29213662553e-07, 1.27777738612e-07, 1.18517938574e-07, 8.18546652681e-08, 1.02561905635e-07, 4.58184885588e-08, 9.26039973592e-08, 1.70658921661e-07, 2.59660168922e-07, 5.38358229107e-08, 1.1054743787e-08, 1.10551523491e-08, 6.18420481491e-10, 1.56253870953e-10, 1.79882515133e-11, 1.11477409877e-13, 4.87872366055e-18]
        max: [3.55980978384e-06, 0.00075174489757, 0.00459880102426, 0.00637041777372, 0.00388097343966, 0.00846051890403, 0.00386490719393, 0.0016710232012, 0.00218652770855, 0.00462806783617, 0.00540889427066, 0.0032498636283, 0.00253609311767, 0.00144604442175, 0.00235184654593, 0.00114537565969, 0.00223339162767, 0.00197488651611, 0.00313972705044, 0.00146929069888, 0.000952578848228, 0.000967893109191, 0.000260499306023, 0.000198821013328, 5.55882215849e-05, 3.78774188903e-06, 4.12241298875e-08]
        mean: [2.19227771936e-07, 6.03504158789e-05, 0.000201739399927, 0.000187909943634, 0.000524876173586, 0.000635165721178, 0.000245619710768, 9.77163144853e-05, 0.00020047230646, 0.000283545377897, 0.000174475935637, 0.000156153400894, 0.000160085066454, 8.11026839074e-05, 0.000166698999237, 8.96175333764e-05, 0.00010790284432, 0.000135600668727, 0.000195497574168, 0.000105130115116, 5.826971028e-05, 2.34174749494e-05, 6.20661239736e-06, 4.26319411417e-06, 2.11420456253e-06, 8.6760671536e-08, 4.6722414826e-10]
        min: [2.22484877743e-10, 6.39248440848e-08, 4.40004214397e-07, 1.60323466503e-07, 9.13217945708e-07, 3.43623241861e-06, 1.1103433053e-06, 1.92721884673e-07, 5.61420335998e-07, 9.30088560835e-07, 8.39731484348e-08, 1.5409617049e-07, 2.75667360938e-07, 2.83300039428e-07, 2.58375848716e-07, 3.03750709918e-07, 5.04730017781e-08, 2.70492364507e-07, 7.52244346813e-08, 1.02711638306e-07, 1.59984150372e-08, 2.78702145806e-08, 5.35265520796e-09, 1.84599457942e-09, 5.24281396075e-10, 2.29495190213e-11, 2.14012753916e-13]
        var: [2.22135095149e-13, 1.34352413639e-08, 3.04694680153e-07, 3.10015849436e-07, 2.77814905303e-07, 1.08900985651e-06, 2.06060647656e-07, 3.30386491498e-08, 1.58029166641e-07, 3.60071339855e-07, 2.11213773582e-07, 1.9305686294e-07, 1.21450057122e-07, 2.93259425632e-08, 1.07189947585e-07, 3.35264154216e-08, 5.12176789869e-08, 6.2721809968e-08, 1.16272445894e-07, 3.17891952761e-08, 1.40536542403e-08, 4.94302421217e-09, 4.92801466301e-10, 2.86721923981e-10, 1.9457314232e-11, 1.09175289523e-13, 4.59160761557e-18]
    mfcc:
        mean: [-744.693603516, 130.601516724, -35.9826812744, 38.9038162231, -13.8549356461, -11.1811513901, 4.02398824692, -13.2456054688, -11.8893928528, -8.5706987381, -5.45074892044, -8.5957775116, -6.44169378281]
        cov: [[3077.00341797, -1222.9786377, -265.816497803, -145.986816406, 115.235214233, 35.3768539429, -66.4493789673, -35.274433136, 174.596435547, -70.1356430054, -114.970649719, -94.874168396, 110.223236084], [-1222.9786377, 1441.33642578, -84.0433883667, 10.6905508041, -55.8160591125, -58.3330459595, 126.822052002, 28.8131904602, -56.1509628296, 68.8726577759, 128.512527466, 53.2066383362, -20.0861186981], [-265.816497803, -84.0433883667, 594.676635742, 153.241256714, -14.2426652908, 61.2501602173, -52.3300933838, 13.0710334778, -0.592650353909, -35.7737541199, 16.4787960052, 4.54896593094, 10.7361688614], [-145.986816406, 10.6905508041, 153.241256714, 281.055145264, 11.3967914581, 36.9220161438, -60.6571578979, 20.3903255463, -38.0371322632, -26.3350257874, 16.8134288788, 20.1859779358, 2.74844884872], [115.235214233, -55.8160591125, -14.2426652908, 11.3967914581, 225.604171753, -0.242960110307, 29.9727859497, 6.31948280334, 20.9451293945, 6.19029188156, -11.3673219681, 11.0142040253, -11.5317420959], [35.3768539429, -58.3330459595, 61.2501602173, 36.9220161438, -0.242960110307, 206.061813354, -22.8225345612, 2.33291006088, 22.4558238983, -0.357390761375, 0.688772916794, -18.49659729, 33.8266639709], [-66.4493789673, 126.822052002, -52.3300933838, -60.6571578979, 29.9727859497, -22.8225345612, 198.298095703, 49.675819397, 6.55390119553, 26.9476890564, -2.30141973495, 2.97300314903, -5.36851787567], [-35.274433136, 28.8131904602, 13.0710334778, 20.3903255463, 6.31948280334, 2.33291006088, 49.675819397, 106.464439392, 6.28596782684, 6.51856040955, 4.39217615128, 12.5174369812, -9.01636123657], [174.596435547, -56.1509628296, -0.592650353909, -38.0371322632, 20.9451293945, 22.4558238983, 6.55390119553, 6.28596782684, 147.217147827, 1.48206984997, -17.6281394958, -28.0593490601, 57.7766990662], [-70.1356430054, 68.8726577759, -35.7737541199, -26.3350257874, 6.19029188156, -0.357390761375, 26.9476890564, 6.51856040955, 1.48206984997, 90.9886016846, 10.6196050644, 9.75209712982, -27.0504646301], [-114.970649719, 128.512527466, 16.4787960052, 16.8134288788, -11.3673219681, 0.688772916794, -2.30141973495, 4.39217615128, -17.6281394958, 10.6196050644, 107.931716919, 36.208366394, -3.95646548271], [-94.874168396, 53.2066383362, 4.54896593094, 20.1859779358, 11.0142040253, -18.49659729, 2.97300314903, 12.5174369812, -28.0593490601, 9.75209712982, 36.208366394, 82.0941390991, -11.9040241241], [110.223236084, -20.0861186981, 10.7361688614, 2.74844884872, -11.5317420959, 33.8266639709, -5.36851787567, -9.01636123657, 57.7766990662, -27.0504646301, -3.95646548271, -11.9040241241, 95.1686019897]]
        icov: [[0.00060153688537, 0.000510513724294, 0.000327092711814, 9.09185837372e-05, -0.00019238339155, 6.10232891631e-05, 1.196566609e-05, -4.74653825222e-05, -0.000265537819359, 0.000107484593173, -0.000220155779971, 0.000297428952763, -0.000457484886283], [0.000510513724294, 0.00131753447931, 0.000393034395529, -0.000152716515004, 8.79267681739e-05, 0.00025405609631, -0.000589984585531, 5.05762727698e-05, -2.54125279753e-05, -0.000392013753299, -0.00114572106395, 0.000271365599474, -0.000570945499931], [0.000327092711814, 0.000393034395529, 0.00223415461369, -0.00100334233139, 0.000128434738144, -0.000371855130652, 3.0043283914e-05, -8.55582475197e-05, -0.000531194498762, 0.000613956945017, -0.000469737366075, 0.000126599989017, 0.000115681898023], [9.09185837372e-05, -0.000152716515004, -0.00100334233139, 0.00508099002764, -0.00078697304707, -0.000511777820066, 0.00174152525142, -0.00169920548797, 0.00162830518093, 0.000643169216346, -1.14216909424e-05, -0.00046492239926, -0.00101163610816], [-0.00019238339155, 8.79267681739e-05, 0.000128434738144, -0.00078697304707, 0.00505783827975, -0.000224411211093, -0.00118941243272, 0.000673558562994, -0.00149240822066, 0.000197592642508, 0.000546160561498, -0.00140263594221, 0.00174842297565], [6.10232891631e-05, 0.00025405609631, -0.000371855130652, -0.000511777820066, -0.000224411211093, 0.00568422069773, 0.000506315089297, -0.000547738862224, 0.000233941536862, -0.00132481346373, -0.000574566889554, 0.00157441920601, -0.00237678526901], [1.196566609e-05, -0.000589984585531, 3.0043283914e-05, 0.00174152525142, -0.00118941243272, 0.000506315089297, 0.00723891658708, -0.00364803057164, 0.000809172168374, -0.00133944291156, 0.000665577652398, 0.000497030443512, -0.0012355435174], [-4.74653825222e-05, 5.05762727698e-05, -8.55582475197e-05, -0.00169920548797, 0.000673558562994, -0.000547738862224, -0.00364803057164, 0.0119070457295, -0.00208516628481, 0.000565741327591, 4.53206303064e-05, -0.00199946155772, 0.00250146444887], [-0.000265537819359, -2.54125279753e-05, -0.000531194498762, 0.00162830518093, -0.00149240822066, 0.000233941536862, 0.000809172168374, -0.00208516628481, 0.0112092094496, -0.00260368175805, 0.000403322919738, 0.00278716161847, -0.00728057511151], [0.000107484593173, -0.000392013753299, 0.000613956945017, 0.000643169216346, 0.000197592642508, -0.00132481346373, -0.00133944291156, 0.000565741327591, -0.00260368175805, 0.0140764452517, -0.000695662864018, -0.00163050426636, 0.00552668329328], [-0.000220155779971, -0.00114572106395, -0.000469737366075, -1.14216909424e-05, 0.000546160561498, -0.000574566889554, 0.000665577652398, 4.53206303064e-05, 0.000403322919738, -0.000695662864018, 0.0123342499137, -0.00496130716056, -0.000171660954948], [0.000297428952763, 0.000271365599474, 0.000126599989017, -0.00046492239926, -0.00140263594221, 0.00157441920601, 0.000497030443512, -0.00199946155772, 0.00278716161847, -0.00163050426636, -0.00496130716056, 0.0164047516882, -0.00148884824011], [-0.000457484886283, -0.000570945499931, 0.000115681898023, -0.00101163610816, 0.00174842297565, -0.00237678526901, -0.0012355435174, 0.00250146444887, -0.00728057511151, 0.00552668329328, -0.000171660954948, -0.00148884824011, 0.0179546866566]]
    spectral_contrast:
        mean: [3.64897374538e-08, -1.03704493881e-07, -2.49404735087e-07, -7.22939148545e-08, 3.77133915208e-07, -3.61042708619e-07, -3.44968782429e-07, -3.82399321097e-06, 2.17460365093e-06, 1.40733192211e-07, -1.14269835194e-06, -1.31268188852e-06]
        var: [0.000466390309157, 0.00112297851592, 0.00234771869145, 0.00299737486057, 0.00574699556455, 0.00976926740259, 0.0601975172758, 0.107266865671, 0.212187930942, 0.425934195518, 0.674367070198, 1.94657039642]

rhythm:
    beats_loudness:
        dmean: 0.00529271736741
        dmean2: 0.00962678249925
        dvar: 2.04779262276e-05
        dvar2: 5.85311718169e-05
        max: 0.0174092799425
        mean: 0.00760752055794
        min: 0.00188340735622
        var: 1.59237952175e-05
    beats_loudness_bass:
        dmean: 0.0787261798978
        dmean2: 0.135202035308
        dvar: 0.00703226868063
        dvar2: 0.00838691368699
        max: 0.338080376387
        mean: 0.0632279887795
        min: 0.00624796189368
        var: 0.00750965764746
    bpm: 89.495010376
    bpm_confidence: 0
    first_peak_bpm: 90
    first_peak_spread: 0.0714285373688
    first_peak_weight: 0.928571462631
    onset_rate: 4.98453760147
    second_peak_bpm: 0
    second_peak_spread: 0
    second_peak_weight: 0
    beats_position: [0.192925453186, 0.863195478916, 1.53346550465, 2.20373535156, 2.87400531769, 3.54427528381, 4.21454524994, 4.88481521606, 5.55508518219, 6.25396299362, 6.92460250854, 7.59524059296, 8.26587963104, 8.93651866913, 9.60715770721]
    bpm_estimates: [89.290222168, 89.3960113525, 89.5041503906, 89.3822860718, 89.6514434814, 89.3124694824, 89.4934539795, 89.4896621704, 90.1315765381, 89.505531311, 89.5638275146, 89.3255004883, 89.5245513916, 89.4829101562, 89.478187561, 89.388343811]
    bpm_intervals: [0.67027002573, 0.67027002573, 0.670269846916, 0.670269966125, 0.670269966125, 0.670269966125, 0.670269966125, 0.670269966125, 0.698877811432, 0.670639514923, 0.670638084412, 0.670639038086, 0.670639038086, 0.670639038086]
    onset_times: [0.0464399084449, 0.18575963378, 0.510838985443, 0.835918366909, 1.19582772255, 1.50929701328, 1.72988665104, 1.84598636627, 2.06657600403, 2.20589566231, 2.49614500999, 2.53097510338, 2.77478456497, 2.83283448219, 3.19274377823, 3.42494320869, 3.54104304314, 3.88934230804, 4.08671188354, 4.21442174911, 4.42340135574, 4.55111122131, 4.77170085907, 4.88780021667, 5.22448968887, 5.4334692955, 5.56117916107, 5.80498886108, 6.09523820877, 6.24616765976, 6.57124710083, 6.74539661407, 6.91954660416, 7.12852621078, 7.24462604523, 7.41877555847, 7.56970500946, 7.92961454391, 8.15020370483, 8.25469398499, 8.45206356049, 8.62621307373, 8.78875255585, 8.93968296051, 9.12544250488, 9.27637195587, 9.47374153137, 9.61306095123, 9.81043052673, 9.93814086914]
    rubato_start: []
    rubato_stop: []
    perceptual_tempo: "unknown"

sfx:
    inharmonicity:
        dmean: 0.0348837077618
        dmean2: 0.0625540390611
        dvar: 0.0018604536308
        dvar2: 0.00527368253097
        max: 0.250319778919
        mean: 0.0373774431646
        min: 0.000119514050311
        var: 0.00191021768842
    oddtoevenharmonicenergyratio:
        dmean: 3.03526926041
        dmean2: 5.5901594162
        dvar: 169.241455078
        dvar2: 492.570739746
        max: 176.117630005
        mean: 2.18007040024
        min: 0.000643088191282
        var: 99.873916626
    pitch_after_max_to_before_max_energy_ratio: 1.47955489159
    pitch_centroid: 204.404525757
    pitch_max_to_total: 0.280092597008
    pitch_min_to_total: 0.675925910473
    tristimulus:
        dmean: [0.207576349378, 0.21307605505, 0.0859495401382]
        dmean2: [0.36056432128, 0.368359982967, 0.148738622665]
        dvar: [0.0415372103453, 0.0400714352727, 0.00895316433161]
        dvar2: [0.106616564095, 0.0958648398519, 0.0253024529666]
        max: [0.946642935276, 0.932168483734, 0.611272275448]
        mean: [0.380574792624, 0.498167574406, 0.100488357246]
        min: [0.00575993862003, 0, 0]
        var: [0.0637946054339, 0.0640548318624, 0.0100422371179]

tonal:
    chords_changes_rate: 0.0829493105412
    chords_number_rate: 0.0322580635548
    chords_strength:
        dmean: 0.0126009220257
        dmean2: 0.0129773309454
        dvar: 0.00012159274047
        dvar2: 0.000161853575264
        max: 0.622602283955
        mean: 0.479748129845
        min: 0.258722245693
        var: 0.00855094287544
    key_strength: 0.704218804836
    tuning_diatonic_strength: 0.619763195515
    tuning_equal_tempered_deviation: 0.124312601984
    tuning_frequency: 438.477722168
    tuning_nontempered_energy_ratio: 0.75603222847
    hpcp:
        dmean: [0.162310570478, 0.182605281472, 0.137903124094, 0.159926280379, 0.205826684833, 0.1703479141, 0.167581260204, 0.132695391774, 0.112455666065, 0.112090632319, 0.0809971615672, 0.101587213576, 0.114419125021, 0.102890081704, 0.151060029864, 0.173028826714, 0.176082357764, 0.140504509211, 0.129569396377, 0.123955287039, 0.152177229524, 0.1693931669, 0.183263406157, 0.108883038163, 0.0802395269275, 0.0739224106073, 0.0947129204869, 0.148869857192, 0.146948814392, 0.135002017021, 0.124892011285, 0.0994959250093, 0.0899105891585, 0.101989366114, 0.110867984593, 0.163639903069]
        dmean2: [0.26411113143, 0.30456802249, 0.234615504742, 0.279002279043, 0.37481546402, 0.294993102551, 0.280402392149, 0.22220133245, 0.194684848189, 0.201566666365, 0.124140426517, 0.172976508737, 0.190682113171, 0.173168286681, 0.257028996944, 0.290834605694, 0.309264093637, 0.253619611263, 0.23283649981, 0.229653075337, 0.263329416513, 0.266578376293, 0.299913674593, 0.182812079787, 0.14002135396, 0.128118172288, 0.167605757713, 0.251544803381, 0.249356627464, 0.23462164402, 0.224104806781, 0.166736081243, 0.156389847398, 0.176952660084, 0.187820181251, 0.269474357367]
        dvar: [0.0427470989525, 0.0495686754584, 0.0376473665237, 0.0555764101446, 0.0797939002514, 0.0412401743233, 0.0496099740267, 0.0306080598384, 0.0371428579092, 0.0445275045931, 0.0186476670206, 0.0287771858275, 0.0321201719344, 0.0259597506374, 0.0390795134008, 0.0507592670619, 0.0590712688863, 0.0456663705409, 0.0519313514233, 0.0315031558275, 0.0419411808252, 0.0420571863651, 0.0493673123419, 0.022003158927, 0.0238464158028, 0.0187938585877, 0.0212925579399, 0.0387643128633, 0.0327412597835, 0.0368591472507, 0.0426049046218, 0.0251877307892, 0.0257515236735, 0.0317579433322, 0.0303271859884, 0.0459692031145]
        dvar2: [0.091705314815, 0.131923094392, 0.0893334969878, 0.144168823957, 0.20338408649, 0.112847693264, 0.112772703171, 0.0626157820225, 0.0884943604469, 0.114722825587, 0.0431996546686, 0.0659111142159, 0.0814878791571, 0.0631881281734, 0.104696571827, 0.114323146641, 0.154240489006, 0.127017527819, 0.143676161766, 0.0924637392163, 0.11076720804, 0.0868804231286, 0.116955734789, 0.0558644682169, 0.059206686914, 0.0489113889635, 0.0507472455502, 0.092088624835, 0.0760488584638, 0.0940425693989, 0.11733828485, 0.063581481576, 0.0663821473718, 0.0845540240407, 0.0849378034472, 0.125046446919]
        max: [1, 1, 1, 1, 1, 1, 1, 1, 1, 1, 1, 1, 1, 1, 1, 1, 1, 1, 1, 1, 1, 1, 1, 0.955341160297, 0.975044250488, 1, 1, 1, 1, 1, 1, 1, 1, 1, 1, 1]
        mean: [0.342347830534, 0.277267068624, 0.163207530975, 0.170715600252, 0.179572209716, 0.205891177058, 0.262468069792, 0.197935223579, 0.110588617623, 0.0953747481108, 0.085495620966, 0.108385041356, 0.130018889904, 0.122371442616, 0.176363736391, 0.254389971495, 0.192642152309, 0.115261040628, 0.102527372539, 0.0910519137979, 0.179782927036, 0.332021534443, 0.270118743181, 0.110561572015, 0.0730866938829, 0.0661718919873, 0.111813805997, 0.207526698709, 0.202932089567, 0.156581625342, 0.15042643249, 0.111248753965, 0.0899382382631, 0.097419500351, 0.105022884905, 0.208179190755]
        min: [0.000389945518691, 0.00133688386995, 0.000370548077626, 0.000640384561848, 0.000281423999695, 0.000378908531275, 0.000553061428946, 0.000837941712234, 0.00032845675014, 0.000300481100567, 0.000130343731144, 0.000259002263192, 9.50337635004e-05, 0.000627560482826, 0.00258167041466, 0.00150891789235, 0.00211121491157, 0.000360609032214, 0.000189573402167, 0.000111426285002, 0, 0, 0.000521554378793, 0.000603315653279, 0.000182056202902, 0.000302071712213, 0.000639076170046, 0.000560644548386, 0.000734409491997, 0.000547353411093, 0.000674563401844, 0.000386959378375, 0.000369926332496, 0.000171669249539, 0.000573637953494, 0.000591111369431]
        var: [0.133356332779, 0.08628462255, 0.0550956986845, 0.0713045299053, 0.0788569226861, 0.0589870065451, 0.0919946655631, 0.0553310923278, 0.0369517430663, 0.0381049849093, 0.0243878625333, 0.0300519876182, 0.0299706459045, 0.0281630214304, 0.0527959018946, 0.100989542902, 0.0715731158853, 0.0374538935721, 0.0381321460009, 0.0239834338427, 0.0496349334717, 0.109167382121, 0.0765724107623, 0.0241204816848, 0.0209332052618, 0.0179479811341, 0.0240877885371, 0.0642707049847, 0.0575870163739, 0.048589091748, 0.061781655997, 0.0329568572342, 0.025658076629, 0.0268993582577, 0.0248400121927, 0.0710726156831]
    chords_histogram: [23.9631328583, 9.67741966248, 29.4930877686, 0, 0, 0, 0, 0, 0.921658992767, 0, 0, 0, 0, 0, 0, 0, 0, 0, 0, 0.460829496384, 4.60829496384, 14.7465438843, 1.38248848915, 14.7465438843]
    thpcp: [1, 0.809898734093, 0.476730138063, 0.498661249876, 0.52453148365, 0.601409316063, 0.766670763493, 0.578169941902, 0.323029994965, 0.278590202332, 0.24973320961, 0.31659334898, 0.37978592515, 0.357447683811, 0.515159487724, 0.743074595928, 0.562708854675, 0.336678177118, 0.299483060837, 0.265963166952, 0.525146961212, 0.969836831093, 0.789018392563, 0.322950989008, 0.213486656547, 0.193288475275, 0.326608777046, 0.606186687946, 0.592765808105, 0.457375824451, 0.439396470785, 0.324958264828, 0.262710124254, 0.284562915564, 0.306772470474, 0.608092606068]
    chords_key: "A"
    chords_scale: "major"
    key_key: "D"
    key_scale: "major"
    chords_progression: ["C", "C", "C", "C", "C", "C", "C", "C", "C", "C", "Em", "Em", "Em", "Em", "Em", "Em", "Em", "Em", "Em", "Em", "Em", "Em", "Em", "Em", "Em", "Em", "Em", "Em", "Em", "Em", "Em", "Em", "Em", "Em", "Em", "Em", "Em", "Em", "Em", "Em", "Em", "Em", "G", "G", "G", "Bm", "Bm", "Bm", "Bm", "Bm", "Bm", "Bm", "Bm", "Bm", "Bm", "Bm", "Bm", "Bm", "Bm", "Bm", "Bm", "Bm", "Bm", "Bm", "Bm", "Bm", "Bm", "Bm", "D", "D", "D", "D", "D", "D", "D", "D", "D", "D", "D", "D", "D", "D", "D", "D", "D", "D", "D", "D", "D", "D", "D", "D", "D", "D", "D", "D", "D", "D", "D", "D", "D", "D", "F#m", "A", "A", "A", "A", "A", "A", "A", "A", "A", "A", "A", "A", "F#m", "F#m", "F#m", "F#m", "D", "F#m", "F#m", "F#m", "Am", "F#m", "F#m", "F#m", "F#m", "F#m", "F#m", "F#m", "F#m", "F#m", "F#", "F#", "F#m", "F#m", "F#m", "F#m", "A", "D", "D", "D", "D", "D", "D", "D", "D", "D", "D", "D", "D", "D", "D", "A", "A", "A", "A", "A", "A", "A", "A", "A", "A", "A", "A", "A", "A", "A", "A", "A", "A", "A", "A", "A", "A", "A", "A", "A", "A", "A", "A", "A", "A", "A", "A", "A", "A", "A", "A", "A", "A", "A", "A", "A", "A", "A", "A", "A", "A", "A", "A", "A", "A", "A", "D", "D", "D", "Bm", "Bm", "Bm", "Bm", "Bm", "Bm", "Bm", "Bm", "Bm"]
