
metadata:
    version:
        essentia: "1.2.2"
    audio_properties:
        analysis_sample_rate: 44100
        bitrate: 128
        channels: 2
        equal_loudness: 1
        length: 10.0310201645
        replay_gain: -6.08252906799
        downmix: "mix"
    tags:
        track: 34
        year: 0
        album: "Splitted by Mp3Splt v. 2.1"
        artist: "From 005.30 To 005.40"
        comment: "http://mp3splt.sf.net"
        genre: ""
        title: "10 The 33rd Caller.mp3"

highlevel:
    ballroom:
        all:
            ChaChaCha: 0.0145391076803
            Jive: 0.00135941267945
            Quickstep: 0.000342641025782
            Rumba-American: 0.00291244802065
            Rumba-International: 0.859110832214
            Rumba-Misc: 0.105462111533
            Samba: 0.00283440994099
            Tango: 0.00595585955307
            VienneseWaltz: 0.0042935195379
            Waltz: 0.00318964500912
        probability: 0.859110832214
        value: "Rumba-International"
    culture:
        all:
            non_western: 0.684641182423
            western: 0.31535884738
        probability: 0.684641182423
        value: "non_western"
    gender:
        all:
            female: 0.741842746735
            male: 0.258157283068
        probability: 0.741842746735
        value: "female"
    genre_dortmund:
        all:
            alternative: 0.525000274181
            blues: 0.010451967828
            electronic: 0.187291815877
            folkcountry: 0.0257389713079
            funksoulrnb: 0.0131547590718
            jazz: 0.0655455291271
            pop: 0.0605809912086
            raphiphop: 0.0542641766369
            rock: 0.0579715333879
        probability: 0.525000274181
        value: "alternative"
    genre_electronica:
        all:
            ambient: 0.541876196861
            dnb: 0.0163233783096
            house: 0.3050776124
            techno: 0.127061188221
            trance: 0.0096616121009
        probability: 0.541876196861
        value: "ambient"
    genre_rosamerica:
        all:
            cla: 0.0391203127801
            dan: 0.128988400102
            hip: 0.168340846896
            jaz: 0.0566403158009
            pop: 0.0515368804336
            rhy: 0.376642227173
            roc: 0.147578403354
            spe: 0.0311526171863
        probability: 0.376642227173
        value: "rhy"
    genre_tzanetakis:
        all:
            blu: 0.215341418982
            cla: 0.0480736233294
            cou: 0.0288847237825
            dis: 0.0313781872392
            hip: 0.148656889796
            jaz: 0.0258776079863
            met: 0.0209864657372
            pop: 0.0983221232891
            reg: 0.215096890926
            roc: 0.167382061481
        probability: 0.215341418982
        value: "blu"
    live_studio:
        all:
            live: 0.468007147312
            studio: 0.531992852688
        probability: 0.531992852688
        value: "studio"
    mood:
        all:
            Cluster1: 0.0859705731273
            Cluster2: 0.0195352640003
            Cluster3: 0.469362258911
            Cluster4: 0.00840405933559
            Cluster5: 0.4167278409
        probability: 0.469362258911
        value: "Cluster3"
    mood_acoustic:
        all:
            acoustic: 0.598965466022
            not_acoustic: 0.401034533978
        probability: 0.598965466022
        value: "acoustic"
    mood_aggressive:
        all:
            aggressive: 0.0222813878208
            not_aggressive: 0.97771859169
        probability: 0.97771859169
        value: "not_aggressive"
    mood_electronic:
        all:
            electronic: 0.800378024578
            not_electronic: 0.199621960521
        probability: 0.800378024578
        value: "electronic"
    mood_happy:
        all:
            happy: 0.0525763146579
            not_happy: 0.947423696518
        probability: 0.947423696518
        value: "not_happy"
    mood_party:
        all:
            not_party: 0.93502920866
            party: 0.0649707987905
        probability: 0.93502920866
        value: "not_party"
    mood_relaxed:
        all:
            not_relaxed: 0.0616651922464
            relaxed: 0.938334822655
        probability: 0.938334822655
        value: "relaxed"
    mood_sad:
        all:
            not_sad: 0.210719630122
            sad: 0.789280354977
        probability: 0.789280354977
        value: "sad"
    rhythm:
        all:
            fast: 0.0298884250224
            medium: 0.609306693077
            slow: 0.360804915428
        probability: 0.609306693077
        value: "medium"
    speech_music:
        all:
            music: 0.999979257584
            speech: 2.07361863431e-05
        probability: 0.999979257584
        value: "music"
    timbre:
        all:
            bright: 0.0260862223804
            dark: 0.973913788795
        probability: 0.973913788795
        value: "dark"
    voice_instrumental:
        all:
            instrumental: 0.992085933685
            voice: 0.00791407097131
        probability: 0.992085933685
        value: "instrumental"

lowlevel:
    average_loudness: 0.929726958275
    barkbands_kurtosis:
        dmean: 2.52900981903
        dmean2: 3.85683345795
        dvar: 9.76479434967
        dvar2: 21.1359596252
        max: 39.7192344666
        mean: 8.86576652527
        min: -1.70027542114
        var: 57.5729064941
    barkbands_skewness:
        dmean: 0.371866554022
        dmean2: 0.564022779465
        dvar: 0.142296269536
        dvar2: 0.274266332388
        max: 4.72304868698
        mean: 2.21530866623
        min: -0.520945370197
        var: 1.26373064518
    barkbands_spread:
        dmean: 2.21430444717
        dmean2: 2.73331952095
        dvar: 17.4872608185
        dvar2: 18.7964706421
        max: 57.1683998108
        mean: 9.28530502319
        min: 1.42763483524
        var: 92.7043609619
    dissonance:
        dmean: 0.0342850200832
        dmean2: 0.0548702888191
        dvar: 0.000855613674503
        dvar2: 0.00211084983312
        max: 0.499646216631
        mean: 0.412509411573
        min: 0.274676382542
        var: 0.00205855513923
    hfc:
        dmean: 0.641377747059
        dmean2: 0.929498851299
        dvar: 4.53846025467
        dvar2: 9.3025636673
        max: 19.6351833344
        mean: 1.39554738998
        min: 0.0907409787178
        var: 5.50625944138
    pitch:
        dmean: 136.390274048
        dmean2: 264.29864502
        dvar: 403777.78125
        dvar2: 1097608.625
        max: 4900
        mean: 240.727966309
        min: 50.4000015259
        var: 267817.6875
    pitch_instantaneous_confidence:
        dmean: 0.0651546567678
        dmean2: 0.107832938433
        dvar: 0.00412503257394
        dvar2: 0.00962070096284
        max: 0.91756439209
        mean: 0.431967914104
        min: 0.14792329073
        var: 0.0284002479166
    pitch_salience:
        dmean: 0.0532688461244
        dmean2: 0.0849269703031
        dvar: 0.0024184291251
        dvar2: 0.00600275211036
        max: 0.762655377388
        mean: 0.537810623646
        min: 0.289052605629
        var: 0.00813236366957
    silence_rate_20dB:
        dmean: 0
        dmean2: 0
        dvar: 0
        dvar2: 0
        max: 1
        mean: 1
        min: 1
        var: 0
    silence_rate_30dB:
        dmean: 0
        dmean2: 0
        dvar: 0
        dvar2: 0
        max: 1
        mean: 1
        min: 1
        var: 0
    silence_rate_60dB:
        dmean: 0.0556844547391
        dmean2: 0.111627906561
        dvar: 0.0525838397443
        dvar2: 0.10381873697
        max: 1
        mean: 0.391203701496
        min: 0
        var: 0.238163203001
    spectral_centroid:
        dmean: 90.5668411255
        dmean2: 112.825691223
        dvar: 40844.8359375
        dvar2: 44310.4257812
        max: 2950.08203125
        mean: 455.430969238
        min: 124.377700806
        var: 215874.59375
    spectral_complexity:
        dmean: 1.57575762272
        dmean2: 2.50934576988
        dvar: 10.1883049011
        dvar2: 22.4742851257
        max: 33
        mean: 5.11395359039
        min: 0
        var: 13.9474716187
    spectral_crest:
        dmean: 1.6729799509
        dmean2: 2.85785984993
        dvar: 3.24356102943
        dvar2: 8.86996364594
        max: 21.7707519531
        mean: 10.4511737823
        min: 2.48227596283
        var: 9.69782924652
    spectral_decrease:
        dmean: 2.25730101278e-10
        dmean2: 3.3854419268e-10
        dvar: 1.40584670079e-19
        dvar2: 3.26892058709e-19
        max: -3.28672956906e-11
        mean: -1.01262775942e-09
        min: -5.12462206004e-09
        var: 5.51958494205e-19
    spectral_energy:
        dmean: 0.000906124245375
        dmean2: 0.00135370530188
        dvar: 2.36220716943e-06
        dvar2: 5.48695516045e-06
        max: 0.0197663903236
        mean: 0.00394846778363
        min: 0.000133704743348
        var: 8.35852733871e-06
    spectral_energyband_high:
        dmean: 4.47664278909e-05
        dmean2: 7.40543182474e-05
        dvar: 4.66905731855e-08
        dvar2: 8.16225664835e-08
        max: 0.00170836865436
        mean: 5.04356357851e-05
        min: 1.52250994034e-08
        var: 6.19219875375e-08
    spectral_energyband_low:
        dmean: 0.000352936098352
        dmean2: 0.000471544539323
        dvar: 4.06862966429e-07
        dvar2: 8.87533872174e-07
        max: 0.00818760879338
        mean: 0.00184005382471
        min: 1.66559971149e-07
        var: 2.63883885054e-06
    spectral_energyband_middle_high:
        dmean: 0.000122069737699
        dmean2: 0.000191379658645
        dvar: 1.83959770084e-07
        dvar2: 4.69303046202e-07
        max: 0.00364161492325
        mean: 0.00020926236175
        min: 1.68823862623e-05
        var: 1.62104143442e-07
    spectral_energyband_middle_low:
        dmean: 0.000555641541723
        dmean2: 0.000877486367244
        dvar: 8.41508040139e-07
        dvar2: 2.03824401979e-06
        max: 0.0121635627002
        mean: 0.00184852874372
        min: 7.09199521225e-05
        var: 2.64491518465e-06
    spectral_flatness_db:
        dmean: 0.028065148741
        dmean2: 0.0413226410747
        dvar: 0.00103061983828
        dvar2: 0.00159748655278
        max: 0.432476013899
        mean: 0.293516218662
        min: 0.0746100023389
        var: 0.00674725184217
    spectral_flux:
        dmean: 0.00698219751939
        dmean2: 0.0101711424068
        dvar: 9.73523710854e-05
        dvar2: 0.000183604497579
        max: 0.0903152003884
        mean: 0.0184213574976
        min: 0.0027881830465
        var: 0.000214776329813
    spectral_kurtosis:
        dmean: 20.6381778717
        dmean2: 34.4169387817
        dvar: 553.195129395
        dvar2: 1365.29846191
        max: 200.544326782
        mean: 46.7093505859
        min: 0.338021039963
        var: 1378.75744629
    spectral_rms:
        dmean: 0.000210749421967
        dmean2: 0.000304054759908
        dvar: 9.07743071821e-08
        dvar2: 1.85473894021e-07
        max: 0.00439138757065
        mean: 0.00180505414028
        min: 0.000361169833923
        var: 5.93943525473e-07
    spectral_rolloff:
        dmean: 195.505355835
        dmean2: 296.735443115
        dvar: 267575.84375
        dvar2: 363767.5625
        max: 5232.56835938
        mean: 758.019592285
        min: 129.19921875
        var: 1047203.625
    spectral_skewness:
        dmean: 1.21414589882
        dmean2: 2.03858971596
        dvar: 1.5934112072
        dvar2: 4.09607172012
        max: 10.6855459213
        mean: 4.56065225601
        min: 0.71734380722
        var: 4.27603435516
    spectral_spread:
        dmean: 595698.9375
        dmean2: 808991.6875
        dvar: 546048507904
        dvar2: 891476180992
        max: 8034816
        mean: 2205335.75
        min: 409369.4375
        var: 3.30238997299e+12
    spectral_strongpeak:
        dmean: 0.0876603573561
        dmean2: 0.154133960605
        dvar: 0.0167857799679
        dvar2: 0.0493024922907
        max: 1.30393862724
        mean: 0.237263962626
        min: 0.0215691868216
        var: 0.0384505987167
    zerocrossingrate:
        dmean: 0.00550881400704
        dmean2: 0.00563234696165
        dvar: 9.5919254818e-05
        dvar2: 6.78771466482e-05
        max: 0.154296875
        mean: 0.0299668423831
        min: 0.00634765625
        var: 0.000635932781734
    barkbands:
        dmean: [1.94917242879e-06, 0.000143533121445, 0.000238331660512, 0.000217440130655, 0.000182927746209, 0.000112682027975, 0.000165909368661, 4.91613936902e-05, 3.39493817592e-05, 1.93035230041e-05, 1.91574199562e-05, 8.96263463801e-06, 6.88228192303e-06, 6.94469099471e-06, 9.96148355625e-06, 1.50536407091e-05, 1.14974254757e-05, 1.93673549802e-05, 2.41303005168e-05, 1.87284040294e-05, 2.1595196813e-05, 1.13844726002e-05, 2.58511613538e-06, 7.20723676295e-07, 3.19648449931e-07, 3.5997913983e-08, 1.97330221607e-10]
        dmean2: [2.91889364235e-06, 0.000191728948266, 0.000337959238095, 0.000372707028873, 0.000281462765997, 0.000174038432306, 0.00026422663359, 8.23306618258e-05, 5.1078350225e-05, 3.01564286929e-05, 3.2887011912e-05, 1.39101084642e-05, 1.14820650197e-05, 1.02240701381e-05, 1.58646453201e-05, 2.2159438231e-05, 1.76865723915e-05, 3.39579528372e-05, 3.81871504942e-05, 2.87449456664e-05, 3.47090863215e-05, 1.63187360158e-05, 3.75302488465e-06, 9.90921762423e-07, 4.69013400561e-07, 5.55333414809e-08, 3.59824614549e-10]
        dvar: [2.54320661752e-11, 5.31396686654e-08, 2.66742546273e-07, 1.95949155568e-07, 1.35362611786e-07, 5.20581373564e-08, 1.35981821359e-07, 1.98676808338e-08, 8.20194578921e-09, 8.78486616784e-10, 4.29081614683e-09, 1.963980506e-10, 5.5956583811e-10, 4.39046271561e-10, 8.88148832257e-10, 8.39011804477e-10, 1.51465928688e-09, 8.32981505994e-09, 1.17847624992e-08, 7.4306658604e-09, 1.05003374884e-08, 2.42545428186e-09, 1.40736797216e-10, 1.05251354507e-11, 1.82575721035e-12, 2.28130367244e-14, 6.91966179957e-20]
        dvar2: [5.01526944974e-11, 1.03425918496e-07, 6.13653128312e-07, 5.15707370141e-07, 3.45689755932e-07, 9.43886462323e-08, 3.31437433942e-07, 5.46703589066e-08, 1.83261921194e-08, 2.01533700839e-09, 1.21977619116e-08, 4.88161178147e-10, 1.48383128007e-09, 1.00211494658e-09, 2.32880092987e-09, 1.61039037661e-09, 3.64163543765e-09, 2.31279315699e-08, 3.00538651743e-08, 1.47853986832e-08, 1.95033216244e-08, 3.86003273789e-09, 3.28271465566e-10, 2.29669686047e-11, 2.98540554257e-12, 5.4713632442e-14, 2.22351189286e-19]
        max: [6.31590010016e-05, 0.00294628133997, 0.00649634283036, 0.0053581641987, 0.00465555675328, 0.00556144304574, 0.0056018512696, 0.00176441215444, 0.00183675857261, 0.000478593545267, 0.000596892263275, 0.00017684084014, 0.000197141067474, 0.000262477493379, 0.000276443024632, 0.000257982232142, 0.000374209339498, 0.000718792842235, 0.000942819460761, 0.000778695219196, 0.000805685296655, 0.000431206281064, 0.000100249722891, 2.88548308163e-05, 1.14666563604e-05, 1.69108091086e-06, 1.57063451134e-09]
        mean: [1.3725095414e-05, 0.000715284550097, 0.00111123605166, 0.000463180971565, 0.000637833029032, 0.000234575461945, 0.000343963212799, 7.57125817472e-05, 8.95807679626e-05, 3.65590640286e-05, 2.88530918624e-05, 1.66828795045e-05, 7.72347084421e-06, 1.14083204608e-05, 1.55498746608e-05, 3.39642465406e-05, 1.57012127602e-05, 1.7822449081e-05, 2.11062088056e-05, 1.88894609892e-05, 2.19498724618e-05, 1.37425640787e-05, 2.25728649639e-06, 7.63176558394e-07, 3.76913590117e-07, 3.14780415067e-08, 1.64344884923e-10]
        min: [5.26914883253e-12, 1.0093680558e-08, 7.0450617784e-08, 1.91633340307e-08, 2.82481011027e-07, 4.13402085542e-06, 1.0942528661e-06, 6.41946144242e-07, 1.84348880339e-06, 6.72315479733e-07, 3.34385816814e-07, 1.64799530467e-07, 3.04455483047e-08, 2.96685751522e-08, 1.55365853516e-07, 1.60501610935e-06, 1.98425553322e-07, 1.78044956556e-07, 3.11001358e-08, 6.67949384692e-09, 6.0904281618e-09, 1.36768957271e-10, 1.55220888226e-11, 4.45881396041e-12, 4.98173204078e-11, 4.03302174642e-12, 2.91742816869e-15]
        var: [2.02577746244e-10, 4.46786771136e-07, 1.33186154017e-06, 4.67689375228e-07, 4.07753702802e-07, 2.47893353844e-07, 5.25688960806e-07, 2.62903672166e-08, 4.09984437511e-08, 3.92302590413e-09, 3.07374103947e-09, 4.19294932108e-10, 4.36020219929e-10, 6.53020582053e-10, 1.19503651419e-09, 1.7550150222e-09, 1.69603620037e-09, 5.59169333059e-09, 9.73696234752e-09, 8.54712389753e-09, 1.26489236862e-08, 4.01326527566e-09, 1.39977321401e-10, 1.31161713435e-11, 2.84482181735e-12, 2.17422227547e-14, 6.10914758389e-20]
    mfcc:
        mean: [-883.318603516, 243.210586548, -48.9898262024, 57.97864151, 2.35452222824, -11.7628269196, -0.709453761578, 0.830401837826, 6.43708086014, -5.83773994446, -11.7209606171, -6.01285409927, 4.30690050125]
        cov: [[5733.6328125, -3978.54711914, 1261.09179688, -217.383300781, -386.996307373, 497.224365234, -265.29598999, -109.994178772, -143.528549194, 43.781047821, 260.143981934, 55.3283309937, 14.8844013214], [-3978.54711914, 5022.48974609, -681.196228027, 960.379516602, 887.545166016, -161.086212158, 669.579833984, 271.274963379, 198.995788574, 335.486663818, 90.2374801636, 106.206954956, -24.0699329376], [1261.09179688, -681.196228027, 872.759521484, 162.032287598, 263.937164307, 302.251373291, 137.372619629, 186.775665283, 82.6241912842, 95.8942871094, 114.940124512, 37.6785049438, -6.27757120132], [-217.383300781, 960.379516602, 162.032287598, 511.692016602, 387.206634521, 171.944625854, 304.996673584, 178.97996521, 88.8077011108, 134.590560913, 85.4895019531, 77.2395172119, 12.3195352554], [-386.996307373, 887.545166016, 263.937164307, 387.206634521, 534.02947998, 185.06539917, 279.580688477, 206.352020264, 109.848175049, 162.718353271, 69.8434524536, 56.5623321533, -3.85366916656], [497.224365234, -161.086212158, 302.251373291, 171.944625854, 185.06539917, 235.35093689, 121.275985718, 95.0403747559, 41.6672706604, 48.3630180359, 53.7379570007, 31.8473186493, 12.2838697433], [-265.29598999, 669.579833984, 137.372619629, 304.996673584, 279.580688477, 121.275985718, 312.655853271, 158.442169189, 31.0148830414, 83.0812911987, 41.7482147217, 33.4286727905, -7.65210914612], [-109.994178772, 271.274963379, 186.775665283, 178.97996521, 206.352020264, 95.0403747559, 158.442169189, 196.546875, 63.0934906006, 33.4500274658, 19.9776134491, 15.7182664871, 5.33913183212], [-143.528549194, 198.995788574, 82.6241912842, 88.8077011108, 109.848175049, 41.6672706604, 31.0148830414, 63.0934906006, 127.400268555, 43.7701950073, -3.95218348503, 4.18347787857, -18.9696369171], [43.781047821, 335.486663818, 95.8942871094, 134.590560913, 162.718353271, 48.3630180359, 83.0812911987, 33.4500274658, 43.7701950073, 151.328948975, 65.7825088501, 10.2867574692, -17.7179603577], [260.143981934, 90.2374801636, 114.940124512, 85.4895019531, 69.8434524536, 53.7379570007, 41.7482147217, 19.9776134491, -3.95218348503, 65.7825088501, 100.485519409, 34.6826705933, -1.81451034546], [55.3283309937, 106.206954956, 37.6785049438, 77.2395172119, 56.5623321533, 31.8473186493, 33.4286727905, 15.7182664871, 4.18347787857, 10.2867574692, 34.6826705933, 58.4655761719, 20.1299324036], [14.8844013214, -24.0699329376, -6.27757120132, 12.3195352554, -3.85366916656, 12.2838697433, -7.65210914612, 5.33913183212, -18.9696369171, -17.7179603577, -1.81451034546, 20.1299324036, 64.1870346069]]
        icov: [[0.00113779399544, 0.000959857949056, -0.00058658933267, -0.00145260593854, 0.00101576454472, -0.000477728142869, 0.000312006624881, 0.000268761476036, 0.000849583710078, -0.00157717824914, -0.0012055359548, -0.000735757814255, 0.000497171189636], [0.000959857949056, 0.00191276567057, 0.00059254450025, -0.00223919376731, -0.000806280935649, 0.00194139231462, -0.00119799794629, 0.000853780133184, -0.000611755182035, -0.000905126216821, -0.00263474788517, 0.000214302926906, -0.000223693976295], [-0.00058658933267, 0.00059254450025, 0.00415719440207, 0.00113298441283, -0.00220324262045, -0.000657428521663, -0.001334427041, -0.00159263436217, -0.00220957933925, 0.000623480649665, -0.00273864902556, 0.000753070984501, -0.000280221778667], [-0.00145260593854, -0.00223919376731, 0.00113298441283, 0.0113218165934, -0.00131640944164, -0.00342589407228, -0.00431365519762, -0.00137359753717, -0.00311327166855, 0.00050322531024, 0.000450919702416, -0.00371757429093, -0.00199100165628], [0.00101576454472, -0.000806280935649, -0.00220324262045, -0.00131640944164, 0.0105306450278, -0.00555614614859, 0.0014433140168, -0.00414004735649, 0.00236097164452, -0.00734633998945, 0.00444855401292, -0.00549420015886, 0.00222998391837], [-0.000477728142869, 0.00194139231462, -0.000657428521663, -0.00342589407228, -0.00555614614859, 0.0158260017633, -0.0045649879612, 0.00353112444282, -0.00424304418266, 0.00451031979173, -0.00487212091684, 0.00414146622643, -0.00421371776611], [0.000312006624881, -0.00119799794629, -0.001334427041, -0.00431365519762, 0.0014433140168, -0.0045649879612, 0.0142043102533, -0.00638239691034, 0.00824929960072, -0.0032104132697, 0.0055500571616, -0.00217334320769, 0.00575064402074], [0.000268761476036, 0.000853780133184, -0.00159263436217, -0.00137359753717, -0.00414004735649, 0.00353112444282, -0.00638239691034, 0.0155463814735, -0.0060241096653, 0.00641693035141, -0.00459779519588, 0.00623767310753, -0.00470789615065], [0.000849583710078, -0.000611755182035, -0.00220957933925, -0.00311327166855, 0.00236097164452, -0.00424304418266, 0.00824929960072, -0.0060241096653, 0.0176618620753, -0.00691901799291, 0.009117747657, -0.00530622899532, 0.00762501033023], [-0.00157717824914, -0.000905126216821, 0.000623480649665, 0.00050322531024, -0.00734633998945, 0.00451031979173, -0.0032104132697, 0.00641693035141, -0.00691901799291, 0.0209469180554, -0.0113838091493, 0.0111941099167, -0.00232516811229], [-0.0012055359548, -0.00263474788517, -0.00273864902556, 0.000450919702416, 0.00444855401292, -0.00487212091684, 0.0055500571616, -0.00459779519588, 0.009117747657, -0.0113838091493, 0.0292795971036, -0.0146260038018, 0.00614764355123], [-0.000735757814255, 0.000214302926906, 0.000753070984501, -0.00371757429093, -0.00549420015886, 0.00414146622643, -0.00217334320769, 0.00623767310753, -0.00530622899532, 0.0111941099167, -0.0146260038018, 0.0352725982666, -0.0108158783987], [0.000497171189636, -0.000223693976295, -0.000280221778667, -0.00199100165628, 0.00222998391837, -0.00421371776611, 0.00575064402074, -0.00470789615065, 0.00762501033023, -0.00232516811229, 0.00614764355123, -0.0108158783987, 0.0229299273342]]
    spectral_contrast:
        mean: [-2.86626431034e-07, -1.0510516546e-07, 6.01591096938e-08, 7.07653526888e-08, -1.27370270775e-07, 3.17983847253e-07, 8.2126189227e-07, 5.10153404321e-06, 6.56967927171e-07, 1.37631286634e-06, 1.27637110836e-06, -3.91228240915e-06]
        var: [0.00047984867706, 0.000806553114671, 0.00164328760002, 0.0017372724833, 0.00334777100943, 0.00557912513614, 0.0727073773742, 0.0926605388522, 0.168040290475, 0.617383480072, 2.62448358536, 4.59321308136]

rhythm:
    beats_loudness:
        dmean: 0.00418427539989
        dmean2: 0.00721712131053
        dvar: 8.7241323854e-06
        dvar2: 2.47940006375e-05
        max: 0.0141105130315
        mean: 0.00575693883002
        min: 0.000571364304051
        var: 1.29925601868e-05
    beats_loudness_bass:
        dmean: 0.419958382845
        dmean2: 0.818047344685
        dvar: 0.0635669156909
        dvar2: 0.125389784575
        max: 0.792503535748
        mean: 0.389489114285
        min: 0.00296188262291
        var: 0.0954278334975
    bpm: 68.2726287842
    bpm_confidence: 0
    first_peak_bpm: 137
    first_peak_spread: 0.111111104488
    first_peak_weight: 0.533333361149
    onset_rate: 2.8910317421
    second_peak_bpm: 68
    second_peak_spread: 0
    second_peak_weight: 0.40000000596
    beats_position: [0.370108991861, 1.2489386797, 2.12776827812, 3.00659775734, 3.88542747498, 4.76425743103, 5.64308691025, 6.09397745132, 6.53232002258, 6.97066259384, 7.4090051651, 7.8473482132, 8.28569030762, 8.72403335571, 9.16237640381, 9.6007194519]
    bpm_estimates: [68.3022918701, 68.2431640625, 68.2582168579, 68.2816162109, 68.2629776001, 68.2669296265, 68.2912139893, 68.2745666504]
    bpm_intervals: [0.878829717636, 0.878829598427, 0.878829479218, 0.878829717636, 0.878829956055, 0.878829479218, 0.450890541077, 0.438342571259, 0.438342571259, 0.438342571259, 0.438343048096, 0.438342094421, 0.438343048096, 0.438343048096, 0.438343048096]
    onset_times: [0.0696598663926, 0.348299324512, 0.661768734455, 0.789478480816, 1.01006805897, 1.24226760864, 2.12462592125, 2.54258513451, 2.79800462723, 3.00698423386, 3.45977330208, 3.87773251534, 4.33052158356, 4.77170085907, 5.22448968887, 5.4334692955, 5.61922883987, 6.09523820877, 6.31582784653, 6.53641700745, 6.97759628296, 7.41877555847, 7.77868461609, 7.85995483398, 8.3011341095, 8.75392246246, 9.18349170685, 9.62467098236, 9.84526062012]
    rubato_start: [6.09397745132]
    rubato_stop: [6.53232002258]
    perceptual_tempo: "unknown"

sfx:
    inharmonicity:
        dmean: 0.0127210905775
        dmean2: 0.0224145520478
        dvar: 0.000602882588282
        dvar2: 0.00168915174436
        max: 0.251766681671
        mean: 0.0122348079458
        min: 4.9725900908e-07
        var: 0.000657430151477
    oddtoevenharmonicenergyratio:
        dmean: 2.62335443497
        dmean2: 5.03943777084
        dvar: 208.970153809
        dvar2: 634.986694336
        max: 167.83380127
        mean: 1.84815657139
        min: 6.08236905464e-06
        var: 113.832183838
    pitch_after_max_to_before_max_energy_ratio: 1.29539489746
    pitch_centroid: 201.669464111
    pitch_max_to_total: 0.386046499014
    pitch_min_to_total: 0.15581394732
    tristimulus:
        dmean: [0.174461424351, 0.18198351562, 0.029560809955]
        dmean2: [0.307120233774, 0.319450706244, 0.0527792647481]
        dvar: [0.0410762317479, 0.0420481413603, 0.00410795584321]
        dvar2: [0.104646354914, 0.109103709459, 0.0129488473758]
        max: [0.994738101959, 0.964290499687, 0.490600734949]
        mean: [0.63569688797, 0.327471107244, 0.0259848199785]
        min: [0.00444886786863, 0, 0]
        var: [0.0746971592307, 0.068292491138, 0.00319586135447]

tonal:
    chords_changes_rate: 0.0601851865649
    chords_number_rate: 0.0231481473893
    chords_strength:
        dmean: 0.00917210057378
        dmean2: 0.00649305200204
        dvar: 4.38098068116e-05
        dvar2: 3.5605928133e-05
        max: 0.565124034882
        mean: 0.404488503933
        min: 0.251927852631
        var: 0.0060924468562
    key_strength: 0.690666139126
    tuning_diatonic_strength: 0.503984332085
    tuning_equal_tempered_deviation: 0.259257495403
    tuning_frequency: 432.191345215
    tuning_nontempered_energy_ratio: 0.930337905884
    hpcp:
        dmean: [0.0662558376789, 0.0733402818441, 0.0543751195073, 0.0312073994428, 0.0492903515697, 0.0640012845397, 0.0710587576032, 0.0950675234199, 0.0815303176641, 0.0428927354515, 0.0332039669156, 0.0417966358364, 0.0586097203195, 0.0744333863258, 0.0642657056451, 0.032931111753, 0.0210188683122, 0.0373350530863, 0.0796856284142, 0.0860865861177, 0.0424570403993, 0.0479178465903, 0.0643853619695, 0.0575570575893, 0.0259008072317, 0.0323052965105, 0.0704869627953, 0.0890655219555, 0.124124467373, 0.119062528014, 0.0668659061193, 0.0449367314577, 0.0676199868321, 0.076224014163, 0.0659722313285, 0.0649003535509]
        dmean2: [0.109833054245, 0.119737155735, 0.0893382653594, 0.0548414438963, 0.0899064466357, 0.115581892431, 0.115115530789, 0.140935093164, 0.128299728036, 0.0725206509233, 0.0550665035844, 0.0739293694496, 0.0947488024831, 0.119260437787, 0.107190601528, 0.0597644522786, 0.0373058021069, 0.0645806491375, 0.143023192883, 0.149473026395, 0.0682600438595, 0.0727974399924, 0.101228483021, 0.0864684581757, 0.0467472672462, 0.0611786097288, 0.132011905313, 0.154282450676, 0.226541146636, 0.219567134976, 0.124759942293, 0.0812999084592, 0.11670357734, 0.121455676854, 0.099843993783, 0.110694468021]
        dvar: [0.0191946215928, 0.021881962195, 0.0121006127447, 0.00367848668247, 0.0164299737662, 0.0198798887432, 0.0241863280535, 0.025171989575, 0.0225634388626, 0.0121780708432, 0.00825644936413, 0.0136425504461, 0.0147709948942, 0.0178393926471, 0.021518940106, 0.015672493726, 0.00191821658518, 0.00475592678413, 0.0265836268663, 0.0228286478668, 0.00716945715249, 0.00838343333453, 0.0203911662102, 0.0123770898208, 0.00478483131155, 0.0124126765877, 0.0280201099813, 0.0329702720046, 0.0440726131201, 0.0545735433698, 0.0329293459654, 0.0132653024048, 0.0244840662926, 0.0372063294053, 0.0225349031389, 0.0272296145558]
        dvar2: [0.0424691848457, 0.0478581562638, 0.0281737428159, 0.0100569315255, 0.0473046600819, 0.0531311482191, 0.0566187538207, 0.0435598902404, 0.0521980002522, 0.0324712060392, 0.0183964185417, 0.0372021235526, 0.0343741215765, 0.0422863550484, 0.0567584559321, 0.0456489548087, 0.00484264083207, 0.010691601783, 0.0718879252672, 0.0601687431335, 0.0160426311195, 0.0197398308665, 0.0359218753874, 0.0254034474492, 0.0135434754193, 0.0364418998361, 0.0794354304671, 0.0705363824964, 0.11040750891, 0.164017155766, 0.0918889790773, 0.0361088179052, 0.0651548802853, 0.0692994520068, 0.0492324568331, 0.0669708848]
        max: [0.860131680965, 1, 0.85106241703, 0.431742489338, 1, 1, 1, 1, 1, 0.82331687212, 0.628914117813, 0.842104375362, 1, 1, 1, 1, 0.273036032915, 0.517277598381, 1, 1, 1, 0.730430543423, 1, 0.961690187454, 0.589730322361, 0.820703923702, 1, 1, 1, 1, 1, 0.917999923229, 1, 1, 1, 1]
        mean: [0.0979599058628, 0.137813299894, 0.0906167402864, 0.0559800341725, 0.0543642304838, 0.0824241563678, 0.195103093982, 0.274804979563, 0.170230492949, 0.0497416183352, 0.0299764517695, 0.0343300923705, 0.102902114391, 0.151935741305, 0.088686093688, 0.0266538690776, 0.0175568480045, 0.0509417802095, 0.118844136596, 0.117210917175, 0.0555570758879, 0.0789530724287, 0.146563053131, 0.0975425168872, 0.0212613325566, 0.0240120459348, 0.12053757906, 0.327348381281, 0.343886196613, 0.146003082395, 0.0442888438702, 0.0326350368559, 0.126254424453, 0.290228426456, 0.247256591916, 0.09328584373]
        min: [7.90515623521e-05, 9.29441812332e-05, 0.000147522601765, 4.69473052362e-05, 2.76393675449e-05, 2.43000667979e-05, 1.73187054315e-05, 3.71375135728e-05, 9.83468271443e-05, 8.65463061928e-06, 5.11965845362e-06, 9.23440438783e-06, 0.000535697676241, 0.00118627585471, 0.000517648179084, 7.2067837209e-06, 3.34645051225e-06, 1.93337582459e-05, 0.000227877826546, 0.000233487051446, 0.000237715517869, 0.00010849643877, 2.49623717536e-05, 4.53964785265e-05, 1.35571117426e-05, 9.18415480555e-06, 7.95382220531e-06, 0.000200083450181, 0.000199656802579, 0.00010381329048, 3.02534717775e-05, 1.60934018822e-06, 0.00014122617722, 1.06065845102e-05, 1.17298750411e-05, 3.37960809702e-05]
        var: [0.0363853126764, 0.0721208825707, 0.0208950061351, 0.00576497009024, 0.0114013785496, 0.0260740742087, 0.0922266915441, 0.122598730028, 0.0638201832771, 0.00997035484761, 0.00775249861181, 0.0091826505959, 0.0280605684966, 0.0479625612497, 0.026874832809, 0.00885072816163, 0.00164161261637, 0.00756267691031, 0.0331483222544, 0.0335528887808, 0.011399849318, 0.0215736702085, 0.080447293818, 0.0393603518605, 0.00340166245587, 0.00778056494892, 0.0392482541502, 0.137015879154, 0.116783715785, 0.0528691858053, 0.0205278601497, 0.00919803790748, 0.0449025183916, 0.164835527539, 0.116981543601, 0.0328558087349]
    chords_histogram: [43.055557251, 0, 12.0370368958, 0, 0, 0, 0, 0, 0, 0, 0, 0, 0, 0, 0, 0, 0, 0, 0, 9.25925922394, 11.5740737915, 23.148147583, 0.925925910473, 0]
    thpcp: [1, 0.424568027258, 0.128789246082, 0.0949006900191, 0.36714014411, 0.84396648407, 0.719007015228, 0.271269530058, 0.284861415625, 0.40075263381, 0.263507932425, 0.162786513567, 0.158087849617, 0.239684402943, 0.567347824574, 0.799116075039, 0.495019853115, 0.14464558661, 0.0871696844697, 0.0998298078775, 0.299233049154, 0.441819816828, 0.257893741131, 0.0775078162551, 0.0510542392731, 0.148135572672, 0.3455914855, 0.340842157602, 0.161556571722, 0.229590699077, 0.426196396351, 0.283647656441, 0.0618266537786, 0.0698255598545, 0.350515902042, 0.951909065247]
    chords_key: "B"
    chords_scale: "major"
    key_key: "B"
    key_scale: "major"
    chords_progression: ["C#m", "C#m", "C#m", "C#m", "C#m", "C#m", "C#m", "C#m", "C#m", "C#m", "C#m", "C#m", "C#m", "C#m", "C#m", "C#m", "C#m", "C#m", "C#m", "C#m", "C#m", "C#m", "C#m", "C#m", "C#m", "C#m", "C#m", "C#m", "C#m", "C#m", "A", "A", "A", "A", "A", "A", "A", "A", "A", "A", "A", "A", "C#m", "C#m", "C#m", "C#m", "C#m", "C#m", "C#m", "C#m", "C#m", "C#m", "C#m", "C#m", "C#m", "C#m", "C#m", "C#m", "E", "E", "B", "B", "B", "B", "B", "B", "B", "B", "B", "B", "B", "B", "B", "B", "B", "B", "B", "B", "B", "C#m", "C#m", "C#m", "C#m", "B", "B", "B", "B", "B", "B", "B", "B", "B", "B", "B", "B", "B", "B", "B", "B", "B", "B", "B", "B", "B", "B", "B", "B", "B", "B", "B", "B", "B", "B", "B", "B", "B", "B", "B", "B", "B", "B", "B", "B", "B", "B", "B", "B", "B", "B", "B", "B", "B", "B", "F#", "F#", "F#", "F#", "F#", "F#", "F#", "F#", "F#", "F#", "F#", "F#", "F#", "F#", "B", "B", "F#", "F#", "F#", "F#", "F#", "F#", "F#", "F#", "F#", "F#", "F#", "F#", "B", "B", "B", "B", "B", "B", "B", "B", "B", "B", "B", "B", "B", "B", "B", "B", "B", "B", "B", "B", "B", "B", "A", "F#m", "F#m", "F#m", "F#m", "F#m", "F#m", "F#m", "F#m", "F#m", "F#m", "F#m", "F#m", "F#m", "F#m", "F#m", "F#m", "F#m", "F#m", "F#m", "F#m", "A", "A", "A", "A", "A", "A", "A", "A", "A", "A", "A", "A"]
