
metadata:
    version:
        essentia: "1.2.2"
    audio_properties:
        analysis_sample_rate: 44100
        bitrate: 128
        channels: 2
        equal_loudness: 1
        length: 10.1355104446
        replay_gain: -12.4230995178
        downmix: "mix"
    tags:
        track: 5
        year: 0
        album: "Splitted by Mp3Splt v. 2.1"
        artist: "From 000.40 To 000.50"
        comment: "http://mp3splt.sf.net"
        genre: ""
        title: "07 Love Me Like That.mp3"

highlevel:
    ballroom:
        all:
            ChaChaCha: 0.273332476616
            Jive: 0.318129211664
            Quickstep: 0.123155705631
            Rumba-American: 0.00319002848119
            Rumba-International: 0.0229511950165
            Rumba-Misc: 0.0245375763625
            Samba: 0.203274875879
            Tango: 0.00533477729186
            VienneseWaltz: 0.0231379102916
            Waltz: 0.00295627303421
        probability: 0.318129211664
        value: "Jive"
    culture:
        all:
            non_western: 0.738050043583
            western: 0.261949956417
        probability: 0.738050043583
        value: "non_western"
    gender:
        all:
            female: 0.723311662674
            male: 0.276688337326
        probability: 0.723311662674
        value: "female"
    genre_dortmund:
        all:
            alternative: 0.0272758696228
            blues: 0.229578331113
            electronic: 0.0185969956219
            folkcountry: 0.0668344646692
            funksoulrnb: 0.0927251428366
            jazz: 0.26975274086
            pop: 0.0857478380203
            raphiphop: 0.0241970419884
            rock: 0.185291558504
        probability: 0.26975274086
        value: "jazz"
    genre_electronica:
        all:
            ambient: 0.114209935069
            dnb: 0.149381056428
            house: 0.0527771860361
            techno: 0.0109544442967
            trance: 0.672677397728
        probability: 0.672677397728
        value: "trance"
    genre_rosamerica:
        all:
            cla: 0.0105051686987
            dan: 0.231229320168
            hip: 0.0268639996648
            jaz: 0.033837992698
            pop: 0.445858091116
            rhy: 0.141606077552
            roc: 0.10403650254
            spe: 0.00606282800436
        probability: 0.445858091116
        value: "pop"
    genre_tzanetakis:
        all:
            blu: 0.00438710441813
            cla: 0.00118422252126
            cou: 0.0561163946986
            dis: 0.0858082324266
            hip: 0.0126183303073
            jaz: 0.00875150598586
            met: 0.00328953773715
            pop: 0.758036792278
            reg: 0.021239310503
            roc: 0.048568572849
        probability: 0.758036792278
        value: "pop"
    live_studio:
        all:
            live: 0.510660588741
            studio: 0.489339411259
        probability: 0.510660588741
        value: "live"
    mood:
        all:
            Cluster1: 0.243775144219
            Cluster2: 0.358424156904
            Cluster3: 0.0738995447755
            Cluster4: 0.243936985731
            Cluster5: 0.0799641832709
        probability: 0.358424156904
        value: "Cluster2"
    mood_acoustic:
        all:
            acoustic: 0.0211258865893
            not_acoustic: 0.978874087334
        probability: 0.978874087334
        value: "not_acoustic"
    mood_aggressive:
        all:
            aggressive: 0.101790837944
            not_aggressive: 0.898209154606
        probability: 0.898209154606
        value: "not_aggressive"
    mood_electronic:
        all:
            electronic: 0.324459850788
            not_electronic: 0.675540149212
        probability: 0.675540149212
        value: "not_electronic"
    mood_happy:
        all:
            happy: 0.914043664932
            not_happy: 0.0859563499689
        probability: 0.914043664932
        value: "happy"
    mood_party:
        all:
            not_party: 0.407113611698
            party: 0.592886388302
        probability: 0.592886388302
        value: "party"
    mood_relaxed:
        all:
            not_relaxed: 0.90578353405
            relaxed: 0.09421646595
        probability: 0.90578353405
        value: "not_relaxed"
    mood_sad:
        all:
            not_sad: 0.812089025974
            sad: 0.187910959125
        probability: 0.812089025974
        value: "not_sad"
    rhythm:
        all:
            fast: 0.29489967227
            medium: 0.683678984642
            slow: 0.0214213822037
        probability: 0.683678984642
        value: "medium"
    speech_music:
        all:
            music: 0.999967515469
            speech: 3.24783541146e-05
        probability: 0.999967515469
        value: "music"
    timbre:
        all:
            bright: 0.320176362991
            dark: 0.679823637009
        probability: 0.679823637009
        value: "dark"
    voice_instrumental:
        all:
            instrumental: 0.0316523686051
            voice: 0.968347609043
        probability: 0.968347609043
        value: "voice"

lowlevel:
    average_loudness: 0.977714955807
    barkbands_kurtosis:
        dmean: 1.23967385292
        dmean2: 1.97208058834
        dvar: 8.15633106232
        dvar2: 17.9039897919
        max: 27.4066314697
        mean: 0.0455311648548
        min: -1.86020588875
        var: 11.3583946228
    barkbands_skewness:
        dmean: 0.434487223625
        dmean2: 0.611338436604
        dvar: 0.242753997445
        dvar2: 0.489310264587
        max: 4.96022081375
        mean: 0.613323926926
        min: -1.25726854801
        var: 1.02885150909
    barkbands_spread:
        dmean: 6.02691555023
        dmean2: 9.15607070923
        dvar: 37.8417015076
        dvar2: 71.7004013062
        max: 67.6533508301
        mean: 34.7018470764
        min: 4.74131155014
        var: 131.024139404
    dissonance:
        dmean: 0.0167539268732
        dmean2: 0.027263501659
        dvar: 0.000254959682934
        dvar2: 0.000586772803217
        max: 0.496708393097
        mean: 0.457914829254
        min: 0.304102152586
        var: 0.000583164859563
    hfc:
        dmean: 2.30134677887
        dmean2: 3.28437519073
        dvar: 9.03989696503
        dvar2: 20.9621124268
        max: 33.3059043884
        mean: 8.56237506866
        min: 0.0149765647948
        var: 38.4014129639
    pitch:
        dmean: 589.639709473
        dmean2: 1130.11743164
        dvar: 1562369.125
        dvar2: 4020312.75
        max: 5512.5
        mean: 829.550292969
        min: 65.3333358765
        var: 1678907.75
    pitch_instantaneous_confidence:
        dmean: 0.0988272279501
        dmean2: 0.152728185058
        dvar: 0.00693154288456
        dvar2: 0.0167784430087
        max: 0.893273413181
        mean: 0.504096031189
        min: 0.159506142139
        var: 0.0244283918291
    pitch_salience:
        dmean: 0.0593791566789
        dmean2: 0.09146232903
        dvar: 0.00282511138357
        dvar2: 0.00655843131244
        max: 0.841530203819
        mean: 0.56097304821
        min: 0.187679171562
        var: 0.00831800885499
    silence_rate_20dB:
        dmean: 0
        dmean2: 0
        dvar: 0
        dvar2: 0
        max: 1
        mean: 1
        min: 1
        var: 0
    silence_rate_30dB:
        dmean: 0
        dmean2: 0
        dvar: 0
        dvar2: 0
        max: 1
        mean: 1
        min: 1
        var: 0
    silence_rate_60dB:
        dmean: 0.0686498880386
        dmean2: 0.135321095586
        dvar: 0.0639371871948
        dvar2: 0.121596306562
        max: 1
        mean: 0.25342464447
        min: 0
        var: 0.189200505614
    spectral_centroid:
        dmean: 264.122955322
        dmean2: 359.309631348
        dvar: 59224.1054688
        dvar2: 111804.125
        max: 3491.16845703
        mean: 1485.62548828
        min: 354.03125
        var: 389753.21875
    spectral_complexity:
        dmean: 2.89449548721
        dmean2: 4.31034469604
        dvar: 11.8788042068
        dvar2: 24.1266784668
        max: 43
        mean: 12.8032035828
        min: 0
        var: 46.2496032715
    spectral_crest:
        dmean: 2.08273339272
        dmean2: 3.1806447506
        dvar: 4.19888687134
        dvar2: 9.55481624603
        max: 24.8706016541
        mean: 8.11504554749
        min: 3.16337227821
        var: 15.3600654602
    spectral_decrease:
        dmean: 2.84701540121e-10
        dmean2: 4.29583202344e-10
        dvar: 1.10191676229e-19
        dvar2: 2.56331898097e-19
        max: -1.97198962888e-12
        mean: -1.21776611017e-09
        min: -3.18731596671e-09
        var: 3.75236267718e-19
    spectral_energy:
        dmean: 0.0012383130379
        dmean2: 0.00186095561367
        dvar: 2.11279530049e-06
        dvar2: 4.92280378239e-06
        max: 0.0143494037911
        mean: 0.00537276174873
        min: 8.80116658664e-06
        var: 7.56539657232e-06
    spectral_energyband_high:
        dmean: 0.000262142100837
        dmean2: 0.000387392035918
        dvar: 1.29156276785e-07
        dvar2: 2.87827560896e-07
        max: 0.00396466394886
        mean: 0.000654752249829
        min: 1.01293960597e-06
        var: 3.89772537801e-07
    spectral_energyband_low:
        dmean: 0.000232331338339
        dmean2: 0.000392925547203
        dvar: 1.96416479525e-07
        dvar2: 5.29093483692e-07
        max: 0.00423789676279
        mean: 0.000444505014457
        min: 8.58177770624e-07
        var: 2.06811435532e-07
    spectral_energyband_middle_high:
        dmean: 0.000528964097612
        dmean2: 0.000777175650001
        dvar: 4.09094013776e-07
        dvar2: 8.5523731741e-07
        max: 0.00824504625052
        mean: 0.00188544287812
        min: 2.95201107292e-06
        var: 2.4485702852e-06
    spectral_energyband_middle_low:
        dmean: 0.000722953234799
        dmean2: 0.00104836106766
        dvar: 7.46141779473e-07
        dvar2: 1.64193045293e-06
        max: 0.00971288327128
        mean: 0.00238805473782
        min: 3.9780015868e-06
        var: 2.79423920801e-06
    spectral_flatness_db:
        dmean: 0.0169548150152
        dmean2: 0.0250450111926
        dvar: 0.000286741531454
        dvar2: 0.000520943955053
        max: 0.317544490099
        mean: 0.159150019288
        min: 0.0896011069417
        var: 0.000938308716286
    spectral_flux:
        dmean: 0.0110235447064
        dmean2: 0.0171341132373
        dvar: 0.000101507583167
        dvar2: 0.000235731349676
        max: 0.0906500741839
        mean: 0.0420067831874
        min: 0.00296667590737
        var: 0.000319819024298
    spectral_kurtosis:
        dmean: 1.04625844955
        dmean2: 1.74904942513
        dvar: 1.30628180504
        dvar2: 3.30643773079
        max: 12.0452775955
        mean: 3.02365660667
        min: -0.887145757675
        var: 2.17879605293
    spectral_rms:
        dmean: 0.000266138231382
        dmean2: 0.00039011813351
        dvar: 8.84946587121e-08
        dvar2: 1.83323521696e-07
        max: 0.00374157959595
        mean: 0.00219855853356
        min: 9.26633874769e-05
        var: 4.08057957202e-07
    spectral_rolloff:
        dmean: 622.882446289
        dmean2: 979.438964844
        dvar: 596024.375
        dvar2: 1143169.75
        max: 5964.69726562
        mean: 3150.35009766
        min: 258.3984375
        var: 1672957.375
    spectral_skewness:
        dmean: 0.186579912901
        dmean2: 0.294589012861
        dvar: 0.0327679514885
        dvar2: 0.0695159807801
        max: 2.61847805977
        mean: 1.29974913597
        min: 0.20825304091
        var: 0.099231980741
    spectral_spread:
        dmean: 593673.3125
        dmean2: 824373.0625
        dvar: 597549907968
        dvar2: 1.11692716442e+12
        max: 12379229
        mean: 4989765
        min: 3107293.75
        var: 1.78995449037e+12
    spectral_strongpeak:
        dmean: 0.551542162895
        dmean2: 0.969978153706
        dvar: 1.12645459175
        dvar2: 3.00598955154
        max: 7.04447317123
        mean: 0.804521918297
        min: 0.00717091932893
        var: 1.43034636974
    zerocrossingrate:
        dmean: 0.0103849358857
        dmean2: 0.0111092403531
        dvar: 9.45994324866e-05
        dvar2: 0.000110668588604
        max: 0.1728515625
        mean: 0.0894135683775
        min: 0.02099609375
        var: 0.000742985343095
    barkbands:
        dmean: [6.07538481745e-07, 7.34418790671e-05, 0.000195075219381, 0.000142103963299, 0.000432333472418, 0.000199359768885, 0.000149251995026, 0.000112377674668, 0.000140375166666, 0.000108954998723, 6.76837662468e-05, 4.57439637103e-05, 5.44964059372e-05, 6.00377024966e-05, 9.50069443206e-05, 6.95621420164e-05, 5.65482660022e-05, 0.000102102152596, 0.000212697879761, 0.000230739766266, 0.000156344220159, 2.7477472031e-05, 4.02842078984e-06, 2.84005136564e-06, 1.69563691088e-06, 5.2504525172e-08, 3.48409356921e-10]
        dmean2: [9.31218494316e-07, 0.000120969787531, 0.000330203998601, 0.000246884243097, 0.000628385343589, 0.000304868677631, 0.000232338818023, 0.000165604826179, 0.000213755251025, 0.00017431442393, 0.00010220551485, 6.88830987201e-05, 8.34652310004e-05, 9.10005837795e-05, 0.000146549180499, 9.18333389563e-05, 8.75908735907e-05, 0.000156874593813, 0.00031707904418, 0.000368623295799, 0.000214169689571, 4.44174584118e-05, 6.49722915114e-06, 4.47517822977e-06, 2.85445685222e-06, 8.05778768154e-08, 6.12893791274e-10]
        dvar: [1.42684811449e-12, 1.52030192879e-08, 1.3643142438e-07, 5.90117323895e-08, 4.10243046645e-07, 1.83901732953e-07, 1.26947128365e-07, 6.50448654937e-08, 5.81306700553e-08, 5.00082499855e-08, 2.49280578402e-08, 9.20933906912e-09, 9.05359076597e-09, 1.09924274128e-08, 3.45827011472e-08, 2.24565734896e-08, 1.00451531537e-08, 2.44160602847e-08, 8.22914287824e-08, 9.4348820312e-08, 5.65566864452e-08, 2.54572651848e-09, 9.79337860807e-11, 6.33363708702e-11, 3.21161812422e-11, 2.07428627904e-14, 1.46950889887e-18]
        dvar2: [2.37425465573e-12, 4.06903417627e-08, 3.76952499437e-07, 1.62662075809e-07, 8.88842350832e-07, 4.32076575407e-07, 3.2049703691e-07, 1.48877987272e-07, 1.27817543216e-07, 1.31550493165e-07, 5.98199392243e-08, 1.95595681873e-08, 1.82426571627e-08, 2.35336816701e-08, 7.94050833974e-08, 3.39628982715e-08, 2.18154685427e-08, 5.39422053691e-08, 1.79873453021e-07, 2.39640229438e-07, 1.036424635e-07, 6.71262689877e-09, 2.64112370862e-10, 1.58059149102e-10, 8.61273205532e-11, 5.17574569629e-14, 2.97791203694e-18]
        max: [1.41336213346e-05, 0.00106537435204, 0.00395875098184, 0.00239158119075, 0.00728572439402, 0.00544562796131, 0.00335626793094, 0.00345132034272, 0.0028868264053, 0.00267787021585, 0.00203082151711, 0.00144767726306, 0.00137775298208, 0.0011340539204, 0.00211229594424, 0.00254944316112, 0.0014367622789, 0.00179961696267, 0.00347097171471, 0.00275350455195, 0.00353938457556, 0.000404867343605, 8.39148051455e-05, 7.10339518264e-05, 6.31240982329e-05, 1.99308328774e-06, 2.47391618302e-08]
        mean: [8.38530411329e-07, 0.000127852123114, 0.000315823330311, 0.000182499206858, 0.000927296583541, 0.000448181002866, 0.0002656194265, 0.000210543192225, 0.000309698749334, 0.000183338386705, 0.00014134196681, 7.31050822651e-05, 0.000134577683639, 9.66636725934e-05, 0.000164166282048, 0.000145771336975, 9.27372748265e-05, 0.000183508629561, 0.000467933772597, 0.000511739985086, 0.000344919390045, 3.22594460158e-05, 5.54207963432e-06, 4.35374295193e-06, 2.39445694206e-06, 6.09219625858e-08, 4.06008421328e-10]
        min: [1.3326835191e-09, 3.90061188682e-07, 4.64518166154e-07, 1.46348071439e-07, 3.62561081602e-07, 1.31691024308e-06, 1.91315712073e-06, 1.66858967532e-07, 7.15647914262e-08, 3.50540005911e-08, 3.76131836788e-08, 1.745242173e-08, 4.68730085856e-08, 3.33876037928e-08, 1.40078109112e-08, 4.13273255617e-08, 1.05778170223e-07, 1.82303040219e-06, 5.74101306938e-07, 8.63394006956e-07, 1.80416151352e-07, 1.870374291e-07, 1.71749092726e-09, 3.14015968783e-09, 1.21201870762e-09, 1.45266546188e-12, 1.56823054434e-13]
        var: [2.5018635167e-12, 1.35104629706e-08, 1.50550704348e-07, 5.52259642461e-08, 1.0834207842e-06, 5.37675703072e-07, 1.85742678127e-07, 1.85937494734e-07, 1.79532960942e-07, 7.42661185882e-08, 6.01963421332e-08, 2.57008814231e-08, 5.78589300915e-08, 2.69121080976e-08, 9.96570861389e-08, 1.26632741626e-07, 1.9224769332e-08, 5.25153431852e-08, 3.08109804337e-07, 2.65178897507e-07, 1.90786821008e-07, 2.59805821301e-09, 8.63654425753e-11, 7.05157598979e-11, 2.91295529364e-11, 2.08044115924e-14, 2.85830130678e-18]
    mfcc:
        mean: [-709.430419922, 114.428108215, -32.5038108826, 61.7009086609, -17.4792385101, -6.01179933548, 13.4191007614, -14.7853126526, -1.34297907352, 0.681088984013, -8.28461265564, -2.05978298187, -9.24695110321]
        cov: [[2216.35961914, -311.522460938, -291.828063965, -361.415924072, -341.516601562, -86.0081329346, 107.859130859, -49.0200538635, 182.827987671, 208.467147827, -177.860321045, -29.3057003021, -67.4669570923], [-311.522460938, 570.698669434, -104.85118103, -24.940618515, -50.2242584229, -31.0736942291, 30.1141033173, -50.4099807739, -41.704246521, 45.9315452576, 14.8345184326, 2.28882098198, -20.3766975403], [-291.828063965, -104.85118103, 457.900115967, 151.585510254, 97.4940719604, -48.159778595, -90.3394470215, 9.87636852264, -62.4757347107, -99.3998565674, 66.7860031128, 3.86499643326, 12.361618042], [-361.415924072, -24.940618515, 151.585510254, 318.266082764, 141.84979248, -61.0817489624, -76.22215271, 16.4929084778, 24.6284160614, -53.4291572571, 50.4929084778, 17.2602081299, 12.8553342819], [-341.516601562, -50.2242584229, 97.4940719604, 141.84979248, 261.073394775, 43.7532615662, -52.4555053711, 51.733291626, 5.47367334366, -59.9110488892, 24.7176208496, -2.06693267822, 48.5176620483], [-86.0081329346, -31.0736942291, -48.159778595, -61.0817489624, 43.7532615662, 285.958740234, 45.6511878967, 95.8104629517, -40.4853782654, -50.9082794189, 54.6326293945, -45.2087287903, 11.3382101059], [107.859130859, 30.1141033173, -90.3394470215, -76.22215271, -52.4555053711, 45.6511878967, 144.033248901, -8.51213645935, -29.2646770477, 19.8547534943, -21.349653244, -20.6187381744, -19.7271385193], [-49.0200538635, -50.4099807739, 9.87636852264, 16.4929084778, 51.733291626, 95.8104629517, -8.51213645935, 182.254699707, 29.7873382568, -42.7996559143, 35.7631835938, 10.0499858856, 12.348400116], [182.827987671, -41.704246521, -62.4757347107, 24.6284160614, 5.47367334366, -40.4853782654, -29.2646770477, 29.7873382568, 162.026092529, 40.7824401855, -32.3605613708, 5.00671577454, 0.390800088644], [208.467147827, 45.9315452576, -99.3998565674, -53.4291572571, -59.9110488892, -50.9082794189, 19.8547534943, -42.7996559143, 40.7824401855, 115.976303101, -38.8215026855, -2.8180000782, -19.6058559418], [-177.860321045, 14.8345184326, 66.7860031128, 50.4929084778, 24.7176208496, 54.6326293945, -21.349653244, 35.7631835938, -32.3605613708, -38.8215026855, 106.919578552, 5.46284484863, 1.84513401985], [-29.3057003021, 2.28882098198, 3.86499643326, 17.2602081299, -2.06693267822, -45.2087287903, -20.6187381744, 10.0499858856, 5.00671577454, -2.8180000782, 5.46284484863, 111.759529114, -12.4323730469], [-67.4669570923, -20.3766975403, 12.361618042, 12.8553342819, 48.5176620483, 11.3382101059, -19.7271385193, 12.348400116, 0.390800088644, -19.6058559418, 1.84513401985, -12.4323730469, 84.0283508301]]
        icov: [[0.000939998775721, 0.000624243635684, 3.24459433614e-05, 0.000601738283876, 0.000732541666366, 0.000142103250255, -0.000208386351005, -8.68450006237e-05, -0.000722675118595, -0.000761612551287, 0.000409963948186, 0.00019277104002, 0.000176153553184], [0.000624243635684, 0.0024643370416, 0.000677113886923, 0.000289459625492, 0.000464022479719, 0.000552045297809, -0.000193542204215, 0.000131002481794, 0.000348138564732, -0.00109549623448, -0.000646339729428, 0.000255997641943, 0.000342650979292], [3.24459433614e-05, 0.000677113886923, 0.00391727313399, -0.000579030252993, -0.000489738478791, 0.00149007118307, 0.00141335930675, -0.000172327985638, 0.0016057533212, 0.00198741583154, -0.00137585960329, 0.00094944803277, 0.000768334779423], [0.000601738283876, 0.000289459625492, -0.000579030252993, 0.0062865098007, -0.00241991365328, 0.00209980155341, 0.000244699651375, 0.0002241620532, -0.00192498473916, 0.000977986142971, -0.00245350319892, 0.000390947388951, 0.00116403552238], [0.000732541666366, 0.000464022479719, -0.000489738478791, -0.00241991365328, 0.00724414689466, -0.00171440234408, 0.00072997220559, -0.000685297418386, -0.000520115485415, 1.2175082702e-05, 0.00207911198959, -0.000157229907927, -0.00260003772564], [0.000142103250255, 0.000552045297809, 0.00149007118307, 0.00209980155341, -0.00171440234408, 0.00727851642296, -0.00133840600029, -0.00271086208522, 0.00108307192568, 0.00192375760525, -0.00357620767318, 0.00281651038677, 0.000738515809644], [-0.000208386351005, -0.000193542204215, 0.00141335930675, 0.000244699651375, 0.00072997220559, -0.00133840600029, 0.0100879631937, -0.000279253377812, 0.00260201585479, -0.00020461413078, 0.00192563969176, 0.00120369798969, 0.0017848352436], [-8.68450006237e-05, 0.000131002481794, -0.000172327985638, 0.0002241620532, -0.000685297418386, -0.00271086208522, -0.000279253377812, 0.00852461718023, -0.00304241362028, 0.00216028140858, -0.00156615593005, -0.00174862553831, -0.000309856754029], [-0.000722675118595, 0.000348138564732, 0.0016057533212, -0.00192498473916, -0.000520115485415, 0.00108307192568, 0.00260201585479, -0.00304241362028, 0.0103356773034, -0.00267428951338, 0.00188243004959, 0.000621846935246, 0.000153217013576], [-0.000761612551287, -0.00109549623448, 0.00198741583154, 0.000977986142971, 1.2175082702e-05, 0.00192375760525, -0.00020461413078, 0.00216028140858, -0.00267428951338, 0.0156030515209, 0.000213305538637, 0.000855024438351, 0.00182356627192], [0.000409963948186, -0.000646339729428, -0.00137585960329, -0.00245350319892, 0.00207911198959, -0.00357620767318, 0.00192563969176, -0.00156615593005, 0.00188243004959, 0.000213305538637, 0.01509937644, -0.0011536879465, 0.000253261707257], [0.00019277104002, 0.000255997641943, 0.00094944803277, 0.000390947388951, -0.000157229907927, 0.00281651038677, 0.00120369798969, -0.00174862553831, 0.000621846935246, 0.000855024438351, -0.0011536879465, 0.0106962202117, 0.00207216548733], [0.000176153553184, 0.000342650979292, 0.000768334779423, 0.00116403552238, -0.00260003772564, 0.000738515809644, 0.0017848352436, -0.000309856754029, 0.000153217013576, 0.00182356627192, 0.000253261707257, 0.00207216548733, 0.0144261103123]]
    spectral_contrast:
        mean: [-8.19734324864e-08, 4.2492177954e-07, -1.65498363458e-07, -1.86111066114e-07, -2.74017679658e-07, -2.42783215754e-07, -3.84838671152e-07, -3.6296773942e-06, -1.98011548491e-06, 4.15104750573e-06, -5.67062488699e-06, -3.13163081955e-06]
        var: [0.000891556439456, 0.00104775675572, 0.00163183989935, 0.00325248111039, 0.00569758098572, 0.0140204364434, 0.0566398464143, 0.105976171792, 0.158038437366, 0.273952573538, 0.41375631094, 1.31752979755]

rhythm:
    beats_loudness:
        dmean: 0.002504497068
        dmean2: 0.00489012571052
        dvar: 2.42630471803e-06
        dvar2: 8.00792986411e-06
        max: 0.0101975621656
        mean: 0.00703545054421
        min: 0.00451061315835
        var: 3.03432216242e-06
    beats_loudness_bass:
        dmean: 0.0886959210038
        dmean2: 0.151841342449
        dvar: 0.0037377346307
        dvar2: 0.0111902561039
        max: 0.37457677722
        mean: 0.145569220185
        min: 0.0512113794684
        var: 0.00630331970751
    bpm: 105.682395935
    bpm_confidence: 0
    first_peak_bpm: 106
    first_peak_spread: 0
    first_peak_weight: 0.9375
    onset_rate: 3.8478577137
    second_peak_bpm: 100
    second_peak_spread: 0
    second_peak_weight: 0.0625
    beats_position: [0.563070178032, 1.13064336777, 1.6982165575, 2.26578974724, 2.83336281776, 3.40093612671, 3.96850895882, 4.53608179092, 5.10365486145, 5.67122793198, 6.2691693306, 6.83707809448, 7.40498733521, 7.97289514542, 8.5408039093, 9.10871315002, 9.67662143707]
    bpm_estimates: [105.786262512, 105.545036316, 105.667938232, 105.785202026, 106.393424988, 105.805282593, 105.683586121, 105.548789978, 105.523406982, 105.735908508, 105.377296448, 105.781707764, 105.562469482, 105.843322754, 105.620201111, 105.473266602, 105.647575378, 105.625579834, 105.525596619, 105.527236938, 105.769050598, 105.784111023]
    bpm_intervals: [0.567573189735, 0.567573189735, 0.567573189735, 0.567573070526, 0.567573308945, 0.567572832108, 0.567572832108, 0.567573070526, 0.567573070526, 0.597941398621, 0.567908763885, 0.567909240723, 0.567907810211, 0.567908763885, 0.567909240723, 0.567908287048]
    onset_times: [0.0464399084449, 0.162539675832, 0.522448956966, 0.882358253002, 1.13777780533, 1.66022670269, 2.14784574509, 2.27555561066, 2.42648530006, 2.57741498947, 2.69351482391, 2.84444451332, 3.13469386101, 3.41333341599, 3.69197273254, 3.85451245308, 4.28408145905, 4.55111122131, 4.71365070343, 4.85297060013, 5.06195020676, 5.11999988556, 5.29414987564, 5.66566896439, 5.99074840546, 6.26938772202, 6.54802703857, 6.71056699753, 6.8382768631, 7.30267572403, 7.40716552734, 7.84834480286, 7.91800451279, 8.15020370483, 8.55655288696, 8.95129299164, 9.11383247375, 9.682721138, 9.93814086914]
    rubato_start: []
    rubato_stop: []
    perceptual_tempo: "unknown"

sfx:
    inharmonicity:
        dmean: 0.0439923405647
        dmean2: 0.0788040831685
        dvar: 0.00324527150951
        dvar2: 0.0090356497094
        max: 0.474762022495
        mean: 0.0444333031774
        min: 0
        var: 0.0031029493548
    oddtoevenharmonicenergyratio:
        dmean: 2.59551811218
        dmean2: 4.90087223053
        dvar: 35.1487693787
        dvar2: 104.135902405
        max: 38.1146850586
        mean: 1.82904350758
        min: 0
        var: 21.5021209717
    pitch_after_max_to_before_max_energy_ratio: 2.8299176693
    pitch_centroid: 226.52835083
    pitch_max_to_total: 0.295194506645
    pitch_min_to_total: 0.711670458317
    tristimulus:
        dmean: [0.191597118974, 0.232405126095, 0.121899552643]
        dmean2: [0.340157568455, 0.411527574062, 0.2174911201]
        dvar: [0.0365886352956, 0.0438159331679, 0.0166299417615]
        dvar2: [0.0982676446438, 0.118837691844, 0.0470923446119]
        max: [1, 0.957851588726, 0.652105391026]
        mean: [0.367875576019, 0.456033408642, 0.137655422091]
        min: [0.0276866871864, 0, 0]
        var: [0.0531531348825, 0.0598740801215, 0.0167648103088]

tonal:
    chords_changes_rate: 0.0500000007451
    chords_number_rate: 0.0136363636702
    chords_strength:
        dmean: 0.0115886880085
        dmean2: 0.00931341387331
        dvar: 7.57578600314e-05
        dvar2: 8.64054745762e-05
        max: 0.742598772049
        mean: 0.518342256546
        min: 0.292390167713
        var: 0.00838627386838
    key_strength: 0.685679018497
    tuning_diatonic_strength: 0.578339636326
    tuning_equal_tempered_deviation: 0.0722560286522
    tuning_frequency: 441.017791748
    tuning_nontempered_energy_ratio: 0.711270153522
    hpcp:
        dmean: [0.12285489589, 0.156020015478, 0.163307249546, 0.144063785672, 0.16822527349, 0.152456253767, 0.138285622001, 0.181809797883, 0.246919825673, 0.217680051923, 0.214745074511, 0.127453580499, 0.114164538682, 0.10537725687, 0.103790022433, 0.113900072873, 0.0930601581931, 0.0921086966991, 0.094094350934, 0.101807631552, 0.112504124641, 0.106221839786, 0.109509393573, 0.110370695591, 0.100357122719, 0.0771022588015, 0.0699948891997, 0.0751488804817, 0.120842121542, 0.213724255562, 0.205613344908, 0.194057330489, 0.143662497401, 0.123479992151, 0.114573761821, 0.112441807985]
        dmean2: [0.21474377811, 0.270757764578, 0.282619535923, 0.252739995718, 0.305235654116, 0.267149329185, 0.226032972336, 0.324761897326, 0.4410815835, 0.351429253817, 0.362592965364, 0.222879573703, 0.199687927961, 0.186686784029, 0.172712638974, 0.185491636395, 0.156409397721, 0.158729031682, 0.156127870083, 0.168960645795, 0.184584856033, 0.181289434433, 0.193933919072, 0.18837377429, 0.16707251966, 0.128936141729, 0.123362742364, 0.130097270012, 0.214207023382, 0.355457633734, 0.345536351204, 0.339500695467, 0.250902116299, 0.223856642842, 0.20534799993, 0.191616266966]
        dvar: [0.0394013561308, 0.0478937104344, 0.0542643591762, 0.0539842136204, 0.0561968050897, 0.046788867563, 0.0405300296843, 0.0460381396115, 0.0667044594884, 0.0612234473228, 0.0513503663242, 0.0283041670918, 0.0307478737086, 0.0264862775803, 0.0215788763016, 0.0324497707188, 0.0225686896592, 0.026436984539, 0.0306952595711, 0.0318450219929, 0.0356502011418, 0.032532826066, 0.0298221446574, 0.0254349913448, 0.0189707390964, 0.0112533075735, 0.018361216411, 0.0216112025082, 0.0278260242194, 0.0469685271382, 0.0502927899361, 0.0417378917336, 0.0429663993418, 0.0340261347592, 0.0352382063866, 0.0326661095023]
        dvar2: [0.10490680486, 0.128466293216, 0.139134436846, 0.131906941533, 0.148912966251, 0.129412651062, 0.0990010723472, 0.12248557061, 0.178183436394, 0.121304050088, 0.147310882807, 0.0730095729232, 0.0887481793761, 0.0805540159345, 0.0549111440778, 0.0763042345643, 0.0556795373559, 0.0672232955694, 0.0646457895637, 0.0852577388287, 0.0923425704241, 0.0765582621098, 0.0878002569079, 0.0705842673779, 0.0424481891096, 0.0272129736841, 0.0506335124373, 0.0590425729752, 0.0829812064767, 0.124760232866, 0.101795941591, 0.118618950248, 0.126949578524, 0.0939186662436, 0.0936701893806, 0.082592472434]
        max: [1, 1, 1, 1, 1, 1, 1, 1, 1, 1, 1, 1, 1, 0.979505419731, 1, 1, 1, 1, 1, 1, 1, 1, 1, 0.956121206284, 1, 0.940285980701, 0.984812736511, 1, 0.94492650032, 1, 1, 1, 1, 1, 1, 1]
        mean: [0.17327286303, 0.152534335852, 0.203712910414, 0.262059181929, 0.20801769197, 0.17174474895, 0.180641502142, 0.190286025405, 0.412624806166, 0.56429284811, 0.334120452404, 0.13446828723, 0.10816796124, 0.1046147421, 0.132116109133, 0.14397507906, 0.10134177655, 0.0952783003449, 0.111979611218, 0.100795075297, 0.138741388917, 0.152418479323, 0.0965240374207, 0.119550488889, 0.161118224263, 0.112877860665, 0.0698965415359, 0.0663167014718, 0.10836648196, 0.275776684284, 0.355608791113, 0.22298155725, 0.125167965889, 0.10671082139, 0.105951845646, 0.150689631701]
        min: [0.0013272051001, 0.00147454743274, 0.0022483333014, 0.00301815127023, 0.00147235661279, 0.00215764343739, 0.00835607387125, 0.00512453820556, 0.00581890903413, 0.00435408111662, 0.00175480847247, 0.000265123380814, 0.000554369646125, 0.000359196768841, 0.000816927815322, 0.00139584101271, 0.00101139186881, 0.000580868974794, 0.000441865762696, 0.000806857133284, 0.000570412201341, 0.000342369719874, 0.000385003571864, 0.000619376602117, 0.000959746539593, 0.00158942968119, 0.00110502890311, 0.00095140497433, 0.0018134736456, 0.0131054259837, 0.0133335981518, 0.00606834655628, 0.00071399967419, 0.00202446617186, 0.00270495517179, 0.00107417313848]
        var: [0.0756321027875, 0.0441422574222, 0.0673318877816, 0.118164665997, 0.0778210759163, 0.0454531796277, 0.0480470582843, 0.0454910583794, 0.0887164101005, 0.134367868304, 0.0659029409289, 0.0309329219162, 0.0260345768183, 0.0231717247516, 0.0281504224986, 0.0416660308838, 0.0249951500446, 0.02847578004, 0.0532239377499, 0.0359020642936, 0.0492893047631, 0.0595757625997, 0.0266686137766, 0.0285960491747, 0.0468159243464, 0.018854059279, 0.0133272744715, 0.0161669030786, 0.0230427999049, 0.0707163289189, 0.0949668735266, 0.0523851439357, 0.0336815081537, 0.0276378002018, 0.0328734181821, 0.056066211313]
    chords_histogram: [48.6363639832, 0, 0, 0, 0, 0, 0, 0, 0, 0, 0.454545468092, 0, 0, 0, 0, 0, 0, 29.5454540253, 0, 0, 0, 0, 21.3636360168, 0]
    thpcp: [1, 0.59210473299, 0.238295212388, 0.191687628627, 0.185390874743, 0.234126850963, 0.255142480135, 0.17959074676, 0.168845489621, 0.198442369699, 0.178621932864, 0.245867714286, 0.270105272532, 0.171053096652, 0.211858943105, 0.285522371531, 0.200034186244, 0.12386572361, 0.1175217852, 0.192039445043, 0.488711982965, 0.630184829235, 0.395152181387, 0.221813842654, 0.189105391502, 0.187760397792, 0.267041534185, 0.307061940432, 0.27031058073, 0.361005663872, 0.464402794838, 0.368634283543, 0.304353922606, 0.320120126009, 0.337211489677, 0.7312245965]
    chords_key: "C"
    chords_scale: "major"
    key_key: "C"
    key_scale: "major"
    chords_progression: ["F", "F", "F", "F", "F", "F", "F", "F", "F", "F", "F", "F", "F", "F", "F", "F", "F", "F", "F", "F", "F", "F", "F", "F", "F", "F", "F", "F", "F", "F", "F", "F", "F", "F", "F", "F", "F", "F", "F", "F", "F", "F", "F", "F", "F", "F", "F", "C", "C", "C", "C", "C", "C", "C", "C", "C", "C", "C", "C", "C", "C", "C", "C", "C", "C", "C", "C", "C", "C", "C", "C", "C", "C", "C", "C", "C", "C", "C", "C", "C", "C", "C", "C", "C", "C", "C", "C", "C", "C", "C", "B", "C", "C", "C", "C", "C", "C", "C", "C", "C", "C", "C", "C", "C", "C", "C", "C", "C", "C", "C", "Cm", "Cm", "Cm", "Cm", "Cm", "Cm", "Cm", "Cm", "Cm", "Cm", "Cm", "Cm", "Cm", "Cm", "Cm", "Cm", "Cm", "Cm", "Cm", "Cm", "Cm", "Cm", "Cm", "Cm", "Cm", "Cm", "Cm", "Cm", "Cm", "Cm", "Cm", "Cm", "Cm", "Cm", "Cm", "Cm", "Cm", "Cm", "Cm", "Cm", "C", "C", "C", "C", "C", "C", "C", "C", "C", "Cm", "Cm", "Cm", "Cm", "Cm", "Cm", "C", "C", "C", "C", "C", "C", "C", "C", "C", "C", "C", "C", "C", "Cm", "Cm", "Cm", "Cm", "Cm", "Cm", "Cm", "Cm", "Cm", "Cm", "Cm", "Cm", "C", "Cm", "Cm", "Cm", "Cm", "Cm", "Cm", "Cm", "C", "C", "C", "C", "C", "C", "C", "C", "C", "C", "C", "C", "C", "C", "C", "C", "C", "C", "C", "C", "C", "C"]
