
metadata:
    version:
        essentia: "1.2.2"
    audio_properties:
        analysis_sample_rate: 44100
        bitrate: 128
        channels: 2
        equal_loudness: 1
        length: 10.0310201645
        replay_gain: -15.6557064056
        downmix: "mix"
    tags:
        track: 18
        year: 0
        album: "Splitted by Mp3Splt v. 2.1"
        artist: "From 002.50 To 003.00"
        comment: "http://mp3splt.sf.net"
        genre: ""
        title: "13 Just Lookin'.mp3"

highlevel:
    ballroom:
        all:
            ChaChaCha: 0.0537126064301
            Jive: 0.734601140022
            Quickstep: 0.0145544186234
            Rumba-American: 0.00108651432674
            Rumba-International: 0.00311339693144
            Rumba-Misc: 0.00199043797329
            Samba: 0.186122357845
            Tango: 0.000542897323612
            VienneseWaltz: 0.0033714545425
            Waltz: 0.000904760905541
        probability: 0.734601140022
        value: "Jive"
    culture:
        all:
            non_western: 0.0167218763381
            western: 0.983278095722
        probability: 0.983278095722
        value: "western"
    gender:
        all:
            female: 0.00553990341723
            male: 0.994460105896
        probability: 0.994460105896
        value: "male"
    genre_dortmund:
        all:
            alternative: 0.111851491034
            blues: 0.0237413924187
            electronic: 0.00572945782915
            folkcountry: 0.0208796840161
            funksoulrnb: 0.00301601574756
            jazz: 0.0117797292769
            pop: 0.0345876440406
            raphiphop: 0.00128783565015
            rock: 0.787126779556
        probability: 0.787126779556
        value: "rock"
    genre_electronica:
        all:
            ambient: 0.063605338335
            dnb: 0.0909785181284
            house: 0.00627939030528
            techno: 0.00736078852788
            trance: 0.831775963306
        probability: 0.831775963306
        value: "trance"
    genre_rosamerica:
        all:
            cla: 0.00258963415399
            dan: 0.0250298008323
            hip: 0.00123354420066
            jaz: 0.00205554999411
            pop: 0.0924264416099
            rhy: 0.0122703826055
            roc: 0.863845288754
            spe: 0.000549335731193
        probability: 0.863845288754
        value: "roc"
    genre_tzanetakis:
        all:
            blu: 0.00260259211063
            cla: 0.00399630889297
            cou: 0.192695721984
            dis: 0.0356133617461
            hip: 0.00408469559625
            jaz: 0.0336012579501
            met: 0.146933332086
            pop: 0.0898672267795
            reg: 0.00599352782592
            roc: 0.484611958265
        probability: 0.484611958265
        value: "roc"
    live_studio:
        all:
            live: 0.0479148104787
            studio: 0.952085196972
        probability: 0.952085196972
        value: "studio"
    mood:
        all:
            Cluster1: 0.436468571424
            Cluster2: 0.139739274979
            Cluster3: 0.0458745695651
            Cluster4: 0.0628337189555
            Cluster5: 0.315083861351
        probability: 0.436468571424
        value: "Cluster1"
    mood_acoustic:
        all:
            acoustic: 0.00528835505247
            not_acoustic: 0.994711637497
        probability: 0.994711637497
        value: "not_acoustic"
    mood_aggressive:
        all:
            aggressive: 0.895977735519
            not_aggressive: 0.104022286832
        probability: 0.895977735519
        value: "aggressive"
    mood_electronic:
        all:
            electronic: 0.0238872598857
            not_electronic: 0.976112723351
        probability: 0.976112723351
        value: "not_electronic"
    mood_happy:
        all:
            happy: 0.946075618267
            not_happy: 0.05392440781
        probability: 0.946075618267
        value: "happy"
    mood_party:
        all:
            not_party: 0.36156886816
            party: 0.63843113184
        probability: 0.63843113184
        value: "party"
    mood_relaxed:
        all:
            not_relaxed: 0.271512180567
            relaxed: 0.728487849236
        probability: 0.728487849236
        value: "relaxed"
    mood_sad:
        all:
            not_sad: 0.88004219532
            sad: 0.11995781213
        probability: 0.88004219532
        value: "not_sad"
    rhythm:
        all:
            fast: 0.963896095753
            medium: 0.0303767882288
            slow: 0.00572709226981
        probability: 0.963896095753
        value: "fast"
    speech_music:
        all:
            music: 0.999929249287
            speech: 7.07634244463e-05
        probability: 0.999929249287
        value: "music"
    timbre:
        all:
            bright: 0.937516331673
            dark: 0.0624836459756
        probability: 0.937516331673
        value: "bright"
    voice_instrumental:
        all:
            instrumental: 0.115447767079
            voice: 0.884552240372
        probability: 0.884552240372
        value: "voice"

lowlevel:
    average_loudness: 0.964237213135
    barkbands_kurtosis:
        dmean: 0.420691460371
        dmean2: 0.682162821293
        dvar: 0.244460999966
        dvar2: 0.637248575687
        max: 2.46975564957
        mean: -1.05480480194
        min: -1.8101747036
        var: 0.383860528469
    barkbands_skewness:
        dmean: 0.326723664999
        dmean2: 0.512498497963
        dvar: 0.112377114594
        dvar2: 0.264631092548
        max: 1.93044519424
        mean: 0.00379600282758
        min: -1.55958986282
        var: 0.400577187538
    barkbands_spread:
        dmean: 4.62256336212
        dmean2: 7.18640136719
        dvar: 19.1787490845
        dvar2: 43.0488014221
        max: 66.0059204102
        mean: 37.5968055725
        min: 13.7109050751
        var: 81.1747207642
    dissonance:
        dmean: 0.0133379483595
        dmean2: 0.0223712716252
        dvar: 0.000215892549022
        dvar2: 0.000576525460929
        max: 0.499540179968
        mean: 0.473487854004
        min: 0.341933429241
        var: 0.000359726167517
    hfc:
        dmean: 1.94431316853
        dmean2: 2.96798968315
        dvar: 5.36543416977
        dvar2: 11.459815979
        max: 35.3504753113
        mean: 8.96884822845
        min: 7.05678985469e-06
        var: 25.7692775726
    pitch:
        dmean: 759.896850586
        dmean2: 1464.67822266
        dvar: 1536626.875
        dvar2: 3879916.75
        max: 4410
        mean: 985.460266113
        min: 75.1277694702
        var: 1722275.875
    pitch_instantaneous_confidence:
        dmean: 0.0737562477589
        dmean2: 0.111541517079
        dvar: 0.0045679169707
        dvar2: 0.00955571047962
        max: 0.761509597301
        mean: 0.404670029879
        min: 0.157030284405
        var: 0.0211843624711
    pitch_salience:
        dmean: 0.0532983057201
        dmean2: 0.0853616297245
        dvar: 0.00233705970459
        dvar2: 0.00584859168157
        max: 0.952599525452
        mean: 0.609219253063
        min: 0.41373115778
        var: 0.00590788386762
    silence_rate_20dB:
        dmean: 0
        dmean2: 0
        dvar: 0
        dvar2: 0
        max: 1
        mean: 1
        min: 1
        var: 0
    silence_rate_30dB:
        dmean: 0
        dmean2: 0
        dvar: 0
        dvar2: 0
        max: 1
        mean: 1
        min: 1
        var: 0
    silence_rate_60dB:
        dmean: 0.087962962687
        dmean2: 0.174013927579
        dvar: 0.080225482583
        dvar2: 0.171575546265
        max: 1
        mean: 0.177829101682
        min: 0
        var: 0.14620603621
    spectral_centroid:
        dmean: 244.151229858
        dmean2: 372.304229736
        dvar: 67931.1171875
        dvar2: 157664.21875
        max: 3611.9375
        mean: 1695.44384766
        min: 571.546569824
        var: 265976.46875
    spectral_complexity:
        dmean: 3.34338736534
        dmean2: 5.29302310944
        dvar: 12.0259389877
        dvar2: 29.0396556854
        max: 45
        mean: 15.9884262085
        min: 0
        var: 55.0994300842
    spectral_crest:
        dmean: 1.69709897041
        dmean2: 2.77074360847
        dvar: 2.09605097771
        dvar2: 5.11467218399
        max: 14.5043268204
        mean: 6.50473690033
        min: 2.89411044121
        var: 4.73336410522
    spectral_decrease:
        dmean: 2.58879778725e-10
        dmean2: 4.13002965161e-10
        dvar: 9.76931064204e-20
        dvar2: 2.37920692968e-19
        max: -6.8839616997e-16
        mean: -1.16236131831e-09
        min: -3.04090774783e-09
        var: 2.41752839801e-19
    spectral_energy:
        dmean: 0.001110059442
        dmean2: 0.00175102590583
        dvar: 1.70049963799e-06
        dvar2: 4.04469074056e-06
        max: 0.0131819117814
        mean: 0.00520052295178
        min: 3.23823323711e-09
        var: 4.92882782055e-06
    spectral_energyband_high:
        dmean: 0.000159141345648
        dmean2: 0.000241122383159
        dvar: 6.37718926555e-08
        dvar2: 1.20998933539e-07
        max: 0.00424650777131
        mean: 0.000457498419564
        min: 4.31404939549e-10
        var: 2.14870297555e-07
    spectral_energyband_low:
        dmean: 0.000326891138684
        dmean2: 0.000534993770998
        dvar: 1.90201163264e-07
        dvar2: 5.04727779571e-07
        max: 0.00364401494153
        mean: 0.000572428863961
        min: 2.30962929337e-10
        var: 2.11852452026e-07
    spectral_energyband_middle_high:
        dmean: 0.00054647034267
        dmean2: 0.000872983888257
        dvar: 3.53795655883e-07
        dvar2: 7.82591428106e-07
        max: 0.00788758136332
        mean: 0.0023852949962
        min: 2.1255610605e-09
        var: 1.83700092293e-06
    spectral_energyband_middle_low:
        dmean: 0.000616796140093
        dmean2: 0.00100875063799
        dvar: 6.89766920914e-07
        dvar2: 1.67461234923e-06
        max: 0.00797628797591
        mean: 0.00178530008998
        min: 4.03340777444e-10
        var: 1.44172008731e-06
    spectral_flatness_db:
        dmean: 0.0123870112002
        dmean2: 0.0190253965557
        dvar: 0.00011365962564
        dvar2: 0.000294688943541
        max: 0.202958807349
        mean: 0.134564980865
        min: 0.0867284536362
        var: 0.000432951928815
    spectral_flux:
        dmean: 0.00830295775086
        dmean2: 0.0126097667962
        dvar: 6.75992341712e-05
        dvar2: 0.000138549265102
        max: 0.0848484188318
        mean: 0.0400357209146
        min: 5.69054755033e-05
        var: 0.000187961006304
    spectral_kurtosis:
        dmean: 0.698821187019
        dmean2: 1.12359046936
        dvar: 0.412535876036
        dvar2: 0.853189527988
        max: 9.31888961792
        mean: 2.51306271553
        min: -1.03906810284
        var: 1.3465679884
    spectral_rms:
        dmean: 0.000238827647991
        dmean2: 0.000371989910491
        dvar: 6.93576325261e-08
        dvar2: 1.54751788273e-07
        max: 0.00358614022844
        mean: 0.00220057112165
        min: 1.77742845153e-06
        var: 2.31169906328e-07
    spectral_rolloff:
        dmean: 349.127716064
        dmean2: 548.345336914
        dvar: 163508.0625
        dvar2: 370409.25
        max: 7192.08984375
        mean: 3335.203125
        min: 861.328125
        var: 569166.75
    spectral_skewness:
        dmean: 0.119559071958
        dmean2: 0.182144477963
        dvar: 0.0155379092321
        dvar2: 0.022714253515
        max: 2.71830010414
        mean: 1.23443222046
        min: 0.274745076895
        var: 0.0724993497133
    spectral_spread:
        dmean: 464108.625
        dmean2: 616136.4375
        dvar: 384902955008
        dvar2: 555819925504
        max: 12491093
        mean: 5229812.5
        min: 2919381.75
        var: 1.5896552407e+12
    spectral_strongpeak:
        dmean: 0.548221647739
        dmean2: 0.914064586163
        dvar: 0.88003629446
        dvar2: 2.26703763008
        max: 6.82852220535
        mean: 0.838118851185
        min: 4.26573133154e-05
        var: 1.44095766544
    zerocrossingrate:
        dmean: 0.00778870889917
        dmean2: 0.00951012875885
        dvar: 6.27422559774e-05
        dvar2: 8.22906149551e-05
        max: 0.181640625
        mean: 0.0990498885512
        min: 0.05078125
        var: 0.000503035553265
    barkbands:
        dmean: [1.85427538213e-07, 7.02500692569e-05, 0.000280982087133, 0.000257555657299, 0.000271062948741, 0.000113841910206, 8.3672326582e-05, 0.000119454081869, 0.00017223895702, 4.22474367952e-05, 4.57622663816e-05, 5.6212542404e-05, 4.55509798485e-05, 6.00754538027e-05, 8.01904243417e-05, 0.000138776507811, 0.000220248155529, 0.000226426913287, 0.000144431658555, 0.000121795834275, 8.33865706227e-05, 4.18259660364e-05, 1.23143827295e-05, 5.10998370373e-06, 2.65343601313e-06, 8.27290023153e-08, 1.7471870617e-09]
        dmean2: [2.66077620381e-07, 0.00011925650324, 0.000453015352832, 0.000449608574854, 0.000446627382189, 0.000168913218658, 0.000133506036946, 0.000176002708031, 0.00026085958234, 6.71423549647e-05, 6.61447629682e-05, 8.84428372956e-05, 7.48375823605e-05, 9.93834037217e-05, 0.000124788610265, 0.000224468822125, 0.000349575042492, 0.000356100470526, 0.000247307558311, 0.000207047400181, 0.000128390776808, 6.517010479e-05, 1.89686998056e-05, 7.17311968401e-06, 4.15553904531e-06, 1.30188681169e-07, 2.02096339663e-09]
        dvar: [1.35778934211e-13, 1.50584398284e-08, 1.31597474251e-07, 1.95972049255e-07, 1.66979006622e-07, 2.34059882587e-08, 3.26421769614e-08, 4.7231388578e-08, 1.35978140747e-07, 3.9522443096e-09, 1.26520376398e-08, 9.20222475997e-09, 1.21197123448e-08, 1.34243967054e-08, 1.52055967817e-08, 4.84009063939e-08, 8.23755570423e-08, 8.04273483368e-08, 2.76640328423e-08, 4.67571261709e-08, 1.66339546581e-08, 7.24672233332e-09, 7.25920767941e-10, 2.46124315373e-10, 5.84098672207e-11, 4.73624028993e-14, 8.3225402227e-16]
        dvar2: [2.85086651551e-13, 4.07115940959e-08, 3.56231566911e-07, 5.28187911186e-07, 4.36632120682e-07, 4.78768811263e-08, 7.7325111647e-08, 9.63602104775e-08, 2.99698797335e-07, 8.77487238427e-09, 1.76141607966e-08, 2.28123262502e-08, 3.01512557144e-08, 2.65834447788e-08, 4.00726065664e-08, 1.19196378989e-07, 2.12441293002e-07, 2.00863354394e-07, 6.65328769855e-08, 1.21983902091e-07, 3.59846019649e-08, 1.73307093121e-08, 1.49308165831e-09, 4.13258177678e-10, 1.34541613961e-10, 1.16237165834e-13, 8.32612846602e-16]
        max: [2.75675029116e-06, 0.000825352617539, 0.00315920170397, 0.00311136990786, 0.0037815652322, 0.00199591298588, 0.00292466720566, 0.00271474290639, 0.0045553445816, 0.000853592704516, 0.00234615290537, 0.00127420667559, 0.00133969960734, 0.00174512900412, 0.00145948759746, 0.0028280087281, 0.0036555568222, 0.00329030863941, 0.00147948123049, 0.00328118656762, 0.00185105379205, 0.00141335988883, 0.00037865046761, 0.000362043618225, 0.000105682403955, 2.54990777648e-06, 6.00323403432e-07]
        mean: [2.06049818985e-07, 8.44668320497e-05, 0.000487758778036, 0.000353887706297, 0.000477192312246, 0.000215542211663, 0.000156440932187, 0.000250845885603, 0.000316047604429, 9.98998657451e-05, 7.94338848209e-05, 9.66660663835e-05, 7.20545940567e-05, 0.000115163202281, 0.000147686063428, 0.00026318419259, 0.000544155656826, 0.000494002306368, 0.000344834290445, 0.000270320422715, 0.000196613909793, 9.10451635718e-05, 2.55835038843e-05, 1.15958309834e-05, 5.76443881073e-06, 1.32181398271e-07, 1.73572256568e-09]
        min: [9.31987681474e-11, 1.22464954844e-10, 6.22445567311e-11, 4.83121320727e-11, 9.24091914101e-11, 8.31015603553e-11, 7.5019664092e-11, 6.60546756182e-11, 3.80908221631e-11, 5.22925236099e-12, 1.5570641998e-11, 2.89648964535e-11, 2.79197394371e-11, 8.11119921229e-11, 2.34182617742e-10, 6.96555313429e-10, 8.13733747052e-10, 1.12541927166e-10, 5.48837884862e-11, 3.35769134718e-10, 1.04388088451e-10, 1.22829480961e-11, 2.4238198254e-11, 7.60074902323e-12, 1.95532609201e-12, 3.14066481155e-13, 8.22145492961e-14]
        var: [1.76565305345e-13, 1.27885027013e-08, 1.59922635135e-07, 1.62539322446e-07, 2.33663300264e-07, 6.30385841305e-08, 7.11074292781e-08, 1.81798682775e-07, 3.91549093592e-07, 1.34199256152e-08, 3.54205980102e-08, 2.1916598314e-08, 1.96962428589e-08, 3.17073620693e-08, 2.43415083645e-08, 1.12181751888e-07, 3.05853944838e-07, 1.88035556903e-07, 5.20115932545e-08, 9.80523466865e-08, 4.5137973359e-08, 1.376815284e-08, 1.51286272398e-09, 1.32470512337e-09, 1.48937015498e-10, 7.2422313101e-14, 8.31843475988e-16]
    mfcc:
        mean: [-681.060791016, 93.1860427856, -39.1920089722, 55.1296958923, -5.73899030685, -1.83141088486, -6.11627388, 2.774132967, 1.96600067616, -5.80363750458, -1.83366775513, -6.54538822174, -4.63214015961]
        cov: [[2202.44091797, -273.50088501, 52.7729797363, -105.641571045, -112.549629211, -30.3628673553, -56.1487960815, -0.481600165367, 3.22608304024, -54.0456161499, -10.135966301, -19.363948822, -73.7398223877], [-273.50088501, 438.362060547, -133.477600098, 42.6395606995, -34.9094276428, -32.3945999146, -27.1348152161, 1.65334236622, -15.1049938202, 25.4096660614, 17.0222949982, -11.6941633224, 16.9241790771], [52.7729797363, -133.477600098, 252.865951538, 15.856505394, 49.774520874, 24.7277927399, 32.0995979309, -10.4643135071, -36.7134857178, -22.0393981934, 3.08699393272, 2.62225437164, 10.5426845551], [-105.641571045, 42.6395606995, 15.856505394, 191.028091431, 12.6054821014, -20.4774665833, -47.625869751, 10.9635572433, 12.8993453979, -12.4988489151, 11.5944929123, -2.28978252411, 24.1764335632], [-112.549629211, -34.9094276428, 49.774520874, 12.6054821014, 110.553886414, 15.5245771408, 27.6259651184, -0.256662875414, -9.86666107178, -8.31007957458, -9.51530170441, -5.74668693542, 3.02860188484], [-30.3628673553, -32.3945999146, 24.7277927399, -20.4774665833, 15.5245771408, 97.8088378906, 61.7283325195, 12.4717416763, -10.6008577347, -3.17102456093, -2.98733901978, -9.86367416382, -8.17457580566], [-56.1487960815, -27.1348152161, 32.0995979309, -47.625869751, 27.6259651184, 61.7283325195, 129.737686157, 15.5741930008, -11.7704162598, 4.34624767303, -6.8891992569, 0.574968993664, -9.97424793243], [-0.481600165367, 1.65334236622, -10.4643135071, 10.9635572433, -0.256662875414, 12.4717416763, 15.5741930008, 75.4524688721, 24.7688579559, 6.80294466019, 1.89237737656, -8.42953300476, -8.73155879974], [3.22608304024, -15.1049938202, -36.7134857178, 12.8993453979, -9.86666107178, -10.6008577347, -11.7704162598, 24.7688579559, 74.1151199341, 25.6321716309, -13.0148544312, -6.23960256577, -7.8601937294], [-54.0456161499, 25.4096660614, -22.0393981934, -12.4988489151, -8.31007957458, -3.17102456093, 4.34624767303, 6.80294466019, 25.6321716309, 57.3897743225, 10.3033275604, -5.77053546906, -3.7393040657], [-10.135966301, 17.0222949982, 3.08699393272, 11.5944929123, -9.51530170441, -2.98733901978, -6.8891992569, 1.89237737656, -13.0148544312, 10.3033275604, 52.9405937195, 21.718706131, -0.301005721092], [-19.363948822, -11.6941633224, 2.62225437164, -2.28978252411, -5.74668693542, -9.86367416382, 0.574968993664, -8.42953300476, -6.23960256577, -5.77053546906, 21.718706131, 59.5515518188, 14.2663097382], [-73.7398223877, 16.9241790771, 10.5426845551, 24.1764335632, 3.02860188484, -8.17457580566, -9.97424793243, -8.73155879974, -7.8601937294, -3.7393040657, -0.301005721092, 14.2663097382, 47.6261100769]]
        icov: [[0.000597828882746, 0.000343729188899, -0.000129957508761, 0.000278932217043, 0.000683274469338, 0.000249769247603, 0.000229737706832, -8.07399774203e-05, -2.5656672733e-05, 0.000638870697003, -0.00013820665481, 0.000320532679325, 0.000672418740578], [0.000343729188899, 0.00353971426375, 0.00188647117466, -0.000878275022842, 0.000831199460663, 0.00104108813684, -0.000329489383148, -0.000438609451521, 0.00259634316899, -0.00144733127672, -0.000460056442535, 0.00138039165176, -0.000822532805614], [-0.000129957508761, 0.00188647117466, 0.00597550161183, -0.00116113317199, -0.00154466438107, 2.80796994048e-05, -0.00114035035949, 0.000154949608259, 0.00301226368174, -0.000306704459945, -0.000693321111612, 0.000803272298072, -0.00148421886843], [0.000278932217043, -0.000878275022842, -0.00116113317199, 0.00760946236551, -0.00109360774513, -1.57359936566e-05, 0.00242738937959, -0.000938955752645, -0.00374380452558, 0.00396330282092, -0.00371098518372, 0.00216621393338, -0.00343776424415], [0.000683274469338, 0.000831199460663, -0.00154466438107, -0.00109360774513, 0.0116045866162, 0.000413137633586, -0.00202179490589, 4.4725042244e-05, 0.00105669838376, 0.000646889500786, 0.0017469257582, 0.00104160967749, 0.000501583737787], [0.000249769247603, 0.00104108813684, 2.80796994048e-05, -1.57359936566e-05, 0.000413137633586, 0.0157680958509, -0.00714834174141, -0.00123863923363, 0.00132667424623, 0.00149246444926, -0.00167888810392, 0.00367744383402, 0.000198509864276], [0.000229737706832, -0.000329489383148, -0.00114035035949, 0.00242738937959, -0.00202179490589, -0.00714834174141, 0.0137306079268, -0.00289720459841, 0.0022467772942, -0.00275710574351, 0.00333899538964, -0.00348702678457, 0.00195901631378], [-8.07399774203e-05, -0.000438609451521, 0.000154949608259, -0.000938955752645, 4.4725042244e-05, -0.00123863923363, -0.00289720459841, 0.0169591996819, -0.00743326498196, 0.00254223193042, -0.00422045215964, 0.00287678465247, 0.000844624242745], [-2.5656672733e-05, 0.00259634316899, 0.00301226368174, -0.00374380452558, 0.00105669838376, 0.00132667424623, 0.0022467772942, -0.00743326498196, 0.0262395869941, -0.0138588491827, 0.0115791233256, -0.00433922372758, 0.00415503326803], [0.000638870697003, -0.00144733127672, -0.000306704459945, 0.00396330282092, 0.000646889500786, 0.00149246444926, -0.00275710574351, 0.00254223193042, -0.0138588491827, 0.028481643647, -0.0124596795067, 0.00727095361799, -0.00264462223276], [-0.00013820665481, -0.000460056442535, -0.000693321111612, -0.00371098518372, 0.0017469257582, -0.00167888810392, 0.00333899538964, -0.00422045215964, 0.0115791233256, -0.0124596795067, 0.0318221077323, -0.0142425186932, 0.00691324425861], [0.000320532679325, 0.00138039165176, 0.000803272298072, 0.00216621393338, 0.00104160967749, 0.00367744383402, -0.00348702678457, 0.00287678465247, -0.00433922372758, 0.00727095361799, -0.0142425186932, 0.0259462855756, -0.00891704857349], [0.000672418740578, -0.000822532805614, -0.00148421886843, -0.00343776424415, 0.000501583737787, 0.000198509864276, 0.00195901631378, 0.000844624242745, 0.00415503326803, -0.00264462223276, 0.00691324425861, -0.00891704857349, 0.0281641334295]]
    spectral_contrast:
        mean: [-3.12596704077e-09, -5.78118488193e-07, -5.01549550336e-07, -6.68482655897e-08, -5.73496379275e-08, 4.39222077375e-07, -9.86236159406e-07, 2.9040706977e-06, -1.95370773781e-07, -1.13731732654e-06, 2.11099788316e-07, 3.6753438053e-06]
        var: [0.000468005193397, 0.00077973480802, 0.00108813575935, 0.00244623585604, 0.00371982133947, 0.00462024100125, 0.0402872860432, 0.0576276481152, 0.100785642862, 0.213541582227, 0.241257563233, 1.14017283916]

rhythm:
    beats_loudness:
        dmean: 0.00234059011564
        dmean2: 0.00429073302075
        dvar: 3.69296367353e-06
        dvar2: 7.91718866822e-06
        max: 0.013688839972
        mean: 0.00734010199085
        min: 0.00310712866485
        var: 7.79947458796e-06
    beats_loudness_bass:
        dmean: 0.127506479621
        dmean2: 0.271574646235
        dvar: 0.00727498810738
        dvar2: 0.0168172251433
        max: 0.395725101233
        mean: 0.177098914981
        min: 0.066040314734
        var: 0.00932885147631
    bpm: 89.9396362305
    bpm_confidence: 0
    first_peak_bpm: 89
    first_peak_spread: 0
    first_peak_weight: 0.923076987267
    onset_rate: 2.99072289467
    second_peak_bpm: 84
    second_peak_spread: 0
    second_peak_weight: 0.0769230797887
    beats_position: [0.702484369278, 1.37307190895, 2.04365944862, 2.7142469883, 3.38483452797, 4.05542182922, 4.7260093689, 5.39659690857, 6.11146831512, 6.7751584053, 7.43884992599, 8.10254096985, 8.76623153687, 9.42992305756]
    bpm_estimates: [89.4348449707, 89.4310302734, 89.2279663086, 89.8031997681, 90.2791213989, 90.1970825195, 91.0375595093, 90.1063461304]
    bpm_intervals: [0.670587539673, 0.670587539673, 0.670587539673, 0.670587539673, 0.670587301254, 0.670587539673, 0.670587539673, 0.714871406555, 0.663690090179, 0.663691520691, 0.663691043854, 0.663690567017, 0.663691520691]
    onset_times: [0.0580498874187, 0.371519267559, 0.696598649025, 1.03328800201, 1.33514738083, 1.67183673382, 2.04335594177, 2.57741498947, 3.04181408882, 3.26240372658, 3.40172338486, 3.73841261864, 4.04027223587, 4.67882108688, 4.76009082794, 5.0967798233, 5.28253984451, 5.42185926437, 5.74693870544, 6.08362817764, 6.28099775314, 6.42031764984, 6.74539661407, 7.4303855896, 7.79029464722, 7.97605419159, 8.103764534, 8.77714252472, 9.14866256714, 9.42730140686]
    rubato_start: []
    rubato_stop: []
    perceptual_tempo: "unknown"

sfx:
    inharmonicity:
        dmean: 0.0479983352125
        dmean2: 0.0829386934638
        dvar: 0.00291783316061
        dvar2: 0.00819341652095
        max: 0.3445084095
        mean: 0.0576583370566
        min: 0.000850207463372
        var: 0.00323265674524
    oddtoevenharmonicenergyratio:
        dmean: 1.83424139023
        dmean2: 3.43282103539
        dvar: 12.5568962097
        dvar2: 36.8787231445
        max: 25.464258194
        mean: 1.37964379787
        min: 0.00067269540159
        var: 7.90956687927
    pitch_after_max_to_before_max_energy_ratio: 4.21742248535
    pitch_centroid: 217.205276489
    pitch_max_to_total: 0.166666671634
    pitch_min_to_total: 0.537037014961
    tristimulus:
        dmean: [0.176244929433, 0.22901058197, 0.144478052855]
        dmean2: [0.312609612942, 0.403293073177, 0.257831275463]
        dvar: [0.0266538113356, 0.0414775162935, 0.0171102080494]
        dvar2: [0.0708128139377, 0.11622915417, 0.0463112927973]
        max: [0.89154291153, 0.959122955799, 0.821494460106]
        mean: [0.328528046608, 0.457824677229, 0.164517521858]
        min: [0.00496164523065, 0, 0]
        var: [0.0371205024421, 0.0508065782487, 0.0218463037163]

tonal:
    chords_changes_rate: 0.087962962687
    chords_number_rate: 0.037037037313
    chords_strength:
        dmean: 0.0101028839126
        dmean2: 0.00929212197661
        dvar: 6.00476632826e-05
        dvar2: 5.64632864553e-05
        max: 0.754203736782
        mean: 0.478981167078
        min: 0.30498534441
        var: 0.0171379782259
    key_strength: 0.795334219933
    tuning_diatonic_strength: 0.694741785526
    tuning_equal_tempered_deviation: 0.117515161633
    tuning_frequency: 450.284484863
    tuning_nontempered_energy_ratio: 0.743924796581
    hpcp:
        dmean: [0.179971903563, 0.124746382236, 0.0817357897758, 0.14741936326, 0.217823386192, 0.206423580647, 0.239206761122, 0.182216614485, 0.134824603796, 0.120534069836, 0.124221011996, 0.160544767976, 0.154501020908, 0.128098636866, 0.11200273037, 0.132102444768, 0.146235510707, 0.124815955758, 0.123340241611, 0.142504751682, 0.160479038954, 0.184656754136, 0.173912346363, 0.131832897663, 0.105666846037, 0.108820289373, 0.147977203131, 0.165682822466, 0.151626840234, 0.115400128067, 0.0986848399043, 0.0870838239789, 0.101423062384, 0.11986283958, 0.121619381011, 0.172674939036]
        dmean2: [0.288606613874, 0.19658651948, 0.140675514936, 0.273916572332, 0.398181915283, 0.347991585732, 0.422162055969, 0.307298958302, 0.240806058049, 0.218566179276, 0.218600794673, 0.279151201248, 0.264480739832, 0.212486997247, 0.18691919744, 0.226254612207, 0.2530374825, 0.210618004203, 0.223500728607, 0.255669504404, 0.270164996386, 0.321315586567, 0.286724120378, 0.2318533957, 0.190816089511, 0.189595729113, 0.260647952557, 0.275715470314, 0.249113500118, 0.195538148284, 0.167107373476, 0.14957536757, 0.173505574465, 0.212327301502, 0.213911622763, 0.287060081959]
        dvar: [0.0339747443795, 0.0173953007907, 0.0144400633872, 0.0550078041852, 0.0758349746466, 0.0564169697464, 0.059960603714, 0.0455382466316, 0.0392579883337, 0.0386364012957, 0.0363189689815, 0.0403106920421, 0.0372051298618, 0.0260831899941, 0.0209538787603, 0.0324688479304, 0.0321198813617, 0.0212713610381, 0.0298729985952, 0.0313797593117, 0.0266852658242, 0.0442958660424, 0.0353258550167, 0.0344296358526, 0.0283609293401, 0.022191863507, 0.0351681448519, 0.045240521431, 0.0306547079235, 0.0249012392014, 0.0207010600716, 0.0167019739747, 0.0252019744366, 0.0270870458335, 0.0241684429348, 0.031825132668]
        dvar2: [0.0800745785236, 0.0420748852193, 0.0403471440077, 0.182320997119, 0.257158696651, 0.151816517115, 0.162471339107, 0.137498274446, 0.109409846365, 0.105793692172, 0.0890144258738, 0.106108888984, 0.0861141905189, 0.0696905776858, 0.056441847235, 0.0872197970748, 0.0893210023642, 0.057918228209, 0.079292088747, 0.0829706117511, 0.0648472011089, 0.112403661013, 0.0906608104706, 0.0878422930837, 0.0794984996319, 0.0611960403621, 0.0971485897899, 0.100522764027, 0.0722438395023, 0.0729531645775, 0.0531709007919, 0.0451862290502, 0.0722167566419, 0.0755085423589, 0.0676104202867, 0.0815919563174]
        max: [1, 1, 0.961600005627, 1, 1, 1, 1, 1, 1, 1, 1, 1, 1, 1, 1, 1, 1, 1, 1, 1, 1, 1, 1, 1, 1, 1, 1, 1, 1, 1, 1, 0.872775971889, 1, 1, 1, 1]
        mean: [0.375590205193, 0.230462253094, 0.114883728325, 0.145580619574, 0.226393222809, 0.330346822739, 0.341827243567, 0.22223867476, 0.139479115605, 0.121435210109, 0.147951006889, 0.241350233555, 0.259344726801, 0.200805217028, 0.218975156546, 0.251020222902, 0.230704024434, 0.195387721062, 0.180620789528, 0.189347833395, 0.306313455105, 0.381948500872, 0.255874305964, 0.142547056079, 0.110672608018, 0.131701394916, 0.220608845353, 0.250870466232, 0.192166864872, 0.168579608202, 0.144944876432, 0.114598952234, 0.132050096989, 0.147905364633, 0.196342274547, 0.328616321087]
        min: [0.0382981933653, 0.020000141114, 0.00921153277159, 0.00648095458746, 0.0107448678464, 0.0123198023066, 0.0115879932418, 0.0124548496678, 0.00421656155959, 0.0040247477591, 0.00772122526541, 0.0122711360455, 0.0150031708181, 0.0121621582657, 0.00917571689934, 0.0180517397821, 0.0203031059355, 0.0191406030208, 0.0113600231707, 0.00969635881484, 0.0172396618873, 0.0082803145051, 0.0177828446031, 0.00542580801994, 0.00543296383694, 0.00793945882469, 0.00635292567313, 0.0115721309558, 0.0108623383567, 0.00794166885316, 0.00657299300656, 0.00546513870358, 0.00496877823025, 0.00884749460965, 0.0159485079348, 0.0328292250633]
        var: [0.0770623013377, 0.0357273258269, 0.0145166981965, 0.0398955605924, 0.0717295706272, 0.0956961587071, 0.0879920348525, 0.0467442758381, 0.030948722735, 0.0282824542373, 0.04024618119, 0.0627011880279, 0.0678727924824, 0.0475823581219, 0.0621279627085, 0.0674544721842, 0.0586605742574, 0.043980628252, 0.0429988801479, 0.0443484224379, 0.0710411444306, 0.103778705001, 0.0550048500299, 0.0338508076966, 0.0207618605345, 0.0227191280574, 0.0473358295858, 0.0690213814378, 0.0398190096021, 0.0376124344766, 0.0426792576909, 0.0213956255466, 0.0239991974086, 0.0251543857157, 0.0319983251393, 0.0685746893287]
    chords_histogram: [39.8148155212, 0, 0, 0, 0, 0, 0.462962955236, 10.6481485367, 0, 0, 0, 0, 0, 0, 0, 2.77777767181, 0, 0, 0, 1.85185182095, 8.33333301544, 15.2777776718, 16.6666660309, 4.16666650772]
    thpcp: [1, 0.669918358326, 0.373210132122, 0.289757937193, 0.344814538956, 0.577587962151, 0.656817495823, 0.503122448921, 0.441367387772, 0.379488021135, 0.300037711859, 0.3457275033, 0.387239009142, 0.514054298401, 0.860368132591, 0.983353018761, 0.603385686874, 0.30078330636, 0.381152480841, 0.592732310295, 0.864898860455, 0.894956350327, 0.58185505867, 0.365177810192, 0.317936092615, 0.387358516455, 0.631892085075, 0.679004430771, 0.525739014149, 0.573310673237, 0.657209575176, 0.604018688202, 0.51155513525, 0.472893059254, 0.495741784573, 0.801975786686]
    chords_key: "A"
    chords_scale: "major"
    key_key: "A"
    key_scale: "major"
    chords_progression: ["D", "D", "D", "D", "D", "D", "D", "D", "D", "D", "D", "D", "Dm", "Dm", "D", "D", "D", "D", "Dm", "Dm", "Dm", "Dm", "A", "A", "A", "A", "A", "A", "A", "A", "A", "A", "A", "A", "A", "A", "A", "A", "A", "A", "A", "A", "A", "A", "A", "A", "A", "A", "A", "A", "A", "A", "A", "A", "A", "A", "A", "A", "A", "A", "A", "A", "A", "A", "A", "A", "A", "A", "A", "A", "A", "A", "A", "A", "A", "A", "A", "A", "A", "A", "A", "A", "A", "A", "A", "A", "A", "A", "A", "A", "A", "A", "A", "A", "Bm", "Bm", "Bm", "Bm", "Bm", "Bm", "Bm", "Bm", "Bm", "Bm", "Bm", "Bm", "Bm", "Bm", "Bm", "Bm", "Bm", "Bm", "Bm", "Bm", "Bm", "Bm", "Bm", "Bm", "Bm", "Bm", "Bm", "F#m", "F#m", "F#m", "F#m", "F#m", "F#m", "A", "A", "A", "D", "F#m", "F#m", "F#m", "A", "A", "A", "A", "A#m", "A#m", "A#m", "A#m", "A#m", "A#m", "A#m", "A#m", "A#m", "A#m", "A#m", "A#m", "A#m", "A#m", "A#m", "A#m", "A#m", "A#m", "A#m", "A#m", "A#m", "A#m", "A#m", "Em", "Em", "Em", "Em", "Bm", "Bm", "Bm", "Bm", "Bm", "Bm", "F#", "G", "G", "G", "G", "G", "G", "G", "G", "G", "G", "G", "G", "G", "G", "G", "D", "G", "G", "G", "D", "D", "D", "D", "D", "D", "D", "D", "D", "D", "D", "D", "D", "D", "D", "D", "D", "D", "A", "A", "A", "A", "A", "A", "A"]
