
metadata:
    version:
        essentia: "1.2.2"
    audio_properties:
        analysis_sample_rate: 44100
        bitrate: 128
        channels: 2
        equal_loudness: 1
        length: 10.0048980713
        replay_gain: -15.4491329193
        downmix: "mix"
    tags:
        track: 10
        year: 0
        album: "Splitted by Mp3Splt v. 2.1"
        artist: "From 001.30 To 001.40"
        comment: "http://mp3splt.sf.net"
        genre: ""
        title: "12 Drama.mp3"

highlevel:
    ballroom:
        all:
            ChaChaCha: 0.43776589632
            Jive: 0.121914371848
            Quickstep: 0.010610149242
            Rumba-American: 0.00250215269625
            Rumba-International: 0.00534332543612
            Rumba-Misc: 0.00966264028102
            Samba: 0.409345716238
            Tango: 0.00106197909918
            VienneseWaltz: 0.00109701836482
            Waltz: 0.000696756120306
        probability: 0.43776589632
        value: "ChaChaCha"
    culture:
        all:
            non_western: 0.215435415506
            western: 0.784564554691
        probability: 0.784564554691
        value: "western"
    gender:
        all:
            female: 0.00670432578772
            male: 0.993295669556
        probability: 0.993295669556
        value: "male"
    genre_dortmund:
        all:
            alternative: 0.000240535999183
            blues: 0.000186609948287
            electronic: 0.0019392054528
            folkcountry: 0.000218320812564
            funksoulrnb: 0.0013595802011
            jazz: 0.000409665721236
            pop: 0.00128892925568
            raphiphop: 0.993258237839
            rock: 0.00109893048648
        probability: 0.993258237839
        value: "raphiphop"
    genre_electronica:
        all:
            ambient: 0.0724483281374
            dnb: 0.317642509937
            house: 0.205859050155
            techno: 0.379068076611
            trance: 0.0249820575118
        probability: 0.379068076611
        value: "techno"
    genre_rosamerica:
        all:
            cla: 0.000291367963655
            dan: 0.049430526793
            hip: 0.931375801563
            jaz: 0.000479357200675
            pop: 0.0053826328367
            rhy: 0.0093736872077
            roc: 0.00177906453609
            spe: 0.00188753928524
        probability: 0.931375801563
        value: "hip"
    genre_tzanetakis:
        all:
            blu: 0.00160853902344
            cla: 0.001132075442
            cou: 0.00230664527044
            dis: 0.0190164539963
            hip: 0.30281868577
            jaz: 0.00144476955757
            met: 0.00276622641832
            pop: 0.525994002819
            reg: 0.137096136808
            roc: 0.00581644335762
        probability: 0.525994002819
        value: "pop"
    live_studio:
        all:
            live: 0.00601867772639
            studio: 0.993981301785
        probability: 0.993981301785
        value: "studio"
    mood:
        all:
            Cluster1: 0.284994155169
            Cluster2: 0.245266243815
            Cluster3: 0.0901748463511
            Cluster4: 0.1653650105
            Cluster5: 0.214199736714
        probability: 0.284994155169
        value: "Cluster1"
    mood_acoustic:
        all:
            acoustic: 0.0112294666469
            not_acoustic: 0.988770544529
        probability: 0.988770544529
        value: "not_acoustic"
    mood_aggressive:
        all:
            aggressive: 0.160533249378
            not_aggressive: 0.839466750622
        probability: 0.839466750622
        value: "not_aggressive"
    mood_electronic:
        all:
            electronic: 0.954142570496
            not_electronic: 0.0458574518561
        probability: 0.954142570496
        value: "electronic"
    mood_happy:
        all:
            happy: 0.729405641556
            not_happy: 0.270594358444
        probability: 0.729405641556
        value: "happy"
    mood_party:
        all:
            not_party: 0.0553278476
            party: 0.944672167301
        probability: 0.944672167301
        value: "party"
    mood_relaxed:
        all:
            not_relaxed: 0.9786003232
            relaxed: 0.0213997028768
        probability: 0.9786003232
        value: "not_relaxed"
    mood_sad:
        all:
            not_sad: 0.945151686668
            sad: 0.0548482909799
        probability: 0.945151686668
        value: "not_sad"
    rhythm:
        all:
            fast: 0.874782562256
            medium: 0.107581570745
            slow: 0.017635891214
        probability: 0.874782562256
        value: "fast"
    speech_music:
        all:
            music: 0.992128133774
            speech: 0.00787186063826
        probability: 0.992128133774
        value: "music"
    timbre:
        all:
            bright: 0.104175306857
            dark: 0.895824670792
        probability: 0.895824670792
        value: "dark"
    voice_instrumental:
        all:
            instrumental: 0.00283411680721
            voice: 0.997165858746
        probability: 0.997165858746
        value: "voice"

lowlevel:
    average_loudness: 0.972336113453
    barkbands_kurtosis:
        dmean: 4.520652771
        dmean2: 7.84570026398
        dvar: 91.8924407959
        dvar2: 240.300537109
        max: 72.7505111694
        mean: 2.60474967957
        min: -1.81167161465
        var: 77.005607605
    barkbands_skewness:
        dmean: 0.972417771816
        dmean2: 1.40299665928
        dvar: 1.00611615181
        dvar2: 2.28768992424
        max: 7.39870262146
        mean: 0.749884366989
        min: -3.19308710098
        var: 2.17370700836
    barkbands_spread:
        dmean: 9.93312358856
        dmean2: 16.6875495911
        dvar: 101.861183167
        dvar2: 248.663955688
        max: 68.1276779175
        mean: 24.4717388153
        min: 1.17857956886
        var: 156.405075073
    dissonance:
        dmean: 0.0289445891976
        dmean2: 0.0483292043209
        dvar: 0.000734240806196
        dvar2: 0.00180237065069
        max: 0.499980121851
        mean: 0.450620472431
        min: 0.301297217607
        var: 0.0013993360335
    hfc:
        dmean: 3.91634893417
        dmean2: 5.79332256317
        dvar: 55.0132675171
        dvar2: 107.917564392
        max: 54.0159492493
        mean: 5.50317049026
        min: 0.0864874273539
        var: 75.4318847656
    pitch:
        dmean: 679.718811035
        dmean2: 1299.36547852
        dvar: 1396795.625
        dvar2: 2890877
        max: 4009.09082031
        mean: 938.180114746
        min: 75.2559738159
        var: 1725535.75
    pitch_instantaneous_confidence:
        dmean: 0.123309202492
        dmean2: 0.197704061866
        dvar: 0.00982232857496
        dvar2: 0.0229250583798
        max: 0.868084549904
        mean: 0.449647665024
        min: 0.143903434277
        var: 0.0257341787219
    pitch_salience:
        dmean: 0.0960867777467
        dmean2: 0.152388885617
        dvar: 0.00778969656676
        dvar2: 0.0179681926966
        max: 0.873790442944
        mean: 0.61255967617
        min: 0.227197051048
        var: 0.013927590102
    silence_rate_20dB:
        dmean: 0
        dmean2: 0
        dvar: 0
        dvar2: 0
        max: 1
        mean: 1
        min: 1
        var: 0
    silence_rate_30dB:
        dmean: 0
        dmean2: 0
        dvar: 0
        dvar2: 0
        max: 1
        mean: 1
        min: 1
        var: 0
    silence_rate_60dB:
        dmean: 0.213457077742
        dmean2: 0.427906990051
        dvar: 0.167892679572
        dvar2: 0.28666383028
        max: 1
        mean: 0.548611104488
        min: 0
        var: 0.247636348009
    spectral_centroid:
        dmean: 478.574188232
        dmean2: 679.758972168
        dvar: 232827.796875
        dvar2: 425842.28125
        max: 4519.99365234
        mean: 1416.01782227
        min: 119.101173401
        var: 671017.125
    spectral_complexity:
        dmean: 3.76279067993
        dmean2: 5.16083908081
        dvar: 25.2692737579
        dvar2: 39.4589385986
        max: 38
        mean: 8.10208797455
        min: 0
        var: 58.8387298584
    spectral_crest:
        dmean: 3.45627307892
        dmean2: 5.77328491211
        dvar: 8.08128261566
        dvar2: 21.8034381866
        max: 22.1120986938
        mean: 9.18008899689
        min: 2.88644695282
        var: 15.3899917603
    spectral_decrease:
        dmean: 6.02262406613e-10
        dmean2: 9.79952119451e-10
        dvar: 6.96238800465e-19
        dvar2: 1.78913086718e-18
        max: -9.02609150616e-12
        mean: -8.4889106855e-10
        min: -4.51137216473e-09
        var: 8.07166925934e-19
    spectral_energy:
        dmean: 0.00258495472372
        dmean2: 0.00415739649907
        dvar: 1.1886095308e-05
        dvar2: 2.93705888907e-05
        max: 0.0174411106855
        mean: 0.00370306102559
        min: 4.41600168415e-05
        var: 1.4948430362e-05
    spectral_energyband_high:
        dmean: 0.000327815767378
        dmean2: 0.000499539833982
        dvar: 9.50403091338e-07
        dvar2: 1.95696270566e-06
        max: 0.00675849290565
        mean: 0.000341314589605
        min: 5.16780858106e-08
        var: 1.05889341739e-06
    spectral_energyband_low:
        dmean: 0.000540447887033
        dmean2: 0.000877756392583
        dvar: 1.36493349601e-06
        dvar2: 3.36901484843e-06
        max: 0.00599953252822
        mean: 0.000438866351033
        min: 1.99260966838e-07
        var: 1.18035870855e-06
    spectral_energyband_middle_high:
        dmean: 0.000796853331849
        dmean2: 0.00112619833089
        dvar: 1.24128575862e-06
        dvar2: 2.52196787187e-06
        max: 0.00849195756018
        mean: 0.00125921145082
        min: 1.0586377357e-05
        var: 2.25514531849e-06
    spectral_energyband_middle_low:
        dmean: 0.00167785969097
        dmean2: 0.00295712170191
        dvar: 8.65277434059e-06
        dvar2: 2.4794946512e-05
        max: 0.0160267408937
        mean: 0.00166366086341
        min: 1.3362622667e-05
        var: 6.51967002341e-06
    spectral_flatness_db:
        dmean: 0.0329693257809
        dmean2: 0.0528286211193
        dvar: 0.000973510323092
        dvar2: 0.00231790915132
        max: 0.397479355335
        mean: 0.160989522934
        min: 0.0525403432548
        var: 0.00234790146351
    spectral_flux:
        dmean: 0.0163354184479
        dmean2: 0.0252529326826
        dvar: 0.000381696649129
        dvar2: 0.000686532526743
        max: 0.12454777956
        mean: 0.046011198312
        min: 0.00501060439274
        var: 0.000793337007053
    spectral_kurtosis:
        dmean: 3.01650571823
        dmean2: 4.99415922165
        dvar: 41.3061943054
        dvar2: 108.78679657
        max: 62.1172637939
        mean: 4.67280006409
        min: -1.22498369217
        var: 47.9088020325
    spectral_rms:
        dmean: 0.000616456440184
        dmean2: 0.000930553185754
        dvar: 4.73981060622e-07
        dvar2: 1.09102347778e-06
        max: 0.00412501115352
        mean: 0.00166280055419
        min: 0.000207564313314
        var: 8.47837100082e-07
    spectral_rolloff:
        dmean: 803.08770752
        dmean2: 1320.80358887
        dvar: 1002675.875
        dvar2: 1725421.25
        max: 7687.35351562
        mean: 2494.50317383
        min: 129.19921875
        var: 2017433.5
    spectral_skewness:
        dmean: 0.428409904242
        dmean2: 0.672663271427
        dvar: 0.33926063776
        dvar2: 0.806832849979
        max: 6.51314735413
        mean: 1.59908342361
        min: 0.385114371777
        var: 0.573650598526
    spectral_spread:
        dmean: 1587037.625
        dmean2: 2406604
        dvar: 3.46063608218e+12
        dvar2: 7.22551177216e+12
        max: 16798134
        mean: 5749576.5
        min: 1262946
        var: 6.89983927091e+12
    spectral_strongpeak:
        dmean: 0.39365208149
        dmean2: 0.690471470356
        dvar: 0.3560513556
        dvar2: 0.977930724621
        max: 3.93460869789
        mean: 0.480349093676
        min: 0.00866105034947
        var: 0.373154789209
    zerocrossingrate:
        dmean: 0.0183275807649
        dmean2: 0.0219533070922
        dvar: 0.000259472086327
        dvar2: 0.000366724649211
        max: 0.2080078125
        mean: 0.0797733739018
        min: 0.00634765625
        var: 0.00125479872804
    barkbands:
        dmean: [3.09100641971e-07, 0.000186328281416, 0.00043785572052, 0.000383448059438, 0.000575316196773, 0.000251406832831, 0.000531796424184, 0.00011516847735, 0.000141777345561, 8.01090427558e-05, 4.31953230873e-05, 8.11503559817e-05, 3.13928103424e-05, 3.70656816813e-05, 7.90189369582e-05, 9.19716621866e-05, 0.000118077674415, 0.000199270507437, 0.000251308403676, 0.000179431357537, 0.000134261194034, 5.95139645156e-05, 1.64572484209e-05, 9.88426381809e-06, 4.90288311994e-06, 3.42606909953e-07, 1.97359240062e-09]
        dmean2: [5.02243324263e-07, 0.000297307909932, 0.000811476202216, 0.000726670783479, 0.00108724844176, 0.000437787151895, 0.000874570454471, 0.000203530216822, 0.000222872011364, 0.000131900436827, 7.152393664e-05, 0.000138087882078, 4.84107222292e-05, 6.0472455516e-05, 0.000117503193906, 0.000147138998727, 0.00018783431733, 0.000303351582261, 0.000385960913263, 0.000276492792182, 0.000197537883651, 9.04491535039e-05, 2.4312577807e-05, 1.45909971252e-05, 7.93382150732e-06, 5.68652467337e-07, 3.33747518511e-09]
        dvar: [2.3833165259e-13, 1.53591102503e-07, 1.2122715134e-06, 1.3578898006e-06, 2.32997831517e-06, 2.38822622123e-07, 1.37766267017e-06, 5.16325258104e-08, 1.28616889583e-07, 1.61556261702e-08, 1.02595105744e-08, 4.06665421337e-08, 6.85670054068e-09, 7.22583637369e-09, 3.47621700314e-08, 4.57366624573e-08, 4.55613289319e-08, 1.61889019523e-07, 2.40314705025e-07, 2.94831323799e-07, 1.38581825126e-07, 2.71957993903e-08, 1.75438219507e-09, 5.6083448996e-10, 9.00645391599e-11, 5.62839325927e-13, 1.34224331524e-17]
        dvar2: [5.98166752675e-13, 3.4252721548e-07, 3.34398805535e-06, 3.8989001041e-06, 6.76597665006e-06, 5.86471514907e-07, 3.44593240698e-06, 1.42303335338e-07, 3.11720668833e-07, 3.93792767284e-08, 2.60524117834e-08, 1.10697484956e-07, 1.53271226822e-08, 1.70536758048e-08, 7.60929808052e-08, 1.00246133172e-07, 1.10513980189e-07, 3.99467182888e-07, 5.0207768254e-07, 6.245781492e-07, 2.69802427511e-07, 5.53812498083e-08, 3.24843951738e-09, 1.16179388332e-09, 2.01978475611e-10, 1.53235117737e-12, 3.37910195458e-17]
        max: [3.92383071812e-06, 0.0022515419405, 0.00543032679707, 0.00724729802459, 0.00957860331982, 0.00366448843852, 0.0110953105614, 0.00213800487109, 0.00351338251494, 0.000869185198098, 0.00150219700299, 0.00198437063955, 0.000933432485908, 0.000856308906805, 0.00220618862659, 0.00292886607349, 0.00181612465531, 0.00408935779706, 0.00363943632692, 0.00374477077276, 0.0025039378088, 0.00112018501386, 0.000277967366856, 0.000158712558914, 0.000102333862742, 8.96988694876e-06, 2.65011745881e-08]
        mean: [9.62854869613e-07, 0.000173714681296, 0.000264200585661, 0.000226293632295, 0.000412703549955, 0.000246200885158, 0.000478332018247, 0.000114572038001, 0.000161914605997, 9.98488103505e-05, 5.24649694853e-05, 9.01874227566e-05, 3.62857390428e-05, 3.9916310925e-05, 8.97261270438e-05, 0.000109949040052, 0.000148796956637, 0.000247284624493, 0.000296537968097, 0.000176842688234, 0.000139448078698, 6.34008538327e-05, 1.84346790775e-05, 9.97121787805e-06, 4.79581422042e-06, 2.77136592786e-07, 1.44897605026e-09]
        min: [5.96851235102e-10, 1.01749421333e-07, 2.4830761447e-08, 1.14306422105e-08, 6.57053078612e-07, 2.35173430951e-07, 4.4880430039e-08, 1.13012606562e-06, 2.28562885241e-06, 1.57017666425e-06, 4.10859115618e-08, 2.10132697021e-07, 1.95323309526e-07, 4.08049416478e-08, 2.00935431849e-07, 1.67074901469e-07, 1.32604753844e-07, 2.29402431273e-07, 1.38123382953e-07, 4.03387012682e-08, 1.20702301487e-08, 3.28894445012e-09, 2.67681793398e-10, 1.01017291754e-10, 8.94610635571e-11, 5.80226361749e-12, 3.85752288944e-14]
        var: [1.0260495795e-12, 1.50719785097e-07, 7.49354569507e-07, 7.59361682867e-07, 1.31707213313e-06, 2.3430683882e-07, 1.32330455926e-06, 4.43016716645e-08, 1.33737955821e-07, 2.24893792478e-08, 2.00091800906e-08, 5.20696090689e-08, 8.15903344886e-09, 7.91219179064e-09, 4.8373706818e-08, 5.94756279781e-08, 6.85603822603e-08, 1.75646178491e-07, 3.10064280029e-07, 3.16364094033e-07, 1.66172085869e-07, 3.14729042827e-08, 2.35171415675e-09, 6.9978506323e-10, 1.21372994988e-10, 5.77768735632e-13, 1.07869844356e-17]
    mfcc:
        mean: [-757.334777832, 107.127571106, -27.9185943604, 44.239566803, -16.5507736206, -14.7474117279, -8.0530424118, 3.02916669846, 0.601423025131, -4.83513212204, 3.2491414547, -3.02366638184, -1.37656629086]
        cov: [[4864.76757812, -1899.78955078, -288.791351318, 197.614349365, 151.702438354, 73.7411499023, -169.280380249, -67.4499969482, -95.3496551514, -23.0307884216, 113.354423523, 142.781982422, 76.226272583], [-1899.78955078, 2291.50317383, -46.739566803, 57.9692192078, 33.3761253357, 119.286483765, 73.8017044067, -75.0670089722, -66.599861145, -134.982849121, -8.63609218597, -128.559738159, -11.8067827225], [-288.791351318, -46.739566803, 1026.29663086, 94.4550857544, 103.916114807, 2.84415531158, 146.201324463, -15.8752660751, -19.2436122894, 14.1285018921, -120.186347961, -14.1699647903, -47.1320304871], [197.614349365, 57.9692192078, 94.4550857544, 468.092346191, 96.8214187622, 72.5064849854, -15.5270500183, -60.4804878235, -32.5870513916, 44.9122543335, 3.37052464485, -61.4205245972, -11.9750270844], [151.702438354, 33.3761253357, 103.916114807, 96.8214187622, 314.09942627, 63.2121810913, -58.5240097046, -114.653198242, -26.550201416, 53.768573761, -7.72564220428, -45.1417007446, 17.8179073334], [73.7411499023, 119.286483765, 2.84415531158, 72.5064849854, 63.2121810913, 185.962814331, 25.3347434998, -22.1605224609, -9.77867698669, 22.3992366791, 10.9996376038, -16.4584827423, -5.21259689331], [-169.280380249, 73.8017044067, 146.201324463, -15.5270500183, -58.5240097046, 25.3347434998, 220.116607666, 104.368301392, 32.0570144653, -11.9431695938, -23.0987300873, 35.8710746765, -17.196056366], [-67.4499969482, -75.0670089722, -15.8752660751, -60.4804878235, -114.653198242, -22.1605224609, 104.368301392, 230.881027222, 72.8382568359, -26.1943264008, -5.77103281021, 59.1263198853, 2.77565598488], [-95.3496551514, -66.599861145, -19.2436122894, -32.5870513916, -26.550201416, -9.77867698669, 32.0570144653, 72.8382568359, 132.762283325, 45.9278106689, -9.74174880981, 21.3756084442, -10.1886091232], [-23.0307884216, -134.982849121, 14.1285018921, 44.9122543335, 53.768573761, 22.3992366791, -11.9431695938, -26.1943264008, 45.9278106689, 167.867797852, 8.74984073639, -3.29754161835, -16.0652732849], [113.354423523, -8.63609218597, -120.186347961, 3.37052464485, -7.72564220428, 10.9996376038, -23.0987300873, -5.77103281021, -9.74174880981, 8.74984073639, 117.405952454, 25.6011142731, 21.4494113922], [142.781982422, -128.559738159, -14.1699647903, -61.4205245972, -45.1417007446, -16.4584827423, 35.8710746765, 59.1263198853, 21.3756084442, -3.29754161835, 25.6011142731, 119.68813324, 33.8678588867], [76.226272583, -11.8067827225, -47.1320304871, -11.9750270844, 17.8179073334, -5.21259689331, -17.196056366, 2.77565598488, -10.1886091232, -16.0652732849, 21.4494113922, 33.8678588867, 102.104896545]]
        icov: [[0.000407019804697, 0.000381805351935, 0.00015384813014, -0.000218812652747, -0.000238890075707, -0.000307369686197, 3.48306202795e-05, 0.000124171259813, 0.000190238963114, 0.000501021626405, -0.000124566577142, -0.000385905528674, 6.61162339384e-05], [0.000381805351935, 0.000891489034984, 0.000215324267629, -0.000196822700673, -0.000235103856539, -0.000554089201614, -0.000363253318937, 0.000363645289326, 0.000111942274089, 0.000964875624049, -0.000204267751542, 0.000253119098488, -4.20252654294e-05], [0.00015384813014, 0.000215324267629, 0.00144071178511, -0.00031256134389, -0.0006571735139, 0.00023254462576, -0.00113523192704, 0.000352277798811, 0.000445911573479, 0.00016390705423, 0.00111799070146, -0.000431278691394, 0.000442689226475], [-0.000218812652747, -0.000196822700673, -0.00031256134389, 0.00270317867398, -0.000175937908352, -0.000536703388207, 1.68590013345e-05, -0.000174393018824, 0.000426033977419, -0.00086998345796, -0.000335296062985, 0.0013545777183, -0.000149013052578], [-0.000238890075707, -0.000235103856539, -0.0006571735139, -0.000175937908352, 0.0049613378942, -0.00112371600699, 0.000778910238296, 0.00148047227412, -0.000322606356349, -0.00134159391746, 0.000355864467565, 0.00103205442429, -0.00166541163344], [-0.000307369686197, -0.000554089201614, 0.00023254462576, -0.000536703388207, -0.00112371600699, 0.0068872179836, -0.00157545821276, 8.47425762913e-05, 0.000292610260658, -0.00103163009044, -0.000567937735468, 0.000422981014708, 0.000335742108291], [3.48306202795e-05, -0.000363253318937, -0.00113523192704, 1.68590013345e-05, 0.000778910238296, -0.00157545821276, 0.00765157677233, -0.00295364577323, -8.48653144203e-05, -9.46218860918e-05, 0.000524569652043, -0.00169453874696, 0.000991045613773], [0.000124171259813, 0.000363645289326, 0.000352277798811, -0.000174393018824, 0.00148047227412, 8.47425762913e-05, -0.00295364577323, 0.00835602451116, -0.00367906992324, 0.00185535138007, 0.00019692000933, -0.00168616964947, -0.000444374949438], [0.000190238963114, 0.000111942274089, 0.000445911573479, 0.000426033977419, -0.000322606356349, 0.000292610260658, -8.48653144203e-05, -0.00367906992324, 0.0114337168634, -0.00368028623052, 0.00125211302657, -0.000717176881153, 0.00082039058907], [0.000501021626405, 0.000964875624049, 0.00016390705423, -0.00086998345796, -0.00134159391746, -0.00103163009044, -9.46218860918e-05, 0.00185535138007, -0.00368028623052, 0.0090587483719, -0.00120915460866, -0.000751548388507, 0.00138760730624], [-0.000124566577142, -0.000204267751542, 0.00111799070146, -0.000335296062985, 0.000355864467565, -0.000567937735468, 0.000524569652043, 0.00019692000933, 0.00125211302657, -0.00120915460866, 0.010906836018, -0.00263115437701, -0.000945767620578], [-0.000385905528674, 0.000253119098488, -0.000431278691394, 0.0013545777183, 0.00103205442429, 0.000422981014708, -0.00169453874696, -0.00168616964947, -0.000717176881153, -0.000751548388507, -0.00263115437701, 0.0133768524975, -0.00419504055753], [6.61162339384e-05, -4.20252654294e-05, 0.000442689226475, -0.000149013052578, -0.00166541163344, 0.000335742108291, 0.000991045613773, -0.000444374949438, 0.00082039058907, 0.00138760730624, -0.000945767620578, -0.00419504055753, 0.0123036047444]]
    spectral_contrast:
        mean: [-1.10116467056e-08, 5.35888622366e-09, -8.96187302146e-08, -1.66903376453e-07, 2.41080726937e-07, -3.08222389833e-08, -1.05794786265e-08, 8.55278244671e-07, 1.68497217601e-06, 3.48659523297e-06, -4.35044739788e-06, -1.91094432012e-06]
        var: [0.000757520319894, 0.00129272590857, 0.0029250443913, 0.00337318424135, 0.00589317083359, 0.00781246088445, 0.125123232603, 0.165296986699, 0.260651141405, 0.515434682369, 1.00229990482, 2.39828419685]

rhythm:
    beats_loudness:
        dmean: 0.00619288301095
        dmean2: 0.011674108915
        dvar: 2.07889788726e-05
        dvar2: 6.42729937681e-05
        max: 0.016454204917
        mean: 0.00662395404652
        min: 0.000667738961056
        var: 2.12608156289e-05
    beats_loudness_bass:
        dmean: 0.238697782159
        dmean2: 0.438134998083
        dvar: 0.059708211571
        dvar2: 0.117837615311
        max: 0.726815462112
        mean: 0.174611464143
        min: 0.00307623506524
        var: 0.0596110932529
    bpm: 90.4509277344
    bpm_confidence: 0
    first_peak_bpm: 90
    first_peak_spread: 0
    first_peak_weight: 0.923076927662
    onset_rate: 5.4973077774
    second_peak_bpm: 62
    second_peak_spread: 0
    second_peak_weight: 0.0769230797887
    beats_position: [0.584556400776, 1.24801886082, 1.91148138046, 2.5749437809, 3.23840618134, 3.90186882019, 4.56533145905, 5.2287940979, 6.1980099678, 6.86112499237, 7.52424001694, 8.1873550415, 8.85046863556, 9.51358413696]
    bpm_estimates: [90.5729675293, 90.4029846191, 90.5546722412, 89.7895126343, 90.701171875, 90.6464767456, 90.4930114746, 90.5168762207, 90.3765182495, 90.2990036011, 90.4189071655, 90.5807495117, 90.5272598267, 90.5666809082, 90.3173065186]
    bpm_intervals: [0.663462460041, 0.663462519646, 0.663462400436, 0.663462400436, 0.663462638855, 0.663462638855, 0.663462638855, 0.969215869904, 0.663115024567, 0.663115024567, 0.663115024567, 0.663113594055, 0.663115501404]
    onset_times: [0.0464399084449, 0.220589563251, 0.359909296036, 0.522448956966, 0.801088452339, 0.905578255653, 1.02167797089, 1.18421769142, 1.46285712719, 1.52090704441, 1.69505667686, 1.88081634045, 2.12462592125, 2.19428563118, 2.27555561066, 2.3916554451, 2.51936507225, 2.84444451332, 3.01859402657, 3.19274377823, 3.56426310539, 3.69197273254, 3.79646253586, 3.85451245308, 4.19120168686, 4.36535167694, 4.53950119019, 4.7833108902, 4.86458063126, 5.02712011337, 5.16644001007, 5.53795909882, 5.60761928558, 5.72371864319, 5.86303853989, 5.97913837433, 6.21133804321, 6.3622674942, 6.52480745316, 6.8382768631, 7.02403640747, 7.18657588959, 7.37233543396, 7.52326536179, 7.81351470947, 8.13859367371, 8.28952407837, 8.52172374725, 8.6958732605, 9.02095222473, 9.18349170685, 9.35764217377, 9.52018165588, 9.69433116913, 9.85687065125]
    rubato_start: []
    rubato_stop: []
    perceptual_tempo: "unknown"

sfx:
    inharmonicity:
        dmean: 0.0551034025848
        dmean2: 0.0977688878775
        dvar: 0.00378054357134
        dvar2: 0.0101810693741
        max: 0.368908882141
        mean: 0.0555158928037
        min: 0
        var: 0.00424289610237
    oddtoevenharmonicenergyratio:
        dmean: 5.31095409393
        dmean2: 10.1999521255
        dvar: 618.700439453
        dvar2: 1854.44567871
        max: 285.766998291
        mean: 3.27705192566
        min: 0
        var: 320.732513428
    pitch_after_max_to_before_max_energy_ratio: 15.2883777618
    pitch_centroid: 227.680023193
    pitch_max_to_total: 0.118329465389
    pitch_min_to_total: 0.988399088383
    tristimulus:
        dmean: [0.232103422284, 0.282626152039, 0.1372397542]
        dmean2: [0.394699603319, 0.495154887438, 0.242030128837]
        dvar: [0.0441582836211, 0.0510257072747, 0.0219777505845]
        dvar2: [0.105891309679, 0.135425791144, 0.0611981078982]
        max: [1, 0.986562609673, 0.823580086231]
        mean: [0.389051824808, 0.421034514904, 0.125421658158]
        min: [0.0131738362834, 0, 0]
        var: [0.0749128088355, 0.0752454996109, 0.0237224046141]

tonal:
    chords_changes_rate: 0.10599078238
    chords_number_rate: 0.0322580635548
    chords_strength:
        dmean: 0.0129201989621
        dmean2: 0.0169068519026
        dvar: 0.000121585173474
        dvar2: 0.000187913115951
        max: 0.66952341795
        mean: 0.506400465965
        min: 0.344528883696
        var: 0.00581224728376
    key_strength: 0.578952968121
    tuning_diatonic_strength: 0.600364267826
    tuning_equal_tempered_deviation: 0.239334926009
    tuning_frequency: 453.154663086
    tuning_nontempered_energy_ratio: 0.900780200958
    hpcp:
        dmean: [0.202825471759, 0.224018827081, 0.169196501374, 0.15137091279, 0.163564875722, 0.201626196504, 0.247175112367, 0.226671770215, 0.207242071629, 0.146497145295, 0.125847890973, 0.146158859134, 0.143584951758, 0.173435881734, 0.196379721165, 0.178716659546, 0.163825124502, 0.167200818658, 0.158461928368, 0.161023929715, 0.166023641825, 0.171841621399, 0.172824129462, 0.175004959106, 0.175973728299, 0.195706829429, 0.256612986326, 0.297937959433, 0.247865974903, 0.259764254093, 0.261984318495, 0.215753644705, 0.233018130064, 0.253822773695, 0.229944318533, 0.222780719399]
        dmean2: [0.33787766099, 0.3833322227, 0.295514762402, 0.265622884035, 0.287404745817, 0.354894608259, 0.428916156292, 0.389280557632, 0.358516186476, 0.251737535, 0.217511817813, 0.246071830392, 0.235227525234, 0.288929402828, 0.323949605227, 0.311320990324, 0.285756200552, 0.281180739403, 0.270758420229, 0.28402286768, 0.294790267944, 0.305833995342, 0.315499454737, 0.319462150335, 0.311235010624, 0.347803324461, 0.451531410217, 0.529128074646, 0.437091767788, 0.431461662054, 0.461555093527, 0.376150399446, 0.394273966551, 0.441700994968, 0.386447817087, 0.38167783618]
        dvar: [0.052038487047, 0.0755537673831, 0.0446756631136, 0.0451339557767, 0.0509350821376, 0.0516486465931, 0.0671567842364, 0.056079339236, 0.0523446239531, 0.0314788520336, 0.0230211168528, 0.0365676730871, 0.0347064994276, 0.043842703104, 0.0483383089304, 0.0395496822894, 0.0317827016115, 0.0311705302447, 0.0305566042662, 0.0528076663613, 0.0528056286275, 0.0520601272583, 0.0466395802796, 0.0529609173536, 0.0368460156024, 0.0543265379965, 0.0743864476681, 0.0796226635575, 0.0587202571332, 0.055675085634, 0.0594616904855, 0.0507365018129, 0.0546324886382, 0.0682577341795, 0.0623349435627, 0.0582918971777]
        dvar2: [0.110185049474, 0.199115857482, 0.106511592865, 0.11973438412, 0.14533637464, 0.132640942931, 0.166562050581, 0.145961031318, 0.130942866206, 0.0910689011216, 0.0641230791807, 0.0899085626006, 0.0910855904222, 0.112868338823, 0.121666774154, 0.103547759354, 0.0811313837767, 0.0846669450402, 0.0864201188087, 0.139296472073, 0.147166952491, 0.144864544272, 0.125052645802, 0.144613370299, 0.0966390296817, 0.139755114913, 0.193989798427, 0.22413392365, 0.14912097156, 0.147744908929, 0.152149230242, 0.126089960337, 0.143991664052, 0.168800085783, 0.166726365685, 0.156038582325]
        max: [1, 1, 1, 1, 1, 1, 1, 1, 1, 1, 0.798867225647, 1, 1, 1, 1, 1, 1, 1, 1, 1, 1, 1, 1, 1, 1, 1, 1, 1, 1, 1, 1, 1, 1, 1, 1, 1]
        mean: [0.227396920323, 0.215742915869, 0.193837493658, 0.163909479976, 0.161083683372, 0.211390137672, 0.261399567127, 0.240851536393, 0.194378182292, 0.14595387876, 0.129708006978, 0.148554027081, 0.157218620181, 0.204979524016, 0.247252225876, 0.205416887999, 0.177472814918, 0.190867468715, 0.180371582508, 0.168636262417, 0.166074693203, 0.173813521862, 0.174923613667, 0.16892336309, 0.172286897898, 0.194213047624, 0.260849863291, 0.286791950464, 0.307045608759, 0.358787685633, 0.325489670038, 0.2511523664, 0.24882273376, 0.27231669426, 0.253344595432, 0.236656263471]
        min: [0.00185688422062, 0.00100921699777, 0.000993122230284, 0.0022384475451, 0.00147900357842, 0.00101122143678, 0.00141884153709, 0.0021011189092, 0.00176683440804, 0.00130338140298, 0.000552492041606, 0.00056347635109, 0.000745053926948, 0.000502112845425, 0.000415824004449, 0.000618332996964, 0.00219595991075, 0.000903083477169, 0.0010544504039, 0.00129231170285, 0.000386897998396, 0.0002479419054, 0.000401131197577, 0.001220125705, 0.00160534807947, 0.00233676237985, 0.0033719772473, 0.00542705692351, 0.00386909930967, 0.00392063334584, 0.00408784346655, 0.00328713445924, 0.0025606371928, 0.00328495376743, 0.00328414561227, 0.000856128230225]
        var: [0.0756842344999, 0.0809818357229, 0.0577829889953, 0.0484085604548, 0.0492119714618, 0.0609899200499, 0.0891639143229, 0.069248020649, 0.0560384243727, 0.0311023928225, 0.0250590108335, 0.0419360697269, 0.040667604655, 0.0557930953801, 0.0815071165562, 0.0541642233729, 0.0402216687799, 0.0413975343108, 0.0386539064348, 0.0604357346892, 0.0546034388244, 0.0529433116317, 0.0465802587569, 0.0493122190237, 0.0412539504468, 0.0572185069323, 0.0824873149395, 0.0884422510862, 0.0842275992036, 0.110366664827, 0.0835170671344, 0.0618295818567, 0.0671298950911, 0.0878266617656, 0.0699724853039, 0.0676371827722]
    chords_histogram: [11.9815664291, 0, 0, 0, 0, 0, 0, 0, 0, 0, 0, 0, 0, 5.0691242218, 3.68663597107, 1.38248848915, 0, 23.9631328583, 0, 0, 0, 29.4930877686, 24.4239635468, 0]
    thpcp: [1, 0.907193005085, 0.700002729893, 0.693509697914, 0.75899118185, 0.706112861633, 0.659599721432, 0.633792459965, 0.601310789585, 0.540256798267, 0.456842541695, 0.44896659255, 0.589178919792, 0.72856336832, 0.671292662621, 0.541763782501, 0.406797349453, 0.361517429352, 0.414044380188, 0.438194036484, 0.571311473846, 0.689132392406, 0.572530508041, 0.494645774364, 0.531978845596, 0.502725124359, 0.470016866922, 0.462877362967, 0.48444673419, 0.487540751696, 0.470817059278, 0.480191767216, 0.541303575039, 0.727031230927, 0.799336075783, 0.855786383152]
    chords_key: "G#"
    chords_scale: "minor"
    key_key: "F#"
    key_scale: "major"
    chords_progression: ["Em", "Em", "Em", "Em", "Em", "Em", "Em", "Em", "Em", "Em", "Em", "B", "B", "B", "B", "B", "B", "B", "B", "B", "B", "B", "B", "B", "B", "B", "B", "B", "B", "B", "B", "B", "B", "B", "B", "B", "B", "B", "G#m", "G#m", "G#m", "G#m", "G#m", "G#m", "G#m", "G#m", "G#m", "G#m", "G#m", "G#m", "G#m", "G#m", "G#m", "G#m", "G#m", "G#m", "G#m", "G#m", "G#m", "G#m", "G#m", "G#m", "G#m", "G#m", "G#m", "G#m", "G#m", "G#m", "G#m", "G#m", "G#m", "G#m", "G#m", "G#m", "G#m", "G#m", "G#m", "G#m", "G#m", "G#m", "G#m", "G#m", "G#m", "G#m", "G#m", "G#m", "G#m", "G#m", "G#m", "G#m", "G#m", "G#m", "G#m", "G#m", "G#m", "G#m", "G#m", "G#m", "G#m", "G#m", "G#m", "G#m", "G", "G", "G", "G", "G", "G", "G", "G", "Bm", "Bm", "B", "Bm", "B", "B", "B", "B", "B", "B", "B", "B", "B", "B", "B", "B", "B", "B", "B", "B", "B", "B", "B", "B", "B", "F#m", "F#m", "B", "B", "B", "F#", "F#m", "F#m", "F#", "F#", "F#", "F#", "F#", "F#", "F#m", "F#m", "F#", "F#", "F#", "F#", "F#", "F#", "F#", "F#", "F#", "F#", "F#", "F#m", "F#m", "F#", "B", "F#", "F#", "F#m", "F#", "F#m", "F#m", "F#m", "F#", "F#", "F#", "F#", "F#m", "F#m", "F#m", "F#m", "F#m", "F#m", "F#m", "F#m", "F#m", "F#m", "F#m", "F#m", "F#m", "F#m", "F#m", "F#m", "F#m", "F#m", "F#m", "F#m", "F#m", "F#m", "F#m", "F#m", "F#m", "F#m", "F#m", "F#m", "F#m", "F#m", "F#m", "F#m", "F#m", "F#m", "F#m", "F#m", "F#m", "F#m", "F#m", "F#m"]
