
metadata:
    version:
        essentia: "1.2.2"
    audio_properties:
        analysis_sample_rate: 44100
        bitrate: 128
        channels: 2
        equal_loudness: 1
        length: 10.0310201645
        replay_gain: -12.9606113434
        downmix: "mix"
    tags:
        track: 18
        year: 0
        album: "Splitted by Mp3Splt v. 2.1"
        artist: "From 002.50 To 003.00"
        comment: "http://mp3splt.sf.net"
        genre: ""
        title: "18 Glam Rock Cops.mp3"

highlevel:
    ballroom:
        all:
            ChaChaCha: 0.0417216792703
            Jive: 0.817849218845
            Quickstep: 0.0171604193747
            Rumba-American: 0.000430536980275
            Rumba-International: 0.000555138627533
            Rumba-Misc: 0.000437858252553
            Samba: 0.111986495554
            Tango: 0.000502461916767
            VienneseWaltz: 0.00860960967839
            Waltz: 0.00074660818791
        probability: 0.817849218845
        value: "Jive"
    culture:
        all:
            non_western: 0.0544701218605
            western: 0.945529878139
        probability: 0.945529878139
        value: "western"
    gender:
        all:
            female: 0.0244317427278
            male: 0.975568234921
        probability: 0.975568234921
        value: "male"
    genre_dortmund:
        all:
            alternative: 0.102116800845
            blues: 0.00752346450463
            electronic: 0.0121760824695
            folkcountry: 0.0306567084044
            funksoulrnb: 0.028567565605
            jazz: 0.0250673871487
            pop: 0.0611581914127
            raphiphop: 0.00328280823305
            rock: 0.72945100069
        probability: 0.72945100069
        value: "rock"
    genre_electronica:
        all:
            ambient: 0.133922114968
            dnb: 0.119118243456
            house: 0.00711078708991
            techno: 0.0159523189068
            trance: 0.723896563053
        probability: 0.723896563053
        value: "trance"
    genre_rosamerica:
        all:
            cla: 0.00474160350859
            dan: 0.0252714976668
            hip: 0.00218024081551
            jaz: 0.00216775666922
            pop: 0.00950908195227
            rhy: 0.00225033145398
            roc: 0.953154027462
            spe: 0.000725483230781
        probability: 0.953154027462
        value: "roc"
    genre_tzanetakis:
        all:
            blu: 0.00552284531295
            cla: 0.0188767164946
            cou: 0.135710641742
            dis: 0.0281744133681
            hip: 0.00998262129724
            jaz: 0.0812540948391
            met: 0.450173079967
            pop: 0.0350354835391
            reg: 0.00479711126536
            roc: 0.23047298193
        probability: 0.450173079967
        value: "met"
    live_studio:
        all:
            live: 0.120865181088
            studio: 0.879134833813
        probability: 0.879134833813
        value: "studio"
    mood:
        all:
            Cluster1: 0.332800388336
            Cluster2: 0.0735009387136
            Cluster3: 0.00896376185119
            Cluster4: 0.0622274577618
            Cluster5: 0.522507488728
        probability: 0.522507488728
        value: "Cluster5"
    mood_acoustic:
        all:
            acoustic: 0.00721784541383
            not_acoustic: 0.992782175541
        probability: 0.992782175541
        value: "not_acoustic"
    mood_aggressive:
        all:
            aggressive: 0.977795541286
            not_aggressive: 0.0222044624388
        probability: 0.977795541286
        value: "aggressive"
    mood_electronic:
        all:
            electronic: 0.0730106383562
            not_electronic: 0.926989376545
        probability: 0.926989376545
        value: "not_electronic"
    mood_happy:
        all:
            happy: 0.517006635666
            not_happy: 0.482993364334
        probability: 0.517006635666
        value: "happy"
    mood_party:
        all:
            not_party: 0.230983614922
            party: 0.769016385078
        probability: 0.769016385078
        value: "party"
    mood_relaxed:
        all:
            not_relaxed: 0.569150805473
            relaxed: 0.430849164724
        probability: 0.569150805473
        value: "not_relaxed"
    mood_sad:
        all:
            not_sad: 0.978422641754
            sad: 0.0215773824602
        probability: 0.978422641754
        value: "not_sad"
    rhythm:
        all:
            fast: 0.97105640173
            medium: 0.023136170581
            slow: 0.00580741697922
        probability: 0.97105640173
        value: "fast"
    speech_music:
        all:
            music: 0.998887121677
            speech: 0.00111285015009
        probability: 0.998887121677
        value: "music"
    timbre:
        all:
            bright: 0.240167632699
            dark: 0.759832382202
        probability: 0.759832382202
        value: "dark"
    voice_instrumental:
        all:
            instrumental: 0.64121979475
            voice: 0.358780235052
        probability: 0.64121979475
        value: "instrumental"

lowlevel:
    average_loudness: 0.9701821208
    barkbands_kurtosis:
        dmean: 0.59734249115
        dmean2: 1.02403628826
        dvar: 0.598185002804
        dvar2: 1.78066086769
        max: 6.75498104095
        mean: -0.795636177063
        min: -1.77267920971
        var: 0.621316075325
    barkbands_skewness:
        dmean: 0.388019800186
        dmean2: 0.646983802319
        dvar: 0.124117694795
        dvar2: 0.348100721836
        max: 2.63159966469
        mean: -0.52190464735
        min: -1.97652471066
        var: 0.254337340593
    barkbands_spread:
        dmean: 5.65938329697
        dmean2: 9.34652042389
        dvar: 27.9666595459
        dvar2: 66.538192749
        max: 54.8842811584
        mean: 30.2002506256
        min: 9.01837825775
        var: 71.6776733398
    dissonance:
        dmean: 0.0141772767529
        dmean2: 0.0245650764555
        dvar: 0.000147873171954
        dvar2: 0.000399714888772
        max: 0.498751550913
        mean: 0.474869549274
        min: 0.398993432522
        var: 0.000259937281953
    hfc:
        dmean: 2.20468997955
        dmean2: 3.50375127792
        dvar: 4.11592006683
        dvar2: 9.13903999329
        max: 26.0986747742
        mean: 11.2970333099
        min: 2.33776021004
        var: 21.6697311401
    pitch:
        dmean: 981.866638184
        dmean2: 1914.8614502
        dvar: 2015789.75
        dvar2: 4497445.5
        max: 4009.09082031
        mean: 1475.64697266
        min: 98.2182617188
        var: 2476270.75
    pitch_instantaneous_confidence:
        dmean: 0.07283192873
        dmean2: 0.118568979204
        dvar: 0.00339166843332
        dvar2: 0.00929138995707
        max: 0.763701140881
        mean: 0.407992720604
        min: 0.165746748447
        var: 0.0119950929657
    pitch_salience:
        dmean: 0.063144877553
        dmean2: 0.108132526278
        dvar: 0.00262368819676
        dvar2: 0.00756374653429
        max: 0.819419443607
        mean: 0.671830356121
        min: 0.282625406981
        var: 0.00453070644289
    silence_rate_20dB:
        dmean: 0
        dmean2: 0
        dvar: 0
        dvar2: 0
        max: 1
        mean: 1
        min: 1
        var: 0
    silence_rate_30dB:
        dmean: 0
        dmean2: 0
        dvar: 0
        dvar2: 0
        max: 1
        mean: 1
        min: 1
        var: 0
    silence_rate_60dB:
        dmean: 0.0974477976561
        dmean2: 0.193023249507
        dvar: 0.0879516676068
        dvar2: 0.192974254489
        max: 1
        mean: 0.1875
        min: 0
        var: 0.15234375
    spectral_centroid:
        dmean: 272.470703125
        dmean2: 452.513153076
        dvar: 57855.1367188
        dvar2: 153788.390625
        max: 3036.78808594
        mean: 2190.80297852
        min: 804.865234375
        var: 130176.09375
    spectral_complexity:
        dmean: 3.59207463264
        dmean2: 5.72196245193
        dvar: 9.27181911469
        dvar2: 21.3596038818
        max: 36
        mean: 19.9279060364
        min: 4
        var: 36.4250335693
    spectral_crest:
        dmean: 1.71895968914
        dmean2: 2.87811303139
        dvar: 3.01099538803
        dvar2: 8.25192642212
        max: 20.3079471588
        mean: 5.86929750443
        min: 2.88867807388
        var: 4.54162216187
    spectral_decrease:
        dmean: 2.6591853719e-10
        dmean2: 4.16150697236e-10
        dvar: 8.62748732658e-20
        dvar2: 2.05363678314e-19
        max: -3.15275056062e-10
        mean: -1.12376252748e-09
        min: -3.67962860182e-09
        var: 2.53422290292e-19
    spectral_energy:
        dmean: 0.0011528065661
        dmean2: 0.00179248908535
        dvar: 1.46194724948e-06
        dvar2: 3.34756282427e-06
        max: 0.0149814728647
        mean: 0.00526600936428
        min: 0.00140196620487
        var: 5.07649338033e-06
    spectral_energyband_high:
        dmean: 0.0001650609629
        dmean2: 0.000266957213171
        dvar: 3.70302579711e-08
        dvar2: 9.3333078155e-08
        max: 0.00275295274332
        mean: 0.000507420802023
        min: 9.13475087145e-05
        var: 1.09193827313e-07
    spectral_energyband_low:
        dmean: 0.000205530275707
        dmean2: 0.000366465217667
        dvar: 1.90061754779e-07
        dvar2: 5.33600314157e-07
        max: 0.0026438543573
        mean: 0.000219956462388
        min: 8.2015674252e-07
        var: 1.38563464702e-07
    spectral_energyband_middle_high:
        dmean: 0.000689530570526
        dmean2: 0.00108515599277
        dvar: 4.1763840386e-07
        dvar2: 9.55053451435e-07
        max: 0.00778583716601
        mean: 0.00320868380368
        min: 0.000520139466971
        var: 2.08438859772e-06
    spectral_energyband_middle_low:
        dmean: 0.000686116574798
        dmean2: 0.00111636682414
        dvar: 1.1357301446e-06
        dvar2: 3.02489115711e-06
        max: 0.0132688302547
        mean: 0.00132993038278
        min: 0.00023322092602
        var: 1.52522977714e-06
    spectral_flatness_db:
        dmean: 0.0126625830308
        dmean2: 0.0199961457402
        dvar: 0.000159784132848
        dvar2: 0.000376595329726
        max: 0.227458104491
        mean: 0.126948937774
        min: 0.0502764545381
        var: 0.000510800688062
    spectral_flux:
        dmean: 0.00719163520262
        dmean2: 0.0113071510568
        dvar: 4.67700774607e-05
        dvar2: 0.000107592546556
        max: 0.083294518292
        mean: 0.0454352013767
        min: 0.0216265916824
        var: 0.0001437208266
    spectral_kurtosis:
        dmean: 0.656394958496
        dmean2: 1.10049414635
        dvar: 0.359285354614
        dvar2: 0.94280475378
        max: 7.98094081879
        mean: 3.16725301743
        min: 0.751038551331
        var: 1.49501156807
    spectral_rms:
        dmean: 0.000241849513259
        dmean2: 0.000368570676073
        dvar: 5.14277651575e-08
        dvar2: 1.1251771781e-07
        max: 0.00382309709676
        mean: 0.00221527926624
        min: 0.00116951786913
        var: 2.30110288157e-07
    spectral_rolloff:
        dmean: 233.100631714
        dmean2: 404.451416016
        dvar: 85411.8125
        dvar2: 256517.390625
        max: 4694.23828125
        mean: 3704.41210938
        min: 624.462890625
        var: 124401.414062
    spectral_skewness:
        dmean: 0.100986659527
        dmean2: 0.162372097373
        dvar: 0.00718225445598
        dvar2: 0.0163885075599
        max: 1.93227458
        mean: 1.28210520744
        min: 0.889051616192
        var: 0.0271542593837
    spectral_spread:
        dmean: 379002.375
        dmean2: 560146.375
        dvar: 256374390784
        dvar2: 323487170560
        max: 14519356
        mean: 4756851
        min: 2843358
        var: 968981086208
    spectral_strongpeak:
        dmean: 0.837804496288
        dmean2: 1.47832286358
        dvar: 0.698709607124
        dvar2: 1.70104765892
        max: 4.59513616562
        mean: 1.13015913963
        min: 0.0218299590051
        var: 0.982884585857
    zerocrossingrate:
        dmean: 0.00690536666662
        dmean2: 0.00871490780264
        dvar: 4.10937936977e-05
        dvar2: 6.06157664151e-05
        max: 0.154296875
        mean: 0.118397980928
        min: 0.05322265625
        var: 0.000213745879591
    barkbands:
        dmean: [2.90813375159e-07, 5.04128438479e-05, 0.000173103078851, 0.000129876396386, 0.000151666536112, 6.91839013598e-05, 0.000137166745844, 0.000187765850569, 0.000342184415786, 0.000103842961835, 0.000157174858032, 5.88485054323e-05, 0.00010772638052, 6.94332484272e-05, 7.37155423849e-05, 7.94855804997e-05, 0.000228120814427, 0.000270648946753, 0.000276883802144, 0.000213794759475, 8.92138195923e-05, 2.3510585379e-05, 6.02787486059e-06, 2.57575197793e-06, 1.13111309474e-06, 5.44720677453e-08, 2.66690469708e-09]
        dmean2: [4.23723406584e-07, 8.16546016722e-05, 0.000311305106152, 0.000230089091929, 0.000266873597866, 0.000111761000881, 0.000219962486881, 0.000303603039356, 0.000547528325114, 0.00017159388517, 0.00024966095225, 9.69622924458e-05, 0.00018698151689, 0.000116080700536, 0.000122646917589, 0.000124876198242, 0.000386387779145, 0.000444734352641, 0.000460841460153, 0.000367949396605, 0.000147343511344, 3.84122722608e-05, 9.52475147642e-06, 4.1666139623e-06, 1.73816397364e-06, 8.35254638787e-08, 4.09190104023e-09]
        dvar: [1.20160242975e-13, 7.58733165185e-09, 1.46286922131e-07, 3.02531972807e-08, 6.39549213588e-08, 1.24828742898e-08, 8.56267519111e-08, 4.94960829656e-07, 4.86096723762e-07, 3.44400312713e-08, 1.01217850101e-07, 1.20667742465e-08, 5.3452371418e-08, 9.349903074e-09, 8.49507308942e-09, 8.55395487775e-09, 4.8235715866e-08, 9.17554530133e-08, 6.24213285505e-08, 4.5981813912e-08, 1.09771374213e-08, 8.70684913057e-10, 5.85507198281e-11, 9.67396041746e-12, 2.50127609597e-12, 4.6311471334e-15, 4.61797704162e-16]
        dvar2: [2.22679323982e-13, 1.95523348623e-08, 4.22212679041e-07, 8.3969894149e-08, 1.72771336793e-07, 3.28015268281e-08, 2.07430176147e-07, 1.40512463531e-06, 1.18437196761e-06, 8.24423196377e-08, 1.93275880633e-07, 3.31116289942e-08, 1.56570209242e-07, 2.55705536745e-08, 2.1394209071e-08, 2.09229025216e-08, 1.36633659054e-07, 2.18206210434e-07, 1.73847311657e-07, 1.35896257802e-07, 2.91196702307e-08, 1.94476501569e-09, 1.39957517797e-10, 2.33014267603e-11, 5.23552989157e-12, 9.0091068015e-15, 4.84744461978e-16]
        max: [4.35507399743e-06, 0.000616524601355, 0.00213870895095, 0.000940059893765, 0.0020243015606, 0.00139142386615, 0.00419127894565, 0.011268267408, 0.00693036708981, 0.00152353011072, 0.00392846483737, 0.00143846962601, 0.00228707143106, 0.001294751768, 0.000917947501875, 0.0010976473568, 0.00248372554779, 0.00290118018165, 0.00220728269778, 0.00219401507638, 0.000992193701677, 0.000351286231307, 9.94104339043e-05, 3.87607542507e-05, 1.83319934877e-05, 8.01346004664e-07, 4.44474267169e-07]
        mean: [5.92819617395e-07, 6.35641117697e-05, 0.000155824047397, 0.000146715552546, 0.00019215750217, 0.000113131340186, 0.00018469200586, 0.000232446487644, 0.000438102462795, 0.000172733518411, 0.000262853427557, 8.95775519894e-05, 0.0001585775899, 0.000116364899441, 0.000146171383676, 0.000165819452377, 0.000441858370323, 0.000607122841757, 0.000714880705345, 0.000563663896173, 0.000208488112548, 5.9828391386e-05, 1.88446283573e-05, 8.54152312968e-06, 3.34861852025e-06, 1.13111653377e-07, 2.10637907117e-09]
        min: [6.39916120093e-10, 1.64765666e-07, 3.90873083234e-07, 1.85490037552e-07, 7.2468669714e-06, 2.87065040538e-06, 8.31010947877e-06, 5.26496796738e-06, 9.46881573327e-06, 6.76740683048e-06, 2.47061734626e-06, 4.11099244957e-06, 5.72715134695e-06, 6.84169435772e-06, 1.08796039058e-05, 2.58373311226e-05, 5.86589703744e-05, 6.2838968006e-05, 7.86195378168e-05, 0.000112766567327, 3.50613263436e-05, 6.40484495307e-06, 1.2681592807e-06, 3.77677480401e-07, 1.2149756401e-07, 4.2427834579e-09, 2.99934014257e-13]
        var: [2.78586967948e-13, 8.27780599622e-09, 9.32019688094e-08, 3.16636672437e-08, 6.53819256513e-08, 1.54855648304e-08, 9.33363679678e-08, 5.38398012395e-07, 6.16959368926e-07, 6.07173902267e-08, 2.37410063164e-07, 1.68326597105e-08, 5.94734146375e-08, 1.37180133919e-08, 2.15937117076e-08, 1.77086594277e-08, 9.23590945945e-08, 2.19831818526e-07, 1.36377593662e-07, 1.27908748482e-07, 1.97000247226e-08, 2.53425480601e-09, 3.23329807372e-10, 6.04914104918e-11, 9.66452872592e-12, 1.27428110923e-14, 4.60484326638e-16]
    mfcc:
        mean: [-674.860656738, 83.0737991333, -56.0780677795, 45.7966423035, -19.6185588837, -13.4147758484, 2.21917295456, 2.14447546005, -2.65157055855, 0.47595590353, -2.21512556076, -1.82608377934, -5.08754205704]
        cov: [[547.109313965, -157.466995239, 120.716148376, -55.791683197, 9.60252189636, 42.0472946167, 41.6503486633, 33.1918907166, 29.1084671021, -6.90881204605, -23.9624118805, -57.1017913818, -47.1676139832], [-157.466995239, 374.522918701, -65.0192260742, 120.836982727, 43.4679832458, 18.5445823669, 69.2771987915, 41.6099014282, 48.8537788391, 44.1402015686, 39.8899688721, 56.6414909363, 27.6492061615], [120.716148376, -65.0192260742, 233.045028687, 55.7070159912, 51.0868453979, 65.434715271, 8.88565826416, 5.59413862228, 28.6776123047, -17.8256626129, -7.94393396378, -20.2846240997, 3.01639914513], [-55.791683197, 120.836982727, 55.7070159912, 160.955780029, 100.900901794, 56.0051345825, 22.757484436, 16.6913585663, 45.6587371826, 3.65301084518, 5.29003715515, 8.68702983856, 14.7031860352], [9.60252189636, 43.4679832458, 51.0868453979, 100.900901794, 124.112960815, 63.4787597656, 18.6706237793, 15.19972229, 38.6210441589, 4.799700737, -1.6916655302, -7.2193608284, 6.78562307358], [42.0472946167, 18.5445823669, 65.434715271, 56.0051345825, 63.4787597656, 106.600837708, 66.4598922729, 28.3849639893, 23.2466220856, -5.88776922226, -1.21357917786, 0.883638262749, 8.3965139389], [41.6503486633, 69.2771987915, 8.88565826416, 22.757484436, 18.6706237793, 66.4598922729, 120.125221252, 51.4486045837, 15.2749147415, -0.978441774845, 6.11961746216, 14.7580022812, 3.97697091103], [33.1918907166, 41.6099014282, 5.59413862228, 16.6913585663, 15.19972229, 28.3849639893, 51.4486045837, 67.0238418579, 33.6294937134, 19.1120662689, 6.29273986816, 13.0337734222, 4.55573654175], [29.1084671021, 48.8537788391, 28.6776123047, 45.6587371826, 38.6210441589, 23.2466220856, 15.2749147415, 33.6294937134, 74.0542831421, 31.1850166321, 4.7905921936, 2.09794020653, 1.15972852707], [-6.90881204605, 44.1402015686, -17.8256626129, 3.65301084518, 4.799700737, -5.88776922226, -0.978441774845, 19.1120662689, 31.1850166321, 65.7488632202, 20.2708702087, 15.6983070374, 1.46585297585], [-23.9624118805, 39.8899688721, -7.94393396378, 5.29003715515, -1.6916655302, -1.21357917786, 6.11961746216, 6.29273986816, 4.7905921936, 20.2708702087, 43.5926170349, 26.1424064636, 1.31055116653], [-57.1017913818, 56.6414909363, -20.2846240997, 8.68702983856, -7.2193608284, 0.883638262749, 14.7580022812, 13.0337734222, 2.09794020653, 15.6983070374, 26.1424064636, 53.561252594, 18.0955486298], [-47.1676139832, 27.6492061615, 3.01639914513, 14.7031860352, 6.78562307358, 8.3965139389, 3.97697091103, 4.55573654175, 1.15972852707, 1.46585297585, 1.31055116653, 18.0955486298, 40.5045204163]]
        icov: [[0.003116031643, 0.000686709710862, -0.00144387432374, 0.00185908714775, -0.000880777137354, 0.000314522505505, -0.0014844047837, -0.000918716192245, -0.00119173456915, -0.000184563614312, 0.000154127832502, 0.0015095587587, 0.00228538783267], [0.000686709710862, 0.00659501878545, 0.00187966867816, -0.00577548891306, 0.00139197183307, 0.00269073271193, -0.00468991789967, 0.00100367725827, -0.00185888307169, -0.00188697432168, -0.00208023120649, -0.00127834873274, -0.00142914440949], [-0.00144387432374, 0.00187966867816, 0.00753447553143, -0.00387731846422, 0.00197985884733, -0.00393272051588, 0.00148941401858, 0.000722875236534, -0.00217969459482, 0.00163693120703, -0.00214566569775, 0.00112843874376, -0.00229364237748], [0.00185908714775, -0.00577548891306, -0.00387731846422, 0.0217811316252, -0.0128268105909, -0.00150199234486, 0.00215600384399, 0.000402964913519, -0.00426453538239, 0.00448064366356, 0.0013260220876, -0.00153945910279, 0.00129754457157], [-0.000880777137354, 0.00139197183307, 0.00197985884733, -0.0128268105909, 0.0227039996535, -0.00956459157169, 0.00346370227635, -0.000210200698348, -0.00215063127689, -0.00180860003456, -0.00120977906045, 0.00441537005827, -0.00141082762275], [0.000314522505505, 0.00269073271193, -0.00393272051588, -0.00150199234486, -0.00956459157169, 0.0269493516535, -0.0149795683101, 0.0017563814763, -0.000639500562102, 0.000196666893316, -5.27550691913e-05, -0.000790740072262, -0.00297720963135], [-0.0014844047837, -0.00468991789967, 0.00148941401858, 0.00215600384399, 0.00346370227635, -0.0149795683101, 0.0239021554589, -0.0127941193059, 0.00375731103122, 0.00423374492675, 0.000133252149681, -0.00149883318227, 0.00260092434473], [-0.000918716192245, 0.00100367725827, 0.000722875236534, 0.000402964913519, -0.000210200698348, 0.0017563814763, -0.0127941193059, 0.0312823057175, -0.0111852679402, -0.00381448143162, 0.00179996271618, -0.00459152972326, -0.00209488905966], [-0.00119173456915, -0.00185888307169, -0.00217969459482, -0.00426453538239, -0.00215063127689, -0.000639500562102, 0.00375731103122, -0.0111852679402, 0.0285690557212, -0.010750003159, 0.0026378929615, 0.00221663201228, 0.00146890094038], [-0.000184563614312, -0.00188697432168, 0.00163693120703, 0.00448064366356, -0.00180860003456, 0.000196666893316, 0.00423374492675, -0.00381448143162, -0.010750003159, 0.0261670015752, -0.00859449896961, -0.0018723643152, 7.5722229667e-05], [0.000154127832502, -0.00208023120649, -0.00214566569775, 0.0013260220876, -0.00120977906045, -5.27550691913e-05, 0.000133252149681, 0.00179996271618, 0.0026378929615, -0.00859449896961, 0.038699734956, -0.0186806824058, 0.00860502012074], [0.0015095587587, -0.00127834873274, 0.00112843874376, -0.00153945910279, 0.00441537005827, -0.000790740072262, -0.00149883318227, -0.00459152972326, 0.00221663201228, -0.0018723643152, -0.0186806824058, 0.038562644273, -0.0134261678904], [0.00228538783267, -0.00142914440949, -0.00229364237748, 0.00129754457157, -0.00141082762275, -0.00297720963135, 0.00260092434473, -0.00209488905966, 0.00146890094038, 7.5722229667e-05, 0.00860502012074, -0.0134261678904, 0.0345340482891]]
    spectral_contrast:
        mean: [2.86821375539e-07, -3.17741267963e-07, 3.39551547768e-07, -1.29778712221e-07, -1.59901588859e-07, -4.11765853414e-07, -1.35399579904e-06, 2.64991172116e-06, 1.64273171777e-06, -2.87044872493e-06, 8.07435043271e-08, -4.99015641253e-07]
        var: [0.00023773527937, 0.000336979806889, 0.000948132830672, 0.00218753539957, 0.00355448038317, 0.00466135563329, 0.020528446883, 0.0557797290385, 0.0915515124798, 0.121127970517, 0.368014454842, 0.429242193699]

rhythm:
    beats_loudness:
        dmean: 0.00145040114876
        dmean2: 0.00251095183194
        dvar: 1.44533350976e-06
        dvar2: 2.5025872219e-06
        max: 0.00846638996154
        mean: 0.00558505998924
        min: 0.00260192877613
        var: 2.77327785625e-06
    beats_loudness_bass:
        dmean: 0.09612827003
        dmean2: 0.183871239424
        dvar: 0.00995495729148
        dvar2: 0.0326214171946
        max: 0.342287808657
        mean: 0.0794985294342
        min: 0.00294195418246
        var: 0.00756065919995
    bpm: 124.550392151
    bpm_confidence: 0
    first_peak_bpm: 125
    first_peak_spread: 0
    first_peak_weight: 0.949999988079
    onset_rate: 3.19010424614
    second_peak_bpm: 117
    second_peak_spread: 0
    second_peak_weight: 0.0500000007451
    beats_position: [0.148630708456, 0.630333542824, 1.1120364666, 1.59373939037, 2.07544207573, 2.55714488029, 3.03884768486, 3.52055048943, 4.00225353241, 4.48395633698, 4.96565914154, 5.44736194611, 5.92906475067, 6.44309234619, 6.92484664917, 7.40660142899, 7.88835573196, 8.37011051178, 8.85186481476, 9.33361911774, 9.81537437439]
    bpm_estimates: [124.521003723, 124.632774353, 124.713150024, 124.412261963, 124.511802673, 124.806236267, 124.494178772, 124.546264648, 124.505371094, 124.531654358, 124.447784424, 124.482330322]
    bpm_intervals: [0.481702834368, 0.481702923775, 0.481702923775, 0.481702685356, 0.481702804565, 0.481702804565, 0.481702804565, 0.481703042984, 0.481702804565, 0.481702804565, 0.481702804565, 0.481702804565, 0.51402759552, 0.481754302979, 0.481754779816, 0.481754302979, 0.481754779816, 0.481754302979, 0.481754302979, 0.481755256653]
    onset_times: [0.0464399084449, 0.150929704309, 0.31346938014, 1.10294783115, 1.27709746361, 1.45124721527, 1.63700675964, 1.764716506, 2.06657600403, 2.2523355484, 2.57741498947, 2.87927436829, 3.03020405769, 3.21596360207, 4.01705217361, 4.19120168686, 4.49306106567, 4.72526073456, 5.14321994781, 5.64244890213, 5.9675283432, 6.11845827103, 6.43192720413, 7.08208608627, 7.8831744194, 8.04571437836, 8.37079334259, 8.85841274261, 9.02095222473, 9.33442211151, 9.50857162476, 9.7639913559]
    rubato_start: []
    rubato_stop: []
    perceptual_tempo: "unknown"

sfx:
    inharmonicity:
        dmean: 0.0725800767541
        dmean2: 0.127937942743
        dvar: 0.00397587521002
        dvar2: 0.0115561783314
        max: 0.36648479104
        mean: 0.0918843895197
        min: 0
        var: 0.00477797025815
    oddtoevenharmonicenergyratio:
        dmean: 4.29795122147
        dmean2: 8.13686752319
        dvar: 114.498580933
        dvar2: 343.233428955
        max: 100.121437073
        mean: 2.96281504631
        min: 0
        var: 67.6980819702
    pitch_after_max_to_before_max_energy_ratio: 45.7142601013
    pitch_centroid: 221.437316895
    pitch_max_to_total: 0.00697674416006
    pitch_min_to_total: 0.434883713722
    tristimulus:
        dmean: [0.142941817641, 0.281876385212, 0.183406606317]
        dmean2: [0.256424725056, 0.503267228603, 0.329989254475]
        dvar: [0.0182272531092, 0.0549068711698, 0.0240749642253]
        dvar2: [0.04986955598, 0.155403479934, 0.0591485984623]
        max: [1, 0.996439933777, 0.786233246326]
        mean: [0.212811380625, 0.525611341, 0.180987298489]
        min: [0.00356001779437, 0, 0]
        var: [0.021130213514, 0.0689425542951, 0.0306299682707]

tonal:
    chords_changes_rate: 0.0833333358169
    chords_number_rate: 0.0324074067175
    chords_strength:
        dmean: 0.009023421444
        dmean2: 0.00781906861812
        dvar: 5.88725342823e-05
        dvar2: 5.67539173062e-05
        max: 0.668638348579
        mean: 0.520816385746
        min: 0.347409129143
        var: 0.00840445794165
    key_strength: 0.603923022747
    tuning_diatonic_strength: 0.540871858597
    tuning_equal_tempered_deviation: 0.0789857581258
    tuning_frequency: 442.03793335
    tuning_nontempered_energy_ratio: 0.720163345337
    hpcp:
        dmean: [0.15132881701, 0.13361428678, 0.138916954398, 0.189233422279, 0.199176624417, 0.199195578694, 0.2270321697, 0.172072783113, 0.0921565666795, 0.0783326253295, 0.0755619779229, 0.0943570658565, 0.11008694768, 0.111465677619, 0.141795188189, 0.156247586012, 0.151183769107, 0.130856618285, 0.110706217587, 0.111113533378, 0.164586633444, 0.194141745567, 0.177486509085, 0.125962108374, 0.0881654247642, 0.113670155406, 0.173118904233, 0.179484978318, 0.16551156342, 0.164577096701, 0.166764616966, 0.147924780846, 0.160369113088, 0.164740592241, 0.13748884201, 0.15012165904]
        dmean2: [0.253960520029, 0.221581786871, 0.230828970671, 0.320580989122, 0.326271593571, 0.331715404987, 0.358175069094, 0.286711126566, 0.154389858246, 0.135012477636, 0.12831607461, 0.157639846206, 0.186334967613, 0.177818998694, 0.233943268657, 0.274555623531, 0.262044906616, 0.222711592913, 0.181615546346, 0.188780397177, 0.279922544956, 0.331901669502, 0.302448391914, 0.21793346107, 0.154362007976, 0.188292071223, 0.292502403259, 0.302533715963, 0.278755664825, 0.269792079926, 0.289776802063, 0.246609613299, 0.281052798033, 0.275474250317, 0.232553049922, 0.242666915059]
        dvar: [0.0277965869755, 0.0200327318162, 0.023921770975, 0.0386363044381, 0.0370679795742, 0.0321034416556, 0.0304185636342, 0.0246007870883, 0.00995615869761, 0.0178688261658, 0.00689011905342, 0.0122093865648, 0.0216348953545, 0.0155392754823, 0.0223468784243, 0.0312977619469, 0.0285958461463, 0.0229958090931, 0.0155471926555, 0.0111978538334, 0.0239633917809, 0.0296083055437, 0.0282064788043, 0.0217867381871, 0.0122996922582, 0.0153252622113, 0.0321200862527, 0.0372347198427, 0.0209815241396, 0.0299280434847, 0.0292704515159, 0.0211236272007, 0.0249368418008, 0.0228484459221, 0.0172781273723, 0.0195263307542]
        dvar2: [0.0698335319757, 0.056668061763, 0.0562591329217, 0.0952645093203, 0.0937592983246, 0.0800103768706, 0.0833899304271, 0.0708723813295, 0.028018232435, 0.0506186932325, 0.019240738824, 0.0359904430807, 0.0545079633594, 0.0373849384487, 0.049251947552, 0.0723537430167, 0.0710751488805, 0.0612960457802, 0.0395499095321, 0.0301038865, 0.0654072016478, 0.0826553702354, 0.0761406347156, 0.0567404404283, 0.0286513734609, 0.0395830832422, 0.08773624897, 0.0971674248576, 0.0622203946114, 0.0862728208303, 0.0792653486133, 0.0538264736533, 0.0638164803386, 0.062592446804, 0.0441683903337, 0.0534294247627]
        max: [1, 1, 1, 1, 1, 1, 1, 1, 0.616093814373, 1, 0.6147544384, 0.981039822102, 1, 1, 1, 1, 1, 1, 1, 0.67708158493, 1, 1, 1, 1, 0.968916356564, 0.835157811642, 1, 1, 1, 1, 1, 1, 1, 1, 1, 1]
        mean: [0.360976785421, 0.258239388466, 0.251047879457, 0.317482918501, 0.311272025108, 0.430314391851, 0.522340357304, 0.322513520718, 0.154865711927, 0.132234811783, 0.135631814599, 0.192936509848, 0.233029916883, 0.213578626513, 0.272968828678, 0.312064886093, 0.244325861335, 0.237997159362, 0.228494435549, 0.188920855522, 0.314053714275, 0.437605887651, 0.332056641579, 0.188898593187, 0.139902532101, 0.161069899797, 0.292430192232, 0.375628262758, 0.322944760323, 0.338863998652, 0.335030317307, 0.26297545433, 0.298175245523, 0.307610064745, 0.262842744589, 0.33345541358]
        min: [0.0165578462183, 0.0321693904698, 0.0127272782847, 0.0155369453132, 0.0151579193771, 0.0476875863969, 0.0621758289635, 0.0345066897571, 0.00699548283592, 0.00981320254505, 0.00941246096045, 0.0119722438976, 0.0127848768607, 0.0232132207602, 0.0382759198546, 0.025449546054, 0.0147185334936, 0.0181627403945, 0.0187062751502, 0.0118020866066, 0.0170999784023, 0.0337437726557, 0.0427979528904, 0.0118947448209, 0.00861926563084, 0.0114832213148, 0.0126872928813, 0.0174709204584, 0.0157283339649, 0.0108413174748, 0.0128634236753, 0.030664999038, 0.0411493368447, 0.0268602706492, 0.0138514693826, 0.0109850801528]
        var: [0.0878532379866, 0.0345211327076, 0.0439673401415, 0.0834744796157, 0.0626089498401, 0.0570006370544, 0.0810958445072, 0.0437900796533, 0.0137736517936, 0.0142283011228, 0.00965054798871, 0.0308247115463, 0.0550155378878, 0.0308611039072, 0.0472272373736, 0.0790446251631, 0.0438001379371, 0.05199014768, 0.0520616732538, 0.0171767510474, 0.0591613091528, 0.109764821827, 0.0575811564922, 0.0272976886481, 0.0165895875543, 0.0204129647464, 0.0527077428997, 0.0813446417451, 0.0440757535398, 0.0766657963395, 0.0776341930032, 0.0352411195636, 0.0378094501793, 0.041715208441, 0.0333874933422, 0.0595191419125]
    chords_histogram: [20.3703708649, 0, 27.7777786255, 0, 3.24074077606, 0, 0, 0, 0, 0, 0, 0, 0, 0, 0, 0, 0, 15.7407407761, 17.1296291351, 0, 6.01851844788, 9.72222232819, 0, 0]
    thpcp: [1, 0.617439389229, 0.296484291553, 0.253158330917, 0.259661763906, 0.369369328022, 0.446126580238, 0.408887863159, 0.522588074207, 0.597435891628, 0.467752218246, 0.455636173487, 0.437443584204, 0.361681520939, 0.601243436337, 0.837779223919, 0.635709345341, 0.361638903618, 0.267837882042, 0.308361977339, 0.559846043587, 0.719125509262, 0.618264973164, 0.648741781712, 0.641402304173, 0.503456115723, 0.570844769478, 0.588907301426, 0.503202080727, 0.638387203217, 0.691075801849, 0.494389116764, 0.480621248484, 0.607808530331, 0.595917999744, 0.823819935322]
    chords_key: "B"
    chords_scale: "major"
    key_key: "E"
    key_scale: "major"
    chords_progression: ["B", "B", "B", "B", "B", "B", "B", "B", "B", "B", "Em", "E", "E", "E", "E", "E", "E", "E", "E", "E", "E", "E", "E", "E", "E", "E", "E", "Em", "E", "E", "E", "E", "E", "E", "E", "Em", "Em", "Em", "Em", "Em", "Em", "Em", "Em", "Em", "Em", "Em", "Em", "Em", "Em", "Em", "Em", "Em", "Em", "Em", "Em", "Em", "Em", "Em", "Em", "Em", "G", "G", "G", "G", "G", "G", "G", "G", "G", "G", "G", "G", "G", "G", "G", "G", "G", "G", "G", "G", "G", "G", "G", "G", "G", "G", "G", "G", "G", "G", "G", "G", "G", "G", "G", "G", "D", "D", "D", "D", "G", "D", "D", "D", "D", "D", "D", "D", "D", "D", "F#m", "F#m", "F#m", "F#m", "F#m", "F#m", "F#m", "F#m", "F#m", "F#m", "F#m", "F#m", "F#m", "F#m", "F#m", "F#m", "F#m", "F#m", "F#m", "F#m", "F#m", "F#", "F#", "F#", "F#", "F#", "F#", "F#", "B", "B", "B", "B", "B", "B", "B", "B", "B", "B", "B", "B", "B", "B", "B", "B", "B", "B", "B", "B", "B", "B", "B", "B", "B", "B", "B", "B", "B", "B", "B", "B", "B", "B", "B", "B", "B", "B", "B", "B", "B", "B", "B", "B", "B", "B", "B", "B", "B", "B", "E", "E", "E", "E", "E", "E", "E", "E", "E", "Em", "Em", "Em", "Em", "E", "Em", "Em", "E", "E", "E", "E", "E", "E", "E", "E", "E", "E", "E", "Em"]
