
metadata:
    version:
        essentia: "1.2.2"
    audio_properties:
        analysis_sample_rate: 44100
        bitrate: 128
        channels: 2
        equal_loudness: 1
        length: 10.0310201645
        replay_gain: -13.7459621429
        downmix: "mix"
    tags:
        track: 15
        year: 0
        album: "Splitted by Mp3Splt v. 2.1"
        artist: "From 002.20 To 002.30"
        comment: "http://mp3splt.sf.net"
        genre: ""
        title: "05 Fill Her Up.mp3"

highlevel:
    ballroom:
        all:
            ChaChaCha: 0.104603052139
            Jive: 0.590723693371
            Quickstep: 0.100551776588
            Rumba-American: 0.00316714379005
            Rumba-International: 0.0207494292408
            Rumba-Misc: 0.00651477463543
            Samba: 0.0925107300282
            Tango: 0.00653652753681
            VienneseWaltz: 0.0670075193048
            Waltz: 0.00763531774282
        probability: 0.590723693371
        value: "Jive"
    culture:
        all:
            non_western: 0.00893733184785
            western: 0.991062641144
        probability: 0.991062641144
        value: "western"
    gender:
        all:
            female: 0.0115941734985
            male: 0.988405823708
        probability: 0.988405823708
        value: "male"
    genre_dortmund:
        all:
            alternative: 0.12691514194
            blues: 0.10749617219
            electronic: 0.00917547103018
            folkcountry: 0.181878492236
            funksoulrnb: 0.0192156173289
            jazz: 0.0782092511654
            pop: 0.0553306527436
            raphiphop: 0.00161913305055
            rock: 0.420160084963
        probability: 0.420160084963
        value: "rock"
    genre_electronica:
        all:
            ambient: 0.220022767782
            dnb: 0.129858538508
            house: 0.0232655145228
            techno: 0.018263220787
            trance: 0.608589947224
        probability: 0.608589947224
        value: "trance"
    genre_rosamerica:
        all:
            cla: 0.0119293574244
            dan: 0.034972909838
            hip: 0.00227313861251
            jaz: 0.00456881895661
            pop: 0.0578878521919
            rhy: 0.0295938514173
            roc: 0.857674241066
            spe: 0.00109985528979
        probability: 0.857674241066
        value: "roc"
    genre_tzanetakis:
        all:
            blu: 0.00329142250121
            cla: 0.00117154920008
            cou: 0.304586410522
            dis: 0.0242652427405
            hip: 0.00142027088441
            jaz: 0.0091525549069
            met: 0.0275412518531
            pop: 0.0139600150287
            reg: 0.00267592445016
            roc: 0.611935377121
        probability: 0.611935377121
        value: "roc"
    live_studio:
        all:
            live: 0.20377458632
            studio: 0.796225428581
        probability: 0.796225428581
        value: "studio"
    mood:
        all:
            Cluster1: 0.323791623116
            Cluster2: 0.172314226627
            Cluster3: 0.186403930187
            Cluster4: 0.0935163348913
            Cluster5: 0.223973870277
        probability: 0.323791623116
        value: "Cluster1"
    mood_acoustic:
        all:
            acoustic: 0.0271220561117
            not_acoustic: 0.972877919674
        probability: 0.972877919674
        value: "not_acoustic"
    mood_aggressive:
        all:
            aggressive: 0.164334267378
            not_aggressive: 0.835665762424
        probability: 0.835665762424
        value: "not_aggressive"
    mood_electronic:
        all:
            electronic: 0.0407495945692
            not_electronic: 0.95925039053
        probability: 0.95925039053
        value: "not_electronic"
    mood_happy:
        all:
            happy: 0.875608503819
            not_happy: 0.12439148128
        probability: 0.875608503819
        value: "happy"
    mood_party:
        all:
            not_party: 0.71848154068
            party: 0.28151845932
        probability: 0.71848154068
        value: "not_party"
    mood_relaxed:
        all:
            not_relaxed: 0.644026577473
            relaxed: 0.355973422527
        probability: 0.644026577473
        value: "not_relaxed"
    mood_sad:
        all:
            not_sad: 0.608134686947
            sad: 0.391865342855
        probability: 0.608134686947
        value: "not_sad"
    rhythm:
        all:
            fast: 0.926649689674
            medium: 0.0200218632817
            slow: 0.0533284582198
        probability: 0.926649689674
        value: "fast"
    speech_music:
        all:
            music: 0.99998998642
            speech: 1.00194847619e-05
        probability: 0.99998998642
        value: "music"
    timbre:
        all:
            bright: 0.0510917119682
            dark: 0.948908269405
        probability: 0.948908269405
        value: "dark"
    voice_instrumental:
        all:
            instrumental: 0.331149339676
            voice: 0.668850660324
        probability: 0.668850660324
        value: "voice"

lowlevel:
    average_loudness: 0.969127416611
    barkbands_kurtosis:
        dmean: 0.753640532494
        dmean2: 1.25944507122
        dvar: 2.36734509468
        dvar2: 5.86629962921
        max: 13.6983757019
        mean: -0.714929282665
        min: -1.84844195843
        var: 3.50301337242
    barkbands_skewness:
        dmean: 0.427489101887
        dmean2: 0.677299559116
        dvar: 0.203985795379
        dvar2: 0.434464067221
        max: 3.40747499466
        mean: 0.335873454809
        min: -2.20838880539
        var: 0.622117459774
    barkbands_spread:
        dmean: 5.20752334595
        dmean2: 8.29369354248
        dvar: 35.2262649536
        dvar2: 86.1840362549
        max: 67.1987991333
        mean: 36.0688552856
        min: 7.62014913559
        var: 95.4870147705
    dissonance:
        dmean: 0.0154649652541
        dmean2: 0.0245143119246
        dvar: 0.000202121067559
        dvar2: 0.000515152758453
        max: 0.496745347977
        mean: 0.463702231646
        min: 0.363126069307
        var: 0.000487772515044
    hfc:
        dmean: 2.94779443741
        dmean2: 4.27728366852
        dvar: 19.4251651764
        dvar2: 48.2927780151
        max: 44.1574783325
        mean: 7.90186405182
        min: 0.0430109240115
        var: 31.9782867432
    pitch:
        dmean: 534.806945801
        dmean2: 1006.80065918
        dvar: 1271825.25
        dvar2: 3042263
        max: 4900
        mean: 828.139587402
        min: 108.888885498
        var: 1668337.125
    pitch_instantaneous_confidence:
        dmean: 0.0924525409937
        dmean2: 0.141320616007
        dvar: 0.00606713723391
        dvar2: 0.0147501993924
        max: 0.889178156853
        mean: 0.513377189636
        min: 0.160336434841
        var: 0.0236929804087
    pitch_salience:
        dmean: 0.0590920448303
        dmean2: 0.0934628322721
        dvar: 0.00253984611481
        dvar2: 0.0062610222958
        max: 0.84826284647
        mean: 0.599173665047
        min: 0.395867019892
        var: 0.00580050749704
    silence_rate_20dB:
        dmean: 0
        dmean2: 0
        dvar: 0
        dvar2: 0
        max: 1
        mean: 1
        min: 1
        var: 0
    silence_rate_30dB:
        dmean: 0
        dmean2: 0
        dvar: 0
        dvar2: 0
        max: 1
        mean: 1
        min: 1
        var: 0
    silence_rate_60dB:
        dmean: 0.127314820886
        dmean2: 0.255220413208
        dvar: 0.111105360091
        dvar2: 0.21792525053
        max: 1
        mean: 0.258660495281
        min: 0
        var: 0.191754534841
    spectral_centroid:
        dmean: 301.33215332
        dmean2: 462.434265137
        dvar: 102334.679688
        dvar2: 224438.125
        max: 3873.5769043
        mean: 1538.93737793
        min: 309.546844482
        var: 309258.34375
    spectral_complexity:
        dmean: 3.503480196
        dmean2: 5.23488378525
        dvar: 14.2546300888
        dvar2: 25.7006168365
        max: 35
        mean: 13.7685184479
        min: 0
        var: 40.5297317505
    spectral_crest:
        dmean: 1.97106409073
        dmean2: 3.38056445122
        dvar: 3.78137350082
        dvar2: 9.70915222168
        max: 18.9457778931
        mean: 7.15648889542
        min: 2.76813960075
        var: 7.64860725403
    spectral_decrease:
        dmean: 3.41306732876e-10
        dmean2: 5.19048859449e-10
        dvar: 1.69423520804e-19
        dvar2: 3.75347187468e-19
        max: -7.87139450842e-12
        mean: -1.13679032854e-09
        min: -3.75888253856e-09
        var: 3.65215129693e-19
    spectral_energy:
        dmean: 0.00152335723396
        dmean2: 0.00227802549489
        dvar: 3.35264599016e-06
        dvar2: 7.51149536882e-06
        max: 0.0167103894055
        mean: 0.00500723067671
        min: 3.36096563842e-05
        var: 7.1727095019e-06
    spectral_energyband_high:
        dmean: 0.000222380112973
        dmean2: 0.000334031763487
        dvar: 2.12968842561e-07
        dvar2: 5.51486380118e-07
        max: 0.00560359284282
        mean: 0.000393912458094
        min: 6.59948364046e-06
        var: 2.31269780215e-07
    spectral_energyband_low:
        dmean: 0.000157754984684
        dmean2: 0.000268504052656
        dvar: 6.54969412039e-08
        dvar2: 1.89898941017e-07
        max: 0.00247089937329
        mean: 0.000284666079096
        min: 5.49697460883e-07
        var: 7.30517584202e-08
    spectral_energyband_middle_high:
        dmean: 0.00065056362655
        dmean2: 0.000983376754448
        dvar: 7.19988747733e-07
        dvar2: 1.77107381205e-06
        max: 0.00808391626924
        mean: 0.00199852650985
        min: 3.07197956317e-06
        var: 1.65829681009e-06
    spectral_energyband_middle_low:
        dmean: 0.000874674296938
        dmean2: 0.0013877984602
        dvar: 1.33639480282e-06
        dvar2: 3.20210961036e-06
        max: 0.0125017454848
        mean: 0.00233011669479
        min: 1.48493536472e-05
        var: 2.64137588601e-06
    spectral_flatness_db:
        dmean: 0.0159339271486
        dmean2: 0.0244001392275
        dvar: 0.0002032580378
        dvar2: 0.000433597277151
        max: 0.244564816356
        mean: 0.149831950665
        min: 0.0945155024529
        var: 0.000636523589492
    spectral_flux:
        dmean: 0.00901588611305
        dmean2: 0.013864881359
        dvar: 9.16700664675e-05
        dvar2: 0.000187361118151
        max: 0.103356324136
        mean: 0.0391064807773
        min: 0.00579738337547
        var: 0.000216918517253
    spectral_kurtosis:
        dmean: 0.968198537827
        dmean2: 1.63448822498
        dvar: 0.956088483334
        dvar2: 2.11493873596
        max: 10.3583059311
        mean: 3.09552049637
        min: -0.500156879425
        var: 1.86787033081
    spectral_rms:
        dmean: 0.000324983353494
        dmean2: 0.000476029556012
        dvar: 1.13376337652e-07
        dvar2: 2.42844237164e-07
        max: 0.0040376749821
        mean: 0.00213591544889
        min: 0.00018107984215
        var: 3.22966457134e-07
    spectral_rolloff:
        dmean: 442.30456543
        dmean2: 730.375854492
        dvar: 350521.28125
        dvar2: 758242.625
        max: 6180.02929688
        mean: 3156.01220703
        min: 215.33203125
        var: 921220.75
    spectral_skewness:
        dmean: 0.164509564638
        dmean2: 0.260321468115
        dvar: 0.024847747758
        dvar2: 0.0509439110756
        max: 2.62535119057
        mean: 1.31508719921
        min: 0.241407707334
        var: 0.0739145576954
    spectral_spread:
        dmean: 561866.1875
        dmean2: 739150.3125
        dvar: 310859366400
        dvar2: 545103020032
        max: 10538281
        mean: 5004451
        min: 2913456
        var: 1.61077631386e+12
    spectral_strongpeak:
        dmean: 0.652795016766
        dmean2: 1.14392709732
        dvar: 1.03520667553
        dvar2: 2.6464445591
        max: 6.80640172958
        mean: 0.853675723076
        min: 0.00499106245115
        var: 1.53213250637
    zerocrossingrate:
        dmean: 0.00980527698994
        dmean2: 0.0114337299019
        dvar: 8.76993653947e-05
        dvar2: 0.000120972799778
        max: 0.19287109375
        mean: 0.0906846821308
        min: 0.02490234375
        var: 0.000527705182321
    barkbands:
        dmean: [5.15454061656e-08, 5.92618816881e-05, 0.000125061516883, 0.000226865886361, 0.000535904895514, 0.000192621257156, 0.000187364770682, 0.000100339282653, 0.000106670115201, 7.65264485381e-05, 3.23186795868e-05, 3.28279929818e-05, 4.88323858008e-05, 4.45071491413e-05, 0.00011663477926, 4.48863356723e-05, 0.000179937473149, 0.000103083002614, 0.000308087997837, 0.000242295951466, 0.000104567421658, 2.90677653538e-05, 7.84703024692e-06, 3.11552639687e-06, 1.59640330821e-06, 6.82678589214e-08, 1.06907493969e-09]
        dmean2: [7.09258713982e-08, 0.000102646707091, 0.000217433072976, 0.000374703435227, 0.000888019858394, 0.000314942910336, 0.000304835208226, 0.00016926137323, 0.000167936057551, 0.000120184660773, 5.46906994714e-05, 5.50932782062e-05, 8.3926213847e-05, 6.92823887221e-05, 0.000184503180208, 7.43032433093e-05, 0.000284719310002, 0.000163936958415, 0.000473219377454, 0.000411097717006, 0.000158241979079, 4.15467839048e-05, 1.11714862214e-05, 4.1527355279e-06, 2.24534437621e-06, 8.92673099884e-08, 1.2891382406e-09]
        dvar: [1.23813069172e-13, 5.92276627742e-09, 4.76520050086e-08, 9.85037118539e-08, 6.51508514693e-07, 9.18425442364e-08, 8.36607441101e-08, 2.79156573413e-08, 2.38998936197e-08, 1.01056762958e-08, 4.83268802753e-09, 4.53792914357e-09, 5.21526200004e-09, 3.56443852212e-09, 3.06061167521e-08, 4.33602265204e-09, 5.96206248815e-08, 1.9654811112e-08, 2.66794046411e-07, 3.48916699977e-07, 3.07330552118e-08, 2.42982833853e-09, 3.54453105755e-10, 6.48895798205e-11, 8.2442819932e-12, 1.35739359138e-14, 2.30224375627e-16]
        dvar2: [1.24352310675e-13, 1.5167127998e-08, 1.40971749829e-07, 2.36536536136e-07, 1.77502113274e-06, 2.05555025445e-07, 1.98495641257e-07, 7.28180395981e-08, 4.89223843658e-08, 2.26348841892e-08, 1.25637544812e-08, 1.24696057924e-08, 1.33760655885e-08, 8.58342463772e-09, 7.32743217213e-08, 1.14588329936e-08, 1.6057282437e-07, 4.49561987637e-08, 7.48693764763e-07, 9.80110371529e-07, 6.90837254069e-08, 3.97437904809e-09, 5.90999083006e-10, 1.08952367961e-10, 1.70481875145e-11, 2.14848060539e-14, 2.30094991344e-16]
        max: [7.38487415219e-06, 0.000550352269784, 0.00205385638401, 0.00318337697536, 0.00844156835228, 0.00289650587365, 0.00349702453241, 0.00133343739435, 0.00195882003754, 0.000857823470142, 0.00101901451126, 0.00073439325206, 0.000642722530756, 0.000757486501243, 0.00182372063864, 0.000671240675729, 0.00265546794981, 0.00123410159722, 0.00576290115714, 0.00632884353399, 0.00185496127233, 0.000655993178952, 0.00028351607034, 0.000120788223285, 3.91581706936e-05, 1.38725033594e-06, 3.16195865935e-07]
        mean: [5.66177789096e-08, 0.000104017643025, 0.000180602102773, 0.00034787034383, 0.000912488379981, 0.000283894361928, 0.000369330198737, 0.000151839325554, 0.000246949552093, 0.000145581449033, 4.48421778856e-05, 4.81639253849e-05, 8.95440025488e-05, 8.76215926837e-05, 0.00022008594533, 7.83544310252e-05, 0.000345457665389, 0.000187767975149, 0.000575228827074, 0.000327245565131, 0.000186027798918, 5.41797671758e-05, 1.25419674077e-05, 4.97328028359e-06, 2.45383830588e-06, 1.13154143833e-07, 1.12731057822e-09]
        min: [3.47416817537e-11, 4.81514064177e-08, 4.98051463182e-07, 2.09850554711e-06, 3.47252375832e-06, 2.93891889669e-06, 1.56874691015e-07, 1.211131746e-07, 1.28660622067e-06, 3.15038199972e-08, 2.70400846603e-07, 7.25753636743e-07, 6.96772133324e-08, 3.48689255247e-08, 3.54244704681e-08, 1.50193670834e-07, 2.7728796681e-07, 1.28468428784e-07, 1.11118788482e-06, 1.68654139543e-06, 3.5336295241e-06, 1.89130830108e-07, 6.46449080932e-08, 5.01460171165e-08, 4.17817602738e-08, 5.21325260738e-10, 1.77806364467e-13]
        var: [1.3249922264e-13, 8.74203109902e-09, 4.80394142244e-08, 1.490044923e-07, 9.40296104091e-07, 1.40298254792e-07, 2.42676065909e-07, 4.81621320603e-08, 1.35445887395e-07, 2.51783021099e-08, 5.14683939912e-09, 4.13749612349e-09, 1.17688143675e-08, 9.03454377976e-09, 7.38888772389e-08, 6.1134759477e-09, 1.39636142649e-07, 3.42712311863e-08, 4.24629007512e-07, 2.56538896792e-07, 4.59586075863e-08, 4.63484139956e-09, 7.18316184312e-10, 1.35443739557e-10, 1.55067226421e-11, 4.23257552596e-14, 2.3074408328e-16]
    mfcc:
        mean: [-695.921325684, 107.285736084, -37.6886787415, 59.6828193665, -14.0850048065, -3.84791660309, -3.18438863754, -8.76366138458, -4.63872909546, -3.89409446716, -3.46352577209, -9.17912197113, -7.41594219208]
        cov: [[1546.35705566, -265.212646484, -92.4953536987, -52.2170906067, -86.9767150879, -67.2150650024, -27.4030838013, -38.8950576782, 3.49254155159, 32.8432922363, 52.0804138184, 11.7768087387, -6.83041667938], [-265.212646484, 609.546569824, -205.717041016, -90.0445785522, -79.1916351318, -31.3176574707, -21.305765152, -0.703036546707, -5.77499914169, -0.742037832737, 33.1859054565, 12.5187234879, -43.315788269], [-92.4953536987, -205.717041016, 352.390960693, 48.1408653259, 63.3024024963, 66.6713638306, 82.6071853638, 16.9976673126, 12.2180757523, -10.3734369278, -13.225569725, 32.2175445557, 22.9296035767], [-52.2170906067, -90.0445785522, 48.1408653259, 129.036132812, 67.2195892334, 39.4470443726, 27.1148376465, 14.5918207169, 11.7373037338, 0.778819262981, -4.57481050491, 0.56429964304, 12.4938869476], [-86.9767150879, -79.1916351318, 63.3024024963, 67.2195892334, 128.318847656, 56.1772193909, 5.93979978561, -1.22950637341, 8.90747833252, 3.92289352417, -11.2803983688, -4.60352945328, 13.6408777237], [-67.2150650024, -31.3176574707, 66.6713638306, 39.4470443726, 56.1772193909, 107.838867188, 52.3368873596, 16.5077838898, 10.5891284943, 8.00259304047, 4.49413776398, 5.4001955986, -1.32733297348], [-27.4030838013, -21.305765152, 82.6071853638, 27.1148376465, 5.93979978561, 52.3368873596, 109.691833496, 39.4294319153, 16.6520614624, -4.16462135315, 1.39088594913, 23.4471569061, -6.84139060974], [-38.8950576782, -0.703036546707, 16.9976673126, 14.5918207169, -1.22950637341, 16.5077838898, 39.4294319153, 61.4791030884, 30.4733581543, -7.20217847824, -4.8030166626, 8.99148750305, -4.28987503052], [3.49254155159, -5.77499914169, 12.2180757523, 11.7373037338, 8.90747833252, 10.5891284943, 16.6520614624, 30.4733581543, 69.0513534546, 8.53396511078, -6.54006576538, 5.53287124634, -14.9795789719], [32.8432922363, -0.742037832737, -10.3734369278, 0.778819262981, 3.92289352417, 8.00259304047, -4.16462135315, -7.20217847824, 8.53396511078, 76.5055160522, 22.8669948578, -14.6277103424, 1.27759587765], [52.0804138184, 33.1859054565, -13.225569725, -4.57481050491, -11.2803983688, 4.49413776398, 1.39088594913, -4.8030166626, -6.54006576538, 22.8669948578, 59.0975151062, 12.7683668137, 0.389035403728], [11.7768087387, 12.5187234879, 32.2175445557, 0.56429964304, -4.60352945328, 5.4001955986, 23.4471569061, 8.99148750305, 5.53287124634, -14.6277103424, 12.7683668137, 56.2208862305, 3.92226719856], [-6.83041667938, -43.315788269, 22.9296035767, 12.4938869476, 13.6408777237, -1.32733297348, -6.84139060974, -4.28987503052, -14.9795789719, 1.27759587765, 0.389035403728, 3.92226719856, 56.6101951599]]
        icov: [[0.000909583468456, 0.000766931218095, 0.000565550290048, 0.000365302112186, 0.000459732254967, 0.000242333495407, -0.000366900494555, 0.000758908339776, -0.000479437760077, -8.15194798633e-05, -0.000866737274919, -0.000434605288319, 0.000205994670978], [0.000766931218095, 0.00304536079057, 0.00184727855958, 0.00146373175085, 0.000545715971384, -0.00019885051006, -0.000636638142169, 0.000422130135121, -0.000216548884055, 0.000122490193462, -0.00147926376667, -0.00134579313453, 0.00121368153486], [0.000565550290048, 0.00184727855958, 0.00526268500835, 0.00100517936517, -0.00108782970347, -0.000608343689237, -0.00342290103436, 0.00165882089641, -0.000683231337462, 0.000189390149899, 0.000121477765788, -0.00226955115795, -0.000940508150961], [0.000365302112186, 0.00146373175085, 0.00100517936517, 0.0123050864786, -0.00562294432893, 1.87713540072e-05, -0.0027244342491, -0.0011232130928, -0.00078967330046, 0.00050640758127, -0.00142371258698, 0.000371980160708, -0.00125419977121], [0.000459732254967, 0.000545715971384, -0.00108782970347, -0.00562294432893, 0.0153879094869, -0.00721536157653, 0.0043541318737, 0.00235720281489, -0.00189957988914, -0.000247848161962, 0.00208527082577, -2.23958559218e-05, -0.00152744224761], [0.000242333495407, -0.00019885051006, -0.000608343689237, 1.87713540072e-05, -0.00721536157653, 0.0173191688955, -0.00761227030307, -0.000217790759052, 0.000331551826093, -0.00104089209344, -0.00266390107572, 0.00150428840425, 0.00135290576145], [-0.000366900494555, -0.000636638142169, -0.00342290103436, -0.0027244342491, 0.0043541318737, -0.00761227030307, 0.0196563415229, -0.00943769235164, 0.00232301978394, -0.00114867929369, 0.00153208093252, -0.00446596182883, 0.00282846647315], [0.000758908339776, 0.000422130135121, 0.00165882089641, -0.0011232130928, 0.00235720281489, -0.000217790759052, -0.00943769235164, 0.0287226960063, -0.0119655234739, 0.00369872013107, -0.000512107391842, 0.00081901717931, -0.00284939748235], [-0.000479437760077, -0.000216548884055, -0.000683231337462, -0.00078967330046, -0.00189957988914, 0.000331551826093, 0.00232301978394, -0.0119655234739, 0.0224007926881, -0.00540071679279, 0.00424379762262, -0.00371057423763, 0.00634424434975], [-8.15194798633e-05, 0.000122490193462, 0.000189390149899, 0.00050640758127, -0.000247848161962, -0.00104089209344, -0.00114867929369, 0.00369872013107, -0.00540071679279, 0.0181687623262, -0.00873332563788, 0.00723960436881, -0.00220850412734], [-0.000866737274919, -0.00147926376667, 0.000121477765788, -0.00142371258698, 0.00208527082577, -0.00266390107572, 0.00153208093252, -0.000512107391842, 0.00424379762262, -0.00873332563788, 0.0245212651789, -0.00795557629317, 0.000312712509185], [-0.000434605288319, -0.00134579313453, -0.00226955115795, 0.000371980160708, -2.23958559218e-05, 0.00150428840425, -0.00446596182883, 0.00081901717931, -0.00371057423763, 0.00723960436881, -0.00795557629317, 0.0253616068512, -0.00352975353599], [0.000205994670978, 0.00121368153486, -0.000940508150961, -0.00125419977121, -0.00152744224761, 0.00135290576145, 0.00282846647315, -0.00284939748235, 0.00634424434975, -0.00220850412734, 0.000312712509185, -0.00352975353599, 0.0217725988477]]
    spectral_contrast:
        mean: [2.11111640169e-07, -1.53379346557e-07, -2.21939345124e-07, -6.97629598534e-09, 7.55621698545e-08, 2.46386548497e-07, -3.66884182768e-06, 2.0517725261e-06, 4.27304598816e-07, -9.9375569107e-08, 5.54654349116e-08, -3.94384051106e-06]
        var: [0.000297339371173, 0.000712144828867, 0.00176797807217, 0.00194367242511, 0.00286357454024, 0.0046756323427, 0.0401454120874, 0.0785215273499, 0.0986964553595, 0.266671299934, 0.408548533916, 1.12430977821]

rhythm:
    beats_loudness:
        dmean: 0.00200378801674
        dmean2: 0.00338532146998
        dvar: 1.89481329471e-06
        dvar2: 4.18253694079e-06
        max: 0.0123810525984
        mean: 0.00624413322657
        min: 0.00292551447637
        var: 7.90612284618e-06
    beats_loudness_bass:
        dmean: 0.0616064704955
        dmean2: 0.091601036489
        dvar: 0.00468106195331
        dvar2: 0.0064369966276
        max: 0.278192222118
        mean: 0.0937472730875
        min: 0.00573778431863
        var: 0.00500723952428
    bpm: 90.6122207642
    bpm_confidence: 0
    first_peak_bpm: 91
    first_peak_spread: 0
    first_peak_weight: 0.923076987267
    onset_rate: 4.68546581268
    second_peak_bpm: 69
    second_peak_spread: 0
    second_peak_weight: 0.0769230797887
    beats_position: [0.473411977291, 1.13442540169, 1.79543876648, 2.45645236969, 3.11746549606, 3.77847886086, 4.43949222565, 5.10050535202, 5.76151895523, 6.63261413574, 7.29623699188, 7.9598608017, 8.62348365784, 9.28710746765]
    bpm_estimates: [91.1998214722, 90.7286682129, 90.2289276123, 91.2788085938, 90.421836853, 90.4681243896, 90.174621582, 90.4463424683, 90.5628433228]
    bpm_intervals: [0.661013424397, 0.661013364792, 0.66101360321, 0.661013126373, 0.661013364792, 0.661013364792, 0.661013126373, 0.66101360321, 0.871095180511, 0.66362285614, 0.663623809814, 0.66362285614, 0.663623809814]
    onset_times: [0.0464399084449, 0.27863946557, 0.406349211931, 0.487619042397, 0.638548731804, 0.940408170223, 1.1261677742, 1.28870749474, 1.49768710136, 1.83437645435, 1.98530614376, 2.28716564178, 2.63546490669, 2.84444451332, 3.14630389214, 3.30884361267, 3.63392281532, 3.93578219414, 4.13315200806, 4.3073015213, 4.46984148026, 4.62077093124, 4.82975053787, 4.9806804657, 5.29414987564, 5.49151945114, 5.64244890213, 5.79337882996, 5.95591831207, 6.15328788757, 6.31582784653, 6.48997735977, 6.64090681076, 6.96598625183, 7.26784563065, 7.47682523727, 7.63936519623, 7.95283460617, 8.25469398499, 8.63782310486, 8.82358264923, 8.96290206909, 9.13705253601, 9.32281208038, 9.50857162476, 9.65950107574, 9.97297096252]
    rubato_start: []
    rubato_stop: []
    perceptual_tempo: "unknown"

sfx:
    inharmonicity:
        dmean: 0.0418792329729
        dmean2: 0.0750396251678
        dvar: 0.00206999247894
        dvar2: 0.00616553239524
        max: 0.288079410791
        mean: 0.0454945266247
        min: 0
        var: 0.00210054474883
    oddtoevenharmonicenergyratio:
        dmean: 2.48022699356
        dmean2: 4.74236488342
        dvar: 97.1524200439
        dvar2: 287.368682861
        max: 108.763122559
        mean: 1.62843239307
        min: 0
        var: 51.3052711487
    pitch_after_max_to_before_max_energy_ratio: 0.935776293278
    pitch_centroid: 181.540725708
    pitch_max_to_total: 0.282407402992
    pitch_min_to_total: 0.381944447756
    tristimulus:
        dmean: [0.195165723562, 0.216377690434, 0.123418785632]
        dmean2: [0.335292756557, 0.377105563879, 0.216184869409]
        dvar: [0.0280178654939, 0.0332381539047, 0.0116458935663]
        dvar2: [0.077879153192, 0.087785705924, 0.0319308266044]
        max: [1, 0.950811982155, 0.712882041931]
        mean: [0.3878698349, 0.439870804548, 0.14716809988]
        min: [0.0314450748265, 0, 0]
        var: [0.0415644980967, 0.0464962497354, 0.0163667425513]

tonal:
    chords_changes_rate: 0.0506912432611
    chords_number_rate: 0.0230414755642
    chords_strength:
        dmean: 0.0105797722936
        dmean2: 0.00872403010726
        dvar: 6.51799127809e-05
        dvar2: 6.03261833021e-05
        max: 0.750139057636
        mean: 0.549002528191
        min: 0.346354037523
        var: 0.00975408498198
    key_strength: 0.834009468555
    tuning_diatonic_strength: 0.715027451515
    tuning_equal_tempered_deviation: 0.0389633998275
    tuning_frequency: 442.03793335
    tuning_nontempered_energy_ratio: 0.748807251453
    hpcp:
        dmean: [0.161880865693, 0.182577669621, 0.155929252505, 0.106048792601, 0.132022604346, 0.148512110114, 0.1506986022, 0.134172976017, 0.0930598676205, 0.0801942199469, 0.074587456882, 0.0678347051144, 0.0620722919703, 0.0617638751864, 0.0757765322924, 0.0975701361895, 0.0989619195461, 0.0818579792976, 0.0719196498394, 0.113312423229, 0.182123348117, 0.185639023781, 0.162918016315, 0.128458708525, 0.116137750447, 0.0886291861534, 0.0695696175098, 0.0557203777134, 0.0527351796627, 0.0989068001509, 0.122147686779, 0.105561643839, 0.0744382366538, 0.090080730617, 0.127029821277, 0.176184073091]
        dmean2: [0.268199771643, 0.302797079086, 0.270880311728, 0.187826409936, 0.233150780201, 0.262715339661, 0.246325135231, 0.222062379122, 0.149070173502, 0.132939249277, 0.122782327235, 0.106993563473, 0.102432288229, 0.10766363889, 0.124862954021, 0.158121719956, 0.165646329522, 0.146872505546, 0.123367995024, 0.203976497054, 0.308364331722, 0.302362531424, 0.260621696711, 0.221998646855, 0.206162616611, 0.153373047709, 0.116694658995, 0.0967007428408, 0.0876480564475, 0.152481392026, 0.191903278232, 0.180549353361, 0.134333029389, 0.15388174355, 0.217765077949, 0.289196997881]
        dvar: [0.035724774003, 0.0416493006051, 0.036626663059, 0.0228292234242, 0.0340656377375, 0.0349092446268, 0.0356014333665, 0.0286262482405, 0.0221136379987, 0.0138327777386, 0.0125724589452, 0.0080986218527, 0.00551275908947, 0.00926694925874, 0.00956018362194, 0.0141314622015, 0.0150577966124, 0.012983889319, 0.0151358405128, 0.0279783252627, 0.0346559397876, 0.0314601697028, 0.0245561376214, 0.0237486828119, 0.0358944199979, 0.0242757201195, 0.0106632476673, 0.00610608933493, 0.00549893034622, 0.0201911441982, 0.0377579033375, 0.0341060012579, 0.0146153168753, 0.0212916210294, 0.0319550000131, 0.0313939340413]
        dvar2: [0.0935280099511, 0.100998513401, 0.0934206321836, 0.0607326850295, 0.094210639596, 0.0909149348736, 0.0882696732879, 0.0681180432439, 0.052967812866, 0.0320690087974, 0.0265193805099, 0.0159971285611, 0.0116435652599, 0.0239500328898, 0.0253634434193, 0.0372317396104, 0.0394316166639, 0.0350066013634, 0.0423391796649, 0.0744092017412, 0.0950283408165, 0.0789484009147, 0.0646079108119, 0.0621171332896, 0.105480268598, 0.0699458122253, 0.0279736891389, 0.0163207892329, 0.0153477136046, 0.0538371689618, 0.0884986892343, 0.0854734554887, 0.0371340289712, 0.0612169578671, 0.0889477953315, 0.0805539935827]
        max: [1, 1, 1, 1, 1, 1, 1, 1, 1, 1, 0.999410688877, 1, 0.722740530968, 0.740778625011, 0.646566510201, 1, 0.865768074989, 0.709281861782, 1, 0.987893760204, 1, 1, 1, 0.989953935146, 1, 1, 0.676919579506, 0.557619690895, 0.566944956779, 1, 1, 1, 1, 0.955750524998, 1, 1]
        mean: [0.486286520958, 0.357775211334, 0.171241849661, 0.1062752828, 0.128204807639, 0.262011677027, 0.327491730452, 0.218939483166, 0.165415778756, 0.164634644985, 0.121603213251, 0.105222292244, 0.0988219305873, 0.0836856737733, 0.116969779134, 0.151148274541, 0.124655924737, 0.0869577378035, 0.0732490867376, 0.113719947636, 0.29604268074, 0.453906863928, 0.32240819931, 0.160668164492, 0.141694828868, 0.108058035374, 0.0772902965546, 0.0647560209036, 0.0672363936901, 0.167559102178, 0.230442434549, 0.147097885609, 0.0923454985023, 0.116848304868, 0.177288427949, 0.349424481392]
        min: [0.00708922930062, 0.00730378367007, 0.00251315557398, 0.00349753559567, 0.00433655874804, 0.00795467104763, 0.00751530053094, 0.00652782293037, 0.00442935246974, 0.00488720089197, 0.00591808278114, 0.0049924403429, 0.00270750164054, 0.0045006503351, 0.00563552835956, 0.00593236321583, 0.00487358868122, 0.00348290731199, 0.00235421070829, 0.00129518320318, 0.00318988808431, 0.00553316576406, 0.00879731867462, 0.00599683215842, 0.00247714621946, 0.0018159939209, 0.00368372141384, 0.0021213083528, 0.00259699579328, 0.00441618682817, 0.00415317667648, 0.00321770668961, 0.00176108186133, 0.00335152377374, 0.005856951233, 0.0109621006995]
        var: [0.140660434961, 0.0949091613293, 0.0449679195881, 0.022664770484, 0.0315598621964, 0.0836787521839, 0.112016804516, 0.0551296547055, 0.0575499236584, 0.0566348060966, 0.0260198321193, 0.0128303226084, 0.00978924147785, 0.00910402741283, 0.0136075941846, 0.0258144121617, 0.0189444608986, 0.0116847315803, 0.0139176594093, 0.0293708778918, 0.0795717835426, 0.112601585686, 0.0657685399055, 0.0327110514045, 0.0495833717287, 0.0281425528228, 0.0113551728427, 0.00647898809984, 0.00579878082499, 0.0410002209246, 0.0884424299002, 0.0425915308297, 0.0165314264596, 0.0238209310919, 0.0476422868669, 0.0768752619624]
    chords_histogram: [38.2488479614, 0, 23.041475296, 0, 0, 0, 0, 15.2073736191, 0, 14.7465438843, 0, 0, 0, 0, 0, 0, 0, 0, 0, 0, 0, 0, 8.75576019287, 0]
    thpcp: [1, 0.735729217529, 0.35214188695, 0.218544572592, 0.263640463352, 0.538801014423, 0.673454284668, 0.450227320194, 0.340161144733, 0.338554829359, 0.25006493926, 0.216379210353, 0.203217506409, 0.172091290355, 0.240536749363, 0.310821443796, 0.256342560053, 0.178819969296, 0.150629475713, 0.233853787184, 0.608782410622, 0.933414459229, 0.663000464439, 0.330398142338, 0.2913813591, 0.222210630774, 0.158939823508, 0.133164331317, 0.138264968991, 0.344568669796, 0.47388201952, 0.302492201328, 0.189899355173, 0.240286946297, 0.364576071501, 0.718556761742]
    chords_key: "A"
    chords_scale: "minor"
    key_key: "A"
    key_scale: "minor"
    chords_progression: ["A", "A", "A", "A", "A", "A", "A", "A", "A", "A", "A", "A", "A", "Am", "Am", "Am", "Am", "Am", "Am", "Am", "Am", "Am", "Am", "Am", "Am", "Am", "Am", "Am", "Am", "Am", "Am", "Am", "Am", "Am", "Am", "Am", "Am", "E", "E", "E", "E", "E", "E", "E", "E", "E", "E", "E", "E", "E", "E", "E", "E", "E", "E", "E", "E", "E", "E", "E", "E", "E", "E", "E", "Em", "Em", "Em", "Em", "Em", "Em", "Em", "Em", "Em", "Em", "Em", "Em", "E", "Am", "Am", "Am", "Am", "Am", "Am", "Am", "Am", "Am", "Am", "Am", "Am", "Am", "Am", "Am", "Am", "Am", "Am", "Am", "Am", "Am", "Am", "Am", "Am", "Am", "Am", "Am", "Am", "A", "A", "A", "A", "A", "A", "A", "A", "A", "A", "A", "A", "A", "A", "A", "A", "Dm", "Dm", "Dm", "Dm", "Dm", "Dm", "Dm", "Dm", "Dm", "Dm", "Dm", "Dm", "Dm", "Dm", "Dm", "Dm", "Dm", "Dm", "Dm", "A", "A", "A", "A", "Em", "Em", "Em", "Em", "Em", "Em", "Em", "Em", "Em", "Em", "Em", "Em", "Em", "Em", "Em", "Em", "Em", "Em", "Em", "Em", "Em", "Em", "Em", "Em", "Em", "Em", "Em", "Em", "Em", "Em", "Em", "Em", "Em", "Em", "Em", "Em", "Em", "Em", "E", "E", "E", "E", "Am", "Am", "Am", "Am", "Am", "Am", "Am", "Am", "Am", "Am", "Am", "Am", "Am", "Am", "Am", "Am", "Am", "Am", "Am", "Am", "Am", "Am", "Am", "Am", "Am", "Am", "Am", "Am", "Am", "Am", "Am"]
