
metadata:
    version:
        essentia: "1.2.2"
    audio_properties:
        analysis_sample_rate: 44100
        bitrate: 128
        channels: 2
        equal_loudness: 1
        length: 10.0310201645
        replay_gain: -11.3854122162
        downmix: "mix"
    tags:
        track: 16
        year: 0
        album: "Splitted by Mp3Splt v. 2.1"
        artist: "From 002.30 To 002.40"
        comment: "http://mp3splt.sf.net"
        genre: ""
        title: "08 Track 8.mp3"

highlevel:
    ballroom:
        all:
            ChaChaCha: 0.111998438835
            Jive: 0.131315141916
            Quickstep: 0.0629742741585
            Rumba-American: 0.00110039929859
            Rumba-International: 0.0020702353213
            Rumba-Misc: 0.00353896804154
            Samba: 0.685227811337
            Tango: 0.000674359442201
            VienneseWaltz: 0.000608021044172
            Waltz: 0.000492379709613
        probability: 0.685227811337
        value: "Samba"
    culture:
        all:
            non_western: 0.634030044079
            western: 0.365969926119
        probability: 0.634030044079
        value: "non_western"
    gender:
        all:
            female: 0.0630516931415
            male: 0.936948299408
        probability: 0.936948299408
        value: "male"
    genre_dortmund:
        all:
            alternative: 0.000113710542792
            blues: 9.01687890291e-05
            electronic: 0.000419667543611
            folkcountry: 0.000111057488539
            funksoulrnb: 0.00050294335233
            jazz: 0.000540910637937
            pop: 0.000384602491977
            raphiphop: 0.997168898582
            rock: 0.000668043154292
        probability: 0.997168898582
        value: "raphiphop"
    genre_electronica:
        all:
            ambient: 0.0485596321523
            dnb: 0.308509230614
            house: 0.578239142895
            techno: 0.0456024594605
            trance: 0.0190895181149
        probability: 0.578239142895
        value: "house"
    genre_rosamerica:
        all:
            cla: 0.00223758933134
            dan: 0.00464766519144
            hip: 0.959131717682
            jaz: 0.00114232581109
            pop: 0.000591961434111
            rhy: 0.0292683262378
            roc: 0.0014279501047
            spe: 0.00155245233327
        probability: 0.959131717682
        value: "hip"
    genre_tzanetakis:
        all:
            blu: 0.000305220863083
            cla: 0.000291639182251
            cou: 0.00166743004229
            dis: 0.0501138493419
            hip: 0.724953711033
            jaz: 0.000403562444262
            met: 0.00400656322017
            pop: 0.0162265822291
            reg: 0.199599534273
            roc: 0.00243193167262
        probability: 0.724953711033
        value: "hip"
    live_studio:
        all:
            live: 0.150090366602
            studio: 0.8499096632
        probability: 0.8499096632
        value: "studio"
    mood:
        all:
            Cluster1: 0.268221378326
            Cluster2: 0.312652021646
            Cluster3: 0.102063581347
            Cluster4: 0.0816815420985
            Cluster5: 0.235381484032
        probability: 0.312652021646
        value: "Cluster2"
    mood_acoustic:
        all:
            acoustic: 0.0146769154817
            not_acoustic: 0.98532307148
        probability: 0.98532307148
        value: "not_acoustic"
    mood_aggressive:
        all:
            aggressive: 0.656028151512
            not_aggressive: 0.343971848488
        probability: 0.656028151512
        value: "aggressive"
    mood_electronic:
        all:
            electronic: 0.853944063187
            not_electronic: 0.146055966616
        probability: 0.853944063187
        value: "electronic"
    mood_happy:
        all:
            happy: 0.311607688665
            not_happy: 0.688392281532
        probability: 0.688392281532
        value: "not_happy"
    mood_party:
        all:
            not_party: 0.144936814904
            party: 0.855063199997
        probability: 0.855063199997
        value: "party"
    mood_relaxed:
        all:
            not_relaxed: 0.805308401585
            relaxed: 0.194691628218
        probability: 0.805308401585
        value: "not_relaxed"
    mood_sad:
        all:
            not_sad: 0.930352985859
            sad: 0.0696470364928
        probability: 0.930352985859
        value: "not_sad"
    rhythm:
        all:
            fast: 0.44342687726
            medium: 0.434584259987
            slow: 0.121988877654
        probability: 0.44342687726
        value: "fast"
    speech_music:
        all:
            music: 0.997539460659
            speech: 0.00246055377647
        probability: 0.997539460659
        value: "music"
    timbre:
        all:
            bright: 0.0367921292782
            dark: 0.963207900524
        probability: 0.963207900524
        value: "dark"
    voice_instrumental:
        all:
            instrumental: 0.00193673057947
            voice: 0.998063266277
        probability: 0.998063266277
        value: "voice"

lowlevel:
    average_loudness: 0.97906690836
    barkbands_kurtosis:
        dmean: 3.87993693352
        dmean2: 6.36063671112
        dvar: 71.2280426025
        dvar2: 156.959030151
        max: 85.463218689
        mean: 1.99999606609
        min: -1.88100659847
        var: 76.2026062012
    barkbands_skewness:
        dmean: 0.882607281208
        dmean2: 1.35612869263
        dvar: 1.16147768497
        dvar2: 2.54913210869
        max: 6.61188936234
        mean: 0.754688739777
        min: -1.80960667133
        var: 2.11053752899
    barkbands_spread:
        dmean: 10.4444465637
        dmean2: 15.9288883209
        dvar: 127.475608826
        dvar2: 312.972625732
        max: 95.2804794312
        mean: 32.2964515686
        min: 1.27141785622
        var: 282.315093994
    dissonance:
        dmean: 0.0267042666674
        dmean2: 0.0441669821739
        dvar: 0.0010099967476
        dvar2: 0.00251513696276
        max: 0.499934107065
        mean: 0.458469033241
        min: 0.259135991335
        var: 0.00148583680857
    hfc:
        dmean: 2.38310527802
        dmean2: 3.1175904274
        dvar: 31.558303833
        dvar2: 56.2346458435
        max: 53.5988197327
        mean: 4.00839328766
        min: 0.0231323074549
        var: 56.381690979
    pitch:
        dmean: 972.152099609
        dmean2: 1851.66210938
        dvar: 2162056.25
        dvar2: 4358046
        max: 5512.5
        mean: 1480.47521973
        min: 55.471698761
        var: 2881814.75
    pitch_instantaneous_confidence:
        dmean: 0.117746457458
        dmean2: 0.186548531055
        dvar: 0.0112524144351
        dvar2: 0.024418881163
        max: 0.897880375385
        mean: 0.442427843809
        min: 0.103216767311
        var: 0.0269368160516
    pitch_salience:
        dmean: 0.0806086957455
        dmean2: 0.129197627306
        dvar: 0.00505208782852
        dvar2: 0.0134669868276
        max: 0.895227611065
        mean: 0.591288805008
        min: 0.259762644768
        var: 0.0125123905018
    silence_rate_20dB:
        dmean: 0
        dmean2: 0
        dvar: 0
        dvar2: 0
        max: 1
        mean: 1
        min: 1
        var: 0
    silence_rate_30dB:
        dmean: 0
        dmean2: 0
        dvar: 0
        dvar2: 0
        max: 1
        mean: 1
        min: 1
        var: 0
    silence_rate_60dB:
        dmean: 0.13425925374
        dmean2: 0.26914152503
        dvar: 0.116233490407
        dvar2: 0.229186043143
        max: 1
        mean: 0.792147815228
        min: 0
        var: 0.164649635553
    spectral_centroid:
        dmean: 433.148956299
        dmean2: 644.55859375
        dvar: 220601.765625
        dvar2: 483755.5625
        max: 4243.45166016
        mean: 1393.00097656
        min: 163.982208252
        var: 560153.5
    spectral_complexity:
        dmean: 3.19257545471
        dmean2: 4.32790708542
        dvar: 28.9768505096
        dvar2: 45.7273330688
        max: 54
        mean: 7.26851844788
        min: 0
        var: 76.2844696045
    spectral_crest:
        dmean: 2.42402100563
        dmean2: 4.04306554794
        dvar: 4.72046756744
        dvar2: 12.7772541046
        max: 19.0012054443
        mean: 8.15989780426
        min: 3.08304166794
        var: 8.41672420502
    spectral_decrease:
        dmean: 4.30558949605e-10
        dmean2: 6.76807998534e-10
        dvar: 7.55020788034e-19
        dvar2: 1.88897859815e-18
        max: -5.51178633984e-12
        mean: -6.00418326169e-10
        min: -5.17698639513e-09
        var: 7.56168914724e-19
    spectral_energy:
        dmean: 0.00182078743819
        dmean2: 0.00279068015516
        dvar: 1.28913970912e-05
        dvar2: 3.0811974284e-05
        max: 0.0234377142042
        mean: 0.0026296901051
        min: 2.31617123063e-05
        var: 1.45980775415e-05
    spectral_energyband_high:
        dmean: 0.000224357980187
        dmean2: 0.000290330208372
        dvar: 4.3728650212e-07
        dvar2: 7.54303925987e-07
        max: 0.00663370080292
        mean: 0.00031576238689
        min: 3.39559420581e-07
        var: 7.64554386024e-07
    spectral_energyband_low:
        dmean: 0.00033881503623
        dmean2: 0.000614787102677
        dvar: 1.21682671761e-06
        dvar2: 3.44690533893e-06
        max: 0.0084438836202
        mean: 0.000367824948626
        min: 9.20544778182e-08
        var: 7.84279393429e-07
    spectral_energyband_middle_high:
        dmean: 0.000516940606758
        dmean2: 0.00072488799924
        dvar: 8.81428604771e-07
        dvar2: 1.72864963588e-06
        max: 0.00967086665332
        mean: 0.000905881694052
        min: 3.05818571178e-06
        var: 1.66089239428e-06
    spectral_energyband_middle_low:
        dmean: 0.000969471351709
        dmean2: 0.00168810214382
        dvar: 4.83700114273e-06
        dvar2: 1.27959647216e-05
        max: 0.0134266773239
        mean: 0.00104021525476
        min: 3.65150640391e-06
        var: 3.72489466827e-06
    spectral_flatness_db:
        dmean: 0.0256185326725
        dmean2: 0.0406094826758
        dvar: 0.000692919071298
        dvar2: 0.00176455255132
        max: 0.331868648529
        mean: 0.165591835976
        min: 0.0791308432817
        var: 0.001557092648
    spectral_flux:
        dmean: 0.0128817437217
        dmean2: 0.019832810387
        dvar: 0.000301027321257
        dvar2: 0.000538537919056
        max: 0.123104356229
        mean: 0.0334859602153
        min: 0.00427995156497
        var: 0.000598358223215
    spectral_kurtosis:
        dmean: 1.38954699039
        dmean2: 2.10524082184
        dvar: 2.61708402634
        dvar2: 5.19014453888
        max: 16.5345897675
        mean: 2.47249507904
        min: -1.26258099079
        var: 7.16565799713
    spectral_rms:
        dmean: 0.000447272672318
        dmean2: 0.000636202516034
        dvar: 3.99752394742e-07
        dvar2: 8.79357003214e-07
        max: 0.00478184735402
        mean: 0.00137529231142
        min: 0.000150322288391
        var: 6.74122475175e-07
    spectral_rolloff:
        dmean: 912.33795166
        dmean2: 1449.73596191
        dvar: 1365222.75
        dvar2: 3030833
        max: 8677.88085938
        mean: 2700.87158203
        min: 150.732421875
        var: 2685504.5
    spectral_skewness:
        dmean: 0.307475149632
        dmean2: 0.404695302248
        dvar: 0.0915313661098
        dvar2: 0.170353963971
        max: 3.3841714859
        mean: 1.18037497997
        min: -0.18681755662
        var: 0.364450097084
    spectral_spread:
        dmean: 876297.625
        dmean2: 1250936
        dvar: 1.37166848e+12
        dvar2: 2.50719974195e+12
        max: 13825061
        mean: 5434640
        min: 2621475.25
        var: 4.34152459469e+12
    spectral_strongpeak:
        dmean: 0.31354907155
        dmean2: 0.542568802834
        dvar: 0.231755644083
        dvar2: 0.636345386505
        max: 3.40023589134
        mean: 0.352563291788
        min: 0.00824042689055
        var: 0.238126471639
    zerocrossingrate:
        dmean: 0.0157711450011
        dmean2: 0.0174861457199
        dvar: 0.0002287151583
        dvar2: 0.000292926328257
        max: 0.21142578125
        mean: 0.0864924713969
        min: 0.0107421875
        var: 0.00122667523101
    barkbands:
        dmean: [5.48401033029e-07, 5.79021689191e-05, 0.000294923782349, 0.000373704882804, 0.000320959457895, 0.000109805820102, 0.00016948110715, 8.49909920362e-05, 7.11327666068e-05, 4.04866696044e-05, 4.57404930785e-05, 5.67137467442e-05, 6.66895211907e-05, 4.87414254167e-05, 2.94957899314e-05, 4.77448593301e-05, 9.57104421104e-05, 9.64159989962e-05, 0.000126825398183, 0.000110600245534, 0.000106404280814, 4.58321410406e-05, 1.1488191376e-05, 4.37807011622e-06, 7.4499882885e-07, 1.51248613633e-08, 1.84222470612e-10]
        dmean2: [7.27815859136e-07, 9.80847980827e-05, 0.000542118563317, 0.000683523132466, 0.000590112293139, 0.000186856952496, 0.000256995816017, 0.000137196533615, 0.000116724142572, 6.14176242379e-05, 7.03856348991e-05, 8.97314675967e-05, 0.000102790312667, 7.65248987591e-05, 4.84586853418e-05, 7.31333493604e-05, 0.000144956909935, 0.000144489982631, 0.000195363390958, 0.000138862029416, 0.000146360194776, 6.69717701385e-05, 1.65356177604e-05, 6.34034404356e-06, 1.13032956506e-06, 2.19685656333e-08, 3.14413106661e-10]
        dvar: [1.53714497728e-12, 2.53848941867e-08, 1.04256753275e-06, 1.51484005073e-06, 7.7855361269e-07, 1.59200922667e-07, 1.37322174965e-07, 3.99208914814e-08, 2.77031393381e-08, 7.9154034438e-09, 1.06601989458e-08, 1.75633783073e-08, 1.55662043255e-08, 1.32492647964e-08, 4.9271404734e-09, 1.11489635302e-08, 2.92858857165e-08, 3.5085754746e-08, 6.48604867592e-08, 1.03143015906e-07, 1.21698832345e-07, 1.6329423147e-08, 5.68267044532e-10, 1.07574477104e-10, 5.57536135315e-12, 2.17856196407e-15, 4.37429548133e-19]
        dvar2: [2.53467559441e-12, 6.86644128223e-08, 2.96240136777e-06, 4.29129295298e-06, 2.14628767026e-06, 3.95014069454e-07, 3.14163656867e-07, 9.50914085251e-08, 7.04987570543e-08, 1.71090679402e-08, 2.75576574893e-08, 3.64351500082e-08, 3.38838752612e-08, 3.2020757601e-08, 1.30825270617e-08, 2.68685216298e-08, 6.22696987307e-08, 7.98824117965e-08, 1.57722681138e-07, 1.65016118103e-07, 2.40013321218e-07, 3.05356238073e-08, 1.04170361226e-09, 2.1411766804e-10, 1.15257517072e-11, 4.17447863725e-15, 7.25740145313e-19]
        max: [1.23715772133e-05, 0.0015435940586, 0.00792423449457, 0.00919067207724, 0.00645575625822, 0.00382138509303, 0.0049139270559, 0.00151635752991, 0.00135770824272, 0.000726467464119, 0.00107419968117, 0.00110561761539, 0.00116921763401, 0.00113905814942, 0.000631587405223, 0.00104342738632, 0.00174741272349, 0.00169395771809, 0.00210042786784, 0.00314079085365, 0.00351620605215, 0.00119663914666, 0.000220113695832, 0.000145948433783, 2.69897100225e-05, 5.87134422858e-07, 1.16874838696e-08]
        mean: [8.05017805305e-07, 8.06569660199e-05, 0.000286370923277, 0.000320862221997, 0.000274675810942, 9.52947448241e-05, 0.000179057387868, 8.48158888402e-05, 7.99713670858e-05, 5.3423907957e-05, 5.61058259336e-05, 8.41725268401e-05, 9.1483205324e-05, 5.16803193022e-05, 3.32726776833e-05, 5.92067663092e-05, 0.000144010147778, 0.000129203690449, 0.000153401764692, 0.000148985447595, 0.000132178916829, 6.46970875096e-05, 1.78766294994e-05, 6.38781830276e-06, 1.07408368422e-06, 2.12789590393e-08, 2.27925858742e-10]
        min: [2.73286698826e-10, 1.70306257985e-08, 6.47444835522e-08, 1.8593778961e-08, 4.77039861835e-07, 2.28189165341e-07, 3.53462006331e-08, 1.64218167953e-08, 1.3897198059e-08, 2.31660592931e-08, 1.69437193165e-08, 3.36874670381e-08, 3.6440425788e-08, 1.41765070794e-08, 4.02502138286e-08, 3.27839799752e-08, 1.23223429682e-07, 9.99912757038e-08, 1.35459629291e-07, 1.76568590859e-07, 1.07548132178e-07, 4.97940249033e-08, 5.99117466749e-09, 1.50164325419e-09, 1.30940525089e-09, 5.06536826372e-12, 2.05823923985e-13]
        var: [2.90485192324e-12, 2.50408085378e-08, 6.1538656837e-07, 9.12279688237e-07, 5.02109514855e-07, 1.37064134265e-07, 1.69249929627e-07, 4.46194974302e-08, 2.84274044304e-08, 1.49302152863e-08, 1.35121238642e-08, 3.15097850034e-08, 3.15676551566e-08, 1.51954822059e-08, 4.69982186502e-09, 1.37182594173e-08, 5.94329030434e-08, 5.2298339881e-08, 8.51266861446e-08, 1.9886164182e-07, 1.710896953e-07, 2.74574620818e-08, 1.05620068247e-09, 2.51532517037e-10, 1.12412622613e-11, 4.31657391987e-15, 4.0959153425e-19]
    mfcc:
        mean: [-778.721374512, 97.358833313, -21.97407341, 57.8305244446, -7.74675273895, 14.1083564758, -6.23402166367, 10.8316335678, -9.84866142273, -4.90124702454, 0.721362829208, 2.76209878922, -6.80195713043]
        cov: [[6049.08007812, -819.790527344, -742.527770996, -450.385223389, -735.349243164, -118.606636047, -320.028289795, -114.231781006, 69.5658416748, 196.354766846, -78.5306091309, 111.654098511, -54.5117759705], [-819.790527344, 1225.57299805, -480.747375488, -321.243011475, -104.783866882, -21.1044445038, 43.7211914062, 193.416259766, 5.9551987648, -109.410743713, 126.669456482, 30.1279335022, 49.8123016357], [-742.527770996, -480.747375488, 1310.11010742, 466.770599365, 259.839416504, 101.459617615, 180.999786377, -228.580322266, -29.3465709686, 98.1270065308, -125.008956909, -49.2769508362, 76.6014785767], [-450.385223389, -321.243011475, 466.770599365, 787.443969727, 306.71572876, -7.47374534607, -102.809738159, -136.398742676, -84.3499145508, 92.7558059692, -69.9929885864, -51.5351829529, 47.598274231], [-735.349243164, -104.783866882, 259.839416504, 306.71572876, 516.467712402, -13.5311431885, -59.2462844849, -59.3863563538, -73.3765869141, 22.4407157898, 46.0176277161, -41.4725379944, -25.0492744446], [-118.606636047, -21.1044445038, 101.459617615, -7.47374534607, -13.5311431885, 244.742279053, 107.029998779, 6.05269527435, 52.7116394043, -3.4653801918, -53.4478492737, 8.97874259949, -17.8737392426], [-320.028289795, 43.7211914062, 180.999786377, -102.809738159, -59.2462844849, 107.029998779, 269.075164795, 67.8472671509, 43.7510414124, -26.3620605469, -42.5962753296, 2.07876968384, 9.95170879364], [-114.231781006, 193.416259766, -228.580322266, -136.398742676, -59.3863563538, 6.05269527435, 67.8472671509, 251.028640747, 25.3609046936, -48.2321968079, 41.6667900085, 6.87972545624, -29.6035518646], [69.5658416748, 5.9551987648, -29.3465709686, -84.3499145508, -73.3765869141, 52.7116394043, 43.7510414124, 25.3609046936, 133.845306396, 6.23202323914, -32.998916626, 1.04577791691, -11.8074350357], [196.354766846, -109.410743713, 98.1270065308, 92.7558059692, 22.4407157898, -3.4653801918, -26.3620605469, -48.2321968079, 6.23202323914, 152.913482666, 29.4533100128, -3.42717242241, -13.9877824783], [-78.5306091309, 126.669456482, -125.008956909, -69.9929885864, 46.0176277161, -53.4478492737, -42.5962753296, 41.6667900085, -32.998916626, 29.4533100128, 164.387542725, 35.848941803, -10.7391233444], [111.654098511, 30.1279335022, -49.2769508362, -51.5351829529, -41.4725379944, 8.97874259949, 2.07876968384, 6.87972545624, 1.04577791691, -3.42717242241, 35.848941803, 86.6221008301, 35.9593391418], [-54.5117759705, 49.8123016357, 76.6014785767, 47.598274231, -25.0492744446, -17.8737392426, 9.95170879364, -29.6035518646, -11.8074350357, -13.9877824783, -10.7391233444, 35.9593391418, 127.666107178]]
        icov: [[0.0003232464951, 0.000274190388154, 0.000155142392032, 0.000206308148336, 0.000346876069671, 2.72071229119e-05, 0.000359357974958, 1.0361837667e-05, 0.000150862077135, -0.000508312077727, 0.000336397439241, -0.000299300008919, -2.18474124267e-05], [0.000274190388154, 0.00146473199129, 0.000481754483189, 0.000360685429769, 0.00025691834162, -0.000206953583984, 4.19483840233e-05, -0.000348202127498, 0.000118978605315, 6.16714387434e-05, -0.000701947545167, 0.000561641529202, -0.00114002183545], [0.000155142392032, 0.000481754483189, 0.00189366436098, -0.000490927777719, -0.000385442835977, -2.74993381026e-05, -0.00176171562634, 0.00120979000349, 0.000178349437192, -0.000775849155616, 0.000300198618788, 0.00039495958481, -0.000891042931471], [0.000206308148336, 0.000360685429769, -0.000490927777719, 0.0029119818937, -0.00095926009817, -0.00035741616739, 0.00169969606213, -0.00066610716749, 0.00119442131836, -0.00176298979204, 0.0018256342737, 0.000397316674935, -0.00141000468284], [0.000346876069671, 0.00025691834162, -0.000385442835977, -0.00095926009817, 0.00367805291899, -0.000271567027085, 0.000763214076869, 0.000238467720919, 0.000558282248676, 0.000670804060064, -0.00181549601257, 0.000749207451008, 0.00107762112748], [2.72071229119e-05, -0.000206953583984, -2.74993381026e-05, -0.00035741616739, -0.000271567027085, 0.00591391930357, -0.00213544419967, 0.000458848662674, -0.00148069497664, -0.000142958553624, 0.00171630689874, -0.00243426929228, 0.0019670878537], [0.000359357974958, 4.19483840233e-05, -0.00176171562634, 0.00169969606213, 0.000763214076869, -0.00213544419967, 0.00792838539928, -0.00285907112993, 1.62959131558e-05, -0.000378790864488, 0.00144986889791, -0.000151030631969, -0.000745285418816], [1.0361837667e-05, -0.000348202127498, 0.00120979000349, -0.00066610716749, 0.000238467720919, 0.000458848662674, -0.00285907112993, 0.00665480643511, -0.000926475389861, 0.00147429318167, -0.00185382703785, 0.000268530915491, 0.00138403917663], [0.000150862077135, 0.000118978605315, 0.000178349437192, 0.00119442131836, 0.000558282248676, -0.00148069497664, 1.62959131558e-05, -0.000926475389861, 0.0100350063294, -0.00228116288781, 0.00273246364668, -0.000336194265401, 0.000154509820277], [-0.000508312077727, 6.16714387434e-05, -0.000775849155616, -0.00176298979204, 0.000670804060064, -0.000142958553624, -0.000378790864488, 0.00147429318167, -0.00228116288781, 0.0102843130007, -0.00478444807231, 0.00113960716408, 0.00155708601233], [0.000336397439241, -0.000701947545167, 0.000300198618788, 0.0018256342737, -0.00181549601257, 0.00171630689874, 0.00144986889791, -0.00185382703785, 0.00273246364668, -0.00478444807231, 0.012454691343, -0.0057850824669, 0.00130357034504], [-0.000299300008919, 0.000561641529202, 0.00039495958481, 0.000397316674935, 0.000749207451008, -0.00243426929228, -0.000151030631969, 0.000268530915491, -0.000336194265401, 0.00113960716408, -0.0057850824669, 0.0178346335888, -0.00626811105758], [-2.18474124267e-05, -0.00114002183545, -0.000891042931471, -0.00141000468284, 0.00107762112748, 0.0019670878537, -0.000745285418816, 0.00138403917663, 0.000154509820277, 0.00155708601233, 0.00130357034504, -0.00626811105758, 0.0122546870261]]
    spectral_contrast:
        mean: [1.0335956091e-07, -8.15252221287e-08, 4.51260291356e-08, -9.37358901609e-09, -2.31761347891e-07, -1.37913346521e-07, -6.69172493417e-07, 1.77461788553e-06, 9.31322574615e-08, 3.52274491888e-06, 6.44337262656e-07, -1.19292076306e-06]
        var: [0.00106913095806, 0.00163286784664, 0.00301542459056, 0.00376230920665, 0.00436678947881, 0.0100597925484, 0.122259102762, 0.21299046278, 0.265955716372, 0.415542215109, 0.876353979111, 3.32043099403]

rhythm:
    beats_loudness:
        dmean: 0.0041541219689
        dmean2: 0.00855762604624
        dvar: 1.6160609448e-05
        dvar2: 5.33598031325e-05
        max: 0.0151141406968
        mean: 0.00613759830594
        min: 0.00165634334553
        var: 1.97180197574e-05
    beats_loudness_bass:
        dmean: 0.436159074306
        dmean2: 0.873928070068
        dvar: 0.0513203144073
        dvar2: 0.17191247642
        max: 0.769668877125
        mean: 0.271055877209
        min: 0.01210950315
        var: 0.0677014738321
    bpm: 84.9547653198
    bpm_confidence: 0
    first_peak_bpm: 85
    first_peak_spread: 0
    first_peak_weight: 0.923076927662
    onset_rate: 4.2867026329
    second_peak_bpm: 54
    second_peak_spread: 0
    second_peak_weight: 0.0769230797887
    beats_position: [0.132071971893, 0.838807463646, 1.5455429554, 2.25227856636, 2.95901417732, 3.66574954987, 4.37248516083, 5.07922029495, 6.19311714172, 6.89779043198, 7.60246324539, 8.30713653564, 9.01180934906, 9.71648311615]
    bpm_estimates: [84.9258956909, 84.9200668335, 84.9546432495, 84.7997055054, 84.94190979, 84.9052047729, 84.8371200562, 84.9008636475, 84.9860305786, 84.8028640747, 85.1203994751, 85.2249221802, 85.0923614502]
    bpm_intervals: [0.706735491753, 0.706735491753, 0.706735610962, 0.706735610962, 0.706735372543, 0.706735610962, 0.706735134125, 1.11389684677, 0.704673290253, 0.704672813416, 0.704673290253, 0.704672813416, 0.70467376709]
    onset_times: [0.0464399084449, 0.487619042397, 0.847528338432, 1.13777780533, 1.46285712719, 1.54412698746, 1.89242625237, 2.12462592125, 2.2523355484, 2.51936507225, 2.61224484444, 2.83283448219, 2.96054410934, 3.32045340538, 3.56426310539, 3.68036270142, 4.01705217361, 4.06349229813, 4.33052158356, 4.37696123123, 4.74848079681, 4.96907043457, 5.10838985443, 5.36380958557, 5.44507932663, 5.78176879883, 6.1648979187, 6.51319742203, 6.87310647964, 7.22140598297, 7.50004529953, 7.60453510284, 7.83673477173, 7.95283460617, 8.16181373596, 8.3011341095, 8.51011371613, 8.63782310486, 8.88163280487, 9.04417228699, 9.33442211151, 9.6014509201, 9.75238132477]
    rubato_start: []
    rubato_stop: []
    perceptual_tempo: "unknown"

sfx:
    inharmonicity:
        dmean: 0.0449580363929
        dmean2: 0.07980671525
        dvar: 0.00244700303301
        dvar2: 0.00647344440222
        max: 0.294680923223
        mean: 0.0455632768571
        min: 0
        var: 0.00269699352793
    oddtoevenharmonicenergyratio:
        dmean: 28.507194519
        dmean2: 56.803062439
        dvar: 129446.171875
        dvar2: 388459.65625
        max: 5290.75292969
        mean: 14.7201089859
        min: 0
        var: 64773.7695312
    pitch_after_max_to_before_max_energy_ratio: 1.61314940453
    pitch_centroid: 214.02784729
    pitch_max_to_total: 0.351851850748
    pitch_min_to_total: 0.416666656733
    tristimulus:
        dmean: [0.250061929226, 0.296002835035, 0.116720415652]
        dmean2: [0.430806487799, 0.513037443161, 0.201403230429]
        dvar: [0.0477286018431, 0.0571946427226, 0.0163164585829]
        dvar2: [0.122211642563, 0.16323775053, 0.0448073148727]
        max: [1, 0.980872392654, 0.660334765911]
        mean: [0.4040132761, 0.410557210445, 0.118710823357]
        min: [0.00714991427958, 0, 0]
        var: [0.0732589587569, 0.0769643932581, 0.0217422600836]

tonal:
    chords_changes_rate: 0.110599078238
    chords_number_rate: 0.0322580635548
    chords_strength:
        dmean: 0.0122532648966
        dmean2: 0.0140855563805
        dvar: 9.40822719713e-05
        dvar2: 0.000124615893583
        max: 0.713575065136
        mean: 0.569134354591
        min: 0.442113131285
        var: 0.00357852783054
    key_strength: 0.725063085556
    tuning_diatonic_strength: 0.588370621204
    tuning_equal_tempered_deviation: 0.189694985747
    tuning_frequency: 438.984558105
    tuning_nontempered_energy_ratio: 0.909704983234
    hpcp:
        dmean: [0.249141037464, 0.178520843387, 0.20072594285, 0.211453229189, 0.188415154815, 0.171459883451, 0.145543321967, 0.128315970302, 0.164831459522, 0.197652950883, 0.166303753853, 0.144303753972, 0.159381896257, 0.154082685709, 0.181875407696, 0.202939733863, 0.183887034655, 0.161137521267, 0.185386016965, 0.211458280683, 0.213712409139, 0.21868827939, 0.208044543862, 0.216539517045, 0.19201554358, 0.141034394503, 0.0967094004154, 0.0875908732414, 0.101777642965, 0.112134754658, 0.138408631086, 0.150233253837, 0.130569323897, 0.136949941516, 0.171841993928, 0.234463632107]
        dmean2: [0.435889214277, 0.305186420679, 0.346383601427, 0.370048761368, 0.333916455507, 0.300833523273, 0.246179163456, 0.216973856091, 0.29236754775, 0.337400078773, 0.288201183081, 0.249151706696, 0.281217455864, 0.266071349382, 0.319901227951, 0.343106091022, 0.307058572769, 0.26348015666, 0.313880681992, 0.355149805546, 0.362051606178, 0.393142700195, 0.360543757677, 0.365341484547, 0.336991429329, 0.237596482038, 0.164237290621, 0.148329183459, 0.179243952036, 0.202058434486, 0.244274899364, 0.252402722836, 0.212038397789, 0.230192124844, 0.284556239843, 0.411788582802]
        dvar: [0.0571863166988, 0.031502943486, 0.0594683848321, 0.0698591917753, 0.0687630325556, 0.0504700914025, 0.0431306622922, 0.0289319325238, 0.0455250963569, 0.060057554394, 0.0427398346364, 0.0385851413012, 0.0461674891412, 0.0371120423079, 0.0473069734871, 0.0533546283841, 0.0376576222479, 0.0375785045326, 0.0487716682255, 0.0483523607254, 0.0438310615718, 0.058039560914, 0.053074605763, 0.0547540336847, 0.0592065528035, 0.0360955521464, 0.022976461798, 0.0114047899842, 0.0212426986545, 0.0227689947933, 0.0335866808891, 0.036660771817, 0.0220828130841, 0.0291508939117, 0.0283481348306, 0.0636679306626]
        dvar2: [0.146701976657, 0.071231096983, 0.148774415255, 0.192740738392, 0.180023044348, 0.128589555621, 0.116433754563, 0.0784912258387, 0.121607832611, 0.166873201728, 0.110315360129, 0.10155428201, 0.116927348077, 0.100609958172, 0.114049322903, 0.13497312367, 0.0940249785781, 0.0945903435349, 0.127247437835, 0.134485319257, 0.107083164155, 0.146924868226, 0.137644946575, 0.151967808604, 0.152414917946, 0.0904584899545, 0.0629317238927, 0.0285031143576, 0.0574113093317, 0.0615511834621, 0.0836457237601, 0.0981853231788, 0.0578752532601, 0.0757476165891, 0.070642568171, 0.133888110518]
        max: [1, 1, 1, 1, 1, 1, 1, 1, 1, 1, 1, 1, 1, 1, 1, 1, 1, 1, 1, 1, 1, 1, 1, 1, 1, 1, 1, 0.808796823025, 1, 0.996731281281, 1, 1, 0.993273317814, 1, 1, 1]
        mean: [0.458955973387, 0.23155592382, 0.206018969417, 0.197482943535, 0.182049706578, 0.166694179177, 0.138074323535, 0.137209862471, 0.212076619267, 0.240597561002, 0.17834739387, 0.151247471571, 0.151820972562, 0.155477389693, 0.214479371905, 0.263352543116, 0.212838903069, 0.169662192464, 0.188363775611, 0.245372265577, 0.348850756884, 0.33560320735, 0.246084392071, 0.256117463112, 0.22948884964, 0.14485321939, 0.0965059325099, 0.0919099599123, 0.103205554187, 0.118146829307, 0.139184936881, 0.145707085729, 0.136960312724, 0.136180460453, 0.238050326705, 0.494187116623]
        min: [0.00125550141092, 0.00109871744644, 0.000368976034224, 0.000697634648532, 0.00060868676519, 0.000351046968717, 0.000214335232158, 0.000364029867342, 0.00031350646168, 0.000542705063708, 0.000898451195098, 0.00102263886947, 0.000536591280252, 0.000824893009849, 0.000690922664944, 0.00165402202401, 0.00160293711815, 0.00113439955749, 0.000590204494074, 0.00297831161879, 0.00408834172413, 0.00148358312435, 0.00177373411134, 0.000315602082992, 0.000518574204762, 0.000684640312102, 0.000458806549432, 0.000811142555904, 0.00095581903588, 0.00139272632077, 0.000973750255071, 0.000648738117889, 0.00114027352538, 0.000624226173386, 0.000642973405775, 0.000933354254812]
        var: [0.113882750273, 0.0537386760116, 0.0703056380153, 0.0730535760522, 0.0729183405638, 0.0587646961212, 0.0440208315849, 0.033366791904, 0.0767805054784, 0.0882406383753, 0.0493198297918, 0.0456647388637, 0.0462417304516, 0.037205632776, 0.0627683773637, 0.0859989598393, 0.0560494922101, 0.0457330830395, 0.0539873279631, 0.0644428282976, 0.087947845459, 0.0906878337264, 0.0691423118114, 0.0803918763995, 0.0816055387259, 0.0404797047377, 0.019945288077, 0.0139935305342, 0.0209824535996, 0.024608053267, 0.03607827425, 0.0379186943173, 0.0274408124387, 0.0295294094831, 0.0415695719421, 0.13258561492]
    chords_histogram: [1.84331798553, 0, 0, 0, 0, 0, 0, 0, 14.2857141495, 13.8248844147, 1.84331798553, 0, 0, 0, 0, 0, 0, 44.7004623413, 0, 0, 0, 7.8341012001, 15.6682024002, 0]
    thpcp: [1, 0.928708910942, 0.468559205532, 0.416884541512, 0.3996116817, 0.368382126093, 0.337309837341, 0.279396861792, 0.277647584677, 0.429142355919, 0.486855179071, 0.360890418291, 0.306053042412, 0.307213544846, 0.314612388611, 0.434004366398, 0.532900452614, 0.430684834719, 0.343315690756, 0.381158828735, 0.496516913176, 0.705908238888, 0.679101467133, 0.497957915068, 0.518260121346, 0.464376419783, 0.293114125729, 0.195282176137, 0.185982108116, 0.208839029074, 0.239073067904, 0.281644195318, 0.294841945171, 0.277142614126, 0.275564581156, 0.48170080781]
    chords_key: "G#"
    chords_scale: "major"
    key_key: "A"
    key_scale: "minor"
    chords_progression: ["C#m", "C#m", "C#m", "C#m", "C#m", "G#m", "G#m", "C#m", "G#m", "G#m", "G#", "G#", "G#", "G#", "G#", "G#", "G#", "G#", "G#", "G#", "G#", "G#", "G#", "G#", "G#", "G#", "G#", "G#", "G#", "G#", "G#", "G#", "G#", "G#", "G#", "G#", "G#", "G#", "G#", "G#", "G#", "G#", "C#m", "C#m", "C#m", "C#m", "C#m", "C#m", "C#m", "C#m", "Dm", "Dm", "Dm", "Dm", "A#", "A#", "A#", "A#", "A#", "A#", "A#", "A#", "A#", "A#", "A#", "A#", "A#", "A#", "A#", "A#", "A#", "Dm", "Dm", "Dm", "Dm", "Dm", "Dm", "Dm", "Dm", "Dm", "Dm", "Dm", "Dm", "Dm", "Dm", "Dm", "Am", "Dm", "Dm", "Dm", "Dm", "Dm", "Dm", "Dm", "Dm", "C#m", "C#m", "Dm", "Dm", "Dm", "C#m", "C#m", "C#m", "C#m", "C#m", "G#", "G#", "G#", "G#", "G#", "G#", "G#", "G#", "G#", "G#", "G#", "G#", "G#", "G#", "G#", "G#", "G#", "G#", "G#", "G#", "G#", "G#", "G#", "G#", "G#", "G#", "G#", "G#", "G#", "G#", "G#", "G#", "G#", "G#", "G#", "G#", "G#", "G#", "G#", "G#", "G#", "G#", "G#", "G#", "G#", "G#", "G#", "G#", "G#", "G#", "G#", "G#", "G#", "G#", "G#", "G#", "G#", "G#", "G#", "G#", "G#", "G#", "G#", "G#", "G#", "C#m", "C#m", "C#m", "C#m", "C#m", "C#m", "Am", "Am", "Am", "C#m", "E", "C#m", "E", "E", "E", "Dm", "C#m", "C#m", "Dm", "Dm", "Dm", "E", "E", "E", "E", "E", "E", "E", "E", "E", "E", "E", "E", "E", "E", "E", "E", "E", "E", "E", "E", "E", "E", "E", "E", "E", "E"]
