
metadata:
    version:
        essentia: "1.2.2"
    audio_properties:
        analysis_sample_rate: 44100
        bitrate: 128
        channels: 2
        equal_loudness: 1
        length: 10.0310201645
        replay_gain: -14.5553874969
        downmix: "mix"
    tags:
        track: 21
        year: 0
        album: "Splitted by Mp3Splt v. 2.1"
        artist: "From 003.20 To 003.30"
        comment: "http://mp3splt.sf.net"
        genre: ""
        title: "02 Disco Down.mp3"

highlevel:
    ballroom:
        all:
            ChaChaCha: 0.0795143321157
            Jive: 0.208724394441
            Quickstep: 0.141141831875
            Rumba-American: 0.0104458574206
            Rumba-International: 0.0157266091555
            Rumba-Misc: 0.0362857356668
            Samba: 0.037481687963
            Tango: 0.021355336532
            VienneseWaltz: 0.41712552309
            Waltz: 0.0321986824274
        probability: 0.41712552309
        value: "VienneseWaltz"
    culture:
        all:
            non_western: 0.0323427319527
            western: 0.967657268047
        probability: 0.967657268047
        value: "western"
    gender:
        all:
            female: 0.323243260384
            male: 0.676756739616
        probability: 0.676756739616
        value: "male"
    genre_dortmund:
        all:
            alternative: 0.0843613222241
            blues: 0.0136423660442
            electronic: 0.0250121280551
            folkcountry: 0.127361640334
            funksoulrnb: 0.0738840401173
            jazz: 0.00634793564677
            pop: 0.0944516509771
            raphiphop: 0.00237813126296
            rock: 0.572560787201
        probability: 0.572560787201
        value: "rock"
    genre_electronica:
        all:
            ambient: 0.305528610945
            dnb: 0.131502360106
            house: 0.0187354143709
            techno: 0.0108147114515
            trance: 0.533418893814
        probability: 0.533418893814
        value: "trance"
    genre_rosamerica:
        all:
            cla: 0.0203964654356
            dan: 0.0123304566368
            hip: 0.00136365648359
            jaz: 0.00149221019819
            pop: 0.0277487821877
            rhy: 0.00409427611157
            roc: 0.9316624403
            spe: 0.000911728653591
        probability: 0.9316624403
        value: "roc"
    genre_tzanetakis:
        all:
            blu: 0.00651844963431
            cla: 0.0395930893719
            cou: 0.17895154655
            dis: 0.113685786724
            hip: 0.00199891533703
            jaz: 0.00771626178175
            met: 0.00915643479675
            pop: 0.082854449749
            reg: 0.00508805876598
            roc: 0.554436981678
        probability: 0.554436981678
        value: "roc"
    live_studio:
        all:
            live: 0.981026113033
            studio: 0.0189738869667
        probability: 0.981026113033
        value: "live"
    mood:
        all:
            Cluster1: 0.372168540955
            Cluster2: 0.222931325436
            Cluster3: 0.129769012332
            Cluster4: 0.182321175933
            Cluster5: 0.0928099229932
        probability: 0.372168540955
        value: "Cluster1"
    mood_acoustic:
        all:
            acoustic: 0.0813340693712
            not_acoustic: 0.91866594553
        probability: 0.91866594553
        value: "not_acoustic"
    mood_aggressive:
        all:
            aggressive: 0.232765555382
            not_aggressive: 0.767234444618
        probability: 0.767234444618
        value: "not_aggressive"
    mood_electronic:
        all:
            electronic: 0.119233392179
            not_electronic: 0.880766630173
        probability: 0.880766630173
        value: "not_electronic"
    mood_happy:
        all:
            happy: 0.912620902061
            not_happy: 0.087379090488
        probability: 0.912620902061
        value: "happy"
    mood_party:
        all:
            not_party: 0.691449284554
            party: 0.308550685644
        probability: 0.691449284554
        value: "not_party"
    mood_relaxed:
        all:
            not_relaxed: 0.966444373131
            relaxed: 0.0335556492209
        probability: 0.966444373131
        value: "not_relaxed"
    mood_sad:
        all:
            not_sad: 0.707713663578
            sad: 0.29228630662
        probability: 0.707713663578
        value: "not_sad"
    rhythm:
        all:
            fast: 0.917990744114
            medium: 0.0402337983251
            slow: 0.0417754650116
        probability: 0.917990744114
        value: "fast"
    speech_music:
        all:
            music: 0.980121612549
            speech: 0.0198783855885
        probability: 0.980121612549
        value: "music"
    timbre:
        all:
            bright: 0.987358629704
            dark: 0.0126413963735
        probability: 0.987358629704
        value: "bright"
    voice_instrumental:
        all:
            instrumental: 0.000926087086555
            voice: 0.999073922634
        probability: 0.999073922634
        value: "voice"

lowlevel:
    average_loudness: 0.982426345348
    barkbands_kurtosis:
        dmean: 0.52789068222
        dmean2: 0.883829772472
        dvar: 0.336413115263
        dvar2: 0.877976536751
        max: 3.16829633713
        mean: -0.696293413639
        min: -1.68000996113
        var: 0.6123265028
    barkbands_skewness:
        dmean: 0.333051294088
        dmean2: 0.542490303516
        dvar: 0.0710333734751
        dvar2: 0.19742937386
        max: 1.63189947605
        mean: 0.300678372383
        min: -0.770927786827
        var: 0.233847171068
    barkbands_spread:
        dmean: 4.15544366837
        dmean2: 6.49958562851
        dvar: 11.580206871
        dvar2: 26.5108604431
        max: 47.6575431824
        mean: 24.641954422
        min: 8.59927463531
        var: 57.6256866455
    dissonance:
        dmean: 0.0220992788672
        dmean2: 0.0371565409005
        dvar: 0.000323664949974
        dvar2: 0.000924037594814
        max: 0.499017864466
        mean: 0.458175599575
        min: 0.350146889687
        var: 0.000619235390332
    hfc:
        dmean: 1.85605704784
        dmean2: 2.86173510551
        dvar: 3.42923378944
        dvar2: 7.38902616501
        max: 20.5357398987
        mean: 8.83384037018
        min: 4.07336119679e-06
        var: 13.8925046921
    pitch:
        dmean: 155.997619629
        dmean2: 292.054992676
        dvar: 113543.359375
        dvar2: 303890.375
        max: 3392.30761719
        mean: 355.36505127
        min: 98
        var: 104707.640625
    pitch_instantaneous_confidence:
        dmean: 0.0888886600733
        dmean2: 0.146899819374
        dvar: 0.00553952902555
        dvar2: 0.0131848081946
        max: 0.755145072937
        mean: 0.428101658821
        min: 0.167347073555
        var: 0.0150175150484
    pitch_salience:
        dmean: 0.0573535636067
        dmean2: 0.0926858782768
        dvar: 0.00249858293682
        dvar2: 0.00616746069863
        max: 0.979331552982
        mean: 0.606794238091
        min: 0.31960812211
        var: 0.00558766163886
    silence_rate_20dB:
        dmean: 0
        dmean2: 0
        dvar: 0
        dvar2: 0
        max: 1
        mean: 1
        min: 1
        var: 0
    silence_rate_30dB:
        dmean: 0
        dmean2: 0
        dvar: 0
        dvar2: 0
        max: 1
        mean: 1
        min: 1
        var: 0
    silence_rate_60dB:
        dmean: 0.0833333358169
        dmean2: 0.164733171463
        dvar: 0.0763890892267
        dvar2: 0.151517570019
        max: 1
        mean: 0.11547344178
        min: 0
        var: 0.102138996124
    spectral_centroid:
        dmean: 190.518798828
        dmean2: 308.539367676
        dvar: 24892.2050781
        dvar2: 59790.1484375
        max: 2700.42797852
        mean: 1408.97424316
        min: 696.709411621
        var: 93015.8984375
    spectral_complexity:
        dmean: 2.9373550415
        dmean2: 4.61395359039
        dvar: 7.13529205322
        dvar2: 14.725358963
        max: 35
        mean: 18.4513893127
        min: 0
        var: 28.8680267334
    spectral_crest:
        dmean: 2.0715239048
        dmean2: 3.50484275818
        dvar: 3.70663499832
        dvar2: 9.68043708801
        max: 18.5541801453
        mean: 6.69885587692
        min: 2.67756199837
        var: 7.37486457825
    spectral_decrease:
        dmean: 3.64670293962e-10
        dmean2: 5.77862480089e-10
        dvar: 1.44360284286e-19
        dvar2: 3.63914000439e-19
        max: -7.60550089246e-16
        mean: -1.4600742837e-09
        min: -3.01331182229e-09
        var: 3.2403722577e-19
    spectral_energy:
        dmean: 0.00151780678425
        dmean2: 0.00239169178531
        dvar: 2.44002080763e-06
        dvar2: 6.06399771641e-06
        max: 0.012875600718
        mean: 0.00631190882996
        min: 3.23995230644e-09
        var: 5.90472018303e-06
    spectral_energyband_high:
        dmean: 8.32918813103e-05
        dmean2: 0.000129038264276
        dvar: 2.03892760453e-08
        dvar2: 3.49905882047e-08
        max: 0.00236183451489
        mean: 0.000198694484425
        min: 2.91093225913e-11
        var: 4.66102605401e-08
    spectral_energyband_low:
        dmean: 9.26602151594e-05
        dmean2: 0.000164380995557
        dvar: 3.74068598319e-08
        dvar2: 1.06266725197e-07
        max: 0.00173751777038
        mean: 0.000146154387039
        min: 6.69139179829e-12
        var: 2.76657328158e-08
    spectral_energyband_middle_high:
        dmean: 0.000815468956716
        dmean2: 0.00121912627947
        dvar: 6.10742063145e-07
        dvar2: 1.33052890305e-06
        max: 0.0075854184106
        mean: 0.0032904332038
        min: 2.04977834706e-09
        var: 2.86401586891e-06
    spectral_energyband_middle_low:
        dmean: 0.00107811950147
        dmean2: 0.00180633994751
        dvar: 1.54388715146e-06
        dvar2: 4.08441519539e-06
        max: 0.00945498421788
        mean: 0.00267661036924
        min: 1.15416587398e-09
        var: 2.6133288884e-06
    spectral_flatness_db:
        dmean: 0.0159012619406
        dmean2: 0.0243075732142
        dvar: 0.000192105042515
        dvar2: 0.000458585942397
        max: 0.227836728096
        mean: 0.153285607696
        min: 0.0751738473773
        var: 0.000695568567608
    spectral_flux:
        dmean: 0.00864989776164
        dmean2: 0.0134347090498
        dvar: 6.94403788657e-05
        dvar2: 0.000143227691296
        max: 0.0868034884334
        mean: 0.0468668304384
        min: 5.69205803913e-05
        var: 0.000182765725185
    spectral_kurtosis:
        dmean: 1.35947835445
        dmean2: 2.15549135208
        dvar: 1.55559337139
        dvar2: 3.57785582542
        max: 20.2374076843
        mean: 5.22080564499
        min: -0.382570981979
        var: 5.31091403961
    spectral_rms:
        dmean: 0.000295932753943
        dmean2: 0.000454872177215
        dvar: 8.71042757922e-08
        dvar2: 1.98100622129e-07
        max: 0.00354422931559
        mean: 0.00242999242619
        min: 1.77790013822e-06
        var: 2.53096402503e-07
    spectral_rolloff:
        dmean: 437.109130859
        dmean2: 721.412231445
        dvar: 165130.28125
        dvar2: 401922.65625
        max: 5017.23632812
        mean: 2785.70898438
        min: 796.728515625
        var: 466780.84375
    spectral_skewness:
        dmean: 0.184961989522
        dmean2: 0.276646584272
        dvar: 0.026067269966
        dvar2: 0.0521150268614
        max: 3.70856952667
        mean: 1.67212617397
        min: 0.604668498039
        var: 0.117563873529
    spectral_spread:
        dmean: 470652.0625
        dmean2: 643103.875
        dvar: 299132813312
        dvar2: 431720529920
        max: 9895980
        mean: 3962271
        min: 2363403.75
        var: 1.89831236813e+12
    spectral_strongpeak:
        dmean: 0.573395371437
        dmean2: 0.952240645885
        dvar: 0.424685567617
        dvar2: 1.08797979355
        max: 6.46456575394
        mean: 0.94097173214
        min: 2.13514194911e-05
        var: 0.623247683048
    zerocrossingrate:
        dmean: 0.00706138508394
        dmean2: 0.00873115006834
        dvar: 4.32390515925e-05
        dvar2: 5.52881101612e-05
        max: 0.14892578125
        mean: 0.0816955566406
        min: 0.04443359375
        var: 0.00028508430114
    barkbands:
        dmean: [2.78908260043e-07, 3.0496459658e-05, 6.65844636387e-05, 9.70433175098e-05, 0.000322527164826, 0.000283215107629, 0.000164290031535, 0.000174750442966, 0.000544366776012, 0.000469244259875, 0.000168255792232, 0.000154581808602, 0.000116526527563, 0.000245024333708, 0.000162758107763, 9.94357542368e-05, 0.000156456095283, 0.000168606144143, 0.000148587292642, 0.000116790281027, 3.38763093168e-05, 1.28225365188e-05, 3.02101375382e-06, 2.35024026551e-06, 1.0222348692e-06, 2.96706481606e-08, 3.43828437943e-10]
        dmean2: [3.54835123062e-07, 5.64462206967e-05, 0.00011642130994, 0.000168110564118, 0.000557881197892, 0.000457538641058, 0.000273755314993, 0.000278037565295, 0.000888870621566, 0.000750353559852, 0.000241831381572, 0.000257290230365, 0.000181981828064, 0.000399776152335, 0.000261814595433, 0.000152632797835, 0.000259513035417, 0.000275159574812, 0.000241508387262, 0.000189553014934, 5.54857906536e-05, 2.05478463613e-05, 4.40801613877e-06, 2.85134251499e-06, 1.3694025256e-06, 4.4081978956e-08, 5.36006683483e-10]
        dvar: [6.95084126975e-13, 7.38137462264e-09, 1.62909916668e-08, 3.57572389476e-08, 3.48506461023e-07, 1.837759811e-07, 6.19559941129e-08, 1.25610398527e-07, 7.6948555261e-07, 3.75011268261e-07, 7.93383989617e-08, 7.68229568848e-08, 3.48776225678e-08, 1.89746117485e-07, 3.7615873083e-08, 2.3499168833e-08, 4.93490937004e-08, 5.0621640213e-08, 2.77058376241e-08, 2.962424972e-08, 2.15723794383e-09, 4.39059455459e-10, 2.03142207916e-11, 4.02589420134e-11, 7.19260501852e-12, 1.71282322737e-15, 4.178934239e-18]
        dvar2: [8.98467227266e-13, 2.1016685281e-08, 4.7164135708e-08, 1.01632764427e-07, 1.02373383015e-06, 4.57018444422e-07, 1.65750833503e-07, 2.71503580507e-07, 1.9690417048e-06, 1.00561237559e-06, 1.36304478815e-07, 2.11154699059e-07, 8.45932603966e-08, 5.13170220984e-07, 9.87881989545e-08, 4.85389861637e-08, 1.23476723957e-07, 1.24990975792e-07, 6.93648658512e-08, 6.01066574291e-08, 5.24085974618e-09, 1.04319031191e-09, 3.47560105696e-11, 6.13673001304e-11, 1.45823474823e-11, 3.78505735733e-15, 4.44676829031e-18]
        max: [1.40129486681e-05, 0.000586947659031, 0.00135945307557, 0.00206032861024, 0.00698656123132, 0.00390947423875, 0.00211109872907, 0.00473062554374, 0.00802001263946, 0.00665452098474, 0.0045918286778, 0.00239185476676, 0.00220753904432, 0.00612107105553, 0.00214314670302, 0.00193645525724, 0.00222113542259, 0.00206260196865, 0.00171678815968, 0.00240084994584, 0.000446134101367, 0.000208701458178, 6.14003220107e-05, 9.44497296587e-05, 3.16786645271e-05, 3.63954228533e-07, 4.25860697817e-08]
        mean: [3.1530294109e-07, 3.00450592476e-05, 0.000115816539619, 0.00016861007316, 0.00052064814372, 0.000487162760692, 0.000250478595262, 0.000236337567912, 0.000765736331232, 0.000693611509632, 0.000302188651403, 0.000237397573073, 0.000195903150598, 0.000389495166019, 0.000331501913024, 0.000183754440513, 0.000303801090922, 0.000352851930074, 0.00036547347554, 0.000272464705631, 7.24002893548e-05, 2.33357350226e-05, 6.33904710412e-06, 4.48938226327e-06, 1.71198848875e-06, 4.57585507263e-08, 3.57249979599e-10]
        min: [4.91945676903e-13, 2.6664937619e-12, 3.73792967065e-12, 5.00061884262e-12, 1.90048723286e-11, 4.11118743215e-11, 9.89491127923e-11, 2.5156254857e-10, 6.53098575221e-10, 4.26524038311e-10, 2.59819610271e-10, 3.39687972195e-10, 3.59553359308e-10, 1.25720059363e-10, 1.69741581901e-10, 1.42463665864e-10, 3.48305134734e-11, 1.26856955496e-10, 1.36608988011e-10, 3.12462694607e-11, 5.13602268354e-12, 2.85870350829e-12, 2.281149011e-12, 3.00994878978e-13, 5.90336481955e-13, 7.2970912624e-14, 3.47839636326e-14]
        var: [8.36580045689e-13, 4.67111904712e-09, 1.355100121e-08, 3.04246938754e-08, 2.82348963765e-07, 2.96949849599e-07, 7.06732734557e-08, 2.18468372282e-07, 1.42473140841e-06, 5.97499308697e-07, 2.35607885202e-07, 1.25742673163e-07, 6.01919225574e-08, 2.86257204607e-07, 1.09333221587e-07, 5.80594381461e-08, 8.06853250879e-08, 1.00162509398e-07, 6.83147121094e-08, 9.67800914964e-08, 4.37235625483e-09, 7.93496490736e-10, 7.73290667611e-11, 1.49278117645e-10, 1.7383029044e-11, 3.78875211505e-15, 4.22629405138e-18]
    mfcc:
        mean: [-688.200317383, 126.55431366, -65.956413269, 35.2149658203, -21.7980995178, -11.5038566589, -5.08060932159, -6.08280706406, -7.63714885712, -4.57671737671, -7.8728313446, -15.4120960236, -12.3974714279]
        cov: [[1982.3581543, -208.810119629, 104.892936707, 50.4793548584, 13.2009735107, 51.4906349182, 1.83854019642, -3.42336583138, 11.8928260803, 12.7471055984, -11.131444931, 14.7025909424, -16.8954563141], [-208.810119629, 494.639892578, -313.286224365, 39.6321144104, -74.4341125488, 2.59372377396, 58.1902923584, 79.2248306274, -3.88889884949, 15.5732698441, 29.8631401062, -15.2416086197, 45.6044158936], [104.892936707, -313.286224365, 472.93862915, 26.0315380096, 88.6422805786, -3.16040635109, -31.82472229, -70.5330581665, 24.5282402039, -30.6274318695, 6.04822444916, 49.2110099792, -26.1308803558], [50.4793548584, 39.6321144104, 26.0315380096, 155.100753784, 54.8008079529, -17.6475429535, -38.4706077576, -20.176574707, 21.1319446564, -0.975495994091, -13.8951091766, 16.4261169434, 32.2773132324], [13.2009735107, -74.4341125488, 88.6422805786, 54.8008079529, 121.193489075, 24.6484527588, -3.21954250336, -22.3714103699, 13.4809455872, -7.29162120819, -8.13648414612, 7.23876905441, -2.45521092415], [51.4906349182, 2.59372377396, -3.16040635109, -17.6475429535, 24.6484527588, 106.004692078, 66.3861083984, 14.9205408096, -3.86170291901, 4.42746496201, 6.75077056885, 1.54942023754, -10.5247735977], [1.83854019642, 58.1902923584, -31.82472229, -38.4706077576, -3.21954250336, 66.3861083984, 125.991218567, 40.5740737915, -2.5777156353, 5.55977296829, 17.1785850525, 8.01068973541, -2.35794997215], [-3.42336583138, 79.2248306274, -70.5330581665, -20.176574707, -22.3714103699, 14.9205408096, 40.5740737915, 95.3085098267, 35.2649421692, 18.738199234, 9.07859420776, -11.1331977844, 12.5919780731], [11.8928260803, -3.88889884949, 24.5282402039, 21.1319446564, 13.4809455872, -3.86170291901, -2.5777156353, 35.2649421692, 75.1888046265, 21.9447822571, 9.8059425354, 0.176828473806, 8.60780143738], [12.7471055984, 15.5732698441, -30.6274318695, -0.975495994091, -7.29162120819, 4.42746496201, 5.55977296829, 18.738199234, 21.9447822571, 69.7151107788, 24.1232528687, -10.9213285446, -1.6738730669], [-11.131444931, 29.8631401062, 6.04822444916, -13.8951091766, -8.13648414612, 6.75077056885, 17.1785850525, 9.07859420776, 9.8059425354, 24.1232528687, 68.6396484375, 12.9386034012, -3.7902007103], [14.7025909424, -15.2416086197, 49.2110099792, 16.4261169434, 7.23876905441, 1.54942023754, 8.01068973541, -11.1331977844, 0.176828473806, -10.9213285446, 12.9386034012, 61.6338691711, 25.8440475464], [-16.8954563141, 45.6044158936, -26.1308803558, 32.2773132324, -2.45521092415, -10.5247735977, -2.35794997215, 12.5919780731, 8.60780143738, -1.6738730669, -3.7902007103, 25.8440475464, 64.9345169067]]
        icov: [[0.000572132819798, 0.000456257257611, 8.72201853781e-05, -0.000627632660326, 0.000447693833848, -0.000388173706597, -4.94004816574e-05, -0.00030892615905, 0.000122483135783, -4.39465839008e-05, -6.82038444211e-05, -9.81503981166e-05, 0.000205345495488], [0.000456257257611, 0.0055267829448, 0.00286923022941, -0.00393834291026, 0.00226312223822, 0.000238465509028, -0.00215652259067, -0.00198868312873, 0.000847135554068, 0.00185919937212, -0.0033612572588, 0.00107978424057, -0.000909307214897], [8.72201853781e-05, 0.00286923022941, 0.00493957009166, -0.00125924265012, -0.000810231140349, 0.000513123115525, -0.000798168242909, 0.00110320397653, -0.00204009073786, 0.00211098184809, -0.00192133930977, -0.00242581521161, 0.00160911073908], [-0.000627632660326, -0.00393834291026, -0.00125924265012, 0.0132469758391, -0.00629465049133, 0.00077197450446, 0.00340433348902, 0.00361884455197, -0.00329201645218, -0.00189603329636, 0.00352971954271, -0.00187553907745, -0.0038398380857], [0.000447693833848, 0.00226312223822, -0.000810231140349, -0.00629465049133, 0.0142316585407, -0.00418625492603, -0.00114265212324, 0.00122366868891, -0.00172558438499, 0.00147750193719, -0.000471162900794, 0.00175740686245, 0.000450606428785], [-0.000388173706597, 0.000238465509028, 0.000513123115525, 0.00077197450446, -0.00418625492603, 0.01613849774, -0.00820502545685, -0.000201391012524, 0.00113038811833, -0.000952149566729, 0.00026369272382, -0.000292301614536, 0.00171021802817], [-4.94004816574e-05, -0.00215652259067, -0.000798168242909, 0.00340433348902, -0.00114265212324, -0.00820502545685, 0.0160798318684, -0.00510689429939, 0.00199793488719, -0.000410094711697, -0.000350433663698, -0.00385781587102, 0.000928961497266], [-0.00030892615905, -0.00198868312873, 0.00110320397653, 0.00361884455197, 0.00122366868891, -0.000201391012524, -0.00510689429939, 0.0214202702045, -0.0113951191306, -0.000423317076638, 0.000904170388822, 0.00369437853806, -0.00428213784471], [0.000122483135783, 0.000847135554068, -0.00204009073786, -0.00329201645218, -0.00172558438499, 0.00113038811833, 0.00199793488719, -0.0113951191306, 0.0224357619882, -0.00496483128518, -0.00168021791615, 0.000217219610931, -0.000634060008451], [-4.39465839008e-05, 0.00185919937212, 0.00211098184809, -0.00189603329636, 0.00147750193719, -0.000952149566729, -0.000410094711697, -0.000423317076638, -0.00496483128518, 0.0203970372677, -0.00837184395641, 0.00483224913478, -0.000784439500421], [-6.82038444211e-05, -0.0033612572588, -0.00192133930977, 0.00352971954271, -0.000471162900794, 0.00026369272382, -0.000350433663698, 0.000904170388822, -0.00168021791615, -0.00837184395641, 0.0216329693794, -0.00764658953995, 0.00396504532546], [-9.81503981166e-05, 0.00107978424057, -0.00242581521161, -0.00187553907745, 0.00175740686245, -0.000292301614536, -0.00385781587102, 0.00369437853806, 0.000217219610931, 0.00483224913478, -0.00764658953995, 0.0278807729483, -0.0131123727188], [0.000205345495488, -0.000909307214897, 0.00160911073908, -0.0038398380857, 0.000450606428785, 0.00171021802817, 0.000928961497266, -0.00428213784471, -0.000634060008451, -0.000784439500421, 0.00396504532546, -0.0131123727188, 0.0253207683563]]
    spectral_contrast:
        mean: [6.23727416382e-08, 3.38399928523e-07, 3.25704192505e-08, -1.68888448115e-07, -3.7711666323e-07, 2.66530719273e-07, -1.15815134905e-06, -1.00917429791e-06, 8.66647411613e-08, -1.60187482834e-07, 3.72087515643e-06, -2.39191240325e-06]
        var: [0.000431973312516, 0.000506594020408, 0.0013755626278, 0.00246238871478, 0.00362419034354, 0.00455198204145, 0.0369293950498, 0.0734813213348, 0.131498500705, 0.291078537703, 0.544103860855, 1.1296942234]

rhythm:
    beats_loudness:
        dmean: 0.00174053083174
        dmean2: 0.0034478707239
        dvar: 1.7578410052e-06
        dvar2: 3.9224273678e-06
        max: 0.010032242164
        mean: 0.00733091356233
        min: 0.00459571788087
        var: 2.16172429646e-06
    beats_loudness_bass:
        dmean: 0.0400467999279
        dmean2: 0.0662301406264
        dvar: 0.00130780856125
        dvar2: 0.00201904098503
        max: 0.180762290955
        mean: 0.0609190203249
        min: 0.00666274176911
        var: 0.00230771233328
    bpm: 114.452842712
    bpm_confidence: 0
    first_peak_bpm: 115
    first_peak_spread: 0
    first_peak_weight: 0.941176533699
    onset_rate: 3.38948559761
    second_peak_bpm: 78
    second_peak_spread: 0
    second_peak_weight: 0.0588235296309
    beats_position: [0.538999140263, 1.06242179871, 1.58584451675, 2.10926699638, 2.63268971443, 3.15611243248, 3.67953515053, 4.20295763016, 4.72638034821, 5.24980306625, 6.01782083511, 6.54289579391, 7.06797027588, 7.59304571152, 8.11812019348, 8.64319419861, 9.16826915741, 9.69334411621]
    bpm_estimates: [114.226600647, 114.530464172, 113.607879639, 115.403587341, 115.904953003, 114.568618774, 114.404884338, 114.424613953, 114.901847839, 114.447555542, 114.422325134, 113.829551697, 114.084129333, 113.426361084, 114.003982544, 115.058120728]
    bpm_intervals: [0.523422658443, 0.523422718048, 0.52342247963, 0.523422718048, 0.523422718048, 0.523422718048, 0.52342247963, 0.523422718048, 0.523422718048, 0.76801776886, 0.525074958801, 0.525074481964, 0.525075435638, 0.525074481964, 0.525074005127, 0.525074958801, 0.525074958801]
    onset_times: [0.0464399084449, 0.476009070873, 0.766258478165, 0.96362811327, 1.49768710136, 1.81115651131, 1.97369611263, 2.34521532059, 2.84444451332, 3.11147403717, 3.33206343651, 3.58748292923, 3.75002264977, 3.90095233917, 4.07510185242, 4.1679816246, 4.38857126236, 4.95746040344, 5.21287965775, 5.46829938889, 5.75854873657, 5.89786863327, 6.025578022, 6.21133804321, 7.05886602402, 7.32589578629, 7.54648542404, 7.89478445053, 8.08054447174, 8.85841274261, 9.13705253601, 9.70594120026, 9.85687065125, 10.0194101334]
    rubato_start: []
    rubato_stop: []
    perceptual_tempo: "unknown"

sfx:
    inharmonicity:
        dmean: 0.053927000612
        dmean2: 0.0948560833931
        dvar: 0.00272270524874
        dvar2: 0.00779076293111
        max: 0.317080438137
        mean: 0.0619067698717
        min: 0
        var: 0.0033484455198
    oddtoevenharmonicenergyratio:
        dmean: 2.54695510864
        dmean2: 4.72422409058
        dvar: 73.3261184692
        dvar2: 216.753128052
        max: 111.227378845
        mean: 1.83553290367
        min: 0
        var: 39.5667648315
    pitch_after_max_to_before_max_energy_ratio: 0.238468796015
    pitch_centroid: 231.909820557
    pitch_max_to_total: 0.995370388031
    pitch_min_to_total: 0.074074074626
    tristimulus:
        dmean: [0.197088927031, 0.223513737321, 0.122790552676]
        dmean2: [0.349888175726, 0.390771478415, 0.21163892746]
        dvar: [0.0301870983094, 0.0352082699537, 0.0113197537139]
        dvar2: [0.0814633741975, 0.0952112898231, 0.0287368819118]
        max: [1, 0.948598980904, 0.51602524519]
        mean: [0.302593648434, 0.527882993221, 0.140465900302]
        min: [0.00217937608249, 0, 0]
        var: [0.0399311855435, 0.0473936572671, 0.0164476186037]

tonal:
    chords_changes_rate: 0.037037037313
    chords_number_rate: 0.0231481473893
    chords_strength:
        dmean: 0.00968491937965
        dmean2: 0.00765485363081
        dvar: 5.70397787669e-05
        dvar2: 4.23404599132e-05
        max: 0.771389126778
        mean: 0.608029842377
        min: 0.371044963598
        var: 0.00937563553452
    key_strength: 0.783594191074
    tuning_diatonic_strength: 0.671654164791
    tuning_equal_tempered_deviation: 0.0476537570357
    tuning_frequency: 439.745910645
    tuning_nontempered_energy_ratio: 0.704419255257
    hpcp:
        dmean: [0.18418495357, 0.15523520112, 0.084324657917, 0.0680718943477, 0.0980108007789, 0.148619696498, 0.168973863125, 0.121297821403, 0.100783914328, 0.108221791685, 0.0985242202878, 0.0764855518937, 0.090860940516, 0.121376894414, 0.149641633034, 0.158365607262, 0.11682549119, 0.0760415270925, 0.0784773007035, 0.0888055190444, 0.125312805176, 0.164787724614, 0.163616865873, 0.11562949419, 0.110055722296, 0.127131268382, 0.145795851946, 0.158042728901, 0.172041133046, 0.217293322086, 0.219147577882, 0.180205926299, 0.101642921567, 0.0745850428939, 0.0890678167343, 0.137191832066]
        dmean2: [0.305255651474, 0.250711143017, 0.142819851637, 0.116239853203, 0.157713025808, 0.234090968966, 0.268294543028, 0.194201782346, 0.172454804182, 0.178413212299, 0.171745091677, 0.135131374002, 0.16037504375, 0.212025597692, 0.260733306408, 0.256027430296, 0.1950815171, 0.128674045205, 0.12906961143, 0.154513418674, 0.197420492768, 0.27018776536, 0.277777969837, 0.202764868736, 0.181534469128, 0.228694349527, 0.255299836397, 0.260488897562, 0.295369893312, 0.366836130619, 0.37854000926, 0.291521161795, 0.170861184597, 0.125522062182, 0.154447063804, 0.224395021796]
        dvar: [0.0364571027458, 0.0272634830326, 0.0157917868346, 0.00596428103745, 0.0130536416546, 0.024896517396, 0.0343844480813, 0.0184046607465, 0.0163400340825, 0.0190241578966, 0.021283455193, 0.0158056598157, 0.0200318116695, 0.0310668218881, 0.0304350033402, 0.0273279286921, 0.0187379065901, 0.0138896713033, 0.0215323697776, 0.0279040187597, 0.0208234284073, 0.0347169265151, 0.0341827273369, 0.03086906299, 0.0264378637075, 0.0408494956791, 0.037629712373, 0.0361723601818, 0.0334654226899, 0.0410323627293, 0.051265668124, 0.0291414577514, 0.0178542938083, 0.00746789900586, 0.0137563636526, 0.0205682106316]
        dvar2: [0.0760900080204, 0.0720494240522, 0.0420026965439, 0.0156170167029, 0.032624438405, 0.0608825460076, 0.0831674709916, 0.0402954146266, 0.0484947487712, 0.0528735853732, 0.0595901347697, 0.0474522523582, 0.0571650154889, 0.0864008963108, 0.0868956521153, 0.070926181972, 0.0461309887469, 0.0260590165854, 0.0441093929112, 0.0717335045338, 0.0547547787428, 0.0766465216875, 0.0933975800872, 0.0850741639733, 0.0626401156187, 0.114006824791, 0.106865622103, 0.085783585906, 0.0791918113828, 0.113087899983, 0.110948212445, 0.0704227238894, 0.0471931472421, 0.0204174555838, 0.0353132747114, 0.0523984842002]
        max: [1, 1, 0.911174714565, 0.579737961292, 0.834745883942, 1, 1, 1, 1, 1, 1, 0.959659814835, 1, 0.956763267517, 1, 1, 1, 1, 1, 1, 1, 1, 1, 1, 1, 1, 1, 1, 1, 1, 1, 1, 0.897912323475, 0.537325322628, 0.959634840488, 1]
        mean: [0.38377431035, 0.244094029069, 0.102381743491, 0.0909695699811, 0.123202644289, 0.247204780579, 0.326525568962, 0.211509048939, 0.144459947944, 0.169887453318, 0.124364644289, 0.0953050255775, 0.111116915941, 0.137178197503, 0.234474211931, 0.294940590858, 0.195595666766, 0.105355396867, 0.0908460766077, 0.0957765504718, 0.217947021127, 0.363184809685, 0.270537167788, 0.132828548551, 0.111934036016, 0.12352668494, 0.201635092497, 0.276607662439, 0.265724599361, 0.421028196812, 0.590622961521, 0.372711211443, 0.134406790137, 0.101526640356, 0.116715818644, 0.262630790472]
        min: [0.00439494242892, 0.00515564391389, 0.00176532019395, 0.0029648784548, 0.00859489478171, 0.00713812466711, 0.0089509524405, 0.0080494293943, 0.00471999170259, 0.00386206782423, 0.00477392040193, 0.00388572481461, 0.00614848220721, 0.00418798532337, 0.0129320397973, 0.0126670058817, 0.00678120134398, 0.00281454459764, 0.00313666998409, 0.00310858804733, 0.00498336274177, 0.00362401385792, 0.00951407663524, 0.00575659796596, 0.000907576468308, 0.0017635676777, 0.00328901177272, 0.00219883094542, 0.00176363089122, 0.0140674123541, 0.0154236918315, 0.0132161807269, 0.0102194482461, 0.00829555746168, 0.00570771982893, 0.00461561186239]
        var: [0.10411144048, 0.0475444868207, 0.0152620831504, 0.00875698588789, 0.0188555344939, 0.0519987121224, 0.0935363247991, 0.0501895621419, 0.0288778226823, 0.0447848178446, 0.0236117821187, 0.0137125439942, 0.0189681649208, 0.0316092520952, 0.049309425056, 0.0743274763227, 0.0360014177859, 0.0221910011023, 0.029544794932, 0.0298383403569, 0.0406568348408, 0.0981703922153, 0.0664166659117, 0.0281483400613, 0.0275152660906, 0.0350542888045, 0.0510188564658, 0.0756847262383, 0.0571575835347, 0.0699541941285, 0.127527713776, 0.0754713565111, 0.0196818839759, 0.00992091093212, 0.0159041509032, 0.0487111359835]
    chords_histogram: [21.2962970734, 0, 26.3888893127, 0, 0, 0, 0, 0, 0, 0, 0, 0, 0, 0, 0, 0, 0, 0, 0, 0, 0, 6.01851844788, 39.8148155212, 6.48148155212]
    thpcp: [1, 0.631047606468, 0.227567836642, 0.171897545457, 0.197614759207, 0.444667428732, 0.649778842926, 0.413282334805, 0.173345342278, 0.154023081064, 0.208597794175, 0.418549209833, 0.552849411964, 0.358111798763, 0.24458912015, 0.287641137838, 0.210565209389, 0.161363556981, 0.188135117292, 0.2322601825, 0.396994739771, 0.499372035265, 0.331168413162, 0.17838011682, 0.15381398797, 0.162161916494, 0.369012117386, 0.614918231964, 0.458053916693, 0.22489567101, 0.189518600702, 0.209146425128, 0.341393917799, 0.468332052231, 0.449905633926, 0.712854444981]
    chords_key: "C"
    chords_scale: "major"
    key_key: "G"
    key_scale: "major"
    chords_progression: ["C", "C", "C", "Em", "Em", "Em", "C", "C", "C", "C", "C", "C", "C", "C", "C", "C", "C", "C", "C", "C", "C", "C", "C", "C", "C", "C", "C", "C", "C", "C", "C", "C", "Em", "Em", "Em", "Em", "Em", "Em", "Em", "Em", "Em", "G", "G", "G", "G", "G", "G", "G", "G", "G", "G", "G", "G", "G", "G", "G", "G", "G", "G", "G", "G", "G", "G", "G", "G", "G", "G", "G", "G", "G", "G", "G", "G", "G", "G", "G", "G", "G", "G", "G", "G", "G", "G", "G", "G", "G", "G", "D", "D", "D", "D", "D", "D", "D", "D", "D", "D", "D", "D", "D", "D", "D", "D", "D", "D", "D", "D", "D", "D", "D", "D", "D", "D", "D", "D", "D", "D", "D", "D", "D", "D", "D", "D", "D", "D", "D", "D", "D", "D", "D", "D", "D", "D", "D", "D", "D", "D", "D", "D", "D", "D", "D", "D", "D", "Am", "Am", "Am", "Am", "Am", "Am", "Am", "Am", "Am", "Am", "Am", "Am", "Am", "Em", "Em", "C", "C", "C", "C", "C", "C", "C", "C", "C", "C", "C", "C", "C", "C", "C", "C", "C", "C", "C", "C", "C", "C", "C", "C", "C", "C", "C", "C", "C", "C", "C", "C", "C", "C", "C", "C", "C", "C", "C", "C", "C", "C", "C", "C", "C", "C", "C", "C", "C", "C", "C", "C", "C", "C", "C", "C", "C"]
