
metadata:
    version:
        essentia: "1.2.2"
    audio_properties:
        analysis_sample_rate: 44100
        bitrate: 128
        channels: 2
        equal_loudness: 1
        length: 10.0310201645
        replay_gain: -12.5430393219
        downmix: "mix"
    tags:
        track: 5
        year: 0
        album: "Splitted by Mp3Splt v. 2.1"
        artist: "From 000.40 To 000.50"
        comment: "http://mp3splt.sf.net"
        genre: ""
        title: "04 Weapon & the Wound.mp3"

highlevel:
    ballroom:
        all:
            ChaChaCha: 0.136514425278
            Jive: 0.136825412512
            Quickstep: 0.0978149622679
            Rumba-American: 0.0256918612868
            Rumba-International: 0.218156456947
            Rumba-Misc: 0.114229373634
            Samba: 0.119053132832
            Tango: 0.0423681661487
            VienneseWaltz: 0.0590900108218
            Waltz: 0.0502561889589
        probability: 0.218156456947
        value: "Rumba-International"
    culture:
        all:
            non_western: 0.00816693995148
            western: 0.991833031178
        probability: 0.991833031178
        value: "western"
    gender:
        all:
            female: 0.715021908283
            male: 0.284978061914
        probability: 0.715021908283
        value: "female"
    genre_dortmund:
        all:
            alternative: 0.0560046769679
            blues: 0.159427791834
            electronic: 0.0193678829819
            folkcountry: 0.100208058953
            funksoulrnb: 0.0332030616701
            jazz: 0.0771181210876
            pop: 0.145448252559
            raphiphop: 0.0287897791713
            rock: 0.380432367325
        probability: 0.380432367325
        value: "rock"
    genre_electronica:
        all:
            ambient: 0.587382614613
            dnb: 0.0456268638372
            house: 0.203306376934
            techno: 0.0148543119431
            trance: 0.148829817772
        probability: 0.587382614613
        value: "ambient"
    genre_rosamerica:
        all:
            cla: 0.0147802326828
            dan: 0.016382355243
            hip: 0.0315770283341
            jaz: 0.0767381340265
            pop: 0.643439769745
            rhy: 0.117138400674
            roc: 0.0888766348362
            spe: 0.0110674407333
        probability: 0.643439769745
        value: "pop"
    genre_tzanetakis:
        all:
            blu: 0.00623300205916
            cla: 0.00291485572234
            cou: 0.0262239221483
            dis: 0.0109172714874
            hip: 0.0118051841855
            jaz: 0.00735701667145
            met: 0.00218286947347
            pop: 0.754913687706
            reg: 0.0841326713562
            roc: 0.0933194980025
        probability: 0.754913687706
        value: "pop"
    live_studio:
        all:
            live: 0.080431394279
            studio: 0.91956859827
        probability: 0.91956859827
        value: "studio"
    mood:
        all:
            Cluster1: 0.318480908871
            Cluster2: 0.239759370685
            Cluster3: 0.1268247962
            Cluster4: 0.161980450153
            Cluster5: 0.152954474092
        probability: 0.318480908871
        value: "Cluster1"
    mood_acoustic:
        all:
            acoustic: 0.778970420361
            not_acoustic: 0.221029579639
        probability: 0.778970420361
        value: "acoustic"
    mood_aggressive:
        all:
            aggressive: 0.00531507795677
            not_aggressive: 0.994684934616
        probability: 0.994684934616
        value: "not_aggressive"
    mood_electronic:
        all:
            electronic: 0.259206920862
            not_electronic: 0.74079310894
        probability: 0.74079310894
        value: "not_electronic"
    mood_happy:
        all:
            happy: 0.407707244158
            not_happy: 0.592292785645
        probability: 0.592292785645
        value: "not_happy"
    mood_party:
        all:
            not_party: 0.778372108936
            party: 0.221627891064
        probability: 0.778372108936
        value: "not_party"
    mood_relaxed:
        all:
            not_relaxed: 0.160941064358
            relaxed: 0.839058935642
        probability: 0.839058935642
        value: "relaxed"
    mood_sad:
        all:
            not_sad: 0.210159465671
            sad: 0.789840519428
        probability: 0.789840519428
        value: "sad"
    rhythm:
        all:
            fast: 0.462689131498
            medium: 0.360997825861
            slow: 0.17631302774
        probability: 0.462689131498
        value: "fast"
    speech_music:
        all:
            music: 0.997102916241
            speech: 0.00289708375931
        probability: 0.997102916241
        value: "music"
    timbre:
        all:
            bright: 0.644770681858
            dark: 0.355229347944
        probability: 0.644770681858
        value: "bright"
    voice_instrumental:
        all:
            instrumental: 0.647725999355
            voice: 0.352273970842
        probability: 0.647725999355
        value: "instrumental"

lowlevel:
    average_loudness: 0.947920441628
    barkbands_kurtosis:
        dmean: 2.25826096535
        dmean2: 3.3813624382
        dvar: 7.73524808884
        dvar2: 18.1079998016
        max: 29.9750175476
        mean: 2.82003426552
        min: -1.8889029026
        var: 24.8708744049
    barkbands_skewness:
        dmean: 0.547229111195
        dmean2: 0.810928046703
        dvar: 0.236638829112
        dvar2: 0.537224113941
        max: 4.52865409851
        mean: 1.41500639915
        min: -2.2883579731
        var: 1.4860830307
    barkbands_spread:
        dmean: 5.05572843552
        dmean2: 7.56804084778
        dvar: 27.8693714142
        dvar2: 56.9755363464
        max: 66.0584487915
        mean: 21.5098628998
        min: 2.51047229767
        var: 116.120101929
    dissonance:
        dmean: 0.0251018609852
        dmean2: 0.0420752465725
        dvar: 0.000580303894822
        dvar2: 0.00155333476141
        max: 0.495995134115
        mean: 0.448593556881
        min: 0.295542746782
        var: 0.00124570110347
    hfc:
        dmean: 1.16704916954
        dmean2: 1.62393581867
        dvar: 4.60475635529
        dvar2: 10.5749521255
        max: 21.841463089
        mean: 2.9912750721
        min: 0.0586140528321
        var: 11.5532941818
    pitch:
        dmean: 284.890899658
        dmean2: 555.011108398
        dvar: 786627.6875
        dvar2: 1976039.5
        max: 4410
        mean: 495.497589111
        min: 69.122253418
        var: 918171.875
    pitch_instantaneous_confidence:
        dmean: 0.0982969030738
        dmean2: 0.15746717155
        dvar: 0.0103113250807
        dvar2: 0.0200490858406
        max: 0.902154564857
        mean: 0.53566378355
        min: 0.164550065994
        var: 0.0413041859865
    pitch_salience:
        dmean: 0.0707991868258
        dmean2: 0.117300488055
        dvar: 0.00496612163261
        dvar2: 0.0148736601695
        max: 0.843062281609
        mean: 0.579556524754
        min: 0.310055375099
        var: 0.00778133235872
    silence_rate_20dB:
        dmean: 0
        dmean2: 0
        dvar: 0
        dvar2: 0
        max: 1
        mean: 1
        min: 1
        var: 0
    silence_rate_30dB:
        dmean: 0
        dmean2: 0
        dvar: 0
        dvar2: 0
        max: 1
        mean: 1
        min: 1
        var: 0
    silence_rate_60dB:
        dmean: 0.143518522382
        dmean2: 0.285382837057
        dvar: 0.122921533883
        dvar2: 0.254984200001
        max: 1
        mean: 0.621247112751
        min: 0
        var: 0.235300064087
    spectral_centroid:
        dmean: 207.306106567
        dmean2: 310.019836426
        dvar: 49128.7578125
        dvar2: 102314.078125
        max: 2677.56811523
        mean: 886.940979004
        min: 214.451461792
        var: 220962.875
    spectral_complexity:
        dmean: 1.97215771675
        dmean2: 2.95348834991
        dvar: 8.62102127075
        dvar2: 19.0024738312
        max: 30
        mean: 6.67824077606
        min: 0
        var: 22.7598628998
    spectral_crest:
        dmean: 2.93329429626
        dmean2: 4.81101179123
        dvar: 6.61849737167
        dvar2: 20.7044677734
        max: 22.4021091461
        mean: 10.834936142
        min: 3.91274285316
        var: 14.3059263229
    spectral_decrease:
        dmean: 3.6997502284e-10
        dmean2: 5.68495250874e-10
        dvar: 7.15760676512e-19
        dvar2: 1.86033209276e-18
        max: -2.0641842402e-11
        mean: -7.78017761327e-10
        min: -8.49695958038e-09
        var: 7.99390445899e-19
    spectral_energy:
        dmean: 0.00148633914068
        dmean2: 0.00226817606017
        dvar: 1.13431078717e-05
        dvar2: 2.93494067591e-05
        max: 0.0336681678891
        mean: 0.00320773222484
        min: 8.32234945847e-05
        var: 1.31340812004e-05
    spectral_energyband_high:
        dmean: 3.20699255099e-05
        dmean2: 4.78082001791e-05
        dvar: 6.29828900145e-09
        dvar2: 1.5405904108e-08
        max: 0.000768199854065
        mean: 4.67742465844e-05
        min: 1.25818544916e-07
        var: 8.06622857397e-09
    spectral_energyband_low:
        dmean: 0.000177544425242
        dmean2: 0.000273846264463
        dvar: 2.10255592492e-07
        dvar2: 5.38470601441e-07
        max: 0.00389183592051
        mean: 0.000237888903939
        min: 3.1247097354e-07
        var: 2.05126440278e-07
    spectral_energyband_middle_high:
        dmean: 0.000354866031557
        dmean2: 0.00046592464787
        dvar: 3.43026016481e-07
        dvar2: 5.95767687628e-07
        max: 0.00702544674277
        mean: 0.000984398182482
        min: 8.91445688467e-06
        var: 1.73054945662e-06
    spectral_energyband_middle_low:
        dmean: 0.00114339811262
        dmean2: 0.00182716886047
        dvar: 8.46533839649e-06
        dvar2: 2.25596904784e-05
        max: 0.0302425194532
        mean: 0.0019386584172
        min: 6.4628693508e-05
        var: 7.70476526668e-06
    spectral_flatness_db:
        dmean: 0.0235422477126
        dmean2: 0.034952852875
        dvar: 0.000422002776759
        dvar2: 0.000966755033005
        max: 0.327392607927
        mean: 0.204250827432
        min: 0.0856056958437
        var: 0.00185782753397
    spectral_flux:
        dmean: 0.0113791143522
        dmean2: 0.018328839913
        dvar: 0.000258976040641
        dvar2: 0.000571708776988
        max: 0.149580389261
        mean: 0.030099991709
        min: 0.00293732411228
        var: 0.000518075132277
    spectral_kurtosis:
        dmean: 2.5051305294
        dmean2: 3.90948081017
        dvar: 8.37530326843
        dvar2: 19.999546051
        max: 37.1645698547
        mean: 7.4855389595
        min: -0.848797559738
        var: 24.1163463593
    spectral_rms:
        dmean: 0.000344898173353
        dmean2: 0.000503051036503
        dvar: 2.86883221179e-07
        dvar2: 6.50210324693e-07
        max: 0.00573122967035
        mean: 0.00157480826601
        min: 0.000284945010208
        var: 6.49476589842e-07
    spectral_rolloff:
        dmean: 479.025878906
        dmean2: 800.734313965
        dvar: 380859.90625
        dvar2: 815381.875
        max: 4974.16992188
        mean: 1656.41149902
        min: 193.798828125
        var: 1252944.5
    spectral_skewness:
        dmean: 0.295307159424
        dmean2: 0.431641310453
        dvar: 0.0973019525409
        dvar2: 0.198697820306
        max: 4.55248832703
        mean: 2.01902604103
        min: 0.586279511452
        var: 0.358982980251
    spectral_spread:
        dmean: 615247.5625
        dmean2: 800137.625
        dvar: 847451193344
        dvar2: 1.10317784269e+12
        max: 13563175
        mean: 4310952.5
        min: 1539158.625
        var: 4.52106335027e+12
    spectral_strongpeak:
        dmean: 0.270854204893
        dmean2: 0.460593760014
        dvar: 0.328413397074
        dvar2: 0.883038878441
        max: 5.49959468842
        mean: 0.436684399843
        min: 0.0208401847631
        var: 0.558620691299
    zerocrossingrate:
        dmean: 0.0088638337329
        dmean2: 0.0102141620591
        dvar: 6.20086502749e-05
        dvar2: 9.64198770816e-05
        max: 0.134765625
        mean: 0.056541159749
        min: 0.0146484375
        var: 0.000506929005496
    barkbands:
        dmean: [3.24955038877e-07, 1.81181458174e-05, 0.000163301490829, 0.000190749095054, 0.000784034316894, 8.52971134009e-05, 0.000152492633788, 9.26158827497e-05, 0.000115889102744, 5.24561182829e-05, 3.36654229613e-05, 6.26501059742e-05, 2.40841236518e-05, 3.36287012033e-05, 4.4478700147e-05, 7.90734411567e-05, 5.82550819672e-05, 4.84111878905e-05, 5.98300866841e-05, 4.82511713926e-05, 1.39772946568e-05, 3.5962759739e-06, 1.22263770663e-06, 9.12459654501e-07, 5.4725830978e-07, 2.94946396195e-08, 8.37299451995e-10]
        dmean2: [5.83195969739e-07, 2.77011604339e-05, 0.000253837439232, 0.000262001616647, 0.00138711207546, 0.000141599986819, 0.00024868111359, 0.000163766409969, 0.000180883755093, 8.51302756928e-05, 5.10558784299e-05, 8.43085144879e-05, 3.75804011128e-05, 4.88498480991e-05, 6.37247139821e-05, 0.000112810543214, 8.0481346231e-05, 7.34315690352e-05, 8.93263204489e-05, 7.38734306651e-05, 2.1904004825e-05, 5.37716186955e-06, 1.94146832655e-06, 1.32718162149e-06, 7.49212858864e-07, 3.89475189877e-08, 9.34594401869e-10]
        dvar: [1.89394680494e-12, 2.73313105481e-09, 1.74773177264e-07, 1.06015370704e-07, 5.76581351197e-06, 6.73338362844e-08, 9.44100762013e-08, 7.88683891528e-08, 1.68474059592e-07, 6.46288143002e-08, 2.10502335563e-08, 5.60277690909e-08, 4.90305396283e-09, 9.42095113032e-09, 1.58829251973e-08, 3.5044696034e-08, 1.50852255132e-08, 1.14015934471e-08, 1.1686823953e-08, 8.90900775374e-09, 1.50161938439e-09, 7.89872958706e-11, 1.24724718401e-11, 1.23730808585e-11, 3.70247452489e-12, 9.08404126525e-15, 2.17253521878e-16]
        dvar2: [5.07811067502e-12, 6.13203621214e-09, 4.5781266067e-07, 2.187383501e-07, 1.6255195078e-05, 1.79015827939e-07, 2.07732313129e-07, 2.2145312073e-07, 4.18841096916e-07, 1.23175581734e-07, 3.41957751004e-08, 9.66022568605e-08, 1.15158460545e-08, 1.58266644235e-08, 2.64660915406e-08, 7.18479924444e-08, 2.37069208708e-08, 2.55044252384e-08, 2.25018492728e-08, 2.14803552723e-08, 3.82722387116e-09, 1.81231696317e-10, 3.08304076713e-11, 2.80661795887e-11, 7.44247805745e-12, 1.88838440056e-14, 2.17840396596e-16]
        max: [9.60131910688e-06, 0.000566949893255, 0.00355475535616, 0.0028621328529, 0.0254608150572, 0.00298857525922, 0.00357559020631, 0.00247030402534, 0.0052280514501, 0.00412535108626, 0.00255203619599, 0.00445044739172, 0.000981449498795, 0.00147487642244, 0.00207054335624, 0.00330761354417, 0.00215764273889, 0.00128083606251, 0.00151529326104, 0.000865262234583, 0.00045107700862, 8.07370233815e-05, 4.09821368521e-05, 5.50615040993e-05, 3.13339223794e-05, 1.67633686488e-06, 3.06805674199e-07]
        mean: [2.21656051735e-07, 2.20422534767e-05, 0.00021564407507, 0.000283398636384, 0.00103661930189, 0.000112647234346, 0.000247726333328, 0.000106622508611, 0.000144915728015, 7.94778534328e-05, 4.70667546324e-05, 9.94907750282e-05, 3.16066980304e-05, 5.76065358473e-05, 8.73642493389e-05, 0.000204761818168, 0.000129628999275, 8.67817652761e-05, 0.000111768204079, 7.36208166927e-05, 1.89437050722e-05, 5.37044888915e-06, 1.75466482233e-06, 1.66585800798e-06, 9.4501001513e-07, 4.44961649748e-08, 8.32599877931e-10]
        min: [9.66982830614e-12, 1.01249577611e-08, 1.73355743982e-07, 4.72782744509e-07, 6.46678472549e-06, 1.32155048505e-06, 1.93741220755e-06, 8.14428744889e-07, 5.03800151819e-07, 6.59070522602e-08, 2.45535545673e-07, 1.98961629394e-07, 1.86612695074e-07, 5.57532189305e-08, 3.06179437359e-08, 1.47681561202e-07, 4.06108910056e-07, 2.71931043017e-07, 9.96722917534e-08, 1.08351429162e-07, 5.19930765108e-08, 1.66671760837e-08, 2.13118966919e-09, 9.84786807656e-10, 6.10254846656e-10, 2.64223157243e-11, 9.912905864e-14]
        var: [1.25572761824e-12, 3.32241545387e-09, 1.65160685128e-07, 1.98119067818e-07, 4.19634989157e-06, 6.2939932377e-08, 1.40108383562e-07, 6.44172075681e-08, 1.76840416088e-07, 8.61167279709e-08, 3.67191255179e-08, 1.54267382868e-07, 6.6545204902e-09, 2.29494094839e-08, 5.30273212007e-08, 1.76171752742e-07, 7.31767002549e-08, 3.49354962736e-08, 3.98875101837e-08, 1.45866181356e-08, 1.67255653771e-09, 1.15218536101e-10, 2.0251510538e-11, 3.85206692932e-11, 1.16540761416e-11, 2.41049618688e-14, 2.1725019992e-16]
    mfcc:
        mean: [-792.12689209, 145.009368896, -41.5943107605, 46.6802787781, -4.93552494049, -18.4487380981, -10.1011362076, -13.4074487686, -11.3046264648, -10.4691963196, -14.5155210495, -9.70022201538, -7.20944643021]
        cov: [[4458.22021484, -840.653930664, -296.970916748, -21.6568527222, -29.9844760895, 122.703163147, 155.098648071, 121.40914917, 106.826179504, 283.806243896, 1.41749083996, -97.9010696411, 4.58928489685], [-840.653930664, 1024.4276123, -353.814025879, 20.7294654846, 111.672836304, -47.2927017212, -60.9322967529, 49.6666107178, -12.3028259277, -25.2735137939, 20.9472389221, -35.632434845, -15.4864330292], [-296.970916748, -353.814025879, 818.212524414, 60.225479126, -250.065994263, 250.206039429, 141.627426147, 54.1768226624, 24.2628250122, -51.7607116699, 48.5402603149, 83.7199401855, 25.5262718201], [-21.6568527222, 20.7294654846, 60.225479126, 269.010101318, 182.653320312, 55.8751106262, -30.7174568176, 7.86109781265, 90.0811462402, -4.26331663132, 16.9198226929, 4.72031879425, 13.0858335495], [-29.9844760895, 111.672836304, -250.065994263, 182.653320312, 620.014648438, -100.498062134, -122.772750854, -62.4366607666, 115.944847107, 47.5131950378, -15.13626194, -2.52251625061, 4.2180314064], [122.703163147, -47.2927017212, 250.206039429, 55.8751106262, -100.498062134, 226.073760986, 90.4408721924, 61.623752594, 29.3476581573, 27.0403003693, 61.7038764954, 31.9828033447, 13.9233932495], [155.098648071, -60.9322967529, 141.627426147, -30.7174568176, -122.772750854, 90.4408721924, 227.643600464, 92.4769058228, -24.1057987213, 59.8432350159, 20.8042182922, 9.14562606812, 15.4441862106], [121.40914917, 49.6666107178, 54.1768226624, 7.86109781265, -62.4366607666, 61.623752594, 92.4769058228, 141.733474731, 9.76492404938, 22.4129295349, 33.947265625, 3.43396544456, 2.65906238556], [106.826179504, -12.3028259277, 24.2628250122, 90.0811462402, 115.944847107, 29.3476581573, -24.1057987213, 9.76492404938, 146.151687622, 14.8137226105, 16.2750778198, -8.18889904022, -0.292931318283], [283.806243896, -25.2735137939, -51.7607116699, -4.26331663132, 47.5131950378, 27.0403003693, 59.8432350159, 22.4129295349, 14.8137226105, 143.967514038, 13.936627388, -17.9102993011, 0.261445194483], [1.41749083996, 20.9472389221, 48.5402603149, 16.9198226929, -15.13626194, 61.7038764954, 20.8042182922, 33.947265625, 16.2750778198, 13.936627388, 100.420150757, -0.777587771416, -12.8158893585], [-97.9010696411, -35.632434845, 83.7199401855, 4.72031879425, -2.52251625061, 31.9828033447, 9.14562606812, 3.43396544456, -8.18889904022, -17.9102993011, -0.777587771416, 82.3156967163, 33.483959198], [4.58928489685, -15.4864330292, 25.5262718201, 13.0858335495, 4.2180314064, 13.9233932495, 15.4441862106, 2.65906238556, -0.292931318283, 0.261445194483, -12.8158893585, 33.483959198, 73.2038345337]]
        icov: [[0.000426616345067, 0.00052425841568, 0.000562876637559, 2.14464289456e-05, 8.28505071695e-05, -0.000633834104519, 1.96517121367e-05, -0.00045892217895, -0.000249857461313, -0.000341042032233, 0.000237555083004, 0.000377841701265, -0.000118661664601], [0.00052425841568, 0.00195075327065, 0.00142449582927, -5.42761372344e-05, -6.59521683701e-05, -0.0013345554471, 0.000212779748836, -0.00133938237559, 2.50006305578e-05, 0.000290467491141, 6.62511884002e-05, 0.000700621341821, -0.000155615998665], [0.000562876637559, 0.00142449582927, 0.00361478049308, -0.000573283759877, 0.000760103401262, -0.00305576925166, -0.00104856560938, -0.000165835750522, -0.000899262551684, 0.00113982474431, 0.000339333462762, -0.00102098914795, 0.000391470239265], [2.14464289456e-05, -5.42761372344e-05, -0.000573283759877, 0.00648005446419, -0.00218768394552, -0.00218637497164, 0.000700726523064, -0.00077282031998, -0.00164868286811, 0.00123403419275, 0.000278010586044, 0.00155477586668, -0.00122264714446], [8.28505071695e-05, -6.59521683701e-05, 0.000760103401262, -0.00218768394552, 0.00343536469154, 0.00150475220289, 0.000393690192141, 0.000867557304446, -0.00176768633537, -0.001703278278, -0.000221431604587, -0.00180510361679, 0.000294059776934], [-0.000633834104519, -0.0013345554471, -0.00305576925166, -0.00218637497164, 0.00150475220289, 0.0113998241723, -0.0011452191975, 0.000217090113438, -0.00096674496308, -0.00221160147339, -0.0040639792569, -0.00290290266275, -0.000187082143384], [1.96517121367e-05, 0.000212779748836, -0.00104856560938, 0.000700726523064, 0.000393690192141, -0.0011452191975, 0.00874259416014, -0.00454684486613, 0.00169843272306, -0.00334811350331, 0.000847930612508, 0.000842482142616, -0.00141817098483], [-0.00045892217895, -0.00133938237559, -0.000165835750522, -0.00077282031998, 0.000867557304446, 0.000217090113438, -0.00454684486613, 0.0118803363293, -0.00140528101474, 0.000521909911186, -0.00236926274374, -0.00121798808686, 0.000512685335707], [-0.000249857461313, 2.50006305578e-05, -0.000899262551684, -0.00164868286811, -0.00176768633537, -0.00096674496308, 0.00169843272306, -0.00140528101474, 0.0103670097888, -0.000365938292816, -0.000497463799547, 0.00200507207774, -0.000353742419975], [-0.000341042032233, 0.000290467491141, 0.00113982474431, 0.00123403419275, -0.001703278278, -0.00221160147339, -0.00334811350331, 0.000521909911186, -0.000365938292816, 0.0107733104378, -0.000673863105476, 0.00213774712756, -0.000464757613372], [0.000237555083004, 6.62511884002e-05, 0.000339333462762, 0.000278010586044, -0.000221431604587, -0.0040639792569, 0.000847930612508, -0.00236926274374, -0.000497463799547, -0.000673863105476, 0.013340019621, 0.000360699748853, 0.002694881754], [0.000377841701265, 0.000700621341821, -0.00102098914795, 0.00155477586668, -0.00180510361679, -0.00290290266275, 0.000842482142616, -0.00121798808686, 0.00200507207774, 0.00213774712756, 0.000360699748853, 0.0187080372125, -0.00776838930324], [-0.000118661664601, -0.000155615998665, 0.000391470239265, -0.00122264714446, 0.000294059776934, -0.000187082143384, -0.00141817098483, 0.000512685335707, -0.000353742419975, -0.000464757613372, 0.002694881754, -0.00776838930324, 0.0180416312069]]
    spectral_contrast:
        mean: [-3.31667251885e-07, 3.72529029846e-09, 4.15956264987e-07, -6.35196499843e-08, -2.14083470951e-07, -1.52219499228e-07, -6.8331480918e-08, -5.4899743418e-07, -2.12262216337e-06, 1.06198365302e-06, -5.17125499755e-07, -4.45820660389e-06]
        var: [0.000586697016843, 0.00075318996096, 0.00186574633699, 0.00320945377462, 0.00353609374724, 0.00984019227326, 0.0656917467713, 0.132182329893, 0.179951116443, 0.55530589819, 0.833244860172, 2.82984614372]

rhythm:
    beats_loudness:
        dmean: 0.00743615208194
        dmean2: 0.0140459081158
        dvar: 1.22112669487e-05
        dvar2: 2.8661579563e-05
        max: 0.0183899924159
        mean: 0.00778209185228
        min: 0.000712876091711
        var: 2.47903772106e-05
    beats_loudness_bass:
        dmean: 0.198821812868
        dmean2: 0.291747778654
        dvar: 0.027388650924
        dvar2: 0.0881862640381
        max: 0.64302533865
        mean: 0.170442298055
        min: 0.00261603016406
        var: 0.0316858440638
    bpm: 66.577255249
    bpm_confidence: 0
    first_peak_bpm: 133
    first_peak_spread: 0
    first_peak_weight: 0.6875
    onset_rate: 3.78824877739
    second_peak_bpm: 67
    second_peak_spread: 0
    second_peak_weight: 0.25
    beats_position: [0.858786284924, 1.31024551392, 1.7617046833, 2.21316385269, 2.6646232605, 3.11608242989, 3.56754183769, 4.01900100708, 4.47046041489, 4.92191982269, 5.3733792305, 5.82483863831, 6.30921030045, 7.21041917801, 8.11162853241, 9.0128364563, 9.91404533386]
    bpm_estimates: [66.5764007568, 66.5464935303, 66.5913696289, 66.5976715088, 66.5743560791]
    bpm_intervals: [0.451459228992, 0.451459169388, 0.451459169388, 0.451459407806, 0.451459169388, 0.451459407806, 0.451459169388, 0.451459407806, 0.451459407806, 0.451459407806, 0.451459407806, 0.48437166214, 0.901208877563, 0.901209354401, 0.901207923889, 0.901208877563]
    onset_times: [0.0464399084449, 0.197369620204, 0.53405892849, 0.603718817234, 0.847528338432, 1.03328800201, 1.30031740665, 1.5673469305, 1.74149656296, 2.21750569344, 2.65868473053, 3.12308382988, 3.32045340538, 3.5758728981, 3.81968259811, 4.23764181137, 4.43501138687, 4.48145103455, 4.94585037231, 5.15482997894, 5.29414987564, 5.38702964783, 5.68888902664, 5.85142850876, 6.025578022, 6.3042178154, 6.78022670746, 6.93115663528, 7.20979595184, 7.69741487503, 8.11537456512, 8.57977294922, 8.80036258698, 9.03256225586, 9.24154186249, 9.49696159363, 9.71755123138, 9.92653083801]
    rubato_start: [7.21041917801]
    rubato_stop: [8.11162853241]
    perceptual_tempo: "unknown"

sfx:
    inharmonicity:
        dmean: 0.0241314694285
        dmean2: 0.0435759536922
        dvar: 0.0015453909291
        dvar2: 0.0044213864021
        max: 0.301593989134
        mean: 0.0226971767843
        min: 7.70815968281e-05
        var: 0.00124588736799
    oddtoevenharmonicenergyratio:
        dmean: 1.67352056503
        dmean2: 3.15408706665
        dvar: 43.8118057251
        dvar2: 131.984634399
        max: 76.3880996704
        mean: 1.14456963539
        min: 0.000127337043523
        var: 24.1963996887
    pitch_after_max_to_before_max_energy_ratio: 8.96044540405
    pitch_centroid: 195.188415527
    pitch_max_to_total: 0.0324074067175
    pitch_min_to_total: 0.122685186565
    tristimulus:
        dmean: [0.199882507324, 0.201539129019, 0.0793404355645]
        dmean2: [0.339274913073, 0.349994927645, 0.140077337623]
        dvar: [0.0346729196608, 0.0345130525529, 0.00796866696328]
        dvar2: [0.0883417874575, 0.0926332399249, 0.0220679994673]
        max: [0.976784348488, 0.917319715023, 0.553197443485]
        mean: [0.537899672985, 0.354252994061, 0.0866418927908]
        min: [0.000767686287872, 0, 0]
        var: [0.0556141100824, 0.0465046577156, 0.00855308119208]

tonal:
    chords_changes_rate: 0.0322580635548
    chords_number_rate: 0.0184331797063
    chords_strength:
        dmean: 0.00961674563587
        dmean2: 0.00968574918807
        dvar: 6.91168097546e-05
        dvar2: 7.19958625268e-05
        max: 0.598020017147
        mean: 0.47922116518
        min: 0.313613206148
        var: 0.00492422282696
    key_strength: 0.56389528513
    tuning_diatonic_strength: 0.574977219105
    tuning_equal_tempered_deviation: 0.101983986795
    tuning_frequency: 440.763122559
    tuning_nontempered_energy_ratio: 0.696611523628
    hpcp:
        dmean: [0.0811594054103, 0.106728553772, 0.155273452401, 0.178179144859, 0.171067371964, 0.192482084036, 0.172545596957, 0.144617676735, 0.106712847948, 0.109327375889, 0.10743765533, 0.171096801758, 0.220666587353, 0.205976501107, 0.139372885227, 0.12400624156, 0.118987560272, 0.0961032062769, 0.0706736147404, 0.0398425720632, 0.0198441129178, 0.0174493119121, 0.0436874851584, 0.0900748297572, 0.111814849079, 0.132673829794, 0.107583381236, 0.0809251368046, 0.0656354054809, 0.0546552166343, 0.0596875622869, 0.0831241682172, 0.180505245924, 0.194668665528, 0.22388908267, 0.136073216796]
        dmean2: [0.145879656076, 0.194388121367, 0.275295108557, 0.309644371271, 0.299240320921, 0.346312850714, 0.297686696053, 0.240817368031, 0.193109989166, 0.186863154173, 0.186284974217, 0.294141352177, 0.375769495964, 0.345603555441, 0.2412520051, 0.203223034739, 0.213335946202, 0.175989210606, 0.117235176265, 0.0652817487717, 0.034068390727, 0.028649315238, 0.0776548758149, 0.159913048148, 0.193630293012, 0.23703302443, 0.190545842052, 0.137446835637, 0.111187539995, 0.0948149487376, 0.104539364576, 0.150255456567, 0.310163378716, 0.332084149122, 0.388788223267, 0.237967446446]
        dvar: [0.0236286446452, 0.0398897826672, 0.0548475757241, 0.0670338124037, 0.0637620761991, 0.0478913635015, 0.054186668247, 0.0323896966875, 0.0334511399269, 0.0354145914316, 0.0311922188848, 0.0423073470592, 0.0648985281587, 0.045261811465, 0.031899727881, 0.038534745574, 0.0493363551795, 0.0324185229838, 0.0188767779619, 0.00319702061825, 0.000855556223541, 0.000857711886056, 0.00774288456887, 0.0200682543218, 0.0281811282039, 0.0441796854138, 0.0308761745691, 0.0205585211515, 0.0128059638664, 0.0154384272173, 0.0144769856706, 0.0142891462892, 0.0457344613969, 0.0557904019952, 0.0624493807554, 0.0400812476873]
        dvar2: [0.0653197839856, 0.110595934093, 0.160789385438, 0.174243912101, 0.155491173267, 0.129828765988, 0.115223757923, 0.0916215330362, 0.0965526476502, 0.0965522751212, 0.0907156765461, 0.121570885181, 0.149812564254, 0.11546292156, 0.0960868373513, 0.0966858267784, 0.151312127709, 0.0960517153144, 0.0495916046202, 0.00806795246899, 0.00228627352044, 0.00218543456867, 0.0216009821743, 0.0580062009394, 0.0724811479449, 0.123967304826, 0.0856621563435, 0.0542784631252, 0.0342241935432, 0.0401927381754, 0.0390696041286, 0.0363335236907, 0.117095537484, 0.122398003936, 0.151608839631, 0.114266879857]
        max: [1, 1, 1, 1, 1, 1, 1, 1, 1, 1, 1, 1, 1, 1, 1, 1, 1, 1, 1, 0.460226923227, 0.21276602149, 0.229493975639, 0.620609164238, 1, 1, 1, 1, 1, 0.730698645115, 1, 0.897331178188, 0.711196064949, 1, 1, 1, 1]
        mean: [0.0753938779235, 0.0821383669972, 0.139769807458, 0.215049490333, 0.210503578186, 0.26238706708, 0.342243522406, 0.206689611077, 0.107239417732, 0.128249451518, 0.107537068427, 0.216556817293, 0.42748734355, 0.340012162924, 0.146443232894, 0.127314627171, 0.105735421181, 0.0947878137231, 0.0908560603857, 0.0529867038131, 0.023613633588, 0.0189583972096, 0.040985673666, 0.0963805168867, 0.154213309288, 0.148590490222, 0.103870764375, 0.0855084732175, 0.0631364807487, 0.0516348965466, 0.0566729605198, 0.0747669488192, 0.242610871792, 0.401843160391, 0.293749600649, 0.128207787871]
        min: [0.000259330496192, 0.000277137354715, 0.000639364065137, 0.00128321547527, 0.00145627371967, 0.00836381968111, 0.000493780826218, 0.000696433940902, 0.00235547614284, 0.00136264401954, 0.00123800069559, 0.00672463141382, 0.0141274705529, 0.00541988853365, 0.00133047974668, 0.000475805456517, 0.000370551133528, 0.000857489649206, 0.00256012566388, 0.00221669720486, 0.000296711630654, 0.000408294145018, 0.000308475981001, 0.00210154335946, 0.00117146829143, 0.00139267882332, 0.00149397319183, 0.000371273083147, 0.000932232593186, 0.000177186637302, 0.000279328058241, 0.00105541141238, 0.00466945627704, 0.0107935741544, 0.00300071272068, 0.000466660101665]
        var: [0.0171396601945, 0.0282780658454, 0.052063215524, 0.096366494894, 0.0890763178468, 0.0615676566958, 0.122854299843, 0.0542352311313, 0.0352011993527, 0.0481875911355, 0.0309473909438, 0.0504522770643, 0.121715500951, 0.0798510536551, 0.0373646579683, 0.0471324771643, 0.0432374253869, 0.0240895096213, 0.0177555084229, 0.00376302655786, 0.000936031632591, 0.000821436871774, 0.00614220323041, 0.0203768908978, 0.0432879403234, 0.0512712970376, 0.0319558754563, 0.0252002105117, 0.0139312697574, 0.0127474600449, 0.0119204316288, 0.0126574710011, 0.069567732513, 0.137461662292, 0.0884273871779, 0.0338739566505]
    chords_histogram: [59.4470062256, 0, 0, 0, 0, 0, 0, 0, 0, 0, 0, 0, 0, 0, 0, 0, 0, 0, 0, 16.5898609161, 0, 0, 2.30414748192, 21.6589870453]
    thpcp: [1, 0.795373618603, 0.342567414045, 0.297820806503, 0.247341647744, 0.221732437611, 0.212535083294, 0.123949177563, 0.0552382059395, 0.0443484410644, 0.095875762403, 0.225458174944, 0.360743552446, 0.347590386868, 0.242979735136, 0.200025737286, 0.147692039609, 0.120786957443, 0.132572248578, 0.17489862442, 0.567527592182, 0.94001185894, 0.687153935432, 0.299910128117, 0.176365166903, 0.192142218351, 0.326956599951, 0.503054618835, 0.492420613766, 0.613789081573, 0.800593316555, 0.483498781919, 0.250859856606, 0.300007611513, 0.251556158066, 0.506580650806]
    chords_key: "C#"
    chords_scale: "major"
    key_key: "C#"
    key_scale: "major"
    chords_progression: ["A#m", "A#m", "C#", "C#", "C#", "C#", "C#", "C#", "C#", "C#", "C#", "C#", "C#", "C#", "C#", "C#", "C#", "C#", "C#", "C#", "C#", "C#", "C#", "C#", "C#", "C#", "C#", "F#", "F#", "F#", "F#", "F#", "A#m", "A#m", "A#m", "A#m", "A#m", "A#m", "A#m", "A#m", "G#m", "G#m", "G#m", "G#m", "G#m", "G#m", "G#m", "G#m", "G#m", "G#m", "G#m", "G#m", "G#m", "G#m", "G#m", "G#m", "G#m", "G#m", "G#m", "G#m", "G#m", "G#m", "G#m", "G#m", "G#m", "G#m", "G#m", "G#m", "G#m", "G#m", "G#m", "G#m", "G#m", "G#m", "G#m", "G#m", "C#", "C#", "C#", "C#", "C#", "C#", "C#", "C#", "C#", "C#", "A#m", "A#m", "A#m", "A#m", "A#m", "A#m", "A#m", "A#m", "A#m", "A#m", "A#m", "A#m", "A#m", "A#m", "A#m", "A#m", "A#m", "A#m", "A#m", "A#m", "A#m", "A#m", "A#m", "A#m", "A#m", "A#m", "A#m", "A#m", "A#m", "A#m", "A#m", "A#m", "A#m", "A#m", "A#m", "A#m", "A#m", "C#", "C#", "C#", "C#", "C#", "C#", "C#", "C#", "C#", "C#", "C#", "C#", "C#", "C#", "C#", "C#", "C#", "C#", "C#", "C#", "C#", "C#", "C#", "C#", "C#", "C#", "C#", "C#", "C#", "C#", "C#", "C#", "C#", "C#", "C#", "C#", "C#", "C#", "C#", "C#", "C#", "C#", "C#", "C#", "C#", "C#", "C#", "C#", "C#", "C#", "C#", "C#", "C#", "C#", "C#", "C#", "C#", "C#", "C#", "C#", "C#", "C#", "C#", "C#", "C#", "C#", "C#", "C#", "C#", "C#", "C#", "C#", "C#", "C#", "C#", "C#", "C#", "C#", "C#", "C#", "C#", "C#", "C#", "C#", "C#", "C#", "C#", "C#", "C#", "C#", "C#", "C#", "C#", "C#"]
