
metadata:
    version:
        essentia: "1.2.2"
    audio_properties:
        analysis_sample_rate: 44100
        bitrate: 128
        channels: 2
        equal_loudness: 1
        length: 10.0832653046
        replay_gain: -13.848367691
        downmix: "mix"
    tags:
        track: 34
        year: 0
        album: "Splitted by Mp3Splt v. 2.1"
        artist: "From 005.30 To 005.40"
        comment: "http://mp3splt.sf.net"
        genre: ""
        title: "14 Chocolate Covered Cherry.mp"

highlevel:
    ballroom:
        all:
            ChaChaCha: 0.167754307389
            Jive: 0.301453888416
            Quickstep: 0.0409034155309
            Rumba-American: 0.00359670096077
            Rumba-International: 0.00214230571873
            Rumba-Misc: 0.00154264247976
            Samba: 0.473093777895
            Tango: 0.00206847582012
            VienneseWaltz: 0.00539158750325
            Waltz: 0.00205287244171
        probability: 0.473093777895
        value: "Samba"
    culture:
        all:
            non_western: 0.531231582165
            western: 0.468768417835
        probability: 0.531231582165
        value: "non_western"
    gender:
        all:
            female: 0.828721880913
            male: 0.17127814889
        probability: 0.828721880913
        value: "female"
    genre_dortmund:
        all:
            alternative: 0.0278188921511
            blues: 0.0487738698721
            electronic: 0.192961826921
            folkcountry: 0.0102219395339
            funksoulrnb: 0.0391122326255
            jazz: 0.0388988927007
            pop: 0.024456338957
            raphiphop: 0.272052168846
            rock: 0.345703840256
        probability: 0.345703840256
        value: "rock"
    genre_electronica:
        all:
            ambient: 0.141734868288
            dnb: 0.421761900187
            house: 0.172519892454
            techno: 0.0983284413815
            trance: 0.16565489769
        probability: 0.421761900187
        value: "dnb"
    genre_rosamerica:
        all:
            cla: 0.0207858365029
            dan: 0.0942187681794
            hip: 0.0719299018383
            jaz: 0.0090882088989
            pop: 0.626953482628
            rhy: 0.0426168479025
            roc: 0.132436782122
            spe: 0.00197018031031
        probability: 0.626953482628
        value: "pop"
    genre_tzanetakis:
        all:
            blu: 0.00308725074865
            cla: 0.00569582590833
            cou: 0.0166972298175
            dis: 0.662207245827
            hip: 0.0608283318579
            jaz: 0.00925999879837
            met: 0.0114524327219
            pop: 0.0766428038478
            reg: 0.102397464216
            roc: 0.0517314039171
        probability: 0.662207245827
        value: "dis"
    live_studio:
        all:
            live: 0.127399802208
            studio: 0.872600197792
        probability: 0.872600197792
        value: "studio"
    mood:
        all:
            Cluster1: 0.523196518421
            Cluster2: 0.183336615562
            Cluster3: 0.0312270540744
            Cluster4: 0.0886262431741
            Cluster5: 0.173613578081
        probability: 0.523196518421
        value: "Cluster1"
    mood_acoustic:
        all:
            acoustic: 0.00441229948774
            not_acoustic: 0.995587706566
        probability: 0.995587706566
        value: "not_acoustic"
    mood_aggressive:
        all:
            aggressive: 0.816640138626
            not_aggressive: 0.183359861374
        probability: 0.816640138626
        value: "aggressive"
    mood_electronic:
        all:
            electronic: 0.878766477108
            not_electronic: 0.121233545244
        probability: 0.878766477108
        value: "electronic"
    mood_happy:
        all:
            happy: 0.85809969902
            not_happy: 0.141900315881
        probability: 0.85809969902
        value: "happy"
    mood_party:
        all:
            not_party: 0.175863578916
            party: 0.824136435986
        probability: 0.824136435986
        value: "party"
    mood_relaxed:
        all:
            not_relaxed: 0.971036553383
            relaxed: 0.0289634373039
        probability: 0.971036553383
        value: "not_relaxed"
    mood_sad:
        all:
            not_sad: 0.940118432045
            sad: 0.0598815493286
        probability: 0.940118432045
        value: "not_sad"
    rhythm:
        all:
            fast: 0.897621512413
            medium: 0.0896297320724
            slow: 0.0127487396821
        probability: 0.897621512413
        value: "fast"
    speech_music:
        all:
            music: 0.999976456165
            speech: 2.3566371965e-05
        probability: 0.999976456165
        value: "music"
    timbre:
        all:
            bright: 0.994749009609
            dark: 0.00525097269565
        probability: 0.994749009609
        value: "bright"
    voice_instrumental:
        all:
            instrumental: 0.401271104813
            voice: 0.598728895187
        probability: 0.598728895187
        value: "voice"

lowlevel:
    average_loudness: 0.975482583046
    barkbands_kurtosis:
        dmean: 1.26313912868
        dmean2: 1.95444846153
        dvar: 1.9528696537
        dvar2: 4.93079900742
        max: 11.9509353638
        mean: 0.286869764328
        min: -1.81438863277
        var: 3.55765199661
    barkbands_skewness:
        dmean: 0.555848300457
        dmean2: 0.836243450642
        dvar: 0.244595319033
        dvar2: 0.59261661768
        max: 2.03782129288
        mean: -0.632542192936
        min: -2.71642589569
        var: 0.582810342312
    barkbands_spread:
        dmean: 7.59466791153
        dmean2: 11.8698806763
        dvar: 53.5919380188
        dvar2: 115.791664124
        max: 61.607093811
        mean: 29.0515022278
        min: 4.94525957108
        var: 179.395492554
    dissonance:
        dmean: 0.0137376794592
        dmean2: 0.022212702781
        dvar: 0.00031631073216
        dvar2: 0.00057133869268
        max: 0.499602645636
        mean: 0.477713793516
        min: 0.223324179649
        var: 0.000508747471031
    hfc:
        dmean: 2.8799033165
        dmean2: 4.05618524551
        dvar: 10.7916002274
        dvar2: 19.2383537292
        max: 28.1959877014
        mean: 6.78337430954
        min: 0.00117464107461
        var: 29.219997406
    pitch:
        dmean: 714.927001953
        dmean2: 1356.31750488
        dvar: 1009985.125
        dvar2: 2395763.5
        max: 4410
        mean: 961.588867188
        min: 115.143600464
        var: 1119400.75
    pitch_instantaneous_confidence:
        dmean: 0.105936333537
        dmean2: 0.167038246989
        dvar: 0.00748547585681
        dvar2: 0.0175010375679
        max: 0.865854144096
        mean: 0.491949349642
        min: 0.171580553055
        var: 0.0219614524394
    pitch_salience:
        dmean: 0.0778687670827
        dmean2: 0.128416821361
        dvar: 0.00340898125432
        dvar2: 0.00887097232044
        max: 0.844707250595
        mean: 0.604666650295
        min: 0.370698988438
        var: 0.00761308707297
    silence_rate_20dB:
        dmean: 0
        dmean2: 0
        dvar: 0
        dvar2: 0
        max: 1
        mean: 1
        min: 1
        var: 0
    silence_rate_30dB:
        dmean: 0
        dmean2: 0
        dvar: 0
        dvar2: 0
        max: 1
        mean: 1
        min: 1
        var: 0
    silence_rate_60dB:
        dmean: 0.165517240763
        dmean2: 0.331797242165
        dvar: 0.138121604919
        dvar2: 0.249358147383
        max: 1
        mean: 0.536697268486
        min: 0
        var: 0.248653545976
    spectral_centroid:
        dmean: 364.150695801
        dmean2: 524.938293457
        dvar: 117939.914062
        dvar2: 257695.875
        max: 3488.60302734
        mean: 2038.84265137
        min: 492.551269531
        var: 381110.90625
    spectral_complexity:
        dmean: 4.31336402893
        dmean2: 5.8614320755
        dvar: 20.5976600647
        dvar2: 33.5327987671
        max: 40
        mean: 10.8781604767
        min: 0
        var: 63.8219299316
    spectral_crest:
        dmean: 2.41972208023
        dmean2: 3.93671345711
        dvar: 4.42910385132
        dvar2: 11.5759925842
        max: 19.32305336
        mean: 7.8781452179
        min: 3.17377233505
        var: 10.3373603821
    spectral_decrease:
        dmean: 4.15689621613e-10
        dmean2: 6.1410726504e-10
        dvar: 2.95906028059e-19
        dvar2: 7.12471754698e-19
        max: -1.52545944626e-13
        mean: -8.29143254055e-10
        min: -4.28904822769e-09
        var: 5.4332102255e-19
    spectral_energy:
        dmean: 0.00180751783773
        dmean2: 0.00263148569502
        dvar: 5.15275496582e-06
        dvar2: 1.20793647511e-05
        max: 0.0187294147909
        mean: 0.00374464760534
        min: 6.82288202825e-07
        var: 1.02931389847e-05
    spectral_energyband_high:
        dmean: 0.000164653494721
        dmean2: 0.000211080681765
        dvar: 7.00163056422e-08
        dvar2: 1.13462014895e-07
        max: 0.00204658345319
        mean: 0.000259657157585
        min: 4.09165643589e-08
        var: 1.38331856192e-07
    spectral_energyband_low:
        dmean: 0.000409679400036
        dmean2: 0.000685187464114
        dvar: 7.27415681467e-07
        dvar2: 1.94434915102e-06
        max: 0.00564655661583
        mean: 0.000454742141301
        min: 4.25305906049e-08
        var: 6.16757063199e-07
    spectral_energyband_middle_high:
        dmean: 0.00101199222263
        dmean2: 0.00143826857675
        dvar: 1.3615951957e-06
        dvar2: 2.80865788227e-06
        max: 0.0132116153836
        mean: 0.00238644797355
        min: 3.50695415818e-07
        var: 4.5232550292e-06
    spectral_energyband_middle_low:
        dmean: 0.000545691640582
        dmean2: 0.000898436643183
        dvar: 1.17988702186e-06
        dvar2: 3.23575318362e-06
        max: 0.00675939023495
        mean: 0.000643795996439
        min: 2.47456455327e-07
        var: 9.73769374468e-07
    spectral_flatness_db:
        dmean: 0.0206865202636
        dmean2: 0.0300875343382
        dvar: 0.000291367818136
        dvar2: 0.000680369208567
        max: 0.245722711086
        mean: 0.156271710992
        min: 0.0878762900829
        var: 0.000849033647683
    spectral_flux:
        dmean: 0.0121073741466
        dmean2: 0.0182873755693
        dvar: 0.000182508083526
        dvar2: 0.00040308383177
        max: 0.107595384121
        mean: 0.0405761003494
        min: 0.00791640952229
        var: 0.000441407377366
    spectral_kurtosis:
        dmean: 1.26792967319
        dmean2: 1.94154453278
        dvar: 1.98339307308
        dvar2: 4.90944910049
        max: 16.0835208893
        mean: 3.42318606377
        min: 0.284743309021
        var: 4.96309757233
    spectral_rms:
        dmean: 0.000451408064691
        dmean2: 0.000628593319561
        dvar: 2.2228094565e-07
        dvar2: 4.72937728091e-07
        max: 0.00427464628592
        mean: 0.00173837027978
        min: 2.58001364273e-05
        var: 6.31385319139e-07
    spectral_rolloff:
        dmean: 450.013946533
        dmean2: 706.268737793
        dvar: 180347.09375
        dvar2: 343220.375
        max: 5189.50195312
        mean: 3385.06835938
        min: 645.99609375
        var: 690581.25
    spectral_skewness:
        dmean: 0.203511968255
        dmean2: 0.287294685841
        dvar: 0.0315866991878
        dvar2: 0.0664601698518
        max: 2.92030930519
        mean: 1.37552332878
        min: 0.457092046738
        var: 0.163822725415
    spectral_spread:
        dmean: 851248.375
        dmean2: 1172060.5
        dvar: 876207669248
        dvar2: 1.11618936013e+12
        max: 23420030
        mean: 5058896.5
        min: 2049925.375
        var: 2.89381574246e+12
    spectral_strongpeak:
        dmean: 0.62500834465
        dmean2: 1.05377244949
        dvar: 0.456979364157
        dvar2: 1.20371508598
        max: 4.98743963242
        mean: 0.940864145756
        min: 0.000433473964222
        var: 0.797021746635
    zerocrossingrate:
        dmean: 0.0118402577937
        dmean2: 0.012972719036
        dvar: 9.6289870271e-05
        dvar2: 0.0001285027829
        max: 0.17041015625
        mean: 0.109936244786
        min: 0.00732421875
        var: 0.000689338252414
    barkbands:
        dmean: [4.41396679207e-07, 0.000134848363814, 0.000313192780595, 0.000200608948944, 0.000239347282331, 0.00010394819401, 3.66031272279e-05, 1.59363371495e-05, 1.85979424714e-05, 3.34993019351e-05, 3.78411823476e-05, 0.000181022187462, 0.000159576840815, 0.000191466198885, 0.000219493711484, 0.000183164476766, 0.000192907667952, 0.000175844499609, 0.000202223556698, 0.000100606754131, 8.422233077e-05, 3.66645763279e-05, 6.59451006868e-06, 2.98372356156e-06, 1.39523638154e-06, 8.09786371292e-08, 8.07410194259e-10]
        dmean2: [3.83952141192e-07, 0.000234211838688, 0.000529144832399, 0.00034141537617, 0.000400987832109, 0.00018784670101, 6.49339126539e-05, 2.54098522419e-05, 2.81268476101e-05, 5.29195604031e-05, 6.00720923103e-05, 0.00027441731072, 0.000238360385993, 0.000301988475258, 0.000324213935528, 0.000283832749119, 0.000311987852911, 0.000277528335573, 0.000324051856296, 0.000139210984344, 0.000112200526928, 5.18316846865e-05, 9.55453924689e-06, 4.37649487139e-06, 1.97553663384e-06, 1.28810270894e-07, 1.2680607675e-09]
        dvar: [3.92968589526e-13, 6.32191685668e-08, 4.5532434001e-07, 2.2455228077e-07, 2.28890471021e-07, 9.67755511283e-08, 1.40076519273e-08, 9.72045777203e-10, 1.50293100187e-09, 5.05392039329e-09, 9.63372404073e-09, 3.12262699254e-07, 1.45062813317e-07, 3.89013166568e-07, 2.34454120118e-07, 1.18918961789e-07, 9.12824020816e-08, 4.74285712926e-08, 7.38810896905e-08, 2.49129215035e-08, 1.40725635589e-08, 3.57828300324e-09, 5.97048938067e-11, 1.15158386299e-11, 4.87290806664e-12, 1.5882997703e-14, 2.52638544934e-17]
        dvar2: [2.98466655037e-13, 1.88809252677e-07, 1.18025604934e-06, 6.52509413612e-07, 6.04614740496e-07, 2.77704174323e-07, 3.67417811731e-08, 2.49695930599e-09, 3.36993810635e-09, 1.14216476277e-08, 2.24952820815e-08, 7.09858170467e-07, 2.65467861027e-07, 9.25914378058e-07, 4.16097861944e-07, 2.28758210596e-07, 2.359774669e-07, 1.18535744775e-07, 1.88843401361e-07, 4.66776448604e-08, 2.29203500623e-08, 7.14447612182e-09, 1.1845550929e-10, 2.54144379153e-11, 1.01650111939e-11, 3.32157465053e-14, 6.32940869973e-17]
        max: [4.85299506181e-06, 0.00155783642549, 0.00486323423684, 0.00409871526062, 0.00310622248799, 0.00289520341903, 0.00107878388371, 0.000290052354103, 0.000401297351345, 0.000784701900557, 0.00110241991933, 0.00542529067025, 0.00485740788281, 0.0102367317304, 0.00530723109841, 0.0044672046788, 0.00242800475098, 0.00186624354683, 0.00237589632161, 0.00134794088081, 0.000890362192877, 0.000519889523275, 5.84687077207e-05, 2.32099937421e-05, 1.59389655892e-05, 8.82555752924e-07, 7.48159223463e-08]
        mean: [9.37242077725e-07, 0.000134505564347, 0.000319308077451, 0.000210008511203, 0.000271567550953, 8.40601787786e-05, 2.96848666039e-05, 2.01102520805e-05, 2.41303587245e-05, 3.93961527152e-05, 4.39693030785e-05, 0.000236091887928, 0.000243650007178, 0.000244083887083, 0.000314408302074, 0.000271603435976, 0.000304283719743, 0.000270156830084, 0.000339114834787, 0.00014588747581, 0.0001293871901, 5.31148689333e-05, 9.02573265193e-06, 4.16965031036e-06, 1.91069125322e-06, 8.42181648864e-08, 6.29805152474e-10]
        min: [1.35841227156e-10, 2.33864527743e-09, 3.3898320595e-08, 6.51899725312e-08, 1.30945423393e-07, 2.04539816195e-08, 1.99286294134e-08, 4.02481514783e-09, 3.99656752137e-09, 1.93793203707e-09, 4.07459666008e-09, 2.14729706238e-10, 6.4262151156e-09, 9.07203911993e-09, 3.56001805812e-08, 1.64974863992e-07, 7.34306260242e-09, 3.86933187713e-08, 6.58491927652e-08, 4.21973815889e-08, 2.203902838e-09, 5.49017054041e-09, 2.16332129988e-09, 1.76621484105e-09, 1.44626588483e-09, 4.99949692756e-10, 2.14267514322e-12]
        var: [2.1352095439e-12, 5.74518033147e-08, 3.74991770968e-07, 1.83956913702e-07, 2.07101933825e-07, 5.69297995412e-08, 1.00834833816e-08, 9.24393062096e-10, 2.22408647055e-09, 7.11136527443e-09, 1.10435687262e-08, 4.86103374442e-07, 2.89286475663e-07, 5.63294747735e-07, 4.55753877304e-07, 2.29505189964e-07, 1.70027917079e-07, 7.45686392634e-08, 1.2039606645e-07, 4.91678449066e-08, 2.93576611909e-08, 6.15843331886e-09, 9.99019894588e-11, 1.72170923352e-11, 7.30539326949e-12, 1.89796739252e-14, 1.32710657178e-17]
    mfcc:
        mean: [-733.539733887, 75.9736251831, -56.3736572266, 50.0316734314, 8.54622936249, 17.9459381104, 7.05833435059, -0.402845859528, -6.90583372116, -9.80932712555, -5.50219726562, -1.91840517521, -5.42779445648]
        cov: [[2990.36010742, 504.138305664, 19.6184978485, 222.998031616, 82.6619567871, 48.5520248413, -46.6897239685, 32.2807922363, 27.0209922791, 38.8569908142, 25.6202125549, -123.991607666, -106.226356506], [504.138305664, 915.849365234, -69.5466842651, 234.771560669, 209.427856445, 176.490447998, 66.9664764404, 72.3365478516, 8.33971977234, 9.37830066681, -16.1966056824, -21.8877239227, -55.4709739685], [19.6184978485, -69.5466842651, 502.485748291, 170.214202881, -32.2818832397, -44.6927871704, -40.1603164673, -15.5009183884, -2.91011691093, 28.1363639832, -18.2726593018, -35.1975059509, 13.6282367706], [222.998031616, 234.771560669, 170.214202881, 434.245361328, 79.3065109253, 51.465259552, -23.5238456726, 17.8247070312, 54.6599159241, 44.7677726746, -14.7260246277, -1.48046350479, 23.8072395325], [82.6619567871, 209.427856445, -32.2818832397, 79.3065109253, 358.630340576, 152.863357544, 25.7720279694, 33.9716644287, 16.0447483063, 20.4975223541, -18.3128128052, -4.82019948959, -29.206243515], [48.5520248413, 176.490447998, -44.6927871704, 51.465259552, 152.863357544, 246.740478516, 121.409889221, 48.3672523499, 23.5701122284, 11.7833070755, 4.02128839493, 5.80087423325, -19.8415260315], [-46.6897239685, 66.9664764404, -40.1603164673, -23.5238456726, 25.7720279694, 121.409889221, 156.499328613, 61.5368423462, 1.0992667675, -17.0572128296, -19.2074050903, 19.1050605774, 21.0573616028], [32.2807922363, 72.3365478516, -15.5009183884, 17.8247070312, 33.9716644287, 48.3672523499, 61.5368423462, 112.104270935, 49.3937568665, -22.3127384186, -25.4238414764, 0.780514359474, 6.88222312927], [27.0209922791, 8.33971977234, -2.91011691093, 54.6599159241, 16.0447483063, 23.5701122284, 1.0992667675, 49.3937568665, 101.613792419, 28.1999149323, -11.8261890411, -21.7605895996, -0.588945090771], [38.8569908142, 9.37830066681, 28.1363639832, 44.7677726746, 20.4975223541, 11.7833070755, -17.0572128296, -22.3127384186, 28.1999149323, 91.2962722778, 19.7468624115, -21.6714134216, -14.4539394379], [25.6202125549, -16.1966056824, -18.2726593018, -14.7260246277, -18.3128128052, 4.02128839493, -19.2074050903, -25.4238414764, -11.8261890411, 19.7468624115, 78.4216918945, 6.6157913208, -36.5850753784], [-123.991607666, -21.8877239227, -35.1975059509, -1.48046350479, -4.82019948959, 5.80087423325, 19.1050605774, 0.780514359474, -21.7605895996, -21.6714134216, 6.6157913208, 85.3659210205, 36.6193885803], [-106.226356506, -55.4709739685, 13.6282367706, 23.8072395325, -29.206243515, -19.8415260315, 21.0573616028, 6.88222312927, -0.588945090771, -14.4539394379, -36.5850753784, 36.6193885803, 92.3142929077]]
        icov: [[0.000404168968089, -0.000167617472471, 5.63834655622e-05, -0.00016611177125, 5.54659636691e-05, -1.55522332079e-06, 0.000148822407937, -0.000199512956897, 0.000181589464773, 3.82273128707e-06, -0.000165151490364, 0.000546208349988, 0.00011664970225], [-0.000167617472471, 0.00190065009519, 0.000606597925071, -0.00122567533981, -0.000310804403853, -0.000537712650839, -0.000125833088532, -0.00111750827637, 0.00150145392399, -0.000238311404246, 0.000767350953538, 0.000257451290963, 0.00124811020214], [5.63834655622e-05, 0.000606597925071, 0.00281707360409, -0.00160919106565, 0.000294249388389, 8.64315516083e-05, 0.000242949274252, -0.000832555699162, 0.00182827503886, -0.000742129865102, 0.000710288120899, 0.00150286848657, 0.000127621926367], [-0.00016611177125, -0.00122567533981, -0.00160919106565, 0.00438927765936, -0.000157244663569, -0.00102769606747, 0.00174033013172, 0.000417018047301, -0.00233242101967, -0.000740874907933, -0.000286666152533, -0.00126466923393, -0.00226357020438], [5.54659636691e-05, -0.000310804403853, 0.000294249388389, -0.000157244663569, 0.00492064282298, -0.00410108780488, 0.0033983218018, -0.00184637506027, 0.00174273911398, -0.00152065139264, 0.00273258262314, -0.0006635930622, 0.00103118387051], [-1.55522332079e-06, -0.000537712650839, 8.64315516083e-05, -0.00102769606747, -0.00410108780488, 0.0124222319573, -0.0106813730672, 0.0032336586155, -0.00372378365137, 0.000724077166524, -0.00292220991105, -0.000502525130287, 0.00262610497884], [0.000148822407937, -0.000125833088532, 0.000242949274252, 0.00174033013172, 0.0033983218018, -0.0106813730672, 0.0188377909362, -0.00925805047154, 0.00617618393153, -0.00237232586369, 0.00279782735743, -0.000288646202534, -0.00432520918548], [-0.000199512956897, -0.00111750827637, -0.000832555699162, 0.000417018047301, -0.00184637506027, 0.0032336586155, -0.00925805047154, 0.021048810333, -0.0129865631461, 0.00739078596234, 0.000851415970828, -0.001642401563, 0.00183101033326], [0.000181589464773, 0.00150145392399, 0.00182827503886, -0.00233242101967, 0.00174273911398, -0.00372378365137, 0.00617618393153, -0.0129865631461, 0.0211453530937, -0.00784380547702, 0.00251436955296, 0.00406405702233, -0.000955764087848], [3.82273128707e-06, -0.000238311404246, -0.000742129865102, -0.000740874907933, -0.00152065139264, 0.000724077166524, -0.00237232586369, 0.00739078596234, -0.00784380547702, 0.017311597243, -0.00508718704805, 0.00306266150437, -0.000744020391721], [-0.000165151490364, 0.000767350953538, 0.000710288120899, -0.000286666152533, 0.00273258262314, -0.00292220991105, 0.00279782735743, 0.000851415970828, 0.00251436955296, -0.00508718704805, 0.0219104550779, -0.00684280553833, 0.0103921703994], [0.000546208349988, 0.000257451290963, 0.00150286848657, -0.00126466923393, -0.0006635930622, -0.000502525130287, -0.000288646202534, -0.001642401563, 0.00406405702233, 0.00306266150437, -0.00684280553833, 0.0195374004543, -0.00919870473444], [0.00011664970225, 0.00124811020214, 0.000127621926367, -0.00226357020438, 0.00103118387051, 0.00262610497884, -0.00432520918548, 0.00183101033326, -0.000955764087848, -0.000744020391721, 0.0103921703994, -0.00919870473444, 0.0216673556715]]
    spectral_contrast:
        mean: [-2.07999661939e-07, -2.30231506748e-07, -1.22275153558e-07, -2.83978458526e-08, -1.87720381462e-08, 2.25093174322e-07, -3.08162867668e-07, 4.37648805018e-06, -5.95470964981e-06, 2.01737748284e-06, -1.84267412351e-06, -1.01506020656e-06]
        var: [0.000533619022463, 0.000845133443363, 0.00220242096111, 0.00281216320582, 0.00412437971681, 0.00501805730164, 0.0896736308932, 0.115778438747, 0.211784005165, 0.382479578257, 0.801001727581, 2.4284119606]

rhythm:
    beats_loudness:
        dmean: 0.00259235920385
        dmean2: 0.00446736300364
        dvar: 4.29862666351e-06
        dvar2: 1.05378812805e-05
        max: 0.0149189643562
        mean: 0.00721165211871
        min: 0.00290059088729
        var: 6.39431937088e-06
    beats_loudness_bass:
        dmean: 0.207549497485
        dmean2: 0.409159570932
        dvar: 0.0159640461206
        dvar2: 0.0585574582219
        max: 0.57644122839
        mean: 0.269033312798
        min: 0.083621442318
        var: 0.0181784927845
    bpm: 130.815795898
    bpm_confidence: 0
    first_peak_bpm: 131
    first_peak_spread: 0
    first_peak_weight: 0.952380955219
    onset_rate: 5.35540771484
    second_peak_bpm: 118
    second_peak_spread: 0
    second_peak_weight: 0.047619048506
    beats_position: [0.203577399254, 0.661699473858, 1.11982154846, 1.57794356346, 2.03606581688, 2.49418783188, 2.9523100853, 3.4104321003, 3.86855435371, 4.32667636871, 4.78479862213, 5.24292087555, 5.70104312897, 6.20859050751, 6.66773033142, 7.12687063217, 7.58601045609, 8.04515075684, 8.50429153442, 8.96343135834, 9.42257022858, 9.88171100616]
    bpm_estimates: [130.839523315, 130.959197998, 131.039962769, 131.092330933, 130.992523193, 130.947967529, 130.906707764, 130.977859497, 130.75390625, 130.685623169, 130.562316895, 130.692733765, 130.482681274, 130.652206421, 130.716125488, 130.749954224, 130.816558838]
    bpm_intervals: [0.458122074604, 0.458122074604, 0.458122014999, 0.458122253418, 0.458122014999, 0.458122253418, 0.458122014999, 0.458122253418, 0.458122014999, 0.458122253418, 0.458122253418, 0.458122253418, 0.50754737854, 0.459139823914, 0.459140300751, 0.459139823914, 0.459140300751, 0.459140777588, 0.459139823914, 0.459138870239, 0.459140777588]
    onset_times: [0.0348299331963, 0.208979591727, 0.452789127827, 0.661768734455, 0.893968224525, 1.09133791924, 1.24226760864, 1.49768710136, 1.59056687355, 1.81115651131, 2.04335594177, 2.27555561066, 2.50775504112, 2.72834467888, 2.97215414047, 3.20435380936, 3.42494320869, 3.5758728981, 3.66875290871, 3.83129262924, 3.9125623703, 3.98222231865, 4.13315200806, 4.35374164581, 4.58594083786, 4.72526073456, 4.80653047562, 4.93424034119, 5.06195020676, 5.18966007233, 5.27092981339, 5.42185926437, 5.50312948227, 5.72371864319, 5.97913837433, 6.09523820877, 6.18811798096, 6.43192720413, 6.66412687302, 6.8963265419, 7.11691617966, 7.27945566177, 7.37233543396, 7.59292507172, 7.81351470947, 8.04571437836, 8.27791404724, 8.51011371613, 8.62621307373, 8.96290206909, 9.19510173798, 9.42730140686, 9.69433116913, 9.89170074463]
    rubato_start: []
    rubato_stop: []
    perceptual_tempo: "unknown"

sfx:
    inharmonicity:
        dmean: 0.0704332590103
        dmean2: 0.123281292617
        dvar: 0.00471437908709
        dvar2: 0.0138673679903
        max: 0.375665962696
        mean: 0.0741802528501
        min: 0
        var: 0.00577507400885
    oddtoevenharmonicenergyratio:
        dmean: 5.97639560699
        dmean2: 11.4300956726
        dvar: 532.434326172
        dvar2: 1640.17578125
        max: 288.413360596
        mean: 3.64231324196
        min: 0
        var: 281.242431641
    pitch_after_max_to_before_max_energy_ratio: 12.1820077896
    pitch_centroid: 209.64906311
    pitch_max_to_total: 0.0666666701436
    pitch_min_to_total: 0.949425280094
    tristimulus:
        dmean: [0.213530123234, 0.295664042234, 0.178790301085]
        dmean2: [0.372543662786, 0.51505535841, 0.318290919065]
        dvar: [0.0424294173717, 0.0562535226345, 0.0227033942938]
        dvar2: [0.11569019407, 0.154983848333, 0.0619871392846]
        max: [1, 0.998191595078, 0.725839436054]
        mean: [0.264736860991, 0.493628591299, 0.179979041219]
        min: [0.00180844939314, 0, 0]
        var: [0.0511142238975, 0.0748872086406, 0.0311988219619]

tonal:
    chords_changes_rate: 0.0776255726814
    chords_number_rate: 0.0228310506791
    chords_strength:
        dmean: 0.0125717576593
        dmean2: 0.0115708680823
        dvar: 8.40476277517e-05
        dvar2: 7.8123412095e-05
        max: 0.751816749573
        mean: 0.483088374138
        min: 0.264560252428
        var: 0.0137275448069
    key_strength: 0.768086016178
    tuning_diatonic_strength: 0.547550737858
    tuning_equal_tempered_deviation: 0.0659382268786
    tuning_frequency: 436.204162598
    tuning_nontempered_energy_ratio: 0.696429252625
    hpcp:
        dmean: [0.255959391594, 0.211696133018, 0.15502306819, 0.15269061923, 0.140978083014, 0.119217224419, 0.121465817094, 0.118293367326, 0.148065686226, 0.184243142605, 0.163456484675, 0.160054475069, 0.155915945768, 0.150421246886, 0.187230736017, 0.216567665339, 0.131962388754, 0.118794560432, 0.137848392129, 0.162621587515, 0.168725848198, 0.153661489487, 0.136067971587, 0.126123413444, 0.147983327508, 0.113022081554, 0.11829841882, 0.142149627209, 0.0983487069607, 0.117812514305, 0.135146915913, 0.112335689366, 0.1406468153, 0.132006332278, 0.129502996802, 0.19398984313]
        dmean2: [0.406962782145, 0.366842925549, 0.257474541664, 0.260513335466, 0.246285885572, 0.213740423322, 0.212486937642, 0.211327970028, 0.248230606318, 0.31966099143, 0.273527026176, 0.269287794828, 0.258455455303, 0.258357971907, 0.314473122358, 0.365946024656, 0.220685601234, 0.198300421238, 0.235185489058, 0.275641083717, 0.278060972691, 0.244900941849, 0.246546983719, 0.209740161896, 0.239979341626, 0.175566539168, 0.186195775867, 0.227742746472, 0.163762181997, 0.204552993178, 0.236453250051, 0.185608804226, 0.23842561245, 0.221303626895, 0.225432083011, 0.320593863726]
        dvar: [0.0534272938967, 0.0416446179152, 0.0425943098962, 0.0483188927174, 0.0409237295389, 0.0225909519941, 0.0323561057448, 0.0297698229551, 0.0293528046459, 0.0459411069751, 0.0306146256626, 0.043583419174, 0.0360747426748, 0.0436318442225, 0.0458728410304, 0.0516923591495, 0.0187860634178, 0.0295834708959, 0.027215719223, 0.037732090801, 0.034212872386, 0.0325044989586, 0.0378120392561, 0.0241747368127, 0.0372132174671, 0.016281588003, 0.0133112743497, 0.0276518259197, 0.0168746374547, 0.0222236234695, 0.0263921041042, 0.0200788695365, 0.0398708060384, 0.0368166305125, 0.026965148747, 0.0420246608555]
        dvar2: [0.128097057343, 0.112282089889, 0.103179804981, 0.108026698232, 0.114994138479, 0.0599136166275, 0.0875384956598, 0.0836157873273, 0.0677560120821, 0.116751350462, 0.0722682997584, 0.104821905494, 0.0880980044603, 0.114698767662, 0.104316234589, 0.119333006442, 0.048452090472, 0.0696241036057, 0.0653586611152, 0.097284026444, 0.0752593651414, 0.0774201080203, 0.106375865638, 0.0587416663766, 0.0884251669049, 0.0375974774361, 0.0304942540824, 0.0626718103886, 0.0381308309734, 0.061273291707, 0.0732149034739, 0.0445687286556, 0.0952412113547, 0.0890515521169, 0.0684995129704, 0.100833326578]
        max: [1, 1, 1, 1, 1, 0.699283719063, 1, 1, 1, 1, 1, 1, 1, 1, 1, 1, 1, 1, 1, 1, 1, 1, 1, 1, 1, 0.739560127258, 0.765820324421, 1, 1, 0.96237963438, 1, 0.84704387188, 1, 1, 0.991520822048, 1]
        mean: [0.469639778137, 0.326695352793, 0.202637940645, 0.210510909557, 0.152460232377, 0.126715436578, 0.133683085442, 0.120851114392, 0.190260663629, 0.26577052474, 0.207022488117, 0.186370372772, 0.209618017077, 0.177955701947, 0.277797460556, 0.351395070553, 0.214202880859, 0.14191031456, 0.157295882702, 0.169105663896, 0.215810015798, 0.216589733958, 0.157159462571, 0.198825910687, 0.275226652622, 0.191487506032, 0.162560328841, 0.184098511934, 0.12265535444, 0.124598667026, 0.145018368959, 0.145472452044, 0.164483264089, 0.150575086474, 0.144871175289, 0.313474684954]
        min: [0.0174460019916, 0.0103975543752, 0.00169061927591, 0, 0, 0, 0, 0.00346584804356, 0.00426671141759, 0.00303865130991, 0.0019751584623, 0.00301332422532, 0, 0, 0, 0.00230046804063, 0.00388256250881, 0.00320099201053, 0.00388693995774, 0, 0, 0, 0, 0.000389786524465, 0.00336667941883, 0.00389950186945, 0.00420281663537, 0.00314416806214, 0.00201231264509, 0.0015375307994, 0, 0, 0.00205076159909, 0.00148487486877, 0.0020269236993, 0.0139026772231]
        var: [0.105147995055, 0.0618903152645, 0.0625461935997, 0.0827905610204, 0.0419649481773, 0.0214546695352, 0.0290090721101, 0.0245283208787, 0.0514339953661, 0.08324534446, 0.0470479205251, 0.0556031018496, 0.0770050063729, 0.0471282415092, 0.0658930018544, 0.10468479991, 0.0326417982578, 0.0316755771637, 0.0349089056253, 0.0453930087388, 0.0576981678605, 0.0535195730627, 0.0355265885592, 0.0431522987783, 0.103406734765, 0.0415843054652, 0.0227397102863, 0.0374398902059, 0.0185702815652, 0.021618289873, 0.02735010162, 0.026422822848, 0.0415824651718, 0.0393608622253, 0.0319798514247, 0.0653233602643]
    chords_histogram: [43.378993988, 21.4611873627, 15.5251140594, 0, 0, 0, 0, 10.0456619263, 0, 9.58904075623, 0, 0, 0, 0, 0, 0, 0, 0, 0, 0, 0, 0, 0, 0]
    thpcp: [1, 0.695629656315, 0.431475251913, 0.448239088058, 0.324632287025, 0.269814103842, 0.284650266171, 0.257327258587, 0.405120432377, 0.56590294838, 0.440811216831, 0.396836847067, 0.446337878704, 0.378919571638, 0.591511785984, 0.748222529888, 0.45610037446, 0.302168428898, 0.334928780794, 0.360075265169, 0.459522426128, 0.461182683706, 0.334638297558, 0.42335832119, 0.586037755013, 0.407732725143, 0.346138328314, 0.391999393702, 0.261169016361, 0.265306890011, 0.308786392212, 0.309753268957, 0.350232809782, 0.320618242025, 0.308472961187, 0.667478978634]
    chords_key: "D"
    chords_scale: "minor"
    key_key: "D"
    key_scale: "minor"
    chords_progression: ["A", "A", "A", "A", "A", "A", "A", "A", "A", "A", "A", "A", "Dm", "Dm", "A", "A", "A", "A", "Am", "A", "A", "A", "Am", "Am", "Am", "Am", "Am", "Am", "Am", "Am", "Am", "Am", "F", "F", "F", "F", "F", "F", "F", "F", "F", "F", "F", "F", "F", "F", "F", "F", "F", "F", "F", "F", "F", "F", "F", "F", "F", "Dm", "Dm", "Dm", "Dm", "Dm", "Dm", "Dm", "Dm", "Dm", "Dm", "Dm", "Dm", "Dm", "Dm", "Dm", "Dm", "Dm", "Dm", "Dm", "Dm", "Dm", "Dm", "D", "D", "D", "D", "D", "D", "D", "D", "D", "D", "D", "D", "D", "D", "D", "D", "D", "Am", "Am", "Am", "Am", "Am", "Am", "Am", "Am", "Am", "Am", "Am", "Am", "D", "D", "Dm", "Dm", "Dm", "Dm", "Dm", "Dm", "Dm", "Dm", "Dm", "Dm", "Dm", "Dm", "Dm", "Dm", "Dm", "Dm", "Dm", "Dm", "Dm", "Dm", "Dm", "Dm", "Dm", "Dm", "Dm", "Dm", "Dm", "Dm", "Dm", "Dm", "Dm", "Dm", "Dm", "Dm", "Dm", "Dm", "Dm", "Dm", "Dm", "Dm", "Dm", "Dm", "Dm", "Dm", "Dm", "Dm", "Dm", "Dm", "Dm", "Dm", "Dm", "D", "D", "D", "Dm", "Dm", "Dm", "Dm", "Dm", "Dm", "Dm", "Dm", "Dm", "Dm", "Dm", "Dm", "Dm", "Dm", "Am", "Am", "Am", "Am", "Am", "Am", "Am", "Am", "Am", "Am", "Am", "A", "A", "Dm", "Dm", "Dm", "Dm", "Dm", "Dm", "F", "F", "F", "F", "F", "F", "F", "F", "F", "F", "F", "F", "F", "F", "F", "F", "F", "F", "F", "F", "F", "F"]
