
metadata:
    version:
        essentia: "1.2.2"
    audio_properties:
        analysis_sample_rate: 44100
        bitrate: 128
        channels: 2
        equal_loudness: 1
        length: 10.0310201645
        replay_gain: -14.9656047821
        downmix: "mix"
    tags:
        track: 24
        year: 0
        album: "Splitted by Mp3Splt v. 2.1"
        artist: "From 003.50 To 004.00"
        comment: "http://mp3splt.sf.net"
        genre: ""
        title: "05 Final Frontier.mp3"

highlevel:
    ballroom:
        all:
            ChaChaCha: 0.166183546185
            Jive: 0.265016227961
            Quickstep: 0.179607793689
            Rumba-American: 0.00186207843944
            Rumba-International: 0.0102168647572
            Rumba-Misc: 0.00199019629508
            Samba: 0.368064016104
            Tango: 0.00210699182935
            VienneseWaltz: 0.00220106332563
            Waltz: 0.00275122607127
        probability: 0.368064016104
        value: "Samba"
    culture:
        all:
            non_western: 0.884459674358
            western: 0.115540340543
        probability: 0.884459674358
        value: "non_western"
    gender:
        all:
            female: 0.40294906497
            male: 0.597050964832
        probability: 0.597050964832
        value: "male"
    genre_dortmund:
        all:
            alternative: 0.0306667145342
            blues: 0.0251215584576
            electronic: 0.0891985595226
            folkcountry: 0.039385959506
            funksoulrnb: 0.0187174510211
            jazz: 0.320933908224
            pop: 0.0348482914269
            raphiphop: 0.36364325881
            rock: 0.0774842947721
        probability: 0.36364325881
        value: "raphiphop"
    genre_electronica:
        all:
            ambient: 0.165894493461
            dnb: 0.44313699007
            house: 0.271815240383
            techno: 0.0361233949661
            trance: 0.0830298736691
        probability: 0.44313699007
        value: "dnb"
    genre_rosamerica:
        all:
            cla: 0.0483908057213
            dan: 0.194737493992
            hip: 0.23281185329
            jaz: 0.0858744382858
            pop: 0.253860205412
            rhy: 0.0815797522664
            roc: 0.0841464921832
            spe: 0.0185989774764
        probability: 0.253860205412
        value: "pop"
    genre_tzanetakis:
        all:
            blu: 0.00224249833263
            cla: 0.00616588164121
            cou: 0.0135995429009
            dis: 0.146854519844
            hip: 0.139918133616
            jaz: 0.0437824353576
            met: 0.0105295693502
            pop: 0.241963937879
            reg: 0.309021800756
            roc: 0.0859216824174
        probability: 0.309021800756
        value: "reg"
    live_studio:
        all:
            live: 0.00817200541496
            studio: 0.991828024387
        probability: 0.991828024387
        value: "studio"
    mood:
        all:
            Cluster1: 0.271822929382
            Cluster2: 0.269787222147
            Cluster3: 0.0311674065888
            Cluster4: 0.126520305872
            Cluster5: 0.300702154636
        probability: 0.300702154636
        value: "Cluster5"
    mood_acoustic:
        all:
            acoustic: 0.118515960872
            not_acoustic: 0.881484031677
        probability: 0.881484031677
        value: "not_acoustic"
    mood_aggressive:
        all:
            aggressive: 0.188232704997
            not_aggressive: 0.811767280102
        probability: 0.811767280102
        value: "not_aggressive"
    mood_electronic:
        all:
            electronic: 0.85067743063
            not_electronic: 0.149322554469
        probability: 0.85067743063
        value: "electronic"
    mood_happy:
        all:
            happy: 0.601907074451
            not_happy: 0.398092925549
        probability: 0.601907074451
        value: "happy"
    mood_party:
        all:
            not_party: 0.366747260094
            party: 0.633252739906
        probability: 0.633252739906
        value: "party"
    mood_relaxed:
        all:
            not_relaxed: 0.421280413866
            relaxed: 0.578719556332
        probability: 0.578719556332
        value: "relaxed"
    mood_sad:
        all:
            not_sad: 0.709028482437
            sad: 0.290971517563
        probability: 0.709028482437
        value: "not_sad"
    rhythm:
        all:
            fast: 0.473113119602
            medium: 0.506715416908
            slow: 0.0201714355499
        probability: 0.506715416908
        value: "medium"
    speech_music:
        all:
            music: 0.889315903187
            speech: 0.110684074461
        probability: 0.889315903187
        value: "music"
    timbre:
        all:
            bright: 0.623179912567
            dark: 0.376820057631
        probability: 0.623179912567
        value: "bright"
    voice_instrumental:
        all:
            instrumental: 0.36174967885
            voice: 0.638250291348
        probability: 0.638250291348
        value: "voice"

lowlevel:
    average_loudness: 0.970888018608
    barkbands_kurtosis:
        dmean: 2.33289527893
        dmean2: 3.64606547356
        dvar: 15.1660442352
        dvar2: 28.638458252
        max: 48.8068084717
        mean: 1.59810340405
        min: -1.88719391823
        var: 25.7365474701
    barkbands_skewness:
        dmean: 0.731073975563
        dmean2: 1.10271859169
        dvar: 0.593125343323
        dvar2: 1.25403499603
        max: 6.04825162888
        mean: 0.962875008583
        min: -3.37990355492
        var: 1.38682806492
    barkbands_spread:
        dmean: 9.47623062134
        dmean2: 13.9227266312
        dvar: 87.4815444946
        dvar2: 185.558700562
        max: 72.6057815552
        mean: 27.8200340271
        min: 2.49962234497
        var: 197.049972534
    dissonance:
        dmean: 0.026127262041
        dmean2: 0.0409932695329
        dvar: 0.00080359907588
        dvar2: 0.00183517404366
        max: 0.499165058136
        mean: 0.450615912676
        min: 0.256995648146
        var: 0.00192637310829
    hfc:
        dmean: 2.36176681519
        dmean2: 3.4810423851
        dvar: 20.7616081238
        dvar2: 42.3867340088
        max: 49.7587165833
        mean: 3.14434051514
        min: 0.00453856494278
        var: 32.4635429382
    pitch:
        dmean: 915.666992188
        dmean2: 1746.60168457
        dvar: 2052727.625
        dvar2: 4401364
        max: 4410
        mean: 1304.1505127
        min: 68.5847625732
        var: 2669538
    pitch_instantaneous_confidence:
        dmean: 0.0957040786743
        dmean2: 0.155263081193
        dvar: 0.00708621460944
        dvar2: 0.018642405048
        max: 0.869670391083
        mean: 0.396243304014
        min: 0.12630200386
        var: 0.0192486159503
    pitch_salience:
        dmean: 0.0779871121049
        dmean2: 0.134274423122
        dvar: 0.00620041647926
        dvar2: 0.016710255295
        max: 0.963104009628
        mean: 0.625685572624
        min: 0.374036073685
        var: 0.0098530696705
    silence_rate_20dB:
        dmean: 0
        dmean2: 0
        dvar: 0
        dvar2: 0
        max: 1
        mean: 1
        min: 1
        var: 0
    silence_rate_30dB:
        dmean: 0
        dmean2: 0
        dvar: 0
        dvar2: 0
        max: 1
        mean: 1
        min: 1
        var: 0
    silence_rate_60dB:
        dmean: 0.125
        dmean2: 0.250580042601
        dvar: 0.109375
        dvar2: 0.220271989703
        max: 1
        mean: 0.785219371319
        min: 0
        var: 0.168649852276
    spectral_centroid:
        dmean: 424.031494141
        dmean2: 646.200012207
        dvar: 223175.890625
        dvar2: 457474.46875
        max: 3723.12890625
        mean: 1214.84362793
        min: 307.382476807
        var: 569013
    spectral_complexity:
        dmean: 3.22041773796
        dmean2: 4.81162786484
        dvar: 34.8771896362
        dvar2: 60.645904541
        max: 47
        mean: 6.92824077606
        min: 0
        var: 64.6036224365
    spectral_crest:
        dmean: 2.32518172264
        dmean2: 3.80446362495
        dvar: 4.363052845
        dvar2: 10.2591638565
        max: 19.2184009552
        mean: 8.30881881714
        min: 2.79202532768
        var: 10.2458534241
    spectral_decrease:
        dmean: 3.70269953587e-10
        dmean2: 5.69150504504e-10
        dvar: 4.42672890939e-19
        dvar2: 1.04671941361e-18
        max: -1.51496447765e-12
        mean: -5.61846347225e-10
        min: -4.81594142343e-09
        var: 5.63122795836e-19
    spectral_energy:
        dmean: 0.00159041769803
        dmean2: 0.00241997628473
        dvar: 7.9826631918e-06
        dvar2: 1.8327136786e-05
        max: 0.0223270282149
        mean: 0.00240573729388
        min: 6.12947542322e-06
        var: 1.06967063402e-05
    spectral_energyband_high:
        dmean: 0.000170238388819
        dmean2: 0.000245915987762
        dvar: 1.65687865206e-07
        dvar2: 4.04227307627e-07
        max: 0.00536127854139
        mean: 0.000198569745407
        min: 1.96631177118e-07
        var: 1.91906210034e-07
    spectral_energyband_low:
        dmean: 0.00030721607618
        dmean2: 0.000495870248415
        dvar: 4.92465289881e-07
        dvar2: 1.27596365473e-06
        max: 0.00534084113315
        mean: 0.000330888695316
        min: 4.3066154376e-07
        var: 4.29867327512e-07
    spectral_energyband_middle_high:
        dmean: 0.000554937112611
        dmean2: 0.000840231776237
        dvar: 1.40848533192e-06
        dvar2: 2.81503776023e-06
        max: 0.0105492351577
        mean: 0.0007281996659
        min: 4.95482709084e-07
        var: 2.18271861741e-06
    spectral_energyband_middle_low:
        dmean: 0.000771713908762
        dmean2: 0.00130779226311
        dvar: 2.35403376792e-06
        dvar2: 6.14253804088e-06
        max: 0.0131225427613
        mean: 0.00114807789214
        min: 3.59478076462e-06
        var: 2.31829881159e-06
    spectral_flatness_db:
        dmean: 0.0230507235974
        dmean2: 0.0341890268028
        dvar: 0.000454245193396
        dvar2: 0.000899761507753
        max: 0.289085239172
        mean: 0.16196668148
        min: 0.0906867086887
        var: 0.00135591870639
    spectral_flux:
        dmean: 0.0119578335434
        dmean2: 0.0177126899362
        dvar: 0.000235393337789
        dvar2: 0.000484657182824
        max: 0.113011397421
        mean: 0.0279446020722
        min: 0.00134739722125
        var: 0.000515266321599
    spectral_kurtosis:
        dmean: 1.6483194828
        dmean2: 2.54139113426
        dvar: 4.09054327011
        dvar2: 7.7943611145
        max: 25.5984611511
        mean: 4.19177389145
        min: 1.03754806519
        var: 9.44220352173
    spectral_rms:
        dmean: 0.000431611784734
        dmean2: 0.000618771766312
        dvar: 3.09821928113e-07
        dvar2: 6.34740274563e-07
        max: 0.0046671689488
        mean: 0.00129496958107
        min: 7.73303036112e-05
        var: 6.70114900458e-07
    spectral_rolloff:
        dmean: 883.710144043
        dmean2: 1400.96020508
        dvar: 952189.5625
        dvar2: 1984810.25
        max: 4866.50390625
        mean: 2320.25341797
        min: 193.798828125
        var: 1900250.875
    spectral_skewness:
        dmean: 0.287281036377
        dmean2: 0.432782053947
        dvar: 0.0956332832575
        dvar2: 0.172262981534
        max: 4.15823364258
        mean: 1.52998816967
        min: 0.190900489688
        var: 0.301361083984
    spectral_spread:
        dmean: 700259.5625
        dmean2: 1050923.25
        dvar: 395862966272
        dvar2: 950002778112
        max: 8081069
        mean: 4971999.5
        min: 2270067
        var: 1.28919299686e+12
    spectral_strongpeak:
        dmean: 0.159530445933
        dmean2: 0.284645318985
        dvar: 0.211291626096
        dvar2: 0.599431633949
        max: 6.47378540039
        mean: 0.252169638872
        min: 0.00342555530369
        var: 0.181815996766
    zerocrossingrate:
        dmean: 0.0143720088527
        dmean2: 0.0160485561937
        dvar: 0.000167108722962
        dvar2: 0.000234905164689
        max: 0.17822265625
        mean: 0.0712212473154
        min: 0.02001953125
        var: 0.00107302051038
    barkbands:
        dmean: [9.03380694695e-08, 9.93676294456e-05, 0.000253545906162, 0.000214064042666, 0.000311154260999, 0.000106395353214, 0.000153942848556, 9.68796084635e-05, 5.5760210671e-05, 2.67769573838e-05, 1.97265144379e-05, 6.42031154712e-05, 2.43984923145e-05, 4.35499023297e-05, 3.73992443201e-05, 4.58192625956e-05, 7.33243650757e-05, 0.000128281040816, 9.68086169451e-05, 0.000165915975231, 7.04921840224e-05, 2.01333041332e-05, 3.93452319258e-06, 1.48508195252e-06, 9.95761183731e-07, 3.67864565476e-08, 2.00327185396e-10]
        dmean2: [1.42464173791e-07, 0.000168608617969, 0.000426197017077, 0.000371581962099, 0.000536426727194, 0.000183613199624, 0.000266415590886, 0.000153939239681, 8.02869835752e-05, 4.3043623009e-05, 3.27825691784e-05, 0.000103440608655, 3.91196590499e-05, 7.37493101042e-05, 6.28927373327e-05, 7.28506347514e-05, 0.000114643793495, 0.000200226597372, 0.000153324770508, 0.000268556061201, 0.000103209407825, 2.90758907795e-05, 5.45389639228e-06, 2.0416150619e-06, 1.43637362271e-06, 5.00506409651e-08, 3.18751580686e-10]
        dvar: [2.06927455449e-14, 3.75596300728e-08, 3.93544468125e-07, 3.5513701846e-07, 4.90382603857e-07, 2.6394813446e-08, 2.95387536653e-07, 6.36303880697e-08, 1.35653053235e-08, 4.81144279973e-09, 2.76359202189e-09, 4.59332021308e-08, 6.34271213329e-09, 2.1708103759e-08, 1.19372201013e-08, 1.53568038286e-08, 4.06647728823e-08, 8.00872683726e-08, 4.31578968119e-08, 1.02443515004e-07, 2.5501899259e-08, 1.96968863442e-09, 7.36813873803e-11, 9.15723833567e-12, 5.89639361642e-12, 6.94235360998e-15, 1.51284936311e-19]
        dvar2: [4.21476377833e-14, 9.84031984785e-08, 1.07126152216e-06, 1.00997579011e-06, 1.32849311285e-06, 7.20430151091e-08, 8.31054478567e-07, 1.55356630671e-07, 2.93641164717e-08, 1.2423402751e-08, 7.06793379379e-09, 1.08253026099e-07, 1.64259876811e-08, 5.60277619854e-08, 3.09426440026e-08, 3.46436692666e-08, 9.08541011313e-08, 1.66075892594e-07, 9.58627666137e-08, 2.6060783398e-07, 6.12224511087e-08, 4.26814761312e-09, 1.35778818744e-10, 1.65616530906e-11, 1.31310179743e-11, 1.31605846826e-14, 2.8378333429e-19]
        max: [1.67667337791e-06, 0.00143758067861, 0.0042320555076, 0.00690005393699, 0.00480763195083, 0.00110929482616, 0.00511626666412, 0.00222218059935, 0.00125202944037, 0.000704475620296, 0.000415185757447, 0.00269930134527, 0.00093163800193, 0.00113020185381, 0.00106077478267, 0.00139654264785, 0.0020878079813, 0.00412744469941, 0.00174370023888, 0.00327290967107, 0.00219186022878, 0.000418741314206, 7.23491175449e-05, 2.37452804868e-05, 2.34580693359e-05, 8.58274233906e-07, 3.50601347954e-09]
        mean: [1.06716470327e-07, 8.74173711054e-05, 0.000243368747761, 0.000225176656386, 0.000313375901897, 0.000192436302314, 0.000174657165189, 0.00014458593796, 9.47391090449e-05, 3.90768727812e-05, 2.29379420489e-05, 9.42080150708e-05, 2.79023988696e-05, 4.23623314418e-05, 3.90145687561e-05, 4.81938877783e-05, 7.5285701314e-05, 0.00013765055337, 0.000110971777758, 0.000184333344805, 7.86029777373e-05, 2.18439017772e-05, 4.6383361223e-06, 1.79727510385e-06, 1.01467787772e-06, 4.11355429719e-08, 2.1852981924e-10]
        min: [2.12895645557e-10, 7.29199767235e-09, 1.03683497343e-07, 2.14448050428e-07, 2.01765658403e-07, 5.28078544448e-07, 1.68021813352e-07, 1.66645364175e-08, 3.00171052459e-08, 4.63010341178e-09, 1.93755300693e-09, 2.4579868807e-08, 1.15342082552e-08, 6.9299384009e-09, 1.00253050306e-08, 7.5887864881e-09, 8.68797567222e-09, 1.15638101761e-07, 1.35836941695e-07, 9.41434450397e-08, 9.51356398105e-08, 3.4888973488e-08, 8.07523115043e-09, 4.63302640696e-09, 2.12333906013e-09, 8.97262542043e-11, 1.27287568506e-12]
        var: [3.49288265954e-14, 2.98481133143e-08, 3.06368633574e-07, 2.71747722991e-07, 3.95921489371e-07, 3.99582873456e-08, 1.9775630733e-07, 7.37342844559e-08, 3.8253912038e-08, 4.74653738536e-09, 2.67352096017e-09, 6.81431515659e-08, 5.66299762639e-09, 1.80800494576e-08, 1.01526689278e-08, 1.63511106877e-08, 4.61971225718e-08, 1.28768363084e-07, 5.62273321236e-08, 1.38784642445e-07, 2.9146473679e-08, 2.37697017624e-09, 1.09396880443e-10, 1.52845305856e-11, 6.65560315194e-12, 1.00815284398e-14, 2.29719998526e-19]
    mfcc:
        mean: [-787.932128906, 116.609344482, -28.4234447479, 56.4209213257, -21.4965801239, -8.01499080658, -3.31878805161, -10.8531303406, -7.27208471298, -8.35760879517, -2.02563381195, -0.61895096302, -0.810670614243]
        cov: [[7203.7734375, -818.993835449, -558.256835938, -37.9015655518, 243.958023071, 319.875640869, 155.258987427, 72.9490585327, 124.87928009, 171.750610352, 72.8697280884, 8.62092494965, -146.34777832], [-818.993835449, 1400.63500977, 87.4882965088, -258.412200928, -12.0214681625, 13.8065357208, 95.6333007812, 53.1126251221, 13.6901693344, -24.6618328094, -30.0950489044, 9.14474105835, 8.36061573029], [-558.256835938, 87.4882965088, 596.875671387, 240.03527832, 52.0572128296, 86.1607513428, 149.547271729, 120.134681702, -19.3931541443, 8.14063262939, 40.1531333923, 39.1685409546, 47.8590888977], [-37.9015655518, -258.412200928, 240.03527832, 432.063995361, 133.051391602, 118.689155579, 129.313735962, 79.1711196899, 29.8968658447, 50.407043457, 28.8029289246, 7.96778774261, 22.8751659393], [243.958023071, -12.0214681625, 52.0572128296, 133.051391602, 223.092376709, 155.696655273, 90.3230743408, 49.7890586853, 40.9583244324, 14.7690048218, 10.7818489075, -11.8635187149, -19.2933673859], [319.875640869, 13.8065357208, 86.1607513428, 118.689155579, 155.696655273, 218.13609314, 137.18800354, 66.8785400391, 29.9950008392, 3.35350656509, 5.98414468765, -4.53332710266, -11.7946119308], [155.258987427, 95.6333007812, 149.547271729, 129.313735962, 90.3230743408, 137.18800354, 172.31703186, 83.6089553833, 20.3168373108, 22.2635631561, 7.95466756821, 3.64217400551, 9.81160831451], [72.9490585327, 53.1126251221, 120.134681702, 79.1711196899, 49.7890586853, 66.8785400391, 83.6089553833, 103.884559631, 40.3012962341, 12.9028491974, 5.3234500885, 1.03362524509, 4.30651664734], [124.87928009, 13.6901693344, -19.3931541443, 29.8968658447, 40.9583244324, 29.9950008392, 20.3168373108, 40.3012962341, 82.8701858521, 40.1269302368, 15.4727039337, -6.11312150955, -1.25380814075], [171.750610352, -24.6618328094, 8.14063262939, 50.407043457, 14.7690048218, 3.35350656509, 22.2635631561, 12.9028491974, 40.1269302368, 97.6649398804, 30.0560035706, 12.5838975906, 10.4728059769], [72.8697280884, -30.0950489044, 40.1531333923, 28.8029289246, 10.7818489075, 5.98414468765, 7.95466756821, 5.3234500885, 15.4727039337, 30.0560035706, 66.4605255127, 37.3128433228, 16.8597831726], [8.62092494965, 9.14474105835, 39.1685409546, 7.96778774261, -11.8635187149, -4.53332710266, 3.64217400551, 1.03362524509, -6.11312150955, 12.5838975906, 37.3128433228, 70.5383148193, 34.7025756836], [-146.34777832, 8.36061573029, 47.8590888977, 22.8751659393, -19.2933673859, -11.7946119308, 9.81160831451, 4.30651664734, -1.25380814075, 10.4728059769, 16.8597831726, 34.7025756836, 54.7855834961]]
        icov: [[0.000225105235586, 0.00018350481696, 0.000274177495157, 0.000231234007515, -3.31378323608e-05, -0.000207212622627, -0.000363501603715, -0.000327469519107, 0.000147652302985, -0.000389582157368, -0.000141697222716, -0.000379466539016, 0.000633635441773], [0.00018350481696, 0.00124001363292, -0.000199057991267, 0.00143418833613, -0.000471085775644, 0.000578782928642, -0.00191667559557, -2.7642349778e-06, -0.000664318853524, -0.000120052995044, 0.000644442683551, -0.000797009037342, 0.00049247284187], [0.000274177495157, -0.000199057991267, 0.00387647585012, -0.00134221895132, 0.000311047246214, -9.04820990399e-05, -0.000769847829361, -0.00428247032687, 0.00370033062063, -0.000177770809387, -0.00243124156259, 0.000130213331431, -0.000714219699148], [0.000231234007515, 0.00143418833613, -0.00134221895132, 0.00563574023545, -0.00232580630109, 0.000685403239913, -0.00305411079898, -8.75289842952e-05, -0.000528790114913, -0.0016607157886, 0.000473403604701, 0.000102201222035, -0.000804516312201], [-3.31378323608e-05, -0.000471085775644, 0.000311047246214, -0.00232580630109, 0.0106914248317, -0.00724762678146, 0.00182617083192, 0.000486460950924, -0.00205875001848, 0.000158887400175, -0.00127535220236, 0.000665449304506, 0.00241574109532], [-0.000207212622627, 0.000578782928642, -9.04820990399e-05, 0.000685403239913, -0.00724762678146, 0.0164495240897, -0.0109139541164, 0.00151633366477, -0.00258432119153, 0.00390068627894, 0.000515030522365, -0.00201572035439, 0.00228895177133], [-0.000363501603715, -0.00191667559557, -0.000769847829361, -0.00305411079898, 0.00182617083192, -0.0109139541164, 0.0223018676043, -0.00897027831525, 0.00603064894676, -0.00438788859174, -1.62154119607e-05, 0.00336327846162, -0.00487484456971], [-0.000327469519107, -2.7642349778e-06, -0.00428247032687, -8.75289842952e-05, 0.000486460950924, 0.00151633366477, -0.00897027831525, 0.0257403738797, -0.0146118113771, 0.00432771677151, 0.0041336431168, -0.00261807767674, 0.00220871157944], [0.000147652302985, -0.000664318853524, 0.00370033062063, -0.000528790114913, -0.00205875001848, -0.00258432119153, 0.00603064894676, -0.0146118113771, 0.0265003889799, -0.00890172552317, -0.00630807410926, 0.00643371185288, -0.00355462823063], [-0.000389582157368, -0.000120052995044, -0.000177770809387, -0.0016607157886, 0.000158887400175, 0.00390068627894, -0.00438788859174, 0.00432771677151, -0.00890172552317, 0.017134860158, -0.00424720346928, -0.000432067114161, -0.000730787345674], [-0.000141697222716, 0.000644442683551, -0.00243124156259, 0.000473403604701, -0.00127535220236, 0.000515030522365, -1.62154119607e-05, 0.0041336431168, -0.00630807410926, -0.00424720346928, 0.02752651833, -0.0143957743421, 0.00210419180803], [-0.000379466539016, -0.000797009037342, 0.000130213331431, 0.000102201222035, 0.000665449304506, -0.00201572035439, 0.00336327846162, -0.00261807767674, 0.00643371185288, -0.000432067114161, -0.0143957743421, 0.0302970893681, -0.0161755401641], [0.000633635441773, 0.00049247284187, -0.000714219699148, -0.000804516312201, 0.00241574109532, 0.00228895177133, -0.00487484456971, 0.00220871157944, -0.00355462823063, -0.000730787345674, 0.00210419180803, -0.0161755401641, 0.0325300134718]]
    spectral_contrast:
        mean: [-6.05316543556e-08, -3.24509869642e-07, -2.69087536253e-07, 2.52441225257e-07, -1.70052611992e-08, 2.06684617865e-07, -4.94480536872e-06, 3.79883022106e-06, -1.46645368204e-06, 1.01162322608e-06, -7.73618637595e-07, -1.2390039501e-06]
        var: [0.000238341337536, 0.000781571783591, 0.00105238717515, 0.00186207948718, 0.00393947260454, 0.00657679373398, 0.0446147397161, 0.081213645637, 0.199088841677, 0.441419780254, 0.958426296711, 3.97537708282]

rhythm:
    beats_loudness:
        dmean: 0.00318585312925
        dmean2: 0.00609061401337
        dvar: 1.00252700577e-05
        dvar2: 2.66198148893e-05
        max: 0.0131880752742
        mean: 0.00634872214869
        min: 0.00280865305103
        var: 1.23412337416e-05
    beats_loudness_bass:
        dmean: 0.308333098888
        dmean2: 0.623622000217
        dvar: 0.0257364641875
        dvar2: 0.0739070624113
        max: 0.512642383575
        mean: 0.171288341284
        min: 0.00111547368579
        var: 0.038809761405
    bpm: 91.4618988037
    bpm_confidence: 0
    first_peak_bpm: 92
    first_peak_spread: 0
    first_peak_weight: 0.928571462631
    onset_rate: 5.68237304688
    second_peak_bpm: 85
    second_peak_spread: 0
    second_peak_weight: 0.0714285746217
    beats_position: [0.359918326139, 1.01539611816, 1.67087388039, 2.32635164261, 2.98182916641, 3.63730692863, 4.29278421402, 4.94826221466, 5.60373973846, 6.31252336502, 6.9690694809, 7.62561559677, 8.28216171265, 8.93870830536, 9.5952539444]
    bpm_estimates: [91.5543823242, 91.5204849243, 91.4651641846, 91.5087585449, 91.4558868408, 91.5122833252, 91.5469436646, 91.5797119141, 91.5414886475, 91.6415710449, 91.5727539062, 91.3078918457, 91.4471054077, 91.1649093628, 91.5008544922, 91.4505157471, 91.3731155396, 91.5624923706, 91.4231872559, 91.4666366577, 91.2159500122, 91.3494644165]
    bpm_intervals: [0.655477762222, 0.655477762222, 0.655477762222, 0.655477523804, 0.655477762222, 0.655477285385, 0.655478000641, 0.655477523804, 0.708783626556, 0.656546115875, 0.656546115875, 0.656546115875, 0.656546592712, 0.656545639038]
    onset_times: [0.0464399084449, 0.220589563251, 0.359909296036, 0.557278931141, 0.684988677502, 0.99845802784, 1.2190476656, 1.39319729805, 1.54412698746, 1.68344676495, 2.02013611794, 2.19428563118, 2.33360552788, 2.56580495834, 2.68190479279, 2.89088439941, 3.01859402657, 3.34367346764, 3.54104304314, 3.64553284645, 3.85451245308, 4.00544214249, 4.17959165573, 4.21442174911, 4.31891155243, 4.52789115906, 4.65560102463, 4.86458063126, 4.96907043457, 5.1780500412, 5.34058952332, 5.51473903656, 5.630838871, 5.83981847763, 5.95591831207, 6.1648979187, 6.28099775314, 6.48997735977, 6.65251684189, 6.81505680084, 6.9543762207, 7.1517457962, 7.2910656929, 7.46521520615, 7.60453510284, 7.80190467834, 7.9644446373, 8.12698459625, 8.27791404724, 8.6146030426, 8.77714252472, 8.92807292938, 9.12544250488, 9.287981987, 9.45052146912, 9.58984088898, 9.93814086914]
    rubato_start: []
    rubato_stop: []
    perceptual_tempo: "unknown"

sfx:
    inharmonicity:
        dmean: 0.0514065511525
        dmean2: 0.0894950255752
        dvar: 0.00311986147426
        dvar2: 0.00888186506927
        max: 0.345847994089
        mean: 0.0511087439954
        min: 0
        var: 0.00339693296701
    oddtoevenharmonicenergyratio:
        dmean: 4.84285306931
        dmean2: 9.08812046051
        dvar: 687.377990723
        dvar2: 2026.20703125
        max: 366.350097656
        mean: 3.17991995811
        min: 0
        var: 363.504241943
    pitch_after_max_to_before_max_energy_ratio: 6.33915519714
    pitch_centroid: 212.461914062
    pitch_max_to_total: 0.0648148134351
    pitch_min_to_total: 0.854166686535
    tristimulus:
        dmean: [0.241245821118, 0.260313808918, 0.13775600493]
        dmean2: [0.418546169996, 0.450714796782, 0.231090053916]
        dvar: [0.0459910035133, 0.0469218343496, 0.019157346338]
        dvar2: [0.124468185008, 0.132262334228, 0.0558481030166]
        max: [1, 0.992533683777, 0.927576184273]
        mean: [0.351217001677, 0.438081741333, 0.154303476214]
        min: [0.00227409624495, 0, 0]
        var: [0.0604075528681, 0.0654367282987, 0.0264150463045]

tonal:
    chords_changes_rate: 0.0691244229674
    chords_number_rate: 0.0230414755642
    chords_strength:
        dmean: 0.00943142920732
        dmean2: 0.0104888537899
        dvar: 6.44342289888e-05
        dvar2: 8.9048204245e-05
        max: 0.566181004047
        mean: 0.47275686264
        min: 0.276516228914
        var: 0.00394927011803
    key_strength: 0.566062808037
    tuning_diatonic_strength: 0.38390520215
    tuning_equal_tempered_deviation: 0.10808929801
    tuning_frequency: 444.341888428
    tuning_nontempered_energy_ratio: 0.699527263641
    hpcp:
        dmean: [0.17588122189, 0.129857704043, 0.125108256936, 0.163681536913, 0.178605020046, 0.184013724327, 0.152830228209, 0.156871572137, 0.168123185635, 0.193310931325, 0.189505711198, 0.178193032742, 0.155756503344, 0.162472859025, 0.182859480381, 0.204544737935, 0.173986122012, 0.117036089301, 0.0834522098303, 0.0943963974714, 0.164286836982, 0.180033072829, 0.13550978899, 0.145802780986, 0.18812020123, 0.144706115127, 0.127039626241, 0.120593264699, 0.120594255626, 0.163382053375, 0.178429722786, 0.148548871279, 0.133429542184, 0.125037893653, 0.134698793292, 0.158627331257]
        dmean2: [0.288370847702, 0.220772698522, 0.215040892363, 0.280891269445, 0.315116435289, 0.318958759308, 0.267097383738, 0.275209486485, 0.282195359468, 0.358025729656, 0.336560189724, 0.308898538351, 0.277448505163, 0.288535922766, 0.315759450197, 0.338495790958, 0.309201538563, 0.199372634292, 0.148749157786, 0.170495316386, 0.287775725126, 0.316590249538, 0.228729829192, 0.242221444845, 0.308372348547, 0.238751322031, 0.227799013257, 0.211181983352, 0.20386774838, 0.280598402023, 0.309855818748, 0.252124369144, 0.23839686811, 0.225953087211, 0.239305227995, 0.266421198845]
        dvar: [0.0391095839441, 0.028188964352, 0.0329197533429, 0.0453153438866, 0.0574435703456, 0.0488558746874, 0.0333394482732, 0.0352947413921, 0.0419743806124, 0.0640578866005, 0.0500481165946, 0.0559173412621, 0.0558738261461, 0.0399512238801, 0.0388348288834, 0.0464016385376, 0.0370215810835, 0.02368132025, 0.012780171819, 0.0211365148425, 0.0469625517726, 0.0583851337433, 0.0332064814866, 0.0317787453532, 0.0585528574884, 0.0340231768787, 0.0322412438691, 0.0236881971359, 0.0306816902012, 0.0526141449809, 0.0532964505255, 0.0322746001184, 0.0315687693655, 0.0335376448929, 0.0396600291133, 0.0340233594179]
        dvar2: [0.100584104657, 0.0763286426663, 0.0928489342332, 0.116827487946, 0.133951723576, 0.12576431036, 0.0861794054508, 0.0970701724291, 0.100530430675, 0.163658708334, 0.144923433661, 0.152873545885, 0.141673237085, 0.116041921079, 0.101375959814, 0.125840350986, 0.100063495338, 0.0586397387087, 0.0337837077677, 0.058777846396, 0.12075419724, 0.151810526848, 0.0854636952281, 0.0837059020996, 0.131009697914, 0.0882529839873, 0.0836846828461, 0.0639603435993, 0.078146956861, 0.139584049582, 0.145552054048, 0.0901939198375, 0.0924397483468, 0.0936882197857, 0.110585615039, 0.0979733169079]
        max: [1, 1, 1, 1, 1, 1, 1, 1, 1, 1, 1, 1, 1, 1, 1, 1, 1, 1, 0.575825750828, 1, 1, 1, 1, 1, 1, 1, 1, 0.834923863411, 1, 1, 1, 1, 0.907613873482, 0.958109259605, 1, 1]
        mean: [0.32025846839, 0.187993943691, 0.116556160152, 0.145189031959, 0.183573082089, 0.212377220392, 0.194408476353, 0.194414049387, 0.270340323448, 0.259071826935, 0.181037202477, 0.191111713648, 0.19272904098, 0.1606195122, 0.311998844147, 0.424771636724, 0.259395033121, 0.109799608588, 0.0693817734718, 0.0899058505893, 0.189130216837, 0.214773982763, 0.138052120805, 0.254510164261, 0.423669159412, 0.27954852581, 0.119170561433, 0.118098072708, 0.129747003317, 0.165234744549, 0.170287787914, 0.142000168562, 0.117520302534, 0.106978140771, 0.12606947124, 0.256926089525]
        min: [0.00824267603457, 0.0101543189958, 0.000253031641478, 0.000351878494257, 0.000615648226812, 0.000564035552088, 0.000361706624972, 0.000648945569992, 0.000963788072113, 0.000601788109634, 0.000253128237091, 0.000456127396319, 0.000555229373276, 0.00220281165093, 0.00232605752535, 0.00195625331253, 0.00135484652128, 0.000526147487108, 0.000192926556338, 1.71771462192e-05, 0, 0, 0, 0, 0.000316320423735, 0.00222201645374, 0.00116693100426, 0.000932901864871, 0.000660297286231, 0.00104397360701, 0.000713524641469, 0.000778676243499, 0.00024701282382, 0.000232314021559, 0.00060818286147, 0.000427176652011]
        var: [0.0673333927989, 0.0310178492218, 0.02654273808, 0.043782427907, 0.0639836862683, 0.0722127780318, 0.0617330744863, 0.0522878579795, 0.103856705129, 0.102478452027, 0.0481479093432, 0.0687746480107, 0.081764370203, 0.0388409048319, 0.0704815834761, 0.112237520516, 0.0510840080678, 0.029802955687, 0.0111051751301, 0.0177460778505, 0.0650031641126, 0.0806920081377, 0.0365131981671, 0.0504173822701, 0.146898388863, 0.0703139528632, 0.0309284310788, 0.0226773247123, 0.030354488641, 0.0466819629073, 0.0485830530524, 0.0339478440583, 0.0259474497288, 0.0250519830734, 0.0317535474896, 0.0472470484674]
    chords_histogram: [3.68663597107, 15.2073736191, 0, 0, 0, 0, 0, 0, 0.921658992767, 0, 0, 0, 0, 0, 0, 0.921658992767, 0, 0, 0, 0, 0, 4.60829496384, 23.9631328583, 50.6912460327]
    thpcp: [1, 0.610669374466, 0.258490920067, 0.163339003921, 0.211656913161, 0.445251524448, 0.505622208118, 0.325003147125, 0.599169373512, 0.997404515743, 0.658114850521, 0.280552059412, 0.278027206659, 0.305451184511, 0.388996660709, 0.400892555714, 0.334297657013, 0.276667028666, 0.251848608255, 0.296793520451, 0.604856967926, 0.753954470158, 0.442576497793, 0.274397224188, 0.341804921627, 0.432168871164, 0.499979764223, 0.45767763257, 0.457690745592, 0.636436879635, 0.609908461571, 0.426198899746, 0.449916362762, 0.453723907471, 0.378131449223, 0.734509587288]
    chords_key: "D"
    chords_scale: "minor"
    key_key: "F"
    key_scale: "major"
    chords_progression: ["Gm", "Gm", "Gm", "Gm", "Gm", "Gm", "Gm", "Gm", "Gm", "Gm", "A#", "A#", "A#", "A#", "A#", "A#", "A#", "A#", "A#", "A#", "A#", "A#", "A#", "A#", "Dm", "Dm", "Dm", "Dm", "Dm", "Dm", "Dm", "Dm", "Dm", "Dm", "Dm", "Dm", "Dm", "Dm", "Dm", "A#", "A#", "A#", "A#", "A#", "A#", "A#", "A#", "A#", "A#", "A#", "A#m", "A#m", "Dm", "Dm", "Dm", "Dm", "Dm", "Dm", "Dm", "Dm", "A", "A", "Am", "Am", "Am", "Am", "Am", "Am", "Am", "Am", "Am", "Am", "Am", "Am", "Am", "Am", "Am", "Am", "Am", "Am", "Am", "Am", "Am", "Am", "Am", "Am", "Am", "Am", "Am", "Am", "Am", "Am", "Am", "Am", "Am", "F", "F", "F", "F", "F", "F", "F", "F", "Dm", "Dm", "Dm", "Dm", "Dm", "Dm", "Dm", "Dm", "Dm", "Dm", "Dm", "Dm", "Dm", "Dm", "Dm", "Dm", "A#", "A#", "A#", "A#", "A#", "A#", "A#", "A#", "A#", "A#", "A#", "A#", "A#", "A#", "A#", "A#", "A#", "A#", "A#", "A#", "A#", "A#", "A#", "A#", "Dm", "A#", "Dm", "Dm", "Dm", "Dm", "Dm", "Dm", "Dm", "A#", "A#", "Dm", "Dm", "Dm", "Dm", "Dm", "Dm", "Dm", "Dm", "Dm", "Dm", "Dm", "Dm", "Dm", "Dm", "Dm", "Dm", "Dm", "Dm", "Dm", "Dm", "Dm", "Dm", "Dm", "Dm", "Dm", "Dm", "Dm", "Dm", "Dm", "Dm", "Dm", "Dm", "Dm", "Dm", "Dm", "Dm", "Dm", "Dm", "Dm", "Dm", "Dm", "Dm", "Dm", "Dm", "Dm", "Dm", "Dm", "Dm", "Dm", "Dm", "Dm", "Dm", "Dm", "Dm", "Dm", "Dm", "Dm", "Dm", "Dm", "Dm", "Dm", "Dm", "Dm"]
