
metadata:
    version:
        essentia: "1.2.2"
    audio_properties:
        analysis_sample_rate: 44100
        bitrate: 128
        channels: 2
        equal_loudness: 1
        length: 10.0571432114
        replay_gain: -12.9749107361
        downmix: "mix"
    tags:
        track: 8
        year: 0
        album: "Splitted by Mp3Splt v. 2.1"
        artist: "From 001.10 To 001.20"
        comment: "http://mp3splt.sf.net"
        genre: ""
        title: "01 Breezy.mp3"

highlevel:
    ballroom:
        all:
            ChaChaCha: 0.672414839268
            Jive: 0.0436678938568
            Quickstep: 0.00679103983566
            Rumba-American: 0.00204512919299
            Rumba-International: 0.0050996420905
            Rumba-Misc: 0.0171315800399
            Samba: 0.245365470648
            Tango: 0.00154041813221
            VienneseWaltz: 0.00383523036726
            Waltz: 0.00210874993354
        probability: 0.672414839268
        value: "ChaChaCha"
    culture:
        all:
            non_western: 0.567032456398
            western: 0.432967543602
        probability: 0.567032456398
        value: "non_western"
    gender:
        all:
            female: 0.696527481079
            male: 0.303472518921
        probability: 0.696527481079
        value: "female"
    genre_dortmund:
        all:
            alternative: 0.000591470627114
            blues: 0.00838372763246
            electronic: 0.00391389383003
            folkcountry: 0.00171116623096
            funksoulrnb: 0.0841520428658
            jazz: 0.0177353955805
            pop: 0.0166678391397
            raphiphop: 0.865242362022
            rock: 0.00160209601745
        probability: 0.865242362022
        value: "raphiphop"
    genre_electronica:
        all:
            ambient: 0.15847748518
            dnb: 0.0554550141096
            house: 0.735159158707
            techno: 0.0278455186635
            trance: 0.0230628009886
        probability: 0.735159158707
        value: "house"
    genre_rosamerica:
        all:
            cla: 0.00891618616879
            dan: 0.0279769394547
            hip: 0.288090497255
            jaz: 0.00988963525742
            pop: 0.0114120841026
            rhy: 0.639898121357
            roc: 0.00213316408917
            spe: 0.0116833988577
        probability: 0.639898121357
        value: "rhy"
    genre_tzanetakis:
        all:
            blu: 0.00106928311288
            cla: 0.000363512517652
            cou: 0.00119970482774
            dis: 0.00734200049192
            hip: 0.352013707161
            jaz: 0.000396936986363
            met: 0.000715687056072
            pop: 0.578900277615
            reg: 0.0558662712574
            roc: 0.00213260226883
        probability: 0.578900277615
        value: "pop"
    live_studio:
        all:
            live: 0.0212741270661
            studio: 0.978725850582
        probability: 0.978725850582
        value: "studio"
    mood:
        all:
            Cluster1: 0.0928162187338
            Cluster2: 0.519749999046
            Cluster3: 0.0483503118157
            Cluster4: 0.305956840515
            Cluster5: 0.0331266112626
        probability: 0.519749999046
        value: "Cluster2"
    mood_acoustic:
        all:
            acoustic: 0.0644257888198
            not_acoustic: 0.935574233532
        probability: 0.935574233532
        value: "not_acoustic"
    mood_aggressive:
        all:
            aggressive: 0.00384103739634
            not_aggressive: 0.996158957481
        probability: 0.996158957481
        value: "not_aggressive"
    mood_electronic:
        all:
            electronic: 0.744442284107
            not_electronic: 0.255557745695
        probability: 0.744442284107
        value: "electronic"
    mood_happy:
        all:
            happy: 0.562113940716
            not_happy: 0.437886089087
        probability: 0.562113940716
        value: "happy"
    mood_party:
        all:
            not_party: 0.285810351372
            party: 0.714189648628
        probability: 0.714189648628
        value: "party"
    mood_relaxed:
        all:
            not_relaxed: 0.615459442139
            relaxed: 0.384540528059
        probability: 0.615459442139
        value: "not_relaxed"
    mood_sad:
        all:
            not_sad: 0.666485488415
            sad: 0.333514511585
        probability: 0.666485488415
        value: "not_sad"
    rhythm:
        all:
            fast: 0.621988236904
            medium: 0.353746831417
            slow: 0.0242649391294
        probability: 0.621988236904
        value: "fast"
    speech_music:
        all:
            music: 0.993710637093
            speech: 0.00628933357075
        probability: 0.993710637093
        value: "music"
    timbre:
        all:
            bright: 0.941282093525
            dark: 0.0587179325521
        probability: 0.941282093525
        value: "bright"
    voice_instrumental:
        all:
            instrumental: 0.0355073437095
            voice: 0.964492678642
        probability: 0.964492678642
        value: "voice"

lowlevel:
    average_loudness: 0.958675742149
    barkbands_kurtosis:
        dmean: 1.48639547825
        dmean2: 2.44259786606
        dvar: 5.39219427109
        dvar2: 13.8861713409
        max: 23.3543605804
        mean: 0.149431362748
        min: -1.88612127304
        var: 7.13808441162
    barkbands_skewness:
        dmean: 0.6249127388
        dmean2: 0.914399027824
        dvar: 0.326054364443
        dvar2: 0.772218942642
        max: 4.64146471024
        mean: 0.443067193031
        min: -2.17245078087
        var: 1.0887311697
    barkbands_spread:
        dmean: 7.47765874863
        dmean2: 11.7443370819
        dvar: 53.8098449707
        dvar2: 133.96144104
        max: 73.2771377563
        mean: 27.2860717773
        min: 5.65237998962
        var: 121.654159546
    dissonance:
        dmean: 0.0298817511648
        dmean2: 0.0472540408373
        dvar: 0.000864439818542
        dvar2: 0.00182080175728
        max: 0.496823072433
        mean: 0.437272459269
        min: 0.067661434412
        var: 0.00199607736431
    hfc:
        dmean: 2.9858891964
        dmean2: 4.43234491348
        dvar: 32.3103523254
        dvar2: 84.7660217285
        max: 49.3521385193
        mean: 5.08646059036
        min: 0.000762738985941
        var: 36.7570228577
    pitch:
        dmean: 528.503479004
        dmean2: 1028.26660156
        dvar: 1340655.875
        dvar2: 3340521.75
        max: 4900
        mean: 714.195922852
        min: 99.1011199951
        var: 1112631.5
    pitch_instantaneous_confidence:
        dmean: 0.140511453152
        dmean2: 0.209584221244
        dvar: 0.0149522991851
        dvar2: 0.0338941887021
        max: 0.955726146698
        mean: 0.612667798996
        min: 0.168589532375
        var: 0.0390966534615
    pitch_salience:
        dmean: 0.0870263278484
        dmean2: 0.140973940492
        dvar: 0.00623949756846
        dvar2: 0.0164108201861
        max: 0.968965351582
        mean: 0.56091183424
        min: 0.207344308496
        var: 0.0112054105848
    silence_rate_20dB:
        dmean: 0
        dmean2: 0
        dvar: 0
        dvar2: 0
        max: 1
        mean: 1
        min: 1
        var: 0
    silence_rate_30dB:
        dmean: 0
        dmean2: 0
        dvar: 0
        dvar2: 0
        max: 1
        mean: 1
        min: 1
        var: 0
    silence_rate_60dB:
        dmean: 0.216589868069
        dmean2: 0.431870669127
        dvar: 0.169678241014
        dvar2: 0.310023963451
        max: 1
        mean: 0.645977020264
        min: 0
        var: 0.228691756725
    spectral_centroid:
        dmean: 385.207336426
        dmean2: 551.56640625
        dvar: 131905.046875
        dvar2: 299774.59375
        max: 3928.12036133
        mean: 1632.1361084
        min: 337.138702393
        var: 461918.78125
    spectral_complexity:
        dmean: 3.21478056908
        dmean2: 4.66666650772
        dvar: 21.1247653961
        dvar2: 44.0694236755
        max: 37
        mean: 7.37788009644
        min: 0
        var: 39.235118866
    spectral_crest:
        dmean: 3.19664406776
        dmean2: 5.38608789444
        dvar: 8.26676082611
        dvar2: 21.2225990295
        max: 22.5223064423
        mean: 9.62038707733
        min: 3.44778037071
        var: 15.542183876
    spectral_decrease:
        dmean: 5.12500819561e-10
        dmean2: 8.10122469108e-10
        dvar: 1.25308360564e-18
        dvar2: 3.31678746118e-18
        max: -7.50529602659e-14
        mean: -7.48775763615e-10
        min: -8.87504203462e-09
        var: 1.11000069502e-18
    spectral_energy:
        dmean: 0.00218022055924
        dmean2: 0.0034138741903
        dvar: 2.19678295252e-05
        dvar2: 5.80290652579e-05
        max: 0.0369372591376
        mean: 0.00328740756959
        min: 3.52450172159e-07
        var: 1.99200185307e-05
    spectral_energyband_high:
        dmean: 0.000196369685
        dmean2: 0.000311849289574
        dvar: 1.57739620477e-07
        dvar2: 4.07033382999e-07
        max: 0.00343009736389
        mean: 0.000293761666398
        min: 3.960313677e-08
        var: 1.77442061045e-07
    spectral_energyband_low:
        dmean: 0.000159093469847
        dmean2: 0.000256680272287
        dvar: 2.42417570462e-07
        dvar2: 6.11526672856e-07
        max: 0.00314501440153
        mean: 0.000147535756696
        min: 3.86516901818e-10
        var: 2.25599052328e-07
    spectral_energyband_middle_high:
        dmean: 0.000697149545886
        dmean2: 0.00104037998244
        dvar: 1.15601812922e-06
        dvar2: 2.93583593702e-06
        max: 0.00902251433581
        mean: 0.00124404067174
        min: 2.53607424838e-07
        var: 1.67380426319e-06
    spectral_energyband_middle_low:
        dmean: 0.00141865573823
        dmean2: 0.00234391889535
        dvar: 1.27681178128e-05
        dvar2: 3.40873302775e-05
        max: 0.029232185334
        mean: 0.00160200928804
        min: 5.55911761069e-08
        var: 1.03975780803e-05
    spectral_flatness_db:
        dmean: 0.0315912924707
        dmean2: 0.0449873358011
        dvar: 0.000713595945854
        dvar2: 0.0014744787477
        max: 0.363050699234
        mean: 0.199687927961
        min: 0.0680541247129
        var: 0.00322998221964
    spectral_flux:
        dmean: 0.015229142271
        dmean2: 0.0234900079668
        dvar: 0.00036741985241
        dvar2: 0.000845188042149
        max: 0.178654909134
        mean: 0.0406228080392
        min: 0.00304087135009
        var: 0.00067484745523
    spectral_kurtosis:
        dmean: 1.43626475334
        dmean2: 2.31738615036
        dvar: 2.73906207085
        dvar2: 6.72310781479
        max: 18.7498092651
        mean: 3.73702311516
        min: -0.618359327316
        var: 4.7261300087
    spectral_rms:
        dmean: 0.000509312143549
        dmean2: 0.000736572721507
        dvar: 4.68851965252e-07
        dvar2: 1.08670872123e-06
        max: 0.00600302871317
        mean: 0.00155901082326
        min: 1.85432963917e-05
        var: 7.76713932282e-07
    spectral_rolloff:
        dmean: 651.267456055
        dmean2: 1051.38769531
        dvar: 638193.0625
        dvar2: 1394058.25
        max: 7450.48828125
        mean: 3069.72167969
        min: 215.33203125
        var: 1495308.25
    spectral_skewness:
        dmean: 0.238671302795
        dmean2: 0.361214965582
        dvar: 0.0483095273376
        dvar2: 0.100890636444
        max: 2.96876001358
        mean: 1.45178771019
        min: 0.138356789947
        var: 0.146137073636
    spectral_spread:
        dmean: 1073496.5
        dmean2: 1508602.375
        dvar: 1.23117554893e+12
        dvar2: 2.17845071872e+12
        max: 14155071
        mean: 5586143
        min: 2143899
        var: 4.01359346074e+12
    spectral_strongpeak:
        dmean: 0.438316017389
        dmean2: 0.763295650482
        dvar: 0.681321203709
        dvar2: 1.85732936859
        max: 7.47859048843
        mean: 0.602174699306
        min: 0.000497283239383
        var: 0.591616630554
    zerocrossingrate:
        dmean: 0.0135399373248
        dmean2: 0.0162432640791
        dvar: 0.000143192868563
        dvar2: 0.000198702138732
        max: 0.19140625
        mean: 0.0905311703682
        min: 0.0068359375
        var: 0.000839931482915
    barkbands:
        dmean: [1.30831449496e-06, 0.00010673837096, 7.97407046775e-05, 3.10254108626e-05, 0.000717904069461, 0.000317152123898, 0.000267424795311, 0.000116021772556, 0.000164008044521, 0.000119877280667, 5.2691433666e-05, 4.89462763653e-05, 4.78395813843e-05, 3.467399074e-05, 5.26513103978e-05, 8.12672951724e-05, 9.54187344178e-05, 0.000155705216457, 0.000212406710489, 0.000188785241335, 0.000108737171104, 1.8396987798e-05, 4.06013350585e-06, 4.02388513976e-06, 1.16989463095e-06, 5.51788588155e-08, 9.86469572695e-10]
        dmean2: [1.74587955826e-06, 0.000169746112078, 0.000151594038471, 5.35716571903e-05, 0.00122387765441, 0.000548376236111, 0.000420774449594, 0.000186927631148, 0.000264714355581, 0.000180750255822, 7.86676973803e-05, 8.07754986454e-05, 7.95896339696e-05, 5.64462279726e-05, 8.27735857456e-05, 0.000133659588755, 0.000152918888489, 0.000246129493462, 0.00032269168878, 0.000284910784103, 0.000186135817785, 2.8783815651e-05, 5.66030530535e-06, 6.39587597107e-06, 1.82726239473e-06, 7.70896733115e-08, 1.51014234451e-09]
        dvar: [6.65800747868e-12, 1.12962680987e-07, 8.64944311729e-08, 8.29660429247e-09, 5.3571625358e-06, 8.43049178911e-07, 1.74875708581e-07, 5.94752371796e-08, 1.86244974998e-07, 6.01820318025e-08, 1.1891152063e-08, 2.29449899081e-08, 1.64928799506e-08, 8.74672867468e-09, 1.52123647013e-08, 2.82660739259e-08, 4.00414776891e-08, 7.91508298903e-08, 1.22914073586e-07, 1.14327058043e-07, 7.14440488991e-08, 3.17050230514e-09, 1.06126447907e-10, 5.73397128389e-11, 1.92910509615e-12, 6.24333501158e-15, 2.66441347992e-18]
        dvar2: [1.1743384043e-11, 2.95209559908e-07, 2.51415286812e-07, 2.18432543164e-08, 1.40982083394e-05, 2.38437314692e-06, 4.18385411649e-07, 1.45317500255e-07, 4.49841735417e-07, 1.50029890733e-07, 2.27498073713e-08, 5.92742530614e-08, 4.2247112475e-08, 2.25239507046e-08, 3.4750300415e-08, 7.0481625869e-08, 9.88717090422e-08, 2.06653552937e-07, 3.06375994796e-07, 2.74189346783e-07, 2.00846045573e-07, 8.11480571627e-09, 2.18398701901e-10, 1.38019401463e-10, 5.08094608054e-12, 1.17210403303e-14, 5.677877326e-18]
        max: [2.17775741476e-05, 0.00226059928536, 0.00185266020708, 0.000638505560346, 0.0210049878806, 0.00844500772655, 0.00362511351705, 0.00207524443977, 0.00477863615379, 0.00249121594243, 0.00145031348802, 0.00160900282208, 0.00133239338174, 0.000958467368037, 0.00120287679601, 0.00148512190208, 0.00234634615481, 0.00191646744497, 0.00316024851054, 0.0036474110093, 0.0021185206715, 0.00043147575343, 7.85981101217e-05, 5.92540964135e-05, 1.26049135361e-05, 6.11085113178e-07, 1.37361233499e-08]
        mean: [2.40982990363e-06, 9.19260710361e-05, 5.32641824975e-05, 2.48116666626e-05, 0.000620916835032, 0.00029781399644, 0.000307260226691, 0.000124931830214, 0.000194202730199, 0.000153139830218, 8.40524298837e-05, 4.7645145969e-05, 4.98623703606e-05, 3.55062111339e-05, 6.09467278991e-05, 7.98914697953e-05, 0.00012532666733, 0.000205722826649, 0.000300362531561, 0.000287689385004, 0.000109692926344, 1.84494438145e-05, 4.57170972368e-06, 5.14399380336e-06, 1.80139568329e-06, 6.88917154434e-08, 1.18918519476e-09]
        min: [1.15793073914e-12, 8.73482189356e-11, 7.59164467401e-11, 2.73049027832e-10, 8.10085332148e-09, 9.10477115923e-09, 7.41843297902e-09, 7.94119792147e-09, 1.79925656596e-08, 1.45434349008e-08, 2.29840302346e-09, 3.91408683242e-09, 7.46724548861e-09, 4.2468101924e-08, 3.22949356146e-09, 3.76070552477e-09, 4.09692235692e-09, 1.22069376829e-09, 6.1250254646e-08, 3.39485879408e-08, 1.50622838646e-08, 1.87960369491e-10, 7.11165848433e-10, 1.72002734278e-09, 1.22771209865e-10, 5.41237714369e-12, 7.14188690826e-13]
        var: [1.85138484404e-11, 9.56630401561e-08, 5.17165297254e-08, 6.05149264032e-09, 4.03249578085e-06, 6.28014731774e-07, 2.73143314189e-07, 7.42007628673e-08, 2.58182666357e-07, 6.47301021672e-08, 3.9650970507e-08, 2.36015829103e-08, 1.47298067077e-08, 1.00845509721e-08, 1.80699384345e-08, 2.9658055567e-08, 5.78179495392e-08, 9.41013169609e-08, 1.81368008612e-07, 1.57386708111e-07, 5.3799290356e-08, 2.95053026456e-09, 1.3277806632e-10, 6.3849134313e-11, 4.31338645357e-12, 1.18861651682e-14, 3.6866819516e-18]
    mfcc:
        mean: [-784.229919434, 79.5618591309, -54.7994346619, 29.9360466003, -27.7917804718, -44.0323371887, -0.943742394447, -19.6699371338, -9.0141658783, -2.95074796677, -14.2426700592, -5.30919361115, -9.63060283661]
        cov: [[5184.19433594, 356.645019531, 361.681732178, 649.470397949, 97.959487915, -80.259147644, -45.8209991455, -96.8161239624, -86.9899673462, -178.232192993, -94.4405822754, 190.023574829, 43.6515846252], [356.645019531, 1102.6652832, 287.998138428, 281.413360596, 296.622467041, 205.45161438, 352.434173584, 64.2999801636, 90.030921936, 169.171447754, 126.312492371, 159.944839478, 105.429870605], [361.681732178, 287.998138428, 1573.58691406, 565.352783203, 459.930389404, 667.719116211, -19.1105766296, 412.733032227, 104.074806213, 115.345420837, 270.815826416, 40.0090637207, -17.8411960602], [649.470397949, 281.413360596, 565.352783203, 873.210998535, 358.820678711, 306.273742676, 119.80758667, 214.878067017, 145.208312988, 138.147171021, 121.008834839, 215.428573608, 41.7622184753], [97.959487915, 296.622467041, 459.930389404, 358.820678711, 514.310913086, 239.73034668, 222.861434937, 158.923156738, 168.881256104, 211.878738403, 72.6787109375, 150.903640747, 71.7343521118], [-80.259147644, 205.45161438, 667.719116211, 306.273742676, 239.73034668, 998.650878906, 143.336303711, 402.489074707, 267.853027344, 201.699691772, 308.211791992, -69.9495010376, 77.5620574951], [-45.8209991455, 352.434173584, -19.1105766296, 119.80758667, 222.861434937, 143.336303711, 502.827514648, 61.5102043152, 150.458633423, 240.540115356, 85.5163269043, 129.549728394, 95.0900115967], [-96.8161239624, 64.2999801636, 412.733032227, 214.878067017, 158.923156738, 402.489074707, 61.5102043152, 410.727294922, 201.882476807, 150.550216675, 149.422912598, 2.80060815811, 50.3934898376], [-86.9899673462, 90.030921936, 104.074806213, 145.208312988, 168.881256104, 267.853027344, 150.458633423, 201.882476807, 311.312255859, 175.043884277, 112.270530701, 46.2180519104, 94.6001739502], [-178.232192993, 169.171447754, 115.345420837, 138.147171021, 211.878738403, 201.699691772, 240.540115356, 150.550216675, 175.043884277, 379.352264404, 104.674049377, 99.5464172363, 115.052398682], [-94.4405822754, 126.312492371, 270.815826416, 121.008834839, 72.6787109375, 308.211791992, 85.5163269043, 149.422912598, 112.270530701, 104.674049377, 285.728851318, 21.870923996, 51.7739906311], [190.023574829, 159.944839478, 40.0090637207, 215.428573608, 150.903640747, -69.9495010376, 129.549728394, 2.80060815811, 46.2180519104, 99.5464172363, 21.870923996, 269.214752197, 63.9403648376], [43.6515846252, 105.429870605, -17.8411960602, 41.7622184753, 71.7343521118, 77.5620574951, 95.0900115967, 50.3934898376, 94.6001739502, 115.052398682, 51.7739906311, 63.9403648376, 211.947692871]]
        icov: [[0.000239671659074, -6.0106809542e-05, -7.64061915106e-05, -0.000217492546653, 0.000132326138555, 9.96324979496e-06, -1.42425360536e-05, 0.000118586634926, -2.84007473965e-05, 0.000151103347889, 0.000153926201165, -4.25239668402e-05, -0.000147396916873], [-6.0106809542e-05, 0.00136803789064, -0.000136220362037, -7.62478375691e-05, -0.00030334800249, -7.36136789783e-05, -0.000847196846735, 0.000190700229723, 0.000300274288747, 0.000171028790646, -0.00026450646692, -0.000150477673742, -0.000317066238495], [-7.64061915106e-05, -0.000136220362037, 0.00178636575583, -0.000243997215875, -0.00153600692283, -0.000512445461936, 0.000770729675423, -0.00105706090108, 0.0012061361922, 0.000153376138769, -0.000912193325348, 0.000134727655677, 0.000455466913991], [-0.000217492546653, -7.62478375691e-05, -0.000243997215875, 0.00238247890957, -0.000760036229622, -0.000381528720027, 0.000270203367108, -0.000423027318902, -0.000143916608067, 0.000113051035441, -1.628609607e-05, -0.00159440387506, 0.000456794950878], [0.000132326138555, -0.00030334800249, -0.00153600692283, -0.000760036229622, 0.00526762567461, 7.60270313549e-06, -0.00112110120244, 0.000741749594454, -0.00167348899413, -0.000982197583653, 0.00167350447737, -0.00094335200265, -0.000159002069267], [9.96324979496e-06, -7.36136789783e-05, -0.000512445461936, -0.000381528720027, 7.60270313549e-06, 0.00268270191737, -0.000394968927139, -0.000912257935852, -0.000766795012169, -0.000105665953015, -0.00135100481566, 0.00166104582604, -0.000295071280561], [-1.42425360536e-05, -0.000847196846735, 0.000770729675423, 0.000270203367108, -0.00112110120244, -0.000394968927139, 0.0041374322027, 0.000267018360319, -0.000368369859643, -0.00146869278979, -0.00046419465798, -0.000720321782865, 0.000332605501171], [0.000118586634926, 0.000190700229723, -0.00105706090108, -0.000423027318902, 0.000741749594454, -0.000912257935852, 0.000267018360319, 0.00582227297127, -0.00258153351024, -0.000853640958667, 0.000121885634144, 0.000211414997466, -2.41754787567e-05], [-2.84007473965e-05, 0.000300274288747, 0.0012061361922, -0.000143916608067, -0.00167348899413, -0.000766795012169, -0.000368369859643, -0.00258153351024, 0.00719512579963, -0.000617660116404, -0.000924957275856, 3.79896191589e-05, -0.00104924256448], [0.000151103347889, 0.000171028790646, 0.000153376138769, 0.000113051035441, -0.000982197583653, -0.000105665953015, -0.00146869278979, -0.000853640958667, -0.000617660116404, 0.00535745872185, -0.000417394505348, -0.000631060102023, -0.00123276025988], [0.000153926201165, -0.00026450646692, -0.000912193325348, -1.628609607e-05, 0.00167350447737, -0.00135100481566, -0.00046419465798, 0.000121885634144, -0.000924957275856, -0.000417394505348, 0.00632299948484, -0.000955641968176, -0.000483275798615], [-4.25239668402e-05, -0.000150477673742, 0.000134727655677, -0.00159440387506, -0.00094335200265, 0.00166104582604, -0.000720321782865, 0.000211414997466, 3.79896191589e-05, -0.000631060102023, -0.000955641968176, 0.00697236927226, -0.0011509375181], [-0.000147396916873, -0.000317066238495, 0.000455466913991, 0.000456794950878, -0.000159002069267, -0.000295071280561, 0.000332605501171, -2.41754787567e-05, -0.00104924256448, -0.00123276025988, -0.000483275798615, -0.0011509375181, 0.00647564372048]]
    spectral_contrast:
        mean: [3.21473663689e-07, 9.95184663566e-08, -3.77284351316e-07, -2.02470388899e-07, 2.03534753496e-07, 4.67807170779e-09, 4.31687340097e-06, -1.74302385858e-06, 3.17099465974e-06, 3.05961361846e-06, 3.46366164194e-06, -1.39755036344e-06]
        var: [0.000996680464596, 0.00187692453619, 0.00308717368171, 0.00662546278909, 0.0100039411336, 0.0106544308364, 0.169973060489, 0.215013578534, 0.279090940952, 0.815723538399, 2.39480781555, 4.34561109543]

rhythm:
    beats_loudness:
        dmean: 0.00546111399308
        dmean2: 0.0098916515708
        dvar: 3.65596156371e-06
        dvar2: 2.31252179219e-05
        max: 0.0133252739906
        mean: 0.00727748591453
        min: 0.00194629863836
        var: 1.20493759823e-05
    beats_loudness_bass:
        dmean: 0.463634490967
        dmean2: 0.915193200111
        dvar: 0.0573728643358
        dvar2: 0.194125771523
        max: 0.818175256252
        mean: 0.238464862108
        min: 0.000801248825155
        var: 0.083099193871
    bpm: 97.4902420044
    bpm_confidence: 0
    first_peak_bpm: 97
    first_peak_spread: 0.0666666030884
    first_peak_weight: 0.933333396912
    onset_rate: 5.46875047684
    second_peak_bpm: 0
    second_peak_spread: 0
    second_peak_weight: 0
    beats_position: [0.125850498676, 0.741525769234, 1.35720098019, 1.97287619114, 2.5885515213, 3.20422673225, 3.81990218163, 4.43557739258, 5.05125284195, 5.66692781448, 6.31151485443, 6.92673254013, 7.54194974899, 8.15716838837, 8.77238559723, 9.38760375977]
    bpm_estimates: [97.5284500122, 97.4240112305, 97.4688186646, 97.3624420166, 97.5332107544, 97.5884933472, 97.4210510254, 97.4132080078, 97.3955078125, 97.4425354004, 97.4164352417, 97.6099777222, 97.486038208, 97.4888763428, 97.4876403809, 97.5673141479, 97.5582885742, 97.4864807129, 97.5122909546, 97.5001220703, 97.4484786987, 97.6459732056]
    bpm_intervals: [0.615675270557, 0.615675210953, 0.615675210953, 0.615675330162, 0.615675210953, 0.615675449371, 0.615675210953, 0.615675449371, 0.615674972534, 0.644587039948, 0.615217685699, 0.615217208862, 0.615218639374, 0.615217208862, 0.615218162537]
    onset_times: [0.0464399084449, 0.359909296036, 0.580498874187, 0.743038535118, 0.940408170223, 1.04489791393, 1.24226760864, 1.34675741196, 1.49768710136, 1.68344676495, 1.97369611263, 2.19428563118, 2.4497051239, 2.5890250206, 2.91410422325, 3.11147403717, 3.39011335373, 3.50621318817, 3.63392281532, 3.83129262924, 3.97061228752, 4.19120168686, 4.45823144913, 4.67882108688, 4.79492044449, 4.94585037231, 5.06195020676, 5.39863967896, 5.70049905777, 5.80498886108, 5.99074840546, 6.18811798096, 6.29260778427, 6.52480745316, 6.62929725647, 6.81505680084, 6.93115663528, 7.07047605515, 7.22140598297, 7.40716552734, 7.53487539291, 7.84834480286, 8.01088428497, 8.17342376709, 8.35918331146, 8.47528362274, 8.64943313599, 8.77714252472, 9.13705253601, 9.287981987, 9.4040813446, 9.61306095123, 9.72916126251, 9.86848068237, 10.0078001022]
    rubato_start: []
    rubato_stop: []
    perceptual_tempo: "unknown"

sfx:
    inharmonicity:
        dmean: 0.0540242232382
        dmean2: 0.0965238511562
        dvar: 0.00499120354652
        dvar2: 0.0141365993768
        max: 0.401459485292
        mean: 0.0486911870539
        min: 0
        var: 0.00438674539328
    oddtoevenharmonicenergyratio:
        dmean: 2.84413194656
        dmean2: 5.1727604866
        dvar: 99.3057098389
        dvar2: 292.752288818
        max: 124.839576721
        mean: 2.1571586132
        min: 0
        var: 54.795955658
    pitch_after_max_to_before_max_energy_ratio: 6.51450872421
    pitch_centroid: 192.125183105
    pitch_max_to_total: 0.0875576063991
    pitch_min_to_total: 0.48847925663
    tristimulus:
        dmean: [0.218989089131, 0.255820304155, 0.137099593878]
        dmean2: [0.369327872992, 0.443467497826, 0.247782900929]
        dvar: [0.0404513776302, 0.0550245381892, 0.021617366001]
        dvar2: [0.0996496677399, 0.144545808434, 0.0610201135278]
        max: [1, 0.992653667927, 0.901283204556]
        mean: [0.359869092703, 0.467135846615, 0.117120787501]
        min: [0.000359622441465, 0, 0]
        var: [0.0600822903216, 0.0738611295819, 0.0204824712127]

tonal:
    chords_changes_rate: 0.133027523756
    chords_number_rate: 0.0321100912988
    chords_strength:
        dmean: 0.0177127271891
        dmean2: 0.0235244762152
        dvar: 0.000218044238864
        dvar2: 0.000387944863178
        max: 0.635289311409
        mean: 0.457406252623
        min: 0.311658233404
        var: 0.0071455151774
    key_strength: 0.564985454082
    tuning_diatonic_strength: 0.558807849884
    tuning_equal_tempered_deviation: 0.361822038889
    tuning_frequency: 454.465301514
    tuning_nontempered_energy_ratio: 0.945340037346
    hpcp:
        dmean: [0.199530005455, 0.233261823654, 0.214049592614, 0.206419631839, 0.154661223292, 0.110830925405, 0.118217661977, 0.155612319708, 0.173526331782, 0.177115738392, 0.154948934913, 0.112730741501, 0.102269329131, 0.151361912489, 0.151722162962, 0.109268315136, 0.087044686079, 0.0606559552252, 0.0460132993758, 0.05644492805, 0.0954130291939, 0.148299768567, 0.206154882908, 0.187428802252, 0.164385288954, 0.153379186988, 0.13073040545, 0.148009046912, 0.209469556808, 0.244735553861, 0.195958286524, 0.149003505707, 0.162222519517, 0.187179163098, 0.177072107792, 0.164028450847]
        dmean2: [0.359404683113, 0.41402643919, 0.368678092957, 0.363704741001, 0.277518004179, 0.193818405271, 0.203291192651, 0.265413582325, 0.295885711908, 0.304282218218, 0.270981580019, 0.209499970078, 0.182186424732, 0.255776494741, 0.261314511299, 0.183817476034, 0.154971793294, 0.10431432724, 0.0776110142469, 0.0942469015718, 0.16623544693, 0.242416888475, 0.350899249315, 0.332009643316, 0.289697527885, 0.278722256422, 0.235366329551, 0.257929652929, 0.353577613831, 0.418862909079, 0.343404084444, 0.273814737797, 0.281780391932, 0.340459257364, 0.307863175869, 0.276737570763]
        dvar: [0.0522268675268, 0.0710700899363, 0.0614540688694, 0.0708872303367, 0.0491270199418, 0.0219886563718, 0.0292410366237, 0.0426390431821, 0.0419523566961, 0.0595681816339, 0.0521941557527, 0.0283715426922, 0.0218288805336, 0.0409840531647, 0.0498842000961, 0.034840349108, 0.0286723989993, 0.0113986553624, 0.00549598271027, 0.00828970223665, 0.0213905144483, 0.0452995933592, 0.0660801231861, 0.0536390282214, 0.0511592701077, 0.0505126044154, 0.0414974093437, 0.0426092147827, 0.0491620637476, 0.0699717849493, 0.0516642145813, 0.0465850196779, 0.0578161329031, 0.0716248974204, 0.05691549927, 0.0422896333039]
        dvar2: [0.136022999883, 0.165476664901, 0.136243283749, 0.19178403914, 0.13426463306, 0.0610422194004, 0.0793209001422, 0.117869570851, 0.102972872555, 0.144312679768, 0.134962201118, 0.0822765380144, 0.0572037473321, 0.105462007225, 0.122891820967, 0.0796494334936, 0.0838515907526, 0.0305840354413, 0.0108850514516, 0.0191831830889, 0.0603854805231, 0.109889648855, 0.165201947093, 0.126659438014, 0.130303546786, 0.134917542338, 0.112226061523, 0.114959947765, 0.123163990676, 0.153876006603, 0.129188507795, 0.123927131295, 0.148266717792, 0.185987219214, 0.129273548722, 0.0965853556991]
        max: [1, 1, 1, 1, 1, 0.846692979336, 1, 1, 1, 1, 1, 1, 0.850707888603, 1, 1, 1, 1, 0.698573946953, 0.792974948883, 0.892399430275, 1, 1, 1, 1, 1, 1, 1, 1, 1, 1, 1, 1, 1, 1, 1, 1]
        mean: [0.192572727799, 0.266286432743, 0.287585198879, 0.212440565228, 0.131723374128, 0.100711137056, 0.12162488699, 0.167271196842, 0.189544051886, 0.180257186294, 0.141807690263, 0.0994207933545, 0.10587285459, 0.159149602056, 0.162812918425, 0.106029599905, 0.0728987976909, 0.0544120855629, 0.0450853854418, 0.055133216083, 0.0823316052556, 0.144483804703, 0.201990067959, 0.187544807792, 0.145607620478, 0.126284271479, 0.111635260284, 0.133866325021, 0.244720265269, 0.306316494942, 0.213249027729, 0.140304014087, 0.146181091666, 0.159288182855, 0.169572651386, 0.16761597991]
        min: [0.000632280076388, 0.000363747851225, 0.000712888548151, 0.000617778743617, 0.000372735317796, 0.000485164520796, 0.000892720883712, 0.00101156963501, 0.000841617526021, 0.000409635074902, 0.000491550192237, 0.00032285854104, 0.000238922715653, 0.000678522745147, 0.000697404611856, 0.000371246307623, 0.000199304835405, 0.000123246718431, 6.64289400447e-05, 5.11862854182e-05, 0.000180622490006, 0.000890167371836, 0.00101761135738, 0.000518490909599, 0.000404289137805, 0.000165145480423, 0.00023170937493, 0.000710164837074, 0.00415248703212, 0.00333674927242, 0.00346554093994, 0.000552932790015, 0.000188946520211, 0.000229953337112, 0.000923515530303, 0.000774195592385]
        var: [0.0618278309703, 0.0979042723775, 0.103645026684, 0.0794700235128, 0.0406662486494, 0.0187010299414, 0.0340991318226, 0.0551118142903, 0.0589575953782, 0.0659720227122, 0.0516904182732, 0.0230830311775, 0.0214368309826, 0.0503006987274, 0.0595568567514, 0.0392777808011, 0.0226858891547, 0.0108904466033, 0.00714083621278, 0.00911276787519, 0.0180260594934, 0.0520963482559, 0.0823273509741, 0.0627454146743, 0.0452709943056, 0.0413267947733, 0.0338245853782, 0.0416352562606, 0.0695474073291, 0.104080416262, 0.0597369298339, 0.0446799844503, 0.0575366280973, 0.0635143667459, 0.0649674013257, 0.0549426749349]
    chords_histogram: [10.0917434692, 0, 6.42201852798, 0, 16.0550460815, 0, 0, 0, 0, 0, 0, 0, 0, 0, 0, 0, 0, 2.29357790947, 4.1284403801, 8.25688076019, 0, 0, 0, 52.7522926331]
    thpcp: [1, 0.696172177792, 0.458036094904, 0.477222383022, 0.520011782646, 0.553586423397, 0.547198653221, 0.628672420979, 0.869317948818, 0.93884986639, 0.693532884121, 0.430023759604, 0.328781306744, 0.397056281567, 0.546073079109, 0.618785023689, 0.588467121124, 0.462945014238, 0.324568867683, 0.345632225275, 0.519559383392, 0.531518638134, 0.34614393115, 0.237985223532, 0.177633553743, 0.147185623646, 0.179987743497, 0.268779546022, 0.471681445837, 0.659416258335, 0.612258255482, 0.475350230932, 0.412267297506, 0.364444166422, 0.437019646168, 0.798913121223]
    chords_key: "F#"
    chords_scale: "minor"
    key_key: "A"
    key_scale: "major"
    chords_progression: ["F#m", "F#m", "F#m", "F#m", "F#m", "F#m", "F#m", "F#m", "F#m", "F#m", "F#m", "F#m", "F#m", "F#m", "F#m", "F#m", "F#m", "F#m", "F#m", "F#m", "F#m", "F#m", "F#m", "F#m", "F#m", "F#m", "F#m", "F#m", "F#m", "F#m", "F#m", "F#m", "F#m", "F#m", "F#m", "F#m", "F#m", "F#m", "F#m", "F#m", "F#m", "F#m", "F#m", "F#m", "F#m", "F#m", "F#m", "F#m", "F#m", "F#m", "F#m", "F#m", "F#m", "F#m", "F#m", "F#m", "F#m", "F#m", "F#m", "F#m", "F#m", "F#m", "F#m", "F#m", "F#m", "F#m", "F#m", "F#m", "F#m", "F#m", "F#m", "F#m", "F#m", "F#m", "B", "B", "F#m", "F#m", "F#m", "F#m", "F#m", "B", "B", "B", "B", "B", "F#m", "F#m", "F#m", "F#m", "F#m", "B", "B", "B", "B", "B", "B", "B", "B", "B", "E", "E", "F#m", "F#m", "F#m", "F#m", "B", "B", "B", "B", "E", "E", "E", "E", "E", "E", "E", "E", "E", "E", "Am", "Am", "Am", "E", "E", "Em", "Em", "Em", "Em", "Em", "Em", "Em", "Em", "Em", "Em", "Em", "B", "F#m", "F#m", "F#m", "Am", "F#m", "F#m", "F#m", "F#m", "F#m", "F#m", "F#m", "F#m", "Am", "A", "A", "A", "A", "A", "A", "A", "A", "A", "A", "A", "A", "A", "A", "A", "A", "A", "F#m", "A", "A", "A", "A", "A", "F#m", "F#m", "F#m", "F#m", "F#m", "F#m", "F#m", "F#m", "F#m", "F#m", "C", "Em", "Em", "Em", "Em", "Em", "Em", "Em", "F#m", "F#m", "F#m", "F#m", "F#m", "B", "C", "C", "C", "C", "C", "B", "B", "B", "B", "B", "B", "B", "C", "C", "C", "B", "B", "B", "B", "B", "B"]
