
metadata:
    version:
        essentia: "1.2.2"
    audio_properties:
        analysis_sample_rate: 44100
        bitrate: 128
        channels: 2
        equal_loudness: 1
        length: 10.0310201645
        replay_gain: -7.54524993896
        downmix: "mix"
    tags:
        track: 8
        year: 0
        album: "Splitted by Mp3Splt v. 2.1"
        artist: "From 001.10 To 001.20"
        comment: "http://mp3splt.sf.net"
        genre: ""
        title: "02 Oirectine.mp3"

highlevel:
    ballroom:
        all:
            ChaChaCha: 0.0361554957926
            Jive: 0.0202296562493
            Quickstep: 0.0818957686424
            Rumba-American: 0.00935012754053
            Rumba-International: 0.103770166636
            Rumba-Misc: 0.0450275801122
            Samba: 0.0328897386789
            Tango: 0.549190342426
            VienneseWaltz: 0.0732658132911
            Waltz: 0.0482253059745
        probability: 0.549190342426
        value: "Tango"
    culture:
        all:
            non_western: 0.735057830811
            western: 0.264942169189
        probability: 0.735057830811
        value: "non_western"
    gender:
        all:
            female: 0.889607846737
            male: 0.110392130911
        probability: 0.889607846737
        value: "female"
    genre_dortmund:
        all:
            alternative: 0.0258447062224
            blues: 0.00354811619036
            electronic: 0.675870895386
            folkcountry: 0.011864406988
            funksoulrnb: 0.0251155458391
            jazz: 0.108277596533
            pop: 0.0398161709309
            raphiphop: 0.0795154199004
            rock: 0.0301471166313
        probability: 0.675870895386
        value: "electronic"
    genre_electronica:
        all:
            ambient: 0.281452268362
            dnb: 0.0820876657963
            house: 0.309018731117
            techno: 0.0556015595794
            trance: 0.271839767694
        probability: 0.309018731117
        value: "house"
    genre_rosamerica:
        all:
            cla: 0.0483814999461
            dan: 0.169950604439
            hip: 0.0281878225505
            jaz: 0.392034202814
            pop: 0.139227509499
            rhy: 0.168839931488
            roc: 0.046812698245
            spe: 0.00656571146101
        probability: 0.392034202814
        value: "jaz"
    genre_tzanetakis:
        all:
            blu: 0.015857802704
            cla: 0.0788625255227
            cou: 0.0266118347645
            dis: 0.05200798437
            hip: 0.0340833589435
            jaz: 0.178847044706
            met: 0.00877377483994
            pop: 0.353139013052
            reg: 0.152468040586
            roc: 0.0993486270308
        probability: 0.353139013052
        value: "pop"
    live_studio:
        all:
            live: 0.106797412038
            studio: 0.893202602863
        probability: 0.893202602863
        value: "studio"
    mood:
        all:
            Cluster1: 0.201605051756
            Cluster2: 0.137775868177
            Cluster3: 0.145814344287
            Cluster4: 0.090157404542
            Cluster5: 0.424647331238
        probability: 0.424647331238
        value: "Cluster5"
    mood_acoustic:
        all:
            acoustic: 0.280680984259
            not_acoustic: 0.719318985939
        probability: 0.719318985939
        value: "not_acoustic"
    mood_aggressive:
        all:
            aggressive: 0.0276174452156
            not_aggressive: 0.972382545471
        probability: 0.972382545471
        value: "not_aggressive"
    mood_electronic:
        all:
            electronic: 0.891299784184
            not_electronic: 0.108700200915
        probability: 0.891299784184
        value: "electronic"
    mood_happy:
        all:
            happy: 0.0823019370437
            not_happy: 0.917698085308
        probability: 0.917698085308
        value: "not_happy"
    mood_party:
        all:
            not_party: 0.89126598835
            party: 0.108734026551
        probability: 0.89126598835
        value: "not_party"
    mood_relaxed:
        all:
            not_relaxed: 0.0311961565167
            relaxed: 0.968803822994
        probability: 0.968803822994
        value: "relaxed"
    mood_sad:
        all:
            not_sad: 0.273105740547
            sad: 0.726894259453
        probability: 0.726894259453
        value: "sad"
    rhythm:
        all:
            fast: 0.395944476128
            medium: 0.124569319189
            slow: 0.479486227036
        probability: 0.479486227036
        value: "slow"
    speech_music:
        all:
            music: 0.989236533642
            speech: 0.0107634952292
        probability: 0.989236533642
        value: "music"
    timbre:
        all:
            bright: 0.102376960218
            dark: 0.897623062134
        probability: 0.897623062134
        value: "dark"
    voice_instrumental:
        all:
            instrumental: 0.999998986721
            voice: 1.01217301562e-06
        probability: 0.999998986721
        value: "instrumental"

lowlevel:
    average_loudness: 0.964313983917
    barkbands_kurtosis:
        dmean: 6.0555896759
        dmean2: 10.1760959625
        dvar: 100.314758301
        dvar2: 277.210601807
        max: 99.060005188
        mean: 8.3907327652
        min: -1.80941343307
        var: 144.532180786
    barkbands_skewness:
        dmean: 0.830843627453
        dmean2: 1.18937432766
        dvar: 0.61063760519
        dvar2: 1.56377744675
        max: 8.5250005722
        mean: 0.9856544137
        min: -3.3496568203
        var: 3.12665081024
    barkbands_spread:
        dmean: 4.59328365326
        dmean2: 6.99007606506
        dvar: 45.1832733154
        dvar2: 93.6002960205
        max: 50.487827301
        mean: 8.84059143066
        min: 1.00852072239
        var: 96.1367797852
    dissonance:
        dmean: 0.0579168051481
        dmean2: 0.0931642577052
        dvar: 0.00219894736074
        dvar2: 0.00564191909507
        max: 0.499719947577
        mean: 0.360385477543
        min: 0.125475987792
        var: 0.00788115616888
    hfc:
        dmean: 2.32039809227
        dmean2: 2.9348654747
        dvar: 35.622089386
        dvar2: 49.6629447937
        max: 62.7621917725
        mean: 3.89870142937
        min: 0.023384867236
        var: 76.061088562
    pitch:
        dmean: 405.74395752
        dmean2: 791.004272461
        dvar: 940216.625
        dvar2: 2509695.75
        max: 4410
        mean: 487.22052002
        min: 86.6404724121
        var: 786242.125
    pitch_instantaneous_confidence:
        dmean: 0.102268792689
        dmean2: 0.16526684165
        dvar: 0.00798107124865
        dvar2: 0.0189042054117
        max: 0.861451864243
        mean: 0.563707351685
        min: 0.178403794765
        var: 0.02397685498
    pitch_salience:
        dmean: 0.0858653634787
        dmean2: 0.144347563386
        dvar: 0.00559452176094
        dvar2: 0.0139369172975
        max: 0.802511632442
        mean: 0.550855994225
        min: 0.178071796894
        var: 0.012321351096
    silence_rate_20dB:
        dmean: 0
        dmean2: 0
        dvar: 0
        dvar2: 0
        max: 1
        mean: 1
        min: 1
        var: 0
    silence_rate_30dB:
        dmean: 0
        dmean2: 0
        dvar: 0
        dvar2: 0
        max: 1
        mean: 1
        min: 1
        var: 0
    silence_rate_60dB:
        dmean: 0.185185179114
        dmean2: 0.371229708195
        dvar: 0.150891885161
        dvar2: 0.289102196693
        max: 1
        mean: 0.683602750301
        min: 0
        var: 0.216290459037
    spectral_centroid:
        dmean: 163.085266113
        dmean2: 206.977767944
        dvar: 60388.9960938
        dvar2: 81201.3359375
        max: 3200.26464844
        mean: 797.260437012
        min: 99.4525756836
        var: 330299.5625
    spectral_complexity:
        dmean: 2.29234337807
        dmean2: 3.25581383705
        dvar: 26.9864559174
        dvar2: 34.6136703491
        max: 53
        mean: 7.11574077606
        min: 0
        var: 72.5699386597
    spectral_crest:
        dmean: 2.87859749794
        dmean2: 4.80945539474
        dvar: 6.15863180161
        dvar2: 13.5669441223
        max: 21.4909801483
        mean: 10.7043533325
        min: 2.98550152779
        var: 11.7006006241
    spectral_decrease:
        dmean: 3.71694702794e-10
        dmean2: 5.44106981692e-10
        dvar: 3.64160422713e-19
        dvar2: 7.47488894966e-19
        max: -1.85016099663e-11
        mean: -8.10876754631e-10
        min: -4.77867745374e-09
        var: 6.05336045543e-19
    spectral_energy:
        dmean: 0.00159142026678
        dmean2: 0.00227517844178
        dvar: 6.98065059623e-06
        dvar2: 1.31870028781e-05
        max: 0.0231385286897
        mean: 0.00341406045482
        min: 7.19501476851e-05
        var: 1.28411529658e-05
    spectral_energyband_high:
        dmean: 0.000181452473043
        dmean2: 0.000201353992452
        dvar: 3.14028142157e-07
        dvar2: 4.19795384232e-07
        max: 0.00538591295481
        mean: 0.000228700344451
        min: 5.0069601798e-08
        var: 6.80094615291e-07
    spectral_energyband_low:
        dmean: 0.000471858016681
        dmean2: 0.00074951921124
        dvar: 2.92355480269e-06
        dvar2: 7.24466417523e-06
        max: 0.0123652108014
        mean: 0.000401306460844
        min: 9.85425458566e-07
        var: 2.53311009146e-06
    spectral_energyband_middle_high:
        dmean: 0.000687214080244
        dmean2: 0.000985354650766
        dvar: 1.45765045545e-06
        dvar2: 2.53125995187e-06
        max: 0.0127830523998
        mean: 0.00138838088606
        min: 6.19384877609e-07
        var: 3.96869700126e-06
    spectral_energyband_middle_low:
        dmean: 0.000590197509155
        dmean2: 0.000984957441688
        dvar: 7.85869588071e-07
        dvar2: 1.85623116522e-06
        max: 0.00735972682014
        mean: 0.00139566068538
        min: 6.18437261437e-05
        var: 1.47356672642e-06
    spectral_flatness_db:
        dmean: 0.0356421396136
        dmean2: 0.0562000051141
        dvar: 0.000865901412908
        dvar2: 0.0020769641269
        max: 0.416678637266
        mean: 0.264688909054
        min: 0.125476315618
        var: 0.00543566141278
    spectral_flux:
        dmean: 0.0106471693143
        dmean2: 0.0159499160945
        dvar: 0.000181055336725
        dvar2: 0.000312469725031
        max: 0.110326677561
        mean: 0.0308569055051
        min: 0.00532730529085
        var: 0.000503629504237
    spectral_kurtosis:
        dmean: 7.24434661865
        dmean2: 11.4196844101
        dvar: 61.1151351929
        dvar2: 130.21421814
        max: 71.0486679077
        mean: 20.5170040131
        min: 1.00461292267
        var: 262.411773682
    spectral_rms:
        dmean: 0.000359288271284
        dmean2: 0.000501272268593
        dvar: 1.86737608487e-07
        dvar2: 3.33240848249e-07
        max: 0.0047512287274
        mean: 0.00167506409343
        min: 0.000264943897491
        var: 5.24949882674e-07
    spectral_rolloff:
        dmean: 316.452728271
        dmean2: 531.769287109
        dvar: 450451.5
        dvar2: 875899.3125
        max: 4672.70507812
        mean: 1155.01525879
        min: 107.666015625
        var: 1149259.5
    spectral_skewness:
        dmean: 0.610943198204
        dmean2: 0.898930668831
        dvar: 0.389865875244
        dvar2: 0.649368047714
        max: 6.8425283432
        mean: 3.31810903549
        min: 0.777040958405
        var: 2.33291077614
    spectral_spread:
        dmean: 590210.4375
        dmean2: 818600.8125
        dvar: 501580824576
        dvar2: 979225673728
        max: 6250116
        mean: 2896092.25
        min: 1099396.5
        var: 1.75156704051e+12
    spectral_strongpeak:
        dmean: 0.324179589748
        dmean2: 0.550018072128
        dvar: 0.168736457825
        dvar2: 0.428516894579
        max: 4.05070734024
        mean: 0.708033263683
        min: 0.00773298181593
        var: 0.337014585733
    zerocrossingrate:
        dmean: 0.00770374108106
        dmean2: 0.00744345039129
        dvar: 0.000108558815555
        dvar2: 8.10841956991e-05
        max: 0.16162109375
        mean: 0.0425313301384
        min: 0.00634765625
        var: 0.000870358140673
    barkbands:
        dmean: [4.31339429952e-07, 0.000246768817306, 0.000275831931503, 0.000234554943745, 0.000228425240493, 0.000232075908571, 4.99405068695e-05, 6.26151959295e-05, 0.000136917311465, 8.39546992211e-05, 0.000266939052381, 0.000261220120592, 2.78283059743e-05, 1.42884191519e-05, 2.49733711826e-05, 4.35890869994e-05, 6.6052270995e-05, 8.51342338137e-05, 0.000104774808278, 0.00010788297368, 0.000111351357191, 1.89710044651e-05, 3.30615603161e-06, 8.69150198923e-07, 4.75253926879e-07, 9.12659192664e-09, 1.90306131964e-10]
        dmean2: [7.63203843235e-07, 0.00038016148028, 0.000501017610077, 0.00041378106107, 0.000387782027246, 0.000425607489888, 8.1202138972e-05, 8.84555192897e-05, 0.000212409067899, 0.000118132185889, 0.000432557397289, 0.00042338759522, 4.38350980403e-05, 2.40802110056e-05, 4.24955505878e-05, 6.83305115672e-05, 9.59093886195e-05, 0.000135075984872, 0.000126973056467, 0.000148486171383, 0.000124951722682, 2.18143359234e-05, 4.05364835387e-06, 1.11138740522e-06, 5.85552243137e-07, 1.40743576793e-08, 3.0881336377e-10]
        dvar: [1.86127177039e-12, 9.54051415647e-07, 1.20313029583e-06, 2.71016290299e-07, 1.23667376783e-07, 1.70472532091e-07, 3.64942209785e-08, 4.66772132057e-09, 2.88528863024e-08, 2.59511097056e-08, 1.64649605949e-07, 2.07862228763e-07, 4.09421385683e-09, 1.3102550156e-09, 7.37503524917e-09, 2.15380371316e-08, 5.53592123254e-08, 8.7415635619e-08, 1.06762094276e-07, 1.222703645e-07, 1.26042110082e-07, 3.6799809866e-09, 1.23744237079e-10, 7.68789806121e-12, 2.05244480266e-12, 6.74126735303e-16, 1.12377924928e-18]
        dvar2: [4.93062838822e-12, 2.28550061365e-06, 3.41585405295e-06, 7.13832491783e-07, 3.4879354871e-07, 5.08212906425e-07, 9.38202262546e-08, 1.01960777599e-08, 6.93959663067e-08, 4.8418996812e-08, 4.15498391249e-07, 4.88740283799e-07, 1.00615729082e-08, 3.20922177721e-09, 1.97424263604e-08, 3.51287283706e-08, 1.14492131331e-07, 2.05846504286e-07, 1.78162679276e-07, 1.85241347594e-07, 1.82996757303e-07, 4.98670393867e-09, 1.98143598751e-10, 1.40801224846e-11, 2.75740823404e-12, 1.35189094772e-15, 1.26845045008e-18]
        max: [1.09258908196e-05, 0.00765179749578, 0.00839146785438, 0.00357299135067, 0.00280584581196, 0.00315009057522, 0.00193609693088, 0.000668627617415, 0.00191637291573, 0.00190087454394, 0.00289840786718, 0.00420094188303, 0.000521019625012, 0.00039921325515, 0.00095587951364, 0.00142919516657, 0.0020894613117, 0.00280754407868, 0.00384313007817, 0.00325275422074, 0.0036585945636, 0.000595454592258, 0.000109954489744, 3.07154441543e-05, 1.44389014167e-05, 2.13867124899e-07, 2.15016573435e-08]
        mean: [5.11966618433e-07, 0.000203747244086, 0.000197061075596, 0.000233669605223, 0.000356388831278, 0.000417198054492, 4.97000582982e-05, 0.000110328859591, 0.000209636069485, 0.000151410247781, 0.000385594787076, 0.000410439679399, 3.33979114657e-05, 1.77684833034e-05, 2.4802675398e-05, 4.74232911074e-05, 6.64469625917e-05, 8.88604481588e-05, 0.000116407914902, 0.000125224178191, 0.000138324889122, 2.40509125433e-05, 3.96897894461e-06, 1.03227739601e-06, 6.55769099467e-07, 1.10300097944e-08, 1.63414240473e-10]
        min: [2.76316799303e-11, 8.58875992549e-09, 7.18189426152e-07, 5.19566697221e-07, 5.94904850004e-06, 3.80974461223e-06, 1.10484762672e-07, 1.55079476372e-07, 1.281971862e-07, 1.10908999318e-07, 1.31542412518e-08, 3.06174499087e-08, 4.58664217717e-08, 2.00232488368e-08, 4.25914734592e-08, 2.35016059946e-08, 1.52249413077e-08, 3.96868600205e-08, 2.30850734084e-08, 2.68874966736e-08, 2.03187404679e-08, 2.55554843953e-09, 1.21597687475e-09, 2.23460416837e-10, 2.85361401176e-10, 3.07072353656e-11, 1.07550097571e-13]
        var: [2.3112592569e-12, 8.5039653186e-07, 7.21316723684e-07, 2.08983536254e-07, 2.30925152778e-07, 2.99592784359e-07, 2.97795264004e-08, 1.08412727684e-08, 6.10290484815e-08, 8.25039805363e-08, 3.21619893384e-07, 3.98041066774e-07, 5.51794698822e-09, 1.69059866106e-09, 5.924516433e-09, 3.26514317806e-08, 6.78746729932e-08, 1.0908154735e-07, 1.85067221992e-07, 2.08145976899e-07, 2.63629488018e-07, 7.80684494828e-09, 2.22961094032e-10, 1.3778787139e-11, 4.71414053627e-12, 1.09383113715e-15, 1.11263950457e-18]
    mfcc:
        mean: [-832.95111084, 177.857421875, -31.6079063416, 26.9655609131, -38.103969574, -6.71414375305, 5.77948617935, -3.56885409355, -3.55656313896, -15.2351732254, -11.1987133026, -7.81278991699, -6.76410913467]
        cov: [[9314.23046875, -4309.02294922, -1552.70703125, 425.099090576, 27.2339630127, 620.063537598, 570.359436035, 495.320922852, 455.610321045, 122.75932312, 219.549484253, 520.745117188, 598.791748047], [-4309.02294922, 2408.03417969, 478.151367188, -467.132965088, -13.1405525208, -206.601486206, -124.443191528, -122.041427612, -146.699005127, -32.9612693787, -53.42029953, -176.530273438, -179.458312988], [-1552.70703125, 478.151367188, 841.808654785, 481.823760986, 113.490821838, -213.843536377, -328.482208252, -291.056091309, -197.019973755, -61.0691604614, -83.0507507324, -177.85697937, -241.553359985], [425.099090576, -467.132965088, 481.823760986, 757.773193359, 209.177490234, -101.748329163, -279.80178833, -256.174835205, -152.76348877, -55.3516845703, -51.600227356, -89.6689529419, -133.959655762], [27.2339630127, -13.1405525208, 113.490821838, 209.177490234, 184.398651123, 38.9451217651, -28.6637516022, -41.5027961731, -32.4856262207, -6.02926445007, 7.58915948868, -7.01232671738, -3.485008955], [620.063537598, -206.601486206, -213.843536377, -101.748329163, 38.9451217651, 194.698822021, 217.171524048, 160.192626953, 105.01374054, 51.7737045288, 67.9700469971, 106.967002869, 133.505172729], [570.359436035, -124.443191528, -328.482208252, -279.80178833, -28.6637516022, 217.171524048, 341.507354736, 274.278869629, 173.387329102, 78.6730422974, 87.2678527832, 138.11505127, 173.520507812], [495.320922852, -122.041427612, -291.056091309, -256.174835205, -41.5027961731, 160.192626953, 274.278869629, 271.110992432, 174.646774292, 77.9630126953, 71.9795150757, 104.874961853, 129.291168213], [455.610321045, -146.699005127, -197.019973755, -152.76348877, -32.4856262207, 105.01374054, 173.387329102, 174.646774292, 146.932281494, 73.4652709961, 59.2999534607, 78.8729248047, 91.6556625366], [122.75932312, -32.9612693787, -61.0691604614, -55.3516845703, -6.02926445007, 51.7737045288, 78.6730422974, 77.9630126953, 73.4652709961, 72.4295654297, 50.9912567139, 43.3573265076, 38.6377754211], [219.549484253, -53.42029953, -83.0507507324, -51.600227356, 7.58915948868, 67.9700469971, 87.2678527832, 71.9795150757, 59.2999534607, 50.9912567139, 78.4850082397, 72.30519104, 73.5944061279], [520.745117188, -176.530273438, -177.85697937, -89.6689529419, -7.01232671738, 106.967002869, 138.11505127, 104.874961853, 78.8729248047, 43.3573265076, 72.30519104, 122.713104248, 125.266746521], [598.791748047, -179.458312988, -241.553359985, -133.959655762, -3.485008955, 133.505172729, 173.520507812, 129.291168213, 91.6556625366, 38.6377754211, 73.5944061279, 125.266746521, 172.916488647]]
        icov: [[0.00132727553137, 0.00175671104807, 0.00152347888798, -0.000859308114741, -6.50881047477e-05, -0.000385716877645, -8.28102856758e-05, 0.000539396132808, -0.00151924067177, 0.00131884030998, -0.000600856961682, -0.000445623969426, -0.000245126546361], [0.00175671104807, 0.0039205448702, 0.000323717016727, 0.00190436921548, -0.0025871291291, 0.00162593007553, -0.00140170566738, 0.00132956157904, -0.000423016725108, 0.000797608110588, -0.00146070215851, 0.000359489291441, -0.000574651523493], [0.00152347888798, 0.000323717016727, 0.00667368946597, -0.00545090297237, 0.00193169259001, -0.000586629088502, -0.000813265971374, 0.00128444994334, -0.00208987528458, 0.00137637963053, -0.00160426239017, -0.000385360122891, 0.00226990878582], [-0.000859308114741, 0.00190436921548, -0.00545090297237, 0.0100726354867, -0.0074683977291, 0.00226821610704, 0.000755684042815, 0.0019100952195, 0.00206992658786, -0.00211635488085, 0.000406783598009, -0.000475140899653, 0.000599401129875], [-6.50881047477e-05, -0.0025871291291, 0.00193169259001, -0.0074683977291, 0.0155928721651, -0.0118738012388, 0.00552525697276, -0.00340585620143, 0.00124606257305, 0.00138239352964, -0.0022573529277, 0.00354488217272, -0.00163984613027], [-0.000385716877645, 0.00162593007553, -0.000586629088502, 0.00226821610704, -0.0118738012388, 0.0360555313528, -0.0243545230478, 0.00694201979786, 0.00151423213538, -0.00361220119521, -1.52483580678e-05, -0.00221460033208, -0.00325184455141], [-8.28102856758e-05, -0.00140170566738, -0.000813265971374, 0.000755684042815, 0.00552525697276, -0.0243545230478, 0.0395890288055, -0.0255261231214, 0.00454029999673, -0.000767881283537, 0.00343489577062, -0.00333674950525, -0.00472455751151], [0.000539396132808, 0.00132956157904, 0.00128444994334, 0.0019100952195, -0.00340585620143, 0.00694201979786, -0.0255261231214, 0.0408103652298, -0.0270761996508, 0.00656569609419, -0.00359324016608, 0.00257889204659, 0.00500456057489], [-0.00151924067177, -0.000423016725108, -0.00208987528458, 0.00206992658786, 0.00124606257305, 0.00151423213538, 0.00454029999673, -0.0270761996508, 0.0515554621816, -0.0280993077904, 0.00588389160112, 0.000169017861481, -0.00562422350049], [0.00131884030998, 0.000797608110588, 0.00137637963053, -0.00211635488085, 0.00138239352964, -0.00361220119521, -0.000767881283537, 0.00656569609419, -0.0280993077904, 0.0487332642078, -0.024823198095, -0.000181770737981, 0.00992355123162], [-0.000600856961682, -0.00146070215851, -0.00160426239017, 0.000406783598009, -0.0022573529277, -1.52483580678e-05, 0.00343489577062, -0.00359324016608, 0.00588389160112, -0.024823198095, 0.0460871681571, -0.0188579522073, -0.00568085350096], [-0.000445623969426, 0.000359489291441, -0.000385360122891, -0.000475140899653, 0.00354488217272, -0.00221460033208, -0.00333674950525, 0.00257889204659, 0.000169017861481, -0.000181770737981, -0.0188579522073, 0.0459181591868, -0.0210763663054], [-0.000245126546361, -0.000574651523493, 0.00226990878582, 0.000599401129875, -0.00163984613027, -0.00325184455141, -0.00472455751151, 0.00500456057489, -0.00562422350049, 0.00992355123162, -0.00568085350096, -0.0210763663054, 0.0315976440907]]
    spectral_contrast:
        mean: [1.50740589788e-07, 4.0620324171e-07, 8.65785043658e-09, -1.96681526177e-07, -2.70859658258e-07, -2.69911083706e-07, 5.47693571207e-06, -3.30957550432e-06, -8.79306469415e-07, 2.45841556534e-06, 1.45148348452e-07, 1.79834944447e-06]
        var: [0.000162555472343, 0.000319941958878, 0.00161688332446, 0.00246503017843, 0.00332705117762, 0.0161463283002, 0.0302251074463, 0.0768507793546, 0.138462513685, 0.409158319235, 0.672093868256, 5.01815700531]

rhythm:
    beats_loudness:
        dmean: 0.00563594838604
        dmean2: 0.0106254154816
        dvar: 1.28724386741e-05
        dvar2: 4.29376232205e-05
        max: 0.0136970728636
        mean: 0.00706877978519
        min: 0.00136773078702
        var: 1.94421827473e-05
    beats_loudness_bass:
        dmean: 0.449568659067
        dmean2: 0.800474524498
        dvar: 0.121835403144
        dvar2: 0.2450915277
        max: 0.976087391376
        mean: 0.311770945787
        min: 0.00971733033657
        var: 0.128083199263
    bpm: 106.688354492
    bpm_confidence: 0
    first_peak_bpm: 107
    first_peak_spread: 0
    first_peak_weight: 0.5
    onset_rate: 4.88484716415
    second_peak_bpm: 53
    second_peak_spread: 0
    second_peak_weight: 0.416666656733
    beats_position: [0.176982700825, 1.30442917347, 2.43187570572, 3.55932211876, 4.6867685318, 5.81421518326, 6.40829896927, 6.97068595886, 7.53307151794, 8.0954580307, 8.65784454346, 9.22023105621, 9.7826166153]
    bpm_estimates: [106.759719849, 106.632820129, 106.71257019, 106.545204163, 106.92905426, 106.684616089, 106.737998962, 106.625717163, 106.625244141, 106.630554199]
    bpm_intervals: [1.12744641304, 1.12744653225, 1.12744641304, 1.12744641304, 1.12744665146, 0.594083786011, 0.562386989594, 0.562385559082, 0.562386512756, 0.562386512756, 0.562386512756, 0.562385559082]
    onset_times: [0.0580498874187, 0.162539675832, 0.417959183455, 0.696598649025, 0.99845802784, 1.20743763447, 1.57895696163, 1.8575963974, 2.18267583847, 2.42648530006, 2.46131515503, 2.99537420273, 3.28562355042, 3.56426310539, 3.76163268089, 3.85451245308, 4.42340135574, 4.67882108688, 4.841360569, 4.91102027893, 4.96907043457, 5.14321994781, 5.18966007233, 5.24770975113, 5.53795909882, 5.71210861206, 5.8282084465, 6.09523820877, 6.29260778427, 6.38548755646, 6.66412687302, 6.84988641739, 6.9543762207, 7.08208608627, 7.2330160141, 7.36072540283, 7.46521520615, 7.79029464722, 7.97605419159, 8.11537456512, 8.35918331146, 8.51011371613, 8.62621307373, 8.92807292938, 9.07900238037, 9.21832180023, 9.4853515625, 9.63628101349, 9.77560043335]
    rubato_start: [6.40829896927]
    rubato_stop: [6.97068595886]
    perceptual_tempo: "unknown"

sfx:
    inharmonicity:
        dmean: 0.0402601212263
        dmean2: 0.0723776891828
        dvar: 0.00309498724528
        dvar2: 0.00815457850695
        max: 0.41682651639
        mean: 0.0386409461498
        min: 7.98993551143e-06
        var: 0.00304985581897
    oddtoevenharmonicenergyratio:
        dmean: 21.8969650269
        dmean2: 40.0411911011
        dvar: 21175.0664062
        dvar2: 58677.734375
        max: 1755.1003418
        mean: 13.0607528687
        min: 1.63315035024e-05
        var: 13052.8164062
    pitch_after_max_to_before_max_energy_ratio: 7.20054769516
    pitch_centroid: 205.575302124
    pitch_max_to_total: 0.0462962947786
    pitch_min_to_total: 0.0949074104428
    tristimulus:
        dmean: [0.286777287722, 0.310784369707, 0.0572389625013]
        dmean2: [0.512336850166, 0.559024393559, 0.100301496685]
        dvar: [0.0582250356674, 0.0691819190979, 0.00657409103587]
        dvar2: [0.150831416249, 0.182885557413, 0.0177977010608]
        max: [0.982970714569, 0.998483002186, 0.577108561993]
        mean: [0.441228061914, 0.468951433897, 0.0594351626933]
        min: [0.000948312983382, 0, 0]
        var: [0.0840014442801, 0.0871585011482, 0.00831094197929]

tonal:
    chords_changes_rate: 0.0368663594127
    chords_number_rate: 0.0322580635548
    chords_strength:
        dmean: 0.00822857674211
        dmean2: 0.0071838228032
        dvar: 4.38573479187e-05
        dvar2: 4.8879548558e-05
        max: 0.679764926434
        mean: 0.525191128254
        min: 0.28296354413
        var: 0.00924221612513
    key_strength: 0.330135375261
    tuning_diatonic_strength: 0.379576861858
    tuning_equal_tempered_deviation: 0.101718217134
    tuning_frequency: 442.548919678
    tuning_nontempered_energy_ratio: 0.731801331043
    hpcp:
        dmean: [0.0354115515947, 0.0439336150885, 0.070589274168, 0.0771166905761, 0.0868227854371, 0.1419801265, 0.129968717694, 0.0759595409036, 0.112855963409, 0.137695863843, 0.0870735794306, 0.0639000236988, 0.0767800360918, 0.110033594072, 0.203681543469, 0.152444466949, 0.144792333245, 0.109217576683, 0.140823438764, 0.110605508089, 0.112364083529, 0.0722815617919, 0.0743214413524, 0.120849318802, 0.111277483404, 0.105821423233, 0.0771884918213, 0.0290789678693, 0.0343396216631, 0.0596956945956, 0.0700456053019, 0.0600041784346, 0.0887364372611, 0.12979722023, 0.0911970064044, 0.0482188910246]
        dmean2: [0.0615157112479, 0.0746759399772, 0.120029419661, 0.123238272965, 0.148774936795, 0.240918591619, 0.211464896798, 0.131146222353, 0.188055425882, 0.235346183181, 0.149106100202, 0.110463641584, 0.128384098411, 0.191101372242, 0.344614237547, 0.274348080158, 0.242977797985, 0.188359692693, 0.242781668901, 0.191995352507, 0.203408181667, 0.131371602416, 0.133730083704, 0.210679247975, 0.200112789869, 0.193808078766, 0.146556556225, 0.0512448661029, 0.0570047721267, 0.102223522961, 0.116482950747, 0.101295433939, 0.15403957665, 0.232044234872, 0.163150221109, 0.0869921892881]
        dvar: [0.00658816192299, 0.00875245407224, 0.0258113015443, 0.023257939145, 0.0172969605774, 0.0441364459693, 0.0434091314673, 0.0137579804286, 0.0231200624257, 0.0261382497847, 0.0119354780763, 0.0128604350612, 0.0241738203913, 0.0325073562562, 0.0464694350958, 0.0507455989718, 0.0197792686522, 0.0191163271666, 0.0513273514807, 0.0296137798578, 0.042160898447, 0.0276805032045, 0.0211135428399, 0.027991887182, 0.0198520179838, 0.018764436245, 0.0113328825682, 0.00257452740334, 0.00286789680831, 0.00938628334552, 0.0144780594856, 0.013841252774, 0.0237230546772, 0.0523413680494, 0.0300239659846, 0.0143606225029]
        dvar2: [0.0166802499443, 0.0224265195429, 0.0697434693575, 0.0613695085049, 0.0427363403141, 0.120853766799, 0.116245143116, 0.0373062752187, 0.0619966052473, 0.0684618204832, 0.0296856760979, 0.031228851527, 0.0623076744378, 0.0822758451104, 0.138179421425, 0.139337569475, 0.0556874386966, 0.0533851832151, 0.144919902086, 0.0807398185134, 0.111082173884, 0.0717857331038, 0.0593270026147, 0.0762217119336, 0.0556637980044, 0.0596658587456, 0.0403423123062, 0.00617397809401, 0.00736839184538, 0.0257064569741, 0.040246438235, 0.0338067114353, 0.0663393512368, 0.156323239207, 0.0890370309353, 0.0403264537454]
        max: [0.499992191792, 0.708382666111, 1, 1, 0.798339307308, 1, 1, 0.738312184811, 1, 1, 0.771589457989, 0.607753753662, 1, 1, 1, 1, 1, 0.88103723526, 1, 1, 1, 1, 0.763241708279, 1, 1, 1, 0.489348381758, 0.293200999498, 0.358091443777, 0.615325689316, 0.756181299686, 0.813894927502, 1, 1, 1, 0.747581660748]
        mean: [0.0304376389831, 0.0452897511423, 0.0919707193971, 0.0951266735792, 0.109849452972, 0.225487187505, 0.198884621263, 0.0903548076749, 0.165531650186, 0.217296391726, 0.115915291011, 0.0604167170823, 0.080879829824, 0.111795119941, 0.429658234119, 0.656488955021, 0.329648166895, 0.119887180626, 0.172759190202, 0.156751006842, 0.116476386786, 0.0662679225206, 0.0655807480216, 0.158410191536, 0.261774718761, 0.203003913164, 0.066477291286, 0.0275105200708, 0.0325949080288, 0.069365516305, 0.0896481797099, 0.0632530674338, 0.0954457223415, 0.155332311988, 0.107151977718, 0.0386475324631]
        min: [1.4370104509e-05, 0, 0.00030360580422, 0.000183694020961, 0.000117461087939, 0.00010311150254, 0.000179690105142, 0.000213510909816, 2.54881742876e-05, 0.00043552040006, 0.000436686939793, 4.60647606815e-05, 8.50206488394e-05, 0.000382990547223, 0.000619807571638, 0.000877993821632, 0.00172368541826, 4.76935674669e-05, 3.39129583153e-05, 0, 0, 4.65746488771e-05, 4.36526352132e-05, 0.000416129158111, 0.000840941094793, 0.000467369623948, 0.000254858168773, 2.38445372815e-05, 0.000104344406282, 0.000112343164801, 9.30191308726e-05, 8.09361517895e-05, 0.000109452936158, 0.000194952663151, 0.000179035196197, 0.000181602226803]
        var: [0.00535362260416, 0.011063166894, 0.0488580614328, 0.0384212620556, 0.0260682310909, 0.100820891559, 0.0942665487528, 0.0200572162867, 0.0498308092356, 0.0699583217502, 0.0240166578442, 0.0147353550419, 0.0315411798656, 0.0333343483508, 0.0730801299214, 0.15889005363, 0.0560968182981, 0.0294955335557, 0.0782512202859, 0.0500546693802, 0.0509636774659, 0.0229000095278, 0.0189402606338, 0.0442882999778, 0.105222605169, 0.0891700536013, 0.0115701723844, 0.00277510704473, 0.00315809505992, 0.0127349961549, 0.0201935246587, 0.0141761191189, 0.0249915085733, 0.0679653286934, 0.0342983976007, 0.00953359995037]
    chords_histogram: [0, 42.3963127136, 2.7649769783, 0, 0, 0, 0, 28.571428299, 0, 0, 0.460829496384, 0, 2.30414748192, 0, 0, 0, 0, 9.21658992767, 0, 0, 0, 11.0599079132, 3.22580647469, 0]
    thpcp: [1, 0.502138197422, 0.182618737221, 0.26315626502, 0.238771736622, 0.177423223853, 0.10094293952, 0.0998961925507, 0.24129909277, 0.398749619722, 0.309226691723, 0.101261861622, 0.0419055335224, 0.0496503524482, 0.10566136241, 0.136557027698, 0.096350543201, 0.145388156176, 0.23661069572, 0.163219764829, 0.0588700436056, 0.0463642813265, 0.0689878314734, 0.140094846487, 0.144902169704, 0.167328715324, 0.343474447727, 0.302951961756, 0.137633398175, 0.2521468997, 0.330997794867, 0.176568537951, 0.0920300558209, 0.123200595379, 0.170292466879, 0.654479026794]
    chords_key: "A#"
    chords_scale: "major"
    key_key: "G"
    key_scale: "minor"
    chords_progression: ["A#", "A#", "A#", "A#", "A#", "A#", "A#", "A#", "A#", "A#", "A#", "A#", "A#", "A#", "A#", "A#", "A#", "A#", "A#", "A#", "A#", "A#", "A#", "A#", "A#", "A#", "A#", "A#", "A#", "A#", "A#", "A#", "A#", "A#", "A#", "A#", "A#", "A#", "A#", "A#", "A#", "A#", "A#", "A#", "A#", "A#", "A#", "A#", "A#", "A#", "A#", "A#", "A#", "A#", "A#", "A#", "A#", "A#", "A#", "A#", "A#", "A#", "A#", "A#", "A#", "A#", "A#", "A#", "A#", "A#", "A#", "A#", "A#", "A#", "A#", "A#", "A#", "A#", "A#", "A#", "A#", "Dm", "Dm", "Dm", "Dm", "Dm", "Dm", "A#", "A#", "A#", "A#", "A#", "A#", "A#", "A#", "A#", "A#", "A#", "C#m", "C#m", "C#m", "C#m", "C#m", "G#", "G#", "G#", "G#", "G#", "G#", "G#", "G#", "G#", "G#", "G#", "G#", "G#", "G#", "G#", "G#", "G#", "G#", "G#", "G#", "G#", "G#", "G#", "G#", "Cm", "Cm", "Cm", "Cm", "Cm", "Cm", "Cm", "G", "G", "G", "G", "G", "G", "G", "G", "G", "G", "G", "G", "G", "G", "G", "G", "G", "G", "G", "G", "G", "G", "G", "G", "G", "G", "G", "G", "G", "G", "G", "G", "G", "G", "G", "G", "G", "G", "G", "G", "G", "G", "G", "G", "G", "G", "G", "G", "G", "G", "G", "G", "G", "G", "G", "G", "G", "G", "G", "G", "G", "G", "F#", "F#", "F#", "F#", "F#", "F#", "F#", "F#", "F#", "F#", "F#", "F#", "F#", "F#", "F#", "F#", "F#", "F#", "F#", "F#", "F#m"]
