
metadata:
    version:
        essentia: "1.2.2"
    audio_properties:
        analysis_sample_rate: 44100
        bitrate: 128
        channels: 2
        equal_loudness: 1
        length: 10.0571432114
        replay_gain: -0.744319915771
        downmix: "mix"
    tags:
        track: 1
        year: 0
        album: "Splitted by Mp3Splt v. 2.1"
        artist: "From 000.00 To 000.10"
        comment: "http://mp3splt.sf.net"
        genre: ""
        title: "05 Smokin' Japanese Babe.mp3"

highlevel:
    ballroom:
        all:
            ChaChaCha: 0.0494222566485
            Jive: 0.04053485021
            Quickstep: 0.426135718822
            Rumba-American: 0.0494571626186
            Rumba-International: 0.0561906546354
            Rumba-Misc: 0.0484008379281
            Samba: 0.0467851944268
            Tango: 0.11394751817
            VienneseWaltz: 0.122639998794
            Waltz: 0.0464858040214
        probability: 0.426135718822
        value: "Quickstep"
    culture:
        all:
            non_western: 0.920775830746
            western: 0.0792241618037
        probability: 0.920775830746
        value: "non_western"
    gender:
        all:
            female: 0.359195381403
            male: 0.640804588795
        probability: 0.640804588795
        value: "male"
    genre_dortmund:
        all:
            alternative: 0.0385484658182
            blues: 0.0253718327731
            electronic: 0.172624602914
            folkcountry: 0.0618225410581
            funksoulrnb: 0.0692367553711
            jazz: 0.087944842875
            pop: 0.0418039858341
            raphiphop: 0.0490277893841
            rock: 0.45361918211
        probability: 0.45361918211
        value: "rock"
    genre_electronica:
        all:
            ambient: 0.707723200321
            dnb: 0.150430321693
            house: 0.0723837837577
            techno: 0.0257929991931
            trance: 0.0436697155237
        probability: 0.707723200321
        value: "ambient"
    genre_rosamerica:
        all:
            cla: 0.0732039883733
            dan: 0.0334197841585
            hip: 0.0981287285686
            jaz: 0.0759731456637
            pop: 0.315079122782
            rhy: 0.188387170434
            roc: 0.19556248188
            spe: 0.0202455800027
        probability: 0.315079122782
        value: "pop"
    genre_tzanetakis:
        all:
            blu: 0.054034460336
            cla: 0.0500977151096
            cou: 0.202749088407
            dis: 0.0753629356623
            hip: 0.0330095924437
            jaz: 0.045331787318
            met: 0.00489450804889
            pop: 0.225844636559
            reg: 0.211307242513
            roc: 0.0973680317402
        probability: 0.225844636559
        value: "pop"
    live_studio:
        all:
            live: 0.486498236656
            studio: 0.513501763344
        probability: 0.513501763344
        value: "studio"
    mood:
        all:
            Cluster1: 0.149140104651
            Cluster2: 0.218403428793
            Cluster3: 0.213784813881
            Cluster4: 0.233001023531
            Cluster5: 0.185670614243
        probability: 0.233001023531
        value: "Cluster4"
    mood_acoustic:
        all:
            acoustic: 0.717687487602
            not_acoustic: 0.282312512398
        probability: 0.717687487602
        value: "acoustic"
    mood_aggressive:
        all:
            aggressive: 0.433600902557
            not_aggressive: 0.566399097443
        probability: 0.566399097443
        value: "not_aggressive"
    mood_electronic:
        all:
            electronic: 0.414709925652
            not_electronic: 0.585290074348
        probability: 0.585290074348
        value: "not_electronic"
    mood_happy:
        all:
            happy: 0.371235877275
            not_happy: 0.628764092922
        probability: 0.628764092922
        value: "not_happy"
    mood_party:
        all:
            not_party: 0.567924141884
            party: 0.432075828314
        probability: 0.567924141884
        value: "not_party"
    mood_relaxed:
        all:
            not_relaxed: 0.568577945232
            relaxed: 0.431422054768
        probability: 0.568577945232
        value: "not_relaxed"
    mood_sad:
        all:
            not_sad: 0.434269636869
            sad: 0.565730333328
        probability: 0.565730333328
        value: "sad"
    rhythm:
        all:
            fast: 0.931951284409
            medium: 0.0465220622718
            slow: 0.0215266663581
        probability: 0.931951284409
        value: "fast"
    speech_music:
        all:
            music: 0.532593369484
            speech: 0.467406630516
        probability: 0.532593369484
        value: "music"
    timbre:
        all:
            bright: 0.0402939207852
            dark: 0.959706068039
        probability: 0.959706068039
        value: "dark"
    voice_instrumental:
        all:
            instrumental: 0.604317188263
            voice: 0.395682841539
        probability: 0.604317188263
        value: "instrumental"

lowlevel:
    average_loudness: 0.88215893507
    barkbands_kurtosis:
        dmean: 1.63990807533
        dmean2: 2.71039628983
        dvar: 3.91040039062
        dvar2: 10.1911916733
        max: 25.5803947449
        mean: 2.49336099625
        min: -1.71636581421
        var: 13.9719104767
    barkbands_skewness:
        dmean: 0.412851333618
        dmean2: 0.647193670273
        dvar: 0.145197317004
        dvar2: 0.345833092928
        max: 2.92142295837
        mean: 0.634909689426
        min: -2.88582396507
        var: 0.55489730835
    barkbands_spread:
        dmean: 2.77117490768
        dmean2: 4.68563365936
        dvar: 9.97109985352
        dvar2: 24.9239387512
        max: 43.0268974304
        mean: 12.6464395523
        min: 1.37660014629
        var: 73.7475891113
    dissonance:
        dmean: 0.0369168668985
        dmean2: 0.0600584559143
        dvar: 0.00134136655834
        dvar2: 0.00320113240741
        max: 0.499862879515
        mean: 0.427576422691
        min: 0.0788906440139
        var: 0.0034493682906
    hfc:
        dmean: 0.943224430084
        dmean2: 1.4080504179
        dvar: 2.06102561951
        dvar2: 4.2222237587
        max: 23.3580417633
        mean: 3.62175416946
        min: 0.000167473743204
        var: 12.5247564316
    pitch:
        dmean: 177.267410278
        dmean2: 312.241363525
        dvar: 118215.476562
        dvar2: 292039.9375
        max: 4009.09082031
        mean: 392.337860107
        min: 81.8181838989
        var: 118759.4375
    pitch_instantaneous_confidence:
        dmean: 0.0868665874004
        dmean2: 0.140102595091
        dvar: 0.00582323456183
        dvar2: 0.0138231888413
        max: 0.950439810753
        mean: 0.4821382761
        min: 0.136499524117
        var: 0.0355119928718
    pitch_salience:
        dmean: 0.0587445832789
        dmean2: 0.0961601808667
        dvar: 0.00266424100846
        dvar2: 0.00666031334549
        max: 0.95823186636
        mean: 0.60656774044
        min: 0.234109953046
        var: 0.013366356492
    silence_rate_20dB:
        dmean: 0
        dmean2: 0
        dvar: 0
        dvar2: 0
        max: 1
        mean: 1
        min: 1
        var: 0
    silence_rate_30dB:
        dmean: 0
        dmean2: 0
        dvar: 0
        dvar2: 0
        max: 1
        mean: 1
        min: 1
        var: 0
    silence_rate_60dB:
        dmean: 0.0691244229674
        dmean2: 0.138568133116
        dvar: 0.0643461719155
        dvar2: 0.137842237949
        max: 1
        mean: 0.494252860546
        min: 0
        var: 0.24996727705
    spectral_centroid:
        dmean: 127.917930603
        dmean2: 197.342025757
        dvar: 40928.9140625
        dvar2: 97837.5625
        max: 3157.48950195
        mean: 913.609436035
        min: 200.367630005
        var: 182780.296875
    spectral_complexity:
        dmean: 1.74133944511
        dmean2: 2.95833325386
        dvar: 3.91460943222
        dvar2: 11.2343978882
        max: 33
        mean: 8.29032230377
        min: 0
        var: 28.4318161011
    spectral_crest:
        dmean: 2.6248395443
        dmean2: 4.33885288239
        dvar: 4.89261007309
        dvar2: 11.6956472397
        max: 23.8480529785
        mean: 10.2761602402
        min: 2.6939496994
        var: 19.9029178619
    spectral_decrease:
        dmean: 2.46387854563e-10
        dmean2: 3.8879580111e-10
        dvar: 1.02016055699e-19
        dvar2: 2.43669960117e-19
        max: -2.80192722187e-14
        mean: -9.29167520702e-10
        min: -4.74190420263e-09
        var: 4.94656074258e-19
    spectral_energy:
        dmean: 0.00100178085268
        dmean2: 0.00157803401817
        dvar: 1.64625794241e-06
        dvar2: 3.86920555684e-06
        max: 0.019320063293
        mean: 0.00383539265022
        min: 1.20941649584e-07
        var: 8.48642775964e-06
    spectral_energyband_high:
        dmean: 3.09130009555e-05
        dmean2: 5.37854684808e-05
        dvar: 1.16982645793e-08
        dvar2: 3.18567821012e-08
        max: 0.00142131757457
        mean: 6.48813147563e-05
        min: 9.5557082247e-09
        var: 1.47432990261e-08
    spectral_energyband_low:
        dmean: 8.50887736306e-05
        dmean2: 0.000145047553815
        dvar: 2.75590590348e-08
        dvar2: 7.34303924332e-08
        max: 0.00205712975003
        mean: 0.000150263047544
        min: 8.09927680478e-10
        var: 4.24398471921e-08
    spectral_energyband_middle_high:
        dmean: 0.000362191552995
        dmean2: 0.000518478511367
        dvar: 3.43177219975e-07
        dvar2: 5.87997476487e-07
        max: 0.0102514280006
        mean: 0.00123291614
        min: 3.9813777164e-08
        var: 2.44261627813e-06
    spectral_energyband_middle_low:
        dmean: 0.000846824608743
        dmean2: 0.0013615086209
        dvar: 1.452877882e-06
        dvar2: 3.64584707313e-06
        max: 0.0156183559448
        mean: 0.00238731550053
        min: 7.06558580532e-08
        var: 4.56711995866e-06
    spectral_flatness_db:
        dmean: 0.0170014891773
        dmean2: 0.0274676699191
        dvar: 0.00026185560273
        dvar2: 0.000560077605769
        max: 0.347947388887
        mean: 0.218031212687
        min: 0.0755429416895
        var: 0.00383278517984
    spectral_flux:
        dmean: 0.00639173388481
        dmean2: 0.0096845086664
        dvar: 4.53063912573e-05
        dvar2: 9.82005731203e-05
        max: 0.104153171182
        mean: 0.038232780993
        min: 0.00749841099605
        var: 0.000372769893147
    spectral_kurtosis:
        dmean: 6.27904081345
        dmean2: 10.5936164856
        dvar: 53.4795227051
        dvar2: 165.455566406
        max: 75.0929641724
        mean: 17.5464439392
        min: 1.20339584351
        var: 248.912689209
    spectral_rms:
        dmean: 0.000240805879002
        dmean2: 0.000374777824618
        dvar: 5.89038897658e-08
        dvar2: 1.36670394113e-07
        max: 0.00434152549133
        mean: 0.00180164107587
        min: 1.0862405361e-05
        var: 4.95933477396e-07
    spectral_rolloff:
        dmean: 269.33883667
        dmean2: 470.041595459
        dvar: 176333.34375
        dvar2: 415021.71875
        max: 4694.23828125
        mean: 1474.57788086
        min: 193.798828125
        var: 797841.9375
    spectral_skewness:
        dmean: 0.452821493149
        dmean2: 0.752125442028
        dvar: 0.184591114521
        dvar2: 0.544886469841
        max: 6.96144914627
        mean: 2.84745955467
        min: 0.85831040144
        var: 1.95695865154
    spectral_spread:
        dmean: 294708.59375
        dmean2: 435547.40625
        dvar: 496145203200
        dvar2: 290752004096
        max: 24307830
        mean: 2613996.25
        min: 1090550.375
        var: 2.2155928535e+12
    spectral_strongpeak:
        dmean: 0.275845736265
        dmean2: 0.444531619549
        dvar: 0.113424628973
        dvar2: 0.274960249662
        max: 3.06625461578
        mean: 0.697054624557
        min: 0.000137498398544
        var: 0.30666488409
    zerocrossingrate:
        dmean: 0.00497189862654
        dmean2: 0.00601761415601
        dvar: 4.91883547511e-05
        dvar2: 6.02429208811e-05
        max: 0.13037109375
        mean: 0.050530359149
        min: 0.00390625
        var: 0.000579155283049
    barkbands:
        dmean: [2.88671344606e-07, 1.7545564333e-05, 7.45249635656e-05, 6.527207006e-05, 0.000225393450819, 0.000218070083065, 0.000206796685234, 0.00029720144812, 0.000415652611991, 0.000152674023411, 0.000131463617436, 0.000116834853543, 4.62570751552e-05, 8.10386773082e-05, 7.12417750037e-05, 1.84247510333e-05, 6.64915787638e-05, 6.54789546388e-05, 2.09977752093e-05, 3.7358244299e-05, 1.97658628167e-05, 3.88378248317e-06, 9.43003158227e-07, 1.78704993914e-07, 2.29845280586e-08, 1.23765586668e-09, 1.11981579565e-09]
        dmean2: [4.85672330797e-07, 3.09454953822e-05, 0.000125782127725, 0.000112036679639, 0.00036461520358, 0.000343689345755, 0.000329726142809, 0.000480555492686, 0.00069002690725, 0.000237945641857, 0.000197530040168, 0.000172677246155, 7.9523299064e-05, 0.000104206228571, 9.90880726022e-05, 3.02634980471e-05, 9.95578229777e-05, 0.000102658530523, 3.42934945365e-05, 6.46493790555e-05, 3.43836909451e-05, 6.35744299871e-06, 1.55264865498e-06, 3.01836763583e-07, 3.92598380472e-08, 1.9075527824e-09, 1.73576475415e-09]
        dvar: [1.97829017165e-13, 1.73985170715e-09, 2.07592929513e-08, 2.65015227541e-08, 2.28858098694e-07, 2.7261543778e-07, 3.3541925859e-07, 2.0055320249e-07, 5.29762189672e-07, 8.53123651723e-08, 1.14083775316e-07, 1.08749325989e-07, 8.03053801235e-09, 7.23085946674e-08, 6.88792951564e-08, 9.96665971975e-10, 9.65854880519e-08, 6.81159093574e-08, 1.96597249591e-09, 5.63611521898e-08, 9.68092717102e-09, 1.21963883437e-10, 5.04382169711e-12, 1.96332858825e-13, 2.6218998557e-15, 1.67988735706e-16, 2.00831233861e-16]
        dvar2: [5.41380254428e-13, 5.46651790501e-09, 5.47440635046e-08, 6.48332303399e-08, 5.47445438315e-07, 6.77879370414e-07, 8.48413151289e-07, 5.39738323369e-07, 1.3984912357e-06, 2.05085711968e-07, 1.67958177144e-07, 1.63479327853e-07, 2.22631246771e-08, 8.82370230215e-08, 1.08713166469e-07, 2.41139330726e-09, 1.4345724253e-07, 1.39671541888e-07, 5.44157119364e-09, 1.50988071823e-07, 2.60961634524e-08, 2.86070139799e-10, 1.45082340239e-11, 5.30876883252e-13, 6.88037959736e-15, 4.2024578825e-16, 5.03540070138e-16]
        max: [3.1689799016e-06, 0.000541503308341, 0.00175366760232, 0.00242330273613, 0.00518019264564, 0.00589503580704, 0.00743880588561, 0.00429201358929, 0.00731278583407, 0.00336893252097, 0.00426712352782, 0.00481420336291, 0.000865284295287, 0.00436749635264, 0.00412702839822, 0.000396352261305, 0.00535709923133, 0.00437760399655, 0.000602269952651, 0.00411566067487, 0.00141681509558, 0.000205859701964, 2.56681687461e-05, 4.95700123793e-06, 5.77669140966e-07, 1.92551155465e-07, 2.0927758726e-07]
        mean: [3.12377409273e-07, 2.22768030653e-05, 0.000127695806441, 9.28878143895e-05, 0.000325708824676, 0.00029553528293, 0.000299678358715, 0.000467212405056, 0.000816716288682, 0.000266328308498, 0.000234089675359, 0.00017386401305, 7.43310520193e-05, 0.00012815836817, 9.8212294688e-05, 3.85585117328e-05, 0.000113348105515, 0.000104436207039, 5.52851670363e-05, 5.93191034568e-05, 2.97435071843e-05, 8.93760079634e-06, 2.22074254452e-06, 4.75084277696e-07, 6.38697912336e-08, 1.54819856935e-09, 6.15811623916e-10]
        min: [1.59091542024e-11, 2.59487875631e-10, 5.38230349179e-10, 1.01848207645e-09, 6.00264504769e-09, 1.34856383838e-08, 2.03082546335e-08, 1.90300806224e-08, 1.0566971298e-08, 1.85769200023e-09, 7.9615487536e-09, 9.00255692216e-09, 3.43032069416e-09, 2.05576822232e-09, 3.33585520318e-10, 4.48462988967e-10, 1.82320736286e-09, 3.30388472136e-09, 8.32979019094e-09, 5.36579713994e-09, 2.07720840528e-09, 2.24592011655e-09, 3.47321199579e-10, 3.03376240796e-10, 2.3145260708e-10, 1.0143179352e-10, 5.37384698372e-13]
        var: [2.27538474173e-13, 2.32967534153e-09, 2.98737035109e-08, 5.93416196182e-08, 4.2147743784e-07, 3.69134681932e-07, 4.66875263783e-07, 3.29931765464e-07, 1.18125581139e-06, 2.1739327849e-07, 3.69221396568e-07, 2.25664408049e-07, 1.25967760667e-08, 1.85112853046e-07, 1.14502270776e-07, 2.74026112912e-09, 1.99626711606e-07, 8.96353853364e-08, 8.19252843343e-09, 4.70952272735e-08, 7.52514228708e-09, 3.06149300355e-10, 1.29282782396e-11, 7.73639615911e-13, 1.23593287839e-14, 8.58530426897e-17, 1.00592540938e-16]
    mfcc:
        mean: [-790.701416016, 179.972259521, -54.4258384705, 25.3551006317, -35.5528030396, -5.39156961441, -10.8117427826, 8.02349853516, -1.22456300259, 3.34603357315, -2.48497891426, -5.26742696762, -6.19129657745]
        cov: [[5421.51025391, -2520.50854492, -571.876708984, 310.08682251, -218.477172852, -76.2950897217, -100.309051514, -367.262084961, -303.151306152, -170.041610718, 8.39948177338, 227.640319824, -245.837036133], [-2520.50854492, 1966.4510498, 422.604858398, -257.862335205, 137.884902954, -22.8597183228, -37.1022453308, 127.959251404, 108.830734253, 47.3353652954, -48.3123168945, -196.542602539, 90.6215820312], [-571.876708984, 422.604858398, 332.6875, -15.553396225, 37.8942375183, -10.2072982788, 15.8113803864, -8.16215229034, -31.1749668121, -48.2051506042, -40.0794944763, -39.4659729004, 9.71124076843], [310.08682251, -257.862335205, -15.553396225, 197.451644897, 62.3775749207, 26.4255104065, 26.3753414154, -42.6076622009, -33.0571289062, -34.7031898499, 2.50180912018, 51.3408126831, -38.8706054688], [-218.477172852, 137.884902954, 37.8942375183, 62.3775749207, 152.55758667, 71.6485671997, 36.3862991333, -0.158096238971, -11.6885900497, -13.7374897003, -2.14327287674, -5.76138067245, -41.9947814941], [-76.2950897217, -22.8597183228, -10.2072982788, 26.4255104065, 71.6485671997, 101.345046997, 56.3517875671, 19.8013458252, 9.51837062836, 19.3762817383, 11.1633005142, -0.134963333607, -16.023235321], [-100.309051514, -37.1022453308, 15.8113803864, 26.3753414154, 36.3862991333, 56.3517875671, 120.161125183, 40.9434242249, 14.831530571, -6.90276479721, -1.75608778, 8.17259120941, -23.936044693], [-367.262084961, 127.959251404, -8.16215229034, -42.6076622009, -0.158096238971, 19.8013458252, 40.9434242249, 133.860275269, 75.6204376221, 31.7448291779, -9.54544830322, -37.2196502686, 28.3851222992], [-303.151306152, 108.830734253, -31.1749668121, -33.0571289062, -11.6885900497, 9.51837062836, 14.831530571, 75.6204376221, 123.302947998, 59.3379096985, -1.81015872955, -28.1150627136, 20.2430229187], [-170.041610718, 47.3353652954, -48.2051506042, -34.7031898499, -13.7374897003, 19.3762817383, -6.90276479721, 31.7448291779, 59.3379096985, 107.39250946, 34.7317466736, -5.15826749802, 21.299249649], [8.39948177338, -48.3123168945, -40.0794944763, 2.50180912018, -2.14327287674, 11.1633005142, -1.75608778, -9.54544830322, -1.81015872955, 34.7317466736, 72.2205810547, 35.2689552307, 6.68683290482], [227.640319824, -196.542602539, -39.4659729004, 51.3408126831, -5.76138067245, -0.134963333607, 8.17259120941, -37.2196502686, -28.1150627136, -5.15826749802, 35.2689552307, 96.8758544922, 6.15342235565], [-245.837036133, 90.6215820312, 9.71124076843, -38.8706054688, -41.9947814941, -16.023235321, -23.936044693, 28.3851222992, 20.2430229187, 21.299249649, 6.68683290482, 6.15342235565, 98.641998291]]
        icov: [[0.0006892636884, 0.000666643900331, 0.000374229828594, 4.878170148e-05, 0.000563169538509, -0.000126613114844, 0.000594140787143, 0.000545602582861, 0.000568856776226, 0.000264110654825, 0.000488752673846, -1.56320929818e-05, 0.00108816940337], [0.000666643900331, 0.0022129334975, -0.00115944887511, 0.00181523419451, -0.0026003792882, 0.00186305725947, 0.000632197537925, 0.000467561854748, -0.000401049590437, -0.000226321848459, -0.000155166853801, 0.00140846869908, -0.000273867801297], [0.000374229828594, -0.00115944887511, 0.00567207625136, -0.00114413083065, 0.00137119542342, -0.000123981939396, -0.00159461074509, 0.00144132436253, 0.00205466570333, 0.00127453065943, 0.00179740344174, 0.000471056991955, -9.7589676443e-05], [4.878170148e-05, 0.00181523419451, -0.00114413083065, 0.00989229790866, -0.00642041536048, 0.00221782992594, -0.000596247846261, 0.00143440184183, -0.00169276318047, 0.000906247994862, 0.000680665951222, -0.00259611057118, -0.000198327557882], [0.000563169538509, -0.0026003792882, 0.00137119542342, -0.00642041536048, 0.0202213469893, -0.013912207447, 0.00312144192867, -0.000934009440243, 0.00238016410731, 0.00302042253315, 0.000765105127357, -0.00197588605806, 0.0074333883822], [-0.000126613114844, 0.00186305725947, -0.000123981939396, 0.00221782992594, -0.013912207447, 0.0251885447651, -0.00945029221475, 0.000743074400816, 0.000589865434449, -0.00617991108447, -0.00185223133303, 0.00393690913916, -0.00438589137048], [0.000594140787143, 0.000632197537925, -0.00159461074509, -0.000596247846261, 0.00312144192867, -0.00945029221475, 0.016630416736, -0.00584864336997, -0.000708273088094, 0.00341500598006, 0.00069832871668, -0.00458252662793, 0.00598072027788], [0.000545602582861, 0.000467561854748, 0.00144132436253, 0.00143440184183, -0.000934009440243, 0.000743074400816, -0.00584864336997, 0.0163838881999, -0.00644144834951, 0.000710073276423, 0.000595596095081, 0.00444582570344, -0.00420633517206], [0.000568856776226, -0.000401049590437, 0.00205466570333, -0.00169276318047, 0.00238016410731, 0.000589865434449, -0.000708273088094, -0.00644144834951, 0.0178773887455, -0.0078382184729, 0.00375521578826, 0.000623615982477, 0.00143792410381], [0.000264110654825, -0.000226321848459, 0.00127453065943, 0.000906247994862, 0.00302042253315, -0.00617991108447, 0.00341500598006, 0.000710073276423, -0.0078382184729, 0.0192071683705, -0.00811467505991, 0.000819349079393, -3.56480086339e-05], [0.000488752673846, -0.000155166853801, 0.00179740344174, 0.000680665951222, 0.000765105127357, -0.00185223133303, 0.00069832871668, 0.000595596095081, 0.00375521578826, -0.00811467505991, 0.023206980899, -0.00876080524176, 0.00142967514694], [-1.56320929818e-05, 0.00140846869908, 0.000471056991955, -0.00259611057118, -0.00197588605806, 0.00393690913916, -0.00458252662793, 0.00444582570344, 0.000623615982477, 0.000819349079393, -0.00876080524176, 0.0205616448075, -0.00598896155134], [0.00108816940337, -0.000273867801297, -9.7589676443e-05, -0.000198327557882, 0.0074333883822, -0.00438589137048, 0.00598072027788, -0.00420633517206, 0.00143792410381, -3.56480086339e-05, 0.00142967514694, -0.00598896155134, 0.0181358121336]]
    spectral_contrast:
        mean: [8.43211722668e-08, -4.82098926113e-07, 1.47758399294e-07, -1.93242996716e-07, 5.424846794e-09, 1.18865948195e-07, -2.30363707487e-06, 1.44369596455e-06, 1.21461630442e-06, -3.04175955534e-06, -8.06448099411e-07, -4.53654502053e-06]
        var: [0.000307801674353, 0.000823981827125, 0.00206194305792, 0.00372875481844, 0.00380842178129, 0.00555258337408, 0.0387174673378, 0.0928867384791, 0.146123543382, 0.329266875982, 0.491403579712, 2.89211678505]

rhythm:
    beats_loudness:
        dmean: 0.00192412687466
        dmean2: 0.00320701044984
        dvar: 9.04012176761e-06
        dvar2: 2.74772355624e-05
        max: 0.0169558115304
        mean: 0.00343709881417
        min: 0.000634026480839
        var: 8.88923295861e-06
    beats_loudness_bass:
        dmean: 0.0555391535163
        dmean2: 0.0744766891003
        dvar: 0.00779385259375
        dvar2: 0.0107958847657
        max: 0.700019299984
        mean: 0.0948080942035
        min: 0.00788271520287
        var: 0.0184353385121
    bpm: 172.025604248
    bpm_confidence: 0
    first_peak_bpm: 172
    first_peak_spread: 0
    first_peak_weight: 0.962962985039
    onset_rate: 3.08238625526
    second_peak_bpm: 121
    second_peak_spread: 0
    second_peak_weight: 0.037037037313
    beats_position: [0.230317696929, 0.580112397671, 0.929907083511, 1.27970170975, 1.62949645519, 1.97929120064, 2.32908582687, 2.67888045311, 3.02867507935, 3.378469944, 3.72826457024, 4.07805919647, 4.42785358429, 4.77764797211, 5.12744235992, 5.47723722458, 5.8270316124, 6.32179784775, 6.6691493988, 7.01650190353, 7.36385393143, 7.71120595932, 8.05855751038, 8.40590953827, 8.75326251984, 9.10061454773, 9.44796562195, 9.79531764984]
    bpm_estimates: [171.875854492, 171.940643311, 169.426727295, 172.427429199, 171.142822266, 172.399398804, 176.403411865, 171.291915894, 171.689468384, 171.658462524]
    bpm_intervals: [0.349794685841, 0.349794685841, 0.349794626236, 0.349794745445, 0.349794745445, 0.349794626236, 0.349794626236, 0.349794626236, 0.349794864655, 0.349794626236, 0.349794626236, 0.349794387817, 0.349794387817, 0.349794387817, 0.349794864655, 0.349794387817, 0.494766235352, 0.347351551056, 0.34735250473, 0.347352027893, 0.347352027893, 0.347351551056, 0.347352027893, 0.347352981567, 0.347352027893, 0.347351074219, 0.347352027893]
    onset_times: [0.0464399084449, 0.301859408617, 0.417959183455, 0.557278931141, 0.696598649025, 0.975238084793, 1.28870749474, 2.03174614906, 2.07818603516, 2.17106580734, 2.29877543449, 2.40326523781, 2.4497051239, 2.83283448219, 3.14630389214, 3.36689352989, 4.51628112793, 6.57124710083, 6.88471651077, 7.18657588959, 7.51165533066, 7.83673477173, 8.27791404724, 8.59138298035, 8.75392246246, 8.85841274261, 9.0093421936, 9.27637195587, 9.47374153137, 9.75238132477, 9.98458003998]
    rubato_start: []
    rubato_stop: []
    perceptual_tempo: "unknown"

sfx:
    inharmonicity:
        dmean: 0.0409691780806
        dmean2: 0.0746905431151
        dvar: 0.00307521154173
        dvar2: 0.00897332280874
        max: 0.385631471872
        mean: 0.0352037809789
        min: 0
        var: 0.00251211156137
    oddtoevenharmonicenergyratio:
        dmean: 15.5705766678
        dmean2: 30.1594600677
        dvar: 3419.97290039
        dvar2: 9606.66992188
        max: 567.533081055
        mean: 9.40396499634
        min: 0
        var: 2066.70068359
    pitch_after_max_to_before_max_energy_ratio: 1.43697237968
    pitch_centroid: 190.633026123
    pitch_max_to_total: 0.341013818979
    pitch_min_to_total: 0.131336405873
    tristimulus:
        dmean: [0.270244240761, 0.288340121508, 0.0684358626604]
        dmean2: [0.487018853426, 0.520906031132, 0.121645800769]
        dvar: [0.0589491464198, 0.0630686208606, 0.00651117181405]
        dvar2: [0.163371160626, 0.170091122389, 0.018306305632]
        max: [1, 0.996406376362, 0.714740216732]
        mean: [0.507180094719, 0.394626200199, 0.0663248449564]
        min: [0.00359356263652, 0, 0]
        var: [0.0827375426888, 0.0797113478184, 0.00805130787194]

tonal:
    chords_changes_rate: 0.0275229364634
    chords_number_rate: 0.0183486230671
    chords_strength:
        dmean: 0.00733732013032
        dmean2: 0.0101644918323
        dvar: 4.79593873024e-05
        dvar2: 9.15213313419e-05
        max: 0.690809965134
        mean: 0.562417864799
        min: 0.394111067057
        var: 0.0053278952837
    key_strength: 0.655244410038
    tuning_diatonic_strength: 0.419711917639
    tuning_equal_tempered_deviation: 0.147512659431
    tuning_frequency: 445.369720459
    tuning_nontempered_energy_ratio: 0.76957565546
    hpcp:
        dmean: [0.149412959814, 0.183492645621, 0.216906115413, 0.206431686878, 0.197911798954, 0.152469828725, 0.129211857915, 0.165755644441, 0.171533674002, 0.137277916074, 0.123540915549, 0.135237514973, 0.198787137866, 0.215585753322, 0.159707561135, 0.133023783565, 0.155432835221, 0.13029101491, 0.144503995776, 0.167327523232, 0.153236716986, 0.144160330296, 0.156999513507, 0.175973072648, 0.170332014561, 0.171527445316, 0.227947726846, 0.234654635191, 0.162929698825, 0.127108320594, 0.151481717825, 0.139795526862, 0.125115737319, 0.126499935985, 0.15039524436, 0.151475250721]
        dmean2: [0.274998724461, 0.341950803995, 0.396520227194, 0.36082059145, 0.348748773336, 0.280762940645, 0.243469849229, 0.299258381128, 0.310098022223, 0.247495234013, 0.223303496838, 0.246887683868, 0.361392199993, 0.387493491173, 0.276103705168, 0.245926737785, 0.29401499033, 0.238324731588, 0.259507060051, 0.310311853886, 0.288863331079, 0.261010229588, 0.284833222628, 0.326045364141, 0.308145642281, 0.319583684206, 0.406709551811, 0.416828662157, 0.271381288767, 0.22592432797, 0.275747030973, 0.25527843833, 0.237429916859, 0.225686565042, 0.277437180281, 0.280393511057]
        dvar: [0.0406838990748, 0.0599214322865, 0.0611287392676, 0.0540851652622, 0.0491912066936, 0.0509942546487, 0.0376206152141, 0.0530096516013, 0.0574536956847, 0.0420047901571, 0.0334602743387, 0.0360619872808, 0.0487494394183, 0.0580916777253, 0.0302918888628, 0.0420610420406, 0.0543454922736, 0.0375038050115, 0.0496242232621, 0.0574580021203, 0.0444409623742, 0.0321863926947, 0.0498072616756, 0.0666977390647, 0.057650655508, 0.0502267107368, 0.0493063740432, 0.05441320315, 0.0304630193859, 0.0306845232844, 0.0489055253565, 0.0463646426797, 0.0330860465765, 0.0262874457985, 0.0562009066343, 0.0572650805116]
        dvar2: [0.119995169342, 0.189243048429, 0.165131270885, 0.130597427487, 0.137096956372, 0.160541087389, 0.11256762594, 0.163578018546, 0.173500314355, 0.11356408149, 0.092551894486, 0.111000113189, 0.149040967226, 0.137309893966, 0.0808011963964, 0.123905725777, 0.15343503654, 0.105570204556, 0.143957793713, 0.170205488801, 0.128810167313, 0.0902871564031, 0.140594795346, 0.196627989411, 0.161666020751, 0.142390146852, 0.146306216717, 0.133393004537, 0.072386354208, 0.0921870097518, 0.146120294929, 0.133863225579, 0.0968119725585, 0.0753711983562, 0.161840781569, 0.161761254072]
        max: [1, 1, 1, 1, 1, 1, 1, 1, 1, 1, 1, 1, 1, 1, 1, 1, 1, 1, 1, 1, 1, 1, 1, 1, 1, 1, 1, 1, 1, 0.903883934021, 1, 1, 1, 0.896699309349, 1, 1]
        mean: [0.142672240734, 0.17694362998, 0.256956428289, 0.293396562338, 0.213806211948, 0.144352331758, 0.138814643025, 0.161863639951, 0.168667271733, 0.148196712136, 0.130698189139, 0.132945239544, 0.293803393841, 0.432345092297, 0.262251138687, 0.127209365368, 0.149020150304, 0.140153810382, 0.139948114753, 0.154750838876, 0.1631552279, 0.173691526055, 0.17982545495, 0.174550130963, 0.167942881584, 0.156805321574, 0.357151836157, 0.540903151035, 0.332575321198, 0.146431952715, 0.156480059028, 0.143058896065, 0.122250407934, 0.137081623077, 0.151604801416, 0.142943903804]
        min: [0.0002409278095, 0.0011656958377, 0.00354271591641, 0.00281300395727, 0.000614319753367, 0.00133347848896, 0.00152963434812, 0.00137563620228, 0.00303723732941, 0.00188584357966, 0.00216983933933, 0.000984002486803, 0.00493372650817, 0.00331542175263, 0.00205860775895, 0.000370072579244, 0.000401304976549, 0.000606057175901, 0.000341741746524, 0.000585809117183, 0.000869425886776, 0.00164874596521, 0.000445309357019, 0.000467967707664, 0.00138593034353, 0.000815477629658, 0.00687431683764, 0.00642159022391, 0.00361020420678, 0.000445063458756, 0.000522668065969, 0.00163870642427, 0.00147876364645, 0.000393549795263, 0.000160613373737, 0.000745703291614]
        var: [0.0337481014431, 0.0455817729235, 0.0676798447967, 0.0814918428659, 0.0511869229376, 0.0391269214451, 0.0308016613126, 0.0453562177718, 0.0478845722973, 0.0382238849998, 0.0291851926595, 0.0286469981074, 0.0595961399376, 0.132595032454, 0.0506796389818, 0.031933452934, 0.0469266213477, 0.0398757308722, 0.043959967792, 0.0482582785189, 0.0446145012975, 0.0420097596943, 0.0471594631672, 0.052849445492, 0.0476059429348, 0.040909986943, 0.064681738615, 0.126383513212, 0.0610521622002, 0.0338272899389, 0.0492711253464, 0.0424787588418, 0.0296607241035, 0.031132787466, 0.0477551594377, 0.0444032251835]
    chords_histogram: [71.1009140015, 6.42201852798, 0, 0, 0, 0, 0, 0, 0, 0, 0, 0, 0, 0, 0, 0, 0, 10.0917434692, 0, 0, 0, 0, 0, 12.3853206635]
    thpcp: [1, 0.614851891994, 0.27071750164, 0.289294034243, 0.264481544495, 0.226011633873, 0.253430992365, 0.280280858278, 0.264268934727, 0.26376670599, 0.327126264572, 0.475050717592, 0.542419791222, 0.395276337862, 0.266872793436, 0.256634920835, 0.299246996641, 0.311825275421, 0.273980110884, 0.241629555821, 0.245783820748, 0.543171882629, 0.799302220345, 0.484839349985, 0.235179558396, 0.275502473116, 0.259110718966, 0.258730441332, 0.28609713912, 0.301634818316, 0.321113914251, 0.33245408535, 0.322701275349, 0.31048604846, 0.289895385504, 0.660287976265]
    chords_key: "F#"
    chords_scale: "major"
    key_key: "F#"
    key_scale: "major"
    chords_progression: ["F#", "F#", "F#", "F#", "F#", "F#", "F#", "F#", "F#", "F#", "F#", "F#", "F#", "F#", "F#", "F#", "F#", "F#", "F#", "F#", "F#", "F#", "F#", "F#", "F#", "F#", "F#", "F#", "F#", "F#", "F#", "F#", "F#", "F#", "F#", "F#", "F#", "F#", "F#", "F#", "F#", "F#", "F#", "F#", "F#", "F#", "F#", "F#", "F#", "F#", "F#", "F#", "F#", "F#", "F#", "F#", "F#", "F#", "F#", "F#", "F#", "F#", "F#", "D#m", "D#m", "D#m", "D#m", "D#m", "D#m", "D#m", "D#m", "D#m", "D#m", "D#m", "D#m", "D#m", "D#m", "D#m", "D#m", "D#m", "D#m", "D#m", "D#m", "D#m", "D#m", "D#m", "D#m", "D#m", "D#m", "D#m", "F#", "F#", "F#", "F#", "F#", "F#", "F#", "F#", "F#", "F#", "F#", "F#", "F#", "F#", "F#", "F#", "F#", "F#", "F#", "F#", "F#", "F#", "F#", "F#", "F#", "F#", "F#", "F#", "F#", "F#", "F#", "F#", "F#", "F#", "F#", "F#", "F#", "F#", "F#", "F#", "F#", "F#", "F#", "F#", "F#", "F#", "F#", "F#", "F#", "F#", "F#", "F#", "F#", "F#", "F#", "F#", "F#", "F#", "F#", "F#", "F#", "F#", "F#", "F#", "F#", "F#", "F#", "F#", "F#", "F#", "F#", "F#", "F#", "F#", "A#m", "A#m", "A#m", "A#m", "A#m", "A#m", "A#m", "A#m", "A#m", "A#m", "A#m", "A#m", "A#m", "A#m", "F#", "F#", "F#", "F#", "F#", "F#", "F#", "F#", "F#", "F#", "F#", "F#", "F#", "F#", "F#", "F#m", "F#m", "F#m", "F#m", "F#m", "F#m", "F#m", "F#m", "F#m", "F#m", "F#m", "F#m", "F#m", "F#m", "F#m", "F#m", "F#m", "F#m", "F#m", "F#m", "F#m", "F#m", "F#", "F#", "F#"]
