
metadata:
    version:
        essentia: "1.2.2"
    audio_properties:
        analysis_sample_rate: 44100
        bitrate: 128
        channels: 2
        equal_loudness: 1
        length: 9.92653083801
        replay_gain: -11.9073295593
        downmix: "mix"
    tags:
        track: 14
        year: 0
        album: "Splitted by Mp3Splt v. 2.1"
        artist: "From 002.10 To 002.20"
        comment: "http://mp3splt.sf.net"
        genre: ""
        title: "07 Violet's Dance [Abstract Du"

highlevel:
    ballroom:
        all:
            ChaChaCha: 0.0759846046567
            Jive: 0.122474893928
            Quickstep: 0.00647481996566
            Rumba-American: 0.000349257024936
            Rumba-International: 0.000822578556836
            Rumba-Misc: 0.000475426961202
            Samba: 0.792370021343
            Tango: 0.000386953674024
            VienneseWaltz: 0.000352033181116
            Waltz: 0.000309423397994
        probability: 0.792370021343
        value: "Samba"
    culture:
        all:
            non_western: 0.729023337364
            western: 0.270976632833
        probability: 0.729023337364
        value: "non_western"
    gender:
        all:
            female: 0.812654793262
            male: 0.187345191836
        probability: 0.812654793262
        value: "female"
    genre_dortmund:
        all:
            alternative: 0.0275157541037
            blues: 0.0035436542239
            electronic: 0.504369199276
            folkcountry: 0.0042219478637
            funksoulrnb: 0.00451956549659
            jazz: 0.110503733158
            pop: 0.0194680951536
            raphiphop: 0.167630240321
            rock: 0.158227801323
        probability: 0.504369199276
        value: "electronic"
    genre_electronica:
        all:
            ambient: 0.0311987120658
            dnb: 0.742662906647
            house: 0.0474167652428
            techno: 0.0514510981739
            trance: 0.127270504832
        probability: 0.742662906647
        value: "dnb"
    genre_rosamerica:
        all:
            cla: 0.00913003645837
            dan: 0.736640632153
            hip: 0.191873565316
            jaz: 0.00616471562535
            pop: 0.00487242778763
            rhy: 0.0220636744052
            roc: 0.026802405715
            spe: 0.00245255115442
        probability: 0.736640632153
        value: "dan"
    genre_tzanetakis:
        all:
            blu: 0.0074781733565
            cla: 0.0084820035845
            cou: 0.0104450136423
            dis: 0.0915522500873
            hip: 0.348769664764
            jaz: 0.0256017521024
            met: 0.162075802684
            pop: 0.217993214726
            reg: 0.0994720906019
            roc: 0.0281300265342
        probability: 0.348769664764
        value: "hip"
    live_studio:
        all:
            live: 0.0793408155441
            studio: 0.920659184456
        probability: 0.920659184456
        value: "studio"
    mood:
        all:
            Cluster1: 0.288299828768
            Cluster2: 0.122768580914
            Cluster3: 0.0212088488042
            Cluster4: 0.0251756440848
            Cluster5: 0.542547106743
        probability: 0.542547106743
        value: "Cluster5"
    mood_acoustic:
        all:
            acoustic: 0.0169941838831
            not_acoustic: 0.983005821705
        probability: 0.983005821705
        value: "not_acoustic"
    mood_aggressive:
        all:
            aggressive: 0.972049593925
            not_aggressive: 0.0279504340142
        probability: 0.972049593925
        value: "aggressive"
    mood_electronic:
        all:
            electronic: 0.986833691597
            not_electronic: 0.0131663074717
        probability: 0.986833691597
        value: "electronic"
    mood_happy:
        all:
            happy: 0.0574046745896
            not_happy: 0.942595303059
        probability: 0.942595303059
        value: "not_happy"
    mood_party:
        all:
            not_party: 0.151748344302
            party: 0.848251640797
        probability: 0.848251640797
        value: "party"
    mood_relaxed:
        all:
            not_relaxed: 0.856989324093
            relaxed: 0.143010675907
        probability: 0.856989324093
        value: "not_relaxed"
    mood_sad:
        all:
            not_sad: 0.919604182243
            sad: 0.0803958177567
        probability: 0.919604182243
        value: "not_sad"
    rhythm:
        all:
            fast: 0.896253764629
            medium: 0.0896714478731
            slow: 0.0140747688711
        probability: 0.896253764629
        value: "fast"
    speech_music:
        all:
            music: 0.998683929443
            speech: 0.00131605821662
        probability: 0.998683929443
        value: "music"
    timbre:
        all:
            bright: 0.0828312858939
            dark: 0.917168736458
        probability: 0.917168736458
        value: "dark"
    voice_instrumental:
        all:
            instrumental: 0.338583797216
            voice: 0.661416232586
        probability: 0.661416232586
        value: "voice"

lowlevel:
    average_loudness: 0.982048213482
    barkbands_kurtosis:
        dmean: 1.48554170132
        dmean2: 2.33844041824
        dvar: 6.22064256668
        dvar2: 12.8638305664
        max: 30.0832138062
        mean: 0.0307550895959
        min: -1.87980353832
        var: 9.48713874817
    barkbands_skewness:
        dmean: 0.711891114712
        dmean2: 1.10327351093
        dvar: 0.424956202507
        dvar2: 1.01340389252
        max: 4.5912027359
        mean: 0.713620066643
        min: -2.13002824783
        var: 0.952800452709
    barkbands_spread:
        dmean: 9.76133823395
        dmean2: 14.9611139297
        dvar: 74.4794998169
        dvar2: 165.68586731
        max: 80.0920639038
        mean: 44.6866493225
        min: 3.53843665123
        var: 200.859863281
    dissonance:
        dmean: 0.0124687291682
        dmean2: 0.0193177461624
        dvar: 0.000113110785605
        dvar2: 0.000287036556983
        max: 0.499999970198
        mean: 0.477688670158
        min: 0.412813574076
        var: 0.00021227527759
    hfc:
        dmean: 3.48645615578
        dmean2: 5.57924604416
        dvar: 36.3906478882
        dvar2: 93.6070251465
        max: 37.3017883301
        mean: 3.98288822174
        min: 0.00403340999037
        var: 34.1604270935
    pitch:
        dmean: 1075.60559082
        dmean2: 2090.49829102
        dvar: 2351167.75
        dvar2: 5120985.5
        max: 4900
        mean: 2698.81591797
        min: 71.0144958496
        var: 2892547.25
    pitch_instantaneous_confidence:
        dmean: 0.0878350585699
        dmean2: 0.141845032573
        dvar: 0.00455117458478
        dvar2: 0.0117974951863
        max: 0.61872959137
        mean: 0.351508557796
        min: 0.134595632553
        var: 0.00818689353764
    pitch_salience:
        dmean: 0.088377147913
        dmean2: 0.147772401571
        dvar: 0.00582880200818
        dvar2: 0.0151283666492
        max: 0.843825757504
        mean: 0.636794388294
        min: 0.27269718051
        var: 0.0102524776012
    silence_rate_20dB:
        dmean: 0
        dmean2: 0
        dvar: 0
        dvar2: 0
        max: 1
        mean: 1
        min: 1
        var: 0
    silence_rate_30dB:
        dmean: 0
        dmean2: 0
        dvar: 0
        dvar2: 0
        max: 1
        mean: 1
        min: 1
        var: 0
    silence_rate_60dB:
        dmean: 0.163551405072
        dmean2: 0.327868849039
        dvar: 0.136802017689
        dvar2: 0.267209231853
        max: 1
        mean: 0.808857798576
        min: 0
        var: 0.154607653618
    spectral_centroid:
        dmean: 534.895690918
        dmean2: 847.385253906
        dvar: 297582.34375
        dvar2: 713360.6875
        max: 3950.94091797
        mean: 1438.71496582
        min: 173.627365112
        var: 539618.5
    spectral_complexity:
        dmean: 4.02810287476
        dmean2: 6.37793445587
        dvar: 30.8656520844
        dvar2: 65.3241195679
        max: 32
        mean: 6.08411216736
        min: 0
        var: 39.9181861877
    spectral_crest:
        dmean: 2.43095159531
        dmean2: 4.0394525528
        dvar: 4.46125173569
        dvar2: 13.6086750031
        max: 18.7229042053
        mean: 7.43564748764
        min: 2.817445755
        var: 8.05759525299
    spectral_decrease:
        dmean: 3.74900915867e-10
        dmean2: 5.9115456974e-10
        dvar: 3.72291737382e-19
        dvar2: 8.81189302698e-19
        max: -5.9151154027e-13
        mean: -5.41734102022e-10
        min: -4.00955624258e-09
        var: 4.22083383216e-19
    spectral_energy:
        dmean: 0.00169489241671
        dmean2: 0.0026770257391
        dvar: 7.51764900997e-06
        dvar2: 1.76674730028e-05
        max: 0.0185163654387
        mean: 0.0024058886338
        min: 2.5983474643e-06
        var: 8.51013101055e-06
    spectral_energyband_high:
        dmean: 0.000394815724576
        dmean2: 0.000651450944133
        dvar: 6.50086121823e-07
        dvar2: 1.72401371401e-06
        max: 0.00493606599048
        mean: 0.000396621559048
        min: 1.27511370351e-07
        var: 5.34354683168e-07
    spectral_energyband_low:
        dmean: 0.000499966961797
        dmean2: 0.00079372728942
        dvar: 8.80313166363e-07
        dvar2: 2.1623302473e-06
        max: 0.00678864307702
        mean: 0.000659878773149
        min: 3.13179214118e-07
        var: 1.009533662e-06
    spectral_energyband_middle_high:
        dmean: 0.000476889807032
        dmean2: 0.000763177988119
        dvar: 5.45307443645e-07
        dvar2: 1.34639481075e-06
        max: 0.00434482377023
        mean: 0.000602745974902
        min: 8.60615330112e-07
        var: 5.65616915083e-07
    spectral_energyband_middle_low:
        dmean: 0.000651754962746
        dmean2: 0.00114372989628
        dvar: 1.86778186162e-06
        dvar2: 4.80651851831e-06
        max: 0.00852736085653
        mean: 0.000746625533793
        min: 4.48688211918e-07
        var: 1.43247598317e-06
    spectral_flatness_db:
        dmean: 0.0218850951642
        dmean2: 0.0333755984902
        dvar: 0.000408333347877
        dvar2: 0.000902517349459
        max: 0.301636844873
        mean: 0.139157012105
        min: 0.0763915404677
        var: 0.00106006709393
    spectral_flux:
        dmean: 0.0130523908883
        dmean2: 0.0195748563856
        dvar: 0.000293501099804
        dvar2: 0.000504934985656
        max: 0.109874472022
        mean: 0.031745634973
        min: 0.005288135726
        var: 0.000482988572912
    spectral_kurtosis:
        dmean: 1.23380279541
        dmean2: 1.9635386467
        dvar: 4.47623825073
        dvar2: 11.0504159927
        max: 28.8424243927
        mean: 1.95731127262
        min: -0.197372198105
        var: 5.06476736069
    spectral_rms:
        dmean: 0.00045770953875
        dmean2: 0.000690155196935
        dvar: 3.20944252508e-07
        dvar2: 7.16250042387e-07
        max: 0.00425026426092
        mean: 0.00136335333809
        min: 5.03485171066e-05
        var: 4.88476302962e-07
    spectral_rolloff:
        dmean: 899.099487305
        dmean2: 1417.24865723
        dvar: 931989.5625
        dvar2: 2119795.5
        max: 5900.09765625
        mean: 3218.61010742
        min: 215.33203125
        var: 1814837.25
    spectral_skewness:
        dmean: 0.250712066889
        dmean2: 0.38150420785
        dvar: 0.102565146983
        dvar2: 0.247287094593
        max: 4.32406663895
        mean: 1.06101632118
        min: 0.400514662266
        var: 0.171304345131
    spectral_spread:
        dmean: 1028319.125
        dmean2: 1393839.625
        dvar: 1.27791005696e+12
        dvar2: 2.10889709978e+12
        max: 21692732
        mean: 6069756.5
        min: 1289791.375
        var: 2.97799385088e+12
    spectral_strongpeak:
        dmean: 0.130878269672
        dmean2: 0.235688403249
        dvar: 0.126435592771
        dvar2: 0.352518945932
        max: 3.02018523216
        mean: 0.129383265972
        min: 0.00117379333824
        var: 0.0806999355555
    zerocrossingrate:
        dmean: 0.0164826363325
        dmean2: 0.0187793429941
        dvar: 0.00016256836534
        dvar2: 0.000213002800592
        max: 0.18408203125
        mean: 0.0906640142202
        min: 0.0087890625
        var: 0.000963699829299
    barkbands:
        dmean: [3.37576665288e-07, 0.000236616673646, 0.000333921576384, 0.000155268469825, 0.000408071588026, 0.000126750397612, 4.3216317863e-05, 1.47008840941e-05, 1.32191453304e-05, 1.3038785255e-05, 7.51374909669e-06, 8.47838055051e-06, 1.42445796882e-05, 7.7473514466e-06, 1.87489877135e-05, 3.96524919779e-05, 5.67732568015e-05, 0.000100273973658, 0.000200628084713, 0.00018446095055, 0.00021914903482, 5.64992224099e-05, 1.45690573845e-05, 1.39811063491e-05, 3.8425528146e-06, 1.44992640116e-07, 6.17292383875e-10]
        dmean2: [5.71265502458e-07, 0.000379632198019, 0.000557267747354, 0.00027464501909, 0.000726685975678, 0.00023476484057, 7.00412711012e-05, 2.65338148893e-05, 2.07327630051e-05, 2.14527663047e-05, 1.27364464788e-05, 1.41548698593e-05, 2.31892790907e-05, 1.31438710014e-05, 3.20688268403e-05, 6.15881726844e-05, 9.25587009988e-05, 0.000167452861206, 0.000343773077475, 0.000303362525301, 0.000380672921892, 8.95984412637e-05, 2.35253173742e-05, 2.39401524595e-05, 6.1624555201e-06, 2.34661229115e-07, 9.76307257261e-10]
        dvar: [2.58020601412e-13, 1.51594491626e-07, 4.31454395766e-07, 1.76579646904e-07, 8.38825371829e-07, 1.00783744017e-07, 2.33850205866e-09, 7.27114257693e-10, 2.29767788129e-10, 1.77997228068e-10, 1.53454221552e-10, 1.45988110489e-10, 2.59604421293e-10, 1.23363305682e-10, 5.75622161048e-10, 3.43294792593e-09, 6.93999391288e-09, 2.26939285142e-08, 1.49482630718e-07, 1.08245743036e-07, 3.10958654381e-07, 1.28168347047e-08, 9.71362212887e-10, 6.04453875841e-10, 8.90637355533e-11, 6.38796402385e-14, 1.1001456652e-18]
        dvar2: [7.54306393822e-13, 3.3111817288e-07, 1.11646215828e-06, 4.90984916723e-07, 2.21861341743e-06, 2.8844112876e-07, 5.9151985532e-09, 2.09228079306e-09, 5.70629821173e-10, 4.440356971e-10, 4.15732781534e-10, 3.79527326233e-10, 6.19423456971e-10, 3.05031389036e-10, 1.48953616108e-09, 7.42585504199e-09, 1.69291798358e-08, 5.37374056364e-08, 4.05775750778e-07, 2.72346170505e-07, 8.68599386195e-07, 3.14695540737e-08, 2.55053200782e-09, 1.54644597128e-09, 2.43857267712e-10, 1.52803212249e-13, 2.64976928115e-18]
        max: [3.69501503883e-06, 0.0025840732269, 0.00480601191521, 0.00487326364964, 0.0058032553643, 0.00258162431419, 0.000296619778965, 0.000237053071032, 0.000141470402014, 9.58258096944e-05, 0.000110955923446, 7.74681102484e-05, 0.000121693454275, 7.18732990208e-05, 0.000141255557537, 0.000419217481976, 0.000618779507931, 0.00100467004813, 0.00222504534759, 0.00212040124461, 0.00330149987713, 0.000748817634303, 0.000332769384841, 0.000216497282963, 0.000129540931084, 1.82966971352e-06, 7.03156466386e-09]
        mean: [4.65016171347e-07, 0.000320400897181, 0.000339031073963, 0.000173431893927, 0.000359022931661, 0.000108279724373, 6.46170810796e-05, 1.85163553397e-05, 2.0737234081e-05, 1.8192551579e-05, 8.46700277179e-06, 9.65203525993e-06, 1.8750784875e-05, 8.63763034431e-06, 2.15159725485e-05, 4.29071224062e-05, 6.49572975817e-05, 0.000111615743663, 0.000209645499126, 0.00020003352256, 0.000197988381842, 5.93311815464e-05, 1.49456172949e-05, 1.11710933197e-05, 3.45192211171e-06, 1.24574668803e-07, 5.53540546733e-10]
        min: [3.33081673354e-09, 2.1962520691e-07, 8.81858852608e-08, 2.54459592952e-07, 4.79724207025e-08, 3.37653851545e-08, 2.57711825213e-08, 3.16989421378e-08, 5.41064650861e-08, 1.26890098429e-08, 4.7437265227e-10, 4.37604308345e-09, 2.82389112094e-09, 5.17772091868e-09, 2.84502421621e-09, 1.70987668469e-08, 1.21206483072e-07, 8.6253066911e-08, 4.54391901883e-08, 1.19219549788e-07, 5.28672643441e-08, 1.28403652155e-08, 1.79897785557e-09, 1.12776388228e-09, 4.32855168375e-10, 1.32871673733e-11, 2.25421132363e-14]
        var: [3.11440164023e-13, 2.28266259228e-07, 3.78028062187e-07, 1.1789986587e-07, 6.00442433552e-07, 5.90646145326e-08, 3.17945691997e-09, 5.1803922263e-10, 3.3712924119e-10, 2.41699854575e-10, 1.24062787821e-10, 1.31423774641e-10, 3.46687040187e-10, 1.18400497739e-10, 6.1299965104e-10, 4.14710532581e-09, 7.19795112403e-09, 2.28598544538e-08, 1.21624381677e-07, 9.82761250157e-08, 2.13188599218e-07, 1.20652199342e-08, 8.13044853665e-10, 4.84197515416e-10, 6.43522388155e-11, 6.04025293324e-14, 1.11070958881e-18]
    mfcc:
        mean: [-753.288330078, 91.6418457031, -10.5381975174, 74.2890701294, -6.62213230133, 2.43227410316, 4.75124931335, 1.17445194721, -1.45818579197, -1.53481626511, -2.87025117874, 0.641355514526, -2.29985666275]
        cov: [[4082.54418945, -1590.88879395, 34.7848434448, -151.283477783, 177.529998779, 91.4280929565, -62.4530258179, -104.772743225, -65.2986373901, -83.5513916016, -57.5886077881, 14.8329410553, -44.6410598755], [-1590.88879395, 1176.09521484, -183.023162842, 106.473861694, -145.849227905, -38.5735321045, 73.7296981812, 33.7718353271, 32.7424812317, 24.2881412506, 7.78863811493, -5.72192955017, -4.88056135178], [34.7848434448, -183.023162842, 353.557525635, -33.1550636292, 37.9926185608, -29.164352417, 2.68321847916, 7.42039680481, -2.32347607613, -8.19625377655, -1.81261253357, 1.54503619671, -1.46295976639], [-151.283477783, 106.473861694, -33.1550636292, 190.233978271, -10.3535203934, 14.2972011566, 25.5562610626, 26.0565795898, 23.5508289337, 14.768579483, 0.719353497028, 9.25764083862, 1.76455163956], [177.529998779, -145.849227905, 37.9926185608, -10.3535203934, 118.431083679, 14.75963974, 1.38343441486, -11.6116886139, -2.12777066231, 1.65580487251, -6.58564138412, 11.9265260696, -0.966682732105], [91.4280929565, -38.5735321045, -29.164352417, 14.2972011566, 14.75963974, 81.5671386719, 2.90324091911, 10.6927137375, 9.37458515167, 12.0722618103, 18.8337039948, 5.52840995789, 17.6963386536], [-62.4530258179, 73.7296981812, 2.68321847916, 25.5562610626, 1.38343441486, 2.90324091911, 61.6153106689, 14.6628885269, 14.4823741913, 10.7715873718, 4.96866846085, 13.7153224945, -2.11909341812], [-104.772743225, 33.7718353271, 7.42039680481, 26.0565795898, -11.6116886139, 10.6927137375, 14.6628885269, 48.2863349915, 23.9966812134, 14.3343019485, 11.9823694229, 2.46233248711, 7.5500202179], [-65.2986373901, 32.7424812317, -2.32347607613, 23.5508289337, -2.12777066231, 9.37458515167, 14.4823741913, 23.9966812134, 53.2066421509, 18.2660217285, 24.2153625488, 1.95646345615, 15.7187786102], [-83.5513916016, 24.2881412506, -8.19625377655, 14.768579483, 1.65580487251, 12.0722618103, 10.7715873718, 14.3343019485, 18.2660217285, 42.1474189758, 18.6254959106, 14.4392290115, 7.29664850235], [-57.5886077881, 7.78863811493, -1.81261253357, 0.719353497028, -6.58564138412, 18.8337039948, 4.96866846085, 11.9823694229, 24.2153625488, 18.6254959106, 52.764629364, 8.96969223022, 21.419713974], [14.8329410553, -5.72192955017, 1.54503619671, 9.25764083862, 11.9265260696, 5.52840995789, 13.7153224945, 2.46233248711, 1.95646345615, 14.4392290115, 8.96969223022, 35.7628822327, 6.08467197418], [-44.6410598755, -4.88056135178, -1.46295976639, 1.76455163956, -0.966682732105, 17.6963386536, -2.11909341812, 7.5500202179, 15.7187786102, 7.29664850235, 21.419713974, 6.08467197418, 37.2846069336]]
        icov: [[0.000675761024468, 0.000995314447209, 0.000379193254048, 0.000107658313937, 0.000350245536538, -0.000672058435157, -0.000613796990365, 0.000910756585654, -0.000743548735045, 0.0010133178439, 0.000406811595894, -0.000653968018014, 0.00104608933907], [0.000995314447209, 0.00271378620528, 0.00109844864346, -0.000216233922401, 0.00172071240377, -0.000228567107115, -0.00234812125564, 0.00132793921512, -0.00117258704267, 0.000972026551608, 0.000664202554617, -0.000422830140451, 0.00134254910517], [0.000379193254048, 0.00109844864346, 0.00365355843678, 0.000402124016546, -0.000662948237732, 0.00153223413508, -0.0011929924367, -0.00114833354019, 5.76749553147e-05, 0.00110989448149, -0.00032787915552, -0.000109929089376, 0.000107203173684], [0.000107658313937, -0.000216233922401, 0.000402124016546, 0.00638753455132, 0.000227334938245, -0.00122164131608, -0.00103259587195, -0.00188132270705, -0.0022805489134, -0.000105070677819, 0.0021169714164, -0.00160282524303, 0.000749473983888], [0.000350245536538, 0.00172071240377, -0.000662948237732, 0.000227334938245, 0.0115759260952, -0.00285640661605, -0.00151322153397, 0.00409709382802, -0.00289307557978, -0.000286647526082, 0.00330916233361, -0.00380540522747, 0.0013437520247], [-0.000672058435157, -0.000228567107115, 0.00153223413508, -0.00122164131608, -0.00285640661605, 0.0171235967427, -0.00056874146685, -0.00410984596238, 0.00385294761509, -0.00315846223384, -0.00435190787539, 0.00265555060469, -0.00705762207508], [-0.000613796990365, -0.00234812125564, -0.0011929924367, -0.00103259587195, -0.00151322153397, -0.00056874146685, 0.0229683388025, -0.00436425907537, -0.00414829980582, -5.29789213033e-05, -7.39441202313e-06, -0.00823087710887, 0.00448639737442], [0.000910756585654, 0.00132793921512, -0.00114833354019, -0.00188132270705, 0.00409709382802, -0.00410984596238, -0.00436425907537, 0.0322109237313, -0.0112438499928, -0.00363758206367, 0.00184327620082, 0.000565394351725, 0.000895421020687], [-0.000743548735045, -0.00117258704267, 5.76749553147e-05, -0.0022805489134, -0.00289307557978, 0.00385294761509, -0.00414829980582, -0.0112438499928, 0.0349626727402, -0.00816576462239, -0.0102215232328, 0.00901337526739, -0.00953678786755], [0.0010133178439, 0.000972026551608, 0.00110989448149, -0.000105070677819, -0.000286647526082, -0.00315846223384, -5.29789213033e-05, -0.00363758206367, -0.00816576462239, 0.0377183705568, -0.00666201254353, -0.0135131664574, 0.00570788281038], [0.000406811595894, 0.000664202554617, -0.00032787915552, 0.0021169714164, 0.00330916233361, -0.00435190787539, -7.39441202313e-06, 0.00184327620082, -0.0102215232328, -0.00666201254353, 0.0327540561557, -0.00437308289111, -0.0102516086772], [-0.000653968018014, -0.000422830140451, -0.000109929089376, -0.00160282524303, -0.00380540522747, 0.00265555060469, -0.00823087710887, 0.000565394351725, 0.00901337526739, -0.0135131664574, -0.00437308289111, 0.0399605184793, -0.00787262618542], [0.00104608933907, 0.00134254910517, 0.000107203173684, 0.000749473983888, 0.0013437520247, -0.00705762207508, 0.00448639737442, 0.000895421020687, -0.00953678786755, 0.00570788281038, -0.0102516086772, -0.00787262618542, 0.0417537502944]]
    spectral_contrast:
        mean: [1.09930882175e-08, 3.65914019085e-08, -3.15278811058e-07, 1.59658711141e-07, 3.97666042318e-07, -5.91520397109e-08, -4.20623564423e-06, 1.26186375837e-06, 1.49499032887e-06, -1.18512971881e-07, 1.31353044708e-06, 2.29505729976e-07]
        var: [0.000339831080055, 0.000643609557301, 0.000842832785565, 0.00122990866657, 0.00218831328675, 0.00388579652645, 0.0447925664485, 0.0586369521916, 0.13539879024, 0.240522623062, 0.495170086622, 2.00986862183]

rhythm:
    beats_loudness:
        dmean: 0.00316848955117
        dmean2: 0.00464346865192
        dvar: 6.57159125694e-06
        dvar2: 1.48034605445e-05
        max: 0.0117046777159
        mean: 0.00623556831852
        min: 0.00154046609532
        var: 1.05219442048e-05
    beats_loudness_bass:
        dmean: 0.175004571676
        dmean2: 0.332076191902
        dvar: 0.0216601807624
        dvar2: 0.0475978031754
        max: 0.681377112865
        mean: 0.352189749479
        min: 0.0405048578978
        var: 0.0452694483101
    bpm: 145.891143799
    bpm_confidence: 0
    first_peak_bpm: 146
    first_peak_spread: 0
    first_peak_weight: 0.956521749496
    onset_rate: 5.74218797684
    second_peak_bpm: 134
    second_peak_spread: 0
    second_peak_weight: 0.0434782616794
    beats_position: [0.0320546999574, 0.443541646004, 0.855028569698, 1.26651549339, 1.67800235748, 2.08948945999, 2.50097632408, 2.91246342659, 3.3239505291, 3.73543739319, 4.1469244957, 4.55841159821, 4.96989870071, 5.38138580322, 5.79287242889, 6.24010753632, 6.65119314194, 7.06227874756, 7.47336387634, 7.88444852829, 8.29553413391, 8.7066192627, 9.11770439148, 9.52878952026]
    bpm_estimates: [146.015899658, 145.7240448, 146.001724243, 145.834976196, 145.712478638, 145.690322876, 145.690490723, 145.623199463, 146.022094727, 146.155288696, 145.941360474, 146.106521606, 145.864120483, 145.727661133, 146.017059326, 145.851974487, 145.776321411, 146.016738892, 146.07194519, 145.978408813]
    bpm_intervals: [0.411486953497, 0.411486923695, 0.411486923695, 0.41148686409, 0.411487102509, 0.41148686409, 0.411487102509, 0.411487102509, 0.41148686409, 0.411487102509, 0.411487102509, 0.411487102509, 0.411487102509, 0.411486625671, 0.447235107422, 0.411085605621, 0.411085605621, 0.411085128784, 0.411084651947, 0.411085605621, 0.411085128784, 0.411085128784, 0.411085128784]
    onset_times: [0.0348299331963, 0.232199549675, 0.441179126501, 0.638548731804, 0.731428563595, 0.847528338432, 1.05650794506, 1.26548755169, 1.369977355, 1.47446715832, 1.67183673382, 1.88081634045, 2.08979582787, 2.31038546562, 2.3916554451, 2.50775504112, 2.72834467888, 2.92571425438, 3.13469386101, 3.33206343651, 3.54104304314, 3.75002264977, 3.95900225639, 4.051882267, 4.1679816246, 4.38857126236, 4.58594083786, 4.79492044449, 4.99229001999, 5.20126962662, 5.32897949219, 5.41024923325, 5.61922883987, 5.81659841537, 6.03718805313, 6.24616765976, 6.44353723526, 6.65251684189, 6.84988641739, 6.97759628296, 7.07047605515, 7.26784563065, 7.36072540283, 7.47682523727, 7.6858048439, 7.89478445053, 8.09215450287, 8.3011341095, 8.51011371613, 8.62621307373, 8.71909332275, 8.92807292938, 9.0093421936, 9.12544250488, 9.34603214264, 9.54340171814, 9.75238132477]
    rubato_start: []
    rubato_stop: []
    perceptual_tempo: "unknown"

sfx:
    inharmonicity:
        dmean: 0.0439506620169
        dmean2: 0.0749896615744
        dvar: 0.00165412691422
        dvar2: 0.00496481265873
        max: 0.276421695948
        mean: 0.0542085729539
        min: 0.000168931932421
        var: 0.00207381113432
    oddtoevenharmonicenergyratio:
        dmean: 1.39110696316
        dmean2: 2.49117517471
        dvar: 20.4088134766
        dvar2: 51.1911582947
        max: 46.130241394
        mean: 1.05894887447
        min: 0.000194637294044
        var: 13.524646759
    pitch_after_max_to_before_max_energy_ratio: 1.36665225029
    pitch_centroid: 223.316421509
    pitch_max_to_total: 0.443925231695
    pitch_min_to_total: 0.366822421551
    tristimulus:
        dmean: [0.198428109288, 0.259421169758, 0.175930976868]
        dmean2: [0.33721730113, 0.445671588182, 0.317953288555]
        dvar: [0.0269426684827, 0.0401811338961, 0.0236758943647]
        dvar2: [0.0668123140931, 0.115258932114, 0.0665094554424]
        max: [0.964636743069, 0.989610850811, 0.842143416405]
        mean: [0.351141840219, 0.401577919722, 0.18240916729]
        min: [0.0103891696781, 0, 0]
        var: [0.0480311214924, 0.0626709461212, 0.0281290020794]

tonal:
    chords_changes_rate: 0
    chords_number_rate: 0.00465116277337
    chords_strength:
        dmean: 0.0118387639523
        dmean2: 0.0150863220915
        dvar: 8.26974137453e-05
        dvar2: 0.00015935668489
        max: 0.59580218792
        mean: 0.480000972748
        min: 0.340629965067
        var: 0.00442219246179
    key_strength: 0.499762296677
    tuning_diatonic_strength: 0.403955250978
    tuning_equal_tempered_deviation: 0.311053812504
    tuning_frequency: 452.631469727
    tuning_nontempered_energy_ratio: 0.958713591099
    hpcp:
        dmean: [0.230066567659, 0.253509104252, 0.248199567199, 0.234671637416, 0.180830195546, 0.14969420433, 0.15344054997, 0.131555333734, 0.144037857652, 0.178793877363, 0.207542717457, 0.21305449307, 0.172731697559, 0.1839530617, 0.197871446609, 0.250069916248, 0.275970429182, 0.22111299634, 0.168002054095, 0.186132580042, 0.203278571367, 0.178054824471, 0.151301592588, 0.130377694964, 0.125656753778, 0.139411494136, 0.132683634758, 0.122539252043, 0.136639252305, 0.143489122391, 0.154133021832, 0.182981655002, 0.17318482697, 0.193617522717, 0.211480125785, 0.250328034163]
        dmean2: [0.376957207918, 0.445802897215, 0.438731908798, 0.417357861996, 0.318969905376, 0.256741762161, 0.275300085545, 0.234257787466, 0.25155171752, 0.299799323082, 0.3451423347, 0.360564261675, 0.304955393076, 0.335662126541, 0.360408365726, 0.444836080074, 0.471581220627, 0.391132056713, 0.294869542122, 0.331488460302, 0.360448628664, 0.323715984821, 0.271235287189, 0.236244976521, 0.225170224905, 0.252032995224, 0.250436604023, 0.219456419349, 0.245035693049, 0.253091722727, 0.262262254953, 0.310700148344, 0.29869928956, 0.337635874748, 0.366073459387, 0.42040604353]
        dvar: [0.0486663803458, 0.0605631694198, 0.0587132722139, 0.0566373318434, 0.0474675521255, 0.0369796641171, 0.040248375386, 0.0289977472275, 0.0332268215716, 0.0354059822857, 0.0542899407446, 0.0586966723204, 0.0397870950401, 0.0529146417975, 0.0521901138127, 0.0656424686313, 0.0761315077543, 0.051409304142, 0.0428019464016, 0.0611779876053, 0.0678670182824, 0.0581507496536, 0.0476902574301, 0.0437120497227, 0.036755785346, 0.0510273016989, 0.0401297062635, 0.0277187246829, 0.0308524779975, 0.0376717858016, 0.0338001772761, 0.0463761538267, 0.0432458333671, 0.0583741515875, 0.0443588010967, 0.0568483844399]
        dvar2: [0.126850411296, 0.161862775683, 0.158859327435, 0.156504929066, 0.132958993316, 0.0950311794877, 0.108109638095, 0.0815969184041, 0.089088216424, 0.0875328332186, 0.125329047441, 0.125681445003, 0.115279592574, 0.164715453982, 0.155006140471, 0.180782198906, 0.167102888227, 0.129478052258, 0.117078922689, 0.165264591575, 0.176520422101, 0.155958592892, 0.128007009625, 0.125082343817, 0.100583024323, 0.135502442718, 0.10712210834, 0.0791979581118, 0.0842260792851, 0.103856258094, 0.086635582149, 0.129451230168, 0.116614833474, 0.150071904063, 0.100024022162, 0.138525769114]
        max: [1, 1, 1, 1, 1, 1, 1, 1, 1, 1, 1, 1, 1, 1, 1, 1, 1, 1, 1, 1, 1, 1, 1, 1, 1, 1, 0.928360104561, 1, 1, 1, 1, 1, 1, 1, 1, 1]
        mean: [0.295869737864, 0.296773433685, 0.317806899548, 0.264082074165, 0.195793539286, 0.171238616109, 0.163926646113, 0.144151940942, 0.157087892294, 0.226724371314, 0.320157438517, 0.288212746382, 0.189742267132, 0.17426392436, 0.19027030468, 0.298160582781, 0.414683461189, 0.298834681511, 0.150681972504, 0.180434599519, 0.218943059444, 0.18757610023, 0.160023480654, 0.128658100963, 0.107027158141, 0.119306325912, 0.125861078501, 0.146843880415, 0.168590694666, 0.159434095025, 0.162323102355, 0.20278082788, 0.213729634881, 0.202303439379, 0.263261258602, 0.325999945402]
        min: [0.014532411471, 0.00513103837147, 0.00984817370772, 0.00608546752483, 0.00669952481985, 0.00835686549544, 0.00517059070989, 0.00377842504531, 0.00430053658783, 0.0109649533406, 0.0115257008001, 0.00337412534282, 0.00602177623659, 0.00678570056334, 0.00646428298205, 0.00853643659502, 0.0189361963421, 0.010316574946, 0.00415840558708, 0.00612696073949, 0.00547703774646, 0.00549808936194, 0.00511229038239, 0.00749991321936, 0.00395661778748, 0.00324514321983, 0.00512138428167, 0.0120095144957, 0.0130802141502, 0.00891134142876, 0.00403664261103, 0.00416331132874, 0.0113185383379, 0.00713659683242, 0.00256695784628, 0.00221668090671]
        var: [0.0724461600184, 0.0754226446152, 0.0755920782685, 0.058684553951, 0.0408474989235, 0.0364896059036, 0.0350734516978, 0.0259680878371, 0.0302601475269, 0.0458797514439, 0.0892739742994, 0.0941919162869, 0.0394053831697, 0.0403862707317, 0.0419491715729, 0.072525061667, 0.123624756932, 0.0731504559517, 0.0401157476008, 0.0516798384488, 0.0611010827124, 0.0501502193511, 0.0409529656172, 0.0299507342279, 0.0271045509726, 0.0421659648418, 0.0321502014995, 0.0232851263136, 0.0293032992631, 0.0335878916085, 0.0360819064081, 0.0550252683461, 0.0516648925841, 0.0546689219773, 0.0569190271199, 0.082209199667]
    chords_histogram: [0, 0, 0, 0, 0, 0, 0, 0, 0, 0, 0, 0, 0, 0, 0, 0, 0, 0, 0, 0, 0, 100, 0, 0]
    thpcp: [1, 0.720633208752, 0.363366246223, 0.435114055872, 0.527976334095, 0.452335625887, 0.385893076658, 0.310256153345, 0.258093625307, 0.28770455718, 0.303511202335, 0.354110777378, 0.406552731991, 0.384471803904, 0.391438573599, 0.489001482725, 0.515404284, 0.487850278616, 0.634848713875, 0.786141633987, 0.713483333588, 0.71566259861, 0.76638430357, 0.636828064919, 0.472151786089, 0.412938147783, 0.395305484533, 0.347619205713, 0.37881398201, 0.546740829945, 0.772052586079, 0.695018649101, 0.457559287548, 0.420233607292, 0.458832621574, 0.719007670879]
    chords_key: "G#"
    chords_scale: "major"
    key_key: "G"
    key_scale: "minor"
    chords_progression: ["G#", "G#", "G#", "G#", "G#", "G#", "G#", "G#", "G#", "G#", "G#", "G#", "G#", "G#", "G#", "G#", "G#", "G#", "G#", "G#", "G#", "G#", "G#", "G#", "G#", "G#", "G#", "G#", "G#", "G#", "G#", "G#", "G#", "G#", "G#", "G#", "G#", "G#", "G#", "G#", "G#", "G#", "G#", "G#", "G#", "G#", "G#", "G#", "G#", "G#", "G#", "G#", "G#", "G#", "G#", "G#", "G#", "G#", "G#", "G#", "G#", "G#", "G#", "G#", "G#", "G#", "G#", "G#", "G#", "G#", "G#", "G#", "G#", "G#", "G#", "G#", "G#", "G#", "G#", "G#", "G#", "G#", "G#", "G#", "G#", "G#", "G#", "G#", "G#", "G#", "G#", "G#", "G#", "G#", "G#", "G#", "G#", "G#", "G#", "G#", "G#", "G#", "G#", "G#", "G#", "G#", "G#", "G#", "G#", "G#", "G#", "G#", "G#", "G#", "G#", "G#", "G#", "G#", "G#", "G#", "G#", "G#", "G#", "G#", "G#", "G#", "G#", "G#", "G#", "G#", "G#", "G#", "G#", "G#", "G#", "G#", "G#", "G#", "G#", "G#", "G#", "G#", "G#", "G#", "G#", "G#", "G#", "G#", "G#", "G#", "G#", "G#", "G#", "G#", "G#", "G#", "G#", "G#", "G#", "G#", "G#", "G#", "G#", "G#", "G#", "G#", "G#", "G#", "G#", "G#", "G#", "G#", "G#", "G#", "G#", "G#", "G#", "G#", "G#", "G#", "G#", "G#", "G#", "G#", "G#", "G#", "G#", "G#", "G#", "G#", "G#", "G#", "G#", "G#", "G#", "G#", "G#", "G#", "G#", "G#", "G#", "G#", "G#", "G#", "G#", "G#", "G#", "G#", "G#", "G#", "G#", "G#", "G#", "G#", "G#"]
