
metadata:
    version:
        essentia: "1.2.2"
    audio_properties:
        analysis_sample_rate: 44100
        bitrate: 128
        channels: 2
        equal_loudness: 1
        length: 10.0048980713
        replay_gain: -9.59025192261
        downmix: "mix"
    tags:
        track: 23
        year: 0
        album: "Splitted by Mp3Splt v. 2.1"
        artist: "From 003.40 To 003.50"
        comment: "http://mp3splt.sf.net"
        genre: ""
        title: "04 Like Dylan in the Movies.mp"

highlevel:
    ballroom:
        all:
            ChaChaCha: 0.00844547059387
            Jive: 0.0190924052149
            Quickstep: 0.0666330009699
            Rumba-American: 0.0162861365825
            Rumba-International: 0.257846087217
            Rumba-Misc: 0.270371943712
            Samba: 0.0125189134851
            Tango: 0.0131498472765
            VienneseWaltz: 0.213287204504
            Waltz: 0.122368983924
        probability: 0.270371943712
        value: "Rumba-Misc"
    culture:
        all:
            non_western: 0.835607528687
            western: 0.164392501116
        probability: 0.835607528687
        value: "non_western"
    gender:
        all:
            female: 0.72459769249
            male: 0.275402277708
        probability: 0.72459769249
        value: "female"
    genre_dortmund:
        all:
            alternative: 0.59201669693
            blues: 0.00215371581726
            electronic: 0.0240036174655
            folkcountry: 0.037504054606
            funksoulrnb: 0.00612937984988
            jazz: 0.00913649611175
            pop: 0.21809668839
            raphiphop: 0.000800475128926
            rock: 0.110158890486
        probability: 0.59201669693
        value: "alternative"
    genre_electronica:
        all:
            ambient: 0.959493160248
            dnb: 0.0118266167119
            house: 0.00239250552841
            techno: 0.00142351526301
            trance: 0.0248642154038
        probability: 0.959493160248
        value: "ambient"
    genre_rosamerica:
        all:
            cla: 0.102433994412
            dan: 0.0435891002417
            hip: 0.0106849996373
            jaz: 0.0330725088716
            pop: 0.060544218868
            rhy: 0.0649154186249
            roc: 0.677826464176
            spe: 0.00693329190835
        probability: 0.677826464176
        value: "roc"
    genre_tzanetakis:
        all:
            blu: 0.0232678148896
            cla: 0.140173703432
            cou: 0.229194611311
            dis: 0.0438044257462
            hip: 0.012820539996
            jaz: 0.0531180016696
            met: 0.0260475091636
            pop: 0.0316172651947
            reg: 0.0208464153111
            roc: 0.419109731913
        probability: 0.419109731913
        value: "roc"
    live_studio:
        all:
            live: 0.659960210323
            studio: 0.340039789677
        probability: 0.659960210323
        value: "live"
    mood:
        all:
            Cluster1: 0.110164761543
            Cluster2: 0.199404194951
            Cluster3: 0.583010315895
            Cluster4: 0.0350100323558
            Cluster5: 0.0724106878042
        probability: 0.583010315895
        value: "Cluster3"
    mood_acoustic:
        all:
            acoustic: 0.363268435001
            not_acoustic: 0.636731564999
        probability: 0.636731564999
        value: "not_acoustic"
    mood_aggressive:
        all:
            aggressive: 0.0114088524133
            not_aggressive: 0.988591134548
        probability: 0.988591134548
        value: "not_aggressive"
    mood_electronic:
        all:
            electronic: 0.19975194335
            not_electronic: 0.800248026848
        probability: 0.800248026848
        value: "not_electronic"
    mood_happy:
        all:
            happy: 0.132184311748
            not_happy: 0.867815673351
        probability: 0.867815673351
        value: "not_happy"
    mood_party:
        all:
            not_party: 0.958841502666
            party: 0.04115851596
        probability: 0.958841502666
        value: "not_party"
    mood_relaxed:
        all:
            not_relaxed: 0.0891014784575
            relaxed: 0.910898506641
        probability: 0.910898506641
        value: "relaxed"
    mood_sad:
        all:
            not_sad: 0.123486198485
            sad: 0.876513779163
        probability: 0.876513779163
        value: "sad"
    rhythm:
        all:
            fast: 0.0279831197113
            medium: 0.186815842986
            slow: 0.785201013088
        probability: 0.785201013088
        value: "slow"
    speech_music:
        all:
            music: 0.998387694359
            speech: 0.00161230226513
        probability: 0.998387694359
        value: "music"
    timbre:
        all:
            bright: 0.376575857401
            dark: 0.623424112797
        probability: 0.623424112797
        value: "dark"
    voice_instrumental:
        all:
            instrumental: 0.882986307144
            voice: 0.117013722658
        probability: 0.882986307144
        value: "instrumental"

lowlevel:
    average_loudness: 0.984458327293
    barkbands_kurtosis:
        dmean: 1.61068868637
        dmean2: 2.52525687218
        dvar: 2.3093111515
        dvar2: 4.91713428497
        max: 16.2759914398
        mean: 2.94539928436
        min: -1.66511273384
        var: 6.57232046127
    barkbands_skewness:
        dmean: 0.365817189217
        dmean2: 0.583966434002
        dvar: 0.090751491487
        dvar2: 0.242819160223
        max: 3.39565253258
        mean: 1.53528153896
        min: 0.242036119103
        var: 0.258245110512
    barkbands_spread:
        dmean: 4.08111333847
        dmean2: 5.93680095673
        dvar: 27.5546951294
        dvar2: 62.9007644653
        max: 49.0831031799
        mean: 14.0564289093
        min: 3.64204740524
        var: 49.6046714783
    dissonance:
        dmean: 0.0253120940179
        dmean2: 0.0412250123918
        dvar: 0.000445652462076
        dvar2: 0.00117763166782
        max: 0.49812078476
        mean: 0.426290035248
        min: 0.281238436699
        var: 0.00131015328225
    hfc:
        dmean: 0.996632754803
        dmean2: 1.4980982542
        dvar: 2.07110500336
        dvar2: 5.02021121979
        max: 13.3574867249
        mean: 3.7921564579
        min: 0.0421295315027
        var: 3.49092769623
    pitch:
        dmean: 135.044525146
        dmean2: 265.480743408
        dvar: 320184.71875
        dvar2: 949720.625
        max: 4900
        mean: 251.492752075
        min: 83.0508499146
        var: 167819.65625
    pitch_instantaneous_confidence:
        dmean: 0.0670837908983
        dmean2: 0.0999615490437
        dvar: 0.0035867409315
        dvar2: 0.00763805117458
        max: 0.828479468822
        mean: 0.465217381716
        min: 0.212432146072
        var: 0.0143474368379
    pitch_salience:
        dmean: 0.0575174689293
        dmean2: 0.0891343578696
        dvar: 0.00237599946558
        dvar2: 0.00643343245611
        max: 0.775728404522
        mean: 0.595150351524
        min: 0.314165115356
        var: 0.0069079217501
    silence_rate_20dB:
        dmean: 0
        dmean2: 0
        dvar: 0
        dvar2: 0
        max: 1
        mean: 1
        min: 1
        var: 0
    silence_rate_30dB:
        dmean: 0
        dmean2: 0
        dvar: 0
        dvar2: 0
        max: 1
        mean: 1
        min: 1
        var: 0
    silence_rate_60dB:
        dmean: 0.0510440841317
        dmean2: 0.10000000149
        dvar: 0.0484385229647
        dvar2: 0.103953257203
        max: 1
        mean: 0.0601851865649
        min: 0
        var: 0.0565627403557
    spectral_centroid:
        dmean: 135.105926514
        dmean2: 221.051315308
        dvar: 40108.859375
        dvar2: 101114.9375
        max: 2028.4107666
        mean: 679.666259766
        min: 334.523468018
        var: 46472.2148438
    spectral_complexity:
        dmean: 2.11162781715
        dmean2: 3.4452214241
        dvar: 5.26195430756
        dvar2: 12.6386013031
        max: 29
        mean: 11.3967514038
        min: 0
        var: 11.8959531784
    spectral_crest:
        dmean: 1.96038770676
        dmean2: 3.03889632225
        dvar: 2.87701892853
        dvar2: 6.58785629272
        max: 19.3956928253
        mean: 9.17366886139
        min: 3.41877365112
        var: 10.1960363388
    spectral_decrease:
        dmean: 2.88559148798e-10
        dmean2: 4.24499907448e-10
        dvar: 7.79097508274e-20
        dvar2: 1.69720943933e-19
        max: -2.54212467049e-11
        mean: -1.39186639991e-09
        min: -3.18584625347e-09
        var: 2.35855197129e-19
    spectral_energy:
        dmean: 0.00114841735922
        dmean2: 0.0016905850498
        dvar: 1.21877997117e-06
        dvar2: 2.60567071564e-06
        max: 0.0131165469065
        mean: 0.00559717975557
        min: 9.97663082671e-05
        var: 3.79973948839e-06
    spectral_energyband_high:
        dmean: 8.25509414426e-05
        dmean2: 0.000130518834339
        dvar: 2.7818474635e-08
        dvar2: 6.493606719e-08
        max: 0.00122954824474
        mean: 0.000102130725281
        min: 3.91115122511e-07
        var: 2.96342044237e-08
    spectral_energyband_low:
        dmean: 0.000117546092952
        dmean2: 0.000181922601769
        dvar: 1.51278971572e-08
        dvar2: 3.8202170316e-08
        max: 0.000949170615058
        mean: 0.00022935657762
        min: 1.31395574954e-06
        var: 3.00399740638e-08
    spectral_energyband_middle_high:
        dmean: 0.000248983327765
        dmean2: 0.000395709386794
        dvar: 7.50469908439e-08
        dvar2: 2.01429187996e-07
        max: 0.00310878502205
        mean: 0.000894429453183
        min: 5.58737292522e-06
        var: 2.37124652358e-07
    spectral_energyband_middle_low:
        dmean: 0.0010347571224
        dmean2: 0.00150270725135
        dvar: 1.03584886801e-06
        dvar2: 2.38042366618e-06
        max: 0.0109866932034
        mean: 0.0043712654151
        min: 8.95083576324e-05
        var: 3.1042336559e-06
    spectral_flatness_db:
        dmean: 0.0214404277503
        dmean2: 0.0296623129398
        dvar: 0.000422747049015
        dvar2: 0.000821637455374
        max: 0.285450518131
        mean: 0.184625804424
        min: 0.079420492053
        var: 0.00118549878243
    spectral_flux:
        dmean: 0.00708303740248
        dmean2: 0.0109191741794
        dvar: 5.48661191715e-05
        dvar2: 0.000125895006931
        max: 0.0828095972538
        mean: 0.0303037632257
        min: 0.0099883088842
        var: 9.02385654626e-05
    spectral_kurtosis:
        dmean: 3.4342455864
        dmean2: 5.215259552
        dvar: 12.8214206696
        dvar2: 28.2871780396
        max: 27.8316402435
        mean: 8.95599842072
        min: 0.976089954376
        var: 24.9563426971
    spectral_rms:
        dmean: 0.000240349487285
        dmean2: 0.000350536894985
        dvar: 5.5695725365e-08
        dvar2: 1.12191550272e-07
        max: 0.00357723794878
        mean: 0.00230123847723
        min: 0.000311982352287
        var: 1.64966195371e-07
    spectral_rolloff:
        dmean: 361.957763672
        dmean2: 635.806335449
        dvar: 399465.09375
        dvar2: 1016299.5
        max: 4715.77148438
        mean: 1102.93969727
        min: 409.130859375
        var: 427994.28125
    spectral_skewness:
        dmean: 0.371335268021
        dmean2: 0.533012628555
        dvar: 0.119916372001
        dvar2: 0.235972374678
        max: 3.93438673019
        mean: 2.37967586517
        min: 0.977192103863
        var: 0.300895750523
    spectral_spread:
        dmean: 882711
        dmean2: 1181399.25
        dvar: 1.09485437747e+12
        dvar2: 2.00976655974e+12
        max: 10101559
        mean: 4015038.75
        min: 1420333.125
        var: 2.41406102733e+12
    spectral_strongpeak:
        dmean: 0.232149645686
        dmean2: 0.378135800362
        dvar: 0.0747791081667
        dvar2: 0.174344748259
        max: 2.15318608284
        mean: 0.594969570637
        min: 0.0163167379797
        var: 0.175444349647
    zerocrossingrate:
        dmean: 0.00684502162039
        dmean2: 0.00837248656899
        dvar: 4.89877238579e-05
        dvar2: 6.94558257237e-05
        max: 0.10595703125
        mean: 0.043768581003
        min: 0.01806640625
        var: 0.000167375110323
    barkbands:
        dmean: [9.85598873626e-08, 4.16876064264e-05, 8.8976797997e-05, 0.000347102672094, 0.000494173553307, 0.000218715489609, 0.0004911479773, 4.91298487759e-05, 0.000243359128945, 4.96748689329e-05, 4.23562159995e-05, 8.24118178571e-05, 3.10855248244e-05, 0.000102305348264, 2.50630127994e-05, 2.33010068769e-05, 2.5848770747e-05, 3.20755425491e-05, 4.21396034653e-05, 5.41607296327e-05, 3.70061025023e-05, 1.12284924398e-05, 2.23261440624e-06, 3.56260329681e-06, 1.41625639571e-06, 9.63795443454e-08, 5.47105194482e-10]
        dmean2: [1.71895791823e-07, 6.80412558722e-05, 0.000139676209074, 0.000620509148575, 0.000740708492231, 0.000327105779434, 0.000593843928073, 7.46278019506e-05, 0.00034133286681, 7.53539716243e-05, 6.58174030832e-05, 0.000134484303999, 5.18576962349e-05, 0.000184514152352, 3.88739063055e-05, 3.75341660401e-05, 4.24387471867e-05, 4.91020437039e-05, 6.64551262162e-05, 8.62741289893e-05, 5.94133489358e-05, 1.746230555e-05, 3.36817583957e-06, 5.92510741626e-06, 2.21008895096e-06, 1.54544139264e-07, 9.46055012108e-10]
        dvar: [2.90669791296e-14, 2.74263101119e-09, 9.17267328759e-09, 2.35269084214e-07, 2.91722756174e-07, 4.9118529688e-08, 2.4696919354e-07, 2.95111024506e-09, 1.05728879873e-07, 1.9661909878e-09, 2.38021469201e-09, 9.10509445617e-09, 1.09736297826e-09, 2.62285730912e-08, 6.53867127109e-10, 5.2557586061e-10, 1.03192443479e-09, 2.18925455542e-09, 6.61450050288e-09, 1.41038372092e-08, 6.52290443881e-09, 7.31896432349e-10, 2.01866509619e-11, 1.49650000725e-10, 2.72570733345e-11, 7.87909979773e-14, 2.28362440045e-18]
        dvar2: [8.05456775495e-14, 7.33921723395e-09, 2.31725660882e-08, 6.31180796518e-07, 6.95909534443e-07, 1.05969363062e-07, 3.38150584867e-07, 6.01772542907e-09, 1.76410068775e-07, 3.81125442317e-09, 5.87618753656e-09, 2.28395631297e-08, 3.24673488095e-09, 9.65553823562e-08, 1.52533885522e-09, 1.43514955475e-09, 2.47638043405e-09, 4.65577398856e-09, 1.66245079924e-08, 3.67671475487e-08, 1.52400083664e-08, 1.75809478087e-09, 4.76303510522e-11, 4.07334499464e-10, 7.24625498494e-11, 1.77587220103e-13, 5.14412207854e-18]
        max: [1.54137205755e-06, 0.000439098628704, 0.000791121623479, 0.00325218774378, 0.00596239510924, 0.0031499878969, 0.00677567673847, 0.000960144854616, 0.00555579084903, 0.000487932760734, 0.000469809630886, 0.00107948551886, 0.000302263506455, 0.00143445527647, 0.000397979019908, 0.000286303809844, 0.00024741757079, 0.000352299015503, 0.000695404247381, 0.0010685477173, 0.000671749643516, 0.000302714906866, 4.10462853324e-05, 0.000160432216944, 7.21213436918e-05, 2.26877136811e-06, 1.57711408377e-08]
        mean: [9.70526059518e-08, 5.9386529756e-05, 0.000169878840097, 0.000397678435547, 0.00108531094156, 0.00069801369682, 0.00119747081771, 0.000132930188556, 0.000844322843477, 0.000113046735351, 9.00039449334e-05, 0.000150071340613, 6.23281521257e-05, 0.000195020591491, 6.30570866633e-05, 5.43978203495e-05, 4.24104691774e-05, 5.36728766747e-05, 5.84411864111e-05, 6.68835855322e-05, 4.30636573583e-05, 1.18855914479e-05, 2.41177849603e-06, 3.98189149564e-06, 1.33509922762e-06, 8.65769891334e-08, 4.93340146512e-10]
        min: [1.80112563752e-10, 1.43021651411e-07, 5.54794496566e-07, 2.47954517363e-06, 2.69296560873e-05, 5.5927671383e-06, 6.01689498581e-06, 6.16318004631e-07, 8.15460953163e-06, 2.74952344625e-06, 1.73278792204e-07, 6.17301111561e-07, 3.77782413352e-07, 9.88053372453e-08, 2.51091421433e-07, 2.45251385422e-07, 1.79993179472e-07, 1.92081614614e-07, 2.13649528291e-07, 1.25679173379e-06, 1.11915397838e-07, 3.37205214862e-08, 2.19805205148e-08, 8.63641602677e-09, 3.56773832699e-09, 6.10937828105e-11, 4.70904036793e-14]
        var: [2.99524843133e-14, 3.36778427368e-09, 2.02194296861e-08, 2.71126964435e-07, 7.95464018211e-07, 2.19617916741e-07, 1.01799946606e-06, 1.67832805431e-08, 9.47747253122e-07, 5.41395550613e-09, 6.03329119997e-09, 2.08373744925e-08, 1.84969395356e-09, 6.52210729868e-08, 3.38768679775e-09, 1.57505875009e-09, 1.65900027049e-09, 3.20362780748e-09, 6.67487043415e-09, 1.1835417979e-08, 6.96399027333e-09, 7.85929044067e-10, 2.08179636724e-11, 1.39608283267e-10, 2.04415911281e-11, 7.60888002453e-14, 2.11565214218e-18]
    mfcc:
        mean: [-726.376037598, 161.749450684, -32.6669998169, 29.8901939392, -18.5407142639, -9.72282028198, -4.75810909271, -18.6578464508, -7.7902264595, -2.3791577816, -7.41476488113, -6.43893241882, -9.93876171112]
        cov: [[1166.87072754, -764.325073242, 199.193664551, 36.4036254883, 9.74179649353, 56.3590354919, 15.789639473, -16.4541320801, -1.57581043243, -67.5450592041, 25.3463840485, 31.8616657257, -4.01264095306], [-764.325073242, 827.157043457, -267.319152832, -25.8383235931, 1.30977189541, -21.537399292, -25.894947052, 5.5073299408, -10.5736474991, 57.0546646118, 0.818395912647, -20.6883144379, 15.007768631], [199.193664551, -267.319152832, 215.509017944, 2.12416958809, 27.5112304688, -1.69994044304, 32.9430236816, 1.08519971371, 18.8739624023, -2.97122383118, 2.8647954464, 16.0425853729, -5.57026767731], [36.4036254883, -25.8383235931, 2.12416958809, 136.843048096, -9.29543685913, 43.2603874207, -5.10581493378, 30.9952411652, -4.30844211578, -15.3229093552, -9.45452404022, -11.3530082703, 19.5376529694], [9.74179649353, 1.30977189541, 27.5112304688, -9.29543685913, 101.768287659, 21.5768508911, 34.4922332764, -27.8849315643, 1.15319800377, 3.10234117508, -3.62661075592, -7.86573410034, -10.6235570908], [56.3590354919, -21.537399292, -1.69994044304, 43.2603874207, 21.5768508911, 79.5373077393, 12.9973220825, 7.07346057892, -3.21308803558, -12.1962985992, 0.704706788063, -7.76924753189, 12.8104553223], [15.789639473, -25.894947052, 32.9430236816, -5.10581493378, 34.4922332764, 12.9973220825, 69.5130233765, -10.0427427292, 4.25798130035, -4.43862915039, 0.323493212461, 2.57041692734, -3.49739384651], [-16.4541320801, 5.5073299408, 1.08519971371, 30.9952411652, -27.8849315643, 7.07346057892, -10.0427427292, 91.0527420044, 5.21030330658, 4.63100004196, -4.30132389069, 5.55747699738, 3.86607861519], [-1.57581043243, -10.5736474991, 18.8739624023, -4.30844211578, 1.15319800377, -3.21308803558, 4.25798130035, 5.21030330658, 61.44713974, 8.36896133423, 1.91399931908, 1.7209918499, 0.996370792389], [-67.5450592041, 57.0546646118, -2.97122383118, -15.3229093552, 3.10234117508, -12.1962985992, -4.43862915039, 4.63100004196, 8.36896133423, 63.496711731, 8.41537189484, 0.606465756893, -7.54506063461], [25.3463840485, 0.818395912647, 2.8647954464, -9.45452404022, -3.62661075592, 0.704706788063, 0.323493212461, -4.30132389069, 1.91399931908, 8.41537189484, 59.2887268066, 9.73895835876, 4.93034791946], [31.8616657257, -20.6883144379, 16.0425853729, -11.3530082703, -7.86573410034, -7.76924753189, 2.57041692734, 5.55747699738, 1.7209918499, 0.606465756893, 9.73895835876, 46.7947311401, 8.49618911743], [-4.01264095306, 15.007768631, -5.57026767731, 19.5376529694, -10.6235570908, 12.8104553223, -3.49739384651, 3.86607861519, 0.996370792389, -7.54506063461, 4.93034791946, 8.49618911743, 55.2362785339]]
        icov: [[0.00247567985207, 0.00251269061118, 0.000896832090802, -7.35848734621e-05, -0.000519834109582, -0.00101369130425, 0.000491954560857, 0.000266900868155, 0.000122917830595, 0.000385290681152, -0.00104790227488, -0.00101708411239, 6.15881144768e-05], [0.00251269061118, 0.00494219223037, 0.00403575086966, 1.40092288348e-05, -0.0016304863384, -1.62701526278e-05, 1.68531569216e-05, -0.0002804727701, -3.44908085026e-06, -0.0014556782553, -0.00104268395808, -0.000725327583496, -0.00104149919935], [0.000896832090802, 0.00403575086966, 0.00983371958137, -0.000627834524494, -0.00286498107016, 0.00187931896653, -0.00245336303487, -0.000976577983238, -0.0016204060521, -0.00174192222767, -0.000590837677009, -0.00192732503638, -0.000751002633478], [-7.35848734621e-05, 1.40092288348e-05, -0.000627834524494, 0.0104725090787, 0.00104885967448, -0.00498473038897, 0.000891443691216, -0.00284805870615, 0.000606756017078, 0.00109610438813, 0.00124996562954, 0.00261442922056, -0.00253805937245], [-0.000519834109582, -0.0016304863384, -0.00286498107016, 0.00104885967448, 0.0150975715369, -0.00477644288912, -0.005094982218, 0.00402866862714, 0.000166639307281, -0.00120606843848, 0.00153209082782, 0.0016351651866, 0.00259620673023], [-0.00101369130425, -1.62701526278e-05, 0.00187931896653, -0.00498473038897, -0.00477644288912, 0.0189847350121, -0.00268227793276, -0.00189389835577, 0.000321798550431, 0.00135017721914, -0.00140330533031, 0.00245795981027, -0.0035496247001], [0.000491954560857, 1.68531569216e-05, -0.00245336303487, 0.000891443691216, -0.005094982218, -0.00268227793276, 0.018894482404, 0.000551256351173, -0.000780198315624, 0.00188390759286, -0.000315964804031, -0.00175740278792, 0.000838284555357], [0.000266900868155, -0.0002804727701, -0.000976577983238, -0.00284805870615, 0.00402866862714, -0.00189389835577, 0.000551256351173, 0.0137643842027, -0.0011024014093, -0.001564760576, 0.00128957175184, -0.00241735111922, 0.00135294254869], [0.000122917830595, -3.44908085026e-06, -0.0016204060521, 0.000606756017078, 0.000166639307281, 0.000321798550431, -0.000780198315624, -0.0011024014093, 0.0172726716846, -0.00209394330159, -0.000202176495804, 0.000495291606057, -0.00103871361353], [0.000385290681152, -0.0014556782553, -0.00174192222767, 0.00109610438813, -0.00120606843848, 0.00135017721914, 0.00188390759286, -0.001564760576, -0.00209394330159, 0.0191743373871, -0.00296757020988, 6.11605428276e-05, 0.00245622568764], [-0.00104790227488, -0.00104268395808, -0.000590837677009, 0.00124996562954, 0.00153209082782, -0.00140330533031, -0.000315964804031, 0.00128957175184, -0.000202176495804, -0.00296757020988, 0.0187940653414, -0.00296278554015, -0.00140821165405], [-0.00101708411239, -0.000725327583496, -0.00192732503638, 0.00261442922056, 0.0016351651866, 0.00245795981027, -0.00175740278792, -0.00241735111922, 0.000495291606057, 6.11605428276e-05, -0.00296278554015, 0.0255842786282, -0.00486494554207], [6.15881144768e-05, -0.00104149919935, -0.000751002633478, -0.00253805937245, 0.00259620673023, -0.0035496247001, 0.000838284555357, 0.00135294254869, -0.00103871361353, 0.00245622568764, -0.00140821165405, -0.00486494554207, 0.0217226874083]]
    spectral_contrast:
        mean: [2.80857506141e-07, -2.16766949279e-07, -3.38474166028e-07, 4.87451188746e-07, 1.7435395705e-07, -1.76583952793e-07, 3.52753005473e-07, -5.98812306407e-08, 5.31757109457e-07, -2.86045246867e-06, -2.61292370851e-06, -4.33945342593e-06]
        var: [0.000270452408586, 0.000688365427777, 0.00131486274768, 0.00154926022515, 0.0026851168368, 0.00358265452087, 0.0333530083299, 0.0521514005959, 0.0977340862155, 0.191673010588, 0.241245612502, 1.09319663048]

rhythm:
    beats_loudness:
        dmean: 0.00211797468364
        dmean2: 0.00386018003337
        dvar: 2.92495633403e-06
        dvar2: 8.82743006514e-06
        max: 0.00973172672093
        mean: 0.00570044247434
        min: 0.00328279077075
        var: 3.29772979057e-06
    beats_loudness_bass:
        dmean: 0.0477955006063
        dmean2: 0.0836715847254
        dvar: 0.0011287330417
        dvar2: 0.00272984872572
        max: 0.169367700815
        mean: 0.0821208432317
        min: 0.020046742633
        var: 0.00182724359911
    bpm: 161.189651489
    bpm_confidence: 0
    first_peak_bpm: 107
    first_peak_spread: 0
    first_peak_weight: 0.47619047761
    onset_rate: 4.19794368744
    second_peak_bpm: 161
    second_peak_spread: 0
    second_peak_weight: 0.47619047761
    beats_position: [0.185891658068, 0.745322942734, 1.30475413799, 1.86418545246, 2.42361664772, 2.98304796219, 3.54247927666, 4.10191059113, 4.66134214401, 5.22077322006, 5.78020477295, 6.12741041183, 6.49964570999, 6.87188148499, 7.24411678314, 7.6163520813, 7.98858690262, 8.36082267761, 8.73305797577, 9.10529327393, 9.47752857208, 9.84976387024]
    bpm_estimates: [160.905059814, 161.187759399, 160.590835571, 161.021987915, 161.354263306, 162.078018188]
    bpm_intervals: [0.559431314468, 0.559431195259, 0.559431314468, 0.559431195259, 0.559431314468, 0.559431314468, 0.559431314468, 0.559431552887, 0.55943107605, 0.559431552887, 0.347205638885, 0.372235298157, 0.372235774994, 0.372235298157, 0.372235298157, 0.37223482132, 0.372235774994, 0.372235298157, 0.372235298157, 0.372235298157, 0.372235298157]
    onset_times: [0.0348299331963, 0.174149662256, 0.336689352989, 0.545668959618, 0.731428563595, 0.905578255653, 1.07972788811, 1.30031740665, 1.8575963974, 2.0549659729, 2.21750569344, 2.54258513451, 2.5890250206, 2.82122445107, 3.01859402657, 3.16952371597, 3.35528349876, 3.72680282593, 4.09832191467, 4.48145103455, 4.67882108688, 4.85297060013, 5.06195020676, 5.22448968887, 5.630838871, 5.83981847763, 6.17650794983, 6.31582784653, 6.38548755646, 6.7570066452, 6.96598625183, 7.10530614853, 7.51165533066, 7.85995483398, 8.25469398499, 8.47528362274, 8.63782310486, 9.02095222473, 9.2067117691, 9.39247131348, 9.58984088898, 9.75238132477]
    rubato_start: [6.12741041183]
    rubato_stop: [6.49964570999]
    perceptual_tempo: "unknown"

sfx:
    inharmonicity:
        dmean: 0.0341503769159
        dmean2: 0.0610970370471
        dvar: 0.00164544780273
        dvar2: 0.00442474661395
        max: 0.353697836399
        mean: 0.0358000323176
        min: 0.000370865163859
        var: 0.00182023539674
    oddtoevenharmonicenergyratio:
        dmean: 3.49681425095
        dmean2: 6.58323955536
        dvar: 83.5244827271
        dvar2: 249.867004395
        max: 87.7391433716
        mean: 2.253023386
        min: 8.14294035081e-05
        var: 48.4186668396
    pitch_after_max_to_before_max_energy_ratio: 3.62084913254
    pitch_centroid: 209.60597229
    pitch_max_to_total: 0.0696055665612
    pitch_min_to_total: 0.28074246645
    tristimulus:
        dmean: [0.224024400115, 0.21068662405, 0.0617108270526]
        dmean2: [0.392057657242, 0.361563414335, 0.10707513243]
        dvar: [0.0390461683273, 0.0386180952191, 0.0042521529831]
        dvar2: [0.110917568207, 0.11014277488, 0.0122663872316]
        max: [0.948332130909, 0.974110126495, 0.420481026173]
        mean: [0.422219187021, 0.495986163616, 0.0697637796402]
        min: [0.00800953898579, 0, 0]
        var: [0.0606818459928, 0.0576326996088, 0.00502223661169]

tonal:
    chords_changes_rate: 0.0230414755642
    chords_number_rate: 0.0230414755642
    chords_strength:
        dmean: 0.0052715362981
        dmean2: 0.00402017636225
        dvar: 2.08608689718e-05
        dvar2: 1.50423475134e-05
        max: 0.636848628521
        mean: 0.537064611912
        min: 0.367951631546
        var: 0.00419575627893
    key_strength: 0.522082567215
    tuning_diatonic_strength: 0.417273640633
    tuning_equal_tempered_deviation: 0.0736813768744
    tuning_frequency: 439.238189697
    tuning_nontempered_energy_ratio: 0.708188295364
    hpcp:
        dmean: [0.0541523694992, 0.0360724367201, 0.0243932120502, 0.0260364562273, 0.0221368782222, 0.0503387972713, 0.121676020324, 0.101814173162, 0.0400724671781, 0.0292753949761, 0.0209516137838, 0.0207935553044, 0.0394523330033, 0.0323775447905, 0.0143805360422, 0.0110319852829, 0.0118108624592, 0.0672590658069, 0.140437573195, 0.0977947190404, 0.047408696264, 0.0623789951205, 0.0705713927746, 0.0448957234621, 0.0186934396625, 0.0486556366086, 0.133763372898, 0.173932775855, 0.134994164109, 0.115096561611, 0.0634423568845, 0.0532010123134, 0.121825449169, 0.135613545775, 0.133592054248, 0.087642736733]
        dmean2: [0.0832733362913, 0.0517353974283, 0.0434685312212, 0.044311195612, 0.0378839969635, 0.0819384902716, 0.198216915131, 0.165889725089, 0.0682687535882, 0.0459591709077, 0.0347323156893, 0.035868100822, 0.0622897557914, 0.0498983263969, 0.0242738239467, 0.0190684609115, 0.0201948694885, 0.104996837676, 0.220738738775, 0.158721581101, 0.0777202174067, 0.108684360981, 0.118340209126, 0.0742068737745, 0.0338925123215, 0.089276842773, 0.23171544075, 0.263581216335, 0.219978556037, 0.195871397853, 0.114142015576, 0.0989592969418, 0.20104880631, 0.203860580921, 0.213429629803, 0.145490244031]
        dvar: [0.00787080451846, 0.00398851698264, 0.00138132344, 0.00108249532059, 0.000981057877652, 0.00469379499555, 0.0241097453982, 0.0162600185722, 0.00382636743598, 0.00296671479009, 0.0011479316745, 0.000860508880578, 0.00332100782543, 0.00242858659476, 0.000476942630485, 0.000251471472438, 0.000242655645707, 0.00611612433568, 0.027664963156, 0.0125939091668, 0.00438011903316, 0.0163726955652, 0.0190322957933, 0.00714756222442, 0.00153231911827, 0.0158552173525, 0.0381224118173, 0.0445573329926, 0.0271146520972, 0.0349744744599, 0.00990402605385, 0.0134405540302, 0.0260138958693, 0.0250143762678, 0.0236895233393, 0.0111297052354]
        dvar2: [0.0172484125942, 0.00605691689998, 0.00421481253579, 0.00299620302394, 0.00269271456636, 0.0126204788685, 0.0589059330523, 0.0440320260823, 0.00997216627002, 0.00718199554831, 0.00248431856744, 0.00201796414331, 0.00717714242637, 0.00532089406624, 0.00145361118484, 0.00071724463487, 0.000611786788795, 0.0155061203986, 0.0685878917575, 0.029042776674, 0.0100306998938, 0.0369199700654, 0.0409854017198, 0.0175100974739, 0.00452158180997, 0.0470967888832, 0.101145721972, 0.108066178858, 0.0622979402542, 0.090491078794, 0.0271237436682, 0.0368392430246, 0.0647591724992, 0.0549619086087, 0.0490294396877, 0.0271862559021]
        max: [0.795816898346, 0.888900339603, 0.245385721326, 0.263025581837, 0.26566183567, 0.494241148233, 1, 1, 0.389800876379, 0.617292463779, 0.394022256136, 0.252251416445, 0.460443675518, 0.511434495449, 0.179586336017, 0.10259334743, 0.0965882465243, 0.710634350777, 1, 0.742865920067, 0.53069126606, 1, 1, 0.732120931149, 0.255021452904, 0.906100213528, 1, 1, 1, 1, 0.595930278301, 0.78192782402, 1, 1, 1, 0.672864735126]
        mean: [0.0759138166904, 0.0555859617889, 0.0319733656943, 0.04240302369, 0.0355735234916, 0.0799261853099, 0.213585272431, 0.181182265282, 0.0597741119564, 0.0475561730564, 0.0310872178525, 0.0308778677136, 0.0686935633421, 0.0573008209467, 0.0188917219639, 0.0113760828972, 0.0125185428187, 0.129940867424, 0.27774104476, 0.17784498632, 0.108715191483, 0.250428408384, 0.217264324427, 0.0619117245078, 0.0169272348285, 0.037588801235, 0.20379345119, 0.399094849825, 0.310838758945, 0.123853489757, 0.0515765883029, 0.0388335362077, 0.225524544716, 0.62145793438, 0.53250336647, 0.145732372999]
        min: [0.00150013330858, 0.000446628138889, 0.000905775290448, 0.00140425527934, 0.000985505990684, 0.00332763278857, 0.00068135058973, 0.000711080851033, 0.00116639886983, 0.000548495969269, 0.000693905050866, 0.00141902337782, 0.000827740936074, 0.000493454921525, 0.00111168681178, 0.000365852116374, 0.000266775285127, 0.0012119517196, 0.00225624954328, 0.000816799933091, 0.000381373625714, 0.000181037728908, 0.000884814886376, 8.33262456581e-05, 0.000781645299867, 0.000641478574835, 0.000905392342247, 0.00489781610668, 0.00311700813472, 0.00118333869614, 0.000363821629435, 0.000223866736633, 0.00434742681682, 0.00117326492909, 0.00122873659711, 0.0029932721518]
        var: [0.0171038135886, 0.0124929146841, 0.00154824508354, 0.00163922191132, 0.00138714152854, 0.00821446813643, 0.0604010038078, 0.0453623495996, 0.00498562399298, 0.00535585265607, 0.00263832742348, 0.00127036659978, 0.00766766117886, 0.00616483204067, 0.000618037942331, 0.000235234721913, 0.000267655268544, 0.0155522143468, 0.0659754946828, 0.027545645833, 0.0236405227333, 0.145378470421, 0.101976156235, 0.011653537862, 0.00108584202826, 0.0100816683844, 0.0490943789482, 0.136096298695, 0.100690610707, 0.0434753969312, 0.00721319718286, 0.00836751051247, 0.0372811406851, 0.134523168206, 0.127568408847, 0.0201902799308]
    chords_histogram: [16.129032135, 11.520737648, 29.9539165497, 26.2672805786, 0, 0, 0, 0, 0, 16.129032135, 0, 0, 0, 0, 0, 0, 0, 0, 0, 0, 0, 0, 0, 0]
    thpcp: [1, 0.85686147213, 0.234500780702, 0.122154392302, 0.0894444510341, 0.0514489635825, 0.0682315304875, 0.0572420470417, 0.128610774875, 0.343684196472, 0.291543900967, 0.0961836799979, 0.0765235573053, 0.0500230453908, 0.0496861748397, 0.110536143184, 0.0922038629651, 0.0303990356624, 0.0183054748923, 0.0201438292861, 0.20909036696, 0.446918487549, 0.286173820496, 0.17493571341, 0.40296921134, 0.349604219198, 0.0996233522892, 0.0272379405797, 0.060484867543, 0.327927976847, 0.642191231251, 0.500176668167, 0.199295043945, 0.0829928889871, 0.062487795949, 0.362895905972]
    chords_key: "G#"
    chords_scale: "minor"
    key_key: "C#"
    key_scale: "minor"
    chords_progression: ["C#m", "C#m", "C#m", "C#m", "C#m", "C#m", "C#m", "C#m", "C#m", "C#m", "C#m", "C#m", "C#m", "C#m", "C#m", "C#m", "C#m", "C#m", "C#m", "C#m", "C#m", "C#m", "C#m", "C#m", "C#m", "C#m", "C#m", "C#m", "C#m", "C#m", "C#m", "C#m", "C#m", "C#m", "C#m", "E", "E", "E", "E", "E", "E", "E", "E", "E", "E", "E", "E", "E", "E", "E", "E", "E", "E", "E", "E", "E", "E", "E", "E", "E", "G#m", "G#m", "G#m", "G#m", "B", "B", "B", "B", "B", "B", "B", "B", "B", "B", "B", "B", "B", "B", "B", "B", "B", "B", "B", "B", "B", "B", "B", "B", "B", "B", "B", "B", "B", "B", "B", "B", "B", "B", "B", "B", "B", "B", "B", "B", "B", "B", "B", "B", "B", "B", "B", "B", "B", "B", "B", "B", "B", "B", "B", "B", "B", "G#m", "G#m", "G#m", "G#m", "G#m", "G#m", "G#m", "G#m", "G#m", "G#m", "G#m", "G#m", "G#m", "G#m", "G#m", "G#m", "G#m", "G#m", "G#m", "G#m", "G#m", "G#m", "G#m", "G#m", "G#m", "G#m", "G#m", "G#m", "G#m", "G#m", "G#m", "G#m", "G#m", "G#m", "G#m", "G#m", "G#m", "G#m", "G#m", "G#m", "G#m", "G#m", "G#m", "G#m", "G#m", "G#m", "G#m", "G#m", "G#m", "G#m", "G#m", "G#m", "G#m", "G#m", "G#m", "G#m", "G#m", "G#m", "G#m", "G#m", "G#m", "G#", "G#", "G#", "G#", "G#", "G#", "G#", "G#", "G#", "G#", "G#", "G#", "G#", "G#", "G#", "G#", "G#", "G#", "G#", "G#", "G#", "G#", "G#", "G#", "G#", "G#", "G#", "G#", "G#", "G#", "G#", "G#", "G#", "G#", "G#"]
