
metadata:
    version:
        essentia: "1.2.2"
    audio_properties:
        analysis_sample_rate: 44100
        bitrate: 128
        channels: 2
        equal_loudness: 1
        length: 10.0310201645
        replay_gain: -6.97676277161
        downmix: "mix"
    tags:
        track: 34
        year: 0
        album: "Splitted by Mp3Splt v. 2.1"
        artist: "From 005.30 To 005.40"
        comment: "http://mp3splt.sf.net"
        genre: ""
        title: "06 Shellshock.mp3"

highlevel:
    ballroom:
        all:
            ChaChaCha: 0.258338540792
            Jive: 0.501730680466
            Quickstep: 0.0677461028099
            Rumba-American: 0.00132309179753
            Rumba-International: 0.00172500300687
            Rumba-Misc: 0.00115496816579
            Samba: 0.159069538116
            Tango: 0.0015354314819
            VienneseWaltz: 0.00517025450245
            Waltz: 0.0022064212244
        probability: 0.501730680466
        value: "Jive"
    culture:
        all:
            non_western: 0.612756609917
            western: 0.387243419886
        probability: 0.612756609917
        value: "non_western"
    gender:
        all:
            female: 0.638261318207
            male: 0.361738651991
        probability: 0.638261318207
        value: "female"
    genre_dortmund:
        all:
            alternative: 0.0614739172161
            blues: 0.0206403881311
            electronic: 0.0906201601028
            folkcountry: 0.137871593237
            funksoulrnb: 0.030718497932
            jazz: 0.0464842244983
            pop: 0.0804801359773
            raphiphop: 0.125787869096
            rock: 0.405923217535
        probability: 0.405923217535
        value: "rock"
    genre_electronica:
        all:
            ambient: 0.284257471561
            dnb: 0.588563323021
            house: 0.0301842316985
            techno: 0.019503813237
            trance: 0.0774911642075
        probability: 0.588563323021
        value: "dnb"
    genre_rosamerica:
        all:
            cla: 0.0269275251776
            dan: 0.0489469505847
            hip: 0.0606864988804
            jaz: 0.00780315417796
            pop: 0.3986518085
            rhy: 0.0657830908895
            roc: 0.385776817799
            spe: 0.00542416330427
        probability: 0.3986518085
        value: "pop"
    genre_tzanetakis:
        all:
            blu: 0.00162064179312
            cla: 0.00412270380184
            cou: 0.0408938191831
            dis: 0.212366044521
            hip: 0.0168155431747
            jaz: 0.00586956180632
            met: 0.0102531798184
            pop: 0.501305043697
            reg: 0.0340866856277
            roc: 0.1726667732
        probability: 0.501305043697
        value: "pop"
    live_studio:
        all:
            live: 0.078915797174
            studio: 0.921084225178
        probability: 0.921084225178
        value: "studio"
    mood:
        all:
            Cluster1: 0.299735724926
            Cluster2: 0.209070190787
            Cluster3: 0.0767599642277
            Cluster4: 0.117728672922
            Cluster5: 0.296705454588
        probability: 0.299735724926
        value: "Cluster1"
    mood_acoustic:
        all:
            acoustic: 0.0247011370957
            not_acoustic: 0.975298881531
        probability: 0.975298881531
        value: "not_acoustic"
    mood_aggressive:
        all:
            aggressive: 0.81066352129
            not_aggressive: 0.189336493611
        probability: 0.81066352129
        value: "aggressive"
    mood_electronic:
        all:
            electronic: 0.761027991772
            not_electronic: 0.238972008228
        probability: 0.761027991772
        value: "electronic"
    mood_happy:
        all:
            happy: 0.906293332577
            not_happy: 0.0937066674232
        probability: 0.906293332577
        value: "happy"
    mood_party:
        all:
            not_party: 0.187350466847
            party: 0.812649548054
        probability: 0.812649548054
        value: "party"
    mood_relaxed:
        all:
            not_relaxed: 0.944034874439
            relaxed: 0.0559651292861
        probability: 0.944034874439
        value: "not_relaxed"
    mood_sad:
        all:
            not_sad: 0.901975631714
            sad: 0.0980243459344
        probability: 0.901975631714
        value: "not_sad"
    rhythm:
        all:
            fast: 0.794894218445
            medium: 0.199581980705
            slow: 0.00552379759029
        probability: 0.794894218445
        value: "fast"
    speech_music:
        all:
            music: 0.989108204842
            speech: 0.0108917960897
        probability: 0.989108204842
        value: "music"
    timbre:
        all:
            bright: 0.336934566498
            dark: 0.663065433502
        probability: 0.663065433502
        value: "dark"
    voice_instrumental:
        all:
            instrumental: 9.56130897976e-05
            voice: 0.99990439415
        probability: 0.99990439415
        value: "voice"

lowlevel:
    average_loudness: 0.909739911556
    barkbands_kurtosis:
        dmean: 0.661477208138
        dmean2: 1.04697537422
        dvar: 1.03354895115
        dvar2: 2.10962152481
        max: 9.61554718018
        mean: -0.801963865757
        min: -1.84882736206
        var: 1.56238746643
    barkbands_skewness:
        dmean: 0.457244902849
        dmean2: 0.720654428005
        dvar: 0.187246724963
        dvar2: 0.42466172576
        max: 3.24626851082
        mean: 0.347926139832
        min: -1.10247969627
        var: 0.433649361134
    barkbands_spread:
        dmean: 5.88902235031
        dmean2: 8.84529972076
        dvar: 28.3858680725
        dvar2: 66.9897079468
        max: 58.7991714478
        mean: 30.7368793488
        min: 10.6139802933
        var: 71.6178512573
    dissonance:
        dmean: 0.017319239676
        dmean2: 0.0287727862597
        dvar: 0.000275493599474
        dvar2: 0.000746522389818
        max: 0.499899119139
        mean: 0.47053617239
        min: 0.363686084747
        var: 0.000450602034107
    hfc:
        dmean: 2.80255365372
        dmean2: 4.11473989487
        dvar: 12.0893602371
        dvar2: 25.8139858246
        max: 38.1769790649
        mean: 5.88712024689
        min: 0.0725454837084
        var: 28.9525623322
    pitch:
        dmean: 820.367553711
        dmean2: 1594.51501465
        dvar: 1826397
        dvar2: 4467397
        max: 4410
        mean: 850.703125
        min: 58.3333320618
        var: 1592950.75
    pitch_instantaneous_confidence:
        dmean: 0.0869313850999
        dmean2: 0.140603795648
        dvar: 0.00661946553737
        dvar2: 0.0159367807209
        max: 0.833624780178
        mean: 0.374912530184
        min: 0.121484518051
        var: 0.0187466349453
    pitch_salience:
        dmean: 0.0697392448783
        dmean2: 0.116048276424
        dvar: 0.00357830221765
        dvar2: 0.00913399923593
        max: 0.837312281132
        mean: 0.650338053703
        min: 0.374224931002
        var: 0.00723215471953
    silence_rate_20dB:
        dmean: 0
        dmean2: 0
        dvar: 0
        dvar2: 0
        max: 1
        mean: 1
        min: 1
        var: 0
    silence_rate_30dB:
        dmean: 0
        dmean2: 0
        dvar: 0
        dvar2: 0
        max: 1
        mean: 1
        min: 1
        var: 0
    silence_rate_60dB:
        dmean: 0.176334112883
        dmean2: 0.353488385677
        dvar: 0.145240217447
        dvar2: 0.256441175938
        max: 1
        mean: 0.543981492519
        min: 0
        var: 0.248065933585
    spectral_centroid:
        dmean: 319.330871582
        dmean2: 504.754211426
        dvar: 90018.5
        dvar2: 212080.9375
        max: 2895.44067383
        mean: 1598.15026855
        min: 430.239959717
        var: 221426.25
    spectral_complexity:
        dmean: 4.79720258713
        dmean2: 7.07476615906
        dvar: 29.812002182
        dvar2: 60.6626434326
        max: 41
        mean: 11.6046514511
        min: 0
        var: 82.8111572266
    spectral_crest:
        dmean: 2.13656592369
        dmean2: 3.43799352646
        dvar: 4.08423519135
        dvar2: 8.57047271729
        max: 20.7576446533
        mean: 6.61039543152
        min: 2.86240053177
        var: 8.03478717804
    spectral_decrease:
        dmean: 3.59798080218e-10
        dmean2: 5.40346545286e-10
        dvar: 2.28249323096e-19
        dvar2: 5.1096244077e-19
        max: -2.14222389827e-11
        mean: -7.86718579171e-10
        min: -3.78549458446e-09
        var: 4.71698762031e-19
    spectral_energy:
        dmean: 0.00159275031183
        dmean2: 0.0023801762145
        dvar: 4.31808848589e-06
        dvar2: 9.48242814047e-06
        max: 0.0177500899881
        mean: 0.00350323668681
        min: 9.5388480986e-05
        var: 9.3263151939e-06
    spectral_energyband_high:
        dmean: 0.000170147352037
        dmean2: 0.000251918070717
        dvar: 4.78279247318e-08
        dvar2: 9.82148549156e-08
        max: 0.00209958734922
        mean: 0.000286400289042
        min: 3.75153490495e-07
        var: 1.02614151842e-07
    spectral_energyband_low:
        dmean: 8.45918257255e-05
        dmean2: 0.000146265912917
        dvar: 3.33447474077e-08
        dvar2: 9.01353871541e-08
        max: 0.00121165148448
        mean: 8.52575540193e-05
        min: 7.24687865272e-08
        var: 2.41044748606e-08
    spectral_energyband_middle_high:
        dmean: 0.000754815991968
        dmean2: 0.00115299923345
        dvar: 8.28441727663e-07
        dvar2: 1.72487204964e-06
        max: 0.00933568459004
        mean: 0.00167246779893
        min: 1.89932034118e-05
        var: 2.59078933595e-06
    spectral_energyband_middle_low:
        dmean: 0.000819099601358
        dmean2: 0.00126685691066
        dvar: 1.5976523855e-06
        dvar2: 3.88263151763e-06
        max: 0.009452319704
        mean: 0.0014590844512
        min: 2.40318822762e-05
        var: 2.2690253445e-06
    spectral_flatness_db:
        dmean: 0.0221518967301
        dmean2: 0.0321716293693
        dvar: 0.000367417058442
        dvar2: 0.00074119825149
        max: 0.267961442471
        mean: 0.146344199777
        min: 0.0832538157701
        var: 0.000996974180453
    spectral_flux:
        dmean: 0.0103078279644
        dmean2: 0.0156689602882
        dvar: 0.000147315731738
        dvar2: 0.000289958028588
        max: 0.100871168077
        mean: 0.0365673303604
        min: 0.00380691466853
        var: 0.000367463799194
    spectral_kurtosis:
        dmean: 0.986067533493
        dmean2: 1.58497524261
        dvar: 1.1146324873
        dvar2: 2.86048722267
        max: 11.0784387589
        mean: 3.14096045494
        min: -0.198250770569
        var: 2.45252203941
    spectral_rms:
        dmean: 0.000400504999561
        dmean2: 0.000575084530283
        dvar: 1.86812926017e-07
        dvar2: 3.95744677917e-07
        max: 0.00416138954461
        mean: 0.00168353586923
        min: 0.000305060530081
        var: 5.83499456752e-07
    spectral_rolloff:
        dmean: 495.263549805
        dmean2: 791.445922852
        dvar: 322108.75
        dvar2: 699718.5625
        max: 5620.16601562
        mean: 3215.30737305
        min: 322.998046875
        var: 668429.75
    spectral_skewness:
        dmean: 0.172037318349
        dmean2: 0.260566353798
        dvar: 0.025239020586
        dvar2: 0.0573310703039
        max: 2.52956295013
        mean: 1.37705874443
        min: 0.556024193764
        var: 0.0766957253218
    spectral_spread:
        dmean: 818355.3125
        dmean2: 1120316.75
        dvar: 556300107776
        dvar2: 1.0120822784e+12
        max: 11149704
        mean: 5327280
        min: 2971641.25
        var: 2.0109688832e+12
    spectral_strongpeak:
        dmean: 0.27172678709
        dmean2: 0.441360771656
        dvar: 0.142763778567
        dvar2: 0.368634730577
        max: 4.68318080902
        mean: 0.448077082634
        min: 0.013508643955
        var: 0.265650302172
    zerocrossingrate:
        dmean: 0.0101082185283
        dmean2: 0.0119149750099
        dvar: 6.92457615514e-05
        dvar2: 8.64305475261e-05
        max: 0.1708984375
        mean: 0.0911212265491
        min: 0.025390625
        var: 0.000434080255218
    barkbands:
        dmean: [1.13023055803e-07, 3.02901462419e-05, 6.23067899141e-05, 0.000172080195625, 0.00019897473976, 0.000173927488504, 9.85464066616e-05, 0.000274427147815, 0.000161295552971, 0.00012264160614, 8.66747868713e-05, 9.65716535575e-05, 0.000103668906377, 5.0902563089e-05, 7.38034577807e-05, 6.79269141983e-05, 0.000102862868516, 0.000176467467099, 0.000211275997572, 0.000153452710947, 6.20069840807e-05, 3.95533606934e-05, 8.77930415299e-06, 2.61285390479e-06, 1.82303472229e-06, 1.61770771001e-07, 3.77027908893e-10]
        dmean2: [1.44932087665e-07, 5.18880842719e-05, 0.000109216278361, 0.000291775417281, 0.000315002602292, 0.000281508051557, 0.00016758259153, 0.000439311435912, 0.000260810658801, 0.000191703365999, 0.000141958866152, 0.000157628586749, 0.000160977695487, 8.21411813376e-05, 0.000122350567835, 0.000112169880595, 0.000160888273967, 0.000283839501208, 0.000349715031916, 0.00025731898495, 8.98691723705e-05, 6.11766445218e-05, 1.28610863612e-05, 3.64181164514e-06, 2.61871809926e-06, 2.58405975728e-07, 5.75406444714e-10]
        dvar: [1.41708541603e-12, 4.58692639427e-09, 1.69509508652e-08, 1.6587316054e-07, 7.39068397593e-08, 7.78337110319e-08, 3.2733407096e-08, 2.16419849153e-07, 9.50708525238e-08, 9.79742580398e-08, 4.00668547229e-08, 3.32076055543e-08, 4.65583482878e-08, 9.09333230936e-09, 9.34510779871e-09, 1.03495505499e-08, 2.04798986658e-08, 5.39537410305e-08, 8.69765273137e-08, 4.37856897406e-08, 5.5366125018e-09, 5.83890846784e-09, 1.8792029044e-10, 1.37808887565e-11, 4.39933939972e-12, 3.28835130783e-14, 4.16360120558e-18]
        dvar2: [1.43511125292e-12, 1.24462298245e-08, 4.68161616141e-08, 4.31492452435e-07, 1.70048835457e-07, 1.96297918365e-07, 8.39016820464e-08, 5.54848782031e-07, 2.33814446915e-07, 2.17230891053e-07, 1.07844066122e-07, 8.19120842266e-08, 9.54803596187e-08, 2.42054003508e-08, 2.28127809976e-08, 2.46365470247e-08, 4.79268784659e-08, 1.31993559194e-07, 2.18705466182e-07, 1.14745127178e-07, 9.83604575566e-09, 1.41690970068e-08, 4.35424585277e-10, 2.68140527143e-11, 8.84092712233e-12, 7.17687695839e-14, 4.37263388227e-18]
        max: [2.46200943366e-05, 0.000530447869096, 0.000795083527919, 0.00353021384217, 0.00217771111056, 0.00242259982042, 0.00209195329808, 0.00351839885116, 0.00350458384492, 0.00527539290488, 0.0026768418029, 0.00193940056488, 0.00334418937564, 0.00111883389764, 0.00092431018129, 0.00078116246732, 0.00118219177239, 0.0026048575528, 0.0027706627734, 0.00153264787514, 0.000671178800985, 0.000711254368071, 0.000111009787361, 4.1067818529e-05, 1.89544552995e-05, 1.38639518354e-06, 4.20227195264e-08]
        mean: [1.06065897398e-07, 2.51214696618e-05, 6.00575403951e-05, 0.000155597706907, 0.000338736834237, 0.000259324879153, 0.000115739239845, 0.000348648027284, 0.000218206158024, 0.000171391031472, 0.000111517896585, 0.000126101134811, 0.000147879763972, 6.51713708066e-05, 9.02557731024e-05, 9.78825846687e-05, 0.000152589564095, 0.000277363549685, 0.000322771578794, 0.000240972236497, 0.000104793638457, 5.45048496861e-05, 1.19043797895e-05, 4.06667641073e-06, 2.3641300686e-06, 1.69826805063e-07, 3.66440183752e-10]
        min: [5.84630607814e-12, 4.74877293044e-09, 2.26907559409e-08, 5.04318009575e-08, 1.1286708741e-06, 1.61603020388e-06, 4.60230950239e-07, 3.55735835456e-07, 1.29603535015e-07, 5.65668472063e-07, 1.27556262441e-07, 3.8676463987e-07, 3.70022348761e-07, 4.30227004244e-07, 6.78391472775e-07, 3.97464333446e-07, 9.76300384536e-07, 2.4191558623e-06, 2.08572100746e-06, 1.40209340316e-06, 7.85509186585e-08, 5.35542561408e-08, 1.99995771055e-08, 1.00873922548e-08, 4.6545212129e-09, 1.909240821e-10, 1.93598663576e-13]
        var: [1.4150045068e-12, 3.24188298428e-09, 1.23437056132e-08, 1.30586883529e-07, 1.53549621018e-07, 1.10436552347e-07, 3.52858116059e-08, 3.28075401512e-07, 1.39424415124e-07, 1.82044999519e-07, 6.19914999334e-08, 5.44379652467e-08, 9.07086956659e-08, 9.44054345808e-09, 1.24650627598e-08, 1.64393618718e-08, 3.82052611769e-08, 9.4052104771e-08, 1.41927671393e-07, 6.28054266372e-08, 1.40758373846e-08, 7.31930649422e-09, 2.84560736086e-10, 3.42700416656e-11, 1.07972528487e-11, 5.92802716637e-14, 4.20666174672e-18]
    mfcc:
        mean: [-724.854003906, 92.9986801147, -49.7411613464, 37.4221534729, -27.8667736053, -13.8814916611, -10.1680679321, -9.90576934814, -13.4485530853, -9.24763774872, -4.73035335541, -11.279545784, -9.22302722931]
        cov: [[4090.30615234, -415.262969971, -24.5097084045, -63.7479934692, -158.820510864, 106.462501526, 109.731582642, 194.271072388, 172.79234314, 68.7418060303, 69.9457168579, 146.954177856, 58.6785545349], [-415.262969971, 585.557312012, 41.9696426392, 166.308792114, 111.760215759, 98.2979202271, 64.34790802, 90.5823898315, 50.2019805908, 56.1903648376, 48.7063522339, 36.4206542969, 16.5998401642], [-24.5097084045, 41.9696426392, 371.263397217, 93.7640838623, 134.82131958, 68.794631958, 21.0171298981, 4.43546772003, 93.0929870605, 30.9963722229, 13.457318306, 38.2386360168, 24.9575271606], [-63.7479934692, 166.308792114, 93.7640838623, 313.458221436, 179.985656738, 42.7113075256, -19.5508880615, 42.3205413818, 83.7998275757, 46.5660057068, 5.01994657516, 18.6147937775, 30.0807113647], [-158.820510864, 111.760215759, 134.82131958, 179.985656738, 255.028411865, 78.503326416, 37.0301704407, 16.6418819427, 74.5266036987, 47.0032501221, 19.9790344238, 17.6367301941, 21.7502269745], [106.462501526, 98.2979202271, 68.794631958, 42.7113075256, 78.503326416, 160.004867554, 91.7619018555, 53.9986877441, 68.8863830566, 59.7167243958, 50.1905326843, 39.0982055664, 22.1927146912], [109.731582642, 64.34790802, 21.0171298981, -19.5508880615, 37.0301704407, 91.7619018555, 190.544769287, 89.316368103, 47.5374221802, 55.3837242126, 43.9101829529, 27.0789489746, 14.523109436], [194.271072388, 90.5823898315, 4.43546772003, 42.3205413818, 16.6418819427, 53.9986877441, 89.316368103, 113.905525208, 53.928855896, 44.2797393799, 31.889957428, 26.4468517303, 20.8147678375], [172.79234314, 50.2019805908, 93.0929870605, 83.7998275757, 74.5266036987, 68.8863830566, 47.5374221802, 53.928855896, 134.062667847, 63.2947540283, 26.5813121796, 37.5439109802, 27.9770240784], [68.7418060303, 56.1903648376, 30.9963722229, 46.5660057068, 47.0032501221, 59.7167243958, 55.3837242126, 44.2797393799, 63.2947540283, 94.133140564, 49.4481315613, 22.6573200226, 13.9507913589], [69.9457168579, 48.7063522339, 13.457318306, 5.01994657516, 19.9790344238, 50.1905326843, 43.9101829529, 31.889957428, 26.5813121796, 49.4481315613, 80.5589294434, 35.3269691467, 18.6415462494], [146.954177856, 36.4206542969, 38.2386360168, 18.6147937775, 17.6367301941, 39.0982055664, 27.0789489746, 26.4468517303, 37.5439109802, 22.6573200226, 35.3269691467, 69.618309021, 35.9485778809], [58.6785545349, 16.5998401642, 24.9575271606, 30.0807113647, 21.7502269745, 22.1927146912, 14.523109436, 20.8147678375, 27.9770240784, 13.9507913589, 18.6415462494, 35.9485778809, 56.8824157715]]
        icov: [[0.000371263042325, 0.000434965564637, 7.38951130188e-05, -0.000100638688309, 0.000267281197011, -0.000268916599452, 0.00019487591635, -0.000800912908744, -0.000310343923047, 0.000138328920002, -5.89763749304e-06, -0.000778699817602, 0.000369683199096], [0.000434965564637, 0.00291880685836, 0.000127393723233, -0.00129377725534, 0.000133712906973, -0.00122268497944, 0.000329104048433, -0.00239921198227, 0.000625503889751, 0.000231226586038, -0.000561783905141, -0.00155884842388, 0.00135252077598], [7.38951130188e-05, 0.000127393723233, 0.00392158143222, 0.000132259592647, -0.00148351758253, -0.000569322553929, 3.46866145264e-05, 0.00101655570325, -0.00237525370903, 0.000847572460771, 0.000316727673635, -0.00139803963248, 0.000244676397415], [-0.000100638688309, -0.00129377725534, 0.000132259592647, 0.00832183100283, -0.00535242119804, 0.000829951430205, 0.00423602247611, -0.00382090173662, -0.00136932416353, -0.00194336625282, 0.00219793384895, 0.00047437887406, -0.00180797884241], [0.000267281197011, 0.000133712906973, -0.00148351758253, -0.00535242119804, 0.00969870015979, -0.00214751204476, -0.00299247540534, 0.00385776907206, -0.000988496700302, 0.000269379495876, -0.000969402259216, 0.00118346803356, -0.000361759477528], [-0.000268916599452, -0.00122268497944, -0.000569322553929, 0.000829951430205, -0.00214751204476, 0.0126004014164, -0.00365617941134, 0.000926587497815, -0.00214872159995, -0.00141772907227, -0.00254746107385, -0.00123214791529, -3.72809663531e-05], [0.00019487591635, 0.000329104048433, 3.46866145264e-05, 0.00423602247611, -0.00299247540534, -0.00365617941134, 0.0126580819488, -0.00954657513648, 0.000921252765693, -0.00246549025178, 0.00055447104387, -0.000483058654936, 0.000554950733203], [-0.000800912908744, -0.00239921198227, 0.00101655570325, -0.00382090173662, 0.00385776907206, 0.000926587497815, -0.00954657513648, 0.02257226035, -0.00407283706591, -0.000359561876394, -0.00153408199549, 0.00171566929203, -0.00304821296595], [-0.000310343923047, 0.000625503889751, -0.00237525370903, -0.00136932416353, -0.000988496700302, -0.00214872159995, 0.000921252765693, -0.00407283706591, 0.0175004787743, -0.00845611188561, 0.0043538515456, -0.00356127601117, -0.00133436464239], [0.000138328920002, 0.000231226586038, 0.000847572460771, -0.00194336625282, 0.000269379495876, -0.00141772907227, -0.00246549025178, -0.000359561876394, -0.00845611188561, 0.0243963971734, -0.0120015488937, 0.00331122404896, 0.00167302472983], [-5.89763749304e-06, -0.000561783905141, 0.000316727673635, 0.00219793384895, -0.000969402259216, -0.00254746107385, 0.00055447104387, -0.00153408199549, 0.0043538515456, -0.0120015488937, 0.0247679650784, -0.00888015702367, -0.00104972161353], [-0.000778699817602, -0.00155884842388, -0.00139803963248, 0.00047437887406, 0.00118346803356, -0.00123214791529, -0.000483058654936, 0.00171566929203, -0.00356127601117, 0.00331122404896, -0.00888015702367, 0.0299299992621, -0.0139210242778], [0.000369683199096, 0.00135252077598, 0.000244676397415, -0.00180797884241, -0.000361759477528, -3.72809663531e-05, 0.000554950733203, -0.00304821296595, -0.00133436464239, 0.00167302472983, -0.00104972161353, -0.0139210242778, 0.0281672216952]]
    spectral_contrast:
        mean: [-1.03745001923e-07, -4.61546143526e-08, 1.76786684847e-07, -5.67976812249e-08, -3.84796493336e-07, -4.1295058395e-07, 5.47333502254e-06, -1.94519066099e-06, -9.18881823964e-07, 2.31557109487e-07, -3.01738123198e-06, 3.82024200007e-06]
        var: [0.000546367897186, 0.000619416299742, 0.00121431553271, 0.00228252098896, 0.00450960127637, 0.00563669996336, 0.0517978146672, 0.104171663523, 0.128837287426, 0.271997749805, 1.01636981964, 2.69993185997]

rhythm:
    beats_loudness:
        dmean: 0.00578447896987
        dmean2: 0.0113654555753
        dvar: 1.0259350347e-05
        dvar2: 3.46324013663e-05
        max: 0.0169551093131
        mean: 0.00770581606776
        min: 0.00111775507685
        var: 1.53269884322e-05
    beats_loudness_bass:
        dmean: 0.0911870002747
        dmean2: 0.154914811254
        dvar: 0.00547448173165
        dvar2: 0.0170153919607
        max: 0.359756708145
        mean: 0.0826754122972
        min: 0.00158511742484
        var: 0.00659435754642
    bpm: 122.892784119
    bpm_confidence: 0
    first_peak_bpm: 123
    first_peak_spread: 0
    first_peak_weight: 0.949999988079
    onset_rate: 5.38330078125
    second_peak_bpm: 115
    second_peak_spread: 0
    second_peak_weight: 0.0500000007451
    beats_position: [0.0917098969221, 0.579857826233, 1.06800580025, 1.55615365505, 2.04430150986, 2.53244972229, 3.0205976963, 3.50874567032, 3.99689364433, 4.48504161835, 4.97318983078, 5.46133756638, 5.98103380203, 6.4693570137, 6.95768070221, 7.44600486755, 7.93432807922, 8.42265129089, 8.91097450256, 9.39929866791, 9.88762187958]
    bpm_estimates: [123.122634888, 122.824790955, 123.125534058, 123.013153076, 123.040496826, 122.966598511, 122.699928284, 122.690582275, 122.799301147, 122.854568481, 122.826126099, 122.838897705, 122.854637146, 122.831680298, 123.055046082, 123.020507812, 122.777793884, 122.768211365, 122.85218811]
    bpm_intervals: [0.48814791441, 0.488147974014, 0.488147854805, 0.488147854805, 0.488148212433, 0.488147974014, 0.488147974014, 0.488147974014, 0.488147974014, 0.488148212433, 0.488147735596, 0.519696235657, 0.48832321167, 0.488323688507, 0.488324165344, 0.48832321167, 0.48832321167, 0.48832321167, 0.488324165344, 0.48832321167]
    onset_times: [0.0580498874187, 0.232199549675, 0.325079351664, 0.452789127827, 0.580498874187, 0.812698423862, 0.940408170223, 1.06811785698, 1.32353746891, 1.43963718414, 1.55573701859, 1.92725622654, 2.04335594177, 2.29877543449, 2.42648530006, 2.53097510338, 2.67029476166, 2.7863945961, 2.91410422325, 3.01859402657, 3.27401351929, 3.5178232193, 3.76163268089, 4.00544214249, 4.2492518425, 4.41179132462, 4.5046710968, 4.74848079681, 4.86458063126, 4.96907043457, 5.23609972, 5.45668935776, 5.72371864319, 5.85142850876, 5.9675283432, 6.21133804321, 6.59446716309, 6.6989569664, 6.94276666641, 7.19818592072, 7.44199562073, 7.70902490616, 7.92961454391, 8.18503379822, 8.42884349823, 8.67265319824, 8.8119726181, 8.91646289825, 9.17188167572, 9.31120204926, 9.41569137573, 9.65950107574, 9.78721046448, 9.90331077576]
    rubato_start: []
    rubato_stop: []
    perceptual_tempo: "unknown"

sfx:
    inharmonicity:
        dmean: 0.0551164261997
        dmean2: 0.0987640619278
        dvar: 0.00437027821317
        dvar2: 0.0112443882972
        max: 0.435559898615
        mean: 0.0619172640145
        min: 0.000966363644693
        var: 0.00440824730322
    oddtoevenharmonicenergyratio:
        dmean: 3.59429740906
        dmean2: 6.58379936218
        dvar: 77.9852142334
        dvar2: 222.713806152
        max: 78.5074539185
        mean: 2.63540410995
        min: 0.000791679893155
        var: 47.0273246765
    pitch_after_max_to_before_max_energy_ratio: 3.55607938766
    pitch_centroid: 236.463241577
    pitch_max_to_total: 0.327906966209
    pitch_min_to_total: 0.779069781303
    tristimulus:
        dmean: [0.196987956762, 0.244407773018, 0.137462601066]
        dmean2: [0.349739104509, 0.429400324821, 0.234744206071]
        dvar: [0.0276963114738, 0.0421054139733, 0.0166469868273]
        dvar2: [0.0698341727257, 0.110019244254, 0.0452801585197]
        max: [0.899455487728, 0.997833490372, 0.751215755939]
        mean: [0.287511467934, 0.498542785645, 0.161082908511]
        min: [0.000112644993351, 0, 0]
        var: [0.0419673658907, 0.059793908149, 0.0203268267214]

tonal:
    chords_changes_rate: 0.0324074067175
    chords_number_rate: 0.0277777779847
    chords_strength:
        dmean: 0.00966636743397
        dmean2: 0.0111352372915
        dvar: 6.06841604167e-05
        dvar2: 9.98782779789e-05
        max: 0.827737987041
        mean: 0.564570486546
        min: 0.442205905914
        var: 0.0070315329358
    key_strength: 0.563658297062
    tuning_diatonic_strength: 0.493659228086
    tuning_equal_tempered_deviation: 0.358383506536
    tuning_frequency: 451.84777832
    tuning_nontempered_energy_ratio: 0.958004772663
    hpcp:
        dmean: [0.14961437881, 0.137744933367, 0.124129913747, 0.117299959064, 0.131886005402, 0.142632976174, 0.165226534009, 0.182566851377, 0.203407034278, 0.233459323645, 0.149105936289, 0.119807124138, 0.173623993993, 0.238204941154, 0.232901528478, 0.180855333805, 0.124069437385, 0.0959248319268, 0.109393201768, 0.154439419508, 0.160797685385, 0.173766791821, 0.19510230422, 0.149278596044, 0.114559732378, 0.116886749864, 0.120178356767, 0.115644194186, 0.106859177351, 0.124197244644, 0.11429823935, 0.0989065989852, 0.107979185879, 0.145595252514, 0.201556295156, 0.164221599698]
        dmean2: [0.267238885164, 0.236328840256, 0.214879140258, 0.204561129212, 0.223097130656, 0.233384996653, 0.279783815145, 0.316989839077, 0.336448788643, 0.405101031065, 0.243468686938, 0.210786163807, 0.3047131598, 0.409422039986, 0.399098545313, 0.316135257483, 0.215660810471, 0.161872714758, 0.189513221383, 0.259953856468, 0.275402367115, 0.311222583055, 0.332507103682, 0.249086201191, 0.188395366073, 0.192387253046, 0.200558632612, 0.20240829885, 0.174162015319, 0.19889549911, 0.196738168597, 0.174208804965, 0.184871971607, 0.241841644049, 0.309359163046, 0.270049154758]
        dvar: [0.0335662700236, 0.0197782907635, 0.0202978365123, 0.019855171442, 0.0297189224511, 0.0332253612578, 0.0324384979904, 0.0425001010299, 0.0350671373308, 0.0589358396828, 0.0257386732846, 0.0250159092247, 0.0414514280856, 0.0489344187081, 0.0437050424516, 0.0364858023822, 0.0277387350798, 0.0211399868131, 0.031296223402, 0.0335136502981, 0.03573461622, 0.0457162447274, 0.0445400811732, 0.029765188694, 0.016518317163, 0.0173356384039, 0.0188861284405, 0.0196041148156, 0.0145201776177, 0.0182814523578, 0.0200985260308, 0.0132515765727, 0.0141854481772, 0.0219893604517, 0.0320215635002, 0.0240561459213]
        dvar2: [0.0981402695179, 0.0542742572725, 0.0518136657774, 0.0529060140252, 0.0685386881232, 0.0633701458573, 0.0811149403453, 0.0969148427248, 0.0901621580124, 0.143598631024, 0.0578482709825, 0.071055367589, 0.107942320406, 0.12594345212, 0.112139366567, 0.101560123265, 0.0757141411304, 0.0560726076365, 0.0846905186772, 0.0843091309071, 0.0972062945366, 0.120446883142, 0.118383735418, 0.0692276805639, 0.0397103875875, 0.041274048388, 0.0520698316395, 0.0558869950473, 0.0325785428286, 0.0448093861341, 0.0556885041296, 0.0354414172471, 0.0392350964248, 0.0568671151996, 0.087142303586, 0.0552438162267]
        max: [1, 0.910815358162, 1, 1, 1, 1, 1, 1, 1, 1, 1, 1, 1, 1, 1, 1, 1, 0.921973884106, 1, 1, 1, 1, 1, 1, 0.81497335434, 0.976833105087, 1, 1, 1, 1, 1, 0.785745382309, 0.74947655201, 1, 1, 1]
        mean: [0.198442727327, 0.175011828542, 0.162850320339, 0.149020805955, 0.177958652377, 0.207581505179, 0.236281141639, 0.289045929909, 0.312672019005, 0.289528816938, 0.199904710054, 0.1398473382, 0.243113741279, 0.51485401392, 0.502963721752, 0.230247810483, 0.129554957151, 0.103136509657, 0.119150862098, 0.196534514427, 0.221340402961, 0.216908186674, 0.297046124935, 0.287193804979, 0.187288686633, 0.169158533216, 0.171295329928, 0.156321406364, 0.166676461697, 0.167658358812, 0.137449219823, 0.121695503592, 0.135026872158, 0.219289779663, 0.333215475082, 0.299196958542]
        min: [0.00662744557485, 0.00328802131116, 0.00489045679569, 0.00479853898287, 0.00549939461052, 0.00457820948213, 0.00813664123416, 0.00579820387065, 0.00348596624099, 0.00281120697036, 0.00567513005808, 0.00352752953768, 0.00325968186371, 0.00898143276572, 0.00955914705992, 0.00452311057597, 0.00152187841013, 0.000858443498146, 0.00268706935458, 0.00391175737604, 0.0142197553068, 0.00658729067072, 0.0046519045718, 0.00834636949003, 0.0057692299597, 0.00822619814426, 0.0103566972539, 0.0052030319348, 0.00467473454773, 0.00532677164301, 0.00448196101934, 0.00253029097803, 0.00274864747189, 0.00868005212396, 0.0093754529953, 0.00898144673556]
        var: [0.0425989218056, 0.0314548127353, 0.0345649830997, 0.0217378530651, 0.0362847149372, 0.0582475624979, 0.0502818077803, 0.0757006704807, 0.0781728923321, 0.091447122395, 0.0494887195528, 0.0291205085814, 0.0530252717435, 0.121851861477, 0.116256572306, 0.0419213101268, 0.0273751374334, 0.0199407357723, 0.026246663183, 0.0495263300836, 0.0556320659816, 0.0555983446538, 0.0876895412803, 0.0823158845305, 0.028253056109, 0.0226155668497, 0.0220226477832, 0.0228342525661, 0.032146923244, 0.0318423435092, 0.0192761626095, 0.0141938570887, 0.0177723821253, 0.0393984466791, 0.0738277956843, 0.05738023296]
    chords_histogram: [40.7407417297, 25, 0, 0, 0, 0, 0, 14.3518514633, 0, 2.31481480598, 0, 0, 0, 0, 0, 0, 12.9629631042, 0, 0, 0, 0, 0, 0, 4.62962961197]
    thpcp: [1, 0.976905524731, 0.447209894657, 0.25163435936, 0.200321853161, 0.231426492333, 0.381728619337, 0.429909050465, 0.421300381422, 0.576952159405, 0.55781596899, 0.363770455122, 0.32855629921, 0.332706600428, 0.30362278223, 0.323735386133, 0.32564252615, 0.266967356205, 0.236368954182, 0.262262433767, 0.425926119089, 0.647203803062, 0.581129670143, 0.385434955359, 0.339925140142, 0.316303879023, 0.289442837238, 0.345648765564, 0.40318518877, 0.458928436041, 0.561413347721, 0.607302308083, 0.562351286411, 0.388274550438, 0.271625220776, 0.472199380398]
    chords_key: "C#"
    chords_scale: "minor"
    key_key: "C#"
    key_scale: "minor"
    chords_progression: ["Am", "Am", "Am", "Am", "Am", "Am", "Am", "Am", "Am", "Am", "Am", "Am", "Am", "Am", "Am", "Am", "Am", "Am", "Am", "Am", "Am", "Am", "Am", "Am", "Am", "Am", "Am", "Am", "G#", "G#", "G#", "G#", "G#", "C#m", "C#m", "C#m", "C#m", "C#m", "C#m", "C#m", "C#m", "C#m", "C#m", "C#m", "C#m", "C#m", "C#m", "C#m", "C#m", "C#m", "C#m", "C#m", "C#m", "C#m", "C#m", "C#m", "C#m", "C#m", "C#m", "C#m", "C#m", "C#m", "C#m", "C#m", "C#m", "C#m", "C#m", "C#m", "C#m", "C#m", "C#m", "C#m", "C#m", "C#m", "C#m", "C#m", "C#m", "C#m", "C#m", "C#m", "C#m", "C#m", "C#m", "C#m", "C#m", "C#m", "C#m", "C#m", "C#m", "C#", "C#", "C#", "C#", "C#", "C#", "C#", "C#", "C#", "C#", "C#", "C#", "C#", "C#", "C#", "C#", "C#", "C#", "C#", "C#", "C#", "C#", "C#", "C#", "C#", "C#", "C#", "C#", "C#", "C#", "C#", "C#m", "C#m", "C#m", "C#m", "C#m", "C#m", "C#m", "C#m", "C#m", "C#m", "C#m", "C#m", "C#m", "C#m", "C#m", "C#m", "C#m", "C#m", "C#m", "C#m", "C#m", "C#m", "C#m", "C#m", "C#m", "C#m", "C#m", "C#m", "C#m", "C#m", "C#m", "C#m", "E", "E", "E", "E", "E", "E", "E", "E", "E", "E", "A", "A", "A", "A", "A", "A", "A", "A", "A", "A", "E", "E", "E", "E", "E", "E", "E", "E", "E", "E", "E", "E", "E", "E", "E", "E", "E", "E", "E", "E", "E", "E", "E", "E", "E", "E", "E", "E", "E", "E", "E", "E", "E", "E", "E", "E", "E", "E", "E", "E", "E", "E", "E", "E"]
