
metadata:
    version:
        essentia: "1.2.2"
    audio_properties:
        analysis_sample_rate: 44100
        bitrate: 128
        channels: 2
        equal_loudness: 1
        length: 10.0310201645
        replay_gain: -16.0520248413
        downmix: "mix"
    tags:
        track: 18
        year: 0
        album: "Splitted by Mp3Splt v. 2.1"
        artist: "From 002.50 To 003.00"
        comment: "http://mp3splt.sf.net"
        genre: ""
        title: "03 When I Look to the Sky.mp3"

highlevel:
    ballroom:
        all:
            ChaChaCha: 0.461653798819
            Jive: 0.140944048762
            Quickstep: 0.168867841363
            Rumba-American: 0.010457156226
            Rumba-International: 0.0147767635062
            Rumba-Misc: 0.00387025461532
            Samba: 0.0906410217285
            Tango: 0.0690217986703
            VienneseWaltz: 0.0197231154889
            Waltz: 0.0200441926718
        probability: 0.461653798819
        value: "ChaChaCha"
    culture:
        all:
            non_western: 0.0236929692328
            western: 0.976307034492
        probability: 0.976307034492
        value: "western"
    gender:
        all:
            female: 0.175685092807
            male: 0.824314892292
        probability: 0.824314892292
        value: "male"
    genre_dortmund:
        all:
            alternative: 0.0325769372284
            blues: 0.173828601837
            electronic: 0.00495077017695
            folkcountry: 0.352809548378
            funksoulrnb: 0.0284298826009
            jazz: 0.0816754028201
            pop: 0.0994361266494
            raphiphop: 0.00176556641236
            rock: 0.224527180195
        probability: 0.352809548378
        value: "folkcountry"
    genre_electronica:
        all:
            ambient: 0.580504655838
            dnb: 0.123349122703
            house: 0.10860107094
            techno: 0.0209004748613
            trance: 0.166644692421
        probability: 0.580504655838
        value: "ambient"
    genre_rosamerica:
        all:
            cla: 0.055541832
            dan: 0.00836147274822
            hip: 0.00276922970079
            jaz: 0.0309056807309
            pop: 0.653590261936
            rhy: 0.207741051912
            roc: 0.0390251688659
            spe: 0.00206527928822
        probability: 0.653590261936
        value: "pop"
    genre_tzanetakis:
        all:
            blu: 0.0125758862123
            cla: 0.0236889086664
            cou: 0.356646239758
            dis: 0.116985023022
            hip: 0.00282038608566
            jaz: 0.0322378538549
            met: 0.0025850192178
            pop: 0.209642589092
            reg: 0.0515751577914
            roc: 0.191242933273
        probability: 0.356646239758
        value: "cou"
    live_studio:
        all:
            live: 0.0449611917138
            studio: 0.955038785934
        probability: 0.955038785934
        value: "studio"
    mood:
        all:
            Cluster1: 0.155171170831
            Cluster2: 0.377403348684
            Cluster3: 0.171554371715
            Cluster4: 0.231900125742
            Cluster5: 0.0639709755778
        probability: 0.377403348684
        value: "Cluster2"
    mood_acoustic:
        all:
            acoustic: 0.657188057899
            not_acoustic: 0.342811942101
        probability: 0.657188057899
        value: "acoustic"
    mood_aggressive:
        all:
            aggressive: 0.00985045637935
            not_aggressive: 0.99014955759
        probability: 0.99014955759
        value: "not_aggressive"
    mood_electronic:
        all:
            electronic: 0.0309409946203
            not_electronic: 0.969058990479
        probability: 0.969058990479
        value: "not_electronic"
    mood_happy:
        all:
            happy: 0.928865790367
            not_happy: 0.0711342170835
        probability: 0.928865790367
        value: "happy"
    mood_party:
        all:
            not_party: 0.655418932438
            party: 0.344581067562
        probability: 0.655418932438
        value: "not_party"
    mood_relaxed:
        all:
            not_relaxed: 0.52493172884
            relaxed: 0.475068241358
        probability: 0.52493172884
        value: "not_relaxed"
    mood_sad:
        all:
            not_sad: 0.519117832184
            sad: 0.480882138014
        probability: 0.519117832184
        value: "not_sad"
    rhythm:
        all:
            fast: 0.989454507828
            medium: 0.00820497516543
            slow: 0.00234052934684
        probability: 0.989454507828
        value: "fast"
    speech_music:
        all:
            music: 0.997651278973
            speech: 0.00234870961867
        probability: 0.997651278973
        value: "music"
    timbre:
        all:
            bright: 0.995971918106
            dark: 0.00402809260413
        probability: 0.995971918106
        value: "bright"
    voice_instrumental:
        all:
            instrumental: 0.00684951618314
            voice: 0.993150472641
        probability: 0.993150472641
        value: "voice"

lowlevel:
    average_loudness: 0.968617022038
    barkbands_kurtosis:
        dmean: 0.790652692318
        dmean2: 1.22878706455
        dvar: 1.21145308018
        dvar2: 2.76616597176
        max: 13.2398204803
        mean: 0.330010741949
        min: -1.85357820988
        var: 7.16587305069
    barkbands_skewness:
        dmean: 0.350018084049
        dmean2: 0.474180966616
        dvar: 0.116567522287
        dvar2: 0.239309385419
        max: 3.79447484016
        mean: 0.21386282146
        min: -3.0438182354
        var: 1.37876522541
    barkbands_spread:
        dmean: 3.82622623444
        dmean2: 5.90339374542
        dvar: 15.079366684
        dvar2: 34.098361969
        max: 51.9635429382
        mean: 25.8514080048
        min: 6.2886633873
        var: 98.0633163452
    dissonance:
        dmean: 0.0203547608107
        dmean2: 0.0344474613667
        dvar: 0.000376549374778
        dvar2: 0.000925555941649
        max: 0.499275773764
        mean: 0.443492770195
        min: 0.2980286479
        var: 0.00130384706426
    hfc:
        dmean: 1.6188120842
        dmean2: 2.27310609818
        dvar: 5.14626407623
        dvar2: 9.26703453064
        max: 34.021320343
        mean: 7.68191957474
        min: 0.0124388765544
        var: 51.5417556763
    pitch:
        dmean: 411.678070068
        dmean2: 800.618225098
        dvar: 1047590.0625
        dvar2: 2926279.75
        max: 4410
        mean: 712.979736328
        min: 97.3509902954
        var: 1190209.375
    pitch_instantaneous_confidence:
        dmean: 0.0743045732379
        dmean2: 0.111133545637
        dvar: 0.00580941000953
        dvar2: 0.0109668122604
        max: 0.920430779457
        mean: 0.619252443314
        min: 0.189298927784
        var: 0.0340311266482
    pitch_salience:
        dmean: 0.0473770797253
        dmean2: 0.0704517140985
        dvar: 0.00205202400684
        dvar2: 0.00525718787685
        max: 0.793574094772
        mean: 0.526247441769
        min: 0.16096572578
        var: 0.0148683832958
    silence_rate_20dB:
        dmean: 0
        dmean2: 0
        dvar: 0
        dvar2: 0
        max: 1
        mean: 1
        min: 1
        var: 0
    silence_rate_30dB:
        dmean: 0
        dmean2: 0
        dvar: 0
        dvar2: 0
        max: 1
        mean: 1
        min: 1
        var: 0
    silence_rate_60dB:
        dmean: 0.0648148134351
        dmean2: 0.127610206604
        dvar: 0.060614284128
        dvar2: 0.125247329473
        max: 1
        mean: 0.47344109416
        min: 0
        var: 0.249294996262
    spectral_centroid:
        dmean: 203.70135498
        dmean2: 275.51651001
        dvar: 46992.125
        dvar2: 86746.25
        max: 3937.30395508
        mean: 1700.0892334
        min: 401.705535889
        var: 518913.65625
    spectral_complexity:
        dmean: 1.90255224705
        dmean2: 2.98604655266
        dvar: 5.51255369186
        dvar2: 11.2556142807
        max: 37
        mean: 9.33333301544
        min: 0
        var: 54.6667137146
    spectral_crest:
        dmean: 2.00351548195
        dmean2: 2.92617106438
        dvar: 3.52774953842
        dvar2: 8.07884597778
        max: 24.1474266052
        mean: 9.57354736328
        min: 3.41272544861
        var: 16.792974472
    spectral_decrease:
        dmean: 1.49387127668e-10
        dmean2: 2.11604331279e-10
        dvar: 5.71570300294e-20
        dvar2: 1.19585255588e-19
        max: -4.39977177955e-12
        mean: -8.33719981941e-10
        min: -3.74684461235e-09
        var: 3.97967630391e-19
    spectral_energy:
        dmean: 0.000685850391164
        dmean2: 0.000953973853029
        dvar: 1.10345263238e-06
        dvar2: 2.25905523621e-06
        max: 0.0156038906425
        mean: 0.00384342065081
        min: 1.79866601684e-05
        var: 8.89675084181e-06
    spectral_energyband_high:
        dmean: 0.000117629591841
        dmean2: 0.000179352369742
        dvar: 3.26455413813e-08
        dvar2: 7.48661577177e-08
        max: 0.00309596839361
        mean: 0.000349836540408
        min: 1.0289934238e-07
        var: 1.59110584264e-07
    spectral_energyband_low:
        dmean: 3.10611212626e-05
        dmean2: 5.01540089317e-05
        dvar: 1.43635690009e-08
        dvar2: 3.44691670762e-08
        max: 0.00204439228401
        mean: 6.96339120623e-05
        min: 1.00482040466e-07
        var: 2.8675442465e-08
    spectral_energyband_middle_high:
        dmean: 0.000545702292584
        dmean2: 0.000761366041843
        dvar: 6.89545913701e-07
        dvar2: 1.23855966194e-06
        max: 0.0111158322543
        mean: 0.00233043730259
        min: 3.25701739712e-06
        var: 5.25872746948e-06
    spectral_energyband_middle_low:
        dmean: 0.000339670863468
        dmean2: 0.000491145299748
        dvar: 4.91288005833e-07
        dvar2: 1.14028239295e-06
        max: 0.0111840618774
        mean: 0.0010935125174
        min: 1.1165629985e-05
        var: 1.14766146453e-06
    spectral_flatness_db:
        dmean: 0.0131284454837
        dmean2: 0.0199078321457
        dvar: 0.000145376252476
        dvar2: 0.000307580106892
        max: 0.322443038225
        mean: 0.186894059181
        min: 0.0906064659357
        var: 0.00177034875378
    spectral_flux:
        dmean: 0.00880167447031
        dmean2: 0.0137941036373
        dvar: 0.00012690143194
        dvar2: 0.000318827747833
        max: 0.115461193025
        mean: 0.0336164310575
        min: 0.000918552861549
        var: 0.000528830219992
    spectral_kurtosis:
        dmean: 0.954217493534
        dmean2: 1.59733200073
        dvar: 1.16899549961
        dvar2: 2.94513964653
        max: 14.3069515228
        mean: 3.93526959419
        min: 0.770287275314
        var: 4.05096960068
    spectral_rms:
        dmean: 0.000165684294188
        dmean2: 0.000224585470278
        dvar: 5.7578176893e-08
        dvar2: 9.80618182211e-08
        max: 0.00390170584433
        mean: 0.00174266751856
        min: 0.00013246871822
        var: 7.12789415047e-07
    spectral_rolloff:
        dmean: 331.441223145
        dmean2: 554.505065918
        dvar: 184103.875
        dvar2: 435798.46875
        max: 5275.63476562
        mean: 2980.80297852
        min: 258.3984375
        var: 1358895.375
    spectral_skewness:
        dmean: 0.145988628268
        dmean2: 0.228264674544
        dvar: 0.021612059325
        dvar2: 0.044497538358
        max: 2.86154460907
        mean: 1.40681385994
        min: 0.337148219347
        var: 0.165625169873
    spectral_spread:
        dmean: 367647.15625
        dmean2: 534655.75
        dvar: 183626186752
        dvar2: 347448016896
        max: 8407937
        mean: 4615096
        min: 2966231.75
        var: 661768896512
    spectral_strongpeak:
        dmean: 0.545863926411
        dmean2: 0.905065774918
        dvar: 0.860577940941
        dvar2: 1.98264920712
        max: 9.08786773682
        mean: 1.07263493538
        min: 0.00894939340651
        var: 1.73187303543
    zerocrossingrate:
        dmean: 0.00783742405474
        dmean2: 0.00892646238208
        dvar: 6.19295387878e-05
        dvar2: 6.27534536761e-05
        max: 0.1884765625
        mean: 0.0930740907788
        min: 0.0205078125
        var: 0.00116580852773
    barkbands:
        dmean: [1.25932038131e-08, 3.59687851414e-06, 2.87245038635e-05, 4.84408774355e-05, 9.7390890005e-05, 0.000166262980201, 0.000101567362435, 4.40690346295e-05, 7.5919815572e-05, 0.00011514795915, 6.56414413243e-05, 2.70287837338e-05, 6.59809520585e-05, 6.37190896668e-05, 0.000163575139595, 9.54112765612e-05, 0.000112673566036, 0.000214300103835, 0.000164310404216, 0.000136727947393, 6.08592999924e-05, 3.11550247716e-05, 3.49602373717e-06, 1.39125427268e-06, 7.89809746493e-07, 7.4309227216e-08, 4.52983789367e-10]
        dmean2: [1.43323539703e-08, 5.89186402067e-06, 4.66056008008e-05, 8.39462518343e-05, 0.000144859106513, 0.000212096216273, 0.000166730649653, 6.86234634486e-05, 0.000113357076771, 0.000166265162989, 9.24689593376e-05, 4.82194955111e-05, 0.000108798456495, 9.89593245322e-05, 0.000246387993684, 0.000154374429258, 0.00018449734489, 0.000319487851812, 0.00026300616446, 0.000213856750634, 9.17384895729e-05, 4.80117632833e-05, 5.51925541004e-06, 2.26251154345e-06, 1.2018963389e-06, 1.17781453923e-07, 6.19337359176e-10]
        dvar: [4.35914122182e-14, 2.80685918952e-10, 1.09562146022e-08, 1.34100792692e-08, 5.56940840113e-08, 1.39771088925e-07, 1.36326136158e-07, 7.87535725522e-08, 6.97213238254e-08, 9.43812565879e-08, 2.5469049092e-08, 1.68706417725e-08, 5.15539682056e-08, 3.5726795744e-08, 2.47552094379e-07, 7.69625358998e-08, 3.34830829729e-08, 1.25871665091e-07, 9.66158850702e-08, 7.41523962233e-08, 1.08377538055e-08, 2.66017652351e-09, 3.67136356039e-11, 1.74939802228e-11, 2.75866525803e-12, 3.90312273875e-14, 2.38172496053e-17]
        dvar2: [4.38935420942e-14, 6.1427363196e-10, 2.66291770856e-08, 3.0918442917e-08, 1.06989425319e-07, 3.16100084774e-07, 3.79034815978e-07, 2.10514301102e-07, 1.22762457977e-07, 1.87432846133e-07, 4.57864715031e-08, 4.84513407173e-08, 1.42867435216e-07, 7.96062167296e-08, 5.77143794089e-07, 1.91758076085e-07, 7.48445856402e-08, 2.24883905275e-07, 2.39519437173e-07, 1.62823454275e-07, 2.67763198281e-08, 5.81619064022e-09, 9.33796442948e-11, 4.81556947096e-11, 6.67542496974e-12, 9.98850795911e-14, 2.44712235606e-17]
        max: [4.35075253336e-06, 0.00028254406061, 0.00176178314723, 0.00154947710689, 0.00389988371171, 0.00535287102684, 0.00422110036016, 0.00462976098061, 0.00441457005218, 0.00382567150518, 0.0031038064044, 0.0017772228457, 0.00284160696901, 0.00238907407038, 0.0059503596276, 0.00294806272723, 0.00254509039223, 0.00624233437702, 0.00473696412519, 0.00492418278009, 0.00147763558198, 0.000541727524251, 6.53225215501e-05, 5.7803481468e-05, 2.46961972152e-05, 1.9109047571e-06, 1.01300969391e-07]
        mean: [1.30660966491e-08, 6.07528500041e-06, 6.35501783108e-05, 8.27791591291e-05, 0.000303452718072, 0.000364846142475, 0.000123271791381, 6.41771694063e-05, 0.000131157386932, 0.00017192173982, 0.00025330032804, 3.0695071473e-05, 0.000101777986856, 0.000114636684884, 0.000239801724092, 0.000131158871227, 0.000237010346609, 0.000489562458824, 0.000386865489418, 0.000306896079564, 0.000145274665556, 8.29241325846e-05, 7.60354214435e-06, 2.87162401946e-06, 1.7012976059e-06, 9.89465647194e-08, 4.66230554164e-10]
        min: [5.31704780031e-13, 1.19280563204e-09, 9.69301439113e-08, 4.12724546095e-07, 6.36145557564e-07, 1.42631691347e-07, 3.65224330778e-08, 1.29213859168e-07, 1.15594701811e-07, 2.51432403786e-08, 1.39850257597e-07, 8.45313365971e-08, 1.28557484658e-08, 2.04538945781e-08, 1.47204062273e-08, 1.71640159863e-08, 4.72744510205e-08, 1.07749087874e-07, 1.46439845139e-07, 8.36770510659e-08, 4.7217863397e-08, 7.41498107359e-09, 1.40201583676e-09, 1.4544202509e-09, 1.16675824557e-09, 8.48612916049e-11, 3.42289510537e-13]
        var: [4.38175700151e-14, 3.829565276e-10, 2.44939091232e-08, 2.44416060724e-08, 1.85381878737e-07, 3.42560781519e-07, 9.63986153124e-08, 5.67620261904e-08, 1.69556884089e-07, 1.96147084353e-07, 3.66619190117e-07, 1.06264854693e-08, 6.60367973637e-08, 6.7538749704e-08, 4.16760713051e-07, 9.78050067602e-08, 1.10620874239e-07, 6.14909083652e-07, 3.77350318104e-07, 2.32086648566e-07, 3.7523122387e-08, 1.26009247481e-08, 1.16743031908e-10, 2.46824349154e-11, 6.19032993268e-12, 4.12656088228e-14, 2.37943730982e-17]
    mfcc:
        mean: [-762.046630859, 93.5837478638, -54.7448539734, 51.694316864, -26.0251922607, -15.2573347092, -5.62820863724, -9.69332122803, -8.7854347229, -19.4178295135, -6.7034034729, -8.49450111389, -8.60794639587]
        cov: [[11101.3564453, -2658.26635742, -471.707000732, 166.832717896, 549.165588379, 806.29510498, -226.963287354, -169.658981323, 186.280517578, 612.956787109, 350.527618408, -435.94708252, -331.613220215], [-2658.26635742, 935.14666748, 128.848495483, -99.3127441406, -87.9176254272, -256.721893311, 25.9228916168, 20.4259281158, -66.4756774902, -147.572479248, -80.7638931274, 101.846855164, 65.5075683594], [-471.707000732, 128.848495483, 224.89390564, 27.0161418915, 3.67614722252, -42.1141777039, 20.8227100372, -7.21646928787, -41.1935462952, -34.4950408936, -40.7340660095, 39.2259140015, -10.5476713181], [166.832717896, -99.3127441406, 27.0161418915, 462.733215332, 28.339805603, -41.4780807495, -190.737731934, 11.7663679123, -58.1663284302, -103.298316956, -45.9817962646, 53.8478164673, 86.9365844727], [549.165588379, -87.9176254272, 3.67614722252, 28.339805603, 136.603607178, 59.5623474121, -15.2754259109, -20.0291023254, 14.1539964676, 62.3140487671, 8.83114051819, -20.0094680786, -14.9045381546], [806.29510498, -256.721893311, -42.1141777039, -41.4780807495, 59.5623474121, 219.363739014, 94.0454406738, 35.486415863, 42.9803962708, 65.8934173584, 59.0012397766, -24.2629985809, -21.3841247559], [-226.963287354, 25.9228916168, 20.8227100372, -190.737731934, -15.2754259109, 94.0454406738, 234.871170044, 55.6265258789, 12.2532167435, 9.43566608429, 19.7550525665, -1.16356468201, -30.1767940521], [-169.658981323, 20.4259281158, -7.21646928787, 11.7663679123, -20.0291023254, 35.486415863, 55.6265258789, 116.409034729, 24.3655166626, -21.1648578644, 4.49075365067, 5.41649484634, 23.7470664978], [186.280517578, -66.4756774902, -41.1935462952, -58.1663284302, 14.1539964676, 42.9803962708, 12.2532167435, 24.3655166626, 99.3050231934, 69.0618743896, 29.1731071472, -25.2914180756, -2.07783269882], [612.956787109, -147.572479248, -34.4950408936, -103.298316956, 62.3140487671, 65.8934173584, 9.43566608429, -21.1648578644, 69.0618743896, 207.415145874, 44.7889022827, -39.6197395325, -29.0068626404], [350.527618408, -80.7638931274, -40.7340660095, -45.9817962646, 8.83114051819, 59.0012397766, 19.7550525665, 4.49075365067, 29.1731071472, 44.7889022827, 104.424369812, 3.68320608139, -0.36696189642], [-435.94708252, 101.846855164, 39.2259140015, 53.8478164673, -20.0094680786, -24.2629985809, -1.16356468201, 5.41649484634, -25.2914180756, -39.6197395325, 3.68320608139, 109.1485672, 63.1851081848], [-331.613220215, 65.5075683594, -10.5476713181, 86.9365844727, -14.9045381546, -21.3841247559, -30.1767940521, 23.7470664978, -2.07783269882, -29.0068626404, -0.36696189642, 63.1851081848, 128.330291748]]
        icov: [[0.00046004151227, 0.00105490768328, 0.000174783315742, 0.00024090554507, -0.000969770655502, -0.000213416889892, 0.000627031666227, -0.000128114043036, 0.000588717812207, -8.69177820277e-05, -0.000604903383646, 0.000402550183935, 0.000314366683597], [0.00105490768328, 0.00488774618134, -0.000175596258487, 0.00205125124194, -0.00323782931082, 0.00237757200375, 0.00131046434399, -0.00152778567281, 0.00158687413204, 0.000939908612054, -0.00100784772076, -0.000474750821013, -9.30841706577e-05], [0.000174783315742, -0.000175596258487, 0.0061491439119, -0.000922608713154, -0.00117416144349, 0.000583169981837, -0.00133979704697, 0.000284164620098, 0.00103374954779, -0.000580320891459, 0.00133261899464, -0.00236518238671, 0.00231878482737], [0.00024090554507, 0.00205125124194, -0.000922608713154, 0.00681232474744, -0.00260226312093, -0.000662614242174, 0.00592133589089, -0.00347156845964, 0.00267203478143, 0.00259536877275, 0.00123330240604, -0.00167126010638, -0.00203691748902], [-0.000969770655502, -0.00323782931082, -0.00117416144349, -0.00260226312093, 0.0133069958538, -0.00389122008346, -0.000815939041786, 0.00281074317172, -0.00128589500673, -0.00322562083602, 0.00196661474183, 0.000836025632452, -0.000157593283802], [-0.000213416889892, 0.00237757200375, 0.000583169981837, -0.000662614242174, -0.00389122008346, 0.0128346281126, -0.00568639021367, -0.00197921250947, -0.00145927735139, 0.000164390905411, -0.00290246400982, -0.00089517259039, -0.000106503255665], [0.000627031666227, 0.00131046434399, -0.00133979704697, 0.00592133589089, -0.000815939041786, -0.00568639021367, 0.0129162203521, -0.00518422806635, 0.00344363530166, 0.00131714367308, 0.000580135325436, -0.00139997585211, 0.000828540709335], [-0.000128114043036, -0.00152778567281, 0.000284164620098, -0.00347156845964, 0.00281074317172, -0.00197921250947, -0.00518422806635, 0.0141694899648, -0.00526910228655, 0.000942640355788, 7.07529688952e-05, 0.00206557917409, -0.00190952932462], [0.000588717812207, 0.00158687413204, 0.00103374954779, 0.00267203478143, -0.00128589500673, -0.00145927735139, 0.00344363530166, -0.00526910228655, 0.0177799873054, -0.00420058844611, -0.00191753229592, 0.00244199903682, -0.00149107992183], [-8.69177820277e-05, 0.000939908612054, -0.000580320891459, 0.00259536877275, -0.00322562083602, 0.000164390905411, 0.00131714367308, 0.000942640355788, -0.00420058844611, 0.00942472275347, -0.00104496069252, -2.34964827541e-05, -0.000651380629279], [-0.000604903383646, -0.00100784772076, 0.00133261899464, 0.00123330240604, 0.00196661474183, -0.00290246400982, 0.000580135325436, 7.07529688952e-05, -0.00191753229592, -0.00104496069252, 0.0143785383552, -0.00408297218382, -0.000122340861708], [0.000402550183935, -0.000474750821013, -0.00236518238671, -0.00167126010638, 0.000836025632452, -0.00089517259039, -0.00139997585211, 0.00206557917409, 0.00244199903682, -2.34964827541e-05, -0.00408297218382, 0.0175707731396, -0.00717180594802], [0.000314366683597, -9.30841706577e-05, 0.00231878482737, -0.00203691748902, -0.000157593283802, -0.000106503255665, 0.000828540709335, -0.00190952932462, -0.00149107992183, -0.000651380629279, -0.000122340861708, -0.00717180594802, 0.0140942726284]]
    spectral_contrast:
        mean: [1.11715593221e-07, 2.40958144104e-07, -2.11298115005e-07, 2.79914161183e-07, -3.9395806084e-07, 2.09651062733e-07, 1.01355487914e-06, 3.71977137092e-07, -2.75728393717e-06, -1.06843390313e-06, -2.32651268561e-06, -2.75947420469e-09]
        var: [0.000547463714611, 0.00125961145386, 0.00211949762888, 0.00409279111773, 0.00592043343931, 0.00840680208057, 0.0638634562492, 0.0869403332472, 0.138446226716, 0.153743177652, 0.29710495472, 5.7190785408]

rhythm:
    beats_loudness:
        dmean: 0.00234576920047
        dmean2: 0.00402963720262
        dvar: 4.38404822489e-06
        dvar2: 7.74369163992e-06
        max: 0.0086325854063
        mean: 0.00403588823974
        min: 2.58322252193e-05
        var: 6.6498923843e-06
    beats_loudness_bass:
        dmean: 0.0377711765468
        dmean2: 0.0736152902246
        dvar: 0.00228867889382
        dvar2: 0.00531576341018
        max: 0.160651475191
        mean: 0.0369519926608
        min: 0.00539590930566
        var: 0.0018583467463
    bpm: 105.859077454
    bpm_confidence: 0
    first_peak_bpm: 106
    first_peak_spread: 0
    first_peak_weight: 0.666666686535
    onset_rate: 2.29288744926
    second_peak_bpm: 82
    second_peak_spread: 0
    second_peak_weight: 0.266666680574
    beats_position: [0.246359735727, 0.813151299953, 1.37994289398, 1.9467343092, 2.51352596283, 3.08031749725, 3.64710879326, 4.21390008926, 4.78069162369, 5.34748268127, 5.9142742157, 6.69091415405, 7.42534446716, 8.15977478027, 8.89420604706, 9.62863636017]
    bpm_estimates: [105.839958191, 105.96572113, 105.771568298]
    bpm_intervals: [0.566791534424, 0.566791594028, 0.566791415215, 0.566791653633, 0.566791534424, 0.566791296005, 0.566791296005, 0.566791534424, 0.566791057587, 0.566791534424, 0.776639938354, 0.73443031311, 0.73443031311, 0.734431266785, 0.73443031311]
    onset_times: [0.0348299331963, 0.162539675832, 0.348299324512, 0.417959183455, 0.893968224525, 1.05650794506, 1.43963718414, 1.764716506, 1.97369611263, 2.27555561066, 2.49614500999, 2.93732428551, 3.32045340538, 3.87773251534, 4.06349229813, 4.446621418, 4.59755086899, 5.00390005112, 5.32897949219, 6.3042178154, 8.893242836, 9.49696159363, 9.67111110687]
    rubato_start: [6.69091415405]
    rubato_stop: [7.42534446716]
    perceptual_tempo: "unknown"

sfx:
    inharmonicity:
        dmean: 0.0426706150174
        dmean2: 0.0753226429224
        dvar: 0.00282779126428
        dvar2: 0.008012117818
        max: 0.364073365927
        mean: 0.0453486256301
        min: 0.000121526121802
        var: 0.00289877923205
    oddtoevenharmonicenergyratio:
        dmean: 4.74558734894
        dmean2: 8.64737129211
        dvar: 138.016937256
        dvar2: 432.229492188
        max: 118.092163086
        mean: 4.01173019409
        min: 0.000899294973351
        var: 107.737335205
    pitch_after_max_to_before_max_energy_ratio: 13.8357229233
    pitch_centroid: 235.157821655
    pitch_max_to_total: 0.101851850748
    pitch_min_to_total: 0.379629641771
    tristimulus:
        dmean: [0.153732955456, 0.207689419389, 0.115788005292]
        dmean2: [0.271179646254, 0.366195470095, 0.210080847144]
        dvar: [0.0349153988063, 0.0488581992686, 0.015362222679]
        dvar2: [0.081638969481, 0.129723608494, 0.0401853695512]
        max: [0.970884859562, 0.977820038795, 0.700628340244]
        mean: [0.30224058032, 0.522480547428, 0.139418661594]
        min: [0.000228696953855, 0, 0]
        var: [0.052788939327, 0.0642710626125, 0.019791116938]

tonal:
    chords_changes_rate: 0.0875576063991
    chords_number_rate: 0.0368663594127
    chords_strength:
        dmean: 0.00941761303693
        dmean2: 0.00877146050334
        dvar: 5.39246866538e-05
        dvar2: 6.67254062137e-05
        max: 0.64925891161
        mean: 0.534280240536
        min: 0.311881929636
        var: 0.00480935536325
    key_strength: 0.741791248322
    tuning_diatonic_strength: 0.570062100887
    tuning_equal_tempered_deviation: 0.138529390097
    tuning_frequency: 442.804626465
    tuning_nontempered_energy_ratio: 0.751954555511
    hpcp:
        dmean: [0.132228448987, 0.143978446722, 0.11908646673, 0.0851531028748, 0.0832443833351, 0.122982308269, 0.129550516605, 0.0837688371539, 0.069517351687, 0.0698529332876, 0.0662049204111, 0.0559450387955, 0.0563022755086, 0.0810255035758, 0.14314840734, 0.123929105699, 0.123955070972, 0.108942717314, 0.0874034389853, 0.0756660550833, 0.0935967937112, 0.11809309572, 0.131938144565, 0.115057423711, 0.10533105582, 0.0822081044316, 0.0938432589173, 0.128839790821, 0.13214315474, 0.150354444981, 0.125804051757, 0.0605081878603, 0.0482074469328, 0.0586876533926, 0.0843103826046, 0.140046909451]
        dmean2: [0.217247858644, 0.237731933594, 0.206593111157, 0.141071364284, 0.141317948699, 0.194883942604, 0.205385312438, 0.139032900333, 0.116798043251, 0.119636721909, 0.110668323934, 0.0948672369123, 0.0916284620762, 0.139185503125, 0.256108313799, 0.211201176047, 0.220538318157, 0.190509438515, 0.150905698538, 0.14010360837, 0.153954461217, 0.190898403525, 0.232053443789, 0.204905077815, 0.175899893045, 0.140442714095, 0.163641020656, 0.210753306746, 0.20846183598, 0.248162552714, 0.196549981833, 0.100136086345, 0.081638969481, 0.102369278669, 0.142163127661, 0.230033710599]
        dvar: [0.037575006485, 0.0415814332664, 0.0412092171609, 0.0232322700322, 0.0227710325271, 0.0242810826749, 0.0332138873637, 0.0162936374545, 0.0217128954828, 0.0185725893825, 0.0196474865079, 0.0156662203372, 0.00810689106584, 0.0171104948968, 0.0538677275181, 0.0429511852562, 0.0470415204763, 0.0448404848576, 0.0358778685331, 0.0328077226877, 0.0237415935844, 0.0295398458838, 0.0412604101002, 0.0448997281492, 0.0438131839037, 0.0321853868663, 0.0291273016483, 0.0385990664363, 0.0426751077175, 0.0472781434655, 0.0290421880782, 0.00856362190098, 0.0106649817899, 0.0162106696516, 0.0213002189994, 0.0360287837684]
        dvar2: [0.0924598053098, 0.0980507358909, 0.10142660141, 0.0563712082803, 0.0567327104509, 0.0573118962348, 0.0677447170019, 0.036611802876, 0.0581842288375, 0.0422549508512, 0.0489632859826, 0.0449354834855, 0.0209930539131, 0.0443466939032, 0.133224606514, 0.0926996618509, 0.133942425251, 0.120786070824, 0.0924035906792, 0.0895432308316, 0.0588079951704, 0.0677416101098, 0.120260477066, 0.127604350448, 0.106498010457, 0.0846423730254, 0.0765017941594, 0.099349245429, 0.0983155816793, 0.110756330192, 0.0753728300333, 0.0232085585594, 0.0291448999196, 0.0448024757206, 0.0619166716933, 0.0937587544322]
        max: [1, 1, 1, 1, 1, 1, 1, 1, 1, 1, 1, 1, 0.806326508522, 0.955107688904, 1, 1, 1, 1, 1, 1, 1, 1, 1, 1, 1, 1, 1, 1, 1, 1, 1, 0.656405806541, 0.799253821373, 1, 0.966076076031, 1]
        mean: [0.344049960375, 0.216521173716, 0.132589250803, 0.104670159519, 0.0993285924196, 0.23045630753, 0.302355110645, 0.163192331791, 0.116970643401, 0.138422578573, 0.0964560285211, 0.0783256515861, 0.0854884386063, 0.100843422115, 0.225799694657, 0.292250454426, 0.192842796445, 0.12331866473, 0.0868559554219, 0.0697955712676, 0.129559189081, 0.177751690149, 0.154388785362, 0.13861182332, 0.112993150949, 0.0749941915274, 0.126375555992, 0.200528547168, 0.204802587628, 0.226968348026, 0.188049212098, 0.0831140354276, 0.0537138059735, 0.0631317198277, 0.115703932941, 0.285426259041]
        min: [0.000881977088284, 0.000750601291656, 0.000289148738375, 0.000353406037902, 0.000854738231283, 0.00276923645288, 0.00196660798974, 0.0009094440029, 0.000434440356912, 0.000295265490422, 0.000315224810038, 0.00037234305637, 0.000489120837301, 0.00256346468814, 0.00463894568384, 0.00676784524694, 0.00665932940319, 0.00135295651853, 0.000784985953942, 0.000264950125711, 0.000319116225, 0.000643276842311, 0.000996917602606, 0.000691168184858, 0.000348947796738, 0.00060626771301, 0.000964387552813, 0.00247995043173, 0.0010639410466, 0.000778162968345, 0.000499440648127, 0.000577865168452, 0.000240560242673, 0.000275102676824, 0.000327275221935, 0.000774217769504]
        var: [0.132330343127, 0.0742772072554, 0.0478880666196, 0.0339382961392, 0.028819674626, 0.06191534549, 0.11578861624, 0.0363535806537, 0.0573621504009, 0.0751429274678, 0.03071410954, 0.0170328747481, 0.0133930463344, 0.0179285928607, 0.0746233463287, 0.120324067771, 0.0618403926492, 0.0471350289881, 0.0300733372569, 0.0236614439636, 0.0370274893939, 0.0572767592967, 0.0477727167308, 0.0634219869971, 0.05492965132, 0.0279989093542, 0.039318729192, 0.0817940980196, 0.0703605562449, 0.0708445683122, 0.0502060465515, 0.0123923532665, 0.00958100426942, 0.0152653548867, 0.0283940862864, 0.097145833075]
    chords_histogram: [7.8341012001, 2.7649769783, 13.8248844147, 0, 3.68663597107, 0, 0, 0, 0, 0, 0, 0, 0, 0, 0, 0, 0, 0, 0, 4.60829496384, 9.67741966248, 0, 52.0737342834, 5.5299539566]
    thpcp: [1, 0.629330635071, 0.385377883911, 0.304229527712, 0.288703978062, 0.66983383894, 0.878811657429, 0.474327415228, 0.339981555939, 0.402332782745, 0.280354708433, 0.227657780051, 0.248476818204, 0.293106913567, 0.656299173832, 0.849441885948, 0.560508131981, 0.35843244195, 0.252451568842, 0.202864646912, 0.376570850611, 0.516645014286, 0.448739439249, 0.40288284421, 0.328420758247, 0.217974707484, 0.367317467928, 0.582847177982, 0.595269918442, 0.659695923328, 0.546575307846, 0.241575479507, 0.156122103333, 0.183495789766, 0.336299806833, 0.829607009888]
    chords_key: "G"
    chords_scale: "major"
    key_key: "D"
    key_scale: "major"
    chords_progression: ["Am", "A", "A", "A", "A", "A", "A", "A", "A", "A", "A", "A", "A", "A", "A", "A", "A", "A", "A", "A", "A", "A", "Am", "Am", "Am", "Am", "Am", "Am", "A", "A", "Am", "Am", "Am", "A", "A", "A", "A", "A", "A", "A", "D", "D", "D", "D", "D", "D", "F#m", "F#m", "F#m", "F#m", "F#m", "D", "D", "F#m", "D", "D", "D", "D", "D", "D", "D", "D", "D", "Bm", "Bm", "Bm", "G", "G", "G", "G", "G", "G", "G", "G", "G", "G", "G", "G", "G", "G", "Bm", "G", "G", "G", "G", "G", "G", "G", "G", "G", "G", "G", "G", "G", "G", "G", "G", "G", "G", "G", "G", "G", "G", "G", "G", "G", "G", "G", "G", "G", "G", "G", "G", "G", "G", "G", "G", "G", "G", "G", "G", "G", "G", "G", "G", "G", "G", "G", "G", "G", "G", "G", "G", "G", "G", "G", "G", "G", "G", "G", "G", "G", "G", "G", "G", "G", "G", "G", "G", "G", "G", "G", "G", "G", "G", "G", "G", "Bm", "Bm", "Bm", "Bm", "Bm", "Bm", "Bm", "Bm", "G", "G", "G", "G", "G", "G", "G", "G", "G", "G", "G", "G", "G", "G", "G", "G", "G", "G", "G", "G", "G", "G", "G", "E", "E", "E", "E", "E", "E", "C", "C", "C", "C", "C", "C", "C", "C", "C", "C", "C", "C", "C", "C", "C", "C", "C", "C", "C", "C", "C", "E", "E"]
