
metadata:
    version:
        essentia: "1.2.2"
    audio_properties:
        analysis_sample_rate: 44100
        bitrate: 128
        channels: 2
        equal_loudness: 1
        length: 10.0571432114
        replay_gain: -12.6329746246
        downmix: "mix"
    tags:
        track: 2
        year: 0
        album: "Splitted by Mp3Splt v. 2.1"
        artist: "From 000.10 To 000.20"
        comment: "http://mp3splt.sf.net"
        genre: ""
        title: "06 Takeoff.mp3"

highlevel:
    ballroom:
        all:
            ChaChaCha: 0.218444481492
            Jive: 0.0825418904424
            Quickstep: 0.0219166278839
            Rumba-American: 0.00529167242348
            Rumba-International: 0.00370908272453
            Rumba-Misc: 0.0160797350109
            Samba: 0.649076759815
            Tango: 0.00104299234226
            VienneseWaltz: 0.00126261240803
            Waltz: 0.000634129391983
        probability: 0.649076759815
        value: "Samba"
    culture:
        all:
            non_western: 0.0203240010887
            western: 0.979676008224
        probability: 0.979676008224
        value: "western"
    gender:
        all:
            female: 0.029491269961
            male: 0.970508754253
        probability: 0.970508754253
        value: "male"
    genre_dortmund:
        all:
            alternative: 0.000690165441483
            blues: 0.000956711301114
            electronic: 0.00258157751523
            folkcountry: 0.00179388152901
            funksoulrnb: 0.00487195979804
            jazz: 0.000375593197532
            pop: 0.0142701976001
            raphiphop: 0.96929448843
            rock: 0.00516541022807
        probability: 0.96929448843
        value: "raphiphop"
    genre_electronica:
        all:
            ambient: 0.0929266810417
            dnb: 0.448182016611
            house: 0.262009173632
            techno: 0.0763066112995
            trance: 0.120575524867
        probability: 0.448182016611
        value: "dnb"
    genre_rosamerica:
        all:
            cla: 0.000782368937507
            dan: 0.17206056416
            hip: 0.766166329384
            jaz: 0.00104548083618
            pop: 0.0240445397794
            rhy: 0.029656579718
            roc: 0.00447267107666
            spe: 0.00177148228977
        probability: 0.766166329384
        value: "hip"
    genre_tzanetakis:
        all:
            blu: 0.000149911487824
            cla: 0.00016366042837
            cou: 0.000419254181907
            dis: 0.00849011167884
            hip: 0.0539433173835
            jaz: 0.000215401654714
            met: 0.000246124021942
            pop: 0.739361643791
            reg: 0.196328252554
            roc: 0.000682301761117
        probability: 0.739361643791
        value: "pop"
    live_studio:
        all:
            live: 0.0446992255747
            studio: 0.955300748348
        probability: 0.955300748348
        value: "studio"
    mood:
        all:
            Cluster1: 0.199303999543
            Cluster2: 0.297878444195
            Cluster3: 0.0849891975522
            Cluster4: 0.23230239749
            Cluster5: 0.185525968671
        probability: 0.297878444195
        value: "Cluster2"
    mood_acoustic:
        all:
            acoustic: 0.0104115847498
            not_acoustic: 0.989588439465
        probability: 0.989588439465
        value: "not_acoustic"
    mood_aggressive:
        all:
            aggressive: 0.0126228574663
            not_aggressive: 0.987377166748
        probability: 0.987377166748
        value: "not_aggressive"
    mood_electronic:
        all:
            electronic: 0.653117179871
            not_electronic: 0.346882790327
        probability: 0.653117179871
        value: "electronic"
    mood_happy:
        all:
            happy: 0.955180585384
            not_happy: 0.0448194108903
        probability: 0.955180585384
        value: "happy"
    mood_party:
        all:
            not_party: 0.0988221094012
            party: 0.901177883148
        probability: 0.901177883148
        value: "party"
    mood_relaxed:
        all:
            not_relaxed: 0.955516219139
            relaxed: 0.0444837547839
        probability: 0.955516219139
        value: "not_relaxed"
    mood_sad:
        all:
            not_sad: 0.857890367508
            sad: 0.14210960269
        probability: 0.857890367508
        value: "not_sad"
    rhythm:
        all:
            fast: 0.943223536015
            medium: 0.0535917133093
            slow: 0.00318477675319
        probability: 0.943223536015
        value: "fast"
    speech_music:
        all:
            music: 0.999936640263
            speech: 6.33362360531e-05
        probability: 0.999936640263
        value: "music"
    timbre:
        all:
            bright: 0.0308233350515
            dark: 0.969176650047
        probability: 0.969176650047
        value: "dark"
    voice_instrumental:
        all:
            instrumental: 0.000286155816866
            voice: 0.9997138381
        probability: 0.9997138381
        value: "voice"

lowlevel:
    average_loudness: 0.98102581501
    barkbands_kurtosis:
        dmean: 2.03694605827
        dmean2: 3.52784252167
        dvar: 12.2912797928
        dvar2: 33.1358070374
        max: 26.6160564423
        mean: 0.71183770895
        min: -1.83304035664
        var: 10.9544153214
    barkbands_skewness:
        dmean: 0.764779448509
        dmean2: 1.18448722363
        dvar: 0.578457534313
        dvar2: 1.39358437061
        max: 5.05199241638
        mean: 0.485821992159
        min: -3.53916358948
        var: 1.24507570267
    barkbands_spread:
        dmean: 8.88670253754
        dmean2: 13.7283849716
        dvar: 74.2455673218
        dvar2: 193.409011841
        max: 83.2256393433
        mean: 26.2278003693
        min: 4.84393787384
        var: 154.801742554
    dissonance:
        dmean: 0.0350735038519
        dmean2: 0.0587454326451
        dvar: 0.00117840338498
        dvar2: 0.00249374541454
        max: 0.499999970198
        mean: 0.44153830409
        min: 0.0635900497437
        var: 0.00205566664226
    hfc:
        dmean: 3.11742520332
        dmean2: 4.82192897797
        dvar: 27.9403457642
        dvar2: 64.407623291
        max: 51.3458404541
        mean: 5.06155157089
        min: 0.00014734386059
        var: 34.958404541
    pitch:
        dmean: 520.889953613
        dmean2: 961.303100586
        dvar: 1186703.5
        dvar2: 3307653.25
        max: 5512.5
        mean: 652.570800781
        min: 100.455581665
        var: 1084428.5
    pitch_instantaneous_confidence:
        dmean: 0.142812475562
        dmean2: 0.213688269258
        dvar: 0.0140337152407
        dvar2: 0.0283245425671
        max: 0.919038653374
        mean: 0.504838466644
        min: 0.169284462929
        var: 0.0384477525949
    pitch_salience:
        dmean: 0.0980318486691
        dmean2: 0.159285411239
        dvar: 0.00681138597429
        dvar2: 0.018038617447
        max: 0.946771919727
        mean: 0.576200723648
        min: 0.20841729641
        var: 0.0135347964242
    silence_rate_20dB:
        dmean: 0
        dmean2: 0
        dvar: 0
        dvar2: 0
        max: 1
        mean: 1
        min: 1
        var: 0
    silence_rate_30dB:
        dmean: 0
        dmean2: 0
        dvar: 0
        dvar2: 0
        max: 1
        mean: 1
        min: 1
        var: 0
    silence_rate_60dB:
        dmean: 0.17050690949
        dmean2: 0.341801375151
        dvar: 0.141433671117
        dvar2: 0.2388304919
        max: 1
        mean: 0.478160917759
        min: 0
        var: 0.249522954226
    spectral_centroid:
        dmean: 554.274902344
        dmean2: 860.652282715
        dvar: 475454.71875
        dvar2: 965329.0625
        max: 5887.84521484
        mean: 1607.66491699
        min: 178.574630737
        var: 1049376.5
    spectral_complexity:
        dmean: 3.5889146328
        dmean2: 5.34027767181
        dvar: 28.0295886993
        dvar2: 51.8633537292
        max: 47
        mean: 7.90322589874
        min: 0
        var: 53.0873908997
    spectral_crest:
        dmean: 3.37397098541
        dmean2: 5.61951398849
        dvar: 7.77181768417
        dvar2: 20.0579223633
        max: 20.3848323822
        mean: 8.76687431335
        min: 3.08463549614
        var: 13.4586906433
    spectral_decrease:
        dmean: 5.21127196951e-10
        dmean2: 8.32794222472e-10
        dvar: 5.56493253419e-19
        dvar2: 1.38089583158e-18
        max: -1.75395095447e-14
        mean: -8.72811156682e-10
        min: -5.60199930888e-09
        var: 7.17790629434e-19
    spectral_energy:
        dmean: 0.00221745437011
        dmean2: 0.00350848794915
        dvar: 1.00527095128e-05
        dvar2: 2.46771815e-05
        max: 0.0258004609495
        mean: 0.00375328748487
        min: 7.95627030925e-08
        var: 1.31627102746e-05
    spectral_energyband_high:
        dmean: 0.000240508365096
        dmean2: 0.00039397997898
        dvar: 1.84578297535e-07
        dvar2: 4.44052744797e-07
        max: 0.00382066052407
        mean: 0.000248102820478
        min: 9.2636955884e-09
        var: 1.89956409713e-07
    spectral_energyband_low:
        dmean: 0.000507472315803
        dmean2: 0.00088621629402
        dvar: 1.79667063094e-06
        dvar2: 4.89833701067e-06
        max: 0.00746169406921
        mean: 0.000427356309956
        min: 5.04965402826e-09
        var: 1.31644458179e-06
    spectral_energyband_middle_high:
        dmean: 0.000846689392347
        dmean2: 0.00123475119472
        dvar: 1.9253368464e-06
        dvar2: 4.38437473349e-06
        max: 0.0132128177211
        mean: 0.00144996191375
        min: 3.71247637077e-08
        var: 3.17433955388e-06
    spectral_energyband_middle_low:
        dmean: 0.00115366280079
        dmean2: 0.0019091446884
        dvar: 2.37462040786e-06
        dvar2: 5.90656463828e-06
        max: 0.00975235644728
        mean: 0.00162783113774
        min: 2.74638640718e-08
        var: 3.17042213283e-06
    spectral_flatness_db:
        dmean: 0.0293007511646
        dmean2: 0.0454704090953
        dvar: 0.000596935395151
        dvar2: 0.00145803298801
        max: 0.256800621748
        mean: 0.147574499249
        min: 0.0346711352468
        var: 0.00137445691507
    spectral_flux:
        dmean: 0.0156390499324
        dmean2: 0.024341115728
        dvar: 0.000271826953394
        dvar2: 0.000593260920141
        max: 0.136534571648
        mean: 0.0447928346694
        min: 0.0015641709324
        var: 0.000557812105399
    spectral_kurtosis:
        dmean: 1.96418476105
        dmean2: 2.99771094322
        dvar: 3.55352735519
        dvar2: 7.31011152267
        max: 13.5731334686
        mean: 3.24788308144
        min: -1.15656983852
        var: 7.50902700424
    spectral_rms:
        dmean: 0.000535599072464
        dmean2: 0.000795961765107
        dvar: 3.2602449096e-07
        dvar2: 7.08501204372e-07
        max: 0.00501708872616
        mean: 0.00171379069798
        min: 8.81034338818e-06
        var: 7.24666506358e-07
    spectral_rolloff:
        dmean: 1053.48547363
        dmean2: 1715.52868652
        dvar: 1496877.875
        dvar2: 2938255.5
        max: 9711.47460938
        mean: 2882.91772461
        min: 172.265625
        var: 3089728
    spectral_skewness:
        dmean: 0.386972308159
        dmean2: 0.570429325104
        dvar: 0.11967792362
        dvar2: 0.223380386829
        max: 2.97366046906
        mean: 1.45688152313
        min: -0.138887271285
        var: 0.327895998955
    spectral_spread:
        dmean: 1561980.625
        dmean2: 2226333.75
        dvar: 2.08320082739e+12
        dvar2: 3.79984989389e+12
        max: 17063048
        mean: 6486504.5
        min: 2762604.75
        var: 6.66833308877e+12
    spectral_strongpeak:
        dmean: 0.40833312273
        dmean2: 0.669094860554
        dvar: 0.209491670132
        dvar2: 0.536721050739
        max: 5.16701078415
        mean: 0.575122117996
        min: 0.000157682661666
        var: 0.342099934816
    zerocrossingrate:
        dmean: 0.0207716878504
        dmean2: 0.0226892549545
        dvar: 0.00042642003973
        dvar2: 0.000451354833785
        max: 0.28564453125
        mean: 0.0901598930359
        min: 0.0068359375
        var: 0.00204973877408
    barkbands:
        dmean: [1.90944865608e-06, 0.000162769661983, 0.000398782663979, 0.000291943695629, 0.000280411739368, 0.000141983444337, 0.000332698400598, 0.000289595249342, 0.000241133515374, 0.000145797239384, 0.000170411192812, 0.000122307086713, 9.56899602897e-05, 8.29996570246e-05, 6.9695415732e-05, 8.04702794994e-05, 0.000188465375686, 0.000140661388286, 0.000127925435663, 0.000101834521047, 9.4930830528e-05, 6.07794390817e-05, 3.90907116525e-05, 1.10562596092e-05, 6.09842345511e-06, 3.47009802226e-07, 5.79533421252e-10]
        dmean2: [2.91757214654e-06, 0.0002763736411, 0.000744772842154, 0.000533849291969, 0.000474995700642, 0.000258007639786, 0.000531245139427, 0.00048056957894, 0.000361286831321, 0.000225166222663, 0.000263768131845, 0.000199332615011, 0.000150926542119, 0.000130623055156, 0.000108691070636, 0.000123754958622, 0.00031315870001, 0.000220249770791, 0.000198098714463, 0.000168960352312, 0.000152685432113, 0.000103968457552, 6.65760744596e-05, 1.79709786607e-05, 9.89218096947e-06, 5.38316044185e-07, 9.13218278775e-10]
        dvar: [1.83523959918e-11, 1.48946682543e-07, 1.34447486744e-06, 5.74220166527e-07, 2.41901574327e-07, 3.03316028294e-07, 3.86019735288e-07, 5.19159129908e-07, 2.04285399263e-07, 1.73075349608e-07, 1.09206318655e-07, 4.69634073852e-08, 2.82481043001e-08, 3.11565493405e-08, 2.88484276467e-08, 2.46648514945e-08, 2.07582218081e-07, 8.87513067482e-08, 5.82462291732e-08, 5.11572721962e-08, 3.18259161247e-08, 1.28691386436e-08, 5.05728481315e-09, 2.92709828598e-10, 1.26804886036e-10, 4.15523328636e-13, 7.45039178903e-18]
        dvar2: [3.59327463617e-11, 3.92538026972e-07, 3.85283919968e-06, 1.60276101724e-06, 6.00552880314e-07, 8.64822936819e-07, 8.8251829311e-07, 1.27251257709e-06, 4.25642298296e-07, 4.13912204067e-07, 2.45936604415e-07, 1.18620150147e-07, 6.82888980919e-08, 7.8686149152e-08, 6.87538985744e-08, 5.2101707837e-08, 5.71576038055e-07, 2.03756300721e-07, 1.40345846944e-07, 1.24501440268e-07, 7.79166526854e-08, 3.31005161058e-08, 1.32581590151e-08, 7.0361028115e-10, 2.88349094602e-10, 9.19444099849e-13, 1.84016749738e-17]
        max: [2.43823615165e-05, 0.00234999624081, 0.0059651248157, 0.00493284221739, 0.00357909826562, 0.00473393546417, 0.00468512810767, 0.00777529971674, 0.00378176872618, 0.00500633567572, 0.00304194097407, 0.00177022290882, 0.00153426581528, 0.00163479067851, 0.00209587207064, 0.00149738532491, 0.00337535445578, 0.00262190192007, 0.00231290096417, 0.00193971418776, 0.00180122943129, 0.000878348189872, 0.000637464807369, 0.000133127119625, 0.00012289811275, 5.70154588786e-06, 4.05811633186e-08]
        mean: [1.86316287909e-06, 0.000155173125677, 0.000270358577836, 0.000218971414142, 0.000312821066473, 0.000100201526948, 0.000360537553206, 0.000267339491984, 0.000323840882629, 0.000147309634485, 0.000198556343094, 0.000154553315951, 0.000115900678793, 9.53636044869e-05, 8.13268125057e-05, 0.00010094641766, 0.00020111631602, 0.000174472646904, 0.000161062824191, 0.000111203167762, 9.77780728135e-05, 5.41725348739e-05, 3.05487556034e-05, 1.11855624709e-05, 6.32861701888e-06, 3.58498795094e-07, 5.40861799792e-10]
        min: [2.97876556754e-10, 2.35328667664e-09, 2.03947836397e-09, 2.3661970161e-09, 5.77653214151e-09, 2.97115509973e-09, 1.60939361837e-09, 4.52622828107e-09, 5.99623817266e-09, 3.16236459241e-09, 1.43503908756e-09, 5.83716142089e-09, 2.38144437503e-09, 3.23406212921e-09, 8.44978043091e-09, 4.74459538324e-09, 3.41445122176e-10, 2.64451638365e-09, 4.41995950951e-09, 7.03962554915e-10, 1.04587050131e-09, 9.29676002848e-10, 2.43128317479e-09, 1.0530233352e-09, 2.46571513207e-10, 2.06069016018e-11, 3.97744276479e-14]
        var: [2.19400643486e-11, 1.38816588446e-07, 7.91894080976e-07, 3.81237725833e-07, 2.83234697918e-07, 1.83164601708e-07, 4.86438921143e-07, 4.79806317344e-07, 3.89278454804e-07, 1.9322062883e-07, 1.53123451696e-07, 6.45484234951e-08, 3.81492739621e-08, 3.5241761509e-08, 3.86273910635e-08, 3.5606561255e-08, 1.83461324355e-07, 1.07766773283e-07, 6.8721753621e-08, 5.12672997388e-08, 3.62359457995e-08, 1.08043947122e-08, 3.90040844067e-09, 3.91583959702e-10, 1.63752289506e-10, 5.95765136443e-13, 4.09744371377e-18]
    mfcc:
        mean: [-740.49206543, 92.7099914551, -34.0508651733, 29.7123680115, -12.67141819, -0.751876354218, 0.658379733562, 7.39312553406, -4.45490407944, -5.54442739487, -2.86805105209, -0.600194752216, -3.35799145699]
        cov: [[4578.38964844, -320.886108398, -59.9592590332, -116.008743286, -245.329208374, -125.206680298, -196.776672363, -22.8105792999, -93.6171569824, 49.6083450317, 89.9407196045, -92.4174728394, -97.7666015625], [-320.886108398, 1955.45019531, -457.879516602, 100.663925171, 8.57036113739, -202.583953857, 56.7858963013, 106.106712341, 9.97097969055, 126.375549316, 173.869552612, 68.0647506714, 48.9673843384], [-59.9592590332, -457.879516602, 939.505859375, 155.386260986, 138.616485596, 158.183410645, 34.440410614, 11.0637969971, 41.926197052, 12.1668148041, -19.5450382233, 28.6500167847, 40.0315284729], [-116.008743286, 100.663925171, 155.386260986, 505.612884521, 121.114250183, 72.1644287109, -14.6784534454, -19.7565155029, 28.3510093689, -45.7771492004, -32.2035598755, 54.2010154724, 37.2905769348], [-245.329208374, 8.57036113739, 138.616485596, 121.114250183, 280.973388672, 86.4253158569, -5.45577669144, 18.6829471588, 69.5426483154, 22.1388893127, -19.8215503693, -4.2285695076, 1.25988793373], [-125.206680298, -202.583953857, 158.183410645, 72.1644287109, 86.4253158569, 214.051895142, 66.8203277588, 24.8244132996, 42.2628211975, -27.9637699127, -29.5546875, -2.54378461838, 6.12993955612], [-196.776672363, 56.7858963013, 34.440410614, -14.6784534454, -5.45577669144, 66.8203277588, 282.431549072, 106.394233704, 30.3601093292, 1.00747728348, 5.59178733826, 1.94232237339, 10.3632421494], [-22.8105792999, 106.106712341, 11.0637969971, -19.7565155029, 18.6829471588, 24.8244132996, 106.394233704, 210.617980957, 70.5496749878, 20.5445308685, 5.88446235657, -6.59492969513, 11.2857789993], [-93.6171569824, 9.97097969055, 41.926197052, 28.3510093689, 69.5426483154, 42.2628211975, 30.3601093292, 70.5496749878, 186.934921265, 36.4939613342, -14.5883083344, -23.1268692017, -12.1491184235], [49.6083450317, 126.375549316, 12.1668148041, -45.7771492004, 22.1388893127, -27.9637699127, 1.00747728348, 20.5445308685, 36.4939613342, 153.420013428, 63.6053848267, -4.72346115112, -15.3389167786], [89.9407196045, 173.869552612, -19.5450382233, -32.2035598755, -19.8215503693, -29.5546875, 5.59178733826, 5.88446235657, -14.5883083344, 63.6053848267, 167.60005188, 51.0493278503, -3.51082253456], [-92.4174728394, 68.0647506714, 28.6500167847, 54.2010154724, -4.2285695076, -2.54378461838, 1.94232237339, -6.59492969513, -23.1268692017, -4.72346115112, 51.0493278503, 126.968757629, 51.5427207947], [-97.7666015625, 48.9673843384, 40.0315284729, 37.2905769348, 1.25988793373, 6.12993955612, 10.3632421494, 11.2857789993, -12.1491184235, -15.3389167786, -3.51082253456, 51.5427207947, 100.775848389]]
        icov: [[0.000256703177001, 6.26973196631e-05, -7.33311435397e-06, -7.26358630345e-05, 0.000226851931075, 4.06513318012e-05, 0.000205577598535, -0.000159145376529, 0.000106247978692, -7.77341629146e-05, -0.000217744658585, 0.000242596957833, 0.000109049782623], [6.26973196631e-05, 0.000835418060888, 0.000408271211199, -0.000412764464272, -0.000220746616833, 0.000711371074431, -0.000205198841286, -0.000364511884982, 6.38545170659e-05, -0.000419781426899, -0.000704723759554, 0.000151880638441, -0.000491565850098], [-7.33311435397e-06, 0.000408271211199, 0.00150740880053, -0.000396356801502, -0.000424752943218, -0.000474952918012, -0.000129692387418, -9.01058301679e-05, 6.13120864728e-05, -0.000579349463806, -0.000208293189644, -8.68670249474e-05, -0.000643611652777], [-7.26358630345e-05, -0.000412764464272, -0.000396356801502, 0.0027616659645, -0.00084359239554, -0.000560020329431, 0.00018099580484, 0.000515924359206, -0.000408508931287, 0.000923994986806, 0.000729445368052, -0.00126969767734, 5.34341602076e-08], [0.000226851931075, -0.000220746616833, -0.000424752943218, -0.00084359239554, 0.00526514323428, -0.00175335083622, 0.000896907527931, -0.000225469411816, -0.000971948320512, -0.00105863437057, 0.000410763925174, 0.00033106241608, 0.000348747213138], [4.06513318012e-05, 0.000711371074431, -0.000474952918012, -0.000560020329431, -0.00175335083622, 0.00745335919783, -0.00177727616392, -2.56282419286e-05, -0.000813741004094, 0.00123301043641, -0.00037196330959, 0.00024073413806, -0.000202650582651], [0.000205577598535, -0.000205198841286, -0.000129692387418, 0.00018099580484, 0.000896907527931, -0.00177727616392, 0.00504726823419, -0.00235528429039, 0.000251208170084, 2.43559115916e-05, -0.000180205577635, 7.99460249254e-05, 0.000112140078272], [-0.000159145376529, -0.000364511884982, -9.01058301679e-05, 0.000515924359206, -0.000225469411816, -2.56282419286e-05, -0.00235528429039, 0.00702636921778, -0.00234555988573, 6.73407193972e-05, 1.34304045787e-05, 0.000285233807517, -0.00109062413685], [0.000106247978692, 6.38545170659e-05, 6.13120864728e-05, -0.000408508931287, -0.000971948320512, -0.000813741004094, 0.000251208170084, -0.00234555988573, 0.00740522798151, -0.00190407317132, 0.000802103895694, 0.000664854014758, 0.000788174278568], [-7.77341629146e-05, -0.000419781426899, -0.000579349463806, 0.000923994986806, -0.00105863437057, 0.00123301043641, 2.43559115916e-05, 6.73407193972e-05, -0.00190407317132, 0.00953572709113, -0.00342797650956, 0.00108320149593, 0.000493407482281], [-0.000217744658585, -0.000704723759554, -0.000208293189644, 0.000729445368052, 0.000410763925174, -0.00037196330959, -0.000180205577635, 1.34304045787e-05, 0.000802103895694, -0.00342797650956, 0.00985409040004, -0.00496846390888, 0.00243791774847], [0.000242596957833, 0.000151880638441, -8.68670249474e-05, -0.00126969767734, 0.00033106241608, 0.00024073413806, 7.99460249254e-05, 0.000285233807517, 0.000664854014758, 0.00108320149593, -0.00496846390888, 0.0131826736033, -0.00606351858005], [0.000109049782623, -0.000491565850098, -0.000643611652777, 5.34341602076e-08, 0.000348747213138, -0.000202650582651, 0.000112140078272, -0.00109062413685, 0.000788174278568, 0.000493407482281, 0.00243791774847, -0.00606351858005, 0.0139981703833]]
    spectral_contrast:
        mean: [-3.34709596927e-07, 2.44238265168e-07, -9.46601446117e-08, -3.40117281894e-07, 2.79070604847e-07, 9.95356344902e-07, 5.39737925465e-08, -6.61858757667e-06, 4.92356321047e-06, -1.12864279345e-06, 1.11587041829e-06, -3.51365270035e-06]
        var: [0.000809360819403, 0.00125577789731, 0.00264021800831, 0.00527650257573, 0.00704631675035, 0.0126657215878, 0.0892971679568, 0.166328236461, 0.218813166022, 0.568445205688, 1.0365884304, 2.54131984711]

rhythm:
    beats_loudness:
        dmean: 0.00723752425984
        dmean2: 0.0144220665097
        dvar: 1.51590156747e-05
        dvar2: 4.62187636003e-05
        max: 0.0143570192158
        mean: 0.00645439187065
        min: 0.000494187988807
        var: 2.15295331145e-05
    beats_loudness_bass:
        dmean: 0.306820750237
        dmean2: 0.575936257839
        dvar: 0.0785350650549
        dvar2: 0.182431131601
        max: 0.80387544632
        mean: 0.185336589813
        min: 0.000350126123521
        var: 0.0723277255893
    bpm: 96.9044036865
    bpm_confidence: 0
    first_peak_bpm: 97
    first_peak_spread: 0.066666662693
    first_peak_weight: 0.933333337307
    onset_rate: 6.36363601685
    second_peak_bpm: 0
    second_peak_spread: 0
    second_peak_weight: 0
    beats_position: [0.39158692956, 1.01017189026, 1.62875688076, 2.24734187126, 2.86592674255, 3.48451161385, 4.10309648514, 4.72168159485, 5.34026622772, 5.98749685287, 6.6072640419, 7.22703170776, 7.84679841995, 8.46656513214, 9.08633232117, 9.70609951019]
    bpm_estimates: [96.9745330811, 96.7606887817, 96.9525146484, 98.3886032104, 96.9141387939, 96.7517547607, 96.7421340942, 96.7577056885, 96.7409973145, 96.9348678589, 96.7870254517, 96.9715652466, 96.5749511719, 96.7962722778, 96.8714675903, 96.7486038208, 96.828742981, 96.7826690674]
    bpm_intervals: [0.618584990501, 0.618584990501, 0.618584990501, 0.618584871292, 0.618584871292, 0.618584871292, 0.618585109711, 0.618584632874, 0.647230625153, 0.619767189026, 0.619767665863, 0.619766712189, 0.619766712189, 0.619767189026, 0.619767189026]
    onset_times: [0.0580498874187, 0.220589563251, 0.301859408617, 0.394739240408, 0.53405892849, 0.684988677502, 0.847528338432, 0.99845802784, 1.13777780533, 1.30031740665, 1.47446715832, 1.60217690468, 1.78793644905, 1.92725622654, 2.08979582787, 2.22911572456, 2.54258513451, 2.70512461662, 2.82122445107, 3.14630389214, 3.33206343651, 3.48299312592, 3.72680282593, 3.79646253586, 3.95900225639, 4.12154197693, 4.20281171799, 4.29569149017, 4.35374164581, 4.59755086899, 4.73687076569, 5.01551008224, 5.15482997894, 5.35219955444, 5.51473903656, 5.60761928558, 5.67727899551, 5.79337882996, 5.8282084465, 5.95591831207, 6.24616765976, 6.39709758759, 6.44353723526, 6.59446716309, 6.8382768631, 7.22140598297, 7.36072540283, 7.53487539291, 7.69741487503, 7.77868461609, 7.85995483398, 8.12698459625, 8.31274414062, 8.4172334671, 8.46367359161, 8.6146030426, 8.76553249359, 8.93968296051, 9.05578231812, 9.32281208038, 9.5666217804, 9.71755123138, 9.97297096252, 10.0310201645]
    rubato_start: []
    rubato_stop: []
    perceptual_tempo: "unknown"

sfx:
    inharmonicity:
        dmean: 0.0558802373707
        dmean2: 0.097297295928
        dvar: 0.00398295139894
        dvar2: 0.0110563253984
        max: 0.417348891497
        mean: 0.0580186992884
        min: 0
        var: 0.00411345344037
    oddtoevenharmonicenergyratio:
        dmean: 4.95903301239
        dmean2: 9.15617752075
        dvar: 165.327438354
        dvar2: 479.638824463
        max: 126.74105072
        mean: 3.27293682098
        min: 0
        var: 96.0374908447
    pitch_after_max_to_before_max_energy_ratio: 0.143272131681
    pitch_centroid: 209.214447021
    pitch_max_to_total: 0.87788015604
    pitch_min_to_total: 0.580645143986
    tristimulus:
        dmean: [0.211938366294, 0.259713619947, 0.121746480465]
        dmean2: [0.362546950579, 0.449106156826, 0.214677721262]
        dvar: [0.0342820435762, 0.0451852157712, 0.012793184258]
        dvar2: [0.0885764434934, 0.115776188672, 0.0365685783327]
        max: [1, 0.99377566576, 0.610235035419]
        mean: [0.319550603628, 0.525536715984, 0.119502112269]
        min: [0.00409095874056, 0, 0]
        var: [0.0534336678684, 0.0670718774199, 0.0143024846911]

tonal:
    chords_changes_rate: 0.0733944922686
    chords_number_rate: 0.0229357797652
    chords_strength:
        dmean: 0.0139359645545
        dmean2: 0.017825435847
        dvar: 0.00013396643044
        dvar2: 0.000207477030926
        max: 0.730811774731
        mean: 0.596761107445
        min: 0.347043991089
        var: 0.00468390015885
    key_strength: 0.650744378567
    tuning_diatonic_strength: 0.639317631721
    tuning_equal_tempered_deviation: 0.217767208815
    tuning_frequency: 446.657836914
    tuning_nontempered_energy_ratio: 0.856427550316
    hpcp:
        dmean: [0.154175579548, 0.167505338788, 0.202724859118, 0.260409384966, 0.27237701416, 0.319725006819, 0.309721469879, 0.269622087479, 0.230701446533, 0.170351013541, 0.163442015648, 0.184195518494, 0.193570688367, 0.17201051116, 0.184776380658, 0.20844052732, 0.179643452168, 0.180406197906, 0.163652285933, 0.125560641289, 0.129638954997, 0.162701115012, 0.162194684148, 0.16483899951, 0.173105850816, 0.209988832474, 0.22484344244, 0.193440005183, 0.18087682128, 0.189069002867, 0.178456306458, 0.154425024986, 0.143185690045, 0.199422717094, 0.227213576436, 0.179954722524]
        dmean2: [0.273058265448, 0.296409457922, 0.357034415007, 0.45653629303, 0.482770472765, 0.542045712471, 0.536201536655, 0.481219142675, 0.414063423872, 0.297684133053, 0.295307636261, 0.320761144161, 0.332649588585, 0.288351804018, 0.308270484209, 0.35313129425, 0.313037455082, 0.326710730791, 0.301015436649, 0.228658497334, 0.222231775522, 0.280293256044, 0.284453213215, 0.30895113945, 0.313719749451, 0.374455600977, 0.398213505745, 0.337180018425, 0.32179248333, 0.329965531826, 0.310611873865, 0.264434397221, 0.253341108561, 0.3542791605, 0.415290981531, 0.322143524885]
        dvar: [0.0390021912754, 0.0496878288686, 0.0550568848848, 0.0734808295965, 0.0628707259893, 0.0710684210062, 0.0755885019898, 0.0711177811027, 0.0764899626374, 0.0443548560143, 0.0485864840448, 0.0472647435963, 0.0493461489677, 0.0380409508944, 0.0399836674333, 0.0456453152001, 0.0391108468175, 0.0543523058295, 0.049575407058, 0.0255550332367, 0.0336317457259, 0.0457639396191, 0.0392661951482, 0.0483337044716, 0.0605461969972, 0.0590974874794, 0.0596562810242, 0.0476479195058, 0.0411921069026, 0.0518571361899, 0.0564103238285, 0.0410402975976, 0.0367090404034, 0.0519906021655, 0.0773096233606, 0.048986017704]
        dvar2: [0.105302639306, 0.129258424044, 0.142495900393, 0.188292622566, 0.171248748899, 0.192854478955, 0.171057596803, 0.191019192338, 0.199914067984, 0.103721156716, 0.125852480531, 0.122406862676, 0.11026622355, 0.0912436842918, 0.100680544972, 0.114256091416, 0.103674940765, 0.14597594738, 0.133233979344, 0.0658541992307, 0.0891314521432, 0.122968010604, 0.105108767748, 0.139207467437, 0.168151199818, 0.150508403778, 0.15340320766, 0.114163070917, 0.119848549366, 0.134749919176, 0.123482711613, 0.103791132569, 0.0969445258379, 0.133331358433, 0.192223384976, 0.13320542872]
        max: [1, 1, 1, 1, 1, 1, 1, 1, 1, 1, 1, 1, 1, 1, 1, 1, 1, 1, 1, 0.772216498852, 1, 1, 1, 1, 1, 1, 1, 1, 1, 1, 1, 1, 1, 1, 1, 1]
        mean: [0.150800362229, 0.152371242642, 0.192752942443, 0.252958595753, 0.278048813343, 0.349559545517, 0.365276753902, 0.257805019617, 0.19081017375, 0.168464720249, 0.160788655281, 0.172426238656, 0.188061535358, 0.171552017331, 0.194311365485, 0.221341773868, 0.18060490489, 0.161462321877, 0.143072739244, 0.110821895301, 0.120505385101, 0.149404942989, 0.147289052606, 0.137732833624, 0.155870437622, 0.190747275949, 0.220593437552, 0.203763559461, 0.1738897264, 0.189974397421, 0.190429314971, 0.14365644753, 0.127026453614, 0.174562856555, 0.196884021163, 0.168410509825]
        min: [0.00155750440899, 0.00154930341523, 0.000795829109848, 0.000721474469174, 0, 0, 0.00436276756227, 0.00260165589862, 0.00138523767237, 0.00168715650216, 0.00178464676719, 0.00153038266581, 0.00118119572289, 0, 0.003322978504, 0.00481647439301, 0.00353668653406, 0.00273966509849, 0.000643130973913, 0.000535026658326, 0.000743240350857, 0.000663406739477, 0.0012655921746, 0.00119063153397, 0.000405586441047, 0.00131524621975, 0.00193607236724, 0.00143779325299, 0.00214135413989, 0, 0, 0, 0, 0, 0, 0.00266438163817]
        var: [0.0373841188848, 0.0452557057142, 0.0558888204396, 0.0893217027187, 0.0777682289481, 0.0971865579486, 0.105183362961, 0.0793133750558, 0.0718477144837, 0.0559602528811, 0.0568847246468, 0.0530530624092, 0.0633627027273, 0.0452966615558, 0.0468130335212, 0.0537519529462, 0.0387323535979, 0.0429856590927, 0.040978949517, 0.0237853396684, 0.0314784571528, 0.042090639472, 0.0357800014317, 0.0376277975738, 0.056328214705, 0.0666615366936, 0.0688803642988, 0.0584758371115, 0.043149266392, 0.0608767680824, 0.0688503459096, 0.0389990508556, 0.0317194126546, 0.0515761561692, 0.0722037702799, 0.0442846901715]
    chords_histogram: [9.17431163788, 0, 0.458715587854, 0, 0, 0, 0, 0, 0, 12.844037056, 40.8256874084, 0, 0, 0, 0, 0, 1.83486235142, 0, 0, 0, 0, 0, 0, 34.8623847961]
    thpcp: [1, 0.705779969692, 0.522371530533, 0.461197495461, 0.440183103085, 0.472042739391, 0.514846682549, 0.46964943409, 0.531956553459, 0.605956375599, 0.49443307519, 0.442027360201, 0.391683131456, 0.303391575813, 0.329901605844, 0.409018486738, 0.403225898743, 0.377064317465, 0.426718741655, 0.522199332714, 0.603907704353, 0.557833373547, 0.476049244404, 0.520083487034, 0.521328866482, 0.39328110218, 0.347754001617, 0.477892041206, 0.5389996171, 0.461049079895, 0.412838637829, 0.417139172554, 0.527690172195, 0.692512154579, 0.761200428009, 0.956971764565]
    chords_key: "A#"
    chords_scale: "minor"
    key_key: "B"
    key_scale: "minor"
    chords_progression: ["A#m", "A#m", "A#m", "A#m", "A#m", "A#m", "A#m", "A#m", "A#m", "A#m", "A#m", "A#m", "A#m", "A#m", "A#m", "A#m", "A#m", "A#m", "A#m", "A#m", "A#m", "A#m", "A#m", "A#m", "A#m", "A#m", "A#m", "A#m", "A#m", "A#m", "A#m", "A#m", "A#m", "A#m", "A#m", "A#m", "A#m", "A#m", "A#m", "A#m", "A#m", "A#m", "A#m", "A#m", "A#m", "A#m", "A#m", "A#m", "A#m", "A#m", "A#m", "A#m", "A#m", "A#m", "A#m", "A#m", "A#m", "A#m", "A#m", "A#m", "A#m", "A#m", "A#m", "A#m", "A#m", "A#m", "A#m", "A#m", "A#m", "A#m", "A#m", "A#m", "A#m", "A#m", "A#m", "A#m", "A#m", "A#m", "A#m", "A#m", "A#m", "A#m", "A#m", "A#m", "A#m", "A#m", "A#m", "A#m", "A#m", "Bm", "Bm", "Bm", "Bm", "Bm", "Bm", "Bm", "Bm", "Bm", "Bm", "Bm", "Bm", "Bm", "Bm", "Bm", "Bm", "Bm", "Bm", "G", "G", "G", "G", "G", "Bm", "Bm", "G", "G", "G", "F#", "F#", "G", "G", "F#", "F#", "G", "F#", "F#", "F#", "F#", "F#", "G", "G", "G", "G", "G", "G", "G", "G", "G", "G", "G", "G", "G", "G", "G", "G", "G", "G", "G", "G", "G", "G", "G", "G", "G", "G", "G", "G", "G", "G", "G", "G", "G", "G", "G", "G", "G", "G", "G", "G", "G", "G", "G", "G", "G", "G", "G", "G", "G", "G", "G", "G", "G", "G", "G", "G", "G", "G", "G", "G", "G", "G", "G", "G", "G", "F#", "F#", "F#", "F#", "F#", "F#", "F#", "Gm", "Gm", "Gm", "F#", "F#m", "Gm", "F#", "F#", "F#", "F#", "F#", "F#", "F#", "F#", "F#", "F#", "F#"]
