
metadata:
    version:
        essentia: "1.2.2"
    audio_properties:
        analysis_sample_rate: 44100
        bitrate: 128
        channels: 2
        equal_loudness: 1
        length: 9.95265293121
        replay_gain: -13.5524044037
        downmix: "mix"
    tags:
        track: 20
        year: 0
        album: "Splitted by Mp3Splt v. 2.1"
        artist: "From 003.10 To 003.20"
        comment: "http://mp3splt.sf.net"
        genre: ""
        title: "06 Vampires.mp3"

highlevel:
    ballroom:
        all:
            ChaChaCha: 0.0261242091656
            Jive: 0.689032673836
            Quickstep: 0.060532681644
            Rumba-American: 0.00420094374567
            Rumba-International: 0.0211483258754
            Rumba-Misc: 0.0980770513415
            Samba: 0.0751413553953
            Tango: 0.00155078619719
            VienneseWaltz: 0.0168109033257
            Waltz: 0.00738104293123
        probability: 0.689032673836
        value: "Jive"
    culture:
        all:
            non_western: 8.256082765e-06
            western: 0.999991714954
        probability: 0.999991714954
        value: "western"
    gender:
        all:
            female: 0.537304103374
            male: 0.462695896626
        probability: 0.537304103374
        value: "female"
    genre_dortmund:
        all:
            alternative: 0.364325344563
            blues: 0.00270735472441
            electronic: 0.129507616162
            folkcountry: 0.0364240854979
            funksoulrnb: 0.0102989645675
            jazz: 0.00660214573145
            pop: 0.135500147939
            raphiphop: 0.0035428290721
            rock: 0.311091512442
        probability: 0.364325344563
        value: "alternative"
    genre_electronica:
        all:
            ambient: 0.229493260384
            dnb: 0.0571436434984
            house: 0.0303093548864
            techno: 0.0134912934154
            trance: 0.669562458992
        probability: 0.669562458992
        value: "trance"
    genre_rosamerica:
        all:
            cla: 0.00354616250843
            dan: 0.0875740200281
            hip: 0.00407092738897
            jaz: 0.00290995137766
            pop: 0.260313510895
            rhy: 0.0142797362059
            roc: 0.625229299068
            spe: 0.00207638554275
        probability: 0.625229299068
        value: "roc"
    genre_tzanetakis:
        all:
            blu: 0.00316064152867
            cla: 0.00735795404762
            cou: 0.0639950186014
            dis: 0.0753531754017
            hip: 0.00860580801964
            jaz: 0.0340195223689
            met: 0.0281269848347
            pop: 0.354111462831
            reg: 0.0105501795188
            roc: 0.414719253778
        probability: 0.414719253778
        value: "roc"
    live_studio:
        all:
            live: 0.341905236244
            studio: 0.658094763756
        probability: 0.658094763756
        value: "studio"
    mood:
        all:
            Cluster1: 0.402667284012
            Cluster2: 0.240642726421
            Cluster3: 0.166714206338
            Cluster4: 0.09608463943
            Cluster5: 0.0938911288977
        probability: 0.402667284012
        value: "Cluster1"
    mood_acoustic:
        all:
            acoustic: 0.0587412118912
            not_acoustic: 0.941258788109
        probability: 0.941258788109
        value: "not_acoustic"
    mood_aggressive:
        all:
            aggressive: 0.0278660748154
            not_aggressive: 0.972133934498
        probability: 0.972133934498
        value: "not_aggressive"
    mood_electronic:
        all:
            electronic: 0.558112502098
            not_electronic: 0.4418874681
        probability: 0.558112502098
        value: "electronic"
    mood_happy:
        all:
            happy: 0.48614782095
            not_happy: 0.51385217905
        probability: 0.51385217905
        value: "not_happy"
    mood_party:
        all:
            not_party: 0.652622878551
            party: 0.347377151251
        probability: 0.652622878551
        value: "not_party"
    mood_relaxed:
        all:
            not_relaxed: 0.734711050987
            relaxed: 0.26528891921
        probability: 0.734711050987
        value: "not_relaxed"
    mood_sad:
        all:
            not_sad: 0.422905355692
            sad: 0.57709467411
        probability: 0.57709467411
        value: "sad"
    rhythm:
        all:
            fast: 0.627031326294
            medium: 0.266286253929
            slow: 0.106682434678
        probability: 0.627031326294
        value: "fast"
    speech_music:
        all:
            music: 0.999707698822
            speech: 0.000292291166261
        probability: 0.999707698822
        value: "music"
    timbre:
        all:
            bright: 0.388705074787
            dark: 0.611294925213
        probability: 0.611294925213
        value: "dark"
    voice_instrumental:
        all:
            instrumental: 0.136688515544
            voice: 0.863311469555
        probability: 0.863311469555
        value: "voice"

lowlevel:
    average_loudness: 0.986407399178
    barkbands_kurtosis:
        dmean: 0.68377250433
        dmean2: 1.13003897667
        dvar: 0.464962869883
        dvar2: 1.21926856041
        max: 4.84306669235
        mean: -0.346156984568
        min: -1.77088546753
        var: 1.10094916821
    barkbands_skewness:
        dmean: 0.350227743387
        dmean2: 0.550581872463
        dvar: 0.0991953164339
        dvar2: 0.23547950387
        max: 2.32955217361
        mean: 0.680253982544
        min: -1.57989239693
        var: 0.345158845186
    barkbands_spread:
        dmean: 5.2792134285
        dmean2: 7.93892335892
        dvar: 21.1260585785
        dvar2: 45.7724952698
        max: 64.334777832
        mean: 29.1931381226
        min: 11.9549760818
        var: 85.9412384033
    dissonance:
        dmean: 0.0210351012647
        dmean2: 0.0356707200408
        dvar: 0.000369748217054
        dvar2: 0.000835914746858
        max: 0.496455818415
        mean: 0.459720879793
        min: 0.231257691979
        var: 0.000589546689298
    hfc:
        dmean: 2.770788908
        dmean2: 4.10131502151
        dvar: 27.4481697083
        dvar2: 62.607963562
        max: 50.8348655701
        mean: 7.68395042419
        min: 0.360827535391
        var: 39.4964065552
    pitch:
        dmean: 341.54107666
        dmean2: 665.074462891
        dvar: 868077.8125
        dvar2: 1997853.375
        max: 4410
        mean: 566.029968262
        min: 82.7392120361
        var: 1028350.625
    pitch_instantaneous_confidence:
        dmean: 0.083386041224
        dmean2: 0.130209714174
        dvar: 0.00420458475128
        dvar2: 0.00959520135075
        max: 0.697693049908
        mean: 0.405234247446
        min: 0.158858060837
        var: 0.0114586474374
    pitch_salience:
        dmean: 0.0588307753205
        dmean2: 0.0933411344886
        dvar: 0.00199789484031
        dvar2: 0.00517421029508
        max: 0.816559314728
        mean: 0.625586688519
        min: 0.439791828394
        var: 0.00485908286646
    silence_rate_20dB:
        dmean: 0
        dmean2: 0
        dvar: 0
        dvar2: 0
        max: 1
        mean: 1
        min: 1
        var: 0
    silence_rate_30dB:
        dmean: 0
        dmean2: 0
        dvar: 0
        dvar2: 0
        max: 1
        mean: 1
        min: 1
        var: 0
    silence_rate_60dB:
        dmean: 0.070093460381
        dmean2: 0.138173297048
        dvar: 0.0651805624366
        dvar2: 0.142501041293
        max: 1
        mean: 0.0769230797887
        min: 0
        var: 0.0710057020187
    spectral_centroid:
        dmean: 271.985321045
        dmean2: 407.694885254
        dvar: 108109.21875
        dvar2: 193857.640625
        max: 5207.03710938
        mean: 1355.1361084
        min: 580.037841797
        var: 442064.875
    spectral_complexity:
        dmean: 3.65023469925
        dmean2: 5.64235305786
        dvar: 20.5513935089
        dvar2: 41.4909210205
        max: 56
        mean: 15.6065578461
        min: 0
        var: 44.505607605
    spectral_crest:
        dmean: 1.81158006191
        dmean2: 3.01329112053
        dvar: 2.55702614784
        dvar2: 6.10479307175
        max: 14.7819833755
        mean: 6.65616750717
        min: 2.6806409359
        var: 5.61731481552
    spectral_decrease:
        dmean: 3.44522327334e-10
        dmean2: 5.23991017243e-10
        dvar: 1.35966404396e-19
        dvar2: 3.03069489712e-19
        max: -7.81765346902e-11
        mean: -1.28952293288e-09
        min: -4.1571728282e-09
        var: 2.6723584463e-19
    spectral_energy:
        dmean: 0.00150377617683
        dmean2: 0.00226687151007
        dvar: 3.14015687763e-06
        dvar2: 7.06677383278e-06
        max: 0.0202530007809
        mean: 0.00556391337886
        min: 0.000327784655383
        var: 5.52190749659e-06
    spectral_energyband_high:
        dmean: 0.000276189442957
        dmean2: 0.000408246589359
        dvar: 3.3523420484e-07
        dvar2: 7.28267934846e-07
        max: 0.00499252369627
        mean: 0.000468156911666
        min: 1.32401892188e-05
        var: 5.38671201866e-07
    spectral_energyband_low:
        dmean: 0.000191385974176
        dmean2: 0.000320428604027
        dvar: 9.71166329577e-08
        dvar2: 2.47960542765e-07
        max: 0.00268692476675
        mean: 0.000243123038672
        min: 2.6871305181e-06
        var: 9.13709214956e-08
    spectral_energyband_middle_high:
        dmean: 0.000666102627292
        dmean2: 0.00101240433287
        dvar: 9.5211515827e-07
        dvar2: 2.16851935875e-06
        max: 0.0106287673116
        mean: 0.00204712268896
        min: 8.30777498777e-05
        var: 1.78826007868e-06
    spectral_energyband_middle_low:
        dmean: 0.000972743961029
        dmean2: 0.00158419075888
        dvar: 7.90804165263e-07
        dvar2: 1.85763519767e-06
        max: 0.00766529282555
        mean: 0.00280546583235
        min: 0.000194348249352
        var: 1.77351705588e-06
    spectral_flatness_db:
        dmean: 0.0151184154674
        dmean2: 0.0222862288356
        dvar: 0.000130188229377
        dvar2: 0.000278190826066
        max: 0.194120913744
        mean: 0.128945812583
        min: 0.0740406289697
        var: 0.000478066998767
    spectral_flux:
        dmean: 0.00831918418407
        dmean2: 0.0124644534662
        dvar: 8.46041948535e-05
        dvar2: 0.000186050587217
        max: 0.107955656946
        mean: 0.0428986400366
        min: 0.0215049888939
        var: 0.000177071226062
    spectral_kurtosis:
        dmean: 1.09254682064
        dmean2: 1.66445934772
        dvar: 1.34127879143
        dvar2: 2.98088669777
        max: 15.937456131
        mean: 3.14951133728
        min: -1.29109287262
        var: 3.82648491859
    spectral_rms:
        dmean: 0.000303849636111
        dmean2: 0.0004511710722
        dvar: 9.50707814695e-08
        dvar2: 2.01308793635e-07
        max: 0.00444511231035
        mean: 0.00228419550695
        min: 0.000565499707591
        var: 2.10659777622e-07
    spectral_rolloff:
        dmean: 637.604980469
        dmean2: 958.962219238
        dvar: 387750.53125
        dvar2: 770345.6875
        max: 8914.74609375
        mean: 2842.63476562
        min: 645.99609375
        var: 1947359.625
    spectral_skewness:
        dmean: 0.192575618625
        dmean2: 0.278620868921
        dvar: 0.0364131964743
        dvar2: 0.0648758858442
        max: 3.08422231674
        mean: 1.4395699501
        min: -0.0930042937398
        var: 0.187448039651
    spectral_spread:
        dmean: 758115
        dmean2: 976271.75
        dvar: 925959520256
        dvar2: 1.07362235187e+12
        max: 16948698
        mean: 5622162.5
        min: 3010662.25
        var: 4.11965823386e+12
    spectral_strongpeak:
        dmean: 0.307819664478
        dmean2: 0.517609298229
        dvar: 0.19565603137
        dvar2: 0.44842544198
        max: 4.69265317917
        mean: 0.524130880833
        min: 0.0266493298113
        var: 0.234083667397
    zerocrossingrate:
        dmean: 0.0104636605829
        dmean2: 0.0112867644057
        dvar: 0.000142453951412
        dvar2: 0.000130844811792
        max: 0.24755859375
        mean: 0.0845927223563
        min: 0.0234375
        var: 0.00114560208749
    barkbands:
        dmean: [6.54865061733e-07, 5.64228357689e-05, 0.000161924079293, 0.000236810563365, 0.000452787789982, 0.000247986055911, 0.000352158327587, 0.000119370124594, 0.000194161155378, 0.000285215122858, 8.85132467374e-05, 0.000111960347567, 5.71837445023e-05, 9.64571590885e-05, 6.2781793531e-05, 8.12325961306e-05, 9.76273950073e-05, 0.000131986540509, 0.000157367612701, 0.000211354941712, 0.000114605514682, 5.83436485613e-05, 2.35741936194e-05, 1.15551774797e-05, 6.36675622445e-06, 1.32255465246e-07, 7.85519538304e-10]
        dmean2: [1.00176509932e-06, 9.24959967961e-05, 0.00028647435829, 0.000400965916924, 0.000763281597756, 0.000400905235438, 0.000567924114875, 0.00019042637723, 0.000292106589768, 0.00043418124551, 0.000149776824401, 0.000176684639882, 9.22979888855e-05, 0.000161387142725, 0.000100560137071, 0.000138925417559, 0.000167387479451, 0.000215992215089, 0.000249201111728, 0.000330325856339, 0.000183416166692, 8.63758541527e-05, 3.29932481691e-05, 1.65672863659e-05, 8.45304111863e-06, 1.88279102531e-07, 1.0107683579e-09]
        dvar: [6.49080344594e-13, 6.28740659536e-09, 8.97118326293e-08, 9.69753699565e-08, 2.01124720434e-07, 1.1926498189e-07, 2.04205676368e-07, 2.6779311213e-08, 7.10034910867e-08, 1.39013764056e-07, 1.58208433021e-08, 4.45805454774e-08, 7.74442732165e-09, 1.79733703476e-08, 6.34311581038e-09, 1.32348079163e-08, 1.68823497404e-08, 2.35599184606e-08, 1.42355489174e-07, 2.01861652727e-07, 5.65760984728e-08, 1.60895190504e-08, 2.88339196963e-09, 1.40238509694e-09, 4.33978297742e-10, 8.88388077295e-14, 4.98878814742e-17]
        dvar2: [1.38298975137e-12, 1.63765037087e-08, 2.44427866392e-07, 2.80858188262e-07, 5.59909949516e-07, 2.75999013866e-07, 5.2644918469e-07, 6.98984692349e-08, 1.49659697968e-07, 3.39737937338e-07, 4.48984494028e-08, 7.73991786218e-08, 2.02195700183e-08, 4.75972896652e-08, 1.59080446593e-08, 3.61958392148e-08, 4.31997619899e-08, 5.82094514812e-08, 3.46967851783e-07, 4.90419154175e-07, 1.3352345718e-07, 3.12406385206e-08, 5.20463050435e-09, 2.89278401233e-09, 7.63970553486e-10, 1.58553319128e-13, 3.63503858442e-17]
        max: [7.36586480343e-06, 0.000706719234586, 0.00247421604581, 0.0028179762885, 0.00437738979235, 0.00385677698068, 0.00439406139776, 0.00178706564475, 0.00292428699322, 0.00333593389951, 0.000957440002821, 0.00336274737492, 0.0010114449542, 0.00126335490495, 0.000616319302935, 0.0011689432431, 0.00122046889737, 0.00118355965242, 0.00389459938742, 0.00450990535319, 0.00198204140179, 0.00123330496717, 0.000636846467387, 0.000512291386258, 0.000371344358427, 5.3526650845e-06, 1.66890416153e-07]
        mean: [1.10328119263e-06, 6.88731379341e-05, 0.000173197142431, 0.000321453757351, 0.000792331411503, 0.000482411036501, 0.000644194020424, 0.00018997641746, 0.000357661396265, 0.000454808643553, 0.000131143679027, 0.00018605258083, 0.000104667851701, 0.000133542489493, 9.52423506533e-05, 0.000125898499391, 0.000165202873177, 0.000249641103437, 0.000254231359577, 0.000306735310005, 0.000177166919457, 8.50122596603e-05, 3.36727498507e-05, 1.95424636331e-05, 9.94822494249e-06, 2.05572874279e-07, 8.69399774395e-10]
        min: [3.42238104523e-09, 3.17836452268e-07, 5.43392445707e-07, 4.60594435481e-07, 1.53008877533e-05, 1.19481883303e-05, 9.65384970186e-06, 4.62319667349e-06, 6.27743111181e-06, 6.32204546491e-06, 1.77841798177e-06, 2.74977765002e-06, 4.43441103926e-06, 3.88110356653e-06, 7.46374780647e-06, 1.56676298957e-06, 7.29255725673e-06, 1.07637724795e-05, 5.82241818847e-06, 1.32974728331e-05, 3.49864171767e-06, 8.36483422972e-07, 3.12211113851e-07, 2.16451098822e-07, 1.37702855341e-07, 5.96114324569e-10, 6.15829951053e-14]
        var: [1.28595441587e-12, 6.859634194e-09, 6.6911518104e-08, 1.16714637954e-07, 4.35671609011e-07, 2.22700450081e-07, 4.04629190598e-07, 4.33502371777e-08, 1.36459405553e-07, 2.9053839512e-07, 2.77142859773e-08, 1.03765223969e-07, 1.44420839732e-08, 2.70954938486e-08, 8.14296985396e-09, 1.45461376277e-08, 2.02753795975e-08, 4.06637354899e-08, 1.57972706916e-07, 2.45643349217e-07, 7.58365104048e-08, 3.06133927097e-08, 5.88966342363e-09, 4.14415612937e-09, 1.34953281883e-09, 3.22422644139e-13, 6.62964151312e-17]
    mfcc:
        mean: [-679.416931152, 111.803024292, -32.7655944824, 38.634185791, -22.4695339203, -9.29811382294, -5.13595294952, -3.20858979225, -5.94822311401, -6.62953186035, -8.33179950714, -7.80428886414, -6.44240283966]
        cov: [[812.320922852, -531.454528809, 156.807739258, -39.3291931152, -64.3093032837, 48.3841819763, -37.0024337769, -19.5181369781, -24.5970191956, 2.82468962669, -24.0979995728, -17.5018119812, 1.63313353062], [-531.454528809, 881.837890625, -361.854980469, 107.270133972, -30.9120388031, -20.1009864807, 110.003692627, 28.2917423248, 16.7129058838, 4.32832574844, 18.5532798767, 16.8308029175, -14.0569763184], [156.807739258, -361.854980469, 388.351806641, -24.7441101074, 80.6069946289, 6.89254522324, -73.3791885376, 20.0610599518, 25.8056297302, 7.31835174561, -6.12001800537, -4.49212551117, 30.8534793854], [-39.3291931152, 107.270133972, -24.7441101074, 173.229110718, 9.94332504272, 11.5190200806, 0.93229830265, 0.0992305204272, 12.6684074402, 3.35000538826, 1.03609919548, 3.47860765457, 19.7757968903], [-64.3093032837, -30.9120388031, 80.6069946289, 9.94332504272, 122.106147766, 9.44129085541, -7.54368305206, 11.650346756, 2.91700768471, 6.96295309067, -3.17253112793, -3.50382661819, -7.1751332283], [48.3841819763, -20.1009864807, 6.89254522324, 11.5190200806, 9.44129085541, 85.5709457397, 39.6860923767, 9.81080722809, 2.95850515366, 0.441917747259, 11.5688381195, 6.99653148651, 3.80150914192], [-37.0024337769, 110.003692627, -73.3791885376, 0.93229830265, -7.54368305206, 39.6860923767, 99.0507888794, 32.4879837036, 11.1145114899, 6.61448574066, 11.2482795715, 7.5479516983, -13.8141479492], [-19.5181369781, 28.2917423248, 20.0610599518, 0.0992305204272, 11.650346756, 9.81080722809, 32.4879837036, 65.2135391235, 31.4491252899, 11.3354253769, -1.29496717453, -3.88569569588, 5.58217334747], [-24.5970191956, 16.7129058838, 25.8056297302, 12.6684074402, 2.91700768471, 2.95850515366, 11.1145114899, 31.4491252899, 68.5656051636, 21.2230186462, 7.37103414536, 5.62447118759, 0.00622293073684], [2.82468962669, 4.32832574844, 7.31835174561, 3.35000538826, 6.96295309067, 0.441917747259, 6.61448574066, 11.3354253769, 21.2230186462, 51.7527236938, 15.3999261856, 2.00895166397, -3.17448425293], [-24.0979995728, 18.5532798767, -6.12001800537, 1.03609919548, -3.17253112793, 11.5688381195, 11.2482795715, -1.29496717453, 7.37103414536, 15.3999261856, 52.7310218811, 17.975320816, -4.79708194733], [-17.5018119812, 16.8308029175, -4.49212551117, 3.47860765457, -3.50382661819, 6.99653148651, 7.5479516983, -3.88569569588, 5.62447118759, 2.00895166397, 17.975320816, 46.2459106445, 19.76912117], [1.63313353062, -14.0569763184, 30.8534793854, 19.7757968903, -7.1751332283, 3.80150914192, -13.8141479492, 5.58217334747, 0.00622293073684, -3.17448425293, -4.79708194733, 19.76912117, 74.4219970703]]
        icov: [[0.00261871283874, 0.0016830204986, -5.74698788114e-05, -0.000642095285002, 0.00214939168654, -0.00135178281926, -0.000164681099704, -0.000391606678022, 0.0010814628331, -0.00120829232037, 0.00140391068999, -0.000192672887351, 0.000819997512735], [0.0016830204986, 0.00344867515378, 0.00210468308069, -0.00150913465768, 0.00046593521256, 0.00064732710598, -0.00148343550973, -0.00105499546044, 1.54386652866e-05, -0.000276015460258, 0.000185360695468, -0.000286167662125, 3.47499953932e-05], [-5.74698788114e-05, 0.00210468308069, 0.00625044060871, 0.00013932044385, -0.00325653143227, -0.000519829103723, 0.00313732912764, -0.00267173233442, -0.00214191246778, 0.000617045210674, -0.0010241761338, 0.000331996765453, -0.00186187168583], [-0.000642095285002, -0.00150913465768, 0.00013932044385, 0.00717236474156, -0.00143379531801, -0.0014441445237, 0.00124292832334, 0.00156298605725, -0.0021530946251, 0.0001452890574, -0.000288380600978, 0.00126993644517, -0.00253513618372], [0.00214939168654, 0.00046593521256, -0.00325653143227, -0.00143379531801, 0.0125215165317, -0.00267931679264, 0.000831187819131, -0.00230831396766, 0.0033407448791, -0.00277191307396, 0.00282310019247, -0.00160470441915, 0.00393313542008], [-0.00135178281926, 0.00064732710598, -0.000519829103723, -0.0014441445237, -0.00267931679264, 0.0180601309985, -0.00988231319934, 0.00229166308418, -0.000688945932779, 0.00242408853956, -0.00402709469199, 0.000939630379435, -0.00284160766751], [-0.000164681099704, -0.00148343550973, 0.00313732912764, 0.00124292832334, 0.000831187819131, -0.00988231319934, 0.0228123981506, -0.0117484554648, 0.00165764754638, -0.000939487130381, -3.00929350487e-05, -0.00475614052266, 0.00501429568976], [-0.000391606678022, -0.00105499546044, -0.00267173233442, 0.00156298605725, -0.00230831396766, 0.00229166308418, -0.0117484554648, 0.0287861283869, -0.0109883965924, -0.000608707952779, 0.00114306458272, 0.0071713081561, -0.00603419588879], [0.0010814628331, 1.54386652866e-05, -0.00214191246778, -0.0021530946251, 0.0033407448791, -0.000688945932779, 0.00165764754638, -0.0109883965924, 0.0234088301659, -0.0073136407882, 0.000986802973785, -0.00511776888743, 0.00403762049973], [-0.00120829232037, -0.000276015460258, 0.000617045210674, 0.0001452890574, -0.00277191307396, 0.00242408853956, -0.000939487130381, -0.000608707952779, -0.0073136407882, 0.0252046082169, -0.00822669174522, 0.00263488618657, -0.000994310015813], [0.00140391068999, 0.000185360695468, -0.0010241761338, -0.000288380600978, 0.00282310019247, -0.00402709469199, -3.00929350487e-05, 0.00114306458272, 0.000986802973785, -0.00822669174522, 0.0270893964916, -0.0112353637815, 0.00527163408697], [-0.000192672887351, -0.000286167662125, 0.000331996765453, 0.00126993644517, -0.00160470441915, 0.000939630379435, -0.00475614052266, 0.0071713081561, -0.00511776888743, 0.00263488618657, -0.0112353637815, 0.0324456505477, -0.0113784568384], [0.000819997512735, 3.47499953932e-05, -0.00186187168583, -0.00253513618372, 0.00393313542008, -0.00284160766751, 0.00501429568976, -0.00603419588879, 0.00403762049973, -0.000994310015813, 0.00527163408697, -0.0113784568384, 0.0200982671231]]
    spectral_contrast:
        mean: [-2.23183718617e-07, -1.33133326585e-08, -6.33316801668e-07, -2.13641470737e-07, -9.21289622369e-09, 1.92423897261e-07, 2.9615709991e-06, 3.55101292371e-06, 3.64328158753e-08, 3.32669287673e-06, 2.13013322536e-07, -4.07852121498e-06]
        var: [0.000303299428197, 0.000681421661284, 0.00107101630419, 0.00218618451618, 0.00266246125102, 0.00319732609205, 0.0479886420071, 0.0857595652342, 0.121295079589, 0.232630103827, 0.410355120897, 0.589005112648]

rhythm:
    beats_loudness:
        dmean: 0.00336840935051
        dmean2: 0.00663570873439
        dvar: 4.5825545385e-06
        dvar2: 1.70162420545e-05
        max: 0.0113487187773
        mean: 0.00642505008727
        min: 0.00293529150076
        var: 6.7180676524e-06
    beats_loudness_bass:
        dmean: 0.127460822463
        dmean2: 0.253894984722
        dvar: 0.0102650858462
        dvar2: 0.0298780761659
        max: 0.385955542326
        mean: 0.110697619617
        min: 0.00881724432111
        var: 0.00940404180437
    bpm: 83.5464706421
    bpm_confidence: 0
    first_peak_bpm: 167
    first_peak_spread: 0
    first_peak_weight: 0.5
    onset_rate: 4.4209318161
    second_peak_bpm: 84
    second_peak_spread: 0
    second_peak_weight: 0.444444447756
    beats_position: [0.0720972195268, 0.790279090405, 1.50846099854, 2.22664284706, 2.94482469559, 3.66300654411, 4.38118839264, 5.09937047958, 5.81755256653, 6.34430027008, 6.70365762711, 7.06301593781, 7.42237281799, 7.78173112869, 8.14108848572, 8.50044631958, 8.85980415344, 9.2191619873, 9.57851886749]
    bpm_estimates: [83.2953109741, 83.44480896, 83.4498977661, 83.3283538818, 83.3148880005, 84.5862426758, 83.4058380127]
    bpm_intervals: [0.718181848526, 0.718181908131, 0.718181848526, 0.718181848526, 0.718181848526, 0.718181848526, 0.718182086945, 0.718182086945, 0.526747703552, 0.359357357025, 0.359358310699, 0.359356880188, 0.359358310699, 0.359357357025, 0.359357833862, 0.359357833862, 0.359357833862, 0.359356880188]
    onset_times: [0.0580498874187, 0.406349211931, 0.789478480816, 1.50929701328, 1.68344676495, 1.86920630932, 2.07818603516, 2.22911572456, 2.46131515503, 2.60063481331, 2.69351482391, 2.97215414047, 3.1811337471, 3.32045340538, 3.56426310539, 3.68036270142, 4.02866220474, 4.20281171799, 4.28408145905, 4.42340135574, 4.57433128357, 4.77170085907, 4.96907043457, 5.11999988556, 5.32897949219, 5.49151945114, 6.22294807434, 6.31582784653, 6.57124710083, 6.93115663528, 7.12852621078, 7.46521520615, 7.75546503067, 8.01088428497, 8.25469398499, 8.32435417175, 8.60299301147, 8.75392246246, 8.97451210022, 9.11383247375, 9.31120204926, 9.46213150024, 9.69433116913, 9.83365058899]
    rubato_start: [6.70365762711]
    rubato_stop: [9.57851886749]
    perceptual_tempo: "unknown"

sfx:
    inharmonicity:
        dmean: 0.0384931340814
        dmean2: 0.0687358379364
        dvar: 0.00196874490939
        dvar2: 0.00544060161337
        max: 0.28638741374
        mean: 0.0403471514583
        min: 0
        var: 0.00209303875454
    oddtoevenharmonicenergyratio:
        dmean: 1.75876891613
        dmean2: 3.303637743
        dvar: 24.4604110718
        dvar2: 71.2436218262
        max: 42.3892974854
        mean: 1.18484866619
        min: 0
        var: 13.8426809311
    pitch_after_max_to_before_max_energy_ratio: 7.69976615906
    pitch_centroid: 219.993713379
    pitch_max_to_total: 0.0351288057864
    pitch_min_to_total: 0.442622959614
    tristimulus:
        dmean: [0.23141130805, 0.239066883922, 0.116672486067]
        dmean2: [0.406439840794, 0.421834141016, 0.203693941236]
        dvar: [0.033887218684, 0.0364654995501, 0.0101243779063]
        dvar2: [0.101564027369, 0.0991464331746, 0.0284455921501]
        max: [1, 0.963611841202, 0.72534096241]
        mean: [0.409466385841, 0.438320368528, 0.127963021398]
        min: [0.0180777907372, 0, 0]
        var: [0.0481139682233, 0.0492633990943, 0.0146220419556]

tonal:
    chords_changes_rate: 0.0651162788272
    chords_number_rate: 0.0325581394136
    chords_strength:
        dmean: 0.00558004528284
        dmean2: 0.00550959352404
        dvar: 2.24699433602e-05
        dvar2: 2.32780057559e-05
        max: 0.586252212524
        mean: 0.487772196531
        min: 0.354316532612
        var: 0.00411462131888
    key_strength: 0.685239911079
    tuning_diatonic_strength: 0.542825400829
    tuning_equal_tempered_deviation: 0.105870239437
    tuning_frequency: 442.293365479
    tuning_nontempered_energy_ratio: 0.743488550186
    hpcp:
        dmean: [0.120593935251, 0.0841640383005, 0.0746271386743, 0.0702657327056, 0.067820712924, 0.0979621633887, 0.110131904483, 0.083358541131, 0.0784134194255, 0.075303196907, 0.0964799672365, 0.162051528692, 0.191495686769, 0.117506541312, 0.0673361122608, 0.0651351287961, 0.0496081076562, 0.0545325987041, 0.0801893249154, 0.0643738433719, 0.0799327418208, 0.100952327251, 0.0672097280622, 0.0651200413704, 0.0780704021454, 0.151601374149, 0.224319398403, 0.185851484537, 0.130013585091, 0.093153372407, 0.0954628139734, 0.0985670685768, 0.156959980726, 0.158515408635, 0.142503470182, 0.120116651058]
        dmean2: [0.202617138624, 0.141742393374, 0.125922441483, 0.117899619043, 0.106825910509, 0.156520277262, 0.176896095276, 0.13851608336, 0.130169600248, 0.130509436131, 0.166247278452, 0.275356143713, 0.327953308821, 0.197083964944, 0.11503893137, 0.109039127827, 0.0853483602405, 0.0869167298079, 0.128797009587, 0.100590512156, 0.127688348293, 0.165131777525, 0.116853192449, 0.115377210081, 0.140155270696, 0.262072473764, 0.382501661777, 0.306268215179, 0.216182991862, 0.166616648436, 0.166330859065, 0.16970923543, 0.255109101534, 0.278429836035, 0.241379663348, 0.195629179478]
        dvar: [0.0293885935098, 0.0133142657578, 0.0128578040749, 0.0116849103943, 0.0154075063765, 0.0149150118232, 0.0242119543254, 0.0138738369569, 0.0176322311163, 0.0162685532123, 0.0158620141447, 0.0265534874052, 0.0320031754673, 0.0136889442801, 0.0102574871853, 0.0160327106714, 0.00737363379449, 0.00594940409064, 0.013760657981, 0.00641289446503, 0.00618755724281, 0.0181827414781, 0.00948266778141, 0.0125351538882, 0.0174185615033, 0.0272376984358, 0.0403682105243, 0.0304984580725, 0.0161977373064, 0.0287060197443, 0.0292607117444, 0.019959628582, 0.0284065268934, 0.0375155992806, 0.0290221627802, 0.029309136793]
        dvar2: [0.0656319111586, 0.0327489189804, 0.0351204648614, 0.0276468098164, 0.0369675904512, 0.0366833657026, 0.0522828213871, 0.0329044312239, 0.0433121323586, 0.0432699397206, 0.0397165119648, 0.067585028708, 0.077267639339, 0.0376073047519, 0.0249472595751, 0.0424482040107, 0.0191859677434, 0.0115354154259, 0.0308567546308, 0.0169201921672, 0.0144937923178, 0.0526916235685, 0.0273221042007, 0.0335730873048, 0.0369969829917, 0.0715088397264, 0.0972772091627, 0.0791951417923, 0.0493203811347, 0.0830486118793, 0.0826090499759, 0.0539252832532, 0.0605421476066, 0.0929205194116, 0.0841201394796, 0.0711376070976]
        max: [1, 0.979383945465, 0.99370020628, 1, 1, 0.831251502037, 1, 0.906260251999, 1, 0.875916898251, 1, 1, 1, 0.777373075485, 0.756544232368, 1, 0.82176566124, 0.725495159626, 1, 0.505002677441, 0.637860119343, 1, 0.631581902504, 0.66321015358, 0.979228913784, 1, 1, 1, 0.810698091984, 1, 0.891651272774, 1, 1, 1, 1, 1]
        mean: [0.214663878083, 0.126398071647, 0.101253122091, 0.0983449518681, 0.0874218419194, 0.192271262407, 0.262279629707, 0.157805651426, 0.0938101038337, 0.0992208197713, 0.124689117074, 0.284190714359, 0.339770853519, 0.177890479565, 0.0966601446271, 0.0885859504342, 0.0633139908314, 0.0877036228776, 0.115910001099, 0.0956243351102, 0.137065306306, 0.153343960643, 0.083867944777, 0.0700435116887, 0.0874621868134, 0.175806865096, 0.482217490673, 0.527667760849, 0.22062061727, 0.0920228436589, 0.0810105279088, 0.127296254039, 0.404798597097, 0.484912186861, 0.245591148734, 0.203277468681]
        min: [0.00403691967949, 0.00748592056334, 0.00481226015836, 0.00516479508951, 0.00606528809294, 0.00613339850679, 0.00774502567947, 0.00625150417909, 0.002877373714, 0.00311468425207, 0.00868564099073, 0.0159036740661, 0.0150109678507, 0.00870187859982, 0.00339853181504, 0.00315002514981, 0.00327206519432, 0.00482218805701, 0.00513288984075, 0.00855306629092, 0.0114771453664, 0.00014332489809, 0.000286997732474, 0.00335970614105, 0.00396345183253, 0.00706590805203, 0.0216836817563, 0.0323247648776, 0.0158877652138, 0, 0, 0.00423448719084, 0.00666872831061, 0.00771311717108, 0.00849243346602, 0.00527374865487]
        var: [0.0825955122709, 0.018469998613, 0.01302466169, 0.0181325469166, 0.0205645821989, 0.0457395464182, 0.107039384544, 0.0382381565869, 0.0176666565239, 0.0173390377313, 0.0210077576339, 0.0422294586897, 0.0607751719654, 0.0204444266856, 0.0149880079553, 0.0196065697819, 0.00780368922278, 0.0110538983718, 0.0224249344319, 0.00848863087595, 0.0111979776993, 0.0201283860952, 0.0087067252025, 0.0102498028427, 0.0185302309692, 0.031277179718, 0.0973959639668, 0.116883993149, 0.0283223371953, 0.0239303875715, 0.0234438925982, 0.0215368978679, 0.126693934202, 0.161058202386, 0.0475058145821, 0.075591519475]
    chords_histogram: [29.7674427032, 0, 3.25581383705, 11.1627902985, 0, 9.30232524872, 0, 0, 0, 32.0930213928, 6.04651165009, 0, 0, 0, 0, 0, 0, 0, 0, 0, 0, 0, 8.37209320068, 0]
    thpcp: [1, 0.41810515523, 0.174395427108, 0.1535256356, 0.241243183613, 0.767146706581, 0.918972551823, 0.465427607298, 0.38523760438, 0.406816363335, 0.239541009068, 0.191888019443, 0.186376661062, 0.165675923228, 0.364379405975, 0.497054487467, 0.299062520266, 0.177782520652, 0.188036546111, 0.236302316189, 0.538578867912, 0.643910586834, 0.33712592721, 0.183183729649, 0.167882055044, 0.119988359511, 0.166209936142, 0.219664737582, 0.181220725179, 0.259756833315, 0.29060703516, 0.158940821886, 0.132741689682, 0.165752381086, 0.3331772089, 0.913865745068]
    chords_key: "C#"
    chords_scale: "major"
    key_key: "F#"
    key_scale: "minor"
    chords_progression: ["F#m", "F#m", "F#m", "F#m", "F#m", "F#m", "F#m", "F#m", "F#m", "F#m", "F#m", "F#m", "F#m", "F#m", "F#m", "F#m", "F#m", "F#m", "F#m", "F#m", "F#m", "F#m", "F#m", "F#m", "F#m", "F#m", "F#m", "F#m", "F#m", "F#m", "F#m", "F#m", "F#m", "F#m", "F#m", "F#m", "F#m", "F#m", "F#m", "F#m", "F#m", "F#m", "F#m", "F#m", "F#m", "F#m", "F#m", "F#m", "F#m", "F#m", "F#m", "F#m", "F#m", "F#m", "F#m", "F#m", "F#m", "F#m", "F#m", "F#m", "F#m", "F#m", "F#m", "F#m", "C#", "C#", "C#", "C#", "C#", "C#", "C#", "C#", "C#", "C#", "C#", "C#", "C#", "C#", "C#", "C#", "C#", "C#", "C#", "C#", "C#", "C#", "C#", "C#", "C#", "C#", "C#", "C#", "C#", "C#", "C#", "C#", "C#", "C#", "C#", "C#", "C#", "C#", "C#", "C#", "C#", "C#", "C#", "C#", "C#", "C#", "C#", "C#", "C#", "C#", "C#m", "C#m", "C#m", "C#m", "C#m", "C#m", "C#m", "C#", "C#", "C#", "C#", "C#", "C#", "C#", "C#", "C#", "C#", "C#", "C#", "Fm", "Fm", "Fm", "Fm", "Fm", "Fm", "Fm", "Fm", "Fm", "C#", "C#", "C#", "C#", "Fm", "C#", "C#", "Fm", "Fm", "Fm", "C#", "E", "E", "E", "E", "E", "E", "E", "E", "E", "E", "E", "E", "E", "E", "E", "E", "E", "E", "E", "E", "E", "E", "E", "E", "B", "B", "B", "B", "B", "B", "B", "B", "B", "B", "B", "B", "B", "B", "B", "B", "B", "B", "B", "Bm", "Bm", "Bm", "Bm", "Bm", "Bm", "Bm", "B", "Bm", "Bm", "Bm", "Bm", "Bm", "Bm", "Bm", "Bm", "Bm", "Bm", "Bm"]
