
metadata:
    version:
        essentia: "1.2.2"
    audio_properties:
        analysis_sample_rate: 44100
        bitrate: 128
        channels: 2
        equal_loudness: 1
        length: 10.1093873978
        replay_gain: 0.410751342773
        downmix: "mix"
    tags:
        track: 8
        year: 0
        album: "Splitted by Mp3Splt v. 2.1"
        artist: "From 001.10 To 001.20"
        comment: "http://mp3splt.sf.net"
        genre: ""
        title: "01 Mellon Collie and the Infin"

highlevel:
    ballroom:
        all:
            ChaChaCha: 0.000856567698065
            Jive: 0.000334584387019
            Quickstep: 0.00145570130553
            Rumba-American: 0.00178026908543
            Rumba-International: 0.0250655151904
            Rumba-Misc: 0.0592148602009
            Samba: 0.000414127571275
            Tango: 0.0129461009055
            VienneseWaltz: 0.0970371738076
            Waltz: 0.800895094872
        probability: 0.800895094872
        value: "Waltz"
    culture:
        all:
            non_western: 2.23173674385e-06
            western: 0.999997794628
        probability: 0.999997794628
        value: "western"
    gender:
        all:
            female: 0.83784943819
            male: 0.162150591612
        probability: 0.83784943819
        value: "female"
    genre_dortmund:
        all:
            alternative: 0.0849852189422
            blues: 0.0040772468783
            electronic: 0.298739939928
            folkcountry: 0.215047627687
            funksoulrnb: 0.00783596001565
            jazz: 0.275610357523
            pop: 0.065379306674
            raphiphop: 0.00153705081902
            rock: 0.0467873066664
        probability: 0.298739939928
        value: "electronic"
    genre_electronica:
        all:
            ambient: 0.926001012325
            dnb: 0.00298217730597
            house: 0.0271670334041
            techno: 0.000897096644621
            trance: 0.0429527089
        probability: 0.926001012325
        value: "ambient"
    genre_rosamerica:
        all:
            cla: 0.861572444439
            dan: 0.00798534974456
            hip: 0.00418167933822
            jaz: 0.0421330556273
            pop: 0.0229861773551
            rhy: 0.0276908632368
            roc: 0.0282237846404
            spe: 0.00522666284814
        probability: 0.861572444439
        value: "cla"
    genre_tzanetakis:
        all:
            blu: 0.0105747217312
            cla: 0.646033942699
            cou: 0.0275772586465
            dis: 0.00545673398301
            hip: 0.00247444049455
            jaz: 0.211688637733
            met: 0.00422188453376
            pop: 0.0124751143157
            reg: 0.0183435808867
            roc: 0.0611537136137
        probability: 0.646033942699
        value: "cla"
    live_studio:
        all:
            live: 0.511714339256
            studio: 0.488285690546
        probability: 0.511714339256
        value: "live"
    mood:
        all:
            Cluster1: 0.0335038974881
            Cluster2: 0.125548139215
            Cluster3: 0.791598796844
            Cluster4: 0.031583301723
            Cluster5: 0.0177658591419
        probability: 0.791598796844
        value: "Cluster3"
    mood_acoustic:
        all:
            acoustic: 0.933684945107
            not_acoustic: 0.0663150548935
        probability: 0.933684945107
        value: "acoustic"
    mood_aggressive:
        all:
            aggressive: 2.73431714959e-06
            not_aggressive: 0.999997258186
        probability: 0.999997258186
        value: "not_aggressive"
    mood_electronic:
        all:
            electronic: 0.125695466995
            not_electronic: 0.874304533005
        probability: 0.874304533005
        value: "not_electronic"
    mood_happy:
        all:
            happy: 0.095906727016
            not_happy: 0.904093265533
        probability: 0.904093265533
        value: "not_happy"
    mood_party:
        all:
            not_party: 0.979687929153
            party: 0.0203120559454
        probability: 0.979687929153
        value: "not_party"
    mood_relaxed:
        all:
            not_relaxed: 0.0180949661881
            relaxed: 0.981905043125
        probability: 0.981905043125
        value: "relaxed"
    mood_sad:
        all:
            not_sad: 0.0759992673993
            sad: 0.924000740051
        probability: 0.924000740051
        value: "sad"
    rhythm:
        all:
            fast: 0.0808249861002
            medium: 0.771803617477
            slow: 0.147371396422
        probability: 0.771803617477
        value: "medium"
    speech_music:
        all:
            music: 0.998980998993
            speech: 0.00101901509333
        probability: 0.998980998993
        value: "music"
    timbre:
        all:
            bright: 0.480096906424
            dark: 0.519903063774
        probability: 0.519903063774
        value: "dark"
    voice_instrumental:
        all:
            instrumental: 0.996480107307
            voice: 0.0035198777914
        probability: 0.996480107307
        value: "instrumental"

lowlevel:
    average_loudness: 0.96258431673
    barkbands_kurtosis:
        dmean: 1.67757928371
        dmean2: 2.60195612907
        dvar: 5.66587400436
        dvar2: 14.326177597
        max: 28.3718624115
        mean: 3.87284660339
        min: -1.8022466898
        var: 23.2157459259
    barkbands_skewness:
        dmean: 0.336367577314
        dmean2: 0.512366592884
        dvar: 0.119948521256
        dvar2: 0.288962423801
        max: 4.99460697174
        mean: 1.67054653168
        min: -0.75416713953
        var: 0.752718269825
    barkbands_spread:
        dmean: 2.65696716309
        dmean2: 4.17845821381
        dvar: 11.8901596069
        dvar2: 29.2833900452
        max: 42.2798576355
        mean: 14.6097888947
        min: 2.14436078072
        var: 125.169677734
    dissonance:
        dmean: 0.0264586992562
        dmean2: 0.043750397861
        dvar: 0.000607505149674
        dvar2: 0.00138133612927
        max: 0.497789502144
        mean: 0.401401787996
        min: 0.084399394691
        var: 0.00184338644613
    hfc:
        dmean: 0.627076089382
        dmean2: 0.937735438347
        dvar: 0.745802760124
        dvar2: 1.80299687386
        max: 10.5766391754
        mean: 2.70559501648
        min: 0.0152695542201
        var: 4.0621714592
    pitch:
        dmean: 25.7433605194
        dmean2: 48.869430542
        dvar: 3580.16113281
        dvar2: 9267.29199219
        max: 479.347839355
        mean: 251.180480957
        min: 61.8513336182
        var: 5838.56542969
    pitch_instantaneous_confidence:
        dmean: 0.0512391813099
        dmean2: 0.0803095027804
        dvar: 0.00340491998941
        dvar2: 0.00803758576512
        max: 0.900604665279
        mean: 0.652889251709
        min: 0.275821506977
        var: 0.0183098763227
    pitch_salience:
        dmean: 0.0445130355656
        dmean2: 0.0667744576931
        dvar: 0.00180131732486
        dvar2: 0.00379347382113
        max: 0.87276160717
        mean: 0.498609155416
        min: 0.234046176076
        var: 0.0105850817636
    silence_rate_20dB:
        dmean: 0
        dmean2: 0
        dvar: 0
        dvar2: 0
        max: 1
        mean: 1
        min: 1
        var: 0
    silence_rate_30dB:
        dmean: 0
        dmean2: 0
        dvar: 0
        dvar2: 0
        max: 1
        mean: 1
        min: 1
        var: 0
    silence_rate_60dB:
        dmean: 0.091954022646
        dmean2: 0.18202765286
        dvar: 0.0834984183311
        dvar2: 0.190368399024
        max: 1
        mean: 0.529816508293
        min: 0
        var: 0.249110251665
    spectral_centroid:
        dmean: 103.855796814
        dmean2: 160.19178772
        dvar: 23362.7109375
        dvar2: 51828.0078125
        max: 2728.3984375
        mean: 730.231933594
        min: 304.179107666
        var: 155100.265625
    spectral_complexity:
        dmean: 1.18706703186
        dmean2: 1.99537038803
        dvar: 1.44999337196
        dvar2: 3.39811992645
        max: 18
        mean: 8.5391702652
        min: 0
        var: 11.0272502899
    spectral_crest:
        dmean: 1.58970189095
        dmean2: 2.29808211327
        dvar: 3.0501139164
        dvar2: 7.74880313873
        max: 23.3386535645
        mean: 12.0841207504
        min: 4.95860052109
        var: 16.2576217651
    spectral_decrease:
        dmean: 2.07052305856e-10
        dmean2: 2.66100141921e-10
        dvar: 1.51679100797e-19
        dvar2: 2.10116503018e-19
        max: -1.0837303277e-11
        mean: -9.54461065739e-10
        min: -6.93895874093e-09
        var: 6.49485259774e-19
    spectral_energy:
        dmean: 0.000823354697786
        dmean2: 0.00106614734977
        dvar: 2.30598948292e-06
        dvar2: 3.18818001688e-06
        max: 0.0271485317498
        mean: 0.00384776270948
        min: 4.22874400101e-05
        var: 1.00517227111e-05
    spectral_energyband_high:
        dmean: 6.40029757051e-05
        dmean2: 0.000103957034298
        dvar: 2.04280592442e-08
        dvar2: 5.45431788623e-08
        max: 0.00132055871654
        mean: 0.000115560513223
        min: 8.98931489246e-08
        var: 4.59695854715e-08
    spectral_energyband_low:
        dmean: 1.19025980894e-05
        dmean2: 1.83700612979e-05
        dvar: 3.37615796431e-10
        dvar2: 7.52076845245e-10
        max: 0.000268311647233
        mean: 3.54739131581e-05
        min: 1.50738912907e-07
        var: 1.3510340624e-09
    spectral_energyband_middle_high:
        dmean: 0.000138737887028
        dmean2: 0.000207040488021
        dvar: 4.4484139039e-08
        dvar2: 1.119082782e-07
        max: 0.00250749033876
        mean: 0.000594409648329
        min: 1.7469363911e-06
        var: 2.59046743167e-07
    spectral_energyband_middle_low:
        dmean: 0.00074988725828
        dmean2: 0.000950917659793
        dvar: 2.0683846742e-06
        dvar2: 2.95218524116e-06
        max: 0.0248493328691
        mean: 0.00310231349431
        min: 3.63473445759e-05
        var: 8.58337534737e-06
    spectral_flatness_db:
        dmean: 0.0140903191641
        dmean2: 0.0215448960662
        dvar: 0.000219944820856
        dvar2: 0.000443330354756
        max: 0.384025275707
        mean: 0.273198097944
        min: 0.161613419652
        var: 0.00132524210494
    spectral_flux:
        dmean: 0.00624471716583
        dmean2: 0.0101061081514
        dvar: 8.33076410345e-05
        dvar2: 0.000201304850634
        max: 0.0886259749532
        mean: 0.0181717835367
        min: 0.00398658355698
        var: 0.000142521777889
    spectral_kurtosis:
        dmean: 6.77980566025
        dmean2: 11.5868005753
        dvar: 53.6825866699
        dvar2: 153.391601562
        max: 72.6584243774
        mean: 17.4535903931
        min: 0.709580659866
        var: 199.464935303
    spectral_rms:
        dmean: 0.000183946511243
        dmean2: 0.000243715025135
        dvar: 7.61158673868e-08
        dvar2: 1.06936170141e-07
        max: 0.00514649134129
        mean: 0.00182141992263
        min: 0.000203115836484
        var: 4.36344663513e-07
    spectral_rolloff:
        dmean: 320.660369873
        dmean2: 541.769042969
        dvar: 297189.71875
        dvar2: 712729.0625
        max: 4242.04101562
        mean: 1397.17724609
        min: 258.3984375
        var: 1322045.75
    spectral_skewness:
        dmean: 0.498818635941
        dmean2: 0.841736257076
        dvar: 0.205925837159
        dvar2: 0.595395624638
        max: 6.45979309082
        mean: 2.77586889267
        min: 0.706672310829
        var: 1.45806491375
    spectral_spread:
        dmean: 225223.703125
        dmean2: 329853.46875
        dvar: 345008766976
        dvar2: 186884538368
        max: 18254526
        mean: 2216039.75
        min: 935207.6875
        var: 1.02807856742e+12
    spectral_strongpeak:
        dmean: 0.194889754057
        dmean2: 0.332062333822
        dvar: 0.273327738047
        dvar2: 0.803746044636
        max: 5.43020677567
        mean: 0.533376514912
        min: 0.00517106894404
        var: 0.198462888598
    zerocrossingrate:
        dmean: 0.00519856018946
        dmean2: 0.00647085672244
        dvar: 3.8800531911e-05
        dvar2: 5.0755290431e-05
        max: 0.14501953125
        mean: 0.0448622480035
        min: 0.00390625
        var: 0.000695348309819
    barkbands:
        dmean: [3.10918402135e-08, 6.53181757571e-07, 1.16681412692e-05, 2.29197448789e-05, 0.000446093181381, 0.00021746607672, 0.000109020023956, 0.000101436206023, 6.43913663225e-05, 5.58323808946e-05, 2.00867634703e-05, 2.71129611065e-05, 1.09704742499e-05, 2.23739207286e-05, 1.28436258819e-05, 1.961990165e-05, 2.28770677495e-05, 2.22694998229e-05, 2.0446275812e-05, 8.9626541012e-05, 1.9710239485e-06, 3.72138629245e-07, 2.81580287975e-08, 1.29369341906e-08, 1.87880022651e-09, 4.02816530132e-10, 4.19321716238e-10]
        dmean2: [4.83146749275e-08, 1.08382164399e-06, 1.81286432053e-05, 3.23303938785e-05, 0.000570635078475, 0.000310665171128, 0.000150293679326, 0.000133233028464, 7.01038297848e-05, 7.03431287548e-05, 2.62057747022e-05, 3.94383423554e-05, 1.47957662193e-05, 3.55094052793e-05, 2.04885236599e-05, 2.88970350084e-05, 3.8742840843e-05, 3.66542953998e-05, 3.41327140632e-05, 0.000149375046021, 3.2826324059e-06, 6.23267737865e-07, 4.48497736727e-08, 2.17622631027e-08, 2.92326252094e-09, 6.49409637177e-10, 6.7499666967e-10]
        dvar: [1.9130363797e-13, 3.06840924197e-12, 3.27959798208e-10, 9.63146895572e-10, 1.13004102786e-06, 2.58045929513e-07, 1.05320161481e-07, 4.13939993393e-08, 1.584965581e-08, 1.13146327863e-08, 1.9215007363e-09, 3.57741303247e-09, 1.59758178908e-10, 8.56245740977e-10, 5.51375056723e-10, 8.12869660471e-10, 1.11706011108e-09, 1.14404374862e-09, 9.20900422585e-09, 2.6999797953e-08, 9.46794725953e-12, 3.46995300332e-13, 1.25866936028e-15, 4.29659394789e-16, 2.37020630506e-17, 1.79031199837e-17, 2.03753957442e-17]
        dvar2: [4.92036207785e-13, 8.49136299469e-12, 7.41982530972e-10, 1.87613591329e-09, 1.83355791705e-06, 4.73451081007e-07, 1.74227835714e-07, 6.13204420574e-08, 1.79212022999e-08, 1.6109185097e-08, 3.58909102438e-09, 5.67908697846e-09, 2.99839680862e-10, 2.18844475874e-09, 1.31277444471e-09, 1.61918423114e-09, 3.22966031696e-09, 3.24975912847e-09, 2.60874024605e-08, 7.47676196511e-08, 2.54024318941e-11, 1.04610591023e-12, 3.185064322e-15, 1.17323931129e-15, 5.99231142429e-17, 4.59809850184e-17, 5.23419377544e-17]
        max: [6.93004949426e-06, 2.07321336347e-05, 0.000265076465439, 0.000420886150096, 0.0180870182812, 0.00824117194861, 0.00464097736403, 0.00420855404809, 0.00200003455393, 0.00176426407415, 0.000607448397204, 0.00102179881651, 0.000232621358009, 0.000227823271416, 0.000256883213297, 0.00030154819251, 0.000322073727148, 0.000306731206365, 0.0012087977957, 0.00131733331364, 3.81217068934e-05, 6.06883440923e-06, 5.41199426607e-07, 2.75455164456e-07, 7.29578388814e-08, 6.68977619966e-08, 7.13067933589e-08]
        mean: [1.97171772243e-08, 1.79422704605e-06, 3.36694683938e-05, 5.99461236561e-05, 0.00145625020377, 0.000762856390793, 0.000262391666183, 0.000296746264212, 0.000262568821199, 0.000152901135152, 4.21123913839e-05, 6.36161785224e-05, 3.54263320332e-05, 4.18384661316e-05, 2.47385160037e-05, 4.14488458773e-05, 5.66917333344e-05, 5.62601599086e-05, 2.61532659351e-05, 0.000164160548593, 5.05543494e-06, 9.86124064184e-07, 8.58811191051e-08, 4.28651212303e-08, 5.84852122287e-09, 3.42685629873e-10, 2.79451128904e-10]
        min: [6.62519388309e-12, 3.87565046722e-09, 1.42612051945e-07, 6.02446107223e-07, 1.29016007122e-05, 1.69146715052e-05, 1.21897286931e-07, 5.29589669895e-07, 1.12887789783e-06, 2.08837107607e-07, 2.68948440407e-07, 2.40202837176e-07, 3.69013150703e-07, 2.88617684419e-07, 9.31679906557e-08, 9.83977130886e-08, 8.78918484659e-08, 2.33749180012e-08, 2.49042617639e-08, 4.32166302744e-08, 1.88092457165e-08, 1.46579397509e-08, 4.44293224433e-09, 1.31924415836e-09, 5.52942525101e-10, 3.48025362869e-12, 1.26859404532e-14]
        var: [1.12554164936e-13, 1.11763272248e-11, 1.26748900264e-09, 3.05132275003e-09, 4.07988727602e-06, 9.56773533289e-07, 4.03364168733e-07, 2.26390298508e-07, 1.20268978776e-07, 4.87569380425e-08, 4.48938575204e-09, 1.00222985466e-08, 1.52878931736e-09, 1.81558512669e-09, 1.12577902556e-09, 2.92603830054e-09, 4.67961358552e-09, 4.5908512547e-09, 7.22600868031e-09, 6.41665636181e-08, 3.8073433295e-11, 1.48518361238e-12, 6.76443433941e-15, 2.80200553007e-15, 3.67907867285e-17, 1.04352184355e-17, 1.18838011124e-17]
    mfcc:
        mean: [-817.262390137, 195.781448364, -72.6042327881, 39.4689674377, -38.6856536865, -22.2395458221, -18.3612060547, -19.8575839996, -15.3011007309, -18.3699989319, -22.930393219, -14.0181779861, -17.8170146942]
        cov: [[2114.55175781, -979.594177246, -423.827392578, 303.342773438, 43.6970024109, -181.149124146, -141.560684204, -101.853248596, -36.3626403809, 58.0999755859, -288.813110352, 101.966346741, -6.23856306076], [-979.594177246, 1073.45239258, 351.120117188, -236.704711914, -55.4762458801, 75.8726425171, 181.812271118, 92.932144165, -29.8479576111, -5.07037353516, 272.708679199, 4.78764152527, 149.364334106], [-423.827392578, 351.120117188, 243.071365356, -89.0793609619, -0.220182701945, 70.7856826782, 50.4880142212, 48.5167694092, -13.1441249847, -12.8652667999, 98.5302124023, -7.49102497101, 48.2632484436], [303.342773438, -236.704711914, -89.0793609619, 147.92338562, 5.94952535629, -4.1724319458, -4.96093225479, -17.9372119904, 15.0176515579, 4.76321744919, -68.4356384277, -1.44348978996, -28.5021877289], [43.6970024109, -55.4762458801, -0.220182701945, 5.94952535629, 121.885452271, 2.7266664505, -0.00188539433293, -3.7645907402, -12.9540090561, 4.75952863693, -18.6370258331, -2.77600097656, 4.86235713959], [-181.149124146, 75.8726425171, 70.7856826782, -4.1724319458, 2.7266664505, 129.456939697, 40.4339294434, 30.2186183929, 21.3696060181, -0.92045378685, 31.2886180878, -8.91569232941, 0.315093010664], [-141.560684204, 181.812271118, 50.4880142212, -4.96093225479, -0.00188539433293, 40.4339294434, 137.793334961, 53.3398361206, -0.809865951538, 23.6292362213, 68.4287185669, 41.4443893433, 61.6043777466], [-101.853248596, 92.932144165, 48.5167694092, -17.9372119904, -3.7645907402, 30.2186183929, 53.3398361206, 71.3711166382, 11.4358510971, 10.2734937668, 45.1630477905, 21.4322662354, 28.5659866333], [-36.3626403809, -29.8479576111, -13.1441249847, 15.0176515579, -12.9540090561, 21.3696060181, -0.809865951538, 11.4358510971, 46.1472473145, 10.6678276062, -4.69839143753, -9.24380588531, -21.4745006561], [58.0999755859, -5.07037353516, -12.8652667999, 4.76321744919, 4.75952863693, -0.92045378685, 23.6292362213, 10.2734937668, 10.6678276062, 73.6884384155, 28.0868148804, 36.7427558899, 22.4972934723], [-288.813110352, 272.708679199, 98.5302124023, -68.4356384277, -18.6370258331, 31.2886180878, 68.4287185669, 45.1630477905, -4.69839143753, 28.0868148804, 133.69972229, 25.6648788452, 53.6000938416], [101.966346741, 4.78764152527, -7.49102497101, -1.44348978996, -2.77600097656, -8.91569232941, 41.4443893433, 21.4322662354, -9.24380588531, 36.7427558899, 25.6648788452, 113.569641113, 63.5617370605], [-6.23856306076, 149.364334106, 48.2632484436, -28.5021877289, 4.86235713959, 0.315093010664, 61.6043777466, 28.5659866333, -21.4745006561, 22.4972934723, 53.6000938416, 63.5617370605, 122.183799744]]
        icov: [[0.00135622348171, 0.0004569470766, 0.000747528101783, -0.00141172844451, 0.000253633596003, 0.000397741852794, 0.000816427054815, -0.000660889374558, 0.00187172996812, -0.00120122602675, 0.00135446747299, -0.000434848829173, -0.00120001460891], [0.0004569470766, 0.00423127179965, -0.00262438855134, 0.00247065187432, 0.00121126079466, 0.0012404328445, -0.00330572249368, 0.00182325660717, -0.000420881435275, 0.00110435625538, -0.00322165503167, 0.0017962657148, -0.00214564031921], [0.000747528101783, -0.00262438855134, 0.0110649121925, -0.00049412244698, -0.00105161021929, -0.00418317737058, 0.00374667951837, -0.00417213374749, 0.0042139114812, 0.000458683440229, -0.000581686443184, 0.000311281444738, -0.00135118223261], [-0.00141172844451, 0.00247065187432, -0.00049412244698, 0.0146489609033, 0.000842580571771, -0.000900951970834, -0.00665951473638, 0.00285093206912, -0.00390894757584, 0.000735690759029, 0.0016269342741, 0.00185538164806, 0.000678605865687], [0.000253633596003, 0.00121126079466, -0.00105161021929, 0.000842580571771, 0.00960022490472, -0.000608181406278, -0.00128025515005, -0.000362882507034, 0.00401183171198, -0.00246124411933, 0.0023858633358, 0.00167805654928, -0.00126726517919], [0.000397741852794, 0.0012404328445, -0.00418317737058, -0.000900951970834, -0.000608181406278, 0.0121189076453, -0.00344565836713, -0.000111624256533, -0.00553070986643, 0.00109818263445, -0.000966386927757, 0.000561843335163, 0.000659872835968], [0.000816427054815, -0.00330572249368, 0.00374667951837, -0.00665951473638, -0.00128025515005, -0.00344565836713, 0.0183886624873, -0.00856739562005, 0.00380271417089, -0.00220931763761, -0.0011690761894, -0.00279291532934, -0.00311835412867], [-0.000660889374558, 0.00182325660717, -0.00417213374749, 0.00285093206912, -0.000362882507034, -0.000111624256533, -0.00856739562005, 0.0262017231435, -0.0103114861995, 0.00363399996422, -0.00554141588509, -0.00185982615221, -0.000823990732897], [0.00187172996812, -0.000420881435275, 0.0042139114812, -0.00390894757584, 0.00401183171198, -0.00553070986643, 0.00380271417089, -0.0103114861995, 0.0363871641457, -0.00969334412366, 0.0047332230024, 0.00184146233369, 0.00352749787271], [-0.00120122602675, 0.00110435625538, 0.000458683440229, 0.000735690759029, -0.00246124411933, 0.00109818263445, -0.00220931763761, 0.00363399996422, -0.00969334412366, 0.0223693959415, -0.00953655410558, -0.00443190149963, -0.000394887843868], [0.00135446747299, -0.00322165503167, -0.000581686443184, 0.0016269342741, 0.0023858633358, -0.000966386927757, -0.0011690761894, -0.00554141588509, 0.0047332230024, -0.00953655410558, 0.0240403413773, -0.00104163913056, -0.00100709381513], [-0.000434848829173, 0.0017962657148, 0.000311281444738, 0.00185538164806, 0.00167805654928, 0.000561843335163, -0.00279291532934, -0.00185982615221, 0.00184146233369, -0.00443190149963, -0.00104163913056, 0.016392018646, -0.00706417392939], [-0.00120001460891, -0.00214564031921, -0.00135118223261, 0.000678605865687, -0.00126726517919, 0.000659872835968, -0.00311835412867, -0.000823990732897, 0.00352749787271, -0.000394887843868, -0.00100709381513, -0.00706417392939, 0.0180610921234]]
    spectral_contrast:
        mean: [-3.61318825526e-07, -1.78316085453e-07, 1.0819650953e-08, 2.39173942873e-07, -5.03137357555e-07, 1.00600008324e-08, -6.66672440275e-06, -5.5759182942e-06, 2.66490451395e-06, -3.59550608664e-06, 7.27341443962e-07, 1.30470994009e-07]
        var: [0.000433069595601, 0.000549345102627, 0.00130044436082, 0.00141322228592, 0.00409580720589, 0.00438157189637, 0.0372633822262, 0.0668032169342, 0.110707364976, 0.411600351334, 0.806372463703, 1.17756354809]

rhythm:
    beats_loudness:
        dmean: 0.00560009293258
        dmean2: 0.0100951641798
        dvar: 4.29583997175e-05
        dvar2: 0.000119006632303
        max: 0.0247077383101
        mean: 0.00532267522067
        min: 0.000862613320351
        var: 3.28756977979e-05
    beats_loudness_bass:
        dmean: 0.0313539616764
        dmean2: 0.0589725971222
        dvar: 0.00161052006297
        dvar2: 0.00300869601779
        max: 0.137508898973
        mean: 0.0345885306597
        min: 0.000412053224863
        var: 0.00194891984574
    bpm: 110.618087769
    bpm_confidence: 0
    first_peak_bpm: 111
    first_peak_spread: 0
    first_peak_weight: 0.5
    onset_rate: 1.38485145569
    second_peak_bpm: 156
    second_peak_spread: 0
    second_peak_weight: 0.449999988079
    beats_position: [0.394417852163, 0.936869323254, 1.47932076454, 2.02177214622, 2.56422376633, 3.10667514801, 3.64912652969, 4.19157791138, 4.73402929306, 5.27648067474, 5.81893253326, 6.33645772934, 6.72051000595, 7.10456180573, 7.4886136055, 7.87266588211, 8.25671768188, 8.6407699585, 9.02482223511, 9.40887451172, 9.79292678833]
    bpm_estimates: [112.282737732, 110.514686584, 109.672653198, 110.002243042]
    bpm_intervals: [0.542451500893, 0.542451441288, 0.542451381683, 0.542451620102, 0.542451381683, 0.542451381683, 0.542451381683, 0.542451381683, 0.542451381683, 0.542451858521, 0.517525196075, 0.384052276611, 0.384051799774, 0.384051799774, 0.384052276611, 0.384051799774, 0.384052276611, 0.384052276611, 0.384052276611, 0.384052276611]
    onset_times: [0.0464399084449, 0.986848056316, 2.22911572456, 3.47138333321, 3.98222231865, 4.71365070343, 5.45668935776, 6.6989569664, 7.0936961174, 8.28952407837, 8.47528362274, 8.64943313599, 9.04417228699, 9.85687065125]
    rubato_start: [6.72051000595]
    rubato_stop: [7.10456180573]
    perceptual_tempo: "unknown"

sfx:
    inharmonicity:
        dmean: 0.0335781760514
        dmean2: 0.0595457702875
        dvar: 0.00205223611556
        dvar2: 0.00567412283272
        max: 0.261656761169
        mean: 0.0286147203296
        min: 0
        var: 0.00178876717109
    oddtoevenharmonicenergyratio:
        dmean: 3.52552771568
        dmean2: 6.57871580124
        dvar: 52.7311286926
        dvar2: 155.313766479
        max: 76.1565322876
        mean: 2.90797472
        min: 0
        var: 38.3025627136
    pitch_after_max_to_before_max_energy_ratio: 1.01029419899
    pitch_centroid: 215.488800049
    pitch_max_to_total: 0.419354826212
    pitch_min_to_total: 0.449308753014
    tristimulus:
        dmean: [0.258783012629, 0.252801001072, 0.0484146364033]
        dmean2: [0.471449971199, 0.462868750095, 0.0859535112977]
        dvar: [0.0620066002011, 0.0585459284484, 0.00499796215445]
        dvar2: [0.16625186801, 0.151800557971, 0.013902486302]
        max: [1, 0.976758003235, 0.496704399586]
        mean: [0.438094735146, 0.499138057232, 0.0504066608846]
        min: [0.000277363928035, 0, 0]
        var: [0.0836846381426, 0.0784973576665, 0.00494956737384]

tonal:
    chords_changes_rate: 0.0229357797652
    chords_number_rate: 0.0183486230671
    chords_strength:
        dmean: 0.00696396874264
        dmean2: 0.00340176350437
        dvar: 2.76095943263e-05
        dvar2: 2.13569055632e-05
        max: 0.683880090714
        mean: 0.501047730446
        min: 0.308570474386
        var: 0.00492752529681
    key_strength: 0.811409294605
    tuning_diatonic_strength: 0.608855962753
    tuning_equal_tempered_deviation: 0.00859439000487
    tuning_frequency: 439.491973877
    tuning_nontempered_energy_ratio: 0.587062239647
    hpcp:
        dmean: [0.00618084985763, 0.0107975741848, 0.0416747890413, 0.0475965365767, 0.0347265377641, 0.0427510850132, 0.0246818233281, 0.0282303988934, 0.0221076868474, 0.0347421132028, 0.0433710776269, 0.12260439992, 0.10248221457, 0.130858033895, 0.0246358644217, 0.00221858173609, 0.0042934329249, 0.044343944639, 0.0643021464348, 0.0356662981212, 0.00898916646838, 0.00553847663105, 0.00709144538268, 0.0355682186782, 0.0465918816626, 0.0228659044951, 0.0478363372386, 0.0383524931967, 0.045055706054, 0.0101742185652, 0.00447174441069, 0.00519234919921, 0.0459926277399, 0.0718672648072, 0.0417465828359, 0.00678844051436]
        dmean2: [0.0102511262521, 0.0199546087533, 0.0627812743187, 0.0728746801615, 0.0572191886604, 0.0762292295694, 0.0454621762037, 0.0464267767966, 0.0372055992484, 0.0575345903635, 0.0760675296187, 0.180343791842, 0.159263119102, 0.196078494191, 0.0409685410559, 0.00282656727359, 0.00733049213886, 0.0622057691216, 0.0983608365059, 0.0549017228186, 0.0141514046118, 0.0084522375837, 0.012506371364, 0.0569346435368, 0.072465158999, 0.0368702858686, 0.0664205625653, 0.0555761754513, 0.0661811828613, 0.0167258810252, 0.00710108317435, 0.00871219485998, 0.0601669698954, 0.108198300004, 0.0663438662887, 0.0111853498966]
        dvar: [0.000302174972603, 0.00182737782598, 0.0100508481264, 0.0108534619212, 0.00665776291862, 0.0161136388779, 0.0108772180974, 0.00976485852152, 0.00278655276634, 0.00908787921071, 0.00960729457438, 0.021620567888, 0.0332163907588, 0.0204210747033, 0.00291093904525, 0.000364403706044, 7.59733884479e-05, 0.00585886836052, 0.0173310618848, 0.00492430431768, 0.00026072881883, 0.000149984902237, 0.000881719926838, 0.00632859580219, 0.0106258941814, 0.00162908388302, 0.00844159349799, 0.0122382473201, 0.00672157248482, 0.000796982378233, 8.87992064236e-05, 0.000129239342641, 0.00749281747267, 0.0191519912332, 0.00522253522649, 0.000171162871993]
        dvar2: [0.000916387885809, 0.00569931278005, 0.0243289992213, 0.0234218407422, 0.0195165257901, 0.0427060350776, 0.0248435363173, 0.0283060893416, 0.00720186531544, 0.0211186055094, 0.0256108622998, 0.0528979636729, 0.065947689116, 0.0453983992338, 0.00521519687027, 0.000368270848412, 0.000215877211303, 0.0104134166613, 0.0315043143928, 0.0114403348416, 0.000513810606208, 0.000329195318045, 0.00261975242756, 0.0128573738039, 0.0181180369109, 0.00312950415537, 0.0139641351998, 0.022226318717, 0.0129241514951, 0.00135153555311, 0.00022200505191, 0.000364156789146, 0.0153987063095, 0.0382817909122, 0.0129858860746, 0.000458444352262]
        max: [0.16482770443, 0.417854458094, 1, 1, 0.853793680668, 1, 1, 0.810546696186, 0.525264501572, 1, 0.867011666298, 1, 1, 1, 0.594505488873, 0.285565704107, 0.0814151614904, 0.700084209442, 1, 0.697333812714, 0.206753358245, 0.145759746432, 0.318990468979, 0.795397043228, 1, 0.441077828407, 0.794078052044, 1, 1, 0.335574388504, 0.0717031881213, 0.105732820928, 0.745354115963, 1, 0.591709971428, 0.134947523475]
        mean: [0.00958813447505, 0.0114454785362, 0.0779459103942, 0.11813441664, 0.0652530193329, 0.0900274962187, 0.123898386955, 0.0537662282586, 0.0309318583459, 0.0616233311594, 0.0541628114879, 0.341066271067, 0.67138761282, 0.36791151762, 0.0195957310498, 0.00278335646726, 0.00645609153435, 0.120690405369, 0.201365143061, 0.0988161042333, 0.0251556541771, 0.0130961751565, 0.00964793656021, 0.128677383065, 0.189762830734, 0.0776580497622, 0.144457235932, 0.250331252813, 0.124137230217, 0.0161084011197, 0.0067971884273, 0.00783819891512, 0.117305010557, 0.193617552519, 0.0866338163614, 0.0108900740743]
        min: [6.27182234894e-05, 5.30266261194e-05, 0.000231541969697, 2.61417008005e-05, 0.000482604285935, 0.000402222707635, 0.000331184302922, 6.16692268522e-05, 3.26321205648e-05, 6.70801891829e-05, 0.000196859036805, 0.00424492638558, 0.00669770268723, 0.00313119590282, 6.26263936283e-05, 1.85043572856e-05, 0.000104687183921, 0.000771696679294, 0.00129865459166, 0.000592548109125, 9.68553740677e-06, 3.99638292947e-06, 0.000129587773699, 0.00152763014194, 0.00117668416351, 0.000944154919125, 2.14586234506e-05, 2.97438491543e-05, 4.87727556902e-05, 8.87767819222e-05, 0.000185265002074, 0.000166217476362, 0.00029823553632, 5.5479034927e-05, 0.00155222334433, 3.6945046304e-05]
        var: [0.000315373123158, 0.00115108152386, 0.0260430481285, 0.0550633221865, 0.0159467384219, 0.0436753295362, 0.0956718921661, 0.0222962982953, 0.00326503720134, 0.0163854807615, 0.0127852223814, 0.0539831966162, 0.151113167405, 0.057734772563, 0.0026069553569, 0.000375893287128, 9.35789648793e-05, 0.0326359532773, 0.0847979038954, 0.0151470098644, 0.00185607303865, 0.000648408255074, 0.000518388056662, 0.0349235199392, 0.0854654982686, 0.0135637698695, 0.0511932335794, 0.15117046237, 0.0362353511155, 0.000955121242441, 0.000113755027996, 0.000132555418531, 0.0196374729276, 0.0491353608668, 0.00955147948116, 0.00027577939909]
    chords_histogram: [32.1100921631, 2.75229358673, 50, 0, 0, 0, 0, 0, 0, 0, 0, 0, 0, 0, 0, 0, 0, 0, 0, 0, 0, 0, 15.1376142502, 0]
    thpcp: [1, 0.547986745834, 0.029186911881, 0.00414567720145, 0.00961604248732, 0.179762631655, 0.299923837185, 0.147181898355, 0.0374681539834, 0.0195061322302, 0.0143701434135, 0.191658854485, 0.28264272213, 0.11566798389, 0.215162202716, 0.372856527567, 0.18489651382, 0.0239926986396, 0.0101240901276, 0.0116746257991, 0.17472024262, 0.28838416934, 0.129036962986, 0.0162202492356, 0.0142810717225, 0.0170474965125, 0.116096735001, 0.175955608487, 0.0971912741661, 0.134091690183, 0.184540763497, 0.0800822451711, 0.046071536839, 0.0917850285769, 0.0806729346514, 0.50800204277]
    chords_key: "C#"
    chords_scale: "major"
    key_key: "F#"
    key_scale: "major"
    chords_progression: ["F#", "F#", "F#", "F#", "F#", "F#", "F#", "F#", "F#", "F#", "F#", "F#", "F#", "F#", "F#", "F#", "F#", "F#", "F#", "F#", "F#", "F#", "F#", "F#", "F#", "F#", "F#", "F#", "F#", "F#", "F#", "F#", "F#", "C#", "C#", "C#", "C#", "C#", "C#", "C#", "C#", "C#", "C#", "C#", "C#", "C#", "C#", "C#", "C#", "C#", "C#", "C#", "C#", "C#", "C#", "C#", "C#", "C#", "C#", "C#", "C#", "C#", "C#", "C#", "C#", "C#", "C#", "C#", "C#", "C#", "C#", "C#", "C#", "C#", "C#", "C#", "C#", "C#", "C#", "C#", "C#", "C#", "C#", "A#m", "A#m", "A#m", "A#m", "A#m", "A#m", "B", "B", "B", "B", "B", "B", "B", "B", "B", "B", "B", "B", "B", "B", "B", "B", "B", "B", "B", "B", "B", "B", "B", "B", "B", "B", "B", "B", "B", "B", "B", "B", "B", "F#", "F#", "F#", "F#", "F#", "F#", "F#", "F#", "F#", "F#", "F#", "F#", "F#", "F#", "F#", "F#", "F#", "F#", "F#", "F#", "F#", "F#", "F#", "F#", "F#", "F#", "F#", "F#", "F#", "F#", "F#", "F#", "F#", "F#", "F#", "F#", "F#", "C#", "C#", "C#", "C#", "C#", "C#", "C#", "C#", "C#", "C#", "C#", "C#", "C#", "C#", "C#", "C#", "C#", "C#", "C#", "C#", "C#", "C#", "C#", "C#", "C#", "C#", "C#", "C#", "C#", "C#", "C#", "C#", "C#", "C#", "C#", "C#", "C#", "C#", "C#", "C#", "C#", "C#", "C#", "C#", "C#", "C#", "C#", "C#", "C#", "C#", "C#", "C#", "C#", "C#", "C#", "C#", "C#", "C#", "C#"]
