
metadata:
    version:
        essentia: "1.2.2"
    audio_properties:
        analysis_sample_rate: 44100
        bitrate: 128
        channels: 2
        equal_loudness: 1
        length: 10.0048980713
        replay_gain: -7.44421768188
        downmix: "mix"
    tags:
        track: 10
        year: 0
        album: "Splitted by Mp3Splt v. 2.1"
        artist: "From 001.30 To 001.40"
        comment: "http://mp3splt.sf.net"
        genre: ""
        title: "15 Reel Around the Fountain.mp"

highlevel:
    ballroom:
        all:
            ChaChaCha: 0.222594797611
            Jive: 0.3199621737
            Quickstep: 0.0292714834213
            Rumba-American: 0.00322065036744
            Rumba-International: 0.0141501165926
            Rumba-Misc: 0.00703689968213
            Samba: 0.385564208031
            Tango: 0.00246034027077
            VienneseWaltz: 0.0116997370496
            Waltz: 0.00403958605602
        probability: 0.385564208031
        value: "Samba"
    culture:
        all:
            non_western: 0.0215616263449
            western: 0.97843837738
        probability: 0.97843837738
        value: "western"
    gender:
        all:
            female: 0.18439386785
            male: 0.815606117249
        probability: 0.815606117249
        value: "male"
    genre_dortmund:
        all:
            alternative: 0.129769191146
            blues: 0.00893320795149
            electronic: 0.004307216499
            folkcountry: 0.0875401422381
            funksoulrnb: 0.00373902032152
            jazz: 0.0384741388261
            pop: 0.0362784527242
            raphiphop: 0.00201228214428
            rock: 0.68894636631
        probability: 0.68894636631
        value: "rock"
    genre_electronica:
        all:
            ambient: 0.110471107066
            dnb: 0.354631215334
            house: 0.0147045934573
            techno: 0.0122191375121
            trance: 0.507973968983
        probability: 0.507973968983
        value: "trance"
    genre_rosamerica:
        all:
            cla: 0.0296098515391
            dan: 0.0594018623233
            hip: 0.015775449574
            jaz: 0.0235278140754
            pop: 0.293282598257
            rhy: 0.100114524364
            roc: 0.473145127296
            spe: 0.00514277303591
        probability: 0.473145127296
        value: "roc"
    genre_tzanetakis:
        all:
            blu: 0.026882648468
            cla: 0.0141577748582
            cou: 0.106951661408
            dis: 0.105496875942
            hip: 0.035410348326
            jaz: 0.0583752244711
            met: 0.226205915213
            pop: 0.18792898953
            reg: 0.0528514795005
            roc: 0.185739085078
        probability: 0.226205915213
        value: "met"
    live_studio:
        all:
            live: 0.297081261873
            studio: 0.702918767929
        probability: 0.702918767929
        value: "studio"
    mood:
        all:
            Cluster1: 0.299403905869
            Cluster2: 0.176514625549
            Cluster3: 0.239772230387
            Cluster4: 0.0467538610101
            Cluster5: 0.237555384636
        probability: 0.299403905869
        value: "Cluster1"
    mood_acoustic:
        all:
            acoustic: 0.0342910662293
            not_acoustic: 0.965708911419
        probability: 0.965708911419
        value: "not_acoustic"
    mood_aggressive:
        all:
            aggressive: 0.822453081608
            not_aggressive: 0.177546933293
        probability: 0.822453081608
        value: "aggressive"
    mood_electronic:
        all:
            electronic: 0.574349701405
            not_electronic: 0.425650298595
        probability: 0.574349701405
        value: "electronic"
    mood_happy:
        all:
            happy: 0.638158023357
            not_happy: 0.361842006445
        probability: 0.638158023357
        value: "happy"
    mood_party:
        all:
            not_party: 0.467429608107
            party: 0.532570362091
        probability: 0.532570362091
        value: "party"
    mood_relaxed:
        all:
            not_relaxed: 0.80353140831
            relaxed: 0.196468621492
        probability: 0.80353140831
        value: "not_relaxed"
    mood_sad:
        all:
            not_sad: 0.643995523453
            sad: 0.356004476547
        probability: 0.643995523453
        value: "not_sad"
    rhythm:
        all:
            fast: 0.819672882557
            medium: 0.0390528067946
            slow: 0.141274288297
        probability: 0.819672882557
        value: "fast"
    speech_music:
        all:
            music: 0.99999499321
            speech: 5.02347756992e-06
        probability: 0.99999499321
        value: "music"
    timbre:
        all:
            bright: 0.776020228863
            dark: 0.223979786038
        probability: 0.776020228863
        value: "bright"
    voice_instrumental:
        all:
            instrumental: 0.36101436615
            voice: 0.63898563385
        probability: 0.63898563385
        value: "voice"

lowlevel:
    average_loudness: 0.960519075394
    barkbands_kurtosis:
        dmean: 0.575243592262
        dmean2: 0.972957789898
        dvar: 0.650895059109
        dvar2: 1.60050153732
        max: 7.13058757782
        mean: -1.0300167799
        min: -1.87544381618
        var: 1.02758264542
    barkbands_skewness:
        dmean: 0.410960286856
        dmean2: 0.646616816521
        dvar: 0.142198711634
        dvar2: 0.34883210063
        max: 2.86637639999
        mean: 0.350669831038
        min: -2.32055950165
        var: 0.463298588991
    barkbands_spread:
        dmean: 4.62738323212
        dmean2: 7.42641448975
        dvar: 21.076385498
        dvar2: 46.9973373413
        max: 57.4849967957
        mean: 38.9342269897
        min: 15.8271980286
        var: 59.0113296509
    dissonance:
        dmean: 0.0147003205493
        dmean2: 0.0247271582484
        dvar: 0.000178924776264
        dvar2: 0.000476209126646
        max: 0.49926763773
        mean: 0.468596458435
        min: 0.35677164793
        var: 0.000436896283645
    hfc:
        dmean: 1.5199161768
        dmean2: 2.2082464695
        dvar: 5.13918304443
        dvar2: 10.9396257401
        max: 26.108259201
        mean: 5.22275590897
        min: 0.0910611525178
        var: 14.3296995163
    pitch:
        dmean: 877.185668945
        dmean2: 1710.86303711
        dvar: 1757066.125
        dvar2: 4286242.5
        max: 4410
        mean: 926.369262695
        min: 80.9174346924
        var: 1626244.875
    pitch_instantaneous_confidence:
        dmean: 0.0788668841124
        dmean2: 0.119773261249
        dvar: 0.00493384199217
        dvar2: 0.0105488207191
        max: 0.866782784462
        mean: 0.429294377565
        min: 0.159655034542
        var: 0.0214452072978
    pitch_salience:
        dmean: 0.0584693998098
        dmean2: 0.0945813804865
        dvar: 0.00285927997902
        dvar2: 0.00699759740382
        max: 0.771272659302
        mean: 0.542870283127
        min: 0.30600130558
        var: 0.00772372866049
    silence_rate_20dB:
        dmean: 0
        dmean2: 0
        dvar: 0
        dvar2: 0
        max: 1
        mean: 1
        min: 1
        var: 0
    silence_rate_30dB:
        dmean: 0
        dmean2: 0
        dvar: 0
        dvar2: 0
        max: 1
        mean: 1
        min: 1
        var: 0
    silence_rate_60dB:
        dmean: 0.111368909478
        dmean2: 0.220930233598
        dvar: 0.0989658087492
        dvar2: 0.204678356647
        max: 1
        mean: 0.532407402992
        min: 0
        var: 0.248949423432
    spectral_centroid:
        dmean: 251.92376709
        dmean2: 398.973266602
        dvar: 53622.2890625
        dvar2: 132325.34375
        max: 2752.09912109
        mean: 1433.97094727
        min: 406.51461792
        var: 209203.4375
    spectral_complexity:
        dmean: 2.62093019485
        dmean2: 4.08857822418
        dvar: 8.23538017273
        dvar2: 17.7917060852
        max: 31
        mean: 10.2296981812
        min: 0
        var: 26.2975883484
    spectral_crest:
        dmean: 1.70711457729
        dmean2: 2.81017804146
        dvar: 2.17996573448
        dvar2: 5.50181245804
        max: 20.9039669037
        mean: 7.28982162476
        min: 3.18518137932
        var: 5.31696128845
    spectral_decrease:
        dmean: 3.17497889091e-10
        dmean2: 4.98047436626e-10
        dvar: 3.87225113324e-19
        dvar2: 9.94951038752e-19
        max: -1.63516613444e-11
        mean: -8.37009406229e-10
        min: -5.12788034257e-09
        var: 4.41462105318e-19
    spectral_energy:
        dmean: 0.00131073128432
        dmean2: 0.00203812331893
        dvar: 6.3708507696e-06
        dvar2: 1.61422249221e-05
        max: 0.0208325944841
        mean: 0.00363278831355
        min: 6.99740776327e-05
        var: 7.85543124948e-06
    spectral_energyband_high:
        dmean: 0.000121663928439
        dmean2: 0.000170341343619
        dvar: 5.90675597323e-08
        dvar2: 1.23538512753e-07
        max: 0.00235555227846
        mean: 0.000264143192908
        min: 4.77625781059e-06
        var: 1.12211047565e-07
    spectral_energyband_low:
        dmean: 0.00014856501366
        dmean2: 0.000250167620834
        dvar: 5.21613401361e-08
        dvar2: 1.46950696944e-07
        max: 0.00196886155754
        mean: 0.00033561210148
        min: 2.05588025892e-06
        var: 7.97434438482e-08
    spectral_energyband_middle_high:
        dmean: 0.000336765107932
        dmean2: 0.000509525998496
        dvar: 1.22993469631e-07
        dvar2: 2.57024538541e-07
        max: 0.00425188243389
        mean: 0.00124497222714
        min: 1.52647899085e-05
        var: 6.17776663603e-07
    spectral_energyband_middle_low:
        dmean: 0.000965403858572
        dmean2: 0.00157980667427
        dvar: 4.4120279199e-06
        dvar2: 1.17512981888e-05
        max: 0.0161987487227
        mean: 0.0017880408559
        min: 4.62488169433e-05
        var: 3.97867734137e-06
    spectral_flatness_db:
        dmean: 0.0155460592359
        dmean2: 0.022831460461
        dvar: 0.000206045879168
        dvar2: 0.000372805079678
        max: 0.262054264545
        mean: 0.146145880222
        min: 0.0830355286598
        var: 0.00102792854887
    spectral_flux:
        dmean: 0.00820560753345
        dmean2: 0.0122465230525
        dvar: 0.000141488868394
        dvar2: 0.000280760606984
        max: 0.107122413814
        mean: 0.0301824230701
        min: 0.00729932123795
        var: 0.000300985353533
    spectral_kurtosis:
        dmean: 0.893836319447
        dmean2: 1.35261321068
        dvar: 1.2752199173
        dvar2: 2.51582837105
        max: 12.679101944
        mean: 3.25691986084
        min: 0.379737377167
        var: 4.28240203857
    spectral_rms:
        dmean: 0.000288942828774
        dmean2: 0.00042848411249
        dvar: 1.78840679155e-07
        dvar2: 4.14893094103e-07
        max: 0.0045082680881
        mean: 0.00178545119707
        min: 0.00026128027821
        var: 3.56343349495e-07
    spectral_rolloff:
        dmean: 297.809020996
        dmean2: 497.020355225
        dvar: 140689.53125
        dvar2: 331823.4375
        max: 4909.5703125
        mean: 3041.47802734
        min: 193.798828125
        var: 463969.34375
    spectral_skewness:
        dmean: 0.136206164956
        dmean2: 0.209021791816
        dvar: 0.0222791489214
        dvar2: 0.0442424416542
        max: 2.36569809914
        mean: 1.42232191563
        min: 0.678811609745
        var: 0.108501628041
    spectral_spread:
        dmean: 664296.5
        dmean2: 772554.25
        dvar: 516750934016
        dvar2: 665446318080
        max: 13338283
        mean: 6231110
        min: 2663547.25
        var: 2.40609447117e+12
    spectral_strongpeak:
        dmean: 0.349260300398
        dmean2: 0.599279642105
        dvar: 0.395843625069
        dvar2: 0.86040186882
        max: 5.32598018646
        mean: 0.549504339695
        min: 0.0116139948368
        var: 0.733869373798
    zerocrossingrate:
        dmean: 0.00800440553576
        dmean2: 0.00955847557634
        dvar: 5.38773529115e-05
        dvar2: 8.69837967912e-05
        max: 0.1484375
        mean: 0.0899400487542
        min: 0.03076171875
        var: 0.000426375627285
    barkbands:
        dmean: [1.82279151772e-07, 3.60427620762e-05, 0.000131235545268, 0.000466544996016, 0.00041714249528, 8.04657684057e-05, 5.19673994859e-05, 9.02703177417e-05, 9.59831813816e-05, 2.46367435466e-05, 2.20008805627e-05, 1.66094305314e-05, 1.19032692965e-05, 2.6371293643e-05, 2.19361481868e-05, 3.8277310523e-05, 0.000183131793165, 8.96342098713e-05, 9.50681860559e-05, 6.89214211889e-05, 6.24858439551e-05, 2.94933615805e-05, 1.10786804726e-05, 2.81559664472e-06, 1.66097458987e-06, 2.25767394113e-07, 1.12077269687e-09]
        dmean2: [2.64999187038e-07, 6.34519892628e-05, 0.000223126480705, 0.000764631724451, 0.000731495558284, 0.000135364243761, 8.13858860056e-05, 0.000146960097481, 0.000147805330926, 3.97821640945e-05, 3.20461731462e-05, 2.73155565083e-05, 2.04505049624e-05, 4.22737830377e-05, 3.48579596903e-05, 6.18543781457e-05, 0.000280736916466, 0.000140955104143, 0.00015519344015, 0.000108823674964, 9.44233615883e-05, 4.16786060669e-05, 1.69773429661e-05, 3.80649521503e-06, 2.07437892641e-06, 2.88227226974e-07, 1.40060174569e-09]
        dvar: [5.21810567845e-13, 5.00657781899e-09, 4.0499251952e-08, 1.04592970729e-06, 1.06476284145e-06, 1.73856484764e-08, 9.98471616498e-09, 5.12663440588e-08, 3.54044153994e-08, 2.07988026801e-09, 1.40081246602e-09, 1.7619867787e-09, 3.41401351633e-10, 2.29668906115e-09, 1.33353039722e-09, 4.33132685274e-09, 4.33498215102e-08, 8.29378343781e-09, 1.55771839871e-08, 1.1529079913e-08, 1.7332112634e-08, 3.75001496522e-09, 4.46384595953e-10, 1.95120534313e-11, 7.16491926553e-12, 1.17305877468e-13, 1.89130386902e-16]
        dvar2: [6.25134926463e-13, 1.39222144924e-08, 1.14679963303e-07, 2.68559642791e-06, 2.98386089526e-06, 4.35266613863e-08, 2.17982716322e-08, 1.36625729397e-07, 6.91788670792e-08, 4.76523354109e-09, 2.9941529256e-09, 3.76820352699e-09, 9.14341824476e-10, 5.23634247074e-09, 2.79795631108e-09, 8.95946339341e-09, 9.93593971543e-08, 2.09367279069e-08, 3.79167595099e-08, 2.65979203107e-08, 4.23553139228e-08, 8.01482524793e-09, 9.03760788429e-10, 4.00629494857e-11, 1.24211162189e-11, 1.96840482282e-13, 1.894339291e-16]
        max: [1.41900982271e-05, 0.000576639082283, 0.00192966661416, 0.00792907830328, 0.00696935225278, 0.00110955757555, 0.00139202375431, 0.00261447532102, 0.00232329429127, 0.000795387430117, 0.000588870781939, 0.000716046430171, 0.000174233486177, 0.00061865436146, 0.000426619226346, 0.000901552499272, 0.00280369166285, 0.000908293703105, 0.00166470196564, 0.000805631454568, 0.0014014558401, 0.000542551919352, 0.000181986746611, 4.00931821787e-05, 2.66391816695e-05, 3.33911384587e-06, 2.86071383471e-07]
        mean: [1.87295100318e-07, 4.4866999815e-05, 0.000290578376735, 0.000667954562232, 0.000501259579323, 0.000118866366392, 9.20206439332e-05, 0.000182765099453, 0.000207531891647, 4.03592857765e-05, 4.35864931205e-05, 2.37449421547e-05, 1.59178616741e-05, 4.59303591924e-05, 4.16191978729e-05, 7.30177707737e-05, 0.000432007887866, 0.000219798865146, 0.000245540868491, 0.000149532890646, 0.000115610746434, 5.09297824465e-05, 2.0036861315e-05, 5.57482462682e-06, 3.13858686241e-06, 4.10187652733e-07, 1.25572496845e-09]
        min: [3.62521290764e-10, 5.42447189389e-08, 9.29520524551e-07, 8.79957224242e-06, 9.30445639824e-06, 1.29823297357e-06, 4.65088078272e-07, 4.22787536536e-07, 3.71589817405e-06, 1.05666103423e-07, 2.07122127449e-07, 9.7840484159e-08, 1.66390179857e-07, 5.52923950181e-07, 1.38037293596e-07, 1.62635345191e-07, 3.76624416276e-06, 1.29057286813e-06, 1.40873203236e-06, 4.46530430054e-06, 1.64302343819e-06, 4.64435885306e-07, 1.03783023064e-07, 2.72954672198e-08, 1.68285918534e-08, 1.09181896857e-09, 1.65668653383e-13]
        var: [5.44940232262e-13, 4.21869250644e-09, 7.15443064792e-08, 9.44065675412e-07, 7.22473487258e-07, 2.205091576e-08, 3.78945053114e-08, 1.70317917991e-07, 1.18051936226e-07, 6.80976119938e-09, 3.0150153485e-09, 2.87908141772e-09, 3.80497633401e-10, 5.04628827613e-09, 3.57433904696e-09, 8.75163941316e-09, 1.40358721978e-07, 2.84612919899e-08, 6.75622331414e-08, 2.5462503217e-08, 2.53829455232e-08, 6.19780982092e-09, 7.85126130776e-10, 4.35558672462e-11, 1.64567092592e-11, 2.97428016461e-13, 1.89253577257e-16]
    mfcc:
        mean: [-722.715209961, 94.0484542847, -27.8129844666, 61.9887161255, -3.32983207703, -11.5648393631, -9.8008184433, 8.78652954102, 2.15583014488, -6.10335254669, -8.20543193817, -8.84270000458, -13.5325107574]
        cov: [[2365.6965332, -679.821289062, 318.45223999, -190.143280029, -451.264312744, 62.7740478516, -102.277587891, -151.12059021, -185.935394287, 105.459037781, 233.734954834, 98.5321731567, 91.8537521362], [-679.821289062, 528.627380371, -219.944564819, 21.9668369293, 179.626403809, -33.739440918, -13.7993211746, 66.8687973022, 51.1968688965, 4.42492485046, -46.280872345, -24.0809516907, -44.2613868713], [318.45223999, -219.944564819, 324.841583252, 6.82099628448, -94.8557052612, 43.4901008606, 36.4812164307, -51.6061820984, -5.81014871597, -14.4479465485, 8.04857063293, 23.9424934387, 31.6043758392], [-190.143280029, 21.9668369293, 6.82099628448, 153.244293213, 68.968208313, -11.6643447876, -1.82491147518, -6.66399097443, 18.0019130707, -19.0403842926, -19.5340270996, -3.29917740822, -2.53679251671], [-451.264312744, 179.626403809, -94.8557052612, 68.968208313, 229.727416992, 9.48508262634, 5.83625936508, 27.9834918976, 50.6320991516, -24.2579555511, -51.7157402039, -18.6930484772, -23.2314529419], [62.7740478516, -33.739440918, 43.4901008606, -11.6643447876, 9.48508262634, 90.4245910645, 41.3287658691, -17.4694595337, -5.78250980377, -1.05783879757, -5.45153570175, 8.92952728271, 18.2477703094], [-102.277587891, -13.7993211746, 36.4812164307, -1.82491147518, 5.83625936508, 41.3287658691, 124.304420471, 29.9646396637, 19.3406391144, -44.2430725098, -45.7384643555, -8.05249595642, 4.93815469742], [-151.12059021, 66.8687973022, -51.6061820984, -6.66399097443, 27.9834918976, -17.4694595337, 29.9646396637, 91.3599853516, 35.6389846802, -15.4696979523, -23.3280277252, -4.64515972137, -19.1897964478], [-185.935394287, 51.1968688965, -5.81014871597, 18.0019130707, 50.6320991516, -5.78250980377, 19.3406391144, 35.6389846802, 72.1256103516, -3.31440734863, -32.4558029175, -10.6838216782, -6.06712293625], [105.459037781, 4.42492485046, -14.4479465485, -19.0403842926, -24.2579555511, -1.05783879757, -44.2430725098, -15.4696979523, -3.31440734863, 114.626579285, 76.8877792358, 14.9200744629, 1.27313709259], [233.734954834, -46.280872345, 8.04857063293, -19.5340270996, -51.7157402039, -5.45153570175, -45.7384643555, -23.3280277252, -32.4558029175, 76.8877792358, 114.429878235, 37.6473503113, 2.14034485817], [98.5321731567, -24.0809516907, 23.9424934387, -3.29917740822, -18.6930484772, 8.92952728271, -8.05249595642, -4.64515972137, -10.6838216782, 14.9200744629, 37.6473503113, 56.3122444153, 19.7468395233], [91.8537521362, -44.2613868713, 31.6043758392, -2.53679251671, -23.2314529419, 18.2477703094, 4.93815469742, -19.1897964478, -6.06712293625, 1.27313709259, 2.14034485817, 19.7468395233, 56.6457939148]]
        icov: [[0.00114242278505, 0.000813184888102, -0.000256094121141, 0.000646599160973, 0.000893638352863, -0.000778493471444, 0.000963162397966, -0.000187881989405, 0.000790346646681, 0.000321562518366, -0.00115991337225, 4.26212063758e-05, -0.000469192891615], [0.000813184888102, 0.00402178661898, 0.0012969559757, 0.000833398487885, -0.00124476396013, 0.000128447019961, 0.000664942723233, -0.000659378245473, 0.000342684012139, -0.00102373526897, 0.000676369178109, -0.000949176261202, 0.000669423141517], [-0.000256094121141, 0.0012969559757, 0.00550075108185, -0.00093444151571, 0.00156875932589, -0.00125739129726, -0.00126832386013, 0.00292508886196, -0.00321988319047, 0.000834565900732, 0.000404949183576, -0.00198757974431, 0.000781662936788], [0.000646599160973, 0.000833398487885, -0.00093444151571, 0.00880675576627, -0.0027925639879, 0.00212405179627, 0.000160644165589, 0.00178299681284, -0.000412054097978, 0.00101530947722, -0.000731706153601, -0.000623036641628, -0.000543161295354], [0.000893638352863, -0.00124476396013, 0.00156875932589, -0.0027925639879, 0.00987302418798, -0.0046693822369, 0.00222356757149, 0.000698668765835, -0.00400111684576, 0.00178183428943, 0.000163617034559, -0.000535038940143, 0.00188585976139], [-0.000778493471444, 0.000128447019961, -0.00125739129726, 0.00212405179627, -0.0046693822369, 0.0184750780463, -0.00795395392925, 0.00400365656242, 0.00264360522851, -0.00383622338995, 0.00275153270923, -0.00266897398978, -0.00246162107214], [0.000963162397966, 0.000664942723233, -0.00126832386013, 0.000160644165589, 0.00222356757149, -0.00795395392925, 0.0150359198451, -0.00565954623744, -0.000960600213148, 0.00376513926312, 0.000609162088949, 0.00153300096281, -0.000826198316645], [-0.000187881989405, -0.000659378245473, 0.00292508886196, 0.00178299681284, 0.000698668765835, 0.00400365656242, -0.00565954623744, 0.0199450943619, -0.0086981812492, 0.00150510540698, 0.000567285285797, -0.00491493940353, 0.0052107074298], [0.000790346646681, 0.000342684012139, -0.00321988319047, -0.000412054097978, -0.00400111684576, 0.00264360522851, -0.000960600213148, -0.0086981812492, 0.0259100720286, -0.00779309915379, 0.00737852370366, 0.000258780870354, -0.00200998759829], [0.000321562518366, -0.00102373526897, 0.000834565900732, 0.00101530947722, 0.00178183428943, -0.00383622338995, 0.00376513926312, 0.00150510540698, -0.00779309915379, 0.0209065508097, -0.0164902843535, 0.0053200032562, -0.00212935428135], [-0.00115991337225, 0.000676369178109, 0.000404949183576, -0.000731706153601, 0.000163617034559, 0.00275153270923, 0.000609162088949, 0.000567285285797, 0.00737852370366, -0.0164902843535, 0.0296015013009, -0.0144639275968, 0.00655503198504], [4.26212063758e-05, -0.000949176261202, -0.00198757974431, -0.000623036641628, -0.000535038940143, -0.00266897398978, 0.00153300096281, -0.00491493940353, 0.000258780870354, 0.0053200032562, -0.0144639275968, 0.0303124412894, -0.0110003752634], [-0.000469192891615, 0.000669423141517, 0.000781662936788, -0.000543161295354, 0.00188585976139, -0.00246162107214, -0.000826198316645, 0.0052107074298, -0.00200998759829, -0.00212935428135, 0.00655503198504, -0.0110003752634, 0.0253003127873]]
    spectral_contrast:
        mean: [3.5136250176e-07, 3.50704539187e-07, -3.73911959173e-08, 2.75891892443e-07, -5.06846902226e-07, 1.83671502896e-07, 4.02089341378e-07, 7.53701442591e-07, 1.49025436258e-06, -4.42664759248e-06, 1.64763275734e-06, -3.58077329565e-07]
        var: [0.000363383354852, 0.000810628174804, 0.00124929856975, 0.00240002246574, 0.00309185031801, 0.00570380548015, 0.0551944151521, 0.0963627696037, 0.10660110414, 0.233708485961, 0.336400330067, 1.56814706326]

rhythm:
    beats_loudness:
        dmean: 0.00231553497724
        dmean2: 0.00426065735519
        dvar: 1.86698889593e-06
        dvar2: 4.30329646406e-06
        max: 0.00947711523622
        mean: 0.00438750674948
        min: 0.00161685317289
        var: 4.69912629342e-06
    beats_loudness_bass:
        dmean: 0.179773628712
        dmean2: 0.321507036686
        dvar: 0.0111623909324
        dvar2: 0.0317890457809
        max: 0.484012752771
        mean: 0.235292881727
        min: 0.0328588932753
        var: 0.0180850699544
    bpm: 111.637405396
    bpm_confidence: 0
    first_peak_bpm: 111
    first_peak_spread: 0
    first_peak_weight: 0.941176533699
    onset_rate: 3.99804162979
    second_peak_bpm: 58
    second_peak_spread: 0
    second_peak_weight: 0.0588235296309
    beats_position: [0.0435761325061, 0.581995248795, 1.12041437626, 1.65883338451, 2.19725251198, 2.73567152023, 3.27409076691, 3.81250977516, 4.35092878342, 4.88934803009, 5.42776727676, 6.46783638, 7.00455713272, 7.5412774086, 8.07799816132, 8.61471748352, 9.15143871307, 9.68815898895]
    bpm_estimates: [112.191207886, 111.337524414, 111.488899231, 110.91418457, 111.713745117, 110.985443115, 111.440612793, 112.112472534, 111.83656311, 112.205749512, 111.765609741, 110.770355225, 112.055084229, 112.235565186, 111.844444275, 111.301010132]
    bpm_intervals: [0.538419127464, 0.538419127464, 0.538419008255, 0.538419127464, 0.538419008255, 0.538419246674, 0.538419008255, 0.538419008255, 0.538419246674, 0.538419246674, 1.04006910324, 0.536720752716, 0.536720275879, 0.536720752716, 0.536719322205, 0.536721229553, 0.536720275879]
    onset_times: [0.0348299331963, 0.27863946557, 0.522448956966, 0.812698423862, 1.02167797089, 1.06811785698, 1.31192743778, 1.38158726692, 1.84598636627, 2.12462592125, 2.38004541397, 2.65868473053, 2.92571425438, 3.20435380936, 3.47138333321, 3.73841261864, 3.99383211136, 4.26086187363, 4.56272125244, 4.81814050674, 5.0967798233, 5.38702964783, 5.64244890213, 5.72371864319, 6.46675729752, 6.73378705978, 7.00081634521, 7.26784563065, 7.53487539291, 7.81351470947, 8.08054447174, 8.34757328033, 8.62621307373, 8.90485286713, 9.05578231812, 9.14866256714, 9.27637195587, 9.4040813446, 9.52018165588, 9.72916126251]
    rubato_start: []
    rubato_stop: []
    perceptual_tempo: "unknown"

sfx:
    inharmonicity:
        dmean: 0.0418391041458
        dmean2: 0.0742688328028
        dvar: 0.00226049264893
        dvar2: 0.0063276658766
        max: 0.290160596371
        mean: 0.0432862266898
        min: 0
        var: 0.00238421955146
    oddtoevenharmonicenergyratio:
        dmean: 8.4475479126
        dmean2: 16.5811214447
        dvar: 3013.20556641
        dvar2: 9005.43164062
        max: 744.438781738
        mean: 4.62910795212
        min: 0
        var: 1524.32226562
    pitch_after_max_to_before_max_energy_ratio: 8.56157970428
    pitch_centroid: 220.937103271
    pitch_max_to_total: 0.109048724174
    pitch_min_to_total: 0.127610206604
    tristimulus:
        dmean: [0.230620250106, 0.241653546691, 0.110554248095]
        dmean2: [0.400806307793, 0.434726417065, 0.19096980989]
        dvar: [0.0390156470239, 0.0503791570663, 0.0115714529529]
        dvar2: [0.103166773915, 0.133236408234, 0.0287704709917]
        max: [1, 0.982722461224, 0.549422025681]
        mean: [0.447592079639, 0.350244611502, 0.118811026216]
        min: [0.00131239532493, 0, 0]
        var: [0.0585169903934, 0.066252194345, 0.0164381060749]

tonal:
    chords_changes_rate: 0.0506912432611
    chords_number_rate: 0.0184331797063
    chords_strength:
        dmean: 0.00848355796188
        dmean2: 0.00809799227864
        dvar: 4.4353044359e-05
        dvar2: 4.4112028263e-05
        max: 0.700929224491
        mean: 0.505312681198
        min: 0.335645765066
        var: 0.0122544392943
    key_strength: 0.636190354824
    tuning_diatonic_strength: 0.440869539976
    tuning_equal_tempered_deviation: 0.119087316096
    tuning_frequency: 446.657836914
    tuning_nontempered_energy_ratio: 0.777577877045
    hpcp:
        dmean: [0.0484934821725, 0.0515906400979, 0.0748867094517, 0.107245475054, 0.110353976488, 0.137394011021, 0.149896785617, 0.105313487351, 0.0590816810727, 0.0546539016068, 0.0836583897471, 0.12064243108, 0.132818594575, 0.155336022377, 0.13509246707, 0.0993199199438, 0.0992627218366, 0.219209581614, 0.228607103229, 0.228004619479, 0.211896538734, 0.151527002454, 0.167857572436, 0.11974080652, 0.0749836787581, 0.12012027204, 0.178179964423, 0.175406947732, 0.166661158204, 0.120431102812, 0.0915309265256, 0.0898752883077, 0.114781156182, 0.113421089947, 0.0756158381701, 0.0516080707312]
        dmean2: [0.0847862437367, 0.0816893056035, 0.117072984576, 0.172346234322, 0.187044382095, 0.229543551803, 0.241661757231, 0.172090485692, 0.102278143167, 0.0979352667928, 0.149444654584, 0.211342945695, 0.236134171486, 0.258545637131, 0.212744936347, 0.173455238342, 0.182468220592, 0.379079073668, 0.382168322802, 0.393564552069, 0.383440881968, 0.258917808533, 0.29708302021, 0.205408215523, 0.124943122268, 0.215886726975, 0.306713521481, 0.28378495574, 0.280935823917, 0.220431447029, 0.158132880926, 0.152363628149, 0.193708643317, 0.193673476577, 0.128144487739, 0.0942520201206]
        dvar: [0.00714770145714, 0.00338052399457, 0.0121015449986, 0.0308807827532, 0.0248495005071, 0.0333570428193, 0.0444556288421, 0.023014318198, 0.00662818178535, 0.00527765788138, 0.0246562883258, 0.0379924327135, 0.0481155626476, 0.0404509752989, 0.032366797328, 0.0306202732027, 0.0250438973308, 0.0480771921575, 0.0607004314661, 0.0633457452059, 0.0756599903107, 0.0470926091075, 0.0510067790747, 0.0246745608747, 0.0163847319782, 0.0391981303692, 0.0565151534975, 0.0424298048019, 0.0510787963867, 0.0313577242196, 0.0191966015846, 0.0226911138743, 0.0235457103699, 0.0248309988528, 0.00870173238218, 0.00920703914016]
        dvar2: [0.0194835998118, 0.00736401323229, 0.0306190494448, 0.0737349241972, 0.0605129115283, 0.0896085426211, 0.108618855476, 0.0640588700771, 0.0184578299522, 0.0148586975411, 0.0686333328485, 0.0918254554272, 0.138419985771, 0.119008585811, 0.0755910947919, 0.089121684432, 0.0787227973342, 0.142043590546, 0.15656426549, 0.182119116187, 0.221246615052, 0.120415903628, 0.13136023283, 0.065225943923, 0.038174726069, 0.10934369266, 0.152119874954, 0.0975016802549, 0.14412176609, 0.0936752557755, 0.0560176745057, 0.0604232624173, 0.0582108311355, 0.0628537908196, 0.0244712401181, 0.0260475780815]
        max: [0.765831947327, 0.513167619705, 0.780607759953, 1, 1, 1, 1, 1, 0.554757595062, 0.439071089029, 1, 1, 1, 1, 1, 1, 1, 1, 1, 1, 1, 1, 1, 1, 1, 1, 1, 1, 1, 1, 1, 1, 0.98916208744, 1, 0.558139264584, 0.793477475643]
        mean: [0.0638090223074, 0.0795248001814, 0.129749968648, 0.181179463863, 0.156836152077, 0.216213732958, 0.283999621868, 0.173315137625, 0.0803205668926, 0.0665384456515, 0.0851283892989, 0.173970043659, 0.262767702341, 0.255864322186, 0.193078711629, 0.115572907031, 0.118499010801, 0.377602279186, 0.467054158449, 0.274164170027, 0.226316586137, 0.25737169385, 0.224666014314, 0.151995465159, 0.1043285653, 0.109855681658, 0.228679984808, 0.320377767086, 0.225065469742, 0.121999949217, 0.0984448119998, 0.108478732407, 0.175111219287, 0.194674104452, 0.117851994932, 0.0630087777972]
        min: [0.00250946194865, 0.00179339863826, 0.00364295043983, 0.00331573258154, 0.00250565842725, 0.00863673072308, 0.00412100553513, 0.00468920776621, 0.00256128003821, 0.00294905691408, 0.00143221684266, 0.00114272162318, 0.0017599100247, 0.00321573228575, 0.00353958387859, 0.00319176237099, 0.00436880579218, 0.00740424962714, 0.0147354314104, 0.00613763928413, 0.000787421944551, 0.00281826243736, 0.00267555448227, 0.0053219399415, 0.00262221856974, 0.00113520980813, 0.00372307794169, 0.00202321214601, 0.00266015669331, 0.000790962367319, 0.00085363117978, 0.00311122322455, 0.00245932210237, 0.00246615079232, 0.0036356758792, 0.00211381353438]
        var: [0.0066798068583, 0.00901353452355, 0.0254715140909, 0.0676501914859, 0.0378129594028, 0.0517806001008, 0.0993176102638, 0.0343422181904, 0.0084245800972, 0.00521173747256, 0.0181226525456, 0.0547936409712, 0.118914708495, 0.0773746445775, 0.054730951786, 0.025315893814, 0.0184644013643, 0.0905107483268, 0.121229238808, 0.0781570672989, 0.0800835713744, 0.108495473862, 0.0708291307092, 0.0304359868169, 0.0292361602187, 0.0311535857618, 0.0669147074223, 0.0883852243423, 0.05871822685, 0.0269082151353, 0.0180281754583, 0.0230706073344, 0.0400259047747, 0.0448711104691, 0.0134674599394, 0.00640428997576]
    chords_histogram: [71.4285736084, 13.8248844147, 7.37327194214, 0, 0, 0, 0, 0, 0, 0, 0, 0, 0, 0, 0, 0, 0, 0, 0, 0, 0, 0, 0, 7.37327194214]
    thpcp: [1, 0.58700722456, 0.484561771154, 0.551053225994, 0.481027752161, 0.325434356928, 0.223375737667, 0.235209733248, 0.48962199688, 0.685954213142, 0.481883019209, 0.261211574078, 0.210778146982, 0.232261568308, 0.374927014112, 0.416812688112, 0.252330482006, 0.1349067837, 0.136620178819, 0.170268908143, 0.277804970741, 0.387919604778, 0.33579865098, 0.462930738926, 0.608065724373, 0.371081471443, 0.171972706914, 0.142464086413, 0.182266637683, 0.372483670712, 0.5626065135, 0.547825813293, 0.413396835327, 0.247450754046, 0.253715783358, 0.808476448059]
    chords_key: "B"
    chords_scale: "major"
    key_key: "B"
    key_scale: "major"
    chords_progression: ["D#m", "D#m", "D#m", "D#m", "D#m", "D#m", "D#m", "D#m", "D#m", "D#m", "D#m", "D#m", "D#m", "D#m", "D#m", "D#m", "D#m", "D#m", "D#m", "D#m", "D#m", "D#m", "D#m", "D#m", "D#m", "D#m", "D#m", "D#m", "D#m", "D#m", "B", "B", "B", "B", "B", "B", "B", "B", "B", "B", "B", "B", "B", "B", "B", "B", "B", "B", "B", "B", "B", "B", "B", "B", "B", "B", "B", "B", "B", "B", "B", "B", "B", "B", "B", "B", "B", "B", "B", "B", "B", "B", "B", "B", "B", "B", "B", "B", "B", "B", "B", "B", "B", "B", "B", "B", "B", "B", "B", "B", "B", "B", "B", "B", "B", "B", "B", "B", "B", "B", "B", "B", "B", "B", "B", "B", "B", "B", "B", "B", "B", "B", "B", "B", "B", "B", "B", "B", "B", "B", "B", "B", "B", "B", "B", "B", "B", "F#", "F#", "F#", "F#", "F#", "F#", "F#", "F#", "B", "B", "B", "G#m", "G#m", "G#m", "G#m", "B", "B", "B", "B", "B", "B", "B", "B", "B", "B", "G#m", "G#m", "G#m", "G#m", "G#m", "B", "B", "B", "G#m", "G#m", "G#m", "G#m", "G#m", "G#m", "G#m", "B", "B", "B", "B", "B", "B", "B", "B", "B", "B", "B", "B", "B", "B", "B", "B", "B", "B", "B", "B", "B", "B", "B", "B", "F#", "F#", "F#", "F#", "F#", "F#", "F#", "F#", "B", "B", "B", "B", "B", "B", "B", "B", "B", "B", "B", "B", "B", "B", "B", "B", "B", "B"]
