
metadata:
    version:
        essentia: "1.2.2"
    audio_properties:
        analysis_sample_rate: 44100
        bitrate: 128
        channels: 2
        equal_loudness: 1
        length: 10.0571432114
        replay_gain: -12.2383613586
        downmix: "mix"
    tags:
        track: 1
        year: 0
        album: "Splitted by Mp3Splt v. 2.1"
        artist: "From 000.00 To 000.10"
        comment: "http://mp3splt.sf.net"
        genre: ""
        title: "10 King Bing.mp3"

highlevel:
    ballroom:
        all:
            ChaChaCha: 0.0232858899981
            Jive: 0.0458012223244
            Quickstep: 0.0726003646851
            Rumba-American: 0.039031829685
            Rumba-International: 0.417283594608
            Rumba-Misc: 0.0734463110566
            Samba: 0.0459694229066
            Tango: 0.0809356719255
            VienneseWaltz: 0.106721535325
            Waltz: 0.0949241667986
        probability: 0.417283594608
        value: "Rumba-International"
    culture:
        all:
            non_western: 0.136780947447
            western: 0.863219022751
        probability: 0.863219022751
        value: "western"
    gender:
        all:
            female: 0.195333734155
            male: 0.804666280746
        probability: 0.804666280746
        value: "male"
    genre_dortmund:
        all:
            alternative: 0.0123868566006
            blues: 0.0599530860782
            electronic: 0.0146319204941
            folkcountry: 0.0650884956121
            funksoulrnb: 0.0152701875195
            jazz: 0.677283942699
            pop: 0.0237094983459
            raphiphop: 0.00633109128103
            rock: 0.125344902277
        probability: 0.677283942699
        value: "jazz"
    genre_electronica:
        all:
            ambient: 0.455826759338
            dnb: 0.22683571279
            house: 0.113656468689
            techno: 0.0291525572538
            trance: 0.174528494477
        probability: 0.455826759338
        value: "ambient"
    genre_rosamerica:
        all:
            cla: 0.0208970718086
            dan: 0.0140302693471
            hip: 0.0110412565991
            jaz: 0.16547998786
            pop: 0.443145990372
            rhy: 0.129923373461
            roc: 0.209238916636
            spe: 0.00624312832952
        probability: 0.443145990372
        value: "pop"
    genre_tzanetakis:
        all:
            blu: 0.00959399808198
            cla: 0.0038638683036
            cou: 0.128837019205
            dis: 0.0329838506877
            hip: 0.0215277764946
            jaz: 0.023196130991
            met: 0.00429892912507
            pop: 0.54485052824
            reg: 0.0765866041183
            roc: 0.154261320829
        probability: 0.54485052824
        value: "pop"
    live_studio:
        all:
            live: 0.115940801799
            studio: 0.88405919075
        probability: 0.88405919075
        value: "studio"
    mood:
        all:
            Cluster1: 0.208141982555
            Cluster2: 0.323597550392
            Cluster3: 0.138909220695
            Cluster4: 0.168847486377
            Cluster5: 0.16050375998
        probability: 0.323597550392
        value: "Cluster2"
    mood_acoustic:
        all:
            acoustic: 0.600011646748
            not_acoustic: 0.399988353252
        probability: 0.600011646748
        value: "acoustic"
    mood_aggressive:
        all:
            aggressive: 0.0496914498508
            not_aggressive: 0.950308561325
        probability: 0.950308561325
        value: "not_aggressive"
    mood_electronic:
        all:
            electronic: 0.102756582201
            not_electronic: 0.897243440151
        probability: 0.897243440151
        value: "not_electronic"
    mood_happy:
        all:
            happy: 0.547849714756
            not_happy: 0.452150255442
        probability: 0.547849714756
        value: "happy"
    mood_party:
        all:
            not_party: 0.862425863743
            party: 0.137574136257
        probability: 0.862425863743
        value: "not_party"
    mood_relaxed:
        all:
            not_relaxed: 0.245147407055
            relaxed: 0.754852592945
        probability: 0.754852592945
        value: "relaxed"
    mood_sad:
        all:
            not_sad: 0.322112202644
            sad: 0.677887797356
        probability: 0.677887797356
        value: "sad"
    rhythm:
        all:
            fast: 0.320422530174
            medium: 0.220193400979
            slow: 0.459384053946
        probability: 0.459384053946
        value: "slow"
    speech_music:
        all:
            music: 0.999307453632
            speech: 0.000692557776347
        probability: 0.999307453632
        value: "music"
    timbre:
        all:
            bright: 0.866666674614
            dark: 0.133333325386
        probability: 0.866666674614
        value: "bright"
    voice_instrumental:
        all:
            instrumental: 0.875350534916
            voice: 0.124649472535
        probability: 0.875350534916
        value: "instrumental"

lowlevel:
    average_loudness: 0.916742324829
    barkbands_kurtosis:
        dmean: 4.44152832031
        dmean2: 6.96836614609
        dvar: 102.199035645
        dvar2: 231.624099731
        max: 140.808074951
        mean: 9.64462375641
        min: -1.75706243515
        var: 430.19152832
    barkbands_skewness:
        dmean: 0.537385463715
        dmean2: 0.846233010292
        dvar: 0.398152559996
        dvar2: 0.890827596188
        max: 10.3715896606
        mean: 1.82759535313
        min: -1.45778787136
        var: 4.33916282654
    barkbands_spread:
        dmean: 4.8520026207
        dmean2: 7.5490937233
        dvar: 35.3962860107
        dvar2: 75.6240844727
        max: 67.9650344849
        mean: 18.7926826477
        min: 0.835553109646
        var: 139.913116455
    dissonance:
        dmean: 0.0297204386443
        dmean2: 0.0485132150352
        dvar: 0.00107824697625
        dvar2: 0.00205589737743
        max: 0.498146861792
        mean: 0.432736456394
        min: 0
        var: 0.00330027448945
    hfc:
        dmean: 1.38395380974
        dmean2: 2.21326518059
        dvar: 9.20890903473
        dvar2: 24.5380344391
        max: 36.4209594727
        mean: 5.13936948776
        min: 0.000914187869057
        var: 32.8251419067
    pitch:
        dmean: 179.767120361
        dmean2: 347.141784668
        dvar: 404033.71875
        dvar2: 944638.25
        max: 4900
        mean: 475.741455078
        min: 46.8650360107
        var: 627934.1875
    pitch_instantaneous_confidence:
        dmean: 0.0864511281252
        dmean2: 0.133405134082
        dvar: 0.0069649326615
        dvar2: 0.0153202451766
        max: 0.909127473831
        mean: 0.576100349426
        min: 0.141395568848
        var: 0.0370888076723
    pitch_salience:
        dmean: 0.0688285455108
        dmean2: 0.110636718571
        dvar: 0.0039156479761
        dvar2: 0.00959112681448
        max: 0.952419221401
        mean: 0.533873081207
        min: 0.10695976764
        var: 0.0141624268144
    silence_rate_20dB:
        dmean: 0
        dmean2: 0
        dvar: 0
        dvar2: 0
        max: 1
        mean: 1
        min: 1
        var: 0
    silence_rate_30dB:
        dmean: 0
        dmean2: 0
        dvar: 0
        dvar2: 0
        max: 1
        mean: 1
        min: 1
        var: 0
    silence_rate_60dB:
        dmean: 0.121779859066
        dmean2: 0.24178403616
        dvar: 0.10694988817
        dvar2: 0.220882058144
        max: 1
        mean: 0.401869148016
        min: 0
        var: 0.240370377898
    spectral_centroid:
        dmean: 172.207733154
        dmean2: 271.261169434
        dvar: 50167.046875
        dvar2: 122131.445312
        max: 2386.82324219
        mean: 929.588256836
        min: 194.277664185
        var: 315966.0625
    spectral_complexity:
        dmean: 2.0405728817
        dmean2: 3.36842107773
        dvar: 11.4852266312
        dvar2: 28.0221672058
        max: 48
        mean: 8.60476207733
        min: 0
        var: 31.3390350342
    spectral_crest:
        dmean: 2.58375954628
        dmean2: 4.15036201477
        dvar: 4.97007846832
        dvar2: 13.5723352432
        max: 24.6842937469
        mean: 10.1084289551
        min: 2.84138989449
        var: 18.7750530243
    spectral_decrease:
        dmean: 3.0023811215e-10
        dmean2: 4.76590600318e-10
        dvar: 1.53226225811e-19
        dvar2: 3.55576019865e-19
        max: -1.05080406995e-13
        mean: -1.0878840051e-09
        min: -4.57146054345e-09
        var: 4.33645429475e-19
    spectral_energy:
        dmean: 0.00124088209122
        dmean2: 0.00195205828641
        dvar: 2.82274777419e-06
        dvar2: 6.71107363814e-06
        max: 0.0196779482067
        mean: 0.00457208137959
        min: 4.79514653762e-07
        var: 8.59201463754e-06
    spectral_energyband_high:
        dmean: 7.599878154e-05
        dmean2: 0.000124894606415
        dvar: 3.66448311695e-08
        dvar2: 9.92065523064e-08
        max: 0.00254299445078
        mean: 0.000147262762766
        min: 1.30776607321e-08
        var: 4.22756478713e-08
    spectral_energyband_low:
        dmean: 0.000223239156185
        dmean2: 0.000368974462617
        dvar: 1.880129048e-07
        dvar2: 5.05938544393e-07
        max: 0.00383414351381
        mean: 0.00030907112523
        min: 3.09696845946e-09
        var: 2.13784332459e-07
    spectral_energyband_middle_high:
        dmean: 0.000461897172499
        dmean2: 0.0007122263778
        dvar: 8.78112643932e-07
        dvar2: 2.31621334024e-06
        max: 0.0111855464056
        mean: 0.00179336499423
        min: 3.34903290877e-07
        var: 5.35804565516e-06
    spectral_energyband_middle_low:
        dmean: 0.000863793597091
        dmean2: 0.00139401271008
        dvar: 1.20722359043e-06
        dvar2: 2.86465137833e-06
        max: 0.01278966479
        mean: 0.00232237624004
        min: 1.26822158109e-07
        var: 2.04040338758e-06
    spectral_flatness_db:
        dmean: 0.0212748553604
        dmean2: 0.0320335924625
        dvar: 0.000421975564677
        dvar2: 0.000866382091772
        max: 0.399740278721
        mean: 0.192544683814
        min: 0.0799796953797
        var: 0.00537654617801
    spectral_flux:
        dmean: 0.00901477597654
        dmean2: 0.0142099587247
        dvar: 0.00010806795035
        dvar2: 0.000244915980147
        max: 0.116167493165
        mean: 0.0323407463729
        min: 0.00479018036276
        var: 0.000267874158453
    spectral_kurtosis:
        dmean: 1.85778415203
        dmean2: 3.08808231354
        dvar: 4.2220082283
        dvar2: 11.1485157013
        max: 17.5318164825
        mean: 4.6576666832
        min: -0.730600833893
        var: 12.7277288437
    spectral_rms:
        dmean: 0.000288132025162
        dmean2: 0.000442625343567
        dvar: 1.01674750397e-07
        dvar2: 2.14537976717e-07
        max: 0.00438155187294
        mean: 0.00200222199783
        min: 2.16291282413e-05
        var: 4.51676271496e-07
    spectral_rolloff:
        dmean: 361.952850342
        dmean2: 604.114135742
        dvar: 415436.96875
        dvar2: 975136.3125
        max: 5813.96484375
        mean: 1572.38708496
        min: 193.798828125
        var: 1274009.25
    spectral_skewness:
        dmean: 0.278048336506
        dmean2: 0.449049443007
        dvar: 0.0795865058899
        dvar2: 0.181673914194
        max: 3.39480924606
        mean: 1.7445691824
        min: 0.298887789249
        var: 0.342655867338
    spectral_spread:
        dmean: 754809
        dmean2: 1120025.375
        dvar: 842112303104
        dvar2: 1.62885756518e+12
        max: 11236066
        mean: 4988705
        min: 2866315.75
        var: 2.50982825984e+12
    spectral_strongpeak:
        dmean: 0.401688605547
        dmean2: 0.65861839056
        dvar: 0.543678998947
        dvar2: 1.32415366173
        max: 6.68928575516
        mean: 0.936632573605
        min: 0.00127910485025
        var: 1.58269309998
    zerocrossingrate:
        dmean: 0.00771461054683
        dmean2: 0.00884046033025
        dvar: 6.4463558374e-05
        dvar2: 7.13439003448e-05
        max: 0.146484375
        mean: 0.0571161173284
        min: 0.0068359375
        var: 0.000882090302184
    barkbands:
        dmean: [2.89254870722e-07, 7.30325191398e-05, 0.000176028566784, 0.00028138991911, 0.000369571353076, 0.000196134395082, 0.00034981771023, 7.62500130804e-05, 7.00904492987e-05, 0.000180482777068, 2.73431905953e-05, 1.60313029482e-05, 3.73908151232e-05, 2.13834027818e-05, 8.32502482808e-05, 0.000149550687638, 9.74184804363e-05, 0.000133860681672, 6.84929982526e-05, 4.20291617047e-05, 3.29365357175e-05, 2.43670619966e-05, 4.01553461415e-06, 2.04093316825e-06, 1.04185164673e-06, 1.06639539865e-07, 5.40886280209e-10]
        dmean2: [4.72057166689e-07, 0.000126301354612, 0.000293832446914, 0.000439360272139, 0.000615016266238, 0.000318197940942, 0.00057497760281, 0.000117019888421, 0.000111667868623, 0.000227198179346, 4.13236775785e-05, 2.63098154392e-05, 6.07733090874e-05, 3.41890881828e-05, 0.000137954193633, 0.000223932162044, 0.000163687218446, 0.000219045148697, 0.000110117878648, 7.18117080396e-05, 5.45431103092e-05, 4.02291007049e-05, 6.45255977361e-06, 3.1465435768e-06, 1.5270992435e-06, 1.69421625174e-07, 9.21578979796e-10]
        dvar: [6.32356255033e-13, 2.98913320762e-08, 1.36148514684e-07, 1.13353245013e-07, 4.68873793125e-07, 8.03199640131e-08, 2.46911383783e-07, 1.19334933046e-08, 2.20389022587e-08, 1.21606348102e-07, 2.24644747249e-09, 2.59065990882e-09, 4.04577260582e-09, 3.94753429944e-09, 2.45194229365e-08, 7.97156261001e-08, 9.19911968822e-08, 2.29747840308e-07, 4.80961261928e-08, 2.58649652807e-08, 7.60765317409e-09, 1.81480641626e-09, 5.04294141168e-11, 2.09064727336e-11, 5.72232842708e-12, 1.18408890548e-13, 3.01761923958e-19]
        dvar2: [1.61453771359e-12, 8.32049806831e-08, 3.82274976118e-07, 2.66433005436e-07, 1.18572597785e-06, 1.6140313619e-07, 6.76702370583e-07, 2.80589755874e-08, 5.2149442098e-08, 2.09314208632e-07, 4.7282702198e-09, 6.85919321342e-09, 9.15958775494e-09, 9.19054965465e-09, 6.36828474398e-08, 1.6760181154e-07, 2.63024901415e-07, 6.31182899724e-07, 1.17538178301e-07, 7.4002038275e-08, 2.07022683441e-08, 4.70059102753e-09, 1.18001206029e-10, 4.76817613171e-11, 1.30455281994e-11, 3.00191187012e-13, 8.00299620789e-19]
        max: [4.9783002396e-06, 0.0012086853385, 0.00318768876605, 0.00330685870722, 0.00793685019016, 0.00348141347058, 0.00462961848825, 0.000903907348402, 0.00189977313858, 0.00358755001798, 0.00052553077694, 0.000822526868433, 0.00101523264311, 0.000694989750627, 0.00193205487449, 0.00360009493306, 0.00645397277549, 0.00708355149254, 0.00328222569078, 0.00217724428512, 0.00125141930766, 0.000488753779791, 5.65823211218e-05, 5.72156313865e-05, 1.94468793779e-05, 2.64306254394e-06, 5.28433030667e-09]
        mean: [2.36202211568e-07, 8.6336840468e-05, 0.000222507034778, 0.00046454241965, 0.00063499994576, 0.00034462774056, 0.000583121203817, 0.00015554476704, 0.000132301123813, 0.00042708683759, 5.56787090318e-05, 2.37818494497e-05, 6.96953793522e-05, 3.48195826518e-05, 0.000175043081981, 0.00040520587936, 0.000257691368461, 0.000230450576055, 9.4337927294e-05, 5.41832196177e-05, 4.94116757181e-05, 5.82877473789e-05, 7.82459392212e-06, 3.00292072097e-06, 1.27499129121e-06, 8.91821514415e-08, 2.09344275248e-09]
        min: [2.99964675494e-12, 3.89906607001e-10, 2.07245420825e-09, 5.41522737763e-09, 2.71137068353e-08, 4.14432648199e-08, 3.51270550425e-08, 1.34442634803e-08, 2.66030708573e-09, 2.28535199653e-08, 3.23628910337e-08, 1.84154576033e-08, 3.65208463471e-09, 8.59963122934e-09, 1.93412876826e-08, 6.60467591729e-09, 1.48566030589e-08, 1.45470494317e-07, 2.50912677302e-08, 2.73423039765e-09, 7.9121891261e-09, 2.85959700363e-09, 3.30236338275e-10, 9.85586542934e-11, 3.63816303472e-11, 3.36148340066e-12, 1.30984752125e-12]
        var: [5.33547164783e-13, 2.31026060504e-08, 1.50158683709e-07, 3.01171837691e-07, 6.78329229231e-07, 1.99880389573e-07, 3.94303327766e-07, 3.43547519321e-08, 5.05107387028e-08, 6.1227160586e-07, 7.34540073211e-09, 2.49046383516e-09, 1.15810587786e-08, 6.96926427679e-09, 8.70513829909e-08, 4.18350822429e-07, 5.60206615319e-07, 3.76449492023e-07, 5.65697071409e-08, 1.83957791222e-08, 7.23265802804e-09, 6.60845334011e-09, 1.13952722258e-10, 4.46984289859e-11, 7.34212603909e-12, 9.69776830454e-14, 5.49554965839e-19]
    mfcc:
        mean: [-753.332519531, 126.809356689, -22.6575565338, 46.1888885498, -17.9511127472, -2.98683285713, -23.716506958, -5.32406282425, -2.68339920044, -11.0405740738, -5.72483539581, -7.21389865875, -6.40066957474]
        cov: [[7044.57617188, -1039.46386719, -1131.6776123, -281.433197021, 721.358398438, 612.237792969, 11.166478157, 729.18762207, 665.808349609, 784.57989502, 494.968688965, 106.394714355, 755.282592773], [-1039.46386719, 812.090942383, 56.806968689, -21.3131580353, -110.211540222, -20.1349620819, 77.041519165, -131.116455078, -131.275802612, -51.4431419373, -4.1948299408, -0.758635699749, -79.2923812866], [-1131.6776123, 56.806968689, 724.412658691, 143.116424561, -24.2048873901, -114.507713318, 218.145263672, -244.249420166, -165.076477051, -41.3048477173, -97.2504348755, 24.2135543823, -146.714736938], [-281.433197021, -21.3131580353, 143.116424561, 308.542053223, 80.3321075439, -62.0915184021, 34.4188423157, -1.3770160675, -58.1514167786, -59.9691352844, -38.7351150513, 32.6032485962, -32.3893203735], [721.358398438, -110.211540222, -24.2048873901, 80.3321075439, 288.648132324, 82.5337371826, 62.3325271606, 79.9710235596, 61.6851882935, 143.898376465, 83.2968597412, 62.1295852661, 115.290611267], [612.237792969, -20.1349620819, -114.507713318, -62.0915184021, 82.5337371826, 194.705871582, 34.9058532715, 119.80381012, 71.7597808838, 85.9895095825, 80.7878570557, 8.5296497345, 98.0257492065], [11.166478157, 77.041519165, 218.145263672, 34.4188423157, 62.3325271606, 34.9058532715, 260.322021484, -53.3102493286, -49.9206161499, 98.0874099731, 41.9180030823, 40.932182312, 23.4379425049], [729.18762207, -131.116455078, -244.249420166, -1.3770160675, 79.9710235596, 119.80381012, -53.3102493286, 281.79864502, 112.394454956, 34.4006347656, 65.7976913452, -11.1346511841, 115.347732544], [665.808349609, -131.275802612, -165.076477051, -58.1514167786, 61.6851882935, 71.7597808838, -49.9206161499, 112.394454956, 199.799057007, 116.280670166, 18.1533985138, -23.8545742035, 91.0135955811], [784.57989502, -51.4431419373, -41.3048477173, -59.9691352844, 143.898376465, 85.9895095825, 98.0874099731, 34.4006347656, 116.280670166, 319.213409424, 130.477859497, 38.1834487915, 149.392532349], [494.968688965, -4.1948299408, -97.2504348755, -38.7351150513, 83.2968597412, 80.7878570557, 41.9180030823, 65.7976913452, 18.1533985138, 130.477859497, 152.943405151, 54.8633575439, 97.7753982544], [106.394714355, -0.758635699749, 24.2135543823, 32.6032485962, 62.1295852661, 8.5296497345, 40.932182312, -11.1346511841, -23.8545742035, 38.1834487915, 54.8633575439, 98.2582778931, 53.581035614], [755.282592773, -79.2923812866, -146.714736938, -32.3893203735, 115.290611267, 98.0257492065, 23.4379425049, 115.347732544, 91.0135955811, 149.392532349, 97.7753982544, 53.581035614, 217.408401489]]
        icov: [[0.000500715745147, 0.000463972479338, 0.000590841460507, 0.000147160564666, -0.000505457748659, -0.000386983301723, -0.000414556416217, -3.86380306736e-05, -0.00030930939829, -0.0003049117513, -0.000146412829054, 4.95750718983e-05, -0.000249284814345], [0.000463972479338, 0.00200515775941, 0.00102832505945, -7.57704356147e-06, 6.7852473876e-05, -0.000882225343958, -0.000968360633124, 0.000655012438074, 0.000579745916184, -0.000423708988819, -0.000151715546963, 0.000159005023306, 8.4506946223e-06], [0.000590841460507, 0.00102832505945, 0.00419231690466, -0.000646688102279, -0.000508760975208, -0.00065956544131, -0.00294930976816, 0.00136036903132, 0.000902189116459, -0.00121177348774, 0.00203642924316, -0.000634196854662, 0.000914047763217], [0.000147160564666, -7.57704356147e-06, -0.000646688102279, 0.00547769246623, -0.00263380422257, 0.00200560619123, -0.000355924828909, -0.0021116011776, 0.000902914325707, 0.00059516611509, 0.00154984148685, -0.00151647336315, 0.000406519829994], [-0.000505457748659, 6.7852473876e-05, -0.000508760975208, -0.00263380422257, 0.00745658390224, -0.00150683778338, 0.000222978938837, -0.000336571101798, -5.5705964769e-05, -0.00195216282737, 0.000101532292319, -0.00238816649653, -0.000167580030393], [-0.000386983301723, -0.000882225343958, -0.00065956544131, 0.00200560619123, -0.00150683778338, 0.0107380757108, -0.00179755385034, -0.00271582882851, -0.0017525088042, 0.0020369424019, -0.00325192022137, 0.00158330134582, -0.00112528679892], [-0.000414556416217, -0.000968360633124, -0.00294930976816, -0.000355924828909, 0.000222978938837, -0.00179755385034, 0.00832947157323, -0.000398392032366, 0.00263391551562, -0.00264461571351, 0.000402761274017, -0.000628345529549, -0.00026233412791], [-3.86380306736e-05, 0.000655012438074, 0.00136036903132, -0.0021116011776, -0.000336571101798, -0.00271582882851, -0.000398392032366, 0.00946967303753, -0.00339388544671, 0.00380726205185, -0.00426014140248, 0.00369797670282, -0.00279253860936], [-0.00030930939829, 0.000579745916184, 0.000902189116459, 0.000902914325707, -5.5705964769e-05, -0.0017525088042, 0.00263391551562, -0.00339388544671, 0.0143621452153, -0.00716198654845, 0.00801350269467, 0.000575378129724, -0.000471023435239], [-0.0003049117513, -0.000423708988819, -0.00121177348774, 0.00059516611509, -0.00195216282737, 0.0020369424019, -0.00264461571351, 0.00380726205185, -0.00716198654845, 0.0120125599205, -0.00898445490748, 0.00355569645762, -0.0035343603231], [-0.000146412829054, -0.000151715546963, 0.00203642924316, 0.00154984148685, 0.000101532292319, -0.00325192022137, 0.000402761274017, -0.00426014140248, 0.00801350269467, -0.00898445490748, 0.0210562217981, -0.00818630214781, 0.00105457089376], [4.95750718983e-05, 0.000159005023306, -0.000634196854662, -0.00151647336315, -0.00238816649653, 0.00158330134582, -0.000628345529549, 0.00369797670282, 0.000575378129724, 0.00355569645762, -0.00818630214781, 0.0193772818893, -0.00588796800002], [-0.000249284814345, 8.4506946223e-06, 0.000914047763217, 0.000406519829994, -0.000167580030393, -0.00112528679892, -0.00026233412791, -0.00279253860936, -0.000471023435239, -0.0035343603231, 0.00105457089376, -0.00588796800002, 0.0118549223989]]
    spectral_contrast:
        mean: [-2.85942633127e-07, 6.67181723202e-08, 2.83698597059e-07, -9.82412302619e-08, -1.2786615855e-07, -2.87911717578e-07, 3.07361278828e-06, -1.21458651847e-06, -8.3531654127e-07, -1.19776950669e-06, 8.26801567655e-07, 2.09581276067e-06]
        var: [0.000552812358364, 0.00123350264039, 0.00269605894573, 0.00347484601662, 0.00666442047805, 0.00794002972543, 0.0812579542398, 0.0963192731142, 0.165307506919, 0.310251712799, 0.432153433561, 4.80833101273]

rhythm:
    beats_loudness:
        dmean: 0.00241937255487
        dmean2: 0.00464025186375
        dvar: 8.47511000757e-06
        dvar2: 2.02068458748e-05
        max: 0.0124230384827
        mean: 0.00526253459975
        min: 0.00128682435025
        var: 9.08305355551e-06
    beats_loudness_bass:
        dmean: 0.15144713223
        dmean2: 0.309567779303
        dvar: 0.0301151350141
        dvar2: 0.0847879201174
        max: 0.516272962093
        mean: 0.111687891185
        min: 0.00289491727017
        var: 0.0232900045812
    bpm: 99.2817764282
    bpm_confidence: 0
    first_peak_bpm: 99
    first_peak_spread: 0
    first_peak_weight: 0.933333396912
    onset_rate: 4.375
    second_peak_bpm: 119
    second_peak_spread: 0
    second_peak_weight: 0.0666666701436
    beats_position: [0.629948735237, 1.23731410503, 1.84467947483, 2.45204496384, 3.05941033363, 3.66677570343, 4.27414131165, 4.88150644302, 5.4888715744, 5.99431371689, 6.59527349472, 7.19623279572, 7.79719209671, 8.39815235138, 8.99911212921, 9.60007095337]
    bpm_estimates: [97.6827468872, 100.446098328, 100.080078125, 99.4856185913, 97.6547470093, 98.5700454712, 97.6795501709, 100.121612549, 99.9767913818, 98.5294494629, 100.260627747, 100.281013489, 99.8946304321]
    bpm_intervals: [0.607365369797, 0.607365369797, 0.607365489006, 0.607365369797, 0.607365369797, 0.607365608215, 0.607365131378, 0.607365131378, 0.505442142487, 0.600959777832, 0.600959300995, 0.600959300995, 0.600960254669, 0.600959777832, 0.600958824158]
    onset_times: [0.476009070873, 0.545668959618, 0.615328788757, 0.673378705978, 0.708208620548, 0.893968224525, 0.99845802784, 1.20743763447, 1.50929701328, 1.60217690468, 1.82276642323, 1.93886625767, 2.12462592125, 2.28716564178, 2.5890250206, 2.69351482391, 3.03020405769, 3.21596360207, 3.63392281532, 3.95900225639, 4.13315200806, 4.2492518425, 4.53950119019, 4.69043064117, 4.85297060013, 5.13160991669, 5.42185926437, 5.64244890213, 5.75854873657, 6.03718805313, 6.37387752533, 6.65251684189, 6.8382768631, 6.94276666641, 7.10530614853, 7.26784563065, 7.97605419159, 8.16181373596, 8.44045352936, 8.77714252472, 9.0906124115, 9.36925125122, 9.682721138, 9.9613609314]
    rubato_start: []
    rubato_stop: []
    perceptual_tempo: "unknown"

sfx:
    inharmonicity:
        dmean: 0.0231938827783
        dmean2: 0.0416983366013
        dvar: 0.00106739974581
        dvar2: 0.0030404846184
        max: 0.234285354614
        mean: 0.0220645070076
        min: 1.73773623828e-05
        var: 0.000899844279047
    oddtoevenharmonicenergyratio:
        dmean: 5.30413722992
        dmean2: 10.3118886948
        dvar: 605.61920166
        dvar2: 1813.9041748
        max: 316.719299316
        mean: 3.12436127663
        min: 2.72443921858e-05
        var: 314.274902344
    pitch_after_max_to_before_max_energy_ratio: 1.12427508831
    pitch_centroid: 226.624923706
    pitch_max_to_total: 0.257142871618
    pitch_min_to_total: 0.195238098502
    tristimulus:
        dmean: [0.216839626431, 0.227912276983, 0.0581251382828]
        dmean2: [0.378687083721, 0.397315472364, 0.099604010582]
        dvar: [0.0433619357646, 0.0461443141103, 0.00408005574718]
        dvar2: [0.112921051681, 0.123262740672, 0.0117592466995]
        max: [0.970454871655, 0.984980225563, 0.407878875732]
        mean: [0.497931331396, 0.409311532974, 0.0624057352543]
        min: [0.000607536116149, 0, 0]
        var: [0.0630689784884, 0.0651966407895, 0.00526806293055]

tonal:
    chords_changes_rate: 0.0995260700583
    chords_number_rate: 0.0521326996386
    chords_strength:
        dmean: 0.0132016986609
        dmean2: 0.0131985787302
        dvar: 0.000143894227222
        dvar2: 0.000178338916157
        max: 0.604138433933
        mean: 0.398083299398
        min: 0.226367503405
        var: 0.00590301817283
    key_strength: 0.703590750694
    tuning_diatonic_strength: 0.488883763552
    tuning_equal_tempered_deviation: 0.123281873763
    tuning_frequency: 450.544708252
    tuning_nontempered_energy_ratio: 0.732462882996
    hpcp:
        dmean: [0.135904252529, 0.10852253437, 0.0795150473714, 0.10170211643, 0.0781729221344, 0.0653359368443, 0.0914223715663, 0.0685461163521, 0.0639392733574, 0.103366531432, 0.119154587388, 0.124400131404, 0.133396178484, 0.145609214902, 0.152710974216, 0.160718649626, 0.106520816684, 0.0880689769983, 0.0852323099971, 0.0602123700082, 0.0738756880164, 0.106228418648, 0.107959955931, 0.144976258278, 0.150657445192, 0.142464533448, 0.118236720562, 0.0824929252267, 0.0885664075613, 0.127879306674, 0.134924337268, 0.107374720275, 0.110529094934, 0.1286457479, 0.119838871062, 0.139911264181]
        dmean2: [0.232199400663, 0.189555093646, 0.128200173378, 0.169220596552, 0.131696328521, 0.116403512657, 0.150191679597, 0.119597330689, 0.109056100249, 0.180863320827, 0.214892014861, 0.217687055469, 0.23342473805, 0.252777397633, 0.25960534811, 0.29070597887, 0.189663290977, 0.14844468236, 0.149102568626, 0.100707449019, 0.128531739116, 0.176391094923, 0.180126726627, 0.266509115696, 0.258253574371, 0.258909016848, 0.20456327498, 0.139487206936, 0.156995981932, 0.223475188017, 0.226740822196, 0.179819017649, 0.189044192433, 0.215054944158, 0.204742252827, 0.229521781206]
        dvar: [0.038579069078, 0.0212740283459, 0.0219976902008, 0.0343626402318, 0.0206480845809, 0.0150233814493, 0.0250436626375, 0.011778770946, 0.0107283145189, 0.0282592177391, 0.0451902933419, 0.0436702035367, 0.0509953945875, 0.0546157956123, 0.0538981966674, 0.0565798170865, 0.0351245775819, 0.0313238501549, 0.0378596298397, 0.0144791863859, 0.0189507827163, 0.0224970486015, 0.0257011409849, 0.0544998571277, 0.0355372615159, 0.0623995251954, 0.0457642450929, 0.0258453916758, 0.0359105505049, 0.0492465570569, 0.0484514273703, 0.0351215861738, 0.0349454842508, 0.034709841013, 0.0281969681382, 0.0313123911619]
        dvar2: [0.102658942342, 0.0629362016916, 0.0517363213003, 0.0763267502189, 0.0515972487628, 0.0350432060659, 0.0676224082708, 0.0323515050113, 0.0312531478703, 0.0862941220403, 0.143696069717, 0.119010642171, 0.141675159335, 0.160986617208, 0.143630757928, 0.152182206511, 0.0998388379812, 0.0826789811254, 0.0933365225792, 0.0347350649536, 0.052898298949, 0.0555682964623, 0.053526494652, 0.138433426619, 0.0937373116612, 0.164911240339, 0.119146294892, 0.0656781643629, 0.100192300975, 0.128037661314, 0.100805856287, 0.0853779017925, 0.0907433331013, 0.0882742479444, 0.0779263973236, 0.0772829577327]
        max: [1, 1, 1, 1, 1, 1, 1, 0.721908807755, 0.82055914402, 1, 1, 1, 1, 1, 1, 1, 1, 1, 1, 1, 1, 1, 1, 1, 1, 1, 1, 1, 1, 1, 1, 1, 1, 1, 1, 1]
        mean: [0.437374174595, 0.199854135513, 0.102416805923, 0.139868110418, 0.0961490571499, 0.101557143033, 0.141087710857, 0.105753988028, 0.090910717845, 0.124945946038, 0.134302526712, 0.18696795404, 0.192850291729, 0.161274492741, 0.198653772473, 0.172793388367, 0.099806882441, 0.0873080193996, 0.0961621552706, 0.078578017652, 0.100251682103, 0.152275621891, 0.166676312685, 0.18569342792, 0.188448250294, 0.14329212904, 0.10432612896, 0.0763759613037, 0.0721736699343, 0.142801210284, 0.16754296422, 0.119855441153, 0.136850818992, 0.142344996333, 0.147014915943, 0.351459085941]
        min: [3.9050457417e-05, 5.95814199187e-05, 2.95497775369e-05, 4.13927846239e-05, 3.53301875293e-05, 5.3675230447e-05, 0.000107432686491, 0.000117181014502, 3.76908101316e-05, 5.5755739595e-05, 4.03725643991e-05, 7.77778259362e-05, 0.000304667686578, 0.000145737009007, 0.000150049469084, 0.000195657106815, 0.000301814754494, 0.000240064386162, 8.18291882752e-05, 1.10578475869e-05, 2.12551694858e-05, 2.41050238401e-05, 2.84051930066e-05, 2.29868892347e-05, 9.59390818025e-05, 0.000139962867252, 0.000145697995322, 9.57717566052e-05, 0.000130000626086, 0.000228279619478, 0.000394848204451, 0.000337239529472, 4.70037048217e-05, 4.96489228681e-05, 2.55684299191e-05, 4.96912944072e-05]
        var: [0.168439432979, 0.0453840047121, 0.0333650708199, 0.0664452537894, 0.0265925265849, 0.0290380883962, 0.0514250062406, 0.0229669250548, 0.0124800242484, 0.03564048931, 0.0419594906271, 0.0700496286154, 0.0804564729333, 0.0585151873529, 0.0828404277563, 0.0655371695757, 0.0331708192825, 0.0286574140191, 0.0432157441974, 0.0253199748695, 0.0260934755206, 0.0445468463004, 0.0509124696255, 0.0690232664347, 0.0576254576445, 0.0567371398211, 0.0402233824134, 0.0231667030603, 0.0239548534155, 0.0552191846073, 0.0735523104668, 0.0463384985924, 0.0608775950968, 0.0596465058625, 0.0430469475687, 0.101566851139]
    chords_histogram: [15.1658763885, 0, 0, 0, 0, 0, 2.36966824532, 0, 2.36966824532, 0, 1.89573454857, 6.16113758087, 0, 0, 16.587677002, 13.2701425552, 9.00473976135, 13.7440757751, 0, 7.10900497437, 0, 0, 0.473933637142, 11.8483409882]
    thpcp: [1, 0.456940859556, 0.234162896872, 0.319790512323, 0.219832494855, 0.232197389007, 0.322578966618, 0.241792947054, 0.207855701447, 0.285672903061, 0.30706551671, 0.427478253841, 0.440927475691, 0.368733465672, 0.45419639349, 0.395069926977, 0.228195652366, 0.199618592858, 0.219862446189, 0.179658561945, 0.229212626815, 0.348158687353, 0.381084024906, 0.424564212561, 0.430862784386, 0.327619075775, 0.238528326154, 0.174623847008, 0.165015846491, 0.326496660709, 0.383065521717, 0.274034112692, 0.312891870737, 0.325453579426, 0.336130768061, 0.803566157818]
    chords_key: "D"
    chords_scale: "minor"
    key_key: "C#"
    key_scale: "minor"
    chords_progression: ["C", "C", "C", "C", "C", "C", "C", "C", "C", "C", "C", "C", "C", "C", "C", "C", "C", "C", "C", "C", "C", "C", "C", "C", "C", "C", "C", "C", "C", "Fm", "Fm", "Fm", "Fm", "Fm", "A#m", "A#m", "A#m", "A#m", "A#m", "G", "G", "G", "G", "G", "G", "G", "G", "G", "G", "G", "G", "G", "G", "G", "Cm", "Cm", "Cm", "Cm", "F", "F", "F", "F", "F", "F", "F", "F", "F", "F", "F", "F", "F", "F", "F", "F", "F", "F", "F", "F", "F", "F", "F", "F", "F", "F", "F", "F", "Am", "Am", "Am", "Am", "Am", "Am", "Am", "Am", "Am", "Am", "Am", "Am", "Am", "Am", "Am", "Am", "Am", "Am", "Am", "C#m", "C#m", "C#m", "C#m", "C#m", "C#m", "C#m", "C#m", "C#m", "C#m", "C#m", "C#m", "C#m", "C#m", "C#m", "C#m", "C#m", "C#m", "C#m", "C#m", "C#m", "C#m", "C#m", "C#m", "C#m", "C#m", "C#m", "C#m", "C#m", "C#m", "D#", "D#", "D#", "D#", "D#", "D#", "D#", "D#", "D#", "D#", "D#", "D#", "D#", "C#m", "C#m", "Dm", "A", "A", "A", "A", "A", "A", "A", "A", "A", "A", "A", "Dm", "Dm", "Dm", "Dm", "A", "A", "A", "A", "A", "Dm", "Dm", "Dm", "A", "A", "A", "A", "A", "A", "F#m", "Dm", "Dm", "Dm", "Dm", "Dm", "Dm", "Dm", "A", "Dm", "Dm", "A", "A", "Dm", "Dm", "Dm", "Dm", "Dm", "Dm", "Dm", "Dm", "Dm", "Dm", "Dm", "Dm", "Dm", "Dm", "Dm", "Dm", "Dm", "Dm"]
