
metadata:
    version:
        essentia: "1.2.2"
    audio_properties:
        analysis_sample_rate: 44100
        bitrate: 128
        channels: 2
        equal_loudness: 1
        length: 10.0310201645
        replay_gain: -7.48326873779
        downmix: "mix"
    tags:
        track: 19
        year: 0
        album: "Splitted by Mp3Splt v. 2.1"
        artist: "From 003.00 To 003.10"
        comment: "http://mp3splt.sf.net"
        genre: ""
        title: "08 Ecstasy.mp3"

highlevel:
    ballroom:
        all:
            ChaChaCha: 0.187969043851
            Jive: 0.314832538366
            Quickstep: 0.0882164165378
            Rumba-American: 0.00104574975558
            Rumba-International: 0.00217137206346
            Rumba-Misc: 0.00118708680384
            Samba: 0.401003241539
            Tango: 0.00130542204715
            VienneseWaltz: 0.00150091329124
            Waltz: 0.000768225232605
        probability: 0.401003241539
        value: "Samba"
    culture:
        all:
            non_western: 0.3376057446
            western: 0.662394285202
        probability: 0.662394285202
        value: "western"
    gender:
        all:
            female: 0.669369339943
            male: 0.330630630255
        probability: 0.669369339943
        value: "female"
    genre_dortmund:
        all:
            alternative: 0.0352445989847
            blues: 0.00964421685785
            electronic: 0.30320468545
            folkcountry: 0.0136053655297
            funksoulrnb: 0.0615492984653
            jazz: 0.0529940612614
            pop: 0.0609079115093
            raphiphop: 0.234050020576
            rock: 0.228799834847
        probability: 0.30320468545
        value: "electronic"
    genre_electronica:
        all:
            ambient: 0.0410021021962
            dnb: 0.585698246956
            house: 0.0513272956014
            techno: 0.0350034534931
            trance: 0.286968916655
        probability: 0.585698246956
        value: "dnb"
    genre_rosamerica:
        all:
            cla: 0.00989110395312
            dan: 0.415265709162
            hip: 0.0708221718669
            jaz: 0.0110773723572
            pop: 0.30050560832
            rhy: 0.0556983947754
            roc: 0.132181406021
            spe: 0.00455823121592
        probability: 0.415265709162
        value: "dan"
    genre_tzanetakis:
        all:
            blu: 0.00065076345345
            cla: 0.0013204413699
            cou: 0.00275884987786
            dis: 0.618455052376
            hip: 0.0333377234638
            jaz: 0.00989519804716
            met: 0.0116874324158
            pop: 0.256466627121
            reg: 0.0395657271147
            roc: 0.025862166658
        probability: 0.618455052376
        value: "dis"
    live_studio:
        all:
            live: 0.108510032296
            studio: 0.891489982605
        probability: 0.891489982605
        value: "studio"
    mood:
        all:
            Cluster1: 0.324336916208
            Cluster2: 0.218261167407
            Cluster3: 0.0124097056687
            Cluster4: 0.117059446871
            Cluster5: 0.327932775021
        probability: 0.327932775021
        value: "Cluster5"
    mood_acoustic:
        all:
            acoustic: 0.00617842702195
            not_acoustic: 0.993821561337
        probability: 0.993821561337
        value: "not_acoustic"
    mood_aggressive:
        all:
            aggressive: 0.835783839226
            not_aggressive: 0.164216175675
        probability: 0.835783839226
        value: "aggressive"
    mood_electronic:
        all:
            electronic: 0.931137502193
            not_electronic: 0.0688624754548
        probability: 0.931137502193
        value: "electronic"
    mood_happy:
        all:
            happy: 0.589912235737
            not_happy: 0.410087764263
        probability: 0.589912235737
        value: "happy"
    mood_party:
        all:
            not_party: 0.0997075363994
            party: 0.90029245615
        probability: 0.90029245615
        value: "party"
    mood_relaxed:
        all:
            not_relaxed: 0.955109477043
            relaxed: 0.0448905304074
        probability: 0.955109477043
        value: "not_relaxed"
    mood_sad:
        all:
            not_sad: 0.979793071747
            sad: 0.0202069021761
        probability: 0.979793071747
        value: "not_sad"
    rhythm:
        all:
            fast: 0.976230144501
            medium: 0.0163211356848
            slow: 0.00744870770723
        probability: 0.976230144501
        value: "fast"
    speech_music:
        all:
            music: 0.99648886919
            speech: 0.0035111096222
        probability: 0.99648886919
        value: "music"
    timbre:
        all:
            bright: 0.853848159313
            dark: 0.146151825786
        probability: 0.853848159313
        value: "bright"
    voice_instrumental:
        all:
            instrumental: 0.0962807908654
            voice: 0.903719186783
        probability: 0.903719186783
        value: "voice"

lowlevel:
    average_loudness: 0.928505063057
    barkbands_kurtosis:
        dmean: 1.10448014736
        dmean2: 1.70336830616
        dvar: 2.06272411346
        dvar2: 4.43310546875
        max: 12.7045612335
        mean: 0.164019629359
        min: -1.82795977592
        var: 4.46946287155
    barkbands_skewness:
        dmean: 0.447716146708
        dmean2: 0.6852414608
        dvar: 0.193578064442
        dvar2: 0.473857760429
        max: 1.97713565826
        mean: -0.137791723013
        min: -3.36349105835
        var: 0.78887450695
    barkbands_spread:
        dmean: 7.31969594955
        dmean2: 10.5945930481
        dvar: 43.1439857483
        dvar2: 92.0748977661
        max: 61.2679138184
        mean: 29.4434871674
        min: 3.17374873161
        var: 166.507873535
    dissonance:
        dmean: 0.0211211517453
        dmean2: 0.036098562181
        dvar: 0.000617860816419
        dvar2: 0.00178846949711
        max: 0.499431580305
        mean: 0.471447139978
        min: 0.291871517897
        var: 0.000826394418254
    hfc:
        dmean: 3.16353583336
        dmean2: 4.84027099609
        dvar: 20.5707015991
        dvar2: 48.3131713867
        max: 37.6826477051
        mean: 6.89433526993
        min: 0.133532613516
        var: 55.6472930908
    pitch:
        dmean: 689.557189941
        dmean2: 1304.13366699
        dvar: 1461364.5
        dvar2: 3514849.75
        max: 4900
        mean: 1690.58105469
        min: 73.0132446289
        var: 3212450.5
    pitch_instantaneous_confidence:
        dmean: 0.0992497801781
        dmean2: 0.1546767205
        dvar: 0.00755212130025
        dvar2: 0.015785407275
        max: 0.88795030117
        mean: 0.395809859037
        min: 0.126247763634
        var: 0.0244760401547
    pitch_salience:
        dmean: 0.0700381323695
        dmean2: 0.114802710712
        dvar: 0.00411415472627
        dvar2: 0.0115494728088
        max: 0.856234133244
        mean: 0.656128048897
        min: 0.388350963593
        var: 0.008808337152
    silence_rate_20dB:
        dmean: 0
        dmean2: 0
        dvar: 0
        dvar2: 0
        max: 1
        mean: 1
        min: 1
        var: 0
    silence_rate_30dB:
        dmean: 0
        dmean2: 0
        dvar: 0
        dvar2: 0
        max: 1
        mean: 1
        min: 1
        var: 0
    silence_rate_60dB:
        dmean: 0.176334112883
        dmean2: 0.353488385677
        dvar: 0.145240217447
        dvar2: 0.261092334986
        max: 1
        mean: 0.631944417953
        min: 0
        var: 0.232590809464
    spectral_centroid:
        dmean: 358.84552002
        dmean2: 532.660095215
        dvar: 160278.390625
        dvar2: 355413.46875
        max: 4201.14892578
        mean: 1902.53222656
        min: 392.878570557
        var: 801311.1875
    spectral_complexity:
        dmean: 5.91142177582
        dmean2: 9.09579467773
        dvar: 63.4279632568
        dvar2: 151.376586914
        max: 50
        mean: 11.9186048508
        min: 0
        var: 116.251586914
    spectral_crest:
        dmean: 2.40245747566
        dmean2: 3.85408377647
        dvar: 5.57129669189
        dvar2: 13.286242485
        max: 22.3107776642
        mean: 7.84088945389
        min: 3.03617358208
        var: 13.1398792267
    spectral_decrease:
        dmean: 3.33140653952e-10
        dmean2: 5.00844088425e-10
        dvar: 2.38314818681e-19
        dvar2: 5.17386118612e-19
        max: -4.033800724e-11
        mean: -6.88635592994e-10
        min: -3.93112209451e-09
        var: 3.78528343158e-19
    spectral_energy:
        dmean: 0.00152021832764
        dmean2: 0.00228335079737
        dvar: 4.87998613607e-06
        dvar2: 1.06787392724e-05
        max: 0.0174606274813
        mean: 0.00322440383025
        min: 0.000185306751519
        var: 8.51755157782e-06
    spectral_energyband_high:
        dmean: 0.000300277286442
        dmean2: 0.000457261659903
        dvar: 1.8660779233e-07
        dvar2: 4.19504829097e-07
        max: 0.00499212136492
        mean: 0.000726344063878
        min: 1.77143419933e-06
        var: 9.911638017e-07
    spectral_energyband_low:
        dmean: 0.000273444544291
        dmean2: 0.000473075488117
        dvar: 4.08617040648e-07
        dvar2: 1.11547194592e-06
        max: 0.00386315025389
        mean: 0.00024267147819
        min: 8.34319223486e-07
        var: 2.90664075919e-07
    spectral_energyband_middle_high:
        dmean: 0.00081865361426
        dmean2: 0.00131296599284
        dvar: 1.43446425227e-06
        dvar2: 3.59899649993e-06
        max: 0.00891201850027
        mean: 0.00143675401341
        min: 2.32416641666e-05
        var: 1.87372791061e-06
    spectral_energyband_middle_low:
        dmean: 0.000435876369011
        dmean2: 0.000658284989186
        dvar: 4.21794396743e-07
        dvar2: 8.91642912393e-07
        max: 0.00594209320843
        mean: 0.000818636734039
        min: 2.85100959445e-05
        var: 6.67492429329e-07
    spectral_flatness_db:
        dmean: 0.0190095920116
        dmean2: 0.0282097309828
        dvar: 0.000322539068293
        dvar2: 0.000562194094528
        max: 0.258873134851
        mean: 0.139728695154
        min: 0.0798342898488
        var: 0.00107659830246
    spectral_flux:
        dmean: 0.0101638482884
        dmean2: 0.015476424247
        dvar: 0.000156179856276
        dvar2: 0.000297157501336
        max: 0.096052095294
        mean: 0.0346674248576
        min: 0.00748914154246
        var: 0.00035947287688
    spectral_kurtosis:
        dmean: 1.13226473331
        dmean2: 1.8375903368
        dvar: 3.05736231804
        dvar2: 8.24561309814
        max: 18.0020751953
        mean: 2.98309874535
        min: 0.266496181488
        var: 6.7256269455
    spectral_rms:
        dmean: 0.000381475460017
        dmean2: 0.000551726028789
        dvar: 2.07247325079e-07
        dvar2: 4.28820129628e-07
        max: 0.0041273185052
        mean: 0.00162571226247
        min: 0.000425190635724
        var: 5.02818238601e-07
    spectral_rolloff:
        dmean: 559.762878418
        dmean2: 894.835205078
        dvar: 574419.0625
        dvar2: 1011315.1875
        max: 5426.3671875
        mean: 3285.16625977
        min: 430.6640625
        var: 2170595
    spectral_skewness:
        dmean: 0.214908152819
        dmean2: 0.324110150337
        dvar: 0.065718382597
        dvar2: 0.152297437191
        max: 3.43285560608
        mean: 1.29718112946
        min: 0.223982542753
        var: 0.266550809145
    spectral_spread:
        dmean: 700761.375
        dmean2: 1068859
        dvar: 744212201472
        dvar2: 1.54137093734e+12
        max: 11673301
        mean: 5553673
        min: 1907965.75
        var: 2.48478040064e+12
    spectral_strongpeak:
        dmean: 0.443985313177
        dmean2: 0.717896699905
        dvar: 0.318446159363
        dvar2: 0.780056416988
        max: 4.20412397385
        mean: 0.674982845783
        min: 0.0187509655952
        var: 0.54958987236
    zerocrossingrate:
        dmean: 0.0120943505317
        dmean2: 0.0139992972836
        dvar: 0.000140047908644
        dvar2: 0.00015492773673
        max: 0.20068359375
        mean: 0.105237103999
        min: 0.03515625
        var: 0.00169926509261
    barkbands:
        dmean: [7.05843632431e-08, 0.000104776758235, 0.000190612045117, 0.000199714006158, 0.000156903188326, 8.2935555838e-05, 4.00939679821e-05, 4.16038492403e-05, 7.07801955286e-05, 7.26399593987e-05, 6.60619989503e-05, 0.000143111945363, 0.000103836719063, 0.000115226022899, 5.66825874557e-05, 7.36280271667e-05, 8.67325506988e-05, 0.00011988580809, 0.000181187439011, 0.000175058448804, 0.000168792350451, 5.4274143622e-05, 1.09166676339e-05, 3.07926279675e-06, 1.87017076314e-06, 1.44036334859e-07, 5.9297677879e-10]
        dmean2: [1.10164265266e-07, 0.000186034943908, 0.000348461820977, 0.000324534747051, 0.000257499224972, 0.000131004417199, 6.50257788948e-05, 6.67484418955e-05, 0.000100698103779, 0.00011316518794, 0.000100442914118, 0.000212567203562, 0.000158338647452, 0.000196638677153, 8.94551703823e-05, 0.00012274220353, 0.000144186196849, 0.000199459303985, 0.000309646682581, 0.00027498768759, 0.000265646231128, 8.68938514031e-05, 1.66209720192e-05, 4.34553658124e-06, 2.61529612544e-06, 2.02519757408e-07, 8.03555277873e-10]
        dvar: [1.83851618283e-14, 6.54014939983e-08, 2.2842141334e-07, 2.37920218638e-07, 5.86169193184e-08, 1.69011080686e-08, 2.80177969714e-09, 2.64088639845e-09, 8.00442734317e-09, 1.32741613257e-08, 1.49783971892e-08, 9.37350321806e-08, 1.9747387725e-08, 7.32119076474e-08, 7.61968266261e-09, 1.69195892852e-08, 2.6602048564e-08, 5.22265821701e-08, 9.9370780049e-08, 7.00455942138e-08, 6.78962734924e-08, 7.76001218838e-09, 2.43219028251e-10, 2.04698202833e-11, 6.79355920477e-12, 5.52895640241e-14, 3.38735390837e-17]
        dvar2: [5.0712015018e-14, 1.78988557309e-07, 6.49155140309e-07, 5.70085546769e-07, 1.37310067316e-07, 3.61815573058e-08, 6.82901690752e-09, 6.99714686192e-09, 1.51634278467e-08, 3.00145615029e-08, 3.43460477836e-08, 1.89836924847e-07, 4.40066187934e-08, 2.24250939596e-07, 1.83235133733e-08, 4.15840695212e-08, 7.08292091645e-08, 1.31686263671e-07, 2.66608282118e-07, 1.70520053189e-07, 1.69326497712e-07, 1.9663353612e-08, 5.05211927848e-10, 4.21956670993e-11, 1.38959867918e-11, 1.15400256625e-13, 3.42292929215e-17]
        max: [1.21811331155e-06, 0.00157816638239, 0.00256158784032, 0.00425406126305, 0.0016755994875, 0.0020902347751, 0.000403541780543, 0.000378492462914, 0.00108125305269, 0.00128962867893, 0.00157783424947, 0.00396196870133, 0.00160505867098, 0.00309829087928, 0.000571844575461, 0.000789132085629, 0.00131431687623, 0.00201272824779, 0.00228001805954, 0.00297081982717, 0.0028109299019, 0.000852465629578, 0.000132563058287, 3.43046340276e-05, 2.37526110141e-05, 1.91665799321e-06, 1.2092878876e-07]
        mean: [8.48580725687e-08, 0.0001052895459, 0.00013729823695, 0.000170569473994, 0.000230143792578, 0.000146530263009, 6.38712735963e-05, 6.35478863842e-05, 0.000133141482365, 0.000114603477414, 0.000106009625597, 0.000190823848243, 0.000153705099365, 0.000152257576701, 7.28518352844e-05, 7.79769543442e-05, 8.8964618044e-05, 0.000130328262458, 0.000243033908191, 0.000337357516401, 0.000368000939488, 0.000112070643809, 1.6939939087e-05, 5.51605671717e-06, 3.27349857798e-06, 2.16852200197e-07, 6.30532182022e-10]
        min: [5.59857611659e-11, 7.52894919742e-08, 1.36008168283e-07, 1.10509844831e-07, 1.72619309069e-06, 2.47516595664e-06, 9.35662683332e-07, 5.28461384874e-07, 2.65935659627e-06, 4.48491846328e-07, 3.15599777423e-07, 8.04786395747e-07, 8.52013386066e-07, 3.6216101762e-07, 2.90562184091e-07, 4.93128140988e-07, 4.86840747271e-07, 1.03394086182e-06, 1.84974715012e-06, 9.86885879684e-07, 8.80871709796e-07, 2.33101800973e-07, 3.17198249888e-08, 1.04146860025e-08, 4.65452609788e-09, 1.61810329025e-10, 6.43297155996e-13]
        var: [2.16328098149e-14, 4.67237377677e-08, 1.42763667554e-07, 2.19263043277e-07, 8.79906991713e-08, 4.27764419442e-08, 4.11386080756e-09, 4.46287273803e-09, 2.64214339296e-08, 3.18072359562e-08, 3.44821877718e-08, 1.61595210102e-07, 4.11484926133e-08, 1.2526744797e-07, 9.37871114104e-09, 1.75121499524e-08, 2.38182717993e-08, 5.04453403494e-08, 1.1959384949e-07, 2.51328572176e-07, 2.68448303586e-07, 2.85573147352e-08, 4.6279913235e-10, 5.11988021423e-11, 1.71057265574e-11, 9.18022846326e-14, 3.39796795912e-17]
    mfcc:
        mean: [-725.986633301, 95.236579895, -34.4045143127, 39.3536491394, -29.9979228973, 11.715713501, 5.91294813156, -8.46544075012, -2.99707579613, -5.82604312897, 0.149233311415, -3.63489842415, -4.02904033661]
        cov: [[3731.90551758, -1329.64538574, -107.353881836, 304.116271973, 140.79045105, -58.058467865, -143.546112061, 7.15071344376, 123.785987854, -141.503234863, -192.361373901, -113.777900696, -37.1083641052], [-1329.64538574, 1517.92541504, -169.003738403, -222.163970947, 112.19418335, 86.8125762939, 52.1141738892, 89.9719696045, -40.1953086853, 91.3587112427, 101.28830719, 69.9100952148, 26.3019924164], [-107.353881836, -169.003738403, 426.659240723, 23.4071235657, -93.0863800049, -78.1423339844, 50.5612030029, 38.7056617737, 63.0179519653, -1.39689028263, -25.209028244, -9.36076641083, 19.3625888824], [304.116271973, -222.163970947, 23.4071235657, 324.628570557, 25.5887947083, -22.0083580017, -1.43593132496, 34.9383201599, 53.2939949036, -4.9188246727, -13.279458046, -26.5536975861, 2.62306165695], [140.79045105, 112.19418335, -93.0863800049, 25.5887947083, 320.344512939, 83.3642730713, -65.8966827393, -37.2467384338, -43.3713264465, 63.7594795227, 65.2346572876, 26.4574184418, -49.4377632141], [-58.058467865, 86.8125762939, -78.1423339844, -22.0083580017, 83.3642730713, 180.905899048, 37.5097007751, -71.1173324585, -43.5621185303, 37.7919197083, 69.5724563599, 32.5011787415, -0.774477958679], [-143.546112061, 52.1141738892, 50.5612030029, -1.43593132496, -65.8966827393, 37.5097007751, 120.954696655, 52.1147651672, 7.73390626907, -22.3043308258, -6.47832918167, 11.61369133, 35.3768806458], [7.15071344376, 89.9719696045, 38.7056617737, 34.9383201599, -37.2467384338, -71.1173324585, 52.1147651672, 181.851837158, 85.4559020996, -5.08741998672, -34.9584465027, -5.56197118759, 36.2845230103], [123.785987854, -40.1953086853, 63.0179519653, 53.2939949036, -43.3713264465, -43.5621185303, 7.73390626907, 85.4559020996, 115.218154907, 29.0213222504, -14.3681173325, -14.2780075073, 16.2939395905], [-141.503234863, 91.3587112427, -1.39689028263, -4.9188246727, 63.7594795227, 37.7919197083, -22.3043308258, -5.08741998672, 29.0213222504, 95.1703033447, 70.8285827637, 18.6240367889, -13.2012872696], [-192.361373901, 101.28830719, -25.209028244, -13.279458046, 65.2346572876, 69.5724563599, -6.47832918167, -34.9584465027, -14.3681173325, 70.8285827637, 104.753250122, 43.4061851501, -7.65067052841], [-113.777900696, 69.9100952148, -9.36076641083, -26.5536975861, 26.4574184418, 32.5011787415, 11.61369133, -5.56197118759, -14.2780075073, 18.6240367889, 43.4061851501, 59.9216918945, 22.3992214203], [-37.1083641052, 26.3019924164, 19.3625888824, 2.62306165695, -49.4377632141, -0.774477958679, 35.3768806458, 36.2845230103, 16.2939395905, -13.2012872696, -7.65067052841, 22.3992214203, 56.0424346924]]
        icov: [[0.00059615081409, 0.000480276270537, 0.000259951775661, 4.55166955362e-05, -0.000650976609904, -0.000526419607922, 0.000624463544227, -9.8745818832e-05, -0.00130017148331, 0.00134965602774, 0.000257792707998, 0.000232473365031, -0.000196186199901], [0.000480276270537, 0.00136744463816, 0.000541399989743, 0.000649251043797, -0.00073131872341, -0.00034414845868, 9.33026894927e-05, -0.00105807872023, -0.000117742696602, -2.497672358e-05, -0.000113196299935, 0.00041167542804, -0.000716578855645], [0.000259951775661, 0.000541399989743, 0.00355750205927, 0.000284581648884, -0.000785051146522, 0.00282787275501, -0.00340201915242, 0.00208955956623, -0.00241078180261, -0.000748618564103, 1.96575529117e-05, 0.00011651818204, -0.000702511344571], [4.55166955362e-05, 0.000649251043797, 0.000284581648884, 0.00423867674544, -0.00165662844665, 0.000739218550734, -0.00083160912618, 0.000283651606878, -0.00264457170852, 0.002178351162, -0.00262639974244, 0.00311347283423, -0.00200208229944], [-0.000650976609904, -0.00073131872341, -0.000785051146522, -0.00165662844665, 0.00787623040378, -0.00447792233899, 0.00495951483026, -0.00456996029243, 0.0059560504742, -0.0048070140183, 0.00261065852828, -0.00508080236614, 0.00649827858433], [-0.000526419607922, -0.00034414845868, 0.00282787275501, 0.000739218550734, -0.00447792233899, 0.0175785925239, -0.0134643474594, 0.0100058242679, -0.00176317733712, -0.00346901849844, -0.00568075943738, 0.00283031328581, -0.00509606208652], [0.000624463544227, 9.33026894927e-05, -0.00340201915242, -0.00083160912618, 0.00495951483026, -0.0134643474594, 0.0235557258129, -0.0116523765028, 0.00363812153228, 0.00671926699579, 9.90881453617e-05, -0.00149456341751, -0.000416414724896], [-9.8745818832e-05, -0.00105807872023, 0.00208955956623, 0.000283651606878, -0.00456996029243, 0.0100058242679, -0.0116523765028, 0.0185353625566, -0.0116898259148, 0.000812508456875, -1.46359298014e-05, 0.00118187069893, -0.00572646269575], [-0.00130017148331, -0.000117742696602, -0.00241078180261, -0.00264457170852, 0.0059560504742, -0.00176317733712, 0.00363812153228, -0.0116898259148, 0.0288738440722, -0.019822711125, 0.00741509953514, 0.000998326460831, -0.00179822836071], [0.00134965602774, -2.497672358e-05, -0.000748618564103, 0.002178351162, -0.0048070140183, -0.00346901849844, 0.00671926699579, 0.000812508456875, -0.019822711125, 0.0430078245699, -0.0254532136023, 0.00577304325998, 0.00211806851439], [0.000257792707998, -0.000113196299935, 1.96575529117e-05, -0.00262639974244, 0.00261065852828, -0.00568075943738, 9.90881453617e-05, -1.46359298014e-05, 0.00741509953514, -0.0254532136023, 0.0391078740358, -0.0201856009662, 0.00776643818244], [0.000232473365031, 0.00041167542804, 0.00011651818204, 0.00311347283423, -0.00508080236614, 0.00283031328581, -0.00149456341751, 0.00118187069893, 0.000998326460831, 0.00577304325998, -0.0201856009662, 0.0405943058431, -0.022400803864], [-0.000196186199901, -0.000716578855645, -0.000702511344571, -0.00200208229944, 0.00649827858433, -0.00509606208652, -0.000416414724896, -0.00572646269575, -0.00179822836071, 0.00211806851439, 0.00776643818244, -0.022400803864, 0.039054132998]]
    spectral_contrast:
        mean: [2.50170558047e-07, 2.38193322843e-07, 4.32922035998e-07, -4.81784013573e-07, -1.7039305078e-07, -2.23188209247e-07, -3.60940771316e-06, 6.52601556794e-07, 2.83801273326e-06, 3.38942504641e-06, -5.68323343941e-09, -1.79105029474e-06]
        var: [0.000259864580585, 0.00170927389991, 0.00182275439147, 0.00263176765293, 0.00307730352506, 0.00336689059623, 0.0678087174892, 0.124325931072, 0.219122186303, 0.270919919014, 0.532043814659, 1.95750463009]

rhythm:
    beats_loudness:
        dmean: 0.00289455032907
        dmean2: 0.00523885432631
        dvar: 4.08789264839e-06
        dvar2: 9.25686799746e-06
        max: 0.0142566645518
        mean: 0.00575873535126
        min: 0.00199293135665
        var: 9.92397417576e-06
    beats_loudness_bass:
        dmean: 0.149032577872
        dmean2: 0.281728535891
        dvar: 0.0138977365568
        dvar2: 0.0353966243565
        max: 0.615788042545
        mean: 0.304426670074
        min: 0.126253291965
        var: 0.014959207736
    bpm: 133.974441528
    bpm_confidence: 0
    first_peak_bpm: 133
    first_peak_spread: 0.380952358246
    first_peak_weight: 0.619047641754
    onset_rate: 4.98453760147
    second_peak_bpm: 0
    second_peak_spread: 0
    second_peak_weight: 0
    beats_position: [0.297673106194, 0.747741818428, 1.19781053066, 1.6478792429, 2.09794807434, 2.54801678658, 2.99808526039, 3.44815397263, 3.89822268486, 4.34829139709, 4.79836034775, 5.24842882156, 5.69849777222, 6.14474487305, 6.59061050415, 7.03647613525, 7.48234128952, 7.92820692062, 8.37407207489, 8.81993770599, 9.2658033371, 9.7116689682]
    bpm_estimates: [133.427856445, 133.770568848, 133.206924438, 133.027252197, 132.557479858, 134.096893311, 132.769882202, 132.875961304, 133.549789429, 133.864837646, 134.582092285, 134.035293579, 134.79473877, 134.300689697, 136.812179565, 134.694717407, 133.85043335, 134.206604004, 134.83605957, 134.275024414, 133.928283691]
    bpm_intervals: [0.450068712234, 0.450068712234, 0.450068712234, 0.450068831444, 0.450068712234, 0.450068473816, 0.450068712234, 0.450068712234, 0.450068712234, 0.450068950653, 0.450068473816, 0.450068950653, 0.44624710083, 0.445865631104, 0.445865631104, 0.445865154266, 0.445865631104, 0.445865154266, 0.445865631104, 0.445865631104, 0.445865631104]
    onset_times: [0.0580498874187, 0.197369620204, 0.301859408617, 0.522448956966, 0.743038535118, 0.893968224525, 0.986848056316, 1.10294783115, 1.42802715302, 1.64861679077, 1.89242625237, 2.00852608681, 2.12462592125, 2.33360552788, 2.57741498947, 2.79800462723, 3.00698423386, 3.23918366432, 3.44816327095, 3.68036270142, 3.80807256699, 3.9125623703, 4.12154197693, 4.35374164581, 4.57433128357, 4.80653047562, 5.01551008224, 5.25931978226, 5.47990942001, 5.61922883987, 5.92108821869, 6.14167785645, 6.37387752533, 6.58285713196, 6.8382768631, 7.0356464386, 7.25623559952, 7.38394546509, 7.50004529953, 7.69741487503, 7.92961454391, 8.15020370483, 8.38240337372, 8.6146030426, 8.83519268036, 9.07900238037, 9.21832180023, 9.47374153137, 9.72916126251, 9.94975090027]
    rubato_start: []
    rubato_stop: []
    perceptual_tempo: "unknown"

sfx:
    inharmonicity:
        dmean: 0.0598936118186
        dmean2: 0.1053359285
        dvar: 0.00424326071516
        dvar2: 0.0119801266119
        max: 0.405577480793
        mean: 0.0692811980844
        min: 0
        var: 0.00463449209929
    oddtoevenharmonicenergyratio:
        dmean: 10.3921775818
        dmean2: 19.9134101868
        dvar: 2578.68676758
        dvar2: 7858.74755859
        max: 668.45526123
        mean: 6.22995138168
        min: 0
        var: 1338.56811523
    pitch_after_max_to_before_max_energy_ratio: 1.04123651981
    pitch_centroid: 175.060287476
    pitch_max_to_total: 0.300000011921
    pitch_min_to_total: 0.43953487277
    tristimulus:
        dmean: [0.195010095835, 0.255166262388, 0.166962012649]
        dmean2: [0.337061524391, 0.451435089111, 0.294671773911]
        dvar: [0.0409753955901, 0.0469317436218, 0.0247582010925]
        dvar2: [0.123052723706, 0.126595124602, 0.0680864527822]
        max: [1, 0.973454833031, 0.814165472984]
        mean: [0.293937772512, 0.475260853767, 0.196833521128]
        min: [0.00984940771013, 0, 0]
        var: [0.054237421602, 0.0628051012754, 0.0393202155828]

tonal:
    chords_changes_rate: 0.0462962947786
    chords_number_rate: 0.0185185186565
    chords_strength:
        dmean: 0.00947525631636
        dmean2: 0.0106460116804
        dvar: 5.03491792188e-05
        dvar2: 7.31264299247e-05
        max: 0.579979598522
        mean: 0.476769655943
        min: 0.380119621754
        var: 0.00200348463841
    key_strength: 0.622126936913
    tuning_diatonic_strength: 0.59140598774
    tuning_equal_tempered_deviation: 0.106227427721
    tuning_frequency: 438.984558105
    tuning_nontempered_energy_ratio: 0.747687578201
    hpcp:
        dmean: [0.170732647181, 0.153660029173, 0.136844485998, 0.123047426343, 0.137169033289, 0.161098301411, 0.164204746485, 0.158733829856, 0.178649872541, 0.205193400383, 0.156518369913, 0.121938161552, 0.138346999884, 0.148416087031, 0.21019475162, 0.244669646025, 0.215821266174, 0.218867301941, 0.177319213748, 0.108948357403, 0.118400722742, 0.177348092198, 0.130723148584, 0.115062378347, 0.151949554682, 0.154173374176, 0.130643710494, 0.112825281918, 0.109301917255, 0.170702323318, 0.193313717842, 0.169217154384, 0.162586271763, 0.140070647001, 0.143866360188, 0.157426476479]
        dmean2: [0.288506537676, 0.262538433075, 0.230624362826, 0.207488074899, 0.240483209491, 0.277073472738, 0.276346534491, 0.27092269063, 0.30448371172, 0.352566152811, 0.264282345772, 0.199466794729, 0.231189891696, 0.256052434444, 0.353083729744, 0.398031443357, 0.37057608366, 0.364407896996, 0.295408755541, 0.184431955218, 0.186975300312, 0.28273960948, 0.219356119633, 0.196550533175, 0.263800948858, 0.267750889063, 0.222000509501, 0.190716952085, 0.189072266221, 0.287655472755, 0.324277728796, 0.289126306772, 0.286895394325, 0.249447658658, 0.253015726805, 0.270022749901]
        dvar: [0.0278605856001, 0.0200896076858, 0.0218511018902, 0.0198259074241, 0.0335840582848, 0.0422309152782, 0.0393085032701, 0.0261135175824, 0.0307458471507, 0.053147688508, 0.0302123837173, 0.0204484071583, 0.02074390091, 0.0270926058292, 0.0349930152297, 0.0524812564254, 0.0368204899132, 0.0409389771521, 0.033003423363, 0.0244938265532, 0.0191531907767, 0.0389512293041, 0.0219226125628, 0.0183442663401, 0.0401766076684, 0.032089728862, 0.026083573699, 0.0191242210567, 0.0196152161807, 0.0371115580201, 0.0386929176748, 0.0341150537133, 0.0390416122973, 0.0335819125175, 0.0274060573429, 0.0270658712834]
        dvar2: [0.0742436423898, 0.0564935468137, 0.0581583753228, 0.0543119311333, 0.0923824310303, 0.115009501576, 0.0994818285108, 0.0694335699081, 0.0795086398721, 0.126828953624, 0.0760344043374, 0.0548859499395, 0.0574241429567, 0.074447453022, 0.0998055711389, 0.121098726988, 0.0863199755549, 0.102009132504, 0.0808327272534, 0.066098831594, 0.0456106252968, 0.0935744866729, 0.0568589270115, 0.0499944910407, 0.102787844837, 0.0888869911432, 0.0630730763078, 0.0489067621529, 0.0492839552462, 0.0994229540229, 0.0840423703194, 0.0880201458931, 0.101992830634, 0.0906146764755, 0.0699656605721, 0.0668894574046]
        max: [1, 0.891419887543, 1, 1, 1, 1, 1, 1, 1, 1, 1, 1, 1, 0.989614009857, 1, 1, 1, 1, 1, 0.973005414009, 1, 1, 0.998919427395, 0.896002709866, 1, 1, 1, 1, 1, 1, 1, 1, 1, 1, 1, 1]
        mean: [0.303282350302, 0.246133923531, 0.188197821379, 0.157956466079, 0.167943701148, 0.218571692705, 0.238657683134, 0.220099329948, 0.269548684359, 0.316624462605, 0.239873349667, 0.18834887445, 0.199922189116, 0.205511361361, 0.355250179768, 0.535790741444, 0.459097266197, 0.335488766432, 0.237519666553, 0.127565816045, 0.172412514687, 0.257774323225, 0.18600577116, 0.173230618238, 0.246450796723, 0.212322577834, 0.186845749617, 0.167606011033, 0.144891574979, 0.210296466947, 0.273577362299, 0.254091858864, 0.201646998525, 0.161612823606, 0.172982484102, 0.255080133677]
        min: [0.0177235044539, 0.00857515446842, 0.0038228048943, 0.00248388014734, 0.000969903892837, 0.000849352567457, 0.00274567282759, 0.0108607951552, 0.00582104315981, 0.00503399223089, 0.00749152200297, 0.0041920049116, 0.00409998372197, 0.00420086085796, 0.00838248711079, 0.00908251013607, 0.0226141717285, 0.0099086035043, 0.00596074433997, 0.00249035889283, 0.00262329401448, 0.00381217128597, 0.00349968066439, 0.0036713599693, 0.00380969117396, 0.0058321012184, 0.00547773903236, 0.00334765505977, 0.00218743621372, 0.00516863400117, 0.00873639527708, 0.00341473752633, 0.00202299421653, 0.00250416994095, 0.00518966373056, 0.0230796504766]
        var: [0.0576205737889, 0.0328529514372, 0.0382706597447, 0.0287170205265, 0.0385355986655, 0.0545062795281, 0.0689972117543, 0.041702169925, 0.0518585443497, 0.093329437077, 0.0568724162877, 0.0502508580685, 0.0490078255534, 0.0460310466588, 0.0636815652251, 0.116873674095, 0.0771525874734, 0.0790512114763, 0.0494374521077, 0.0244932454079, 0.0338364429772, 0.0748238936067, 0.0316827371716, 0.0336273722351, 0.0847939997911, 0.0464532896876, 0.0395190268755, 0.0349999405444, 0.031293336302, 0.045622125268, 0.0730163753033, 0.0664618164301, 0.0546291135252, 0.0368304774165, 0.034972935915, 0.0474037639797]
    chords_histogram: [41.6666679382, 0, 5.09259271622, 0, 0, 0, 0, 0, 0, 0, 0, 0, 0, 0, 0, 0, 0, 11.5740737915, 0, 41.6666679382, 0, 0, 0, 0]
    thpcp: [1, 0.856859266758, 0.626156330109, 0.443306773901, 0.238088876009, 0.321790754795, 0.481110066175, 0.347161233425, 0.323317676783, 0.459975838661, 0.396278917789, 0.348728954792, 0.312819898129, 0.270425677299, 0.392497390509, 0.510604858398, 0.474237114191, 0.376354008913, 0.301634222269, 0.322854548693, 0.476081639528, 0.56604629755, 0.459384441376, 0.35125246644, 0.294809997082, 0.313450187445, 0.407942265272, 0.445430785418, 0.410793453455, 0.50308573246, 0.590947985649, 0.447699695826, 0.35153439641, 0.373134821653, 0.383566468954, 0.663039028645]
    chords_key: "G"
    chords_scale: "major"
    key_key: "G"
    key_scale: "major"
    chords_progression: ["Gm", "Gm", "Gm", "Gm", "Gm", "Gm", "Gm", "Gm", "Gm", "Gm", "Gm", "Gm", "Gm", "Gm", "Gm", "Gm", "Gm", "Gm", "Dm", "Dm", "Dm", "Dm", "Dm", "Dm", "Dm", "Dm", "Dm", "Dm", "Dm", "Dm", "Dm", "Dm", "Dm", "Dm", "Dm", "Dm", "Dm", "Dm", "Dm", "Dm", "Dm", "Dm", "Dm", "Dm", "Dm", "Dm", "Dm", "Dm", "Dm", "Dm", "Dm", "Dm", "Dm", "Dm", "Dm", "Dm", "Dm", "Dm", "Dm", "Dm", "Dm", "D", "D", "D", "G", "G", "G", "G", "G", "G", "G", "G", "G", "G", "G", "G", "G", "G", "G", "G", "G", "G", "D", "G", "G", "G", "G", "G", "G", "G", "Gm", "Gm", "Gm", "Gm", "Gm", "Gm", "Gm", "Dm", "Dm", "Dm", "Dm", "Dm", "Dm", "Dm", "Dm", "Dm", "Dm", "Dm", "Dm", "Dm", "Dm", "Dm", "Dm", "Dm", "Dm", "Dm", "Dm", "Dm", "Dm", "Dm", "Dm", "Dm", "Dm", "Dm", "Dm", "Dm", "Dm", "Dm", "Dm", "Dm", "Dm", "Dm", "Dm", "Dm", "Dm", "Dm", "Dm", "Dm", "Dm", "Dm", "Dm", "Dm", "Dm", "Dm", "G", "G", "G", "G", "G", "G", "G", "G", "G", "G", "G", "G", "G", "G", "G", "G", "G", "G", "G", "G", "G", "G", "G", "G", "G", "G", "G", "G", "G", "G", "G", "G", "G", "G", "G", "G", "G", "G", "G", "G", "G", "G", "G", "G", "G", "G", "G", "G", "G", "G", "G", "G", "G", "G", "G", "D", "D", "D", "D", "D", "D", "D", "G", "G", "G", "G", "G", "G", "G", "G", "G", "G"]
