
metadata:
    version:
        essentia: "1.2.2"
    audio_properties:
        analysis_sample_rate: 44100
        bitrate: 128
        channels: 2
        equal_loudness: 1
        length: 10.0310201645
        replay_gain: -12.6447868347
        downmix: "mix"
    tags:
        track: 28
        year: 0
        album: "Splitted by Mp3Splt v. 2.1"
        artist: "From 004.30 To 004.40"
        comment: "http://mp3splt.sf.net"
        genre: ""
        title: "09 Home [Navdeep's Pressure Mi"

highlevel:
    ballroom:
        all:
            ChaChaCha: 0.309136003256
            Jive: 0.0930206999183
            Quickstep: 0.00411690538749
            Rumba-American: 0.000758324051276
            Rumba-International: 0.00916524697095
            Rumba-Misc: 0.00180065317545
            Samba: 0.580742955208
            Tango: 0.000456017034594
            VienneseWaltz: 0.000455890491139
            Waltz: 0.000347296328982
        probability: 0.580742955208
        value: "Samba"
    culture:
        all:
            non_western: 0.0136527922004
            western: 0.986347198486
        probability: 0.986347198486
        value: "western"
    gender:
        all:
            female: 0.818941116333
            male: 0.181058898568
        probability: 0.818941116333
        value: "female"
    genre_dortmund:
        all:
            alternative: 0.0223612971604
            blues: 0.00147632614244
            electronic: 0.808752954006
            folkcountry: 0.00554601242766
            funksoulrnb: 0.00405199406669
            jazz: 0.0221258495003
            pop: 0.0590258352458
            raphiphop: 0.0187507811934
            rock: 0.0579089559615
        probability: 0.808752954006
        value: "electronic"
    genre_electronica:
        all:
            ambient: 0.0733554139733
            dnb: 0.100910171866
            house: 0.0239184889942
            techno: 0.0140216117725
            trance: 0.787794291973
        probability: 0.787794291973
        value: "trance"
    genre_rosamerica:
        all:
            cla: 0.00617789058015
            dan: 0.846410632133
            hip: 0.00494870217517
            jaz: 0.00919051654637
            pop: 0.0398529618979
            rhy: 0.0283822193742
            roc: 0.063997194171
            spe: 0.0010399071034
        probability: 0.846410632133
        value: "dan"
    genre_tzanetakis:
        all:
            blu: 0.0084279794246
            cla: 0.00803530681878
            cou: 0.0954953208566
            dis: 0.131620541215
            hip: 0.0810477733612
            jaz: 0.052445333451
            met: 0.0340146161616
            pop: 0.290271967649
            reg: 0.0952767878771
            roc: 0.203364372253
        probability: 0.290271967649
        value: "pop"
    live_studio:
        all:
            live: 0.0257266126573
            studio: 0.974273383617
        probability: 0.974273383617
        value: "studio"
    mood:
        all:
            Cluster1: 0.588398873806
            Cluster2: 0.143273442984
            Cluster3: 0.0593217201531
            Cluster4: 0.0448404997587
            Cluster5: 0.164165481925
        probability: 0.588398873806
        value: "Cluster1"
    mood_acoustic:
        all:
            acoustic: 0.00709805451334
            not_acoustic: 0.992901921272
        probability: 0.992901921272
        value: "not_acoustic"
    mood_aggressive:
        all:
            aggressive: 0.0733246356249
            not_aggressive: 0.926675379276
        probability: 0.926675379276
        value: "not_aggressive"
    mood_electronic:
        all:
            electronic: 0.806136012077
            not_electronic: 0.193863987923
        probability: 0.806136012077
        value: "electronic"
    mood_happy:
        all:
            happy: 0.537734150887
            not_happy: 0.462265849113
        probability: 0.537734150887
        value: "happy"
    mood_party:
        all:
            not_party: 0.424263060093
            party: 0.575736939907
        probability: 0.575736939907
        value: "party"
    mood_relaxed:
        all:
            not_relaxed: 0.489036619663
            relaxed: 0.510963380337
        probability: 0.510963380337
        value: "relaxed"
    mood_sad:
        all:
            not_sad: 0.530436098576
            sad: 0.469563871622
        probability: 0.530436098576
        value: "not_sad"
    rhythm:
        all:
            fast: 0.78678637743
            medium: 0.0839337036014
            slow: 0.129279896617
        probability: 0.78678637743
        value: "fast"
    speech_music:
        all:
            music: 0.999976038933
            speech: 2.39511628024e-05
        probability: 0.999976038933
        value: "music"
    timbre:
        all:
            bright: 0.781613469124
            dark: 0.218386501074
        probability: 0.781613469124
        value: "bright"
    voice_instrumental:
        all:
            instrumental: 0.383499830961
            voice: 0.616500139236
        probability: 0.616500139236
        value: "voice"

lowlevel:
    average_loudness: 0.983173847198
    barkbands_kurtosis:
        dmean: 1.43509149551
        dmean2: 2.30178284645
        dvar: 5.61468219757
        dvar2: 12.3368606567
        max: 24.9072093964
        mean: 0.784148931503
        min: -1.79893052578
        var: 10.9009847641
    barkbands_skewness:
        dmean: 0.488267093897
        dmean2: 0.720395982265
        dvar: 0.242289379239
        dvar2: 0.603583395481
        max: 4.75548315048
        mean: 0.859935700893
        min: -1.2649538517
        var: 0.909269988537
    barkbands_spread:
        dmean: 8.1692943573
        dmean2: 12.2451181412
        dvar: 62.5898246765
        dvar2: 137.621337891
        max: 63.9184112549
        mean: 32.2783622742
        min: 5.59472322464
        var: 167.328964233
    dissonance:
        dmean: 0.0246955752373
        dmean2: 0.0375708527863
        dvar: 0.000577918952331
        dvar2: 0.00129907182418
        max: 0.49892860651
        mean: 0.443743944168
        min: 0.311404615641
        var: 0.00139344320633
    hfc:
        dmean: 2.98785638809
        dmean2: 3.80081796646
        dvar: 26.764749527
        dvar2: 53.4496459961
        max: 39.0802764893
        mean: 5.30605697632
        min: 0.0477045550942
        var: 54.0796203613
    pitch:
        dmean: 849.835021973
        dmean2: 1662.15710449
        dvar: 2344106.5
        dvar2: 5426182.5
        max: 4410
        mean: 1107.39306641
        min: 92.8421020508
        var: 2662539.25
    pitch_instantaneous_confidence:
        dmean: 0.0890430212021
        dmean2: 0.135613575578
        dvar: 0.00661269295961
        dvar2: 0.0136029627174
        max: 0.76152908802
        mean: 0.403840065002
        min: 0.125047922134
        var: 0.01905272156
    pitch_salience:
        dmean: 0.0761576145887
        dmean2: 0.124422952533
        dvar: 0.00589674524963
        dvar2: 0.0141767719761
        max: 0.796316206455
        mean: 0.606911420822
        min: 0.157763034105
        var: 0.0129117444158
    silence_rate_20dB:
        dmean: 0
        dmean2: 0
        dvar: 0
        dvar2: 0
        max: 1
        mean: 1
        min: 1
        var: 0
    silence_rate_30dB:
        dmean: 0
        dmean2: 0
        dvar: 0
        dvar2: 0
        max: 1
        mean: 1
        min: 1
        var: 0
    silence_rate_60dB:
        dmean: 0.236111104488
        dmean2: 0.470997691154
        dvar: 0.180362403393
        dvar2: 0.314124584198
        max: 1
        mean: 0.591224014759
        min: 0
        var: 0.241678774357
    spectral_centroid:
        dmean: 333.393188477
        dmean2: 504.499938965
        dvar: 130111.515625
        dvar2: 275739.5625
        max: 2918.27661133
        mean: 1205.16296387
        min: 228.076278687
        var: 445139.875
    spectral_complexity:
        dmean: 3.93503475189
        dmean2: 5.28139543533
        dvar: 43.8240661621
        dvar2: 77.969619751
        max: 54
        mean: 10.5578699112
        min: 0
        var: 111.630859375
    spectral_crest:
        dmean: 2.34251928329
        dmean2: 3.86580014229
        dvar: 4.05634593964
        dvar2: 10.6395940781
        max: 18.2512264252
        mean: 8.27563858032
        min: 2.9301533699
        var: 10.6250972748
    spectral_decrease:
        dmean: 3.32479793697e-10
        dmean2: 4.7687420679e-10
        dvar: 1.81157956672e-19
        dvar2: 4.27018084256e-19
        max: -8.44051044335e-12
        mean: -8.1520967754e-10
        min: -3.04233149784e-09
        var: 2.96504208889e-19
    spectral_energy:
        dmean: 0.00150802847929
        dmean2: 0.00210099923424
        dvar: 4.0138784243e-06
        dvar2: 9.11267761694e-06
        max: 0.0149565292522
        mean: 0.00355806387961
        min: 3.61832971976e-05
        var: 7.03832438376e-06
    spectral_energyband_high:
        dmean: 0.000265399226919
        dmean2: 0.000360094360076
        dvar: 1.3527704823e-07
        dvar2: 2.15593928488e-07
        max: 0.00291590765119
        mean: 0.000407628976973
        min: 2.94393998956e-06
        var: 3.40109579611e-07
    spectral_energyband_low:
        dmean: 0.000469639227958
        dmean2: 0.000784845731687
        dvar: 5.68143036617e-07
        dvar2: 1.46865545503e-06
        max: 0.00538528803736
        mean: 0.000668692577165
        min: 6.67522681397e-06
        var: 6.0718707573e-07
    spectral_energyband_middle_high:
        dmean: 0.000642658036668
        dmean2: 0.000875181984156
        dvar: 1.951476861e-06
        dvar2: 4.55344888906e-06
        max: 0.0106678819284
        mean: 0.00112983270083
        min: 6.67377662467e-06
        var: 2.8872382245e-06
    spectral_energyband_middle_low:
        dmean: 0.000501156493556
        dmean2: 0.000791638623923
        dvar: 5.09925996539e-07
        dvar2: 1.37792449095e-06
        max: 0.00696110865101
        mean: 0.00135185802355
        min: 1.56248988787e-05
        var: 7.17677039574e-07
    spectral_flatness_db:
        dmean: 0.0210592597723
        dmean2: 0.032915186137
        dvar: 0.000497686734889
        dvar2: 0.00114491337445
        max: 0.263925224543
        mean: 0.130361378193
        min: 0.0548852682114
        var: 0.00123411417007
    spectral_flux:
        dmean: 0.0118883913383
        dmean2: 0.0167132783681
        dvar: 0.000185501310625
        dvar2: 0.000394184637116
        max: 0.104206033051
        mean: 0.0329747013748
        min: 0.00601525558159
        var: 0.000348500296241
    spectral_kurtosis:
        dmean: 1.15796744823
        dmean2: 1.63225853443
        dvar: 2.91246914864
        dvar2: 6.68565893173
        max: 17.2456054688
        mean: 2.33173537254
        min: -0.264035463333
        var: 5.53786373138
    spectral_rms:
        dmean: 0.000362313061487
        dmean2: 0.000493584084325
        dvar: 1.68710855064e-07
        dvar2: 3.75113188511e-07
        max: 0.0038199131377
        mean: 0.00176470144652
        min: 0.000187885016203
        var: 3.57113776772e-07
    spectral_rolloff:
        dmean: 780.590942383
        dmean2: 1337.01135254
        dvar: 931818.75
        dvar2: 2039753.625
        max: 5124.90234375
        mean: 2416.65332031
        min: 129.19921875
        var: 2072360.875
    spectral_skewness:
        dmean: 0.262930870056
        dmean2: 0.364616066217
        dvar: 0.0911833196878
        dvar2: 0.197289630771
        max: 3.53212380409
        mean: 1.38728308678
        min: 0.615578949451
        var: 0.247288614511
    spectral_spread:
        dmean: 974376.5625
        dmean2: 1302453.75
        dvar: 887883825152
        dvar2: 1.71073758822e+12
        max: 16113743
        mean: 7779991
        min: 3373108.75
        var: 3.15886770586e+12
    spectral_strongpeak:
        dmean: 0.182887539268
        dmean2: 0.328899472952
        dvar: 0.100151881576
        dvar2: 0.275330364704
        max: 2.76889157295
        mean: 0.285931318998
        min: 0.0039380597882
        var: 0.1003568694
    zerocrossingrate:
        dmean: 0.0133286053315
        dmean2: 0.0143497912213
        dvar: 0.000123963458464
        dvar2: 0.000142874952871
        max: 0.14892578125
        mean: 0.0779814571142
        min: 0.0224609375
        var: 0.000981092453003
    barkbands:
        dmean: [1.81421205525e-06, 0.000254519458394, 0.000284816982457, 0.000108810294478, 0.000340722413966, 0.000110977700388, 7.4163042882e-05, 2.27378659474e-05, 7.03694095137e-05, 8.56718979776e-05, 3.17861995427e-05, 2.45544270001e-05, 4.90363127028e-05, 3.03976939904e-05, 5.53485442651e-05, 6.84779515723e-05, 9.81600314844e-05, 0.000145405094372, 0.000146967373439, 0.000163386532222, 0.000110259075882, 4.80252892885e-05, 1.43181978274e-05, 7.90499234427e-06, 7.26197004042e-06, 3.02619667991e-07, 1.54199697455e-09]
        dmean2: [2.36940763898e-06, 0.000430424814112, 0.000491764163598, 0.00019022419292, 0.000550904602278, 0.00016205990687, 0.000118876661872, 3.91607427446e-05, 0.000109468186565, 0.000127585386508, 5.12900478498e-05, 3.98548836529e-05, 6.94054469932e-05, 4.9968050007e-05, 8.42664303491e-05, 0.000110237873741, 0.000156620095368, 0.000229318538914, 0.000231075842748, 0.000219914727495, 0.000163898905157, 6.78910364513e-05, 2.17455071834e-05, 1.28070360006e-05, 1.13738269647e-05, 4.46574318858e-07, 1.88267801349e-09]
        dvar: [6.43614371867e-12, 1.20889509958e-07, 3.27472577055e-07, 3.26768123671e-08, 2.92342832608e-07, 1.9486842362e-08, 8.62289883941e-09, 1.64629954114e-09, 6.92463375529e-09, 1.77280465863e-08, 5.42154232619e-09, 3.02218539083e-09, 6.70257627178e-09, 4.54657778093e-09, 1.17988010473e-08, 2.80563892119e-08, 6.95535788964e-08, 1.04064014295e-07, 1.02998903628e-07, 7.92724392795e-08, 2.70914597422e-08, 4.0811767299e-09, 3.57043228316e-10, 9.37990934924e-11, 7.72640215696e-11, 1.08894216886e-13, 3.30677586262e-16]
        dvar2: [8.33844538556e-12, 3.27990761662e-07, 8.7579854835e-07, 8.67552785166e-08, 7.96474978415e-07, 4.05543474358e-08, 2.24481500055e-08, 4.76007144812e-09, 1.63339137771e-08, 4.5221021594e-08, 1.29210482314e-08, 8.03288813245e-09, 1.42316380902e-08, 1.13335794083e-08, 2.93027202503e-08, 7.37044487664e-08, 1.51589958364e-07, 2.55829547768e-07, 2.48061468255e-07, 1.24439083038e-07, 5.01999295466e-08, 7.1599890461e-09, 7.59481921797e-10, 2.30167690463e-10, 1.80933448779e-10, 2.28828539233e-13, 3.32676901655e-16]
        max: [3.61818238162e-05, 0.00245751719922, 0.00427274778485, 0.00100113661028, 0.00487492466345, 0.00134916428942, 0.000993071938865, 0.000490339647513, 0.000905774650164, 0.00107960938476, 0.000660308287479, 0.000432666885899, 0.000999522162601, 0.000480056012748, 0.00120448437519, 0.0011090451153, 0.00224282057025, 0.00248029944487, 0.00247471476905, 0.00227047782391, 0.00125420035329, 0.000486759905471, 0.000115586575703, 5.21753245266e-05, 5.2694191254e-05, 1.94095377992e-06, 3.78841065185e-07]
        mean: [3.32664535563e-06, 0.000347845751094, 0.000317574158544, 9.38021985348e-05, 0.000631629372947, 0.000236326450249, 0.000147049780935, 3.15344004775e-05, 0.000168913175003, 0.00016680911358, 4.11268010794e-05, 3.26208901242e-05, 9.60970137385e-05, 3.88459957321e-05, 8.63192544784e-05, 7.67143937992e-05, 0.000115745555377, 0.000185400960618, 0.000214778483496, 0.000251481949817, 0.00016856660659, 6.75422925269e-05, 1.84380332939e-05, 1.06033130578e-05, 8.54247628013e-06, 4.30404412555e-07, 1.75712433492e-09]
        min: [1.01352988224e-08, 2.58989621216e-06, 7.46457487821e-07, 3.24835184529e-07, 4.77037428936e-06, 1.63546712884e-06, 1.6675628558e-06, 1.76669729512e-07, 1.36962262332e-06, 1.96275379949e-07, 1.37379544185e-07, 2.15335191456e-07, 5.51139805793e-07, 1.64721015494e-07, 4.54112267789e-07, 6.23422735657e-08, 7.31163041223e-08, 6.02710144904e-07, 1.27530734062e-06, 1.0916797919e-06, 8.35421303691e-07, 4.13884919226e-07, 2.03123548204e-07, 2.02282066653e-07, 1.49142437067e-07, 9.54518064589e-09, 1.62333028964e-11]
        var: [1.4628721845e-11, 1.3358980766e-07, 3.21606421494e-07, 2.5070901799e-08, 3.67956232594e-07, 6.24069969035e-08, 2.075083394e-08, 2.39677144798e-09, 2.53609151457e-08, 3.34109380162e-08, 5.72910030527e-09, 2.97710722741e-09, 1.64357452093e-08, 5.04335551099e-09, 1.67275366891e-08, 2.5729141484e-08, 8.33851174775e-08, 1.42759560617e-07, 1.5518153873e-07, 1.87573348853e-07, 5.94387543629e-08, 8.52831405496e-09, 5.47938527884e-10, 1.2029591212e-10, 9.26797041889e-11, 1.75606857072e-13, 3.31000649922e-16]
    mfcc:
        mean: [-715.916015625, 97.3886184692, -4.22793245316, 43.1482086182, -10.0272264481, -0.429578602314, 5.39768314362, -2.89098501205, 4.12020492554, 0.122671067715, -1.13281726837, -6.63492202759, -5.60981035233]
        cov: [[2537.90942383, -1089.28076172, -450.521453857, 306.231628418, -60.9551734924, -31.0837955475, -86.0248184204, -13.8082818985, -71.3031997681, -186.879730225, -95.8913116455, -49.3660392761, -16.2857246399], [-1089.28076172, 1013.79907227, 42.1242752075, -341.754211426, 16.2511329651, 35.0246009827, 111.039505005, 48.4321632385, -8.44058036804, 52.1690864563, 31.4231014252, 46.3558959961, 5.72434329987], [-450.521453857, 42.1242752075, 440.12902832, 126.171928406, -12.6547861099, -19.5752429962, 39.809211731, 36.7107467651, 49.7252388, 25.8383388519, 32.5889816284, 0.484663903713, -6.77220392227], [306.231628418, -341.754211426, 126.171928406, 399.493804932, 1.34734070301, -68.8926696777, -79.7750701904, -49.0410461426, -32.9464645386, -72.1754150391, -45.1842155457, -28.2244567871, 7.05355453491], [-60.9551734924, 16.2511329651, -12.6547861099, 1.34734070301, 188.251052856, 95.7124023438, -20.083650589, -33.4245414734, 11.8593997955, 31.5673904419, 12.3575658798, 8.89381790161, 27.1428909302], [-31.0837955475, 35.0246009827, -19.5752429962, -68.8926696777, 95.7124023438, 142.441131592, 70.7198181152, 6.71362066269, 1.57712757587, 16.8140640259, 19.8249759674, 12.289516449, 3.5336856842], [-86.0248184204, 111.039505005, 39.809211731, -79.7750701904, -20.083650589, 70.7198181152, 139.796112061, 67.4642333984, -3.75866222382, -4.20338821411, 15.6465444565, 11.1423273087, -15.0612802505], [-13.8082818985, 48.4321632385, 36.7107467651, -49.0410461426, -33.4245414734, 6.71362066269, 67.4642333984, 87.3980102539, 41.2830162048, 15.5801467896, 15.9979829788, 10.9925346375, -1.06781852245], [-71.3031997681, -8.44058036804, 49.7252388, -32.9464645386, 11.8593997955, 1.57712757587, -3.75866222382, 41.2830162048, 117.030471802, 91.6622238159, 37.4433784485, 13.0985383987, 23.6362628937], [-186.879730225, 52.1690864563, 25.8383388519, -72.1754150391, 31.5673904419, 16.8140640259, -4.20338821411, 15.5801467896, 91.6622238159, 122.154403687, 59.2543907166, 21.6289615631, 23.923494339], [-95.8913116455, 31.4231014252, 32.5889816284, -45.1842155457, 12.3575658798, 19.8249759674, 15.6465444565, 15.9979829788, 37.4433784485, 59.2543907166, 60.1028594971, 27.5682277679, 5.62719345093], [-49.3660392761, 46.3558959961, 0.484663903713, -28.2244567871, 8.89381790161, 12.289516449, 11.1423273087, 10.9925346375, 13.0985383987, 21.6289615631, 27.5682277679, 40.4260635376, 19.3261394501], [-16.2857246399, 5.72434329987, -6.77220392227, 7.05355453491, 27.1428909302, 3.5336856842, -15.0612802505, -1.06781852245, 23.6362628937, 23.923494339, 5.62719345093, 19.3261394501, 47.1850471497]]
        icov: [[0.00129363860469, 0.00117398879956, 0.00147700821981, -0.00036182734766, -8.66644113557e-05, 0.000155606277985, -0.00033730227733, -0.000770689279307, -0.00111609033775, 0.00238468265161, -0.0010439872276, 6.8875742727e-05, -7.04571939423e-05], [0.00117398879956, 0.00296494574286, 0.000517885840964, 0.00160193280317, -0.00135596527252, 0.00217751413584, -0.00194056064356, -0.00038756991853, 0.00067108363146, 0.000675517891068, 0.00122185179498, -0.0019060523482, -0.000174585700734], [0.00147700821981, 0.000517885840964, 0.00548771489412, -0.00277465535328, -0.000635526783299, 0.00164694257546, -0.00314402231015, 0.000170262021129, -0.0044581387192, 0.00438381824642, -0.00509418081492, 0.00188678037375, 0.000737161841244], [-0.00036182734766, 0.00160193280317, -0.00277465535328, 0.0064735468477, -0.0019191110041, 0.00318380817771, -0.000287647126243, 0.00219014263712, 0.000393200374674, 0.00250651687384, 0.00127830472775, 7.29856765247e-05, -0.00251204427332], [-8.66644113557e-05, -0.00135596527252, -0.000635526783299, -0.0019191110041, 0.0149071943015, -0.0156491659582, 0.010555434972, -0.00223289034329, 0.00230117700994, -0.00318068428896, 0.00071486167144, 0.00171186658554, -0.004080792889], [0.000155606277985, 0.00217751413584, 0.00164694257546, 0.00318380817771, -0.0156491659582, 0.029609169811, -0.0226866565645, 0.0119450036436, -0.00590974558145, 0.00490213278681, -0.00397126469761, -0.00100240041502, 0.000722527154721], [-0.00033730227733, -0.00194056064356, -0.00314402231015, -0.000287647126243, 0.010555434972, -0.0226866565645, 0.033696193248, -0.0235495660454, 0.0130528882146, -0.00591742014512, 0.00241886475123, -0.000249811739195, 0.00183609325904], [-0.000770689279307, -0.00038756991853, 0.000170262021129, 0.00219014263712, -0.00223289034329, 0.0119450036436, -0.0235495660454, 0.0387644208968, -0.023070326075, 0.0139020839706, -0.00547899818048, -0.00200984720141, -0.000787116354331], [-0.00111609033775, 0.00067108363146, -0.0044581387192, 0.000393200374674, 0.00230117700994, -0.00590974558145, 0.0130528882146, -0.023070326075, 0.0413735099137, -0.0336554870009, 0.0126072755083, -0.000161454998306, -0.00350075820461], [0.00238468265161, 0.000675517891068, 0.00438381824642, 0.00250651687384, -0.00318068428896, 0.00490213278681, -0.00591742014512, 0.0139020839706, -0.0336554870009, 0.0527953766286, -0.036334939301, 0.0131490528584, -0.0100775072351], [-0.0010439872276, 0.00122185179498, -0.00509418081492, 0.00127830472775, 0.00071486167144, -0.00397126469761, 0.00241886475123, -0.00547899818048, 0.0126072755083, -0.036334939301, 0.0629168078303, -0.0362746976316, 0.0185646358877], [6.8875742727e-05, -0.0019060523482, 0.00188678037375, 7.29856765247e-05, 0.00171186658554, -0.00100240041502, -0.000249811739195, -0.00200984720141, -0.000161454998306, 0.0131490528584, -0.0362746976316, 0.0580226220191, -0.026544842869], [-7.04571939423e-05, -0.000174585700734, 0.000737161841244, -0.00251204427332, -0.004080792889, 0.000722527154721, 0.00183609325904, -0.000787116354331, -0.00350075820461, -0.0100775072351, 0.0185646358877, -0.026544842869, 0.0400543063879]]
    spectral_contrast:
        mean: [-2.09754546177e-07, 1.79559847879e-07, -2.26143228588e-07, -8.71304024486e-08, -2.33761966228e-07, 7.68116933614e-07, -2.65506264441e-06, -2.02931732929e-06, -6.69172495193e-09, -8.00247548227e-08, 1.02045362382e-06, -2.47379966822e-06]
        var: [0.000168446989846, 0.000369501969544, 0.00156940543093, 0.00236069504172, 0.00334178493358, 0.00438587320969, 0.053133007139, 0.0804491192102, 0.107745364308, 0.176995053887, 0.579191148281, 1.89979326725]

rhythm:
    beats_loudness:
        dmean: 0.00213992944919
        dmean2: 0.00391271151602
        dvar: 1.61334855875e-06
        dvar2: 5.21209449289e-06
        max: 0.0127017265186
        mean: 0.00962510704994
        min: 0.00710753910244
        var: 2.4038599804e-06
    beats_loudness_bass:
        dmean: 0.0242094080895
        dmean2: 0.0282489378005
        dvar: 0.000314367614919
        dvar2: 0.000941293081269
        max: 0.129658788443
        mean: 0.0511085502803
        min: 0.0173260439187
        var: 0.000843351881485
    bpm: 83.3476867676
    bpm_confidence: 0
    first_peak_bpm: 83
    first_peak_spread: 0.0769230723381
    first_peak_weight: 0.923076927662
    onset_rate: 5.38330078125
    second_peak_bpm: 0
    second_peak_spread: 0
    second_peak_weight: 0
    beats_position: [0.222102954984, 0.941664636135, 1.66122627258, 2.38078784943, 3.10034966469, 3.81991124153, 4.53947305679, 5.25903463364, 6.00483894348, 6.72503089905, 7.44522380829, 8.16541481018, 8.88560771942, 9.60579872131]
    bpm_estimates: [83.4287033081, 83.344329834, 83.4514312744, 83.4580535889, 83.391746521, 83.3152313232, 83.3873825073, 83.3606262207, 83.3196563721, 83.4087142944, 83.293510437, 83.3819274902, 83.4723510742, 83.3481903076, 83.0707702637, 83.232749939, 83.3081130981, 83.2849273682]
    bpm_intervals: [0.719561696053, 0.719561636448, 0.719561576843, 0.719561815262, 0.719561576843, 0.719561815262, 0.719561576843, 0.745804309845, 0.720191955566, 0.720192909241, 0.720191001892, 0.720192909241, 0.720191001892]
    onset_times: [0.0348299331963, 0.208979591727, 0.406349211931, 0.568888902664, 0.754648506641, 0.940408170223, 1.30031740665, 1.47446715832, 1.64861679077, 1.8575963974, 2.02013611794, 2.19428563118, 2.38004541397, 2.57741498947, 2.75156474113, 2.92571425438, 3.09986400604, 3.29723358154, 3.45977330208, 3.64553284645, 3.83129262924, 4.13315200806, 4.20281171799, 4.37696123123, 4.53950119019, 4.73687076569, 4.91102027893, 5.0967798233, 5.27092981339, 5.46829938889, 5.64244890213, 5.81659841537, 5.99074840546, 6.18811798096, 6.35065746307, 6.53641700745, 6.72217702866, 6.91954660416, 7.08208608627, 7.25623559952, 7.40716552734, 7.63936519623, 7.80190467834, 7.97605419159, 8.16181373596, 8.34757328033, 8.53333377838, 8.70748329163, 8.87002277374, 9.2067117691, 9.42730140686, 9.61306095123, 9.81043052673, 9.99619007111]
    rubato_start: []
    rubato_stop: []
    perceptual_tempo: "unknown"

sfx:
    inharmonicity:
        dmean: 0.0474589318037
        dmean2: 0.0853894948959
        dvar: 0.00243134144694
        dvar2: 0.00708616711199
        max: 0.294494688511
        mean: 0.0487831495702
        min: 0.000143386394484
        var: 0.00278005003929
    oddtoevenharmonicenergyratio:
        dmean: 1.78668439388
        dmean2: 3.4139778614
        dvar: 29.475402832
        dvar2: 97.7853775024
        max: 61.0741691589
        mean: 1.26971888542
        min: 0.000186322868103
        var: 15.8931884766
    pitch_after_max_to_before_max_energy_ratio: 18.3288021088
    pitch_centroid: 224.875061035
    pitch_max_to_total: 0.0393518507481
    pitch_min_to_total: 0.803240716457
    tristimulus:
        dmean: [0.213254213333, 0.244078993797, 0.118267565966]
        dmean2: [0.377610445023, 0.431801199913, 0.21057100594]
        dvar: [0.0313292294741, 0.0401166975498, 0.0143852103502]
        dvar2: [0.085954092443, 0.115672335029, 0.039126124233]
        max: [0.941152215004, 0.930082798004, 0.659861266613]
        mean: [0.388496994972, 0.444928914309, 0.130637958646]
        min: [0.0250219013542, 0, 0]
        var: [0.0525208711624, 0.0518000647426, 0.0175714474171]

tonal:
    chords_changes_rate: 0.0184331797063
    chords_number_rate: 0.00921658985317
    chords_strength:
        dmean: 0.00345569942147
        dmean2: 0.00419230526313
        dvar: 1.00985071185e-05
        dvar2: 1.21371713249e-05
        max: 0.624262988567
        mean: 0.549229860306
        min: 0.500255227089
        var: 0.000590253446717
    key_strength: 0.710197985172
    tuning_diatonic_strength: 0.608715713024
    tuning_equal_tempered_deviation: 0.0828143656254
    tuning_frequency: 440.254241943
    tuning_nontempered_energy_ratio: 0.654241144657
    hpcp:
        dmean: [0.218304052949, 0.236707344651, 0.184716388583, 0.125976458192, 0.102291956544, 0.106237024069, 0.122644148767, 0.104058168828, 0.0921373441815, 0.100004896522, 0.0775087326765, 0.0837439000607, 0.0939395353198, 0.0843987539411, 0.11480550468, 0.131061658263, 0.125991865993, 0.111604988575, 0.069894015789, 0.0605555698276, 0.129399463534, 0.202999472618, 0.127924606204, 0.039678864181, 0.0364854596555, 0.0574844405055, 0.0805925726891, 0.116836540401, 0.151585027575, 0.168412461877, 0.145388260484, 0.123915337026, 0.134559929371, 0.14498129487, 0.218920648098, 0.283148914576]
        dmean2: [0.380021572113, 0.394753485918, 0.327297538519, 0.216853648424, 0.184079229832, 0.18011187017, 0.203505918384, 0.169477686286, 0.1519934237, 0.167915150523, 0.12372199446, 0.135221868753, 0.152405589819, 0.143837556243, 0.198557138443, 0.217245057225, 0.212266951799, 0.186752229929, 0.116735078394, 0.107098400593, 0.210612595081, 0.321130156517, 0.2049408108, 0.0659334883094, 0.0571554675698, 0.0948197394609, 0.13753888011, 0.201116263866, 0.244483456016, 0.269593924284, 0.253167182207, 0.22138518095, 0.235086381435, 0.258254647255, 0.392274677753, 0.47853821516]
        dvar: [0.0576302856207, 0.032889213413, 0.0517956018448, 0.0279902108014, 0.0246329568326, 0.0257784109563, 0.027949301526, 0.0244705844671, 0.0207880977541, 0.0256173852831, 0.0101113338023, 0.0111453477293, 0.0237827990204, 0.0189245585352, 0.0309860203415, 0.0387101694942, 0.0322265699506, 0.0303018856794, 0.0131831709296, 0.00892319343984, 0.0169340111315, 0.034378297627, 0.0155977476388, 0.00263532064855, 0.00235875230283, 0.0100103849545, 0.0221947580576, 0.0324599668384, 0.0417607873678, 0.0488812066615, 0.0438660830259, 0.0364869460464, 0.0349879860878, 0.0429275929928, 0.0489855110645, 0.0505037270486]
        dvar2: [0.139333620667, 0.0966233536601, 0.143309131265, 0.0808488875628, 0.0655602663755, 0.0649234652519, 0.0695061907172, 0.0615577921271, 0.0525414980948, 0.0704197064042, 0.0241210088134, 0.0281343609095, 0.0632426217198, 0.0436167195439, 0.0863370597363, 0.103859908879, 0.0812202915549, 0.0818874016404, 0.0372504219413, 0.0238503757864, 0.0424840450287, 0.0808660760522, 0.0410596057773, 0.00624392088503, 0.0047962074168, 0.0268688108772, 0.0608710721135, 0.0855497792363, 0.09652415663, 0.110945537686, 0.109358839691, 0.099464468658, 0.102922618389, 0.117324188352, 0.13367511332, 0.139073058963]
        max: [1, 1, 1, 0.993237435818, 0.96833717823, 1, 0.931968748569, 1, 1, 1, 0.659506738186, 0.668151021004, 1, 0.989907205105, 1, 1, 1, 1, 0.774759173393, 0.664520025253, 0.825692534447, 1, 1, 0.444545000792, 0.284040898085, 0.776993393898, 0.996257185936, 1, 1, 1, 1, 1, 1, 1, 1, 1]
        mean: [0.813196837902, 0.447671949863, 0.182414710522, 0.12963347137, 0.0959550365806, 0.10428032279, 0.125650182366, 0.115973003209, 0.0978831648827, 0.0939354151487, 0.0880420580506, 0.10808904469, 0.114117741585, 0.0924046859145, 0.114471830428, 0.141462445259, 0.133382737637, 0.107979938388, 0.06983743608, 0.0635993853211, 0.277536869049, 0.481498539448, 0.269179135561, 0.0440713465214, 0.0423506945372, 0.0572137646377, 0.0730809047818, 0.100517265499, 0.162583097816, 0.210825234652, 0.161576166749, 0.107166454196, 0.117239892483, 0.135577440262, 0.22944021225, 0.626039326191]
        min: [0.0637992173433, 0.0386487618089, 0.00164681405295, 0.00139490526635, 0.00115409365389, 0.00220292271115, 0.00267645902932, 0.00194634217769, 0.0013753491221, 0.00179720367305, 0.00179147406016, 0.00257976585999, 0.00264606066048, 0.00170875992626, 0.0017019509105, 0.00205582589842, 0.00153778039385, 0.00142610061448, 0.000806336174719, 0.000730507890694, 0.0437524281442, 0.0652173608541, 0.0231980159879, 0.00058213272132, 0.000626138120424, 0.000864076893777, 0.00108858756721, 0.000771599006839, 0.00128010415938, 0.00170207174961, 0.00124545139261, 0.000740276067518, 0.00111401872709, 0.00136559037492, 0.00200745346956, 0.0502989441156]
        var: [0.0695709139109, 0.0579302124679, 0.0492056496441, 0.0265646744519, 0.0205929558724, 0.024125834927, 0.0290733613074, 0.0257456470281, 0.0214862674475, 0.0220662709326, 0.0131776416674, 0.0133576411754, 0.0210517384112, 0.0196433719248, 0.0283658187836, 0.0454772226512, 0.0395869649947, 0.0278866924345, 0.0112253399566, 0.0088688256219, 0.0305213145912, 0.072339490056, 0.0271891541779, 0.00328976660967, 0.00355046475306, 0.00814569555223, 0.0150226913393, 0.0274564139545, 0.0534626916051, 0.0733094215393, 0.0454925149679, 0.0283320304006, 0.0316571444273, 0.0433048382401, 0.059052452445, 0.0743348971009]
    chords_histogram: [71.8894042969, 0, 0, 0, 0, 0, 0, 0, 0, 0, 0, 0, 0, 0, 0, 0, 0, 28.1105995178, 0, 0, 0, 0, 0, 0]
    thpcp: [1, 0.550508737564, 0.224318027496, 0.159412175417, 0.117997303605, 0.128235027194, 0.154513865709, 0.142613694072, 0.120368354023, 0.115513749421, 0.108266599476, 0.132918670774, 0.140332251787, 0.113631390035, 0.140767678618, 0.173958435655, 0.164022698998, 0.132784500718, 0.0858801156282, 0.0782090872526, 0.341291129589, 0.592105746269, 0.33101350069, 0.05419517681, 0.0520792677999, 0.0703565999866, 0.0898686498404, 0.123607546091, 0.199930801988, 0.259254872799, 0.198692560196, 0.131784155965, 0.144171610475, 0.16672155261, 0.28214597702, 0.769849658012]
    chords_key: "A"
    chords_scale: "major"
    key_key: "A"
    key_scale: "major"
    chords_progression: ["A", "A", "A", "A", "A", "A", "A", "A", "A", "A", "A", "A", "A", "A", "A", "A", "A", "A", "A", "A", "A", "A", "A", "A", "A", "A", "A", "A", "A", "A", "A", "A", "Am", "Am", "Am", "Am", "Am", "Am", "Am", "Am", "Am", "Am", "Am", "Am", "Am", "Am", "Am", "Am", "Am", "Am", "Am", "Am", "Am", "Am", "Am", "Am", "Am", "Am", "Am", "Am", "Am", "Am", "Am", "Am", "Am", "Am", "Am", "Am", "Am", "Am", "Am", "Am", "Am", "Am", "Am", "Am", "Am", "Am", "Am", "Am", "Am", "Am", "Am", "Am", "Am", "Am", "Am", "Am", "Am", "Am", "A", "A", "A", "A", "A", "A", "A", "A", "A", "A", "A", "A", "A", "A", "A", "A", "A", "A", "A", "A", "A", "A", "A", "A", "A", "A", "A", "A", "A", "A", "A", "A", "A", "A", "A", "A", "A", "A", "A", "A", "A", "A", "A", "A", "A", "A", "A", "A", "A", "A", "A", "A", "A", "A", "A", "A", "A", "A", "A", "Am", "Am", "Am", "A", "A", "A", "A", "A", "A", "A", "A", "A", "A", "A", "A", "A", "A", "A", "A", "A", "A", "A", "A", "A", "A", "A", "A", "A", "A", "A", "A", "A", "A", "A", "A", "A", "A", "A", "A", "A", "A", "A", "A", "A", "A", "A", "A", "A", "A", "A", "A", "A", "A", "A", "A", "A", "A", "A", "A", "A", "A", "A", "A", "A", "A", "A", "A", "A"]
