
metadata:
    version:
        essentia: "1.2.2"
    audio_properties:
        analysis_sample_rate: 44100
        bitrate: 128
        channels: 2
        equal_loudness: 1
        length: 10.0048980713
        replay_gain: -16.7220115662
        downmix: "mix"
    tags:
        track: 20
        year: 0
        album: "Splitted by Mp3Splt v. 2.1"
        artist: "From 003.10 To 003.20"
        comment: "http://mp3splt.sf.net"
        genre: ""
        title: "04 Over Rising.mp3"

highlevel:
    ballroom:
        all:
            ChaChaCha: 0.0279994886369
            Jive: 0.240113884211
            Quickstep: 0.0547003149986
            Rumba-American: 0.00532106263563
            Rumba-International: 0.00966546777636
            Rumba-Misc: 0.0226848162711
            Samba: 0.0177554432303
            Tango: 0.0280815437436
            VienneseWaltz: 0.556142687798
            Waltz: 0.0375352650881
        probability: 0.556142687798
        value: "VienneseWaltz"
    culture:
        all:
            non_western: 0.030580136925
            western: 0.969419836998
        probability: 0.969419836998
        value: "western"
    gender:
        all:
            female: 0.223116919398
            male: 0.776883065701
        probability: 0.776883065701
        value: "male"
    genre_dortmund:
        all:
            alternative: 0.0992380604148
            blues: 0.00891368277371
            electronic: 0.0424260385334
            folkcountry: 0.0566178299487
            funksoulrnb: 0.0199557635933
            jazz: 0.00413825362921
            pop: 0.102916166186
            raphiphop: 0.00309939286672
            rock: 0.662694811821
        probability: 0.662694811821
        value: "rock"
    genre_electronica:
        all:
            ambient: 0.46209949255
            dnb: 0.106497481465
            house: 0.00855634268373
            techno: 0.0123855937272
            trance: 0.410461097956
        probability: 0.46209949255
        value: "ambient"
    genre_rosamerica:
        all:
            cla: 0.0402237735689
            dan: 0.0128708221018
            hip: 0.00235590990633
            jaz: 0.00193882116582
            pop: 0.0180181898177
            rhy: 0.00226139929146
            roc: 0.921175897121
            spe: 0.00115519796964
        probability: 0.921175897121
        value: "roc"
    genre_tzanetakis:
        all:
            blu: 0.01203436777
            cla: 0.211784094572
            cou: 0.166544541717
            dis: 0.0329102501273
            hip: 0.00547903543338
            jaz: 0.0231542382389
            met: 0.0325420275331
            pop: 0.0317418649793
            reg: 0.00808251369745
            roc: 0.475727051497
        probability: 0.475727051497
        value: "roc"
    live_studio:
        all:
            live: 0.467145591974
            studio: 0.532854378223
        probability: 0.532854378223
        value: "studio"
    mood:
        all:
            Cluster1: 0.602857232094
            Cluster2: 0.0725259631872
            Cluster3: 0.0438238196075
            Cluster4: 0.146440520883
            Cluster5: 0.134352460504
        probability: 0.602857232094
        value: "Cluster1"
    mood_acoustic:
        all:
            acoustic: 0.0191033035517
            not_acoustic: 0.980896711349
        probability: 0.980896711349
        value: "not_acoustic"
    mood_aggressive:
        all:
            aggressive: 0.799289345741
            not_aggressive: 0.200710639358
        probability: 0.799289345741
        value: "aggressive"
    mood_electronic:
        all:
            electronic: 0.202972784638
            not_electronic: 0.797027230263
        probability: 0.797027230263
        value: "not_electronic"
    mood_happy:
        all:
            happy: 0.772634863853
            not_happy: 0.227365165949
        probability: 0.772634863853
        value: "happy"
    mood_party:
        all:
            not_party: 0.710651636124
            party: 0.289348334074
        probability: 0.710651636124
        value: "not_party"
    mood_relaxed:
        all:
            not_relaxed: 0.912278652191
            relaxed: 0.0877213552594
        probability: 0.912278652191
        value: "not_relaxed"
    mood_sad:
        all:
            not_sad: 0.902171492577
            sad: 0.0978284999728
        probability: 0.902171492577
        value: "not_sad"
    rhythm:
        all:
            fast: 0.739369869232
            medium: 0.18034350872
            slow: 0.0802866443992
        probability: 0.739369869232
        value: "fast"
    speech_music:
        all:
            music: 0.999928414822
            speech: 7.15658752597e-05
        probability: 0.999928414822
        value: "music"
    timbre:
        all:
            bright: 0.980536699295
            dark: 0.0194632969797
        probability: 0.980536699295
        value: "bright"
    voice_instrumental:
        all:
            instrumental: 0.0985977128148
            voice: 0.901402294636
        probability: 0.901402294636
        value: "voice"

lowlevel:
    average_loudness: 0.981101214886
    barkbands_kurtosis:
        dmean: 0.408217966557
        dmean2: 0.695063173771
        dvar: 0.191306576133
        dvar2: 0.547021508217
        max: 1.69252490997
        mean: -0.942342162132
        min: -1.66159760952
        var: 0.38004052639
    barkbands_skewness:
        dmean: 0.310714840889
        dmean2: 0.50811368227
        dvar: 0.0684318467975
        dvar2: 0.195793554187
        max: 1.21308529377
        mean: -0.27177503705
        min: -1.43897235394
        var: 0.219204679132
    barkbands_spread:
        dmean: 3.86686682701
        dmean2: 6.45745515823
        dvar: 12.4944028854
        dvar2: 34.2828826904
        max: 45.8513832092
        mean: 26.3333435059
        min: 12.5421819687
        var: 30.4154701233
    dissonance:
        dmean: 0.0143298367038
        dmean2: 0.0237519703805
        dvar: 0.000189494719962
        dvar2: 0.000425983918831
        max: 0.499966293573
        mean: 0.471348285675
        min: 0.340288937092
        var: 0.000287971226498
    hfc:
        dmean: 2.50605273247
        dmean2: 3.85056519508
        dvar: 5.69054698944
        dvar2: 12.70266819
        max: 27.0003108978
        mean: 11.4778814316
        min: 0.102618269622
        var: 15.0729293823
    pitch:
        dmean: 177.199691772
        dmean2: 330.713409424
        dvar: 129449.109375
        dvar2: 329444.65625
        max: 3392.30761719
        mean: 303.164215088
        min: 82.8947372437
        var: 99895.046875
    pitch_instantaneous_confidence:
        dmean: 0.07963231951
        dmean2: 0.130660131574
        dvar: 0.00421156780794
        dvar2: 0.0109556335956
        max: 0.776708960533
        mean: 0.381472587585
        min: 0.178359687328
        var: 0.00991081446409
    pitch_salience:
        dmean: 0.0494751036167
        dmean2: 0.0839198380709
        dvar: 0.00146453338675
        dvar2: 0.00396281201392
        max: 0.780146300793
        mean: 0.637100040913
        min: 0.455716371536
        var: 0.00341466465034
    silence_rate_20dB:
        dmean: 0
        dmean2: 0
        dvar: 0
        dvar2: 0
        max: 1
        mean: 1
        min: 1
        var: 0
    silence_rate_30dB:
        dmean: 0
        dmean2: 0
        dvar: 0
        dvar2: 0
        max: 1
        mean: 1
        min: 1
        var: 0
    silence_rate_60dB:
        dmean: 0.0139211136848
        dmean2: 0.0255813952535
        dvar: 0.013727218844
        dvar2: 0.029577979818
        max: 1
        mean: 0.0208333339542
        min: 0
        var: 0.0203992109746
    spectral_centroid:
        dmean: 196.363388062
        dmean2: 298.082733154
        dvar: 27728.6347656
        dvar2: 72266.4453125
        max: 2784.52587891
        mean: 1737.76208496
        min: 927.430480957
        var: 91327.4453125
    spectral_complexity:
        dmean: 3.80232548714
        dmean2: 5.80186462402
        dvar: 10.2283630371
        dvar2: 23.6786956787
        max: 39
        mean: 22.821346283
        min: 0
        var: 32.3509292603
    spectral_crest:
        dmean: 1.63631880283
        dmean2: 2.84042477608
        dvar: 2.27895927429
        dvar2: 6.25866317749
        max: 14.9918899536
        mean: 5.6487622261
        min: 2.90854454041
        var: 3.8495259285
    spectral_decrease:
        dmean: 2.66939415017e-10
        dmean2: 4.2626432939e-10
        dvar: 6.78219536776e-20
        dvar2: 1.60167214653e-19
        max: -1.30529528158e-11
        mean: -1.46358702935e-09
        min: -3.20870929826e-09
        var: 1.49296562139e-19
    spectral_energy:
        dmean: 0.00119194143917
        dmean2: 0.00188266672194
        dvar: 1.34828405862e-06
        dvar2: 3.14558451464e-06
        max: 0.014559417963
        mean: 0.006564991083
        min: 5.85723864788e-05
        var: 3.04826880893e-06
    spectral_energyband_high:
        dmean: 0.00015417940449
        dmean2: 0.000235503684962
        dvar: 4.42815419888e-08
        dvar2: 1.00938606806e-07
        max: 0.00180771539453
        mean: 0.000350660964614
        min: 7.50860272092e-06
        var: 6.63399504219e-08
    spectral_energyband_low:
        dmean: 7.05841521267e-05
        dmean2: 0.00011501172412
        dvar: 1.8675095248e-08
        dvar2: 4.96743624012e-08
        max: 0.00138352671638
        mean: 0.000135237409268
        min: 1.244611326e-06
        var: 2.27338947667e-08
    spectral_energyband_middle_high:
        dmean: 0.000911844836082
        dmean2: 0.00146049284376
        dvar: 6.15469105014e-07
        dvar2: 1.65002211361e-06
        max: 0.0091957859695
        mean: 0.00394699536264
        min: 2.189337647e-05
        var: 1.91690742213e-06
    spectral_energyband_middle_low:
        dmean: 0.00070874451194
        dmean2: 0.00114833645057
        dvar: 6.57672501347e-07
        dvar2: 1.86971726635e-06
        max: 0.00696771964431
        mean: 0.00213210028596
        min: 2.79253854387e-05
        var: 1.21109962947e-06
    spectral_flatness_db:
        dmean: 0.0146341538057
        dmean2: 0.0212347991765
        dvar: 0.000131055014208
        dvar2: 0.000274900870863
        max: 0.203446432948
        mean: 0.148186892271
        min: 0.0842548981309
        var: 0.000484667747514
    spectral_flux:
        dmean: 0.00662881555036
        dmean2: 0.0101494211704
        dvar: 3.88316766475e-05
        dvar2: 7.93461877038e-05
        max: 0.0813443362713
        mean: 0.047188423574
        min: 0.00765325967222
        var: 9.058474825e-05
    spectral_kurtosis:
        dmean: 1.41889262199
        dmean2: 2.36849594116
        dvar: 1.8117903471
        dvar2: 5.18984127045
        max: 14.9175243378
        mean: 5.09213685989
        min: 0.580071926117
        var: 3.55866765976
    spectral_rms:
        dmean: 0.000230745383305
        dmean2: 0.000358123361366
        dvar: 5.10417770272e-08
        dvar2: 1.05375498549e-07
        max: 0.0037688605953
        mean: 0.00250641349703
        min: 0.000239047672949
        var: 1.22759772125e-07
    spectral_rolloff:
        dmean: 286.792114258
        dmean2: 447.629394531
        dvar: 77131.71875
        dvar2: 179807.640625
        max: 5232.56835938
        mean: 3084.84521484
        min: 1765.72265625
        var: 182899.09375
    spectral_skewness:
        dmean: 0.21736048162
        dmean2: 0.34072291851
        dvar: 0.0380731746554
        dvar2: 0.0937829092145
        max: 3.0389316082
        mean: 1.57687187195
        min: 0.578725397587
        var: 0.0838064774871
    spectral_spread:
        dmean: 580381.1875
        dmean2: 821580.625
        dvar: 288142163968
        dvar2: 563289980928
        max: 8268155.5
        mean: 4001700.5
        min: 2128128.75
        var: 1.35526350848e+12
    spectral_strongpeak:
        dmean: 0.757440567017
        dmean2: 1.33002746105
        dvar: 0.683998227119
        dvar2: 1.81920969486
        max: 5.35173559189
        mean: 1.06786644459
        min: 0.0196315720677
        var: 0.893424391747
    zerocrossingrate:
        dmean: 0.00615007290617
        dmean2: 0.00714666210115
        dvar: 3.47844652424e-05
        dvar2: 3.77952928829e-05
        max: 0.14892578125
        mean: 0.0953496620059
        min: 0.03271484375
        var: 0.000169640072272
    barkbands:
        dmean: [1.92672843013e-07, 3.07715963572e-05, 4.8938440159e-05, 4.91062564834e-05, 0.000220711706788, 0.000254357728409, 0.000346713175531, 0.000186882651178, 0.000112892157631, 9.18958685361e-05, 5.65900481888e-05, 0.000160012918059, 8.49210409797e-05, 0.000323294283589, 0.000342817598721, 0.000210739046452, 0.000365418585716, 0.000216750486288, 0.000247558346018, 0.000129512700369, 7.36071888241e-05, 2.22760754696e-05, 5.8114778767e-06, 2.17901128963e-06, 1.18470063626e-06, 9.40764195434e-08, 1.02142028169e-09]
        dmean2: [2.84708249865e-07, 4.93286243e-05, 8.65718830028e-05, 7.69546386437e-05, 0.000342057232046, 0.000411456276197, 0.000598762300797, 0.000299427949358, 0.000171938008862, 0.000145760888699, 9.36336509767e-05, 0.000270324002486, 0.000132862376631, 0.000546688504983, 0.000555768900085, 0.000352677947376, 0.000587387185078, 0.000349880894646, 0.000406987936003, 0.000210483223782, 0.000114248367026, 3.12761985697e-05, 8.31235865917e-06, 3.35907202498e-06, 1.69743975675e-06, 1.42202537745e-07, 1.6471406461e-09]
        dvar: [5.06918292065e-13, 4.3056918031e-09, 9.21414855526e-09, 5.19697573864e-09, 7.16392207778e-08, 1.37108742138e-07, 3.2940414485e-07, 4.86815103784e-08, 4.04878655047e-08, 2.82552932163e-08, 5.32864463665e-09, 4.80587623031e-08, 8.79060557679e-09, 1.29135429461e-07, 1.32615795678e-07, 6.07731678315e-08, 1.59128589416e-07, 4.46808599008e-08, 5.52371872686e-08, 2.3629318946e-08, 8.32846325238e-09, 2.36848585189e-09, 1.5042259105e-10, 2.47135437115e-11, 4.9648340994e-12, 2.09010089238e-14, 4.850254999e-18]
        dvar2: [1.08421485765e-12, 1.09888862454e-08, 2.59412082926e-08, 1.37496369845e-08, 1.86001884117e-07, 3.6270321857e-07, 9.66271045399e-07, 1.18061763033e-07, 8.00893289465e-08, 7.9422434851e-08, 1.40836498019e-08, 1.38864791666e-07, 1.97823020187e-08, 3.88346450109e-07, 3.49549736711e-07, 1.62107781421e-07, 4.10352924973e-07, 1.15333939732e-07, 1.60708694352e-07, 6.21580014126e-08, 1.88489597264e-08, 4.76106887248e-09, 3.04579861332e-10, 6.32140242929e-11, 1.10486472402e-11, 4.34285379468e-14, 1.05595552621e-17]
        max: [8.01207170298e-06, 0.00067867123289, 0.000860238447785, 0.000720235228073, 0.00273327366449, 0.00368577754125, 0.00539345294237, 0.00256601534784, 0.00234167883173, 0.00241202255711, 0.00057207676582, 0.00163389299996, 0.000914479838684, 0.00327305775136, 0.0029475656338, 0.00248988787644, 0.00394555227831, 0.00175941351335, 0.00230555329472, 0.00153628760017, 0.00084472715389, 0.000608256901614, 0.000142842036439, 7.62233976275e-05, 3.20637809637e-05, 1.38821064866e-06, 2.12060200511e-08]
        mean: [1.65831480103e-07, 5.77917635383e-05, 7.72851562942e-05, 0.000102470417914, 0.000417051691329, 0.000486920616822, 0.000527880270965, 0.000349110254319, 0.000210824291571, 0.000154531488079, 8.37503393996e-05, 0.000214696599869, 0.000154190260218, 0.000519697263371, 0.00058173679281, 0.000402257050155, 0.000738925067708, 0.00041891192086, 0.000560494430829, 0.000292964396067, 0.000162129770615, 3.54668009095e-05, 1.01720752355e-05, 3.55064230462e-06, 1.90317075521e-06, 1.20095904776e-07, 1.05703201747e-09]
        min: [5.50667809962e-11, 1.54322606249e-07, 6.87003421262e-07, 7.26411599317e-07, 2.71818498732e-06, 1.12124860152e-06, 2.65533162747e-06, 7.33233082428e-06, 5.00086059674e-07, 8.2701978954e-07, 4.74972495113e-07, 6.95139760865e-07, 9.73771307144e-07, 1.77636036369e-06, 6.10456481809e-06, 9.62643525781e-07, 3.37312371812e-06, 2.17624256038e-06, 3.51076141669e-06, 3.94648714064e-06, 1.49058359966e-06, 1.80642643954e-06, 2.81622845932e-07, 7.20872534998e-08, 1.24215970843e-08, 3.72720965203e-10, 1.26446344714e-11]
        var: [5.38364546086e-13, 4.31566160586e-09, 1.06239657072e-08, 1.5310206436e-08, 1.44169888472e-07, 2.92868207907e-07, 5.18700630892e-07, 1.1082357787e-07, 9.88159953863e-08, 3.79608486867e-08, 8.64565308234e-09, 6.25423979272e-08, 1.95910629941e-08, 1.70363250618e-07, 2.04629301948e-07, 8.37528162378e-08, 3.24456891576e-07, 7.8491005695e-08, 1.01415309928e-07, 3.23999742591e-08, 1.25550174701e-08, 4.03654043524e-09, 3.08234465729e-10, 3.63298592598e-11, 9.87046815809e-12, 3.28829269315e-14, 4.88144632553e-18]
    mfcc:
        mean: [-674.579772949, 113.881454468, -73.3912124634, 45.8241691589, -8.99184036255, -7.18804359436, -11.2719430923, -17.0114536285, -5.5337061882, -0.485082060099, -0.13106328249, -0.74720031023, -4.12204027176]
        cov: [[502.200805664, -263.124206543, 116.860275269, -57.8127441406, -25.5063095093, -16.1016864777, -22.6927318573, 26.1518363953, 9.6525888443, -26.8745918274, 10.1810340881, -19.2709712982, 22.0909023285], [-263.124206543, 492.053161621, -252.741592407, 149.741882324, 11.0322084427, -1.7396607399, 60.4410247803, -16.8605651855, 34.4295806885, 12.0182056427, -54.7779884338, 28.4438610077, -5.47079944611], [116.860275269, -252.741592407, 330.821502686, -78.7945480347, 30.9979972839, 8.54518890381, -63.625328064, -13.7080612183, -44.3193855286, 12.8897848129, 63.4322738647, -5.39592504501, 11.6269636154], [-57.8127441406, 149.741882324, -78.7945480347, 161.730010986, 27.7797393799, 22.5327396393, 1.55587089062, -13.4567680359, 14.6964654922, -8.08273887634, -25.4579582214, 13.4787416458, 15.43475914], [-25.5063095093, 11.0322084427, 30.9979972839, 27.7797393799, 100.634628296, 27.7996578217, 11.5112199783, -13.8341569901, -1.04371726513, -1.30537879467, -2.49526882172, 8.55807971954, 13.8940505981], [-16.1016864777, -1.7396607399, 8.54518890381, 22.5327396393, 27.7996578217, 84.5989608765, 25.6770915985, 1.39442253113, -12.8247051239, -11.4955472946, 0.830534875393, 0.767938673496, 9.53944396973], [-22.6927318573, 60.4410247803, -63.625328064, 1.55587089062, 11.5112199783, 25.6770915985, 82.8637237549, 25.0110359192, 14.2432813644, -7.06648540497, -12.5327138901, 4.98486852646, -4.38849163055], [26.1518363953, -16.8605651855, -13.7080612183, -13.4567680359, -13.8341569901, 1.39442253113, 25.0110359192, 59.1056976318, 20.3143844604, 6.96418571472, 4.79730701447, 2.67411780357, 2.6825928688], [9.6525888443, 34.4295806885, -44.3193855286, 14.6964654922, -1.04371726513, -12.8247051239, 14.2432813644, 20.3143844604, 74.712562561, 18.7228488922, -6.69962310791, 1.47789907455, 8.11441421509], [-26.8745918274, 12.0182056427, 12.8897848129, -8.08273887634, -1.30537879467, -11.4955472946, -7.06648540497, 6.96418571472, 18.7228488922, 57.120300293, 28.4242916107, 5.79655456543, -9.50020313263], [10.1810340881, -54.7779884338, 63.4322738647, -25.4579582214, -2.49526882172, 0.830534875393, -12.5327138901, 4.79730701447, -6.69962310791, 28.4242916107, 71.8935775757, 15.9575271606, -1.31022310257], [-19.2709712982, 28.4438610077, -5.39592504501, 13.4787416458, 8.55807971954, 0.767938673496, 4.98486852646, 2.67411780357, 1.47789907455, 5.79655456543, 15.9575271606, 53.4666061401, 24.7296276093], [22.0909023285, -5.47079944611, 11.6269636154, 15.43475914, 13.8940505981, 9.53944396973, -4.38849163055, 2.6825928688, 8.11441421509, -9.50020313263, -1.31022310257, 24.7296276093, 61.9682235718]]
        icov: [[0.00314952339977, 0.00183541909792, -0.000347260705894, -0.000819485227112, 0.000776645669248, 0.000995812937617, -0.000786763208453, -0.000421880977228, -0.00107987492811, 0.00131475913804, 0.000109697408334, 0.00057588040363, -0.000940873054788], [0.00183541909792, 0.00614946102723, 0.00228273123503, -0.00377586204559, 0.000498013047036, 0.00176053051837, -0.00337412441149, 0.00228576851077, 0.000199307352887, -0.00258764182217, 0.00170812930446, -0.00152119714767, -9.94385191007e-05], [-0.000347260705894, 0.00228273123503, 0.00703731831163, 0.00106259947643, -0.00287334737368, -0.000670827866998, 0.00300173903815, 0.000386181491194, 0.00235467939638, -0.00151805509813, -0.00303403404541, 0.00086389190983, -0.00126633781474], [-0.000819485227112, -0.00377586204559, 0.00106259947643, 0.0113408807665, -0.0025993946474, -0.00412349076942, 0.00547723751515, -0.000286717695417, -0.00184265780263, 0.00197871541604, 0.000552858226001, -0.00119674974121, -0.00041351292748], [0.000776645669248, 0.000498013047036, -0.00287334737368, -0.0025993946474, 0.0137820784003, -0.00230945087969, -0.00442387303337, 0.00427593104541, -0.00128341384698, -0.0014418734936, 0.00200619618408, -0.00115496560466, -0.00182898866478], [0.000995812937617, 0.00176053051837, -0.000670827866998, -0.00412349076942, -0.00230945087969, 0.0174386873841, -0.00781814474612, 9.68095482676e-05, 0.0037318454124, 0.00111128157005, -0.00219638412818, 0.00325872912072, -0.00343641755171], [-0.000786763208453, -0.00337412441149, 0.00300173903815, 0.00547723751515, -0.00442387303337, -0.00781814474612, 0.0236650146544, -0.00926771946251, -0.00263143726625, 0.00467396015301, 0.000198103138246, -0.00312883895822, 0.00464161159471], [-0.000421880977228, 0.00228576851077, 0.000386181491194, -0.000286717695417, 0.00427593104541, 9.68095482676e-05, -0.00926771946251, 0.0248746052384, -0.00468401331455, -0.00317797414027, -0.000832331774291, -0.000687880499754, -0.0019725614693], [-0.00107987492811, 0.000199307352887, 0.00235467939638, -0.00184265780263, -0.00128341384698, 0.0037318454124, -0.00263143726625, -0.00468401331455, 0.0206472203135, -0.00941120460629, 0.0022248714231, 0.00300567294471, -0.00514948135242], [0.00131475913804, -0.00258764182217, -0.00151805509813, 0.00197871541604, -0.0014418734936, 0.00111128157005, 0.00467396015301, -0.00317797414027, -0.00941120460629, 0.0304405074567, -0.0117183355615, -0.00108964415267, 0.00580181647092], [0.000109697408334, 0.00170812930446, -0.00303403404541, 0.000552858226001, 0.00200619618408, -0.00219638412818, 0.000198103138246, -0.000832331774291, 0.0022248714231, -0.0117183355615, 0.0251489859074, -0.00905196461827, 0.00253787427209], [0.00057588040363, -0.00152119714767, 0.00086389190983, -0.00119674974121, -0.00115496560466, 0.00325872912072, -0.00312883895822, -0.000687880499754, 0.00300567294471, -0.00108964415267, -0.00905196461827, 0.029374781996, -0.0131126930937], [-0.000940873054788, -9.94385191007e-05, -0.00126633781474, -0.00041351292748, -0.00182898866478, -0.00343641755171, 0.00464161159471, -0.0019725614693, -0.00514948135242, 0.00580181647092, 0.00253787427209, -0.0131126930937, 0.0250080153346]]
    spectral_contrast:
        mean: [3.65268597591e-08, 1.28293464741e-07, 2.13352819856e-07, 4.32168256737e-08, -3.50790969605e-07, 8.83006165964e-08, 1.09487234567e-06, -4.27576878792e-06, 4.54986732734e-08, -1.49606273681e-06, 2.84657130578e-06, 4.78911545088e-07]
        var: [0.000486574310344, 0.000574075616896, 0.000955323805101, 0.00187109876424, 0.00258637033403, 0.00328152999282, 0.0445008017123, 0.0613633058965, 0.11145927757, 0.210451021791, 0.238715022802, 0.586318850517]

rhythm:
    beats_loudness:
        dmean: 0.0015476589324
        dmean2: 0.00282705039717
        dvar: 1.55102691224e-06
        dvar2: 2.9980187719e-06
        max: 0.0101900091395
        mean: 0.00711277499795
        min: 0.00542545784265
        var: 1.74508750206e-06
    beats_loudness_bass:
        dmean: 0.0535849221051
        dmean2: 0.107004679739
        dvar: 0.0069667273201
        dvar2: 0.0199020318687
        max: 0.279720187187
        mean: 0.0459789447486
        min: 0.00487232813612
        var: 0.00411831634119
    bpm: 101.080039978
    bpm_confidence: 0
    first_peak_bpm: 101
    first_peak_spread: 0
    first_peak_weight: 0.933333337307
    onset_rate: 3.89809083939
    second_peak_bpm: 72
    second_peak_spread: 0
    second_peak_weight: 0.0666666701436
    beats_position: [0.477514564991, 1.06989514828, 1.66227567196, 2.25465631485, 2.84703683853, 3.43941736221, 4.03179788589, 4.62417840958, 5.2165594101, 5.80893993378, 6.63704776764, 7.23339891434, 7.82975053787, 8.42610168457, 9.02245330811, 9.61880397797]
    bpm_estimates: [101.459365845, 101.227668762, 101.264190674, 101.002861023, 101.826591492, 101.725021362, 101.679840088, 100.507873535, 100.897712708, 100.900894165, 100.771202087, 100.439476013, 100.337898254]
    bpm_intervals: [0.592380583286, 0.592380523682, 0.592380642891, 0.592380523682, 0.592380523682, 0.592380523682, 0.592380523682, 0.592381000519, 0.592380523682, 0.828107833862, 0.596351146698, 0.596351623535, 0.596351146698, 0.596351623535, 0.596350669861]
    onset_times: [0.0348299331963, 0.371519267559, 0.46439909935, 0.731428563595, 0.777868509293, 0.952018141747, 1.10294783115, 1.26548755169, 1.54412698746, 1.66022670269, 2.14784574509, 2.27555561066, 2.85605430603, 3.16952371597, 3.32045340538, 3.62231302261, 3.93578219414, 4.051882267, 4.33052158356, 4.60916090012, 5.0967798233, 5.27092981339, 5.5727891922, 5.73532867432, 6.025578022, 6.46675729752, 6.7570066452, 6.93115663528, 7.25623559952, 7.39555549622, 7.66258525848, 8.45206356049, 8.57977294922, 8.87002277374, 9.02095222473, 9.05578231812, 9.35764217377, 9.46213150024, 9.54340171814]
    rubato_start: []
    rubato_stop: []
    perceptual_tempo: "unknown"

sfx:
    inharmonicity:
        dmean: 0.073328986764
        dmean2: 0.128173977137
        dvar: 0.00395051203668
        dvar2: 0.011614818126
        max: 0.347266018391
        mean: 0.0855774953961
        min: 7.6396172517e-05
        var: 0.00531027885154
    oddtoevenharmonicenergyratio:
        dmean: 1.71563959122
        dmean2: 3.16891336441
        dvar: 11.5030126572
        dvar2: 34.2889518738
        max: 39.0087165833
        mean: 1.35509133339
        min: 0.005804319866
        var: 7.19117975235
    pitch_after_max_to_before_max_energy_ratio: 0.169264093041
    pitch_centroid: 224.44670105
    pitch_max_to_total: 0.946635723114
    pitch_min_to_total: 0.953596293926
    tristimulus:
        dmean: [0.169276893139, 0.17772577703, 0.149413496256]
        dmean2: [0.298704713583, 0.307729721069, 0.256044209003]
        dvar: [0.0230120364577, 0.025136584416, 0.0137343406677]
        dvar2: [0.0665762871504, 0.0686023309827, 0.0402541868389]
        max: [0.928959369659, 0.97272002697, 0.571506440639]
        mean: [0.269294649363, 0.501363992691, 0.204779550433]
        min: [0.00589639227837, 0, 0]
        var: [0.031049542129, 0.0340301282704, 0.0216801986098]

tonal:
    chords_changes_rate: 0.0414746552706
    chords_number_rate: 0.0184331797063
    chords_strength:
        dmean: 0.00603460287675
        dmean2: 0.00656113494188
        dvar: 3.22473533743e-05
        dvar2: 3.52817405656e-05
        max: 0.713616788387
        mean: 0.557631969452
        min: 0.347098112106
        var: 0.0106928180903
    key_strength: 0.868534207344
    tuning_diatonic_strength: 0.688217878342
    tuning_equal_tempered_deviation: 0.0587036237121
    tuning_frequency: 439.491973877
    tuning_nontempered_energy_ratio: 0.70323997736
    hpcp:
        dmean: [0.226097926497, 0.154346823692, 0.0758313685656, 0.0869475081563, 0.102317236364, 0.125059247017, 0.13838711381, 0.107182793319, 0.116638533771, 0.146239623427, 0.12977874279, 0.0988633111119, 0.0820741057396, 0.0856563970447, 0.156882792711, 0.207796514034, 0.184995785356, 0.0853210315108, 0.0700392127037, 0.0647266954184, 0.0873826667666, 0.132208794355, 0.108758680522, 0.0810636878014, 0.076343216002, 0.0532190650702, 0.101854972541, 0.159269690514, 0.140615150332, 0.152603074908, 0.180003032088, 0.170813024044, 0.122155494988, 0.108369827271, 0.119347371161, 0.177366867661]
        dmean2: [0.407526224852, 0.270454794168, 0.123135812581, 0.146003976464, 0.169963762164, 0.209682002664, 0.227203816175, 0.181794926524, 0.201586306095, 0.243248954415, 0.207496538758, 0.166625708342, 0.140549764037, 0.146525919437, 0.253249257803, 0.350619107485, 0.291097283363, 0.134681642056, 0.115317173302, 0.107283510268, 0.137808024883, 0.21617397666, 0.185042783618, 0.136981919408, 0.127830713987, 0.090538457036, 0.167025521398, 0.258922338486, 0.238681420684, 0.257322669029, 0.297687202692, 0.282469451427, 0.205538704991, 0.174473896623, 0.19731105864, 0.302228093147]
        dvar: [0.0394071526825, 0.0259019732475, 0.00698604015633, 0.0138247292489, 0.019928323105, 0.0281007960439, 0.0303891859949, 0.0159029625356, 0.0177168194205, 0.0313847698271, 0.0315413959324, 0.0184610337019, 0.0162035953254, 0.0128301661462, 0.0215191859752, 0.0429640002549, 0.0257156006992, 0.00615462986752, 0.00840234570205, 0.00659263413399, 0.0127012385055, 0.0287521835417, 0.0194583851844, 0.0156913436949, 0.0125391958281, 0.00655828695744, 0.0143470959738, 0.0282130688429, 0.0217624139041, 0.0244810730219, 0.0368360430002, 0.0255459994078, 0.0174521431327, 0.0149336038157, 0.0199712365866, 0.0303329136223]
        dvar2: [0.0972968935966, 0.0659341812134, 0.018081035465, 0.0357406958938, 0.0523019842803, 0.0687656477094, 0.0847090780735, 0.0424151457846, 0.0457167066634, 0.0720638483763, 0.0668816864491, 0.0459630936384, 0.0445886068046, 0.0292389187962, 0.0568480826914, 0.102259762585, 0.0689314678311, 0.0143011845648, 0.0183385480195, 0.0164558608085, 0.0291176158935, 0.0776521191001, 0.0517383888364, 0.0427324920893, 0.0315965339541, 0.0148023236543, 0.0373363904655, 0.0632542744279, 0.0587737597525, 0.06495693326, 0.0836119875312, 0.0592867136002, 0.0424982570112, 0.0414147004485, 0.0509802661836, 0.0726945027709]
        max: [1, 1, 0.736666977406, 0.704849660397, 1, 1, 1, 0.842414498329, 0.994367182255, 1, 1, 1, 1, 0.772131085396, 1, 1, 1, 0.582386136055, 0.678415775299, 0.662277340889, 0.876584231853, 1, 1, 1, 1, 0.617718756199, 0.872442603111, 1, 1, 1, 1, 1, 0.917396783829, 1, 1, 1]
        mean: [0.39804533124, 0.270710200071, 0.13053868711, 0.11985886097, 0.134293779731, 0.220972597599, 0.276814997196, 0.199052944779, 0.206484436989, 0.266533881426, 0.208695545793, 0.146662905812, 0.124289989471, 0.126984849572, 0.319103866816, 0.644371330738, 0.503630459309, 0.168355986476, 0.11223205924, 0.097439467907, 0.161948680878, 0.264381557703, 0.204118654132, 0.123323328793, 0.115872442722, 0.0841219350696, 0.153060093522, 0.247294083238, 0.200739055872, 0.318831264973, 0.527569890022, 0.402997344732, 0.207905322313, 0.168864443898, 0.186856761575, 0.301443248987]
        min: [0.0366431772709, 0.0155438557267, 0.0109242349863, 0.00884445291013, 0.007648373954, 0.00739987753332, 0.00931307114661, 0.0119540179148, 0.0174248628318, 0.0291382074356, 0.0189239829779, 0.010227618739, 0.00848957151175, 0.0113591272384, 0.0239553470165, 0.0217655263841, 0.0103991031647, 0.0148627813905, 0.00438486412168, 0.00329830870032, 0.00687632896006, 0.00965952780098, 0.0126756466925, 0.0054855379276, 0.00373344472609, 0.0057224961929, 0.0112243229523, 0.0133436610922, 0.012728177011, 0.0197382755578, 0.00846742093563, 0.0104725724086, 0.020909935236, 0.0038612189237, 0.010016460903, 0.018699131906]
        var: [0.0691611841321, 0.0432612448931, 0.0134494490921, 0.0164464786649, 0.0212600007653, 0.0526271872222, 0.0764399170876, 0.0299182515591, 0.030663119629, 0.0674719065428, 0.0591769441962, 0.0217622946948, 0.01486877352, 0.017195193097, 0.03626883775, 0.100948415697, 0.0718872770667, 0.0125255705789, 0.0144329722971, 0.00824377406389, 0.0292699150741, 0.0790358409286, 0.0352357439697, 0.0153519539163, 0.0188414342701, 0.00978056807071, 0.0225151106715, 0.0522480420768, 0.0263863988221, 0.0464356578887, 0.115205973387, 0.0609348751605, 0.0263078473508, 0.0243447776884, 0.033867970109, 0.053667075932]
    chords_histogram: [45.6221199036, 0, 30.8755760193, 0, 0, 0, 0, 0, 0, 0, 0, 0, 0, 0, 0, 0, 0, 15.2073736191, 0, 0, 0, 0, 0.460829496384, 7.8341012001]
    thpcp: [1, 0.781584203243, 0.261271685362, 0.174172952771, 0.151216328144, 0.251328200102, 0.410293787718, 0.316771775484, 0.191385492682, 0.179822474718, 0.130548849702, 0.237533986568, 0.383775740862, 0.311526983976, 0.494794309139, 0.818735837936, 0.625411689281, 0.322648316622, 0.262060761452, 0.289983034134, 0.467809826136, 0.617726624012, 0.420115202665, 0.202583014965, 0.186008989811, 0.208410546184, 0.3429274261, 0.429589241743, 0.308910310268, 0.320443242788, 0.413633972406, 0.323874652386, 0.227606192231, 0.192885667086, 0.197067812085, 0.495217353106]
    chords_key: "G"
    chords_scale: "major"
    key_key: "G"
    key_scale: "major"
    chords_progression: ["C", "Gm", "Gm", "Gm", "Gm", "Gm", "Gm", "Gm", "Gm", "Gm", "Gm", "Gm", "Gm", "Gm", "Gm", "Gm", "Gm", "Gm", "Gm", "Gm", "Gm", "Gm", "Gm", "D", "D", "D", "D", "Gm", "Gm", "D", "D", "D", "D", "Gm", "Gm", "D", "D", "D", "D", "D", "D", "D", "D", "D", "D", "D", "D", "D", "D", "D", "D", "D", "D", "D", "D", "D", "D", "D", "D", "D", "D", "D", "D", "D", "D", "D", "D", "D", "D", "D", "D", "D", "D", "D", "D", "D", "D", "D", "D", "D", "D", "D", "D", "D", "D", "D", "D", "D", "D", "D", "D", "D", "D", "D", "Gm", "Gm", "Gm", "Gm", "Gm", "Gm", "Gm", "G", "G", "G", "G", "G", "G", "G", "G", "G", "G", "G", "G", "G", "G", "G", "G", "G", "G", "G", "G", "G", "G", "G", "G", "G", "G", "G", "G", "G", "G", "G", "G", "G", "G", "G", "G", "G", "G", "G", "G", "G", "G", "G", "G", "G", "G", "G", "G", "G", "G", "G", "G", "G", "G", "G", "G", "G", "G", "G", "G", "G", "G", "G", "G", "G", "G", "G", "G", "G", "G", "G", "G", "G", "G", "G", "G", "G", "G", "G", "G", "G", "G", "G", "G", "G", "G", "G", "G", "G", "G", "G", "G", "G", "G", "G", "G", "G", "G", "G", "Em", "Em", "Em", "Em", "Em", "Em", "Em", "Em", "Em", "Em", "Em", "Em", "Em", "Em", "Em", "Em", "Em"]
