
metadata:
    version:
        essentia: "1.2.2"
    audio_properties:
        analysis_sample_rate: 44100
        bitrate: 128
        channels: 2
        equal_loudness: 1
        length: 10.0048980713
        replay_gain: -1.87480735779
        downmix: "mix"
    tags:
        track: 23
        year: 0
        album: "Splitted by Mp3Splt v. 2.1"
        artist: "From 003.40 To 003.50"
        comment: "http://mp3splt.sf.net"
        genre: ""
        title: "02 Scenic Roots.mp3"

highlevel:
    ballroom:
        all:
            ChaChaCha: 0.122781313956
            Jive: 0.145638287067
            Quickstep: 0.397822320461
            Rumba-American: 0.00895678717643
            Rumba-International: 0.019952615723
            Rumba-Misc: 0.0114138098434
            Samba: 0.199064895511
            Tango: 0.0370487123728
            VienneseWaltz: 0.0303545240313
            Waltz: 0.0269667189568
        probability: 0.397822320461
        value: "Quickstep"
    culture:
        all:
            non_western: 0.411073714495
            western: 0.588926315308
        probability: 0.588926315308
        value: "western"
    gender:
        all:
            female: 0.696709871292
            male: 0.303290128708
        probability: 0.696709871292
        value: "female"
    genre_dortmund:
        all:
            alternative: 0.0172618646175
            blues: 0.0101041290909
            electronic: 0.0306669995189
            folkcountry: 0.0144081441686
            funksoulrnb: 0.0137783428654
            jazz: 0.841018140316
            pop: 0.0125713888556
            raphiphop: 0.00477385753766
            rock: 0.0554171167314
        probability: 0.841018140316
        value: "jazz"
    genre_electronica:
        all:
            ambient: 0.645146012306
            dnb: 0.219125106931
            house: 0.0179282203317
            techno: 0.011319112964
            trance: 0.106481574476
        probability: 0.645146012306
        value: "ambient"
    genre_rosamerica:
        all:
            cla: 0.14893193543
            dan: 0.0460432730615
            hip: 0.0273846462369
            jaz: 0.603442370892
            pop: 0.0906031280756
            rhy: 0.0374979265034
            roc: 0.0415292307734
            spe: 0.00456750020385
        probability: 0.603442370892
        value: "jaz"
    genre_tzanetakis:
        all:
            blu: 0.00171032443177
            cla: 0.0275759566575
            cou: 0.0181447267532
            dis: 0.0352412685752
            hip: 0.00404301285744
            jaz: 0.782606005669
            met: 0.0017893059412
            pop: 0.0935840830207
            reg: 0.017736505717
            roc: 0.0175687931478
        probability: 0.782606005669
        value: "jaz"
    live_studio:
        all:
            live: 0.244584292173
            studio: 0.755415737629
        probability: 0.755415737629
        value: "studio"
    mood:
        all:
            Cluster1: 0.232355698943
            Cluster2: 0.425714939833
            Cluster3: 0.0800267755985
            Cluster4: 0.137466445565
            Cluster5: 0.124436125159
        probability: 0.425714939833
        value: "Cluster2"
    mood_acoustic:
        all:
            acoustic: 0.654183447361
            not_acoustic: 0.345816552639
        probability: 0.654183447361
        value: "acoustic"
    mood_aggressive:
        all:
            aggressive: 0.23771981895
            not_aggressive: 0.762280166149
        probability: 0.762280166149
        value: "not_aggressive"
    mood_electronic:
        all:
            electronic: 0.273631632328
            not_electronic: 0.726368367672
        probability: 0.726368367672
        value: "not_electronic"
    mood_happy:
        all:
            happy: 0.274503111839
            not_happy: 0.725496888161
        probability: 0.725496888161
        value: "not_happy"
    mood_party:
        all:
            not_party: 0.71866863966
            party: 0.28133136034
        probability: 0.71866863966
        value: "not_party"
    mood_relaxed:
        all:
            not_relaxed: 0.0511206425726
            relaxed: 0.948879361153
        probability: 0.948879361153
        value: "relaxed"
    mood_sad:
        all:
            not_sad: 0.393651783466
            sad: 0.606348216534
        probability: 0.606348216534
        value: "sad"
    rhythm:
        all:
            fast: 0.616501927376
            medium: 0.350780308247
            slow: 0.03271773085
        probability: 0.616501927376
        value: "fast"
    speech_music:
        all:
            music: 0.716318547726
            speech: 0.283681482077
        probability: 0.716318547726
        value: "music"
    timbre:
        all:
            bright: 0.875457346439
            dark: 0.124542653561
        probability: 0.875457346439
        value: "bright"
    voice_instrumental:
        all:
            instrumental: 0.960947692394
            voice: 0.0390523262322
        probability: 0.960947692394
        value: "instrumental"

lowlevel:
    average_loudness: 0.695890188217
    barkbands_kurtosis:
        dmean: 0.923190951347
        dmean2: 1.48289835453
        dvar: 1.26197707653
        dvar2: 3.05332016945
        max: 11.9155731201
        mean: 0.292920202017
        min: -1.78456115723
        var: 4.12273597717
    barkbands_skewness:
        dmean: 0.365890204906
        dmean2: 0.573365449905
        dvar: 0.109540574253
        dvar2: 0.228284522891
        max: 3.33672118187
        mean: 0.709173440933
        min: -1.92441594601
        var: 0.754691720009
    barkbands_spread:
        dmean: 4.81806373596
        dmean2: 7.42034196854
        dvar: 16.4822692871
        dvar2: 33.9974250793
        max: 56.2524795532
        mean: 26.0834503174
        min: 7.89742612839
        var: 96.6145935059
    dissonance:
        dmean: 0.021304808557
        dmean2: 0.0359251610935
        dvar: 0.000537042855285
        dvar2: 0.00127035658807
        max: 0.499346345663
        mean: 0.460198432207
        min: 0.18237259984
        var: 0.00103680265602
    hfc:
        dmean: 0.965393543243
        dmean2: 1.33966302872
        dvar: 3.60323476791
        dvar2: 6.07274436951
        max: 26.3164196014
        mean: 2.79520773888
        min: 0.0705856233835
        var: 10.8412542343
    pitch:
        dmean: 360.734741211
        dmean2: 704.581665039
        dvar: 709274.875
        dvar2: 1984378
        max: 4009.09082031
        mean: 851.903564453
        min: 87.8486022949
        var: 1367887
    pitch_instantaneous_confidence:
        dmean: 0.0930069833994
        dmean2: 0.150357618928
        dvar: 0.00663800910115
        dvar2: 0.0145624130964
        max: 0.846773207188
        mean: 0.44909954071
        min: 0.139927923679
        var: 0.0229693893343
    pitch_salience:
        dmean: 0.0643657147884
        dmean2: 0.107172049582
        dvar: 0.00354625680484
        dvar2: 0.00752609968185
        max: 0.865705013275
        mean: 0.582460522652
        min: 0.277798891068
        var: 0.0117338299751
    silence_rate_20dB:
        dmean: 0
        dmean2: 0
        dvar: 0
        dvar2: 0
        max: 1
        mean: 1
        min: 1
        var: 0
    silence_rate_30dB:
        dmean: 0
        dmean2: 0
        dvar: 0
        dvar2: 0
        max: 1
        mean: 1
        min: 1
        var: 0
    silence_rate_60dB:
        dmean: 0.0928074270487
        dmean2: 0.186046510935
        dvar: 0.0841944813728
        dvar2: 0.183992221951
        max: 1
        mean: 0.715277791023
        min: 0
        var: 0.203656703234
    spectral_centroid:
        dmean: 199.329650879
        dmean2: 306.567352295
        dvar: 36609.703125
        dvar2: 77920.96875
        max: 2702.63793945
        mean: 1186.98669434
        min: 433.734130859
        var: 234860.609375
    spectral_complexity:
        dmean: 1.78139531612
        dmean2: 2.65734267235
        dvar: 5.18941640854
        dvar2: 9.42806434631
        max: 39
        mean: 6.92343378067
        min: 0
        var: 32.3305244446
    spectral_crest:
        dmean: 2.4359536171
        dmean2: 3.91828298569
        dvar: 5.22717523575
        dvar2: 12.0246534348
        max: 22.2320690155
        mean: 9.08663272858
        min: 2.56756854057
        var: 18.3312454224
    spectral_decrease:
        dmean: 2.69051614321e-10
        dmean2: 3.88970300413e-10
        dvar: 3.65317958583e-19
        dvar2: 7.74105550826e-19
        max: -1.28037571864e-11
        mean: -6.79953149341e-10
        min: -8.23662826832e-09
        var: 8.06871105467e-19
    spectral_energy:
        dmean: 0.00109305756632
        dmean2: 0.00157027412206
        dvar: 5.78203162149e-06
        dvar2: 1.1967455066e-05
        max: 0.0324797481298
        mean: 0.0028198340442
        min: 5.78346407565e-05
        var: 1.33374178404e-05
    spectral_energyband_high:
        dmean: 4.13602683693e-05
        dmean2: 5.89564297115e-05
        dvar: 6.93298041199e-09
        dvar2: 1.38334375066e-08
        max: 0.00102391350083
        mean: 8.86381676537e-05
        min: 1.25607277823e-06
        var: 1.60563846663e-08
    spectral_energyband_low:
        dmean: 0.000112060079118
        dmean2: 0.000173571665073
        dvar: 1.19275057386e-07
        dvar2: 3.38695770097e-07
        max: 0.00492064235732
        mean: 0.000164730474353
        min: 2.00152996399e-07
        var: 1.11104583311e-07
    spectral_energyband_middle_high:
        dmean: 0.000288832816295
        dmean2: 0.000395562936319
        dvar: 4.36083666955e-07
        dvar2: 8.98992198017e-07
        max: 0.01124362275
        mean: 0.00076846772572
        min: 1.76990961336e-05
        var: 9.74189447334e-07
    spectral_energyband_middle_low:
        dmean: 0.000849386851769
        dmean2: 0.00127768854145
        dvar: 3.9387778088e-06
        dvar2: 9.11585448193e-06
        max: 0.0268186088651
        mean: 0.00179799820762
        min: 5.11218695465e-06
        var: 7.37393338568e-06
    spectral_flatness_db:
        dmean: 0.018372328952
        dmean2: 0.0273686032742
        dvar: 0.000282505148789
        dvar2: 0.000593455741182
        max: 0.26453897357
        mean: 0.155858695507
        min: 0.066521205008
        var: 0.00108905509114
    spectral_flux:
        dmean: 0.00727631151676
        dmean2: 0.0115840015933
        dvar: 0.000137538168929
        dvar2: 0.000268364296062
        max: 0.125945627689
        mean: 0.0247858576477
        min: 0.00373764452524
        var: 0.000330367736751
    spectral_kurtosis:
        dmean: 1.18021690845
        dmean2: 2.01034712791
        dvar: 1.15480029583
        dvar2: 3.1333258152
        max: 14.1745586395
        mean: 4.68819618225
        min: 1.43100309372
        var: 3.0191283226
    spectral_rms:
        dmean: 0.000264771166258
        dmean2: 0.000370515743271
        dvar: 1.45421296338e-07
        dvar2: 2.59816374637e-07
        max: 0.00562917022035
        mean: 0.00141487154178
        min: 0.000237537446083
        var: 7.49193020511e-07
    spectral_rolloff:
        dmean: 442.982879639
        dmean2: 700.958190918
        dvar: 201682.046875
        dvar2: 410776.4375
        max: 4457.37304688
        mean: 2305.65185547
        min: 387.59765625
        var: 973204.125
    spectral_skewness:
        dmean: 0.161858811975
        dmean2: 0.27324655652
        dvar: 0.019137788564
        dvar2: 0.0488849543035
        max: 2.7624475956
        mean: 1.67152321339
        min: 0.981651067734
        var: 0.0848485827446
    spectral_spread:
        dmean: 631359.875
        dmean2: 905673.25
        dvar: 953617874944
        dvar2: 1.42315880448e+12
        max: 16993062
        mean: 4700277.5
        min: 2812334.25
        var: 1.85314141798e+12
    spectral_strongpeak:
        dmean: 0.227244392037
        dmean2: 0.360700845718
        dvar: 0.138893559575
        dvar2: 0.32497677207
        max: 4.69438171387
        mean: 0.427288085222
        min: 0.00637407880276
        var: 0.210847765207
    zerocrossingrate:
        dmean: 0.00758652808145
        dmean2: 0.00924092158675
        dvar: 3.8951409806e-05
        dvar2: 6.0483620473e-05
        max: 0.13720703125
        mean: 0.0731266289949
        min: 0.02587890625
        var: 0.000548646901734
    barkbands:
        dmean: [1.87445223787e-08, 4.02585719712e-05, 8.26089817565e-05, 0.00020186592883, 0.000165211051353, 0.000340933154803, 9.48656670516e-05, 9.81967823463e-05, 0.000225324387429, 4.23180572398e-05, 5.64299261896e-05, 3.78022668883e-05, 4.93883162562e-05, 4.0103430365e-05, 2.28037988563e-05, 2.73455407296e-05, 4.34885077993e-05, 4.29385181633e-05, 6.93292167853e-05, 3.46881497535e-05, 1.63061122294e-05, 5.54213374926e-06, 1.61888499406e-06, 6.85881673235e-07, 5.49477533696e-07, 7.25449638139e-08, 1.42364942057e-09]
        dmean2: [3.21332009889e-08, 5.98119804636e-05, 0.0001337431313, 0.000340561149642, 0.000268761359621, 0.000533796846867, 0.000160089824931, 0.000158441325766, 0.000334107142407, 7.45911456761e-05, 8.8723951194e-05, 5.68608338654e-05, 6.34615207673e-05, 6.1369028117e-05, 3.68601504306e-05, 4.11965447711e-05, 7.23879784346e-05, 6.38870260445e-05, 0.000112370296847, 5.37755295227e-05, 2.50510365731e-05, 8.53615620144e-06, 2.53306461673e-06, 9.88621877696e-07, 8.1068549207e-07, 1.08100877583e-07, 2.39356645615e-09]
        dvar: [1.00356368299e-15, 6.01137717382e-09, 9.73648184299e-08, 1.38139853334e-06, 1.59980487524e-07, 5.54546488729e-07, 3.30036549201e-08, 3.07735703586e-08, 5.24999791196e-07, 3.9460008594e-08, 4.23026378371e-08, 5.78881520497e-09, 1.8908858479e-08, 6.70578756967e-08, 1.64399671654e-09, 3.28152904849e-09, 1.83894943717e-08, 6.96652469045e-09, 1.54888653014e-08, 4.63775506887e-09, 8.91565543615e-10, 1.83186410485e-10, 1.10046225604e-11, 2.1259185818e-12, 1.84543786502e-12, 4.21181271554e-14, 1.82953872282e-17]
        dvar2: [2.7403375081e-15, 1.31281057136e-08, 2.82441732224e-07, 3.70111388293e-06, 3.58891810492e-07, 1.27104863168e-06, 7.64207257475e-08, 7.11412511123e-08, 1.12532620733e-06, 1.102408973e-07, 1.14345297675e-07, 1.29804176296e-08, 2.63338897355e-08, 1.53859588181e-07, 3.92108612246e-09, 7.01131064318e-09, 4.89781513124e-08, 1.35622295616e-08, 3.92606054334e-08, 9.63374446883e-09, 1.90360616159e-09, 4.51518794575e-10, 2.68303608497e-11, 4.35328986401e-12, 4.33301398234e-12, 9.39003445854e-14, 4.36950581607e-17]
        max: [2.61640082044e-07, 0.000870250863954, 0.00418115686625, 0.0146132614464, 0.00501079438254, 0.00981327053159, 0.0027633944992, 0.00232748896815, 0.00727079063654, 0.00317236362025, 0.0035551073961, 0.00111810583621, 0.0027926475741, 0.00497251050547, 0.000565007969271, 0.000621237384621, 0.00220067845657, 0.00106784468517, 0.00170089758467, 0.000914705975447, 0.000390266912291, 0.000193843603483, 3.46253364114e-05, 1.6030999177e-05, 2.04340431083e-05, 2.50697689808e-06, 3.67262877887e-08]
        mean: [2.0122994826e-08, 6.48276763968e-05, 9.98836258077e-05, 0.000184252872714, 0.000245847826591, 0.000671730143949, 0.000141980955959, 0.000178446425707, 0.000360224308679, 5.4877185903e-05, 0.000100661723991, 7.32639819034e-05, 9.37287477427e-05, 5.65658920095e-05, 3.8470767322e-05, 4.66314122605e-05, 7.15521309758e-05, 8.08249096735e-05, 0.000137443392305, 6.99059382896e-05, 3.34161923092e-05, 1.05367034848e-05, 2.75752154266e-06, 1.14298507015e-06, 7.64570529554e-07, 7.65953345194e-08, 1.08086806172e-09]
        min: [5.66225920318e-11, 7.80041453652e-09, 3.08306624675e-08, 1.84073655873e-07, 1.808070067e-07, 4.63130845674e-07, 1.59517583143e-07, 9.93990028064e-08, 7.11101279194e-07, 1.50014358269e-07, 6.27656646657e-08, 5.35315400896e-08, 2.303376192e-07, 1.17200180227e-07, 6.18457363544e-07, 2.20944556872e-07, 7.05817228663e-07, 1.23666563923e-06, 9.86706140793e-07, 1.22227993415e-06, 3.55517357775e-07, 7.72439392449e-08, 2.57072922949e-08, 1.15254552568e-08, 4.67681360306e-09, 2.36950681298e-10, 9.80370231068e-14]
        var: [1.15525235489e-15, 1.27816077722e-08, 6.69857627145e-08, 9.67828100329e-07, 2.06240059697e-07, 1.74680462806e-06, 5.6409863447e-08, 8.29402537761e-08, 8.29853206596e-07, 3.93366370588e-08, 5.04451200811e-08, 1.39259404008e-08, 5.63598057113e-08, 7.43554195992e-08, 2.42525599603e-09, 5.79819126045e-09, 1.74610921277e-08, 1.34601227941e-08, 3.19334532151e-08, 8.87915607706e-09, 2.14461404191e-09, 3.72361558254e-10, 2.06240319961e-11, 4.35633517107e-12, 3.12041842018e-12, 4.86969405772e-14, 1.43240103893e-17]
    mfcc:
        mean: [-769.73260498, 125.214813232, -42.6054725647, 48.3218307495, -17.665687561, -9.66722202301, -1.44894421101, -5.97034025192, -8.63879489899, -5.08802843094, -2.88102722168, -4.60761213303, -2.68598747253]
        cov: [[5284.63378906, 143.125961304, 316.520812988, -420.349853516, -525.44329834, -327.512207031, -147.193206787, -148.559967041, -102.586624146, -172.912322998, 23.3985824585, 94.2009277344, 2.58837842941], [143.125961304, 528.95690918, -10.4669437408, -29.5953083038, -21.0420856476, -21.7761211395, 23.8177127838, -16.7167358398, -36.1905593872, -38.3480949402, -21.2093677521, 12.829498291, 17.8024520874], [316.520812988, -10.4669437408, 234.240341187, 14.4926567078, 20.353219986, 1.91223740578, 5.7597990036, 5.75228738785, 5.75040245056, -12.1712322235, -0.215003296733, 2.18159723282, 5.80490398407], [-420.349853516, -29.5953083038, 14.4926567078, 175.458709717, 105.977378845, 42.8391952515, 25.969121933, 36.2626457214, 29.1807975769, 40.7762451172, 11.6181592941, 0.334328740835, 6.48357391357], [-525.44329834, -21.0420856476, 20.353219986, 105.977378845, 192.111816406, 112.021057129, 30.2389717102, 12.9389162064, 36.7520675659, 73.3618087769, 34.044380188, 0.227592021227, -1.58560729027], [-327.512207031, -21.7761211395, 1.91223740578, 42.8391952515, 112.021057129, 127.250221252, 61.329460144, 26.6693058014, 29.0504951477, 55.7446670532, 38.6467971802, 7.72396230698, -4.90751934052], [-147.193206787, 23.8177127838, 5.7597990036, 25.969121933, 30.2389717102, 61.329460144, 108.902503967, 82.8810958862, 36.2008628845, 21.4283409119, 21.3890991211, 18.2310752869, 10.5919866562], [-148.559967041, -16.7167358398, 5.75228738785, 36.2626457214, 12.9389162064, 26.6693058014, 82.8810958862, 125.454734802, 67.00050354, 20.6492900848, 4.16621875763, 3.32269525528, 15.4393177032], [-102.586624146, -36.1905593872, 5.75040245056, 29.1807975769, 36.7520675659, 29.0504951477, 36.2008628845, 67.00050354, 92.131942749, 58.5610237122, 5.62679719925, -8.69148540497, -0.327916175127], [-172.912322998, -38.3480949402, -12.1712322235, 40.7762451172, 73.3618087769, 55.7446670532, 21.4283409119, 20.6492900848, 58.5610237122, 116.40058136, 51.730632782, -3.20300936699, -18.4660663605], [23.3985824585, -21.2093677521, -0.215003296733, 11.6181592941, 34.044380188, 38.6467971802, 21.3890991211, 4.16621875763, 5.62679719925, 51.730632782, 87.4965057373, 35.2791595459, -11.4135808945], [94.2009277344, 12.829498291, 2.18159723282, 0.334328740835, 0.227592021227, 7.72396230698, 18.2310752869, 3.32269525528, -8.69148540497, -3.20300936699, 35.2791595459, 67.4000167847, 25.5879631042], [2.58837842941, 17.8024520874, 5.80490398407, 6.48357391357, -1.58560729027, -4.90751934052, 10.5919866562, 15.4393177032, -0.327916175127, -18.4660663605, -11.4135808945, 25.5879631042, 66.1607437134]]
        icov: [[0.000369822286302, -8.30730932648e-05, -0.000598902348429, 0.000327792338794, 0.000912129995413, 0.00014729173563, 0.000103166879853, 0.000455967354355, -0.000518494052812, 6.97018404026e-05, -0.000490020960569, -0.000365170039004, 1.17543868328e-05], [-8.30730932648e-05, 0.00219494220801, 0.000287478818791, 0.000420496769948, -0.00109688215889, 0.00155898113735, -0.0024568317458, 0.00110535963904, 0.000711926200893, -6.88134023221e-05, 0.000783398223575, -9.60732140811e-05, -0.000272438977845], [-0.000598902348429, 0.000287478818791, 0.00550033152103, -0.000519866065588, -0.00284824776463, 0.000932364375331, -0.00110361818224, 8.11460849945e-05, -0.000627558969427, 0.00193294906057, -0.000288302457193, 0.00106116977986, -0.000250684068305], [0.000327792338794, 0.000420496769948, -0.000519866065588, 0.0105264503509, -0.00720142107457, 0.00480035180226, -0.000789796700701, -0.00320336897857, 0.00212887418456, -0.00165601191111, 0.000902308092918, -0.00102116330527, 4.44839533884e-05], [0.000912129995413, -0.00109688215889, -0.00284824776463, -0.00720142107457, 0.0218755807728, -0.0161108374596, 0.00653140619397, 0.0023828940466, -0.00308162579313, -0.00285984878428, -0.000838657782879, -0.00044421365601, -0.00184375536628], [0.00014729173563, 0.00155898113735, 0.000932364375331, 0.00480035180226, -0.0161108374596, 0.0298199485987, -0.018115432933, 0.00662058033049, -0.000423651392339, -0.00105509709101, -0.00315117603168, 0.00197054701857, 0.000601204636041], [0.000103166879853, -0.0024568317458, -0.00110361818224, -0.000789796700701, 0.00653140619397, -0.018115432933, 0.0348220765591, -0.0224979612976, 0.00547397555783, -0.00129274453502, 0.000547816569451, -0.00607847329229, 0.00143108551856], [0.000455967354355, 0.00110535963904, 8.11460849945e-05, -0.00320336897857, 0.0023828940466, 0.00662058033049, -0.0224979612976, 0.0330048315227, -0.0204875171185, 0.00788925215602, -0.00526462309062, 0.00497552612796, -0.00429260032251], [-0.000518494052812, 0.000711926200893, -0.000627558969427, 0.00212887418456, -0.00308162579313, -0.000423651392339, 0.00547397555783, -0.0204875171185, 0.0353724770248, -0.019318593666, 0.0114123523235, -0.00261265761219, 0.00123706401791], [6.97018404026e-05, -6.88134023221e-05, 0.00193294906057, -0.00165601191111, -0.00285984878428, -0.00105509709101, -0.00129274453502, 0.00788925215602, -0.019318593666, 0.027860224247, -0.0164249707013, 0.00728526432067, 0.000256761879427], [-0.000490020960569, 0.000783398223575, -0.000288302457193, 0.000902308092918, -0.000838657782879, -0.00315117603168, 0.000547816569451, -0.00526462309062, 0.0114123523235, -0.0164249707013, 0.0304647479206, -0.0172948185354, 0.00804887525737], [-0.000365170039004, -9.60732140811e-05, 0.00106116977986, -0.00102116330527, -0.00044421365601, 0.00197054701857, -0.00607847329229, 0.00497552612796, -0.00261265761219, 0.00728526432067, -0.0172948185354, 0.0304046031088, -0.0127275986597], [1.17543868328e-05, -0.000272438977845, -0.000250684068305, 4.44839533884e-05, -0.00184375536628, 0.000601204636041, 0.00143108551856, -0.00429260032251, 0.00123706401791, 0.000256761879427, 0.00804887525737, -0.0127275986597, 0.0223669949919]]
    spectral_contrast:
        mean: [-2.12907682595e-08, -1.12839131816e-07, 3.3228550933e-07, 1.04515571309e-07, -1.79479471285e-07, 1.39953371558e-07, -9.25877259306e-07, 2.04453613151e-06, -1.8247180833e-06, -1.09839879769e-06, 1.47490379732e-06, -7.72232795043e-07]
        var: [0.000155471425387, 0.000456883368315, 0.00185442145448, 0.00268004206009, 0.00381423719227, 0.00728217419237, 0.0419951379299, 0.0698134452105, 0.114369042218, 0.197799772024, 0.364704787731, 2.87685728073]

rhythm:
    beats_loudness:
        dmean: 0.0025220499374
        dmean2: 0.00419174600393
        dvar: 7.74530326453e-06
        dvar2: 2.31339745369e-05
        max: 0.0131973419338
        mean: 0.0032369303517
        min: 8.1436963228e-05
        var: 1.11347571874e-05
    beats_loudness_bass:
        dmean: 0.153896301985
        dmean2: 0.239428699017
        dvar: 0.0157638601959
        dvar2: 0.0509972572327
        max: 0.620315790176
        mean: 0.135288462043
        min: 0.00543619366363
        var: 0.0200818814337
    bpm: 126.240638733
    bpm_confidence: 0
    first_peak_bpm: 128
    first_peak_spread: 0.421052634716
    first_peak_weight: 0.550000011921
    onset_rate: 4.09799289703
    second_peak_bpm: 84
    second_peak_spread: 0
    second_peak_weight: 0.0500000007451
    beats_position: [0.128051459789, 0.595469474792, 1.06288743019, 1.53030538559, 1.99772334099, 2.46514129639, 2.93255925179, 3.39997720718, 3.867395401, 4.33481359482, 4.80223178864, 5.26964998245, 5.98303079605, 6.46288347244, 6.94273662567, 7.42258930206, 7.90244197845, 8.38229465485, 8.86214733124, 9.34200000763, 9.8218536377]
    bpm_estimates: [128.464630127, 128.810424805, 128.449417114, 126.782249451, 127.909194946, 126.417472839, 128.827575684, 124.84564209, 125.033615112, 123.900695801, 125.483230591, 126.902351379, 125.542808533, 124.806846619, 124.80115509, 124.596153259, 124.51714325]
    bpm_intervals: [0.467418015003, 0.467417955399, 0.467417955399, 0.467417955399, 0.467417955399, 0.467417955399, 0.467417955399, 0.467418193817, 0.467418193817, 0.467418193817, 0.467418193817, 0.713380813599, 0.479852676392, 0.479853153229, 0.479852676392, 0.479852676392, 0.479852676392, 0.479852676392, 0.479852676392, 0.479853630066]
    onset_times: [0.0348299331963, 0.27863946557, 0.510838985443, 0.580498874187, 0.754648506641, 1.01006805897, 1.23065757751, 1.46285712719, 1.67183673382, 1.96208620071, 2.35682535172, 2.46131515503, 2.63546490669, 2.87927436829, 2.92571425438, 3.09986400604, 3.34367346764, 3.55265307426, 3.79646253586, 4.051882267, 4.27247142792, 4.51628112793, 4.6439909935, 4.77170085907, 4.9806804657, 5.21287965775, 5.4334692955, 5.72371864319, 6.22294807434, 6.71056699753, 7.19818592072, 7.33750581741, 7.67419481277, 7.94122457504, 8.16181373596, 8.55655288696, 8.64943313599, 9.04417228699, 9.12544250488, 9.27637195587, 9.58984088898]
    rubato_start: []
    rubato_stop: []
    perceptual_tempo: "unknown"

sfx:
    inharmonicity:
        dmean: 0.0354915186763
        dmean2: 0.0631569251418
        dvar: 0.00262166419998
        dvar2: 0.00761845288798
        max: 0.426530539989
        mean: 0.0384470410645
        min: 0.000461145362351
        var: 0.00212233746424
    oddtoevenharmonicenergyratio:
        dmean: 4.66442060471
        dmean2: 8.92645359039
        dvar: 325.629150391
        dvar2: 1056.2845459
        max: 172.313827515
        mean: 2.87617254257
        min: 0.0017664936604
        var: 174.046722412
    pitch_after_max_to_before_max_energy_ratio: 14.4934530258
    pitch_centroid: 252.776901245
    pitch_max_to_total: 0.236658930779
    pitch_min_to_total: 0.454756379128
    tristimulus:
        dmean: [0.197481498122, 0.260868519545, 0.105609327555]
        dmean2: [0.34481921792, 0.465616494417, 0.191053211689]
        dvar: [0.0300870258361, 0.0530707500875, 0.0116933397949]
        dvar2: [0.0853772312403, 0.155557766557, 0.0334116443992]
        max: [0.886197328568, 0.954189240932, 0.598073303699]
        mean: [0.405889034271, 0.440223813057, 0.102172963321]
        min: [0.000510704820044, 0, 0]
        var: [0.0448251441121, 0.0607920736074, 0.0124244354665]

tonal:
    chords_changes_rate: 0.0414746552706
    chords_number_rate: 0.0184331797063
    chords_strength:
        dmean: 0.0103431474417
        dmean2: 0.0100344428793
        dvar: 6.73791219015e-05
        dvar2: 8.366820839e-05
        max: 0.610512018204
        mean: 0.432972431183
        min: 0.311550527811
        var: 0.00340992351994
    key_strength: 0.747345387936
    tuning_diatonic_strength: 0.513200759888
    tuning_equal_tempered_deviation: 0.0702477395535
    tuning_frequency: 443.060424805
    tuning_nontempered_energy_ratio: 0.661043763161
    hpcp:
        dmean: [0.136694326997, 0.119971953332, 0.123800426722, 0.140232697129, 0.106467694044, 0.0627406910062, 0.0493796989322, 0.0558232218027, 0.11410664022, 0.155000880361, 0.105876222253, 0.0925883874297, 0.125401094556, 0.105569250882, 0.083838455379, 0.0794579312205, 0.0723123177886, 0.0889694541693, 0.128819793463, 0.137959256768, 0.104364879429, 0.0880235061049, 0.0778819024563, 0.149911656976, 0.189085692167, 0.178326025605, 0.129371628165, 0.110282436013, 0.0993643477559, 0.101718515158, 0.128317952156, 0.125032380223, 0.105475053191, 0.103539273143, 0.116298705339, 0.12385430932]
        dmean2: [0.231851607561, 0.205785393715, 0.208588197827, 0.224936544895, 0.177402287722, 0.1129886657, 0.0872911512852, 0.0949664264917, 0.194646209478, 0.256423890591, 0.170314148068, 0.151832699776, 0.203855291009, 0.178525149822, 0.144972518086, 0.130682989955, 0.11565451324, 0.143845424056, 0.21540234983, 0.236766710877, 0.185312703252, 0.157723233104, 0.137836813927, 0.247365012765, 0.31302601099, 0.287286639214, 0.223582938313, 0.187418565154, 0.172784954309, 0.166833981872, 0.218695402145, 0.210215672851, 0.176500618458, 0.170697256923, 0.209742382169, 0.218353524804]
        dvar: [0.0340313017368, 0.0271654818207, 0.0225661527365, 0.0344108864665, 0.021369934082, 0.0103118009865, 0.004929441493, 0.00513776484877, 0.0237364880741, 0.0480586625636, 0.0212004352361, 0.0199273508042, 0.0329766608775, 0.0195948611945, 0.0223942920566, 0.0233710389584, 0.0108903395012, 0.0170200075954, 0.0369213484228, 0.0299089476466, 0.0315095372498, 0.0238145142794, 0.0143414726481, 0.0296883955598, 0.0597483105958, 0.0384391322732, 0.0336373262107, 0.0358810722828, 0.0261159744114, 0.0245777741075, 0.0380763523281, 0.0366039201617, 0.0250610392541, 0.0245505236089, 0.0302758459002, 0.0351657941937]
        dvar2: [0.0732854381204, 0.0653157234192, 0.0588799826801, 0.0721010565758, 0.057215962559, 0.0299974791706, 0.0135840782896, 0.0139760253951, 0.0580009445548, 0.109570145607, 0.0455276705325, 0.0486760474741, 0.0672852918506, 0.0490568690002, 0.0566756129265, 0.0383023694158, 0.0259246584028, 0.0395510420203, 0.0762402415276, 0.0778711512685, 0.0918740481138, 0.0652660280466, 0.0333837196231, 0.0712248906493, 0.112155258656, 0.0981972962618, 0.0861586108804, 0.0852871239185, 0.069382570684, 0.0623263120651, 0.0871227532625, 0.0970477461815, 0.0661200582981, 0.0607270225883, 0.0810618624091, 0.0922115892172]
        max: [1, 1, 0.951633453369, 1, 1, 0.768173098564, 0.515089452267, 0.444525420666, 1, 1, 1, 1, 1, 0.956038355827, 0.988599538803, 1, 0.716342449188, 0.933345675468, 1, 1, 1, 1, 1, 1, 1, 1, 1, 1, 1, 1, 1, 1, 1, 1, 1, 1]
        mean: [0.210172325373, 0.165575832129, 0.194080322981, 0.248596742749, 0.154659211636, 0.0774519518018, 0.0664480105042, 0.0704020112753, 0.167180046439, 0.241667225957, 0.16327136755, 0.170524522662, 0.250930994749, 0.174632757902, 0.127596959472, 0.142987951636, 0.0995140597224, 0.136987164617, 0.225197792053, 0.199238136411, 0.12872774899, 0.103102006018, 0.0923888012767, 0.289994567633, 0.506522297859, 0.340341687202, 0.171061515808, 0.16520190239, 0.126762107015, 0.137385219336, 0.179453447461, 0.170727595687, 0.152168482542, 0.14821113646, 0.142538383603, 0.175645694137]
        min: [0.00841652136296, 0.005784612149, 0.00443146005273, 0.00474858749658, 0.00409078784287, 0.00222890963778, 0.00171811156906, 0.00178961525671, 0.00174572761171, 0.00180751108564, 0.00207698531449, 0.00148025539238, 0.00224422756582, 0.00382369710132, 0.00251083821058, 0.00167362310458, 0.000821651832666, 0.00185046042316, 0.00204510847107, 0.00272426800802, 0.00063441490056, 0.00138982175849, 0.00102814857382, 0.00155315746088, 0.0035383508075, 0.00576469954103, 0.00261131860316, 0.00178434315603, 0.00183381570969, 0.0021460019052, 0.00204620324075, 0.00221801293083, 0.0017638283316, 0.00123055919539, 0.00128228915855, 0.006521275267]
        var: [0.0650369003415, 0.0395147204399, 0.0394875779748, 0.0794903710485, 0.0292636696249, 0.0123278936371, 0.00656403554603, 0.00772038847208, 0.0361542291939, 0.0766847729683, 0.0330422595143, 0.0394696183503, 0.0934727936983, 0.0397419705987, 0.033410962671, 0.0604092925787, 0.0181950312108, 0.0343632735312, 0.088283739984, 0.0594853051007, 0.0417202487588, 0.028618844226, 0.0237715989351, 0.0645282939076, 0.160485491157, 0.0755775496364, 0.0382680818439, 0.0568604357541, 0.0286893378943, 0.0377514995635, 0.0657047703862, 0.052811589092, 0.0400870703161, 0.0337608493865, 0.0359671935439, 0.0476762093604]
    chords_histogram: [40.0921669006, 28.571428299, 2.30414748192, 0, 0, 0, 0, 0, 0, 29.0322589874, 0, 0, 0, 0, 0, 0, 0, 0, 0, 0, 0, 0, 0, 0]
    thpcp: [1, 0.671918451786, 0.337717652321, 0.326149314642, 0.250259667635, 0.27123233676, 0.354285389185, 0.337058395147, 0.300418138504, 0.292605340481, 0.281405925751, 0.346767932177, 0.41493204236, 0.32688754797, 0.383162438869, 0.490791320801, 0.305335432291, 0.152909263968, 0.131184771657, 0.138990938663, 0.330054670572, 0.477110743523, 0.322337955236, 0.336657494307, 0.495399713516, 0.344768166542, 0.251907885075, 0.282293498516, 0.196465313435, 0.270446479321, 0.444596022367, 0.393345236778, 0.254140347242, 0.203548803926, 0.182398289442, 0.572520852089]
    chords_key: "A#"
    chords_scale: "minor"
    key_key: "A#"
    key_scale: "minor"
    chords_progression: ["C#", "C#", "Fm", "Fm", "Fm", "Fm", "C#", "C#", "C#", "C#", "C#", "C#", "C#", "C#", "C#", "C#", "C#", "C#", "C#", "C#", "C#", "C#", "C#", "C#", "C#", "C#", "C#", "C#", "C#", "C#", "C#", "A#m", "A#m", "A#m", "A#m", "A#m", "A#m", "A#m", "A#m", "A#m", "A#m", "A#m", "A#m", "A#m", "A#m", "A#m", "A#m", "A#m", "A#m", "A#m", "A#m", "A#m", "A#m", "A#m", "A#m", "A#m", "A#m", "A#m", "A#m", "A#m", "A#m", "A#m", "A#m", "A#m", "A#m", "A#m", "A#m", "A#m", "A#m", "A#m", "A#m", "A#m", "A#m", "A#m", "A#m", "A#m", "A#m", "A#m", "A#m", "A#m", "A#m", "A#m", "A#m", "A#m", "A#m", "A#m", "A#m", "A#m", "A#m", "A#m", "A#m", "A#m", "A#m", "A#m", "A#m", "A#m", "A#m", "A#m", "A#m", "A#m", "F", "F", "F", "Fm", "F", "F", "F", "F", "F", "F", "F", "F", "F", "F", "F", "F", "F", "F", "C#", "C#", "C#", "C#", "C#", "C#", "C#", "C#", "C#", "C#", "C#", "C#", "C#", "C#", "C#", "C#", "C#", "C#", "C#", "C#", "C#", "C#", "C#", "C#", "C#", "C#", "C#", "C#", "C#", "C#", "C#", "C#", "C#", "C#", "C#", "F", "F", "F", "F", "F", "F", "F", "F", "F", "F", "F", "F", "F", "F", "F", "F", "F", "F", "F", "F", "F", "F", "F", "F", "F", "F", "F", "F", "F", "F", "F", "F", "F", "F", "F", "F", "F", "F", "F", "F", "F", "F", "F", "F", "F", "F", "A#m", "A#m", "A#m", "A#m", "A#m", "A#m", "A#m", "A#m", "A#m", "A#m", "A#m", "A#m", "A#m", "A#m", "A#m", "A#m", "A#m", "A#m"]
