
metadata:
    version:
        essentia: "1.2.2"
    audio_properties:
        analysis_sample_rate: 44100
        bitrate: 128
        channels: 2
        equal_loudness: 1
        length: 10.0048980713
        replay_gain: -12.0666294098
        downmix: "mix"
    tags:
        track: 34
        year: 0
        album: "Splitted by Mp3Splt v. 2.1"
        artist: "From 005.30 To 005.40"
        comment: "http://mp3splt.sf.net"
        genre: ""
        title: "04 Track 4.mp3"

highlevel:
    ballroom:
        all:
            ChaChaCha: 0.303889065981
            Jive: 0.0448775589466
            Quickstep: 0.00506624020636
            Rumba-American: 0.000870930147357
            Rumba-International: 0.00583480065688
            Rumba-Misc: 0.00329931662418
            Samba: 0.635524511337
            Tango: 0.000253494741628
            VienneseWaltz: 0.000116115210403
            Waltz: 0.000267955561867
        probability: 0.635524511337
        value: "Samba"
    culture:
        all:
            non_western: 0.360243886709
            western: 0.639756143093
        probability: 0.639756143093
        value: "western"
    gender:
        all:
            female: 0.698579251766
            male: 0.301420718431
        probability: 0.698579251766
        value: "female"
    genre_dortmund:
        all:
            alternative: 0.0179263167083
            blues: 0.0173978935927
            electronic: 0.121194973588
            folkcountry: 0.00995102152228
            funksoulrnb: 0.0086057651788
            jazz: 0.291886627674
            pop: 0.0503599345684
            raphiphop: 0.391853064299
            rock: 0.0908244028687
        probability: 0.391853064299
        value: "raphiphop"
    genre_electronica:
        all:
            ambient: 0.0520138517022
            dnb: 0.728977739811
            house: 0.113335907459
            techno: 0.0497011393309
            trance: 0.0559713579714
        probability: 0.728977739811
        value: "dnb"
    genre_rosamerica:
        all:
            cla: 0.00912463385612
            dan: 0.201508536935
            hip: 0.116391666234
            jaz: 0.0191779732704
            pop: 0.0876339152455
            rhy: 0.540595054626
            roc: 0.0182550679892
            spe: 0.00731315743178
        probability: 0.540595054626
        value: "rhy"
    genre_tzanetakis:
        all:
            blu: 0.00171495322138
            cla: 0.00227062520571
            cou: 0.00259332847781
            dis: 0.0122413309291
            hip: 0.174951225519
            jaz: 0.00422474229708
            met: 0.00287939538248
            pop: 0.255277872086
            reg: 0.53062415123
            roc: 0.0132223973051
        probability: 0.53062415123
        value: "reg"
    live_studio:
        all:
            live: 0.0298866238445
            studio: 0.970113396645
        probability: 0.970113396645
        value: "studio"
    mood:
        all:
            Cluster1: 0.207671687007
            Cluster2: 0.438149183989
            Cluster3: 0.0336151048541
            Cluster4: 0.222176060081
            Cluster5: 0.0983879491687
        probability: 0.438149183989
        value: "Cluster2"
    mood_acoustic:
        all:
            acoustic: 0.0330552980304
            not_acoustic: 0.966944694519
        probability: 0.966944694519
        value: "not_acoustic"
    mood_aggressive:
        all:
            aggressive: 0.00291775981896
            not_aggressive: 0.997082233429
        probability: 0.997082233429
        value: "not_aggressive"
    mood_electronic:
        all:
            electronic: 0.897258639336
            not_electronic: 0.102741375566
        probability: 0.897258639336
        value: "electronic"
    mood_happy:
        all:
            happy: 0.77981698513
            not_happy: 0.22018301487
        probability: 0.77981698513
        value: "happy"
    mood_party:
        all:
            not_party: 0.191780343652
            party: 0.808219671249
        probability: 0.808219671249
        value: "party"
    mood_relaxed:
        all:
            not_relaxed: 0.649317920208
            relaxed: 0.350682109594
        probability: 0.649317920208
        value: "not_relaxed"
    mood_sad:
        all:
            not_sad: 0.791324555874
            sad: 0.208675459027
        probability: 0.791324555874
        value: "not_sad"
    rhythm:
        all:
            fast: 0.05338216573
            medium: 0.32905626297
            slow: 0.617561578751
        probability: 0.617561578751
        value: "slow"
    speech_music:
        all:
            music: 0.999985098839
            speech: 1.49070392581e-05
        probability: 0.999985098839
        value: "music"
    timbre:
        all:
            bright: 0.537491202354
            dark: 0.462508797646
        probability: 0.537491202354
        value: "bright"
    voice_instrumental:
        all:
            instrumental: 0.708332121372
            voice: 0.291667878628
        probability: 0.708332121372
        value: "instrumental"

lowlevel:
    average_loudness: 0.94391387701
    barkbands_kurtosis:
        dmean: 2.60283875465
        dmean2: 4.26904439926
        dvar: 31.1141815186
        dvar2: 73.7900390625
        max: 50.086063385
        mean: 2.18383383751
        min: -1.8477114439
        var: 54.1132011414
    barkbands_skewness:
        dmean: 0.70659327507
        dmean2: 1.12287783623
        dvar: 0.636427760124
        dvar2: 1.37585389614
        max: 6.32737541199
        mean: 0.959112763405
        min: -2.19639134407
        var: 2.30358028412
    barkbands_spread:
        dmean: 9.05060768127
        dmean2: 14.5040283203
        dvar: 81.8023986816
        dvar2: 186.170730591
        max: 81.0900650024
        mean: 34.0304641724
        min: 3.75661754608
        var: 218.493713379
    dissonance:
        dmean: 0.0209367889911
        dmean2: 0.034623850137
        dvar: 0.00048564359895
        dvar2: 0.00127247488126
        max: 0.499434173107
        mean: 0.458939582109
        min: 0.307575047016
        var: 0.00104671076406
    hfc:
        dmean: 2.46885061264
        dmean2: 3.28964924812
        dvar: 31.9922599792
        dvar2: 67.7522735596
        max: 46.3944511414
        mean: 3.65505814552
        min: 0.00647366745397
        var: 48.0821342468
    pitch:
        dmean: 830.746276855
        dmean2: 1595.28662109
        dvar: 1969164
        dvar2: 4129659.75
        max: 4900
        mean: 1567.52111816
        min: 82.7392120361
        var: 2710630.5
    pitch_instantaneous_confidence:
        dmean: 0.119934551418
        dmean2: 0.185497626662
        dvar: 0.0142067074776
        dvar2: 0.0325443334877
        max: 0.972475409508
        mean: 0.490121334791
        min: 0.144508600235
        var: 0.036769811064
    pitch_salience:
        dmean: 0.0924001932144
        dmean2: 0.150341182947
        dvar: 0.00871419906616
        dvar2: 0.019929587841
        max: 0.842940926552
        mean: 0.527816176414
        min: 0.157030284405
        var: 0.0200307872146
    silence_rate_20dB:
        dmean: 0
        dmean2: 0
        dvar: 0
        dvar2: 0
        max: 1
        mean: 1
        min: 1
        var: 0
    silence_rate_30dB:
        dmean: 0
        dmean2: 0
        dvar: 0
        dvar2: 0
        max: 1
        mean: 1
        min: 1
        var: 0
    silence_rate_60dB:
        dmean: 0.1252900213
        dmean2: 0.251162797213
        dvar: 0.109592348337
        dvar2: 0.215986847878
        max: 1
        mean: 0.766203701496
        min: 0
        var: 0.179134860635
    spectral_centroid:
        dmean: 431.63458252
        dmean2: 685.550598145
        dvar: 245850.453125
        dvar2: 495196.125
        max: 5778.26025391
        mean: 1438.64208984
        min: 144.609710693
        var: 821134.9375
    spectral_complexity:
        dmean: 3.31162786484
        dmean2: 4.5897436142
        dvar: 45.1494140625
        dvar2: 80.6197128296
        max: 46
        mean: 6.29002332687
        min: 0
        var: 88.6839141846
    spectral_crest:
        dmean: 2.82084989548
        dmean2: 4.46154260635
        dvar: 6.74734306335
        dvar2: 15.1135206223
        max: 25.1157894135
        mean: 10.0646724701
        min: 2.81989216805
        var: 21.6249866486
    spectral_decrease:
        dmean: 3.00815955478e-10
        dmean2: 4.40639691401e-10
        dvar: 3.03510040936e-19
        dvar2: 7.069165648e-19
        max: -5.33686766654e-12
        mean: -5.300814232e-10
        min: -5.23841903188e-09
        var: 4.47365383157e-19
    spectral_energy:
        dmean: 0.00135022809263
        dmean2: 0.00193240330555
        dvar: 6.40415964881e-06
        dvar2: 1.45535486809e-05
        max: 0.023979106918
        mean: 0.00233217328787
        min: 2.48624783126e-05
        var: 9.59794215305e-06
    spectral_energyband_high:
        dmean: 0.000214740983211
        dmean2: 0.000295189965982
        dvar: 2.73754153568e-07
        dvar2: 5.89240130466e-07
        max: 0.00407016789541
        mean: 0.000278901483398
        min: 2.46996535225e-07
        var: 4.01460965804e-07
    spectral_energyband_low:
        dmean: 0.00029546127189
        dmean2: 0.000531434430741
        dvar: 4.83444182464e-07
        dvar2: 1.31247713853e-06
        max: 0.00546695291996
        mean: 0.000456243316876
        min: 3.63877497023e-08
        var: 5.0360364412e-07
    spectral_energyband_middle_high:
        dmean: 0.000462116877316
        dmean2: 0.000661118829157
        dvar: 1.34856873046e-06
        dvar2: 3.14463341056e-06
        max: 0.0120863988996
        mean: 0.000692995090503
        min: 4.16097009293e-07
        var: 1.75722891527e-06
    spectral_energyband_middle_low:
        dmean: 0.000507795775775
        dmean2: 0.000747608952224
        dvar: 8.2773556187e-07
        dvar2: 1.80784877557e-06
        max: 0.007683432661
        mean: 0.000903864449356
        min: 1.30532043841e-07
        var: 1.66107338373e-06
    spectral_flatness_db:
        dmean: 0.0298389066011
        dmean2: 0.0475876554847
        dvar: 0.00109584047459
        dvar2: 0.00250590848736
        max: 0.364650249481
        mean: 0.176991149783
        min: 0.0786545649171
        var: 0.00278735440224
    spectral_flux:
        dmean: 0.0118895899504
        dmean2: 0.0178101398051
        dvar: 0.000280555803329
        dvar2: 0.000622419116553
        max: 0.142043799162
        mean: 0.0256434194744
        min: 0.00228920183145
        var: 0.000492138671689
    spectral_kurtosis:
        dmean: 1.39289569855
        dmean2: 2.35360193253
        dvar: 2.95769786835
        dvar2: 8.4761428833
        max: 14.1279582977
        mean: 2.05801582336
        min: -0.955877304077
        var: 3.72180819511
    spectral_rms:
        dmean: 0.00037624684046
        dmean2: 0.000523114169482
        dvar: 2.89756684424e-07
        dvar2: 6.01612782702e-07
        max: 0.00483676046133
        mean: 0.00126324885059
        min: 0.000155743618961
        var: 6.79492416111e-07
    spectral_rolloff:
        dmean: 891.624389648
        dmean2: 1547.32885742
        dvar: 1179253.75
        dvar2: 2489276.75
        max: 9173.14453125
        mean: 2831.14257812
        min: 107.666015625
        var: 3037367
    spectral_skewness:
        dmean: 0.27214294672
        dmean2: 0.432293981314
        dvar: 0.0710843652487
        dvar2: 0.180590808392
        max: 3.06858968735
        mean: 1.08952331543
        min: -0.0396228767931
        var: 0.14462852478
    spectral_spread:
        dmean: 872500.75
        dmean2: 1224721.875
        dvar: 1.09885764403e+12
        dvar2: 1.71964117811e+12
        max: 12949359
        mean: 6008639.5
        min: 2177974.75
        var: 3.42405598413e+12
    spectral_strongpeak:
        dmean: 0.146849289536
        dmean2: 0.227116376162
        dvar: 0.126332804561
        dvar2: 0.303880214691
        max: 3.95782613754
        mean: 0.280102610588
        min: 0.00488625420257
        var: 0.179489538074
    zerocrossingrate:
        dmean: 0.0147165693343
        dmean2: 0.0168485492468
        dvar: 0.00021067984926
        dvar2: 0.000252733269008
        max: 0.263671875
        mean: 0.0884185582399
        min: 0.01611328125
        var: 0.00160317041446
    barkbands:
        dmean: [8.77465538451e-07, 0.000152281587361, 0.000176213376108, 0.000102652687929, 0.000221501119086, 9.42311235121e-05, 3.64017214451e-05, 8.61913067638e-05, 4.99823363498e-05, 3.20597428072e-05, 2.15747168113e-05, 9.95699792838e-06, 1.84681412065e-05, 2.74864632956e-05, 2.93995344691e-05, 5.37154446647e-05, 7.28268714738e-05, 9.42335391301e-05, 0.000128726096591, 0.000138598988997, 9.39375750022e-05, 3.87255422538e-05, 7.34233026378e-06, 7.31568070478e-06, 5.879317996e-06, 1.25605424728e-07, 1.32714048084e-10]
        dmean2: [1.39377289088e-06, 0.000248446536716, 0.000333657342708, 0.000169958890183, 0.000306847825414, 0.000153716013301, 6.18311896687e-05, 0.000128384286654, 8.36975814309e-05, 6.01518659096e-05, 4.10375214415e-05, 1.76254779944e-05, 3.22675768984e-05, 4.76728273497e-05, 4.70623235742e-05, 9.60515462793e-05, 0.000112386485853, 0.000144839272252, 0.00018681603251, 0.000197806977667, 0.00013815650891, 5.57765997655e-05, 1.09456223072e-05, 1.15748625831e-05, 8.90360115591e-06, 1.98967015308e-07, 2.29717203593e-10]
        dvar: [6.14477002267e-12, 9.17475944107e-08, 2.25766640938e-07, 7.00627040828e-08, 2.11785760484e-07, 3.3798372101e-08, 8.6437861313e-09, 1.51919280711e-07, 3.83485030397e-08, 6.27988043789e-08, 2.85677970169e-08, 8.11673173118e-10, 2.50010367964e-09, 2.35359332024e-09, 4.95227414632e-09, 1.94423925848e-08, 2.67350106498e-08, 5.18657152782e-08, 7.67384662481e-08, 1.14208532409e-07, 5.23903125327e-08, 7.15212733482e-09, 1.89452037391e-10, 2.44937070626e-10, 1.50748288852e-10, 1.04752767875e-13, 4.10858413057e-20]
        dvar2: [1.65550663456e-11, 2.30253760947e-07, 6.63194214212e-07, 1.67544413898e-07, 3.63774432799e-07, 8.29251902701e-08, 2.25392664532e-08, 2.60474024572e-07, 1.07014571427e-07, 1.87954995567e-07, 8.56738466837e-08, 2.40201658563e-09, 7.02644831208e-09, 6.32149177449e-09, 1.27995534172e-08, 5.34521369389e-08, 6.25111056252e-08, 1.2047055975e-07, 1.54295861421e-07, 2.49895180104e-07, 9.91852431298e-08, 1.38991289589e-08, 4.0992803596e-10, 6.14760298223e-10, 3.40076772298e-10, 2.67359485245e-13, 1.14521410974e-19]
        max: [4.20959004259e-05, 0.00234266673215, 0.0043261218816, 0.00397264491767, 0.00387887470424, 0.00181558541954, 0.000716783106327, 0.00564387626946, 0.00293537671678, 0.00367906154133, 0.00249766162597, 0.000302643195027, 0.00038346965448, 0.000368328677723, 0.000644867541268, 0.00108800607268, 0.00150732439943, 0.00169487856328, 0.00233448855579, 0.00248528108932, 0.00160661689006, 0.000627134926617, 9.85262449831e-05, 8.115235687e-05, 6.36393961031e-05, 2.23280085265e-06, 1.55415402769e-09]
        mean: [3.68250744032e-06, 0.000279650237644, 0.000173081207322, 0.000133058434585, 0.000305308785755, 0.000121870361909, 4.01351935579e-05, 0.000238678403548, 6.04021115578e-05, 2.59771823039e-05, 1.67044490809e-05, 1.02537997009e-05, 2.05052729143e-05, 3.67883476429e-05, 4.23448072979e-05, 6.2934057496e-05, 9.4584422186e-05, 0.000131427979795, 0.000158043709234, 0.000179225360625, 0.000130349610117, 4.72865285701e-05, 8.49212847243e-06, 6.10121696809e-06, 5.18348633705e-06, 1.0560429331e-07, 1.51731752163e-10]
        min: [7.27787066723e-11, 9.63703961077e-09, 9.95613458343e-09, 6.74364653008e-09, 1.5501731454e-08, 3.73066093573e-08, 1.09594306963e-08, 8.23122281446e-09, 1.03028092724e-08, 1.03368487103e-08, 3.95028720845e-09, 1.03325499268e-08, 3.17132187178e-09, 5.65918156781e-09, 8.3415505614e-09, 3.10404288939e-08, 1.85702457856e-08, 3.55849643086e-08, 1.42737576425e-07, 8.85267397166e-08, 4.63046028187e-08, 4.66710474711e-08, 2.07621013715e-08, 1.0894003033e-08, 2.53684673268e-09, 3.93739103821e-11, 1.08316797914e-13]
        var: [8.00132807233e-11, 1.49201525801e-07, 1.57131921696e-07, 1.13169257077e-07, 4.14258465753e-07, 5.7719717006e-08, 1.06458504234e-08, 6.86590738042e-07, 2.84584746879e-08, 3.26163025477e-08, 1.48999648175e-08, 6.82272349728e-10, 2.07266670493e-09, 3.0390980843e-09, 6.13788708748e-09, 1.75170686845e-08, 3.86825114163e-08, 6.51829594744e-08, 1.16672765671e-07, 1.76790678097e-07, 8.5197605415e-08, 1.06586623971e-08, 2.52767889952e-10, 2.18670165308e-10, 1.5495700556e-10, 9.11435640502e-14, 5.88486854679e-20]
    mfcc:
        mean: [-800.479064941, 82.5712738037, -20.9420490265, 67.4933700562, -8.77722644806, 7.3492898941, -6.88813734055, 2.02681279182, 2.53930997849, -0.0756388455629, 3.97779464722, -9.48812198639, -5.47981071472]
        cov: [[7544.51318359, 72.9470214844, -566.403808594, -258.925170898, 144.998397827, -648.37677002, -10.9785032272, -490.910369873, 16.2071723938, -283.469421387, -119.502105713, 10.600235939, -277.50289917], [72.9470214844, 1140.70141602, -142.208633423, 259.632385254, 160.108901978, 149.968460083, -31.4167804718, 158.845672607, 41.7692756653, 140.275375366, 249.163085938, 105.260368347, 74.6507797241], [-566.403808594, -142.208633423, 861.54498291, 202.406860352, 197.978652954, 215.462493896, 275.374450684, 53.229095459, 81.0485992432, 62.1257133484, -19.3987960815, 42.3851089478, 61.9809989929], [-258.925170898, 259.632385254, 202.406860352, 429.986663818, 217.84336853, 253.734207153, 163.230010986, 141.437896729, 45.4046134949, 44.9497718811, 25.7953014374, 16.6951332092, 54.0845489502], [144.998397827, 160.108901978, 197.978652954, 217.84336853, 445.075073242, 232.168045044, 228.723419189, 198.655487061, 149.712814331, 107.157569885, 20.6688613892, -17.4364929199, -31.1288661957], [-648.37677002, 149.968460083, 215.462493896, 253.734207153, 232.168045044, 392.303039551, 202.208740234, 206.459487915, 85.9856948853, 90.0123825073, 8.03668022156, -53.197807312, -3.76478886604], [-10.9785032272, -31.4167804718, 275.374450684, 163.230010986, 228.723419189, 202.208740234, 284.316345215, 122.463874817, 91.0997009277, 43.6840209961, -71.0282363892, -22.9637813568, -6.57461738586], [-490.910369873, 158.845672607, 53.229095459, 141.437896729, 198.655487061, 206.459487915, 122.463874817, 280.214538574, 124.267349243, 126.774772644, 54.8400611877, -27.8432369232, 12.862906456], [16.2071723938, 41.7692756653, 81.0485992432, 45.4046134949, 149.712814331, 85.9856948853, 91.0997009277, 124.267349243, 150.247512817, 118.691352844, 55.1491775513, 2.25039577484, -41.0618858337], [-283.469421387, 140.275375366, 62.1257133484, 44.9497718811, 107.157569885, 90.0123825073, 43.6840209961, 126.774772644, 118.691352844, 176.32623291, 129.230789185, 26.9630203247, -30.039522171], [-119.502105713, 249.163085938, -19.3987960815, 25.7953014374, 20.6688613892, 8.03668022156, -71.0282363892, 54.8400611877, 55.1491775513, 129.230789185, 229.929214478, 61.187828064, -42.7090606689], [10.600235939, 105.260368347, 42.3851089478, 16.6951332092, -17.4364929199, -53.197807312, -22.9637813568, -27.8432369232, 2.25039577484, 26.9630203247, 61.187828064, 117.093032837, 75.3892669678], [-277.50289917, 74.6507797241, 61.9809989929, 54.0845489502, -31.1288661957, -3.76478886604, -6.57461738586, 12.862906456, -41.0618858337, -30.039522171, -42.7090606689, 75.3892669678, 191.812866211]]
        icov: [[0.000280185457086, -0.000155772373546, 0.000231201105635, -3.09894203383e-05, -0.000318725185934, 0.00056686863536, -0.000557135092095, 0.000688437081408, -0.000862894812599, 0.000820231449325, -0.000286938709905, 0.000221623777179, 8.6883912445e-05], [-0.000155772373546, 0.00182459584903, 0.000588149589021, -0.000588064489421, -0.000405830214731, -0.000759269692935, 0.000111408277007, -0.000185867233085, 0.00106326444075, -0.000480175716802, -0.00190854212269, -0.000348823872628, -0.00115962512791], [0.000231201105635, 0.000588149589021, 0.00261358241551, -0.000280283158645, -0.000388379354263, -0.000309005641611, -0.00309582427144, 0.00254387338646, -0.00127348152455, 0.000492377206683, -0.00234013260342, 0.000785352138337, -0.00203094654717], [-3.09894203383e-05, -0.000588064489421, -0.000280283158645, 0.00516906008124, -0.000985881895758, -0.002434250433, -0.00101656850893, -0.000362960563507, 0.000741784460843, 0.00194431073032, -0.00121859135106, -0.000922642298974, -0.000846581475344], [-0.000318725185934, -0.000405830214731, -0.000388379354263, -0.000985881895758, 0.00614534225315, -0.000763036776334, -0.00182879448403, -0.00199641240761, -0.00231484556571, 0.00016818678705, 0.00051304459339, -0.000491046463139, 0.000991873093881], [0.00056686863536, -0.000759269692935, -0.000309005641611, -0.002434250433, -0.000763036776334, 0.00919159129262, -0.00359464390203, -0.00117587018758, 0.000536063336767, -0.000890754978172, -0.000645539024845, 0.00478769978508, -0.000136166097946], [-0.000557135092095, 0.000111408277007, -0.00309582427144, -0.00101656850893, -0.00182879448403, -0.00359464390203, 0.0153453228995, -0.0044258357957, 0.000484672520543, -0.00288597098552, 0.00978490244597, -0.00661894818768, 0.0053250179626], [0.000688437081408, -0.000185867233085, 0.00254387338646, -0.000362960563507, -0.00199641240761, -0.00117587018758, -0.0044258357957, 0.0152171067894, -0.00817296933383, -0.00082058319822, -0.005605192855, 0.00963403005153, -0.00808325689286], [-0.000862894812599, 0.00106326444075, -0.00127348152455, 0.000741784460843, -0.00231484556571, 0.000536063336767, 0.000484672520543, -0.00817296933383, 0.027252394706, -0.0153954057023, 0.00517726549879, -0.00574431475252, 0.0055731269531], [0.000820231449325, -0.000480175716802, 0.000492377206683, 0.00194431073032, 0.00016818678705, -0.000890754978172, -0.00288597098552, -0.00082058319822, -0.0153954057023, 0.0270258877426, -0.0112802879885, -0.000889709102921, -0.000593108590692], [-0.000286938709905, -0.00190854212269, -0.00234013260342, -0.00121859135106, 0.00051304459339, -0.000645539024845, 0.00978490244597, -0.005605192855, 0.00517726549879, -0.0112802879885, 0.0210682749748, -0.012582606636, 0.0111874835566], [0.000221623777179, -0.000348823872628, 0.000785352138337, -0.000922642298974, -0.000491046463139, 0.00478769978508, -0.00661894818768, 0.00963403005153, -0.00574431475252, -0.000889709102921, -0.012582606636, 0.0289261769503, -0.0159355737269], [8.6883912445e-05, -0.00115962512791, -0.00203094654717, -0.000846581475344, 0.000991873093881, -0.000136166097946, 0.0053250179626, -0.00808325689286, 0.0055731269531, -0.000593108590692, 0.0111874835566, -0.0159355737269, 0.0174226928502]]
    spectral_contrast:
        mean: [9.367246534e-09, 1.52806052256e-07, 4.04703968115e-08, 3.65242669886e-07, -1.21387415675e-07, 2.14701188384e-07, 5.11687225924e-09, 1.47766968439e-06, 2.11869610212e-06, -2.93482003144e-06, 3.15863132982e-07, -4.34795822457e-07]
        var: [0.000559639011044, 0.000706518650986, 0.00140752887819, 0.00707532698289, 0.0089224614203, 0.00977095309645, 0.0498356558383, 0.0869720652699, 0.218400254846, 0.582461178303, 0.920333623886, 5.37892913818]

rhythm:
    beats_loudness:
        dmean: 0.00228816480376
        dmean2: 0.00393318245187
        dvar: 2.12042050407e-06
        dvar2: 7.44291764931e-06
        max: 0.0117832245305
        mean: 0.00920299254358
        min: 0.00610326370224
        var: 3.46295450981e-06
    beats_loudness_bass:
        dmean: 0.0668452307582
        dmean2: 0.130472704768
        dvar: 0.00161368586123
        dvar2: 0.00355157162994
        max: 0.125364080071
        mean: 0.0439339093864
        min: 0.00036491904757
        var: 0.00212944182567
    bpm: 85.3759307861
    bpm_confidence: 0
    first_peak_bpm: 85
    first_peak_spread: 0.0769230723381
    first_peak_weight: 0.923076927662
    onset_rate: 4.99755191803
    second_peak_bpm: 0
    second_peak_spread: 0
    second_peak_weight: 0
    beats_position: [0.350355625153, 1.05308198929, 1.75580847263, 2.45853495598, 3.16126132011, 3.86398768425, 4.5667142868, 5.26944065094, 6.00093317032, 6.70375490189, 7.40657711029, 8.10939979553, 8.81222248077, 9.51504421234]
    bpm_estimates: [85.4745635986, 85.3718490601, 85.4478225708, 85.3517532349, 85.330909729, 85.3522567749, 85.3678359985, 85.3927001953, 85.3631286621, 85.3647155762, 85.4396896362, 85.3556060791, 85.4376373291, 85.4308319092, 85.3464279175, 85.3370819092, 85.3575515747, 85.3484039307, 85.3267593384, 85.3212432861]
    bpm_intervals: [0.702726364136, 0.702726483345, 0.702726483345, 0.702726364136, 0.702726364136, 0.702726602554, 0.702726364136, 0.731492519379, 0.702821731567, 0.702822208405, 0.702822685242, 0.702822685242, 0.702821731567]
    onset_times: [0.0464399084449, 0.162539675832, 0.336689352989, 0.626938760281, 0.696598649025, 0.870748281479, 1.04489791393, 1.32353746891, 1.40480720997, 1.57895696163, 1.75310659409, 2.04335594177, 2.10140585899, 2.28716564178, 2.46131515503, 2.65868473053, 2.82122445107, 3.16952371597, 3.5178232193, 3.69197273254, 3.87773251534, 4.15637207031, 4.22603178024, 4.57433128357, 4.86458063126, 4.93424034119, 5.10838985443, 5.28253984451, 5.5727891922, 5.64244890213, 5.99074840546, 6.26938772202, 6.33904743195, 6.51319742203, 6.6989569664, 6.98920631409, 7.04725646973, 7.2330160141, 7.39555549622, 7.75546503067, 7.92961454391, 8.103764534, 8.39401340485, 8.46367359161, 8.8119726181, 9.17188167572, 9.34603214264, 9.52018165588, 9.81043052673, 9.86848068237]
    rubato_start: []
    rubato_stop: []
    perceptual_tempo: "unknown"

sfx:
    inharmonicity:
        dmean: 0.049874022603
        dmean2: 0.0882651731372
        dvar: 0.00361629971303
        dvar2: 0.0103551177308
        max: 0.367596596479
        mean: 0.0474038012326
        min: 0
        var: 0.00338504160754
    oddtoevenharmonicenergyratio:
        dmean: 6.84326791763
        dmean2: 13.4683799744
        dvar: 1240.85290527
        dvar2: 3666.65039062
        max: 393.608001709
        mean: 3.93816423416
        min: 0
        var: 643.527893066
    pitch_after_max_to_before_max_energy_ratio: 10.7776384354
    pitch_centroid: 225.95513916
    pitch_max_to_total: 0.0672853812575
    pitch_min_to_total: 0.570765674114
    tristimulus:
        dmean: [0.219858005643, 0.272881031036, 0.144622460008]
        dmean2: [0.384030401707, 0.474762499332, 0.260574042797]
        dvar: [0.0464514270425, 0.0591918043792, 0.0208621881902]
        dvar2: [0.111928500235, 0.162844315171, 0.0569314174354]
        max: [1, 0.97164940834, 0.672866642475]
        mean: [0.38363930583, 0.401975423098, 0.135403171182]
        min: [0.00447147293016, 0, 0]
        var: [0.0746143758297, 0.0798452496529, 0.0250173527747]

tonal:
    chords_changes_rate: 0.0460829511285
    chords_number_rate: 0.0184331797063
    chords_strength:
        dmean: 0.00888183712959
        dmean2: 0.00955809094012
        dvar: 5.15573665325e-05
        dvar2: 7.13356785127e-05
        max: 0.662224769592
        mean: 0.552771270275
        min: 0.419860213995
        var: 0.00249923439696
    key_strength: 0.690719306469
    tuning_diatonic_strength: 0.593152940273
    tuning_equal_tempered_deviation: 0.198331162333
    tuning_frequency: 436.456176758
    tuning_nontempered_energy_ratio: 0.864920914173
    hpcp:
        dmean: [0.0661342442036, 0.0679465830326, 0.0743967890739, 0.164856091142, 0.191271588206, 0.169533997774, 0.130871862173, 0.119651511312, 0.118068754673, 0.0933595150709, 0.0874920040369, 0.110633052886, 0.150687098503, 0.137016460299, 0.106286726892, 0.118448108435, 0.123003087938, 0.131909236312, 0.0821350514889, 0.0557408109307, 0.0938600823283, 0.130584701896, 0.162716165185, 0.134756356478, 0.109060443938, 0.132374584675, 0.136803880334, 0.181592851877, 0.179752901196, 0.131585925817, 0.125231727958, 0.129503592849, 0.11338377744, 0.119470745325, 0.100082777441, 0.0681592896581]
        dmean2: [0.115490555763, 0.119763381779, 0.127411022782, 0.279395610094, 0.332805842161, 0.288850188255, 0.22575289011, 0.217522859573, 0.216410472989, 0.17056633532, 0.159540250897, 0.187040299177, 0.255129933357, 0.221590816975, 0.184534281492, 0.204707846045, 0.197822853923, 0.228419229388, 0.148509055376, 0.099355250597, 0.163275912404, 0.215938076377, 0.291794121265, 0.244550317526, 0.188259333372, 0.235570937395, 0.239627763629, 0.310986965895, 0.31673809886, 0.221964359283, 0.225972026587, 0.238427713513, 0.192627891898, 0.198867738247, 0.163473948836, 0.116722017527]
        dvar: [0.0166432373226, 0.0176896099001, 0.00896748155355, 0.0582048632205, 0.0763627141714, 0.0594110712409, 0.0312864109874, 0.0311465468258, 0.0381646119058, 0.0214673038572, 0.0222158394754, 0.0251190233976, 0.0377998016775, 0.0249530635774, 0.0251608658582, 0.0370682068169, 0.0356487669051, 0.0435903295875, 0.0238259546459, 0.00908110290766, 0.0246314238757, 0.0431736186147, 0.0560149401426, 0.0482241362333, 0.0301797538996, 0.0540228448808, 0.0403141640127, 0.0526672191918, 0.057767290622, 0.028867483139, 0.0412473641336, 0.0448128320277, 0.0321574658155, 0.0294363293797, 0.0243527926505, 0.0203892551363]
        dvar2: [0.0481634438038, 0.051636621356, 0.0204274039716, 0.155905455351, 0.164283692837, 0.136774599552, 0.0832953155041, 0.0855057910085, 0.101286366582, 0.0552988350391, 0.0619287565351, 0.067481637001, 0.0879249125719, 0.0603150464594, 0.0678942650557, 0.0975804105401, 0.0838612020016, 0.114653304219, 0.0640180408955, 0.0256124548614, 0.0667940527201, 0.0909966081381, 0.152118891478, 0.138609051704, 0.0720532163978, 0.152229577303, 0.111747890711, 0.106123954058, 0.125131994486, 0.0775767490268, 0.11658654362, 0.120435617864, 0.0859664902091, 0.0677627250552, 0.0550371557474, 0.0496961846948]
        max: [1, 1, 0.586225926876, 1, 1, 1, 1, 1, 1, 0.764951646328, 1, 1, 1, 1, 1, 1, 1, 1, 0.965930998325, 0.751514554024, 1, 1, 1, 1, 1, 1, 1, 1, 1, 1, 1, 1, 1, 1, 1, 1]
        mean: [0.0690032839775, 0.0673922225833, 0.0837609618902, 0.149136096239, 0.205713704228, 0.19997510314, 0.147402793169, 0.103707790375, 0.096191495657, 0.080497443676, 0.0755530521274, 0.195747390389, 0.345041006804, 0.254043757915, 0.109676159918, 0.108231931925, 0.134990438819, 0.127038598061, 0.0815354734659, 0.0525246486068, 0.102910220623, 0.188648015261, 0.174909740686, 0.12295345217, 0.116283722222, 0.11346064508, 0.160079210997, 0.353440910578, 0.355724066496, 0.158607497811, 0.109576158226, 0.112195447087, 0.125858545303, 0.153547793627, 0.121680349112, 0.074742205441]
        min: [0.000187123514479, 0.000204509371542, 0.000192590901861, 3.42423504662e-06, 0.000231656435062, 0.00079913972877, 0.000879486498889, 0.000544353795704, 0.00046620782814, 0.000236007457715, 0.000117265459266, 0.000371836009435, 0.001121926005, 0.000943930179346, 0.000364470470231, 0.000373084214516, 0.000306863134028, 0.000398607953684, 0.00039865335566, 0.000119639465993, 1.28457422761e-05, 0, 0.00014892211766, 0.000190783757716, 0.000158102251589, 0.000256711500697, 0.000833200290799, 0.000247610994847, 0, 9.3629474577e-05, 0.000194807886146, 0.000232651713304, 0.000321329658618, 0.000453489425126, 0.00040175311733, 0.000316118588671]
        var: [0.0124593758956, 0.0123117445037, 0.0116772092879, 0.0563052035868, 0.0878121107817, 0.0819049701095, 0.042222186923, 0.0260366704315, 0.029530974105, 0.0184162799269, 0.0157944876701, 0.0484271459281, 0.132335394621, 0.0582496970892, 0.0216930918396, 0.0324236005545, 0.044198833406, 0.0393906198442, 0.0193524509668, 0.00680438010022, 0.0312567390501, 0.087138928473, 0.0674013420939, 0.046083137393, 0.0408095084131, 0.044013492763, 0.0377277694643, 0.129289507866, 0.139935567975, 0.0329893156886, 0.0312623530626, 0.0414507947862, 0.0356103628874, 0.0525261797011, 0.0360679030418, 0.0167952440679]
    chords_histogram: [0.460829496384, 0, 0, 0, 19.8156681061, 0, 0, 0, 0, 63.1336402893, 13.3640556335, 0, 0, 0, 0, 0, 0, 3.22580647469, 0, 0, 0, 0, 0, 0]
    thpcp: [1, 0.445872277021, 0.308036953211, 0.315400213003, 0.353809475899, 0.43164858222, 0.342063874006, 0.21011286974, 0.193979799747, 0.189450845122, 0.235466107726, 0.419246584177, 0.578295707703, 0.56216353178, 0.414373964071, 0.291539996862, 0.27041041851, 0.226291805506, 0.212392300367, 0.55027872324, 0.969968140125, 0.714159607887, 0.308318078518, 0.304258108139, 0.379480749369, 0.357126802206, 0.229209885001, 0.147655591369, 0.289297878742, 0.53032118082, 0.491700619459, 0.345642775297, 0.326893031597, 0.318956911564, 0.45000949502, 0.993581652641]
    chords_key: "F#"
    chords_scale: "major"
    key_key: "B"
    key_scale: "minor"
    chords_progression: ["F#", "F#", "F#", "F#", "F#", "F#", "F#", "F#", "F#", "F#", "F#", "F#", "F#", "F#", "F#", "F#", "F#", "F#", "F#", "F#", "F#", "F#", "F#", "F#", "F#", "F#", "F#", "F#", "F#", "F#", "F#", "F#", "F#", "F#", "F#", "F#", "F#", "F#", "F#", "F#", "F#", "F#", "F#", "F#", "F#", "F#", "F#", "F#", "F#", "F#", "F#", "A#m", "A#m", "C#m", "C#m", "C#m", "C#m", "C#m", "C#m", "C#m", "C#m", "C#m", "C#m", "C#m", "C#m", "C#m", "C#m", "C#m", "C#m", "C#m", "C#m", "C#m", "C#m", "C#m", "C#m", "C#m", "C#m", "C#m", "C#m", "C#m", "C#m", "C#m", "C#m", "C#m", "C#m", "C#m", "C#m", "C#m", "C#m", "C#m", "C#m", "C#m", "C#m", "C#m", "C#m", "C#m", "F#", "F#", "F#", "F#", "F#", "F#", "F#", "F#", "F#", "F#", "F#", "F#", "F#", "F#", "F#", "F#", "F#", "F#", "F#", "F#", "F#", "F#", "F#", "F#", "F#", "F#", "F#", "F#", "F#", "F#", "F#", "F#", "F#", "F#", "F#", "F#", "F#", "F#", "F#", "F#", "F#", "F#", "F#", "F#", "F#", "F#", "F#", "F#", "F#", "F#", "F#", "F#", "F#", "F#", "F#", "F#", "F#", "F#", "F#", "F#", "F#", "F#", "F#", "F#", "F#", "F#", "F#", "F#", "F#", "F#", "F#", "F#", "F#", "Bm", "F#", "F#", "F#", "F#", "F#", "F#", "F#", "F#", "F#", "F#", "A#m", "A#m", "A#m", "A#m", "A#m", "A#m", "A#m", "A#m", "A#", "A#", "A#", "A#", "A#", "A#", "A#", "A#m", "A#m", "A#m", "A#m", "A#m", "A#m", "A#m", "A#m", "A#m", "A#m", "A#m", "A#m", "A#m", "A#m", "A#m", "F#", "F#", "F#", "A#m", "A#m", "A#m", "A#m"]
