
metadata:
    version:
        essentia: "1.2.2"
    audio_properties:
        analysis_sample_rate: 44100
        bitrate: 128
        channels: 2
        equal_loudness: 1
        length: 10.0832653046
        replay_gain: -15.0286083221
        downmix: "mix"
    tags:
        track: 9
        year: 0
        album: "Splitted by Mp3Splt v. 2.1"
        artist: "From 001.20 To 001.30"
        comment: "http://mp3splt.sf.net"
        genre: ""
        title: "16 La Correcion Exchange.mp3"

highlevel:
    ballroom:
        all:
            ChaChaCha: 0.105624735355
            Jive: 0.258024871349
            Quickstep: 0.215928152204
            Rumba-American: 0.00345402816311
            Rumba-International: 0.0510925762355
            Rumba-Misc: 0.00935368798673
            Samba: 0.349799871445
            Tango: 0.00130141340196
            VienneseWaltz: 0.00219536595978
            Waltz: 0.00322530861013
        probability: 0.349799871445
        value: "Samba"
    culture:
        all:
            non_western: 0.368694961071
            western: 0.631305038929
        probability: 0.631305038929
        value: "western"
    gender:
        all:
            female: 0.833999991417
            male: 0.165999978781
        probability: 0.833999991417
        value: "female"
    genre_dortmund:
        all:
            alternative: 0.0715044513345
            blues: 0.010464633815
            electronic: 0.429972052574
            folkcountry: 0.0185834709555
            funksoulrnb: 0.0068822237663
            jazz: 0.225764364004
            pop: 0.0234431382269
            raphiphop: 0.0632191747427
            rock: 0.150166481733
        probability: 0.429972052574
        value: "electronic"
    genre_electronica:
        all:
            ambient: 0.18474034965
            dnb: 0.638042390347
            house: 0.086712487042
            techno: 0.0463707782328
            trance: 0.0441339872777
        probability: 0.638042390347
        value: "dnb"
    genre_rosamerica:
        all:
            cla: 0.0431914515793
            dan: 0.349151164293
            hip: 0.177489444613
            jaz: 0.0540134236217
            pop: 0.0414544567466
            rhy: 0.244803383946
            roc: 0.0711396187544
            spe: 0.0187570694834
        probability: 0.349151164293
        value: "dan"
    genre_tzanetakis:
        all:
            blu: 0.0134318852797
            cla: 0.0117428880185
            cou: 0.0254309512675
            dis: 0.133838534355
            hip: 0.233306750655
            jaz: 0.0161563102156
            met: 0.0864977166057
            pop: 0.294335991144
            reg: 0.0846659317613
            roc: 0.100593037903
        probability: 0.294335991144
        value: "pop"
    live_studio:
        all:
            live: 0.028192171827
            studio: 0.971807837486
        probability: 0.971807837486
        value: "studio"
    mood:
        all:
            Cluster1: 0.455080896616
            Cluster2: 0.125703334808
            Cluster3: 0.0488481484354
            Cluster4: 0.0751143321395
            Cluster5: 0.295253306627
        probability: 0.455080896616
        value: "Cluster1"
    mood_acoustic:
        all:
            acoustic: 0.155851215124
            not_acoustic: 0.844148755074
        probability: 0.844148755074
        value: "not_acoustic"
    mood_aggressive:
        all:
            aggressive: 0.266991376877
            not_aggressive: 0.733008623123
        probability: 0.733008623123
        value: "not_aggressive"
    mood_electronic:
        all:
            electronic: 0.82315415144
            not_electronic: 0.176845878363
        probability: 0.82315415144
        value: "electronic"
    mood_happy:
        all:
            happy: 0.0673034116626
            not_happy: 0.932696580887
        probability: 0.932696580887
        value: "not_happy"
    mood_party:
        all:
            not_party: 0.243625283241
            party: 0.756374716759
        probability: 0.756374716759
        value: "party"
    mood_relaxed:
        all:
            not_relaxed: 0.5
            relaxed: 0.5
        probability: 0.5
        value: "not_relaxed"
    mood_sad:
        all:
            not_sad: 0.594335913658
            sad: 0.405664116144
        probability: 0.594335913658
        value: "not_sad"
    rhythm:
        all:
            fast: 0.569191992283
            medium: 0.378822952509
            slow: 0.0519850663841
        probability: 0.569191992283
        value: "fast"
    speech_music:
        all:
            music: 0.82621461153
            speech: 0.173785358667
        probability: 0.82621461153
        value: "music"
    timbre:
        all:
            bright: 0.722427904606
            dark: 0.277572125196
        probability: 0.722427904606
        value: "bright"
    voice_instrumental:
        all:
            instrumental: 0.843212902546
            voice: 0.156787082553
        probability: 0.843212902546
        value: "instrumental"

lowlevel:
    average_loudness: 0.978356778622
    barkbands_kurtosis:
        dmean: 4.62893772125
        dmean2: 7.4768614769
        dvar: 31.9384975433
        dvar2: 72.3847351074
        max: 39.6709060669
        mean: 5.25663518906
        min: -1.86027216911
        var: 56.010974884
    barkbands_skewness:
        dmean: 0.82660394907
        dmean2: 1.28007280827
        dvar: 0.562730014324
        dvar2: 1.23970460892
        max: 5.79437112808
        mean: 1.79230058193
        min: -3.65924239159
        var: 2.02243804932
    barkbands_spread:
        dmean: 8.69755172729
        dmean2: 13.3353023529
        dvar: 67.6289215088
        dvar2: 151.862930298
        max: 57.577331543
        mean: 24.1314659119
        min: 2.03350377083
        var: 207.164398193
    dissonance:
        dmean: 0.019678786397
        dmean2: 0.032626632601
        dvar: 0.000513768696692
        dvar2: 0.00089445017511
        max: 0.499566674232
        mean: 0.458467751741
        min: 0.16300393641
        var: 0.00114134314936
    hfc:
        dmean: 1.40428566933
        dmean2: 1.86210215092
        dvar: 8.46610641479
        dvar2: 15.1851768494
        max: 27.6014995575
        mean: 2.09968924522
        min: 0.00156898866408
        var: 15.4766082764
    pitch:
        dmean: 850.186462402
        dmean2: 1640.2121582
        dvar: 2288614
        dvar2: 5236069
        max: 4900
        mean: 1006.68353271
        min: 79.1741485596
        var: 2430681.5
    pitch_instantaneous_confidence:
        dmean: 0.0962390378118
        dmean2: 0.157946199179
        dvar: 0.00592932058498
        dvar2: 0.0150222461671
        max: 0.692555069923
        mean: 0.352691501379
        min: 0.129821658134
        var: 0.0151862865314
    pitch_salience:
        dmean: 0.072215385735
        dmean2: 0.121245399117
        dvar: 0.00389184895903
        dvar2: 0.0104723228142
        max: 0.879718780518
        mean: 0.645347833633
        min: 0.36407494545
        var: 0.00785759370774
    silence_rate_20dB:
        dmean: 0
        dmean2: 0
        dvar: 0
        dvar2: 0
        max: 1
        mean: 1
        min: 1
        var: 0
    silence_rate_30dB:
        dmean: 0
        dmean2: 0
        dvar: 0
        dvar2: 0
        max: 1
        mean: 1
        min: 1
        var: 0
    silence_rate_60dB:
        dmean: 0.156682029366
        dmean2: 0.314087748528
        dvar: 0.132132261992
        dvar2: 0.270862936974
        max: 1
        mean: 0.800000011921
        min: 0
        var: 0.160000473261
    spectral_centroid:
        dmean: 338.091949463
        dmean2: 510.343902588
        dvar: 166973.5625
        dvar2: 319855.9375
        max: 4722.67626953
        mean: 993.046691895
        min: 172.679229736
        var: 643806.3125
    spectral_complexity:
        dmean: 2.56944441795
        dmean2: 3.61020874977
        dvar: 19.222038269
        dvar2: 34.4837989807
        max: 40
        mean: 4.87990760803
        min: 0
        var: 36.0779800415
    spectral_crest:
        dmean: 2.76149320602
        dmean2: 4.42304611206
        dvar: 5.09565639496
        dvar2: 14.084643364
        max: 21.6036224365
        mean: 9.61582279205
        min: 2.57626986504
        var: 13.6269245148
    spectral_decrease:
        dmean: 3.61585261732e-10
        dmean2: 5.23583731926e-10
        dvar: 3.42781319397e-19
        dvar2: 6.66658149676e-19
        max: -8.34497618576e-13
        mean: -5.52061785175e-10
        min: -4.0973553439e-09
        var: 5.99522982089e-19
    spectral_energy:
        dmean: 0.00144698610529
        dmean2: 0.00206688465551
        dvar: 5.56034592591e-06
        dvar2: 1.03135334939e-05
        max: 0.017006225884
        mean: 0.00227405736223
        min: 3.29190015691e-06
        var: 1.0294897038e-05
    spectral_energyband_high:
        dmean: 0.000139492956805
        dmean2: 0.000192123217857
        dvar: 1.13702853355e-07
        dvar2: 2.2789319587e-07
        max: 0.00339072779752
        mean: 0.000166459634784
        min: 5.32898951633e-08
        var: 1.62846689022e-07
    spectral_energyband_low:
        dmean: 0.000302755099256
        dmean2: 0.000510113430209
        dvar: 3.12430842087e-07
        dvar2: 7.4709492992e-07
        max: 0.00339777348563
        mean: 0.000272230798146
        min: 1.61468727278e-09
        var: 2.82144441144e-07
    spectral_energyband_middle_high:
        dmean: 0.000225025476539
        dmean2: 0.000320681021549
        dvar: 2.97065412269e-07
        dvar2: 6.65650247811e-07
        max: 0.00446665426716
        mean: 0.000327958347043
        min: 3.4481485045e-07
        var: 4.25609925969e-07
    spectral_energyband_middle_low:
        dmean: 0.00105711305514
        dmean2: 0.00165413098875
        dvar: 3.55851602762e-06
        dvar2: 8.08708864497e-06
        max: 0.0135776847601
        mean: 0.00150737178046
        min: 2.85359060825e-08
        var: 5.01936256114e-06
    spectral_flatness_db:
        dmean: 0.0300718098879
        dmean2: 0.0465709045529
        dvar: 0.000710632535629
        dvar2: 0.00159867212642
        max: 0.304716259241
        mean: 0.159922644496
        min: 0.0746422931552
        var: 0.00216240785085
    spectral_flux:
        dmean: 0.011691134423
        dmean2: 0.0172804128379
        dvar: 0.00022982590599
        dvar2: 0.000448939244961
        max: 0.118041247129
        mean: 0.0287168212235
        min: 0.0026793719735
        var: 0.000482462550281
    spectral_kurtosis:
        dmean: 1.25758683681
        dmean2: 1.8759534359
        dvar: 2.11796021461
        dvar2: 5.03035449982
        max: 17.9299545288
        mean: 2.99172329903
        min: -0.168948173523
        var: 6.22937774658
    spectral_rms:
        dmean: 0.000429512117989
        dmean2: 0.000587187940255
        dvar: 2.75195475297e-07
        dvar2: 4.62807605572e-07
        max: 0.00407325942069
        mean: 0.00123313791119
        min: 5.66710659768e-05
        var: 6.97961127116e-07
    spectral_rolloff:
        dmean: 759.59362793
        dmean2: 1224.99328613
        dvar: 1000585.4375
        dvar2: 2161407
        max: 5900.09765625
        mean: 1876.67163086
        min: 172.265625
        var: 2672266.75
    spectral_skewness:
        dmean: 0.266460299492
        dmean2: 0.385390162468
        dvar: 0.0632353127003
        dvar2: 0.134772956371
        max: 3.48977208138
        mean: 1.50893104076
        min: 0.564888894558
        var: 0.252565085888
    spectral_spread:
        dmean: 918699.1875
        dmean2: 1289377.875
        dvar: 1.08429685555e+12
        dvar2: 1.4842846249e+12
        max: 23061676
        mean: 6705444
        min: 3078561
        var: 2.87519224627e+12
    spectral_strongpeak:
        dmean: 0.101018607616
        dmean2: 0.170772910118
        dvar: 0.0258384943008
        dvar2: 0.0712242275476
        max: 1.65424144268
        mean: 0.156202405691
        min: 0
        var: 0.0280838906765
    zerocrossingrate:
        dmean: 0.0135644981638
        dmean2: 0.0161869190633
        dvar: 0.000176279747393
        dvar2: 0.000204733063583
        max: 0.20703125
        mean: 0.0665618702769
        min: 0.00439453125
        var: 0.00148554588668
    barkbands:
        dmean: [2.69705509481e-07, 0.000111614521302, 0.000211697915802, 0.000421370874392, 0.000478740374092, 0.000286572932964, 8.7011641881e-05, 4.01818506361e-05, 3.81695317628e-05, 1.61611387739e-05, 1.17090157801e-05, 6.96577490089e-06, 1.08398744487e-05, 1.49464349306e-05, 4.1188668547e-05, 4.30260224675e-05, 2.70877335424e-05, 4.22133125539e-05, 5.2587922255e-05, 5.27478550794e-05, 7.41116091376e-05, 3.08566450258e-05, 6.7169171416e-06, 2.41905991061e-06, 1.69262830241e-06, 1.0095637748e-07, 8.77861727755e-10]
        dmean2: [3.95785122009e-07, 0.000198023859411, 0.000364389270544, 0.000731866341084, 0.000786854012404, 0.000458218652057, 0.000134035013616, 6.49048524792e-05, 5.69011681364e-05, 2.56395251199e-05, 1.78786194738e-05, 1.12524066935e-05, 1.69674767676e-05, 2.69369757007e-05, 7.56610897952e-05, 7.60895563872e-05, 4.0169681597e-05, 6.64622057229e-05, 7.86167001934e-05, 6.9025249104e-05, 0.000111357025162, 4.65630510007e-05, 1.01816558526e-05, 3.68074688595e-06, 2.44858097176e-06, 1.52336127712e-07, 1.36447519949e-09]
        dvar: [1.24609307248e-12, 6.90616914767e-08, 1.66439264149e-07, 8.86994655502e-07, 7.5303222502e-07, 3.95662567598e-07, 1.89772162429e-08, 4.16565226757e-09, 6.61220278531e-09, 9.54562096034e-10, 3.30237837076e-10, 1.81233486551e-10, 3.87664178536e-10, 1.87592252843e-09, 2.94576665283e-08, 2.76160374568e-08, 4.95606755635e-09, 1.14006581953e-08, 1.73555605443e-08, 1.36151907526e-08, 3.73845843171e-08, 8.2047408867e-09, 2.8070198943e-10, 1.51202540072e-11, 6.54630733302e-12, 3.3344000846e-14, 1.05292885581e-16]
        dvar2: [2.88009004666e-12, 1.80048715492e-07, 4.16975183271e-07, 2.1965772703e-06, 1.95492611965e-06, 1.00236081835e-06, 4.19582981692e-08, 1.05114725812e-08, 1.48580880932e-08, 2.38010966491e-09, 8.30137181218e-10, 4.3716064102e-10, 9.47191991507e-10, 5.5960058809e-09, 8.68158593903e-08, 7.8194439368e-08, 1.06765698504e-08, 2.72839333348e-08, 3.38468524319e-08, 2.31101573434e-08, 8.34288229612e-08, 1.87990973899e-08, 6.21007800738e-10, 3.11458393798e-11, 1.30803987433e-11, 7.69055026367e-14, 2.64608698739e-16]
        max: [1.38167824844e-05, 0.00177434389479, 0.00293231592514, 0.00577822560444, 0.00625169603154, 0.0047716232948, 0.00119081989396, 0.000702079501934, 0.000835508632008, 0.000297124643112, 0.000179627895704, 0.000155210844241, 0.000223473034566, 0.000447554833954, 0.001466156682, 0.00149253359996, 0.000744257995393, 0.000970657507423, 0.00131841318216, 0.0010584006086, 0.00177647673991, 0.000888895534445, 0.000172323489096, 2.4862742066e-05, 2.03890049306e-05, 1.37359950259e-06, 1.52679177745e-07]
        mean: [2.66664642368e-07, 8.69526556926e-05, 0.00018504995387, 0.000384750484955, 0.000545595947187, 0.000339434191119, 0.000133584064315, 4.90762140544e-05, 5.09985475219e-05, 2.2515814635e-05, 1.67989983311e-05, 9.25136191654e-06, 1.69609502336e-05, 1.74198285094e-05, 3.29919239448e-05, 3.6846347939e-05, 3.16347141052e-05, 4.84031152155e-05, 7.07191720721e-05, 6.88569125487e-05, 8.19810811663e-05, 3.15925499308e-05, 7.0223863986e-06, 3.06334641209e-06, 2.17857154894e-06, 1.12333225388e-07, 5.38770528191e-10]
        min: [2.33783218478e-12, 1.12886401615e-10, 1.49949219708e-09, 9.36069888269e-10, 3.99418054187e-09, 2.07671058128e-09, 2.33131958183e-09, 1.3214874528e-08, 5.32586952318e-09, 1.72943248611e-09, 3.62721852554e-09, 1.95929228397e-08, 1.48257459642e-08, 1.04142987567e-08, 2.0382858068e-08, 1.21372467632e-08, 8.12160205754e-09, 2.60929162721e-08, 1.67187739208e-08, 1.06444533188e-08, 1.84074959719e-08, 1.22614070008e-08, 2.76818967748e-09, 3.54788221024e-09, 2.5213791055e-09, 1.96781549389e-10, 6.87709692117e-15]
        var: [1.04876188029e-12, 4.97446457359e-08, 1.39439421787e-07, 8.14560962681e-07, 8.01524549843e-07, 4.22998311933e-07, 4.5151548278e-08, 7.628655041e-09, 9.09866315624e-09, 1.23746946024e-09, 6.41109665356e-10, 2.59610610787e-10, 6.23778140252e-10, 1.59897795005e-09, 1.73398415626e-08, 1.73821295135e-08, 6.39916386547e-09, 1.3238714125e-08, 2.92281505665e-08, 2.47494540417e-08, 4.44917631626e-08, 8.63818794272e-09, 3.357127909e-10, 2.49240645483e-11, 1.1700787908e-11, 4.02694913006e-14, 5.37051909609e-17]
    mfcc:
        mean: [-795.124938965, 107.262016296, -4.38929510117, 50.5474128723, -14.6240491867, -4.29357385635, -5.51259565353, -15.9391355515, -4.73668479919, -10.2216978073, -6.26203155518, -6.77307796478, -7.30568218231]
        cov: [[6431.37695312, -409.148834229, -61.2404441833, 29.2859630585, 99.5784683228, -6.02785301208, -124.697853088, -15.3471784592, -31.6592292786, -72.7415390015, -20.2582263947, -140.079238892, -66.2760925293], [-409.148834229, 1351.93041992, 197.298721313, 47.5096168518, 98.6756286621, 4.74442338943, 52.9506874084, 9.88337993622, -63.2376441956, -28.6746387482, -45.033870697, 4.24530220032, -29.3498249054], [-61.2404441833, 197.298721313, 271.18081665, 64.4893798828, 30.1559085846, 18.6409854889, 29.8519554138, 13.5476131439, -3.39520454407, -18.4542713165, -14.2400922775, 11.6416435242, 0.328557580709], [29.2859630585, 47.5096168518, 64.4893798828, 172.335830688, 82.7204742432, 66.740524292, 29.3472614288, 48.786895752, 15.112862587, 8.57506465912, 8.13894271851, -19.6862678528, -5.37475967407], [99.5784683228, 98.6756286621, 30.1559085846, 82.7204742432, 193.035339355, 77.6870269775, 39.1891021729, 59.185333252, 28.256570816, -5.88091945648, 16.2248630524, -11.7138786316, 3.37123155594], [-6.02785301208, 4.74442338943, 18.6409854889, 66.740524292, 77.6870269775, 108.339012146, 44.6155776978, 28.710641861, 19.2142238617, 10.6561460495, 9.24748897552, -4.6770529747, 13.0636348724], [-124.697853088, 52.9506874084, 29.8519554138, 29.3472614288, 39.1891021729, 44.6155776978, 83.9080734253, 51.3334732056, 18.5880908966, 14.6146354675, 19.9727630615, 16.6860218048, 18.872795105], [-15.3471784592, 9.88337993622, 13.5476131439, 48.786895752, 59.185333252, 28.710641861, 51.3334732056, 117.302108765, 44.0414619446, 17.6474132538, 32.5156211853, 8.92654514313, 28.2591838837], [-31.6592292786, -63.2376441956, -3.39520454407, 15.112862587, 28.256570816, 19.2142238617, 18.5880908966, 44.0414619446, 73.4507446289, 32.939289093, 21.8218212128, 9.46831989288, 13.7630319595], [-72.7415390015, -28.6746387482, -18.4542713165, 8.57506465912, -5.88091945648, 10.6561460495, 14.6146354675, 17.6474132538, 32.939289093, 64.2357711792, 32.2449455261, 15.8612728119, 12.4727315903], [-20.2582263947, -45.033870697, -14.2400922775, 8.13894271851, 16.2248630524, 9.24748897552, 19.9727630615, 32.5156211853, 21.8218212128, 32.2449455261, 63.4270782471, 26.8342132568, 19.8904342651], [-140.079238892, 4.24530220032, 11.6416435242, -19.6862678528, -11.7138786316, -4.6770529747, 16.6860218048, 8.92654514313, 9.46831989288, 15.8612728119, 26.8342132568, 57.9617500305, 29.3127193451], [-66.2760925293, -29.3498249054, 0.328557580709, -5.37475967407, 3.37123155594, 13.0636348724, 18.872795105, 28.2591838837, 13.7630319595, 12.4727315903, 19.8904342651, 29.3127193451, 54.2244682312]]
        icov: [[0.00017505674623, 5.84511144552e-05, -4.32687957073e-05, 5.71953532926e-05, -0.000138520801556, -4.44728675575e-06, 0.000256742321653, -8.3120437921e-05, 0.000109448905278, 8.87902642717e-05, -0.000174450920895, 0.0003842820297, 2.32281854551e-05], [5.84511144552e-05, 0.00102541095112, -0.000603657390457, 0.000173050662852, -0.000916696502827, 0.000568545830902, -0.000534127058927, -0.000330548064085, 0.00141227559652, -0.000895657460205, 0.0010505260434, -0.000490701349918, 0.000652935297694], [-4.32687957073e-05, -0.000603657390457, 0.00503240246326, -0.00241931364872, 0.000416309194406, 0.000566026137676, -0.00150074250996, 0.000748162681703, -0.00118896365166, 0.00210506655276, 0.00125973427203, -0.00239676842466, -2.86167996819e-05], [5.71953532926e-05, 0.000173050662852, -0.00241931364872, 0.0105404052883, -0.00168471736833, -0.00490402476862, 0.00198670173995, -0.00408966466784, 0.00230510323308, -0.00274068326689, -0.000560006301384, 0.00278262537904, 0.00269560422748], [-0.000138520801556, -0.000916696502827, 0.000416309194406, -0.00168471736833, 0.0102122845128, -0.0057337176986, 0.000682438665535, -0.00227483268827, -0.00334616936743, 0.0051022474654, -0.00345148169436, 0.000920729129575, 0.00130347511731], [-4.44728675575e-06, 0.000568545830902, 0.000566026137676, -0.00490402476862, -0.0057337176986, 0.0196680631489, -0.00907552335411, 0.00546012166888, -0.00132811826188, -0.00202887202613, 0.00175125710666, 0.00330363819376, -0.00588044757023], [0.000256742321653, -0.000534127058927, -0.00150074250996, 0.00198670173995, 0.000682438665535, -0.00907552335411, 0.0231751371175, -0.00929204933345, 0.00228235428222, -0.00179248151835, -0.000742381031159, -0.0046267407015, 0.00175767356995], [-8.3120437921e-05, -0.000330548064085, 0.000748162681703, -0.00408966466784, -0.00227483268827, 0.00546012166888, -0.00929204933345, 0.0198676548898, -0.00864500086755, 0.00358337117359, -0.0053998506628, 0.00503807654604, -0.00835713837296], [0.000109448905278, 0.00141227559652, -0.00118896365166, 0.00230510323308, -0.00334616936743, -0.00132811826188, 0.00228235428222, -0.00864500086755, 0.0251623373479, -0.0124961109832, 0.00322867673822, -0.00200089160353, 0.00175793899689], [8.87902642717e-05, -0.000895657460205, 0.00210506655276, -0.00274068326689, 0.0051022474654, -0.00202887202613, -0.00179248151835, 0.00358337117359, -0.0124961109832, 0.0292454361916, -0.0123629355803, -0.000136461676448, -0.000679345976096], [-0.000174450920895, 0.0010505260434, 0.00125973427203, -0.000560006301384, -0.00345148169436, 0.00175125710666, -0.000742381031159, -0.0053998506628, 0.00322867673822, -0.0123629355803, 0.0305343680084, -0.0119587425143, 0.000445846730145], [0.0003842820297, -0.000490701349918, -0.00239676842466, 0.00278262537904, 0.000920729129575, 0.00330363819376, -0.0046267407015, 0.00503807654604, -0.00200089160353, -0.000136461676448, -0.0119587425143, 0.0340716689825, -0.0148665737361], [2.32281854551e-05, 0.000652935297694, -2.86167996819e-05, 0.00269560422748, 0.00130347511731, -0.00588044757023, 0.00175767356995, -0.00835713837296, 0.00175793899689, -0.000679345976096, 0.000445846730145, -0.0148665737361, 0.0317533835769]]
    spectral_contrast:
        mean: [4.47464998388e-08, 1.01367038496e-06, 3.22723707313e-07, -1.19054426762e-07, -7.38175298665e-09, 2.82881167379e-08, -7.4052918535e-06, 1.06132063138e-06, -1.67515895555e-06, 4.5605125365e-07, -3.54434268957e-06, -2.25093572226e-06]
        var: [0.000255142746028, 0.000503953604493, 0.000804362643976, 0.00120177667122, 0.00380543014035, 0.00697174621746, 0.0483413860202, 0.0802855566144, 0.125572919846, 0.233217760921, 0.664678275585, 3.26493525505]

rhythm:
    beats_loudness:
        dmean: 0.00469787092879
        dmean2: 0.00830967817456
        dvar: 8.93942615221e-06
        dvar2: 2.37385320361e-05
        max: 0.0159150548279
        mean: 0.00993834063411
        min: 0.00165528920479
        var: 1.87714213098e-05
    beats_loudness_bass:
        dmean: 0.178445503116
        dmean2: 0.350652337074
        dvar: 0.00819323118776
        dvar2: 0.0151053341106
        max: 0.501012086868
        mean: 0.290776908398
        min: 0.078195348382
        var: 0.0146382413805
    bpm: 79.4079742432
    bpm_confidence: 0
    first_peak_bpm: 79
    first_peak_spread: 0.0833333134651
    first_peak_weight: 0.916666686535
    onset_rate: 5.05788516998
    second_peak_bpm: 0
    second_peak_spread: 0
    second_peak_weight: 0
    beats_position: [0.39315316081, 1.14844930172, 1.90374541283, 2.65904164314, 3.41433763504, 4.16963386536, 4.92493009567, 5.68022632599, 6.46201896667, 7.21794128418, 7.97386407852, 8.72978591919, 9.48570823669]
    bpm_estimates: [79.5593948364, 79.4504852295, 79.388053894, 79.3517227173, 79.7631835938, 79.4975509644, 79.283164978, 79.342956543, 79.4146347046, 79.393661499, 79.3867874146, 79.4447631836, 79.469543457, 79.3664398193, 79.1418838501, 79.1362609863, 79.2262191772, 79.5369567871, 79.6867294312, 79.4607162476, 79.2663955688]
    bpm_intervals: [0.755296111107, 0.755296111107, 0.755296230316, 0.755295991898, 0.755296230316, 0.755296230316, 0.755296230316, 0.781792640686, 0.755922317505, 0.755922794342, 0.755921840668, 0.755922317505]
    onset_times: [0.0464399084449, 0.174149662256, 0.383129239082, 0.452789127827, 0.557278931141, 0.743038535118, 0.905578255653, 1.03328800201, 1.1261677742, 1.49768710136, 1.69505667686, 1.86920630932, 2.26394557953, 2.41487526894, 2.55419492722, 2.64707493782, 3.01859402657, 3.21596360207, 3.41333341599, 3.48299312592, 3.78485250473, 3.92417240143, 4.06349229813, 4.1679816246, 4.53950119019, 4.72526073456, 4.8994102478, 5.11999988556, 5.32897949219, 5.52634906769, 5.67727899551, 6.06040811539, 6.25777769089, 6.44353723526, 6.64090681076, 6.8382768631, 7.04725646973, 7.19818592072, 7.58131504059, 7.77868461609, 7.94122457504, 8.15020370483, 8.35918331146, 8.56816291809, 8.71909332275, 9.0906124115, 9.287981987, 9.46213150024, 9.67111110687, 9.8800907135, 10.0658502579]
    rubato_start: []
    rubato_stop: []
    perceptual_tempo: "unknown"

sfx:
    inharmonicity:
        dmean: 0.0300553888083
        dmean2: 0.0532245114446
        dvar: 0.00170186918695
        dvar2: 0.00453412719071
        max: 0.266544371843
        mean: 0.0289527792484
        min: 6.6227024945e-05
        var: 0.0019181179814
    oddtoevenharmonicenergyratio:
        dmean: 7.41790866852
        dmean2: 14.7365703583
        dvar: 3751.43701172
        dvar2: 11244.9648438
        max: 820.356506348
        mean: 3.85143947601
        min: 0.00038590937038
        var: 1884.99499512
    pitch_after_max_to_before_max_energy_ratio: 16.7479782104
    pitch_centroid: 253.151947021
    pitch_max_to_total: 0.124711319804
    pitch_min_to_total: 0.939953804016
    tristimulus:
        dmean: [0.231874287128, 0.223312020302, 0.111806742847]
        dmean2: [0.390655755997, 0.381916075945, 0.196905761957]
        dvar: [0.0395964607596, 0.037885710597, 0.0185369048268]
        dvar2: [0.106426015496, 0.101297497749, 0.0519316494465]
        max: [0.971987843513, 0.99367839098, 0.880055546761]
        mean: [0.547086060047, 0.310481667519, 0.112543523312]
        min: [0.00632159831002, 0, 0]
        var: [0.0728405416012, 0.052817299962, 0.0212526898831]

tonal:
    chords_changes_rate: 0.0730593577027
    chords_number_rate: 0.0136986300349
    chords_strength:
        dmean: 0.0119113987312
        dmean2: 0.0145767200738
        dvar: 7.76284214226e-05
        dvar2: 0.000127515959321
        max: 0.643843948841
        mean: 0.536097109318
        min: 0.376228004694
        var: 0.0038090753369
    key_strength: 0.746326506138
    tuning_diatonic_strength: 0.678583085537
    tuning_equal_tempered_deviation: 0.380801022053
    tuning_frequency: 454.202880859
    tuning_nontempered_energy_ratio: 0.945013284683
    hpcp:
        dmean: [0.210416123271, 0.184595495462, 0.210871815681, 0.188385039568, 0.147969886661, 0.135249316692, 0.139353692532, 0.132262244821, 0.142060369253, 0.134672164917, 0.114396214485, 0.11027815938, 0.121297970414, 0.147279605269, 0.164396822453, 0.174721866846, 0.139008149505, 0.126669362187, 0.232304140925, 0.301234960556, 0.288672357798, 0.231288924813, 0.18432597816, 0.135595083237, 0.141301825643, 0.137138143182, 0.187221989036, 0.197191610932, 0.140399247408, 0.13180693984, 0.183588594198, 0.20808327198, 0.217173740268, 0.257774710655, 0.275824695826, 0.253254592419]
        dmean2: [0.363734960556, 0.32451120019, 0.377853244543, 0.344107717276, 0.248409867287, 0.224566265941, 0.237130463123, 0.224260613322, 0.25013628602, 0.244846224785, 0.19896620512, 0.186365380883, 0.212206542492, 0.248099699616, 0.275663167238, 0.307617545128, 0.238834097981, 0.22805146873, 0.436972916126, 0.535404920578, 0.49225383997, 0.410471975803, 0.341846764088, 0.250703543425, 0.261116266251, 0.24340519309, 0.339064955711, 0.368398100138, 0.254710525274, 0.234238386154, 0.328478902578, 0.37546440959, 0.400225758553, 0.466331481934, 0.478077679873, 0.442476272583]
        dvar: [0.0596347115934, 0.0534063540399, 0.0752567201853, 0.0577421113849, 0.0322514474392, 0.0254813954234, 0.0326204933226, 0.0322367064655, 0.033051893115, 0.0285844597965, 0.0224073156714, 0.0190651137382, 0.0261265970767, 0.0350102037191, 0.041660901159, 0.0535426698625, 0.0396535545588, 0.035228446126, 0.0593343190849, 0.0774822384119, 0.0650995820761, 0.0606716349721, 0.0679014921188, 0.0376277714968, 0.053193513304, 0.040944609791, 0.0611533112824, 0.0605261921883, 0.0306737013161, 0.0319255590439, 0.0561801977456, 0.0660860016942, 0.0631015598774, 0.0748980566859, 0.0677346140146, 0.061997782439]
        dvar2: [0.158927932382, 0.122304089367, 0.205441221595, 0.167941465974, 0.0918704345822, 0.0647834986448, 0.0841026976705, 0.0695135369897, 0.0878598242998, 0.0776895210147, 0.0577791444957, 0.0517645888031, 0.0680750533938, 0.0823790207505, 0.0930427461863, 0.132432162762, 0.105620391667, 0.100796833634, 0.172678157687, 0.196150049567, 0.17138902843, 0.181498140097, 0.188033238053, 0.0999548658729, 0.151241183281, 0.111660294235, 0.167022436857, 0.166669890285, 0.0849231779575, 0.0801243558526, 0.140787705779, 0.159461319447, 0.177692770958, 0.217937096953, 0.152131289244, 0.144311860204]
        max: [1, 1, 1, 1, 0.963292658329, 1, 1, 1, 1, 1, 1, 0.879912078381, 1, 1, 1, 1, 1, 1, 1, 1, 1, 1, 1, 1, 1, 1, 1, 1, 1, 1, 1, 1, 1, 1, 1, 1]
        mean: [0.239172369242, 0.186049208045, 0.199150532484, 0.17496740818, 0.154165953398, 0.154214173555, 0.16314534843, 0.169504866004, 0.158576279879, 0.139777228236, 0.119533650577, 0.120841391385, 0.133204609156, 0.181610614061, 0.235918611288, 0.213945150375, 0.146335586905, 0.113773442805, 0.199340134859, 0.386845737696, 0.378719389439, 0.215155139565, 0.136729329824, 0.100431591272, 0.102887429297, 0.121473863721, 0.162188529968, 0.185605734587, 0.158316224813, 0.142964303493, 0.16731145978, 0.190330922604, 0.193698763847, 0.251288205385, 0.357809305191, 0.357424378395]
        min: [0, 0.00141942093614, 2.27713780987e-06, 6.96703136782e-06, 0.00288694445044, 0.00182562624104, 0.00313979643397, 0.00097769103013, 0.00125742820092, 0, 0, 0, 0.00264347647317, 0.0032409960404, 0.00246019964106, 0.00284103187732, 0.00181054114364, 0.00053605256835, 0, 0, 5.63717276236e-06, 0, 0, 0, 0, 0, 0, 0.000290321098873, 0.00259991362691, 0.00102633412462, 0, 0.000718750816304, 0.00124295393471, 0.000861732813064, 0.00216774223372, 1.15927050501e-05]
        var: [0.0753782019019, 0.0622980743647, 0.0720866844058, 0.0521917901933, 0.0335723459721, 0.0328142493963, 0.0500758327544, 0.0590195506811, 0.0407029911876, 0.0328748375177, 0.0246498994529, 0.024468883872, 0.0305549055338, 0.0451019741595, 0.085125118494, 0.0705066770315, 0.0410950444639, 0.0295854173601, 0.0545556619763, 0.117348916829, 0.107963196933, 0.0570254735649, 0.0499293804169, 0.0284866411239, 0.0341774523258, 0.0336646176875, 0.0517445914447, 0.0560138970613, 0.0349856950343, 0.0369738005102, 0.0559152886271, 0.067324988544, 0.0557675249875, 0.0676819905639, 0.0994865000248, 0.107846163213]
    chords_histogram: [8.67579936981, 0, 0.45662099123, 0, 0, 0, 0, 0, 0, 0, 0, 0, 0, 0, 0, 0, 0, 86.3013687134, 0, 0.45662099123, 0, 0, 4.10958909988, 0]
    thpcp: [1, 0.978993296623, 0.556178152561, 0.353446662426, 0.25961664319, 0.265965014696, 0.314011126757, 0.419258922338, 0.479792624712, 0.4092489779, 0.369564116001, 0.432501763105, 0.492007285357, 0.500713169575, 0.649582445621, 0.924940526485, 0.923945486546, 0.618262887001, 0.480939000845, 0.514806091785, 0.452292442322, 0.398520499468, 0.39864513278, 0.42173230648, 0.438171744347, 0.409921228886, 0.361325502396, 0.30899566412, 0.31237617135, 0.344335198402, 0.469465196133, 0.609851896763, 0.553050279617, 0.378278911114, 0.294105470181, 0.515296161175]
    chords_key: "G#"
    chords_scale: "minor"
    key_key: "G#"
    key_scale: "major"
    chords_progression: ["C#", "C#", "C#", "C#", "C#", "C#", "C#", "C#", "C#", "G#m", "G#m", "G#m", "G#m", "G#m", "G#m", "G#m", "G#m", "G#m", "G#m", "G#m", "G#m", "G#m", "G#m", "G#m", "G#m", "G#m", "G#m", "G#m", "G#m", "G#m", "G#m", "G#m", "G#m", "G#m", "G#m", "G#m", "G#m", "G#m", "G#m", "G#m", "G#m", "G#m", "G#m", "G#m", "G#m", "G#m", "G#m", "G#m", "G#m", "G#m", "G#m", "G#m", "G#m", "G#m", "G#m", "G#m", "G#", "G#", "G#", "G#", "G#", "G#m", "G#m", "G#m", "G#m", "G#m", "G#m", "G#m", "G#m", "G#m", "G#m", "G#m", "G#m", "G#m", "G#m", "G#m", "G#m", "G#m", "D#m", "D#", "G#m", "G#m", "G#m", "G#m", "G#m", "G#m", "G#m", "G#", "G#", "G#", "G#m", "G#m", "G#", "G#", "G#", "G#", "G#m", "G#m", "G#m", "G#m", "G#m", "G#m", "G#m", "G#m", "G#m", "G#m", "G#m", "G#m", "G#m", "G#m", "G#m", "G#m", "G#", "G#m", "G#", "G#", "G#m", "G#m", "G#m", "G#m", "G#m", "G#m", "G#m", "G#m", "G#m", "G#m", "G#m", "G#m", "G#m", "G#m", "G#m", "G#m", "G#m", "G#m", "G#m", "G#m", "G#", "G#", "G#", "G#", "G#m", "G#m", "G#m", "G#m", "G#m", "G#m", "G#m", "G#m", "G#m", "G#m", "G#m", "G#m", "G#m", "G#m", "G#m", "G#m", "G#m", "G#m", "G#m", "G#m", "G#m", "G#m", "G#m", "G#m", "G#m", "G#m", "G#m", "G#m", "G#m", "G#m", "G#m", "G#m", "G#m", "G#m", "G#m", "G#m", "G#m", "G#m", "G#m", "G#m", "G#m", "G#m", "G#m", "G#m", "G#m", "G#m", "G#m", "G#m", "G#m", "G#m", "G#m", "G#m", "G#m", "G#m", "G#m", "G#m", "G#m", "G#m", "G#m", "G#m", "G#m", "G#m", "G#m", "G#m", "G#m", "G#m", "G#m", "G#m", "G#m", "G#m", "G#m", "G#m", "G#m", "G#m", "G#m", "G#m", "G#m", "G#m", "G#m"]
