
metadata:
    version:
        essentia: "1.2.2"
    audio_properties:
        analysis_sample_rate: 44100
        bitrate: 128
        channels: 2
        equal_loudness: 1
        length: 10.0571432114
        replay_gain: -9.22801399231
        downmix: "mix"
    tags:
        track: 2
        year: 0
        album: "Splitted by Mp3Splt v. 2.1"
        artist: "From 000.10 To 000.20"
        comment: "http://mp3splt.sf.net"
        genre: ""
        title: "11 There's Too Much Love.mp3"

highlevel:
    ballroom:
        all:
            ChaChaCha: 0.0574927255511
            Jive: 0.0664396882057
            Quickstep: 0.173436298966
            Rumba-American: 0.0147431204095
            Rumba-International: 0.340440511703
            Rumba-Misc: 0.100045114756
            Samba: 0.060069244355
            Tango: 0.0487341582775
            VienneseWaltz: 0.0884074792266
            Waltz: 0.0501916520298
        probability: 0.340440511703
        value: "Rumba-International"
    culture:
        all:
            non_western: 0.0271837487817
            western: 0.972816228867
        probability: 0.972816228867
        value: "western"
    gender:
        all:
            female: 0.89630895853
            male: 0.103691056371
        probability: 0.89630895853
        value: "female"
    genre_dortmund:
        all:
            alternative: 0.331736177206
            blues: 0.0182133782655
            electronic: 0.0254660323262
            folkcountry: 0.292607843876
            funksoulrnb: 0.0118653150275
            jazz: 0.0197733156383
            pop: 0.141116768122
            raphiphop: 0.00319873914123
            rock: 0.156022414565
        probability: 0.331736177206
        value: "alternative"
    genre_electronica:
        all:
            ambient: 0.631844043732
            dnb: 0.0494174398482
            house: 0.02861953713
            techno: 0.0147785842419
            trance: 0.275340408087
        probability: 0.631844043732
        value: "ambient"
    genre_rosamerica:
        all:
            cla: 0.0561940781772
            dan: 0.0571035780013
            hip: 0.0149355959147
            jaz: 0.029854465276
            pop: 0.184930443764
            rhy: 0.372679203749
            roc: 0.277594745159
            spe: 0.00670788809657
        probability: 0.372679203749
        value: "rhy"
    genre_tzanetakis:
        all:
            blu: 0.0246452521533
            cla: 0.0431939437985
            cou: 0.304986894131
            dis: 0.0617946498096
            hip: 0.0106423720717
            jaz: 0.0505075827241
            met: 0.0157631728798
            pop: 0.183559328318
            reg: 0.0681230872869
            roc: 0.236783698201
        probability: 0.304986894131
        value: "cou"
    live_studio:
        all:
            live: 0.449421942234
            studio: 0.550578057766
        probability: 0.550578057766
        value: "studio"
    mood:
        all:
            Cluster1: 0.0491101816297
            Cluster2: 0.112350404263
            Cluster3: 0.749733328819
            Cluster4: 0.0338149815798
            Cluster5: 0.0549910962582
        probability: 0.749733328819
        value: "Cluster3"
    mood_acoustic:
        all:
            acoustic: 0.932850241661
            not_acoustic: 0.0671497732401
        probability: 0.932850241661
        value: "acoustic"
    mood_aggressive:
        all:
            aggressive: 0.0108178202063
            not_aggressive: 0.989182174206
        probability: 0.989182174206
        value: "not_aggressive"
    mood_electronic:
        all:
            electronic: 0.0549049340189
            not_electronic: 0.945095062256
        probability: 0.945095062256
        value: "not_electronic"
    mood_happy:
        all:
            happy: 0.315217405558
            not_happy: 0.684782624245
        probability: 0.684782624245
        value: "not_happy"
    mood_party:
        all:
            not_party: 0.902599453926
            party: 0.0974005684257
        probability: 0.902599453926
        value: "not_party"
    mood_relaxed:
        all:
            not_relaxed: 0.264042556286
            relaxed: 0.735957443714
        probability: 0.735957443714
        value: "relaxed"
    mood_sad:
        all:
            not_sad: 0.147967517376
            sad: 0.852032482624
        probability: 0.852032482624
        value: "sad"
    rhythm:
        all:
            fast: 0.412811845541
            medium: 0.50296163559
            slow: 0.0842265412211
        probability: 0.50296163559
        value: "medium"
    speech_music:
        all:
            music: 0.993266582489
            speech: 0.00673342449591
        probability: 0.993266582489
        value: "music"
    timbre:
        all:
            bright: 0.698347866535
            dark: 0.301652163267
        probability: 0.698347866535
        value: "bright"
    voice_instrumental:
        all:
            instrumental: 0.0360356010497
            voice: 0.963964402676
        probability: 0.963964402676
        value: "voice"

lowlevel:
    average_loudness: 0.925437569618
    barkbands_kurtosis:
        dmean: 2.14164805412
        dmean2: 3.26695418358
        dvar: 6.11991977692
        dvar2: 12.9686441422
        max: 21.9283809662
        mean: 4.36438655853
        min: -1.73526442051
        var: 19.6252861023
    barkbands_skewness:
        dmean: 0.430633187294
        dmean2: 0.631888449192
        dvar: 0.191916242242
        dvar2: 0.418810784817
        max: 4.04440259933
        mean: 1.85281264782
        min: -1.14154100418
        var: 0.668239414692
    barkbands_spread:
        dmean: 4.55160331726
        dmean2: 6.35704898834
        dvar: 27.7014293671
        dvar2: 49.4338531494
        max: 50.4228096008
        mean: 16.8271656036
        min: 3.60631394386
        var: 95.1344146729
    dissonance:
        dmean: 0.0235635787249
        dmean2: 0.0380039140582
        dvar: 0.000657912634779
        dvar2: 0.00109752709977
        max: 0.499968111515
        mean: 0.441783428192
        min: 0.0114788459614
        var: 0.00180577905849
    hfc:
        dmean: 1.30774021149
        dmean2: 1.78814089298
        dvar: 7.53065919876
        dvar2: 15.3588867188
        max: 30.7080726624
        mean: 2.57726216316
        min: 0.000971033878159
        var: 12.2114906311
    pitch:
        dmean: 229.545471191
        dmean2: 446.559570312
        dvar: 616000.75
        dvar2: 1614148.125
        max: 4410
        mean: 328.215423584
        min: 61.9382019043
        var: 491674.1875
    pitch_instantaneous_confidence:
        dmean: 0.075761757791
        dmean2: 0.11356485635
        dvar: 0.00654985103756
        dvar2: 0.0122320940718
        max: 0.85004734993
        mean: 0.447766244411
        min: 0.143060028553
        var: 0.0300028994679
    pitch_salience:
        dmean: 0.0539057031274
        dmean2: 0.0865625739098
        dvar: 0.0032393860165
        dvar2: 0.00801656767726
        max: 0.918714463711
        mean: 0.613879144192
        min: 0.340548723936
        var: 0.00768216326833
    silence_rate_20dB:
        dmean: 0
        dmean2: 0
        dvar: 0
        dvar2: 0
        max: 1
        mean: 1
        min: 1
        var: 0
    silence_rate_30dB:
        dmean: 0
        dmean2: 0
        dvar: 0
        dvar2: 0
        max: 1
        mean: 1
        min: 1
        var: 0
    silence_rate_60dB:
        dmean: 0.129032254219
        dmean2: 0.256351053715
        dvar: 0.112383283675
        dvar2: 0.218349710107
        max: 1
        mean: 0.577011466026
        min: 0
        var: 0.24406850338
    spectral_centroid:
        dmean: 161.22026062
        dmean2: 221.493484497
        dvar: 57685.359375
        dvar2: 115794.414062
        max: 3139.77294922
        mean: 657.772827148
        min: 235.391143799
        var: 148252.6875
    spectral_complexity:
        dmean: 2.72055435181
        dmean2: 3.94444441795
        dvar: 22.6909561157
        dvar2: 45.1543464661
        max: 46
        mean: 7.34792613983
        min: 0
        var: 38.4112091064
    spectral_crest:
        dmean: 1.98199474812
        dmean2: 3.03215646744
        dvar: 3.98317456245
        dvar2: 10.4275312424
        max: 19.0980510712
        mean: 9.78057861328
        min: 3.01453852654
        var: 10.3948001862
    spectral_decrease:
        dmean: 3.00667574171e-10
        dmean2: 4.17131357233e-10
        dvar: 2.34857539762e-19
        dvar2: 4.88508209452e-19
        max: -2.80578538918e-13
        mean: -8.4157769642e-10
        min: -4.31231095277e-09
        var: 5.9373447556e-19
    spectral_energy:
        dmean: 0.001239336445
        dmean2: 0.00171277904883
        dvar: 4.08100049754e-06
        dvar2: 8.35432729218e-06
        max: 0.0189515687525
        mean: 0.00341007323004
        min: 1.14704539556e-06
        var: 1.00938250398e-05
    spectral_energyband_high:
        dmean: 9.72674315562e-05
        dmean2: 0.000137453564093
        dvar: 4.96691470175e-08
        dvar2: 1.01907190242e-07
        max: 0.00192781863734
        mean: 0.000127308172523
        min: 6.13705752883e-09
        var: 6.9891271437e-08
    spectral_energyband_low:
        dmean: 8.60004074639e-05
        dmean2: 0.000134911606438
        dvar: 2.43558062607e-08
        dvar2: 5.47668790318e-08
        max: 0.00220753578469
        mean: 0.000256307015661
        min: 7.68109131855e-08
        var: 8.44097911568e-08
    spectral_energyband_middle_high:
        dmean: 0.000326109438902
        dmean2: 0.000467014324386
        dvar: 5.18970182384e-07
        dvar2: 1.22428605209e-06
        max: 0.0079969773069
        mean: 0.000594758370426
        min: 3.23742881392e-07
        var: 8.14208249267e-07
    spectral_energyband_middle_low:
        dmean: 0.000911751529202
        dmean2: 0.00132535712328
        dvar: 2.08418282455e-06
        dvar2: 4.72449801237e-06
        max: 0.0106464587152
        mean: 0.00243167509325
        min: 7.25574807348e-07
        var: 5.10859808855e-06
    spectral_flatness_db:
        dmean: 0.0195191148669
        dmean2: 0.0263183116913
        dvar: 0.000406464678235
        dvar2: 0.000681731733494
        max: 0.293480485678
        mean: 0.182715311646
        min: 0.0879099071026
        var: 0.00166252092458
    spectral_flux:
        dmean: 0.00925333239138
        dmean2: 0.0137479119003
        dvar: 0.000135186783154
        dvar2: 0.000260766682914
        max: 0.100314207375
        mean: 0.0250262115151
        min: 0.00342060136609
        var: 0.000366375781596
    spectral_kurtosis:
        dmean: 2.30948209763
        dmean2: 3.61918377876
        dvar: 7.46247959137
        dvar2: 16.9924240112
        max: 34.1481819153
        mean: 7.66189146042
        min: 0.871662855148
        var: 22.5257568359
    spectral_rms:
        dmean: 0.000302621570881
        dmean2: 0.000401071534725
        dvar: 1.7715035483e-07
        dvar2: 3.12681919468e-07
        max: 0.00429992284626
        mean: 0.00163137668278
        min: 3.34524847858e-05
        var: 6.65510356157e-07
    spectral_rolloff:
        dmean: 422.160003662
        dmean2: 645.098693848
        dvar: 419722
        dvar2: 805488.5625
        max: 4651.171875
        mean: 1152.32409668
        min: 193.798828125
        var: 1022541.5
    spectral_skewness:
        dmean: 0.279231727123
        dmean2: 0.410382628441
        dvar: 0.0804512500763
        dvar2: 0.155683711171
        max: 4.57848358154
        mean: 2.21428203583
        min: 0.942791461945
        var: 0.351761817932
    spectral_spread:
        dmean: 676982.1875
        dmean2: 934562.6875
        dvar: 689340088320
        dvar2: 1.110540288e+12
        max: 10532611
        mean: 4599129
        min: 1806876.125
        var: 2.30091967693e+12
    spectral_strongpeak:
        dmean: 0.130570650101
        dmean2: 0.204774200916
        dvar: 0.0406435951591
        dvar2: 0.0860982611775
        max: 2.36895012856
        mean: 0.31808245182
        min: 0.000765179051086
        var: 0.097128495574
    zerocrossingrate:
        dmean: 0.00868869945407
        dmean2: 0.00979727320373
        dvar: 8.96523561096e-05
        dvar2: 0.000101042089227
        max: 0.1572265625
        mean: 0.0451480150223
        min: 0.00244140625
        var: 0.00049127091188
    barkbands:
        dmean: [2.07974721889e-07, 3.39004654961e-05, 6.42068553134e-05, 0.000175938301254, 0.00031640205998, 0.000302049098536, 0.000238403212279, 0.000110878674604, 9.5479124866e-05, 5.21919937455e-05, 6.42960440018e-05, 2.33965365624e-05, 4.277015978e-05, 5.78562649025e-05, 4.70654849778e-05, 3.00671508739e-05, 3.85762359656e-05, 3.46689375874e-05, 3.64323350368e-05, 7.34003915568e-05, 4.18604831793e-05, 1.03076681626e-05, 2.63715605797e-06, 1.19319201985e-06, 1.19055835057e-06, 8.3899912795e-08, 8.72855787648e-10]
        dmean2: [3.19399106274e-07, 5.58628889848e-05, 9.85182487057e-05, 0.0002624389017, 0.000504948257003, 0.000454364111647, 0.000362082617357, 0.000164954792126, 0.000130531610921, 7.79558031354e-05, 0.000107985077193, 3.3523348975e-05, 6.52047383483e-05, 8.1775659055e-05, 7.20918033039e-05, 4.67688623758e-05, 5.90419404034e-05, 5.42975576536e-05, 5.35044964636e-05, 0.000107285668491, 6.04906053923e-05, 1.46900429172e-05, 3.6843646285e-06, 1.68114047483e-06, 1.78628465619e-06, 1.23688124631e-07, 1.37384081889e-09]
        dvar: [1.83705459698e-12, 2.20892237834e-09, 1.59583368742e-08, 9.11675144266e-08, 2.61098705323e-07, 2.78311802049e-07, 3.13901807658e-07, 1.20890618405e-07, 9.93144695371e-08, 4.31744027196e-08, 1.24763630538e-07, 1.80818049422e-09, 1.10064881653e-08, 2.53249421434e-08, 1.16070690837e-08, 5.47299494613e-09, 1.42700571359e-08, 1.0072782608e-08, 1.06370912079e-08, 2.46491111966e-08, 1.09735127651e-08, 8.3271700646e-10, 5.35335283047e-11, 1.04641208892e-11, 1.3360689291e-11, 6.93112085196e-14, 3.65960419425e-17]
        dvar2: [4.62208049612e-12, 5.41208455829e-09, 3.52983384744e-08, 2.09815695484e-07, 6.56590884773e-07, 6.85342797624e-07, 7.21863102626e-07, 2.57222637856e-07, 1.24666513557e-07, 5.43830012134e-08, 3.51451888037e-07, 3.38331451744e-09, 2.36910882023e-08, 5.93601576782e-08, 2.81396115298e-08, 1.37275435463e-08, 3.99275172924e-08, 2.5189264008e-08, 2.55834375906e-08, 5.23154675136e-08, 2.44626203738e-08, 1.51555923367e-09, 1.13887912989e-10, 2.08124420475e-11, 3.03374721178e-11, 1.48017096626e-13, 9.12111745906e-17]
        max: [1.99556343432e-05, 0.000417179020587, 0.00178855669219, 0.0029024167452, 0.00371059728786, 0.00509433494881, 0.0060910996981, 0.00479460461065, 0.00511612696573, 0.00460103992373, 0.00574479717761, 0.000446196878329, 0.0016783362953, 0.00196062400937, 0.00109619880095, 0.000889373011887, 0.00165777071379, 0.00101631530561, 0.00114814192057, 0.00144085637294, 0.00100031029433, 0.000264336355031, 6.95074195391e-05, 3.10632640321e-05, 4.15256981796e-05, 2.41853604166e-06, 8.78569323959e-08]
        mean: [2.88336252652e-07, 8.26079267426e-05, 0.000173437132617, 0.000335344084306, 0.000637271848973, 0.000709432526492, 0.000397412630264, 0.000156144844368, 0.000152963475557, 9.66274383245e-05, 7.94443112682e-05, 3.97839939978e-05, 7.18810624676e-05, 7.83140858402e-05, 6.38377314317e-05, 3.9645608922e-05, 4.97257387906e-05, 3.72853464796e-05, 4.14654896304e-05, 0.00010322379967, 4.69499973406e-05, 1.13888436317e-05, 2.89677245746e-06, 1.35946925184e-06, 1.25512826799e-06, 8.6578396008e-08, 6.5895039425e-10]
        min: [1.50546901334e-11, 2.21454019567e-08, 2.17415028203e-08, 1.57618593732e-08, 1.2944020078e-08, 1.02327337714e-08, 8.88869706728e-08, 4.23320898335e-08, 3.49888949813e-07, 1.72255425923e-07, 2.01677057277e-08, 3.92368182389e-09, 2.82096968007e-09, 2.3662696691e-08, 5.02733010777e-09, 6.45522479914e-09, 1.01150172682e-08, 9.05465302736e-09, 1.94894256289e-09, 2.99480573673e-09, 1.9355701486e-09, 6.45255293641e-10, 7.48336892453e-10, 2.57835697237e-10, 3.31117300245e-10, 6.08466957375e-11, 1.41848177694e-14]
        var: [1.01337059404e-12, 4.34380842407e-09, 6.5811697425e-08, 2.09373681059e-07, 5.53486586341e-07, 5.56290160603e-07, 5.5956735423e-07, 1.91395955085e-07, 1.62072254284e-07, 1.720177778e-07, 8.14745320099e-08, 3.83240461588e-09, 4.0711121585e-08, 3.47737163509e-08, 1.29992159259e-08, 5.39240652131e-09, 1.13865725737e-08, 8.85546302953e-09, 1.11770424027e-08, 3.90824617114e-08, 1.28713075753e-08, 1.14364218096e-09, 6.44236400338e-11, 1.40901873502e-11, 1.40667599097e-11, 7.95379997216e-14, 1.92719897466e-17]
    mfcc:
        mean: [-782.31854248, 154.590133667, -23.426366806, 43.9187698364, -10.8672142029, -3.02183008194, -0.923281490803, -16.5657176971, -4.47336387634, -6.53127241135, -12.4133043289, -7.22434616089, -2.47444367409]
        cov: [[5414.13330078, -819.008178711, -432.277099609, -260.529388428, -193.192382812, -154.342163086, -177.99420166, -460.828887939, -139.480499268, -1.65233922005, -46.5468215942, 162.042419434, -0.4978980124], [-819.008178711, 1099.96777344, -54.2387046814, 15.1283969879, 63.4408798218, 43.6224365234, 100.491775513, 50.465133667, 39.5968208313, 62.1729164124, -26.7724704742, 15.7896327972, 27.1636390686], [-432.277099609, -54.2387046814, 298.77355957, 112.494102478, 59.7887687683, 84.684463501, 80.9050292969, 116.573921204, 40.3084144592, 3.14896631241, 52.2908592224, -15.3136367798, 19.3476428986], [-260.529388428, 15.1283969879, 112.494102478, 198.144760132, 70.9694290161, 53.8238563538, 75.599571228, 57.3664016724, 33.7402763367, 12.047700882, 6.95454549789, -0.940328836441, 21.2543869019], [-193.192382812, 63.4408798218, 59.7887687683, 70.9694290161, 128.658752441, 45.9720153809, 20.449514389, 41.8356399536, 38.0141334534, 29.5753669739, 14.9069337845, -13.4255285263, 7.88331413269], [-154.342163086, 43.6224365234, 84.684463501, 53.8238563538, 45.9720153809, 100.166282654, 63.5610427856, 56.8079566956, 24.3217868805, 19.2817287445, 40.6806488037, 10.4785795212, 5.22995758057], [-177.99420166, 100.491775513, 80.9050292969, 75.599571228, 20.449514389, 63.5610427856, 153.230606079, 65.4504928589, 31.7171192169, 27.0382232666, 20.2631931305, 37.5780220032, 10.3762626648], [-460.828887939, 50.465133667, 116.573921204, 57.3664016724, 41.8356399536, 56.8079566956, 65.4504928589, 173.749465942, 45.6150894165, 6.46875572205, 54.0443382263, 4.96362543106, 1.65642905235], [-139.480499268, 39.5968208313, 40.3084144592, 33.7402763367, 38.0141334534, 24.3217868805, 31.7171192169, 45.6150894165, 71.3820953369, 26.5993289948, 1.10776054859, 3.93597149849, 0.300299316645], [-1.65233922005, 62.1729164124, 3.14896631241, 12.047700882, 29.5753669739, 19.2817287445, 27.0382232666, 6.46875572205, 26.5993289948, 78.6287384033, 25.4374771118, 9.8276052475, -0.94557851553], [-46.5468215942, -26.7724704742, 52.2908592224, 6.95454549789, 14.9069337845, 40.6806488037, 20.2631931305, 54.0443382263, 1.10776054859, 25.4374771118, 93.9675979614, 11.7907810211, -10.9670267105], [162.042419434, 15.7896327972, -15.3136367798, -0.940328836441, -13.4255285263, 10.4785795212, 37.5780220032, 4.96362543106, 3.93597149849, 9.8276052475, 11.7907810211, 61.8868217468, 5.60959672928], [-0.4978980124, 27.1636390686, 19.3476428986, 21.2543869019, 7.88331413269, 5.22995758057, 10.3762626648, 1.65642905235, 0.300299316645, -0.94557851553, -10.9670267105, 5.60959672928, 50.3542251587]]
        icov: [[0.000327696761815, 0.000239242974203, 0.000201678543817, 0.000141158394399, -4.93430234201e-05, -6.68495267746e-05, 4.667783287e-05, 0.000726198893972, -2.6951513064e-05, -7.86876044003e-05, -0.000176506538992, -0.000884951208718, -0.000222906135605], [0.000239242974203, 0.00132612977177, 0.000786914548371, 0.000495953019708, -0.000566881964915, -0.000397976546083, -0.000863759370986, -7.58853639127e-05, 0.000231232115766, -0.000812594778836, 0.000671738525853, -0.000232430567848, -0.000758583890274], [0.000201678543817, 0.000786914548371, 0.00697887036949, -0.00139812799171, -0.000154584427946, -0.00225685862824, -0.00198383792304, -0.00144724443089, -0.00135168049019, 0.0014993759105, -0.00228656199761, 0.00316646555439, -0.00261338730343], [0.000141158394399, 0.000495953019708, -0.00139812799171, 0.00881332159042, -0.00371144711971, -0.000302948814351, -0.00344185950235, 0.000149806481204, -7.99078334239e-05, 0.000481928145746, 0.00130413717125, 0.000467319594463, -0.00189068017062], [-4.93430234201e-05, -0.000566881964915, -0.000154584427946, -0.00371144711971, 0.0134680923074, -0.00432297447696, 0.00319818104617, -0.000734954781365, -0.00354179763235, -0.00321677746251, 0.000134886518936, 0.00272153527476, -0.0006761723198], [-6.68495267746e-05, -0.000397976546083, -0.00225685862824, -0.000302948814351, -0.00432297447696, 0.0199446100742, -0.00539656728506, 0.000324369699229, -0.00123219029047, 0.0014788574772, -0.00623347144574, -0.000285341899144, -0.000375017029], [4.667783287e-05, -0.000863759370986, -0.00198383792304, -0.00344185950235, 0.00319818104617, -0.00539656728506, 0.0147229917347, -0.00243448535912, 0.000175383960595, -0.0035870380234, 0.00328525295481, -0.00776738580316, 0.00129988358822], [0.000726198893972, -7.58853639127e-05, -0.00144724443089, 0.000149806481204, -0.000734954781365, 0.000324369699229, -0.00243448535912, 0.0134820854291, -0.00664823455736, 0.00475146900862, -0.00728946458548, -0.000937215401791, -0.000673850241583], [-2.6951513064e-05, 0.000231232115766, -0.00135168049019, -7.99078334239e-05, -0.00354179763235, -0.00123219029047, 0.000175383960595, -0.00664823455736, 0.02429985255, -0.00858373567462, 0.00840711500496, -0.00252210185863, 0.00309902126901], [-7.86876044003e-05, -0.000812594778836, 0.0014993759105, 0.000481928145746, -0.00321677746251, 0.0014788574772, -0.0035870380234, 0.00475146900862, -0.00858373567462, 0.020601183176, -0.0089089134708, 0.000701934914105, -0.000989562948234], [-0.000176506538992, 0.000671738525853, -0.00228656199761, 0.00130413717125, 0.000134886518936, -0.00623347144574, 0.00328525295481, -0.00728946458548, 0.00840711500496, -0.0089089134708, 0.0215257499367, -0.00426394166425, 0.0050989408046], [-0.000884951208718, -0.000232430567848, 0.00316646555439, 0.000467319594463, 0.00272153527476, -0.000285341899144, -0.00776738580316, -0.000937215401791, -0.00252210185863, 0.000701934914105, -0.00426394166425, 0.025966655463, -0.00385550223291], [-0.000222906135605, -0.000758583890274, -0.00261338730343, -0.00189068017062, -0.0006761723198, -0.000375017029, 0.00129988358822, -0.000673850241583, 0.00309902126901, -0.000989562948234, 0.0050989408046, -0.00385550223291, 0.0234706178308]]
    spectral_contrast:
        mean: [-3.63602055131e-08, -1.40688726447e-07, 1.55535158086e-08, -1.82487724487e-07, -2.97336537614e-08, -4.93626714615e-07, 2.85113458176e-07, 1.40331860621e-06, 2.44392776949e-06, -3.36615175911e-06, 2.01612024853e-07, -2.26113093049e-06]
        var: [0.000365253858035, 0.000510908721481, 0.0010396434227, 0.00184310495388, 0.00275106960908, 0.00963427592069, 0.0464206561446, 0.0847888663411, 0.122330591083, 0.290898293257, 0.677480518818, 2.74639439583]

rhythm:
    beats_loudness:
        dmean: 0.00218917406164
        dmean2: 0.00394376413897
        dvar: 3.24262668983e-06
        dvar2: 8.20179502625e-06
        max: 0.00983561389148
        mean: 0.00509392702952
        min: 0.00259629334323
        var: 4.91556784254e-06
    beats_loudness_bass:
        dmean: 0.102607659996
        dmean2: 0.199171751738
        dvar: 0.00153824547306
        dvar2: 0.00437801051885
        max: 0.223748654127
        mean: 0.0791444852948
        min: 0.00927732978016
        var: 0.00410076510161
    bpm: 71.4677734375
    bpm_confidence: 0
    first_peak_bpm: 71
    first_peak_spread: 0.0909090638161
    first_peak_weight: 0.909090936184
    onset_rate: 4.375
    second_peak_bpm: 0
    second_peak_spread: 0
    second_peak_weight: 0
    beats_position: [0.379922807217, 1.22098588943, 2.06204891205, 2.90311193466, 3.74417519569, 4.58523797989, 5.4263010025, 6.29218387604, 7.12999200821, 7.96779966354, 8.80560779572, 9.64341545105]
    bpm_estimates: [71.3301086426, 71.2544326782, 71.2519683838, 71.2283554077, 71.3835220337, 71.5948486328, 71.3617782593, 71.3025894165, 71.6242752075, 71.7406463623, 71.6021957397, 71.4941864014, 71.5639343262, 71.5318069458, 71.7520370483]
    bpm_intervals: [0.841063082218, 0.841063022614, 0.841063022614, 0.841063261032, 0.841062784195, 0.841063022614, 0.865882873535, 0.837808132172, 0.837807655334, 0.837808132172, 0.837807655334]
    onset_times: [0.0580498874187, 0.150929704309, 0.348299324512, 0.615328788757, 0.777868509293, 1.19582772255, 1.66022670269, 1.8575963974, 2.0549659729, 2.26394557953, 2.90249443054, 3.33206343651, 3.52943301201, 3.73841261864, 3.95900225639, 4.15637207031, 4.58594083786, 4.7833108902, 5.01551008224, 5.27092981339, 5.42185926437, 5.630838871, 5.72371864319, 6.08362817764, 6.25777769089, 6.47836732864, 6.6989569664, 6.91954660416, 7.10530614853, 7.34911584854, 7.44199562073, 7.54648542404, 7.92961454391, 8.16181373596, 8.37079334259, 8.6146030426, 8.80036258698, 8.97451210022, 9.38086128235, 9.4853515625, 9.52018165588, 9.63628101349, 9.83365058899, 10.0194101334]
    rubato_start: []
    rubato_stop: []
    perceptual_tempo: "unknown"

sfx:
    inharmonicity:
        dmean: 0.0282123517245
        dmean2: 0.0489853546023
        dvar: 0.00174266612157
        dvar2: 0.00429596286267
        max: 0.390636891127
        mean: 0.0278024449944
        min: 0
        var: 0.0017833187012
    oddtoevenharmonicenergyratio:
        dmean: 5.57574939728
        dmean2: 10.9044351578
        dvar: 3183.81665039
        dvar2: 9547.6484375
        max: 830.6953125
        mean: 3.32012963295
        min: 0
        var: 1595.64331055
    pitch_after_max_to_before_max_energy_ratio: 0.235112771392
    pitch_centroid: 234.071105957
    pitch_max_to_total: 0.956221222878
    pitch_min_to_total: 0.135944694281
    tristimulus:
        dmean: [0.218957439065, 0.205649375916, 0.0558751113713]
        dmean2: [0.381139874458, 0.357771158218, 0.0968961790204]
        dvar: [0.03643919155, 0.0359504744411, 0.00430533895269]
        dvar2: [0.0918521210551, 0.0873330309987, 0.0120459040627]
        max: [1, 0.962160527706, 0.499789834023]
        mean: [0.459418088198, 0.46042200923, 0.0677214562893]
        min: [0.00170675478876, 0, 0]
        var: [0.0552170872688, 0.0540084503591, 0.0052125598304]

tonal:
    chords_changes_rate: 0.0183486230671
    chords_number_rate: 0.0183486230671
    chords_strength:
        dmean: 0.00787647068501
        dmean2: 0.00763889914379
        dvar: 3.95357928937e-05
        dvar2: 5.6308836065e-05
        max: 0.814397573471
        mean: 0.641530990601
        min: 0.433439344168
        var: 0.00891082175076
    key_strength: 0.824326217175
    tuning_diatonic_strength: 0.646633625031
    tuning_equal_tempered_deviation: 0.0597920380533
    tuning_frequency: 441.017791748
    tuning_nontempered_energy_ratio: 0.666477322578
    hpcp:
        dmean: [0.0867088362575, 0.0615781918168, 0.054570607841, 0.0671348273754, 0.0958210974932, 0.143873184919, 0.154436707497, 0.13669706881, 0.081033334136, 0.0696460157633, 0.059493035078, 0.045185085386, 0.0464534536004, 0.0368116758764, 0.028461502865, 0.0270319581032, 0.0534614473581, 0.139886036515, 0.147533521056, 0.14731541276, 0.146373704076, 0.121723227203, 0.0988287031651, 0.0645509362221, 0.0522277466953, 0.0593103505671, 0.0821051597595, 0.0855055674911, 0.062883682549, 0.0417806990445, 0.0591783560812, 0.0790909901261, 0.104941263795, 0.124010272324, 0.127366349101, 0.122217431664]
        dmean2: [0.155577167869, 0.113656423986, 0.101632833481, 0.121212430298, 0.168160349131, 0.230223149061, 0.252915978432, 0.239562317729, 0.137674033642, 0.117463536561, 0.105895362794, 0.0751316845417, 0.0736943781376, 0.0559378899634, 0.0423325262964, 0.0429141297936, 0.0929948687553, 0.226606592536, 0.231101617217, 0.256256610155, 0.252372711897, 0.199999600649, 0.169630467892, 0.112105235457, 0.0981352031231, 0.107501998544, 0.144776463509, 0.143820315599, 0.110194966197, 0.0684973821044, 0.101958885789, 0.138475105166, 0.173354744911, 0.208772957325, 0.232782945037, 0.205237731338]
        dvar: [0.035588722676, 0.0229957681149, 0.0152983730659, 0.026195216924, 0.0353734530509, 0.0285588856786, 0.0472995713353, 0.0324940122664, 0.0151585796848, 0.0209687035531, 0.0191737860441, 0.00676176790148, 0.0108224870637, 0.00847189500928, 0.00413560401648, 0.00273232371546, 0.00956328865141, 0.0320083498955, 0.03745361045, 0.0392805039883, 0.0352967828512, 0.0393580123782, 0.0311084818095, 0.0206208005548, 0.0217537526041, 0.0236047822982, 0.0191333275288, 0.0204995982349, 0.0104868169874, 0.00919100269675, 0.0145335393026, 0.0240537468344, 0.0373514518142, 0.040746036917, 0.0465022660792, 0.0463184528053]
        dvar2: [0.0931555330753, 0.0616410821676, 0.0436918325722, 0.0756094604731, 0.101697966456, 0.0788220241666, 0.103370636702, 0.0904010906816, 0.0409147515893, 0.0452681258321, 0.0455950014293, 0.0172119420022, 0.0237254872918, 0.0116497455165, 0.00785609986633, 0.00547321652994, 0.0258683580905, 0.08728300035, 0.0742292925715, 0.102028898895, 0.0995973199606, 0.0873790681362, 0.0681718662381, 0.0561085417867, 0.0651661530137, 0.068230047822, 0.0431299768388, 0.0550081580877, 0.0270486604422, 0.0166985914111, 0.04000582546, 0.0655809491873, 0.0949336364865, 0.109874434769, 0.123391926289, 0.11572175473]
        max: [1, 1, 1, 1, 1, 1, 1, 1, 1, 1, 1, 0.603524625301, 1, 1, 0.68711823225, 0.516789078712, 0.719080030918, 1, 1, 1, 1, 1, 1, 1, 1, 1, 1, 1, 0.727827787399, 1, 0.859468281269, 1, 1, 1, 1, 1]
        mean: [0.0876325890422, 0.0532271750271, 0.0521214604378, 0.0634223222733, 0.0860396400094, 0.285016089678, 0.434046298265, 0.250381797552, 0.0987158417702, 0.0832307189703, 0.0604606643319, 0.0515199564397, 0.0600257739425, 0.0569342598319, 0.03685342893, 0.0278794895858, 0.0471229813993, 0.245770901442, 0.399328112602, 0.250478625298, 0.216255560517, 0.306041538715, 0.188469752669, 0.054864153266, 0.0359936989844, 0.051506318152, 0.149029493332, 0.173441469669, 0.0811718031764, 0.0496917627752, 0.0562946274877, 0.0872691497207, 0.141276687384, 0.15045247972, 0.132373094559, 0.12208365649]
        min: [0.000257925887126, 0, 0, 0, 0, 0.000263704598183, 0.000181136492756, 0.00157644716091, 0.000379608070944, 0.000412097142544, 0.000457000598544, 0.000836344668642, 0.000818582542706, 0.000828168296721, 0.000540282868315, 0.000294714758638, 0.000332004739903, 0, 0, 0.00033127196366, 0.000469628692372, 0.000338212499628, 0.000794767867774, 0.000802875612862, 0.000383128091926, 0, 0, 0, 0, 0, 0, 0, 0.000192223466001, 0.000311284209602, 0.00106794550084, 0.000822855276056]
        var: [0.0371875353158, 0.0197296161205, 0.0105051640421, 0.0166834741831, 0.0247441604733, 0.0762365907431, 0.155139788985, 0.0475471578538, 0.0232216846198, 0.025642497465, 0.0167244970798, 0.00631574355066, 0.0185389406979, 0.0250004343688, 0.00776479393244, 0.00286241201684, 0.00737924268469, 0.0559019111097, 0.135649815202, 0.0684061124921, 0.0629158988595, 0.153774574399, 0.0725228264928, 0.0164344348013, 0.0126368617639, 0.0153138246387, 0.0574512183666, 0.0694450139999, 0.012602802366, 0.0190060716122, 0.0161250736564, 0.0383131541312, 0.0654482841492, 0.0583227202296, 0.0501160472631, 0.0547261089087]
    chords_histogram: [32.5688056946, 6.88073396683, 40.366973877, 0, 0, 0, 0, 0, 20.1834869385, 0, 0, 0, 0, 0, 0, 0, 0, 0, 0, 0, 0, 0, 0, 0]
    thpcp: [1, 0.576855063438, 0.227431595325, 0.191755399108, 0.139295428991, 0.118696913123, 0.138293474913, 0.131170943379, 0.0849066749215, 0.0642316043377, 0.108566716313, 0.566231966019, 0.920012712479, 0.577078104019, 0.498231559992, 0.705089628696, 0.434215784073, 0.126401618123, 0.0829259455204, 0.118665494025, 0.343349307775, 0.399592101574, 0.18701185286, 0.114484935999, 0.129697293043, 0.201059535146, 0.325487613678, 0.34662771225, 0.304974585772, 0.281268745661, 0.201896876097, 0.122630178928, 0.120082721114, 0.146118789911, 0.198226869106, 0.656649053097]
    chords_key: "B"
    chords_scale: "major"
    key_key: "E"
    key_scale: "major"
    chords_progression: ["E", "E", "E", "E", "E", "E", "B", "B", "B", "B", "B", "B", "B", "B", "B", "B", "B", "B", "B", "B", "B", "B", "B", "B", "B", "B", "B", "B", "B", "B", "B", "B", "B", "B", "B", "B", "B", "B", "B", "B", "B", "B", "B", "B", "B", "B", "B", "B", "B", "B", "B", "B", "B", "B", "B", "B", "B", "B", "B", "B", "B", "B", "B", "B", "B", "B", "B", "B", "B", "B", "B", "B", "B", "B", "B", "B", "B", "B", "B", "B", "B", "B", "B", "B", "B", "B", "B", "B", "B", "B", "B", "B", "B", "B", "E", "E", "E", "E", "E", "E", "E", "E", "E", "E", "E", "E", "E", "E", "E", "E", "E", "E", "E", "E", "E", "E", "E", "E", "E", "E", "E", "E", "E", "E", "E", "E", "E", "E", "E", "E", "E", "E", "E", "E", "E", "E", "E", "E", "E", "E", "E", "E", "E", "E", "E", "E", "E", "E", "E", "E", "E", "E", "E", "E", "E", "E", "E", "E", "E", "G#m", "G#m", "G#m", "G#m", "G#m", "G#m", "G#m", "G#m", "G#m", "G#m", "G#m", "G#m", "G#m", "G#m", "G#m", "G#", "G#", "G#", "G#", "G#", "G#", "G#", "G#", "G#", "G#", "G#", "G#", "G#", "G#", "G#", "G#", "G#", "G#", "G#", "G#", "G#", "G#", "G#", "G#", "G#", "G#", "G#", "G#", "G#", "G#", "G#", "G#", "G#", "G#", "G#", "G#", "G#", "G#", "G#", "G#", "G#", "G#", "G#", "G#"]
