
metadata:
    version:
        essentia: "1.2.2"
    audio_properties:
        analysis_sample_rate: 44100
        bitrate: 128
        channels: 2
        equal_loudness: 1
        length: 10.0310201645
        replay_gain: -15.6082420349
        downmix: "mix"
    tags:
        track: 12
        year: 0
        album: "Splitted by Mp3Splt v. 2.1"
        artist: "From 001.50 To 002.00"
        comment: "http://mp3splt.sf.net"
        genre: ""
        title: "11 Walk Like a Man.mp3"

highlevel:
    ballroom:
        all:
            ChaChaCha: 0.0230675432831
            Jive: 0.0702981203794
            Quickstep: 0.392334878445
            Rumba-American: 0.0177053324878
            Rumba-International: 0.10458625108
            Rumba-Misc: 0.0290716551244
            Samba: 0.0489188246429
            Tango: 0.050344068557
            VienneseWaltz: 0.167926445603
            Waltz: 0.0957468748093
        probability: 0.392334878445
        value: "Quickstep"
    culture:
        all:
            non_western: 0.0892408564687
            western: 0.910759150982
        probability: 0.910759150982
        value: "western"
    gender:
        all:
            female: 0.0207226611674
            male: 0.979277312756
        probability: 0.979277312756
        value: "male"
    genre_dortmund:
        all:
            alternative: 0.0667137652636
            blues: 0.113243803382
            electronic: 0.00815203599632
            folkcountry: 0.378208726645
            funksoulrnb: 0.038424141705
            jazz: 0.107100427151
            pop: 0.0833360105753
            raphiphop: 0.00800177548081
            rock: 0.196819320321
        probability: 0.378208726645
        value: "folkcountry"
    genre_electronica:
        all:
            ambient: 0.799111485481
            dnb: 0.0947010219097
            house: 0.0171088911593
            techno: 0.00349186640233
            trance: 0.0855867341161
        probability: 0.799111485481
        value: "ambient"
    genre_rosamerica:
        all:
            cla: 0.041784722358
            dan: 0.0210811477154
            hip: 0.0138253737241
            jaz: 0.0955910161138
            pop: 0.721619784832
            rhy: 0.0705720707774
            roc: 0.029900169
            spe: 0.00562569126487
        probability: 0.721619784832
        value: "pop"
    genre_tzanetakis:
        all:
            blu: 0.003945723176
            cla: 0.0159981977195
            cou: 0.17656968534
            dis: 0.0262697562575
            hip: 0.00369566306472
            jaz: 0.0421710163355
            met: 0.00265100109391
            pop: 0.554283499718
            reg: 0.0419734157622
            roc: 0.13244202733
        probability: 0.554283499718
        value: "pop"
    live_studio:
        all:
            live: 0.0106540564448
            studio: 0.98934596777
        probability: 0.98934596777
        value: "studio"
    mood:
        all:
            Cluster1: 0.22204066813
            Cluster2: 0.24604408443
            Cluster3: 0.269781768322
            Cluster4: 0.224472180009
            Cluster5: 0.0376612991095
        probability: 0.269781768322
        value: "Cluster3"
    mood_acoustic:
        all:
            acoustic: 0.564109385014
            not_acoustic: 0.435890585184
        probability: 0.564109385014
        value: "acoustic"
    mood_aggressive:
        all:
            aggressive: 0.0154982451349
            not_aggressive: 0.984501779079
        probability: 0.984501779079
        value: "not_aggressive"
    mood_electronic:
        all:
            electronic: 0.203210711479
            not_electronic: 0.796789288521
        probability: 0.796789288521
        value: "not_electronic"
    mood_happy:
        all:
            happy: 0.762601733208
            not_happy: 0.237398251891
        probability: 0.762601733208
        value: "happy"
    mood_party:
        all:
            not_party: 0.897757291794
            party: 0.102242693305
        probability: 0.897757291794
        value: "not_party"
    mood_relaxed:
        all:
            not_relaxed: 0.0432299859822
            relaxed: 0.956770002842
        probability: 0.956770002842
        value: "relaxed"
    mood_sad:
        all:
            not_sad: 0.31825709343
            sad: 0.68174290657
        probability: 0.68174290657
        value: "sad"
    rhythm:
        all:
            fast: 0.540582895279
            medium: 0.443954467773
            slow: 0.0154626360163
        probability: 0.540582895279
        value: "fast"
    speech_music:
        all:
            music: 0.998387038708
            speech: 0.00161296792794
        probability: 0.998387038708
        value: "music"
    timbre:
        all:
            bright: 0.999999761581
            dark: 2.32879273199e-07
        probability: 0.999999761581
        value: "bright"
    voice_instrumental:
        all:
            instrumental: 0.022496316582
            voice: 0.977503657341
        probability: 0.977503657341
        value: "voice"

lowlevel:
    average_loudness: 0.972431242466
    barkbands_kurtosis:
        dmean: 1.26193201542
        dmean2: 1.97491014004
        dvar: 2.20039844513
        dvar2: 5.15883159637
        max: 17.0562648773
        mean: 1.19805681705
        min: -1.85410654545
        var: 7.20782709122
    barkbands_skewness:
        dmean: 0.391845107079
        dmean2: 0.58577811718
        dvar: 0.119530491531
        dvar2: 0.255491882563
        max: 3.1153151989
        mean: 1.04747307301
        min: -2.13937687874
        var: 0.626423716545
    barkbands_spread:
        dmean: 4.70222330093
        dmean2: 7.12886810303
        dvar: 25.519153595
        dvar2: 52.5073661804
        max: 62.4995880127
        mean: 21.0206031799
        min: 2.95195317268
        var: 95.904624939
    dissonance:
        dmean: 0.0272666160017
        dmean2: 0.0450643151999
        dvar: 0.000545468414202
        dvar2: 0.00150475720875
        max: 0.49663105607
        mean: 0.435664325953
        min: 0.288388639688
        var: 0.00143560150173
    hfc:
        dmean: 1.49221205711
        dmean2: 2.0170686245
        dvar: 4.1865363121
        dvar2: 9.01448059082
        max: 28.2333908081
        mean: 4.50819778442
        min: 6.03231001151e-06
        var: 15.4979848862
    pitch:
        dmean: 231.57598877
        dmean2: 449.56161499
        dvar: 526195.5
        dvar2: 1295697
        max: 4900
        mean: 535.166931152
        min: 73.7458190918
        var: 956415.75
    pitch_instantaneous_confidence:
        dmean: 0.0936072990298
        dmean2: 0.150749310851
        dvar: 0.00759071297944
        dvar2: 0.0151660861447
        max: 0.861656188965
        mean: 0.515250265598
        min: 0.166865408421
        var: 0.0234696026891
    pitch_salience:
        dmean: 0.0640703886747
        dmean2: 0.0989545509219
        dvar: 0.00355191039853
        dvar2: 0.00804036483169
        max: 0.969767987728
        mean: 0.59643214941
        min: 0.277962088585
        var: 0.00945394393057
    silence_rate_20dB:
        dmean: 0
        dmean2: 0
        dvar: 0
        dvar2: 0
        max: 1
        mean: 1
        min: 1
        var: 0
    silence_rate_30dB:
        dmean: 0
        dmean2: 0
        dvar: 0
        dvar2: 0
        max: 1
        mean: 1
        min: 1
        var: 0
    silence_rate_60dB:
        dmean: 0.148148149252
        dmean2: 0.296983748674
        dvar: 0.126200884581
        dvar2: 0.236625790596
        max: 1
        mean: 0.438799083233
        min: 0
        var: 0.246254324913
    spectral_centroid:
        dmean: 172.421173096
        dmean2: 258.437194824
        dvar: 48983.6640625
        dvar2: 87234.09375
        max: 3517.49609375
        mean: 1025.11999512
        min: 417.499420166
        var: 267402.40625
    spectral_complexity:
        dmean: 2.31554532051
        dmean2: 3.56744194031
        dvar: 6.22063684464
        dvar2: 13.7989292145
        max: 26
        mean: 10.2152776718
        min: 0
        var: 21.8078155518
    spectral_crest:
        dmean: 2.50499629974
        dmean2: 3.99507570267
        dvar: 5.00481557846
        dvar2: 12.9602279663
        max: 21.1282100677
        mean: 9.43090343475
        min: 3.48508620262
        var: 12.86460495
    spectral_decrease:
        dmean: 3.13947590147e-10
        dmean2: 4.43045045095e-10
        dvar: 1.6283908558e-19
        dvar2: 3.34645687879e-19
        max: -1.11260149314e-15
        mean: -1.03814146168e-09
        min: -4.66494931572e-09
        var: 4.95720655707e-19
    spectral_energy:
        dmean: 0.0013028786052
        dmean2: 0.00182946946006
        dvar: 2.73193609246e-06
        dvar2: 5.65074469705e-06
        max: 0.0186069346964
        mean: 0.00432708859444
        min: 4.7463708519e-09
        var: 8.42982899485e-06
    spectral_energyband_high:
        dmean: 6.5390682721e-05
        dmean2: 9.94930014713e-05
        dvar: 2.14859170455e-08
        dvar2: 4.66592666726e-08
        max: 0.00181010668166
        mean: 0.000135326903546
        min: 1.68013769564e-10
        var: 7.09607803628e-08
    spectral_energyband_low:
        dmean: 4.7056186304e-05
        dmean2: 7.65041040722e-05
        dvar: 6.56700915869e-09
        dvar2: 1.71932370563e-08
        max: 0.000849836971611
        mean: 0.000135673340992
        min: 1.29791698222e-11
        var: 1.44878820052e-08
    spectral_energyband_middle_high:
        dmean: 0.000463549367851
        dmean2: 0.000668569235131
        dvar: 3.25000883095e-07
        dvar2: 6.39539052827e-07
        max: 0.00634320126846
        mean: 0.00129833887331
        min: 2.52401366474e-09
        var: 1.17287697776e-06
    spectral_energyband_middle_low:
        dmean: 0.000997910625301
        dmean2: 0.00142739666626
        dvar: 1.87286502751e-06
        dvar2: 4.05155742556e-06
        max: 0.0172354318202
        mean: 0.00275772390887
        min: 2.04047334584e-09
        var: 4.98049394082e-06
    spectral_flatness_db:
        dmean: 0.0167868696153
        dmean2: 0.0253611989319
        dvar: 0.000265576090897
        dvar2: 0.00055782450363
        max: 0.259710580111
        mean: 0.17020522058
        min: 0.0992351472378
        var: 0.00101970788091
    spectral_flux:
        dmean: 0.0095489397645
        dmean2: 0.0135306017473
        dvar: 9.57413285505e-05
        dvar2: 0.00018288604042
        max: 0.0942830517888
        mean: 0.0330723822117
        min: 6.88939107931e-05
        var: 0.000261388515355
    spectral_kurtosis:
        dmean: 1.61801767349
        dmean2: 2.48704385757
        dvar: 2.83627390862
        dvar2: 6.31331205368
        max: 19.3349742889
        mean: 6.26818656921
        min: 0.143804788589
        var: 11.0540428162
    spectral_rms:
        dmean: 0.000302709726384
        dmean2: 0.00040630530566
        dvar: 1.11357330468e-07
        dvar2: 2.08142466818e-07
        max: 0.00426064617932
        mean: 0.0019405282801
        min: 2.1518842459e-06
        var: 4.55899936469e-07
    spectral_rolloff:
        dmean: 463.737823486
        dmean2: 766.530944824
        dvar: 345228.28125
        dvar2: 767603.1875
        max: 5038.76953125
        mean: 1869.20178223
        min: 409.130859375
        var: 995862.0625
    spectral_skewness:
        dmean: 0.213694527745
        dmean2: 0.315930783749
        dvar: 0.0405875854194
        dvar2: 0.0808382332325
        max: 3.63513231277
        mean: 1.96388030052
        min: 0.703765749931
        var: 0.256341785192
    spectral_spread:
        dmean: 615187.75
        dmean2: 866589.5625
        dvar: 580155473920
        dvar2: 999541964800
        max: 10733532
        mean: 4572469
        min: 2286966.25
        var: 1.92948325581e+12
    spectral_strongpeak:
        dmean: 0.317089676857
        dmean2: 0.507494568825
        dvar: 0.348910421133
        dvar2: 0.910265684128
        max: 6.98047876358
        mean: 0.699143350124
        min: 2.92768818326e-05
        var: 0.503363132477
    zerocrossingrate:
        dmean: 0.00758478650823
        dmean2: 0.00825308822095
        dvar: 5.77920545766e-05
        dvar2: 6.34157622699e-05
        max: 0.17138671875
        mean: 0.061939381063
        min: 0.0126953125
        var: 0.000670342531521
    barkbands:
        dmean: [1.12487420267e-07, 1.38612722367e-05, 3.72555005015e-05, 8.15107487142e-05, 0.000350108370185, 0.000151814427227, 0.000223550814553, 0.000573807046749, 0.000131359323859, 0.000117808034702, 0.000116512732347, 5.5465130572e-05, 8.34583770484e-05, 5.02533293911e-05, 2.97887199849e-05, 4.26054975833e-05, 7.34009663574e-05, 8.48202616908e-05, 9.17038269108e-05, 8.57704289956e-05, 2.73772511719e-05, 9.52065965976e-06, 1.04598098005e-06, 1.02273259017e-06, 1.30369778617e-06, 4.22383124032e-08, 5.55133883307e-10]
        dmean2: [1.4868575704e-07, 2.42744208663e-05, 5.99541235715e-05, 0.000133737485157, 0.000582634529565, 0.00024053028028, 0.000356292322977, 0.000807632051874, 0.000204056850635, 0.000171741543454, 0.000181400711881, 8.81690430106e-05, 0.000122746627312, 7.64656651882e-05, 4.89356352773e-05, 6.29321220913e-05, 0.000114940943604, 0.000137519135023, 0.000133167864988, 0.000133055305923, 4.1802009946e-05, 1.45676413013e-05, 1.59330249971e-06, 1.59166836511e-06, 1.89577497167e-06, 6.25837586199e-08, 7.97523491691e-10]
        dvar: [1.48733423581e-12, 2.07711825517e-09, 2.87368306928e-09, 1.91283540119e-08, 3.46497074588e-07, 5.1236884957e-08, 1.73443652329e-07, 1.28299598146e-06, 1.55183499828e-07, 6.1426860043e-08, 4.70303298528e-08, 2.13533937199e-08, 2.55583820774e-08, 1.02029922289e-08, 4.05344380283e-09, 2.14471693738e-08, 2.31716299481e-08, 4.34519940029e-08, 5.54309451672e-08, 5.15180254013e-08, 3.40807893018e-09, 3.94442145613e-10, 2.99250750048e-12, 8.55652354526e-12, 1.63703755413e-11, 1.02610782488e-14, 1.41970116954e-17]
        dvar2: [1.53912256204e-12, 5.73211478283e-09, 7.5778920916e-09, 4.3902122826e-08, 1.02940362012e-06, 1.31539991344e-07, 4.0539237034e-07, 2.71055137091e-06, 3.53830159838e-07, 1.41510781759e-07, 1.30894576955e-07, 5.06675092993e-08, 5.12657507556e-08, 2.28227250432e-08, 1.11096616351e-08, 3.45338087016e-08, 5.09729218834e-08, 1.0989840149e-07, 1.20752289945e-07, 1.31250970981e-07, 8.17649592477e-09, 8.8746093807e-10, 6.81250802298e-12, 2.03714961566e-11, 3.24277271702e-11, 2.12681722955e-14, 1.4701390037e-17]
        max: [2.51102428592e-05, 0.000359685480362, 0.000600448227488, 0.00143229216337, 0.00652300473303, 0.00236733281054, 0.00482550822198, 0.0145604489371, 0.00513762794435, 0.00248413463123, 0.0024187178351, 0.00210696063004, 0.00151431933045, 0.00117287284229, 0.000819132314064, 0.00284858862869, 0.00281703844666, 0.00288945133798, 0.00435262452811, 0.00280388374813, 0.000742396863643, 0.000190951672266, 2.11007663893e-05, 4.59428447357e-05, 8.41153378133e-05, 1.91232220459e-06, 7.79604647505e-08]
        mean: [1.29381021452e-07, 2.76981627394e-05, 0.000107876017864, 0.000158760478371, 0.00055050640367, 0.000352176139131, 0.000320685328916, 0.00108284479938, 0.000223820912652, 0.000232323669479, 0.000187409241335, 8.1392514403e-05, 0.000141648430144, 8.14427767182e-05, 4.39495925093e-05, 6.98455551174e-05, 0.00013530490105, 0.000134459492983, 0.000161954318173, 0.000161550633493, 4.82636896777e-05, 1.66548252309e-05, 2.06893878385e-06, 1.90496416508e-06, 2.35027869167e-06, 7.1893708764e-08, 6.94892365871e-10]
        min: [1.22908302459e-12, 4.62134063656e-12, 7.69536170897e-12, 1.40221402198e-11, 8.41420336184e-11, 2.13231432511e-10, 3.91860432991e-10, 5.82070558419e-10, 7.15259462769e-10, 1.58586796473e-10, 2.29859964396e-10, 4.76737205268e-10, 9.15321596295e-10, 2.64598787325e-10, 4.95737652317e-11, 1.04023447842e-11, 6.77347067324e-11, 1.65578148414e-10, 1.30739627457e-10, 2.14313025659e-10, 2.00584947957e-11, 1.70124140469e-11, 6.54539053166e-12, 2.570501971e-12, 8.07364917109e-13, 7.16290796208e-13, 8.35894938336e-13]
        var: [1.48049910005e-12, 1.5108750917e-09, 1.13903917409e-08, 4.29055475593e-08, 3.57928314543e-07, 1.1974863412e-07, 2.33997951682e-07, 3.2000889405e-06, 2.76913908692e-07, 1.68736704609e-07, 9.54203827064e-08, 2.87933410448e-08, 6.35282546568e-08, 2.61829740111e-08, 5.94455329406e-09, 3.75046269596e-08, 5.89179798283e-08, 4.94465730583e-08, 1.12764602989e-07, 1.44951258108e-07, 9.98707072597e-09, 9.60269863626e-10, 7.19197141077e-12, 2.45192980503e-11, 5.80116822635e-11, 3.06784254305e-14, 1.46770494203e-17]
    mfcc:
        mean: [-738.29699707, 138.336807251, -39.8187522888, 40.7920417786, -19.0565166473, -18.257144928, -2.04333090782, -9.07664585114, -8.32554244995, -11.8926477432, -1.55494558811, -4.08005046844, -1.55203688145]
        cov: [[2748.57592773, -640.957580566, 107.036880493, -35.5699119568, -215.012115479, -23.9407100677, -41.4891967773, -24.7380981445, 55.6699867249, 56.6248703003, 107.038825989, 14.2031726837, -68.7175979614], [-640.957580566, 897.655029297, -271.917205811, -204.090148926, 45.1064109802, -48.3651046753, -62.4829673767, 115.886131287, -15.4729299545, 6.52312469482, -4.91308689117, 18.1585636139, 21.1649227142], [107.036880493, -271.917205811, 360.068817139, 106.08165741, 0.657708108425, -21.8290328979, 44.2087211609, -21.9393177032, 24.0468940735, -15.8876991272, -27.7447242737, -38.6327438354, -0.671707808971], [-35.5699119568, -204.090148926, 106.08165741, 271.241668701, 103.310768127, 36.4544792175, 18.3210754395, -62.4079933167, 21.0911846161, -23.4396820068, -70.6788864136, -28.2948036194, 11.4106769562], [-215.012115479, 45.1064109802, 0.657708108425, 103.310768127, 263.041168213, 43.5143547058, -35.0252075195, -58.2008628845, 24.6542930603, -28.7330608368, -79.1643981934, -4.51252985001, 6.21675539017], [-23.9407100677, -48.3651046753, -21.8290328979, 36.4544792175, 43.5143547058, 120.364517212, 5.4978723526, -24.7587757111, -16.897649765, -12.1967344284, 5.08008766174, 4.54977560043, -15.3285398483], [-41.4891967773, -62.4829673767, 44.2087211609, 18.3210754395, -35.0252075195, 5.4978723526, 128.858520508, 25.6542892456, -27.3803215027, -21.03191185, -2.04005384445, -16.4455032349, 3.26473379135], [-24.7380981445, 115.886131287, -21.9393177032, -62.4079933167, -58.2008628845, -24.7587757111, 25.6542892456, 137.592193604, 20.5495033264, -5.9225730896, -5.25601625443, 1.8350661993, 11.1574554443], [55.6699867249, -15.4729299545, 24.0468940735, 21.0911846161, 24.6542930603, -16.897649765, -27.3803215027, 20.5495033264, 94.0485610962, 21.7441272736, -32.0640640259, -8.5717754364, 9.24960136414], [56.6248703003, 6.52312469482, -15.8876991272, -23.4396820068, -28.7330608368, -12.1967344284, -21.03191185, -5.9225730896, 21.7441272736, 84.3763198853, 29.5815925598, 8.20621299744, -19.9813041687], [107.038825989, -4.91308689117, -27.7447242737, -70.6788864136, -79.1643981934, 5.08008766174, -2.04005384445, -5.25601625443, -32.0640640259, 29.5815925598, 118.45967865, 24.0377521515, -23.1291885376], [14.2031726837, 18.1585636139, -38.6327438354, -28.2948036194, -4.51252985001, 4.54977560043, -16.4455032349, 1.8350661993, -8.5717754364, 8.20621299744, 24.0377521515, 63.2959060669, 10.5197315216], [-68.7175979614, 21.1649227142, -0.671707808971, 11.4106769562, 6.21675539017, -15.3285398483, 3.26473379135, 11.1574554443, 9.24960136414, -19.9813041687, -23.1291885376, 10.5197315216, 74.391242981]]
        icov: [[0.000514586805366, 0.000457511749119, 0.000110934466647, 0.000172363841557, 0.000245914969128, 0.00014564023877, 0.000333584437612, -0.000107104031486, -0.000349599024048, 0.000117481758934, -0.000204139447305, -4.81738061353e-05, 0.000348987116013], [0.000457511749119, 0.00254401867278, 0.00123109295964, 0.00127213518135, -0.00111733516678, 0.000918906298466, 0.0010797776049, -0.00194543856196, 0.000969935616013, -0.000454351305962, 1.12317584353e-05, 0.000919187674299, -0.000327203364577], [0.000110934466647, 0.00123109295964, 0.00424854550511, -0.000675527204294, -0.00018012955843, 0.00147899705917, -0.000669113011099, -0.000243129659793, -0.00074841757305, 0.000610839924775, -0.000279412604868, 0.00151343084872, 0.000236069536186], [0.000172363841557, 0.00127213518135, -0.000675527204294, 0.00685986503959, -0.00158417702187, -0.00112558947876, -0.000659633486066, 0.00142693566158, -0.000468809128506, -0.000268409494311, 0.00236553116702, 0.00124495953787, -0.00100002379622], [0.000245914969128, -0.00111733516678, -0.00018012955843, -0.00158417702187, 0.00742003181949, -0.00200867792591, 0.00089017522987, 0.00332330819219, -0.00228912406601, 0.00201983726583, 0.00347750075161, -0.00186752260197, 0.00138736946974], [0.00014564023877, 0.000918906298466, 0.00147899705917, -0.00112558947876, -0.00200867792591, 0.0107206152752, -0.000536733365152, -0.000181579933269, 0.0010567328427, 0.0014654971892, -0.00171869201586, -0.000724037003238, 0.00231702905148], [0.000333584437612, 0.0010797776049, -0.000669113011099, -0.000659633486066, 0.00089017522987, -0.000536733365152, 0.0110226152465, -0.00360479112715, 0.00420808559284, 0.000537451996934, 0.000194895881577, 0.00252631912008, -0.000707507424522], [-0.000107104031486, -0.00194543856196, -0.000243129659793, 0.00142693566158, 0.00332330819219, -0.000181579933269, -0.00360479112715, 0.0125232385471, -0.0053987163119, 0.00267781340517, 0.00185774546117, -0.00183258298784, 0.000425530975917], [-0.000349599024048, 0.000969935616013, -0.00074841757305, -0.000468809128506, -0.00228912406601, 0.0010567328427, 0.00420808559284, -0.0053987163119, 0.0178127661347, -0.00683581829071, 0.00363258714788, 0.0025252494961, -0.00277820974588], [0.000117481758934, -0.000454351305962, 0.000610839924775, -0.000268409494311, 0.00201983726583, 0.0014654971892, 0.000537451996934, 0.00267781340517, -0.00683581829071, 0.0174079090357, -0.00356698525138, -0.00215393397957, 0.00471367267892], [-0.000204139447305, 1.12317584353e-05, -0.000279412604868, 0.00236553116702, 0.00347750075161, -0.00171869201586, 0.000194895881577, 0.00185774546117, 0.00363258714788, -0.00356698525138, 0.0156650971621, -0.00412152800709, 0.00255449255928], [-4.81738061353e-05, 0.000919187674299, 0.00151343084872, 0.00124495953787, -0.00186752260197, -0.000724037003238, 0.00252631912008, -0.00183258298784, 0.0025252494961, -0.00215393397957, -0.00412152800709, 0.020741770044, -0.00541952066123], [0.000348987116013, -0.000327203364577, 0.000236069536186, -0.00100002379622, 0.00138736946974, 0.00231702905148, -0.000707507424522, 0.000425530975917, -0.00277820974588, 0.00471367267892, 0.00255449255928, -0.00541952066123, 0.0175142642111]]
    spectral_contrast:
        mean: [2.70553528026e-07, 7.69952634982e-08, 2.68151922e-07, -1.85212471138e-07, -2.5982174634e-07, 9.60641983738e-08, 3.94691051042e-06, 2.70085274678e-06, -3.10820291816e-06, 6.85177440118e-07, -1.2101673974e-06, 1.54147687681e-06]
        var: [0.000544059963431, 0.000838717503939, 0.00268086395226, 0.00268689962104, 0.00363006722182, 0.00676438258961, 0.0601413100958, 0.118734709918, 0.120241075754, 0.198603764176, 0.387262165546, 1.20461094379]

rhythm:
    beats_loudness:
        dmean: 0.00377114675939
        dmean2: 0.0061809392646
        dvar: 5.69565736441e-06
        dvar2: 2.05961641768e-05
        max: 0.0156647861004
        mean: 0.00726930564269
        min: 0.00137903913856
        var: 1.42648304973e-05
    beats_loudness_bass:
        dmean: 0.0534648299217
        dmean2: 0.0960144549608
        dvar: 0.00636186357588
        dvar2: 0.0169902648777
        max: 0.329135596752
        mean: 0.0568433590233
        min: 0.00537181599066
        var: 0.00485953781754
    bpm: 125.043479919
    bpm_confidence: 0
    first_peak_bpm: 125
    first_peak_spread: 0.368421077728
    first_peak_weight: 0.600000023842
    onset_rate: 3.78824877739
    second_peak_bpm: 106
    second_peak_spread: 0
    second_peak_weight: 0.0500000007451
    beats_position: [0.091001406312, 0.572008311749, 1.05301511288, 1.53402209282, 2.01502895355, 2.4960360527, 2.97704291344, 3.45804977417, 3.93905687332, 4.42006349564, 4.90107059479, 5.38207769394, 5.86308431625, 6.42759418488, 6.90132904053, 7.37506437302, 7.84879922867, 8.32253456116, 8.79626941681, 9.27000522614, 9.74374008179]
    bpm_estimates: [124.871582031, 124.33795929, 124.07484436, 123.949798584, 125.689926147, 125.848579407, 125.870491028, 123.439613342, 124.613098145, 124.697769165, 124.592102051, 124.728881836, 125.721717834, 128.625061035, 124.590911865]
    bpm_intervals: [0.481006920338, 0.481006801128, 0.481006979942, 0.481006860733, 0.481007099152, 0.481006860733, 0.481006860733, 0.481007099152, 0.481006622314, 0.481007099152, 0.481007099152, 0.481006622314, 0.564509868622, 0.473734855652, 0.473735332489, 0.473734855652, 0.473735332489, 0.473734855652, 0.473735809326, 0.473734855652]
    onset_times: [0.0580498874187, 0.31346938014, 0.545668959618, 0.743038535118, 1.06811785698, 1.34675741196, 1.95047616959, 2.00852608681, 2.28716564178, 2.87927436829, 3.41333341599, 3.76163268089, 3.94739222527, 4.07510185242, 4.22603178024, 4.42340135574, 4.8994102478, 5.11999988556, 5.38702964783, 5.70049905777, 5.87464857101, 6.18811798096, 6.35065746307, 6.62929725647, 6.86149644852, 7.2910656929, 7.50004529953, 7.7670750618, 7.9644446373, 8.28952407837, 8.51011371613, 8.68426322937, 8.76553249359, 9.03256225586, 9.43891143799, 9.49696159363, 9.7639913559, 9.98458003998]
    rubato_start: []
    rubato_stop: []
    perceptual_tempo: "unknown"

sfx:
    inharmonicity:
        dmean: 0.0376453250647
        dmean2: 0.0670694112778
        dvar: 0.00232320604846
        dvar2: 0.00630906689912
        max: 0.42303237319
        mean: 0.0369402468204
        min: 4.51394698757e-05
        var: 0.00220001908019
    oddtoevenharmonicenergyratio:
        dmean: 13.3224105835
        dmean2: 26.2646274567
        dvar: 17236.4511719
        dvar2: 54929.8945312
        max: 1899.36132812
        mean: 7.28797960281
        min: 0.000199080110178
        var: 8641.12597656
    pitch_after_max_to_before_max_energy_ratio: 2.37264466286
    pitch_centroid: 193.015716553
    pitch_max_to_total: 0.199074074626
    pitch_min_to_total: 0.608796298504
    tristimulus:
        dmean: [0.245060175657, 0.271597892046, 0.0924011394382]
        dmean2: [0.428479701281, 0.474112182856, 0.165299385786]
        dvar: [0.038170479238, 0.0479983128607, 0.0098389685154]
        dvar2: [0.105443134904, 0.13509863615, 0.0284343585372]
        max: [0.96948570013, 0.996183693409, 0.592766463757]
        mean: [0.402586400509, 0.473885267973, 0.0977965295315]
        min: [0.00210709986277, 0, 0]
        var: [0.0552212931216, 0.0619173310697, 0.0100805955008]

tonal:
    chords_changes_rate: 0.0414746552706
    chords_number_rate: 0.0184331797063
    chords_strength:
        dmean: 0.00824095495045
        dmean2: 0.0066458536312
        dvar: 4.3639287469e-05
        dvar2: 2.76717055385e-05
        max: 0.756713986397
        mean: 0.534511804581
        min: 0.326127558947
        var: 0.0111593585461
    key_strength: 0.879717886448
    tuning_diatonic_strength: 0.715721189976
    tuning_equal_tempered_deviation: 0.0377984307706
    tuning_frequency: 441.017791748
    tuning_nontempered_energy_ratio: 0.660812973976
    hpcp:
        dmean: [0.148569390178, 0.14106182754, 0.116773970425, 0.107936553657, 0.0775882527232, 0.055554240942, 0.0644503459334, 0.116993844509, 0.196472227573, 0.215552836657, 0.195447862148, 0.0957029238343, 0.0530238114297, 0.0530338771641, 0.10815025121, 0.119787037373, 0.116188235581, 0.0820371061563, 0.0459444597363, 0.0451046526432, 0.0585823394358, 0.0735049769282, 0.0754485502839, 0.161853313446, 0.188146576285, 0.136341154575, 0.0430639348924, 0.0334979072213, 0.0483163818717, 0.108041584492, 0.136935099959, 0.138508051634, 0.0958804413676, 0.0768554583192, 0.0928665548563, 0.137835234404]
        dmean2: [0.241746410728, 0.241527870297, 0.200944662094, 0.175722524524, 0.132191464305, 0.0960849225521, 0.11208165437, 0.207048475742, 0.326261967421, 0.375209540129, 0.335240274668, 0.16673964262, 0.0932338237762, 0.0945888906717, 0.1709921211, 0.199342370033, 0.19499386847, 0.142936691642, 0.0807207897305, 0.0759581699967, 0.0969354957342, 0.121439784765, 0.123366840184, 0.261651664972, 0.313233107328, 0.228785425425, 0.0727273225784, 0.0548642873764, 0.0797113478184, 0.173307612538, 0.209138572216, 0.222765833139, 0.161760121584, 0.135624021292, 0.162274062634, 0.230404853821]
        dvar: [0.0425647161901, 0.0314541906118, 0.0283667687327, 0.0312883108854, 0.0140053825453, 0.00970277003944, 0.013422803022, 0.0345441102982, 0.035386890173, 0.0615185312927, 0.0367623753846, 0.0293129943311, 0.0147870425135, 0.0128292506561, 0.0256812125444, 0.0362058505416, 0.0249012559652, 0.0190011262894, 0.00683425925672, 0.0119812916964, 0.0123494425789, 0.0178544335067, 0.0134636955336, 0.0260669477284, 0.0426866002381, 0.0258827805519, 0.00550460442901, 0.00356846884824, 0.00662689330056, 0.0215511191636, 0.0288367997855, 0.0373579785228, 0.0270785093307, 0.027431204915, 0.031796105206, 0.0302458982915]
        dvar2: [0.103115238249, 0.0901790186763, 0.0769880637527, 0.072957187891, 0.0331340841949, 0.0261035170406, 0.0344324149191, 0.0898064598441, 0.094216324389, 0.130281224847, 0.0971715003252, 0.0827015191317, 0.0421669892967, 0.0360255241394, 0.0563823878765, 0.0674814730883, 0.0582830794156, 0.0449275784194, 0.0172900725156, 0.0302345361561, 0.0274637918919, 0.0460262112319, 0.0345859713852, 0.0668904930353, 0.0990216210485, 0.0709976702929, 0.0150616588071, 0.0086385384202, 0.0151304053143, 0.0434447936714, 0.0613626167178, 0.0809432268143, 0.069635219872, 0.0639519691467, 0.0848362594843, 0.0773926302791]
        max: [1, 0.991500556469, 1, 1, 0.882975816727, 0.697212159634, 0.736080288887, 1, 1, 1, 1, 1, 1, 0.92670416832, 1, 1, 1, 1, 0.550070762634, 1, 1, 1, 0.933717429638, 1, 1, 0.908405601978, 0.541522562504, 0.458897799253, 0.658111155033, 1, 1, 1, 1, 1, 1, 1]
        mean: [0.245330199599, 0.162966713309, 0.162892386317, 0.193658187985, 0.122218646109, 0.0665058046579, 0.0682517886162, 0.10510751605, 0.342407673597, 0.530458629131, 0.315137952566, 0.0874229222536, 0.0505670793355, 0.0507369078696, 0.160920456052, 0.244890481234, 0.168151050806, 0.087643943727, 0.0484456010163, 0.0410463176668, 0.0858956053853, 0.100630789995, 0.0886606872082, 0.282010942698, 0.409221172333, 0.203145802021, 0.0456421822309, 0.035515345633, 0.0501183979213, 0.158893167973, 0.270823657513, 0.19846509397, 0.085215896368, 0.0671053379774, 0.0861596912146, 0.189856231213]
        min: [0, 0, 0, 0, 0, 0, 0, 0, 0, 0, 0, 0, 0, 0, 0, 0, 0, 0, 0, 0, 0, 0, 0, 0, 0, 0, 0, 0, 0, 0, 0, 0, 0, 0, 0, 0]
        var: [0.0814090520144, 0.0363171845675, 0.0523641444743, 0.0815185457468, 0.0322519913316, 0.0113204820082, 0.0133671490476, 0.0322579368949, 0.0748552307487, 0.146461650729, 0.065818965435, 0.0221673492342, 0.0103571880609, 0.0089725824073, 0.0489293523133, 0.104934208095, 0.0399357043207, 0.0206071510911, 0.00700218556449, 0.0114538175985, 0.0276665240526, 0.028682526201, 0.0145937595516, 0.0568090900779, 0.113875091076, 0.0386978238821, 0.00487596075982, 0.00368994357996, 0.00768587598577, 0.0379544384778, 0.0818546414375, 0.0647173672915, 0.0244658011943, 0.0248840451241, 0.0269642751664, 0.0492684133351]
    chords_histogram: [73.7327194214, 0, 0.921658992767, 0, 0, 0, 0, 0, 0, 0, 0, 0, 0, 0, 0, 0, 0, 0, 0, 0, 0, 13.8248844147, 2.7649769783, 8.75576019287]
    thpcp: [1, 0.594085812569, 0.164806291461, 0.0953270941973, 0.0956472456455, 0.303360998631, 0.461658030748, 0.316991835833, 0.16522295773, 0.0913277640939, 0.0773789212108, 0.161927059293, 0.189705252647, 0.167139679193, 0.531636059284, 0.771447837353, 0.382962584496, 0.0860428661108, 0.0669521465898, 0.0944812595844, 0.299539238214, 0.510546267033, 0.374138683081, 0.160645693541, 0.126504376531, 0.162424907088, 0.357909590006, 0.462486952543, 0.307218521833, 0.307078391314, 0.365076899529, 0.230401843786, 0.125374153256, 0.128665626049, 0.198144599795, 0.645493626595]
    chords_key: "F"
    chords_scale: "major"
    key_key: "F"
    key_scale: "major"
    chords_progression: ["F", "F", "F", "F", "F", "F", "F", "F", "F", "F", "F", "F", "F", "F", "F", "F", "F", "F", "F", "F", "F", "F", "F", "F", "F", "F", "F", "F", "F", "F", "F", "F", "F", "F", "F", "F", "F", "F", "F", "F", "F", "F", "F", "F", "A#", "A#", "A#", "A#", "F", "F", "A#", "A#", "F", "F", "F", "F", "F", "F", "F", "F", "F", "F", "F", "F", "F", "F", "F", "F", "F", "F", "F", "F", "F", "F", "F", "F", "F", "F", "F", "F", "F", "F", "F", "F", "F", "F", "F", "F", "F", "F", "F", "F", "F", "F", "F", "F", "F", "F", "F", "F", "F", "F", "F", "F", "F", "F", "F", "F", "F", "F", "F", "F", "F", "F", "F", "F", "F", "F", "F", "F", "F", "F", "F", "F", "F", "F", "F", "F", "F", "F", "F", "F", "F", "F", "Dm", "Dm", "Dm", "Dm", "Dm", "Dm", "Dm", "Dm", "Dm", "Dm", "Dm", "Dm", "Dm", "Dm", "Dm", "Dm", "Dm", "Dm", "Gm", "Gm", "Gm", "Gm", "Gm", "Gm", "Gm", "Gm", "Gm", "Gm", "Gm", "Gm", "Gm", "Gm", "Gm", "Gm", "Gm", "Gm", "Gm", "Gm", "Gm", "Gm", "Gm", "Gm", "Gm", "Gm", "Gm", "Gm", "Gm", "Gm", "C", "C", "Dm", "F", "F", "F", "F", "F", "F", "F", "F", "F", "F", "F", "F", "F", "F", "F", "F", "F", "F", "F", "F", "F", "F", "F", "F", "F", "F", "F", "F", "F", "F", "F", "F"]
