
metadata:
    version:
        essentia: "1.2.2"
    audio_properties:
        analysis_sample_rate: 44100
        bitrate: 128
        channels: 2
        equal_loudness: 1
        length: 10.0048980713
        replay_gain: -11.7871265411
        downmix: "mix"
    tags:
        track: 6
        year: 0
        album: "Splitted by Mp3Splt v. 2.1"
        artist: "From 000.50 To 001.00"
        comment: "http://mp3splt.sf.net"
        genre: ""
        title: "04 Futurist Limited.mp3"

highlevel:
    ballroom:
        all:
            ChaChaCha: 0.0964738875628
            Jive: 0.198514863849
            Quickstep: 0.102834656835
            Rumba-American: 0.00939809530973
            Rumba-International: 0.087707541883
            Rumba-Misc: 0.0372811816633
            Samba: 0.190496638417
            Tango: 0.0501754060388
            VienneseWaltz: 0.192449972034
            Waltz: 0.0346677526832
        probability: 0.198514863849
        value: "Jive"
    culture:
        all:
            non_western: 0.507862269878
            western: 0.492137700319
        probability: 0.507862269878
        value: "non_western"
    gender:
        all:
            female: 0.71699988842
            male: 0.283000081778
        probability: 0.71699988842
        value: "female"
    genre_dortmund:
        all:
            alternative: 0.0842328742146
            blues: 0.0290102958679
            electronic: 0.122149795294
            folkcountry: 0.0785181894898
            funksoulrnb: 0.0499855056405
            jazz: 0.0840795263648
            pop: 0.0919307544827
            raphiphop: 0.199278190732
            rock: 0.260814845562
        probability: 0.260814845562
        value: "rock"
    genre_electronica:
        all:
            ambient: 0.465907514095
            dnb: 0.143270373344
            house: 0.0499494969845
            techno: 0.024710547179
            trance: 0.316162079573
        probability: 0.465907514095
        value: "ambient"
    genre_rosamerica:
        all:
            cla: 0.0453850142658
            dan: 0.515882611275
            hip: 0.184511840343
            jaz: 0.0231895931065
            pop: 0.0575450621545
            rhy: 0.0189770739526
            roc: 0.145214781165
            spe: 0.00929400976747
        probability: 0.515882611275
        value: "dan"
    genre_tzanetakis:
        all:
            blu: 0.00763250188902
            cla: 0.0149396071211
            cou: 0.100209511817
            dis: 0.128147780895
            hip: 0.0547074191272
            jaz: 0.0646629109979
            met: 0.0124750956893
            pop: 0.424566656351
            reg: 0.123767539859
            roc: 0.068890966475
        probability: 0.424566656351
        value: "pop"
    live_studio:
        all:
            live: 0.152713403106
            studio: 0.847286581993
        probability: 0.847286581993
        value: "studio"
    mood:
        all:
            Cluster1: 0.490910738707
            Cluster2: 0.081577450037
            Cluster3: 0.0907382890582
            Cluster4: 0.0875616446137
            Cluster5: 0.249211877584
        probability: 0.490910738707
        value: "Cluster1"
    mood_acoustic:
        all:
            acoustic: 0.0329770445824
            not_acoustic: 0.967022955418
        probability: 0.967022955418
        value: "not_acoustic"
    mood_aggressive:
        all:
            aggressive: 0.280158162117
            not_aggressive: 0.719841837883
        probability: 0.719841837883
        value: "not_aggressive"
    mood_electronic:
        all:
            electronic: 0.899543046951
            not_electronic: 0.100456945598
        probability: 0.899543046951
        value: "electronic"
    mood_happy:
        all:
            happy: 0.285253673792
            not_happy: 0.714746296406
        probability: 0.714746296406
        value: "not_happy"
    mood_party:
        all:
            not_party: 0.615752398968
            party: 0.384247601032
        probability: 0.615752398968
        value: "not_party"
    mood_relaxed:
        all:
            not_relaxed: 0.696696639061
            relaxed: 0.303303360939
        probability: 0.696696639061
        value: "not_relaxed"
    mood_sad:
        all:
            not_sad: 0.450862437487
            sad: 0.549137532711
        probability: 0.549137532711
        value: "sad"
    rhythm:
        all:
            fast: 0.538154184818
            medium: 0.32939979434
            slow: 0.132446050644
        probability: 0.538154184818
        value: "fast"
    speech_music:
        all:
            music: 0.999232947826
            speech: 0.000767055957112
        probability: 0.999232947826
        value: "music"
    timbre:
        all:
            bright: 0.844528615475
            dark: 0.155471384525
        probability: 0.844528615475
        value: "bright"
    voice_instrumental:
        all:
            instrumental: 0.92038834095
            voice: 0.0796116441488
        probability: 0.92038834095
        value: "instrumental"

lowlevel:
    average_loudness: 0.957202494144
    barkbands_kurtosis:
        dmean: 0.982034087181
        dmean2: 1.53218328953
        dvar: 3.62535452843
        dvar2: 7.14877271652
        max: 26.0126152039
        mean: -0.126518085599
        min: -1.72204005718
        var: 5.41517829895
    barkbands_skewness:
        dmean: 0.427465498447
        dmean2: 0.651789665222
        dvar: 0.157660424709
        dvar2: 0.355757117271
        max: 4.42410755157
        mean: 0.628007590771
        min: -0.775640845299
        var: 0.442002445459
    barkbands_spread:
        dmean: 4.40419244766
        dmean2: 6.75621747971
        dvar: 15.6156568527
        dvar2: 35.2570266724
        max: 52.9878807068
        mean: 23.9368247986
        min: 3.78847551346
        var: 68.6728820801
    dissonance:
        dmean: 0.0271647796035
        dmean2: 0.0452833548188
        dvar: 0.000637202814687
        dvar2: 0.0019488830585
        max: 0.497675806284
        mean: 0.440394818783
        min: 0.255761146545
        var: 0.00177598197479
    hfc:
        dmean: 1.12996220589
        dmean2: 1.67497503757
        dvar: 2.17676973343
        dvar2: 4.08068275452
        max: 22.9193305969
        mean: 4.57568979263
        min: 0.0590767376125
        var: 10.5137777328
    pitch:
        dmean: 177.77835083
        dmean2: 350.762329102
        dvar: 409544.125
        dvar2: 1109481.625
        max: 3392.30761719
        mean: 357.758300781
        min: 102.3201828
        var: 388753.1875
    pitch_instantaneous_confidence:
        dmean: 0.0847664475441
        dmean2: 0.134479939938
        dvar: 0.00487742340192
        dvar2: 0.0116347754374
        max: 0.884199023247
        mean: 0.522786438465
        min: 0.1875
        var: 0.0263802390546
    pitch_salience:
        dmean: 0.0680204406381
        dmean2: 0.109798915684
        dvar: 0.00331483688205
        dvar2: 0.00782901979983
        max: 0.789958953857
        mean: 0.602560639381
        min: 0.324158459902
        var: 0.00708460016176
    silence_rate_20dB:
        dmean: 0
        dmean2: 0
        dvar: 0
        dvar2: 0
        max: 1
        mean: 1
        min: 1
        var: 0
    silence_rate_30dB:
        dmean: 0
        dmean2: 0
        dvar: 0
        dvar2: 0
        max: 1
        mean: 1
        min: 1
        var: 0
    silence_rate_60dB:
        dmean: 0.106976747513
        dmean2: 0.214452207088
        dvar: 0.0955327674747
        dvar2: 0.205758810043
        max: 1
        mean: 0.422273784876
        min: 0
        var: 0.243958950043
    spectral_centroid:
        dmean: 196.303649902
        dmean2: 299.874053955
        dvar: 27537.5214844
        dvar2: 63802.7929688
        max: 2178.78857422
        mean: 1093.25708008
        min: 228.776428223
        var: 99078.515625
    spectral_complexity:
        dmean: 2.31775689125
        dmean2: 3.67915701866
        dvar: 5.12800884247
        dvar2: 10.6909580231
        max: 32
        mean: 11.4125871658
        min: 0
        var: 31.0394992828
    spectral_crest:
        dmean: 2.32018113136
        dmean2: 3.68081045151
        dvar: 3.79766249657
        dvar2: 8.97079944611
        max: 20.1015586853
        mean: 7.81132221222
        min: 2.85797524452
        var: 10.0289859772
    spectral_decrease:
        dmean: 3.1985120108e-10
        dmean2: 4.79196959891e-10
        dvar: 1.97021497213e-19
        dvar2: 4.44494342648e-19
        max: -2.09895954784e-11
        mean: -1.01425734478e-09
        min: -4.52292647779e-09
        var: 4.73181173087e-19
    spectral_energy:
        dmean: 0.00128138135187
        dmean2: 0.00191754475236
        dvar: 3.09840629598e-06
        dvar2: 6.87501824359e-06
        max: 0.0182811748236
        mean: 0.00424307072535
        min: 8.4578176029e-05
        var: 8.03961575002e-06
    spectral_energyband_high:
        dmean: 3.49337533407e-05
        dmean2: 5.68366158404e-05
        dvar: 4.53462156713e-09
        dvar2: 1.13484350805e-08
        max: 0.000704460719135
        mean: 7.8963683336e-05
        min: 2.40112967731e-07
        var: 8.05298494555e-09
    spectral_energyband_low:
        dmean: 0.000243282454903
        dmean2: 0.000356691220077
        dvar: 2.53036461118e-07
        dvar2: 4.33232713704e-07
        max: 0.00376680772752
        mean: 0.000433001463534
        min: 4.23605079902e-08
        var: 3.78954439384e-07
    spectral_energyband_middle_high:
        dmean: 0.000475398323033
        dmean2: 0.000722544675227
        dvar: 3.09502269147e-07
        dvar2: 6.80696530253e-07
        max: 0.00758661469445
        mean: 0.00169933575671
        min: 1.68226706592e-05
        var: 1.71278065864e-06
    spectral_energyband_middle_low:
        dmean: 0.00105344119947
        dmean2: 0.00169725285377
        dvar: 2.44615375777e-06
        dvar2: 6.30151862424e-06
        max: 0.0122528448701
        mean: 0.00203166995198
        min: 6.57935597701e-05
        var: 3.0985054309e-06
    spectral_flatness_db:
        dmean: 0.0161487311125
        dmean2: 0.0246396753937
        dvar: 0.000247248332016
        dvar2: 0.000481440860312
        max: 0.335023164749
        mean: 0.16068507731
        min: 0.0934708043933
        var: 0.00176757457666
    spectral_flux:
        dmean: 0.00841397885233
        dmean2: 0.0129186240956
        dvar: 0.000106160790892
        dvar2: 0.000189091369975
        max: 0.103218428791
        mean: 0.0370822176337
        min: 0.00801229197532
        var: 0.000306234695017
    spectral_kurtosis:
        dmean: 2.5306699276
        dmean2: 4.30812931061
        dvar: 14.4330749512
        dvar2: 40.6010818481
        max: 40.6478652954
        mean: 7.27926492691
        min: 0.680229663849
        var: 25.3360652924
    spectral_rms:
        dmean: 0.000291283329716
        dmean2: 0.000425859907409
        dvar: 1.05356328106e-07
        dvar2: 2.16419792309e-07
        max: 0.00422318512574
        mean: 0.00192427274305
        min: 0.0002872547484
        var: 4.36759592048e-07
    spectral_rolloff:
        dmean: 450.687744141
        dmean2: 721.538818359
        dvar: 205331.6875
        dvar2: 474877.25
        max: 3746.77734375
        mean: 2185.34399414
        min: 193.798828125
        var: 565648.8125
    spectral_skewness:
        dmean: 0.260607689619
        dmean2: 0.429976284504
        dvar: 0.089191891253
        dvar2: 0.252670198679
        max: 4.72570371628
        mean: 1.94521570206
        min: 0.965361654758
        var: 0.227301180363
    spectral_spread:
        dmean: 428915.75
        dmean2: 621513.5625
        dvar: 1.2405529641e+12
        dvar2: 1.52672508314e+12
        max: 22838648
        mean: 3694048
        min: 1431053
        var: 1.85230190182e+12
    spectral_strongpeak:
        dmean: 0.33206897974
        dmean2: 0.587704896927
        dvar: 0.206855118275
        dvar2: 0.602622449398
        max: 3.6680521965
        mean: 0.552155017853
        min: 0.0240162182599
        var: 0.232396394014
    zerocrossingrate:
        dmean: 0.0071291346103
        dmean2: 0.00806979089975
        dvar: 3.43850260833e-05
        dvar2: 4.95946660521e-05
        max: 0.10986328125
        mean: 0.0659987777472
        min: 0.0107421875
        var: 0.000271937984508
    barkbands:
        dmean: [1.61745356309e-06, 0.000127501698444, 0.000193853004021, 0.000230172168813, 0.000456755165942, 0.000198560286663, 0.000376150070224, 0.000121689605294, 0.000173120308318, 0.000102212638012, 0.000168758808286, 0.000115781702334, 8.15660387161e-05, 4.24046920671e-05, 7.05210186425e-05, 9.4957438705e-05, 9.8393400549e-05, 7.58719761507e-05, 0.000120294578664, 3.8637455873e-05, 1.53102373588e-05, 4.38075448983e-06, 7.72335511101e-07, 4.37762622596e-07, 1.93975836282e-07, 9.10446917857e-09, 3.21646792534e-10]
        dmean2: [2.72600982498e-06, 0.000221190231969, 0.000296265206998, 0.000402947538532, 0.000835375860333, 0.000313664146233, 0.000568536750507, 0.00020187998598, 0.00028283658321, 0.000166249796166, 0.00027573510306, 0.000190037666471, 0.000139819458127, 7.17338480172e-05, 0.000113091635285, 0.000158080438268, 0.000165195597219, 0.000124718499137, 0.00018497351266, 6.1233775341e-05, 2.59762891801e-05, 6.78705964674e-06, 1.18371963254e-06, 6.91758941684e-07, 2.8113481676e-07, 1.30387016739e-08, 4.88463325343e-10]
        dvar: [9.57290236664e-12, 7.07291007984e-08, 2.04740359777e-07, 4.53631997743e-07, 1.41668863307e-06, 6.89011088184e-08, 1.96771964056e-07, 5.73009835136e-08, 7.08060809984e-08, 2.70660489576e-08, 1.10666704245e-07, 4.06577918e-08, 2.60882622172e-08, 2.60908539218e-09, 1.32818005483e-08, 1.62614472998e-08, 3.0509099247e-08, 1.27469261813e-08, 4.87764211243e-08, 3.76161324311e-09, 1.0983935983e-09, 4.73870907791e-11, 1.39909329781e-12, 7.76290869694e-13, 1.57578865321e-13, 1.90285964836e-16, 7.4849778648e-18]
        dvar2: [2.49635364463e-11, 1.96726404056e-07, 4.50453455869e-07, 1.19697438095e-06, 4.05897844757e-06, 1.56873255719e-07, 4.15399853182e-07, 1.4370066026e-07, 1.92243021502e-07, 5.63385746943e-08, 2.89515128316e-07, 9.78604290935e-08, 6.20278797214e-08, 6.77101397173e-09, 2.72076761121e-08, 4.60228761767e-08, 9.54290655386e-08, 2.75068305911e-08, 1.02149385839e-07, 8.77790462539e-09, 3.06462011324e-09, 1.03569090804e-10, 2.99288718808e-12, 1.81026645497e-12, 3.69300510311e-13, 4.04165238324e-16, 7.68565353577e-18]
        max: [2.65584440058e-05, 0.00206054165028, 0.00317596294917, 0.00422910600901, 0.00843702908605, 0.00239742477424, 0.00381074356847, 0.00300294882618, 0.0032468251884, 0.00189194618724, 0.0031810796354, 0.00171765428968, 0.001788717811, 0.000598523882218, 0.00129327538889, 0.00143352465238, 0.00169519672636, 0.0015129285166, 0.00351418252103, 0.000688427709974, 0.000331824761815, 5.6443073845e-05, 1.27366283778e-05, 1.1411113519e-05, 5.71036889596e-06, 1.17178622361e-07, 5.66311229022e-08]
        mean: [3.43813576364e-06, 0.000205205215025, 0.000224463670747, 0.000184807053301, 0.000431993976235, 0.000326043664245, 0.000622123945504, 0.000174218352186, 0.000282811291981, 0.000164032448083, 0.000252263678703, 0.000184906428331, 0.000128657542518, 7.50969629735e-05, 0.000112218876893, 0.000163400021847, 0.000163428572705, 0.000160645722644, 0.000266704388196, 7.50133986003e-05, 2.7946623959e-05, 1.04961336547e-05, 1.83468011983e-06, 8.64574644766e-07, 4.44019462975e-07, 1.50690535605e-08, 2.97857766229e-10]
        min: [6.3745037894e-12, 2.79883209942e-08, 1.24111556588e-08, 4.9999511198e-09, 6.20078424163e-07, 2.24373843594e-06, 3.65136406799e-06, 1.14978888632e-06, 2.83728059003e-06, 1.31163085371e-06, 9.62136027738e-07, 7.82670042554e-07, 5.84451981922e-07, 1.11374220069e-06, 7.86219573001e-07, 1.42939586567e-06, 1.64240248068e-06, 8.62290505665e-07, 1.77325631512e-07, 2.25699452017e-07, 5.68396529843e-08, 1.09395390524e-08, 3.80139431044e-09, 9.73463420983e-10, 2.26783480883e-10, 1.25629862416e-11, 5.85837192017e-14]
        var: [9.85900857481e-12, 6.35584882502e-08, 2.15666560166e-07, 3.23096372767e-07, 8.96325161648e-07, 1.74084192395e-07, 4.50804463981e-07, 8.45793692861e-08, 1.2989308118e-07, 5.56526735807e-08, 2.03088987405e-07, 7.86132332564e-08, 4.52358648317e-08, 6.84284007235e-09, 3.07445624514e-08, 3.36737926432e-08, 4.83216986424e-08, 3.08767553747e-08, 1.46747581198e-07, 7.24630888627e-09, 1.43377820727e-09, 1.33779126665e-10, 3.54620608052e-12, 1.02052296735e-12, 2.48192986345e-13, 3.14430250254e-16, 7.47609725374e-18]
    mfcc:
        mean: [-734.802062988, 147.445037842, -58.8631439209, 37.8459701538, -12.788315773, -9.16086959839, -5.22231578827, 0.104928411543, -1.29392170906, -2.57046961784, 0.681889951229, -2.36735868454, 4.34660625458]
        cov: [[3381.35473633, -703.30255127, 809.251525879, 556.951843262, 95.3675765991, 227.111816406, 563.862243652, 250.476669312, -100.500267029, -28.8399353027, 143.774414062, 17.6832256317, 42.1540565491], [-703.30255127, 544.495178223, -315.849884033, -87.9845275879, -30.3062667847, -48.0638809204, -67.7953643799, 16.2009315491, 1.20933997631, 3.01170754433, -3.35569024086, -9.64451599121, 29.2914905548], [809.251525879, -315.849884033, 620.327392578, 151.585662842, 120.948478699, 141.56451416, 122.144493103, 28.4529380798, 16.3021850586, -7.76393651962, 8.96846961975, 13.3186922073, -1.38539981842], [556.951843262, -87.9845275879, 151.585662842, 302.256622314, 81.6665725708, 49.4501533508, 76.72681427, 20.699420929, 27.5111885071, 19.2413806915, 17.9522018433, 11.9330997467, 21.7454967499], [95.3675765991, -30.3062667847, 120.948478699, 81.6665725708, 167.853988647, 64.1437454224, 0.556365251541, -12.5127868652, 48.7385444641, 33.9998207092, -13.7010164261, 10.2106056213, 17.1334667206], [227.111816406, -48.0638809204, 141.56451416, 49.4501533508, 64.1437454224, 136.623077393, 74.9115600586, 16.1238708496, 27.6111316681, 15.6075944901, 9.06782531738, 9.31497859955, -0.631679654121], [563.862243652, -67.7953643799, 122.144493103, 76.72681427, 0.556365251541, 74.9115600586, 223.231765747, 109.590171814, -35.0091285706, 1.97383964062, 40.7792510986, 8.4996805191, 17.7937698364], [250.476669312, 16.2009315491, 28.4529380798, 20.699420929, -12.5127868652, 16.1238708496, 109.590171814, 137.002059937, 8.05969905853, -7.98874378204, 33.8498001099, 6.6324930191, 13.7894639969], [-100.500267029, 1.20933997631, 16.3021850586, 27.5111885071, 48.7385444641, 27.6111316681, -35.0091285706, 8.05969905853, 131.408889771, 42.1707878113, -18.3452167511, 9.82731151581, -10.7511386871], [-28.8399353027, 3.01170754433, -7.76393651962, 19.2413806915, 33.9998207092, 15.6075944901, 1.97383964062, -7.98874378204, 42.1707878113, 89.00756073, 12.1875209808, 4.30998563766, 1.74879622459], [143.774414062, -3.35569024086, 8.96846961975, 17.9522018433, -13.7010164261, 9.06782531738, 40.7792510986, 33.8498001099, -18.3452167511, 12.1875209808, 96.4239654541, 28.9838237762, 8.55412006378], [17.6832256317, -9.64451599121, 13.3186922073, 11.9330997467, 10.2106056213, 9.31497859955, 8.4996805191, 6.6324930191, 9.82731151581, 4.30998563766, 28.9838237762, 64.8932647705, 22.218706131], [42.1540565491, 29.2914905548, -1.38539981842, 21.7454967499, 17.1334667206, -0.631679654121, 17.7937698364, 13.7894639969, -10.7511386871, 1.74879622459, 8.55412006378, 22.218706131, 71.7849578857]]
        icov: [[0.00108007306699, 0.000811662059277, -0.000446819787612, -0.00121811544523, 0.000139747324283, 4.67400604975e-06, -0.00136287440546, -0.000551733304746, 0.000494903535582, 0.000300269341096, -0.000634866126347, 0.000627235334832, -0.000246254203375], [0.000811662059277, 0.00355472089723, 0.00125528208446, -0.000730147177819, -0.000322534469888, -0.00108313991223, 0.000174239001353, -0.00189987570047, 0.000730817031581, 0.000247628195211, -0.000533666461706, 0.00118333788123, -0.00149174325634], [-0.000446819787612, 0.00125528208446, 0.0035582606215, 2.3927022994e-06, -0.00150869018398, -0.00207057897933, 0.000323084561387, -0.000221882946789, 2.30225086852e-05, 0.000999539275654, 0.000199730318855, -0.000104228529381, 0.000110085820779], [-0.00121811544523, -0.000730147177819, 2.3927022994e-06, 0.00604491867125, -0.00204240577295, 0.00122621934861, -0.000874666904565, 0.00212190649472, -0.00227027595975, 0.00025960477069, -0.000502724200487, -2.4269143978e-05, -0.000789323530626], [0.000139747324283, -0.000322534469888, -0.00150869018398, -0.00204240577295, 0.0105925900862, -0.0038559359964, 0.00228450610302, -0.000321041152347, -0.000736237387173, -0.00292371353135, 0.0019072011346, -0.000452095235232, -0.00255399988964], [4.67400604975e-06, -0.00108313991223, -0.00207057897933, 0.00122621934861, -0.0038559359964, 0.014914907515, -0.00759631488472, 0.0049580684863, -0.00457660993561, 0.00144228793215, -0.00169352150988, -0.000185293378308, 0.00154849886894], [-0.00136287440546, 0.000174239001353, 0.000323084561387, -0.000874666904565, 0.00228450610302, -0.00759631488472, 0.0167916361243, -0.0109364995733, 0.00688876910135, -0.00462747458369, 0.00233013438992, -0.00152050377801, -0.000335688149789], [-0.000551733304746, -0.00189987570047, -0.000221882946789, 0.00212190649472, -0.000321041152347, 0.0049580684863, -0.0109364995733, 0.0184034388512, -0.00835496000946, 0.00508641591296, -0.00464746169746, 0.0019958212506, -0.0016910355771], [0.000494903535582, 0.000730817031581, 2.30225086852e-05, -0.00227027595975, -0.000736237387173, -0.00457660993561, 0.00688876910135, -0.00835496000946, 0.0155661785975, -0.00709653040394, 0.00484221149236, -0.00407469039783, 0.003320554737], [0.000300269341096, 0.000247628195211, 0.000999539275654, 0.00025960477069, -0.00292371353135, 0.00144228793215, -0.00462747458369, 0.00508641591296, -0.00709653040394, 0.016735330224, -0.00513212382793, 0.00268968823366, -0.00114771712106], [-0.000634866126347, -0.000533666461706, 0.000199730318855, -0.000502724200487, 0.0019072011346, -0.00169352150988, 0.00233013438992, -0.00464746169746, 0.00484221149236, -0.00513212382793, 0.0162739530206, -0.00809017382562, 0.00200680387206], [0.000627235334832, 0.00118333788123, -0.000104228529381, -2.4269143978e-05, -0.000452095235232, -0.000185293378308, -0.00152050377801, 0.0019958212506, -0.00407469039783, 0.00268968823366, -0.00809017382562, 0.0220823585987, -0.00729267252609], [-0.000246254203375, -0.00149174325634, 0.000110085820779, -0.000789323530626, -0.00255399988964, 0.00154849886894, -0.000335688149789, -0.0016910355771, 0.003320554737, -0.00114771712106, 0.00200680387206, -0.00729267252609, 0.01849963516]]
    spectral_contrast:
        mean: [-3.83348861988e-07, 1.35777710852e-07, 2.85449289095e-07, 1.95113159407e-07, -6.59263506009e-08, -3.74092081756e-08, -2.59954049397e-06, 1.21226503325e-06, -1.35201116791e-06, 8.55027906255e-07, -4.79893799366e-07, 2.45532237386e-06]
        var: [0.000409675791161, 0.00105735519901, 0.00140020740218, 0.00306559656747, 0.00367352715693, 0.00428601866588, 0.0597508996725, 0.127088353038, 0.158010303974, 0.217360064387, 0.354070484638, 3.03794050217]

rhythm:
    beats_loudness:
        dmean: 0.00195341231301
        dmean2: 0.00297909160145
        dvar: 2.43803583544e-06
        dvar2: 5.55041469852e-06
        max: 0.0111312912777
        mean: 0.00721614481881
        min: 0.000799481465947
        var: 1.01249606814e-05
    beats_loudness_bass:
        dmean: 0.199886068702
        dmean2: 0.353098124266
        dvar: 0.0295094884932
        dvar2: 0.0587367154658
        max: 0.714666247368
        mean: 0.379551589489
        min: 0.00204062229022
        var: 0.0438180305064
    bpm: 100.698669434
    bpm_confidence: 0
    first_peak_bpm: 100
    first_peak_spread: 0.0666666030884
    first_peak_weight: 0.933333396912
    onset_rate: 3.39833545685
    second_peak_bpm: 0
    second_peak_spread: 0
    second_peak_weight: 0
    beats_position: [0.609978616238, 1.20726501942, 1.80455136299, 2.40183782578, 2.99912405014, 3.59641051292, 4.19369697571, 4.79098320007, 5.38826942444, 6.01409769058, 6.60854005814, 7.20298337936, 7.79742622375, 8.39186859131, 8.98631095886, 9.58075332642]
    bpm_estimates: [100.568031311, 100.398414612, 100.520500183, 100.323806763, 100.531272888, 100.414894104, 100.481399536, 100.396781921, 100.428184509, 100.712043762, 100.262664795, 102.868011475, 102.052322388, 100.354820251, 100.343299866, 100.522171021]
    bpm_intervals: [0.597286403179, 0.597286343575, 0.597286462784, 0.597286224365, 0.597286462784, 0.597286462784, 0.597286224365, 0.597286224365, 0.625828266144, 0.594442367554, 0.594443321228, 0.594442844391, 0.594442367554, 0.594442367554, 0.594442367554]
    onset_times: [0.0580498874187, 0.31346938014, 0.603718817234, 0.893968224525, 1.20743763447, 1.54412698746, 1.79954648018, 2.11301589012, 2.31038546562, 2.41487526894, 2.56580495834, 2.73995471001, 2.86766433716, 3.00698423386, 3.61070299149, 3.79646253586, 4.21442174911, 4.51628112793, 4.81814050674, 5.11999988556, 5.41024923325, 5.94430828094, 6.01396846771, 6.61768722534, 6.94276666641, 7.54648542404, 7.81351470947, 8.40562343597, 8.57977294922, 8.76553249359, 9.02095222473, 9.31120204926, 9.47374153137, 9.91492080688]
    rubato_start: []
    rubato_stop: []
    perceptual_tempo: "unknown"

sfx:
    inharmonicity:
        dmean: 0.052543040365
        dmean2: 0.0906756743789
        dvar: 0.00344048603438
        dvar2: 0.00965717062354
        max: 0.371345341206
        mean: 0.0592292323709
        min: 0
        var: 0.00357079831883
    oddtoevenharmonicenergyratio:
        dmean: 4.56662082672
        dmean2: 8.73414993286
        dvar: 623.178710938
        dvar2: 1878.74316406
        max: 358.818206787
        mean: 2.98983716965
        min: 0
        var: 321.67578125
    pitch_after_max_to_before_max_energy_ratio: 18.0170078278
    pitch_centroid: 189.472061157
    pitch_max_to_total: 0.0326340310276
    pitch_min_to_total: 0.687645673752
    tristimulus:
        dmean: [0.17517362535, 0.214610978961, 0.108981899917]
        dmean2: [0.300546497107, 0.373703181744, 0.191033393145]
        dvar: [0.0280937105417, 0.0412833541632, 0.0117249106988]
        dvar2: [0.0743169412017, 0.120777800679, 0.0341613516212]
        max: [1, 0.951646029949, 0.623898923397]
        mean: [0.313689082861, 0.534511744976, 0.123313762248]
        min: [0.00506890099496, 0, 0]
        var: [0.0464526638389, 0.0543946884573, 0.0134734204039]

tonal:
    chords_changes_rate: 0.0324074067175
    chords_number_rate: 0.0324074067175
    chords_strength:
        dmean: 0.00887012854218
        dmean2: 0.00798633415252
        dvar: 4.43305689259e-05
        dvar2: 4.6779459808e-05
        max: 0.755614936352
        mean: 0.528419673443
        min: 0.289085626602
        var: 0.0141610009596
    key_strength: 0.640891134739
    tuning_diatonic_strength: 0.606367528439
    tuning_equal_tempered_deviation: 0.118437550962
    tuning_frequency: 442.03793335
    tuning_nontempered_energy_ratio: 0.759415864944
    hpcp:
        dmean: [0.103854656219, 0.11918091774, 0.155519887805, 0.156261324883, 0.104538016021, 0.0303328316659, 0.0235402863473, 0.0503690801561, 0.106797911227, 0.128055736423, 0.0928008258343, 0.0819810852408, 0.0940913334489, 0.0788169503212, 0.0956210792065, 0.106577076018, 0.106619998813, 0.137407705188, 0.161633133888, 0.121914707124, 0.0759021416306, 0.0575059615076, 0.0623357743025, 0.101924851537, 0.13612395525, 0.138338759542, 0.14676348865, 0.148200184107, 0.129243373871, 0.0992517247796, 0.121686458588, 0.165666520596, 0.234114393592, 0.2328042835, 0.20857027173, 0.128390178084]
        dmean2: [0.187738135457, 0.208491578698, 0.268544644117, 0.265073120594, 0.175756379962, 0.050176076591, 0.0406223572791, 0.0871480405331, 0.179724529386, 0.217658057809, 0.162992924452, 0.132423147559, 0.153357893229, 0.135684996843, 0.162604928017, 0.188784167171, 0.179742977023, 0.217578276992, 0.249980822206, 0.199803516269, 0.138534188271, 0.104314215481, 0.110550388694, 0.171273246408, 0.237186133862, 0.236243620515, 0.258952349424, 0.266968101263, 0.23018309474, 0.178137287498, 0.222513630986, 0.277775496244, 0.387486755848, 0.407652407885, 0.358725100756, 0.225519523025]
        dvar: [0.0309657808393, 0.0373951084912, 0.0356081724167, 0.0320124737918, 0.0170748643577, 0.00192406761926, 0.00150502985343, 0.00434216484427, 0.0204236991704, 0.0296833887696, 0.0310936998576, 0.0199804548174, 0.0186663381755, 0.00968577060848, 0.0162887275219, 0.018311413005, 0.0258445162326, 0.0326692834496, 0.0405225940049, 0.0219506788999, 0.0159905664623, 0.00839433725923, 0.00915031693876, 0.0226557757705, 0.0469684973359, 0.0330452993512, 0.0349364429712, 0.0400958880782, 0.0320543944836, 0.0321646183729, 0.0342060923576, 0.0259948838502, 0.0485455654562, 0.0491449311376, 0.0420568287373, 0.0294140651822]
        dvar2: [0.086305603385, 0.100838929415, 0.0818055197597, 0.0716743841767, 0.0496676377952, 0.00503284065053, 0.00427243718877, 0.0125002367422, 0.0578498467803, 0.0847119763494, 0.0892342999578, 0.0529993847013, 0.0468697100878, 0.0248033571988, 0.0423178710043, 0.0486049875617, 0.0751408264041, 0.0775498524308, 0.0903332158923, 0.0603061132133, 0.0434191934764, 0.0236341338605, 0.02448810637, 0.0589946135879, 0.113636180758, 0.0896753296256, 0.096665546298, 0.109453961253, 0.0833896547556, 0.0905320420861, 0.0961591973901, 0.066243134439, 0.115161545575, 0.1126967296, 0.101039163768, 0.0751107409596]
        max: [1, 1, 1, 1, 0.894801080227, 0.319727033377, 0.314112901688, 0.507740259171, 1, 1, 1, 0.916889369488, 1, 0.845834672451, 1, 1, 1, 1, 1, 0.959974110126, 1, 0.637629270554, 0.609467685223, 1, 1, 1, 1, 1, 1, 1, 1, 1, 1, 1, 1, 1]
        mean: [0.0930420085788, 0.134748145938, 0.305654644966, 0.362990528345, 0.16516380012, 0.033669218421, 0.0325743891299, 0.0663630440831, 0.141268327832, 0.155942186713, 0.100071191788, 0.109447069466, 0.129343688488, 0.112108774483, 0.136051550508, 0.139141052961, 0.117498964071, 0.219062387943, 0.270316630602, 0.161094933748, 0.0815782025456, 0.0593483783305, 0.0722686126828, 0.140414968133, 0.182381346822, 0.163530766964, 0.230684474111, 0.261515587568, 0.155087068677, 0.0901926383376, 0.116279400885, 0.237381562591, 0.507303059101, 0.566264390945, 0.295263469219, 0.118615098298]
        min: [0.000452908396255, 0.00137385772541, 0.00635608844459, 0.0088432058692, 0.00358432368375, 0.00131013279315, 0.000338397192536, 0.00340584712103, 0.0110992612317, 0.0111939320341, 0.0020614664536, 0.00114037073217, 0.00204386166297, 0.00744768278673, 0.00311026163399, 0.000409185042372, 0.000912511604838, 0.00373514555395, 0.00355403404683, 0.00724133802578, 0.000809477583971, 0.00200105900876, 0.00171977945138, 0.000992737128399, 0.000300544488709, 0.00206906185485, 0.00276494212449, 0.00487409019843, 0.000960051431321, 0.000814200844616, 0.000729233608581, 0.00303406012245, 0.0078846309334, 0.0117579074576, 0.00799973588437, 0.000535955827218]
        var: [0.0221774857491, 0.03871133551, 0.100687399507, 0.131952419877, 0.0313453115523, 0.00196137046441, 0.00135387678165, 0.00394460232928, 0.0209193620831, 0.0335069447756, 0.0243462454528, 0.0259499903768, 0.0326089523733, 0.0174584221095, 0.0312814973295, 0.0294580962509, 0.0250974223018, 0.0668636709452, 0.0906656458974, 0.0261433683336, 0.0134626738727, 0.00679708505049, 0.00862533785403, 0.0335912257433, 0.0673331618309, 0.0362961739302, 0.0825576856732, 0.101808167994, 0.0434650443494, 0.0234354715794, 0.0289328377694, 0.0525614880025, 0.108152575791, 0.121915735304, 0.0629468411207, 0.0249047409743]
    chords_histogram: [45.3703689575, 1.85185182095, 0, 0, 17.5925922394, 0, 3.24074077606, 0, 0, 0, 0, 0, 0, 0, 0, 0, 0, 0, 0, 5.55555534363, 22.2222213745, 0, 4.16666650772, 0]
    thpcp: [1, 0.521423339844, 0.209469467402, 0.164308428764, 0.237959772348, 0.539773762226, 0.641026556492, 0.291672587395, 0.0594584755599, 0.0575250536203, 0.117194451392, 0.249474152923, 0.275387585163, 0.176721677184, 0.193279102445, 0.228415712714, 0.197979554534, 0.240261539817, 0.245717465878, 0.207498416305, 0.386855304241, 0.477368235588, 0.284487128258, 0.144063800573, 0.104806832969, 0.127623438835, 0.247967153788, 0.322078078985, 0.288788706064, 0.407379448414, 0.461825937033, 0.273877501488, 0.159276545048, 0.205344721675, 0.419206231833, 0.895876646042]
    chords_key: "G#"
    chords_scale: "major"
    key_key: "G#"
    key_scale: "major"
    chords_progression: ["G#", "G#", "G#", "G#", "G#", "G#", "G#", "G#", "G#", "G#", "G#", "G#", "G#", "G#", "G#", "G#", "G#", "G#", "G#", "G#", "G#", "G#", "G#", "G#", "G#", "D#m", "D#m", "D#m", "D#m", "D#m", "D#m", "D#m", "D#m", "D#m", "D#m", "D#m", "D#m", "A#", "A#", "A#", "A#", "A#", "A#", "A#", "A#", "A#", "A#", "A#", "A#", "A#", "A#", "A#", "A#", "A#", "A#", "A#", "A#", "A#", "A#", "A#", "A#", "A#", "A#", "A#", "A#", "A#", "A#", "A#", "A#", "A#", "A#", "A#", "A#", "A#", "A#", "F", "F", "F", "F", "F", "F", "F", "F#", "F#", "F#", "F#", "F#", "F#", "F#", "F#", "F#", "F#", "F#", "F#", "F#", "F#", "F#", "F#", "F#", "F#", "F#", "F#", "F#", "F#", "F#", "F#", "F#", "F#", "F#", "F#", "F#", "F#", "F#", "F#", "F#", "F#", "F#", "F#", "F#", "F#", "F#", "F#", "F#", "F#", "F#", "F#", "F#", "F#", "F#", "F#", "C#", "C#", "C#", "C#", "C#", "C#", "C#", "C#", "C#", "Cm", "Cm", "Cm", "Cm", "G#", "G#", "G#", "G#", "G#", "G#", "G#", "G#", "G#", "G#", "G#", "G#", "G#", "G#", "G#", "G#", "G#", "G#", "G#", "G#", "G#", "G#", "G#", "G#", "G#", "G#", "G#", "G#", "G#", "G#", "G#", "G#", "G#", "G#", "G#", "G#", "G#", "G#", "G#", "G#", "G#", "G#", "G#", "G#", "G#", "G#", "G#", "G#", "G#", "G#", "G#", "G#", "G#", "G#", "G#", "G#", "G#", "G#", "G#", "G#", "G#", "G#", "G#", "G#", "G#", "G#", "G#", "G#", "G#", "G#", "G#", "G#", "G#"]
