
metadata:
    version:
        essentia: "1.2.2"
    audio_properties:
        analysis_sample_rate: 44100
        bitrate: 128
        channels: 2
        equal_loudness: 1
        length: 10.0310201645
        replay_gain: -7.26316070557
        downmix: "mix"
    tags:
        track: 3
        year: 0
        album: "Splitted by Mp3Splt v. 2.1"
        artist: "From 000.20 To 000.30"
        comment: "http://mp3splt.sf.net"
        genre: ""
        title: "07 20 Jazz Funk Greats.mp3"

highlevel:
    ballroom:
        all:
            ChaChaCha: 0.0198642257601
            Jive: 0.00954688247293
            Quickstep: 0.0244642309844
            Rumba-American: 0.0098405117169
            Rumba-International: 0.670880675316
            Rumba-Misc: 0.212417408824
            Samba: 0.0474490374327
            Tango: 0.00128297077026
            VienneseWaltz: 0.00143455516081
            Waltz: 0.00281949946657
        probability: 0.670880675316
        value: "Rumba-International"
    culture:
        all:
            non_western: 0.865713119507
            western: 0.134286880493
        probability: 0.865713119507
        value: "non_western"
    gender:
        all:
            female: 0.763419449329
            male: 0.236580565572
        probability: 0.763419449329
        value: "female"
    genre_dortmund:
        all:
            alternative: 0.0165934767574
            blues: 0.00551028503105
            electronic: 0.18625587225
            folkcountry: 0.00755296554416
            funksoulrnb: 0.0275053028017
            jazz: 0.620280086994
            pop: 0.0279859434813
            raphiphop: 0.0918575152755
            rock: 0.0164585746825
        probability: 0.620280086994
        value: "jazz"
    genre_electronica:
        all:
            ambient: 0.364838540554
            dnb: 0.0770212709904
            house: 0.221439406276
            techno: 0.327472805977
            trance: 0.00922798272222
        probability: 0.364838540554
        value: "ambient"
    genre_rosamerica:
        all:
            cla: 0.0240204464644
            dan: 0.308670848608
            hip: 0.114434458315
            jaz: 0.144293069839
            pop: 0.015193965286
            rhy: 0.343018203974
            roc: 0.0115502486005
            spe: 0.0388187430799
        probability: 0.343018203974
        value: "rhy"
    genre_tzanetakis:
        all:
            blu: 0.0988964363933
            cla: 0.0581445284188
            cou: 0.0200978461653
            dis: 0.0292654912919
            hip: 0.374114066362
            jaz: 0.0389246940613
            met: 0.023355351761
            pop: 0.146987989545
            reg: 0.133668407798
            roc: 0.0765451863408
        probability: 0.374114066362
        value: "hip"
    live_studio:
        all:
            live: 0.80160176754
            studio: 0.19839823246
        probability: 0.80160176754
        value: "live"
    mood:
        all:
            Cluster1: 0.252839207649
            Cluster2: 0.300215512514
            Cluster3: 0.184046298265
            Cluster4: 0.127882614732
            Cluster5: 0.135016366839
        probability: 0.300215512514
        value: "Cluster2"
    mood_acoustic:
        all:
            acoustic: 0.399733811617
            not_acoustic: 0.600266158581
        probability: 0.600266158581
        value: "not_acoustic"
    mood_aggressive:
        all:
            aggressive: 1.06486417906e-07
            not_aggressive: 0.999999880791
        probability: 0.999999880791
        value: "not_aggressive"
    mood_electronic:
        all:
            electronic: 0.833483219147
            not_electronic: 0.166516795754
        probability: 0.833483219147
        value: "electronic"
    mood_happy:
        all:
            happy: 0.0838724449277
            not_happy: 0.916127562523
        probability: 0.916127562523
        value: "not_happy"
    mood_party:
        all:
            not_party: 0.427555680275
            party: 0.572444319725
        probability: 0.572444319725
        value: "party"
    mood_relaxed:
        all:
            not_relaxed: 0.260256379843
            relaxed: 0.739743590355
        probability: 0.739743590355
        value: "relaxed"
    mood_sad:
        all:
            not_sad: 0.768039047718
            sad: 0.231960967183
        probability: 0.768039047718
        value: "not_sad"
    rhythm:
        all:
            fast: 0.0497170761228
            medium: 0.890417039394
            slow: 0.059865899384
        probability: 0.890417039394
        value: "medium"
    speech_music:
        all:
            music: 0.999392986298
            speech: 0.000607004098129
        probability: 0.999392986298
        value: "music"
    timbre:
        all:
            bright: 0.139653712511
            dark: 0.860346317291
        probability: 0.860346317291
        value: "dark"
    voice_instrumental:
        all:
            instrumental: 0.184635087848
            voice: 0.815364897251
        probability: 0.815364897251
        value: "voice"

lowlevel:
    average_loudness: 0.813645720482
    barkbands_kurtosis:
        dmean: 53.7396354675
        dmean2: 82.417175293
        dvar: 56608.25
        dvar2: 147344.0625
        max: 3641.24487305
        mean: 63.9653701782
        min: -1.92793178558
        var: 50698.109375
    barkbands_skewness:
        dmean: 2.09393358231
        dmean2: 3.08216118813
        dvar: 7.13397073746
        dvar2: 12.7103176117
        max: 30.5767993927
        mean: 3.39231657982
        min: -6.9714922905
        var: 26.474521637
    barkbands_spread:
        dmean: 9.60037612915
        dmean2: 16.2637882233
        dvar: 302.987762451
        dvar2: 710.946655273
        max: 104.187057495
        mean: 13.5943803787
        min: 0.0226475987583
        var: 432.202667236
    dissonance:
        dmean: 0.042185164988
        dmean2: 0.0711861550808
        dvar: 0.00212902808562
        dvar2: 0.0055884658359
        max: 0.49798694253
        mean: 0.407627612352
        min: 0.139855518937
        var: 0.00566998496652
    hfc:
        dmean: 0.543888986111
        dmean2: 0.860274016857
        dvar: 1.44621598721
        dvar2: 3.32966899872
        max: 10.9933576584
        mean: 0.682075381279
        min: 0.000997769995593
        var: 1.90083146095
    pitch:
        dmean: 634.13861084
        dmean2: 1238.98950195
        dvar: 2477395.25
        dvar2: 6270581.5
        max: 8820
        mean: 1091.60290527
        min: 58.6436157227
        var: 3359283
    pitch_instantaneous_confidence:
        dmean: 0.100320778787
        dmean2: 0.161275312304
        dvar: 0.0124130425975
        dvar2: 0.0297906380147
        max: 0.978751540184
        mean: 0.513483524323
        min: 0.0883464813232
        var: 0.0537236370146
    pitch_salience:
        dmean: 0.104966215789
        dmean2: 0.177485466003
        dvar: 0.0138591146097
        dvar2: 0.0339794270694
        max: 0.902290463448
        mean: 0.447686344385
        min: 0.0329929552972
        var: 0.0427109152079
    silence_rate_20dB:
        dmean: 0
        dmean2: 0
        dvar: 0
        dvar2: 0
        max: 1
        mean: 1
        min: 1
        var: 0
    silence_rate_30dB:
        dmean: 0
        dmean2: 0
        dvar: 0
        dvar2: 0
        max: 1
        mean: 1
        min: 1
        var: 0
    silence_rate_60dB:
        dmean: 0.0668380483985
        dmean2: 0.134020611644
        dvar: 0.0623705498874
        dvar2: 0.121214210987
        max: 1
        mean: 0.874358952045
        min: 0
        var: 0.109854996204
    spectral_centroid:
        dmean: 451.920440674
        dmean2: 774.391052246
        dvar: 1352289.25
        dvar2: 2687070.75
        max: 8511.92675781
        mean: 1269.40576172
        min: 91.3503417969
        var: 5410064
    spectral_complexity:
        dmean: 0.565217375755
        dmean2: 0.979651153088
        dvar: 1.05733978748
        dvar2: 2.39203119278
        max: 8
        mean: 1.50578033924
        min: 0
        var: 1.98407268524
    spectral_crest:
        dmean: 3.19217514992
        dmean2: 5.5301527977
        dvar: 9.3913564682
        dvar2: 23.8745479584
        max: 26.8815288544
        mean: 15.5715293884
        min: 6.17910146713
        var: 25.7380504608
    spectral_decrease:
        dmean: 2.95381108462e-10
        dmean2: 4.56342519328e-10
        dvar: 5.34049568654e-19
        dvar2: 1.34654188337e-18
        max: -8.4201038069e-14
        mean: -4.68318217539e-10
        min: -6.77386458037e-09
        var: 9.02877771564e-19
    spectral_energy:
        dmean: 0.00115888076834
        dmean2: 0.001789713162
        dvar: 8.0956142483e-06
        dvar2: 2.03456620511e-05
        max: 0.0265632513911
        mean: 0.00182940624654
        min: 8.72704106314e-07
        var: 1.36200987981e-05
    spectral_energyband_high:
        dmean: 3.82529578928e-05
        dmean2: 6.27082990832e-05
        dvar: 8.98141649941e-09
        dvar2: 2.13355999534e-08
        max: 0.000790773250628
        mean: 3.29363720084e-05
        min: 1.37194469119e-08
        var: 8.51384918121e-09
    spectral_energyband_low:
        dmean: 0.000299300707411
        dmean2: 0.00046935986029
        dvar: 3.61421797379e-07
        dvar2: 8.30263161333e-07
        max: 0.00425403332338
        mean: 0.000454650144093
        min: 2.86601231636e-09
        var: 5.12749409154e-07
    spectral_energyband_middle_high:
        dmean: 1.83183874469e-05
        dmean2: 2.85415226244e-05
        dvar: 3.80823372836e-09
        dvar2: 7.53361728556e-09
        max: 0.000922099046875
        mean: 2.60806355072e-05
        min: 3.93131003307e-08
        var: 6.33154062513e-09
    spectral_energyband_middle_low:
        dmean: 0.000924096268136
        dmean2: 0.00147504184861
        dvar: 7.09833966539e-06
        dvar2: 1.82367730304e-05
        max: 0.0243508964777
        mean: 0.00131573423278
        min: 3.175729546e-08
        var: 1.19841752166e-05
    spectral_flatness_db:
        dmean: 0.0497547164559
        dmean2: 0.075508505106
        dvar: 0.00291606620885
        dvar2: 0.00546694314107
        max: 0.623261034489
        mean: 0.326789438725
        min: 0.0748524665833
        var: 0.0129524376243
    spectral_flux:
        dmean: 0.0106004849076
        dmean2: 0.016561742872
        dvar: 0.000341855949955
        dvar2: 0.000667260785121
        max: 0.140581056476
        mean: 0.0198057275265
        min: 0.00108040496707
        var: 0.000636960903648
    spectral_kurtosis:
        dmean: 7.30407381058
        dmean2: 10.8116178513
        dvar: 128.553665161
        dvar2: 219.94833374
        max: 98.2256546021
        mean: 11.3261594772
        min: -1.57858884335
        var: 354.095611572
    spectral_rms:
        dmean: 0.000340999744367
        dmean2: 0.000510874553584
        dvar: 3.16894244179e-07
        dvar2: 7.16797728728e-07
        max: 0.00509071396664
        mean: 0.000975294504315
        min: 2.91790784104e-05
        var: 8.3358855818e-07
    spectral_rolloff:
        dmean: 775.694396973
        dmean2: 1426.76196289
        dvar: 4224119.5
        dvar2: 9565397
        max: 9711.47460938
        mean: 1708.71435547
        min: 107.666015625
        var: 9626509
    spectral_skewness:
        dmean: 0.918021321297
        dmean2: 1.35112094879
        dvar: 1.16227960587
        dvar2: 2.14340925217
        max: 8.81821250916
        mean: 2.21003389359
        min: -0.946563601494
        var: 5.04646253586
    spectral_spread:
        dmean: 2510507.75
        dmean2: 4050143.75
        dvar: 9.5106671575e+12
        dvar2: 1.93611903795e+13
        max: 19331988
        mean: 8630546
        min: 1261582.5
        var: 2.83643729674e+13
    spectral_strongpeak:
        dmean: 0.0953454524279
        dmean2: 0.155855983496
        dvar: 0.0440213978291
        dvar2: 0.114018194377
        max: 1.99519836903
        mean: 0.200590327382
        min: 0.00174292991869
        var: 0.078813277185
    zerocrossingrate:
        dmean: 0.0206776503474
        dmean2: 0.0287901405245
        dvar: 0.00117708335165
        dvar2: 0.00202676816843
        max: 0.396484375
        mean: 0.0670709311962
        min: 0.00341796875
        var: 0.00925301201642
    barkbands:
        dmean: [3.69004851564e-07, 0.000190306440345, 0.000154609311721, 0.000115482391266, 0.000545167305972, 0.000364526757039, 4.16419316025e-05, 1.37620581881e-05, 1.77934616659e-05, 7.02960187482e-06, 2.72338502327e-06, 2.20465358325e-06, 1.68870474226e-06, 1.73062562681e-06, 1.23621111925e-06, 9.3072310392e-07, 1.83025770184e-06, 1.79426922386e-06, 2.77481285593e-06, 3.5916636989e-06, 4.96657912663e-06, 9.25460335566e-06, 2.88610181087e-06, 1.77228666871e-05, 3.08073686028e-06, 8.13864247107e-08, 4.66312100045e-10]
        dmean2: [6.442535323e-07, 0.000308976537781, 0.000249293341767, 0.000157070491696, 0.000852235534694, 0.000630280410405, 6.49701396469e-05, 2.56711919064e-05, 3.38376848958e-05, 1.29437257783e-05, 5.09577830599e-06, 4.04123920816e-06, 2.96231883112e-06, 2.01036937142e-06, 1.87406692476e-06, 1.43447675782e-06, 2.31258900385e-06, 2.56883140537e-06, 3.77917035621e-06, 5.2122386478e-06, 7.38834251024e-06, 1.47319924508e-05, 5.01484510096e-06, 3.13661148539e-05, 5.32058311364e-06, 1.32642298922e-07, 7.83924369863e-10]
        dvar: [3.95162364202e-13, 1.75457500973e-07, 1.47374294102e-07, 7.75898385541e-08, 2.59732200902e-06, 4.01714123655e-06, 1.07982298658e-08, 6.24248031045e-09, 8.47018721828e-09, 5.86138804159e-10, 2.33222552382e-10, 1.37063735361e-10, 3.96265034674e-11, 5.33997880636e-11, 2.94084825936e-11, 1.9571018417e-11, 4.028951478e-11, 5.14017231557e-11, 1.02432645699e-10, 2.0285348401e-10, 4.69595529129e-10, 1.04221409281e-09, 7.3014302937e-11, 2.66845323615e-09, 7.84843162682e-11, 5.75788060894e-14, 3.15213240397e-18]
        dvar2: [1.22206487551e-12, 4.33010001188e-07, 3.78932980993e-07, 1.1069081296e-07, 5.98252654527e-06, 1.04578248283e-05, 2.21031797309e-08, 1.83917698848e-08, 2.46374654012e-08, 1.63430524669e-09, 6.5960181761e-10, 3.83657550174e-10, 1.16168477615e-10, 6.08270309121e-11, 7.64493815475e-11, 4.24209105343e-11, 5.86373866129e-11, 1.1501170849e-10, 1.66655425571e-10, 3.27046723037e-10, 9.67415370035e-10, 2.45666931242e-09, 1.82563922313e-10, 7.27329663164e-09, 2.02165104102e-10, 1.25573718633e-13, 6.12611285146e-18]
        max: [3.59972386832e-06, 0.00289021362551, 0.00312734069303, 0.00408456241712, 0.0196337774396, 0.0203688126057, 0.00163340289146, 0.0010080486536, 0.00111410755198, 0.000277248211205, 0.000201406888664, 0.000154180845129, 6.16550896666e-05, 0.000159402217832, 8.31899451441e-05, 5.85746784054e-05, 0.000117070689157, 7.97896791482e-05, 0.000151953528984, 0.000190203791135, 0.000307059148327, 0.000264782778686, 6.71273955959e-05, 0.000435616442701, 7.80447517172e-05, 2.51136111729e-06, 1.91622291368e-08]
        mean: [4.45645298441e-07, 0.000224417759455, 0.000229794473853, 0.000176489033038, 0.000769894570112, 0.000237960586674, 0.000110841123387, 9.16935732675e-06, 1.02650001281e-05, 6.08987602391e-06, 1.70063151472e-06, 1.64388666235e-06, 1.82463384135e-06, 2.80320477941e-06, 1.70692101165e-06, 1.01611999526e-06, 2.97341262012e-06, 2.18265222429e-06, 3.22202117786e-06, 3.77421497433e-06, 4.21223330704e-06, 7.15133000995e-06, 2.30396085499e-06, 1.47832024595e-05, 2.66847428065e-06, 7.37159595587e-08, 4.42094638675e-10]
        min: [2.3258726542e-11, 1.17238929676e-09, 2.09265063611e-10, 1.02694686088e-09, 4.91471308095e-09, 3.01338759501e-10, 6.67174371305e-10, 1.1680865164e-09, 1.87803794738e-09, 6.92797597068e-10, 7.28527738136e-10, 9.11703323947e-10, 6.95853707988e-10, 9.76338232483e-10, 1.2631693469e-09, 1.52058643454e-09, 1.7641980099e-09, 1.23990429035e-09, 3.04241876137e-09, 4.6028238998e-09, 3.54741680475e-09, 1.98511362903e-09, 8.73126626555e-10, 1.06687525481e-09, 6.09999273316e-10, 1.59223415702e-12, 1.03632964908e-14]
        var: [4.48678800277e-13, 1.90811775269e-07, 1.9779638194e-07, 1.9848671684e-07, 6.31878538115e-06, 2.94740448226e-06, 9.59219974561e-08, 3.33172911482e-09, 4.62107108135e-09, 4.29361102228e-10, 1.40052705544e-10, 8.82555348247e-11, 4.30063207268e-11, 1.93448396191e-10, 4.1472505985e-11, 2.31924150024e-11, 1.22383353451e-10, 6.61352569931e-11, 1.69264449679e-10, 3.06087794e-10, 5.10257336384e-10, 9.22370124723e-10, 5.91213883405e-11, 1.87970883303e-09, 6.18204862302e-11, 5.95822490738e-14, 3.59314891743e-18]
    mfcc:
        mean: [-989.667602539, 97.2757644653, 63.1167907715, 44.9783935547, 22.258764267, 0.0726399943233, 9.23506546021, 0.140422224998, -2.09576654434, 1.4702091217, -8.28737640381, 1.09555137157, -10.1797332764]
        cov: [[11843.4628906, -711.907531738, -1271.31408691, -1110.53979492, -1237.61364746, -849.555725098, -800.748657227, -763.314758301, -413.309814453, -289.319824219, 185.597808838, 107.964164734, 295.334869385], [-711.907531738, 5696.78222656, 344.269866943, 1371.74353027, 317.15234375, 152.61819458, 282.138977051, 57.1968193054, -3.0275156498, 89.5088653564, -25.9440326691, -112.366958618, -69.8926010132], [-1271.31408691, 344.269866943, 2349.93505859, 422.374511719, 676.796020508, 626.960876465, 427.927459717, 486.329528809, 163.686599731, -86.7694244385, -290.142913818, -299.644348145, -392.236419678], [-1110.53979492, 1371.74353027, 422.374511719, 973.008850098, 435.843078613, 332.949493408, 241.811950684, 169.557525635, 155.135772705, 24.9177703857, -12.0288639069, -107.257858276, -93.6081161499], [-1237.61364746, 317.15234375, 676.796020508, 435.843078613, 537.09173584, 347.661682129, 284.623016357, 271.248199463, 150.224624634, 46.2039985657, -56.214630127, -88.5809860229, -142.316360474], [-849.555725098, 152.61819458, 626.960876465, 332.949493408, 347.661682129, 432.401916504, 278.550567627, 263.073303223, 176.593078613, 53.9595680237, -40.5460014343, -94.7556915283, -107.567619324], [-800.748657227, 282.138977051, 427.927459717, 241.811950684, 284.623016357, 278.550567627, 329.252105713, 259.53427124, 152.766098022, 121.061355591, 3.9955227375, -27.5047130585, -73.9006500244], [-763.314758301, 57.1968193054, 486.329528809, 169.557525635, 271.248199463, 263.073303223, 259.53427124, 318.155944824, 180.427139282, 114.973686218, 8.00843429565, -15.9491758347, -63.9823875427], [-413.309814453, -3.0275156498, 163.686599731, 155.135772705, 150.224624634, 176.593078613, 152.766098022, 180.427139282, 217.519592285, 125.976158142, 69.5977554321, 34.8008003235, 18.5493106842], [-289.319824219, 89.5088653564, -86.7694244385, 24.9177703857, 46.2039985657, 53.9595680237, 121.061355591, 114.973686218, 125.976158142, 196.116195679, 103.42124939, 88.8080978394, 59.4439430237], [185.597808838, -25.9440326691, -290.142913818, -12.0288639069, -56.214630127, -40.5460014343, 3.9955227375, 8.00843429565, 69.5977554321, 103.42124939, 152.187866211, 107.523742676, 102.232276917], [107.964164734, -112.366958618, -299.644348145, -107.257858276, -88.5809860229, -94.7556915283, -27.5047130585, -15.9491758347, 34.8008003235, 88.8080978394, 107.523742676, 165.380935669, 122.554870605], [295.334869385, -69.8926010132, -392.236419678, -93.6081161499, -142.316360474, -107.567619324, -73.9006500244, -63.9823875427, 18.5493106842, 59.4439430237, 102.232276917, 122.554870605, 186.489990234]]
        icov: [[0.000124139347463, -1.83574175026e-05, -5.11175094289e-05, 9.23455518205e-05, 0.00019169326697, 1.38801960929e-05, 9.67122105067e-06, 0.000121991659398, -6.29197529634e-05, 0.00020932785992, -0.000399005512008, 0.000172782762093, -1.99350615731e-05], [-1.83574175026e-05, 0.000355735333869, -0.000104723803815, -0.000732597021852, 0.000290470401524, 0.000355042284355, -0.000323976040818, 3.22800624417e-05, 0.000548637588508, -0.000588109600358, 0.000252783502219, 4.59383882117e-05, -0.00015231652651], [-5.11175094289e-05, -0.000104723803815, 0.00127103202976, 0.000309714610921, -0.00053729955107, -0.000742528936826, 0.000214813873754, -0.00130353844725, -0.000281999091385, 0.00076305156108, 0.00132663082331, -0.000174166474608, 0.00084208039334], [9.23455518205e-05, -0.000732597021852, 0.000309714610921, 0.0035210205242, -0.00211909739301, -0.00110759970266, -8.41000655782e-05, 0.00132524746004, -0.00200603203848, 0.00188905850518, -0.00164371554274, 0.00120241579134, -0.000128419138491], [0.00019169326697, 0.000290470401524, -0.00053729955107, -0.00211909739301, 0.00682606268674, -0.00102175679058, -0.00129947182722, -0.00163116655312, 0.000510662037414, 0.000111387373181, 0.000480736634927, -0.00127897725906, 0.00164745526854], [1.38801960929e-05, 0.000355042284355, -0.000742528936826, -0.00110759970266, -0.00102175679058, 0.00984936859459, -0.00428539793938, -0.00060200446751, -0.00365683832206, 0.00126892898697, 0.000263167807134, 0.00353619409725, -0.00151881051715], [9.67122105067e-06, -0.000323976040818, 0.000214813873754, -8.41000655782e-05, -0.00129947182722, -0.00428539793938, 0.0136094717309, -0.00577188655734, 0.00240962509997, -0.00526330433786, 0.000292537530186, -0.000621183717158, 0.00190801743884], [0.000121991659398, 3.22800624417e-05, -0.00130353844725, 0.00132524746004, -0.00163116655312, -0.00060200446751, -0.00577188655734, 0.0151429120451, -0.00559318251908, -0.00148490420543, -0.000461614952656, -0.000500137277413, 0.000669883040246], [-6.29197529634e-05, 0.000548637588508, -0.000281999091385, -0.00200603203848, 0.000510662037414, -0.00365683832206, 0.00240962509997, -0.00559318251908, 0.0161035489291, -0.00544307567179, -0.00328111089766, -0.000339952966897, -0.00182310445234], [0.00020932785992, -0.000588109600358, 0.00076305156108, 0.00188905850518, 0.000111387373181, 0.00126892898697, -0.00526330433786, -0.00148490420543, -0.00544307567179, 0.017069414258, -0.00538220908493, -0.00273442198522, 7.09119267412e-05], [-0.000399005512008, 0.000252783502219, 0.00132663082331, -0.00164371554274, 0.000480736634927, 0.000263167807134, 0.000292537530186, -0.000461614952656, -0.00328111089766, -0.00538220908493, 0.0206430107355, -0.0061075463891, -0.00209269183688], [0.000172782762093, 4.59383882117e-05, -0.000174166474608, 0.00120241579134, -0.00127897725906, 0.00353619409725, -0.000621183717158, -0.000500137277413, -0.000339952966897, -0.00273442198522, -0.0061075463891, 0.0185436941683, -0.00730603700504], [-1.99350615731e-05, -0.00015231652651, 0.00084208039334, -0.000128419138491, 0.00164745526854, -0.00151881051715, 0.00190801743884, 0.000669883040246, -0.00182310445234, 7.09119267412e-05, -0.00209269183688, -0.00730603700504, 0.0145176574588]]
    spectral_contrast:
        mean: [1.77107409627e-07, -4.99231987305e-07, -3.1912603049e-07, -1.20797380987e-07, 4.15423698996e-07, -6.31555167274e-07, 8.7486182565e-07, -1.4304899878e-06, -1.46961622249e-06, 2.07065841096e-06, 2.88048931907e-06, 1.68271151324e-06]
        var: [0.000375846429961, 0.000597911595833, 0.000874606193975, 0.00250946683809, 0.015739666298, 0.0175750795752, 0.0558680258691, 0.141205742955, 0.184234768152, 0.664539515972, 2.97897648811, 5.89068698883]

rhythm:
    beats_loudness:
        dmean: 0.00462345033884
        dmean2: 0.00813719443977
        dvar: 1.08192607513e-05
        dvar2: 2.58083127846e-05
        max: 0.015469792299
        mean: 0.00310680433176
        min: 1.67122198036e-06
        var: 1.33238072522e-05
    beats_loudness_bass:
        dmean: 0.458706408739
        dmean2: 0.856142759323
        dvar: 0.0801625922322
        dvar2: 0.211380928755
        max: 0.841009438038
        mean: 0.400731682777
        min: 0.000672328926157
        var: 0.115339159966
    bpm: 77.6579742432
    bpm_confidence: 0
    first_peak_bpm: 157
    first_peak_spread: 0
    first_peak_weight: 0.5
    onset_rate: 5.08422851562
    second_peak_bpm: 78
    second_peak_spread: 0.125
    second_peak_weight: 0.4375
    beats_position: [0.35152053833, 1.12414038181, 1.8967602253, 2.66937994957, 3.44199967384, 4.2146191597, 4.98723936081, 5.75985908508, 6.56973791122, 6.95265340805, 7.33556938171, 7.71848535538, 8.10140132904, 8.48431777954, 8.86723327637, 9.25014972687, 9.63306522369]
    bpm_estimates: [77.7254180908, 77.6195602417, 77.5299224854, 77.5641174316, 77.6286849976, 77.8783035278, 77.7003097534, 77.617805481, 77.657661438]
    bpm_intervals: [0.772619843483, 0.772619843483, 0.772619724274, 0.772619724274, 0.772619485855, 0.772620201111, 0.772619724274, 0.809878826141, 0.382915496826, 0.382915973663, 0.382915973663, 0.382915973663, 0.3829164505, 0.382915496826, 0.3829164505, 0.382915496826]
    onset_times: [0.162539675832, 0.348299324512, 0.545668959618, 0.743038535118, 0.940408170223, 1.1261677742, 1.32353746891, 1.70666670799, 1.90403628349, 2.10140585899, 2.29877543449, 2.49614500999, 2.68190479279, 2.87927436829, 3.07664394379, 3.26240372658, 3.45977330208, 3.65714287758, 3.84290242195, 4.04027223587, 4.22603178024, 4.42340135574, 4.62077093124, 4.81814050674, 5.00390005112, 5.20126962662, 5.39863967896, 5.78176879883, 5.97913837433, 6.17650794983, 6.37387752533, 6.5596370697, 6.7570066452, 6.9543762207, 7.1517457962, 7.33750581741, 7.53487539291, 7.73224496841, 7.91800451279, 8.11537456512, 8.31274414062, 8.498503685, 8.70748329163, 8.88163280487, 9.0906124115, 9.27637195587, 9.45052146912, 9.65950107574, 9.78721046448, 9.86848068237, 10.0310201645]
    rubato_start: [6.95265340805]
    rubato_stop: [7.33556938171]
    perceptual_tempo: "unknown"

sfx:
    inharmonicity:
        dmean: 0.0265257377177
        dmean2: 0.0475100800395
        dvar: 0.00304632191546
        dvar2: 0.00812349375337
        max: 0.457174837589
        mean: 0.0218230318278
        min: 0
        var: 0.00273822364397
    oddtoevenharmonicenergyratio:
        dmean: 357.108215332
        dmean2: 716.190429688
        dvar: 21469402
        dvar2: 64466032
        max: 61035.9453125
        mean: 178.146240234
        min: 0
        var: 10735532
    pitch_after_max_to_before_max_energy_ratio: 7.64920043945
    pitch_centroid: 151.082839966
    pitch_max_to_total: 0.0924855470657
    pitch_min_to_total: 0.609826564789
    tristimulus:
        dmean: [0.201472565532, 0.192835405469, 0.0776212438941]
        dmean2: [0.361829012632, 0.354462057352, 0.143578618765]
        dvar: [0.0664044767618, 0.0566470324993, 0.0245048571378]
        dvar2: [0.157978922129, 0.148720964789, 0.0683097094297]
        max: [1, 0.995618760586, 0.841848313808]
        mean: [0.708998680115, 0.201033890247, 0.0621808506548]
        min: [0.00193044706248, 0, 0]
        var: [0.102196887136, 0.0602142512798, 0.0216765366495]

tonal:
    chords_changes_rate: 0.101063832641
    chords_number_rate: 0.0372340418398
    chords_strength:
        dmean: 0.0155324386433
        dmean2: 0.0195901039988
        dvar: 0.000129875988932
        dvar2: 0.000242514070123
        max: 0.650346159935
        mean: 0.473898530006
        min: 0.306323230267
        var: 0.00739942071959
    key_strength: 0.446472883224
    tuning_diatonic_strength: 0.523441195488
    tuning_equal_tempered_deviation: 0.238255143166
    tuning_frequency: 453.940612793
    tuning_nontempered_energy_ratio: 0.883537590504
    hpcp:
        dmean: [0.13730597496, 0.149706602097, 0.158832088113, 0.132611691952, 0.123966217041, 0.12656198442, 0.136062189937, 0.1524643749, 0.140115231276, 0.118738330901, 0.131709590554, 0.138035520911, 0.125109493732, 0.0899579674006, 0.103366851807, 0.142628014088, 0.144536659122, 0.111963003874, 0.118628963828, 0.138777241111, 0.145026236773, 0.12627132237, 0.129828289151, 0.131450533867, 0.102979414165, 0.106829620898, 0.132840901613, 0.121616743505, 0.125705569983, 0.107664458454, 0.148074567318, 0.187749654055, 0.168733969331, 0.129097148776, 0.126927450299, 0.128060281277]
        dmean2: [0.251160234213, 0.270166248083, 0.277243554592, 0.233654394746, 0.228058949113, 0.226365461946, 0.251924663782, 0.289884120226, 0.254419386387, 0.214024201035, 0.240559697151, 0.252186864614, 0.22889187932, 0.148776337504, 0.177412360907, 0.259320139885, 0.269720882177, 0.197870358825, 0.222250699997, 0.260048896074, 0.266878426075, 0.235490977764, 0.237815320492, 0.24946539104, 0.190416783094, 0.192445471883, 0.235238209367, 0.205113947392, 0.213804021478, 0.178341060877, 0.267666339874, 0.345974713564, 0.309829562902, 0.220637187362, 0.226865172386, 0.224392384291]
        dvar: [0.0594414696097, 0.0641871243715, 0.0664554312825, 0.0425002500415, 0.0445993542671, 0.0411243475974, 0.0433752276003, 0.0648266673088, 0.0492737367749, 0.0374942012131, 0.0468353480101, 0.0619483590126, 0.0420473739505, 0.0257628280669, 0.0340130627155, 0.0591361708939, 0.0665576308966, 0.0379306972027, 0.055885091424, 0.0641711428761, 0.0630477815866, 0.0458294786513, 0.0414311252534, 0.054192058742, 0.03949341923, 0.0320148840547, 0.049582734704, 0.0462181940675, 0.036296043545, 0.036312431097, 0.0571264587343, 0.0813611596823, 0.0708666741848, 0.0393167994916, 0.0508154258132, 0.0479816235602]
        dvar2: [0.150285214186, 0.163327991962, 0.162364959717, 0.117428727448, 0.127184122801, 0.112310141325, 0.109973929822, 0.182275682688, 0.13464833796, 0.106713533401, 0.135860934854, 0.175100430846, 0.113885305822, 0.0573624521494, 0.0938629209995, 0.176352411509, 0.188437670469, 0.0997236520052, 0.163691103458, 0.181998074055, 0.162587031722, 0.125254049897, 0.116136848927, 0.145169466734, 0.109628237784, 0.0879240855575, 0.127210989594, 0.0960260331631, 0.0903477817774, 0.0928793251514, 0.15063367784, 0.216416209936, 0.186664029956, 0.0954462811351, 0.127786487341, 0.117559969425]
        max: [1, 1, 1, 1, 1, 1, 1, 1, 1, 1, 1, 1, 1, 1, 1, 1, 1, 1, 1, 1, 1, 1, 1, 1, 1, 1, 1, 1, 1, 1, 1, 1, 1, 1, 1, 1]
        mean: [0.130183145404, 0.161886736751, 0.175224229693, 0.130655795336, 0.117232628167, 0.132381469011, 0.129655957222, 0.134738922119, 0.119180731475, 0.0964307188988, 0.121384084225, 0.141882747412, 0.125304251909, 0.12476606667, 0.125654324889, 0.126254290342, 0.128469675779, 0.105447299778, 0.0907531678677, 0.111212916672, 0.142769098282, 0.133145287633, 0.120038308203, 0.122366152704, 0.0948346704245, 0.094099752605, 0.145978540182, 0.165438130498, 0.136450260878, 0.12376151979, 0.132729172707, 0.141591981053, 0.147050365806, 0.168402016163, 0.184235870838, 0.152666673064]
        min: [3.85780822398e-06, 8.32327896205e-06, 5.0234984883e-06, 2.30245564126e-06, 3.41966938322e-06, 2.44510715675e-06, 2.02407841243e-06, 9.48021533986e-06, 3.89497063225e-06, 3.21307061313e-06, 2.83322856376e-06, 3.64287916454e-06, 3.6109879602e-06, 2.74668104794e-06, 4.00082535634e-06, 3.35245681526e-06, 3.37875258083e-06, 4.31347507401e-06, 2.18496893467e-06, 1.56867599799e-06, 2.42243163484e-06, 2.14898591366e-06, 3.45002808899e-06, 4.15046497437e-06, 2.63963897851e-06, 3.38540121447e-06, 1.65862331869e-06, 1.74765011707e-06, 3.24090160575e-06, 4.01886609325e-06, 3.16216346619e-06, 2.79545247395e-06, 3.03865635942e-06, 9.01254793462e-07, 1.43999716329e-06, 4.55264580523e-06]
        var: [0.0602045767009, 0.0778803527355, 0.0906673297286, 0.0523618236184, 0.049872353673, 0.0598491467535, 0.0554459095001, 0.0608977153897, 0.0497824028134, 0.0344244576991, 0.0548505485058, 0.0692947953939, 0.0483794026077, 0.0599207431078, 0.0568000897765, 0.0610135123134, 0.0610093697906, 0.0428653210402, 0.0408689454198, 0.0499524399638, 0.0746462494135, 0.0638964250684, 0.0416453406215, 0.0596643164754, 0.0328219681978, 0.0289386771619, 0.0698606520891, 0.086793474853, 0.0531726442277, 0.049144398421, 0.0555820353329, 0.0677692815661, 0.0691314190626, 0.0738755241036, 0.0976415202022, 0.0699803978205]
    chords_histogram: [0, 1.06382977962, 0, 0, 0, 0, 10.1063833237, 0, 18.6170215607, 0, 0, 0, 0, 3.72340416908, 0, 0, 1.06382977962, 0.531914889812, 0, 0, 34.5744667053, 30.3191490173, 0, 0]
    thpcp: [1, 0.828647911549, 0.706611275673, 0.878692805767, 0.951086401939, 0.709176719189, 0.636318147182, 0.718543410301, 0.703749775887, 0.731339216232, 0.646892130375, 0.52340900898, 0.658851504326, 0.770114660263, 0.680129528046, 0.677208304405, 0.682029664516, 0.685286164284, 0.697310864925, 0.572349429131, 0.492592275143, 0.603644192219, 0.774925649166, 0.722689270973, 0.651546895504, 0.664182007313, 0.514745950699, 0.510756969452, 0.792345941067, 0.897969186306, 0.740628063679, 0.671755850315, 0.720430672169, 0.768536448479, 0.798163592815, 0.91405659914]
    chords_key: "G"
    chords_scale: "major"
    key_key: "A"
    key_scale: "major"
    chords_progression: ["Bm", "Bm", "Bm", "Bm", "Bm", "Bm", "Bm", "Bm", "Bm", "Bm", "Bm", "Bm", "Bm", "Bm", "Bm", "Bm", "Bm", "Bm", "Bm", "Bm", "Bm", "Bm", "Bm", "Bm", "Bm", "Bm", "F", "F", "Bm", "Bm", "Bm", "Bm", "Bm", "Bm", "Bm", "Bm", "Bm", "Bm", "Bm", "G", "G", "Am", "G", "G", "G", "G", "G", "G", "G", "G", "G", "G", "G", "G", "G", "F#", "F#", "F#", "F#", "F#", "F#", "F#", "F#", "F#", "F#", "F#", "F#", "F#", "G", "G", "G", "G", "G", "G", "G", "G", "G", "G", "G", "G", "G", "G", "G", "G", "G", "G", "G", "G", "G", "G", "G", "G", "G", "G", "G", "G", "G", "G", "G", "G", "G", "G", "G", "G", "G", "G", "G", "G", "G", "G", "G", "G", "G", "G", "Bm", "G", "Bm", "Bm", "Bm", "Bm", "G", "G", "G", "Bm", "Bm", "Bm", "Bm", "Bm", "Bm", "Bm", "Bm", "Bm", "Bm", "Bm", "Bm", "Bm", "Bm", "F#", "F#", "F#", "F#", "Bm", "F#", "F#", "Gm", "Gm", "Gm", "Gm", "Gm", "Gm", "Gm", "C#m", "C#", "C#", "C#", "C#", "C#", "C#", "C#", "C#", "C#", "C#", "C#", "C#", "C#", "C#", "C#", "C#", "C#", "C#", "C#", "C#", "C#", "C#", "C#", "C#", "C#", "C#", "C#", "C#", "C#", "C#", "C#", "C#", "C#", "C#", "C#", "C#m"]
