
metadata:
    version:
        essentia: "1.2.2"
    audio_properties:
        analysis_sample_rate: 44100
        bitrate: 128
        channels: 2
        equal_loudness: 1
        length: 10.0832653046
        replay_gain: -13.1615467072
        downmix: "mix"
    tags:
        track: 12
        year: 0
        album: "Splitted by Mp3Splt v. 2.1"
        artist: "From 001.50 To 002.00"
        comment: "http://mp3splt.sf.net"
        genre: ""
        title: "05 Skit.mp3"

highlevel:
    ballroom:
        all:
            ChaChaCha: 0.219209492207
            Jive: 0.10221362114
            Quickstep: 0.0133906034753
            Rumba-American: 0.000946075946558
            Rumba-International: 0.00128238124307
            Rumba-Misc: 0.0014075449435
            Samba: 0.660489201546
            Tango: 0.000337805453455
            VienneseWaltz: 0.000399075768655
            Waltz: 0.000324205000652
        probability: 0.660489201546
        value: "Samba"
    culture:
        all:
            non_western: 0.981842577457
            western: 0.0181574113667
        probability: 0.981842577457
        value: "non_western"
    gender:
        all:
            female: 0.610018312931
            male: 0.389981716871
        probability: 0.610018312931
        value: "female"
    genre_dortmund:
        all:
            alternative: 0.000417911564
            blues: 0.00101222179364
            electronic: 0.0142778269947
            folkcountry: 0.000790654041339
            funksoulrnb: 0.00475603248924
            jazz: 0.00370729155838
            pop: 0.00171859469265
            raphiphop: 0.970144689083
            rock: 0.00317475805059
        probability: 0.970144689083
        value: "raphiphop"
    genre_electronica:
        all:
            ambient: 0.411697745323
            dnb: 0.337763994932
            house: 0.109720006585
            techno: 0.0691063702106
            trance: 0.0717118680477
        probability: 0.411697745323
        value: "ambient"
    genre_rosamerica:
        all:
            cla: 0.00289119710214
            dan: 0.0210159327835
            hip: 0.790527880192
            jaz: 0.00586526235566
            pop: 0.106116436422
            rhy: 0.0636524483562
            roc: 0.00712304655463
            spe: 0.00280781905167
        probability: 0.790527880192
        value: "hip"
    genre_tzanetakis:
        all:
            blu: 0.00248201959766
            cla: 0.00361333950423
            cou: 0.00387267326005
            dis: 0.0358286127448
            hip: 0.375759392977
            jaz: 0.00411711540073
            met: 0.0035850580316
            pop: 0.376399129629
            reg: 0.188408493996
            roc: 0.00593414297327
        probability: 0.376399129629
        value: "pop"
    live_studio:
        all:
            live: 0.0872184410691
            studio: 0.912781536579
        probability: 0.912781536579
        value: "studio"
    mood:
        all:
            Cluster1: 0.373918682337
            Cluster2: 0.199328646064
            Cluster3: 0.0183390583843
            Cluster4: 0.238708689809
            Cluster5: 0.169704943895
        probability: 0.373918682337
        value: "Cluster1"
    mood_acoustic:
        all:
            acoustic: 0.00912777800113
            not_acoustic: 0.990872204304
        probability: 0.990872204304
        value: "not_acoustic"
    mood_aggressive:
        all:
            aggressive: 0.258342385292
            not_aggressive: 0.741657614708
        probability: 0.741657614708
        value: "not_aggressive"
    mood_electronic:
        all:
            electronic: 0.827776253223
            not_electronic: 0.172223746777
        probability: 0.827776253223
        value: "electronic"
    mood_happy:
        all:
            happy: 0.667082548141
            not_happy: 0.332917481661
        probability: 0.667082548141
        value: "happy"
    mood_party:
        all:
            not_party: 0.0676690042019
            party: 0.932330965996
        probability: 0.932330965996
        value: "party"
    mood_relaxed:
        all:
            not_relaxed: 0.945407867432
            relaxed: 0.0545921549201
        probability: 0.945407867432
        value: "not_relaxed"
    mood_sad:
        all:
            not_sad: 0.964704692364
            sad: 0.0352953076363
        probability: 0.964704692364
        value: "not_sad"
    rhythm:
        all:
            fast: 0.691562414169
            medium: 0.296827465296
            slow: 0.0116100963205
        probability: 0.691562414169
        value: "fast"
    speech_music:
        all:
            music: 0.999513268471
            speech: 0.000486707431264
        probability: 0.999513268471
        value: "music"
    timbre:
        all:
            bright: 0.128636166453
            dark: 0.871363818645
        probability: 0.871363818645
        value: "dark"
    voice_instrumental:
        all:
            instrumental: 0.00838124193251
            voice: 0.99161875248
        probability: 0.99161875248
        value: "voice"

lowlevel:
    average_loudness: 0.979388058186
    barkbands_kurtosis:
        dmean: 1.80906164646
        dmean2: 2.94753313065
        dvar: 8.23243331909
        dvar2: 20.7482910156
        max: 21.4214935303
        mean: 0.424531191587
        min: -1.8429954052
        var: 9.6267375946
    barkbands_skewness:
        dmean: 0.725526332855
        dmean2: 1.05969941616
        dvar: 0.483816474676
        dvar2: 1.02047240734
        max: 4.50652217865
        mean: -0.300005495548
        min: -4.1584353447
        var: 1.43050611019
    barkbands_spread:
        dmean: 8.08263969421
        dmean2: 12.7619857788
        dvar: 56.7917327881
        dvar2: 118.733726501
        max: 71.1441497803
        mean: 29.6499767303
        min: 4.80245780945
        var: 189.156646729
    dissonance:
        dmean: 0.0245140306652
        dmean2: 0.0384537950158
        dvar: 0.000808334851172
        dvar2: 0.00156296684872
        max: 0.499770730734
        mean: 0.457169443369
        min: 0.0943930596113
        var: 0.0015010505449
    hfc:
        dmean: 2.84588027
        dmean2: 3.94246459007
        dvar: 18.2552986145
        dvar2: 29.6573390961
        max: 43.6538963318
        mean: 5.69986581802
        min: 0.00112433766481
        var: 52.2216873169
    pitch:
        dmean: 960.807250977
        dmean2: 1869.14099121
        dvar: 2060381.5
        dvar2: 4637730.5
        max: 4410
        mean: 1202.22058105
        min: 101.146789551
        var: 2274241.25
    pitch_instantaneous_confidence:
        dmean: 0.121065542102
        dmean2: 0.189236015081
        dvar: 0.0111699094996
        dvar2: 0.0245506633073
        max: 0.919398367405
        mean: 0.540724039078
        min: 0.156267344952
        var: 0.0328278206289
    pitch_salience:
        dmean: 0.0878678485751
        dmean2: 0.138192430139
        dvar: 0.00686393259093
        dvar2: 0.0167377237231
        max: 0.906868934631
        mean: 0.589518785477
        min: 0.203724369407
        var: 0.0166687797755
    silence_rate_20dB:
        dmean: 0
        dmean2: 0
        dvar: 0
        dvar2: 0
        max: 1
        mean: 1
        min: 1
        var: 0
    silence_rate_30dB:
        dmean: 0
        dmean2: 0
        dvar: 0
        dvar2: 0
        max: 1
        mean: 1
        min: 1
        var: 0
    silence_rate_60dB:
        dmean: 0.156321838498
        dmean2: 0.313364058733
        dvar: 0.131885558367
        dvar2: 0.224384024739
        max: 1
        mean: 0.676605522633
        min: 0
        var: 0.218810126185
    spectral_centroid:
        dmean: 475.116912842
        dmean2: 686.099121094
        dvar: 197964.375
        dvar2: 373394.5625
        max: 4961.96386719
        mean: 2176.64550781
        min: 352.588348389
        var: 742059.125
    spectral_complexity:
        dmean: 3.12903237343
        dmean2: 4.43879890442
        dvar: 24.7022953033
        dvar2: 32.5510749817
        max: 49
        mean: 7.00919532776
        min: 0
        var: 72.46434021
    spectral_crest:
        dmean: 2.86752033234
        dmean2: 4.61789321899
        dvar: 6.2844119072
        dvar2: 15.9291143417
        max: 21.8392448425
        mean: 8.46108818054
        min: 3.59153103828
        var: 10.7932348251
    spectral_decrease:
        dmean: 3.37663952354e-10
        dmean2: 4.87056062148e-10
        dvar: 2.14313694994e-19
        dvar2: 4.39506857145e-19
        max: -2.40142731004e-13
        mean: -6.19278295311e-10
        min: -3.59199470168e-09
        var: 4.60729261434e-19
    spectral_energy:
        dmean: 0.00151600898243
        dmean2: 0.00215787859634
        dvar: 4.08793403039e-06
        dvar2: 8.0032095866e-06
        max: 0.0152410306036
        mean: 0.00285429181531
        min: 1.00833517536e-06
        var: 9.75322473096e-06
    spectral_energyband_high:
        dmean: 0.00015347309818
        dmean2: 0.00021845579613
        dvar: 8.7711718777e-08
        dvar2: 1.24448675365e-07
        max: 0.00314761791378
        mean: 0.000275930826319
        min: 1.00004200476e-07
        var: 2.24130317861e-07
    spectral_energyband_low:
        dmean: 0.000141038995935
        dmean2: 0.000214151499677
        dvar: 1.98478417701e-07
        dvar2: 4.34554038975e-07
        max: 0.00381362391636
        mean: 0.000159138522577
        min: 1.37140820922e-09
        var: 2.12600639315e-07
    spectral_energyband_middle_high:
        dmean: 0.000863720895723
        dmean2: 0.00121073925402
        dvar: 1.86680006209e-06
        dvar2: 3.2098819247e-06
        max: 0.0126327238977
        mean: 0.00167484255508
        min: 1.86890702025e-07
        var: 5.98003680352e-06
    spectral_energyband_middle_low:
        dmean: 0.00061812880449
        dmean2: 0.00099570886232
        dvar: 1.21415223475e-06
        dvar2: 2.96948564937e-06
        max: 0.00854282546788
        mean: 0.000744330754969
        min: 6.73075078339e-07
        var: 1.36511732762e-06
    spectral_flatness_db:
        dmean: 0.0265636425465
        dmean2: 0.0390226319432
        dvar: 0.000619593600277
        dvar2: 0.00121948902961
        max: 0.373237758875
        mean: 0.164929389954
        min: 0.059636618942
        var: 0.00324231036939
    spectral_flux:
        dmean: 0.0126956971362
        dmean2: 0.0188358798623
        dvar: 0.000183569296496
        dvar2: 0.000368939887267
        max: 0.119017541409
        mean: 0.0362091287971
        min: 0.00600262964144
        var: 0.000479786482174
    spectral_kurtosis:
        dmean: 1.35994374752
        dmean2: 2.10579824448
        dvar: 2.07205748558
        dvar2: 5.25959348679
        max: 12.7280435562
        mean: 3.66336083412
        min: -0.847353696823
        var: 6.05038690567
    spectral_rms:
        dmean: 0.000426455604611
        dmean2: 0.000585726927966
        dvar: 2.18604085944e-07
        dvar2: 3.8129886093e-07
        max: 0.00385607290082
        mean: 0.00145409069955
        min: 3.13646560244e-05
        var: 6.70295719374e-07
    spectral_rolloff:
        dmean: 588.739868164
        dmean2: 914.290222168
        dvar: 535663.9375
        dvar2: 1091836
        max: 8979.34570312
        mean: 3659.21118164
        min: 258.3984375
        var: 1146437.25
    spectral_skewness:
        dmean: 0.209777653217
        dmean2: 0.332231521606
        dvar: 0.0369448214769
        dvar2: 0.100376307964
        max: 2.6625418663
        mean: 1.32298588753
        min: 0.346518456936
        var: 0.117785997689
    spectral_spread:
        dmean: 1172808.125
        dmean2: 1443070.125
        dvar: 2.27631510323e+12
        dvar2: 2.73046490317e+12
        max: 26939288
        mean: 5787126
        min: 1997247.375
        var: 8.06272735642e+12
    spectral_strongpeak:
        dmean: 0.632306158543
        dmean2: 0.994165658951
        dvar: 0.518388807774
        dvar2: 1.23796546459
        max: 5.21181249619
        mean: 0.875056147575
        min: 0.00076853542123
        var: 0.961065530777
    zerocrossingrate:
        dmean: 0.0162719171494
        dmean2: 0.0175307635218
        dvar: 0.000181949100806
        dvar2: 0.000211266393308
        max: 0.23046875
        mean: 0.118593975902
        min: 0.005859375
        var: 0.00134985998739
    barkbands:
        dmean: [1.35533900902e-06, 6.33758463664e-05, 0.000125041304273, 0.000137864073622, 0.000112874040497, 3.87381296605e-05, 0.00020009498985, 0.000207879405934, 5.99221966695e-05, 6.43239545752e-05, 9.57554511842e-05, 8.65797264851e-05, 0.000143719997141, 6.17215700913e-05, 6.9999594416e-05, 7.64494325267e-05, 7.51508196117e-05, 0.000193752406631, 0.000240294903051, 0.000187044381164, 5.86469504924e-05, 2.09466888919e-05, 5.90966328673e-06, 3.51137555299e-06, 3.75416470888e-06, 3.31865379621e-07, 2.22812168715e-09]
        dmean2: [2.05048831958e-06, 0.000113055248221, 0.000218158384087, 0.000256354716839, 0.000173439606442, 6.24899912509e-05, 0.000328362395521, 0.000344881525962, 9.42662882153e-05, 0.000101978126622, 0.000141923708725, 0.00014079939865, 0.00021589800599, 8.13578881207e-05, 0.00010991947056, 0.000121247132483, 0.000114893904538, 0.00028022454353, 0.000364550563972, 0.000284126348561, 7.66540179029e-05, 2.83746412606e-05, 8.26219638839e-06, 5.34793161933e-06, 5.68711357118e-06, 4.69930085956e-07, 3.48155881902e-09]
        dvar: [1.096690707e-11, 3.87556298165e-08, 2.28613075137e-07, 3.64519195273e-07, 5.94916400587e-08, 8.80444339657e-09, 2.89589564773e-07, 3.33877522962e-07, 2.5026841044e-08, 3.4914037883e-08, 4.99069621185e-08, 9.3555257763e-08, 3.0469445278e-07, 2.39852795403e-08, 4.29573780991e-08, 7.63857883612e-08, 1.53639838629e-08, 1.26605655737e-07, 1.56814962793e-07, 8.46427425927e-08, 1.64624314181e-08, 2.95263991035e-09, 1.72456715575e-10, 4.45264623783e-11, 6.55174248188e-11, 4.88230441319e-13, 1.1900020139e-16]
        dvar2: [2.31995308381e-11, 1.09366759204e-07, 6.14067346305e-07, 1.04489447494e-06, 1.51143069616e-07, 1.87434903154e-08, 7.21143521787e-07, 7.75619639626e-07, 4.84781494947e-08, 9.26750232111e-08, 9.58445340871e-08, 2.44316623821e-07, 6.72035923799e-07, 4.47430501538e-08, 1.01353400339e-07, 1.46172070004e-07, 3.55654741213e-08, 2.26225282063e-07, 3.24678694597e-07, 1.61303361779e-07, 2.15961399874e-08, 5.34691002585e-09, 3.34848981876e-10, 9.29062243804e-11, 1.43090594928e-10, 9.38585472364e-13, 2.98300625356e-16]
        max: [3.19863211189e-05, 0.00153157580644, 0.00373830110766, 0.00443843565881, 0.00246317544952, 0.00106657261495, 0.00721078179777, 0.00631394470111, 0.00188060651999, 0.00283269351348, 0.00297478307039, 0.00411340221763, 0.00683315750211, 0.00153404346202, 0.00211699050851, 0.00432047294453, 0.00120902864728, 0.00437169941142, 0.00524538708851, 0.00238624098711, 0.00141769344918, 0.000564086367376, 0.000129539650516, 6.21231010882e-05, 6.49342036922e-05, 4.81589495394e-06, 1.55618849362e-07]
        mean: [2.94566029879e-06, 6.84599144734e-05, 8.77843704075e-05, 8.51471704664e-05, 0.000147300728713, 4.1656945541e-05, 0.000187721234397, 0.00019157656061, 6.6771703132e-05, 8.04047667771e-05, 0.000141432858072, 9.30394089664e-05, 0.000206014083233, 8.03369548521e-05, 8.27667681733e-05, 0.000102402329503, 0.00010934038437, 0.000250543089351, 0.000380700308597, 0.000303399108816, 9.70265609794e-05, 3.00172414427e-05, 7.88108263805e-06, 4.92214894621e-06, 4.31780563304e-06, 3.83773937074e-07, 1.92660398746e-09]
        min: [1.03162335445e-12, 9.4247450122e-11, 6.43844810799e-10, 8.5632834157e-09, 7.21737904996e-08, 3.02914457961e-08, 6.04711303254e-08, 2.11356301349e-08, 3.83955693906e-08, 3.58641223386e-08, 1.82897377243e-08, 1.05917754567e-08, 2.36730457459e-08, 1.69929403881e-08, 1.94921874197e-08, 2.96081790196e-08, 2.79067924325e-09, 8.72884964309e-09, 1.95643892198e-08, 5.69690001839e-08, 2.06652401857e-08, 1.44797356327e-08, 3.24072035873e-09, 2.5460507036e-09, 2.29785435124e-09, 5.45672562691e-10, 5.76519680519e-13]
        var: [3.08817277306e-11, 3.23658078116e-08, 1.50983424874e-07, 1.99042474947e-07, 6.5879632416e-08, 1.10327418312e-08, 3.08647457814e-07, 3.24599540136e-07, 3.39994521426e-08, 4.22300026059e-08, 1.27611286871e-07, 8.21789143401e-08, 5.14892633419e-07, 4.54767707936e-08, 4.84200555206e-08, 1.51594463205e-07, 2.38873685277e-08, 2.46633874212e-07, 3.76798908519e-07, 1.92493402551e-07, 4.09507912025e-08, 5.41720357461e-09, 3.02246672135e-10, 7.75568567701e-11, 8.43329919786e-11, 7.25651906185e-13, 6.65855379163e-17]
    mfcc:
        mean: [-767.812744141, 70.3212814331, -57.2535209656, 45.9407501221, -22.3707523346, -15.0437097549, 2.38301801682, -8.48772335052, -8.23166847229, -5.0998005867, -4.75194549561, 0.307256579399, -0.529979169369]
        cov: [[2979.27587891, 278.511535645, -214.553726196, -259.139953613, -48.6859664917, 149.832336426, 208.691848755, 90.4579925537, -9.18495368958, 140.944793701, 80.1999740601, -141.715209961, -0.671645224094], [278.511535645, 1518.04943848, -175.85597229, 281.310516357, -25.932882309, 51.514541626, 172.75390625, 52.3031158447, -48.4208488464, 8.86294078827, 81.3258132935, -44.1052932739, 35.8183517456], [-214.553726196, -175.85597229, 1467.01989746, 502.074920654, 575.86126709, 314.27230835, 95.1521606445, 203.393432617, 300.40246582, 119.255691528, 112.050422668, 233.46673584, 98.3017807007], [-259.139953613, 281.310516357, 502.074920654, 626.402648926, 381.020599365, 164.585708618, 82.4179077148, 146.002563477, 137.218887329, 68.2632675171, 66.7779541016, 131.209259033, 68.0191574097], [-48.6859664917, -25.932882309, 575.86126709, 381.020599365, 531.082458496, 287.283172607, 136.822509766, 168.715774536, 192.289962769, 90.4187164307, 65.0912322998, 102.677200317, 76.9243087769], [149.832336426, 51.514541626, 314.27230835, 164.585708618, 287.283172607, 453.405853271, 300.804779053, 176.940811157, 168.881622314, 120.314888, 61.3866271973, 61.8273010254, 61.4249725342], [208.691848755, 172.75390625, 95.1521606445, 82.4179077148, 136.822509766, 300.804779053, 381.336151123, 203.123138428, 89.6224365234, 109.393791199, 74.0574264526, 38.3653831482, 56.9713020325], [90.4579925537, 52.3031158447, 203.393432617, 146.002563477, 168.715774536, 176.940811157, 203.123138428, 229.795455933, 136.521362305, 87.2235488892, 62.5643577576, 73.7968826294, 57.8045654297], [-9.18495368958, -48.4208488464, 300.40246582, 137.218887329, 192.289962769, 168.881622314, 89.6224365234, 136.521362305, 232.076797485, 117.269866943, 53.6313896179, 84.1181259155, 67.6502990723], [140.944793701, 8.86294078827, 119.255691528, 68.2632675171, 90.4187164307, 120.314888, 109.393791199, 87.2235488892, 117.269866943, 165.428924561, 84.9935531616, 59.7124824524, 60.8255119324], [80.1999740601, 81.3258132935, 112.050422668, 66.7779541016, 65.0912322998, 61.3866271973, 74.0574264526, 62.5643577576, 53.6313896179, 84.9935531616, 130.75843811, 79.7755203247, 56.155960083], [-141.715209961, -44.1052932739, 233.46673584, 131.209259033, 102.677200317, 61.8273010254, 38.3653831482, 73.7968826294, 84.1181259155, 59.7124824524, 79.7755203247, 173.813323975, 86.8286895752], [-0.671645224094, 35.8183517456, 98.3017807007, 68.0191574097, 76.9243087769, 61.4249725342, 56.9713020325, 57.8045654297, 67.6502990723, 60.8255119324, 56.155960083, 86.8286895752, 117.584495544]]
        icov: [[0.000432052416727, -0.000104561135231, -3.65972118743e-05, 0.00032672836096, -0.000101230223663, -0.00015140180767, 0.000179158203537, -0.000386510859244, 0.000346977671143, -0.000506341399159, -0.000221664769924, 0.000519814435393, -9.12566538318e-05], [-0.000104561135231, 0.00109251786489, 0.000152327062096, -0.00119089952204, 0.000724425015505, 5.07358599862e-05, -0.000716752372682, 0.000433588400483, -0.000247856543865, 0.000850383366924, -0.00115681975149, 0.00113257567864, -0.000719304429367], [-3.65972118743e-05, 0.000152327062096, 0.00151793088298, -0.000390023895307, -0.000958248623647, -0.000202505776542, 0.000191998304217, 0.000223023904255, -0.000944177038036, 0.000527121301275, -0.000390353437979, -0.00115374557208, 0.000748948834371], [0.00032672836096, -0.00119089952204, -0.000390023895307, 0.00458875251934, -0.00293373712339, 0.000365975545719, 0.000947819440626, -0.00142994371708, 0.0010686730966, -0.00140594330151, 0.00128111802042, -0.00214202096686, 0.0010904034134], [-0.000101230223663, 0.000724425015505, -0.000958248623647, -0.00293373712339, 0.00666890805587, -0.00277185859159, 0.001091693528, -0.00105041940697, -0.000822176341899, 0.00126657343935, -0.00130552588962, 0.00240994524211, -0.00198871968314], [-0.00015140180767, 5.07358599862e-05, -0.000202505776542, 0.000365975545719, -0.00277185859159, 0.00823019538075, -0.00672933179885, 0.00323409424163, -0.00321680726483, -3.25350629282e-05, 0.00121909822337, -0.000775947410148, 0.00098417152185], [0.000179158203537, -0.000716752372682, 0.000191998304217, 0.000947819440626, 0.001091693528, -0.00672933179885, 0.0119959032163, -0.00870666559786, 0.00505331996828, -0.00288420286961, -0.000797503918875, 0.00131035642698, -0.00122238753829], [-0.000386510859244, 0.000433588400483, 0.000223023904255, -0.00142994371708, -0.00105041940697, 0.00323409424163, -0.00870666559786, 0.0148046361282, -0.0068221706897, 0.00245047151111, -0.000571051670704, -0.00203579943627, 0.00087815587176], [0.000346977671143, -0.000247856543865, -0.000944177038036, 0.0010686730966, -0.000822176341899, -0.00321680726483, 0.00505331996828, -0.0068221706897, 0.0136265624315, -0.00723364949226, 0.00258515798487, -0.000355424213922, -0.00169776345138], [-0.000506341399159, 0.000850383366924, 0.000527121301275, -0.00140594330151, 0.00126657343935, -3.25350629282e-05, -0.00288420286961, 0.00245047151111, -0.00723364949226, 0.0157180763781, -0.00741153024137, 0.00156362669077, -0.00209225155413], [-0.000221664769924, -0.00115681975149, -0.000390353437979, 0.00128111802042, -0.00130552588962, 0.00121909822337, -0.000797503918875, -0.000571051670704, 0.00258515798487, -0.00741153024137, 0.0167355723679, -0.00655449414626, 1.48451954374e-05], [0.000519814435393, 0.00113257567864, -0.00115374557208, -0.00214202096686, 0.00240994524211, -0.000775947410148, 0.00131035642698, -0.00203579943627, -0.000355424213922, 0.00156362669077, -0.00655449414626, 0.0157061945647, -0.0080158310011], [-9.12566538318e-05, -0.000719304429367, 0.000748948834371, 0.0010904034134, -0.00198871968314, 0.00098417152185, -0.00122238753829, 0.00087815587176, -0.00169776345138, -0.00209225155413, 1.48451954374e-05, -0.0080158310011, 0.0163848679513]]
    spectral_contrast:
        mean: [3.55855149792e-07, -1.49645345005e-07, 2.85382924403e-07, 7.9830829236e-07, -5.51856771835e-07, 1.30171065038e-08, -2.88596106657e-06, -1.87638158877e-06, 6.6147454163e-06, 1.12714440093e-06, 1.89857917121e-06, 5.07420509166e-06]
        var: [0.000583088723943, 0.000998676056042, 0.00149067421444, 0.00538728525862, 0.00683212792501, 0.0103240739554, 0.0697151198983, 0.123842164874, 0.332792878151, 0.770523428917, 1.68113017082, 3.84474086761]

rhythm:
    beats_loudness:
        dmean: 0.00301411608234
        dmean2: 0.00492759002373
        dvar: 7.85012525739e-06
        dvar2: 9.62273225014e-06
        max: 0.0121288895607
        mean: 0.00460167787969
        min: 0.000714751251508
        var: 1.26871009343e-05
    beats_loudness_bass:
        dmean: 0.0814227163792
        dmean2: 0.141898304224
        dvar: 0.0153941540048
        dvar2: 0.0420541539788
        max: 0.536823570728
        mean: 0.0712698847055
        min: 2.84127190753e-06
        var: 0.0154714230448
    bpm: 90.3461990356
    bpm_confidence: 0
    first_peak_bpm: 181
    first_peak_spread: 0
    first_peak_weight: 0.571428596973
    onset_rate: 5.65293073654
    second_peak_bpm: 90
    second_peak_spread: 0
    second_peak_weight: 0.380952388048
    beats_position: [0.0613302513957, 0.725442886353, 1.38955545425, 2.05366802216, 2.71778082848, 3.38189339638, 4.0460062027, 4.7101187706, 5.37423181534, 5.99651288986, 6.3273100853, 6.65810728073, 6.98890352249, 7.31970071793, 7.65049743652, 7.98129463196, 8.31209182739, 8.64288806915, 8.97368431091, 9.30448150635, 9.63527870178, 9.96607589722]
    bpm_estimates: [90.3528900146, 90.2697296143, 90.2637557983, 90.5448379517, 90.3251419067, 90.3459091187, 90.3550186157, 90.3122940063]
    bpm_intervals: [0.664112627506, 0.664112567902, 0.664112567902, 0.66411280632, 0.664112567902, 0.66411280632, 0.664112567902, 0.664113044739, 0.622281074524, 0.330797195435, 0.330797195435, 0.33079624176, 0.330797195435, 0.330796718597, 0.330797195435, 0.330797195435, 0.33079624176, 0.33079624176, 0.330797195435, 0.330797195435, 0.330797195435]
    onset_times: [0.0348299331963, 0.208979591727, 0.348299324512, 0.661768734455, 0.847528338432, 1.06811785698, 1.20743763447, 1.39319729805, 1.54412698746, 1.79954648018, 2.06657600403, 2.22911572456, 2.28716564178, 2.51936507225, 2.71673464775, 2.86766433716, 3.04181408882, 3.21596360207, 3.34367346764, 3.55265307426, 3.64553284645, 3.80807256699, 3.87773251534, 4.02866220474, 4.12154197693, 4.43501138687, 4.71365070343, 4.8994102478, 5.01551008224, 5.27092981339, 5.35219955444, 5.61922883987, 5.73532867432, 5.93269824982, 6.18811798096, 6.39709758759, 6.65251684189, 6.73378705978, 6.94276666641, 7.1517457962, 7.54648542404, 7.6858048439, 7.79029464722, 7.87156438828, 8.03410434723, 8.15020370483, 8.37079334259, 8.54494285583, 8.67265319824, 8.80036258698, 8.88163280487, 9.11383247375, 9.2067117691, 9.45052146912, 9.55501174927, 9.78721046448, 9.8800907135]
    rubato_start: [6.3273100853]
    rubato_stop: [6.65810728073]
    perceptual_tempo: "unknown"

sfx:
    inharmonicity:
        dmean: 0.0655471310019
        dmean2: 0.118549928069
        dvar: 0.00492809107527
        dvar2: 0.0137044442818
        max: 0.413967460394
        mean: 0.0647215098143
        min: 0
        var: 0.00505297258496
    oddtoevenharmonicenergyratio:
        dmean: 5.69729995728
        dmean2: 10.7981128693
        dvar: 656.699951172
        dvar2: 1935.28564453
        max: 371.467376709
        mean: 3.72349953651
        min: 0
        var: 350.862426758
    pitch_after_max_to_before_max_energy_ratio: 0.995536148548
    pitch_centroid: 197.976409912
    pitch_max_to_total: 0.434482753277
    pitch_min_to_total: 0.979310333729
    tristimulus:
        dmean: [0.199516713619, 0.282514184713, 0.169161349535]
        dmean2: [0.351290166378, 0.496752738953, 0.30617415905]
        dvar: [0.0354860164225, 0.0571059286594, 0.0274322144687]
        dvar2: [0.103721298277, 0.162525162101, 0.0737802162766]
        max: [1, 0.988825201988, 0.714740276337]
        mean: [0.274449169636, 0.489864230156, 0.160766303539]
        min: [0.000342077109963, 0, 0]
        var: [0.048211529851, 0.0780739411712, 0.0292245764285]

tonal:
    chords_changes_rate: 0.100456617773
    chords_number_rate: 0.0273972600698
    chords_strength:
        dmean: 0.0132677415386
        dmean2: 0.0173749141395
        dvar: 0.000113200920168
        dvar2: 0.000204547162866
        max: 0.666075110435
        mean: 0.452548801899
        min: 0.302416920662
        var: 0.00986372213811
    key_strength: 0.43115323782
    tuning_diatonic_strength: 0.345899760723
    tuning_equal_tempered_deviation: 0.396783173084
    tuning_frequency: 453.154663086
    tuning_nontempered_energy_ratio: 0.973146498203
    hpcp:
        dmean: [0.158481568098, 0.155081361532, 0.176664084196, 0.247746035457, 0.272567212582, 0.273111969233, 0.257200717926, 0.285425156355, 0.272259265184, 0.232289865613, 0.207915320992, 0.186692267656, 0.205126538873, 0.228877291083, 0.18948674202, 0.109470702708, 0.0881231501698, 0.0788493528962, 0.107779592276, 0.16428476572, 0.159932821989, 0.123773254454, 0.160700023174, 0.163241997361, 0.138207301497, 0.13359862566, 0.136505007744, 0.128360807896, 0.138587862253, 0.12496972084, 0.136915117502, 0.177616730332, 0.157776162028, 0.154418319464, 0.239691242576, 0.227734088898]
        dmean2: [0.271100580692, 0.264001309872, 0.30695104599, 0.429370343685, 0.478017747402, 0.468181759119, 0.446360677481, 0.497553914785, 0.467636078596, 0.40444496274, 0.353108376265, 0.311469107866, 0.366797178984, 0.384651243687, 0.315223753452, 0.188076734543, 0.15059350431, 0.138641908765, 0.184398442507, 0.289652645588, 0.267007023096, 0.209952458739, 0.2666708529, 0.279799759388, 0.242175459862, 0.235324591398, 0.237053483725, 0.226619303226, 0.230265259743, 0.206225499511, 0.240589037538, 0.307911783457, 0.271965682507, 0.267637073994, 0.395086884499, 0.381974965334]
        dvar: [0.0381279923022, 0.0407230816782, 0.0456505380571, 0.0655577108264, 0.0714499801397, 0.0709155574441, 0.0636776760221, 0.0697457566857, 0.0690153837204, 0.0659036040306, 0.0672774836421, 0.053193770349, 0.0555024594069, 0.0533158406615, 0.0375292263925, 0.0207842253149, 0.0232071951032, 0.0154626201838, 0.0302857458591, 0.0420542955399, 0.0269391816109, 0.0239202640951, 0.0270187873393, 0.0318350791931, 0.0379525385797, 0.0333267562091, 0.0360119491816, 0.0348181575537, 0.0297248736024, 0.0298407655209, 0.0287930164486, 0.0453274697065, 0.0374161824584, 0.0284574814141, 0.0496431626379, 0.048663187772]
        dvar2: [0.0985188260674, 0.104978643358, 0.115369483829, 0.188728615642, 0.179589852691, 0.179612189531, 0.191352829337, 0.162394657731, 0.165156841278, 0.178767666221, 0.180084913969, 0.132009238005, 0.135849803686, 0.133819922805, 0.0972168445587, 0.057849496603, 0.0631374418736, 0.0434185676277, 0.0788626074791, 0.109353072941, 0.0711491927505, 0.0531290099025, 0.0666650831699, 0.0893076732755, 0.118735030293, 0.0950646623969, 0.0885640233755, 0.0983004942536, 0.0772434026003, 0.0758218094707, 0.0720008015633, 0.11463303864, 0.0991800874472, 0.071301408112, 0.129336878657, 0.122148618102]
        max: [1, 1, 1, 1, 1, 1, 1, 1, 1, 1, 1, 1, 1, 1, 1, 0.681808888912, 1, 0.724164783955, 1, 1, 1, 1, 1, 1, 1, 1, 1, 1, 1, 1, 1, 1, 1, 1, 1, 1]
        mean: [0.18178793788, 0.159842595458, 0.184517547488, 0.257983624935, 0.374519318342, 0.3607429564, 0.289590775967, 0.367463648319, 0.347684890032, 0.240267038345, 0.213966786861, 0.198476523161, 0.249212965369, 0.332722485065, 0.248692676425, 0.116806924343, 0.0846814289689, 0.0743800923228, 0.11221152544, 0.199790969491, 0.198210164905, 0.163240507245, 0.217939779162, 0.200826138258, 0.141962274909, 0.144447296858, 0.135158672929, 0.123735941947, 0.132924169302, 0.129835829139, 0.159452661872, 0.206879884005, 0.178309172392, 0.194621115923, 0.334718942642, 0.313478142023]
        min: [0.00587140116841, 0, 0, 0, 0, 0.00362556986511, 0.00771304965019, 0.00319528509863, 0.00252738688141, 0.00391232781112, 0, 0, 0.00245023169555, 0.00825457740575, 0.00475048925728, 0.000900916696992, 0, 0, 0, 0, 0.00222819321789, 0.00271863350645, 0.00446560420096, 0.0046090525575, 7.35463909223e-05, 0.000183764495887, 0, 0, 0, 0, 0, 0, 0, 0.00622449582443, 0.00671577686444, 0.00694549176842]
        var: [0.0466850586236, 0.049460336566, 0.0582159385085, 0.0810495764017, 0.121210858226, 0.107414141297, 0.0670840591192, 0.0931879431009, 0.0951789617538, 0.0700463503599, 0.0675252750516, 0.0638853907585, 0.0691985189915, 0.090385183692, 0.0587161146104, 0.0199916716665, 0.0186600256711, 0.0134349530563, 0.0339325964451, 0.0553290359676, 0.0447443835437, 0.0300422981381, 0.0406619571149, 0.0410074740648, 0.0341265611351, 0.0374709926546, 0.0392414107919, 0.0341981686652, 0.0325348265469, 0.0345880873501, 0.0386664643884, 0.0676616132259, 0.0445887595415, 0.0346126370132, 0.0863061249256, 0.0785875543952]
    chords_histogram: [4.10958909988, 0, 0, 8.67579936981, 21.0045661926, 0, 0, 0, 0, 1.82648396492, 0, 0, 0, 0, 0, 0, 0, 0, 0, 0, 0, 0, 42.0091323853, 22.3744297028]
    thpcp: [1, 0.963215887547, 0.773233234882, 0.981160759926, 0.928349673748, 0.64153444767, 0.571310400963, 0.529950022697, 0.66542083025, 0.888398706913, 0.664031624794, 0.311884909868, 0.226106971502, 0.198601484299, 0.299614787102, 0.533459722996, 0.529238820076, 0.435866713524, 0.581918656826, 0.536223709583, 0.379051953554, 0.385687172413, 0.360885709524, 0.330386012793, 0.354919403791, 0.346673250198, 0.425752848387, 0.552387773991, 0.476101398468, 0.519655764103, 0.893729448318, 0.837014615536, 0.485390007496, 0.426793992519, 0.492678314447, 0.688839316368]
    chords_key: "C#"
    chords_scale: "minor"
    key_key: "G#"
    key_scale: "minor"
    chords_progression: ["A#m", "G#m", "G#m", "G#m", "A#m", "A#m", "A#m", "A#m", "A#m", "A#m", "G#m", "G#m", "G#m", "G#m", "G#m", "G#m", "C#m", "C#m", "C#m", "C#m", "E", "E", "E", "E", "E", "C#m", "C#m", "C#m", "C#m", "C#m", "C#m", "C#m", "C#m", "C#m", "C#m", "C#m", "C#m", "C#m", "C#m", "C#m", "C#m", "C#m", "C#m", "C#m", "C#m", "C#m", "C#m", "C#m", "C#m", "C#m", "C#m", "C#m", "C#m", "C#m", "C#m", "C#m", "C#m", "E", "E", "E", "C#m", "C#m", "C#m", "C#m", "C#m", "A#m", "A#m", "A#m", "A#m", "E", "E", "E", "E", "E", "E", "E", "E", "E", "E", "E", "E", "E", "E", "E", "E", "E", "E", "E", "C#m", "C#m", "F#", "A#m", "A#m", "A#m", "A#m", "A#m", "A#m", "A#m", "F#", "F#", "F#", "F#", "F#", "F#", "F#", "F#", "F#", "F#", "F#", "F#", "F#", "A#m", "A#m", "A#m", "A#m", "A#m", "A#m", "A#m", "A#m", "A#m", "A#m", "A#m", "A#m", "A#m", "A#m", "A#m", "A#m", "A#m", "A#m", "A#m", "A#m", "A#m", "F#", "F#", "F#", "F#", "F#", "D#", "D#", "D#", "D#", "A#m", "A#m", "A#m", "A#m", "A#m", "A#m", "A#m", "E", "E", "E", "E", "E", "E", "E", "E", "E", "E", "E", "E", "E", "E", "E", "E", "E", "E", "C#m", "E", "E", "E", "E", "C#m", "C#m", "C#m", "C#m", "C#m", "C#m", "C#m", "C#m", "C#m", "C#m", "C#m", "C#m", "C#m", "C#m", "C#m", "C#m", "C#m", "C#m", "C#m", "C#m", "C#m", "C#m", "C#m", "C#m", "C#m", "C#m", "C#m", "C#m", "C#m", "C#m", "C#m", "C#m", "C#m", "C#m", "C#m", "C#m", "C#m", "C#m", "C#m", "C#m", "C#m", "C#m", "C#m", "C#m", "C#m", "C#m", "C#m", "C#m"]
