
metadata:
    version:
        essentia: "1.2.2"
    audio_properties:
        analysis_sample_rate: 44100
        bitrate: 128
        channels: 2
        equal_loudness: 1
        length: 10.0310201645
        replay_gain: -13.2860469818
        downmix: "mix"
    tags:
        track: 16
        year: 0
        album: "Splitted by Mp3Splt v. 2.1"
        artist: "From 002.30 To 002.40"
        comment: "http://mp3splt.sf.net"
        genre: ""
        title: "02 Set Up.mp3"

highlevel:
    ballroom:
        all:
            ChaChaCha: 0.191394239664
            Jive: 0.304961770773
            Quickstep: 0.00785107724369
            Rumba-American: 0.000285834335955
            Rumba-International: 0.000505418225657
            Rumba-Misc: 0.000169174803887
            Samba: 0.494111478329
            Tango: 0.000174374305061
            VienneseWaltz: 0.000369186454918
            Waltz: 0.000177426903974
        probability: 0.494111478329
        value: "Samba"
    culture:
        all:
            non_western: 0.150835067034
            western: 0.849164903164
        probability: 0.849164903164
        value: "western"
    gender:
        all:
            female: 0.429745227098
            male: 0.570254743099
        probability: 0.570254743099
        value: "male"
    genre_dortmund:
        all:
            alternative: 0.0149854999036
            blues: 0.0385242141783
            electronic: 0.281781286001
            folkcountry: 0.00824429187924
            funksoulrnb: 0.0279739331454
            jazz: 0.232589408755
            pop: 0.0253738760948
            raphiphop: 0.142925620079
            rock: 0.227601855993
        probability: 0.281781286001
        value: "electronic"
    genre_electronica:
        all:
            ambient: 0.0102848820388
            dnb: 0.879875659943
            house: 0.0122970985249
            techno: 0.0842093899846
            trance: 0.0133329527453
        probability: 0.879875659943
        value: "dnb"
    genre_rosamerica:
        all:
            cla: 0.00810970645398
            dan: 0.102389775217
            hip: 0.638984620571
            jaz: 0.00809889566153
            pop: 0.0236268825829
            rhy: 0.0166811235249
            roc: 0.197919622064
            spe: 0.00418936787173
        probability: 0.638984620571
        value: "hip"
    genre_tzanetakis:
        all:
            blu: 0.00180581130553
            cla: 0.00171621562913
            cou: 0.00465413974598
            dis: 0.153520554304
            hip: 0.601317107677
            jaz: 0.0187765695155
            met: 0.0808741599321
            pop: 0.0771075040102
            reg: 0.0315952301025
            roc: 0.0286327004433
        probability: 0.601317107677
        value: "hip"
    live_studio:
        all:
            live: 0.0105267986655
            studio: 0.989473223686
        probability: 0.989473223686
        value: "studio"
    mood:
        all:
            Cluster1: 0.199856951833
            Cluster2: 0.146374434233
            Cluster3: 0.0251450203359
            Cluster4: 0.0442836731672
            Cluster5: 0.584339916706
        probability: 0.584339916706
        value: "Cluster5"
    mood_acoustic:
        all:
            acoustic: 0.00838347617537
            not_acoustic: 0.991616547108
        probability: 0.991616547108
        value: "not_acoustic"
    mood_aggressive:
        all:
            aggressive: 0.986664950848
            not_aggressive: 0.0133350202814
        probability: 0.986664950848
        value: "aggressive"
    mood_electronic:
        all:
            electronic: 0.97942584753
            not_electronic: 0.0205741561949
        probability: 0.97942584753
        value: "electronic"
    mood_happy:
        all:
            happy: 0.147670730948
            not_happy: 0.85232925415
        probability: 0.85232925415
        value: "not_happy"
    mood_party:
        all:
            not_party: 0.187113195658
            party: 0.81288677454
        probability: 0.81288677454
        value: "party"
    mood_relaxed:
        all:
            not_relaxed: 0.630255937576
            relaxed: 0.369744092226
        probability: 0.630255937576
        value: "not_relaxed"
    mood_sad:
        all:
            not_sad: 0.971523821354
            sad: 0.0284761507064
        probability: 0.971523821354
        value: "not_sad"
    rhythm:
        all:
            fast: 0.986879706383
            medium: 0.00928993988782
            slow: 0.00383037165739
        probability: 0.986879706383
        value: "fast"
    speech_music:
        all:
            music: 0.993944823742
            speech: 0.00605516554788
        probability: 0.993944823742
        value: "music"
    timbre:
        all:
            bright: 0.131958216429
            dark: 0.868041753769
        probability: 0.868041753769
        value: "dark"
    voice_instrumental:
        all:
            instrumental: 0.313715487719
            voice: 0.686284542084
        probability: 0.686284542084
        value: "voice"

lowlevel:
    average_loudness: 0.958063542843
    barkbands_kurtosis:
        dmean: 1.27499961853
        dmean2: 2.17319154739
        dvar: 3.48875951767
        dvar2: 9.17960453033
        max: 14.8846092224
        mean: -0.505086541176
        min: -1.8763153553
        var: 3.18886232376
    barkbands_skewness:
        dmean: 0.677299559116
        dmean2: 1.0301656723
        dvar: 0.344575017691
        dvar2: 0.733156502247
        max: 3.72770953178
        mean: 0.440840512514
        min: -2.2381606102
        var: 0.799928247929
    barkbands_spread:
        dmean: 10.0921888351
        dmean2: 15.9604787827
        dvar: 69.2657394409
        dvar2: 180.215621948
        max: 73.9754714966
        mean: 42.4074630737
        min: 10.2691545486
        var: 131.249084473
    dissonance:
        dmean: 0.0175820440054
        dmean2: 0.0282684992999
        dvar: 0.000255027407547
        dvar2: 0.000653068243992
        max: 0.49902716279
        mean: 0.472332060337
        min: 0.396127402782
        var: 0.000414444599301
    hfc:
        dmean: 4.14884710312
        dmean2: 5.96404647827
        dvar: 25.7756462097
        dvar2: 55.8129692078
        max: 32.7930145264
        mean: 5.60915660858
        min: 0.295034378767
        var: 37.2827568054
    pitch:
        dmean: 1317.09191895
        dmean2: 2502.42358398
        dvar: 2520274
        dvar2: 5053171.5
        max: 4900
        mean: 2261.01953125
        min: 73.2558135986
        var: 2989274.75
    pitch_instantaneous_confidence:
        dmean: 0.107460260391
        dmean2: 0.177170038223
        dvar: 0.00712276762351
        dvar2: 0.0189530942589
        max: 0.723722696304
        mean: 0.369811505079
        min: 0.127771437168
        var: 0.0140552464873
    pitch_salience:
        dmean: 0.0856182649732
        dmean2: 0.135368064046
        dvar: 0.0056312745437
        dvar2: 0.0147020705044
        max: 0.877499043941
        mean: 0.635654509068
        min: 0.289167582989
        var: 0.0122248753905
    silence_rate_20dB:
        dmean: 0
        dmean2: 0
        dvar: 0
        dvar2: 0
        max: 1
        mean: 1
        min: 1
        var: 0
    silence_rate_30dB:
        dmean: 0
        dmean2: 0
        dvar: 0
        dvar2: 0
        max: 1
        mean: 1
        min: 1
        var: 0
    silence_rate_60dB:
        dmean: 0.220417633653
        dmean2: 0.441860467196
        dvar: 0.171833857894
        dvar2: 0.302435308695
        max: 1
        mean: 0.578703701496
        min: 0
        var: 0.243805482984
    spectral_centroid:
        dmean: 497.62991333
        dmean2: 745.784301758
        dvar: 167227.46875
        dvar2: 340487.46875
        max: 3858.06787109
        mean: 1526.65649414
        min: 228.606628418
        var: 439197.78125
    spectral_complexity:
        dmean: 6.47319364548
        dmean2: 9.45794391632
        dvar: 55.0464515686
        dvar2: 106.626670837
        max: 50
        mean: 11.3372097015
        min: 0
        var: 97.814201355
    spectral_crest:
        dmean: 2.60042619705
        dmean2: 4.35761737823
        dvar: 5.40156316757
        dvar2: 14.6906700134
        max: 17.8385543823
        mean: 7.34161520004
        min: 2.88410711288
        var: 7.57986688614
    spectral_decrease:
        dmean: 5.07971553709e-10
        dmean2: 7.67959251746e-10
        dvar: 4.4623033626e-19
        dvar2: 1.10601182331e-18
        max: -2.31584126875e-11
        mean: -7.88149046027e-10
        min: -4.32822888641e-09
        var: 5.30994842351e-19
    spectral_energy:
        dmean: 0.002272115089
        dmean2: 0.00339947524481
        dvar: 8.40656502987e-06
        dvar2: 2.03735380637e-05
        max: 0.0178150236607
        mean: 0.00348342140205
        min: 0.000114165632112
        var: 1.0393336197e-05
    spectral_energyband_high:
        dmean: 0.00033141480526
        dmean2: 0.000504960189573
        dvar: 2.00901936864e-07
        dvar2: 4.70871071911e-07
        max: 0.00313060497865
        mean: 0.000385653198464
        min: 7.69680809753e-06
        var: 2.26246669399e-07
    spectral_energyband_low:
        dmean: 0.000372760405298
        dmean2: 0.000658690114506
        dvar: 3.8210191633e-07
        dvar2: 1.06939467059e-06
        max: 0.00481470581144
        mean: 0.000611911178567
        min: 1.00914212453e-06
        var: 3.47636358811e-07
    spectral_energyband_middle_high:
        dmean: 0.000966752239037
        dmean2: 0.00141940731555
        dvar: 1.49929689996e-06
        dvar2: 3.17019453178e-06
        max: 0.00879857689142
        mean: 0.0012697565835
        min: 3.82839389204e-05
        var: 2.23973120228e-06
    spectral_energyband_middle_low:
        dmean: 0.000914920470677
        dmean2: 0.00149223126937
        dvar: 2.39354517362e-06
        dvar2: 6.29774285699e-06
        max: 0.011797606945
        mean: 0.00121607945766
        min: 1.22696437757e-05
        var: 2.3581305868e-06
    spectral_flatness_db:
        dmean: 0.0202499385923
        dmean2: 0.0315266810358
        dvar: 0.000342841929523
        dvar2: 0.000874100718647
        max: 0.251042634249
        mean: 0.152080193162
        min: 0.0970515012741
        var: 0.000584769644774
    spectral_flux:
        dmean: 0.0159355737269
        dmean2: 0.0236790403724
        dvar: 0.000284689333057
        dvar2: 0.00064728903817
        max: 0.122670389712
        mean: 0.0376402549446
        min: 0.00710181100294
        var: 0.00045141694136
    spectral_kurtosis:
        dmean: 1.06389331818
        dmean2: 1.7899864912
        dvar: 1.08761668205
        dvar2: 2.82543826103
        max: 12.5297727585
        mean: 2.20889782906
        min: 0.123678445816
        var: 1.7835944891
    spectral_rms:
        dmean: 0.000551382370759
        dmean2: 0.000769236474298
        dvar: 3.25379829746e-07
        dvar2: 7.42157681088e-07
        max: 0.00416899379343
        mean: 0.00167859625071
        min: 0.000333738076733
        var: 5.80775463277e-07
    spectral_rolloff:
        dmean: 858.767822266
        dmean2: 1413.8963623
        dvar: 864719.8125
        dvar2: 1783026.875
        max: 5577.09960938
        mean: 3284.06396484
        min: 193.798828125
        var: 1342973.5
    spectral_skewness:
        dmean: 0.235867440701
        dmean2: 0.380358070135
        dvar: 0.0417276918888
        dvar2: 0.0991577059031
        max: 3.01508593559
        mean: 1.02275574207
        min: 0.285000473261
        var: 0.0823858901858
    spectral_spread:
        dmean: 552438.5
        dmean2: 820235.8125
        dvar: 241988812800
        dvar2: 481467301888
        max: 8826517
        mean: 4851558
        min: 2994957.75
        var: 773901385728
    spectral_strongpeak:
        dmean: 0.235827729106
        dmean2: 0.437499523163
        dvar: 0.272782802582
        dvar2: 0.744047641754
        max: 2.99128556252
        mean: 0.241388052702
        min: 0.0177661366761
        var: 0.223150417209
    zerocrossingrate:
        dmean: 0.016862206161
        dmean2: 0.0200799964368
        dvar: 0.000160646741278
        dvar2: 0.000226966920309
        max: 0.17626953125
        mean: 0.0922397375107
        min: 0.03125
        var: 0.000712061126251
    barkbands:
        dmean: [3.25001821011e-07, 0.00014634746185, 0.000279434141703, 0.00030467324541, 0.00036380981328, 0.000130640473799, 0.000107970641693, 9.26067950786e-05, 6.15002063569e-05, 0.000120974371384, 3.60890262527e-05, 3.97094045184e-05, 4.574023842e-05, 5.34653954674e-05, 8.41935689095e-05, 7.08872175892e-05, 0.000107691324956, 0.000168575701537, 0.000280055915937, 0.000229294077144, 0.000148019273183, 5.32836493221e-05, 1.04719010778e-05, 1.48480603457e-06, 5.62341824661e-07, 1.45994061285e-08, 1.08984987701e-09]
        dmean2: [5.43565647604e-07, 0.000250487966696, 0.000513489125296, 0.000529632030521, 0.000627343601082, 0.000219756882871, 0.000182008050615, 0.000146698919707, 0.000101322380942, 0.000216503787669, 6.05704226473e-05, 6.53133029118e-05, 7.41594121791e-05, 8.0945676018e-05, 0.000134427653393, 0.000108499021735, 0.000168139362358, 0.000262326124357, 0.0004194152134, 0.000346536020515, 0.000223320777877, 8.46222319524e-05, 1.6653779312e-05, 2.19051185013e-06, 8.3976942733e-07, 2.1192843036e-08, 1.23864118962e-09]
        dvar: [9.63523314954e-13, 4.85027378261e-08, 3.19540248483e-07, 3.73215414129e-07, 5.26469989381e-07, 5.79356509434e-08, 3.28134035499e-08, 1.89771736103e-08, 9.66741708908e-09, 5.67583668953e-08, 3.6168177342e-09, 3.67960373282e-09, 6.13162987051e-09, 1.09416440353e-08, 2.36600961045e-08, 1.16980629628e-08, 2.93409918584e-08, 8.38357792077e-08, 1.16395106886e-07, 8.05445452556e-08, 4.6835605616e-08, 4.56720394837e-09, 3.0111643734e-10, 3.45343783952e-12, 4.8002633769e-13, 5.69070562344e-16, 3.59593120559e-16]
        dvar2: [1.45461908577e-12, 1.36446857368e-07, 9.2413006314e-07, 9.54095867201e-07, 1.4255217593e-06, 1.57338135409e-07, 7.78826674264e-08, 4.38172413908e-08, 2.60662478269e-08, 1.54851591105e-07, 8.79940831311e-09, 9.39407307499e-09, 1.24873764662e-08, 1.94660731978e-08, 4.77282071643e-08, 2.44516691339e-08, 6.64565291686e-08, 1.88824117231e-07, 2.53202898648e-07, 1.86795588775e-07, 1.10258298491e-07, 1.08452491432e-08, 7.5344697148e-10, 7.22997616637e-12, 1.07730556247e-12, 8.84825333899e-16, 3.60795695586e-16]
        max: [1.69736886164e-05, 0.00173384463415, 0.00418756948784, 0.00405569467694, 0.00582794472575, 0.0025744761806, 0.00182975141797, 0.00111990899313, 0.000878202496096, 0.00141366291791, 0.000371661182726, 0.000382276048185, 0.000621749204583, 0.00130935641937, 0.0013598940568, 0.00114815402776, 0.00159234320745, 0.0026457067579, 0.00249881483614, 0.00217575277202, 0.00139921891969, 0.000390437140595, 9.81095508905e-05, 9.89036561805e-06, 4.85668488182e-06, 3.91581323811e-07, 3.93398693177e-07]
        mean: [4.333523691e-07, 0.000293783086818, 0.000317719357554, 0.000305771507556, 0.00037356550456, 0.00018693615857, 0.000153162676725, 0.000109013039037, 7.35097419238e-05, 9.91181004792e-05, 3.7834244722e-05, 3.93382033508e-05, 5.07202967128e-05, 6.18003905402e-05, 8.62467277329e-05, 8.13802835182e-05, 0.000115671689855, 0.000201222064788, 0.000399891432608, 0.0002484768047, 0.000172338754055, 6.29830174148e-05, 1.00345505416e-05, 1.82911310276e-06, 6.26527139502e-07, 1.71688370187e-08, 1.05966913022e-09]
        min: [4.15196661774e-11, 2.06917381007e-08, 4.74810889273e-07, 3.86087917192e-09, 2.27537100272e-07, 2.00700924324e-07, 2.61990112449e-06, 1.0673797135e-07, 1.03454183886e-07, 4.22650686005e-07, 3.57536947604e-07, 8.41255598516e-08, 4.90390675623e-07, 2.46394620262e-07, 3.99630607717e-07, 4.19746271518e-07, 1.09686266114e-06, 1.47372600168e-06, 8.71246720635e-06, 2.33014429796e-06, 4.58623799204e-06, 1.12882514713e-06, 1.29075516497e-07, 4.44293846158e-08, 1.40381795077e-08, 3.72089276057e-10, 1.36252415465e-14]
        var: [1.30379528788e-12, 6.40728785584e-08, 2.62651298044e-07, 3.50637321844e-07, 3.96700869487e-07, 7.30830933549e-08, 4.53189024086e-08, 2.89416455246e-08, 1.20358389921e-08, 3.9724575629e-08, 3.66068308999e-09, 3.4853893105e-09, 7.51456230574e-09, 1.66247069444e-08, 2.90036545891e-08, 1.54885508863e-08, 3.17765298519e-08, 1.0363963554e-07, 2.18139007302e-07, 1.01351190551e-07, 5.19801766075e-08, 5.19886311778e-09, 2.68498612233e-10, 4.57355767841e-12, 5.77975547197e-13, 7.02358343435e-16, 3.58859298859e-16]
    mfcc:
        mean: [-732.966125488, 103.8383255, -30.4304389954, 72.4826812744, -18.5074462891, 6.71905422211, 0.345626980066, -1.46127414703, -0.359916388988, -1.11312925816, 1.9244273901, -2.59549665451, -0.949040710926]
        cov: [[3487.10107422, -73.2753448486, -483.063446045, -159.866867065, -53.591583252, -204.765029907, -109.713943481, -40.010761261, -108.366943359, 18.5016613007, -131.344467163, -183.628799438, -111.342727661], [-73.2753448486, 657.078308105, -15.7723264694, 25.3069972992, 8.04260349274, -94.7113113403, 25.1419677734, 13.9128837585, -10.8147592545, 22.9982089996, -7.16087722778, -1.51161313057, 8.26021194458], [-483.063446045, -15.7723264694, 453.786193848, 117.99571991, -0.64887881279, 67.5108108521, 57.3672103882, 82.0995941162, 52.7848243713, 5.56716775894, 1.31362652779, 31.7878437042, 28.2061824799], [-159.866867065, 25.3069972992, 117.99571991, 224.259155273, 90.6952667236, 5.98676681519, 42.3038368225, 25.4692344666, 14.680519104, -5.4153342247, -6.54947471619, 5.37858963013, 5.4227232933], [-53.591583252, 8.04260349274, -0.64887881279, 90.6952667236, 196.712921143, 115.040344238, 33.0555992126, -22.5310077667, 21.50349617, 22.6512832642, 1.31638264656, 5.23153543472, 1.77095425129], [-204.765029907, -94.7113113403, 67.5108108521, 5.98676681519, 115.040344238, 203.517471313, 40.4732475281, -10.7779979706, 38.5906600952, 22.916217804, 21.2448730469, 22.5015773773, 5.43047809601], [-109.713943481, 25.1419677734, 57.3672103882, 42.3038368225, 33.0555992126, 40.4732475281, 76.5742950439, 40.605266571, 20.8023300171, 0.677012860775, -4.54488515854, 23.3303451538, 9.99390697479], [-40.010761261, 13.9128837585, 82.0995941162, 25.4692344666, -22.5310077667, -10.7779979706, 40.605266571, 82.7216262817, 30.9986610413, -9.06717777252, -15.6511039734, 12.4877071381, 14.0971431732], [-108.366943359, -10.8147592545, 52.7848243713, 14.680519104, 21.50349617, 38.5906600952, 20.8023300171, 30.9986610413, 66.0378036499, 23.5723667145, 0.352791070938, 21.746591568, 14.7106542587], [18.5016613007, 22.9982089996, 5.56716775894, -5.4153342247, 22.6512832642, 22.916217804, 0.677012860775, -9.06717777252, 23.5723667145, 47.3951759338, 17.2811031342, 9.02882671356, 5.16498041153], [-131.344467163, -7.16087722778, 1.31362652779, -6.54947471619, 1.31638264656, 21.2448730469, -4.54488515854, -15.6511039734, 0.352791070938, 17.2811031342, 47.0044021606, 19.454914093, 3.65280461311], [-183.628799438, -1.51161313057, 31.7878437042, 5.37858963013, 5.23153543472, 22.5015773773, 23.3303451538, 12.4877071381, 21.746591568, 9.02882671356, 19.454914093, 62.9663772583, 31.217206955], [-111.342727661, 8.26021194458, 28.2061824799, 5.4227232933, 1.77095425129, 5.43047809601, 9.99390697479, 14.0971431732, 14.7106542587, 5.16498041153, 3.65280461311, 31.217206955, 44.159034729]]
        icov: [[0.000505177828018, 0.000185575059731, 0.000443134864327, 8.77554048202e-05, -0.00010638123058, 0.000157596499776, 0.000350904534571, -0.000914865348022, 0.00113843218423, -0.00180328649003, 0.00157284352463, 0.000325282569975, 0.000614365271758], [0.000185575059731, 0.00196903641336, -3.01750405924e-05, 0.000476918648928, -0.00104432122316, 0.0019103087252, -0.00136557151563, -0.000285704969428, 0.000987111940049, -0.00214626407251, 0.000436407834059, 0.000439607218141, -0.000157154689077], [0.000443134864327, -3.01750405924e-05, 0.004317662213, -0.00289878528565, 0.00280170165934, -0.00306362262927, 0.00125809002202, -0.00380339170806, 0.00126746110618, -0.0029060614761, 0.00192378170323, 8.64168177941e-05, -0.000387637672247], [8.77554048202e-05, 0.000476918648928, -0.00289878528565, 0.00954490434378, -0.00750580010936, 0.00601526210085, -0.00360130961053, 0.000575170735829, -0.00153947458602, 0.00349094765261, -0.00277338596061, 0.00128455855884, 0.000430073909229], [-0.00010638123058, -0.00104432122316, 0.00280170165934, -0.00750580010936, 0.015166525729, -0.00958194583654, -0.00075275474228, 0.00356719805859, -4.85770669911e-06, -0.00427662907168, 0.00492292037234, 0.000520057801623, -0.00161208142526], [0.000157596499776, 0.0019103087252, -0.00306362262927, 0.00601526210085, -0.00958194583654, 0.0150657845661, -0.00723228184506, 0.00485003972426, -0.00571530777961, 0.00292506348342, -0.00572833186015, 0.00160705600865, 0.00077782938024], [0.000350904534571, -0.00136557151563, 0.00125809002202, -0.00360130961053, -0.00075275474228, -0.00723228184506, 0.0288696866482, -0.0161589290947, 0.00674024969339, -0.00390458386391, 0.00629460532218, -0.010638887994, 0.00553481699899], [-0.000914865348022, -0.000285704969428, -0.00380339170806, 0.000575170735829, 0.00356719805859, 0.00485003972426, -0.0161589290947, 0.0329322144389, -0.0174461659044, 0.0123834982514, -0.000969853426795, 0.00412950990722, -0.00596578326076], [0.00113843218423, 0.000987111940049, 0.00126746110618, -0.00153947458602, -4.85770669911e-06, -0.00571530777961, 0.00674024969339, -0.0174461659044, 0.0362295024097, -0.0229533817619, 0.0118722515181, -0.00813922472298, 0.00219969381578], [-0.00180328649003, -0.00214626407251, -0.0029060614761, 0.00349094765261, -0.00427662907168, 0.00292506348342, -0.00390458386391, 0.0123834982514, -0.0229533817619, 0.0450904294848, -0.0200442895293, 0.00427776342258, -0.00496909255162], [0.00157284352463, 0.000436407834059, 0.00192378170323, -0.00277338596061, 0.00492292037234, -0.00572833186015, 0.00629460532218, -0.000969853426795, 0.0118722515181, -0.0200442895293, 0.0405515283346, -0.0140359615907, 0.00734542543069], [0.000325282569975, 0.000439607218141, 8.64168177941e-05, 0.00128455855884, 0.000520057801623, 0.00160705600865, -0.010638887994, 0.00412950990722, -0.00813922472298, 0.00427776342258, -0.0140359615907, 0.0359698310494, -0.0206599459052], [0.000614365271758, -0.000157154689077, -0.000387637672247, 0.000430073909229, -0.00161208142526, 0.00077782938024, 0.00553481699899, -0.00596578326076, 0.00219969381578, -0.00496909255162, 0.00734542543069, -0.0206599459052, 0.0388854183257]]
    spectral_contrast:
        mean: [6.33299350739e-08, 2.71571508392e-07, -1.14089182546e-07, 2.30562974934e-07, 1.67499450754e-07, 3.47959428382e-07, -1.18031061902e-06, 3.20132386378e-07, 1.03885349745e-06, -1.84857572094e-06, 1.43078875681e-06, 9.76684532361e-07]
        var: [0.000444806151791, 0.000814728613477, 0.00112559169065, 0.00209853868, 0.00292305531912, 0.00448658224195, 0.0615397691727, 0.117175079882, 0.146535977721, 0.310525298119, 0.546523749828, 2.91813659668]

rhythm:
    beats_loudness:
        dmean: 0.00268011237495
        dmean2: 0.00470689451322
        dvar: 3.6527494558e-06
        dvar2: 6.84410679241e-06
        max: 0.00995156727731
        mean: 0.00514299841598
        min: 0.000578212784603
        var: 7.27475708118e-06
    beats_loudness_bass:
        dmean: 0.230661645532
        dmean2: 0.444013834
        dvar: 0.0202802345157
        dvar2: 0.0501118227839
        max: 0.699327945709
        mean: 0.274225771427
        min: 0.0167334657162
        var: 0.0371964238584
    bpm: 130.830429077
    bpm_confidence: 0
    first_peak_bpm: 131
    first_peak_spread: 0
    first_peak_weight: 0.952380955219
    onset_rate: 7.47680616379
    second_peak_bpm: 157
    second_peak_spread: 0
    second_peak_weight: 0.047619048506
    beats_position: [0.302289068699, 0.760799944401, 1.2193107605, 1.6778216362, 2.1363325119, 2.5948433876, 3.05335426331, 3.51186490059, 3.97037577629, 4.42888689041, 4.88739728928, 5.34590816498, 5.80441904068, 6.18556880951, 6.6442861557, 7.10300445557, 7.56172180176, 8.02044010162, 8.47915744781, 8.93787574768, 9.39659309387, 9.85531044006]
    bpm_estimates: [130.889953613, 130.841506958, 130.921127319, 130.833129883, 130.621658325, 130.703903198, 130.837020874, 130.822296143, 130.968597412, 130.901229858, 131.103378296, 131.029541016, 130.735427856, 130.98298645, 130.705749512, 130.617523193, 130.773269653, 130.687042236, 130.680282593, 130.891921997, 130.891555786]
    bpm_intervals: [0.458510875702, 0.458510816097, 0.458510875702, 0.458510875702, 0.458510875702, 0.458510875702, 0.458510637283, 0.458510875702, 0.45851111412, 0.458510398865, 0.458510875702, 0.458510875702, 0.381149768829, 0.458717346191, 0.458718299866, 0.458717346191, 0.458718299866, 0.458717346191, 0.458718299866, 0.458717346191, 0.458717346191]
    onset_times: [0.0696598663926, 0.174149662256, 0.301859408617, 0.429569154978, 0.557278931141, 0.638548731804, 0.754648506641, 0.986848056316, 1.1261677742, 1.2190476656, 1.35836732388, 1.46285712719, 1.67183673382, 1.92725622654, 2.02013611794, 2.14784574509, 2.27555561066, 2.38004541397, 2.49614500999, 2.60063481331, 2.72834467888, 2.83283448219, 2.97215414047, 3.06503391266, 3.32045340538, 3.41333341599, 3.52943301201, 3.75002264977, 3.87773251534, 4.12154197693, 4.21442174911, 4.35374164581, 4.45823144913, 4.57433128357, 4.69043064117, 4.79492044449, 4.91102027893, 5.05034017563, 5.15482997894, 5.29414987564, 5.3754196167, 5.60761928558, 5.71210861206, 5.83981847763, 5.95591831207, 6.07201814651, 6.17650794983, 6.3042178154, 6.43192720413, 6.52480745316, 6.65251684189, 6.7570066452, 6.90793657303, 7.00081634521, 7.20979595184, 7.47682523727, 7.55809545517, 7.6858048439, 7.81351470947, 7.91800451279, 8.0224943161, 8.15020370483, 8.37079334259, 8.51011371613, 8.60299301147, 8.75392246246, 8.84680271149, 9.05578231812, 9.29959201813, 9.41569137573, 9.53179168701, 9.65950107574, 9.7639913559, 9.8800907135, 9.98458003998]
    rubato_start: []
    rubato_stop: []
    perceptual_tempo: "unknown"

sfx:
    inharmonicity:
        dmean: 0.05391401425
        dmean2: 0.0952717512846
        dvar: 0.00297436048277
        dvar2: 0.0081674605608
        max: 0.408359766006
        mean: 0.0578609071672
        min: 0
        var: 0.00341088068672
    oddtoevenharmonicenergyratio:
        dmean: 2.85187864304
        dmean2: 5.38236665726
        dvar: 104.682281494
        dvar2: 304.691833496
        max: 115.838897705
        mean: 1.86488842964
        min: 0
        var: 59.3563957214
    pitch_after_max_to_before_max_energy_ratio: 7.11685228348
    pitch_centroid: 215.007705688
    pitch_max_to_total: 0.134883716702
    pitch_min_to_total: 0.102325581014
    tristimulus:
        dmean: [0.239655256271, 0.296690493822, 0.156436935067]
        dmean2: [0.411600738764, 0.506482243538, 0.278316020966]
        dvar: [0.041141781956, 0.0526547469199, 0.0219688955694]
        dvar2: [0.106078796089, 0.150464087725, 0.0550574958324]
        max: [1, 0.975531220436, 0.741805553436]
        mean: [0.366387754679, 0.402270376682, 0.138256937265]
        min: [0.0118663161993, 0, 0]
        var: [0.0605754330754, 0.0757260397077, 0.0259092915803]

tonal:
    chords_changes_rate: 0.106481485069
    chords_number_rate: 0.0277777779847
    chords_strength:
        dmean: 0.0115630794317
        dmean2: 0.0126151014119
        dvar: 7.09771557013e-05
        dvar2: 9.20123202377e-05
        max: 0.549037873745
        mean: 0.393449246883
        min: 0.285771638155
        var: 0.00392140960321
    key_strength: 0.601878523827
    tuning_diatonic_strength: 0.400251805782
    tuning_equal_tempered_deviation: 0.201929777861
    tuning_frequency: 433.942382812
    tuning_nontempered_energy_ratio: 0.915398359299
    hpcp:
        dmean: [0.194374755025, 0.211940035224, 0.172770023346, 0.129525393248, 0.106858246028, 0.111557550728, 0.150724679232, 0.152744144201, 0.163507968187, 0.20329643786, 0.23016089201, 0.222167328, 0.193950712681, 0.195392727852, 0.209275841713, 0.212452799082, 0.242466405034, 0.185144260526, 0.169674649835, 0.139466047287, 0.141235306859, 0.185931324959, 0.211649298668, 0.210042372346, 0.210379436612, 0.177829116583, 0.166031375527, 0.196641564369, 0.169001683593, 0.175046443939, 0.205413788557, 0.183864817023, 0.154482617974, 0.184293016791, 0.194794148207, 0.177558064461]
        dmean2: [0.338490873575, 0.355263590813, 0.299782305956, 0.227603882551, 0.188136145473, 0.191294804215, 0.256877154112, 0.248774066567, 0.274741500616, 0.345347821712, 0.399143010378, 0.396151930094, 0.351747900248, 0.351143747568, 0.371365576982, 0.366184830666, 0.42538908124, 0.310797691345, 0.309196263552, 0.254086256027, 0.248249575496, 0.302525818348, 0.355592399836, 0.376023441553, 0.365433961153, 0.306407004595, 0.298641979694, 0.356509000063, 0.305110007524, 0.31935569644, 0.347918689251, 0.293977379799, 0.266755312681, 0.327924996614, 0.351426273584, 0.32170638442]
        dvar: [0.0379263944924, 0.0405927672982, 0.0325506590307, 0.0221553519368, 0.0178123489022, 0.0145738814026, 0.0336093008518, 0.0261685308069, 0.0284134894609, 0.0548515096307, 0.0484934709966, 0.0508125051856, 0.050182081759, 0.0449705868959, 0.0497008338571, 0.048571292311, 0.0692208781838, 0.0425310134888, 0.0474429279566, 0.0428965762258, 0.0491182543337, 0.0446239709854, 0.060900695622, 0.0603974349797, 0.0696196556091, 0.0479494817555, 0.0485375188291, 0.070707641542, 0.0417788811028, 0.0442591831088, 0.0444291047752, 0.039657920599, 0.0270560663193, 0.0343591012061, 0.0483273565769, 0.0416103601456]
        dvar2: [0.102241545916, 0.103296153247, 0.0929754525423, 0.06227279827, 0.0496308207512, 0.0402231402695, 0.0845758914948, 0.0588726848364, 0.0759714990854, 0.116256423295, 0.106805332005, 0.149057373405, 0.148890480399, 0.128582283854, 0.137576848269, 0.133822008967, 0.175739824772, 0.097876213491, 0.13703738153, 0.122927941382, 0.128645792603, 0.106609709561, 0.131597489119, 0.14529453218, 0.182050049305, 0.108189187944, 0.115661665797, 0.206180050969, 0.121934406459, 0.121373571455, 0.115549050272, 0.0892458558083, 0.0748972296715, 0.097988769412, 0.131947472692, 0.114885158837]
        max: [1, 1, 1, 0.845624387264, 0.984823584557, 0.681550204754, 1, 1, 1, 1, 1, 1, 1, 1, 1, 1, 1, 1, 1, 1, 1, 1, 1, 1, 1, 1, 1, 1, 1, 1, 1, 1, 1, 0.895312130451, 1, 0.904938995838]
        mean: [0.302977979183, 0.339259177446, 0.216006949544, 0.129930734634, 0.107128575444, 0.118392623961, 0.201138481498, 0.219771280885, 0.193636253476, 0.269045233727, 0.291003406048, 0.224236756563, 0.205244600773, 0.21245880425, 0.214326635003, 0.284209907055, 0.329226881266, 0.249822810292, 0.160005584359, 0.117569059134, 0.121729202569, 0.22401972115, 0.313032031059, 0.259648710489, 0.210154369473, 0.181998237967, 0.158110126853, 0.172896385193, 0.165393829346, 0.191746726632, 0.281709432602, 0.271156698465, 0.204496741295, 0.250806391239, 0.25240328908, 0.210755139589]
        min: [0.00749778188765, 0.0114648761228, 0.00923338904977, 0.00199321354739, 0.000704159610905, 0.00370836281218, 0.00787010416389, 0.00620056176558, 0.00636290898547, 0.00473355734721, 0.0115296849981, 0.0169173628092, 0.01380154863, 0.0104875490069, 0.0187670886517, 0.0125504368916, 0.0110508669168, 0.00430194288492, 0.00378692243248, 0.00256425724365, 0.00194540375378, 0.0035711620003, 0.00512843765318, 0.00794755481184, 0.00318832322955, 0.00380044267513, 0.00192368717398, 0.00172124092933, 0.00447264965624, 0.00433616014197, 0.00375062855892, 0.00526813790202, 0.0106264371425, 0.01142823603, 0.0124098416418, 0.00633245613426]
        var: [0.0648749247193, 0.083081446588, 0.0397843383253, 0.0209342148155, 0.0155797377229, 0.0152488313615, 0.045156955719, 0.0477704741061, 0.0341615639627, 0.0930141732097, 0.0843909233809, 0.046421404928, 0.0450615659356, 0.0470225140452, 0.0475835613906, 0.0671949312091, 0.104727439582, 0.0695819705725, 0.0421116277575, 0.0318400897086, 0.0399883426726, 0.0540380254388, 0.102969102561, 0.0775296613574, 0.0815763175488, 0.0610820315778, 0.0447913706303, 0.0544130466878, 0.0354322120547, 0.0451048873365, 0.0824491158128, 0.0768158957362, 0.033198710531, 0.0419181026518, 0.0528217852116, 0.0441553592682]
    chords_histogram: [0, 0, 0.462962955236, 0, 15.2777776718, 12.0370368958, 0, 0, 0, 0, 0, 0, 0, 7.40740728378, 0, 0, 0, 0, 0, 26.851852417, 0, 14.3518514633, 23.6111106873, 0]
    thpcp: [1, 0.636701881886, 0.38298368454, 0.315772086382, 0.348973989487, 0.592875599861, 0.647797584534, 0.570762038231, 0.793037474155, 0.857761323452, 0.660960018635, 0.60497879982, 0.62624335289, 0.631748974323, 0.837736845016, 0.970428824425, 0.736377477646, 0.471632301807, 0.346546441317, 0.358808875084, 0.660320281982, 0.922692894936, 0.765340268612, 0.619450807571, 0.536457836628, 0.466045260429, 0.509629189968, 0.487514674664, 0.565192461014, 0.830366432667, 0.799261212349, 0.602774381638, 0.739276647568, 0.74398368597, 0.621221601963, 0.893057584763]
    chords_key: "D"
    chords_scale: "minor"
    key_key: "G"
    key_scale: "major"
    chords_progression: ["C", "C", "C", "C", "C", "C", "C", "C", "C", "Fm", "Fm", "Fm", "Fm", "Fm", "Fm", "Fm", "Fm", "Fm", "Fm", "Fm", "Am", "Am", "Am", "Fm", "Fm", "Fm", "Am", "Fm", "Fm", "Dm", "Dm", "Dm", "Dm", "Dm", "Dm", "Dm", "Dm", "Dm", "Dm", "Dm", "Dm", "Dm", "Dm", "Dm", "Dm", "Dm", "Dm", "Dm", "Dm", "Dm", "Dm", "D", "Dm", "Dm", "Am", "Am", "Am", "Am", "A", "A", "A", "C#m", "C#m", "C#m", "C#m", "C#m", "C#m", "C#m", "C#m", "C#m", "C#m", "C#m", "C#m", "C#m", "C#m", "C#m", "C#m", "C#m", "C#m", "C#m", "C#m", "C#m", "C#m", "A", "A", "C#m", "C#m", "C#m", "A", "C#m", "A", "A", "A", "A", "A", "A", "A", "A", "A", "A", "A", "A", "A", "A", "A", "A", "A", "A", "A", "A", "A", "A", "A", "A", "A", "A", "A", "Am", "Am", "Am", "Am", "Am", "Am", "Am", "Am", "Am", "Am", "Am", "Am", "Am", "Am", "Am", "Am", "Am", "C", "C", "C", "C", "C", "C", "C", "C", "C", "C", "C", "C", "C", "C", "C", "C", "C", "C", "C", "C", "C", "C", "C", "C", "C", "C", "C", "C", "C", "C", "C", "C", "C", "C", "C", "C", "C", "C", "C", "C", "Am", "C", "C", "Dm", "Am", "Am", "Am", "Am", "Am", "Dm", "Dm", "Dm", "Dm", "Dm", "Dm", "Dm", "Dm", "Dm", "Dm", "Dm", "Dm", "Dm", "Dm", "Dm", "Dm", "Dm", "Dm", "Dm", "Dm", "Dm", "Dm", "Dm", "Dm", "Dm", "Dm", "Dm", "Dm", "Dm", "Dm", "Dm", "Dm", "Dm"]
