
metadata:
    version:
        essentia: "1.2.2"
    audio_properties:
        analysis_sample_rate: 44100
        bitrate: 128
        channels: 2
        equal_loudness: 1
        length: 10.0310201645
        replay_gain: -13.2208557129
        downmix: "mix"
    tags:
        track: 5
        year: 0
        album: "Splitted by Mp3Splt v. 2.1"
        artist: "From 000.40 To 000.50"
        comment: "http://mp3splt.sf.net"
        genre: ""
        title: "03 When I Look to the Sky.mp3"

highlevel:
    ballroom:
        all:
            ChaChaCha: 0.0382948480546
            Jive: 0.165338948369
            Quickstep: 0.0463555902243
            Rumba-American: 0.0450085103512
            Rumba-International: 0.0903021395206
            Rumba-Misc: 0.117018319666
            Samba: 0.0886749103665
            Tango: 0.0273686479777
            VienneseWaltz: 0.122558318079
            Waltz: 0.259079754353
        probability: 0.259079754353
        value: "Waltz"
    culture:
        all:
            non_western: 0.01154844556
            western: 0.98845154047
        probability: 0.98845154047
        value: "western"
    gender:
        all:
            female: 0.794697165489
            male: 0.205302834511
        probability: 0.794697165489
        value: "female"
    genre_dortmund:
        all:
            alternative: 0.0383845344186
            blues: 0.153182864189
            electronic: 0.0149999260902
            folkcountry: 0.249315336347
            funksoulrnb: 0.132190272212
            jazz: 0.192471444607
            pop: 0.109548985958
            raphiphop: 0.0111091397703
            rock: 0.0987974926829
        probability: 0.249315336347
        value: "folkcountry"
    genre_electronica:
        all:
            ambient: 0.564365446568
            dnb: 0.19043982029
            house: 0.0980726480484
            techno: 0.0125878276303
            trance: 0.13453425467
        probability: 0.564365446568
        value: "ambient"
    genre_rosamerica:
        all:
            cla: 0.0356491543353
            dan: 0.0125854099169
            hip: 0.00484574399889
            jaz: 0.0925493910909
            pop: 0.471400976181
            rhy: 0.359002947807
            roc: 0.0217163227499
            spe: 0.00225003063679
        probability: 0.471400976181
        value: "pop"
    genre_tzanetakis:
        all:
            blu: 0.00477111153305
            cla: 0.0119711961597
            cou: 0.105278238654
            dis: 0.143520653248
            hip: 0.00190394034144
            jaz: 0.0116926915944
            met: 0.00210187979974
            pop: 0.646926105022
            reg: 0.0272907465696
            roc: 0.0445434339345
        probability: 0.646926105022
        value: "pop"
    live_studio:
        all:
            live: 0.024644754827
            studio: 0.975355267525
        probability: 0.975355267525
        value: "studio"
    mood:
        all:
            Cluster1: 0.0234866980463
            Cluster2: 0.206345915794
            Cluster3: 0.565096914768
            Cluster4: 0.193970769644
            Cluster5: 0.011099726893
        probability: 0.565096914768
        value: "Cluster3"
    mood_acoustic:
        all:
            acoustic: 0.115776225924
            not_acoustic: 0.884223759174
        probability: 0.884223759174
        value: "not_acoustic"
    mood_aggressive:
        all:
            aggressive: 0.0267554186285
            not_aggressive: 0.973244607449
        probability: 0.973244607449
        value: "not_aggressive"
    mood_electronic:
        all:
            electronic: 0.105148300529
            not_electronic: 0.89485168457
        probability: 0.89485168457
        value: "not_electronic"
    mood_happy:
        all:
            happy: 0.737836360931
            not_happy: 0.262163639069
        probability: 0.737836360931
        value: "happy"
    mood_party:
        all:
            not_party: 0.830425202847
            party: 0.169574797153
        probability: 0.830425202847
        value: "not_party"
    mood_relaxed:
        all:
            not_relaxed: 0.259623497725
            relaxed: 0.740376472473
        probability: 0.740376472473
        value: "relaxed"
    mood_sad:
        all:
            not_sad: 3.00000096379e-14
            sad: 1
        probability: 1
        value: "sad"
    rhythm:
        all:
            fast: 0.83477717638
            medium: 0.0707040056586
            slow: 0.0945188328624
        probability: 0.83477717638
        value: "fast"
    speech_music:
        all:
            music: 3.00000096379e-14
            speech: 1
        probability: 1
        value: "speech"
    timbre:
        all:
            bright: 0.267708957195
            dark: 0.732291042805
        probability: 0.732291042805
        value: "dark"
    voice_instrumental:
        all:
            instrumental: 0.321739584208
            voice: 0.67826038599
        probability: 0.67826038599
        value: "voice"

lowlevel:
    average_loudness: 0.902618706226
    barkbands_kurtosis:
        dmean: 0.896053671837
        dmean2: 1.37732446194
        dvar: 1.64093697071
        dvar2: 3.60133481026
        max: 11.2681303024
        mean: 0.0459906049073
        min: -1.81199061871
        var: 2.90508389473
    barkbands_skewness:
        dmean: 0.392795205116
        dmean2: 0.535148441792
        dvar: 0.164759784937
        dvar2: 0.327909141779
        max: 3.33190011978
        mean: 0.450248301029
        min: -2.34348249435
        var: 0.967747032642
    barkbands_spread:
        dmean: 4.24564838409
        dmean2: 6.65807580948
        dvar: 22.8092727661
        dvar2: 52.7538032532
        max: 62.4706802368
        mean: 23.8830337524
        min: 7.89551401138
        var: 66.2836837769
    dissonance:
        dmean: 0.0195316988975
        dmean2: 0.0321207679808
        dvar: 0.000483324925881
        dvar2: 0.00102189346217
        max: 0.496812999249
        mean: 0.455923885107
        min: 0.193308398128
        var: 0.000966913299635
    hfc:
        dmean: 1.72843337059
        dmean2: 2.38829612732
        dvar: 7.44972133636
        dvar2: 14.2134485245
        max: 35.8376197815
        mean: 5.77605962753
        min: 0.00633424473926
        var: 37.5355377197
    pitch:
        dmean: 141.255523682
        dmean2: 267.550170898
        dvar: 368718.8125
        dvar2: 775763.8125
        max: 4900
        mean: 517.9375
        min: 73.6227035522
        var: 960639.625
    pitch_instantaneous_confidence:
        dmean: 0.0753424838185
        dmean2: 0.116224206984
        dvar: 0.00835601892322
        dvar2: 0.0159790273756
        max: 0.933810830116
        mean: 0.609280765057
        min: 0.196571290493
        var: 0.0465599931777
    pitch_salience:
        dmean: 0.0570747628808
        dmean2: 0.0865380689502
        dvar: 0.00265979859978
        dvar2: 0.00569872418419
        max: 0.865796148777
        mean: 0.591912508011
        min: 0.226265445352
        var: 0.01252033934
    silence_rate_20dB:
        dmean: 0
        dmean2: 0
        dvar: 0
        dvar2: 0
        max: 1
        mean: 1
        min: 1
        var: 0
    silence_rate_30dB:
        dmean: 0
        dmean2: 0
        dvar: 0
        dvar2: 0
        max: 1
        mean: 1
        min: 1
        var: 0
    silence_rate_60dB:
        dmean: 0.0949074104428
        dmean2: 0.190255224705
        dvar: 0.0858996361494
        dvar2: 0.163338810205
        max: 1
        mean: 0.526558876038
        min: 0
        var: 0.249295026064
    spectral_centroid:
        dmean: 225.84362793
        dmean2: 315.852325439
        dvar: 86715.5078125
        dvar2: 152763.59375
        max: 4304.82421875
        mean: 1436.97033691
        min: 413.599700928
        var: 489782.4375
    spectral_complexity:
        dmean: 2.05800461769
        dmean2: 3.04651165009
        dvar: 5.4142742157
        dvar2: 9.67692947388
        max: 27
        mean: 8.27546310425
        min: 0
        var: 25.4171886444
    spectral_crest:
        dmean: 2.26564502716
        dmean2: 3.58259367943
        dvar: 4.89324712753
        dvar2: 12.2317838669
        max: 21.8608932495
        mean: 8.95331192017
        min: 2.37612533569
        var: 15.4753465652
    spectral_decrease:
        dmean: 1.79536926992e-10
        dmean2: 2.4866678161e-10
        dvar: 6.21130826695e-20
        dvar2: 1.19776373083e-19
        max: -1.68244086197e-12
        mean: -7.57111207061e-10
        min: -3.32423022442e-09
        var: 3.49633812838e-19
    spectral_energy:
        dmean: 0.000820075394586
        dmean2: 0.00112770299893
        dvar: 1.30757211991e-06
        dvar2: 2.51924916483e-06
        max: 0.0157969798893
        mean: 0.00338141713291
        min: 6.9244547376e-06
        var: 7.45262741475e-06
    spectral_energyband_high:
        dmean: 9.37059885473e-05
        dmean2: 0.000134596019052
        dvar: 6.16798772057e-08
        dvar2: 9.3788294464e-08
        max: 0.003019310534
        mean: 0.000216205444303
        min: 5.47301333143e-08
        var: 2.21394273581e-07
    spectral_energyband_low:
        dmean: 3.43563333445e-05
        dmean2: 5.63502399018e-05
        dvar: 9.26460241857e-09
        dvar2: 2.40677557883e-08
        max: 0.00135344220325
        mean: 0.000113325855637
        min: 1.94872825432e-07
        var: 6.50593889873e-08
    spectral_energyband_middle_high:
        dmean: 0.000552962184884
        dmean2: 0.000756446970627
        dvar: 8.53570725212e-07
        dvar2: 1.50496259721e-06
        max: 0.0124674243852
        mean: 0.0018383548595
        min: 3.08643234348e-06
        var: 4.69290489491e-06
    spectral_energyband_middle_low:
        dmean: 0.00039485580055
        dmean2: 0.00055933377007
        dvar: 3.40402237953e-07
        dvar2: 6.68401867188e-07
        max: 0.00585807580501
        mean: 0.00121352821589
        min: 3.58821080226e-06
        var: 1.03823469999e-06
    spectral_flatness_db:
        dmean: 0.0154870133847
        dmean2: 0.0241057071835
        dvar: 0.000208572484553
        dvar2: 0.000478367001051
        max: 0.272843688726
        mean: 0.182256609201
        min: 0.0907927453518
        var: 0.0010899414774
    spectral_flux:
        dmean: 0.0101442625746
        dmean2: 0.0163896046579
        dvar: 0.000149867482833
        dvar2: 0.00041830187547
        max: 0.117503158748
        mean: 0.0306408926845
        min: 0.00263143586926
        var: 0.000432247732533
    spectral_kurtosis:
        dmean: 1.80163896084
        dmean2: 3.06022953987
        dvar: 5.59878635406
        dvar2: 16.3236885071
        max: 23.1650390625
        mean: 4.89008283615
        min: -0.124402046204
        var: 13.1084308624
    spectral_rms:
        dmean: 0.000214722385863
        dmean2: 0.000292742799502
        dvar: 6.69563604561e-08
        dvar2: 1.1598507399e-07
        max: 0.00392577238381
        mean: 0.00166745320894
        min: 8.21922440082e-05
        var: 5.18542094596e-07
    spectral_rolloff:
        dmean: 477.477264404
        dmean2: 785.010192871
        dvar: 350338.9375
        dvar2: 650041.8125
        max: 5490.96679688
        mean: 2589.26782227
        min: 322.998046875
        var: 1118427.875
    spectral_skewness:
        dmean: 0.220906570554
        dmean2: 0.351790219545
        dvar: 0.0543122552335
        dvar2: 0.133387610316
        max: 2.96739840508
        mean: 1.56391251087
        min: 0.0655560269952
        var: 0.207140654325
    spectral_spread:
        dmean: 465110.65625
        dmean2: 630286.6875
        dvar: 800318095360
        dvar2: 1.06095509504e+12
        max: 20628452
        mean: 4233038
        min: 1714991.25
        var: 2.30214755942e+12
    spectral_strongpeak:
        dmean: 0.501597166061
        dmean2: 0.825147330761
        dvar: 0.759795546532
        dvar2: 1.67995834351
        max: 8.64453887939
        mean: 0.945238769054
        min: 0.00357453199103
        var: 1.73931252956
    zerocrossingrate:
        dmean: 0.00932039413601
        dmean2: 0.0103084119037
        dvar: 0.000103946455056
        dvar2: 0.00011000115046
        max: 0.20751953125
        mean: 0.0803279206157
        min: 0.0185546875
        var: 0.0009505484486
    barkbands:
        dmean: [1.37788385146e-08, 7.35773937777e-06, 3.17326848744e-05, 4.84326992591e-05, 0.00012750228052, 0.000167266567587, 4.98817571497e-05, 0.00012291072926, 8.25732713565e-05, 5.84075933148e-05, 4.6736040531e-05, 7.49825994717e-05, 5.87354697927e-05, 7.20221942174e-05, 0.000106971201603, 8.40644570417e-05, 0.000116920709843, 0.000170038736542, 0.000168181941262, 9.78572134045e-05, 5.09825367772e-05, 2.13613748201e-05, 3.95397137254e-06, 2.39792279899e-06, 5.72343083149e-07, 5.08627095996e-08, 9.55958778803e-09]
        dmean2: [2.13253770198e-08, 1.22632191051e-05, 5.13475351909e-05, 7.66882440075e-05, 0.000195453409106, 0.000235178333241, 7.47027079342e-05, 0.000192090723431, 0.000124039928778, 7.81255075708e-05, 6.95588532835e-05, 0.00010263362492, 8.1763304479e-05, 0.000107916741399, 0.000143809273141, 0.00012045881158, 0.000176152549102, 0.000256352708675, 0.000256875966443, 0.000145459387568, 7.41051480873e-05, 3.08981398121e-05, 5.5782616073e-06, 3.27147745338e-06, 9.13351072995e-07, 7.87882541431e-08, 9.70745883677e-09]
        dvar: [7.81579238585e-15, 3.24203469626e-10, 8.54331538847e-09, 2.10079829088e-08, 5.99562781645e-08, 6.90091539468e-08, 1.91758395829e-08, 1.54669578478e-07, 5.02791301926e-08, 1.45295366849e-08, 2.34609167649e-08, 6.0456009976e-08, 2.45644162788e-08, 3.51514479746e-08, 5.82852344166e-08, 4.17000585173e-08, 7.49450492776e-08, 1.64156389815e-07, 1.37614904361e-07, 3.49908972908e-08, 2.25056044911e-08, 3.04650216165e-09, 7.57485948966e-11, 5.18492609958e-11, 2.24650896843e-12, 7.29190199975e-14, 3.79453921355e-14]
        dvar2: [9.0620489018e-15, 8.92255491713e-10, 2.27928236285e-08, 4.91799347913e-08, 1.17415908107e-07, 1.14912097615e-07, 3.77827973352e-08, 3.70697222252e-07, 1.18592922149e-07, 2.49846738853e-08, 3.7218924831e-08, 1.08154701195e-07, 4.88123497178e-08, 8.71047589612e-08, 8.91356535249e-08, 7.25320532524e-08, 1.77882938601e-07, 3.21826973959e-07, 3.22524527974e-07, 7.91024987734e-08, 4.48174617418e-08, 5.95799720671e-09, 1.31294877748e-10, 6.91036255995e-11, 4.65666047389e-12, 1.4418102671e-13, 3.8023251404e-14]
        max: [1.83002475751e-06, 0.000202067967621, 0.00128387182485, 0.00193230528384, 0.0036694991868, 0.00290598068386, 0.00215849815868, 0.00486470758915, 0.00236851000227, 0.00179359898902, 0.00226304354146, 0.0041221762076, 0.00205398979597, 0.00217515300028, 0.00514622591436, 0.0032094377093, 0.00320151099004, 0.00647365301847, 0.00446295645088, 0.0017598225968, 0.00200569606386, 0.000928200781345, 0.000113425812742, 0.000139331867103, 1.70656076079e-05, 3.88794069295e-06, 4.04955017075e-06]
        mean: [2.84843721943e-08, 1.49942870848e-05, 9.83046847978e-05, 8.0336285464e-05, 0.000274074642221, 0.000409541709814, 9.14039919735e-05, 0.000184886099305, 0.000141395692481, 0.000134658053867, 8.90575829544e-05, 0.000146514663356, 0.000106180923467, 0.000123130172142, 0.000231386817177, 0.00013677845709, 0.000189571394003, 0.000294366822345, 0.000319154205499, 0.000162271986483, 9.15162891033e-05, 4.68026191811e-05, 9.44988551055e-06, 4.65932316729e-06, 8.89253954028e-07, 5.41834275225e-08, 9.54366186079e-09]
        min: [1.67409098736e-12, 2.50319427408e-08, 1.69696249941e-07, 1.31650523372e-07, 1.35987238536e-06, 1.58501882197e-06, 1.91268782146e-07, 1.13050280248e-08, 7.83735032428e-08, 1.04244698207e-07, 2.96265767474e-07, 1.93592271103e-08, 1.14601755286e-06, 6.47170210755e-08, 3.00463653957e-07, 6.10421352576e-07, 1.07371008085e-07, 2.3538943239e-08, 7.5000819777e-08, 3.07071132966e-08, 2.00312975096e-08, 5.99133542778e-09, 1.36230138281e-09, 2.83422951775e-10, 2.81823869797e-10, 2.38088819493e-11, 4.34710225783e-15]
        var: [1.02451396298e-14, 7.24790283346e-10, 5.51899113077e-08, 2.80086478455e-08, 1.73968999206e-07, 2.84420309526e-07, 5.09340587485e-08, 1.72344414295e-07, 9.50127372334e-08, 5.95642788426e-08, 5.74520164776e-08, 2.10812842738e-07, 6.66903900992e-08, 8.74538699236e-08, 3.39574455666e-07, 1.28697337232e-07, 1.52675156073e-07, 3.95411234422e-07, 3.06848761511e-07, 8.25428259077e-08, 5.78403529516e-08, 9.01813024257e-09, 2.74421790847e-10, 1.93883548105e-10, 3.47410988866e-12, 6.31932792769e-14, 3.78693421294e-14]
    mfcc:
        mean: [-752.430175781, 118.024307251, -57.6629371643, 40.453994751, -23.3528079987, -10.3910226822, -12.4482736588, -7.50538921356, -14.7278013229, -9.1345243454, -7.08632802963, -9.9018907547, -6.119161129]
        cov: [[4244.21875, -2060.68383789, 484.405059814, -96.3996047974, 46.5368232727, 91.5985870361, -196.868637085, 186.284255981, -90.9817199707, 220.702819824, 232.874053955, -6.98590898514, -50.675201416], [-2060.68383789, 1760.23620605, -501.596466064, 174.972732544, 126.365539551, 2.32038831711, 170.582672119, -11.2057094574, 113.182907104, -88.5954971313, -13.7762765884, -46.3132629395, 59.623462677], [484.405059814, -501.596466064, 748.704772949, 24.5691108704, 68.8148345947, 26.2983341217, 64.1492385864, -25.5575008392, -34.4066848755, 63.3929901123, -31.8416805267, 86.6023635864, -23.3382263184], [-96.3996047974, 174.972732544, 24.5691108704, 388.24520874, 128.806625366, -28.0050907135, -2.91412734985, -9.64059352875, 93.2325973511, -16.2744522095, -66.4381408691, 10.1488313675, 32.8271560669], [46.5368232727, 126.365539551, 68.8148345947, 128.806625366, 271.887054443, 7.57413101196, 9.94960403442, 1.24686491489, 29.9346561432, 38.7789421082, 0.412628501654, -21.3860816956, 18.7419662476], [91.5985870361, 2.32038831711, 26.2983341217, -28.0050907135, 7.57413101196, 193.783370972, 46.9596786499, 15.5571813583, 45.1153068542, 6.36733436584, 51.9075050354, -7.57784128189, -21.0009803772], [-196.868637085, 170.582672119, 64.1492385864, -2.91412734985, 9.94960403442, 46.9596786499, 169.571350098, 30.41771698, 3.96298551559, -10.899187088, 10.6251850128, 15.2846136093, -3.34854269028], [186.284255981, -11.2057094574, -25.5575008392, -9.64059352875, 1.24686491489, 15.5571813583, 30.41771698, 129.549850464, -27.5774669647, 19.4611740112, 28.6432533264, -15.0530176163, 11.2720003128], [-90.9817199707, 113.182907104, -34.4066848755, 93.2325973511, 29.9346561432, 45.1153068542, 3.96298551559, -27.5774669647, 173.45350647, -5.47310876846, -2.25013923645, -3.92980766296, -8.12954902649], [220.702819824, -88.5954971313, 63.3929901123, -16.2744522095, 38.7789421082, 6.36733436584, -10.899187088, 19.4611740112, -5.47310876846, 111.059951782, 18.6237182617, 4.47646713257, -17.016708374], [232.874053955, -13.7762765884, -31.8416805267, -66.4381408691, 0.412628501654, 51.9075050354, 10.6251850128, 28.6432533264, -2.25013923645, 18.6237182617, 163.045303345, -3.42952036858, -13.4735116959], [-6.98590898514, -46.3132629395, 86.6023635864, 10.1488313675, -21.3860816956, -7.57784128189, 15.2846136093, -15.0530176163, -3.92980766296, 4.47646713257, -3.42952036858, 77.4196853638, 0.0568094439805], [-50.675201416, 59.623462677, -23.3382263184, 32.8271560669, 18.7419662476, -21.0009803772, -3.34854269028, 11.2720003128, -8.12954902649, -17.016708374, -13.4735116959, 0.0568094439805, 65.8371047974]]
        icov: [[0.00087521749083, 0.00111177808139, 0.000156509573571, -0.000354954448994, -0.000389199500205, -0.00011945868755, 2.49558288488e-05, -0.000787721248344, -0.000109993554361, -0.000595711637288, -0.00104372168425, 0.00032104642014, -0.000273328332696], [0.00111177808139, 0.00248371134512, 0.00108696136158, -0.000680616765749, -0.00102600641549, 7.86315195e-06, -0.00148753426038, -0.000462212366983, -0.000387352716643, -0.000604156521149, -0.00126295920927, 0.000340532278642, -0.000833565427456], [0.000156509573571, 0.00108696136158, 0.00259363697842, -0.000301610940369, -0.0010624389397, -0.00030528625939, -0.00178997812327, 0.000709449697752, 0.000406568287872, -0.000832758261822, 0.000413584202761, -0.00194238952827, 0.000119719865324], [-0.000354954448994, -0.000680616765749, -0.000301610940369, 0.00437082815915, -0.00165994639974, 0.000668783497531, 0.000619691214524, -0.000632956565823, -0.00215642363764, 0.00123384164181, 0.0017753840657, -0.00141489075031, -0.000700150209013], [-0.000389199500205, -0.00102600641549, -0.0010624389397, -0.00165994639974, 0.00585241103545, -0.000168630547705, 9.95353766484e-05, 0.000959969998803, 0.000254077836871, -0.00212033302523, -0.000364652078133, 0.00264467066154, -0.00139201665297], [-0.00011945868755, 7.86315195e-06, -0.00030528625939, 0.000668783497531, -0.000168630547705, 0.00690878508613, -0.00172860815655, -0.000437271082774, -0.00221672980115, 0.000388166721677, -0.00158166559413, 0.00092774204677, 0.00120011076797], [2.49558288488e-05, -0.00148753426038, -0.00178997812327, 0.000619691214524, 9.95353766484e-05, -0.00172860815655, 0.00939511321485, -0.00301894475706, 0.000110324137495, 0.00164580566343, 9.61593250395e-05, -0.00163633015472, 0.00129793281667], [-0.000787721248344, -0.000462212366983, 0.000709449697752, -0.000632956565823, 0.000959969998803, -0.000437271082774, -0.00301894475706, 0.0109700206667, 0.00198887242004, -0.00210792967118, -0.000519019900821, 0.00209479546174, -0.00247239251621], [-0.000109993554361, -0.000387352716643, 0.000406568287872, -0.00215642363764, 0.000254077836871, -0.00221672980115, 0.000110324137495, 0.00198887242004, 0.00809951685369, -0.000342493294738, -6.57991040498e-05, 0.000231470243307, 0.00126907555386], [-0.000595711637288, -0.000604156521149, -0.000832758261822, 0.00123384164181, -0.00212033302523, 0.000388166721677, 0.00164580566343, -0.00210792967118, -0.000342493294738, 0.01217044238, 0.000143224038766, -0.00164517445955, 0.00348432618193], [-0.00104372168425, -0.00126295920927, 0.000413584202761, 0.0017753840657, -0.000364652078133, -0.00158166559413, 9.61593250395e-05, -0.000519019900821, -6.57991040498e-05, 0.000143224038766, 0.00895698461682, -0.00153620564379, 0.00115807715338], [0.00032104642014, 0.000340532278642, -0.00194238952827, -0.00141489075031, 0.00264467066154, 0.00092774204677, -0.00163633015472, 0.00209479546174, 0.000231470243307, -0.00164517445955, -0.00153620564379, 0.0170993022621, -0.00166893110145], [-0.000273328332696, -0.000833565427456, 0.000119719865324, -0.000700150209013, -0.00139201665297, 0.00120011076797, 0.00129793281667, -0.00247239251621, 0.00126907555386, 0.00348432618193, 0.00115807715338, -0.00166893110145, 0.0186891816556]]
    spectral_contrast:
        mean: [2.15583925711e-10, 8.16459433395e-08, 8.7958240691e-10, 1.54375342731e-07, 1.6520627355e-07, 9.43740232628e-08, 1.71239173596e-06, -3.93225093376e-07, -1.94598123926e-06, 1.78869129286e-06, 1.50377547925e-06, 2.06739809983e-06]
        var: [0.000959717144724, 0.00152938603424, 0.00248008966446, 0.00341954245232, 0.00409513432533, 0.00851116888225, 0.0603586696088, 0.11081225425, 0.131765007973, 0.387280195951, 0.836039066315, 2.52481365204]

rhythm:
    beats_loudness:
        dmean: 0.00194260024
        dmean2: 0.00298662018031
        dvar: 4.3211166485e-06
        dvar2: 9.48506476561e-06
        max: 0.0119111677632
        mean: 0.00382513785735
        min: 0.000348769535776
        var: 6.41393944534e-06
    beats_loudness_bass:
        dmean: 0.0314172431827
        dmean2: 0.0488709770143
        dvar: 0.00183405401185
        dvar2: 0.0025589580182
        max: 0.203633546829
        mean: 0.0458132065833
        min: 0.000276677805232
        var: 0.00343709532171
    bpm: 163.885025024
    bpm_confidence: 0
    first_peak_bpm: 121
    first_peak_spread: 0
    first_peak_weight: 0.5
    onset_rate: 3.5888671875
    second_peak_bpm: 162
    second_peak_spread: 0
    second_peak_weight: 0.454545468092
    beats_position: [0.0460702553391, 0.543739378452, 1.04140841961, 1.53907752037, 2.03674674034, 2.53441572189, 3.03208470345, 3.529753685, 4.02742290497, 4.5250916481, 5.02276086807, 5.52042961121, 6.09405088425, 6.46433782578, 6.83462572098, 7.20491266251, 7.57519960403, 7.94548654556, 8.31577396393, 8.68606090546, 9.05634880066, 9.42663574219, 9.79692268372]
    bpm_estimates: [163.950790405, 163.40385437, 164.300415039]
    bpm_intervals: [0.497669130564, 0.497669041157, 0.497669100761, 0.497669219971, 0.497668981552, 0.497668981552, 0.497668981552, 0.497669219971, 0.497668743134, 0.497669219971, 0.497668743134, 0.573621273041, 0.370286941528, 0.370287895203, 0.370286941528, 0.370286941528, 0.370286941528, 0.370287418365, 0.370286941528, 0.370287895203, 0.370286941528, 0.370286941528]
    onset_times: [0.0580498874187, 0.255419492722, 0.638548731804, 0.986848056316, 1.18421769142, 1.70666670799, 2.4497051239, 2.80961441994, 3.06503391266, 3.5178232193, 3.80807256699, 3.93578219414, 4.31891155243, 4.56272125244, 4.77170085907, 5.25931978226, 5.45668935776, 5.65405893326, 5.83981847763, 6.03718805313, 6.59446716309, 6.81505680084, 7.10530614853, 7.1517457962, 7.34911584854, 7.6858048439, 8.26630401611, 8.35918331146, 8.47528362274, 8.59138298035, 8.84680271149, 9.16027164459, 9.22993183136, 9.50857162476, 9.78721046448, 9.94975090027]
    rubato_start: [6.46433782578]
    rubato_stop: [9.79692268372]
    perceptual_tempo: "unknown"

sfx:
    inharmonicity:
        dmean: 0.0490925349295
        dmean2: 0.086455129087
        dvar: 0.00416050106287
        dvar2: 0.0116748716682
        max: 0.410598784685
        mean: 0.0517042651772
        min: 0
        var: 0.00392658961937
    oddtoevenharmonicenergyratio:
        dmean: 4.21202898026
        dmean2: 7.81880092621
        dvar: 152.039230347
        dvar2: 458.284698486
        max: 111.615905762
        mean: 2.99317121506
        min: 0
        var: 84.1022949219
    pitch_after_max_to_before_max_energy_ratio: 1.63375341892
    pitch_centroid: 254.216323853
    pitch_max_to_total: 0.60185188055
    pitch_min_to_total: 0.0856481492519
    tristimulus:
        dmean: [0.187236458063, 0.201591581106, 0.108593188226]
        dmean2: [0.324479997158, 0.348581850529, 0.197252720594]
        dvar: [0.0346850976348, 0.0375637412071, 0.0146555015817]
        dvar2: [0.0956281647086, 0.104716062546, 0.0418524369597]
        max: [1, 0.982581794262, 0.734828770161]
        mean: [0.313217282295, 0.541979551315, 0.128419429064]
        min: [0.000138332688948, 0, 0]
        var: [0.0543804243207, 0.05341084674, 0.0164240021259]

tonal:
    chords_changes_rate: 0.055299539119
    chords_number_rate: 0.0230414755642
    chords_strength:
        dmean: 0.0103449365124
        dmean2: 0.00890864990652
        dvar: 6.54755931464e-05
        dvar2: 6.8019835453e-05
        max: 0.697812795639
        mean: 0.519272387028
        min: 0.390484333038
        var: 0.00714448466897
    key_strength: 0.779653012753
    tuning_diatonic_strength: 0.600858926773
    tuning_equal_tempered_deviation: 0.0509362518787
    tuning_frequency: 438.984558105
    tuning_nontempered_energy_ratio: 0.687520623207
    hpcp:
        dmean: [0.12273798883, 0.106269359589, 0.0676707848907, 0.0675759613514, 0.0738979429007, 0.0855836570263, 0.0933013111353, 0.110817924142, 0.148725807667, 0.182183772326, 0.163110986352, 0.0933608561754, 0.055897668004, 0.0681430101395, 0.115023389459, 0.132878899574, 0.119408763945, 0.11798004806, 0.088686004281, 0.0933925509453, 0.10681129992, 0.108838044107, 0.105801910162, 0.105785660446, 0.122274398804, 0.0995952710509, 0.0555691570044, 0.0439373925328, 0.0397483892739, 0.0842875763774, 0.145895659924, 0.111911676824, 0.0782378613949, 0.0436439663172, 0.035612590611, 0.0826453119516]
        dmean2: [0.178670242429, 0.154786854982, 0.106917284429, 0.110047891736, 0.123755708337, 0.140790447593, 0.168748363853, 0.192521110177, 0.236800253391, 0.297830551863, 0.27701240778, 0.161088138819, 0.0923426151276, 0.108683593571, 0.194835230708, 0.2246273458, 0.185810938478, 0.187719196081, 0.148217976093, 0.158626258373, 0.179183334112, 0.182944193482, 0.1701143682, 0.16945874691, 0.198621496558, 0.166141152382, 0.0842728540301, 0.0674223601818, 0.0677778348327, 0.134576305747, 0.227271765471, 0.17599850893, 0.133630812168, 0.0723949000239, 0.0581564418972, 0.134383842349]
        dvar: [0.0303950775415, 0.0235844925046, 0.012066276744, 0.0174143891782, 0.0224264953285, 0.0234294179827, 0.0311276521534, 0.028926525265, 0.0392666198313, 0.0554374232888, 0.0482926405966, 0.0318984054029, 0.0109700625762, 0.020777406171, 0.0327612236142, 0.0540293380618, 0.0346026755869, 0.0370288789272, 0.0318346656859, 0.0308379065245, 0.0370196178555, 0.0278535466641, 0.0241594295949, 0.0232802722603, 0.0358143895864, 0.0290864836425, 0.00922736618668, 0.00469249440357, 0.00563522987068, 0.0125323394313, 0.0336762852967, 0.0230020675808, 0.0220875833184, 0.0074288258329, 0.00324269221164, 0.0141543168575]
        dvar2: [0.0599057897925, 0.0557473152876, 0.0279321521521, 0.040837623179, 0.0657913088799, 0.060061391443, 0.0773897320032, 0.0814231932163, 0.0885469540954, 0.123535126448, 0.124507337809, 0.0900662541389, 0.0253287423402, 0.0484790764749, 0.0926830396056, 0.127481147647, 0.076198451221, 0.0839774534106, 0.0708161890507, 0.073182836175, 0.0871905311942, 0.0624772459269, 0.0598761625588, 0.0564885959029, 0.0804322883487, 0.0722371116281, 0.0196746811271, 0.00903617125005, 0.0156614501029, 0.0330529287457, 0.0867235660553, 0.0564603060484, 0.0613019019365, 0.0187156461179, 0.007521470543, 0.0312754772604]
        max: [1, 1, 0.702669024467, 1, 1, 1, 1, 0.953494846821, 1, 1, 1, 1, 0.671098589897, 1, 1, 1, 1, 1, 1, 1, 1, 1, 1, 1, 1, 1, 0.741140246391, 0.756373763084, 0.557289361954, 0.663632690907, 1, 1, 1, 0.703053116798, 0.469677269459, 0.938402175903]
        mean: [0.244463443756, 0.186458110809, 0.0841516926885, 0.0827554017305, 0.0850178301334, 0.115581639111, 0.144577980042, 0.125258848071, 0.258838385344, 0.407419264317, 0.259517580271, 0.08916041255, 0.0620762743056, 0.0687271878123, 0.162859171629, 0.273313552141, 0.208803325891, 0.133687227964, 0.146930277348, 0.112223729491, 0.137343376875, 0.222955927253, 0.174298733473, 0.164683431387, 0.252909958363, 0.174663215876, 0.0788611248136, 0.0709964111447, 0.0487167909741, 0.123530551791, 0.265704482794, 0.21771247685, 0.0891841799021, 0.0497102066875, 0.0427195690572, 0.128136605024]
        min: [0.000354186689947, 0.000779703841545, 0.00179296417627, 0.0010546966223, 0, 0.000874855555594, 0.000892541604117, 0.00137633783743, 0.00141754245851, 0.00101836433169, 0.000139698255225, 0.00127201923169, 0.00034032081021, 0.000239003566094, 0.00133201933932, 0.00230965879746, 0.00151810224634, 0.00087718735449, 0.00044079287909, 0.000399774493417, 0.000653796712868, 0.000241929039476, 0.000229294077144, 0.00110143690836, 0.00132563326042, 0, 0, 0, 0.000343071762472, 0.00550823844969, 0.0103963958099, 0.00291295372881, 0.00054615928093, 0, 6.87385522724e-07, 0.000921403930988]
        var: [0.0948407128453, 0.0540195889771, 0.0149191468954, 0.0235311836004, 0.021880440414, 0.0351938903332, 0.0550584830344, 0.0312336403877, 0.0699889361858, 0.132698282599, 0.072359457612, 0.0257789660245, 0.0122704999521, 0.0217538699508, 0.0476837009192, 0.122767977417, 0.0701410248876, 0.0489553287625, 0.0760262310505, 0.0508310385048, 0.0457135550678, 0.084748916328, 0.0453679598868, 0.0413407124579, 0.110808350146, 0.0609194897115, 0.0159695670009, 0.0159470010549, 0.00565655017272, 0.0186106450856, 0.077222533524, 0.0630409494042, 0.0193146951497, 0.008326202631, 0.00441852398217, 0.0281757935882]
    chords_histogram: [22.1198158264, 4.60829496384, 29.9539165497, 0, 0, 0, 0, 0, 0, 0, 0, 0, 0, 0, 0, 0, 0, 0.460829496384, 0, 27.6497688293, 0, 0, 0, 15.2073736191]
    thpcp: [1, 0.636979162693, 0.218841910362, 0.152364596725, 0.168689101934, 0.399733603001, 0.670841038227, 0.51250231266, 0.328131824732, 0.360636562109, 0.275450229645, 0.337105751038, 0.547239542007, 0.427811712027, 0.404211193323, 0.620760917664, 0.42870631814, 0.193562582135, 0.174258843064, 0.119574099779, 0.303202539682, 0.652164757252, 0.534369647503, 0.218900248408, 0.122012414038, 0.10485406965, 0.314507961273, 0.600029170513, 0.457656592131, 0.206548139453, 0.203120976686, 0.208674058318, 0.283692121506, 0.354862898588, 0.307444602251, 0.635312080383]
    chords_key: "C"
    chords_scale: "major"
    key_key: "F"
    key_scale: "major"
    chords_progression: ["Dm", "Dm", "Dm", "Dm", "Dm", "Dm", "Dm", "Dm", "Dm", "Dm", "Dm", "Dm", "Dm", "Dm", "Dm", "Dm", "Dm", "Dm", "Dm", "Dm", "Dm", "Dm", "Dm", "Dm", "Dm", "Dm", "Dm", "Dm", "Dm", "Dm", "Dm", "F", "F", "F", "F", "F", "F", "F", "F", "F", "F", "F", "F", "F", "F", "F", "F", "F", "F", "F", "F", "F", "F", "F", "F", "F", "F", "F", "F", "F", "F", "F", "F", "F", "F", "F", "F", "F", "F", "F", "Dm", "Dm", "Am", "Am", "Am", "Am", "Am", "Am", "Am", "Am", "Am", "Am", "C", "C", "C", "C", "C", "C", "C", "C", "C", "C", "C", "C", "Cm", "Cm", "Cm", "Cm", "Cm", "Cm", "Cm", "Cm", "Cm", "Cm", "Cm", "Cm", "Cm", "Cm", "Cm", "Cm", "Cm", "Cm", "Cm", "Cm", "Cm", "Cm", "Cm", "Cm", "Cm", "Cm", "Cm", "Cm", "Cm", "Cm", "Cm", "Cm", "Cm", "Cm", "Cm", "Cm", "Cm", "Cm", "Cm", "Cm", "Cm", "Cm", "Cm", "Cm", "Cm", "Cm", "Cm", "Cm", "Cm", "Cm", "Cm", "Cm", "Cm", "Cm", "Cm", "Cm", "Cm", "C", "C", "C", "C", "C", "C", "C", "C", "C", "C", "C", "C", "C", "C", "C", "C", "C", "C", "C", "C", "C", "C", "C", "C", "C", "C", "C", "C", "C", "C", "C", "C", "C", "C", "C", "C", "C", "C", "C", "C", "C", "C", "C", "F", "F", "C", "C", "C", "F", "F", "F", "F", "F", "F", "F", "C", "C", "C", "C", "C", "C", "C", "Cm", "Cm", "Cm", "Fm"]
