
metadata:
    version:
        essentia: "1.2.2"
    audio_properties:
        analysis_sample_rate: 44100
        bitrate: 128
        channels: 2
        equal_loudness: 1
        length: 10.0310201645
        replay_gain: 13.9069385529
        downmix: "mix"
    tags:
        track: 1
        year: 0
        album: "Splitted by Mp3Splt v. 2.1"
        artist: "From 000.00 To 000.10"
        comment: "http://mp3splt.sf.net"
        genre: ""
        title: "01 Come Talk to Me.mp3"

highlevel:
    ballroom:
        all:
            ChaChaCha: 0.00965942535549
            Jive: 0.0060319644399
            Quickstep: 0.0225738584995
            Rumba-American: 0.00228056823835
            Rumba-International: 0.00955325458199
            Rumba-Misc: 0.00584548106417
            Samba: 0.00527416588739
            Tango: 0.52168649435
            VienneseWaltz: 0.146941751242
            Waltz: 0.270153015852
        probability: 0.52168649435
        value: "Tango"
    culture:
        all:
            non_western: 0.123242296278
            western: 0.87675768137
        probability: 0.87675768137
        value: "western"
    gender:
        all:
            female: 0.810021698475
            male: 0.189978301525
        probability: 0.810021698475
        value: "female"
    genre_dortmund:
        all:
            alternative: 0.210767105222
            blues: 0.00153308082372
            electronic: 0.618736088276
            folkcountry: 0.0432708524168
            funksoulrnb: 0.00223900936544
            jazz: 0.0214798618108
            pop: 0.0350159034133
            raphiphop: 0.000668147753458
            rock: 0.0662899538875
        probability: 0.618736088276
        value: "electronic"
    genre_electronica:
        all:
            ambient: 0.953350365162
            dnb: 0.00506507931277
            house: 0.00296484190039
            techno: 0.00120892212726
            trance: 0.0374108180404
        probability: 0.953350365162
        value: "ambient"
    genre_rosamerica:
        all:
            cla: 0.764679789543
            dan: 0.00499079655856
            hip: 0.00201204814948
            jaz: 0.00807918515056
            pop: 0.0223960969597
            rhy: 0.0155860986561
            roc: 0.180230304599
            spe: 0.0020257125143
        probability: 0.764679789543
        value: "cla"
    genre_tzanetakis:
        all:
            blu: 0.00809296034276
            cla: 0.850113809109
            cou: 0.00912749953568
            dis: 0.00788960140198
            hip: 0.00289734918624
            jaz: 0.0145494025201
            met: 0.0124314166605
            pop: 0.00649168109521
            reg: 0.00506035936996
            roc: 0.0833459421992
        probability: 0.850113809109
        value: "cla"
    live_studio:
        all:
            live: 0.472389191389
            studio: 0.527610838413
        probability: 0.527610838413
        value: "studio"
    mood:
        all:
            Cluster1: 0.165805235505
            Cluster2: 0.134651526809
            Cluster3: 0.486661881208
            Cluster4: 0.0539525859058
            Cluster5: 0.158928781748
        probability: 0.486661881208
        value: "Cluster3"
    mood_acoustic:
        all:
            acoustic: 0.188074454665
            not_acoustic: 0.811925530434
        probability: 0.811925530434
        value: "not_acoustic"
    mood_aggressive:
        all:
            aggressive: 0.0311571769416
            not_aggressive: 0.968842804432
        probability: 0.968842804432
        value: "not_aggressive"
    mood_electronic:
        all:
            electronic: 0.652693808079
            not_electronic: 0.347306162119
        probability: 0.652693808079
        value: "electronic"
    mood_happy:
        all:
            happy: 0.270016551018
            not_happy: 0.729983448982
        probability: 0.729983448982
        value: "not_happy"
    mood_party:
        all:
            not_party: 0.967249929905
            party: 0.0327500589192
        probability: 0.967249929905
        value: "not_party"
    mood_relaxed:
        all:
            not_relaxed: 0.259623497725
            relaxed: 0.740376472473
        probability: 0.740376472473
        value: "relaxed"
    mood_sad:
        all:
            not_sad: 0.0290946215391
            sad: 0.97090536356
        probability: 0.97090536356
        value: "sad"
    rhythm:
        all:
            fast: 0.0603938549757
            medium: 0.195042669773
            slow: 0.74456346035
        probability: 0.74456346035
        value: "slow"
    speech_music:
        all:
            music: 0.0147380623966
            speech: 0.985261917114
        probability: 0.985261917114
        value: "speech"
    timbre:
        all:
            bright: 0.434454232454
            dark: 0.565545737743
        probability: 0.565545737743
        value: "dark"
    voice_instrumental:
        all:
            instrumental: 0.999991059303
            voice: 8.94931326911e-06
        probability: 0.999991059303
        value: "instrumental"

lowlevel:
    average_loudness: 0.660193264484
    barkbands_kurtosis:
        dmean: 0.451099604368
        dmean2: 0.667641758919
        dvar: 0.182402223349
        dvar2: 0.425271719694
        max: 4.46459627151
        mean: 0.0826044529676
        min: -1.2150323391
        var: 0.864566743374
    barkbands_skewness:
        dmean: 0.224366143346
        dmean2: 0.319563478231
        dvar: 0.0267417579889
        dvar2: 0.057815156877
        max: 2.20727944374
        mean: 0.818542420864
        min: -0.197270125151
        var: 0.200471252203
    barkbands_spread:
        dmean: 1.58082270622
        dmean2: 2.4170217514
        dvar: 1.65787434578
        dvar2: 4.11320829391
        max: 25.2508907318
        mean: 17.3081817627
        min: 9.71503925323
        var: 9.07847976685
    dissonance:
        dmean: 0.0164960008115
        dmean2: 0.0277396552265
        dvar: 0.000214423198486
        dvar2: 0.00058885733597
        max: 0.499999940395
        mean: 0.468297451735
        min: 0.396348357201
        var: 0.000427318096627
    hfc:
        dmean: 0.338631182909
        dmean2: 0.504314661026
        dvar: 0.217870935798
        dvar2: 0.486990779638
        max: 9.52590942383
        mean: 2.77649259567
        min: 0.00468729855493
        var: 5.96721935272
    pitch:
        dmean: 33.1359786987
        dmean2: 63.3753852844
        dvar: 4424.69580078
        dvar2: 10490.7265625
        max: 537.804870605
        mean: 158.245361328
        min: 54.7826080322
        var: 6610.6328125
    pitch_instantaneous_confidence:
        dmean: 0.0509822741151
        dmean2: 0.0796415060759
        dvar: 0.00188661320135
        dvar2: 0.00444442220032
        max: 0.659290134907
        mean: 0.428586453199
        min: 0.187652528286
        var: 0.0088835125789
    pitch_salience:
        dmean: 0.044162992388
        dmean2: 0.0688025206327
        dvar: 0.00119571469259
        dvar2: 0.00271562603302
        max: 0.802244544029
        mean: 0.662653267384
        min: 0.421050965786
        var: 0.00420694146305
    silence_rate_20dB:
        dmean: 0
        dmean2: 0
        dvar: 0
        dvar2: 0
        max: 1
        mean: 1
        min: 1
        var: 0
    silence_rate_30dB:
        dmean: 0
        dmean2: 0
        dvar: 0
        dvar2: 0
        max: 1
        mean: 1
        min: 1
        var: 0
    silence_rate_60dB:
        dmean: 0.0260663498193
        dmean2: 0.0522565320134
        dvar: 0.0253867767751
        dvar2: 0.0637778043747
        max: 1
        mean: 0.579196214676
        min: 0
        var: 0.243726804852
    spectral_centroid:
        dmean: 77.7172012329
        dmean2: 116.014434814
        dvar: 4051.4777832
        dvar2: 8942.99316406
        max: 1407.65393066
        mean: 914.335388184
        min: 567.624755859
        var: 24954.2792969
    spectral_complexity:
        dmean: 1.50851583481
        dmean2: 2.37804889679
        dvar: 2.3229238987
        dvar2: 5.82049655914
        max: 25
        mean: 9.065533638
        min: 0
        var: 41.2990989685
    spectral_crest:
        dmean: 1.26324808598
        dmean2: 1.995896101
        dvar: 0.982680499554
        dvar2: 2.45249176025
        max: 17.4303779602
        mean: 7.10027122498
        min: 3.53283047676
        var: 4.65623474121
    spectral_decrease:
        dmean: 1.13862960727e-10
        dmean2: 1.71262212745e-10
        dvar: 3.30310699245e-20
        dvar2: 7.83993060407e-20
        max: -1.3612460768e-12
        mean: -7.91222865004e-10
        min: -3.81613896039e-09
        var: 5.6869008325e-19
    spectral_energy:
        dmean: 0.000454057590105
        dmean2: 0.000685593055096
        dvar: 5.14774910698e-07
        dvar2: 1.2155346667e-06
        max: 0.0152480583638
        mean: 0.00323809101246
        min: 5.56280565434e-06
        var: 9.35489879339e-06
    spectral_energyband_high:
        dmean: 1.17387626233e-05
        dmean2: 1.99787100428e-05
        dvar: 2.73076589119e-10
        dvar2: 7.81624487356e-10
        max: 0.000198120746063
        mean: 4.63616670459e-05
        min: 5.05655641803e-08
        var: 1.99439664783e-09
    spectral_energyband_low:
        dmean: 2.24231862376e-05
        dmean2: 3.54078729288e-05
        dvar: 1.19854115521e-09
        dvar2: 2.53146170692e-09
        max: 0.000558974919841
        mean: 4.25599464506e-05
        min: 1.8286186787e-08
        var: 4.45507719604e-09
    spectral_energyband_middle_high:
        dmean: 0.000207444129046
        dmean2: 0.000296782207442
        dvar: 7.41036032537e-08
        dvar2: 1.60977663199e-07
        max: 0.00431257020682
        mean: 0.00112286536023
        min: 1.97183726414e-06
        var: 1.01836417343e-06
    spectral_energyband_middle_low:
        dmean: 0.000385478313547
        dmean2: 0.000571783923078
        dvar: 4.06689622423e-07
        dvar2: 9.20105549085e-07
        max: 0.0124293044209
        mean: 0.00202628457919
        min: 3.47564423464e-06
        var: 4.86069120598e-06
    spectral_flatness_db:
        dmean: 0.0104079088196
        dmean2: 0.0168743729591
        dvar: 9.10896487767e-05
        dvar2: 0.000201332411962
        max: 0.260810315609
        mean: 0.202226132154
        min: 0.104684606194
        var: 0.000318017409882
    spectral_flux:
        dmean: 0.00265243300237
        dmean2: 0.00439969776198
        dvar: 7.80719801696e-06
        dvar2: 2.19524390559e-05
        max: 0.0577900409698
        mean: 0.0197821836919
        min: 0.000965915096458
        var: 0.000156667185365
    spectral_kurtosis:
        dmean: 2.84739255905
        dmean2: 4.9775891304
        dvar: 4.7338719368
        dvar2: 14.5540657043
        max: 15.4871196747
        mean: 7.30246973038
        min: 2.0982003212
        var: 7.42366218567
    spectral_rms:
        dmean: 0.000105322040326
        dmean2: 0.000156089023221
        dvar: 1.56897588255e-08
        dvar2: 3.65657584211e-08
        max: 0.00385696184821
        mean: 0.00153283274267
        min: 7.36690417398e-05
        var: 8.09535890767e-07
    spectral_rolloff:
        dmean: 113.953048706
        dmean2: 188.80921936
        dvar: 15788.7587891
        dvar2: 32705.1777344
        max: 2347.11914062
        mean: 1544.69458008
        min: 689.0625
        var: 44706.90625
    spectral_skewness:
        dmean: 0.251021236181
        dmean2: 0.430143415928
        dvar: 0.0350199900568
        dvar2: 0.105894610286
        max: 3.0389790535
        mean: 1.83848273754
        min: 1.21455335617
        var: 0.0668944865465
    spectral_spread:
        dmean: 166439.78125
        dmean2: 258214.1875
        dvar: 304634494976
        dvar2: 317425582080
        max: 13754492
        mean: 2564030.25
        min: 2007678.5
        var: 334348025856
    spectral_strongpeak:
        dmean: 0.169904664159
        dmean2: 0.279198795557
        dvar: 0.0706997141242
        dvar2: 0.163703143597
        max: 2.41022896767
        mean: 0.423795878887
        min: 0.00487935263664
        var: 0.154041722417
    zerocrossingrate:
        dmean: 0.0039894124493
        dmean2: 0.00514124426991
        dvar: 9.97186270979e-06
        dvar2: 1.66986628756e-05
        max: 0.07763671875
        mean: 0.0552065968513
        min: 0.01904296875
        var: 7.44793796912e-05
    barkbands:
        dmean: [5.27343395618e-08, 1.54018812282e-06, 2.17611795961e-05, 0.000114315953397, 0.000170274215634, 0.000157990827574, 0.000165607518284, 5.87828253629e-05, 6.04739252594e-05, 5.11067955813e-05, 3.14945500577e-05, 6.68439242872e-05, 0.000126908154925, 6.50237489026e-05, 7.11587636033e-05, 1.51617887241e-05, 1.13294345283e-05, 1.14850017781e-05, 1.80908409675e-05, 1.66097506735e-05, 5.57561315873e-06, 6.70278495818e-07, 5.29150128159e-08, 8.92201601488e-09, 5.48936807121e-09, 2.85673107392e-09, 2.89372548146e-09]
        dmean2: [5.56514052619e-08, 2.47922025665e-06, 3.4395205148e-05, 0.000178602669621, 0.000289461109787, 0.000228812306887, 0.000237684042077, 8.747803804e-05, 7.70429251133e-05, 6.34366442682e-05, 4.92515864607e-05, 0.000102939047792, 0.000184789736522, 9.95178925223e-05, 0.000108239997644, 2.41308807745e-05, 1.72373947862e-05, 1.93518662854e-05, 2.904079156e-05, 2.78848037851e-05, 9.40210793487e-06, 1.13480120945e-06, 9.12150071031e-08, 1.33280613213e-08, 7.30582305764e-09, 3.02968983235e-09, 2.99828539774e-09]
        dvar: [9.64086232721e-13, 5.79940305848e-12, 1.13749121233e-09, 7.66956063103e-08, 8.25239041546e-08, 5.1182350802e-08, 7.15526056183e-08, 9.75656799795e-09, 7.17552328666e-09, 7.62342455829e-09, 3.39662542537e-09, 1.17762857244e-08, 2.83364975928e-08, 8.04122635145e-09, 1.60062629817e-08, 5.67771052395e-10, 3.59776097802e-10, 2.68014860305e-10, 6.0666033308e-10, 4.98642904745e-10, 7.21949236504e-11, 9.32635045581e-13, 6.89830196749e-15, 2.69859233633e-15, 2.94597381429e-15, 2.79503339012e-15, 3.13984229174e-15]
        dvar2: [9.70583856341e-13, 1.26145335497e-11, 2.40997155565e-09, 1.73385160451e-07, 2.5535007353e-07, 1.15029997971e-07, 1.4037837559e-07, 2.26973959627e-08, 1.19852670011e-08, 1.09195541498e-08, 8.35043323377e-09, 2.59500936295e-08, 6.28961132065e-08, 1.83046235946e-08, 3.4264235893e-08, 1.40203959553e-09, 7.63192731235e-10, 7.5089040541e-10, 1.692051943e-09, 1.43081169135e-09, 2.15059900444e-10, 2.7570406895e-12, 1.82454200267e-14, 2.85795502085e-15, 2.98798389561e-15, 2.80179504238e-15, 3.14769365188e-15]
        max: [1.99441983568e-05, 4.07850020565e-05, 0.000557037012186, 0.00464182160795, 0.00359972589649, 0.00310183200054, 0.00425624242052, 0.00146186654456, 0.00161647389177, 0.00197071768343, 0.000682077661622, 0.0016646477161, 0.00197182130069, 0.000994327478111, 0.00142693007365, 0.000267880415777, 0.000311796087772, 0.000173289663508, 0.000315474608215, 0.000263739610091, 0.000101211633591, 1.08802305476e-05, 1.1741229855e-06, 1.11270742309e-06, 1.12471798275e-06, 1.07570133423e-06, 1.13796056667e-06]
        mean: [5.40321103415e-08, 2.3172717647e-06, 4.0211918531e-05, 0.00021650432609, 0.000391169043723, 0.000497006811202, 0.000590982323047, 0.00014089117758, 0.000185816898011, 0.000145301775774, 6.00430503255e-05, 0.000151286221808, 0.000288774201181, 0.000157722228323, 0.000147238606587, 3.54854928446e-05, 2.86994691123e-05, 3.1267740269e-05, 5.34687751497e-05, 5.2192775911e-05, 1.92729548871e-05, 2.1445209768e-06, 1.90176308479e-07, 3.00431750588e-08, 1.68029465897e-08, 3.46859141409e-09, 2.87275181421e-09]
        min: [6.74846203225e-12, 1.52558676803e-09, 1.32637580919e-08, 8.85332873679e-09, 2.83696920178e-07, 2.82375140159e-07, 1.33696218541e-07, 9.66950040038e-08, 2.55576566133e-07, 8.59404636344e-08, 1.9015520536e-07, 7.25809030655e-08, 1.97108562361e-07, 1.17711131509e-07, 1.18450081743e-07, 2.09184953803e-08, 2.00285956709e-08, 2.74340425932e-08, 7.78370150556e-08, 6.88414942829e-08, 2.45294806689e-08, 3.59599350297e-09, 9.98411464614e-10, 6.72997768625e-11, 4.34524569104e-11, 3.85799985708e-12, 1.66225377646e-13]
        var: [9.6270799492e-13, 1.42199195127e-11, 4.16805834291e-09, 2.53523069205e-07, 2.65284512579e-07, 3.97973252575e-07, 6.8165383027e-07, 3.77560525067e-08, 6.11381878457e-08, 6.31251850791e-08, 8.51213854958e-09, 3.99990014444e-08, 1.01965483168e-07, 2.97984232844e-08, 4.55757991347e-08, 1.65801561369e-09, 1.36432165565e-09, 1.00146746451e-09, 2.79318013163e-09, 2.69826760935e-09, 3.65810465253e-10, 4.585250582e-12, 3.35681427045e-14, 3.46036527645e-15, 3.14368676253e-15, 2.79793723082e-15, 3.13489328999e-15]
    mfcc:
        mean: [-804.952758789, 177.448440552, -86.8108062744, 38.2016830444, -41.1937103271, 1.87677228451, -6.54647684097, -32.4013900757, -19.6388301849, -8.22924613953, -6.4558672905, -9.57164382935, -7.26801490784]
        cov: [[8107.40917969, 356.114746094, -95.2623291016, 190.330841064, -101.691711426, -19.3495159149, -162.337936401, -176.770721436, 13.3371543884, -89.8731155396, 38.1224899292, -37.5222129822, -4.48420906067], [356.114746094, 89.302986145, 26.8349227905, 20.2385730743, -11.9114408493, -0.885680437088, -15.3635091782, -12.0523090363, -4.10701847076, 2.28211665154, 10.1736898422, 5.89168453217, 8.34722042084], [-95.2623291016, 26.8349227905, 54.4707450867, 17.9290847778, 9.63149356842, 0.798284888268, 2.47281861305, 5.98676633835, 4.58363199234, 6.59721469879, 1.58255469799, 5.39303350449, 2.63793706894], [190.330841064, 20.2385730743, 17.9290847778, 48.7479515076, 15.150762558, 8.78909301758, -3.1624352932, -0.369466394186, 7.22110509872, 3.17997670174, 3.0154042244, 2.70104169846, 2.20242500305], [-101.691711426, -11.9114408493, 9.63149356842, 15.150762558, 55.2380256653, 28.6458358765, 14.0233459473, 7.4372677803, 9.17712402344, 12.7214508057, 2.37703514099, -1.70468103886, -1.91819763184], [-19.3495159149, -0.885680437088, 0.798284888268, 8.78909301758, 28.6458358765, 45.0411148071, 24.3219928741, 11.0424518585, 2.18031215668, 4.96563386917, -3.52250552177, -5.42917919159, -4.30726289749], [-162.337936401, -15.3635091782, 2.47281861305, -3.1624352932, 14.0233459473, 24.3219928741, 47.8269577026, 32.51587677, 9.65152072906, 2.86757588387, -6.18135690689, -8.62501430511, -7.7398724556], [-176.770721436, -12.0523090363, 5.98676633835, -0.369466394186, 7.4372677803, 11.0424518585, 32.51587677, 58.082649231, 24.9761638641, 11.6049509048, -8.46671867371, -10.4517526627, -11.8882789612], [13.3371543884, -4.10701847076, 4.58363199234, 7.22110509872, 9.17712402344, 2.18031215668, 9.65152072906, 24.9761638641, 40.2853813171, 18.8926696777, 2.21191453934, -4.14247131348, -3.72596812248], [-89.8731155396, 2.28211665154, 6.59721469879, 3.17997670174, 12.7214508057, 4.96563386917, 2.86757588387, 11.6049509048, 18.8926696777, 41.3393936157, 20.1882858276, 4.90773487091, -1.82314431667], [38.1224899292, 10.1736898422, 1.58255469799, 3.0154042244, 2.37703514099, -3.52250552177, -6.18135690689, -8.46671867371, 2.21191453934, 20.1882858276, 48.2718887329, 25.8963127136, 12.8631410599], [-37.5222129822, 5.89168453217, 5.39303350449, 2.70104169846, -1.70468103886, -5.42917919159, -8.62501430511, -10.4517526627, -4.14247131348, 4.90773487091, 25.8963127136, 42.8957557678, 23.11926651], [-4.48420906067, 8.34722042084, 2.63793706894, 2.20242500305, -1.91819763184, -4.30726289749, -7.7398724556, -11.8882789612, -3.72596812248, -1.82314431667, 12.8631410599, 23.11926651, 36.2550354004]]
        icov: [[0.000227538504987, -0.00093650596682, 0.000952056259848, -0.000804591167253, 0.000240156878135, -0.000186027711607, 0.000190110877156, 0.000570679665543, -0.000874316669069, 0.000817075255327, -0.00042747540283, 0.000317749887472, 0.000341962761013], [-0.00093650596682, 0.0221068095416, -0.01340790838, -0.001742643537, 0.00891640689224, -0.00789467617869, 0.0058754645288, -0.00173230539076, 0.00429880339652, -0.00375260808505, -0.00307576660998, 0.00325339962728, -0.00463436217979], [0.000952056259848, -0.01340790838, 0.0315568000078, -0.00936488155276, -0.00726484647021, 0.00912122428417, -0.00547303538769, 2.00576596399e-05, -0.00125005224254, -0.000852945027873, 0.00433667842299, -0.00487552955747, 0.0024140428286], [-0.000804591167253, -0.001742643537, -0.00936488155276, 0.0319213569164, -0.00790177937597, -0.00419171014801, 0.00540191819891, -0.00210034218617, -0.00398573745042, 0.00256485375576, 4.15263093601e-05, -0.00206119311042, -0.000388606335036], [0.000240156878135, 0.00891640689224, -0.00726484647021, -0.00790177937597, 0.0367451570928, -0.0232031419873, 0.0028775522951, 0.00425012363121, -0.00462458888069, -0.00518145412207, -0.00258621014655, 0.00311752781272, -0.00162536883727], [-0.000186027711607, -0.00789467617869, 0.00912122428417, -0.00419171014801, -0.0232031419873, 0.0512309856713, -0.0258653145283, 0.003123995848, 0.00801654811949, -0.00587796699256, 0.00681898230687, -0.00218041823246, 0.00124633964151], [0.000190110877156, 0.0058754645288, -0.00547303538769, 0.00540191819891, 0.0028775522951, -0.0258653145283, 0.052350834012, -0.0246953908354, 0.000397105206503, 0.00879867188632, -0.00736526027322, 0.00527168018743, -0.00136679422576], [0.000570679665543, -0.00173230539076, 2.00576596399e-05, -0.00210034218617, 0.00425012363121, 0.003123995848, -0.0246953908354, 0.0423681437969, -0.0195762552321, -0.0038864640519, 0.00612296629697, -0.00195243197959, 0.00667762802914], [-0.000874316669069, 0.00429880339652, -0.00125005224254, -0.00398573745042, -0.00462458888069, 0.00801654811949, 0.000397105206503, -0.0195762552321, 0.0480425357819, -0.0200025774539, 0.0035529260058, 0.00302003673278, -0.00564636662602], [0.000817075255327, -0.00375260808505, -0.000852945027873, 0.00256485375576, -0.00518145412207, -0.00587796699256, 0.00879867188632, -0.0038864640519, -0.0200025774539, 0.0492300465703, -0.0232812017202, 0.00394602399319, 0.00666649034247], [-0.00042747540283, -0.00307576660998, 0.00433667842299, 4.15263093601e-05, -0.00258621014655, 0.00681898230687, -0.00736526027322, 0.00612296629697, 0.0035529260058, -0.0232812017202, 0.0445535816252, -0.0235314592719, -0.000161475647474], [0.000317749887472, 0.00325339962728, -0.00487552955747, -0.00206119311042, 0.00311752781272, -0.00218041823246, 0.00527168018743, -0.00195243197959, 0.00302003673278, 0.00394602399319, -0.0235314592719, 0.0510484278202, -0.0235337950289], [0.000341962761013, -0.00463436217979, 0.0024140428286, -0.000388606335036, -0.00162536883727, 0.00124633964151, -0.00136679422576, 0.00667762802914, -0.00564636662602, 0.00666649034247, -0.000161475647474, -0.0235337950289, 0.0453189313412]]
    spectral_contrast:
        mean: [-1.86264514923e-09, -3.21875944564e-07, 4.59467543124e-07, 2.057047368e-07, 3.6732086528e-07, 3.50828315732e-07, -2.56010639532e-06, -1.22855010432e-06, -2.89313993562e-06, -9.76532419372e-08, -5.39045868209e-06, 1.61916307206e-06]
        var: [8.15265302663e-05, 0.000241052373894, 0.000668744673021, 0.00100748159457, 0.00208084378392, 0.00259891757742, 0.0199988353997, 0.0365560501814, 0.0564299337566, 0.0988349020481, 0.175360172987, 3.99540019035]

rhythm:
    beats_loudness:
        dmean: 0.00153730681632
        dmean2: 0.00209855125286
        dvar: 3.4101494748e-06
        dvar2: 6.84203678247e-06
        max: 0.0131428129971
        mean: 0.00336724589579
        min: 7.3912242442e-06
        var: 1.21356997624e-05
    beats_loudness_bass:
        dmean: 0.0612866953015
        dmean2: 0.105119042099
        dvar: 0.00255025201477
        dvar2: 0.00854678358883
        max: 0.18570740521
        mean: 0.0716718584299
        min: 0.00839815009385
        var: 0.0028052770067
    bpm: 123.04549408
    bpm_confidence: 0
    first_peak_bpm: 122
    first_peak_spread: 0.411764681339
    first_peak_weight: 0.555555582047
    onset_rate: 0.299072265625
    second_peak_bpm: 82
    second_peak_spread: 0
    second_peak_weight: 0.0555555559695
    beats_position: [0.563116669655, 1.05352413654, 1.54393160343, 2.03433895111, 2.524746418, 3.01515412331, 3.50556159019, 3.99596905708, 4.48637628555, 4.97678375244, 5.46719121933, 6.20085573196, 6.68444013596, 7.16802406311, 7.65160751343, 8.13519191742, 8.61877632141, 9.10235977173, 9.58594417572]
    bpm_estimates: [123.325828552, 120.596748352, 123.157615662, 124.176582336, 123.970726013]
    bpm_intervals: [0.490407466888, 0.490407466888, 0.490407347679, 0.490407466888, 0.490407705307, 0.490407466888, 0.490407466888, 0.49040722847, 0.490407466888, 0.490407466888, 0.733664512634, 0.483584403992, 0.483583927155, 0.483583450317, 0.483584403992, 0.483584403992, 0.483583450317, 0.483584403992]
    onset_times: [0.824308395386, 8.15020370483, 9.58984088898]
    rubato_start: []
    rubato_stop: []
    perceptual_tempo: "unknown"

sfx:
    inharmonicity:
        dmean: 0.0614201389253
        dmean2: 0.109403386712
        dvar: 0.00435447134078
        dvar2: 0.0123784830794
        max: 0.368733227253
        mean: 0.0669953972101
        min: 0.000601469888352
        var: 0.0047914260067
    oddtoevenharmonicenergyratio:
        dmean: 2.86988639832
        dmean2: 5.23798847198
        dvar: 20.5116329193
        dvar2: 59.4472579956
        max: 26.7583789825
        mean: 2.33482217789
        min: 0.000791668076999
        var: 15.2769870758
    pitch_after_max_to_before_max_energy_ratio: 0.68114066124
    pitch_centroid: 205.30418396
    pitch_max_to_total: 0.582524299622
    pitch_min_to_total: 0.0898058265448
    tristimulus:
        dmean: [0.177123889327, 0.186123460531, 0.0864747986197]
        dmean2: [0.314997494221, 0.331358522177, 0.149168223143]
        dvar: [0.0258861891925, 0.029267648235, 0.00653579924256]
        dvar2: [0.0708391219378, 0.0808720290661, 0.018592717126]
        max: [0.946025490761, 0.972356200218, 0.468620657921]
        mean: [0.275598406792, 0.588145315647, 0.12818646431]
        min: [0.00499496655539, 0, 0]
        var: [0.0380068719387, 0.0376600772142, 0.00937006250024]

tonal:
    chords_changes_rate: 0.0242718439549
    chords_number_rate: 0.0145631069317
    chords_strength:
        dmean: 0.00463544903323
        dmean2: 0.00266473251395
        dvar: 1.01219256976e-05
        dvar2: 6.47610067972e-06
        max: 0.556890428066
        mean: 0.467073351145
        min: 0.369864195585
        var: 0.00167046533898
    key_strength: 0.782976686954
    tuning_diatonic_strength: 0.566540181637
    tuning_equal_tempered_deviation: 0.0137512823567
    tuning_frequency: 438.731048584
    tuning_nontempered_energy_ratio: 0.586412191391
    hpcp:
        dmean: [0.173542827368, 0.137862503529, 0.0415626652539, 0.0159678477794, 0.0179013162851, 0.0525602214038, 0.0807793289423, 0.060169480741, 0.0238404367119, 0.0176853407174, 0.0217230338603, 0.051781706512, 0.0543160922825, 0.051966689527, 0.11039942503, 0.0859130173922, 0.0981078892946, 0.0349028818309, 0.0232459828258, 0.0453230291605, 0.13737732172, 0.145578593016, 0.114627674222, 0.0311598777771, 0.0267336145043, 0.0372417345643, 0.0648647770286, 0.0661927014589, 0.037881873548, 0.0401199199259, 0.0283340550959, 0.02585426718, 0.0473150797188, 0.0423478856683, 0.0486750453711, 0.139800131321]
        dmean2: [0.278290212154, 0.221809387207, 0.0725217685103, 0.0278767906129, 0.0301092192531, 0.0802552551031, 0.120476730168, 0.0927679240704, 0.0399427264929, 0.0289359167218, 0.0374767631292, 0.0865098461509, 0.0870732069016, 0.0923881903291, 0.193147465587, 0.140664517879, 0.174358576536, 0.0600363053381, 0.0401837676764, 0.0778863951564, 0.218780368567, 0.238474473357, 0.180590465665, 0.0546825043857, 0.0451479107141, 0.056992109865, 0.100762873888, 0.10484123975, 0.0635657086968, 0.0657207742333, 0.0457895211875, 0.042645432055, 0.0738893672824, 0.0654044672847, 0.0854174643755, 0.23718854785]
        dvar: [0.0309269540012, 0.0158750843257, 0.00431680399925, 0.000420971860876, 0.00110971520189, 0.00543353846297, 0.0130473496392, 0.00489546032622, 0.000788893841673, 0.000288888055366, 0.00108119298238, 0.00458789523691, 0.00367761752568, 0.00263300910592, 0.0177160780877, 0.0215409938246, 0.0140443518758, 0.00171732844319, 0.00075235235272, 0.00405568024144, 0.0176863577217, 0.0311888121068, 0.0132028385997, 0.00329408957623, 0.00114716950338, 0.00161836622283, 0.00615049526095, 0.0069140358828, 0.00174779538065, 0.00203833705746, 0.000786683056504, 0.000752055551857, 0.00405765138566, 0.00380883179605, 0.00350312935188, 0.0172775387764]
        dvar2: [0.0718496516347, 0.0382769443095, 0.0113490717486, 0.00109821453225, 0.00371876149438, 0.0130336200818, 0.0254846271127, 0.0123459054157, 0.00189454632346, 0.000663589453325, 0.00320334057324, 0.0123130269349, 0.00933293160051, 0.00773221673444, 0.0536875165999, 0.0465170554817, 0.0399182960391, 0.00487794075161, 0.0019221699331, 0.0118301417679, 0.0510822087526, 0.0594266802073, 0.0331487245858, 0.00928858295083, 0.00324949831702, 0.00425506010652, 0.0149283865467, 0.0180440414697, 0.00519058713689, 0.00581799587235, 0.00195446005091, 0.00162722414825, 0.00841890089214, 0.00756776100025, 0.0099389962852, 0.0456341095269]
        max: [1, 1, 0.603128790855, 0.176778674126, 0.264713287354, 1, 1, 0.719991862774, 0.24235406518, 0.140658944845, 0.289884388447, 0.685567319393, 0.461393564939, 0.304133534431, 0.955205738544, 1, 0.794101059437, 0.295228779316, 0.186488866806, 0.434657901525, 1, 1, 0.884098112583, 0.58130812645, 0.309624820948, 0.348756343126, 0.724596738815, 0.688112676144, 0.350715756416, 0.454640597105, 0.228761792183, 0.185557499528, 0.547731757164, 0.522941291332, 0.414717584848, 1]
        mean: [0.622097790241, 0.343634605408, 0.0555734559894, 0.03321063146, 0.0325683541596, 0.147604167461, 0.284174472094, 0.177812591195, 0.046902846545, 0.036284442991, 0.03926788643, 0.0970093458891, 0.101186171174, 0.0658353567123, 0.28290656209, 0.443240553141, 0.226917356253, 0.0498643480241, 0.03905845806, 0.0576211512089, 0.363684505224, 0.586352646351, 0.278572618961, 0.0383713692427, 0.0426300428808, 0.0624245330691, 0.112251862884, 0.111276060343, 0.0703779235482, 0.0644095763564, 0.0501525066793, 0.0497276075184, 0.0918803811073, 0.0853752940893, 0.0643723979592, 0.35452118516]
        min: [0.0577686242759, 0.0303783491254, 0.00376441935077, 0.00748345488682, 0.00575777608901, 0.00655750092119, 0.00537944352254, 0.0106662837788, 0.00568459741771, 0.00453194370493, 0.00671660993248, 0.0117903491482, 0.0103672388941, 0.00798980426043, 0.0050595854409, 0.00554262334481, 0.00252476078458, 0.00274107349105, 0.00487816473469, 0.00245039490983, 0.0281672012061, 0.0571008734405, 0.0284462980926, 0.00398429995403, 0.00456810276955, 0.00592252099887, 0.00766568863764, 0.00893281213939, 0.00923782400787, 0.00825695414096, 0.00572119560093, 0.00317153311335, 0.00662299571559, 0.00692356564105, 0.00541777350008, 0.0301949717104]
        var: [0.0964191779494, 0.0376340039074, 0.00384180457331, 0.000568568939343, 0.000956513220444, 0.0266712456942, 0.112549819052, 0.0333769246936, 0.00129171123262, 0.000591978896409, 0.00112588854972, 0.00686867907643, 0.00665537500754, 0.00289349304512, 0.0753265395761, 0.18660402298, 0.0453618429601, 0.00216473219916, 0.00105016911402, 0.00442388467491, 0.0602023936808, 0.127852812409, 0.0325010456145, 0.0026197633706, 0.00129461602774, 0.00252649537288, 0.0109037049115, 0.0127259222791, 0.00312377349474, 0.00301721482538, 0.00151341210585, 0.00152799265925, 0.0110191684216, 0.011202391237, 0.00439166789874, 0.0381062142551]
    chords_histogram: [45.1456298828, 0, 6.31067943573, 0, 0, 0, 0, 0, 0, 0, 0, 0, 0, 0, 0, 0, 0, 0, 0, 0, 0, 0, 48.5436897278, 0]
    thpcp: [1, 0.552380383015, 0.0893323495984, 0.0533849038184, 0.0523524656892, 0.237268432975, 0.456800311804, 0.2858273983, 0.0753946527839, 0.058325946331, 0.0631217285991, 0.155939057469, 0.162653163075, 0.105827987194, 0.45476219058, 0.712493360043, 0.364761561155, 0.0801551565528, 0.0627850741148, 0.0926239416003, 0.584609866142, 0.942540943623, 0.447795540094, 0.0616806074977, 0.068526275456, 0.100345209241, 0.180440858006, 0.178872302175, 0.113130003214, 0.103536099195, 0.0806183665991, 0.0799353569746, 0.147694438696, 0.137237742543, 0.103476330638, 0.569880127907]
    chords_key: "D"
    chords_scale: "major"
    key_key: "A"
    key_scale: "major"
    chords_progression: ["A", "A", "A", "A", "A", "A", "A", "A", "A", "A", "A", "A", "A", "A", "A", "A", "A", "A", "A", "A", "A", "A", "A", "A", "A", "A", "A", "A", "A", "A", "A", "A", "A", "A", "A", "A", "A", "A", "A", "A", "A", "A", "A", "A", "A", "A", "A", "A", "D", "D", "D", "D", "D", "D", "D", "D", "D", "D", "D", "D", "D", "D", "D", "D", "D", "D", "D", "D", "D", "D", "D", "D", "D", "D", "D", "D", "D", "D", "D", "D", "D", "D", "D", "D", "D", "D", "D", "D", "D", "D", "D", "D", "A", "A", "A", "A", "A", "A", "A", "A", "A", "A", "A", "A", "A", "A", "A", "A", "A", "A", "A", "A", "A", "A", "A", "A", "A", "A", "E", "E", "E", "E", "E", "E", "E", "E", "E", "E", "E", "E", "E", "A", "A", "A", "A", "A", "A", "A", "A", "A", "A", "A", "A", "A", "A", "A", "A", "A", "A", "A", "D", "D", "D", "D", "D", "D", "D", "D", "D", "D", "D", "D", "D", "D", "D", "D", "D", "D", "D", "D", "D", "D", "D", "D", "D", "D", "D", "D", "D", "D", "D", "D", "D", "D", "D", "D", "D", "D", "D", "D", "D", "D", "D", "D", "D", "D", "D", "D", "D", "D", "D", "D", "D", "D", "D", "D"]
