
metadata:
    version:
        essentia: "1.2.2"
    audio_properties:
        analysis_sample_rate: 44100
        bitrate: 128
        channels: 2
        equal_loudness: 1
        length: 10.0048980713
        replay_gain: -10.8630084991
        downmix: "mix"
    tags:
        track: 9
        year: 0
        album: "Splitted by Mp3Splt v. 2.1"
        artist: "From 001.20 To 001.30"
        comment: "http://mp3splt.sf.net"
        genre: ""
        title: "09 Girl-Boy Song.mp3"

highlevel:
    ballroom:
        all:
            ChaChaCha: 0.241799563169
            Jive: 0.108642965555
            Quickstep: 0.00348911550827
            Rumba-American: 0.000988276558928
            Rumba-International: 0.0159964952618
            Rumba-Misc: 0.000468555343105
            Samba: 0.62701267004
            Tango: 0.000342745915987
            VienneseWaltz: 0.000868291477673
            Waltz: 0.000391325564124
        probability: 0.62701267004
        value: "Samba"
    culture:
        all:
            non_western: 0.98822915554
            western: 0.0117708453909
        probability: 0.98822915554
        value: "non_western"
    gender:
        all:
            female: 0.536696732044
            male: 0.463303297758
        probability: 0.536696732044
        value: "female"
    genre_dortmund:
        all:
            alternative: 0.0250792894512
            blues: 0.0323383919895
            electronic: 0.506934463978
            folkcountry: 0.00490568205714
            funksoulrnb: 0.0213861633092
            jazz: 0.27719527483
            pop: 0.00512243108824
            raphiphop: 0.0265042707324
            rock: 0.100534051657
        probability: 0.506934463978
        value: "electronic"
    genre_electronica:
        all:
            ambient: 0.0929120481014
            dnb: 0.0572894252837
            house: 0.0652164369822
            techno: 0.759298920631
            trance: 0.0252831615508
        probability: 0.759298920631
        value: "techno"
    genre_rosamerica:
        all:
            cla: 0.00633207708597
            dan: 0.525880336761
            hip: 0.380615442991
            jaz: 0.00513477111235
            pop: 0.0058242441155
            rhy: 0.00852442812175
            roc: 0.0402044169605
            spe: 0.0274843201041
        probability: 0.525880336761
        value: "dan"
    genre_tzanetakis:
        all:
            blu: 0.00450427597389
            cla: 0.00449957279488
            cou: 0.00186601735186
            dis: 0.0199887771159
            hip: 0.784267127514
            jaz: 0.00359249790199
            met: 0.0334630161524
            pop: 0.0610157065094
            reg: 0.0667245909572
            roc: 0.0200784169137
        probability: 0.784267127514
        value: "hip"
    live_studio:
        all:
            live: 0.0913188681006
            studio: 0.908681154251
        probability: 0.908681154251
        value: "studio"
    mood:
        all:
            Cluster1: 0.181164696813
            Cluster2: 0.0323190577328
            Cluster3: 0.0270885061473
            Cluster4: 0.0227936413139
            Cluster5: 0.736634075642
        probability: 0.736634075642
        value: "Cluster5"
    mood_acoustic:
        all:
            acoustic: 0.0293671116233
            not_acoustic: 0.970632910728
        probability: 0.970632910728
        value: "not_acoustic"
    mood_aggressive:
        all:
            aggressive: 0.544129610062
            not_aggressive: 0.455870389938
        probability: 0.544129610062
        value: "aggressive"
    mood_electronic:
        all:
            electronic: 0.947037041187
            not_electronic: 0.0529629699886
        probability: 0.947037041187
        value: "electronic"
    mood_happy:
        all:
            happy: 0.103163771331
            not_happy: 0.896836221218
        probability: 0.896836221218
        value: "not_happy"
    mood_party:
        all:
            not_party: 0.136436507106
            party: 0.863563477993
        probability: 0.863563477993
        value: "party"
    mood_relaxed:
        all:
            not_relaxed: 0.947004675865
            relaxed: 0.0529952980578
        probability: 0.947004675865
        value: "not_relaxed"
    mood_sad:
        all:
            not_sad: 0.987696647644
            sad: 0.0123033747077
        probability: 0.987696647644
        value: "not_sad"
    rhythm:
        all:
            fast: 0.818010210991
            medium: 0.159404039383
            slow: 0.0225857645273
        probability: 0.818010210991
        value: "fast"
    speech_music:
        all:
            music: 0.839392602444
            speech: 0.160607382655
        probability: 0.839392602444
        value: "music"
    timbre:
        all:
            bright: 0.0063164178282
            dark: 0.993683576584
        probability: 0.993683576584
        value: "dark"
    voice_instrumental:
        all:
            instrumental: 0.991887927055
            voice: 0.00811206735671
        probability: 0.991887927055
        value: "instrumental"

lowlevel:
    average_loudness: 0.977276265621
    barkbands_kurtosis:
        dmean: 4.6954202652
        dmean2: 7.40522146225
        dvar: 56.4416427612
        dvar2: 125.8385849
        max: 105.432472229
        mean: 4.26390123367
        min: -1.88539350033
        var: 140.617263794
    barkbands_skewness:
        dmean: 1.00544714928
        dmean2: 1.45364773273
        dvar: 0.980288982391
        dvar2: 1.76645576954
        max: 8.67977809906
        mean: 0.801180183887
        min: -2.8602707386
        var: 4.30988359451
    barkbands_spread:
        dmean: 11.1193571091
        dmean2: 17.5002269745
        dvar: 95.2899856567
        dvar2: 216.270675659
        max: 68.072807312
        mean: 32.2517280579
        min: 1.23238050938
        var: 256.182067871
    dissonance:
        dmean: 0.016945451498
        dmean2: 0.0283950921148
        dvar: 0.000295732257655
        dvar2: 0.000730900093913
        max: 0.498364180326
        mean: 0.471971750259
        min: 0.329405128956
        var: 0.000597553851549
    hfc:
        dmean: 5.20354127884
        dmean2: 8.95452308655
        dvar: 53.8416748047
        dvar2: 137.911972046
        max: 38.2416267395
        mean: 5.48974561691
        min: 0.131652027369
        var: 45.2250518799
    pitch:
        dmean: 993.06829834
        dmean2: 1932.36975098
        dvar: 2201415
        dvar2: 5137322.5
        max: 4900
        mean: 2776.77514648
        min: 65.7228012085
        var: 2787577.5
    pitch_instantaneous_confidence:
        dmean: 0.093492127955
        dmean2: 0.15115660429
        dvar: 0.00473813526332
        dvar2: 0.0121936015785
        max: 0.83748114109
        mean: 0.435621082783
        min: 0.18784236908
        var: 0.0129041988403
    pitch_salience:
        dmean: 0.0944946929812
        dmean2: 0.150846987963
        dvar: 0.00747358752415
        dvar2: 0.0178905762732
        max: 0.874449193478
        mean: 0.615794241428
        min: 0.107909202576
        var: 0.0189155172557
    silence_rate_20dB:
        dmean: 0
        dmean2: 0
        dvar: 0
        dvar2: 0
        max: 1
        mean: 1
        min: 1
        var: 0
    silence_rate_30dB:
        dmean: 0
        dmean2: 0
        dvar: 0
        dvar2: 0
        max: 1
        mean: 1
        min: 1
        var: 0
    silence_rate_60dB:
        dmean: 0.348027855158
        dmean2: 0.697674393654
        dvar: 0.226904466748
        dvar2: 0.34115678072
        max: 1
        mean: 0.458333343267
        min: 0
        var: 0.248263657093
    spectral_centroid:
        dmean: 486.289520264
        dmean2: 704.796447754
        dvar: 250937.796875
        dvar2: 461307.625
        max: 3992.15429688
        mean: 1642.25256348
        min: 186.135848999
        var: 1061828.375
    spectral_complexity:
        dmean: 7.21860456467
        dmean2: 12.053612709
        dvar: 78.1011047363
        dvar2: 185.789657593
        max: 39
        mean: 8.82134532928
        min: 0
        var: 77.9380187988
    spectral_crest:
        dmean: 2.71701407433
        dmean2: 4.41584873199
        dvar: 6.33387041092
        dvar2: 14.9064741135
        max: 23.0451164246
        mean: 9.07912731171
        min: 3.6203110218
        var: 15.5639209747
    spectral_decrease:
        dmean: 8.68748462057e-10
        dmean2: 1.48847523196e-09
        dvar: 1.03050760418e-18
        dvar2: 2.53751859728e-18
        max: -8.14428125634e-12
        mean: -9.8918695457e-10
        min: -6.01107208453e-09
        var: 1.01563520696e-18
    spectral_energy:
        dmean: 0.00371400918812
        dmean2: 0.00637701107189
        dvar: 1.76894736796e-05
        dvar2: 4.36398477177e-05
        max: 0.0231943130493
        mean: 0.00423135235906
        min: 4.2679366743e-05
        var: 1.696947038e-05
    spectral_energyband_high:
        dmean: 0.000426877202699
        dmean2: 0.000738350499887
        dvar: 4.24687527811e-07
        dvar2: 1.06515312837e-06
        max: 0.00390464765951
        mean: 0.000429807812907
        min: 1.07563994334e-06
        var: 3.62818383337e-07
    spectral_energyband_low:
        dmean: 0.000632996554486
        dmean2: 0.00101729680318
        dvar: 1.23022402931e-06
        dvar2: 3.02937951346e-06
        max: 0.0115276034921
        mean: 0.000807633216027
        min: 1.81015877843e-06
        var: 1.73665932834e-06
    spectral_energyband_middle_high:
        dmean: 0.00102285086177
        dmean2: 0.00175971293356
        dvar: 2.41250018007e-06
        dvar2: 6.3305869844e-06
        max: 0.00898519903421
        mean: 0.00104070059024
        min: 1.15365037345e-05
        var: 1.99351734409e-06
    spectral_energyband_middle_low:
        dmean: 0.00218613026664
        dmean2: 0.00382838374935
        dvar: 1.09349894046e-05
        dvar2: 2.81481788988e-05
        max: 0.0211532916874
        mean: 0.00195318763144
        min: 6.23208188699e-06
        var: 9.23583775148e-06
    spectral_flatness_db:
        dmean: 0.0299586895853
        dmean2: 0.047986485064
        dvar: 0.000903704552911
        dvar2: 0.0017369230045
        max: 0.400390118361
        mean: 0.193683862686
        min: 0.090709798038
        var: 0.0029452231247
    spectral_flux:
        dmean: 0.023392803967
        dmean2: 0.0402544364333
        dvar: 0.000527333351783
        dvar2: 0.00110382237472
        max: 0.137986332178
        mean: 0.0461358353496
        min: 0.00653294473886
        var: 0.000690510845743
    spectral_kurtosis:
        dmean: 1.81189382076
        dmean2: 3.12047696114
        dvar: 7.65180253983
        dvar2: 21.0673789978
        max: 42.2082710266
        mean: 4.92052125931
        min: 1.13035345078
        var: 15.2812643051
    spectral_rms:
        dmean: 0.000830314820632
        dmean2: 0.00136514171027
        dvar: 6.35913693259e-07
        dvar2: 1.48361141328e-06
        max: 0.00475695263594
        mean: 0.00182714057155
        min: 0.00020405491523
        var: 7.89706120941e-07
    spectral_rolloff:
        dmean: 738.188110352
        dmean2: 1261.02209473
        dvar: 1155753.5
        dvar2: 2299784.25
        max: 5232.56835938
        mean: 2925.11889648
        min: 129.19921875
        var: 2866461.75
    spectral_skewness:
        dmean: 0.286788552999
        dmean2: 0.450953274965
        dvar: 0.0971028208733
        dvar2: 0.202457129955
        max: 5.04804611206
        mean: 1.31444334984
        min: 0.517865777016
        var: 0.337552249432
    spectral_spread:
        dmean: 569293
        dmean2: 903344.6875
        dvar: 425781035008
        dvar2: 877593231360
        max: 12188118
        mean: 4235962
        min: 2044254.25
        var: 1.00422837862e+12
    spectral_strongpeak:
        dmean: 0.319383054972
        dmean2: 0.575066387653
        dvar: 0.307649046183
        dvar2: 0.79248380661
        max: 3.64558172226
        mean: 0.354576379061
        min: 0.0037052819971
        var: 0.292351841927
    zerocrossingrate:
        dmean: 0.0161552969366
        dmean2: 0.0180891696364
        dvar: 0.000219557958189
        dvar2: 0.000210578204133
        max: 0.17529296875
        mean: 0.0958220809698
        min: 0.00830078125
        var: 0.00190678786021
    barkbands:
        dmean: [1.44074860486e-07, 0.000142639575643, 0.000524464994669, 0.000488779391162, 0.00112241331954, 0.000422271521529, 0.000104848797491, 8.46704497235e-05, 7.06935315975e-05, 0.000116654613521, 2.89746822091e-05, 2.02817063837e-05, 1.12313855425e-05, 2.42939713644e-05, 5.29586613993e-05, 9.35879143071e-05, 0.000102096819319, 0.000161211399245, 0.000321119063301, 0.000381987658329, 0.000188813894056, 4.41196207248e-05, 2.96986604553e-06, 4.95001870604e-08, 5.1167677384e-07, 1.06098227093e-07, 6.98179014602e-10]
        dmean2: [2.28790270285e-07, 0.0002018326486, 0.000878962338902, 0.000860000378452, 0.0019286039751, 0.000779797614086, 0.000186284887604, 0.000159111354151, 0.00013177189976, 0.000199532223633, 5.38218955626e-05, 3.57099197572e-05, 1.98645848286e-05, 4.06367071264e-05, 9.41365069593e-05, 0.000165292207384, 0.000178834641702, 0.00028254991048, 0.000546384078916, 0.000663234561216, 0.000328068737872, 7.32416738174e-05, 4.86974022351e-06, 9.16676299312e-08, 8.5497379132e-07, 1.79256204547e-07, 1.21216614524e-09]
        dvar: [3.7624021059e-14, 1.018473057e-07, 9.91626961877e-07, 8.15705107016e-07, 4.81958204546e-06, 3.74325878738e-07, 2.27398277985e-08, 2.36710704371e-08, 2.20591154232e-08, 3.53264333341e-08, 2.73873834722e-09, 1.1087827323e-09, 3.15680287466e-10, 1.21519017071e-09, 8.82456863138e-09, 2.7772836475e-08, 2.7322284879e-08, 7.17585066923e-08, 2.28395023782e-07, 3.67054894923e-07, 8.93651375122e-08, 4.40505765198e-09, 1.67786427113e-11, 9.51463893431e-15, 7.40802764184e-13, 5.16355824743e-14, 2.54048217862e-18]
        dvar2: [8.77693032727e-14, 1.62158357853e-07, 2.6651364351e-06, 2.15060663322e-06, 1.26475551951e-05, 9.9055910141e-07, 5.89262185713e-08, 6.61809664848e-08, 6.17789126522e-08, 9.03365346971e-08, 7.54620810284e-09, 2.96706215153e-09, 8.25982005015e-10, 3.20867377113e-09, 2.38786697082e-08, 7.59138742978e-08, 7.29752187567e-08, 1.93994097231e-07, 5.97665007263e-07, 9.58465648182e-07, 2.31505211445e-07, 1.13959464088e-08, 4.19384978134e-11, 2.65181333245e-14, 1.92852916796e-12, 1.3529767042e-13, 6.2081873662e-18]
        max: [2.23688539336e-06, 0.00294584268704, 0.00944373011589, 0.0057128672488, 0.0174532160163, 0.00398750789464, 0.00105732586235, 0.000947308843024, 0.00105364283081, 0.00111971097067, 0.00033883107244, 0.000249077391345, 0.000105721228465, 0.000237846325035, 0.000565055175684, 0.000974251772277, 0.000908860354684, 0.00180235272273, 0.00295456429012, 0.00307256286032, 0.00207459996454, 0.000507418240886, 2.21288501052e-05, 7.70269139139e-07, 7.09673668098e-06, 1.87498540072e-06, 1.94657978625e-08]
        mean: [2.13322238096e-07, 0.000219015317271, 0.000588432361837, 0.000482614006614, 0.000947216001805, 0.000309964321787, 9.30984970182e-05, 6.29582282272e-05, 4.64065706183e-05, 9.32395632844e-05, 2.20020629058e-05, 1.8908536731e-05, 1.03288275568e-05, 2.57620522461e-05, 4.56021953141e-05, 8.06031675893e-05, 9.59358003456e-05, 0.000148178311065, 0.000354512303602, 0.000355567783117, 0.000183682263014, 4.32352135249e-05, 3.17391595672e-06, 3.26888525137e-08, 5.71031989693e-07, 1.02535977931e-07, 5.19984610925e-10]
        min: [3.36732003392e-10, 1.67142616192e-07, 7.3977247439e-08, 3.34011005521e-08, 1.77084530151e-07, 1.88241784826e-07, 4.26600308856e-07, 4.47430608119e-08, 3.14708969995e-08, 1.77788393785e-07, 1.70795395604e-08, 4.86532130139e-08, 1.89211473156e-08, 6.47422382372e-08, 3.41624883049e-07, 4.62378153543e-07, 4.93981474392e-07, 6.44661952265e-07, 2.80548010778e-06, 1.47184687194e-06, 3.01720916696e-07, 5.97488138965e-08, 7.22197912584e-10, 3.78048373856e-12, 5.12301701061e-10, 4.16333044428e-11, 2.65343099598e-14]
        var: [9.01807383109e-14, 2.38063051938e-07, 1.0888001043e-06, 7.42366069062e-07, 3.86820056519e-06, 2.54766831631e-07, 1.79666397315e-08, 1.46645540156e-08, 1.31645574442e-08, 2.90538402226e-08, 1.74150183163e-09, 9.3761198805e-10, 2.56456217373e-10, 1.2729058918e-09, 6.36770458584e-09, 1.95415701398e-08, 2.26997283193e-08, 5.72716807312e-08, 1.99856430072e-07, 2.94178306603e-07, 7.23838269323e-08, 3.89009224833e-09, 1.7627663218e-11, 6.05511327927e-15, 7.78352642755e-13, 4.59684441662e-14, 2.25085626086e-18]
    mfcc:
        mean: [-780.21105957, 141.283370972, -65.7229766846, 110.905921936, -35.4083862305, 7.63800191879, 0.153647512197, -15.5341730118, 13.7813224792, -25.7559757233, 16.044424057, -35.5150413513, 22.0929203033]
        cov: [[3616.85083008, -594.105712891, -219.373535156, -398.497589111, -417.74118042, -148.393844604, -326.340148926, 42.9701576233, 11.0911226273, -26.001127243, -93.3184204102, 53.7947349548, -22.6286964417], [-594.105712891, 1211.32373047, 303.441314697, 247.54335022, 241.151351929, 38.505027771, 105.703079224, 8.09217834473, -30.9196796417, -39.5867042542, -37.892288208, -114.221855164, -87.8718261719], [-219.373535156, 303.441314697, 613.970275879, 126.626396179, 221.830718994, 42.9104499817, 70.5878143311, -2.88493490219, -46.2762985229, 20.8852558136, -71.0892410278, -0.977255403996, -136.748214722], [-398.497589111, 247.54335022, 126.626396179, 285.982666016, 116.223266602, 107.166786194, 79.2455673218, 26.6251716614, 17.4707794189, -7.85744762421, 59.3743972778, -41.014125824, 56.9880104065], [-417.74118042, 241.151351929, 221.830718994, 116.223266602, 273.542999268, 74.9966583252, 119.894470215, 17.0435085297, 12.492816925, 16.4812870026, 14.519821167, 7.89347457886, -23.746629715], [-148.393844604, 38.505027771, 42.9104499817, 107.166786194, 74.9966583252, 153.447998047, 45.8843994141, 50.822265625, 11.3367080688, 13.9634609222, 54.0547065735, 10.4720373154, 34.6700592041], [-326.340148926, 105.703079224, 70.5878143311, 79.2455673218, 119.894470215, 45.8843994141, 135.463424683, 2.8503472805, 49.3866500854, -8.83403587341, 57.717792511, -3.90999221802, 30.9960269928], [42.9701576233, 8.09217834473, -2.88493490219, 26.6251716614, 17.0435085297, 50.822265625, 2.8503472805, 126.575874329, 4.09320068359, 69.498916626, -22.3554573059, 34.8058929443, -11.6619253159], [11.0911226273, -30.9196796417, -46.2762985229, 17.4707794189, 12.492816925, 11.3367080688, 49.3866500854, 4.09320068359, 119.905235291, -10.5779781342, 73.8219146729, -18.0725765228, 57.4117012024], [-26.001127243, -39.5867042542, 20.8852558136, -7.85744762421, 16.4812870026, 13.9634609222, -8.83403587341, 69.498916626, -10.5779781342, 118.535095215, -27.9444122314, 54.1824951172, -24.5943145752], [-93.3184204102, -37.892288208, -71.0892410278, 59.3743972778, 14.519821167, 54.0547065735, 57.717792511, -22.3554573059, 73.8219146729, -27.9444122314, 154.644699097, -10.361623764, 102.891159058], [53.7947349548, -114.221855164, -0.977255403996, -41.014125824, 7.89347457886, 10.4720373154, -3.90999221802, 34.8058929443, -18.0725765228, 54.1824951172, -10.361623764, 95.9098358154, -4.12760925293], [-22.6286964417, -87.8718261719, -136.748214722, 56.9880104065, -23.746629715, 34.6700592041, 30.9960269928, -11.6619253159, 57.4117012024, -24.5943145752, 102.891159058, -4.12760925293, 181.888244629]]
        icov: [[0.000445916084573, 2.99493531202e-05, -0.000259947759332, 0.00044135042117, 0.000266623887001, 2.07745724765e-05, 0.000963567814324, -0.00057730806293, -0.000466464349302, 0.000562818429898, -5.5939774029e-05, -0.000223601236939, -0.000184231743333], [2.99493531202e-05, 0.00141160085332, -5.55285878363e-05, -0.00087320478633, -0.00088388286531, 0.000697092793416, -0.000210285928915, -0.000614551070612, 0.000573624216486, 0.000320259452565, 1.75252353074e-05, 0.00145419535693, 0.000551014672965], [-0.000259947759332, -5.55285878363e-05, 0.00337489275262, -0.00168370327447, -0.00191550387535, -0.000277365092188, -0.000689499080181, 0.00178100867197, 9.82218116405e-05, -0.000596467056312, 0.00110471609514, -0.000519004650414, 0.00229181628674], [0.00044135042117, -0.00087320478633, -0.00168370327447, 0.00837997347116, -6.69559667585e-05, -0.00309918192215, -0.000194845444639, -0.00199292134494, 0.00116015749518, -0.000265755836153, -0.00114150857553, 0.00343508156948, -0.00344937224872], [0.000266623887001, -0.00088388286531, -0.00191550387535, -6.69559667585e-05, 0.00973091088235, -0.00251426640898, -0.00587321864441, 0.00100026943255, -0.000630557886325, -0.000822293688543, 0.00115555641241, -0.00189164199401, 0.000392931891838], [2.07745724765e-05, 0.000697092793416, -0.000277365092188, -0.00309918192215, -0.00251426640898, 0.0132867842913, 0.000699014519341, -0.00635251402855, 0.00285626878031, 0.00187383987941, -0.00551952747628, -0.000528644071892, 0.000176673609531], [0.000963567814324, -0.000210285928915, -0.000689499080181, -0.000194845444639, -0.00587321864441, 0.000699014519341, 0.018971664831, -0.00174769083969, -0.00522096268833, 0.00298017263412, -0.00331303058192, -0.00212658639066, -0.000807342294138], [-0.00057730806293, -0.000614551070612, 0.00178100867197, -0.00199292134494, 0.00100026943255, -0.00635251402855, -0.00174769083969, 0.0174337141216, -0.00367162865587, -0.00814005266875, 0.00577973108739, -0.0024510496296, 0.00108489347622], [-0.000466464349302, 0.000573624216486, 9.82218116405e-05, 0.00116015749518, -0.000630557886325, 0.00285626878031, -0.00522096268833, -0.00367162865587, 0.0158505290747, -0.00110601529013, -0.00658249109983, 0.00514364661649, -0.00135533628054], [0.000562818429898, 0.000320259452565, -0.000596467056312, -0.000265755836153, -0.000822293688543, 0.00187383987941, 0.00298017263412, -0.00814005266875, -0.00110601529013, 0.0168093852699, -0.00010400552128, -0.00679279165342, 0.000891967851203], [-5.5939774029e-05, 1.75252353074e-05, 0.00110471609514, -0.00114150857553, 0.00115555641241, -0.00551952747628, -0.00331303058192, 0.00577973108739, -0.00658249109983, -0.00010400552128, 0.0171993095428, -0.00166141369846, -0.00437559653074], [-0.000223601236939, 0.00145419535693, -0.000519004650414, 0.00343508156948, -0.00189164199401, -0.000528644071892, -0.00212658639066, -0.0024510496296, 0.00514364661649, -0.00679279165342, -0.00166141369846, 0.0193091593683, -0.00189672934357], [-0.000184231743333, 0.000551014672965, 0.00229181628674, -0.00344937224872, 0.000392931891838, 0.000176673609531, -0.000807342294138, 0.00108489347622, -0.00135533628054, 0.000891967851203, -0.00437559653074, -0.00189672934357, 0.0117502752692]]
    spectral_contrast:
        mean: [8.66000320343e-08, 2.41046166138e-07, 4.92386561746e-07, -1.11326542651e-07, 5.12586098012e-07, 7.63381962088e-08, 1.5578800685e-06, 1.85055307611e-06, -2.63076367446e-06, -7.84402629961e-07, 4.11064593209e-06, -2.87706507152e-06]
        var: [0.000474537198897, 0.000982736120932, 0.00151744578034, 0.00158024998382, 0.00224624550901, 0.00827515497804, 0.0525108389556, 0.081955127418, 0.183039903641, 0.578414022923, 0.792549312115, 2.85898423195]

rhythm:
    beats_loudness:
        dmean: 0.00199617957696
        dmean2: 0.00361433229409
        dvar: 1.652111564e-06
        dvar2: 5.63643334317e-06
        max: 0.00674291606992
        mean: 0.00332032167353
        min: 0.00139438803308
        var: 2.46867762144e-06
    beats_loudness_bass:
        dmean: 0.247794777155
        dmean2: 0.509382009506
        dvar: 0.0316238366067
        dvar2: 0.0383071936667
        max: 0.684897899628
        mean: 0.223950579762
        min: 0.00171286216937
        var: 0.0499028116465
    bpm: 113.304405212
    bpm_confidence: 0
    first_peak_bpm: 85
    first_peak_spread: 0
    first_peak_weight: 0.466666668653
    onset_rate: 7.89613246918
    second_peak_bpm: 113
    second_peak_spread: 0
    second_peak_weight: 0.466666668653
    beats_position: [0.72140288353, 1.42886376381, 2.13632464409, 2.84378528595, 3.55124592781, 4.25870656967, 4.96616744995, 5.67362785339, 5.9627122879, 6.49226045609, 7.02180767059, 7.5513548851, 8.08090305328, 8.61045074463, 9.1399974823, 9.66954517365]
    bpm_estimates: [113.434509277, 113.352546692, 113.396522522, 113.137512207, 113.200942993]
    bpm_intervals: [0.70746088028, 0.70746088028, 0.707460641861, 0.707460641861, 0.707460641861, 0.70746088028, 0.707460403442, 0.289084434509, 0.529548168182, 0.529547214508, 0.529547214508, 0.529548168182, 0.529547691345, 0.529546737671, 0.529547691345]
    onset_times: [0.0348299331963, 0.27863946557, 0.46439909935, 0.708208620548, 0.835918366909, 0.893968224525, 1.06811785698, 1.26548755169, 1.35836732388, 1.42802715302, 1.53251695633, 1.6137868166, 1.71827661991, 1.78793644905, 1.97369611263, 2.06657600403, 2.14784574509, 2.22911572456, 2.32199549675, 2.48453521729, 2.76317453384, 2.85605430603, 3.03020405769, 3.11147403717, 3.20435380936, 3.3785033226, 3.55265307426, 3.73841261864, 3.83129262924, 3.92417240143, 4.09832191467, 4.26086187363, 4.446621418, 4.53950119019, 4.62077093124, 4.81814050674, 4.91102027893, 4.99229001999, 5.15482997894, 5.34058952332, 5.4334692955, 5.67727899551, 5.79337882996, 5.95591831207, 6.06040811539, 6.32743787766, 6.42031764984, 6.53641700745, 6.59446716309, 6.6989569664, 6.81505680084, 7.02403640747, 7.11691617966, 7.19818592072, 7.30267572403, 7.38394546509, 7.46521520615, 7.55809545517, 7.66258525848, 7.74385499954, 7.8251247406, 7.92961454391, 8.01088428497, 8.26630401611, 8.37079334259, 8.54494285583, 8.78875255585, 8.90485286713, 8.98612213135, 9.06739234924, 9.16027164459, 9.25315189362, 9.33442211151, 9.42730140686, 9.50857162476, 9.6014509201, 9.69433116913, 9.78721046448, 9.8800907135]
    rubato_start: [6.49226045609]
    rubato_stop: [9.66954517365]
    perceptual_tempo: "unknown"

sfx:
    inharmonicity:
        dmean: 0.0553642772138
        dmean2: 0.0973921790719
        dvar: 0.00351904914714
        dvar2: 0.00959828961641
        max: 0.392740339041
        mean: 0.0621048472822
        min: 4.15402973886e-05
        var: 0.00413583219051
    oddtoevenharmonicenergyratio:
        dmean: 4.45093870163
        dmean2: 8.62084770203
        dvar: 368.942657471
        dvar2: 1097.82104492
        max: 189.532394409
        mean: 2.69488286972
        min: 4.14493260905e-05
        var: 196.171279907
    pitch_after_max_to_before_max_energy_ratio: 2.68670248985
    pitch_centroid: 211.175354004
    pitch_max_to_total: 0.245939671993
    pitch_min_to_total: 0.452436208725
    tristimulus:
        dmean: [0.209269553423, 0.293234229088, 0.199868202209]
        dmean2: [0.375593364239, 0.510995924473, 0.359994411469]
        dvar: [0.0437205731869, 0.0559204183519, 0.03439315781]
        dvar2: [0.10356412828, 0.152123391628, 0.0959888026118]
        max: [0.984142899513, 0.985975444317, 0.876495361328]
        mean: [0.344120621681, 0.389786332846, 0.184617653489]
        min: [0.00242759659886, 0, 0]
        var: [0.071286380291, 0.0757036879659, 0.0408401936293]

tonal:
    chords_changes_rate: 0.0506912432611
    chords_number_rate: 0.0276497695595
    chords_strength:
        dmean: 0.00797520950437
        dmean2: 0.0101022720337
        dvar: 4.55411463918e-05
        dvar2: 6.72366586514e-05
        max: 0.653140366077
        mean: 0.533863902092
        min: 0.382787376642
        var: 0.0035040716175
    key_strength: 0.589434683323
    tuning_diatonic_strength: 0.702178478241
    tuning_equal_tempered_deviation: 0.263388544321
    tuning_frequency: 432.690917969
    tuning_nontempered_energy_ratio: 0.906537055969
    hpcp:
        dmean: [0.176138192415, 0.218898296356, 0.205550685525, 0.209551930428, 0.239793136716, 0.266884982586, 0.249275222421, 0.211078613997, 0.216574281454, 0.250110298395, 0.221452251077, 0.202659517527, 0.180450737476, 0.160209655762, 0.172107487917, 0.156936109066, 0.145321309566, 0.175149098039, 0.171702921391, 0.137390196323, 0.141785740852, 0.172828584909, 0.171065494418, 0.144577100873, 0.109396703541, 0.0893741697073, 0.0913734063506, 0.14038015902, 0.18225581944, 0.189730629325, 0.253182739019, 0.24493971467, 0.281487941742, 0.259270519018, 0.155091926455, 0.126521706581]
        dmean2: [0.29193547368, 0.362353235483, 0.342978388071, 0.364584386349, 0.4231582582, 0.471061319113, 0.428918033838, 0.366298943758, 0.377416074276, 0.429999321699, 0.387016177177, 0.358716100454, 0.311499476433, 0.275522947311, 0.295958012342, 0.264610618353, 0.248966068029, 0.309533208609, 0.306590408087, 0.245734959841, 0.24512898922, 0.297326982021, 0.291972666979, 0.25220566988, 0.192907065153, 0.155055075884, 0.15905623138, 0.249747291207, 0.323957979679, 0.336222738028, 0.450985997915, 0.440876305103, 0.486767053604, 0.44958755374, 0.274195939302, 0.209939911962]
        dvar: [0.0323993749917, 0.0545593313873, 0.0433600135148, 0.0444713160396, 0.0571729280055, 0.075292520225, 0.058924049139, 0.0501962676644, 0.0392595268786, 0.0655183419585, 0.0493877083063, 0.0390793718398, 0.0384747125208, 0.0300334412605, 0.0384844616055, 0.0330044068396, 0.0336929410696, 0.0406006723642, 0.0446258597076, 0.0334299877286, 0.0295100770891, 0.0455449558794, 0.0444251038134, 0.0334284193814, 0.02347102575, 0.0185543298721, 0.0151702752337, 0.0301127713174, 0.0493944697082, 0.0406004041433, 0.0679284930229, 0.0577857755125, 0.0564291216433, 0.0627978146076, 0.0305921304971, 0.0186625886708]
        dvar2: [0.0711266249418, 0.118062272668, 0.103496819735, 0.119544148445, 0.162909463048, 0.21243481338, 0.167209848762, 0.157005801797, 0.100057147443, 0.151289522648, 0.118873424828, 0.10425876081, 0.107107706368, 0.0742952823639, 0.0966324731708, 0.0866047516465, 0.0905534401536, 0.110424727201, 0.118231594563, 0.0882570594549, 0.0857272595167, 0.126229315996, 0.127025321126, 0.0998257249594, 0.061332680285, 0.0513776242733, 0.039473131299, 0.0799374058843, 0.130172640085, 0.111242994666, 0.197658285499, 0.153996005654, 0.166100472212, 0.195023730397, 0.0877633392811, 0.0482646673918]
        max: [1, 1, 1, 1, 1, 1, 1, 1, 1, 1, 1, 0.94377207756, 1, 1, 1, 0.946802735329, 1, 1, 1, 1, 1, 1, 1, 1, 1, 1, 1, 1, 1, 1, 1, 1, 1, 1, 1, 0.812411546707]
        mean: [0.256180942059, 0.330065965652, 0.2932279706, 0.251872390509, 0.257085502148, 0.271867096424, 0.266431689262, 0.248809501529, 0.286690860987, 0.338722676039, 0.313724994659, 0.250222742558, 0.218386158347, 0.209042876959, 0.19732491672, 0.173502743244, 0.171535268426, 0.19420607388, 0.183291435242, 0.139724522829, 0.133160531521, 0.193897813559, 0.227645814419, 0.167871460319, 0.107529714704, 0.0912093445659, 0.0967120975256, 0.145880505443, 0.175226822495, 0.192438900471, 0.312662482262, 0.420069247484, 0.407596319914, 0.30270665884, 0.179282784462, 0.161586403847]
        min: [0.00156562426127, 0.0014279516181, 0.000756077643018, 0.000371200731024, 0.000511401856784, 0.000357204349712, 0.000245655537583, 0.00102331687231, 0.00220497418195, 0.00101613067091, 0.000423908117227, 0.000485610507894, 0.00129868264776, 0.00123278202955, 0.000792961858679, 0.000247655727435, 4.73702821182e-05, 7.88516772445e-05, 0.000103173260868, 8.11953723314e-05, 6.06576359132e-05, 0.000351533206413, 0.000245639617788, 0.000450546300272, 0.000387938140193, 0.00012998044258, 0.000134297748446, 0.000138924340717, 0.000279486499494, 0.00139826128725, 0.000107151536213, 0.000213409075513, 0.000354185554897, 0.000424304016633, 0.000660275458358, 0.000843634828925]
        var: [0.0585364960134, 0.106746666133, 0.0775757431984, 0.0676517784595, 0.0672112628818, 0.0785375908017, 0.0665696039796, 0.052161924541, 0.0572383441031, 0.100923001766, 0.090389251709, 0.0582033805549, 0.0426827557385, 0.0428220890462, 0.0429849103093, 0.0370749644935, 0.0357639864087, 0.0473555475473, 0.0478909909725, 0.0312085598707, 0.0326165519655, 0.0665665119886, 0.0848828032613, 0.0444127321243, 0.0213203411549, 0.0155028924346, 0.0161261428148, 0.0397516600788, 0.0525236800313, 0.0446845367551, 0.089209780097, 0.112177185714, 0.101855747402, 0.0820898041129, 0.0346191078424, 0.0261169970036]
    chords_histogram: [9.67741966248, 0, 12.9032258987, 0, 0, 0, 0, 0, 0, 0, 0, 0, 0, 0, 0, 0, 12.9032258987, 25.8064517975, 0, 4.60829496384, 0, 0, 0, 34.1013832092]
    thpcp: [1, 0.970307469368, 0.720611333847, 0.426793396473, 0.384666115046, 0.609854102135, 0.78574180603, 0.69804674387, 0.599597334862, 0.612007439137, 0.647195875645, 0.634256601334, 0.592305898666, 0.682484745979, 0.806349635124, 0.746841132641, 0.595670223236, 0.519881308079, 0.497639089823, 0.469743788242, 0.413033664227, 0.408349990845, 0.462319195271, 0.436336249113, 0.332622587681, 0.316996634007, 0.461585342884, 0.541924476624, 0.399628072977, 0.255980938673, 0.217129305005, 0.230228945613, 0.347277283669, 0.417137950659, 0.458112329245, 0.744311749935]
    chords_key: "A"
    chords_scale: "minor"
    key_key: "C"
    key_scale: "major"
    chords_progression: ["Am", "Am", "Am", "Am", "Am", "Am", "Am", "Am", "Am", "Am", "Am", "Am", "Am", "Am", "Am", "Am", "Am", "Am", "Am", "Am", "Am", "Am", "Am", "Am", "Am", "Am", "Am", "Am", "Am", "Am", "Am", "Am", "Am", "Am", "Am", "Am", "Am", "Am", "Am", "Am", "Am", "Am", "Am", "Am", "Am", "Am", "Am", "Am", "Am", "Am", "Am", "Am", "Am", "Am", "Am", "Am", "Am", "Am", "Am", "Am", "Am", "Am", "Am", "Am", "Am", "Am", "Am", "Am", "Am", "Am", "Am", "Am", "Am", "Am", "C", "C", "C", "C", "C", "C", "C", "C", "C", "C", "C", "C", "C", "C", "C", "C", "C", "C", "C", "C", "C", "Cm", "Cm", "Cm", "Cm", "Cm", "Cm", "Cm", "Cm", "Cm", "Cm", "Cm", "Cm", "Cm", "Cm", "Cm", "Cm", "Cm", "Cm", "Cm", "Cm", "G#", "G#", "G#", "G#", "G#", "G#", "G#", "G#", "G#", "G#", "G#", "G#", "G#", "G#", "G#", "G#", "G#", "G#", "G#", "G#", "G#", "G#", "G#", "G#", "G#", "G#", "G#", "G#", "G", "G", "G", "G", "G", "G", "G", "G", "G", "Cm", "Cm", "Cm", "Cm", "Cm", "Cm", "Cm", "Cm", "Cm", "Cm", "Cm", "Cm", "Cm", "Cm", "Cm", "Cm", "Cm", "Cm", "Cm", "Cm", "Cm", "Cm", "Cm", "Cm", "Cm", "Cm", "Cm", "Cm", "Cm", "G", "Cm", "Cm", "Cm", "Cm", "Cm", "G", "G", "G", "G", "G", "G", "G", "G", "G", "G", "G", "Cm", "Cm", "G", "G", "G", "G", "G", "G", "G", "Gm", "Gm", "Gm", "Gm", "Gm", "Gm", "Gm", "Gm", "Gm", "Gm"]
