
metadata:
    version:
        essentia: "1.2.2"
    audio_properties:
        analysis_sample_rate: 44100
        bitrate: 128
        channels: 2
        equal_loudness: 1
        length: 10.0048980713
        replay_gain: -6.06755638123
        downmix: "mix"
    tags:
        track: 20
        year: 0
        album: "Splitted by Mp3Splt v. 2.1"
        artist: "From 003.10 To 003.20"
        comment: "http://mp3splt.sf.net"
        genre: ""
        title: "04 Suspone.mp3"

highlevel:
    ballroom:
        all:
            ChaChaCha: 0.144576609135
            Jive: 0.180966213346
            Quickstep: 0.0603780113161
            Rumba-American: 0.0161689650267
            Rumba-International: 0.271569669247
            Rumba-Misc: 0.0507544837892
            Samba: 0.211310997605
            Tango: 0.0059782685712
            VienneseWaltz: 0.0326486006379
            Waltz: 0.0256481748074
        probability: 0.271569669247
        value: "Rumba-International"
    culture:
        all:
            non_western: 0.256700068712
            western: 0.743299901485
        probability: 0.743299901485
        value: "western"
    gender:
        all:
            female: 0.523548364639
            male: 0.476451605558
        probability: 0.523548364639
        value: "female"
    genre_dortmund:
        all:
            alternative: 0.00735779944807
            blues: 0.0135321440175
            electronic: 0.0167552772909
            folkcountry: 0.0217599309981
            funksoulrnb: 0.00202825758606
            jazz: 0.870530724525
            pop: 0.0173741597682
            raphiphop: 0.00103489891626
            rock: 0.0496268123388
        probability: 0.870530724525
        value: "jazz"
    genre_electronica:
        all:
            ambient: 0.435891240835
            dnb: 0.400205105543
            house: 0.0365162827075
            techno: 0.0244467686862
            trance: 0.10294058919
        probability: 0.435891240835
        value: "ambient"
    genre_rosamerica:
        all:
            cla: 0.0331268720329
            dan: 0.0465735532343
            hip: 0.0268015339971
            jaz: 0.61167627573
            pop: 0.089200258255
            rhy: 0.159499004483
            roc: 0.0291996318847
            spe: 0.00392289971933
        probability: 0.61167627573
        value: "jaz"
    genre_tzanetakis:
        all:
            blu: 0.00550918001682
            cla: 0.0058832722716
            cou: 0.0456449650228
            dis: 0.0473291948438
            hip: 0.0261671245098
            jaz: 0.526304781437
            met: 0.00733951665461
            pop: 0.191464841366
            reg: 0.059500452131
            roc: 0.0848566964269
        probability: 0.526304781437
        value: "jaz"
    live_studio:
        all:
            live: 0.115490779281
            studio: 0.884509205818
        probability: 0.884509205818
        value: "studio"
    mood:
        all:
            Cluster1: 0.2805082798
            Cluster2: 0.296063929796
            Cluster3: 0.159890383482
            Cluster4: 0.121606230736
            Cluster5: 0.141931176186
        probability: 0.296063929796
        value: "Cluster2"
    mood_acoustic:
        all:
            acoustic: 0.823580622673
            not_acoustic: 0.176419407129
        probability: 0.823580622673
        value: "acoustic"
    mood_aggressive:
        all:
            aggressive: 0.103332847357
            not_aggressive: 0.896667122841
        probability: 0.896667122841
        value: "not_aggressive"
    mood_electronic:
        all:
            electronic: 0.539214849472
            not_electronic: 0.460785120726
        probability: 0.539214849472
        value: "electronic"
    mood_happy:
        all:
            happy: 0.208452582359
            not_happy: 0.791547417641
        probability: 0.791547417641
        value: "not_happy"
    mood_party:
        all:
            not_party: 0.877951443195
            party: 0.122048556805
        probability: 0.877951443195
        value: "not_party"
    mood_relaxed:
        all:
            not_relaxed: 0.259623289108
            relaxed: 0.740376710892
        probability: 0.740376710892
        value: "relaxed"
    mood_sad:
        all:
            not_sad: 0.170310646296
            sad: 0.829689383507
        probability: 0.829689383507
        value: "sad"
    rhythm:
        all:
            fast: 0.568992555141
            medium: 0.385324925184
            slow: 0.0456825233996
        probability: 0.568992555141
        value: "fast"
    speech_music:
        all:
            music: 0.993005335331
            speech: 0.00699466140941
        probability: 0.993005335331
        value: "music"
    timbre:
        all:
            bright: 0.395856678486
            dark: 0.604143321514
        probability: 0.604143321514
        value: "dark"
    voice_instrumental:
        all:
            instrumental: 0.98922753334
            voice: 0.0107724675909
        probability: 0.98922753334
        value: "instrumental"

lowlevel:
    average_loudness: 0.96232688427
    barkbands_kurtosis:
        dmean: 2.01556754112
        dmean2: 3.32241463661
        dvar: 5.07513332367
        dvar2: 12.7262973785
        max: 16.0028705597
        mean: 1.6544970274
        min: -1.81747329235
        var: 9.15435314178
    barkbands_skewness:
        dmean: 0.590509474277
        dmean2: 0.949987530708
        dvar: 0.305057585239
        dvar2: 0.774843871593
        max: 4.02755880356
        mean: 1.48271405697
        min: -1.28703844547
        var: 0.685117661953
    barkbands_spread:
        dmean: 7.45356750488
        dmean2: 12.1463766098
        dvar: 53.162322998
        dvar2: 128.203109741
        max: 60.9437332153
        mean: 27.3398418427
        min: 8.46403598785
        var: 108.91192627
    dissonance:
        dmean: 0.0193369947374
        dmean2: 0.0308982394636
        dvar: 0.000314371834975
        dvar2: 0.000761415867601
        max: 0.500000059605
        mean: 0.455671906471
        min: 0.348938405514
        var: 0.000794234802015
    hfc:
        dmean: 1.46891200542
        dmean2: 2.09030818939
        dvar: 11.0611143112
        dvar2: 27.4251003265
        max: 42.495929718
        mean: 2.97256159782
        min: 1.21807272535e-06
        var: 14.0556201935
    pitch:
        dmean: 740.943664551
        dmean2: 1456.12854004
        dvar: 1615776.125
        dvar2: 3888332.75
        max: 4410
        mean: 1046.09423828
        min: 76.4298095703
        var: 1822419.875
    pitch_instantaneous_confidence:
        dmean: 0.0882347524166
        dmean2: 0.134364873171
        dvar: 0.00625079032034
        dvar2: 0.0124488547444
        max: 0.901279568672
        mean: 0.474342852831
        min: 0.0866668820381
        var: 0.0228578150272
    pitch_salience:
        dmean: 0.0704576969147
        dmean2: 0.112358689308
        dvar: 0.00423682201654
        dvar2: 0.0109728341922
        max: 0.969554543495
        mean: 0.507269442081
        min: 0.260242968798
        var: 0.00925015006214
    silence_rate_20dB:
        dmean: 0
        dmean2: 0
        dvar: 0
        dvar2: 0
        max: 1
        mean: 1
        min: 1
        var: 0
    silence_rate_30dB:
        dmean: 0
        dmean2: 0
        dvar: 0
        dvar2: 0
        max: 1
        mean: 1
        min: 1
        var: 0
    silence_rate_60dB:
        dmean: 0.153132244945
        dmean2: 0.304651170969
        dvar: 0.129682540894
        dvar2: 0.235094502568
        max: 1
        mean: 0.627314805984
        min: 0
        var: 0.233790650964
    spectral_centroid:
        dmean: 264.082275391
        dmean2: 432.114868164
        dvar: 83439.6171875
        dvar2: 212678.015625
        max: 2483.98681641
        mean: 854.795593262
        min: 305.532836914
        var: 145264.328125
    spectral_complexity:
        dmean: 2.27209305763
        dmean2: 3.40093231201
        dvar: 13.8957109451
        dvar2: 29.4896030426
        max: 44
        mean: 6.11832952499
        min: 0
        var: 23.422203064
    spectral_crest:
        dmean: 2.36192941666
        dmean2: 3.8063852787
        dvar: 4.57653856277
        dvar2: 12.2783269882
        max: 20.4988193512
        mean: 9.90480899811
        min: 3.39690494537
        var: 10.2010622025
    spectral_decrease:
        dmean: 4.11696288172e-10
        dmean2: 6.26654728109e-10
        dvar: 5.28015906471e-19
        dvar2: 1.30906119244e-18
        max: -4.98162416774e-16
        mean: -8.48485171012e-10
        min: -6.44252606818e-09
        var: 6.97588035442e-19
    spectral_energy:
        dmean: 0.00167099013925
        dmean2: 0.00252313097008
        dvar: 8.7868220362e-06
        dvar2: 2.15724703594e-05
        max: 0.0256598070264
        mean: 0.00347199570388
        min: 1.99066252371e-09
        var: 1.18648731586e-05
    spectral_energyband_high:
        dmean: 8.73656608746e-05
        dmean2: 0.000142772492836
        dvar: 7.12285554982e-08
        dvar2: 1.94145357568e-07
        max: 0.00383851025254
        mean: 0.00011115927191
        min: 1.91105516828e-11
        var: 5.64439233131e-08
    spectral_energyband_low:
        dmean: 0.000200544760446
        dmean2: 0.000338349840604
        dvar: 9.18754849977e-08
        dvar2: 2.45179506919e-07
        max: 0.00294496724382
        mean: 0.000350187270669
        min: 1.04794513345e-10
        var: 1.27496747382e-07
    spectral_energyband_middle_high:
        dmean: 0.000346758984961
        dmean2: 0.000478511647088
        dvar: 5.63443677493e-07
        dvar2: 1.38219365908e-06
        max: 0.00906151812524
        mean: 0.000695177761372
        min: 2.48629977717e-10
        var: 7.75418641297e-07
    spectral_energyband_middle_low:
        dmean: 0.00124167639297
        dmean2: 0.00197545834817
        dvar: 5.52949541088e-06
        dvar2: 1.405236344e-05
        max: 0.0224993787706
        mean: 0.00231545395218
        min: 1.6142294168e-09
        var: 6.47913566354e-06
    spectral_flatness_db:
        dmean: 0.0239057615399
        dmean2: 0.0373762622476
        dvar: 0.000434340094216
        dvar2: 0.00103313999716
        max: 0.269943833351
        mean: 0.173597484827
        min: 0.0586823746562
        var: 0.00111244479194
    spectral_flux:
        dmean: 0.0115910181776
        dmean2: 0.018191203475
        dvar: 0.000220651549171
        dvar2: 0.000456936424598
        max: 0.129283905029
        mean: 0.0272351484746
        min: 4.46168414783e-05
        var: 0.000355471769581
    spectral_kurtosis:
        dmean: 1.19863307476
        dmean2: 1.93693578243
        dvar: 1.60772585869
        dvar2: 4.18343639374
        max: 12.4220952988
        mean: 3.48749351501
        min: 0.0892832279205
        var: 3.16905283928
    spectral_rms:
        dmean: 0.00039335139445
        dmean2: 0.000568173651118
        dvar: 2.33789194226e-07
        dvar2: 5.26050200733e-07
        max: 0.00500339455903
        mean: 0.00169387378264
        min: 1.39359599416e-06
        var: 5.18107071912e-07
    spectral_rolloff:
        dmean: 785.260986328
        dmean2: 1355.63793945
        dvar: 806710.5625
        dvar2: 1846824.375
        max: 4371.24023438
        mean: 1843.46240234
        min: 193.798828125
        var: 1300612.25
    spectral_skewness:
        dmean: 0.202501609921
        dmean2: 0.32394310832
        dvar: 0.0373874008656
        dvar2: 0.0888340473175
        max: 2.63770866394
        mean: 1.53515636921
        min: 0.840683043003
        var: 0.0938278436661
    spectral_spread:
        dmean: 940422.5
        dmean2: 1450283.25
        dvar: 1.68032351027e+12
        dvar2: 3.00965455462e+12
        max: 19186430
        mean: 5954483.5
        min: 3250399.5
        var: 2.71645120922e+12
    spectral_strongpeak:
        dmean: 0.18765078485
        dmean2: 0.30156442523
        dvar: 0.184968233109
        dvar2: 0.467864006758
        max: 4.31383609772
        mean: 0.348095357418
        min: 7.83541145211e-06
        var: 0.207370623946
    zerocrossingrate:
        dmean: 0.00956009235233
        dmean2: 0.0117130586877
        dvar: 7.585081039e-05
        dvar2: 0.000125438775285
        max: 0.13134765625
        mean: 0.0638039708138
        min: 0.021484375
        var: 0.000336285942467
    barkbands:
        dmean: [1.33592166662e-07, 4.09488893638e-05, 0.000180442453711, 0.000606175919529, 0.000465996708954, 0.000168679049239, 0.000127838400658, 7.70045226091e-05, 3.41730701621e-05, 1.88640606211e-05, 2.08566252695e-05, 2.13310959225e-05, 1.96429828065e-05, 3.46506094502e-05, 1.8798504243e-05, 3.65393425454e-05, 4.64154072688e-05, 9.0479683422e-05, 8.97528298083e-05, 6.36715558358e-05, 3.5130604374e-05, 1.58369621204e-05, 4.06336403103e-06, 2.06879781217e-06, 1.5009661638e-06, 1.19698142953e-07, 2.48914844292e-09]
        dmean2: [2.03821073796e-07, 6.93618931109e-05, 0.000309676543111, 0.00100201379973, 0.000789160898421, 0.000243425907684, 0.000187981684576, 0.000103489190224, 4.40968433395e-05, 3.15847137244e-05, 2.86841786874e-05, 3.447313793e-05, 2.84674824798e-05, 4.72078463645e-05, 2.95635018119e-05, 5.69995499973e-05, 7.11811444489e-05, 0.00014525782899, 0.000133198060212, 0.000101258818177, 5.82041539019e-05, 2.67242194241e-05, 6.90485649102e-06, 3.40754922945e-06, 2.46314016294e-06, 2.04208305377e-07, 2.78454792557e-09]
        dvar: [6.1658935336e-13, 5.25071852664e-09, 7.67134480384e-08, 1.22565882066e-06, 1.40806685067e-06, 1.98401508555e-07, 8.26206871807e-08, 1.04323383709e-07, 5.40515809888e-09, 1.79243997422e-09, 2.53014809104e-09, 1.0209743273e-08, 1.95585192486e-09, 5.33042898709e-09, 2.1634025682e-09, 1.04099431297e-08, 1.18727276899e-08, 2.63975596937e-08, 4.93268359492e-08, 3.74303184003e-08, 1.28625101681e-08, 1.30666466536e-09, 6.12281336743e-11, 1.3989106748e-11, 9.29231865066e-12, 2.6051732928e-13, 1.63862218828e-15]
        dvar2: [6.29357731294e-13, 1.26083907759e-08, 2.12544506439e-07, 3.1226657029e-06, 3.8413522816e-06, 3.28554506268e-07, 1.68846739257e-07, 1.49551695472e-07, 8.55283666112e-09, 3.86101639549e-09, 4.97852203907e-09, 2.81480581066e-08, 3.65332097907e-09, 1.09364419743e-08, 5.46294876003e-09, 2.56127581366e-08, 3.00355473826e-08, 5.60853514742e-08, 1.18873707322e-07, 9.95368409917e-08, 3.47447972615e-08, 3.69061048389e-09, 1.64427665927e-10, 3.58820161084e-11, 2.54255418802e-11, 7.60710559215e-13, 1.58556489149e-15]
        max: [1.64796838362e-05, 0.00062429800164, 0.00269348826259, 0.00960066914558, 0.0109072234482, 0.00772482715547, 0.00350425648503, 0.00567234726623, 0.00103856285568, 0.000465509016067, 0.000585697824135, 0.00152403919492, 0.000760167371482, 0.00085528602358, 0.000600154977292, 0.00120975112077, 0.00142772763502, 0.00140131521039, 0.00216128490865, 0.00255354330875, 0.00173629063647, 0.000324659864418, 7.07470971975e-05, 2.54615970334e-05, 3.441820445e-05, 7.2908119364e-06, 8.55291887092e-07]
        mean: [1.59348701345e-07, 5.4485284636e-05, 0.000295565318083, 0.000880219973624, 0.000605761772022, 0.000311063282425, 0.000258642161498, 0.000184898846783, 7.22180775483e-05, 3.10070026899e-05, 3.74026785721e-05, 2.56401508523e-05, 3.37470555678e-05, 5.64622023376e-05, 3.18201709888e-05, 5.69889016333e-05, 7.77655441198e-05, 0.000160244846484, 0.000142152930493, 8.5102081357e-05, 4.50928528153e-05, 1.71114115801e-05, 4.49245362688e-06, 2.2869089662e-06, 1.55897282639e-06, 1.08463716231e-07, 2.4908488605e-09]
        min: [8.44192597771e-12, 4.25336710297e-11, 5.73888714328e-11, 7.40834615875e-11, 2.33850744324e-10, 2.87007861921e-10, 2.93224361458e-10, 2.97318614173e-10, 3.91871923799e-10, 1.5640740092e-10, 4.46306290536e-11, 2.05730484731e-11, 1.00048450427e-11, 1.46186760613e-11, 3.73800296272e-12, 1.74054564164e-12, 1.3634442967e-12, 2.18389594603e-11, 7.43389291097e-12, 1.02206619904e-11, 5.29531149832e-12, 1.7583797916e-12, 1.14032275376e-12, 1.30634663243e-12, 9.76755785628e-13, 7.75916494684e-13, 8.69766823668e-13]
        var: [6.37313823677e-13, 5.41173150737e-09, 1.01537665387e-07, 1.31549199978e-06, 9.98586415335e-07, 7.74363400069e-07, 2.98723534797e-07, 5.38089807378e-07, 2.27780549977e-08, 2.76103340191e-09, 6.63298971304e-09, 7.42505923412e-09, 5.61307311742e-09, 1.06054400817e-08, 2.8697355603e-09, 1.68750808882e-08, 1.73758785138e-08, 4.64947440548e-08, 6.3057512989e-08, 3.42804575837e-08, 9.97209337328e-09, 1.06684361345e-09, 5.54459082813e-11, 1.40698468501e-11, 7.48899466746e-12, 1.49741154263e-13, 1.69265749048e-15]
    mfcc:
        mean: [-758.873352051, 109.69644165, -19.8899154663, 66.9515609741, 1.32400798798, -5.47278642654, -2.20580148697, -4.47796583176, -7.01188373566, -8.81789493561, -2.37731647491, -8.07836341858, -11.1828298569]
        cov: [[3363.49121094, -284.391174316, -220.135009766, -131.746124268, -86.1590576172, 40.2263069153, -46.3279075623, -93.6186065674, -54.9643745422, 15.0011444092, 4.434258461, -33.9544258118, 66.6560668945], [-284.391174316, 554.98449707, -175.139312744, -46.5300979614, -20.4698410034, -2.41108107567, -20.2196769714, -48.1544113159, -9.70352554321, 12.2724542618, -12.380317688, -9.2805891037, 3.73807120323], [-220.135009766, -175.139312744, 319.859161377, 86.8253707886, 42.0045166016, -7.76291513443, 2.83792948723, 44.1812133789, 10.2783088684, -20.9139003754, 1.61911475658, 15.6297197342, -15.4282407761], [-131.746124268, -46.5300979614, 86.8253707886, 189.746948242, 73.9692382812, 9.37708854675, 23.5102214813, 58.7801246643, 8.68486118317, -24.608007431, -6.49589920044, 1.49712371826, 3.93947124481], [-86.1590576172, -20.4698410034, 42.0045166016, 73.9692382812, 108.454406738, 52.8597068787, 30.7731761932, 43.2394294739, 21.9041690826, 2.32005810738, -2.3741748333, -5.47884082794, -3.64688801765], [40.2263069153, -2.41108107567, -7.76291513443, 9.37708854675, 52.8597068787, 118.485816956, 70.4254302979, 29.1071739197, 9.6231546402, -11.8185653687, -10.9007759094, -14.9208154678, -14.4233980179], [-46.3279075623, -20.2196769714, 2.83792948723, 23.5102214813, 30.7731761932, 70.4254302979, 99.1901397705, 42.8425674438, -6.56699180603, -19.4312286377, -4.33783531189, -10.7901353836, -17.961648941], [-93.6186065674, -48.1544113159, 44.1812133789, 58.7801246643, 43.2394294739, 29.1071739197, 42.8425674438, 72.5120391846, 17.8638286591, -14.5324163437, -3.61324357986, 2.48418831825, 4.73351621628], [-54.9643745422, -9.70352554321, 10.2783088684, 8.68486118317, 21.9041690826, 9.6231546402, -6.56699180603, 17.8638286591, 55.0561561584, 25.4855518341, 0.173041403294, 3.34390473366, 3.01734161377], [15.0011444092, 12.2724542618, -20.9139003754, -24.608007431, 2.32005810738, -11.8185653687, -19.4312286377, -14.5324163437, 25.4855518341, 78.069519043, 38.3700256348, 12.8975439072, 8.8278799057], [4.434258461, -12.380317688, 1.61911475658, -6.49589920044, -2.3741748333, -10.9007759094, -4.33783531189, -3.61324357986, 0.173041403294, 38.3700256348, 70.4101257324, 29.9814796448, -4.58884716034], [-33.9544258118, -9.2805891037, 15.6297197342, 1.49712371826, -5.47884082794, -14.9208154678, -10.7901353836, 2.48418831825, 3.34390473366, 12.8975439072, 29.9814796448, 50.061466217, 20.2122821808], [66.6560668945, 3.73807120323, -15.4282407761, 3.93947124481, -3.64688801765, -14.4233980179, -17.961648941, 4.73351621628, 3.01734161377, 8.8278799057, -4.58884716034, 20.2122821808, 80.7247467041]]
        icov: [[0.000397682248149, 0.000369535817299, 0.000334649666911, -2.71972803603e-05, 0.000248962664045, -0.000617254059762, 0.000470679951832, 0.000302839587675, 0.000376804062398, -2.00479207706e-05, -0.000223167182412, 0.000451481901109, -0.000429891515523], [0.000369535817299, 0.00260697118938, 0.00152857345529, -0.000232129517826, -0.000130010317662, -0.000627577828709, 0.000622917897999, 0.00128148659132, 0.000535060535185, -0.000266446062597, 0.000578121573199, -0.000139973402838, -9.98781397357e-05], [0.000334649666911, 0.00152857345529, 0.00491223484278, -0.00116572901607, -0.000695245864335, 5.29487115273e-05, 0.00147448631469, -0.00108775834087, 0.000454355438706, 0.00051955220988, 0.000616457837168, -0.00178654748015, 0.0014270968968], [-2.71972803603e-05, -0.000232129517826, -0.00116572901607, 0.00969985406846, -0.00623344024643, 0.00342164048925, -0.000487858254928, -0.00430429074913, 0.000565326481592, 0.00277837109752, -0.000803502800409, 0.000458554364741, -0.00067481957376], [0.000248962664045, -0.000130010317662, -0.000695245864335, -0.00623344024643, 0.0200639236718, -0.0096779325977, 0.00397792551666, -0.00551848858595, -0.000743142445572, -0.00449994252995, 0.000211506339838, 0.00190669042058, 0.000412198103731], [-0.000617254059762, -0.000627577828709, 5.29487115273e-05, 0.00342164048925, -0.0096779325977, 0.0214470513165, -0.0148586491123, 0.00412603188306, -0.00599593296647, 0.00362518453039, 0.000324719061609, 0.000571575481445, -6.83559628669e-05], [0.000470679951832, 0.000622917897999, 0.00147448631469, -0.000487858254928, 0.00397792551666, -0.0148586491123, 0.0276406425983, -0.0155837796628, 0.0105153704062, -0.0022809903603, -0.000270312302746, 0.00114626577124, 0.00403097784147], [0.000302839587675, 0.00128148659132, -0.00108775834087, -0.00430429074913, -0.00551848858595, 0.00412603188306, -0.0155837796628, 0.0355517528951, -0.0143261337653, 0.00899586547166, -0.00408127717674, -6.56675620121e-05, -0.00603531999514], [0.000376804062398, 0.000535060535185, 0.000454355438706, 0.000565326481592, -0.000743142445572, -0.00599593296647, 0.0105153704062, -0.0143261337653, 0.0332496799529, -0.0162727031857, 0.00993836391717, -0.00427903421223, 0.00397131545469], [-2.00479207706e-05, -0.000266446062597, 0.00051955220988, 0.00277837109752, -0.00449994252995, 0.00362518453039, -0.0022809903603, 0.00899586547166, -0.0162727031857, 0.0294811856002, -0.0179871749133, 0.00591389322653, -0.00571699161083], [-0.000223167182412, 0.000578121573199, 0.000616457837168, -0.000803502800409, 0.000211506339838, 0.000324719061609, -0.000270312302746, -0.00408127717674, 0.00993836391717, -0.0179871749133, 0.0324860662222, -0.0189677830786, 0.00875278096646], [0.000451481901109, -0.000139973402838, -0.00178654748015, 0.000458554364741, 0.00190669042058, 0.000571575481445, 0.00114626577124, -6.56675620121e-05, -0.00427903421223, 0.00591389322653, -0.0189677830786, 0.0359293408692, -0.0108441766351], [-0.000429891515523, -9.98781397357e-05, 0.0014270968968, -0.00067481957376, 0.000412198103731, -6.83559628669e-05, 0.00403097784147, -0.00603531999514, 0.00397131545469, -0.00571699161083, 0.00875278096646, -0.0108441766351, 0.01799980551]]
    spectral_contrast:
        mean: [-2.18791655016e-07, -1.71730690113e-07, -2.958623746e-08, 2.57952592619e-07, -4.0139788382e-08, 7.42292201039e-08, 2.14511032937e-06, -1.87346665825e-06, 1.67788459748e-06, 4.97650376019e-07, 2.73821797236e-07, 2.57613760368e-06]
        var: [0.000243432878051, 0.000750500243157, 0.00136796268634, 0.0034353423398, 0.00389406899922, 0.0111563373357, 0.0472783409059, 0.0788386315107, 0.134570404887, 0.273299753666, 0.360567271709, 1.65819036961]

rhythm:
    beats_loudness:
        dmean: 0.00210605398752
        dmean2: 0.00377205340192
        dvar: 3.0472092476e-06
        dvar2: 7.55803375796e-06
        max: 0.0101621504873
        mean: 0.00389950838871
        min: 0.00112548016477
        var: 4.06639219364e-06
    beats_loudness_bass:
        dmean: 0.121272914112
        dmean2: 0.186361521482
        dvar: 0.00641859602183
        dvar2: 0.018138775602
        max: 0.565943181515
        mean: 0.283688008785
        min: 0.0998595058918
        var: 0.0123433526605
    bpm: 106.321891785
    bpm_confidence: 0
    first_peak_bpm: 106
    first_peak_spread: 0.0909090638161
    first_peak_weight: 0.526315808296
    onset_rate: 5.69720935822
    second_peak_bpm: 143
    second_peak_spread: 0
    second_peak_weight: 0.421052634716
    beats_position: [0.238957822323, 0.803287625313, 1.3676173687, 1.93194723129, 2.49627709389, 3.06060695648, 3.62493681908, 4.18926668167, 4.75359630585, 5.31792593002, 5.8822555542, 6.45964431763, 6.87791252136, 7.29618024826, 7.714448452, 8.13271617889, 8.55098438263, 8.96925258636, 9.3875207901, 9.80578804016]
    bpm_estimates: [106.546981812, 106.467506409, 106.682815552, 105.495567322, 106.37840271, 106.37311554, 106.440849304, 106.18989563]
    bpm_intervals: [0.56432980299, 0.564329743385, 0.564329862595, 0.564329862595, 0.564329862595, 0.564329862595, 0.564329862595, 0.564329624176, 0.564329624176, 0.564329624176, 0.577388763428, 0.418268203735, 0.418267726898, 0.418268203735, 0.418267726898, 0.418268203735, 0.418268203735, 0.418268203735, 0.418267250061]
    onset_times: [0.0580498874187, 0.232199549675, 0.394739240408, 0.696598649025, 0.789478480816, 0.975238084793, 1.06811785698, 1.27709746361, 1.369977355, 1.66022670269, 1.81115651131, 1.92725622654, 2.33360552788, 2.3916554451, 2.65868473053, 2.76317453384, 2.94893431664, 3.06503391266, 3.32045340538, 3.5178232193, 3.62231302261, 3.79646253586, 4.1679816246, 4.36535167694, 4.46984148026, 4.65560102463, 4.77170085907, 4.94585037231, 5.02712011337, 5.30575942993, 5.51473903656, 5.59600925446, 5.78176879883, 5.92108821869, 6.04879808426, 6.35065746307, 6.61768722534, 6.7570066452, 6.88471651077, 7.01242637634, 7.16335582733, 7.30267572403, 7.45360565186, 7.60453510284, 7.7670750618, 7.85995483398, 8.05732440948, 8.15020370483, 8.3011341095, 8.59138298035, 8.6958732605, 8.99773216248, 9.14866256714, 9.41569137573, 9.55501174927, 9.71755123138, 9.97297096252]
    rubato_start: [6.87791252136]
    rubato_stop: [7.29618024826]
    perceptual_tempo: "unknown"

sfx:
    inharmonicity:
        dmean: 0.0321707464755
        dmean2: 0.0584187991917
        dvar: 0.00198232079856
        dvar2: 0.00508984364569
        max: 0.302590996027
        mean: 0.0302493255585
        min: 0
        var: 0.00189010961913
    oddtoevenharmonicenergyratio:
        dmean: 6.91273832321
        dmean2: 13.3420639038
        dvar: 1336.17358398
        dvar2: 3860.39111328
        max: 500.721801758
        mean: 3.99437999725
        min: 0
        var: 752.374328613
    pitch_after_max_to_before_max_energy_ratio: 0.349531859159
    pitch_centroid: 201.171615601
    pitch_max_to_total: 0.614849209785
    pitch_min_to_total: 0.682134568691
    tristimulus:
        dmean: [0.250797599554, 0.271736055613, 0.102752074599]
        dmean2: [0.450366944075, 0.484112620354, 0.184782937169]
        dvar: [0.0525260493159, 0.0620961599052, 0.0118438303471]
        dvar2: [0.135592788458, 0.177584603429, 0.0333647951484]
        max: [1, 0.982853055, 0.554041564465]
        mean: [0.498235493898, 0.336397588253, 0.0914787054062]
        min: [0.00135548575781, 0, 0]
        var: [0.0780912414193, 0.0734229534864, 0.0122030396014]

tonal:
    chords_changes_rate: 0.101851850748
    chords_number_rate: 0.037037037313
    chords_strength:
        dmean: 0.012307992205
        dmean2: 0.0112447915599
        dvar: 9.31043468881e-05
        dvar2: 9.32875555009e-05
        max: 0.493528574705
        mean: 0.37072622776
        min: 0.236897587776
        var: 0.00315891462378
    key_strength: 0.667169213295
    tuning_diatonic_strength: 0.400793552399
    tuning_equal_tempered_deviation: 0.0756799802184
    tuning_frequency: 441.272583008
    tuning_nontempered_energy_ratio: 0.713500857353
    hpcp:
        dmean: [0.0996124520898, 0.0654476583004, 0.0680222436786, 0.102479338646, 0.0860470086336, 0.0693718194962, 0.0846574753523, 0.0807770416141, 0.12535443902, 0.153593167663, 0.13933005929, 0.0911711230874, 0.0924190506339, 0.0838030725718, 0.072105281055, 0.0975047722459, 0.112833112478, 0.122029356658, 0.111442603171, 0.0899436026812, 0.0966903343797, 0.11317884177, 0.146917596459, 0.242862582207, 0.230612739921, 0.238507524133, 0.162348613143, 0.115096218884, 0.0980832353234, 0.1206856668, 0.100857101381, 0.0720169991255, 0.0463193766773, 0.0675147548318, 0.0826512128115, 0.0936427563429]
        dmean2: [0.156061977148, 0.106741189957, 0.10655131191, 0.172589883208, 0.146346643567, 0.124232597649, 0.144472882152, 0.135136142373, 0.214511439204, 0.251939386129, 0.232104629278, 0.158852174878, 0.152885004878, 0.137508749962, 0.128348588943, 0.165847599506, 0.208549141884, 0.216249540448, 0.176317662001, 0.152023866773, 0.181664228439, 0.197223588824, 0.254058361053, 0.42198035121, 0.395023018122, 0.410150468349, 0.303342700005, 0.198670893908, 0.175750494003, 0.220076411963, 0.178855285048, 0.126138359308, 0.0719093605876, 0.106479071081, 0.140202060342, 0.158630520105]
        dvar: [0.0266948714852, 0.00988801382482, 0.0152954366058, 0.0420092865825, 0.0223850142211, 0.0207949187607, 0.0261243991554, 0.017303481698, 0.0206224434078, 0.0360295437276, 0.0358328036964, 0.0254353396595, 0.0323140136898, 0.0233740918338, 0.023563824594, 0.0338233672082, 0.0489867180586, 0.0426503457129, 0.0387478843331, 0.0296880938113, 0.0446089841425, 0.0521941557527, 0.046350505203, 0.0639763176441, 0.0875064432621, 0.0606369674206, 0.06595236063, 0.0378064401448, 0.0245041176677, 0.0402010381222, 0.0408486835659, 0.0212131142616, 0.00437508616596, 0.0126994345337, 0.0184858813882, 0.0145676666871]
        dvar2: [0.0458621606231, 0.0203949995339, 0.0305464025587, 0.0792971029878, 0.052141983062, 0.0539773143828, 0.0541040152311, 0.047216642648, 0.0543928854167, 0.0810080319643, 0.103529974818, 0.06429246068, 0.065336368978, 0.0637578889728, 0.0683414489031, 0.0911081507802, 0.136607930064, 0.118577122688, 0.0899593904614, 0.075283780694, 0.124805010855, 0.124922990799, 0.12030569464, 0.157757177949, 0.145955279469, 0.159202635288, 0.182587608695, 0.0869296044111, 0.0597583837807, 0.108884260058, 0.100778654218, 0.0602206923068, 0.00936429854482, 0.0233853477985, 0.0416415669024, 0.0330945104361]
        max: [1, 0.600682497025, 0.824267745018, 1, 1, 1, 1, 0.922626793385, 0.873259663582, 1, 1, 1, 1, 1, 1, 1, 1, 1, 1, 1, 1, 1, 1, 1, 1, 1, 1, 1, 0.837035775185, 1, 1, 1, 0.611920416355, 1, 1, 0.655180156231]
        mean: [0.1591373384, 0.0846811458468, 0.0800726562738, 0.138405904174, 0.101332917809, 0.0742456614971, 0.0966717898846, 0.0850631594658, 0.1713989079, 0.251986086369, 0.158116325736, 0.101858437061, 0.13066123426, 0.0940955728292, 0.0601988509297, 0.0791667848825, 0.0862530097365, 0.110129341483, 0.130472689867, 0.0871515795588, 0.0778795555234, 0.110895551741, 0.130600422621, 0.368312329054, 0.535981476307, 0.307040572166, 0.141024827957, 0.126686125994, 0.10190988332, 0.124213166535, 0.134359940886, 0.079295925796, 0.0577606484294, 0.0875021144748, 0.0932760387659, 0.136378720403]
        min: [0.00140843179543, 0.000872701173648, 0.000494652660564, 0.000807713367976, 0.00101720518433, 0.00183968723286, 0.00048508841428, 0.00131539802533, 0.000760143448133, 0.000513087026775, 0.000482748815557, 0.00202056835406, 0.00105968723074, 0.00117291114293, 0.00134854810312, 0.000945428560954, 0.000956971431151, 0.000648122164421, 0.000426466547651, 0.000410517328419, 0.000512016762514, 0.000733656517696, 0.00182910938747, 0.0017849978758, 0.00213811034337, 0.00495438976213, 0.00246183760464, 0.00132721150294, 0.00124508771114, 0.00186062394641, 0.00122895196546, 0.000823231704999, 0.000739520590287, 0.00181454513222, 0.00175752234645, 0.00149118783884]
        var: [0.0569047890604, 0.0163498837501, 0.0214593876153, 0.0745400711894, 0.0326004102826, 0.0195084977895, 0.0392710752785, 0.0199006590992, 0.0312334094197, 0.0693788379431, 0.0413744300604, 0.0291124302894, 0.0717937126756, 0.0309234894812, 0.015659853816, 0.0274587888271, 0.0355008207262, 0.0401851199567, 0.0566810816526, 0.0307684447616, 0.0315454937518, 0.0621016435325, 0.043728183955, 0.100538432598, 0.178006738424, 0.0765384957194, 0.055017516017, 0.0518255718052, 0.0237220041454, 0.0414201170206, 0.0671342909336, 0.0243979617953, 0.00620828056708, 0.022650718689, 0.0258777141571, 0.0245718322694]
    chords_histogram: [3.70370364189, 21.2962970734, 52.7777786255, 0, 6.01851844788, 0, 2.31481480598, 0.925925910473, 2.31481480598, 7.40740728378, 0, 2.77777767181, 0, 0, 0, 0, 0, 0, 0, 0, 0, 0, 0.462962955236, 0]
    thpcp: [1, 0.572856664658, 0.263115108013, 0.236362874508, 0.190136954188, 0.231748998165, 0.250680208206, 0.147945269942, 0.107766129076, 0.163255855441, 0.174028471112, 0.254446715117, 0.296908289194, 0.1579926759, 0.149394452572, 0.258228898048, 0.189060479403, 0.138522818685, 0.180364057422, 0.158705413342, 0.319785147905, 0.470139533281, 0.295003354549, 0.190040960908, 0.24377939105, 0.175557509065, 0.112315170467, 0.147704333067, 0.160925358534, 0.205472290516, 0.243427604437, 0.162601843476, 0.145302698016, 0.206901833415, 0.243665918708, 0.687173604965]
    chords_key: "F"
    chords_scale: "minor"
    key_key: "A#"
    key_scale: "minor"
    chords_progression: ["F", "F", "Dm", "Dm", "Dm", "Dm", "Dm", "F", "F", "F", "F", "F", "Fm", "Fm", "Fm", "Fm", "Fm", "F", "F", "F", "F", "F", "F", "F", "F", "F", "Fm", "Fm", "Fm", "Fm", "Fm", "Fm", "Fm", "Fm", "Fm", "Fm", "Fm", "Fm", "Fm", "Fm", "Fm", "Fm", "Fm", "Fm", "Fm", "Fm", "Fm", "Fm", "Fm", "Fm", "Fm", "Fm", "Fm", "Fm", "Fm", "C#", "C#", "C#", "C#", "C#", "C#", "C#", "C#", "C#", "C#", "C#", "C#", "Fm", "Fm", "Fm", "Fm", "Fm", "Fm", "Fm", "Fm", "Fm", "Fm", "Fm", "Fm", "Fm", "Fm", "C#", "C#", "C#", "C#", "C#", "C#", "C#", "C#", "C#", "C#", "C#", "Fm", "Fm", "Fm", "Fm", "Fm", "Fm", "Fm", "Fm", "Fm", "Fm", "Fm", "Fm", "Fm", "Fm", "Fm", "Fm", "A#", "A#", "Fm", "Fm", "Fm", "Fm", "Fm", "Fm", "Fm", "Fm", "Fm", "Fm", "Fm", "Fm", "Fm", "Fm", "Fm", "Fm", "Fm", "Fm", "Fm", "Fm", "Fm", "Fm", "Fm", "Fm", "D#m", "Fm", "Fm", "Fm", "Fm", "Fm", "Fm", "Fm", "Fm", "Fm", "Fm", "Fm", "Fm", "Fm", "Fm", "Fm", "Fm", "Fm", "Fm", "Fm", "Fm", "Fm", "Fm", "Fm", "Fm", "Fm", "Fm", "C#", "C#", "C#", "C#", "C#", "C#", "C#", "C#", "C#", "C#", "C#", "C#", "C#", "C#", "C#", "C#", "C#", "C#", "C#", "C#", "C#", "C#", "C#", "C", "C", "C", "C", "C", "A#m", "A#m", "A#m", "A#m", "A#m", "C", "A#m", "A#m", "A#m", "Gm", "Gm", "Gm", "Gm", "Cm", "Cm", "Cm", "Cm", "Cm", "Cm", "Cm", "Cm", "Gm", "Cm", "Cm", "Cm", "Cm", "Cm"]
