
metadata:
    version:
        essentia: "1.2.2"
    audio_properties:
        analysis_sample_rate: 44100
        bitrate: 128
        channels: 2
        equal_loudness: 1
        length: 8.33306121826
        replay_gain: -8.84351921082
        downmix: "mix"
    tags:
        track: 46
        year: 0
        album: "Splitted by Mp3Splt v. 2.1"
        artist: "From 007.30 To 007.40"
        comment: "http://mp3splt.sf.net"
        genre: ""
        title: "11 Disco.mp3"

highlevel:
    ballroom:
        all:
            ChaChaCha: 0.423763841391
            Jive: 0.090050727129
            Quickstep: 0.0408188402653
            Rumba-American: 0.00321021396667
            Rumba-International: 0.0103314844891
            Rumba-Misc: 0.00371825741604
            Samba: 0.419737815857
            Tango: 0.00284418277442
            VienneseWaltz: 0.00113917258568
            Waltz: 0.00438548158854
        probability: 0.423763841391
        value: "ChaChaCha"
    culture:
        all:
            non_western: 0.988697528839
            western: 0.0113024692982
        probability: 0.988697528839
        value: "non_western"
    gender:
        all:
            female: 0.882694065571
            male: 0.117305919528
        probability: 0.882694065571
        value: "female"
    genre_dortmund:
        all:
            alternative: 0.013019236736
            blues: 0.0047918651253
            electronic: 0.629501342773
            folkcountry: 0.00490497425199
            funksoulrnb: 0.0180553868413
            jazz: 0.137987300754
            pop: 0.0148434722796
            raphiphop: 0.160793632269
            rock: 0.0161027722061
        probability: 0.629501342773
        value: "electronic"
    genre_electronica:
        all:
            ambient: 0.55578237772
            dnb: 0.135965064168
            house: 0.213493064046
            techno: 0.0522692725062
            trance: 0.0424902178347
        probability: 0.55578237772
        value: "ambient"
    genre_rosamerica:
        all:
            cla: 0.0420955084264
            dan: 0.277464210987
            hip: 0.0356080830097
            jaz: 0.048559371382
            pop: 0.467792898417
            rhy: 0.0763302892447
            roc: 0.0390143096447
            spe: 0.0131353400648
        probability: 0.467792898417
        value: "pop"
    genre_tzanetakis:
        all:
            blu: 0.00205640448257
            cla: 0.0066677830182
            cou: 0.00322661874816
            dis: 0.0299498420209
            hip: 0.0649370625615
            jaz: 0.00699232099578
            met: 0.00254185451195
            pop: 0.699102461338
            reg: 0.149006649852
            roc: 0.0355189889669
        probability: 0.699102461338
        value: "pop"
    live_studio:
        all:
            live: 0.692312121391
            studio: 0.307687878609
        probability: 0.692312121391
        value: "live"
    mood:
        all:
            Cluster1: 0.436754107475
            Cluster2: 0.324050068855
            Cluster3: 0.0351209156215
            Cluster4: 0.105811327696
            Cluster5: 0.0982635840774
        probability: 0.436754107475
        value: "Cluster1"
    mood_acoustic:
        all:
            acoustic: 0.110804721713
            not_acoustic: 0.889195263386
        probability: 0.889195263386
        value: "not_acoustic"
    mood_aggressive:
        all:
            aggressive: 0.101316466928
            not_aggressive: 0.898683547974
        probability: 0.898683547974
        value: "not_aggressive"
    mood_electronic:
        all:
            electronic: 0.947888195515
            not_electronic: 0.0521118342876
        probability: 0.947888195515
        value: "electronic"
    mood_happy:
        all:
            happy: 0.284900188446
            not_happy: 0.715099811554
        probability: 0.715099811554
        value: "not_happy"
    mood_party:
        all:
            not_party: 0.364208579063
            party: 0.635791420937
        probability: 0.635791420937
        value: "party"
    mood_relaxed:
        all:
            not_relaxed: 0.192263707519
            relaxed: 0.80773627758
        probability: 0.80773627758
        value: "relaxed"
    mood_sad:
        all:
            not_sad: 0.665497601032
            sad: 0.334502398968
        probability: 0.665497601032
        value: "not_sad"
    rhythm:
        all:
            fast: 0.210735738277
            medium: 0.598142921925
            slow: 0.191121324897
        probability: 0.598142921925
        value: "medium"
    speech_music:
        all:
            music: 0.538384854794
            speech: 0.461615145206
        probability: 0.538384854794
        value: "music"
    timbre:
        all:
            bright: 0.0418809317052
            dark: 0.958119094372
        probability: 0.958119094372
        value: "dark"
    voice_instrumental:
        all:
            instrumental: 0.405899912119
            voice: 0.594100058079
        probability: 0.594100058079
        value: "voice"

lowlevel:
    average_loudness: 0.156346440315
    barkbands_kurtosis:
        dmean: 3.47480750084
        dmean2: 5.51224851608
        dvar: 19.4172687531
        dvar2: 45.540348053
        max: 36.8251266479
        mean: 3.49544477463
        min: -1.8528689146
        var: 34.2210083008
    barkbands_skewness:
        dmean: 0.660700976849
        dmean2: 1.01651203632
        dvar: 0.337499707937
        dvar2: 0.689931452274
        max: 3.62534070015
        mean: 0.685675680637
        min: -2.14328050613
        var: 1.40951097012
    barkbands_spread:
        dmean: 5.3804974556
        dmean2: 8.04937553406
        dvar: 43.453125
        dvar2: 73.5712585449
        max: 60.6799888611
        mean: 19.7183952332
        min: 0.745047748089
        var: 282.268768311
    dissonance:
        dmean: 0.0379042848945
        dmean2: 0.0656735450029
        dvar: 0.00179284322076
        dvar2: 0.00474349735305
        max: 0.49846675992
        mean: 0.448405891657
        min: 0.287043660879
        var: 0.00256296154112
    hfc:
        dmean: 1.72546947002
        dmean2: 2.0556678772
        dvar: 9.98434925079
        dvar2: 12.6034736633
        max: 32.4189147949
        mean: 3.47495174408
        min: 0.00256983353756
        var: 37.6197509766
    pitch:
        dmean: 528.826904297
        dmean2: 1013.02886963
        dvar: 1119503.25
        dvar2: 1957659.5
        max: 4410
        mean: 1385.79064941
        min: 77.3684234619
        var: 2174602.75
    pitch_instantaneous_confidence:
        dmean: 0.132278561592
        dmean2: 0.21690954268
        dvar: 0.0132962511852
        dvar2: 0.0364847630262
        max: 0.952316939831
        mean: 0.524907708168
        min: 0.19663310051
        var: 0.0336104780436
    pitch_salience:
        dmean: 0.12185421586
        dmean2: 0.20538175106
        dvar: 0.0117890443653
        dvar2: 0.0305249560624
        max: 0.880677461624
        mean: 0.573257803917
        min: 0.143473744392
        var: 0.0214399397373
    silence_rate_20dB:
        dmean: 0
        dmean2: 0
        dvar: 0
        dvar2: 0
        max: 1
        mean: 1
        min: 1
        var: 0
    silence_rate_30dB:
        dmean: 0
        dmean2: 0
        dvar: 0
        dvar2: 0
        max: 1
        mean: 1
        min: 1
        var: 0
    silence_rate_60dB:
        dmean: 0.0706713795662
        dmean2: 0.14184397459
        dvar: 0.0656774565578
        dvar2: 0.135908171535
        max: 1
        mean: 0.859154939651
        min: 0
        var: 0.121007069945
    spectral_centroid:
        dmean: 240.455993652
        dmean2: 337.599151611
        dvar: 94787.90625
        dvar2: 162944.53125
        max: 3387.30126953
        mean: 1314.80822754
        min: 373.337188721
        var: 431216.34375
    spectral_complexity:
        dmean: 2.52427172661
        dmean2: 3.47317075729
        dvar: 21.4047679901
        dvar2: 29.5566387177
        max: 41
        mean: 6.24637699127
        min: 0
        var: 83.4611053467
    spectral_crest:
        dmean: 3.47471666336
        dmean2: 5.78157329559
        dvar: 11.9565734863
        dvar2: 28.3378810883
        max: 25.5644340515
        mean: 10.9207878113
        min: 4.01172399521
        var: 33.4456443787
    spectral_decrease:
        dmean: 2.34990388259e-10
        dmean2: 3.35876187973e-10
        dvar: 1.68138237228e-19
        dvar2: 3.29260199254e-19
        max: -5.43357730771e-13
        mean: -4.92464014012e-10
        min: -2.96789348653e-09
        var: 4.30244915826e-19
    spectral_energy:
        dmean: 0.00101646140683
        dmean2: 0.00142883730587
        dvar: 3.13277973873e-06
        dvar2: 5.7409265537e-06
        max: 0.0119255520403
        mean: 0.00217386125587
        min: 2.28384715228e-06
        var: 8.6374784587e-06
    spectral_energyband_high:
        dmean: 0.000113676680485
        dmean2: 0.000136413495056
        dvar: 5.43825287025e-08
        dvar2: 7.29617610773e-08
        max: 0.00220844498836
        mean: 0.00022006969084
        min: 2.97719293663e-09
        var: 1.90851181969e-07
    spectral_energyband_low:
        dmean: 0.000166702520801
        dmean2: 0.000262253306573
        dvar: 2.43638481834e-07
        dvar2: 5.02834268445e-07
        max: 0.00498355552554
        mean: 0.000229268654948
        min: 6.73507083437e-11
        var: 3.14347971653e-07
    spectral_energyband_middle_high:
        dmean: 0.00049301184481
        dmean2: 0.000678910815623
        dvar: 8.22309345949e-07
        dvar2: 1.65031144661e-06
        max: 0.00747126247734
        mean: 0.000873997574672
        min: 1.54664064667e-06
        var: 2.12378085962e-06
    spectral_energyband_middle_low:
        dmean: 0.000498506997246
        dmean2: 0.000803056638688
        dvar: 1.1368365449e-06
        dvar2: 2.66234951596e-06
        max: 0.00867864396423
        mean: 0.000850517943036
        min: 7.44551869047e-08
        var: 2.21702725867e-06
    spectral_flatness_db:
        dmean: 0.0238465592265
        dmean2: 0.0356318168342
        dvar: 0.000563403882552
        dvar2: 0.00116004911251
        max: 0.385804951191
        mean: 0.200777858496
        min: 0.0939128249884
        var: 0.00459396839142
    spectral_flux:
        dmean: 0.00920891575515
        dmean2: 0.0140003589913
        dvar: 0.000161385833053
        dvar2: 0.000344219704857
        max: 0.0968625769019
        mean: 0.0255244597793
        min: 0.000954909657594
        var: 0.000456174748251
    spectral_kurtosis:
        dmean: 2.88139438629
        dmean2: 4.81063699722
        dvar: 17.1673603058
        dvar2: 50.6749954224
        max: 37.2709197998
        mean: 8.1601228714
        min: 0.00606322288513
        var: 72.8298187256
    spectral_rms:
        dmean: 0.00029944156995
        dmean2: 0.000424772471888
        dvar: 1.75129670765e-07
        dvar2: 3.26634733483e-07
        max: 0.00341096543707
        mean: 0.00114340428263
        min: 4.72032152175e-05
        var: 8.13466670024e-07
    spectral_rolloff:
        dmean: 545.228942871
        dmean2: 920.150146484
        dvar: 688317.1875
        dvar2: 1251897.625
        max: 4866.50390625
        mean: 2015.27856445
        min: 193.798828125
        var: 1758053.125
    spectral_skewness:
        dmean: 0.337945520878
        dmean2: 0.537634432316
        dvar: 0.12311835587
        dvar2: 0.365178912878
        max: 4.9677939415
        mean: 2.0353205204
        min: 0.605680882931
        var: 1.15476441383
    spectral_spread:
        dmean: 672858.875
        dmean2: 1075580
        dvar: 415564529664
        dvar2: 1.00304656794e+12
        max: 9976267
        mean: 5004602
        min: 1390962.125
        var: 6.52566331392e+12
    spectral_strongpeak:
        dmean: 0.231360301375
        dmean2: 0.388785213232
        dvar: 0.135234087706
        dvar2: 0.318082213402
        max: 3.27221751213
        mean: 0.350578278303
        min: 0.0118932398036
        var: 0.232948750257
    zerocrossingrate:
        dmean: 0.00911853369325
        dmean2: 0.00957269407809
        dvar: 0.000115757095045
        dvar2: 0.000100027617009
        max: 0.16259765625
        mean: 0.075056143105
        min: 0.0283203125
        var: 0.00114145653788
    barkbands:
        dmean: [1.7537067265e-07, 5.22723967151e-05, 0.000138740215334, 0.000128486804897, 0.000192533567315, 0.000144935896969, 6.63690734655e-05, 6.02112777415e-05, 9.3780188763e-05, 7.951643056e-05, 7.4099873018e-05, 0.000120355114632, 1.20404274639e-05, 2.27862674365e-05, 2.24730465561e-05, 2.37240383285e-05, 5.08355660713e-05, 5.61377455597e-05, 0.00011563616863, 0.000106507795863, 4.35044566984e-05, 2.24071809498e-05, 3.79070047529e-06, 1.36777327953e-06, 8.67171308983e-07, 3.46070656576e-08, 9.32405541665e-11]
        dmean2: [2.59419351778e-07, 8.21248686407e-05, 0.000227775104577, 0.000228710981901, 0.000294330035103, 0.000203818839509, 0.000113866335596, 0.000104566002847, 0.00015865622845, 0.0001350841776, 0.000124400889035, 0.000187635334441, 1.89777019841e-05, 3.41848099197e-05, 3.69755216525e-05, 3.5224678868e-05, 7.42002666811e-05, 6.94952104823e-05, 0.000125515318359, 0.000142431745189, 6.15131357335e-05, 2.79693122138e-05, 5.25976565768e-06, 1.9532449187e-06, 1.35868197049e-06, 4.67913814362e-08, 1.45646675276e-10]
        dvar: [2.49032402772e-13, 1.87820905495e-08, 1.77219888542e-07, 2.46396609782e-07, 2.85094841956e-07, 1.86494162335e-07, 2.48196627695e-08, 5.68767681841e-08, 8.8990773861e-08, 5.11033206863e-08, 4.1276337015e-08, 2.91878507142e-07, 4.25311008634e-10, 6.09088690595e-09, 3.06202840861e-09, 2.8763533777e-09, 1.25311538923e-08, 1.88806552615e-08, 7.34848413231e-08, 6.47632916184e-08, 1.00042809592e-08, 2.21794449473e-09, 4.95023813607e-11, 5.58482600443e-12, 2.19667036297e-12, 3.16576700564e-15, 2.2699829643e-20]
        dvar2: [3.97542865597e-13, 4.16861745123e-08, 3.94555058847e-07, 7.25006771063e-07, 6.50317304007e-07, 2.30860365491e-07, 6.53591030186e-08, 1.58221624247e-07, 2.42157085495e-07, 1.44234135746e-07, 1.18081885603e-07, 6.94908067089e-07, 9.75160729944e-10, 1.01079900006e-08, 7.6261734705e-09, 5.76054848267e-09, 2.62052672895e-08, 3.24225339909e-08, 9.60361035141e-08, 1.25613169644e-07, 1.56897623782e-08, 4.33845626091e-09, 9.33856880714e-11, 1.09174813287e-11, 4.31701072459e-12, 5.92444193001e-15, 5.08316735892e-20]
        max: [3.76997877538e-06, 0.00107113958802, 0.00406901352108, 0.00472307251766, 0.00432816473767, 0.00679595209658, 0.00139072502498, 0.00253698416054, 0.00312762451358, 0.00193751160987, 0.00173472519964, 0.00691788038239, 0.000164416487678, 0.001046961057, 0.000407697953051, 0.000544942391571, 0.000922926701605, 0.00134790036827, 0.00317454943433, 0.00213269633241, 0.000772988656536, 0.000480122573208, 5.1449136663e-05, 1.98713478312e-05, 1.1523370631e-05, 4.38425075799e-07, 1.47257750438e-09]
        mean: [2.57840326867e-07, 6.77394491504e-05, 0.00016127928393, 0.000145373094711, 0.000190176433534, 0.000258621497778, 8.29656783026e-05, 5.52330348e-05, 0.000100802637462, 8.10548808658e-05, 7.32025146135e-05, 0.0001568980515, 1.47870214278e-05, 2.5443305276e-05, 2.4503629902e-05, 3.28402602463e-05, 6.82559548295e-05, 0.000102446232631, 0.000205910226214, 0.000193385058083, 8.21726425784e-05, 3.79940829589e-05, 7.384264336e-06, 3.06781248582e-06, 2.01203442884e-06, 5.55348762532e-08, 1.08330636128e-10]
        min: [1.0845068333e-12, 2.32581748999e-11, 3.91576146508e-11, 1.17339943317e-10, 5.3268274236e-09, 1.25237518134e-08, 1.24278853875e-08, 4.41006342555e-09, 2.72132698598e-08, 3.66710963817e-08, 5.78534553597e-08, 1.66735709684e-08, 2.90335435693e-08, 3.78774274168e-08, 2.08474197905e-08, 2.77300582496e-08, 6.39959241155e-09, 3.42961081756e-09, 5.01314367796e-09, 9.35826638404e-10, 1.76181613742e-09, 6.26773632995e-10, 3.26182310328e-11, 1.35297424306e-11, 1.77366177301e-11, 3.87808004026e-13, 1.13774916019e-15]
        var: [4.07564200488e-13, 2.50728362516e-08, 1.9383230665e-07, 1.4811230642e-07, 2.66235645086e-07, 8.0224941712e-07, 3.51748781213e-08, 3.78490128128e-08, 7.79676483376e-08, 4.37482796656e-08, 3.50373596802e-08, 4.64471156647e-07, 7.05168312631e-10, 8.92472140634e-09, 3.56567841919e-09, 6.17615869558e-09, 2.60076209457e-08, 6.11373991433e-08, 2.29873776902e-07, 1.85595993685e-07, 2.67681112831e-08, 5.56527934847e-09, 1.29621993694e-10, 1.5993168595e-11, 6.32673297432e-12, 7.67692980448e-15, 3.72640245376e-20]
    mfcc:
        mean: [-856.492675781, 106.503494263, -44.0665130615, 18.6244239807, -30.7343463898, -4.91724920273, 2.47656536102, 0.0165722426027, -2.60308861732, -7.18075418472, -8.08335018158, -8.61567401886, 5.32356119156]
        cov: [[26009.4628906, -3738.8125, 7616.44677734, 5957.04589844, 2127.35400391, -146.60975647, 437.7762146, 955.643798828, 57.5778579712, 336.588134766, 665.230834961, 281.52154541, -514.636047363], [-3738.8125, 1257.40087891, -1163.37060547, -1199.49560547, -310.896026611, 201.872741699, 87.4157104492, 6.57157707214, 55.0129432678, 11.3624200821, -88.1631164551, -54.8266525269, 96.3721466064], [7616.44677734, -1163.37060547, 3845.90893555, 2301.59838867, 772.609313965, -112.103172302, 239.111709595, 477.235900879, 55.2088623047, 147.923278809, 289.169067383, 198.743438721, -182.555297852], [5957.04589844, -1199.49560547, 2301.59838867, 2157.70703125, 724.616760254, -101.234558105, 9.90333938599, 115.143096924, -42.9021835327, 31.9896354675, 147.901519775, 165.684051514, -120.106559753], [2127.35400391, -310.896026611, 772.609313965, 724.616760254, 432.443450928, 94.4514007568, 33.1325340271, 42.2071495056, -8.78625106812, 15.5415773392, 58.4913902283, 58.9399871826, -19.0505847931], [-146.60975647, 201.872741699, -112.103172302, -101.234558105, 94.4514007568, 188.942550659, 99.9633178711, 34.8794555664, 9.30503177643, 2.93076586723, -2.68629789352, 12.1605615616, 32.95495224], [437.7762146, 87.4157104492, 239.111709595, 9.90333938599, 33.1325340271, 99.9633178711, 168.465454102, 114.49886322, 19.9641532898, 15.6030654907, 23.3547744751, 20.7580337524, 3.13898777962], [955.643798828, 6.57157707214, 477.235900879, 115.143096924, 42.2071495056, 34.8794555664, 114.49886322, 185.382659912, 60.6059799194, 48.2570266724, 44.8791770935, 0.241171896458, -27.3961906433], [57.5778579712, 55.0129432678, 55.2088623047, -42.9021835327, -8.78625106812, 9.30503177643, 19.9641532898, 60.6059799194, 76.774887085, 46.8302536011, 4.01849651337, -30.5836410522, -28.6600914001], [336.588134766, 11.3624200821, 147.923278809, 31.9896354675, 15.5415773392, 2.93076586723, 15.6030654907, 48.2570266724, 46.8302536011, 72.5079803467, 29.1319828033, -25.3357982635, -41.376159668], [665.230834961, -88.1631164551, 289.169067383, 147.901519775, 58.4913902283, -2.68629789352, 23.3547744751, 44.8791770935, 4.01849651337, 29.1319828033, 65.4252471924, 31.9289684296, -6.99284934998], [281.52154541, -54.8266525269, 198.743438721, 165.684051514, 58.9399871826, 12.1605615616, 20.7580337524, 0.241171896458, -30.5836410522, -25.3357982635, 31.9289684296, 103.840583801, 54.3252944946], [-514.636047363, 96.3721466064, -182.555297852, -120.106559753, -19.0505847931, 32.95495224, 3.13898777962, -27.3961906433, -28.6600914001, -41.376159668, -6.99284934998, 54.3252944946, 105.677528381]]
        icov: [[0.000180020942935, 0.000215100182686, 4.62349817099e-05, -0.000307451555273, -0.000204644718906, 4.07899860875e-05, -0.000147798709804, -0.000689236272592, 0.000368856912246, -0.00024627399398, -0.000433967041317, 0.000365728134057, -2.6056644856e-05], [0.000215100182686, 0.00271159806289, -0.000140629301313, 0.00116418465041, -0.000326430250425, -0.00174228078686, 0.000310331059154, -0.00154592853505, 0.000812440004665, -0.00269685941748, 0.00249611446634, -0.00150860450231, -0.000165503079188], [4.62349817099e-05, -0.000140629301313, 0.00205308222212, -0.00122571922839, -0.00169450114481, 0.00298772798851, -0.00158811209258, -0.00365692866035, 0.00119077181444, -0.001088237972, -0.00115394243039, -0.00122365099378, 0.000818479806185], [-0.000307451555273, 0.00116418465041, -0.00122571922839, 0.00472122104838, -0.00379732833244, 0.0017885719426, 0.000291666539852, 0.00140951003414, 0.000590727373492, -0.00133392505813, 0.00488311890513, -0.00462961941957, 0.00214495393448], [-0.000204644718906, -0.000326430250425, -0.00169450114481, -0.00379732833244, 0.0143570518121, -0.013871406205, 0.0059582227841, 0.00433881394565, -0.0032298148144, 0.00378403789364, -0.00467449007556, 0.00445240456611, -0.00207273056731], [4.07899860875e-05, -0.00174228078686, 0.00298772798851, 0.0017885719426, -0.013871406205, 0.0251168683171, -0.0141687300056, -0.00208362145349, 0.00172695994843, -0.00423533609137, 0.00287124561146, -0.00266495533288, -0.00110091245733], [-0.000147798709804, 0.000310331059154, -0.00158811209258, 0.000291666539852, 0.0059582227841, -0.0141687300056, 0.0210372041911, -0.00862484052777, 0.00350750866346, 0.00169751932845, 0.00162720785011, -0.00316590140574, 0.00256806542166], [-0.000689236272592, -0.00154592853505, -0.00365692866035, 0.00140951003414, 0.00433881394565, -0.00208362145349, -0.00862484052777, 0.0267440509051, -0.0153889711946, 0.00618734303862, -0.00634405296296, 0.00586037803441, -0.00322406576015], [0.000368856912246, 0.000812440004665, 0.00119077181444, 0.000590727373492, -0.0032298148144, 0.00172695994843, 0.00350750866346, -0.0153889711946, 0.0342273190618, -0.0210810657591, 0.0115403337404, -0.00222606770694, 0.0015059732832], [-0.00024627399398, -0.00269685941748, -0.001088237972, -0.00133392505813, 0.00378403789364, -0.00423533609137, 0.00169751932845, 0.00618734303862, -0.0210810657591, 0.0430936142802, -0.0238871313632, 0.0100502381101, 0.00582877267152], [-0.000433967041317, 0.00249611446634, -0.00115394243039, 0.00488311890513, -0.00467449007556, 0.00287124561146, 0.00162720785011, -0.00634405296296, 0.0115403337404, -0.0238871313632, 0.0440273024142, -0.0179005265236, 0.00162833090872], [0.000365728134057, -0.00150860450231, -0.00122365099378, -0.00462961941957, 0.00445240456611, -0.00266495533288, -0.00316590140574, 0.00586037803441, -0.00222606770694, 0.0100502381101, -0.0179005265236, 0.0309973303229, -0.0147596849129], [-2.6056644856e-05, -0.000165503079188, 0.000818479806185, 0.00214495393448, -0.00207273056731, -0.00110091245733, 0.00256806542166, -0.00322406576015, 0.0015059732832, 0.00582877267152, 0.00162833090872, -0.0147596849129, 0.0227818638086]]
    spectral_contrast:
        mean: [2.10919814947e-08, 1.14278231322e-08, -2.91607449299e-07, -7.4973719677e-08, 3.49565397073e-07, 2.49000549957e-07, 1.94161407308e-06, 4.64282766188e-06, -1.35219045205e-06, -9.13361986932e-07, -5.1052671779e-07, 1.5848501107e-06]
        var: [0.000143618308357, 0.000460798008135, 0.0015075072879, 0.00310048391111, 0.00369833293371, 0.00455392245203, 0.0785595700145, 0.167026698589, 0.300754994154, 0.606918215752, 1.0717151165, 13.7809343338]

rhythm:
    beats_loudness:
        dmean: 0.00241216807626
        dmean2: 0.00382149126381
        dvar: 7.69380858401e-06
        dvar2: 1.61277002917e-05
        max: 0.011310370639
        mean: 0.00312867434695
        min: 2.64514028459e-06
        var: 1.32640188895e-05
    beats_loudness_bass:
        dmean: 0.133386224508
        dmean2: 0.199338421226
        dvar: 0.0346659608185
        dvar2: 0.069993712008
        max: 0.665052950382
        mean: 0.138750612736
        min: 5.36254765393e-06
        var: 0.0428037010133
    bpm: 166.349075317
    bpm_confidence: 0
    first_peak_bpm: 166
    first_peak_spread: 0
    first_peak_weight: 1
    onset_rate: 1.92006266117
    second_peak_bpm: 0
    second_peak_spread: 0
    second_peak_weight: 0
    beats_position: [0.209205552936, 0.569893181324, 0.930580794811, 1.29126834869, 1.65195608139, 2.01264381409, 2.37333154678, 2.73401927948, 3.09470701218, 3.45539474487, 3.81608223915, 4.17677021027, 4.53745794296, 4.89814567566]
    bpm_estimates: [166.588104248, 166.223510742, 166.084350586, 166.42414856, 166.385543823, 166.38873291]
    bpm_intervals: [0.360687613487, 0.360687613487, 0.360687553883, 0.360687732697, 0.360687732697, 0.360687732697, 0.360687732697, 0.360687732697, 0.360687732697, 0.360687494278, 0.360687971115, 0.360687732697, 0.360687732697]
    onset_times: [0.0348299331963, 0.208979591727, 0.371519267559, 0.557278931141, 0.777868509293, 0.905578255653, 1.1261677742, 1.28870749474, 1.46285712719, 1.83437645435, 2.00852608681, 2.40326523781, 2.60063481331, 2.72834467888, 3.09986400604, 3.45977330208]
    rubato_start: []
    rubato_stop: []
    perceptual_tempo: "unknown"

sfx:
    inharmonicity:
        dmean: 0.0659177824855
        dmean2: 0.119964249432
        dvar: 0.00567363295704
        dvar2: 0.0160050913692
        max: 0.422428369522
        mean: 0.0561612844467
        min: 2.28697954299e-05
        var: 0.00508721219376
    oddtoevenharmonicenergyratio:
        dmean: 17.1406478882
        dmean2: 33.664440155
        dvar: 5372.64306641
        dvar2: 16503.4550781
        max: 614.90612793
        mean: 9.34620666504
        min: 0.000457207584986
        var: 2783.52758789
    pitch_after_max_to_before_max_energy_ratio: 1.46207344532
    pitch_centroid: 79.7207107544
    pitch_max_to_total: 0.260869562626
    pitch_min_to_total: 0.357487916946
    tristimulus:
        dmean: [0.249060839415, 0.310986280441, 0.130174696445]
        dmean2: [0.428779929876, 0.547777593136, 0.238223567605]
        dvar: [0.0494619756937, 0.0593248531222, 0.0215912219137]
        dvar2: [0.107961513102, 0.141814410686, 0.0596060976386]
        max: [0.945006728172, 0.993841350079, 0.740854680538]
        mean: [0.356356233358, 0.469164311886, 0.108178131282]
        min: [0.000862408196554, 0, 0]
        var: [0.080700583756, 0.0958495587111, 0.0218243040144]

tonal:
    chords_changes_rate: 0.0849056616426
    chords_number_rate: 0.0471698120236
    chords_strength:
        dmean: 0.0135181136429
        dmean2: 0.0163251124322
        dvar: 0.000101662917587
        dvar2: 0.000202177383471
        max: 0.632104575634
        mean: 0.443960309029
        min: 0.279940128326
        var: 0.0119423065335
    key_strength: 0.640174269676
    tuning_diatonic_strength: 0.371129155159
    tuning_equal_tempered_deviation: 0.176975652575
    tuning_frequency: 452.631469727
    tuning_nontempered_energy_ratio: 0.88554006815
    hpcp:
        dmean: [0.232426449656, 0.182991802692, 0.139730721712, 0.137314602733, 0.143766209483, 0.14833548665, 0.138566255569, 0.125208288431, 0.110321551561, 0.114264294505, 0.129094496369, 0.230615317822, 0.275299072266, 0.195299759507, 0.188625976443, 0.175154000521, 0.125705853105, 0.12683352828, 0.131843417883, 0.0903535559773, 0.0634595155716, 0.0805803462863, 0.0887367799878, 0.120079837739, 0.137401595712, 0.135411188006, 0.167546004057, 0.173312291503, 0.172950476408, 0.230654120445, 0.193420663476, 0.175254642963, 0.134369447827, 0.112792633474, 0.13624753058, 0.214102044702]
        dmean2: [0.380622565746, 0.279907226562, 0.239146947861, 0.234741613269, 0.237982288003, 0.254179030657, 0.215253293514, 0.177106723189, 0.169658243656, 0.18001113832, 0.196920007467, 0.371349453926, 0.482657760382, 0.347769528627, 0.329231917858, 0.298809140921, 0.212202683091, 0.220298454165, 0.23047426343, 0.151775240898, 0.112983807921, 0.136133909225, 0.141851246357, 0.211234226823, 0.242656856775, 0.234659731388, 0.293556421995, 0.290339171886, 0.289634972811, 0.398146003485, 0.300137788057, 0.303799808025, 0.230009645224, 0.19082249701, 0.222394019365, 0.361259579659]
        dvar: [0.0910061225295, 0.0443043261766, 0.0328024327755, 0.0367853492498, 0.0399652011693, 0.0390947759151, 0.0309644434601, 0.0294516179711, 0.0219644755125, 0.0251470152289, 0.0208851005882, 0.0589557103813, 0.0809036195278, 0.0472761243582, 0.054996073246, 0.0514129474759, 0.0291174426675, 0.0309469532222, 0.0393677987158, 0.0212833993137, 0.00946523435414, 0.0217885561287, 0.0230359844863, 0.0390572361648, 0.0396590456367, 0.0484167262912, 0.0432269908488, 0.0385709069669, 0.0437947325408, 0.0755780860782, 0.0464410558343, 0.0645901933312, 0.0345401912928, 0.0302549041808, 0.0290144775063, 0.0701355561614]
        dvar2: [0.180401220918, 0.0962629616261, 0.0658980682492, 0.0862225592136, 0.0903030782938, 0.101484462619, 0.0686714500189, 0.0532654561102, 0.0535135865211, 0.0597928799689, 0.0458470582962, 0.119704656303, 0.192185625434, 0.110545761883, 0.126429468393, 0.118278622627, 0.0787339732051, 0.0908342078328, 0.11353444308, 0.05550224334, 0.0280258655548, 0.0517217889428, 0.0470039248466, 0.105170570314, 0.100129529834, 0.125838130713, 0.122913844883, 0.103448346257, 0.109470047057, 0.142111107707, 0.0866847485304, 0.182005569339, 0.101816758513, 0.0894935876131, 0.068574115634, 0.153448060155]
        max: [1, 0.950481712818, 1, 1, 1, 1, 1, 1, 0.994600892067, 1, 1, 1, 1, 1, 1, 1, 1, 0.93543869257, 1, 0.786573827267, 0.475709944963, 0.990343511105, 1, 1, 0.798929810524, 1, 1, 1, 1, 1, 0.890902876854, 1, 0.822592020035, 1, 0.934549331665, 1]
        mean: [0.246132910252, 0.190229386091, 0.146673262119, 0.15845566988, 0.167577460408, 0.154875859618, 0.163877695799, 0.160826176405, 0.131561249495, 0.128776833415, 0.171709924936, 0.397899836302, 0.465699911118, 0.28166615963, 0.216946333647, 0.179338604212, 0.125256493688, 0.120217636228, 0.129917293787, 0.0949447974563, 0.061924058944, 0.0761581733823, 0.0969747528434, 0.11055535078, 0.115399889648, 0.112969271839, 0.142153039575, 0.190243601799, 0.22530515492, 0.250019669533, 0.210814833641, 0.153971269727, 0.136927708983, 0.129394114017, 0.155981570482, 0.220291122794]
        min: [0.0034015418496, 0.00180843297858, 0.00557599077001, 0.00340943248011, 0.00140890805051, 0.00150986353401, 0.00241083465517, 0.00251582195051, 0.00464141881093, 0.00472428929061, 0.00451601250097, 0.00455689430237, 0.00721563166007, 0.00395310949534, 0.00117683142889, 0.00163867988158, 0.000766470504459, 0.00421447167173, 0.00303649296984, 0.00174903578591, 0.00159243203234, 0.000814731814899, 0.00113627850078, 0.00186779012438, 0.00178593059536, 0.00118297012523, 0.00137951481156, 0.00135773222428, 0.00378338480368, 0.00398441776633, 0.00142048380803, 0.00220992323011, 0.00199130293913, 0.00283941277303, 0.00328436563723, 0.00383318192326]
        var: [0.107836253941, 0.0579974502325, 0.0417730174959, 0.0479713864625, 0.0503253564239, 0.0370494313538, 0.0472599007189, 0.0601832270622, 0.0376252830029, 0.0325713194907, 0.0329812802374, 0.135497108102, 0.15358607471, 0.0743326619267, 0.0684521123767, 0.0547582320869, 0.0259699281305, 0.0262557566166, 0.034394543618, 0.0207563508302, 0.0083569791168, 0.0227553416044, 0.0349897220731, 0.033616155386, 0.0332985706627, 0.0388554483652, 0.0414296984673, 0.0659378916025, 0.0755648612976, 0.0926730111241, 0.0656443834305, 0.0559155493975, 0.03578909114, 0.0336704999208, 0.0419558100402, 0.0783781409264]
    chords_histogram: [35.8490562439, 0, 0, 0, 0, 7.54716968536, 0, 50, 0, 1.88679242134, 0, 0, 0, 0, 0, 0, 0, 0, 0, 0, 0, 0, 4.71698093414, 0]
    thpcp: [1, 0.604823291302, 0.465850055218, 0.385094791651, 0.268963962793, 0.258143991232, 0.278972119093, 0.203875496984, 0.132969871163, 0.163534864783, 0.208234429359, 0.237396121025, 0.24779881537, 0.242579549551, 0.305245995522, 0.408511132002, 0.483799010515, 0.53686863184, 0.452683866024, 0.330623358488, 0.294025629759, 0.277848690748, 0.334940075874, 0.473032355309, 0.52852255106, 0.408480614424, 0.3149523139, 0.34025272727, 0.359840005636, 0.332565784454, 0.351895481348, 0.345342934132, 0.28250220418, 0.276523202658, 0.368713676929, 0.85441249609]
    chords_key: "F#"
    chords_scale: "major"
    key_key: "F#"
    key_scale: "minor"
    chords_progression: ["B", "B", "B", "B", "B", "B", "B", "B", "Bm", "Bm", "Bm", "Bm", "Bm", "F#", "F#", "F#", "F#", "F#", "F#", "F#", "F#", "F#", "F#", "F#", "F#", "F#", "F#", "F#", "F#", "F#", "F#", "F#", "F#", "F#", "F#", "F#", "F#", "F#", "F#", "F#", "F#", "C#", "C#", "F#m", "F#", "F#", "F#m", "F#m", "F#m", "F#m", "F#m", "F#m", "F#m", "F#m", "F#m", "F#m", "F#m", "F#m", "F#m", "F#m", "F#m", "F#m", "F#m", "F#m", "F#m", "F#m", "F#m", "F#m", "F#m", "F#m", "F#m", "F#m", "F#", "F#m", "F#m", "F#m", "F#m", "F#m", "F#m", "F#m", "F#m", "F#m", "F#m", "F#m", "F#", "F#", "F#", "F#", "F#", "F#", "F#", "F#", "F#", "F#", "F#", "F#", "F#", "F#", "F#", "F#", "F#", "F#", "F#", "F#", "F#", "F#"]
