
metadata:
    version:
        essentia: "1.2.2"
    audio_properties:
        analysis_sample_rate: 44100
        bitrate: 128
        channels: 2
        equal_loudness: 1
        length: 10.0048980713
        replay_gain: -8.55709266663
        downmix: "mix"
    tags:
        track: 30
        year: 0
        album: "Splitted by Mp3Splt v. 2.1"
        artist: "From 004.50 To 005.00"
        comment: "http://mp3splt.sf.net"
        genre: ""
        title: "09 Embracing the Sunshine.mp3"

highlevel:
    ballroom:
        all:
            ChaChaCha: 0.24753293395
            Jive: 0.242344260216
            Quickstep: 0.0201448909938
            Rumba-American: 0.00125738896895
            Rumba-International: 0.00236959895119
            Rumba-Misc: 0.0029819465708
            Samba: 0.482075572014
            Tango: 0.000391590321669
            VienneseWaltz: 0.000490908161737
            Waltz: 0.000410913198721
        probability: 0.482075572014
        value: "Samba"
    culture:
        all:
            non_western: 0.4495690763
            western: 0.550430953503
        probability: 0.550430953503
        value: "western"
    gender:
        all:
            female: 0.901518344879
            male: 0.0984816625714
        probability: 0.901518344879
        value: "female"
    genre_dortmund:
        all:
            alternative: 0.0271686594933
            blues: 0.00327855790965
            electronic: 0.0948349386454
            folkcountry: 0.00916118174791
            funksoulrnb: 0.0312408097088
            jazz: 0.0120031423867
            pop: 0.0467788055539
            raphiphop: 0.684689879417
            rock: 0.0908440053463
        probability: 0.684689879417
        value: "raphiphop"
    genre_electronica:
        all:
            ambient: 0.0889615193009
            dnb: 0.289605230093
            house: 0.217493847013
            techno: 0.271964877844
            trance: 0.1319745332
        probability: 0.289605230093
        value: "dnb"
    genre_rosamerica:
        all:
            cla: 0.00216797366738
            dan: 0.705074727535
            hip: 0.214043229818
            jaz: 0.000985170598142
            pop: 0.0468601621687
            rhy: 0.010604721494
            roc: 0.0170831922442
            spe: 0.00318079651333
        probability: 0.705074727535
        value: "dan"
    genre_tzanetakis:
        all:
            blu: 0.000513467355631
            cla: 0.000906745728571
            cou: 0.000872411997989
            dis: 0.0910751223564
            hip: 0.0259518567473
            jaz: 0.000663342827465
            met: 0.00418175105006
            pop: 0.809679031372
            reg: 0.0588892735541
            roc: 0.00726699503139
        probability: 0.809679031372
        value: "pop"
    live_studio:
        all:
            live: 0.0102681638673
            studio: 0.98973184824
        probability: 0.98973184824
        value: "studio"
    mood:
        all:
            Cluster1: 0.42250624299
            Cluster2: 0.198993057013
            Cluster3: 0.0777139142156
            Cluster4: 0.111625477672
            Cluster5: 0.189161300659
        probability: 0.42250624299
        value: "Cluster1"
    mood_acoustic:
        all:
            acoustic: 0.00718291010708
            not_acoustic: 0.992817103863
        probability: 0.992817103863
        value: "not_acoustic"
    mood_aggressive:
        all:
            aggressive: 0.366169452667
            not_aggressive: 0.633830547333
        probability: 0.633830547333
        value: "not_aggressive"
    mood_electronic:
        all:
            electronic: 0.958214461803
            not_electronic: 0.0417855232954
        probability: 0.958214461803
        value: "electronic"
    mood_happy:
        all:
            happy: 0.372939825058
            not_happy: 0.627060174942
        probability: 0.627060174942
        value: "not_happy"
    mood_party:
        all:
            not_party: 0.0973275899887
            party: 0.902672410011
        probability: 0.902672410011
        value: "party"
    mood_relaxed:
        all:
            not_relaxed: 0.984398126602
            relaxed: 0.0156018733978
        probability: 0.984398126602
        value: "not_relaxed"
    mood_sad:
        all:
            not_sad: 0.910383045673
            sad: 0.0896169617772
        probability: 0.910383045673
        value: "not_sad"
    rhythm:
        all:
            fast: 0.911851167679
            medium: 0.0461406707764
            slow: 0.0420081503689
        probability: 0.911851167679
        value: "fast"
    speech_music:
        all:
            music: 0.995679199696
            speech: 0.00432077469304
        probability: 0.995679199696
        value: "music"
    timbre:
        all:
            bright: 0.114705100656
            dark: 0.885294914246
        probability: 0.885294914246
        value: "dark"
    voice_instrumental:
        all:
            instrumental: 0.0783557295799
            voice: 0.92164427042
        probability: 0.92164427042
        value: "voice"

lowlevel:
    average_loudness: 0.978595435619
    barkbands_kurtosis:
        dmean: 1.75656545162
        dmean2: 2.88124299049
        dvar: 6.24623966217
        dvar2: 16.4684658051
        max: 17.3371143341
        mean: 0.773914813995
        min: -1.72199046612
        var: 7.4656085968
    barkbands_skewness:
        dmean: 0.638746261597
        dmean2: 0.944073438644
        dvar: 0.434220612049
        dvar2: 0.940758764744
        max: 3.92521595955
        mean: 0.396468371153
        min: -3.82614779472
        var: 0.903027117252
    barkbands_spread:
        dmean: 8.47328567505
        dmean2: 13.6797161102
        dvar: 56.5747756958
        dvar2: 138.430435181
        max: 58.596408844
        mean: 25.9903640747
        min: 2.86557745934
        var: 161.273803711
    dissonance:
        dmean: 0.0221808105707
        dmean2: 0.0386086404324
        dvar: 0.00048546740436
        dvar2: 0.00127501296811
        max: 0.498987525702
        mean: 0.468286603689
        min: 0.287516772747
        var: 0.000650587317068
    hfc:
        dmean: 2.64159274101
        dmean2: 4.30277967453
        dvar: 20.5376663208
        dvar2: 52.8946075439
        max: 33.8292427063
        mean: 3.57518815994
        min: 0.0183938164264
        var: 18.0742607117
    pitch:
        dmean: 710.962036133
        dmean2: 1304.43432617
        dvar: 1276969.5
        dvar2: 3070408.5
        max: 5512.5
        mean: 951.422546387
        min: 81.8181838989
        var: 1516010.125
    pitch_instantaneous_confidence:
        dmean: 0.109270058572
        dmean2: 0.186891227961
        dvar: 0.00877934787422
        dvar2: 0.0231367852539
        max: 0.835435390472
        mean: 0.368436902761
        min: 0.158193647861
        var: 0.017466481775
    pitch_salience:
        dmean: 0.0744480341673
        dmean2: 0.112777389586
        dvar: 0.00446177367121
        dvar2: 0.0102645698935
        max: 0.877676665783
        mean: 0.65247875452
        min: 0.350015431643
        var: 0.0117153096944
    silence_rate_20dB:
        dmean: 0
        dmean2: 0
        dvar: 0
        dvar2: 0
        max: 1
        mean: 1
        min: 1
        var: 0
    silence_rate_30dB:
        dmean: 0
        dmean2: 0
        dvar: 0
        dvar2: 0
        max: 1
        mean: 1
        min: 1
        var: 0
    silence_rate_60dB:
        dmean: 0.14385150373
        dmean2: 0.2883720994
        dvar: 0.123158544302
        dvar2: 0.223818257451
        max: 1
        mean: 0.770833313465
        min: 0
        var: 0.176649600267
    spectral_centroid:
        dmean: 521.449951172
        dmean2: 786.771362305
        dvar: 356420.71875
        dvar2: 750119.25
        max: 5143.00732422
        mean: 1565.98510742
        min: 287.938018799
        var: 808719.75
    spectral_complexity:
        dmean: 3.87906980515
        dmean2: 6.25174808502
        dvar: 34.1714324951
        dvar2: 83.7873840332
        max: 48
        mean: 7.16937351227
        min: 0
        var: 37.8112182617
    spectral_crest:
        dmean: 2.75789499283
        dmean2: 4.61312484741
        dvar: 5.91677761078
        dvar2: 14.9292650223
        max: 20.6988792419
        mean: 8.04460334778
        min: 2.6627779007
        var: 11.4633655548
    spectral_decrease:
        dmean: 4.22843177139e-10
        dmean2: 6.4177285708e-10
        dvar: 6.3106575699e-19
        dvar2: 1.59230117247e-18
        max: -4.82722455758e-12
        mean: -6.07423278343e-10
        min: -5.06651476329e-09
        var: 6.44078962387e-19
    spectral_energy:
        dmean: 0.00181568204425
        dmean2: 0.00278184912167
        dvar: 1.10105311251e-05
        dvar2: 2.79555861198e-05
        max: 0.0217193532735
        mean: 0.0026168350596
        min: 1.98872312467e-05
        var: 1.0982726053e-05
    spectral_energyband_high:
        dmean: 0.000213663646718
        dmean2: 0.000352688948624
        dvar: 1.25651084204e-07
        dvar2: 3.2308261666e-07
        max: 0.00243225623854
        mean: 0.000235190513195
        min: 6.39743689135e-08
        var: 1.15141823187e-07
    spectral_energyband_low:
        dmean: 0.00029196619289
        dmean2: 0.000428433093475
        dvar: 3.97944262431e-07
        dvar2: 9.14089469006e-07
        max: 0.00351852877066
        mean: 0.000299205275951
        min: 6.29771292893e-08
        var: 4.34153548667e-07
    spectral_energyband_middle_high:
        dmean: 0.000587879447266
        dmean2: 0.000940430269111
        dvar: 9.06998934624e-07
        dvar2: 2.34546951106e-06
        max: 0.00736381113529
        mean: 0.000989356078207
        min: 1.29304999064e-05
        var: 1.01512728179e-06
    spectral_energyband_middle_low:
        dmean: 0.00114735064562
        dmean2: 0.00198164558969
        dvar: 7.55803830543e-06
        dvar2: 2.00987051358e-05
        max: 0.0156691391021
        mean: 0.00109308166429
        min: 5.2614532251e-06
        var: 5.48296793568e-06
    spectral_flatness_db:
        dmean: 0.0274797268212
        dmean2: 0.0410403199494
        dvar: 0.000662115518935
        dvar2: 0.00133155146614
        max: 0.289605826139
        mean: 0.144195243716
        min: 0.0588810108602
        var: 0.00231362553313
    spectral_flux:
        dmean: 0.0136776799336
        dmean2: 0.0202958080918
        dvar: 0.000369966990547
        dvar2: 0.000632643292192
        max: 0.135311260819
        mean: 0.0357988551259
        min: 0.00445951009169
        var: 0.000657997152302
    spectral_kurtosis:
        dmean: 3.52414345741
        dmean2: 5.10024261475
        dvar: 36.792339325
        dvar2: 70.6019821167
        max: 45.3407287598
        mean: 4.61791467667
        min: -0.811693191528
        var: 63.9507141113
    spectral_rms:
        dmean: 0.000459006900201
        dmean2: 0.000649171648547
        dvar: 3.68123494354e-07
        dvar2: 8.45071383537e-07
        max: 0.00460321782157
        mean: 0.00140241766348
        min: 0.000139291703817
        var: 5.86234023103e-07
    spectral_rolloff:
        dmean: 951.967285156
        dmean2: 1567.05480957
        dvar: 1220766.375
        dvar2: 2460226.5
        max: 6481.49414062
        mean: 2751.85449219
        min: 215.33203125
        var: 2699809.5
    spectral_skewness:
        dmean: 0.510959088802
        dmean2: 0.73318451643
        dvar: 0.364018201828
        dvar2: 0.75126850605
        max: 5.19061946869
        mean: 1.60471117496
        min: -0.212319880724
        var: 0.853233933449
    spectral_spread:
        dmean: 1684531.5
        dmean2: 2544304
        dvar: 3.24452850074e+12
        dvar2: 6.51808577946e+12
        max: 12422776
        mean: 7040064.5
        min: 1215769
        var: 7.07612062515e+12
    spectral_strongpeak:
        dmean: 0.286315113306
        dmean2: 0.488315492868
        dvar: 0.11121211946
        dvar2: 0.287376791239
        max: 2.43112134933
        mean: 0.384737432003
        min: 0.00952048972249
        var: 0.164123281837
    zerocrossingrate:
        dmean: 0.0179358199239
        dmean2: 0.0207092706114
        dvar: 0.000287674862193
        dvar2: 0.000337017176207
        max: 0.24365234375
        mean: 0.0897723734379
        min: 0.01953125
        var: 0.00168572855182
    barkbands:
        dmean: [1.248186976e-07, 0.000105709616037, 0.000250218872679, 0.000297849794151, 0.000704111123923, 9.05349952518e-05, 8.76818230608e-05, 6.12744261161e-05, 8.29922355479e-05, 7.73994761403e-05, 8.36130639073e-05, 0.00016405119095, 4.04114798584e-05, 3.75655181415e-05, 5.78659492021e-05, 5.76583988732e-05, 6.3007020799e-05, 9.56637668423e-05, 9.80779586826e-05, 0.000132615095936, 7.42378470022e-05, 5.21679503436e-05, 1.81862396857e-05, 1.54402168846e-05, 1.47807422763e-05, 4.24177130753e-07, 7.96359700406e-10]
        dmean2: [1.55298863547e-07, 0.000153164524818, 0.000432098662714, 0.000518860179, 0.00131906219758, 0.000168711514561, 0.000145531259477, 9.65061699389e-05, 0.000126438622829, 0.000125410064356, 0.000139040523209, 0.000268750503892, 6.42784434604e-05, 6.37447519694e-05, 9.71533881966e-05, 9.68280655798e-05, 0.000103876816866, 0.000156102716574, 0.000160874347785, 0.000225511597819, 0.00012617642642, 8.63642926561e-05, 2.94349429169e-05, 2.60572360276e-05, 2.61639906967e-05, 7.33049887458e-07, 1.40245182134e-09]
        dvar: [7.18521108497e-14, 4.39427196852e-08, 4.17068605429e-07, 6.11769507941e-07, 4.19396292273e-06, 4.8766821692e-08, 2.82783485517e-08, 8.95365293019e-09, 9.80579351051e-09, 1.71148144545e-08, 1.37623397123e-08, 6.02486380785e-08, 5.01785901719e-09, 5.96765170613e-09, 1.20302807716e-08, 1.73235896739e-08, 1.83940418452e-08, 4.94649015081e-08, 4.18036947281e-08, 6.30943048918e-08, 1.66496967324e-08, 6.28998231278e-09, 8.52410253493e-10, 7.81946507544e-10, 7.01205538078e-10, 9.86694341683e-13, 4.4705207816e-18]
        dvar2: [1.02440577993e-13, 9.48368850118e-08, 1.09197094389e-06, 1.61539026067e-06, 1.19310061564e-05, 1.40022109463e-07, 7.20643598129e-08, 2.21837908043e-08, 1.86408293246e-08, 4.24293240542e-08, 4.17640322325e-08, 1.5371958284e-07, 1.18232330593e-08, 1.61814703858e-08, 3.18558477375e-08, 4.65718201781e-08, 4.99574746016e-08, 1.20900807588e-07, 9.10503601403e-08, 1.63855347068e-07, 4.37903935335e-08, 1.56950044072e-08, 2.04030881079e-09, 1.96194793745e-09, 1.86475435093e-09, 2.60901565109e-12, 1.24692332279e-17]
        max: [3.63601475328e-06, 0.00118661508895, 0.00327119650319, 0.00464557204396, 0.0116792954504, 0.00133169849869, 0.00143513490912, 0.00080387032358, 0.00124492577743, 0.00148196914233, 0.000868868490215, 0.00204412313178, 0.000497995933983, 0.000558063562494, 0.000721599324606, 0.000879825034644, 0.00105734798126, 0.00176551740151, 0.00222764327191, 0.00181522942148, 0.000776759057771, 0.000483248702949, 0.000190868973732, 0.000229937897529, 0.000218904620851, 8.35499486129e-06, 1.51237919965e-08]
        mean: [1.38193257726e-07, 0.000122719138744, 0.000176352332346, 0.000211259015487, 0.000454518565675, 7.67299934523e-05, 0.000106373372546, 7.73939609644e-05, 0.000142100296216, 0.000111628825834, 0.000109633539978, 0.000258274201769, 4.49166764156e-05, 4.25989019277e-05, 6.38853089185e-05, 6.68794164085e-05, 6.93263864378e-05, 9.3035188911e-05, 9.49369132286e-05, 0.000119147443911, 6.95611088304e-05, 5.93679797021e-05, 2.00340600713e-05, 1.39198309625e-05, 1.17469344332e-05, 3.59405930794e-07, 6.35220764877e-10]
        min: [3.53318025878e-12, 1.40291582795e-08, 3.20975601653e-08, 9.54379899554e-08, 9.93246317194e-07, 2.89081015126e-07, 2.47733225933e-07, 2.73670764273e-07, 6.13570193764e-07, 5.02420618886e-07, 4.16266175307e-07, 2.55655464798e-07, 5.46846088412e-08, 3.33968557698e-07, 3.49238149511e-07, 2.58785291862e-07, 1.64199306596e-07, 2.29212588465e-07, 3.51519098274e-08, 9.63053814473e-09, 1.68739955342e-08, 2.27980816447e-08, 6.83842360516e-09, 1.19000020948e-09, 1.59242702358e-10, 7.46300451993e-11, 1.99230619524e-13]
        var: [1.18314754695e-13, 5.34501225502e-08, 3.0241696436e-07, 4.33857110238e-07, 2.42239821091e-06, 2.96382847154e-08, 2.60359165338e-08, 1.11696039085e-08, 2.96278770406e-08, 3.25366471543e-08, 1.68157612279e-08, 1.23039328059e-07, 5.93633053825e-09, 6.23527940391e-09, 1.1084297924e-08, 1.52914712004e-08, 1.75940222391e-08, 4.73447521188e-08, 4.83916373639e-08, 5.25571302035e-08, 1.37103306486e-08, 6.89316337343e-09, 1.01854114032e-09, 6.64587163079e-10, 5.23022736232e-10, 7.51572090153e-13, 2.95649322896e-18]
    mfcc:
        mean: [-753.449890137, 100.751251221, -21.6611976624, 12.96671772, -17.1174163818, 0.110412403941, 1.10538804531, 6.07935714722, 2.92263865471, -5.65098047256, -6.58186149597, -4.96655321121, 1.77769613266]
        cov: [[4777.44140625, -2005.94812012, 443.687561035, 449.652496338, -138.899963379, -103.365760803, 30.1018924713, -445.566833496, -97.8588638306, 4.78343915939, 67.9515914917, -52.7966117859, -48.7292747498], [-2005.94812012, 2694.25854492, -681.289367676, -227.968643188, 463.023773193, 199.950073242, 39.6832580566, 341.220275879, 70.946395874, -19.3128547668, 9.91631126404, 73.3620834351, 80.7840576172], [443.687561035, -681.289367676, 757.581298828, 188.891372681, -184.558578491, -19.392747879, 31.3514823914, -195.890533447, -68.7317733765, 61.2087135315, 11.7308273315, -40.2919692993, -52.8406677246], [449.652496338, -227.968643188, 188.891372681, 533.958496094, 116.321846008, -3.22624707222, 8.87181282043, -28.4957885742, -35.7470664978, 66.3948974609, 31.6503715515, 16.1607608795, 14.6984605789], [-138.899963379, 463.023773193, -184.558578491, 116.321846008, 324.961303711, 68.7941207886, 19.5414886475, 101.109596252, 25.6910228729, 10.5937223434, 17.8597164154, 44.6802787781, 47.0416030884], [-103.365760803, 199.950073242, -19.392747879, -3.22624707222, 68.7941207886, 207.101211548, 57.2687034607, 73.2138900757, 14.1412143707, 20.1529541016, 1.74673521519, 25.744726181, 31.1850681305], [30.1018924713, 39.6832580566, 31.3514823914, 8.87181282043, 19.5414886475, 57.2687034607, 170.514282227, 14.6218423843, -8.10488891602, -23.5781059265, 0.0425160415471, 1.48881268501, 19.8320903778], [-445.566833496, 341.220275879, -195.890533447, -28.4957885742, 101.109596252, 73.2138900757, 14.6218423843, 324.918121338, 82.0271530151, 13.6506996155, -17.759847641, 60.1915817261, 52.1764030457], [-97.8588638306, 70.946395874, -68.7317733765, -35.7470664978, 25.6910228729, 14.1412143707, -8.10488891602, 82.0271530151, 148.632965088, 29.1897544861, 10.7223720551, 36.4886894226, 40.2781295776], [4.78343915939, -19.3128547668, 61.2087135315, 66.3948974609, 10.5937223434, 20.1529541016, -23.5781059265, 13.6506996155, 29.1897544861, 133.442443848, 41.9785881042, 29.982843399, 20.129529953], [67.9515914917, 9.91631126404, 11.7308273315, 31.6503715515, 17.8597164154, 1.74673521519, 0.0425160415471, -17.759847641, 10.7223720551, 41.9785881042, 98.6734848022, 24.3423290253, 9.42786598206], [-52.7966117859, 73.3620834351, -40.2919692993, 16.1607608795, 44.6802787781, 25.744726181, 1.48881268501, 60.1915817261, 36.4886894226, 29.982843399, 24.3423290253, 91.6147003174, 39.937286377], [-48.7292747498, 80.7840576172, -52.8406677246, 14.6984605789, 47.0416030884, 31.1850681305, 19.8320903778, 52.1764030457, 40.2781295776, 20.129529953, 9.42786598206, 39.937286377, 77.6646194458]]
        icov: [[0.000360294565326, 0.000288064242341, 0.000124503232655, -0.000169422884937, -0.000190490362002, -0.000126221610117, -0.000101185854874, 0.000338224956067, -4.32810738857e-05, 0.000101250967418, -0.000178075701115, -1.33803314384e-05, 3.25752553181e-05], [0.000288064242341, 0.000879784172866, 0.000363760016626, 0.000239199551288, -0.000958602060564, -0.000352219358319, -0.000123469872051, 1.8117405034e-06, 0.000153970453539, -5.93208023929e-05, -0.000259453983745, 0.000118587391626, 0.000126246348373], [0.000124503232655, 0.000363760016626, 0.00245103798807, -0.000868727103807, 0.000998261501081, -0.000556092592888, -0.000777833047323, 0.000932607275899, 0.000115249065857, -0.00110025401227, 0.000248227035627, -9.13295298233e-05, 0.000964726030361], [-0.000169422884937, 0.000239199551288, -0.000868727103807, 0.00305192219093, -0.0019629325252, 0.000547326810192, 8.77468664839e-06, -0.000383095350116, 0.000951294961851, -0.00107227265835, -0.000123161444208, 8.78586506587e-05, -0.000545115442947], [-0.000190490362002, -0.000958602060564, 0.000998261501081, -0.0019629325252, 0.00614022044465, -0.000847231771331, -5.52327182959e-05, -0.000254667218542, -0.000168875863892, 0.000485385680804, -0.000318010599585, -0.000774318235926, -0.000866931164637], [-0.000126221610117, -0.000352219358319, -0.000556092592888, 0.000547326810192, -0.000847231771331, 0.00649039726704, -0.00185246439651, -0.00103742617648, 0.000509387173224, -0.00125172152184, 0.000519280554727, -0.000352568924427, -0.000939201505389], [-0.000101185854874, -0.000123469872051, -0.000777833047323, 8.77468664839e-06, -5.52327182959e-05, -0.00185246439651, 0.00733823515475, -0.000387836626032, 0.000528675620444, 0.00231841136701, -0.00084111711476, 0.000694311398547, -0.00243195984513], [0.000338224956067, 1.8117405034e-06, 0.000932607275899, -0.000383095350116, -0.000254667218542, -0.00103742617648, -0.000387836626032, 0.00534586980939, -0.00178985949606, -0.000348373258021, 0.00164695887361, -0.00195004988927, -0.000182859585038], [-4.32810738857e-05, 0.000153970453539, 0.000115249065857, 0.000951294961851, -0.000168875863892, 0.000509387173224, 0.000528675620444, -0.00178985949606, 0.00932838302106, -0.00150278140791, -0.00046172432485, -0.000824549526442, -0.0032920234371], [0.000101250967418, -5.93208023929e-05, -0.00110025401227, -0.00107227265835, 0.000485385680804, -0.00125172152184, 0.00231841136701, -0.000348373258021, -0.00150278140791, 0.0111713660881, -0.00385409826413, -0.00122352188919, -0.0015888416674], [-0.000178075701115, -0.000259453983745, 0.000248227035627, -0.000123161444208, -0.000318010599585, 0.000519280554727, -0.00084111711476, 0.00164695887361, -0.00046172432485, -0.00385409826413, 0.0130379255861, -0.00315682706423, 0.000721789780073], [-1.33803314384e-05, 0.000118587391626, -9.13295298233e-05, 8.78586506587e-05, -0.000774318235926, -0.000352568924427, 0.000694311398547, -0.00195004988927, -0.000824549526442, -0.00122352188919, -0.00315682706423, 0.0166417695582, -0.00589685561135], [3.25752553181e-05, 0.000126246348373, 0.000964726030361, -0.000545115442947, -0.000866931164637, -0.000939201505389, -0.00243195984513, -0.000182859585038, -0.0032920234371, -0.0015888416674, 0.000721789780073, -0.00589685561135, 0.0202344283462]]
    spectral_contrast:
        mean: [5.1340725804e-07, -5.07482184275e-07, -1.61112325259e-07, -2.48980768447e-07, -2.06368980571e-07, 2.66907118629e-08, 2.30259252021e-06, 2.71055938583e-07, -8.3487992697e-07, 2.00961699193e-06, 1.25709095755e-06, 4.02822297474e-06]
        var: [0.000975657894742, 0.00105715100653, 0.00169686647132, 0.00220043072477, 0.00278632785194, 0.0062633366324, 0.0815913453698, 0.185942739248, 0.233655467629, 0.454815596342, 0.901306867599, 2.75816559792]

rhythm:
    beats_loudness:
        dmean: 0.000912038958631
        dmean2: 0.00151655636728
        dvar: 4.92115646011e-07
        dvar2: 1.26330542116e-06
        max: 0.0085184443742
        mean: 0.0074155414477
        min: 0.00588608207181
        var: 6.72676264912e-07
    beats_loudness_bass:
        dmean: 0.0954078584909
        dmean2: 0.184349894524
        dvar: 0.00386527809314
        dvar2: 0.00760785443708
        max: 0.694457292557
        mean: 0.551083087921
        min: 0.378128647804
        var: 0.0057223951444
    bpm: 128.536514282
    bpm_confidence: 0
    first_peak_bpm: 128
    first_peak_spread: 0
    first_peak_weight: 0.950000047684
    onset_rate: 5.4973077774
    second_peak_bpm: 121
    second_peak_spread: 0
    second_peak_weight: 0.0500000007451
    beats_position: [0.475430041552, 0.942361116409, 1.40929210186, 1.87622308731, 2.34315395355, 2.81008505821, 3.27701592445, 3.74394702911, 4.21087789536, 4.6778087616, 5.14473962784, 5.61167097092, 6.10785198212, 6.57451105118, 7.04116916656, 7.50782775879, 7.97448682785, 8.44114494324, 8.90780353546, 9.37446308136, 9.84112167358]
    bpm_estimates: [128.787216187, 128.690597534, 128.343856812, 128.161865234, 128.581710815, 128.428695679, 128.867340088, 128.817932129, 128.32901001, 128.264724731, 128.5962677, 128.56880188]
    bpm_intervals: [0.466931074858, 0.466930985451, 0.466930985451, 0.466930866241, 0.46693110466, 0.466930866241, 0.46693110466, 0.466930866241, 0.466930866241, 0.466930866241, 0.466931343079, 0.4961810112, 0.466659069061, 0.466658115387, 0.466658592224, 0.466659069061, 0.466658115387, 0.466658592224, 0.466659545898, 0.466658592224]
    onset_times: [0.0464399084449, 0.243809521198, 0.371519267559, 0.476009070873, 0.615328788757, 0.708208620548, 0.940408170223, 1.17260766029, 1.40480720997, 1.64861679077, 1.88081634045, 2.11301589012, 2.34521532059, 2.48453521729, 2.5890250206, 2.82122445107, 3.05342411995, 3.28562355042, 3.5178232193, 3.76163268089, 3.99383211136, 4.12154197693, 4.22603178024, 4.36535167694, 4.46984148026, 4.7020406723, 4.82975053787, 4.93424034119, 5.07356023788, 5.16644001007, 5.39863967896, 5.630838871, 5.78176879883, 5.87464857101, 6.1068482399, 6.23455762863, 6.35065746307, 6.57124710083, 6.80344676971, 7.04725646973, 7.27945566177, 7.51165533066, 7.74385499954, 7.8831744194, 7.98766422272, 8.12698459625, 8.2198638916, 8.45206356049, 8.68426322937, 8.91646289825, 9.14866256714, 9.39247131348, 9.62467098236, 9.85687065125, 9.99619007111]
    rubato_start: []
    rubato_stop: []
    perceptual_tempo: "unknown"

sfx:
    inharmonicity:
        dmean: 0.0428915955126
        dmean2: 0.0771176069975
        dvar: 0.00293760723434
        dvar2: 0.00883326213807
        max: 0.428185492754
        mean: 0.0425941236317
        min: 9.36777996685e-06
        var: 0.00254582893103
    oddtoevenharmonicenergyratio:
        dmean: 28.8151397705
        dmean2: 57.3123817444
        dvar: 109396.617188
        dvar2: 329356.03125
        max: 4859.91064453
        mean: 14.9727344513
        min: 4.64034346805e-05
        var: 54897.5742188
    pitch_after_max_to_before_max_energy_ratio: 0.793085157871
    pitch_centroid: 182.186248779
    pitch_max_to_total: 0.371229708195
    pitch_min_to_total: 0.897911846638
    tristimulus:
        dmean: [0.20279404521, 0.243680417538, 0.115590848029]
        dmean2: [0.342360496521, 0.423159241676, 0.202697858214]
        dvar: [0.0327613353729, 0.0458734557033, 0.0154213896021]
        dvar2: [0.0832425430417, 0.132343217731, 0.0415200442076]
        max: [0.988454461098, 0.967636346817, 0.714899837971]
        mean: [0.397511869669, 0.444798350334, 0.113748021424]
        min: [0.00466334726661, 0, 0]
        var: [0.0609390363097, 0.0669534876943, 0.0179641731083]

tonal:
    chords_changes_rate: 0.115207374096
    chords_number_rate: 0.0230414755642
    chords_strength:
        dmean: 0.0101096052676
        dmean2: 0.0124683808535
        dvar: 5.64170622965e-05
        dvar2: 8.87329078978e-05
        max: 0.515002906322
        mean: 0.439789742231
        min: 0.350397765636
        var: 0.00141766434535
    key_strength: 0.482284516096
    tuning_diatonic_strength: 0.407116383314
    tuning_equal_tempered_deviation: 0.202827438712
    tuning_frequency: 437.213165283
    tuning_nontempered_energy_ratio: 0.865648388863
    hpcp:
        dmean: [0.0882376804948, 0.113416440785, 0.143336594105, 0.1649107337, 0.219246581197, 0.211748287082, 0.240896522999, 0.250586152077, 0.225811704993, 0.233865469694, 0.214878946543, 0.176646158099, 0.187794208527, 0.242340147495, 0.259279668331, 0.199947699904, 0.142296865582, 0.116916023195, 0.115831553936, 0.0886021777987, 0.122775316238, 0.280301451683, 0.268843501806, 0.15361250937, 0.136269405484, 0.130728214979, 0.136196538806, 0.195324257016, 0.181490927935, 0.16853402555, 0.230420380831, 0.247559264302, 0.226292297244, 0.216792985797, 0.163712978363, 0.115705817938]
        dmean2: [0.154178977013, 0.196810439229, 0.246633976698, 0.281610995531, 0.380336344242, 0.363676816225, 0.391773700714, 0.427606880665, 0.404541432858, 0.409612894058, 0.371377229691, 0.286220043898, 0.310621529818, 0.402861744165, 0.437505036592, 0.330359995365, 0.23393625021, 0.200523346663, 0.191140189767, 0.149283587933, 0.215434551239, 0.473889350891, 0.445683389902, 0.25910487771, 0.234011098742, 0.230464667082, 0.235812202096, 0.34007948637, 0.319009900093, 0.290323644876, 0.405296891928, 0.442054510117, 0.373895525932, 0.355548918247, 0.273896962404, 0.213457047939]
        dvar: [0.0180163513869, 0.0233394391835, 0.0306258294731, 0.0268266908824, 0.0588675178587, 0.045555010438, 0.0504816025496, 0.0548204220831, 0.057020958513, 0.0547243990004, 0.0420897677541, 0.0247187335044, 0.027685591951, 0.0441212393343, 0.0493702739477, 0.0339883416891, 0.0239158272743, 0.0214254297316, 0.0223618857563, 0.0123867252842, 0.0178498793393, 0.0681364908814, 0.0649802461267, 0.0335248745978, 0.0297081004828, 0.036284789443, 0.0312349330634, 0.0420689024031, 0.0352311916649, 0.0349490307271, 0.0748229548335, 0.0622552074492, 0.049140330404, 0.0580371432006, 0.0332131534815, 0.0279144272208]
        dvar2: [0.0509689934552, 0.0593885071576, 0.075824841857, 0.0637107342482, 0.167072549462, 0.124768190086, 0.0990318357944, 0.124596312642, 0.15656915307, 0.140245139599, 0.110988892615, 0.05874119699, 0.0666341930628, 0.104396335781, 0.110375486314, 0.0770169347525, 0.0630920305848, 0.0531750172377, 0.0583887808025, 0.0298107285053, 0.0488976351917, 0.164916276932, 0.168915271759, 0.0982459932566, 0.0816163346171, 0.103161878884, 0.085885591805, 0.0965178981423, 0.08387824893, 0.0920026302338, 0.178103730083, 0.14919513464, 0.134730994701, 0.10828743875, 0.0834559574723, 0.0768574923277]
        max: [1, 0.896576285362, 1, 1, 1, 1, 1, 1, 1, 1, 1, 1, 1, 1, 1, 1, 1, 0.800000071526, 1, 0.785569608212, 0.876157641411, 1, 1, 1, 1, 1, 1, 1, 1, 1, 1, 1, 1, 1, 1, 1]
        mean: [0.100712217391, 0.134238407016, 0.182607024908, 0.197721883655, 0.216750904918, 0.268088489771, 0.423145711422, 0.397567868233, 0.240594029427, 0.284377336502, 0.298903435469, 0.248921617866, 0.303302317858, 0.428443402052, 0.461728960276, 0.327304780483, 0.181258589029, 0.151275411248, 0.143349155784, 0.105863161385, 0.160555422306, 0.385215967894, 0.38801535964, 0.186525031924, 0.13801215589, 0.124323494732, 0.145475298166, 0.259026885033, 0.257959544659, 0.195588245988, 0.23030783236, 0.228645071387, 0.282234460115, 0.335012972355, 0.219607338309, 0.116379745305]
        min: [0.000527086725924, 0.00490817893296, 0.00545531557873, 0.00707048038021, 0.00959601253271, 0.00797187816352, 0.013864627108, 0.020499818027, 0.0112084234133, 0.0145758902654, 0.00628944905475, 0.00297054066323, 0.0140096573159, 0.030130950734, 0.0192405693233, 0.0150775229558, 0.0129664111882, 0.00903893262148, 0.00558196334168, 0.00592472311109, 0.00888260826468, 0.00719133811072, 0.0074127484113, 0.00188230560161, 0.0019839676097, 0.00367992813699, 0.0024596741423, 0.00232167751528, 0.00603154441342, 0.00579564180225, 0.00289476220496, 0.010409087874, 0.014974755235, 0.0154687091708, 0.0118377748877, 0.00334951118566]
        var: [0.0161286052316, 0.0244411882013, 0.034976888448, 0.0357462614775, 0.0589025989175, 0.0487721785903, 0.0994579419494, 0.0940607860684, 0.0500280447304, 0.0633521005511, 0.0590802654624, 0.0421078577638, 0.0462140068412, 0.0851895064116, 0.085561491549, 0.0533231049776, 0.029661308974, 0.0251098256558, 0.0256008990109, 0.0150978500023, 0.0238450784236, 0.109966181219, 0.0998731255531, 0.0329608470201, 0.0265820417553, 0.0270621031523, 0.0307398959994, 0.0647254511714, 0.0475662685931, 0.0402110107243, 0.0742379650474, 0.0632473379374, 0.0625536590815, 0.0952943339944, 0.0435389839113, 0.0224879737943]
    chords_histogram: [1.38248848915, 0, 0, 0.460829496384, 42.3963127136, 47.9262657166, 0, 0, 0, 5.5299539566, 0, 0, 0, 0, 0, 0, 0, 0, 0, 0, 0, 0, 2.30414748192, 0]
    thpcp: [1, 0.708867788315, 0.392564922571, 0.327628165483, 0.310461699963, 0.229275554419, 0.347726553679, 0.834290266037, 0.84035307169, 0.403970837593, 0.298902958632, 0.269256442785, 0.315066426992, 0.560993373394, 0.558681726456, 0.423599690199, 0.498794436455, 0.495193272829, 0.611255705357, 0.725561976433, 0.475619584322, 0.25205206871, 0.218119770288, 0.290729880333, 0.395485311747, 0.428220659494, 0.469433218241, 0.580618739128, 0.916437447071, 0.861041665077, 0.521071970463, 0.615896701813, 0.647356927395, 0.539107680321, 0.656883895397, 0.927911043167]
    chords_key: "E"
    chords_scale: "major"
    key_key: "B"
    key_scale: "minor"
    chords_progression: ["C#m", "C#m", "C#m", "C#m", "C#m", "C#m", "C#m", "C#m", "C#m", "C#m", "C#m", "C#m", "C#m", "C#m", "C#m", "C#m", "C#m", "C#m", "C#m", "C#m", "C#m", "C#m", "C#m", "C#m", "C#m", "C#m", "C#m", "C#m", "C#m", "C#m", "C#m", "C#m", "C#m", "C#m", "C#m", "C#m", "C#m", "A", "C#m", "C#m", "C#m", "C#m", "C#m", "C#m", "C#m", "E", "E", "E", "C#m", "E", "E", "C#m", "C#m", "E", "E", "E", "E", "E", "E", "E", "E", "E", "E", "E", "E", "E", "E", "E", "E", "E", "E", "E", "E", "E", "E", "E", "E", "Em", "Em", "E", "E", "Em", "F#", "Em", "Em", "F#", "F#", "F#", "F#", "F#", "F#", "F#", "F#", "F#", "F#", "F#", "C#m", "C#m", "C#m", "C#m", "C#m", "C#m", "C#m", "C#m", "C#m", "C#m", "C#m", "C#m", "C#m", "C#m", "C#m", "C#m", "C#m", "C#m", "C#m", "C#m", "C#m", "C#m", "C#m", "C#m", "C#m", "C#m", "C#m", "C#m", "C#m", "C#m", "C#m", "E", "C#m", "C#m", "C#m", "E", "C#m", "C#m", "C#m", "E", "E", "C#m", "C#m", "C#m", "C#m", "E", "E", "E", "E", "E", "E", "E", "E", "E", "E", "E", "E", "E", "E", "E", "E", "E", "E", "E", "E", "E", "C#m", "C#m", "C#m", "C#m", "E", "E", "E", "E", "E", "E", "E", "Bm", "Bm", "Bm", "E", "E", "E", "E", "E", "E", "E", "E", "E", "E", "E", "E", "E", "E", "E", "E", "E", "E", "E", "E", "E", "E", "E", "E", "E", "E", "E", "E", "E", "E", "E", "E", "E", "E", "E", "E", "E", "E", "E", "E", "E"]
