
metadata:
    version:
        essentia: "1.2.2"
    audio_properties:
        analysis_sample_rate: 44100
        bitrate: 128
        channels: 2
        equal_loudness: 1
        length: 10.0310201645
        replay_gain: -8.11112213135
        downmix: "mix"
    tags:
        track: 22
        year: 0
        album: "Splitted by Mp3Splt v. 2.1"
        artist: "From 003.30 To 003.40"
        comment: "http://mp3splt.sf.net"
        genre: ""
        title: "03 Chant.mp3"

highlevel:
    ballroom:
        all:
            ChaChaCha: 0.0285462792963
            Jive: 0.0939709842205
            Quickstep: 0.305681198835
            Rumba-American: 0.0212729293853
            Rumba-International: 0.0762031748891
            Rumba-Misc: 0.0310668032616
            Samba: 0.0447594225407
            Tango: 0.239774674177
            VienneseWaltz: 0.0997441709042
            Waltz: 0.0589803643525
        probability: 0.305681198835
        value: "Quickstep"
    culture:
        all:
            non_western: 0.0104454085231
            western: 0.989554584026
        probability: 0.989554584026
        value: "western"
    gender:
        all:
            female: 0.619721770287
            male: 0.380278229713
        probability: 0.619721770287
        value: "female"
    genre_dortmund:
        all:
            alternative: 0.0032687401399
            blues: 0.0318453162909
            electronic: 0.00284862727858
            folkcountry: 0.0238041430712
            funksoulrnb: 0.0287640597671
            jazz: 0.873352348804
            pop: 0.0157230645418
            raphiphop: 0.00140803214163
            rock: 0.0189856924117
        probability: 0.873352348804
        value: "jazz"
    genre_electronica:
        all:
            ambient: 0.619182229042
            dnb: 0.187727212906
            house: 0.0322433561087
            techno: 0.0199147518724
            trance: 0.140932440758
        probability: 0.619182229042
        value: "ambient"
    genre_rosamerica:
        all:
            cla: 0.019721865654
            dan: 0.0291050430387
            hip: 0.0108761461452
            jaz: 0.723943769932
            pop: 0.0932002961636
            rhy: 0.0203872509301
            roc: 0.0962623730302
            spe: 0.00650328816846
        probability: 0.723943769932
        value: "jaz"
    genre_tzanetakis:
        all:
            blu: 0.00256392545998
            cla: 0.00614434666932
            cou: 0.0130718583241
            dis: 0.0169697292149
            hip: 0.00161149026826
            jaz: 0.276158124208
            met: 0.00101593660656
            pop: 0.637458443642
            reg: 0.0357264056802
            roc: 0.00927974749357
        probability: 0.637458443642
        value: "pop"
    live_studio:
        all:
            live: 0.241989001632
            studio: 0.758010983467
        probability: 0.758010983467
        value: "studio"
    mood:
        all:
            Cluster1: 0.136984586716
            Cluster2: 0.395788192749
            Cluster3: 0.0987110063434
            Cluster4: 0.302556008101
            Cluster5: 0.0659602284431
        probability: 0.395788192749
        value: "Cluster2"
    mood_acoustic:
        all:
            acoustic: 0.415922760963
            not_acoustic: 0.584077239037
        probability: 0.584077239037
        value: "not_acoustic"
    mood_aggressive:
        all:
            aggressive: 0.135756760836
            not_aggressive: 0.864243268967
        probability: 0.864243268967
        value: "not_aggressive"
    mood_electronic:
        all:
            electronic: 0.473313778639
            not_electronic: 0.526686251163
        probability: 0.526686251163
        value: "not_electronic"
    mood_happy:
        all:
            happy: 0.681341826916
            not_happy: 0.318658173084
        probability: 0.681341826916
        value: "happy"
    mood_party:
        all:
            not_party: 0.754806578159
            party: 0.245193436742
        probability: 0.754806578159
        value: "not_party"
    mood_relaxed:
        all:
            not_relaxed: 0.245355457067
            relaxed: 0.754644572735
        probability: 0.754644572735
        value: "relaxed"
    mood_sad:
        all:
            not_sad: 0.332936882973
            sad: 0.667063117027
        probability: 0.667063117027
        value: "sad"
    rhythm:
        all:
            fast: 0.354627549648
            medium: 0.578067541122
            slow: 0.0673049241304
        probability: 0.578067541122
        value: "medium"
    speech_music:
        all:
            music: 0.978863179684
            speech: 0.0211368352175
        probability: 0.978863179684
        value: "music"
    timbre:
        all:
            bright: 0.980701625347
            dark: 0.0192983616143
        probability: 0.980701625347
        value: "bright"
    voice_instrumental:
        all:
            instrumental: 1
            voice: 7.19920478787e-09
        probability: 1
        value: "instrumental"

lowlevel:
    average_loudness: 0.95162832737
    barkbands_kurtosis:
        dmean: 1.5271794796
        dmean2: 2.3974840641
        dvar: 6.9016828537
        dvar2: 16.3950653076
        max: 29.042137146
        mean: 1.48186933994
        min: -1.60075092316
        var: 15.4403095245
    barkbands_skewness:
        dmean: 0.459773898125
        dmean2: 0.683686435223
        dvar: 0.311359792948
        dvar2: 0.558209240437
        max: 5.33266448975
        mean: 0.659887254238
        min: -2.05674147606
        var: 1.62923383713
    barkbands_spread:
        dmean: 4.11795330048
        dmean2: 6.59313297272
        dvar: 22.4425754547
        dvar2: 56.13073349
        max: 40.1101989746
        mean: 20.4243545532
        min: 5.71578931808
        var: 50.2742080688
    dissonance:
        dmean: 0.0248187426478
        dmean2: 0.0417850837111
        dvar: 0.000523124588653
        dvar2: 0.0013104157988
        max: 0.497734159231
        mean: 0.443271428347
        min: 0.222252219915
        var: 0.000996581744403
    hfc:
        dmean: 1.28886818886
        dmean2: 1.91455817223
        dvar: 6.0386095047
        dvar2: 11.3216667175
        max: 20.6760406494
        mean: 5.03718709946
        min: 0.0917681083083
        var: 20.1789531708
    pitch:
        dmean: 88.2883758545
        dmean2: 170.849105835
        dvar: 175522.296875
        dvar2: 435901.21875
        max: 4410
        mean: 272.836456299
        min: 69.2307662964
        var: 170132.953125
    pitch_instantaneous_confidence:
        dmean: 0.095692358911
        dmean2: 0.149982824922
        dvar: 0.014482951723
        dvar2: 0.0293185692281
        max: 0.961115181446
        mean: 0.632441759109
        min: 0.161560952663
        var: 0.046928267926
    pitch_salience:
        dmean: 0.0639707967639
        dmean2: 0.10375739634
        dvar: 0.00356520921923
        dvar2: 0.00914104096591
        max: 0.875555992126
        mean: 0.658618569374
        min: 0.209937646985
        var: 0.0112292254344
    silence_rate_20dB:
        dmean: 0
        dmean2: 0
        dvar: 0
        dvar2: 0
        max: 1
        mean: 1
        min: 1
        var: 0
    silence_rate_30dB:
        dmean: 0
        dmean2: 0
        dvar: 0
        dvar2: 0
        max: 1
        mean: 1
        min: 1
        var: 0
    silence_rate_60dB:
        dmean: 0.120649650693
        dmean2: 0.239534884691
        dvar: 0.106093563139
        dvar2: 0.196112126112
        max: 1
        mean: 0.458333343267
        min: 0
        var: 0.248263642192
    spectral_centroid:
        dmean: 183.073822021
        dmean2: 276.683166504
        dvar: 47781.8359375
        dvar2: 88517.96875
        max: 2469.39648438
        mean: 1169.91296387
        min: 231.219818115
        var: 278401.3125
    spectral_complexity:
        dmean: 2.12354302406
        dmean2: 3.40420556068
        dvar: 7.5302028656
        dvar2: 15.9323997498
        max: 32
        mean: 10.2674417496
        min: 0
        var: 25.2284755707
    spectral_crest:
        dmean: 1.87444901466
        dmean2: 3.02009797096
        dvar: 3.73484611511
        dvar2: 9.87697696686
        max: 22.0086174011
        mean: 7.8485455513
        min: 3.05189943314
        var: 9.58899021149
    spectral_decrease:
        dmean: 2.60485161219e-10
        dmean2: 4.01774558068e-10
        dvar: 1.49257245211e-19
        dvar2: 3.31793388181e-19
        max: -2.44541661226e-11
        mean: -9.25233945015e-10
        min: -7.10019154582e-09
        var: 5.83587864576e-19
    spectral_energy:
        dmean: 0.00109012029134
        dmean2: 0.00167379085906
        dvar: 2.61438322013e-06
        dvar2: 5.66028757021e-06
        max: 0.0280992481858
        mean: 0.00394893391058
        min: 0.000102015517768
        var: 1.01934156191e-05
    spectral_energyband_high:
        dmean: 4.75544256915e-05
        dmean2: 7.32562766643e-05
        dvar: 8.0902671229e-09
        dvar2: 1.66221099107e-08
        max: 0.000996341696009
        mean: 0.000124024343677
        min: 6.99969132256e-06
        var: 1.80104358094e-08
    spectral_energyband_low:
        dmean: 0.000138096947921
        dmean2: 0.000203643357963
        dvar: 8.82347990228e-08
        dvar2: 1.51511869717e-07
        max: 0.00358020002022
        mean: 0.000237699961872
        min: 6.04604451837e-07
        var: 1.91810400452e-07
    spectral_energyband_middle_high:
        dmean: 0.000465252349386
        dmean2: 0.000695035909303
        dvar: 9.42370206758e-07
        dvar2: 1.73962246208e-06
        max: 0.00938418041915
        mean: 0.00176508224104
        min: 8.29983764561e-06
        var: 3.26868666889e-06
    spectral_energyband_middle_low:
        dmean: 0.000676659692544
        dmean2: 0.00107610668056
        dvar: 1.58688271767e-06
        dvar2: 3.94739936382e-06
        max: 0.0262385010719
        mean: 0.00182210223284
        min: 2.98394370475e-05
        var: 5.73748275201e-06
    spectral_flatness_db:
        dmean: 0.0177317652851
        dmean2: 0.0276806149632
        dvar: 0.000368138687918
        dvar2: 0.000824869377539
        max: 0.297984659672
        mean: 0.174253359437
        min: 0.103575482965
        var: 0.00100424967241
    spectral_flux:
        dmean: 0.0100730657578
        dmean2: 0.015308259055
        dvar: 0.000127939754748
        dvar2: 0.000310009432724
        max: 0.0867971256375
        mean: 0.0275830198079
        min: 0.00504832761362
        var: 0.000289210031042
    spectral_kurtosis:
        dmean: 1.32733380795
        dmean2: 2.12103891373
        dvar: 1.6311674118
        dvar2: 3.99369192123
        max: 12.5319805145
        mean: 5.54265832901
        min: 0.438854455948
        var: 5.79047393799
    spectral_rms:
        dmean: 0.000271188851912
        dmean2: 0.000405991042498
        dvar: 1.13825812775e-07
        dvar2: 2.15271384718e-07
        max: 0.00523582845926
        mean: 0.00182146287989
        min: 0.000315479526762
        var: 5.34891626103e-07
    spectral_rolloff:
        dmean: 360.593139648
        dmean2: 601.520751953
        dvar: 293867.4375
        dvar2: 707233.4375
        max: 4069.77539062
        mean: 1940.39416504
        min: 129.19921875
        var: 756024.125
    spectral_skewness:
        dmean: 0.185716226697
        dmean2: 0.298712342978
        dvar: 0.0320510230958
        dvar2: 0.0706603527069
        max: 3.06224370003
        mean: 1.87792599201
        min: 0.970154583454
        var: 0.11775457859
    spectral_spread:
        dmean: 696625.875
        dmean2: 1024803.9375
        dvar: 1.06360635392e+12
        dvar2: 1.7628004352e+12
        max: 12087883
        mean: 5050372
        min: 2220237.5
        var: 4.17596650291e+12
    spectral_strongpeak:
        dmean: 0.375728160143
        dmean2: 0.615007042885
        dvar: 0.388773113489
        dvar2: 0.932927727699
        max: 4.92870044708
        mean: 0.851149499416
        min: 0.0177102461457
        var: 0.959437012672
    zerocrossingrate:
        dmean: 0.00674032978714
        dmean2: 0.00806576758623
        dvar: 4.5560507715e-05
        dvar2: 5.94435914536e-05
        max: 0.1123046875
        mean: 0.0602947846055
        min: 0.01953125
        var: 0.000363087834558
    barkbands:
        dmean: [6.23784046638e-08, 2.4834243959e-05, 0.00011877342331, 5.57940511499e-05, 0.00013750018843, 0.000387994223274, 0.000124383877846, 0.000136655798997, 9.91927518044e-05, 8.94313925528e-05, 1.92423231056e-05, 3.84878767363e-05, 4.71687453683e-05, 4.07160332543e-05, 0.000111086257675, 0.00012784775754, 0.000128513289383, 5.28809832758e-05, 2.5209499654e-05, 5.74656805838e-05, 1.75479217432e-05, 2.99476891996e-06, 8.01547685114e-07, 6.27859321867e-07, 4.48619090321e-07, 4.59345734782e-08, 1.68283942337e-09]
        dmean2: [6.48459703712e-08, 3.93382215407e-05, 0.000173444626853, 9.2824731837e-05, 0.000236739419051, 0.000669987115543, 0.000210081605474, 0.000199527319637, 0.000138379400596, 0.00012201120262, 2.94559449685e-05, 6.00472230872e-05, 7.47306112316e-05, 6.44677784294e-05, 0.000168555707205, 0.000210277445149, 0.000190359394765, 7.5619231211e-05, 3.79877528758e-05, 8.5031882918e-05, 2.57931860688e-05, 4.79873415316e-06, 1.17870706617e-06, 9.57185761763e-07, 6.36010213384e-07, 6.67304433932e-08, 1.91378823899e-09]
        dvar: [1.50330485907e-12, 2.46060904985e-09, 7.36843617233e-08, 1.01255901441e-08, 4.73435690651e-08, 1.23160737076e-06, 6.598311586e-08, 7.59695168995e-08, 3.88221650383e-08, 6.49171738587e-08, 1.85375981232e-09, 4.92785678929e-09, 1.15423146596e-08, 6.34045527192e-09, 3.47959172586e-08, 7.58332703299e-08, 7.90273659845e-08, 1.05726840616e-08, 1.46706202742e-09, 1.22713395001e-08, 7.7828987699e-10, 2.39356052339e-11, 1.64802416505e-12, 1.30187787634e-12, 8.31354679109e-13, 1.37469423933e-14, 7.46042320684e-16]
        dvar2: [1.50563741162e-12, 5.67099345261e-09, 1.28116170117e-07, 2.61548436242e-08, 1.34547221364e-07, 3.9175092752e-06, 1.79904972697e-07, 1.33561755433e-07, 7.92494390112e-08, 9.34466086733e-08, 3.76571840377e-09, 9.85356241046e-09, 3.10776968604e-08, 1.68519989074e-08, 7.06785812099e-08, 1.84746284049e-07, 1.44301452565e-07, 1.83742319138e-08, 2.96717761472e-09, 2.3040781727e-08, 1.65395630525e-09, 5.62046520436e-11, 3.39194818066e-12, 2.83865509224e-12, 1.62590915124e-12, 2.51341831327e-14, 7.46791627205e-16]
        max: [2.54379447142e-05, 0.000598630285822, 0.0031474349089, 0.00108459859621, 0.00148083025124, 0.018987391144, 0.00263847294264, 0.00429360708222, 0.00208010734059, 0.00328475935385, 0.000579118146561, 0.000615449389443, 0.00108004396316, 0.000793476530816, 0.00151656824164, 0.00269755208865, 0.00259595899843, 0.00137373479083, 0.000377873395337, 0.00102739396971, 0.000332084164256, 4.46162412118e-05, 1.53217461047e-05, 9.63280308497e-06, 8.92002117325e-06, 1.00788281543e-06, 5.67095071347e-07]
        mean: [6.30935517165e-08, 4.89942467539e-05, 0.000188671663636, 8.4762024926e-05, 0.000223274939344, 0.000621269806288, 0.000245177914621, 0.000339344493113, 0.000220507383347, 0.000237631815253, 4.54284017906e-05, 8.81852538441e-05, 8.71987285791e-05, 8.45614267746e-05, 0.00032888763235, 0.000344154890627, 0.000359296362149, 0.000142937278724, 6.01334904786e-05, 0.000144612175063, 4.3656797061e-05, 6.04228853263e-06, 1.93251048586e-06, 1.37440576964e-06, 7.74248462676e-07, 6.33324717114e-08, 1.79232961806e-09]
        min: [1.54706369243e-11, 1.69393459259e-08, 1.67617088209e-07, 4.88024170409e-07, 3.8209414015e-06, 4.51938490187e-07, 8.16275417037e-07, 4.82311918404e-07, 4.32642877968e-07, 1.00808009051e-07, 9.35320656481e-08, 1.00860560792e-07, 2.2224104157e-07, 1.51969047124e-07, 8.89448301677e-08, 1.72287855094e-07, 7.8428041661e-07, 5.6561771089e-07, 1.52355983118e-06, 4.13796351495e-06, 1.92630000129e-06, 4.66820864631e-07, 2.6728866942e-07, 1.7026619048e-07, 7.93117962417e-08, 2.97802560389e-09, 1.16196256176e-12]
        var: [1.50092807107e-12, 4.94872809398e-09, 1.64210305797e-07, 1.67801363915e-08, 5.28194732397e-08, 2.16766193262e-06, 1.69606195755e-07, 3.25631162923e-07, 1.23416413089e-07, 3.10260361402e-07, 6.93976076604e-09, 1.44105554156e-08, 1.83700983314e-08, 1.26772450315e-08, 1.30415884314e-07, 1.60027610718e-07, 2.80516587736e-07, 4.50500046156e-08, 4.23885460066e-09, 3.45376811595e-08, 2.18254636586e-09, 4.02680666589e-11, 3.23978864569e-12, 2.06443195871e-12, 1.36449640649e-12, 1.96768108399e-14, 7.45465597126e-16]
    mfcc:
        mean: [-742.05859375, 122.78440094, -47.9276542664, 39.4078178406, -3.20698809624, -9.55139541626, -14.831193924, -18.9828491211, 3.2238073349, 0.337894886732, -10.4768238068, 1.11047148705, -2.15185642242]
        cov: [[2119.47192383, 265.7840271, -1216.34301758, -125.843658447, -27.7285709381, 64.3729400635, -22.8635177612, -157.758453369, 197.604202271, -55.6534576416, -235.34588623, 39.6864700317, 47.4006462097], [265.7840271, 472.531585693, -53.4121818542, -156.779876709, -96.2969360352, -83.3146591187, -69.5878829956, -53.3986930847, 22.4395427704, 86.4294052124, 104.648475647, 64.1948776245, 25.3322048187], [-1216.34301758, -53.4121818542, 1739.07958984, 136.263000488, -1.54923677444, -91.5803985596, 22.0889644623, 163.616699219, -180.735229492, 153.856658936, 378.836242676, 6.7516875267, 21.9921970367], [-125.843658447, -156.779876709, 136.263000488, 214.043945312, 64.0408859253, 54.0718345642, 59.6274490356, 37.0795783997, 15.0166950226, -22.1533889771, -43.949798584, -4.47043275833, 20.8966712952], [-27.7285709381, -96.2969360352, -1.54923677444, 64.0408859253, 145.613830566, 75.9613952637, 35.9845924377, 40.4510040283, 7.17635822296, -21.2433452606, -33.350605011, -18.3180656433, -0.883668541908], [64.3729400635, -83.3146591187, -91.5803985596, 54.0718345642, 75.9613952637, 137.080429077, 87.0362091064, 50.057182312, 62.5308990479, -13.5592412949, -44.776309967, -19.9201774597, -12.0672245026], [-22.8635177612, -69.5878829956, 22.0889644623, 59.6274490356, 35.9845924377, 87.0362091064, 116.588806152, 70.6806716919, 43.0797157288, -5.25118303299, -20.4793968201, -22.3159790039, -16.3622322083], [-157.758453369, -53.3986930847, 163.616699219, 37.0795783997, 40.4510040283, 50.057182312, 70.6806716919, 106.441772461, 25.0092105865, 18.8473396301, 30.4899330139, -26.4589385986, -15.5688638687], [197.604202271, 22.4395427704, -180.735229492, 15.0166950226, 7.17635822296, 62.5308990479, 43.0797157288, 25.0092105865, 113.118545532, 18.9568252563, -42.9158592224, -7.63355398178, -12.1345043182], [-55.6534576416, 86.4294052124, 153.856658936, -22.1533889771, -21.2433452606, -13.5592412949, -5.25118303299, 18.8473396301, 18.9568252563, 86.2006454468, 84.3791046143, 25.82264328, 15.9689216614], [-235.34588623, 104.648475647, 378.836242676, -43.949798584, -33.350605011, -44.776309967, -20.4793968201, 30.4899330139, -42.9158592224, 84.3791046143, 185.477294922, 45.0695152283, 27.7666454315], [39.6864700317, 64.1948776245, 6.7516875267, -4.47043275833, -18.3180656433, -19.9201774597, -22.3159790039, -26.4589385986, -7.63355398178, 25.82264328, 45.0695152283, 76.5362243652, 56.0638198853], [47.4006462097, 25.3322048187, 21.9921970367, 20.8966712952, -0.883668541908, -12.0672245026, -16.3622322083, -15.5688638687, -12.1345043182, 15.9689216614, 27.7666454315, 56.0638198853, 80.877204895]]
        icov: [[0.000999189331196, -0.000455483299447, 0.000405570055591, 0.000272568227956, -0.00025635570637, 9.91084743873e-05, -0.000529910379555, 0.00113847991452, -0.00126205175184, 0.000371648580767, 5.3808085795e-05, 0.000683957303409, -0.00125503528398], [-0.000455483299447, 0.00438011623919, -1.11391900646e-05, 0.00190988811664, -4.51356754638e-05, 0.00203500012867, -0.000640197424218, 0.00133673287928, -0.00197104783729, -0.00164922664408, -0.00180288869888, -0.00148634414654, 0.000514720217325], [0.000405570055591, -1.11391900646e-05, 0.00241514062509, -0.00235669943504, 0.000258969492279, 0.000510247133207, -0.000198550915229, -0.0011081378907, 0.00248667295091, -0.00176422658842, -0.00382111570798, 0.00231708353385, -2.94508117804e-05], [0.000272568227956, 0.00190988811664, -0.00235669943504, 0.0107132382691, -0.00260277558118, 0.00161578122061, -0.00391832878813, 0.0021788564045, -0.00467540696263, 0.00160825415514, 0.00517417956144, -0.00259698764421, -0.0040409937501], [-0.00025635570637, -4.51356754638e-05, 0.000258969492279, -0.00260277558118, 0.0134115694091, -0.0100719090551, 0.00670853210613, -0.0065233875066, 0.00584601052105, -0.00116011023056, 0.00223547895439, 0.000107586420199, -0.000224219402298], [9.91084743873e-05, 0.00203500012867, 0.000510247133207, 0.00161578122061, -0.0100719090551, 0.0257316604257, -0.0151145849377, 0.00454653613269, -0.010735951364, 0.00303804967552, -0.00352538819425, 0.000486304255901, -0.00104250502773], [-0.000529910379555, -0.000640197424218, -0.000198550915229, -0.00391832878813, 0.00670853210613, -0.0151145849377, 0.0280257221311, -0.0155092962086, 0.00316891516559, 0.000633772928268, 0.00306724617258, -0.00331303081475, 0.00367380608805], [0.00113847991452, 0.00133673287928, -0.0011081378907, 0.0021788564045, -0.0065233875066, 0.00454653613269, -0.0155092962086, 0.0296991989017, -0.0101359635592, 0.00142555334605, -0.00804896187037, 0.0103150969371, -0.0043503283523], [-0.00126205175184, -0.00197104783729, 0.00248667295091, -0.00467540696263, 0.00584601052105, -0.010735951364, 0.00316891516559, -0.0101359635592, 0.0287565179169, -0.0165067408234, 0.00769727025181, -0.00236635445617, 0.00561226671562], [0.000371648580767, -0.00164922664408, -0.00176422658842, 0.00160825415514, -0.00116011023056, 0.00303804967552, 0.000633772928268, 0.00142555334605, -0.0165067408234, 0.0340293571353, -0.012944043614, -0.000563441717532, -0.00315487920307], [5.3808085795e-05, -0.00180288869888, -0.00382111570798, 0.00517417956144, 0.00223547895439, -0.00352538819425, 0.00306724617258, -0.00804896187037, 0.00769727025181, -0.012944043614, 0.0271030794829, -0.0121873663738, 0.00165873020887], [0.000683957303409, -0.00148634414654, 0.00231708353385, -0.00259698764421, 0.000107586420199, 0.000486304255901, -0.00331303081475, 0.0103150969371, -0.00236635445617, -0.000563441717532, -0.0121873663738, 0.0396231077611, -0.022031487897], [-0.00125503528398, 0.000514720217325, -2.94508117804e-05, -0.0040409937501, -0.000224219402298, -0.00104250502773, 0.00367380608805, -0.0043503283523, 0.00561226671562, -0.00315487920307, 0.00165873020887, -0.022031487897, 0.0299063175917]]
    spectral_contrast:
        mean: [-5.346657872e-08, 1.7047534584e-07, 3.66256671214e-07, -2.14749988459e-07, 3.5756290373e-08, 1.99103766363e-07, 3.48895099478e-07, -1.21066739212e-06, -2.41183965954e-06, 6.13789211457e-07, 2.91276114694e-06, -2.16628222915e-06]
        var: [0.000296260579489, 0.000683424703311, 0.00168038811535, 0.00328699499369, 0.00504622235894, 0.0125703299418, 0.0504766628146, 0.0687354952097, 0.165731728077, 0.353620022535, 0.588124752045, 1.29900610447]

rhythm:
    beats_loudness:
        dmean: 0.00317902583629
        dmean2: 0.00498321000487
        dvar: 6.33574200037e-06
        dvar2: 1.81943032658e-05
        max: 0.0113641284406
        mean: 0.00430846121162
        min: 0.000331974239089
        var: 9.35209664021e-06
    beats_loudness_bass:
        dmean: 0.18956387043
        dmean2: 0.351501375437
        dvar: 0.0369133837521
        dvar2: 0.0958876758814
        max: 0.613336622715
        mean: 0.145290851593
        min: 0.00197592913173
        var: 0.0327978767455
    bpm: 121.450737
    bpm_confidence: 0
    first_peak_bpm: 121
    first_peak_spread: 0
    first_peak_weight: 0.944444477558
    onset_rate: 3.5888671875
    second_peak_bpm: 74
    second_peak_spread: 0
    second_peak_weight: 0.0555555559695
    beats_position: [0.233171358705, 0.729411780834, 1.22565221786, 1.7218927145, 2.21813321114, 2.71437358856, 3.21061396599, 3.70685434341, 4.20309495926, 4.69933509827, 5.19557571411, 6.01019954681, 6.50149917603, 6.99279880524, 7.48409843445, 7.97539806366, 8.46669769287, 8.95799732208, 9.44929695129]
    bpm_estimates: [120.11038208, 121.383888245, 120.810752869, 120.997550964, 121.251327515, 121.71761322, 122.496147156, 122.119735718, 122.169303894]
    bpm_intervals: [0.496240437031, 0.496240437031, 0.496240496635, 0.496240496635, 0.496240377426, 0.496240377426, 0.496240377426, 0.496240615845, 0.496240139008, 0.496240615845, 0.814623832703, 0.491299629211, 0.491299629211, 0.491299629211, 0.491299629211, 0.491299629211, 0.491299629211, 0.491299629211]
    onset_times: [0.0580498874187, 0.615328788757, 1.20743763447, 1.70666670799, 2.0549659729, 2.3916554451, 2.70512461662, 3.07664394379, 3.59909296036, 3.7151927948, 3.88934230804, 4.1679816246, 4.42340135574, 4.71365070343, 4.96907043457, 5.08517026901, 5.18966007233, 5.42185926437, 5.64244890213, 5.71210861206, 6.22294807434, 6.71056699753, 7.07047605515, 7.46521520615, 7.70902490616, 7.80190467834, 8.04571437836, 8.26630401611, 8.45206356049, 8.6958732605, 8.88163280487, 9.05578231812, 9.14866256714, 9.32281208038, 9.682721138, 9.9613609314]
    rubato_start: []
    rubato_stop: []
    perceptual_tempo: "unknown"

sfx:
    inharmonicity:
        dmean: 0.0385634340346
        dmean2: 0.0671368911862
        dvar: 0.00262774643488
        dvar2: 0.00705804349855
        max: 0.381936758757
        mean: 0.0403658784926
        min: 3.55125193892e-05
        var: 0.00254809553735
    oddtoevenharmonicenergyratio:
        dmean: 2.1873652935
        dmean2: 4.1741065979
        dvar: 83.1693191528
        dvar2: 245.242294312
        max: 117.558952332
        mean: 1.51881349087
        min: 0.000111111301521
        var: 44.7733459473
    pitch_after_max_to_before_max_energy_ratio: 1.1053519249
    pitch_centroid: 243.80770874
    pitch_max_to_total: 0.660465121269
    pitch_min_to_total: 0.620930254459
    tristimulus:
        dmean: [0.170465871692, 0.182967588305, 0.0742018893361]
        dmean2: [0.294588506222, 0.314013689756, 0.135475307703]
        dvar: [0.027037858963, 0.0320371687412, 0.00882930029184]
        dvar2: [0.0717417523265, 0.0851731151342, 0.0244841985404]
        max: [0.975251793861, 0.972898006439, 0.71772390604]
        mean: [0.41889873147, 0.485240101814, 0.0775410681963]
        min: [0.000595349876676, 0, 0]
        var: [0.04570505023, 0.0505594089627, 0.00849276408553]

tonal:
    chords_changes_rate: 0.0648148134351
    chords_number_rate: 0.037037037313
    chords_strength:
        dmean: 0.0131967486814
        dmean2: 0.0108540831134
        dvar: 8.26110263006e-05
        dvar2: 8.47528863233e-05
        max: 0.623730242252
        mean: 0.441174775362
        min: 0.203945249319
        var: 0.009421704337
    key_strength: 0.725231409073
    tuning_diatonic_strength: 0.44928175211
    tuning_equal_tempered_deviation: 0.0459148846567
    tuning_frequency: 439.238189697
    tuning_nontempered_energy_ratio: 0.692633390427
    hpcp:
        dmean: [0.0917309001088, 0.0900050029159, 0.100444965065, 0.101445019245, 0.0794857740402, 0.109632499516, 0.130582258105, 0.119344986975, 0.133232846856, 0.132280796766, 0.126602724195, 0.109310477972, 0.116260208189, 0.0908829197288, 0.0912155807018, 0.132302328944, 0.132245957851, 0.131572693586, 0.128147527575, 0.0812627896667, 0.0748592764139, 0.0724624022841, 0.0831799581647, 0.123781487346, 0.131941393018, 0.110972441733, 0.0833152160048, 0.0898293852806, 0.0868351310492, 0.161375775933, 0.172711908817, 0.159278422594, 0.111917905509, 0.0785026475787, 0.078937523067, 0.0912410318851]
        dmean2: [0.143242627382, 0.147595316172, 0.177579119802, 0.16734559834, 0.130924552679, 0.189179316163, 0.231255546212, 0.198908954859, 0.230819687247, 0.22812461853, 0.203870072961, 0.1810233742, 0.190976604819, 0.148943141103, 0.139432758093, 0.195790722966, 0.211880192161, 0.212709337473, 0.203673928976, 0.132971569896, 0.120927914977, 0.113032005727, 0.146132007241, 0.207407802343, 0.207436904311, 0.167277470231, 0.140599697828, 0.154723867774, 0.148958906531, 0.282790154219, 0.301707297564, 0.269131958485, 0.194762468338, 0.135712638497, 0.133701905608, 0.151012226939]
        dvar: [0.0217626132071, 0.0213351398706, 0.0309878606349, 0.0232695620507, 0.0129129579291, 0.0292015112936, 0.0445095822215, 0.0289061684161, 0.0334976911545, 0.0414956398308, 0.0299108941108, 0.0231666769832, 0.0271897763014, 0.0168900229037, 0.0164334774017, 0.0385621413589, 0.0292380042374, 0.037420745939, 0.0404469929636, 0.0147061636671, 0.0160809699446, 0.0151668740436, 0.0266659930348, 0.0338098742068, 0.0322807990015, 0.0205922238529, 0.0199840143323, 0.0254123546183, 0.0210301000625, 0.0418611094356, 0.0561813749373, 0.0358337983489, 0.0327859483659, 0.0209117587656, 0.018175739795, 0.0219508595765]
        dvar2: [0.0407272316515, 0.0576985366642, 0.089067786932, 0.0543602257967, 0.0293226316571, 0.0827796384692, 0.112409107387, 0.071272790432, 0.0781516283751, 0.0802368447185, 0.0605396293104, 0.0515723191202, 0.0641498193145, 0.0424623675644, 0.0361419171095, 0.0621307641268, 0.0634266212583, 0.068740695715, 0.0706171244383, 0.0376825593412, 0.039573200047, 0.030901633203, 0.0736417919397, 0.0917719975114, 0.0633600652218, 0.0456615537405, 0.0499085336924, 0.0640356242657, 0.0521368682384, 0.114470846951, 0.12019135803, 0.0844077989459, 0.0818495973945, 0.0481981597841, 0.0442805700004, 0.0508343428373]
        max: [1, 1, 0.98722833395, 1, 1, 1, 1, 1, 1, 1, 1, 1, 1, 1, 0.875056385994, 1, 1, 1, 1, 0.794211387634, 0.840677142143, 1, 1, 1, 1, 1, 1, 1, 0.846732378006, 1, 1, 1, 1, 1, 1, 1]
        mean: [0.208354309201, 0.134948343039, 0.123613916337, 0.161188587546, 0.147791847587, 0.156935080886, 0.184358224273, 0.176939025521, 0.229989916086, 0.314325541258, 0.248849511147, 0.170373052359, 0.185017749667, 0.134948983788, 0.148013800383, 0.250874966383, 0.23172980547, 0.233031287789, 0.226606190205, 0.120120964944, 0.107876315713, 0.127520874143, 0.10547170043, 0.187113553286, 0.291447252035, 0.201901569963, 0.10961151123, 0.112911619246, 0.0959870964289, 0.233695864677, 0.406826853752, 0.286309570074, 0.115635633469, 0.0914924666286, 0.0859944671392, 0.158544644713]
        min: [0.00127711810637, 0.00212668254972, 0.000747761689126, 0.00119530921802, 0.00101667584386, 0.00198783539236, 0.00190752337221, 0.00170927424915, 0.00189688662067, 0.00154167693108, 0.00136153167114, 0.00316803669557, 0.00249111209996, 0.00128960213624, 0.00209432095289, 0.00184673524927, 0.00133219279815, 0.00172046339139, 0.000817585096229, 0.000783225230407, 0.000747426354792, 0.00071938248584, 0.000927701825276, 0.00101037661079, 0.000486248987727, 0.0018718931824, 0.00115924049169, 0.000214583516936, 0.000371652160538, 0.000880437961314, 0.00117775215767, 0.00171568547376, 0.000638762372546, 0.000552371027879, 0.000236062216572, 0.0015097722644]
        var: [0.0869026333094, 0.0279917493463, 0.0333174802363, 0.0490979813039, 0.0396975129843, 0.0352923162282, 0.0698408484459, 0.0511533208191, 0.062854796648, 0.116302236915, 0.0862169265747, 0.0432356782258, 0.0516783893108, 0.0258304905146, 0.030064906925, 0.102104142308, 0.0597816258669, 0.0779587328434, 0.0936320647597, 0.0226159933954, 0.0210923645645, 0.0384674854577, 0.0345088690519, 0.0448813699186, 0.0927412509918, 0.0568964444101, 0.033140938729, 0.0435620695353, 0.0269633065909, 0.0657976716757, 0.156587064266, 0.0866613760591, 0.0362488441169, 0.0294477324933, 0.0193860400468, 0.0435718111694]
    chords_histogram: [31.4814815521, 1.38888883591, 20.3703708649, 0, 2.31481480598, 15.2777776718, 0, 0.462962955236, 0, 4.16666650772, 0, 0, 0, 0, 0, 0, 0, 0, 0, 0, 22.6851844788, 0, 1.85185182095, 0]
    thpcp: [1, 0.703762710094, 0.28423795104, 0.224892884493, 0.211378544569, 0.389710366726, 0.51214492321, 0.33170953393, 0.303848952055, 0.396209299564, 0.363279491663, 0.38575398922, 0.453161388636, 0.434924632311, 0.565326273441, 0.772627294064, 0.611684083939, 0.418785154819, 0.454782545567, 0.331711113453, 0.363825052977, 0.616662740707, 0.569603025913, 0.572802126408, 0.5570089221, 0.295263111591, 0.265165179968, 0.313452452421, 0.259254515171, 0.45993411541, 0.716391384602, 0.496283769608, 0.269430369139, 0.277542203665, 0.235940903425, 0.574435710907]
    chords_key: "C"
    chords_scale: "minor"
    key_key: "C"
    key_scale: "minor"
    chords_progression: ["A#m", "A#m", "A#m", "A#m", "A#m", "A#m", "A#m", "A#m", "A#m", "A#m", "Fm", "Fm", "Fm", "Fm", "Gm", "Gm", "Gm", "Gm", "Gm", "Gm", "Gm", "Gm", "Gm", "Gm", "Gm", "Gm", "Gm", "Gm", "Gm", "Gm", "Gm", "Gm", "Gm", "Gm", "Gm", "Gm", "Gm", "Gm", "Gm", "Gm", "Gm", "Gm", "Gm", "Gm", "Gm", "Gm", "Gm", "Gm", "Gm", "Gm", "Gm", "Gm", "Gm", "Gm", "C", "Cm", "Cm", "Cm", "Cm", "Cm", "Cm", "Cm", "Cm", "Cm", "Cm", "Cm", "Cm", "Gm", "Gm", "Gm", "Gm", "Cm", "Cm", "Cm", "Cm", "Cm", "Cm", "Cm", "Cm", "Cm", "Cm", "Cm", "Cm", "Cm", "Cm", "Cm", "Cm", "Cm", "Cm", "Cm", "Cm", "Cm", "Cm", "Cm", "Cm", "Cm", "Cm", "Cm", "Cm", "Cm", "Cm", "Cm", "Cm", "Cm", "Cm", "Cm", "Cm", "Cm", "Cm", "Cm", "Cm", "D#", "D#", "D#", "A#m", "A#m", "A#m", "A#m", "A#m", "A#m", "A#m", "A#m", "A#m", "A#m", "A#m", "A#m", "A#m", "A#m", "A#m", "A#m", "A#m", "A#m", "A#m", "A#m", "A#m", "A#m", "A#m", "A#m", "A#m", "A#m", "A#m", "A#m", "A#m", "A#m", "A#m", "A#m", "A#m", "A#m", "A#m", "A#m", "A#m", "A#m", "A#m", "Cm", "Cm", "Cm", "Cm", "Cm", "Cm", "Cm", "Cm", "Cm", "Cm", "Dm", "Dm", "Dm", "Dm", "Cm", "Cm", "Cm", "Cm", "Cm", "Cm", "G", "G", "G", "G", "G", "G", "G", "G", "G", "Dm", "F", "F", "F", "F", "F", "F", "F", "F", "F", "F", "F", "F", "F", "F", "F", "F", "F", "F", "F", "F", "F", "F", "F", "F", "F", "F", "F", "F", "F", "F", "F", "F", "F"]
