
metadata:
    version:
        essentia: "1.2.2"
    audio_properties:
        analysis_sample_rate: 44100
        bitrate: 128
        channels: 2
        equal_loudness: 1
        length: 9.97877597809
        replay_gain: -11.0645465851
        downmix: "mix"
    tags:
        track: 19
        year: 0
        album: "Splitted by Mp3Splt v. 2.1"
        artist: "From 003.00 To 003.10"
        comment: "http://mp3splt.sf.net"
        genre: ""
        title: "11 Roc the Mic [Remix].mp3"

highlevel:
    ballroom:
        all:
            ChaChaCha: 0.216063246131
            Jive: 0.0213936418295
            Quickstep: 0.000543331145309
            Rumba-American: 0.000360584323062
            Rumba-International: 0.00193776621018
            Rumba-Misc: 0.002354769269
            Samba: 0.756842792034
            Tango: 0.000231774407439
            VienneseWaltz: 0.000180751536391
            Waltz: 9.13488911465e-05
        probability: 0.756842792034
        value: "Samba"
    culture:
        all:
            non_western: 0.833042502403
            western: 0.166957482696
        probability: 0.833042502403
        value: "non_western"
    gender:
        all:
            female: 0.186474993825
            male: 0.813525021076
        probability: 0.813525021076
        value: "male"
    genre_dortmund:
        all:
            alternative: 3.07643931592e-05
            blues: 2.29228699027e-05
            electronic: 0.00721814436838
            folkcountry: 1.74618435267e-05
            funksoulrnb: 0.00462137442082
            jazz: 0.000891599280294
            pop: 0.000612912932411
            raphiphop: 0.986238241196
            rock: 0.000346552958945
        probability: 0.986238241196
        value: "raphiphop"
    genre_electronica:
        all:
            ambient: 0.0362829752266
            dnb: 0.0347818806767
            house: 0.807077169418
            techno: 0.108190968633
            trance: 0.0136670162901
        probability: 0.807077169418
        value: "house"
    genre_rosamerica:
        all:
            cla: 0.000449051673058
            dan: 0.0227376315743
            hip: 0.951482951641
            jaz: 0.000657466123812
            pop: 0.00102585519198
            rhy: 0.0213041342795
            roc: 0.00103309797123
            spe: 0.00130982312839
        probability: 0.951482951641
        value: "hip"
    genre_tzanetakis:
        all:
            blu: 0.00104490679223
            cla: 0.00112259655725
            cou: 0.00117563444655
            dis: 0.00784701481462
            hip: 0.436746299267
            jaz: 0.00091400166275
            met: 0.00293931411579
            pop: 0.450946360826
            reg: 0.0952595025301
            roc: 0.00200434657745
        probability: 0.450946360826
        value: "pop"
    live_studio:
        all:
            live: 0.420570224524
            studio: 0.579429805279
        probability: 0.579429805279
        value: "studio"
    mood:
        all:
            Cluster1: 0.212233304977
            Cluster2: 0.105760149658
            Cluster3: 0.0117312446237
            Cluster4: 0.125249683857
            Cluster5: 0.545025646687
        probability: 0.545025646687
        value: "Cluster5"
    mood_acoustic:
        all:
            acoustic: 0.0063852048479
            not_acoustic: 0.993614792824
        probability: 0.993614792824
        value: "not_acoustic"
    mood_aggressive:
        all:
            aggressive: 0.0565332733095
            not_aggressive: 0.943466722965
        probability: 0.943466722965
        value: "not_aggressive"
    mood_electronic:
        all:
            electronic: 0.893519699574
            not_electronic: 0.106480307877
        probability: 0.893519699574
        value: "electronic"
    mood_happy:
        all:
            happy: 0.348145276308
            not_happy: 0.65185469389
        probability: 0.65185469389
        value: "not_happy"
    mood_party:
        all:
            not_party: 0.0578211545944
            party: 0.942178845406
        probability: 0.942178845406
        value: "party"
    mood_relaxed:
        all:
            not_relaxed: 0.821295082569
            relaxed: 0.17870490253
        probability: 0.821295082569
        value: "not_relaxed"
    mood_sad:
        all:
            not_sad: 0.975331187248
            sad: 0.0246688015759
        probability: 0.975331187248
        value: "not_sad"
    rhythm:
        all:
            fast: 0.541971683502
            medium: 0.439766228199
            slow: 0.0182620789856
        probability: 0.541971683502
        value: "fast"
    speech_music:
        all:
            music: 0.999307513237
            speech: 0.00069250643719
        probability: 0.999307513237
        value: "music"
    timbre:
        all:
            bright: 0.0318643786013
            dark: 0.968135595322
        probability: 0.968135595322
        value: "dark"
    voice_instrumental:
        all:
            instrumental: 0.0117815928534
            voice: 0.988218426704
        probability: 0.988218426704
        value: "voice"

lowlevel:
    average_loudness: 0.98240250349
    barkbands_kurtosis:
        dmean: 3.15157032013
        dmean2: 5.10934591293
        dvar: 45.1078872681
        dvar2: 100.266036987
        max: 71.8183441162
        mean: 1.33116364479
        min: -1.90737199783
        var: 51.4664154053
    barkbands_skewness:
        dmean: 0.883345127106
        dmean2: 1.28729963303
        dvar: 0.858221292496
        dvar2: 1.71418321133
        max: 7.94361019135
        mean: 0.067988075316
        min: -4.09986543655
        var: 2.3591094017
    barkbands_spread:
        dmean: 10.0898265839
        dmean2: 15.79226017
        dvar: 86.4966659546
        dvar2: 222.873046875
        max: 71.6147537231
        mean: 30.5122814178
        min: 3.24346995354
        var: 191.90512085
    dissonance:
        dmean: 0.0203277673572
        dmean2: 0.033844511956
        dvar: 0.00044270924991
        dvar2: 0.00120149145368
        max: 0.499538719654
        mean: 0.463203310966
        min: 0.282177656889
        var: 0.000858710671309
    hfc:
        dmean: 3.11110067368
        dmean2: 4.30654096603
        dvar: 18.4484424591
        dvar2: 34.375125885
        max: 47.4143371582
        mean: 6.02155828476
        min: 0.0126878041774
        var: 57.299331665
    pitch:
        dmean: 1252.25
        dmean2: 2336.83886719
        dvar: 2209055.5
        dvar2: 5459199.5
        max: 5512.5
        mean: 1681.41491699
        min: 82.4299087524
        var: 2691994.5
    pitch_instantaneous_confidence:
        dmean: 0.11482154578
        dmean2: 0.18942424655
        dvar: 0.0105732223019
        dvar2: 0.0239181425422
        max: 0.886214494705
        mean: 0.473918050528
        min: 0.0907270908356
        var: 0.0303652100265
    pitch_salience:
        dmean: 0.0992843285203
        dmean2: 0.152911618352
        dvar: 0.00662382645532
        dvar2: 0.0152141992003
        max: 0.885573208332
        mean: 0.585283637047
        min: 0.190774589777
        var: 0.0206968728453
    silence_rate_20dB:
        dmean: 0
        dmean2: 0
        dvar: 0
        dvar2: 0
        max: 1
        mean: 1
        min: 1
        var: 0
    silence_rate_30dB:
        dmean: 0
        dmean2: 0
        dvar: 0
        dvar2: 0
        max: 1
        mean: 1
        min: 1
        var: 0
    silence_rate_60dB:
        dmean: 0.15581394732
        dmean2: 0.312354326248
        dvar: 0.131535738707
        dvar2: 0.228774785995
        max: 1
        mean: 0.619489550591
        min: 0
        var: 0.235722258687
    spectral_centroid:
        dmean: 565.217773438
        dmean2: 837.327392578
        dvar: 284014.3125
        dvar2: 535035.375
        max: 6100.75878906
        mean: 2174.27294922
        min: 117.828536987
        var: 1115398.5
    spectral_complexity:
        dmean: 3.46386957169
        dmean2: 4.57943916321
        dvar: 20.9713478088
        dvar2: 32.8184509277
        max: 46
        mean: 7.35813951492
        min: 0
        var: 71.82056427
    spectral_crest:
        dmean: 3.08576059341
        dmean2: 4.8948225975
        dvar: 7.37734985352
        dvar2: 16.132434845
        max: 25.5888557434
        mean: 9.47593975067
        min: 3.31335759163
        var: 18.1144428253
    spectral_decrease:
        dmean: 4.27215846033e-10
        dmean2: 6.55480392187e-10
        dvar: 3.98428369992e-19
        dvar2: 9.76439460426e-19
        max: -5.48615948677e-13
        mean: -6.96503132946e-10
        min: -3.8182497164e-09
        var: 6.16482045803e-19
    spectral_energy:
        dmean: 0.00185053015593
        dmean2: 0.00278751109727
        dvar: 6.43980456516e-06
        dvar2: 1.53517648869e-05
        max: 0.0153910629451
        mean: 0.00317493919283
        min: 3.22142113873e-06
        var: 1.18892112368e-05
    spectral_energyband_high:
        dmean: 0.000211610458791
        dmean2: 0.000298880011542
        dvar: 8.02005430955e-08
        dvar2: 1.4516028557e-07
        max: 0.00312310084701
        mean: 0.00036693981383
        min: 1.52904078732e-06
        var: 2.3442389363e-07
    spectral_energyband_low:
        dmean: 0.000626975786872
        dmean2: 0.00100508658215
        dvar: 3.09597612613e-06
        dvar2: 7.67922210798e-06
        max: 0.00982876587659
        mean: 0.000570634379983
        min: 1.07315945019e-09
        var: 2.84888278657e-06
    spectral_energyband_middle_high:
        dmean: 0.000741719442885
        dmean2: 0.0010611602338
        dvar: 1.35591437811e-06
        dvar2: 2.78452921521e-06
        max: 0.011509064585
        mean: 0.0013373879483
        min: 9.28141389522e-07
        var: 3.6424235077e-06
    spectral_energyband_middle_low:
        dmean: 0.000702092074789
        dmean2: 0.00115445523988
        dvar: 1.10321286684e-06
        dvar2: 2.83506119558e-06
        max: 0.00692450767383
        mean: 0.000899828562979
        min: 5.0421067499e-07
        var: 1.4752666857e-06
    spectral_flatness_db:
        dmean: 0.0318470187485
        dmean2: 0.0487650483847
        dvar: 0.000880253966898
        dvar2: 0.0019133167807
        max: 0.392107754946
        mean: 0.190956279635
        min: 0.0743536129594
        var: 0.00353521830402
    spectral_flux:
        dmean: 0.0131652392447
        dmean2: 0.0197366960347
        dvar: 0.000243103626417
        dvar2: 0.000474658038002
        max: 0.112306892872
        mean: 0.0395390875638
        min: 0.00188178941607
        var: 0.000592117256019
    spectral_kurtosis:
        dmean: 1.02993917465
        dmean2: 1.60633945465
        dvar: 1.12628698349
        dvar2: 2.72317075729
        max: 10.5475320816
        mean: 1.78567576408
        min: -0.69301700592
        var: 2.53832888603
    spectral_rms:
        dmean: 0.000494189967867
        dmean2: 0.000700242468156
        dvar: 2.94976445048e-07
        dvar2: 6.24534891358e-07
        max: 0.00387500599027
        mean: 0.00150929414667
        min: 5.6061126088e-05
        var: 8.19531294383e-07
    spectral_rolloff:
        dmean: 855.906494141
        dmean2: 1391.20581055
        dvar: 1064791.625
        dvar2: 2198724.5
        max: 8225.68359375
        mean: 3719.1340332
        min: 107.666015625
        var: 2462197
    spectral_skewness:
        dmean: 0.235402733088
        dmean2: 0.371181517839
        dvar: 0.0496375784278
        dvar2: 0.120581910014
        max: 2.53719353676
        mean: 0.995371758938
        min: 0.103996179998
        var: 0.144714564085
    spectral_spread:
        dmean: 1180388.125
        dmean2: 1693697.25
        dvar: 1.50789409997e+12
        dvar2: 2.9314556887e+12
        max: 12194093
        mean: 6200605
        min: 2727856
        var: 3.94271916032e+12
    spectral_strongpeak:
        dmean: 0.509917914867
        dmean2: 0.861944437027
        dvar: 0.646673262119
        dvar2: 1.67393958569
        max: 5.66358423233
        mean: 0.623062074184
        min: 0.00683065271005
        var: 0.723204493523
    zerocrossingrate:
        dmean: 0.0181255917996
        dmean2: 0.0206150524318
        dvar: 0.000273629819276
        dvar2: 0.00031454503187
        max: 0.28369140625
        mean: 0.117139808834
        min: 0.01318359375
        var: 0.00196362962015
    barkbands:
        dmean: [3.18514662467e-06, 0.000265515933279, 0.00048437534133, 0.000229479599511, 9.98336545308e-05, 6.21648214292e-05, 0.000225020718062, 0.000138548246468, 0.000117596602649, 6.04338674748e-05, 4.42817108706e-05, 4.09806307289e-05, 2.67000086751e-05, 4.87467477797e-05, 0.000160891620908, 6.70860536047e-05, 5.1043851272e-05, 0.000110007815238, 0.000303412292851, 0.000193197702174, 9.87998500932e-05, 6.94004338584e-05, 1.1291041119e-05, 7.50266690375e-06, 4.12302006225e-06, 1.44279056258e-07, 3.09407527377e-10]
        dmean2: [4.68253119834e-06, 0.000421122473199, 0.000881713698618, 0.000433390639955, 0.000164988683537, 0.000101081925095, 0.000344505824614, 0.000226459698752, 0.000194133011973, 9.59738536039e-05, 7.08172738086e-05, 6.21386134299e-05, 3.57814133167e-05, 8.19332053652e-05, 0.000271963013802, 0.000103136699181, 8.23615991976e-05, 0.000180457267561, 0.000428079249104, 0.000302354485029, 0.000137341354275, 0.00010285978351, 1.61010120792e-05, 1.03583397504e-05, 6.0125789787e-06, 2.38836889821e-07, 5.01890140558e-10]
        dvar: [6.33076577272e-11, 5.16267050443e-07, 2.40119356931e-06, 5.68045550153e-07, 3.06580041354e-08, 1.12563824928e-07, 3.03181593608e-07, 1.46355645825e-07, 7.74270247916e-08, 2.48367140188e-08, 2.29803767127e-08, 1.42084113364e-08, 3.43926354063e-09, 1.46534571144e-08, 1.81941160804e-07, 2.63660098199e-08, 1.05106296999e-08, 7.97723558321e-08, 2.40836726562e-07, 1.06702152891e-07, 2.85609385031e-08, 1.02883745967e-08, 2.29486415981e-10, 1.18284756989e-10, 5.49756420942e-11, 2.51796847262e-13, 8.71570536343e-19]
        dvar2: [1.26145968671e-10, 1.28397800836e-06, 6.77276875649e-06, 1.64116011092e-06, 7.65514158729e-08, 3.0454316402e-07, 5.90696060954e-07, 3.63590544339e-07, 2.00341318646e-07, 6.28564365002e-08, 5.22112308943e-08, 3.49530537846e-08, 5.90238036224e-09, 4.08922069539e-08, 5.41031454304e-07, 6.90783252821e-08, 2.82604766255e-08, 2.13972583651e-07, 4.06364762284e-07, 2.49273568897e-07, 4.75044892312e-08, 2.3332633603e-08, 4.64045024628e-10, 2.08760952969e-10, 1.19780851904e-10, 7.58346890058e-13, 1.21199899219e-18]
        max: [5.18055894645e-05, 0.00419028755277, 0.00835488736629, 0.00403419230133, 0.00170208176132, 0.00523850042373, 0.00667628319934, 0.0040154219605, 0.00309078162536, 0.00164033274632, 0.00271601043642, 0.00115910440218, 0.000530547869857, 0.000996426213533, 0.00323869357817, 0.0021407159511, 0.0010047943797, 0.0031596054323, 0.00689741643146, 0.00315786525607, 0.00245938659646, 0.000971121422481, 0.00011765423551, 7.27328879293e-05, 7.16486465535e-05, 7.87823228166e-06, 1.79264727507e-08]
        mean: [3.71783062292e-06, 0.000248811731581, 0.00031825285987, 0.000142356700962, 0.000124663827592, 6.6882079409e-05, 0.000264369358774, 0.000144290694152, 0.000142919641803, 6.09748021816e-05, 5.23498165421e-05, 3.9482529246e-05, 3.89290617022e-05, 5.45413604414e-05, 0.00016269540356, 7.92682767496e-05, 6.44768661004e-05, 0.000128085885081, 0.000484089890961, 0.0002718741016, 0.000150620820932, 9.98493778752e-05, 1.58769107657e-05, 1.04220216599e-05, 4.98095050716e-06, 1.55631255438e-07, 3.87596260643e-10]
        min: [5.67509797836e-13, 4.41934995543e-11, 3.78316857008e-11, 5.02161034976e-10, 2.38659936258e-07, 1.36128197603e-09, 2.34545094457e-09, 1.95534921588e-09, 5.82079218159e-10, 1.19900844808e-09, 5.86028781058e-09, 3.0274320828e-09, 7.0375145711e-09, 7.04394631512e-09, 1.78365748837e-08, 4.56849917896e-08, 4.39714398226e-08, 1.05736006617e-07, 2.49730902624e-07, 3.63413079185e-07, 2.424142167e-07, 1.12519522588e-07, 2.25344223281e-08, 2.28368008948e-08, 4.9988728712e-09, 1.73376507595e-10, 7.13783849735e-12]
        var: [9.5790937682e-11, 5.00096518863e-07, 1.49318475451e-06, 3.22684400089e-07, 3.3723601689e-08, 1.82156156825e-07, 5.13842223882e-07, 1.69899038838e-07, 1.03716146782e-07, 2.86583521358e-08, 3.00367588579e-08, 1.38563844843e-08, 7.43191908015e-09, 1.47799505967e-08, 1.30141714294e-07, 2.76254485954e-08, 1.58638293613e-08, 1.0477329937e-07, 7.31799730147e-07, 1.81625935625e-07, 7.57079945402e-08, 2.15994244712e-08, 4.47617692911e-10, 2.28657995316e-10, 7.78030487258e-11, 1.899649871e-13, 9.38544352011e-19]
    mfcc:
        mean: [-774.989990234, 46.5535621643, -41.5383491516, 37.1601600647, -30.8573951721, -14.6064319611, -18.3950881958, -16.9851036072, -3.62799072266, 3.26719713211, -6.68953132629, -15.243979454, -4.27569818497]
        cov: [[6588.62890625, 832.244384766, -646.075317383, -290.095092773, 35.1851119995, 318.525604248, 453.622039795, 442.319396973, 431.040283203, 446.968566895, 593.940429688, 141.540542603, 10.227013588], [832.244384766, 1787.48059082, 227.57989502, 486.060180664, 337.732940674, 388.861633301, 343.650604248, 299.860565186, 317.089447021, 230.94190979, 252.870300293, 100.135543823, 102.76915741], [-646.075317383, 227.57989502, 1587.77197266, 703.507019043, 737.68737793, 418.021575928, 291.090057373, 255.89654541, 147.618377686, 142.095657349, 7.55636787415, 88.3096847534, 178.696334839], [-290.095092773, 486.060180664, 703.507019043, 883.519104004, 533.06036377, 331.393371582, 244.136764526, 197.895858765, 209.465332031, 156.297286987, 41.4680938721, 77.2430648804, 103.841621399], [35.1851119995, 337.732940674, 737.68737793, 533.06036377, 865.780456543, 424.807098389, 315.054199219, 214.673461914, 210.022338867, 242.5884552, 78.5879058838, 128.593109131, 80.5099334717], [318.525604248, 388.861633301, 418.021575928, 331.393371582, 424.807098389, 566.489685059, 363.451019287, 346.385375977, 209.295211792, 175.588134766, 179.045440674, 105.630317688, 43.5216560364], [453.622039795, 343.650604248, 291.090057373, 244.136764526, 315.054199219, 363.451019287, 514.799865723, 396.246643066, 232.099716187, 129.184112549, 180.330825806, 117.225585938, 26.8380680084], [442.319396973, 299.860565186, 255.89654541, 197.895858765, 214.673461914, 346.385375977, 396.246643066, 502.124755859, 279.483764648, 116.262817383, 160.670303345, 95.435585022, 19.1187496185], [431.040283203, 317.089447021, 147.618377686, 209.465332031, 210.022338867, 209.295211792, 232.099716187, 279.483764648, 328.24786377, 192.642028809, 156.508102417, 84.8030776978, 42.6066169739], [446.968566895, 230.94190979, 142.095657349, 156.297286987, 242.5884552, 175.588134766, 129.184112549, 116.262817383, 192.642028809, 311.469329834, 152.949676514, 54.461566925, 39.8154411316], [593.940429688, 252.870300293, 7.55636787415, 41.4680938721, 78.5879058838, 179.045440674, 180.330825806, 160.670303345, 156.508102417, 152.949676514, 262.121643066, 91.1304244995, 16.6503257751], [141.540542603, 100.135543823, 88.3096847534, 77.2430648804, 128.593109131, 105.630317688, 117.225585938, 95.435585022, 84.8030776978, 54.461566925, 91.1304244995, 202.632049561, 96.0736160278], [10.227013588, 102.76915741, 178.696334839, 103.841621399, 80.5099334717, 43.5216560364, 26.8380680084, 19.1187496185, 42.6066169739, 39.8154411316, 16.6503257751, 96.0736160278, 155.490875244]]
        icov: [[0.000221967799007, -5.06455362483e-05, 0.000123050136608, 0.000120566925034, -8.30095232232e-05, 5.35007347935e-05, -6.48472487228e-05, -0.000115885246487, 1.74000488187e-05, -0.000138651434099, -0.000345665903296, 0.000157742615556, -0.000179325506906], [-5.06455362483e-05, 0.000843311543576, 0.000176529691089, -0.000410577718867, -3.2468666177e-05, -0.000217182430788, -0.000140664444189, 0.000114348455099, -0.000306710338918, 0.000156677037012, -0.000474996981211, 0.000426727317972, -0.000563776644412], [0.000123050136608, 0.000176529691089, 0.00158930686302, -0.000570572039578, -0.00106305000372, -2.82164928649e-05, 8.40110369609e-05, -0.000834602513351, 0.000710927997716, 0.000168385580764, -0.000391521723941, 0.00106031773612, -0.00177491200157], [0.000120566925034, -0.000410577718867, -0.000570572039578, 0.00253832293674, -0.000578411738388, -0.000410234642914, -0.000231764657656, 0.000546947470866, -0.00115845655091, 0.000121142620628, 0.000594443525188, 0.000170924176928, -0.000271797413006], [-8.30095232232e-05, -3.2468666177e-05, -0.00106305000372, -0.000578411738388, 0.00381261995062, -0.00156201212667, -0.00114798359573, 0.00168661097996, -0.000760680122767, -0.00174463388976, 0.00205483124591, -0.00192769360729, 0.00171497953124], [5.35007347935e-05, -0.000217182430788, -2.82164928649e-05, -0.000410234642914, -0.00156201212667, 0.00532475346699, -0.000538171967492, -0.00264732073992, 0.00177457043901, -0.000460846320493, -0.00192207028158, 0.000350889604306, -0.000196032735403], [-6.48472487228e-05, -0.000140664444189, 8.40110369609e-05, -0.000231764657656, -0.00114798359573, -0.000538171967492, 0.00656481040642, -0.00404301378876, 0.000694655056577, 0.000675979594234, -0.00160356727429, -0.000712516077328, 0.000513038830832], [-0.000115885246487, 0.000114348455099, -0.000834602513351, 0.000546947470866, 0.00168661097996, -0.00264732073992, -0.00404301378876, 0.00895212870091, -0.00556062161922, 0.00142591900658, 0.0013389994856, -0.000739948824048, 0.00146309949923], [1.74000488187e-05, -0.000306710338918, 0.000710927997716, -0.00115845655091, -0.000760680122767, 0.00177457043901, 0.000694655056577, -0.00556062161922, 0.0104205347598, -0.00365685322322, -0.00162057101261, -9.82562632998e-05, -0.00106555735692], [-0.000138651434099, 0.000156677037012, 0.000168385580764, 0.000121142620628, -0.00174463388976, -0.000460846320493, 0.000675979594234, 0.00142591900658, -0.00365685322322, 0.00763383461162, -0.00313682761043, 0.00168354995549, -0.00128556485288], [-0.000345665903296, -0.000474996981211, -0.000391521723941, 0.000594443525188, 0.00205483124591, -0.00192207028158, -0.00160356727429, 0.0013389994856, -0.00162057101261, -0.00313682761043, 0.00986553449184, -0.00364810344763, 0.0024207404349], [0.000157742615556, 0.000426727317972, 0.00106031773612, 0.000170924176928, -0.00192769360729, 0.000350889604306, -0.000712516077328, -0.000739948824048, -9.82562632998e-05, 0.00168354995549, -0.00364810344763, 0.0104179214686, -0.00696172751486], [-0.000179325506906, -0.000563776644412, -0.00177491200157, -0.000271797413006, 0.00171497953124, -0.000196032735403, 0.000513038830832, 0.00146309949923, -0.00106555735692, -0.00128556485288, 0.0024207404349, -0.00696172751486, 0.0125988200307]]
    spectral_contrast:
        mean: [-2.6835085265e-08, 6.13893220702e-08, -2.63334698047e-07, -1.74915371076e-07, 7.86192174473e-07, -2.01685477208e-08, -9.45530644003e-07, 2.99315820484e-06, 3.507941301e-06, -8.72099121807e-07, -1.23367749438e-06, 2.82276505459e-06]
        var: [0.00105039146729, 0.00195443886332, 0.00233340146951, 0.00527845043689, 0.00940748397261, 0.0141637828201, 0.11467282474, 0.223597943783, 0.366647750139, 0.653629243374, 2.64662790298, 5.53383398056]

rhythm:
    beats_loudness:
        dmean: 0.00319861574098
        dmean2: 0.00583466375247
        dvar: 3.58416286872e-06
        dvar2: 1.43393490362e-05
        max: 0.00900799222291
        mean: 0.00375914364122
        min: 0.000331736780936
        var: 6.86472867528e-06
    beats_loudness_bass:
        dmean: 0.454896390438
        dmean2: 0.833854138851
        dvar: 0.0598964802921
        dvar2: 0.193542093039
        max: 0.707844257355
        mean: 0.264839738607
        min: 1.61754167038e-06
        var: 0.0868126302958
    bpm: 96.0371780396
    bpm_confidence: 0
    first_peak_bpm: 96
    first_peak_spread: 0.066666662693
    first_peak_weight: 0.933333337307
    onset_rate: 5.11084747314
    second_peak_bpm: 0
    second_peak_spread: 0
    second_peak_weight: 0
    beats_position: [0.3259331882, 0.950698077679, 1.57546281815, 2.20022773743, 2.82499265671, 3.44975757599, 4.07452249527, 4.69928693771, 5.32405185699, 5.97465753555, 6.59944343567, 7.22422885895, 7.84901475906, 8.47379970551, 9.09858608246, 9.72337150574]
    bpm_estimates: [95.8839035034, 96.0731048584, 96.0082015991, 95.9790420532, 95.5273132324, 95.8900222778, 95.8690185547, 95.8765487671, 96.2304534912, 95.8392028809, 97.2400665283, 96.2636871338, 95.8713912964, 96.3109893799, 96.0694198608, 95.8279342651, 97.1663208008, 95.0728378296, 95.70703125]
    bpm_intervals: [0.624764919281, 0.624764740467, 0.624764919281, 0.624764919281, 0.624764919281, 0.624764919281, 0.624764442444, 0.624764919281, 0.650605678558, 0.624785900116, 0.624785423279, 0.624785900116, 0.624784946442, 0.624786376953, 0.624785423279]
    onset_times: [0.0464399084449, 0.162539675832, 0.359909296036, 0.452789127827, 0.847528338432, 0.952018141747, 1.1261677742, 1.26548755169, 1.4164172411, 1.72988665104, 2.06657600403, 2.20589566231, 2.35682535172, 2.54258513451, 2.68190479279, 2.87927436829, 2.9837641716, 3.20435380936, 3.32045340538, 3.47138333321, 3.76163268089, 3.92417240143, 4.23764181137, 4.51628112793, 4.841360569, 5.25931978226, 5.44507932663, 5.47990942001, 5.80498886108, 5.92108821869, 5.97913837433, 6.1648979187, 6.28099775314, 6.44353723526, 6.61768722534, 6.7570066452, 6.9543762207, 7.0936961174, 7.2330160141, 7.38394546509, 7.87156438828, 8.01088428497, 8.35918331146, 8.48689365387, 8.67265319824, 8.8119726181, 8.95129299164, 9.26476192474, 9.58984088898, 9.74077129364, 9.89170074463]
    rubato_start: []
    rubato_stop: []
    perceptual_tempo: "unknown"

sfx:
    inharmonicity:
        dmean: 0.0688154995441
        dmean2: 0.117561079562
        dvar: 0.00499289296567
        dvar2: 0.0135355768725
        max: 0.439824193716
        mean: 0.0771163925529
        min: 0.000134074638481
        var: 0.00618264079094
    oddtoevenharmonicenergyratio:
        dmean: 24.6982555389
        dmean2: 48.6439323425
        dvar: 30574.6191406
        dvar2: 91275.984375
        max: 2296.35742188
        mean: 13.4840402603
        min: 0.00016028356913
        var: 15486.8818359
    pitch_after_max_to_before_max_energy_ratio: 0.579771995544
    pitch_centroid: 221.622161865
    pitch_max_to_total: 0.665116250515
    pitch_min_to_total: 0.630232572556
    tristimulus:
        dmean: [0.188407897949, 0.294791996479, 0.199514389038]
        dmean2: [0.320670574903, 0.50488114357, 0.358020067215]
        dvar: [0.0353696495295, 0.0535918623209, 0.0302933771163]
        dvar2: [0.0906533747911, 0.150506615639, 0.0822471901774]
        max: [0.956817507744, 0.990139842033, 0.888778090477]
        mean: [0.252954125404, 0.476574331522, 0.185498312116]
        min: [0.00108031451236, 0, 0]
        var: [0.0517563745379, 0.0821584314108, 0.0385035090148]

tonal:
    chords_changes_rate: 0.148148149252
    chords_number_rate: 0.0416666679084
    chords_strength:
        dmean: 0.0132102863863
        dmean2: 0.0167569853365
        dvar: 9.68108288362e-05
        dvar2: 0.00016080297064
        max: 0.457544982433
        mean: 0.32677462697
        min: 0.216392695904
        var: 0.00251809600741
    key_strength: 0.275517612696
    tuning_diatonic_strength: 0.372836828232
    tuning_equal_tempered_deviation: 0.181154608727
    tuning_frequency: 437.971466064
    tuning_nontempered_energy_ratio: 0.835433185101
    hpcp:
        dmean: [0.269574910402, 0.268125981092, 0.267411738634, 0.236236035824, 0.233954057097, 0.27430036664, 0.321183800697, 0.296536743641, 0.227393940091, 0.164698496461, 0.141419649124, 0.139434456825, 0.133810967207, 0.144526094198, 0.161098957062, 0.171915963292, 0.165082350373, 0.146196439862, 0.142825976014, 0.119298480451, 0.134510964155, 0.126840204, 0.0859841778874, 0.102631866932, 0.128005459905, 0.146951034665, 0.190583944321, 0.204401001334, 0.200687408447, 0.194601088762, 0.200306683779, 0.183269351721, 0.157071068883, 0.158042699099, 0.173546373844, 0.242882594466]
        dmean2: [0.463681846857, 0.454454481602, 0.45750823617, 0.416897505522, 0.398396104574, 0.477583229542, 0.568207502365, 0.511194288731, 0.405277222395, 0.279554605484, 0.233175367117, 0.237131655216, 0.229343265295, 0.251202613115, 0.26728105545, 0.290150076151, 0.282063513994, 0.244436264038, 0.242622435093, 0.203934267163, 0.226800978184, 0.213017940521, 0.14351247251, 0.174345567822, 0.226746931672, 0.259940713644, 0.331165075302, 0.364656060934, 0.358733743429, 0.341252893209, 0.358770757914, 0.304805010557, 0.266039311886, 0.262407720089, 0.288749545813, 0.401964515448]
        dvar: [0.0607796907425, 0.0565656609833, 0.0657699331641, 0.0518102012575, 0.0535561665893, 0.0632446780801, 0.0763651058078, 0.0590667277575, 0.0648112297058, 0.0404994077981, 0.0325007140636, 0.0298875626177, 0.0261025987566, 0.0406655780971, 0.0353054627776, 0.0379586555064, 0.0345463715494, 0.0310630816966, 0.0378231741488, 0.0304215159267, 0.0257902741432, 0.0227253716439, 0.0115538295358, 0.0215594135225, 0.047176875174, 0.0460981838405, 0.0541872158647, 0.0646133497357, 0.0668883025646, 0.0591596737504, 0.0665139108896, 0.0532903186977, 0.038325689733, 0.034015070647, 0.0319370143116, 0.0492589920759]
        dvar2: [0.131921097636, 0.142230048776, 0.175309196115, 0.129471942782, 0.144385159016, 0.158009022474, 0.178088471293, 0.169829472899, 0.182831436396, 0.109189629555, 0.0777881145477, 0.0791438147426, 0.0706967934966, 0.115971826017, 0.0899377241731, 0.102234870195, 0.088015563786, 0.0704842731357, 0.0968575105071, 0.0793130621314, 0.0661853030324, 0.0556367896497, 0.0266341455281, 0.0550292879343, 0.121326610446, 0.126935914159, 0.154055580497, 0.182150945067, 0.182002574205, 0.157157242298, 0.175760835409, 0.128278836608, 0.101816557348, 0.0861710757017, 0.0742252543569, 0.129872620106]
        max: [1, 1, 1, 1, 1, 1, 1, 1, 1, 1, 1, 1, 1, 1, 1, 1, 1, 1, 1, 1, 1, 0.81375259161, 0.706959486008, 0.805698931217, 1, 1, 1, 1, 1, 1, 1, 1, 1, 1, 1, 1]
        mean: [0.392154306173, 0.354606449604, 0.331944644451, 0.29867747426, 0.300251603127, 0.401061564684, 0.452211201191, 0.340392619371, 0.229594290257, 0.176558598876, 0.158222183585, 0.160497188568, 0.153867229819, 0.158030897379, 0.185239985585, 0.183172866702, 0.16785544157, 0.167092427611, 0.144231468439, 0.122204788029, 0.133415713906, 0.122935660183, 0.0886477082968, 0.0926978141069, 0.106419764459, 0.122034840286, 0.165395051241, 0.184976324439, 0.178130030632, 0.185945391655, 0.190813884139, 0.1855622679, 0.176991298795, 0.188552081585, 0.25005248189, 0.360438883305]
        min: [0.00354987196624, 0.00384515803307, 0.00297444756143, 0.00183987279888, 0.00257723266259, 0.00492592062801, 0.00387642672285, 0.00199832743965, 0.000781647861004, 0.000874134886544, 0.000835583778098, 0.000645336695015, 0.000579883460887, 0.000687327643391, 0.000731032399926, 0.00088726892136, 0.00108480895869, 0.000715346133802, 0.000480939139379, 0.000203283125302, 9.99564799713e-05, 0.00014320955961, 0.000113423506264, 0.000209946549148, 0.000235706364037, 0.000147560014739, 0.000229633835261, 0.000327670073602, 0.000352333474439, 0.000320668215863, 0.000469739054097, 0.000386968225939, 0.000607414287515, 0.000893970020115, 0.00162849517073, 0.000353664305294]
        var: [0.10368732363, 0.102648541331, 0.0999831557274, 0.0752162784338, 0.0695812776685, 0.0966318249702, 0.119589395821, 0.0792981684208, 0.0589287951589, 0.0403961576521, 0.0383125022054, 0.0350876711309, 0.0309443641454, 0.0382704883814, 0.0472844801843, 0.0461179018021, 0.039158757776, 0.0391210839152, 0.036819472909, 0.0287326723337, 0.0271284095943, 0.0254885349423, 0.015623582527, 0.0206284802407, 0.0371739603579, 0.0360931456089, 0.0528740212321, 0.0581328943372, 0.0606626197696, 0.0619432292879, 0.0674631819129, 0.064812399447, 0.0468684434891, 0.045334212482, 0.0609719604254, 0.093864671886]
    chords_histogram: [0, 6.01851844788, 5.09259271622, 0, 0, 0, 0, 0, 0, 0, 0, 0, 2.31481480598, 0, 0, 26.851852417, 21.2962970734, 5.55555534363, 4.62962961197, 0, 0, 2.31481480598, 25.9259262085, 0]
    thpcp: [1, 0.752729296684, 0.507714748383, 0.390433937311, 0.349885582924, 0.354916423559, 0.340255230665, 0.349462598562, 0.409631580114, 0.405060440302, 0.371188163757, 0.369500845671, 0.318947136402, 0.270238310099, 0.295029640198, 0.271854519844, 0.19603164494, 0.204987883568, 0.235331997275, 0.269862502813, 0.365747362375, 0.409048527479, 0.393908917904, 0.41119146347, 0.421957433224, 0.41034424305, 0.391390800476, 0.416955798864, 0.552955091, 0.797058701515, 0.867192804813, 0.784161150455, 0.734047830105, 0.660482227802, 0.663963198662, 0.88688993454]
    chords_key: "G"
    chords_scale: "major"
    key_key: "D#"
    key_scale: "minor"
    chords_progression: ["Am", "Am", "Am", "G#m", "G#m", "G#m", "G#m", "G#m", "G#m", "Am", "Am", "G#m", "G#m", "G#m", "G#m", "G#m", "G#m", "G#m", "G#m", "G#m", "G#m", "G#m", "G#m", "G#m", "G#m", "G#m", "D", "D", "D", "D", "D", "D", "D", "D", "G#m", "G#m", "G#m", "G#m", "G#m", "G#m", "G#m", "G#m", "G#m", "G#m", "G#m", "G#m", "G#m", "G#m", "G#m", "G#m", "G#m", "G#m", "G#m", "G#m", "G#m", "G#m", "G#m", "G#m", "G#m", "G#m", "G#m", "G#m", "G#m", "G#m", "G#m", "G", "G", "G", "G", "G", "G", "G", "G", "Bm", "A#m", "A#m", "F#", "E", "E", "E", "E", "G#m", "F#", "F#", "F#", "F#", "F#", "F#", "F#", "F#", "G", "F#", "F#", "F#", "G", "G", "F#", "G", "E", "G#m", "G#m", "A#m", "A#m", "A#m", "A#m", "A#m", "A#m", "A#m", "A#m", "A#m", "G", "G", "G", "G", "G", "G", "G", "G", "G", "G", "G", "G", "G", "G", "G", "Bm", "Bm", "G", "Bm", "G", "G", "G", "G", "G", "G", "G", "G", "G", "G", "G", "G", "G", "G", "G", "G", "G", "G", "G", "G", "G", "G", "Bm", "Bm", "Bm", "Bm", "Bm", "Bm", "Bm", "Bm", "Bm", "Bm", "Bm", "Bm", "Bm", "Bm", "Bm", "Bm", "Bm", "Bm", "Bm", "Bm", "Bm", "Bm", "Bm", "Bm", "Bm", "Bm", "Bm", "Bm", "Bm", "Bm", "Bm", "Bm", "Bm", "Bm", "Bm", "Bm", "Bm", "Bm", "Bm", "Bm", "Bm", "Bm", "G#m", "G", "G", "G", "G", "G", "G", "F#m", "G", "G", "D", "D", "D", "D", "F#m", "F#m", "F#m", "F#m", "F#m", "F#m", "F#m", "F#m", "F#m"]
