
metadata:
    version:
        essentia: "1.2.2"
    audio_properties:
        analysis_sample_rate: 44100
        bitrate: 128
        channels: 2
        equal_loudness: 1
        length: 10.1616325378
        replay_gain: 16.3187961578
        downmix: "mix"
    tags:
        track: 5
        year: 0
        album: "Splitted by Mp3Splt v. 2.1"
        artist: "From 000.40 To 000.50"
        comment: "http://mp3splt.sf.net"
        genre: ""
        title: "10 Exit.mp3"

highlevel:
    ballroom:
        all:
            ChaChaCha: 0.0306614432484
            Jive: 0.160501733422
            Quickstep: 0.0190409962088
            Rumba-American: 0.0250380691141
            Rumba-International: 0.201007306576
            Rumba-Misc: 0.0784491747618
            Samba: 0.0948778241873
            Tango: 0.0754046589136
            VienneseWaltz: 0.252429425716
            Waltz: 0.0625893548131
        probability: 0.252429425716
        value: "VienneseWaltz"
    culture:
        all:
            non_western: 0.96569019556
            western: 0.0343097932637
        probability: 0.96569019556
        value: "non_western"
    gender:
        all:
            female: 0.719671905041
            male: 0.280328094959
        probability: 0.719671905041
        value: "female"
    genre_dortmund:
        all:
            alternative: 0.056051492691
            blues: 0.00126463943161
            electronic: 0.493606925011
            folkcountry: 0.0164949819446
            funksoulrnb: 0.00152056512889
            jazz: 0.406864583492
            pop: 0.0114138247445
            raphiphop: 0.00162286718842
            rock: 0.0111600989476
        probability: 0.493606925011
        value: "electronic"
    genre_electronica:
        all:
            ambient: 0.851137876511
            dnb: 0.0104849673808
            house: 0.0302203260362
            techno: 0.0984153822064
            trance: 0.00974142551422
        probability: 0.851137876511
        value: "ambient"
    genre_rosamerica:
        all:
            cla: 0.0439367964864
            dan: 0.15217551589
            hip: 0.0353019312024
            jaz: 0.522153973579
            pop: 0.0284831151366
            rhy: 0.134102001786
            roc: 0.076936416328
            spe: 0.00691026356071
        probability: 0.522153973579
        value: "jaz"
    genre_tzanetakis:
        all:
            blu: 0.23100887239
            cla: 0.137154087424
            cou: 0.0373507030308
            dis: 0.0409751310945
            hip: 0.0670861825347
            jaz: 0.104293629527
            met: 0.03472417593
            pop: 0.0953100323677
            reg: 0.166757464409
            roc: 0.0853397250175
        probability: 0.23100887239
        value: "blu"
    live_studio:
        all:
            live: 0.188636153936
            studio: 0.811363875866
        probability: 0.811363875866
        value: "studio"
    mood:
        all:
            Cluster1: 0.0169107764959
            Cluster2: 0.00114894669969
            Cluster3: 0.802999317646
            Cluster4: 0.000850804906804
            Cluster5: 0.178090140224
        probability: 0.802999317646
        value: "Cluster3"
    mood_acoustic:
        all:
            acoustic: 0.23776166141
            not_acoustic: 0.762238323689
        probability: 0.762238323689
        value: "not_acoustic"
    mood_aggressive:
        all:
            aggressive: 0.00783437304199
            not_aggressive: 0.992165625095
        probability: 0.992165625095
        value: "not_aggressive"
    mood_electronic:
        all:
            electronic: 0.870272815228
            not_electronic: 0.129727184772
        probability: 0.870272815228
        value: "electronic"
    mood_happy:
        all:
            happy: 0.0202185474336
            not_happy: 0.979781448841
        probability: 0.979781448841
        value: "not_happy"
    mood_party:
        all:
            not_party: 0.977003157139
            party: 0.0229968670756
        probability: 0.977003157139
        value: "not_party"
    mood_relaxed:
        all:
            not_relaxed: 0.223239451647
            relaxed: 0.776760518551
        probability: 0.776760518551
        value: "relaxed"
    mood_sad:
        all:
            not_sad: 0.246000498533
            sad: 0.753999471664
        probability: 0.753999471664
        value: "sad"
    rhythm:
        all:
            fast: 0.0375220179558
            medium: 0.67663705349
            slow: 0.285840928555
        probability: 0.67663705349
        value: "medium"
    speech_music:
        all:
            music: 0.999999880791
            speech: 1.00000008274e-07
        probability: 0.999999880791
        value: "music"
    timbre:
        all:
            bright: 0.220264464617
            dark: 0.779735505581
        probability: 0.779735505581
        value: "dark"
    voice_instrumental:
        all:
            instrumental: 0.999989748001
            voice: 1.02477069959e-05
        probability: 0.999989748001
        value: "instrumental"

lowlevel:
    average_loudness: 0.964448750019
    barkbands_kurtosis:
        dmean: 18.3606319427
        dmean2: 30.4737606049
        dvar: 598.405700684
        dvar2: 1419.40332031
        max: 228.60105896
        mean: 60.3211555481
        min: -1.82744646072
        var: 2247.16113281
    barkbands_skewness:
        dmean: 0.96019923687
        dmean2: 1.55450594425
        dvar: 1.0977088213
        dvar2: 2.55694746971
        max: 13.2345819473
        mean: 5.32796669006
        min: -1.88181555271
        var: 5.64335632324
    barkbands_spread:
        dmean: 1.41902887821
        dmean2: 2.19619321823
        dvar: 14.3093795776
        dvar2: 28.0879364014
        max: 78.7210006714
        mean: 3.8949906826
        min: 0.500052690506
        var: 48.8300018311
    dissonance:
        dmean: 0.0335143357515
        dmean2: 0.0555398091674
        dvar: 0.000800198235083
        dvar2: 0.00227042171173
        max: 0.498710542917
        mean: 0.38110986352
        min: 0.194890469313
        var: 0.00322972773574
    hfc:
        dmean: 0.202733516693
        dmean2: 0.303046315908
        dvar: 0.794524252415
        dvar2: 1.9811797142
        max: 18.2206516266
        mean: 0.683791041374
        min: 0.0951128527522
        var: 0.98478782177
    pitch:
        dmean: 122.116920471
        dmean2: 239.998031616
        dvar: 372356.90625
        dvar2: 944605.625
        max: 4900
        mean: 234.581436157
        min: 62.5531921387
        var: 462223.15625
    pitch_instantaneous_confidence:
        dmean: 0.0621411725879
        dmean2: 0.0964500382543
        dvar: 0.00425053806975
        dvar2: 0.00926651619375
        max: 0.819006323814
        mean: 0.489479809999
        min: 0.134302318096
        var: 0.0127249406651
    pitch_salience:
        dmean: 0.066300816834
        dmean2: 0.109727628529
        dvar: 0.00704475585371
        dvar2: 0.0174854584038
        max: 0.719918251038
        mean: 0.37535789609
        min: 0.0844888463616
        var: 0.0230289772153
    silence_rate_20dB:
        dmean: 0
        dmean2: 0
        dvar: 0
        dvar2: 0
        max: 1
        mean: 1
        min: 1
        var: 0
    silence_rate_30dB:
        dmean: 0
        dmean2: 0
        dvar: 0
        dvar2: 0
        max: 1
        mean: 1
        min: 1
        var: 0
    silence_rate_60dB:
        dmean: 0.141876429319
        dmean2: 0.282110095024
        dvar: 0.121747948229
        dvar2: 0.262158423662
        max: 1
        mean: 0.426940649748
        min: 0
        var: 0.244663208723
    spectral_centroid:
        dmean: 41.4022750854
        dmean2: 58.0676078796
        dvar: 24147.1035156
        dvar2: 26172.4257812
        max: 3942.48144531
        mean: 185.816879272
        min: 89.7497711182
        var: 102188.796875
    spectral_complexity:
        dmean: 0.616091966629
        dmean2: 1.07373273373
        dvar: 0.613532543182
        dvar2: 1.39548146725
        max: 13
        mean: 3.61009168625
        min: 1
        var: 1.65989816189
    spectral_crest:
        dmean: 2.05060505867
        dmean2: 3.21651101112
        dvar: 6.66660451889
        dvar2: 16.8340454102
        max: 23.9573516846
        mean: 15.8621301651
        min: 6.15564346313
        var: 22.1525211334
    spectral_decrease:
        dmean: 2.94881868923e-10
        dmean2: 4.41595343625e-10
        dvar: 1.5791266927e-19
        dvar2: 3.31511991677e-19
        max: -8.49325818009e-11
        mean: -1.19006382526e-09
        min: -4.52708359688e-09
        var: 6.34548756056e-19
    spectral_energy:
        dmean: 0.00112874084152
        dmean2: 0.00169156782795
        dvar: 2.30097043641e-06
        dvar2: 4.84540623802e-06
        max: 0.0172719899565
        mean: 0.00455359276384
        min: 0.000329181872075
        var: 9.1664833235e-06
    spectral_energyband_high:
        dmean: 1.78112750291e-05
        dmean2: 2.70374639513e-05
        dvar: 3.2331023192e-08
        dvar2: 8.00600048478e-08
        max: 0.00362029951066
        mean: 2.27445671044e-05
        min: 2.28415342463e-06
        var: 3.70224633173e-08
    spectral_energyband_low:
        dmean: 0.00103095045779
        dmean2: 0.00153897807468
        dvar: 2.11938413486e-06
        dvar2: 4.5021065489e-06
        max: 0.0138311441988
        mean: 0.00377281731926
        min: 4.87311372126e-05
        var: 8.3649838416e-06
    spectral_energyband_middle_high:
        dmean: 1.63070817507e-05
        dmean2: 1.88712820091e-05
        dvar: 1.90008253576e-09
        dvar2: 2.46168752049e-09
        max: 0.000906760571525
        mean: 5.6878408941e-05
        min: 1.02635283383e-06
        var: 1.98376515215e-08
    spectral_energyband_middle_low:
        dmean: 0.000225607858738
        dmean2: 0.000339790072758
        dvar: 1.55057236384e-07
        dvar2: 3.0015195307e-07
        max: 0.00575825572014
        mean: 0.000701147248037
        min: 8.76486883499e-05
        var: 4.26768053785e-07
    spectral_flatness_db:
        dmean: 0.0274296216667
        dmean2: 0.0416832603514
        dvar: 0.00119618559256
        dvar2: 0.00272227497771
        max: 0.489113360643
        mean: 0.36096149683
        min: 0.126108497381
        var: 0.00507506914437
    spectral_flux:
        dmean: 0.00877793040127
        dmean2: 0.0134276840836
        dvar: 0.000123843870824
        dvar2: 0.000271630618954
        max: 0.0728870034218
        mean: 0.0174958985299
        min: 0.00302029540762
        var: 0.000206817901926
    spectral_kurtosis:
        dmean: 2.27225422859
        dmean2: 3.53488826752
        dvar: 5.30488729477
        dvar2: 11.6393537521
        max: 31.6993370056
        mean: 11.0726461411
        min: -0.275194168091
        var: 24.6349983215
    spectral_rms:
        dmean: 0.000289536168566
        dmean2: 0.000437952228822
        dvar: 1.42343182574e-07
        dvar2: 3.20623655625e-07
        max: 0.00410496303812
        mean: 0.00198970292695
        min: 0.000566703674849
        var: 4.83614655877e-07
    spectral_rolloff:
        dmean: 63.4610710144
        dmean2: 110.593208313
        dvar: 94336.5859375
        dvar2: 165222.4375
        max: 5469.43359375
        mean: 244.914993286
        min: 86.1328125
        var: 291472.875
    spectral_skewness:
        dmean: 0.288860291243
        dmean2: 0.44615855813
        dvar: 0.0912395864725
        dvar2: 0.199787944555
        max: 5.19332027435
        mean: 3.0752017498
        min: 0.241077318788
        var: 0.482690662146
    spectral_spread:
        dmean: 732270.25
        dmean2: 1158602.25
        dvar: 1.30636919603e+12
        dvar2: 1.8061450281e+12
        max: 29541966
        mean: 5449183
        min: 2821303
        var: 2.71225769165e+12
    spectral_strongpeak:
        dmean: 0.0725809931755
        dmean2: 0.118509180844
        dvar: 0.0427709557116
        dvar2: 0.125202462077
        max: 2.83328509331
        mean: 0.214111208916
        min: 0.0192162171006
        var: 0.0300797838718
    zerocrossingrate:
        dmean: 0.00392084242776
        dmean2: 0.00473655294627
        dvar: 4.18699091824e-05
        dvar2: 3.51744856744e-05
        max: 0.1845703125
        mean: 0.0142956655473
        min: 0.00244140625
        var: 0.000335458142217
    barkbands:
        dmean: [4.93812365221e-07, 0.000755404995289, 0.000384250190109, 0.000158388676937, 7.33371343813e-05, 2.93451157631e-05, 3.6851666664e-05, 6.59281749904e-06, 4.09283120462e-06, 1.60944291565e-05, 5.06777496412e-07, 1.8077690811e-07, 1.87320623013e-07, 2.55985611375e-07, 1.69859617927e-07, 2.23312497383e-07, 6.41903909582e-07, 5.89716478316e-07, 7.5980415204e-07, 8.16739429865e-06, 8.15505882201e-06, 2.49774939221e-06, 2.54326920412e-07, 1.47427883235e-07, 2.19701476567e-07, 3.16977222248e-09, 1.03637864957e-09]
        dmean2: [8.43038719722e-07, 0.00109768251423, 0.000608152768109, 0.000261207896983, 0.000106521052658, 4.27795639553e-05, 5.36562802154e-05, 8.84717428562e-06, 5.78137360208e-06, 1.69431368704e-05, 8.06439516055e-07, 2.88047857566e-07, 2.91742793479e-07, 3.98051270167e-07, 2.96121953625e-07, 3.81965037377e-07, 1.05853189325e-06, 1.0315078498e-06, 1.24778182453e-06, 1.24322086776e-05, 1.33352223202e-05, 3.6223771076e-06, 3.86850615541e-07, 2.3148083983e-07, 3.49475669736e-07, 4.31433644366e-09, 1.07655617754e-09]
        dvar: [9.82607333173e-13, 1.16697583508e-06, 3.41331599429e-07, 9.46476319541e-08, 1.79818222534e-08, 3.68151997776e-09, 9.18169362762e-09, 4.45386616477e-10, 8.00843835691e-11, 1.7882533232e-09, 5.05586024435e-12, 2.218551677e-13, 5.38048067471e-13, 4.18535540427e-13, 1.89906982284e-13, 4.33956798447e-13, 3.80124664384e-12, 3.4025382338e-12, 1.28300200325e-11, 7.34134575353e-09, 7.06153047147e-09, 4.06410072262e-10, 4.90602003467e-12, 1.1289952263e-12, 6.66609887949e-13, 2.50027820645e-16, 2.35014479293e-16]
        dvar2: [2.66005338416e-12, 2.11467704503e-06, 8.66528353072e-07, 2.15543835225e-07, 2.42012383467e-08, 7.78889663877e-09, 1.45747014457e-08, 6.98553659362e-10, 1.56923904426e-10, 2.1488741897e-09, 1.38850736464e-11, 5.74705972915e-13, 1.22918634906e-12, 8.81647077393e-13, 5.48711683729e-13, 1.21602576099e-12, 9.17666550387e-12, 8.81897419674e-12, 3.26389609784e-11, 1.76757133374e-08, 1.83703257051e-08, 8.37713343138e-10, 6.8355143594e-12, 2.47012349811e-12, 7.77537105881e-13, 2.05448820738e-16, 1.70143812517e-16]
        max: [7.81048856879e-06, 0.0120768342167, 0.00605710083619, 0.00467150378972, 0.00222057639621, 0.000967926287558, 0.00138365256134, 0.000404080579756, 0.000152578650159, 0.00090419506887, 3.53899122274e-05, 6.14548753219e-06, 1.12534471555e-05, 9.93398680293e-06, 4.91635410071e-06, 7.40060158932e-06, 2.92422337225e-05, 1.97951376322e-05, 6.29704663879e-05, 0.00164308352396, 0.00163323921151, 0.000439160707174, 4.3695934437e-05, 2.22877479246e-05, 1.8115475541e-05, 3.52765511025e-07, 3.66419669717e-07]
        mean: [6.63156413339e-07, 0.00270626717247, 0.00106589973439, 0.000314222357702, 0.000214704748942, 6.57107520965e-05, 7.20380339772e-05, 1.18122998174e-05, 1.06534216684e-05, 6.24431268079e-05, 6.61360388676e-07, 3.0093755754e-07, 3.28508178882e-07, 4.26057795266e-07, 2.82309827071e-07, 3.67392630096e-07, 8.74496322467e-07, 8.8825805733e-07, 1.0916478459e-06, 7.98555720394e-06, 1.0017924069e-05, 4.72067722512e-06, 4.16746047449e-07, 2.56526931253e-07, 5.59244483611e-07, 6.47387654595e-09, 1.30048671831e-09]
        min: [5.96958593668e-11, 1.92505576706e-05, 1.64481207321e-05, 1.19579453894e-06, 8.94398181117e-06, 4.76069317301e-07, 5.29944486516e-07, 3.88716046018e-08, 1.68446803173e-08, 1.64025895089e-08, 5.01650587736e-09, 5.13748987796e-10, 2.02522820736e-09, 1.04780717436e-08, 8.01911870241e-09, 3.0464267553e-08, 2.19305409388e-08, 5.59099113673e-08, 5.43791820462e-08, 1.78528608785e-07, 3.35535560225e-07, 4.74856022947e-07, 1.56374829752e-10, 1.34638717952e-08, 7.46396295881e-08, 1.95106153456e-10, 4.04292159646e-13]
        var: [1.10751859073e-12, 5.88355987929e-06, 1.25788426431e-06, 2.16334910874e-07, 5.32971853318e-08, 1.69052221111e-08, 2.22755751622e-08, 1.13279852165e-09, 4.96118479631e-10, 2.21709601789e-08, 4.74634264183e-12, 5.19096430337e-13, 1.22255374227e-12, 1.08492316693e-12, 3.90373334786e-13, 6.22445020873e-13, 5.6752671139e-12, 4.63734606271e-12, 1.26524311861e-11, 7.12635817024e-09, 7.88559972875e-09, 7.03508307165e-10, 1.28247109113e-11, 1.89448738815e-12, 1.73726907426e-12, 4.03471677158e-16, 3.12099692039e-16]
    mfcc:
        mean: [-911.333312988, 160.577423096, 66.9792633057, 88.7756958008, -0.193965494633, -0.732806801796, 13.8908615112, -7.35155630112, 39.6701507568, -14.7014245987, 14.0006084442, -9.81821155548, -6.71968460083]
        cov: [[1294.6463623, -164.341033936, -375.305175781, -303.174835205, -219.387084961, -33.0494728088, -193.0362854, -79.6139984131, -217.298431396, 150.043197632, -14.3194799423, 131.359451294, 80.4723815918], [-164.341033936, 580.954345703, 74.1756744385, -153.089828491, -168.067337036, -140.836776733, 91.4208755493, 61.9731941223, 200.581741333, -5.50175905228, 36.5304718018, -112.997306824, -37.9432411194], [-375.305175781, 74.1756744385, 319.370819092, 151.743438721, 34.213886261, -44.5047607422, 40.6847801208, 103.726547241, 136.074584961, -4.08557415009, -15.6853303909, -50.4284896851, -45.9682159424], [-303.174835205, -153.089828491, 151.743438721, 293.94329834, 197.19493103, 54.4624633789, -12.4108533859, -39.0085525513, -41.9456481934, -54.7660140991, 11.6110515594, 32.2479820251, -4.68158769608], [-219.387084961, -168.067337036, 34.213886261, 197.19493103, 272.607971191, 99.7083358765, -7.42192316055, -102.545570374, -126.9480896, -72.1415786743, 14.5813150406, 65.6057510376, 27.3525180817], [-33.0494728088, -140.836776733, -44.5047607422, 54.4624633789, 99.7083358765, 162.1434021, -13.4548664093, -51.1399154663, -131.795700073, -33.304233551, 9.01837825775, 48.9231262207, 38.5543746948], [-193.0362854, 91.4208755493, 40.6847801208, -12.4108533859, -7.42192316055, -13.4548664093, 148.332321167, 20.3290557861, 123.707824707, -29.9136695862, -11.7906246185, -59.0968666077, -41.385848999], [-79.6139984131, 61.9731941223, 103.726547241, -39.0085525513, -102.545570374, -51.1399154663, 20.3290557861, 269.924591064, 142.113876343, 63.2468719482, -53.6637268066, -101.267211914, -59.4488601685], [-217.298431396, 200.581741333, 136.074584961, -41.9456481934, -126.9480896, -131.795700073, 123.707824707, 142.113876343, 321.475708008, 35.2042655945, -22.5419807434, -134.015213013, -103.572128296], [150.043197632, -5.50175905228, -4.08557415009, -54.7660140991, -72.1415786743, -33.304233551, -29.9136695862, 63.2468719482, 35.2042655945, 99.3220443726, -5.3929271698, -13.1479387283, -6.09757184982], [-14.3194799423, 36.5304718018, -15.6853303909, 11.6110515594, 14.5813150406, 9.01837825775, -11.7906246185, -53.6637268066, -22.5419807434, -5.3929271698, 67.5482559204, 43.718952179, 17.291349411], [131.359451294, -112.997306824, -50.4284896851, 32.2479820251, 65.6057510376, 48.9231262207, -59.0968666077, -101.267211914, -134.015213013, -13.1479387283, 43.718952179, 133.06401062, 58.1413955688], [80.4723815918, -37.9432411194, -45.9682159424, -4.68158769608, 27.3525180817, 38.5543746948, -41.385848999, -59.4488601685, -103.572128296, -6.09757184982, 17.291349411, 58.1413955688, 80.1433486938]]
        icov: [[0.0027487736661, 0.00016180681996, 0.00180595216807, 0.000554959930014, 0.00183548068162, 0.00102210754994, 0.000937155797146, 0.000764153373893, 0.00122698640916, -0.00287304073572, 0.00272362260148, -0.00271973269992, 0.00106998102274], [0.00016180681996, 0.00464728102088, -0.00207941816188, 0.00319599197246, 0.000400661199819, 0.00246366788633, -0.000672178517561, 0.000177999871084, 0.000451671745395, 0.00248077465221, -0.00592956971377, 0.00429007504135, -0.00156578607857], [0.00180595216807, -0.00207941816188, 0.00932593550533, -0.00585776101798, 0.00153979845345, 0.000385359686334, 0.000876731763128, -0.00177018379327, -0.00241077528335, -0.00255707325414, 0.00514564244077, -0.00464405631647, -0.00041333650006], [0.000554959930014, 0.00319599197246, -0.00585776101798, 0.0133261401206, -0.00616744393483, 0.000707764760591, 0.00279398495331, 0.000998143688776, -0.000172019776073, 0.00263643800281, -0.00454148417339, 0.00240669050254, 0.00153426465113], [0.00183548068162, 0.000400661199819, 0.00153979845345, -0.00616744393483, 0.0125421676785, -0.00076921924483, -0.002270686673, 0.00163055711892, 0.00391248706728, -0.00046813688823, 0.00246989354491, -0.00256763887592, 0.00134647544473], [0.00102210754994, 0.00246366788633, 0.000385359686334, 0.000707764760591, -0.00076921924483, 0.0134926056489, -0.00431977026165, -0.0016006284859, 0.00687528960407, 0.000243120302912, -0.00343685178086, 0.00181807624176, -0.00091764080571], [0.000937155797146, -0.000672178517561, 0.000876731763128, 0.00279398495331, -0.002270686673, -0.00431977026165, 0.0160044077784, 0.0019673621282, -0.00883777346462, 0.0038872747682, 0.00312564824708, -0.00022259389516, 0.000345404987456], [0.000764153373893, 0.000177999871084, -0.00177018379327, 0.000998143688776, 0.00163055711892, -0.0016006284859, 0.0019673621282, 0.00817074999213, -0.00105815078132, -0.00368634355254, 0.00385676044971, 0.00187154999003, 0.00181249831803], [0.00122698640916, 0.000451671745395, -0.00241077528335, -0.000172019776073, 0.00391248706728, 0.00687528960407, -0.00883777346462, -0.00105815078132, 0.017067886889, -0.0041469167918, -0.00370125635527, 0.00392328575253, 0.00729177333415], [-0.00287304073572, 0.00248077465221, -0.00255707325414, 0.00263643800281, -0.00046813688823, 0.000243120302912, 0.0038872747682, -0.00368634355254, -0.0041469167918, 0.0205759610981, -0.00656069489196, 0.00372958625667, -0.003021503333], [0.00272362260148, -0.00592956971377, 0.00514564244077, -0.00454148417339, 0.00246989354491, -0.00343685178086, 0.00312564824708, 0.00385676044971, -0.00370125635527, -0.00656069489196, 0.0322845317423, -0.0161011070013, 0.00186220055912], [-0.00271973269992, 0.00429007504135, -0.00464405631647, 0.00240669050254, -0.00256763887592, 0.00181807624176, -0.00022259389516, 0.00187154999003, 0.00392328575253, 0.00372958625667, -0.0161011070013, 0.0258270706981, -0.00639492738992], [0.00106998102274, -0.00156578607857, -0.00041333650006, 0.00153426465113, 0.00134647544473, -0.00091764080571, 0.000345404987456, 0.00181249831803, 0.00729177333415, -0.003021503333, 0.00186220055912, -0.00639492738992, 0.0254503171891]]
    spectral_contrast:
        mean: [7.92991272647e-08, -1.78813934326e-07, 2.60223487203e-07, -4.50110775319e-08, -5.72635237006e-08, -3.64104408845e-07, -2.24928930947e-06, -2.30325463235e-06, -1.27158853047e-06, 2.11664837479e-06, -5.65854497836e-06, 5.34363834959e-06]
        var: [0.000164344310178, 0.000579637126066, 0.00113318837248, 0.00297564058565, 0.00407412927598, 0.0110983634368, 0.0719212591648, 0.0817576646805, 0.164955958724, 0.26515853405, 0.333512812853, 1.16427266598]

rhythm:
    beats_loudness:
        dmean: 0.00317153404467
        dmean2: 0.00567868025973
        dvar: 1.03976790342e-05
        dvar2: 2.86438407784e-05
        max: 0.0124722486362
        mean: 0.00468845758587
        min: 0.00111477356404
        var: 1.11050794658e-05
    beats_loudness_bass:
        dmean: 0.0965110957623
        dmean2: 0.141410037875
        dvar: 0.0150370486081
        dvar2: 0.0385326631367
        max: 0.96476995945
        mean: 0.836421906948
        min: 0.240434318781
        var: 0.0276965778321
    bpm: 115.636192322
    bpm_confidence: 0
    first_peak_bpm: 115
    first_peak_spread: 0.352941155434
    first_peak_weight: 0.611111104488
    onset_rate: 6.00297212601
    second_peak_bpm: 87
    second_peak_spread: 0
    second_peak_weight: 0.0555555559695
    beats_position: [0.0544241592288, 0.577541947365, 1.10065984726, 1.62377762794, 2.14689540863, 2.67001342773, 3.19313120842, 3.71624922752, 4.23936700821, 4.76248502731, 5.28560304642, 5.80872106552, 6.50220775604, 7.01696395874, 7.53172111511, 8.04647827148, 8.56123447418, 9.07599067688, 9.59074783325]
    bpm_estimates: [115.424064636, 115.104637146, 114.601860046, 112.357192993, 116.067825317, 116.559928894, 116.433502197, 116.142036438, 116.366706848, 117.304191589]
    bpm_intervals: [0.523117780685, 0.523117899895, 0.523117780685, 0.523117780685, 0.523118019104, 0.523117780685, 0.523118019104, 0.523117780685, 0.523118019104, 0.523118019104, 0.523118019104, 0.693486690521, 0.514756202698, 0.514757156372, 0.514757156372, 0.514756202698, 0.514756202698, 0.514757156372]
    onset_times: [0.0696598663926, 0.18575963378, 0.638548731804, 0.847528338432, 1.13777780533, 1.33514738083, 1.71827661991, 1.764716506, 1.83437645435, 1.93886625767, 2.03174614906, 2.15945577621, 2.26394557953, 2.35682535172, 2.41487526894, 2.50775504112, 2.60063481331, 2.69351482391, 2.82122445107, 2.92571425438, 3.04181408882, 3.12308382988, 3.21596360207, 3.34367346764, 3.47138333321, 3.55265307426, 3.7151927948, 3.90095233917, 3.98222231865, 4.17959165573, 4.22603178024, 4.40018129349, 4.48145103455, 4.63238096237, 4.76009082794, 4.9806804657, 5.27092981339, 5.51473903656, 5.630838871, 5.80498886108, 6.03718805313, 6.13006782532, 6.3042178154, 6.43192720413, 6.65251684189, 6.82666683197, 7.00081634521, 7.14013624191, 7.41877555847, 7.60453510284, 7.85995483398, 7.89478445053, 8.25469398499, 8.53333377838, 8.6146030426, 8.80036258698, 9.12544250488, 9.67111110687, 9.85687065125, 9.94975090027, 10.0194101334]
    rubato_start: []
    rubato_stop: []
    perceptual_tempo: "unknown"

sfx:
    inharmonicity:
        dmean: 0.00806035473943
        dmean2: 0.0147453770041
        dvar: 0.000460741051938
        dvar2: 0.00136413774453
        max: 0.296392470598
        mean: 0.00609313743189
        min: 5.56907764349e-07
        var: 0.00031545831007
    oddtoevenharmonicenergyratio:
        dmean: 3.04477477074
        dmean2: 5.88716268539
        dvar: 661.495117188
        dvar2: 2003.99938965
        max: 367.398986816
        mean: 1.9011670351
        min: 1.85059022328e-07
        var: 341.803649902
    pitch_after_max_to_before_max_energy_ratio: 9.35433864594
    pitch_centroid: 129.041946411
    pitch_max_to_total: 0.0114678898826
    pitch_min_to_total: 0.149082571268
    tristimulus:
        dmean: [0.149040624499, 0.150444954634, 0.0158703345805]
        dmean2: [0.267040938139, 0.270824104548, 0.0275894626975]
        dvar: [0.0383265092969, 0.0410481393337, 0.00306218420155]
        dvar2: [0.11227979511, 0.118867367506, 0.00870172306895]
        max: [0.996794044971, 0.977884709835, 0.788262784481]
        mean: [0.733396291733, 0.247713476419, 0.0156626421958]
        min: [0.0137536842376, 0, 0]
        var: [0.0471863299608, 0.0445911101997, 0.0027645775117]

tonal:
    chords_changes_rate: 0.0502283088863
    chords_number_rate: 0.0228310506791
    chords_strength:
        dmean: 0.00659336242825
        dmean2: 0.00602774089202
        dvar: 3.54944459104e-05
        dvar2: 4.0810144128e-05
        max: 0.66609442234
        mean: 0.543042182922
        min: 0.271458059549
        var: 0.0093811089173
    key_strength: 0.632310986519
    tuning_diatonic_strength: 0.584745168686
    tuning_equal_tempered_deviation: 0.0947498753667
    tuning_frequency: 438.477722168
    tuning_nontempered_energy_ratio: 0.67636692524
    hpcp:
        dmean: [0.0208799075335, 0.0104672359303, 0.00825811270624, 0.0123955663294, 0.0129927257076, 0.025748424232, 0.0435645133257, 0.0453618876636, 0.103723317385, 0.0938530117273, 0.116500936449, 0.067863881588, 0.05187433213, 0.0569635145366, 0.0417652353644, 0.0385398380458, 0.0363295525312, 0.0473575592041, 0.0584639944136, 0.0839738473296, 0.150554314256, 0.143641352654, 0.137016519904, 0.115261383355, 0.0764386951923, 0.0379181131721, 0.0324764698744, 0.0435320436954, 0.0464331768453, 0.0653201043606, 0.081176109612, 0.0657608062029, 0.0602216757834, 0.034695263952, 0.0220112781972, 0.0222616102546]
        dmean2: [0.0328182168305, 0.0167324896902, 0.0154200131074, 0.0239317156374, 0.024692568928, 0.0465864576399, 0.0742703005672, 0.0786598026752, 0.174231097102, 0.171503514051, 0.207076817751, 0.116684556007, 0.0976052209735, 0.112406760454, 0.0802372768521, 0.0719492286444, 0.0635203719139, 0.0900652781129, 0.111800938845, 0.157536357641, 0.25949421525, 0.256944090128, 0.242693156004, 0.204520314932, 0.150393038988, 0.0699844658375, 0.0610562376678, 0.0797631517053, 0.0852129012346, 0.117262996733, 0.146371290088, 0.119987443089, 0.116143427789, 0.0654574558139, 0.0435070954263, 0.0389614626765]
        dvar: [0.00919724814594, 0.00102554471232, 0.00111716578249, 0.00382836745121, 0.0015790911857, 0.00399129930884, 0.0107600810006, 0.00874044932425, 0.0304121896625, 0.0599622242153, 0.0424875617027, 0.0335556603968, 0.0284354519099, 0.042796973139, 0.0215294081718, 0.0243335664272, 0.0170824173838, 0.0296762399375, 0.033899359405, 0.0401795431972, 0.0562989041209, 0.0649944990873, 0.0481408797204, 0.057521097362, 0.0490617416799, 0.019709488377, 0.0197526775301, 0.0319383442402, 0.0285043753684, 0.0175545010716, 0.0412110537291, 0.0229112524539, 0.0390795432031, 0.0182608123869, 0.0127753373235, 0.0117610199377]
        dvar2: [0.0171929821372, 0.00205071573146, 0.00331281707622, 0.0115583566949, 0.00451042223722, 0.0110758012161, 0.0282923784107, 0.0225195176899, 0.0848168283701, 0.14535497129, 0.123397737741, 0.0819957777858, 0.0793037712574, 0.133675649762, 0.0650166273117, 0.0709493607283, 0.0450282171369, 0.0867356061935, 0.101882457733, 0.113326765597, 0.15161767602, 0.159842401743, 0.123681105673, 0.145071387291, 0.143080219626, 0.0562039949, 0.0557560808957, 0.0785131826997, 0.0793494731188, 0.0431612432003, 0.0969685614109, 0.0685134381056, 0.110886208713, 0.0522750467062, 0.0380029417574, 0.0286462623626]
        max: [1, 0.356816440821, 0.340030282736, 0.643079102039, 0.305688977242, 0.491459131241, 1, 0.84831392765, 1, 1, 1, 1, 1, 1, 1, 1, 1, 1, 1, 1, 1, 1, 1, 1, 1, 0.883155703545, 1, 1, 1, 0.702946603298, 1, 1, 1, 1, 1, 1]
        mean: [0.0208171475679, 0.0120323477313, 0.00597558030859, 0.00770643819124, 0.0083845583722, 0.023231651634, 0.0446160882711, 0.0402842015028, 0.140074163675, 0.281542927027, 0.196317866445, 0.0558526404202, 0.0325137637556, 0.0300845485181, 0.0236759651452, 0.0239812787622, 0.0258350986987, 0.0309228859842, 0.0359767191112, 0.0592853277922, 0.186039984226, 0.357279598713, 0.277330309153, 0.0909371674061, 0.0419170893729, 0.0234621781856, 0.020372338593, 0.0293781608343, 0.0277458783239, 0.102373838425, 0.188564434648, 0.122711904347, 0.0402037203312, 0.0208423193544, 0.011622604914, 0.0160738639534]
        min: [3.87392810808e-06, 4.77459843751e-06, 2.97800920634e-06, 1.98213388103e-06, 3.88790203942e-06, 1.37148745125e-05, 1.6525558749e-05, 1.33852954605e-05, 1.06777124529e-05, 4.32498154623e-06, 5.82296115681e-06, 8.47155843076e-06, 9.36413744057e-06, 1.20296499517e-05, 3.09503157041e-05, 3.06626061501e-05, 1.28137571664e-05, 1.75013556145e-05, 1.66356221598e-05, 5.20220601175e-06, 1.12610341603e-05, 1.80419192475e-05, 1.14602280519e-05, 1.57409715484e-06, 1.5382103129e-06, 2.29514785133e-06, 1.58579757681e-06, 3.07125242216e-06, 4.15752083427e-06, 1.27891216835e-05, 2.90632124234e-05, 2.81898919638e-05, 1.34989277285e-05, 1.02977501228e-05, 4.26723727287e-06, 4.97049222759e-06]
        var: [0.00889070052654, 0.0013102350058, 0.000637586519588, 0.00202416023239, 0.00100847391877, 0.00351873436011, 0.0127709181979, 0.00906830281019, 0.0577102713287, 0.186920285225, 0.0967731028795, 0.0300243645906, 0.0178999882191, 0.0223665386438, 0.0117961736396, 0.0134766409174, 0.0122627941892, 0.0201716572046, 0.0211243722588, 0.0308307837695, 0.0713617578149, 0.188777372241, 0.130533948541, 0.0514110699296, 0.0271817818284, 0.0121443523094, 0.0129794226959, 0.0228235796094, 0.0174130871892, 0.0338280014694, 0.109779775143, 0.0431688465178, 0.0223327726126, 0.010337584652, 0.00649033812806, 0.00817481055856]
    chords_histogram: [8.67579936981, 5.93607282639, 0, 0, 0, 0, 0, 0, 0, 0, 0, 0, 0, 0, 0, 0, 5.02283096313, 0, 5.93607282639, 0, 0, 0, 0, 74.4292221069]
    thpcp: [1, 0.776227653027, 0.254526615143, 0.117322929204, 0.0656689554453, 0.0570207163692, 0.0822273641825, 0.0776587277651, 0.286537051201, 0.527778327465, 0.343461841345, 0.1125273332, 0.0583361573517, 0.032530836761, 0.044989593327, 0.0582657046616, 0.0336776785553, 0.0167252216488, 0.0215697679669, 0.0234677772969, 0.065023727715, 0.124877236784, 0.112752594054, 0.392057538033, 0.788018465042, 0.549479663372, 0.156327545643, 0.0910036936402, 0.0842044949532, 0.0662673339248, 0.0671218782663, 0.0723105892539, 0.0865509435534, 0.100696258247, 0.165935382247, 0.520712614059]
    chords_key: "C"
    chords_scale: "major"
    key_key: "E"
    key_scale: "minor"
    chords_progression: ["C", "C", "C", "C", "C", "C", "C", "C", "C", "C", "C", "C", "C", "C", "C", "C", "C", "C", "C", "C", "C", "C", "C", "C", "C", "C", "C", "C", "C", "C", "C", "C", "C", "C", "C", "C", "C", "C", "C", "C", "Cm", "Cm", "Cm", "Cm", "Cm", "Cm", "G", "G", "G", "G", "Gm", "Gm", "G", "G", "G", "G", "G", "G", "G", "G", "G", "Gm", "Gm", "Gm", "Gm", "Gm", "Gm", "Gm", "Gm", "Gm", "Gm", "Gm", "C", "C", "C", "C", "C", "C", "C", "C", "C", "C", "C", "C", "C", "C", "C", "C", "C", "C", "C", "C", "C", "C", "C", "C", "C", "Em", "Em", "Em", "Em", "Em", "C", "C", "C", "C", "C", "C", "C", "C", "C", "C", "C", "C", "C", "C", "C", "C", "C", "C", "C", "C", "C", "C", "C", "C", "C", "C", "C", "C", "C", "C", "C", "C", "C", "C", "Em", "Em", "Em", "Em", "Em", "Em", "Em", "Em", "Em", "Em", "Em", "Em", "Em", "Em", "C", "C", "C", "C", "C", "C", "C", "C", "C", "C", "C", "C", "C", "C", "C", "C", "C", "C", "C", "C", "C", "C", "C", "C", "C", "C", "C", "C", "C", "C", "C", "C", "C", "C", "C", "C", "C", "C", "C", "C", "C", "C", "C", "C", "C", "C", "C", "C", "C", "C", "C", "C", "C", "C", "C", "C", "C", "C", "C", "C", "C", "C", "C", "C", "Cm", "Cm", "Cm", "Cm", "Cm"]
