
metadata:
    version:
        essentia: "1.2.2"
    audio_properties:
        analysis_sample_rate: 44100
        bitrate: 128
        channels: 2
        equal_loudness: 1
        length: 10.0048980713
        replay_gain: -2.78942108154
        downmix: "mix"
    tags:
        track: 33
        year: 0
        album: "Splitted by Mp3Splt v. 2.1"
        artist: "From 005.20 To 005.30"
        comment: "http://mp3splt.sf.net"
        genre: ""
        title: "04 Everything Happens to Me.mp"

highlevel:
    ballroom:
        all:
            ChaChaCha: 0.0108609618619
            Jive: 0.00952327810228
            Quickstep: 0.0762908831239
            Rumba-American: 0.0357812084258
            Rumba-International: 0.290110975504
            Rumba-Misc: 0.130690813065
            Samba: 0.0161859467626
            Tango: 0.139156550169
            VienneseWaltz: 0.0736309066415
            Waltz: 0.217768475413
        probability: 0.290110975504
        value: "Rumba-International"
    culture:
        all:
            non_western: 1.45590702232e-05
            western: 0.999985456467
        probability: 0.999985456467
        value: "western"
    gender:
        all:
            female: 0.990143895149
            male: 0.00985611416399
        probability: 0.990143895149
        value: "female"
    genre_dortmund:
        all:
            alternative: 0.00168905744795
            blues: 0.00172470975667
            electronic: 0.00145701412112
            folkcountry: 0.00235446239822
            funksoulrnb: 0.00122204225045
            jazz: 0.988351047039
            pop: 0.00183194549754
            raphiphop: 6.67685235385e-05
            rock: 0.00130295753479
        probability: 0.988351047039
        value: "jazz"
    genre_electronica:
        all:
            ambient: 0.952887058258
            dnb: 0.00706242583692
            house: 0.0101365186274
            techno: 0.00206528347917
            trance: 0.0278487373143
        probability: 0.952887058258
        value: "ambient"
    genre_rosamerica:
        all:
            cla: 0.0108959991485
            dan: 0.000694053480402
            hip: 0.000502313312609
            jaz: 0.980852663517
            pop: 0.00232070591301
            rhy: 0.00155586807523
            roc: 0.00293541303836
            spe: 0.000242974987486
        probability: 0.980852663517
        value: "jaz"
    genre_tzanetakis:
        all:
            blu: 0.000979362754151
            cla: 0.0493384487927
            cou: 0.00548596167937
            dis: 0.00192424841225
            hip: 0.000312344433041
            jaz: 0.907877743244
            met: 0.000254251790466
            pop: 0.0276395957917
            reg: 0.00278337509371
            roc: 0.00340463896282
        probability: 0.907877743244
        value: "jaz"
    live_studio:
        all:
            live: 0.830810427666
            studio: 0.169189557433
        probability: 0.830810427666
        value: "live"
    mood:
        all:
            Cluster1: 0.152128458023
            Cluster2: 0.321947693825
            Cluster3: 0.319609075785
            Cluster4: 0.168539106846
            Cluster5: 0.037775658071
        probability: 0.321947693825
        value: "Cluster2"
    mood_acoustic:
        all:
            acoustic: 0.994211375713
            not_acoustic: 0.00578861450776
        probability: 0.994211375713
        value: "acoustic"
    mood_aggressive:
        all:
            aggressive: 0.0029637562111
            not_aggressive: 0.997036218643
        probability: 0.997036218643
        value: "not_aggressive"
    mood_electronic:
        all:
            electronic: 0.0883240997791
            not_electronic: 0.911675870419
        probability: 0.911675870419
        value: "not_electronic"
    mood_happy:
        all:
            happy: 0.0412515848875
            not_happy: 0.958748400211
        probability: 0.958748400211
        value: "not_happy"
    mood_party:
        all:
            not_party: 0.967099606991
            party: 0.0329003930092
        probability: 0.967099606991
        value: "not_party"
    mood_relaxed:
        all:
            not_relaxed: 7.16570866643e-06
            relaxed: 0.999992847443
        probability: 0.999992847443
        value: "relaxed"
    mood_sad:
        all:
            not_sad: 0.0853464379907
            sad: 0.914653539658
        probability: 0.914653539658
        value: "sad"
    rhythm:
        all:
            fast: 0.684185862541
            medium: 0.226017013192
            slow: 0.0897971466184
        probability: 0.684185862541
        value: "fast"
    speech_music:
        all:
            music: 0.888896942139
            speech: 0.111103080213
        probability: 0.888896942139
        value: "music"
    timbre:
        all:
            bright: 0.991573989391
            dark: 0.00842599570751
        probability: 0.991573989391
        value: "bright"
    voice_instrumental:
        all:
            instrumental: 0.999999940395
            voice: 3.08253511605e-08
        probability: 0.999999940395
        value: "instrumental"

lowlevel:
    average_loudness: 0.975821375847
    barkbands_kurtosis:
        dmean: 2.90184903145
        dmean2: 4.48800802231
        dvar: 14.6779661179
        dvar2: 43.8538017273
        max: 40.5054512024
        mean: 6.01726388931
        min: -1.70343136787
        var: 39.8263587952
    barkbands_skewness:
        dmean: 0.474211364985
        dmean2: 0.703444600105
        dvar: 0.21570250392
        dvar2: 0.501931548119
        max: 5.58189153671
        mean: 1.88643288612
        min: -1.69528067112
        var: 1.188783288
    barkbands_spread:
        dmean: 3.35349440575
        dmean2: 5.18732404709
        dvar: 15.3964805603
        dvar2: 32.0969581604
        max: 43.009349823
        mean: 12.8976049423
        min: 2.13742446899
        var: 51.842502594
    dissonance:
        dmean: 0.0291136205196
        dmean2: 0.0484043732285
        dvar: 0.000589018047322
        dvar2: 0.00157652550843
        max: 0.495733499527
        mean: 0.419483631849
        min: 0.207889929414
        var: 0.00257341936231
    hfc:
        dmean: 0.689205646515
        dmean2: 0.877451777458
        dvar: 2.15212535858
        dvar2: 4.02088737488
        max: 19.8426055908
        mean: 1.6148468256
        min: 0.0110979834571
        var: 5.60343742371
    pitch:
        dmean: 168.948425293
        dmean2: 325.206542969
        dvar: 282440.5625
        dvar2: 764373.9375
        max: 4009.09082031
        mean: 395.112609863
        min: 71.7073135376
        var: 244154.921875
    pitch_instantaneous_confidence:
        dmean: 0.0889232754707
        dmean2: 0.1427949965
        dvar: 0.00891016423702
        dvar2: 0.0208726134151
        max: 0.94773542881
        mean: 0.574056565762
        min: 0.143974661827
        var: 0.0397190190852
    pitch_salience:
        dmean: 0.0701992362738
        dmean2: 0.114529378712
        dvar: 0.00449102604762
        dvar2: 0.010618545115
        max: 0.826185047626
        mean: 0.526805818081
        min: 0.122922390699
        var: 0.0166021510959
    silence_rate_20dB:
        dmean: 0
        dmean2: 0
        dvar: 0
        dvar2: 0
        max: 1
        mean: 1
        min: 1
        var: 0
    silence_rate_30dB:
        dmean: 0
        dmean2: 0
        dvar: 0
        dvar2: 0
        max: 1
        mean: 1
        min: 1
        var: 0
    silence_rate_60dB:
        dmean: 0.0881670564413
        dmean2: 0.176744192839
        dvar: 0.0803940668702
        dvar2: 0.14550563693
        max: 1
        mean: 0.756944417953
        min: 0
        var: 0.183979049325
    spectral_centroid:
        dmean: 99.7158889771
        dmean2: 151.674072266
        dvar: 17594.4785156
        dvar2: 37327.2929688
        max: 1669.98254395
        mean: 634.578735352
        min: 207.337905884
        var: 52859.7851562
    spectral_complexity:
        dmean: 1.18139529228
        dmean2: 1.81818187237
        dvar: 2.0415096283
        dvar2: 3.46811628342
        max: 16
        mean: 4.3016242981
        min: 0
        var: 8.05751991272
    spectral_crest:
        dmean: 2.62180805206
        dmean2: 4.23550271988
        dvar: 5.36714172363
        dvar2: 13.4495077133
        max: 24.441827774
        mean: 12.873711586
        min: 4.23208808899
        var: 20.5251159668
    spectral_decrease:
        dmean: 2.76245665232e-10
        dmean2: 3.79111936288e-10
        dvar: 2.5680194348e-19
        dvar2: 6.12779533682e-19
        max: -4.61538576454e-12
        mean: -6.34287400381e-10
        min: -5.32466737369e-09
        var: 6.20301914173e-19
    spectral_energy:
        dmean: 0.00110344355926
        dmean2: 0.00150556396693
        dvar: 4.12524832427e-06
        dvar2: 9.69165557763e-06
        max: 0.0215838849545
        mean: 0.00254041654989
        min: 1.84261443792e-05
        var: 1.0065643437e-05
    spectral_energyband_high:
        dmean: 9.8381551652e-06
        dmean2: 1.4184021893e-05
        dvar: 6.48930353897e-10
        dvar2: 1.33800204249e-09
        max: 0.000296377926134
        mean: 1.87651075976e-05
        min: 2.18463810597e-07
        var: 9.70738711636e-10
    spectral_energyband_low:
        dmean: 0.000119924588944
        dmean2: 0.000174126558704
        dvar: 4.55950122102e-08
        dvar2: 8.84429951498e-08
        max: 0.00264667533338
        mean: 0.000216432134039
        min: 1.53822952598e-07
        var: 1.06385442677e-07
    spectral_energyband_middle_high:
        dmean: 0.000282201304799
        dmean2: 0.000327092915541
        dvar: 1.00522549928e-06
        dvar2: 1.68111705534e-06
        max: 0.0174491219223
        mean: 0.000579064537305
        min: 1.38065468036e-06
        var: 2.61980471805e-06
    spectral_energyband_middle_low:
        dmean: 0.000780727772508
        dmean2: 0.00118853070308
        dvar: 2.51926280725e-06
        dvar2: 6.95770268067e-06
        max: 0.0174185484648
        mean: 0.00172615610063
        min: 1.64046941791e-05
        var: 5.14104704052e-06
    spectral_flatness_db:
        dmean: 0.0213934350759
        dmean2: 0.0324166826904
        dvar: 0.000428614293924
        dvar2: 0.00103399727959
        max: 0.319715619087
        mean: 0.208242163062
        min: 0.105945385993
        var: 0.00195282057393
    spectral_flux:
        dmean: 0.00837551988661
        dmean2: 0.0130767263472
        dvar: 0.000145449710544
        dvar2: 0.000332667696057
        max: 0.106289334595
        mean: 0.0199872013181
        min: 0.00270446762443
        var: 0.000273329409538
    spectral_kurtosis:
        dmean: 2.07461571693
        dmean2: 3.37448048592
        dvar: 6.56660795212
        dvar2: 18.1281967163
        max: 32.1877555847
        mean: 7.85273694992
        min: 1.30155420303
        var: 18.8308238983
    spectral_rms:
        dmean: 0.00029797150637
        dmean2: 0.000399111217121
        dvar: 1.56507624638e-07
        dvar2: 3.0857157185e-07
        max: 0.004588839598
        mean: 0.00135236606002
        min: 0.000134077316034
        var: 6.49561059163e-07
    spectral_rolloff:
        dmean: 267.312042236
        dmean2: 457.818634033
        dvar: 226948.703125
        dvar2: 529865.75
        max: 3596.04492188
        mean: 861.328613281
        min: 215.33203125
        var: 369832.53125
    spectral_skewness:
        dmean: 0.240007176995
        dmean2: 0.377126246691
        dvar: 0.0651697441936
        dvar2: 0.170523390174
        max: 4.62378311157
        mean: 2.26696133614
        min: 1.21392393112
        var: 0.271883785725
    spectral_spread:
        dmean: 566879.125
        dmean2: 838059.0625
        dvar: 572709404672
        dvar2: 1.02529892352e+12
        max: 12336514
        mean: 4660392
        min: 1549090.875
        var: 2.03901226189e+12
    spectral_strongpeak:
        dmean: 0.211345985532
        dmean2: 0.300716727972
        dvar: 0.141128569841
        dvar2: 0.247178211808
        max: 5.58519744873
        mean: 0.52770447731
        min: 0.0118295019493
        var: 0.468278557062
    zerocrossingrate:
        dmean: 0.00549827376381
        dmean2: 0.00677106110379
        dvar: 3.4168620914e-05
        dvar2: 4.50012230431e-05
        max: 0.10302734375
        mean: 0.0413724891841
        min: 0.01171875
        var: 0.000203051225981
    barkbands:
        dmean: [1.64614544218e-08, 2.99430848827e-05, 9.86507002381e-05, 9.88173342193e-05, 0.000191991101019, 0.000276262580883, 0.000177582798642, 0.000118822710647, 0.000124261874589, 0.000102148522274, 0.000129347055918, 1.90738264791e-05, 8.11402151157e-06, 7.72716703068e-06, 1.06673242044e-05, 1.22396868392e-05, 1.20015320135e-05, 1.51438389366e-05, 1.30901589728e-05, 9.61755995377e-06, 3.72542945115e-06, 1.39024473356e-06, 2.9486176345e-07, 1.18429710483e-07, 1.11841636397e-07, 1.26339125828e-08, 2.53022297558e-10]
        dmean2: [2.45073845662e-08, 4.65981138404e-05, 0.00014551737695, 0.000168393962667, 0.000297259306535, 0.000488337886054, 0.000244833587203, 0.000157141927048, 0.000185321696335, 0.000132922563353, 0.00014432669559, 2.59537846432e-05, 1.25045980894e-05, 1.07054793261e-05, 1.65113979165e-05, 1.66323770827e-05, 1.78050668183e-05, 2.23349452426e-05, 2.04072784982e-05, 1.41944237839e-05, 5.61021715839e-06, 1.98361749426e-06, 4.36663299297e-07, 1.62579198104e-07, 1.59976721648e-07, 1.7801530916e-08, 3.89653032062e-10]
        dvar: [2.82456731141e-15, 2.51155007902e-09, 3.4085360312e-08, 8.56714237329e-08, 1.48457047544e-07, 1.24259588574e-06, 1.91694581986e-07, 1.15134405121e-07, 3.11040679435e-07, 3.73460210312e-07, 4.76228223079e-07, 1.0543216078e-08, 5.75575698214e-10, 3.48973572262e-10, 5.56775459071e-10, 1.0514089599e-09, 6.82196965585e-10, 2.00894390012e-09, 8.74565087017e-10, 5.10558317846e-10, 1.7285077536e-10, 9.37926212391e-12, 5.38195573177e-13, 9.29499058559e-14, 9.84822371764e-14, 1.70547976935e-15, 2.37874086511e-18]
        dvar2: [3.3075202987e-15, 6.08336314656e-09, 6.54609593198e-08, 2.36722925706e-07, 3.73762958361e-07, 4.42133568868e-06, 3.32205786435e-07, 2.00321636612e-07, 5.87153976994e-07, 7.97801476438e-07, 7.08217896772e-07, 1.57774184828e-08, 1.15916332089e-09, 6.25816454214e-10, 1.17661369536e-09, 1.80118808757e-09, 1.31292388073e-09, 4.12564071794e-09, 1.74017922294e-09, 1.00393604541e-09, 4.42483910623e-10, 1.9462169723e-11, 1.2187752977e-12, 1.73151057836e-13, 2.01143125051e-13, 3.46556034128e-15, 2.64212778665e-18]
        max: [1.03274874164e-06, 0.000459154485725, 0.0021873798687, 0.00384114077315, 0.00422119442374, 0.013757718727, 0.00655235582963, 0.00525249773636, 0.00911768805236, 0.0120177902281, 0.0145286107436, 0.00234465720132, 0.000303713284666, 0.0002147640771, 0.000307055306621, 0.000429823354352, 0.000481939699966, 0.000550656113774, 0.000462542317109, 0.000307869253447, 0.000197997534997, 3.85432795156e-05, 7.14832185622e-06, 3.4351269278e-06, 3.36019252245e-06, 4.90205536607e-07, 3.11983185952e-08]
        mean: [2.87627344164e-08, 5.29621283931e-05, 0.000163443095516, 0.000132401066367, 0.000341970386216, 0.000378104217816, 0.000343774969224, 0.000277870392893, 0.000239485103521, 0.000183510754141, 0.000225923737162, 3.07597292704e-05, 1.57948652486e-05, 1.33904795803e-05, 1.95504453586e-05, 2.2187083232e-05, 2.05174874282e-05, 2.42944097408e-05, 2.78856750811e-05, 1.72041964106e-05, 6.20884293312e-06, 2.26312022278e-06, 4.89471403853e-07, 1.98015399633e-07, 1.82687017514e-07, 1.82470500931e-08, 2.47772025119e-10]
        min: [2.89203522241e-11, 1.36697595465e-08, 6.88149981443e-08, 2.36166570744e-08, 1.22306778394e-06, 6.72038424909e-07, 3.25533477508e-07, 2.34838012148e-07, 6.31849843558e-08, 9.03734402868e-08, 4.69879317677e-08, 1.92029645518e-08, 4.48943353604e-08, 4.26403730103e-08, 1.03016617459e-07, 6.21603106765e-08, 8.06261084563e-08, 1.27569791175e-07, 2.9636711929e-07, 1.69687695006e-07, 7.40501775454e-08, 4.29833910687e-08, 8.61194848767e-09, 4.11754363938e-09, 3.80234377317e-09, 2.40200748181e-10, 1.27895076799e-13]
        var: [4.45235795999e-15, 5.78176839738e-09, 7.79568622988e-08, 7.78209638952e-08, 3.38434830383e-07, 1.27856719701e-06, 7.71722682202e-07, 4.78204981391e-07, 8.15240241536e-07, 7.88304646449e-07, 1.32745788051e-06, 2.7266107594e-08, 1.33395239299e-09, 8.31401003598e-10, 1.41100309214e-09, 2.42756392765e-09, 1.77603964868e-09, 3.18707593649e-09, 2.4097801532e-09, 1.01139874253e-09, 1.60650742709e-10, 1.34062544052e-11, 6.71830917721e-13, 1.39055366072e-13, 1.29888951699e-13, 2.05033642245e-15, 2.38326657703e-18]
    mfcc:
        mean: [-823.24621582, 148.09185791, -25.0204429626, 51.0630760193, -15.0956783295, -13.6587820053, -9.55031490326, -10.1759786606, -3.61240720749, -5.7451581955, -3.77648472786, -6.34053945541, -0.164532795548]
        cov: [[2853.0690918, 342.535369873, -359.896881104, -153.376846313, -195.85748291, -93.5898971558, 69.6255645752, 30.2427349091, 36.9880943298, 56.1213874817, 22.8860301971, 58.341129303, -3.44909501076], [342.535369873, 865.229919434, 38.7613754272, 88.5009231567, 97.0494155884, 123.284286499, 134.072845459, 83.1485900879, 43.3679771423, 10.2889738083, -31.4692783356, 2.76519203186, 22.6895923615], [-359.896881104, 38.7613754272, 390.019805908, 144.081283569, 149.044845581, 109.464424133, 87.257850647, 83.3835906982, 22.982635498, 13.4947519302, 20.3498096466, -5.69992733002, -11.4649868011], [-153.376846313, 88.5009231567, 144.081283569, 185.208084106, 117.77281189, 67.790397644, 62.8534049988, 39.2763137817, 16.8590679169, 19.4450626373, 25.3443584442, 22.4113731384, 5.14883899689], [-195.85748291, 97.0494155884, 149.044845581, 117.77281189, 184.056518555, 106.169494629, 56.1602668762, 21.0975513458, -22.215461731, -11.3310709, 4.39995670319, 16.4469470978, 25.200548172], [-93.5898971558, 123.284286499, 109.464424133, 67.790397644, 106.169494629, 136.241882324, 93.58203125, 37.6648674011, -10.225941658, -28.8545951843, -31.0758857727, -0.644749641418, 35.9942741394], [69.6255645752, 134.072845459, 87.257850647, 62.8534049988, 56.1602668762, 93.58203125, 147.926696777, 102.803749084, 32.5003509521, -0.636585891247, -20.8722743988, -2.75528717041, 26.5854263306], [30.2427349091, 83.1485900879, 83.3835906982, 39.2763137817, 21.0975513458, 37.6648674011, 102.803749084, 174.973892212, 103.537841797, 33.2203407288, -2.43549799919, -13.7907466888, 3.68788266182], [36.9880943298, 43.3679771423, 22.982635498, 16.8590679169, -22.215461731, -10.225941658, 32.5003509521, 103.537841797, 137.633422852, 78.6061553955, 19.9028949738, -1.67456150055, -7.27432394028], [56.1213874817, 10.2889738083, 13.4947519302, 19.4450626373, -11.3310709, -28.8545951843, -0.636585891247, 33.2203407288, 78.6061553955, 117.684669495, 70.186958313, 17.5171871185, -22.7498836517], [22.8860301971, -31.4692783356, 20.3498096466, 25.3443584442, 4.39995670319, -31.0758857727, -20.8722743988, -2.43549799919, 19.9028949738, 70.186958313, 118.278251648, 63.2595176697, -27.691778183], [58.341129303, 2.76519203186, -5.69992733002, 22.4113731384, 16.4469470978, -0.644749641418, -2.75528717041, -13.7907466888, -1.67456150055, 17.5171871185, 63.2595176697, 100.128761292, 31.1718883514], [-3.44909501076, 22.6895923615, -11.4649868011, 5.14883899689, 25.200548172, 35.9942741394, 26.5854263306, 3.68788266182, -7.27432394028, -22.7498836517, -27.691778183, 31.1718883514, 98.5006256104]]
        icov: [[0.000492616498377, -0.000204628551728, 0.000345218722941, 0.000268239498837, 0.000191691433429, 0.000435568974353, -0.000808322802186, 1.13369005703e-05, 0.000268086732831, -0.000352330040187, 0.000190412640222, -0.000503568735439, 0.000251395773375], [-0.000204628551728, 0.00157209578902, 0.000393602618715, -0.000349692010786, -0.000514458341058, -0.0010736703407, -0.000492268358357, 6.82279423927e-05, -0.000463943812065, -0.000285786343738, 0.000619069789536, -0.000255785358604, 0.000503786606714], [0.000345218722941, 0.000393602618715, 0.00523952161893, -0.00169103022199, -0.00163030950353, -0.00234085856937, 2.82530672848e-05, -0.00188959250227, 0.000439381139586, -0.000161593896337, -0.00119151046965, 0.000824713904876, 0.00135445431806], [0.000268239498837, -0.000349692010786, -0.00169103022199, 0.011751241982, -0.00670603383332, 0.0032333440613, -0.00499515142292, 0.00289434031583, -0.00300659635104, 0.000333848263836, -0.000678155221976, -0.00154539127834, 0.00120630965102], [0.000191691433429, -0.000514458341058, -0.00163030950353, -0.00670603383332, 0.0176404099911, -0.0116985496134, 0.00673666410148, -0.00442717736587, 0.00659989751875, -0.00297172600403, -0.000565966591239, -0.000541007844731, -0.00179157813545], [0.000435568974353, -0.0010736703407, -0.00234085856937, 0.0032333440613, -0.0116985496134, 0.0292405094951, -0.016945540905, 0.00767844263464, -0.00434885499999, 0.00470182485878, 0.00183871749323, 0.000310696632368, -0.00240153702907], [-0.000808322802186, -0.000492268358357, 2.82530672848e-05, -0.00499515142292, 0.00673666410148, -0.016945540905, 0.0280815251172, -0.016779538244, 0.00950355827808, -0.00577924912795, 0.00353676499799, -0.00184447143693, -0.00118770136032], [1.13369005703e-05, 6.82279423927e-05, -0.00188959250227, 0.00289434031583, -0.00442717736587, 0.00767844263464, -0.016779538244, 0.0247114896774, -0.0195737108588, 0.00981653295457, -0.00589774549007, 0.00489822821692, -0.000842601642944], [0.000268086732831, -0.000463943812065, 0.000439381139586, -0.00300659635104, 0.00659989751875, -0.00434885499999, 0.00950355827808, -0.0195737108588, 0.030963499099, -0.0203692503273, 0.0103312851861, -0.00564500223845, 0.00066607753979], [-0.000352330040187, -0.000285786343738, -0.000161593896337, 0.000333848263836, -0.00297172600403, 0.00470182485878, -0.00577924912795, 0.00981653295457, -0.0203692503273, 0.0301579944789, -0.0198576953262, 0.00968320015818, -0.00293430290185], [0.000190412640222, 0.000619069789536, -0.00119151046965, -0.000678155221976, -0.000565966591239, 0.00183871749323, 0.00353676499799, -0.00589774549007, 0.0103312851861, -0.0198576953262, 0.034792304039, -0.0226032696664, 0.0116109391674], [-0.000503568735439, -0.000255785358604, 0.000824713904876, -0.00154539127834, -0.000541007844731, 0.000310696632368, -0.00184447143693, 0.00489822821692, -0.00564500223845, 0.00968320015818, -0.0226032696664, 0.0278712846339, -0.0127978445962], [0.000251395773375, 0.000503786606714, 0.00135445431806, 0.00120630965102, -0.00179157813545, -0.00240153702907, -0.00118770136032, -0.000842601642944, 0.00066607753979, -0.00293430290185, 0.0116109391674, -0.0127978445962, 0.01851336658]]
    spectral_contrast:
        mean: [1.06023833268e-07, 2.20810960627e-08, 2.65177362735e-07, -4.11732088423e-07, -4.50317145351e-07, -3.22466661373e-07, -1.67197254086e-06, -1.45095305015e-06, -1.59598005212e-06, -1.96252790374e-06, -4.8122105909e-06, 1.6999770196e-06]
        var: [0.000169048944372, 0.000557555176783, 0.0011902017286, 0.00519081344828, 0.00602281512693, 0.0115748625249, 0.0314932502806, 0.0597292743623, 0.0942672640085, 0.250418573618, 0.692845463753, 1.84271526337]

rhythm:
    beats_loudness:
        dmean: 0.00418035592884
        dmean2: 0.00632165325806
        dvar: 1.59596675076e-05
        dvar2: 5.41226618225e-05
        max: 0.0131984269246
        mean: 0.00415766425431
        min: 0.000241221918259
        var: 1.39530066008e-05
    beats_loudness_bass:
        dmean: 0.231755629182
        dmean2: 0.401317507029
        dvar: 0.0223941747099
        dvar2: 0.0606570988894
        max: 0.554292142391
        mean: 0.170220136642
        min: 0.000298062426737
        var: 0.0313182100654
    bpm: 117.964553833
    bpm_confidence: 0
    first_peak_bpm: 117
    first_peak_spread: 0.388888895512
    first_peak_weight: 0.578947365284
    onset_rate: 3.1984333992
    second_peak_bpm: 133
    second_peak_spread: 0
    second_peak_weight: 0.0526315793395
    beats_position: [0.100447520614, 0.612473666668, 1.12449967861, 1.63652575016, 2.14855194092, 2.66057801247, 3.17260408401, 3.68462991714, 4.19665575027, 4.70868206024, 5.22070789337, 5.7327337265, 6.18402147293, 6.68867111206, 7.19332122803, 7.69797182083, 8.20262145996, 8.70727157593, 9.21192264557, 9.71657276154]
    bpm_estimates: [117.639389038, 117.193122864, 118.154693604, 115.423812866, 117.276123047, 117.439201355, 118.687828064, 119.966972351, 118.38419342, 118.704231262, 118.740608215]
    bpm_intervals: [0.512026131153, 0.512026011944, 0.512026071548, 0.512026190758, 0.512026071548, 0.512026071548, 0.51202583313, 0.51202583313, 0.512026309967, 0.51202583313, 0.51202583313, 0.451287746429, 0.50464963913, 0.504650115967, 0.504650592804, 0.50464963913, 0.504650115967, 0.504651069641, 0.504650115967]
    onset_times: [0.0348299331963, 0.452789127827, 0.510838985443, 0.940408170223, 1.34675741196, 1.4164172411, 1.66022670269, 1.82276642323, 1.92725622654, 2.08979582787, 2.22911572456, 2.43809533119, 2.62385487556, 3.08825397491, 3.42494320869, 4.12154197693, 4.46984148026, 4.63238096237, 5.15482997894, 5.50312948227, 6.17650794983, 6.62929725647, 7.04725646973, 7.54648542404, 7.75546503067, 8.08054447174, 8.24308395386, 8.74231338501, 9.06739234924, 9.26476192474, 9.5666217804, 9.77560043335]
    rubato_start: []
    rubato_stop: []
    perceptual_tempo: "unknown"

sfx:
    inharmonicity:
        dmean: 0.0235610138625
        dmean2: 0.0428894646466
        dvar: 0.00130885129329
        dvar2: 0.0039607193321
        max: 0.249196499586
        mean: 0.0185051225126
        min: 4.87025208713e-05
        var: 0.00101079570595
    oddtoevenharmonicenergyratio:
        dmean: 6.74918031693
        dmean2: 12.1761217117
        dvar: 609.713806152
        dvar2: 1771.33728027
        max: 253.798919678
        mean: 5.15020370483
        min: 2.13513103517e-05
        var: 427.504180908
    pitch_after_max_to_before_max_energy_ratio: 1.24277842045
    pitch_centroid: 208.265457153
    pitch_max_to_total: 0.515081226826
    pitch_min_to_total: 0.303944319487
    tristimulus:
        dmean: [0.224073007703, 0.215726599097, 0.0487717017531]
        dmean2: [0.406416863203, 0.390245914459, 0.0847384631634]
        dvar: [0.0526714064181, 0.049281578511, 0.00291530555114]
        dvar2: [0.139165565372, 0.132512122393, 0.00825831480324]
        max: [0.978068649769, 0.968380391598, 0.331313282251]
        mean: [0.533019781113, 0.396891504526, 0.0577725209296]
        min: [0.00283105368726, 0, 0]
        var: [0.0735191255808, 0.070357054472, 0.00314819533378]

tonal:
    chords_changes_rate: 0.0737327188253
    chords_number_rate: 0.0460829511285
    chords_strength:
        dmean: 0.013815138489
        dmean2: 0.0110362032428
        dvar: 0.000102092984889
        dvar2: 0.00011384949903
        max: 0.633156836033
        mean: 0.4006524086
        min: 0.21891695261
        var: 0.00889656692743
    key_strength: 0.646531820297
    tuning_diatonic_strength: 0.38338470459
    tuning_equal_tempered_deviation: 0.0255821105093
    tuning_frequency: 442.293365479
    tuning_nontempered_energy_ratio: 0.65967297554
    hpcp:
        dmean: [0.131211638451, 0.113761343062, 0.0847844928503, 0.0829666480422, 0.056890245527, 0.0539969168603, 0.0652539655566, 0.0534544698894, 0.0776362493634, 0.0860852524638, 0.0632030442357, 0.054893784225, 0.071258418262, 0.0951286703348, 0.0943693518639, 0.117444291711, 0.0917757898569, 0.0815495401621, 0.0840400829911, 0.0783763751388, 0.0468923635781, 0.0588122606277, 0.0544437617064, 0.0839390903711, 0.0998883619905, 0.0723079293966, 0.0597578063607, 0.0782211795449, 0.0767373144627, 0.102582022548, 0.12426199019, 0.0975560843945, 0.0506795831025, 0.0462891720235, 0.0544945262372, 0.103448569775]
        dmean2: [0.218799695373, 0.196361616254, 0.151442304254, 0.147857829928, 0.0964907705784, 0.0945720300078, 0.102272078395, 0.0874604508281, 0.127137288451, 0.132636323571, 0.0968708768487, 0.0884673446417, 0.11747635901, 0.160313293338, 0.148080572486, 0.193741098046, 0.142622470856, 0.139792323112, 0.146690413356, 0.126326099038, 0.0773166120052, 0.0940483212471, 0.0889676362276, 0.142079874873, 0.161563247442, 0.125323176384, 0.099536344409, 0.140147700906, 0.127971157432, 0.173552051187, 0.205418929458, 0.168303444982, 0.0904252007604, 0.0745991542935, 0.0925453975797, 0.180019944906]
        dvar: [0.0587862730026, 0.0410565696657, 0.0300179049373, 0.0403341799974, 0.0106407506391, 0.0110299699008, 0.0251551195979, 0.00865694135427, 0.018539307639, 0.0357669480145, 0.0155071923509, 0.0117303803563, 0.0181187056005, 0.0331685207784, 0.0210387930274, 0.0412341207266, 0.01975418441, 0.0198863912374, 0.0351444967091, 0.0217182915658, 0.0111987814307, 0.0222244523466, 0.0112195545807, 0.0247455239296, 0.0347490794957, 0.0187399554998, 0.0129414731637, 0.0272695794702, 0.0230246018618, 0.0315739326179, 0.0455463863909, 0.0353734456003, 0.0182070471346, 0.0191050190479, 0.0133599741384, 0.0364239774644]
        dvar2: [0.128971427679, 0.110503993928, 0.082018122077, 0.10154723376, 0.0284922905266, 0.0267440602183, 0.0465715005994, 0.0150917870924, 0.0450049377978, 0.0662638545036, 0.0353472232819, 0.0213811639696, 0.0471381396055, 0.0836288928986, 0.0432444699109, 0.0838796421885, 0.0453372783959, 0.05169069767, 0.0684215202928, 0.0504044182599, 0.027646118775, 0.0399605631828, 0.0228051599115, 0.0638746768236, 0.0765209570527, 0.0424238592386, 0.0360197424889, 0.0803796425462, 0.0611450001597, 0.072678565979, 0.107432313263, 0.0932655408978, 0.049297221005, 0.0417060218751, 0.0353793054819, 0.0968435928226]
        max: [1, 1, 1, 1, 0.798895895481, 0.799483537674, 1, 0.99864333868, 0.890773713589, 1, 1, 1, 1, 1, 1, 1, 1, 0.839066028595, 1, 1, 1, 1, 0.78209990263, 1, 1, 0.945312261581, 0.870298147202, 1, 1, 1, 1, 1, 0.959500193596, 1, 1, 1]
        mean: [0.208914339542, 0.139881059527, 0.101147584617, 0.12951284647, 0.0752335563302, 0.0845214203, 0.14248611033, 0.0924024879932, 0.129789948463, 0.190813466907, 0.103223353624, 0.0670993104577, 0.103648670018, 0.107881195843, 0.166468411684, 0.22608114779, 0.134388044477, 0.106788091362, 0.170784398913, 0.105302534997, 0.0512492917478, 0.0782743766904, 0.0667905434966, 0.105323933065, 0.151114404202, 0.0916119143367, 0.0537438988686, 0.0747168213129, 0.0964808017015, 0.175150036812, 0.232964068651, 0.132240369916, 0.0539466515183, 0.0647134482861, 0.0624034367502, 0.132463485003]
        min: [0.00168463727459, 0.000801815418527, 0.000247575808316, 0.000130056447233, 0.000149411018356, 0.000173147025635, 0, 0.000171490843059, 0.000258320913417, 0.000300242449157, 0.000219920533709, 0.000548399344552, 0.000191446437384, 7.25036952645e-05, 0.000464756885776, 0, 0.000112364017696, 0.000323703774484, 0.000135361697176, 9.19987942325e-05, 0.000216764135985, 0.000114460555778, 9.35414718697e-05, 0.000696180388331, 0.00030607660301, 0, 0.000153485671035, 0.000158950919285, 9.33789269766e-05, 0.000391597975977, 0.000173552762135, 0.000234996492509, 0.000297325954307, 0.000218081491766, 0.000587577233091, 0.00082002178533]
        var: [0.119943723083, 0.0546204820275, 0.0359334722161, 0.0735530182719, 0.0204505939037, 0.0269467718899, 0.0882318094373, 0.0287075396627, 0.0468344353139, 0.111753277481, 0.0295726973563, 0.020400704816, 0.0444939658046, 0.0474379844964, 0.0553839541972, 0.10547323525, 0.0365740843117, 0.0325545817614, 0.0982538536191, 0.0406856015325, 0.0137513717636, 0.0426615513861, 0.0213312972337, 0.0353485234082, 0.0793967023492, 0.0276703052223, 0.013382143341, 0.0263230595738, 0.0332197695971, 0.0712357833982, 0.112779706717, 0.0494965687394, 0.0169120170176, 0.0353586375713, 0.0171030629426, 0.0535158775747]
    chords_histogram: [5.99078321457, 12.4423961639, 7.8341012001, 9.67741966248, 6.45161294937, 0, 0, 7.37327194214, 2.7649769783, 0, 7.37327194214, 0.460829496384, 0, 0, 0, 0, 0, 11.0599079132, 0, 0, 0, 0, 28.571428299, 0]
    thpcp: [1, 0.567642748356, 0.231566399336, 0.277782946825, 0.267867207527, 0.568600475788, 0.896766364574, 0.600440502167, 0.434176772833, 0.555934846401, 0.322940587997, 0.362808823586, 0.611622691154, 0.3966383636, 0.557124316692, 0.81906825304, 0.443087011576, 0.288024276495, 0.444912701845, 0.463080823421, 0.714566886425, 0.970454990864, 0.576861679554, 0.45838868618, 0.733093321323, 0.452011913061, 0.219987973571, 0.335993349552, 0.286698907614, 0.452103763819, 0.648659706116, 0.393244832754, 0.230696082115, 0.320722520351, 0.414144545794, 0.751832842827]
    chords_key: "C"
    chords_scale: "minor"
    key_key: "G"
    key_scale: "minor"
    chords_progression: ["Am", "Am", "Am", "Am", "Am", "Am", "Am", "Am", "Am", "Am", "Am", "Am", "Am", "Am", "F", "F", "F", "F", "F", "F", "F", "F", "F", "F#m", "F#m", "F#m", "F#m", "F#m", "F#m", "F#m", "A", "F#m", "F#m", "F#m", "F#m", "F#m", "F#m", "F#m", "F#m", "F#m", "F#", "F#", "F#", "F#", "F#", "F#", "F#", "F#", "F#", "F#", "F#", "F#", "F#", "F#", "F#", "F#", "F#", "F#", "F#", "F#", "F#", "F#", "F#", "F#", "Cm", "Cm", "Cm", "Cm", "Cm", "Cm", "Cm", "Cm", "Cm", "Cm", "Cm", "Cm", "Cm", "Cm", "Cm", "Cm", "Cm", "Cm", "Cm", "Cm", "Cm", "Cm", "Cm", "Cm", "Cm", "Cm", "Cm", "Cm", "Cm", "Cm", "Cm", "Cm", "Cm", "Cm", "Cm", "Cm", "Cm", "Cm", "Cm", "Cm", "Cm", "Cm", "Cm", "Cm", "Cm", "Cm", "Cm", "Cm", "Cm", "Cm", "Cm", "Cm", "Cm", "Cm", "A#", "A#", "A#", "A#", "A#", "A#", "A#", "A#", "Cm", "Cm", "Cm", "Cm", "Cm", "Cm", "Cm", "Cm", "F", "F", "F", "F", "F", "F", "F", "F", "F", "F", "F", "F", "A#", "A#", "Gm", "Gm", "Gm", "Gm", "Gm", "Gm", "Gm", "Gm", "Gm", "Gm", "Gm", "Gm", "Gm", "G", "G", "G", "G", "G", "G", "G", "G", "G", "G", "Dm", "Dm", "Dm", "Dm", "Dm", "Dm", "Dm", "Dm", "Dm", "Dm", "Dm", "Dm", "Dm", "Dm", "Dm", "Dm", "Dm", "G", "G", "G", "G", "G", "G", "Bm", "Bm", "Bm", "Bm", "Bm", "Bm", "A#", "A#", "A#", "A#", "A#", "A#", "A#", "A#", "A#", "A#", "A#", "A#", "A#", "A#", "A#", "A#", "A#"]
