
metadata:
    version:
        essentia: "1.2.2"
    audio_properties:
        analysis_sample_rate: 44100
        bitrate: 128
        channels: 2
        equal_loudness: 1
        length: 10.0310201645
        replay_gain: -10.671415329
        downmix: "mix"
    tags:
        track: 5
        year: 0
        album: "Splitted by Mp3Splt v. 2.1"
        artist: "From 000.40 To 000.50"
        comment: "http://mp3splt.sf.net"
        genre: ""
        title: "01 Bruise.mp3"

highlevel:
    ballroom:
        all:
            ChaChaCha: 0.0168123934418
            Jive: 0.0333262681961
            Quickstep: 0.135774970055
            Rumba-American: 0.0258572287858
            Rumba-International: 0.347196489573
            Rumba-Misc: 0.075218886137
            Samba: 0.0189684089273
            Tango: 0.0606962479651
            VienneseWaltz: 0.183599233627
            Waltz: 0.102549858391
        probability: 0.347196489573
        value: "Rumba-International"
    culture:
        all:
            non_western: 0.417609274387
            western: 0.582390725613
        probability: 0.582390725613
        value: "western"
    gender:
        all:
            female: 0.68759560585
            male: 0.312404423952
        probability: 0.68759560585
        value: "female"
    genre_dortmund:
        all:
            alternative: 0.109041698277
            blues: 0.0139765609056
            electronic: 0.0071254321374
            folkcountry: 0.461344689131
            funksoulrnb: 0.00536121288314
            jazz: 0.107281468809
            pop: 0.136106193066
            raphiphop: 0.00417838757858
            rock: 0.155584350228
        probability: 0.461344689131
        value: "folkcountry"
    genre_electronica:
        all:
            ambient: 0.731631934643
            dnb: 0.125722244382
            house: 0.0383551716805
            techno: 0.0167616363615
            trance: 0.0875290408731
        probability: 0.731631934643
        value: "ambient"
    genre_rosamerica:
        all:
            cla: 0.0186867620796
            dan: 0.0105826836079
            hip: 0.00786018464714
            jaz: 0.123004287481
            pop: 0.280650436878
            rhy: 0.0986715406179
            roc: 0.454198807478
            spe: 0.00634530698881
        probability: 0.454198807478
        value: "roc"
    genre_tzanetakis:
        all:
            blu: 0.00728513300419
            cla: 0.0137315876782
            cou: 0.613803803921
            dis: 0.0145051553845
            hip: 0.00282024801709
            jaz: 0.0496402643621
            met: 0.0063696987927
            pop: 0.124873779714
            reg: 0.0936305820942
            roc: 0.0733397528529
        probability: 0.613803803921
        value: "cou"
    live_studio:
        all:
            live: 0.0471913926303
            studio: 0.952808618546
        probability: 0.952808618546
        value: "studio"
    mood:
        all:
            Cluster1: 0.234649330378
            Cluster2: 0.113888025284
            Cluster3: 0.513947725296
            Cluster4: 0.0726666525006
            Cluster5: 0.0648482739925
        probability: 0.513947725296
        value: "Cluster3"
    mood_acoustic:
        all:
            acoustic: 0.753557503223
            not_acoustic: 0.246442466974
        probability: 0.753557503223
        value: "acoustic"
    mood_aggressive:
        all:
            aggressive: 0.0641071721911
            not_aggressive: 0.935892820358
        probability: 0.935892820358
        value: "not_aggressive"
    mood_electronic:
        all:
            electronic: 0.194124162197
            not_electronic: 0.805875837803
        probability: 0.805875837803
        value: "not_electronic"
    mood_happy:
        all:
            happy: 0.333137512207
            not_happy: 0.666862487793
        probability: 0.666862487793
        value: "not_happy"
    mood_party:
        all:
            not_party: 0.94053030014
            party: 0.0594696775079
        probability: 0.94053030014
        value: "not_party"
    mood_relaxed:
        all:
            not_relaxed: 0.259618192911
            relaxed: 0.740381836891
        probability: 0.740381836891
        value: "relaxed"
    mood_sad:
        all:
            not_sad: 0.0701482072473
            sad: 0.929851770401
        probability: 0.929851770401
        value: "sad"
    rhythm:
        all:
            fast: 0.707588672638
            medium: 0.0727251619101
            slow: 0.219686165452
        probability: 0.707588672638
        value: "fast"
    speech_music:
        all:
            music: 0.998643636703
            speech: 0.00135638553184
        probability: 0.998643636703
        value: "music"
    timbre:
        all:
            bright: 0.685709416866
            dark: 0.314290583134
        probability: 0.685709416866
        value: "bright"
    voice_instrumental:
        all:
            instrumental: 0.524572789669
            voice: 0.475427210331
        probability: 0.524572789669
        value: "instrumental"

lowlevel:
    average_loudness: 0.88431596756
    barkbands_kurtosis:
        dmean: 1.89014172554
        dmean2: 2.89099860191
        dvar: 9.58126831055
        dvar2: 22.1701850891
        max: 51.8827209473
        mean: 2.89038205147
        min: -1.68458473682
        var: 29.626909256
    barkbands_skewness:
        dmean: 0.438962876797
        dmean2: 0.694482624531
        dvar: 0.157388061285
        dvar2: 0.380540698767
        max: 5.83329629898
        mean: 1.4610490799
        min: -0.54221111536
        var: 0.782965958118
    barkbands_spread:
        dmean: 4.16320037842
        dmean2: 6.28562116623
        dvar: 19.6139755249
        dvar2: 42.333732605
        max: 58.6951751709
        mean: 18.9658622742
        min: 1.84471702576
        var: 84.8140869141
    dissonance:
        dmean: 0.0246388074011
        dmean2: 0.0407361797988
        dvar: 0.000485416676383
        dvar2: 0.00138553825673
        max: 0.49800363183
        mean: 0.436082273722
        min: 0.301207184792
        var: 0.00135330739431
    hfc:
        dmean: 0.836221754551
        dmean2: 1.27547085285
        dvar: 1.50853931904
        dvar2: 3.51361656189
        max: 20.6583461761
        mean: 3.38332056999
        min: 0.176782459021
        var: 9.19316959381
    pitch:
        dmean: 232.047348022
        dmean2: 446.589630127
        dvar: 471587.4375
        dvar2: 1299260.375
        max: 4900
        mean: 402.992584229
        min: 73.6227035522
        var: 459077.84375
    pitch_instantaneous_confidence:
        dmean: 0.0827122405171
        dmean2: 0.126732081175
        dvar: 0.00472875451669
        dvar2: 0.0104344049469
        max: 0.890525102615
        mean: 0.517973303795
        min: 0.161427438259
        var: 0.0275931507349
    pitch_salience:
        dmean: 0.0646113157272
        dmean2: 0.107578732073
        dvar: 0.00267805834301
        dvar2: 0.00653764279559
        max: 0.781875669956
        mean: 0.543572843075
        min: 0.24000184238
        var: 0.0116848284379
    silence_rate_20dB:
        dmean: 0
        dmean2: 0
        dvar: 0
        dvar2: 0
        max: 1
        mean: 1
        min: 1
        var: 0
    silence_rate_30dB:
        dmean: 0
        dmean2: 0
        dvar: 0
        dvar2: 0
        max: 1
        mean: 1
        min: 1
        var: 0
    silence_rate_60dB:
        dmean: 0.111368909478
        dmean2: 0.223255813122
        dvar: 0.0989657565951
        dvar2: 0.210621893406
        max: 1
        mean: 0.453703701496
        min: 0
        var: 0.247856751084
    spectral_centroid:
        dmean: 142.296676636
        dmean2: 227.578933716
        dvar: 26214.7949219
        dvar2: 63699.390625
        max: 1931.14282227
        mean: 751.257507324
        min: 188.356491089
        var: 89168.7890625
    spectral_complexity:
        dmean: 1.899766922
        dmean2: 3.09345793724
        dvar: 4.48645591736
        dvar2: 10.6781644821
        max: 34
        mean: 8.6441860199
        min: 1
        var: 17.7594261169
    spectral_crest:
        dmean: 2.57794547081
        dmean2: 3.96740722656
        dvar: 4.99693536758
        dvar2: 11.914773941
        max: 22.1000518799
        mean: 10.342004776
        min: 3.19658470154
        var: 15.9075908661
    spectral_decrease:
        dmean: 2.88759433031e-10
        dmean2: 4.44190545457e-10
        dvar: 9.51307916884e-20
        dvar2: 2.46702972929e-19
        max: -8.05745262178e-11
        mean: -1.0075117407e-09
        min: -3.48644357828e-09
        var: 4.26769077043e-19
    spectral_energy:
        dmean: 0.00115081469994
        dmean2: 0.00176748575177
        dvar: 1.5518373857e-06
        dvar2: 3.98214069719e-06
        max: 0.015032408759
        mean: 0.00410945620388
        min: 0.000325022701873
        var: 7.35295088816e-06
    spectral_energyband_high:
        dmean: 3.94018352381e-05
        dmean2: 6.40878715785e-05
        dvar: 1.01837942523e-08
        dvar2: 2.64605155564e-08
        max: 0.00105333596002
        mean: 6.81497476762e-05
        min: 4.19833639853e-07
        var: 1.27386892146e-08
    spectral_energyband_low:
        dmean: 0.000201126167667
        dmean2: 0.00034820556175
        dvar: 7.590617912e-08
        dvar2: 1.99774390808e-07
        max: 0.00225590821356
        mean: 0.000320333027048
        min: 1.21582479551e-05
        var: 8.57596873516e-08
    spectral_energyband_middle_high:
        dmean: 0.000267572468147
        dmean2: 0.000415659073042
        dvar: 1.396037419e-07
        dvar2: 3.16153290214e-07
        max: 0.00481093302369
        mean: 0.000863611290697
        min: 1.57644681167e-05
        var: 6.45468048788e-07
    spectral_energyband_middle_low:
        dmean: 0.000974719005171
        dmean2: 0.0015094182454
        dvar: 1.12922282369e-06
        dvar2: 2.94335450235e-06
        max: 0.0110880844295
        mean: 0.00285736541264
        min: 0.000213053892367
        var: 4.29067040386e-06
    spectral_flatness_db:
        dmean: 0.0201058257371
        dmean2: 0.0282301455736
        dvar: 0.000279324623989
        dvar2: 0.000541297835298
        max: 0.31200119853
        mean: 0.190558239818
        min: 0.0664818435907
        var: 0.00112060795072
    spectral_flux:
        dmean: 0.00776408426464
        dmean2: 0.012074071914
        dvar: 5.00968599226e-05
        dvar2: 0.000114162809041
        max: 0.0795091465116
        mean: 0.0301614087075
        min: 0.0073533365503
        var: 0.000171050225617
    spectral_kurtosis:
        dmean: 1.93493855
        dmean2: 3.08875179291
        dvar: 3.92868185043
        dvar2: 9.17868614197
        max: 26.8574695587
        mean: 7.51626253128
        min: -0.729341030121
        var: 10.4820451736
    spectral_rms:
        dmean: 0.000274005229585
        dmean2: 0.000417398783611
        dvar: 5.76166279131e-08
        dvar2: 1.43241010164e-07
        max: 0.00382959074341
        mean: 0.0018985630013
        min: 0.000563112203963
        var: 4.04682793942e-07
    spectral_rolloff:
        dmean: 345.534820557
        dmean2: 591.005615234
        dvar: 248232.40625
        dvar2: 538287.625
        max: 4608.10546875
        mean: 1384.53564453
        min: 193.798828125
        var: 815772.5625
    spectral_skewness:
        dmean: 0.252116680145
        dmean2: 0.37866678834
        dvar: 0.0606498755515
        dvar2: 0.124666579068
        max: 4.44658041
        mean: 2.14999032021
        min: 0.424825578928
        var: 0.287416994572
    spectral_spread:
        dmean: 597613.0625
        dmean2: 752078.1875
        dvar: 751768698880
        dvar2: 888895176704
        max: 16891326
        mean: 4462672
        min: 2195487.5
        var: 2.99047347814e+12
    spectral_strongpeak:
        dmean: 0.265718907118
        dmean2: 0.421883881092
        dvar: 0.0922176986933
        dvar2: 0.220409303904
        max: 3.53284049034
        mean: 0.633170962334
        min: 0.0140792969614
        var: 0.313714265823
    zerocrossingrate:
        dmean: 0.0065866750665
        dmean2: 0.00798476766795
        dvar: 3.43018182321e-05
        dvar2: 4.63444121124e-05
        max: 0.10546875
        mean: 0.0490098111331
        min: 0.01123046875
        var: 0.000272753357422
    barkbands:
        dmean: [8.14736367261e-08, 0.000128229439724, 0.000100473072962, 0.000190734062926, 0.00041862524813, 0.000168779966771, 8.58933344716e-05, 0.000479348585941, 0.000108299500425, 8.73205790413e-05, 2.67286577582e-05, 1.85909484571e-05, 1.48861363414e-05, 2.1090172595e-05, 0.000100998280686, 3.31748051394e-05, 5.63092617085e-05, 4.77920548292e-05, 3.83145670639e-05, 2.70034470304e-05, 2.2188960429e-05, 4.75565002489e-06, 9.28426686642e-07, 4.45396779014e-07, 5.75892215693e-07, 4.26875992332e-08, 2.22332019462e-09]
        dmean2: [1.36688356633e-07, 0.000219415684114, 0.000175624707481, 0.000331054674461, 0.000717218732461, 0.000246857467573, 0.000136657021358, 0.000722870812751, 0.000149773666635, 0.000141980766784, 4.26284277637e-05, 3.00605024677e-05, 2.39077598962e-05, 3.39545113093e-05, 0.000147200917127, 5.6663149735e-05, 9.21286409721e-05, 7.91277489043e-05, 6.33956660749e-05, 4.39599643869e-05, 3.74183655367e-05, 7.69865437178e-06, 1.48790354615e-06, 6.49045944101e-07, 7.8519053659e-07, 5.9595244295e-08, 2.44983211495e-09]
        dvar: [1.16791892794e-14, 3.92951875483e-08, 1.29430661744e-08, 8.22732317829e-08, 3.04520625605e-07, 1.50339346305e-07, 1.85116881823e-08, 6.56503573282e-07, 3.99188415656e-08, 4.68711718327e-08, 4.67468685983e-09, 5.79087500174e-10, 5.22567156214e-10, 1.4342587118e-09, 5.09791107106e-08, 2.40573494459e-09, 8.56726067866e-09, 5.74159164657e-09, 3.67234154197e-09, 2.37153652272e-09, 3.76539333047e-09, 2.09773989845e-10, 1.80502158359e-11, 1.59226310522e-12, 3.79198322048e-12, 1.78250782326e-14, 1.51566265049e-15]
        dvar2: [3.26659543599e-14, 1.03494578241e-07, 3.29601981264e-08, 2.43968173663e-07, 7.90741921719e-07, 3.49451113379e-07, 4.23743031774e-08, 1.52402708409e-06, 7.26259159478e-08, 1.34351154202e-07, 1.22866667951e-08, 1.38868905264e-09, 1.22727150664e-09, 3.68436947618e-09, 8.69909726475e-08, 7.12711756279e-09, 2.07938644081e-08, 1.55088955012e-08, 1.02932871116e-08, 5.89803539341e-09, 1.01394297403e-08, 5.51063861209e-10, 4.62019970893e-11, 4.20659644271e-12, 7.04499479587e-12, 4.14061180362e-14, 1.51835759169e-15]
        max: [1.07222876977e-06, 0.00159471901134, 0.000906587694772, 0.00295343762264, 0.00510785356164, 0.00548382289708, 0.00149553455412, 0.00748028606176, 0.00241489778273, 0.00299996417016, 0.000893196382094, 0.000189102371223, 0.000335538934451, 0.000402396195568, 0.00237774895504, 0.000563005101867, 0.00139520294033, 0.00106825772673, 0.000810209196061, 0.000477502064314, 0.000711830856744, 0.000142475633766, 6.66698251734e-05, 2.17341657844e-05, 4.08060113841e-05, 1.87900513993e-06, 8.07717924545e-07]
        mean: [9.43182314472e-08, 0.000160203999258, 0.000160036448506, 0.000311361625791, 0.000773938605562, 0.00033259135671, 0.000154878929607, 0.00110850157216, 0.000168889731867, 0.00012211810099, 2.82827877527e-05, 3.12425618176e-05, 2.43508457061e-05, 3.82080979762e-05, 0.000181208859431, 6.71195521136e-05, 0.000130375105073, 0.00011399466166, 0.000102564466943, 5.36872539669e-05, 3.78406366508e-05, 4.93059724249e-06, 9.04495493614e-07, 8.96216192814e-07, 1.1841440255e-06, 5.42439089202e-08, 2.25512630792e-09]
        min: [2.12248552067e-10, 3.01226191368e-06, 3.13431064569e-06, 1.57662111633e-06, 2.95986264973e-05, 3.79991138288e-06, 1.99866849471e-06, 1.1411267451e-06, 3.94316657548e-07, 7.79544620855e-07, 2.89287186206e-07, 5.29014357653e-07, 4.55967835933e-07, 4.23509533221e-07, 7.58651367505e-07, 4.75747526707e-07, 8.7927264758e-07, 3.7864927549e-07, 8.73674139257e-07, 3.34315672035e-07, 3.85003531278e-08, 4.52701487408e-10, 3.43494427346e-10, 2.55389176473e-09, 1.42477485365e-09, 1.40866374121e-10, 1.97824761672e-13]
        var: [1.27525545123e-14, 4.34884341871e-08, 1.6829645233e-08, 9.14604854074e-08, 4.48602889946e-07, 4.05343968168e-07, 3.90384471416e-08, 2.89403760689e-06, 8.6259568377e-08, 7.6027369289e-08, 4.2967647218e-09, 1.10562647926e-09, 9.43344846682e-10, 2.66402633287e-09, 1.51558481321e-07, 5.81926373755e-09, 2.47542732978e-08, 2.07965236143e-08, 1.56438417775e-08, 5.59989832283e-09, 4.77891770601e-09, 1.81749032491e-10, 1.48136069383e-11, 2.35535484346e-12, 1.65390149492e-11, 2.21928256479e-14, 1.51270121155e-15]
    mfcc:
        mean: [-763.582275391, 157.595626831, -34.725151062, 53.0735244751, 5.98420524597, -22.6862487793, 3.46596169472, -13.0024108887, 5.01534843445, 0.216818392277, -4.45557832718, 1.18444216251, -10.7228422165]
        cov: [[2201.23217773, -643.260437012, -480.542114258, 104.909034729, -337.741668701, 83.6192169189, -64.158744812, -70.9592056274, 180.63444519, 102.201911926, 184.276824951, -60.0557327271, -71.0033721924], [-643.260437012, 645.301696777, -122.865409851, -82.2365493774, 101.911231995, -147.710205078, 140.501861572, -9.16802310944, -41.0487136841, 19.6376609802, -50.9762992859, 67.7546005249, -16.4116897583], [-480.542114258, -122.865409851, 725.754577637, -266.812042236, 110.002738953, -9.52796363831, 17.7992477417, 90.4586715698, -142.936065674, -3.43837380409, -127.108779907, -66.1991424561, 75.2050094604], [104.909034729, -82.2365493774, -266.812042236, 471.531097412, -29.2555541992, 122.724647522, -144.375183105, -25.8510684967, 78.0882797241, -112.047767639, 103.647781372, 75.8598403931, 9.40266036987], [-337.741668701, 101.911231995, 110.002738953, -29.2555541992, 207.996063232, -82.1301956177, 17.0436935425, 14.1621809006, -39.9787712097, -24.5488128662, -67.6286773682, 16.8167896271, 11.0812444687], [83.6192169189, -147.710205078, -9.52796363831, 122.724647522, -82.1301956177, 285.826171875, -48.5072174072, 30.6266517639, 5.9885802269, -38.1653137207, 64.3425292969, -30.6953048706, 18.5551891327], [-64.158744812, 140.501861572, 17.7992477417, -144.375183105, 17.0436935425, -48.5072174072, 177.525695801, -0.295551329851, -37.6119804382, 41.63331604, -50.068649292, -11.3739433289, -7.90653276443], [-70.9592056274, -9.16802310944, 90.4586715698, -25.8510684967, 14.1621809006, 30.6266517639, -0.295551329851, 110.877655029, -12.1847858429, -33.1163673401, -20.4763469696, 3.40686607361, 29.6167831421], [180.63444519, -41.0487136841, -142.936065674, 78.0882797241, -39.9787712097, 5.9885802269, -37.6119804382, -12.1847858429, 126.837989807, 24.3187103271, 46.9462776184, 4.49669551849, -22.0561904907], [102.201911926, 19.6376609802, -3.43837380409, -112.047767639, -24.5488128662, -38.1653137207, 41.63331604, -33.1163673401, 24.3187103271, 157.962997437, 12.4188623428, -41.719707489, -28.1107139587], [184.276824951, -50.9762992859, -127.108779907, 103.647781372, -67.6286773682, 64.3425292969, -50.068649292, -20.4763469696, 46.9462776184, 12.4188623428, 103.742271423, 14.6728458405, -17.6265602112], [-60.0557327271, 67.7546005249, -66.1991424561, 75.8598403931, 16.8167896271, -30.6953048706, -11.3739433289, 3.40686607361, 4.49669551849, -41.719707489, 14.6728458405, 88.6035919189, 26.601228714], [-71.0033721924, -16.4116897583, 75.2050094604, 9.40266036987, 11.0812444687, 18.5551891327, -7.90653276443, 29.6167831421, -22.0561904907, -28.1107139587, -17.6265602112, 26.601228714, 75.0554656982]]
        icov: [[0.00132629857399, 0.00168138125446, 0.00112475000788, 0.000335266289767, 0.000834308099002, 0.000714626803529, -0.00073512212839, -0.000362084072549, 2.67559335043e-05, -0.000291157077299, -0.000848869618494, 0.000225965457503, -0.000161681411555], [0.00168138125446, 0.00473444582894, 0.0021639415063, 0.00063209363725, 8.18142580101e-05, 0.00124879111536, -0.00237384531647, -0.000897111080121, 0.000941230508033, -0.00089229416335, -0.000649767403957, -0.00179501250386, 0.000587528280448], [0.00112475000788, 0.0021639415063, 0.00422746594995, 0.00171041360591, -0.000530013057869, 0.000376447016606, 0.000489908794407, -0.00146555772517, 0.00212805555202, -0.000509158882778, 0.000416897906689, 0.00141581252683, -0.00226708641276], [0.000335266289767, 0.00063209363725, 0.00171041360591, 0.0059705786407, -0.00114557892084, -0.00177031150088, 0.00230583222583, 0.00147123530041, -0.00132041866891, 0.00266401353292, -0.00190694292542, -0.00239071855322, -0.000728052516934], [0.000834308099002, 8.18142580101e-05, -0.000530013057869, -0.00114557892084, 0.00811287946999, 0.00170047476422, 0.000143715340528, -0.000480035203509, 0.000435770896729, -0.000187622266822, 0.00342174340039, -0.000875353580341, 0.00123973365407], [0.000714626803529, 0.00124879111536, 0.000376447016606, -0.00177031150088, 0.00170047476422, 0.00721982168034, -0.00160427147057, -0.00219036242925, 0.00133569980972, 0.00127018289641, -0.0050340895541, 0.00560157001019, -0.00284625217319], [-0.00073512212839, -0.00237384531647, 0.000489908794407, 0.00230583222583, 0.000143715340528, -0.00160427147057, 0.0104703484103, 0.0003249355359, 0.00146497483365, -0.00141071435064, 0.00444963853806, -0.00124113983475, 0.00074290856719], [-0.000362084072549, -0.000897111080121, -0.00146555772517, 0.00147123530041, -0.000480035203509, -0.00219036242925, 0.0003249355359, 0.0124130612239, -0.00244013732299, 0.00285486737266, 0.00104957039002, -0.000951365567744, -0.00257026404142], [2.67559335043e-05, 0.000941230508033, 0.00212805555202, -0.00132041866891, 0.000435770896729, 0.00133569980972, 0.00146497483365, -0.00244013732299, 0.0128992628306, -0.00309290364385, -0.0013102858793, 0.000439839059254, 0.00115553953219], [-0.000291157077299, -0.00089229416335, -0.000509158882778, 0.00266401353292, -0.000187622266822, 0.00127018289641, -0.00141071435064, 0.00285486737266, -0.00309290364385, 0.011702587828, -0.00516120158136, 0.00493334094062, -0.00134202989284], [-0.000848869618494, -0.000649767403957, 0.000416897906689, -0.00190694292542, 0.00342174340039, -0.0050340895541, 0.00444963853806, 0.00104957039002, -0.0013102858793, -0.00516120158136, 0.0243329200894, -0.0081813428551, 0.00596603052691], [0.000225965457503, -0.00179501250386, 0.00141581252683, -0.00239071855322, -0.000875353580341, 0.00560157001019, -0.00124113983475, -0.000951365567744, 0.000439839059254, 0.00493334094062, -0.0081813428551, 0.0248799528927, -0.0110711753368], [-0.000161681411555, 0.000587528280448, -0.00226708641276, -0.000728052516934, 0.00123973365407, -0.00284625217319, 0.00074290856719, -0.00257026404142, 0.00115553953219, -0.00134202989284, 0.00596603052691, -0.0110711753368, 0.0224368050694]]
    spectral_contrast:
        mean: [-2.41771346055e-07, 3.31615808591e-07, 1.36144194585e-07, -5.57234102416e-07, -8.57042039115e-07, -3.94066404397e-07, -4.18292938775e-06, 7.16433987691e-07, 2.16829221245e-06, 1.16762726066e-06, -2.44240425218e-07, 3.29738440996e-06]
        var: [0.000639351259451, 0.000814439670648, 0.00163264549337, 0.00207267305814, 0.00454163365066, 0.0066250776872, 0.0477538593113, 0.0948894396424, 0.179353907704, 0.195222049952, 0.639803647995, 1.23065423965]

rhythm:
    beats_loudness:
        dmean: 0.00236312299967
        dmean2: 0.00403916789219
        dvar: 6.30974818705e-06
        dvar2: 2.02230603463e-05
        max: 0.00992872007191
        mean: 0.00472484622151
        min: 0.00059492100263
        var: 8.0625195551e-06
    beats_loudness_bass:
        dmean: 0.157302215695
        dmean2: 0.266226351261
        dvar: 0.00980068184435
        dvar2: 0.0293385758996
        max: 0.469340860844
        mean: 0.191980332136
        min: 0.0383390523493
        var: 0.0194498039782
    bpm: 107.237106323
    bpm_confidence: 0
    first_peak_bpm: 107
    first_peak_spread: 0
    first_peak_weight: 0.5
    onset_rate: 4.88484716415
    second_peak_bpm: 162
    second_peak_spread: 0
    second_peak_weight: 0.449999988079
    beats_position: [0.279797881842, 0.839325487614, 1.39885306358, 1.95838081837, 2.51790857315, 3.07743620872, 3.6369638443, 4.19649171829, 4.75601911545, 5.31554698944, 5.87507486343, 6.32063055038, 6.69139003754, 7.06215000153, 7.43290996552, 7.8036699295, 8.17442893982, 8.54518985748, 8.91594982147, 9.28670883179, 9.65746879578]
    bpm_estimates: [107.36051178, 106.745300293, 108.238838196, 106.381713867, 107.459190369]
    bpm_intervals: [0.559527635574, 0.55952757597, 0.559527754784, 0.559527754784, 0.559527635574, 0.559527635574, 0.559527873993, 0.559527397156, 0.559527873993, 0.559527873993, 0.445555686951, 0.370759487152, 0.370759963989, 0.370759963989, 0.370759963989, 0.370759010315, 0.370760917664, 0.370759963989, 0.370759010315, 0.370759963989]
    onset_times: [0.0580498874187, 0.27863946557, 0.452789127827, 0.650158703327, 1.01006805897, 1.20743763447, 1.40480720997, 1.5673469305, 1.93886625767, 2.15945577621, 2.32199549675, 2.53097510338, 2.70512461662, 2.90249443054, 3.26240372658, 3.44816327095, 3.84290242195, 3.99383211136, 4.37696123123, 4.57433128357, 4.71365070343, 4.92263031006, 5.08517026901, 5.15482997894, 5.36380958557, 5.53795909882, 5.88625860214, 6.1648979187, 6.26938772202, 6.33904743195, 6.45514726639, 7.02403640747, 7.2330160141, 7.41877555847, 7.60453510284, 7.79029464722, 7.98766422272, 8.16181373596, 8.33596324921, 8.52172374725, 8.71909332275, 8.85841274261, 8.893242836, 9.16027164459, 9.26476192474, 9.47374153137, 9.67111110687, 9.86848068237, 10.0310201645]
    rubato_start: [6.69139003754]
    rubato_stop: [9.65746879578]
    perceptual_tempo: "unknown"

sfx:
    inharmonicity:
        dmean: 0.0286759976298
        dmean2: 0.0514677129686
        dvar: 0.00153714197222
        dvar2: 0.00421212660149
        max: 0.265952348709
        mean: 0.0266889110208
        min: 0
        var: 0.00140017131343
    oddtoevenharmonicenergyratio:
        dmean: 2.26524376869
        dmean2: 4.0865893364
        dvar: 31.3141365051
        dvar2: 86.965461731
        max: 46.6963844299
        mean: 1.54385054111
        min: 0
        var: 21.7401733398
    pitch_after_max_to_before_max_energy_ratio: 0.109484948218
    pitch_centroid: 192.754486084
    pitch_max_to_total: 0.851162791252
    pitch_min_to_total: 0.709302306175
    tristimulus:
        dmean: [0.23220077157, 0.228033393621, 0.0748397558928]
        dmean2: [0.418766409159, 0.404559016228, 0.131144329906]
        dvar: [0.0376523248851, 0.0383963547647, 0.00642712367699]
        dvar2: [0.097777351737, 0.10049521178, 0.0183257311583]
        max: [1, 0.887720525265, 0.581102252007]
        mean: [0.517229676247, 0.386895418167, 0.0796000212431]
        min: [0.0440137833357, 0, 0]
        var: [0.0568373315036, 0.0551513805985, 0.00768966134638]

tonal:
    chords_changes_rate: 0.0694444477558
    chords_number_rate: 0.0231481473893
    chords_strength:
        dmean: 0.00714257080108
        dmean2: 0.00761635834351
        dvar: 3.29850554408e-05
        dvar2: 4.87838515255e-05
        max: 0.651248514652
        mean: 0.593321561813
        min: 0.469518244267
        var: 0.00137841107789
    key_strength: 0.858179569244
    tuning_diatonic_strength: 0.774779736996
    tuning_equal_tempered_deviation: 0.0867412388325
    tuning_frequency: 442.804626465
    tuning_nontempered_energy_ratio: 0.767143309116
    hpcp:
        dmean: [0.174178138375, 0.170858606696, 0.0885256752372, 0.0439954996109, 0.0457337722182, 0.0732694119215, 0.0752203390002, 0.0455503687263, 0.0339601635933, 0.0354620441794, 0.0420903898776, 0.0514377094805, 0.094028711319, 0.149358391762, 0.236215934157, 0.216297924519, 0.240264698863, 0.132134899497, 0.0620807632804, 0.0732306465507, 0.123665586114, 0.143696442246, 0.110535651445, 0.0801376402378, 0.0423813313246, 0.0458239652216, 0.0818055644631, 0.0968739613891, 0.106960378587, 0.122110582888, 0.13494540751, 0.10495339334, 0.0848863124847, 0.072071865201, 0.123729377985, 0.193101465702]
        dmean2: [0.294160336256, 0.287958294153, 0.149666815996, 0.0768988877535, 0.0812605619431, 0.131768912077, 0.133040174842, 0.0778848826885, 0.0572448968887, 0.0585528053343, 0.0727960243821, 0.0831751227379, 0.165048420429, 0.25368013978, 0.421500325203, 0.383104383945, 0.401286870241, 0.240635171533, 0.115908227861, 0.130806535482, 0.204202100635, 0.228800401092, 0.189711228013, 0.140465930104, 0.0751389041543, 0.0857983082533, 0.1488468647, 0.17392578721, 0.185626402497, 0.210431843996, 0.23188328743, 0.18782119453, 0.152094259858, 0.12745206058, 0.215963453054, 0.346518784761]
        dvar: [0.0360754430294, 0.0411417260766, 0.0221408195794, 0.00533002940938, 0.00905553158373, 0.0221778079867, 0.0201845988631, 0.00614510802552, 0.0050324620679, 0.00843326747417, 0.00893922150135, 0.00699897902086, 0.0272656511515, 0.0470687784255, 0.0644499585032, 0.0536774508655, 0.067293509841, 0.0371049419045, 0.0199994295835, 0.0173183362931, 0.0266756899655, 0.0350026711822, 0.0279587898403, 0.0293223354965, 0.0101752812043, 0.0156534519047, 0.0359764993191, 0.0328217670321, 0.0272737815976, 0.037556361407, 0.0430104024708, 0.0312657915056, 0.023668250069, 0.0164700262249, 0.0370213352144, 0.0516190379858]
        dvar2: [0.0911235511303, 0.109137289226, 0.0522173792124, 0.014127638191, 0.0250805150717, 0.0666191577911, 0.0553887411952, 0.0169403664768, 0.0081949243322, 0.0142039796337, 0.016774520278, 0.0138468556106, 0.0716293975711, 0.108178324997, 0.157662495971, 0.134670004249, 0.137911096215, 0.093114361167, 0.0597432851791, 0.0480913035572, 0.0612272061408, 0.0803831592202, 0.0694416239858, 0.0766618475318, 0.0271258763969, 0.0513888560236, 0.112396515906, 0.0845830440521, 0.081543751061, 0.0769830346107, 0.114510290325, 0.0907842218876, 0.0566401481628, 0.0432400405407, 0.103753633797, 0.137077197433]
        max: [1, 1, 1, 0.391919881105, 0.777084112167, 1, 0.994134128094, 0.716770708561, 0.91412115097, 1, 1, 0.959585666656, 1, 1, 1, 1, 1, 1, 1, 1, 1, 1, 1, 1, 0.787920117378, 1, 1, 1, 1, 1, 1, 1, 1, 0.802565336227, 1, 1]
        mean: [0.377133697271, 0.221667021513, 0.0810305699706, 0.0370066091418, 0.0395402982831, 0.0775452703238, 0.0915394276381, 0.0537869185209, 0.0366801358759, 0.0418363250792, 0.0515025630593, 0.0684913769364, 0.0968488231301, 0.169069871306, 0.38676571846, 0.54831135273, 0.357263356447, 0.110034130514, 0.0484429858625, 0.0684538185596, 0.149914085865, 0.184738576412, 0.125692650676, 0.0695210322738, 0.0401299409568, 0.038903683424, 0.0832311809063, 0.128783002496, 0.135315388441, 0.187435537577, 0.199840679765, 0.131403014064, 0.0856845080853, 0.0674035325646, 0.111490614712, 0.293655514717]
        min: [0.00197987211868, 0.0011876252247, 0.000157470989507, 0.000403395213652, 0.000872885866556, 0.0011973103974, 0.00107377837412, 0.0014424896799, 0.000848593888804, 0.000319588580169, 0.000575707003009, 0.00120271730702, 0.000990327796899, 0.000411327346228, 0.0131620494649, 0.00720381969586, 0.00286600808613, 0.000394627364585, 0.000162032054504, 0.000277504615951, 0.000503462622873, 0.000599380524363, 0.000523150374647, 0.000296024547424, 0.000246560433879, 0.00025383522734, 0.000731056265067, 0.000968391250353, 0.000535342085641, 0.000535223516636, 0.00138144276571, 0.00127282307949, 0.00101551797707, 0.000610304996371, 0.000855783757288, 0.0017721609911]
        var: [0.124140150845, 0.0633532330394, 0.0223721619695, 0.00422838749364, 0.00653196312487, 0.01958347857, 0.0242724064738, 0.00883500464261, 0.00896673463285, 0.0151069452986, 0.013671848923, 0.01330040209, 0.0286869611591, 0.0601878650486, 0.0972126498818, 0.124255694449, 0.10119805485, 0.0301335528493, 0.0119996378198, 0.012270710431, 0.0375331193209, 0.0560409463942, 0.0357470065355, 0.0223667826504, 0.0073792221956, 0.00952828582376, 0.0341217368841, 0.0615396983922, 0.0448616035283, 0.0844837129116, 0.0860887393355, 0.0439053997397, 0.0294874403626, 0.0138461878523, 0.0281802807003, 0.094546623528]
    chords_histogram: [46.7592582703, 0, 0, 7.40740728378, 0, 0, 0, 0, 0, 0, 0, 0, 0, 0, 0, 0, 0, 23.148147583, 0, 0, 0, 0, 20.8333339691, 1.85185182095]
    thpcp: [1, 0.651570260525, 0.200678184628, 0.0883494094014, 0.124844796956, 0.273410499096, 0.336922764778, 0.229235902429, 0.126791164279, 0.0731882378459, 0.0709518119693, 0.151795476675, 0.234872028232, 0.246785670519, 0.341841429472, 0.364465683699, 0.23965036869, 0.156269803643, 0.122929304838, 0.203334495425, 0.535563468933, 0.687809407711, 0.404272168875, 0.147782042623, 0.0674919635057, 0.0721128582954, 0.141425609589, 0.166947901249, 0.0980955734849, 0.0668965429068, 0.0763003081083, 0.0939294099808, 0.124913290143, 0.176631078124, 0.308346480131, 0.705376088619]
    chords_key: "D"
    chords_scale: "major"
    key_key: "D"
    key_scale: "major"
    chords_progression: ["C#m", "C#m", "C#m", "C#m", "C#m", "C#m", "Dm", "C#m", "C#m", "C#m", "Dm", "C#m", "C#m", "C#m", "C#m", "C#m", "C#m", "Dm", "Dm", "Dm", "Dm", "D", "D", "D", "D", "D", "D", "D", "D", "D", "D", "D", "D", "D", "D", "D", "D", "D", "D", "D", "D", "C#m", "D", "D", "D", "D", "D", "D", "D", "D", "D", "D", "D", "D", "D", "D", "D", "D", "D", "G", "G", "D", "D", "G", "G", "G", "G", "G", "G", "G", "G", "G", "G", "G", "G", "G", "G", "G", "G", "G", "G", "G", "G", "G", "G", "G", "G", "G", "G", "G", "G", "G", "G", "G", "G", "G", "G", "G", "G", "G", "G", "G", "G", "G", "G", "G", "Bm", "Bm", "Bm", "Bm", "D", "D", "D", "D", "D", "D", "D", "D", "D", "D", "D", "D", "D", "D", "D", "D", "D", "D", "D", "D", "D", "D", "D", "D", "D", "D", "D", "D", "D", "D", "D", "D", "D", "D", "D", "D", "D", "D", "D", "D", "D", "D", "D", "D", "D", "D", "D", "D", "Dm", "Dm", "Dm", "Dm", "Dm", "Dm", "Dm", "Dm", "Dm", "Dm", "Dm", "Dm", "Dm", "Dm", "Dm", "Dm", "Dm", "Dm", "Dm", "Dm", "Dm", "Dm", "Dm", "Dm", "Dm", "Dm", "Dm", "Dm", "Dm", "Dm", "Dm", "Dm", "Dm", "Dm", "Dm", "Dm", "Dm", "Dm", "Dm", "Dm", "Dm", "Dm", "Dm", "Dm", "D", "D", "D", "D", "D", "D", "D", "D", "D", "D", "D", "D", "D", "D"]
