
metadata:
    version:
        essentia: "1.2.2"
    audio_properties:
        analysis_sample_rate: 44100
        bitrate: 128
        channels: 2
        equal_loudness: 1
        length: 9.95265293121
        replay_gain: -10.6678771973
        downmix: "mix"
    tags:
        track: 4
        year: 0
        album: "Splitted by Mp3Splt v. 2.1"
        artist: "From 000.30 To 000.40"
        comment: "http://mp3splt.sf.net"
        genre: ""
        title: "07 Sky Fits Heaven.mp3"

highlevel:
    ballroom:
        all:
            ChaChaCha: 0.303076863289
            Jive: 0.0138509487733
            Quickstep: 0.0122117633
            Rumba-American: 0.0203108917922
            Rumba-International: 0.18310675025
            Rumba-Misc: 0.136328592896
            Samba: 0.0213595256209
            Tango: 0.109459526837
            VienneseWaltz: 0.089633718133
            Waltz: 0.110661424696
        probability: 0.303076863289
        value: "ChaChaCha"
    culture:
        all:
            non_western: 0.954395115376
            western: 0.0456049032509
        probability: 0.954395115376
        value: "non_western"
    gender:
        all:
            female: 0.734313666821
            male: 0.265686303377
        probability: 0.734313666821
        value: "female"
    genre_dortmund:
        all:
            alternative: 0.0276297330856
            blues: 0.00312532205135
            electronic: 0.499358892441
            folkcountry: 0.0105932569131
            funksoulrnb: 0.0106180747971
            jazz: 0.341235667467
            pop: 0.0418988615274
            raphiphop: 0.057939581573
            rock: 0.00760059570894
        probability: 0.499358892441
        value: "electronic"
    genre_electronica:
        all:
            ambient: 0.76568377018
            dnb: 0.00965109001845
            house: 0.134701669216
            techno: 0.0829698890448
            trance: 0.00699360622093
        probability: 0.76568377018
        value: "ambient"
    genre_rosamerica:
        all:
            cla: 0.340472191572
            dan: 0.156503051519
            hip: 0.0701016187668
            jaz: 0.200604274869
            pop: 0.0253392420709
            rhy: 0.111124143004
            roc: 0.0792884752154
            spe: 0.0165669899434
        probability: 0.340472191572
        value: "cla"
    genre_tzanetakis:
        all:
            blu: 0.272715866566
            cla: 0.177258506417
            cou: 0.0440642349422
            dis: 0.0394849702716
            hip: 0.0627895817161
            jaz: 0.153779044747
            met: 0.0312782526016
            pop: 0.0499732978642
            reg: 0.107315070927
            roc: 0.0613411813974
        probability: 0.272715866566
        value: "blu"
    live_studio:
        all:
            live: 0.396355360746
            studio: 0.603644669056
        probability: 0.603644669056
        value: "studio"
    mood:
        all:
            Cluster1: 0.0663079544902
            Cluster2: 0.019377687946
            Cluster3: 0.853074133396
            Cluster4: 0.0299464259297
            Cluster5: 0.0312938168645
        probability: 0.853074133396
        value: "Cluster3"
    mood_acoustic:
        all:
            acoustic: 0.201544672251
            not_acoustic: 0.798455357552
        probability: 0.798455357552
        value: "not_acoustic"
    mood_aggressive:
        all:
            aggressive: 0.701996386051
            not_aggressive: 0.298003613949
        probability: 0.701996386051
        value: "aggressive"
    mood_electronic:
        all:
            electronic: 0.927385866642
            not_electronic: 0.0726141259074
        probability: 0.927385866642
        value: "electronic"
    mood_happy:
        all:
            happy: 0.028431667015
            not_happy: 0.971568346024
        probability: 0.971568346024
        value: "not_happy"
    mood_party:
        all:
            not_party: 0.949058949947
            party: 0.0509410202503
        probability: 0.949058949947
        value: "not_party"
    mood_relaxed:
        all:
            not_relaxed: 0.0363848656416
            relaxed: 0.963615119457
        probability: 0.963615119457
        value: "relaxed"
    mood_sad:
        all:
            not_sad: 0.166043758392
            sad: 0.833956241608
        probability: 0.833956241608
        value: "sad"
    rhythm:
        all:
            fast: 0.243471443653
            medium: 0.64562100172
            slow: 0.110907547176
        probability: 0.64562100172
        value: "medium"
    speech_music:
        all:
            music: 0.999640583992
            speech: 0.000359444558853
        probability: 0.999640583992
        value: "music"
    timbre:
        all:
            bright: 0.00895145721734
            dark: 0.991048514843
        probability: 0.991048514843
        value: "dark"
    voice_instrumental:
        all:
            instrumental: 0.999987304211
            voice: 1.26930171973e-05
        probability: 0.999987304211
        value: "instrumental"

lowlevel:
    average_loudness: 0.968935787678
    barkbands_kurtosis:
        dmean: 4.39641571045
        dmean2: 7.3245716095
        dvar: 36.9273300171
        dvar2: 95.8006896973
        max: 52.9297866821
        mean: 7.08359098434
        min: -1.24206185341
        var: 66.6802902222
    barkbands_skewness:
        dmean: 0.645243763924
        dmean2: 1.05424451828
        dvar: 0.384022176266
        dvar2: 1.01226639748
        max: 6.5382194519
        mean: 1.85530889034
        min: -0.258921921253
        var: 1.34659790993
    barkbands_spread:
        dmean: 1.34916090965
        dmean2: 2.20406723022
        dvar: 1.94075143337
        dvar2: 4.79900836945
        max: 18.7770195007
        mean: 4.29398727417
        min: 0.702512085438
        var: 5.48564052582
    dissonance:
        dmean: 0.0502368323505
        dmean2: 0.086531072855
        dvar: 0.00185763009358
        dvar2: 0.00501993857324
        max: 0.485844373703
        mean: 0.385147839785
        min: 0.192664697766
        var: 0.00259526143782
    hfc:
        dmean: 0.410542100668
        dmean2: 0.688478529453
        dvar: 0.589752197266
        dvar2: 1.52714085579
        max: 5.42195892334
        mean: 0.582335710526
        min: 0.0112218344584
        var: 0.525007307529
    pitch:
        dmean: 77.3204345703
        dmean2: 138.659179688
        dvar: 9721.40234375
        dvar2: 24830.0957031
        max: 588
        mean: 158.069915771
        min: 62.5531921387
        var: 10977.7490234
    pitch_instantaneous_confidence:
        dmean: 0.0996714606881
        dmean2: 0.161600112915
        dvar: 0.00699133984745
        dvar2: 0.0169778726995
        max: 0.763657510281
        mean: 0.398478478193
        min: 0.105032205582
        var: 0.0134981758893
    pitch_salience:
        dmean: 0.111711680889
        dmean2: 0.182185962796
        dvar: 0.00909535493702
        dvar2: 0.024171512574
        max: 0.868489801884
        mean: 0.575316607952
        min: 0.190888822079
        var: 0.0175228081644
    silence_rate_20dB:
        dmean: 0
        dmean2: 0
        dvar: 0
        dvar2: 0
        max: 1
        mean: 1
        min: 1
        var: 0
    silence_rate_30dB:
        dmean: 0
        dmean2: 0
        dvar: 0
        dvar2: 0
        max: 1
        mean: 1
        min: 1
        var: 0
    silence_rate_60dB:
        dmean: 0.112149529159
        dmean2: 0.224824354053
        dvar: 0.0995717272162
        dvar2: 0.202381119132
        max: 1
        mean: 0.848484873772
        min: 0
        var: 0.12855823338
    spectral_centroid:
        dmean: 59.0116424561
        dmean2: 97.2633209229
        dvar: 4804.05175781
        dvar2: 12692.0410156
        max: 1125.08093262
        mean: 293.473144531
        min: 88.1340408325
        var: 26460.4042969
    spectral_complexity:
        dmean: 1.43192493916
        dmean2: 2.36941170692
        dvar: 1.61156594753
        dvar2: 3.74353051186
        max: 10
        mean: 4.32084321976
        min: 0
        var: 3.56685161591
    spectral_crest:
        dmean: 3.66409277916
        dmean2: 6.19489765167
        dvar: 10.6767396927
        dvar2: 29.1034488678
        max: 24.9653053284
        mean: 12.6227474213
        min: 4.15347576141
        var: 19.4759464264
    spectral_decrease:
        dmean: 4.28065499714e-10
        dmean2: 7.12751468956e-10
        dvar: 6.67779599792e-19
        dvar2: 1.7116702625e-18
        max: -9.26989474764e-12
        mean: -6.02148053641e-10
        min: -6.32094199204e-09
        var: 6.41041296684e-19
    spectral_energy:
        dmean: 0.00165050616488
        dmean2: 0.00274986214936
        dvar: 9.92167133518e-06
        dvar2: 2.54197766481e-05
        max: 0.0243484787643
        mean: 0.00232546497136
        min: 3.61945167242e-05
        var: 9.50203138927e-06
    spectral_energyband_high:
        dmean: 5.50461322746e-07
        dmean2: 8.72086161507e-07
        dvar: 2.42981437922e-12
        dvar2: 3.56566837688e-12
        max: 3.58089819201e-05
        mean: 1.16417356821e-06
        min: 3.58408835943e-09
        var: 1.44931141741e-11
    spectral_energyband_low:
        dmean: 0.000455186440377
        dmean2: 0.000749404658563
        dvar: 5.50391803245e-07
        dvar2: 1.23556071685e-06
        max: 0.00582875870168
        mean: 0.000721853168216
        min: 7.58770184461e-08
        var: 8.30492240311e-07
    spectral_energyband_middle_high:
        dmean: 2.94255005429e-05
        dmean2: 5.22199443367e-05
        dvar: 4.22120205457e-09
        dvar2: 1.20570913253e-08
        max: 0.000658656528685
        mean: 4.66486162622e-05
        min: 1.9213459268e-07
        var: 3.54327456265e-09
    spectral_energyband_middle_low:
        dmean: 0.00144441553857
        dmean2: 0.00252513540909
        dvar: 1.08394478957e-05
        dvar2: 2.90629177471e-05
        max: 0.022428413853
        mean: 0.00155576807447
        min: 2.16919470404e-05
        var: 7.69538110035e-06
    spectral_flatness_db:
        dmean: 0.0421067178249
        dmean2: 0.0677780359983
        dvar: 0.00171041546855
        dvar2: 0.00423462642357
        max: 0.530964672565
        mean: 0.348638027906
        min: 0.169583290815
        var: 0.00561351561919
    spectral_flux:
        dmean: 0.0130383595824
        dmean2: 0.0191495977342
        dvar: 0.000290856056381
        dvar2: 0.000403437530622
        max: 0.139833748341
        mean: 0.0280491895974
        min: 0.00506016332656
        var: 0.000620824226644
    spectral_kurtosis:
        dmean: 37.4974632263
        dmean2: 60.4805526733
        dvar: 1953.3873291
        dvar2: 4348.60302734
        max: 289.704956055
        mean: 89.9335174561
        min: -0.274069309235
        var: 5123.93896484
    spectral_rms:
        dmean: 0.000447280384833
        dmean2: 0.000735250359867
        dvar: 3.27087406049e-07
        dvar2: 7.82039421665e-07
        max: 0.0048738704063
        mean: 0.00133557477966
        min: 0.000187914149137
        var: 4.84985662297e-07
    spectral_rolloff:
        dmean: 109.485603333
        dmean2: 183.412094116
        dvar: 17287.7851562
        dvar2: 49051.8242188
        max: 2088.72070312
        mean: 417.502258301
        min: 86.1328125
        var: 47998.3671875
    spectral_skewness:
        dmean: 1.6809668541
        dmean2: 2.68618702888
        dvar: 3.00119328499
        dvar2: 6.74593305588
        max: 14.421497345
        mean: 6.95606899261
        min: 1.04528522491
        var: 10.4404850006
    spectral_spread:
        dmean: 524357.625
        dmean2: 878310.75
        dvar: 547327148032
        dvar2: 964591419392
        max: 13307508
        mean: 1620850.5
        min: 322008.53125
        var: 2.51867090125e+12
    spectral_strongpeak:
        dmean: 0.0739020258188
        dmean2: 0.1229782179
        dvar: 0.00585606554523
        dvar2: 0.0152137326077
        max: 0.681793630123
        mean: 0.164032414556
        min: 0
        var: 0.0157733503729
    zerocrossingrate:
        dmean: 0.00276119611226
        dmean2: 0.00375689333305
        dvar: 8.36719027575e-06
        dvar2: 1.16955379781e-05
        max: 0.0625
        mean: 0.0168965887278
        min: 0.00341796875
        var: 0.000104335646029
    barkbands:
        dmean: [5.93008792293e-07, 0.000312683318043, 0.000286789203528, 0.000405166589189, 0.000884585548192, 0.00019185806741, 0.000123241668916, 7.73310166551e-05, 3.01110976579e-05, 1.47367290992e-05, 8.20014247438e-06, 3.6166825339e-06, 3.80036203751e-06, 1.26271527279e-06, 1.95166603589e-06, 1.41400573739e-06, 1.95287589122e-06, 1.12307770905e-06, 8.9708237283e-07, 4.03672942184e-07, 2.01982729209e-07, 1.00624745869e-07, 4.61220075465e-08, 4.34924842807e-08, 4.83165933929e-08, 9.12225295302e-10, 1.18504234203e-10]
        dmean2: [9.22852279928e-07, 0.000552881276235, 0.000477183290059, 0.000716781476513, 0.00165158440359, 0.000325640721712, 0.000201752613066, 0.000135420239531, 4.96794091305e-05, 2.54841888818e-05, 1.44019113577e-05, 6.5870144681e-06, 6.58508724882e-06, 2.33914079217e-06, 3.48702542396e-06, 2.4867117645e-06, 3.39496796187e-06, 1.93395317183e-06, 1.54430972543e-06, 7.31862371595e-07, 3.43253532264e-07, 1.4329663145e-07, 5.73431400142e-08, 5.36330873047e-08, 5.75108423106e-08, 1.37702405034e-09, 2.06431774452e-10]
        dvar: [1.00333489347e-12, 2.36793596287e-07, 4.35601265281e-07, 1.07836478946e-06, 6.86160319674e-06, 9.08350443751e-08, 3.39012586892e-08, 3.38040173631e-08, 3.03758107556e-09, 1.16483023227e-09, 2.53937704198e-10, 6.58206683601e-11, 7.26265575457e-11, 1.24349662511e-11, 1.41199734197e-11, 6.98825155729e-12, 2.72238707272e-11, 1.03922001213e-11, 3.13912502763e-12, 6.67990836256e-13, 1.58970479467e-13, 2.67670027853e-13, 9.51040664949e-14, 8.99310262218e-14, 1.91301035885e-13, 5.52769962522e-17, 1.31972156014e-19]
        dvar2: [1.97393685598e-12, 6.76705326441e-07, 1.10561359179e-06, 3.01356135424e-06, 1.96648870769e-05, 2.33451274312e-07, 8.96437626352e-08, 9.95689291017e-08, 8.2615825292e-09, 3.35348082636e-09, 7.08310243791e-10, 1.85849238776e-10, 2.13359566126e-10, 3.55345856906e-11, 4.10239862914e-11, 2.05314446e-11, 8.35524288645e-11, 3.19898586787e-11, 8.78755228306e-12, 1.91746206586e-12, 4.35855371976e-13, 5.24930901698e-13, 1.742384313e-13, 1.10375216725e-13, 2.19952257362e-13, 9.09808941255e-17, 1.62290018599e-19]
        max: [1.71372139448e-05, 0.00316893821582, 0.00510018318892, 0.00789057835937, 0.0185973830521, 0.00213382369839, 0.00215371488594, 0.00179964315612, 0.000624498119578, 0.000416679249611, 0.000124649348436, 7.32633197913e-05, 0.000111963519885, 3.81022910005e-05, 3.76740354113e-05, 2.27090422413e-05, 5.81439999223e-05, 3.64067964256e-05, 2.47518382821e-05, 5.05668231199e-06, 6.08219670539e-06, 1.25340893646e-05, 6.41370161247e-06, 7.6447331594e-06, 1.02534422695e-05, 1.64847108408e-07, 7.77441933053e-09]
        mean: [6.50537174351e-07, 0.00047371245455, 0.000247522024438, 0.000324425316649, 0.000659854034893, 0.000262119196123, 0.000169270497281, 9.76074152277e-05, 4.04047641496e-05, 1.901548967e-05, 1.05339850052e-05, 3.94747348764e-06, 4.06122080676e-06, 1.16818819151e-06, 2.1508417376e-06, 1.87454566003e-06, 2.88390742753e-06, 1.70018222434e-06, 1.24100654375e-06, 5.15379895205e-07, 3.0425519526e-07, 1.82329671361e-07, 7.89361038755e-08, 1.06689206802e-07, 1.32771006633e-07, 2.12078177242e-09, 9.448754279e-11]
        min: [2.58833275993e-12, 5.40089306611e-10, 5.58331443301e-08, 2.20329923195e-07, 2.67734748149e-07, 2.01027955882e-06, 6.67632548357e-07, 1.91145915096e-07, 2.83476111917e-07, 7.92838790176e-08, 3.00763751682e-08, 1.96728500157e-08, 6.66036870101e-09, 5.24505727739e-09, 2.88948109883e-09, 1.74383552043e-09, 2.28821783743e-09, 3.08936054516e-09, 3.72399999726e-09, 2.65984456682e-09, 1.35521582845e-09, 4.14799999904e-10, 1.21657323104e-10, 6.60834026389e-11, 5.97697238924e-11, 9.12825197374e-12, 4.5457014143e-15]
        var: [1.60972277174e-12, 2.88412934424e-07, 3.66144206509e-07, 7.21076844457e-07, 3.92690435547e-06, 1.409370185e-07, 4.14385823433e-08, 2.62642849691e-08, 3.01751090781e-09, 9.25678811381e-10, 2.43766035135e-10, 4.54332890754e-11, 5.69453616206e-11, 7.68596904871e-12, 1.57290153124e-11, 1.0830249024e-11, 4.25464975751e-11, 2.35674448706e-11, 5.79344905383e-12, 6.21731182163e-13, 4.08296579055e-13, 1.0185149165e-12, 2.70866797958e-13, 5.02193718468e-13, 1.03462832919e-12, 2.21351109934e-16, 1.60094474458e-19]
    mfcc:
        mean: [-957.040588379, 257.214935303, -6.16405677795, 39.7697639465, -18.0059661865, -13.9908790588, -2.55956697464, -13.243062973, -0.833426475525, -7.4059047699, -8.43199825287, 0.197987690568, -2.48875284195]
        cov: [[5454.11230469, -2672.27001953, -1741.68261719, -940.787841797, -521.369873047, -923.118103027, -826.535583496, -759.073852539, -624.491271973, -689.765136719, -536.733398438, -270.700317383, -466.159576416], [-2672.27001953, 2962.56274414, 1080.70263672, 857.256469727, 320.562286377, 900.585876465, 753.823486328, 725.285339355, 541.25793457, 591.682434082, 496.146820068, 167.45451355, 390.868804932], [-1741.68261719, 1080.70263672, 1125.0949707, 539.327514648, 324.791259766, 377.917327881, 293.566650391, 422.576446533, 185.567474365, 239.593994141, 276.907745361, 32.1195220947, 172.38973999], [-940.787841797, 857.256469727, 539.327514648, 591.635620117, 268.032409668, 373.496856689, 264.555969238, 312.621612549, 166.228546143, 203.196517944, 212.098678589, 48.8305473328, 128.24041748], [-521.369873047, 320.562286377, 324.791259766, 268.032409668, 231.89604187, 158.061203003, 103.231277466, 175.554702759, 57.1037712097, 101.199234009, 104.703453064, 17.9250354767, 58.8682823181], [-923.118103027, 900.585876465, 377.917327881, 373.496856689, 158.061203003, 395.465515137, 283.605804443, 268.269470215, 201.421981812, 215.783416748, 190.467544556, 66.2796096802, 150.494750977], [-826.535583496, 753.823486328, 293.566650391, 264.555969238, 103.231277466, 283.605804443, 265.286804199, 222.698074341, 172.790603638, 179.931610107, 140.732940674, 67.9756851196, 126.113296509], [-759.073852539, 725.285339355, 422.576446533, 312.621612549, 175.554702759, 268.269470215, 222.698074341, 317.949523926, 158.725357056, 179.902816772, 183.179931641, 48.8229103088, 140.645553589], [-624.491271973, 541.25793457, 185.567474365, 166.228546143, 57.1037712097, 201.421981812, 172.790603638, 158.725357056, 168.091964722, 143.471405029, 104.070343018, 63.9483146667, 101.627914429], [-689.765136719, 591.682434082, 239.593994141, 203.196517944, 101.199234009, 215.783416748, 179.931610107, 179.902816772, 143.471405029, 180.485275269, 127.310462952, 58.3105430603, 110.041374207], [-536.733398438, 496.146820068, 276.907745361, 212.098678589, 104.703453064, 190.467544556, 140.732940674, 183.179931641, 104.070343018, 127.310462952, 174.437927246, 33.9416847229, 84.4275054932], [-270.700317383, 167.45451355, 32.1195220947, 48.8305473328, 17.9250354767, 66.2796096802, 67.9756851196, 48.8229103088, 63.9483146667, 58.3105430603, 33.9416847229, 75.0192565918, 45.6096839905], [-466.159576416, 390.868804932, 172.38973999, 128.24041748, 58.8682823181, 150.494750977, 126.113296509, 140.645553589, 101.627914429, 110.041374207, 84.4275054932, 45.6096839905, 113.700111389]]
        icov: [[0.000727072940208, 0.00010045588715, 0.000995890586637, -0.000340391619829, 0.000712727138307, -0.000426104001235, 0.00117427739315, -0.00158532347996, 0.00101836200338, 0.000628406647593, 9.98493269435e-05, 0.000658942211885, 0.000506197975483], [0.00010045588715, 0.0018366248114, -0.000343287276337, -0.00022529339185, 0.00159393216018, -0.00132850627415, -0.00161604769528, -0.00104082270991, -0.0001713718666, -0.00220628967509, -9.59462922765e-05, 0.000844061025418, 0.000906911154743], [0.000995890586637, -0.000343287276337, 0.0036873719655, -0.00105835299473, -0.000615183496848, 0.000456865760498, 0.0013731160434, -0.00307973078452, 0.00135129445698, 0.00177078030538, -0.000939666118938, 0.00195686751977, -0.000142329416121], [-0.000340391619829, -0.00022529339185, -0.00105835299473, 0.00729942461476, -0.00445136148483, -0.00438958732411, -0.00125264946837, -3.44552390743e-05, 6.48506029393e-05, 0.00123254244681, -0.000834753562231, -0.000757872243412, 0.00197051768191], [0.000712727138307, 0.00159393216018, -0.000615183496848, -0.00445136148483, 0.0154417939484, -0.00320755504072, 0.00459450529888, -0.00836264993995, 0.00673624640331, -0.00734051456675, 0.00281401840039, -0.00142258696724, 0.00445931358263], [-0.000426104001235, -0.00132850627415, 0.000456865760498, -0.00438958732411, -0.00320755504072, 0.0202791895717, -0.0104298098013, 0.00541078532115, -0.0062407865189, 0.000435780442785, -0.0048317341134, 0.00365177751519, -0.00594803085551], [0.00117427739315, -0.00161604769528, 0.0013731160434, -0.00125264946837, 0.00459450529888, -0.0104298098013, 0.0289412476122, -0.00890063215047, -0.00103307014797, -0.00344172632322, 0.0050489762798, -0.00436463532969, 0.00229225726798], [-0.00158532347996, -0.00104082270991, -0.00307973078452, -3.44552390743e-05, -0.00836264993995, 0.00541078532115, -0.00890063215047, 0.0235363189131, -0.0070731267333, 0.00259628449567, -0.00797864049673, 0.00257383892313, -0.0115856844932], [0.00101836200338, -0.0001713718666, 0.00135129445698, 6.48506029393e-05, 0.00673624640331, -0.0062407865189, -0.00103307014797, -0.0070731267333, 0.0315082781017, -0.010002492927, 0.00234377151355, -0.00726560642943, 2.19883577302e-06], [0.000628406647593, -0.00220628967509, 0.00177078030538, 0.00123254244681, -0.00734051456675, 0.000435780442785, -0.00344172632322, 0.00259628449567, -0.010002492927, 0.0344566069543, -0.00669020786881, -0.00133437127806, -0.00898862909526], [9.98493269435e-05, -9.59462922765e-05, -0.000939666118938, -0.000834753562231, 0.00281401840039, -0.0048317341134, 0.0050489762798, -0.00797864049673, 0.00234377151355, -0.00669020786881, 0.0189146604389, -0.00162839784753, 0.00330129521899], [0.000658942211885, 0.000844061025418, 0.00195686751977, -0.000757872243412, -0.00142258696724, 0.00365177751519, -0.00436463532969, 0.00257383892313, -0.00726560642943, -0.00133437127806, -0.00162839784753, 0.0241498351097, -0.00544456625357], [0.000506197975483, 0.000906911154743, -0.000142329416121, 0.00197051768191, 0.00445931358263, -0.00594803085551, 0.00229225726798, -0.0115856844932, 2.19883577302e-06, -0.00898862909526, 0.00330129521899, -0.00544456625357, 0.0315289981663]]
    spectral_contrast:
        mean: [-2.49777656336e-07, -6.54473296891e-07, -1.99115461896e-07, 5.12345195602e-07, 1.59210358674e-07, -6.91316188295e-07, 3.50194727616e-06, -2.19741536966e-06, -2.20299875764e-06, -3.63713957086e-06, 2.87540069621e-06, 8.58181283547e-06]
        var: [0.00029742368497, 0.000460626819404, 0.000906726287212, 0.00199479819275, 0.00356279849075, 0.00514457933605, 0.0467911884189, 0.0974559932947, 0.187698110938, 0.713501691818, 2.17017483711, 3.78220915794]

rhythm:
    beats_loudness:
        dmean: 0.00109673012048
        dmean2: 0.0015742421383
        dvar: 9.6481608125e-07
        dvar2: 1.63585468727e-06
        max: 0.0111254183576
        mean: 0.00395331392065
        min: 0.000450179184554
        var: 1.13138185043e-05
    beats_loudness_bass:
        dmean: 0.114752739668
        dmean2: 0.225944176316
        dvar: 0.0177510064095
        dvar2: 0.0441883355379
        max: 0.918444514275
        mean: 0.534896433353
        min: 0.00871273409575
        var: 0.127722159028
    bpm: 140.700775146
    bpm_confidence: 0
    first_peak_bpm: 141
    first_peak_spread: 0
    first_peak_weight: 0.956521749496
    onset_rate: 5.32521343231
    second_peak_bpm: 174
    second_peak_spread: 0
    second_peak_weight: 0.0434782616794
    beats_position: [0.081078954041, 0.507969379425, 0.934859752655, 1.36175012589, 1.78864049911, 2.21553087234, 2.64242124557, 3.06931185722, 3.49620246887, 3.92309308052, 4.34998369217, 4.7768740654, 5.20376491547, 5.6306552887, 5.9759812355, 6.40205907822, 6.82813692093, 7.25421476364, 7.68029260635, 8.10636997223, 8.53244876862, 8.95852565765, 9.38460445404, 9.81068134308]
    bpm_estimates: [140.60925293, 140.879882812, 140.158691406, 141.026489258, 140.611129761, 139.934326172, 140.354980469, 140.842681885, 141.059951782, 140.775588989, 141.192062378, 141.036087036, 140.770645142, 140.894744873, 140.803009033, 140.580291748, 140.566879272, 140.517166138]
    bpm_intervals: [0.426890432835, 0.42689037323, 0.42689037323, 0.42689037323, 0.42689037323, 0.42689037323, 0.426890611649, 0.426890611649, 0.426890611649, 0.426890611649, 0.42689037323, 0.426890850067, 0.42689037323, 0.345325946808, 0.426077842712, 0.426077842712, 0.426077842712, 0.426077842712, 0.426077365875, 0.426078796387, 0.426076889038, 0.426078796387, 0.426076889038]
    onset_times: [0.0580498874187, 0.615328788757, 1.68344676495, 2.02013611794, 2.53097510338, 2.97215414047, 3.3785033226, 3.54104304314, 3.62231302261, 3.80807256699, 4.04027223587, 4.17959165573, 4.23764181137, 4.46984148026, 4.67882108688, 4.88780021667, 5.0387301445, 5.10838985443, 5.32897949219, 5.45668935776, 5.53795909882, 5.75854873657, 5.89786863327, 5.9675283432, 6.11845827103, 6.17650794983, 6.32743787766, 6.39709758759, 6.60607719421, 6.72217702866, 6.7570066452, 6.81505680084, 7.18657588959, 7.25623559952, 7.45360565186, 7.61614513397, 7.6858048439, 7.89478445053, 8.04571437836, 8.11537456512, 8.25469398499, 8.32435417175, 8.48689365387, 8.75392246246, 8.87002277374, 8.96290206909, 9.18349170685, 9.29959201813, 9.38086128235, 9.54340171814, 9.61306095123, 9.72916126251, 9.79882049561]
    rubato_start: []
    rubato_stop: []
    perceptual_tempo: "unknown"

sfx:
    inharmonicity:
        dmean: 0.0223195571452
        dmean2: 0.0405475310981
        dvar: 0.00276658311486
        dvar2: 0.00775433098897
        max: 0.402439981699
        mean: 0.0162163656205
        min: 0
        var: 0.0018922816962
    oddtoevenharmonicenergyratio:
        dmean: 20.8162002563
        dmean2: 41.4716415405
        dvar: 26685.5429688
        dvar2: 79753.421875
        max: 1913.40100098
        mean: 10.5910482407
        min: 0
        var: 13459.3095703
    pitch_after_max_to_before_max_energy_ratio: 0.797391235828
    pitch_centroid: 183.851608276
    pitch_max_to_total: 0.327868849039
    pitch_min_to_total: 0.711943805218
    tristimulus:
        dmean: [0.260628819466, 0.251484513283, 0.0222441647202]
        dmean2: [0.461184471846, 0.443999141455, 0.0404157228768]
        dvar: [0.0537706427276, 0.0489953868091, 0.00219705607742]
        dvar2: [0.144954890013, 0.131965562701, 0.00647877017036]
        max: [1, 0.976641058922, 0.475087672472]
        mean: [0.688862740993, 0.287400335073, 0.017565080896]
        min: [0.0010184913408, 0, 0]
        var: [0.0749310180545, 0.0669137090445, 0.00150944117922]

tonal:
    chords_changes_rate: 0.0418604649603
    chords_number_rate: 0.0232558138669
    chords_strength:
        dmean: 0.0089630978182
        dmean2: 0.0102407373488
        dvar: 4.47043785243e-05
        dvar2: 7.2972055932e-05
        max: 0.748534977436
        mean: 0.532844424248
        min: 0.340420007706
        var: 0.018819347024
    key_strength: 0.64827901125
    tuning_diatonic_strength: 0.507430195808
    tuning_equal_tempered_deviation: 0.109667874873
    tuning_frequency: 439.238189697
    tuning_nontempered_energy_ratio: 0.792824804783
    hpcp:
        dmean: [0.240488484502, 0.234090164304, 0.131509244442, 0.0771829336882, 0.0722274407744, 0.0557890087366, 0.0670470744371, 0.103634752333, 0.173530459404, 0.204870522022, 0.174987182021, 0.160523191094, 0.14077553153, 0.168019577861, 0.26184502244, 0.365508854389, 0.328080534935, 0.214409723878, 0.183898389339, 0.205934166908, 0.219995558262, 0.202538624406, 0.208000004292, 0.14105245471, 0.0761006847024, 0.0555243492126, 0.0594582296908, 0.0777039900422, 0.0763493031263, 0.0556935369968, 0.0476736389101, 0.0610450133681, 0.0680602043867, 0.0624332651496, 0.0850287377834, 0.181887030602]
        dmean2: [0.419856250286, 0.412211507559, 0.239948242903, 0.14699934423, 0.139375403523, 0.107120729983, 0.12976115942, 0.195629954338, 0.306779533625, 0.358233392239, 0.308973610401, 0.310773342848, 0.270432442427, 0.300859630108, 0.43758302927, 0.661191642284, 0.580176830292, 0.371476769447, 0.338739454746, 0.385533869267, 0.393743783236, 0.371004283428, 0.359798669815, 0.257361084223, 0.142470002174, 0.100003011525, 0.107135646045, 0.143397778273, 0.14469191432, 0.10879162699, 0.0933643952012, 0.119799859822, 0.134410202503, 0.122844420373, 0.156736508012, 0.321650356054]
        dvar: [0.0569076687098, 0.0527881197631, 0.0345605798066, 0.0331270508468, 0.0377808324993, 0.0181776601821, 0.0231119263917, 0.0371557176113, 0.045018851757, 0.0511673055589, 0.0491373576224, 0.0710372403264, 0.0480595752597, 0.0628699287772, 0.0734309479594, 0.103144139051, 0.0785036236048, 0.0650668665767, 0.0694245770574, 0.0863061100245, 0.0811638087034, 0.0626404583454, 0.0717612802982, 0.0483758561313, 0.0250071808696, 0.0181518383324, 0.0127135496587, 0.0228383503854, 0.0265669226646, 0.0120995854959, 0.0102602420375, 0.0259046517313, 0.0307481493801, 0.0345837213099, 0.0216759927571, 0.0431346446276]
        dvar2: [0.164702996612, 0.135526865721, 0.0928084626794, 0.0996736809611, 0.112195670605, 0.0551050119102, 0.0678603425622, 0.103864498436, 0.127108126879, 0.146151676774, 0.128929972649, 0.178348809481, 0.127299085259, 0.159456372261, 0.193071305752, 0.245977461338, 0.208080381155, 0.155422002077, 0.19566719234, 0.225963577628, 0.21018384397, 0.168606325984, 0.180776074529, 0.125261873007, 0.0697629600763, 0.0495353043079, 0.0346743091941, 0.0645257160068, 0.0775456428528, 0.0348896160722, 0.03111772798, 0.0749693885446, 0.0883597582579, 0.10026101023, 0.0574619844556, 0.117445215583]
        max: [1, 1, 1, 1, 1, 0.895844221115, 1, 1, 1, 1, 1, 1, 1, 1, 1, 1, 1, 1, 1, 1, 1, 1, 1, 1, 1, 1, 0.64136916399, 1, 1, 0.675758600235, 0.60613077879, 1, 0.948998570442, 1, 0.896347522736, 1]
        mean: [0.324542015791, 0.268880814314, 0.0993963554502, 0.0413917936385, 0.0373556464911, 0.0318473652005, 0.0399091765285, 0.0687145292759, 0.165711477399, 0.234921514988, 0.169019430876, 0.100713133812, 0.0810051113367, 0.118587300181, 0.262895107269, 0.411354273558, 0.3683373034, 0.199309438467, 0.122187815607, 0.136065065861, 0.188194945455, 0.235014930367, 0.193893328309, 0.0968138501048, 0.052967377007, 0.0484031997621, 0.0501546636224, 0.058496683836, 0.0494932979345, 0.0334343835711, 0.0287761129439, 0.0340613536537, 0.0367033183575, 0.0336079150438, 0.0559506714344, 0.174875497818]
        min: [0.000972402922343, 0.000719498260878, 4.98046483699e-06, 0, 0, 5.68421546632e-06, 1.81603027158e-05, 5.60471307836e-05, 0.000246753013926, 3.27410743921e-05, 7.03948899172e-06, 1.38131499625e-05, 1.57825968472e-06, 7.27535780243e-06, 2.22660091822e-05, 0.00126884318888, 0, 0, 0, 0, 7.05277489033e-05, 9.2284011771e-05, 3.02947246382e-05, 7.35169896871e-06, 2.87693410428e-06, 1.2554449313e-05, 0.000105040271592, 0.000198546316824, 1.18518664749e-05, 4.15240720031e-06, 4.04143393098e-05, 4.63535579911e-05, 1.4826377992e-05, 3.73671718989e-06, 7.9034407463e-06, 0.000134197922307]
        var: [0.0927171558142, 0.0781789720058, 0.0262186713517, 0.0182220954448, 0.0201519522816, 0.0102402465418, 0.013056429103, 0.0237507261336, 0.0497749298811, 0.0779816135764, 0.0568367280066, 0.0518260747194, 0.0319888629019, 0.0544248372316, 0.0975769907236, 0.139751374722, 0.116915278137, 0.0787246152759, 0.054677721113, 0.06489431113, 0.0810854062438, 0.085652589798, 0.0826983377337, 0.037453379482, 0.0168741066009, 0.0143345398828, 0.00947438459843, 0.0154496822506, 0.0153451832011, 0.00715031288564, 0.00590183073655, 0.0141955632716, 0.0166812669486, 0.0187744554132, 0.0154505707324, 0.0474459417164]
    chords_histogram: [21.3953495026, 3.25581383705, 43.2558135986, 0, 0, 14.8837213516, 16.2790699005, 0, 0, 0, 0, 0, 0, 0, 0, 0, 0, 0, 0, 0.930232584476, 0, 0, 0, 0]
    thpcp: [1, 0.895425975323, 0.484520167112, 0.297037929296, 0.330773442984, 0.457500874996, 0.571319997311, 0.471353620291, 0.235353946686, 0.128763407469, 0.117667913437, 0.121925711632, 0.142205119133, 0.120317935944, 0.0812788009644, 0.0699545741081, 0.0828029662371, 0.0892255678773, 0.0817006602883, 0.13601577282, 0.42512139678, 0.788959860802, 0.653647780418, 0.241631999612, 0.100623227656, 0.0908113718033, 0.077420771122, 0.097018994391, 0.167044639587, 0.40284371376, 0.571092903614, 0.410885304213, 0.244833081961, 0.1969229877, 0.288285076618, 0.639096558094]
    chords_key: "A"
    chords_scale: "minor"
    key_key: "D"
    key_scale: "minor"
    chords_progression: ["Am", "Am", "Am", "Am", "Am", "Am", "Am", "Am", "Am", "Am", "Am", "Am", "Am", "Am", "Am", "Am", "Am", "Am", "Am", "Am", "Am", "Am", "Am", "Am", "Am", "Am", "Am", "Am", "Am", "Am", "Am", "Am", "Am", "Am", "Am", "Am", "Am", "Am", "Am", "Am", "Am", "Am", "Am", "Am", "Am", "Am", "Am", "Am", "Am", "Am", "Am", "Am", "Am", "Am", "Am", "Am", "Am", "Am", "Am", "Am", "Am", "Am", "Am", "Am", "Am", "Am", "Am", "Am", "Am", "Am", "Dm", "Dm", "Dm", "Dm", "Dm", "Dm", "Dm", "Dm", "Dm", "Dm", "Dm", "Dm", "Dm", "Dm", "Dm", "Dm", "Dm", "Dm", "Dm", "Dm", "Dm", "Dm", "Dm", "Dm", "Dm", "Dm", "Dm", "Dm", "Dm", "Dm", "Dm", "Dm", "Dm", "Dm", "Dm", "Dm", "Dm", "Dm", "Dm", "Dm", "Dm", "Dm", "Dm", "Dm", "Dm", "Dm", "F", "F", "F", "F", "F", "F", "F", "Am", "Am", "Am", "Am", "Am", "Am", "Am", "Am", "Am", "G", "G", "G", "G", "G", "G", "G", "G", "G", "G", "G", "G", "G", "G", "G", "Am", "Am", "Am", "Am", "Am", "Am", "Am", "Am", "Am", "Am", "Am", "G#", "G#", "G", "G", "G", "G", "G", "G", "G", "G", "G", "G", "G", "G", "G", "G", "G", "G", "G", "Bm", "Bm", "Bm", "Bm", "Bm", "Bm", "Bm", "Bm", "Bm", "Bm", "Bm", "Bm", "Bm", "Bm", "Bm", "Bm", "Bm", "Bm", "Bm", "Bm", "Bm", "Bm", "Bm", "Bm", "Bm", "Bm", "Bm", "Bm", "Bm", "Bm", "Bm", "Bm", "Bm", "Bm", "Bm", "Am", "Am", "Am"]
