
metadata:
    version:
        essentia: "1.2.2"
    audio_properties:
        analysis_sample_rate: 44100
        bitrate: 128
        channels: 2
        equal_loudness: 1
        length: 10.0571432114
        replay_gain: -8.77366447449
        downmix: "mix"
    tags:
        track: 2
        year: 0
        album: "Splitted by Mp3Splt v. 2.1"
        artist: "From 000.10 To 000.20"
        comment: "http://mp3splt.sf.net"
        genre: ""
        title: "26 Alarms.mp3"

highlevel:
    ballroom:
        all:
            ChaChaCha: 0.0478989332914
            Jive: 0.0557729899883
            Quickstep: 0.00132493465208
            Rumba-American: 0.000109023465484
            Rumba-International: 0.000122755751363
            Rumba-Misc: 0.000734813627787
            Samba: 0.893903791904
            Tango: 4.38220631622e-05
            VienneseWaltz: 4.6425164328e-05
            Waltz: 4.25220932811e-05
        probability: 0.893903791904
        value: "Samba"
    culture:
        all:
            non_western: 0.723745286465
            western: 0.276254713535
        probability: 0.723745286465
        value: "non_western"
    gender:
        all:
            female: 0.614626348019
            male: 0.385373651981
        probability: 0.614626348019
        value: "female"
    genre_dortmund:
        all:
            alternative: 0.00337691744789
            blues: 0.00104143156204
            electronic: 0.395067304373
            folkcountry: 0.00125944020692
            funksoulrnb: 0.00153179105837
            jazz: 0.04683367908
            pop: 0.00603705924004
            raphiphop: 0.531087696552
            rock: 0.0137647166848
        probability: 0.531087696552
        value: "raphiphop"
    genre_electronica:
        all:
            ambient: 0.0190059710294
            dnb: 0.222951322794
            house: 0.0404003933072
            techno: 0.194665461779
            trance: 0.522976875305
        probability: 0.522976875305
        value: "trance"
    genre_rosamerica:
        all:
            cla: 0.00181818078272
            dan: 0.570275604725
            hip: 0.39123621583
            jaz: 0.00407427735627
            pop: 0.00262439670041
            rhy: 0.0189136192203
            roc: 0.00932562537491
            spe: 0.00173209432978
        probability: 0.570275604725
        value: "dan"
    genre_tzanetakis:
        all:
            blu: 0.00319813424721
            cla: 0.00395213998854
            cou: 0.00394971342757
            dis: 0.0808628723025
            hip: 0.302462458611
            jaz: 0.0280493553728
            met: 0.0259305480868
            pop: 0.423844069242
            reg: 0.116941057146
            roc: 0.010809677653
        probability: 0.423844069242
        value: "pop"
    live_studio:
        all:
            live: 0.19978491962
            studio: 0.800215065479
        probability: 0.800215065479
        value: "studio"
    mood:
        all:
            Cluster1: 0.263901352882
            Cluster2: 0.364737808704
            Cluster3: 0.0206160228699
            Cluster4: 0.043855689466
            Cluster5: 0.306889116764
        probability: 0.364737808704
        value: "Cluster2"
    mood_acoustic:
        all:
            acoustic: 0.011307307519
            not_acoustic: 0.988692700863
        probability: 0.988692700863
        value: "not_acoustic"
    mood_aggressive:
        all:
            aggressive: 0.88403236866
            not_aggressive: 0.115967638791
        probability: 0.88403236866
        value: "aggressive"
    mood_electronic:
        all:
            electronic: 0.982579350471
            not_electronic: 0.0174206756055
        probability: 0.982579350471
        value: "electronic"
    mood_happy:
        all:
            happy: 0.200145334005
            not_happy: 0.799854695797
        probability: 0.799854695797
        value: "not_happy"
    mood_party:
        all:
            not_party: 0.0422464758158
            party: 0.957753539085
        probability: 0.957753539085
        value: "party"
    mood_relaxed:
        all:
            not_relaxed: 0.965709388256
            relaxed: 0.0342906080186
        probability: 0.965709388256
        value: "not_relaxed"
    mood_sad:
        all:
            not_sad: 0.99473631382
            sad: 0.00526371411979
        probability: 0.99473631382
        value: "not_sad"
    rhythm:
        all:
            fast: 0.916379213333
            medium: 0.0740696713328
            slow: 0.00955111254007
        probability: 0.916379213333
        value: "fast"
    speech_music:
        all:
            music: 0.999802470207
            speech: 0.00019752701337
        probability: 0.999802470207
        value: "music"
    timbre:
        all:
            bright: 0.900306284428
            dark: 0.0996937155724
        probability: 0.900306284428
        value: "bright"
    voice_instrumental:
        all:
            instrumental: 0.0402684286237
            voice: 0.959731578827
        probability: 0.959731578827
        value: "voice"

lowlevel:
    average_loudness: 0.979046165943
    barkbands_kurtosis:
        dmean: 2.31300878525
        dmean2: 3.79100346565
        dvar: 23.1023273468
        dvar2: 56.926776886
        max: 43.9576950073
        mean: 0.458842128515
        min: -1.93527281284
        var: 26.4222240448
    barkbands_skewness:
        dmean: 0.829110383987
        dmean2: 1.26547539234
        dvar: 0.55301886797
        dvar2: 1.29079890251
        max: 6.36540079117
        mean: 0.319290727377
        min: -2.36583304405
        var: 1.80150353909
    barkbands_spread:
        dmean: 14.2851629257
        dmean2: 23.8558807373
        dvar: 142.048080444
        dvar2: 319.207672119
        max: 79.2273330688
        mean: 49.4874839783
        min: 5.04841279984
        var: 292.747253418
    dissonance:
        dmean: 0.0181554872543
        dmean2: 0.0295584220439
        dvar: 0.000784334493801
        dvar2: 0.00131937942933
        max: 0.499735534191
        mean: 0.472697973251
        min: 0.0176764465868
        var: 0.00106976530515
    hfc:
        dmean: 5.242395401
        dmean2: 7.75433969498
        dvar: 66.9731063843
        dvar2: 154.576049805
        max: 61.3265457153
        mean: 6.61623811722
        min: 0.000477619789308
        var: 80.52684021
    pitch:
        dmean: 1348.37243652
        dmean2: 2563.77636719
        dvar: 2901061.75
        dvar2: 6207935
        max: 5512.5
        mean: 3162.8347168
        min: 107.823959351
        var: 3482875.75
    pitch_instantaneous_confidence:
        dmean: 0.104371726513
        dmean2: 0.169661685824
        dvar: 0.00743234716356
        dvar2: 0.017854269594
        max: 0.871946036816
        mean: 0.391899347305
        min: 0.150344252586
        var: 0.0136654414237
    pitch_salience:
        dmean: 0.0915051698685
        dmean2: 0.142285570502
        dvar: 0.00511366734281
        dvar2: 0.0126669341698
        max: 0.914339005947
        mean: 0.593113005161
        min: 0.193946793675
        var: 0.0140682365745
    silence_rate_20dB:
        dmean: 0
        dmean2: 0
        dvar: 0
        dvar2: 0
        max: 1
        mean: 1
        min: 1
        var: 0
    silence_rate_30dB:
        dmean: 0
        dmean2: 0
        dvar: 0
        dvar2: 0
        max: 1
        mean: 1
        min: 1
        var: 0
    silence_rate_60dB:
        dmean: 0.225806444883
        dmean2: 0.452655881643
        dvar: 0.174817338586
        dvar2: 0.321660876274
        max: 1
        mean: 0.733333349228
        min: 0
        var: 0.195555657148
    spectral_centroid:
        dmean: 640.446960449
        dmean2: 1006.09649658
        dvar: 308497.59375
        dvar2: 716962.8125
        max: 4820.66259766
        mean: 2145.484375
        min: 210.796600342
        var: 1226123
    spectral_complexity:
        dmean: 4.63279438019
        dmean2: 6.97222232819
        dvar: 41.6365242004
        dvar2: 77.7677764893
        max: 43
        mean: 6.73271894455
        min: 0
        var: 61.9239044189
    spectral_crest:
        dmean: 2.53576564789
        dmean2: 3.99708461761
        dvar: 4.84444522858
        dvar2: 11.0697374344
        max: 20.3509216309
        mean: 7.97867536545
        min: 2.27241683006
        var: 11.289888382
    spectral_decrease:
        dmean: 4.74085548596e-10
        dmean2: 7.26156190733e-10
        dvar: 5.31093948928e-19
        dvar2: 1.26016985516e-18
        max: -2.7283905319e-14
        mean: -6.45525521925e-10
        min: -4.71375205535e-09
        var: 5.74206137165e-19
    spectral_energy:
        dmean: 0.00223214039579
        dmean2: 0.0033683439251
        dvar: 1.10466071419e-05
        dvar2: 2.57768970187e-05
        max: 0.0213598161936
        mean: 0.00303647411056
        min: 1.46297409742e-07
        var: 1.2413355762e-05
    spectral_energyband_high:
        dmean: 0.000552903511561
        dmean2: 0.000833791622426
        dvar: 6.68658231007e-07
        dvar2: 1.55798329615e-06
        max: 0.00594750931486
        mean: 0.000759620743338
        min: 7.88035947608e-08
        var: 8.56197971189e-07
    spectral_energyband_low:
        dmean: 0.000407743442338
        dmean2: 0.000632965529803
        dvar: 4.90770787565e-07
        dvar2: 1.15263833322e-06
        max: 0.0051004672423
        mean: 0.000584284833167
        min: 1.4518346525e-08
        var: 5.91920752413e-07
    spectral_energyband_middle_high:
        dmean: 0.000788763689343
        dmean2: 0.00122718780767
        dvar: 2.48284368354e-06
        dvar2: 6.17807427261e-06
        max: 0.0137229925022
        mean: 0.000814164755866
        min: 3.53861544511e-08
        var: 2.31672856899e-06
    spectral_energyband_middle_low:
        dmean: 0.000938955461606
        dmean2: 0.00163956033066
        dvar: 3.63200501852e-06
        dvar2: 9.74752038019e-06
        max: 0.0153297865763
        mean: 0.000878399412613
        min: 1.48394700972e-08
        var: 2.57405031334e-06
    spectral_flatness_db:
        dmean: 0.0268519427627
        dmean2: 0.0433951877058
        dvar: 0.000603607506491
        dvar2: 0.00136478489731
        max: 0.282587766647
        mean: 0.147001445293
        min: 0.0705420225859
        var: 0.00115358503535
    spectral_flux:
        dmean: 0.0151550369337
        dmean2: 0.0223491322249
        dvar: 0.000323827494867
        dvar2: 0.000570645264816
        max: 0.126970991492
        mean: 0.0392749495804
        min: 0.00668253097683
        var: 0.000572560238652
    spectral_kurtosis:
        dmean: 0.667035400867
        dmean2: 1.15239489079
        dvar: 0.479969829321
        dvar2: 1.30673193932
        max: 4.21068668365
        mean: 0.392863929272
        min: -0.983645200729
        var: 0.622380435467
    spectral_rms:
        dmean: 0.000562612374779
        dmean2: 0.000790440652054
        dvar: 3.82072926186e-07
        dvar2: 8.10791959793e-07
        max: 0.00456495815888
        mean: 0.0015324964188
        min: 1.19469314086e-05
        var: 6.13865779542e-07
    spectral_rolloff:
        dmean: 887.38684082
        dmean2: 1457.32946777
        dvar: 1229112.375
        dvar2: 2375381.5
        max: 6696.82617188
        mean: 4162.40771484
        min: 129.19921875
        var: 3411379.5
    spectral_skewness:
        dmean: 0.2213152349
        dmean2: 0.38163036108
        dvar: 0.039221804589
        dvar2: 0.0947854593396
        max: 1.84367132187
        mean: 0.581156551838
        min: 0.0576857663691
        var: 0.10741597414
    spectral_spread:
        dmean: 1102436.5
        dmean2: 1781274.5
        dvar: 1.19639035085e+12
        dvar2: 2.85446504448e+12
        max: 16204647
        mean: 6891371.5
        min: 4069148.5
        var: 1.76965025792e+12
    spectral_strongpeak:
        dmean: 0.303948372602
        dmean2: 0.553950786591
        dvar: 0.295445352793
        dvar2: 0.80922472477
        max: 3.83938241005
        mean: 0.262025147676
        min: 0.00162756396458
        var: 0.225808650255
    zerocrossingrate:
        dmean: 0.0203183647245
        dmean2: 0.0212944876403
        dvar: 0.000249233242357
        dvar2: 0.000327140645823
        max: 0.23828125
        mean: 0.125483781099
        min: 0.01123046875
        var: 0.00231782766059
    barkbands:
        dmean: [2.81539428215e-07, 0.000179364680662, 0.000361364975106, 0.000449962069979, 0.000271169818006, 8.92515599844e-05, 0.000141732612974, 0.000110574386781, 3.78252625524e-05, 0.000119023170555, 1.62955166161e-05, 1.77717520273e-05, 1.56313217303e-05, 1.80919814738e-05, 2.55126269622e-05, 3.0080866054e-05, 4.80488124595e-05, 0.000177114008693, 0.000283246365143, 0.000245743896812, 0.000226440708502, 0.000173108594026, 3.97599615098e-05, 3.88917433156e-05, 3.16327077599e-06, 4.09755962494e-08, 2.49429393806e-10]
        dmean2: [3.56139707947e-07, 0.000269595300779, 0.000621178071015, 0.000838830426801, 0.000478103029309, 0.000151525266119, 0.000215880107135, 0.00020486995345, 6.81540186633e-05, 0.000197573128389, 2.69950123766e-05, 2.99292169075e-05, 2.57781321125e-05, 2.92062013614e-05, 4.38451243099e-05, 4.89294507133e-05, 7.54193242756e-05, 0.000297363352729, 0.000455019442597, 0.00037002004683, 0.000355492753442, 0.000278672552668, 6.08260343142e-05, 6.80319863022e-05, 5.24192864759e-06, 6.56151613043e-08, 4.34921765269e-10]
        dvar: [5.24818957823e-13, 6.43714912485e-08, 5.52545884602e-07, 1.35919901822e-06, 3.88357676684e-07, 3.82028559898e-08, 5.29871542199e-08, 1.82767365686e-07, 1.59290465263e-08, 7.76131940938e-08, 1.75823222648e-09, 3.19335557997e-09, 1.2195902066e-09, 1.63573987688e-09, 1.54581814016e-09, 1.84917403612e-09, 4.90688467636e-09, 1.31008789594e-07, 4.09647867627e-07, 1.87922708506e-07, 1.27406877937e-07, 5.93743472166e-08, 2.02000816074e-09, 2.01845540282e-09, 9.71099329422e-12, 2.4058615614e-15, 8.3460436468e-20]
        dvar2: [1.14623718503e-12, 1.35846974558e-07, 1.44800742419e-06, 3.86165447708e-06, 1.07527762339e-06, 9.11933355496e-08, 1.10011662002e-07, 5.26406324752e-07, 4.54747492995e-08, 2.10382509636e-07, 4.38622693721e-09, 8.88209239491e-09, 3.03367908572e-09, 3.56186857786e-09, 4.04682243271e-09, 4.42547953838e-09, 9.58428891806e-09, 3.32507823941e-07, 1.02918954781e-06, 3.7381064999e-07, 3.06852200538e-07, 1.48436299696e-07, 4.12065670474e-09, 4.94410379304e-09, 2.26460638436e-11, 4.96717696204e-15, 2.27360801871e-19]
        max: [9.83212703431e-06, 0.00152520881966, 0.00484746973962, 0.0091050080955, 0.00435999035835, 0.00153311330359, 0.00165629340336, 0.00374839641154, 0.00109141238499, 0.00269263377413, 0.000428632018156, 0.000763113144785, 0.000362432620022, 0.000442975695478, 0.000295709905913, 0.000338507263223, 0.000620757462457, 0.00289941066876, 0.00560238119215, 0.00312064611353, 0.00263588735834, 0.00161132612266, 0.00033270244603, 0.000203437608434, 2.17155538849e-05, 3.4900537571e-07, 2.16558260213e-09]
        mean: [4.49021513305e-07, 0.000278112478554, 0.000305729045067, 0.000308026530547, 0.000230748424656, 7.72715648054e-05, 0.000163910692208, 6.71752350172e-05, 2.7845693694e-05, 0.000118722455227, 1.44667064887e-05, 1.60124891408e-05, 1.57052018039e-05, 1.82114945346e-05, 2.25222229346e-05, 2.97762908303e-05, 4.77773719467e-05, 0.000143127355841, 0.000250758253969, 0.000280529435258, 0.000283604313154, 0.000231124155107, 5.84575900575e-05, 4.17538612965e-05, 4.59971352029e-06, 5.80007935014e-08, 2.34977620694e-10]
        min: [1.39216893569e-09, 7.53696483002e-09, 4.30141433583e-09, 3.55854323786e-09, 5.77268099988e-09, 2.79703016304e-09, 1.39061673288e-09, 4.99064234383e-10, 6.10781980548e-10, 2.03072536564e-09, 1.49970691421e-09, 5.06174380188e-10, 1.10064202197e-09, 2.66007854632e-10, 1.92919125119e-09, 1.79877557294e-09, 2.22182050535e-09, 6.97482249734e-09, 1.02198161045e-08, 5.92422004786e-08, 1.61026747492e-08, 4.02589206416e-09, 1.94783567053e-09, 3.87426624116e-09, 3.84000942155e-10, 1.52309651003e-10, 1.45816098454e-13]
        var: [5.89453236655e-13, 1.17371172337e-07, 4.18627848831e-07, 7.84351584571e-07, 2.65690317747e-07, 3.5080368832e-08, 7.53718367719e-08, 1.02564918336e-07, 9.46958866876e-09, 6.33324717114e-08, 1.40782230318e-09, 2.18234563754e-09, 1.09615561072e-09, 1.76454750811e-09, 1.45334866364e-09, 2.13969553187e-09, 6.56648513342e-09, 1.10089324323e-07, 3.59496539204e-07, 2.35248123204e-07, 1.41411817367e-07, 7.98640868993e-08, 4.26797219788e-09, 2.34211672279e-09, 2.42079585544e-11, 4.62336290061e-15, 8.84447101842e-20]
    mfcc:
        mean: [-737.840087891, 55.79870224, 9.00290679932, 64.0083007812, -15.7103729248, 12.5794343948, 3.8977432251, 7.46408891678, 2.7368247509, 1.11673307419, -3.79324746132, -1.44930326939, -3.10429811478]
        cov: [[4491.98486328, -668.491271973, -260.115509033, -485.054534912, -148.34034729, -424.809204102, -407.877227783, -200.17741394, -285.934753418, -93.3551025391, -20.6365184784, -61.8888473511, -107.115364075], [-668.491271973, 961.071716309, -114.671325684, 91.0738525391, -38.3431663513, 74.540725708, 139.412612915, 70.7174530029, 48.8135108948, 57.7929496765, 23.6244659424, -3.11928367615, 6.1368265152], [-260.115509033, -114.671325684, 515.660644531, -35.6139030457, 5.34991502762, -39.6995124817, -20.3320217133, -1.6180921793, -1.91299140453, -6.12611341476, -56.5911369324, 9.54694080353, -4.26939582825], [-485.054534912, 91.0738525391, -35.6139030457, 319.164733887, 59.6031723022, 112.771972656, 64.4527130127, -1.36878049374, 27.3954868317, -21.702999115, 39.295955658, -13.2501039505, -3.03120827675], [-148.34034729, -38.3431663513, 5.34991502762, 59.6031723022, 179.001266479, 62.2897071838, 31.4386386871, 19.1568584442, -13.9729862213, 16.333732605, -8.29292869568, 22.1738262177, -11.7732515335], [-424.809204102, 74.540725708, -39.6995124817, 112.771972656, 62.2897071838, 162.144805908, 82.9282989502, 22.2402610779, 39.4973831177, -4.77914953232, 18.738155365, -8.17585659027, 6.06963062286], [-407.877227783, 139.412612915, -20.3320217133, 64.4527130127, 31.4386386871, 82.9282989502, 115.406402588, 61.8080062866, 34.9121055603, 24.4562225342, 12.2274627686, 1.84849774837, -3.29911422729], [-200.17741394, 70.7174530029, -1.6180921793, -1.36878049374, 19.1568584442, 22.2402610779, 61.8080062866, 84.6572265625, 39.5384864807, 29.9266872406, 8.12273788452, 4.44197463989, -0.225917160511], [-285.934753418, 48.8135108948, -1.91299140453, 27.3954868317, -13.9729862213, 39.4973831177, 34.9121055603, 39.5384864807, 78.6160964966, 21.7008705139, 8.24244976044, -4.57055664062, 15.294344902], [-93.3551025391, 57.7929496765, -6.12611341476, -21.702999115, 16.333732605, -4.77914953232, 24.4562225342, 29.9266872406, 21.7008705139, 61.9080314636, 17.3994960785, 20.9812526703, 11.5845594406], [-20.6365184784, 23.6244659424, -56.5911369324, 39.295955658, -8.29292869568, 18.738155365, 12.2274627686, 8.12273788452, 8.24244976044, 17.3994960785, 56.2542915344, 18.021232605, 16.204202652], [-61.8888473511, -3.11928367615, 9.54694080353, -13.2501039505, 22.1738262177, -8.17585659027, 1.84849774837, 4.44197463989, -4.57055664062, 20.9812526703, 18.021232605, 53.1027145386, 20.7728900909], [-107.115364075, 6.1368265152, -4.26939582825, -3.03120827675, -11.7732515335, 6.06963062286, -3.29911422729, -0.225917160511, 15.294344902, 11.5845594406, 16.204202652, 20.7728900909, 42.6612701416]]
        icov: [[0.000554108060896, 0.000154172579641, 0.000315799203236, 0.000537461135536, 1.45103613249e-05, 0.000352720002411, 0.00117687194142, -0.000206824566703, 0.00107599480543, 7.97067332314e-06, -0.00097737996839, 0.000746676756535, 0.00110237463377], [0.000154172579641, 0.00148751668166, 0.000399426586227, -0.00040000048466, 0.00112687924411, -0.000188795223949, -0.00100345036481, -0.000326675100951, 0.0010267746402, -0.00167380238418, 0.000916667282581, 3.17917620123e-05, 0.000165940786246], [0.000315799203236, 0.000399426586227, 0.00256254686974, -0.000255304767052, 0.000660319929011, 0.000168870290508, 0.000989115214907, -0.00076467852341, 0.000710699008778, -0.000685324019287, 0.00297718052752, -0.00127656036057, 0.000626480963547], [0.000537461135536, -0.00040000048466, -0.000255304767052, 0.00684459414333, -0.00384093285538, 0.00135287072044, -0.00330399139784, 0.00475718826056, -0.00321422121488, 0.00568710360676, -0.00854599289596, 0.00370012177154, 0.00143738929182], [1.45103613249e-05, 0.00112687924411, 0.000660319929011, -0.00384093285538, 0.0135366218165, -0.00957611110061, 0.00679567316547, -0.00778376916423, 0.00892371870577, -0.00966733135283, 0.0107858134434, -0.00865373201668, 0.0047927997075], [0.000352720002411, -0.000188795223949, 0.000168870290508, 0.00135287072044, -0.00957611110061, 0.0214459784329, -0.0163376983255, 0.0108364000916, -0.0103777917102, 0.0114339226857, -0.0101359235123, 0.00772053515539, -0.0051679071039], [0.00117687194142, -0.00100345036481, 0.000989115214907, -0.00330399139784, 0.00679567316547, -0.0163376983255, 0.0362261161208, -0.0215284656733, 0.0104710804299, -0.010805176571, 0.00669490592554, -0.00511708715931, 0.00897967349738], [-0.000206824566703, -0.000326675100951, -0.00076467852341, 0.00475718826056, -0.00778376916423, 0.0108364000916, -0.0215284656733, 0.0332716666162, -0.0162770599127, 0.00370163237676, -0.00919885188341, 0.003779144492, 0.00109481066465], [0.00107599480543, 0.0010267746402, 0.000710699008778, -0.00321422121488, 0.00892371870577, -0.0103777917102, 0.0104710804299, -0.0162770599127, 0.031532920897, -0.0132038779557, 0.00763951707631, 0.00344551657327, -0.00523930881172], [7.97067332314e-06, -0.00167380238418, -0.000685324019287, 0.00568710360676, -0.00966733135283, 0.0114339226857, -0.010805176571, 0.00370163237676, -0.0132038779557, 0.0355181656778, -0.015074278228, -0.00159364030696, -0.00292384205386], [-0.00097737996839, 0.000916667282581, 0.00297718052752, -0.00854599289596, 0.0107858134434, -0.0101359235123, 0.00669490592554, -0.00919885188341, 0.00763951707631, -0.015074278228, 0.0404419489205, -0.0144432848319, -0.00498134689406], [0.000746676756535, 3.17917620123e-05, -0.00127656036057, 0.00370012177154, -0.00865373201668, 0.00772053515539, -0.00511708715931, 0.003779144492, 0.00344551657327, -0.00159364030696, -0.0144432848319, 0.0373584255576, -0.0153641970828], [0.00110237463377, 0.000165940786246, 0.000626480963547, 0.00143738929182, 0.0047927997075, -0.0051679071039, 0.00897967349738, 0.00109481066465, -0.00523930881172, -0.00292384205386, -0.00498134689406, -0.0153641970828, 0.0411530584097]]
    spectral_contrast:
        mean: [1.76032841637e-07, -6.4418983925e-08, 5.40939630866e-08, -9.16558775543e-08, -5.24630756615e-08, 1.83895437544e-07, 5.70982308545e-07, 2.91108267447e-06, 2.27761165661e-06, -2.79345272247e-06, 2.89769218398e-06, -4.57939449916e-06]
        var: [0.000281867804006, 0.000608541886322, 0.00107611669227, 0.002258596709, 0.00491857109591, 0.00701761059463, 0.0509322732687, 0.101859539747, 0.18774984777, 0.275528520346, 0.433735579252, 2.36715912819]

rhythm:
    beats_loudness:
        dmean: 0.00676062144339
        dmean2: 0.0134809333831
        dvar: 4.75201932204e-06
        dvar2: 1.63493332366e-05
        max: 0.0124804638326
        mean: 0.00620584050193
        min: 0.00164051400498
        var: 1.33832145366e-05
    beats_loudness_bass:
        dmean: 0.194963976741
        dmean2: 0.336726397276
        dvar: 0.0247493963689
        dvar2: 0.06756298244
        max: 0.915636599064
        mean: 0.523862361908
        min: 0.308653861284
        var: 0.0308388993144
    bpm: 139.87789917
    bpm_confidence: 0
    first_peak_bpm: 140
    first_peak_spread: 0
    first_peak_weight: 0.95454543829
    onset_rate: 6.16477251053
    second_peak_bpm: 123
    second_peak_spread: 0
    second_peak_weight: 0.0454545468092
    beats_position: [0.439317673445, 0.868320643902, 1.29732358456, 1.72632646561, 2.15532946587, 2.58433246613, 3.01333546638, 3.44233846664, 3.87134122849, 4.30034446716, 4.729347229, 5.15835046768, 5.58735322952, 6.07379579544, 6.50269174576, 6.93158721924, 7.36048316956, 7.7893781662, 8.21827411652, 8.64717006683, 9.07606601715, 9.50496101379, 9.93385601044]
    bpm_estimates: [139.933044434, 139.820266724, 140.05078125, 139.754714966, 139.841201782, 139.803619385, 139.811004639, 140.006500244, 139.881286621, 139.966995239, 139.764175415, 139.946548462, 139.938262939, 139.789825439, 139.860397339]
    bpm_intervals: [0.429002970457, 0.429002940655, 0.42900288105, 0.429003000259, 0.429003000259, 0.429003000259, 0.429003000259, 0.429002761841, 0.429003238678, 0.429002761841, 0.429003238678, 0.429002761841, 0.486442565918, 0.428895950317, 0.42889547348, 0.428895950317, 0.428894996643, 0.428895950317, 0.428895950317, 0.428895950317, 0.428894996643, 0.428894996643]
    onset_times: [0.0348299331963, 0.220589563251, 0.441179126501, 0.557278931141, 0.650158703327, 0.870748281479, 1.07972788811, 1.19582772255, 1.32353746891, 1.4164172411, 1.52090704441, 1.72988665104, 1.95047616959, 2.17106580734, 2.28716564178, 2.38004541397, 2.60063481331, 2.80961441994, 2.92571425438, 3.13469386101, 3.25079369545, 3.45977330208, 3.68036270142, 3.90095233917, 4.09832191467, 4.33052158356, 4.53950119019, 4.6439909935, 4.86458063126, 4.9806804657, 5.18966007233, 5.41024923325, 5.630838871, 5.73532867432, 5.8282084465, 6.04879808426, 6.26938772202, 6.37387752533, 6.5015873909, 6.60607719421, 6.6989569664, 6.91954660416, 7.12852621078, 7.36072540283, 7.46521520615, 7.55809545517, 7.77868461609, 7.99927425385, 8.103764534, 8.32435417175, 8.42884349823, 8.54494285583, 8.64943313599, 8.85841274261, 9.07900238037, 9.19510173798, 9.287981987, 9.50857162476, 9.71755123138, 9.83365058899, 9.9613609314, 10.0542402267]
    rubato_start: []
    rubato_stop: []
    perceptual_tempo: "unknown"

sfx:
    inharmonicity:
        dmean: 0.0653113275766
        dmean2: 0.116237193346
        dvar: 0.00385366403498
        dvar2: 0.010904260911
        max: 0.400663763285
        mean: 0.0720781832933
        min: 0
        var: 0.00466772355139
    oddtoevenharmonicenergyratio:
        dmean: 1.56330060959
        dmean2: 2.84386467934
        dvar: 9.02342033386
        dvar2: 26.080991745
        max: 32.857383728
        mean: 1.25456917286
        min: 0
        var: 6.03880310059
    pitch_after_max_to_before_max_energy_ratio: 14.322177887
    pitch_centroid: 209.653747559
    pitch_max_to_total: 0.0691244229674
    pitch_min_to_total: 0.98847925663
    tristimulus:
        dmean: [0.22598785162, 0.275860279799, 0.22079873085]
        dmean2: [0.395824432373, 0.495342105627, 0.381971538067]
        dvar: [0.0359499491751, 0.0484223626554, 0.0315262153745]
        dvar2: [0.0961543619633, 0.128184244037, 0.080353744328]
        max: [1, 0.950338840485, 0.780499398708]
        mean: [0.301801860332, 0.394941926003, 0.252157658339]
        min: [0.0194700434804, 0, 0]
        var: [0.0539585798979, 0.062271501869, 0.0493684262037]

tonal:
    chords_changes_rate: 0.100917428732
    chords_number_rate: 0.0275229364634
    chords_strength:
        dmean: 0.0110978651792
        dmean2: 0.013514989987
        dvar: 7.31169566279e-05
        dvar2: 0.0001406831434
        max: 0.530087053776
        mean: 0.389543443918
        min: 0.306703269482
        var: 0.0031147969421
    key_strength: 0.354480743408
    tuning_diatonic_strength: 0.498582214117
    tuning_equal_tempered_deviation: 0.192356288433
    tuning_frequency: 432.940917969
    tuning_nontempered_energy_ratio: 0.876911461353
    hpcp:
        dmean: [0.293425798416, 0.188651829958, 0.140992060304, 0.152819886804, 0.186057880521, 0.226080551744, 0.224332898855, 0.225858032703, 0.283581823111, 0.295860022306, 0.333873987198, 0.371248722076, 0.227037504315, 0.205655455589, 0.262958616018, 0.247280180454, 0.238178238273, 0.258157074451, 0.246663078666, 0.189460381866, 0.159889116883, 0.167715996504, 0.172114148736, 0.163063660264, 0.166746109724, 0.145102366805, 0.104914993048, 0.110320478678, 0.155172720551, 0.213171601295, 0.218678221107, 0.143302053213, 0.114836774766, 0.130995467305, 0.182558402419, 0.272673547268]
        dmean2: [0.498646914959, 0.318908423185, 0.245478719473, 0.262974411249, 0.321679055691, 0.387373477221, 0.390621244907, 0.39337810874, 0.486634194851, 0.493800848722, 0.593982934952, 0.681634843349, 0.408309787512, 0.367352694273, 0.464450597763, 0.428192764521, 0.417932718992, 0.44743809104, 0.439176946878, 0.327927023172, 0.285122901201, 0.30795648694, 0.313484638929, 0.293789237738, 0.293157428503, 0.251542568207, 0.192169964314, 0.202052459121, 0.283431142569, 0.3608058393, 0.375362336636, 0.228518292308, 0.198584109545, 0.229460030794, 0.306222498417, 0.459752351046]
        dvar: [0.0668906792998, 0.0334205627441, 0.0241860449314, 0.0291756615043, 0.0441510789096, 0.0522961840034, 0.0478706993163, 0.0453445501626, 0.067647241056, 0.0664617940784, 0.0790617987514, 0.0899366661906, 0.0467938482761, 0.048152897507, 0.0621569864452, 0.054795011878, 0.058280788362, 0.0640140473843, 0.0793061777949, 0.0533170513809, 0.0495327226818, 0.0623829625547, 0.059955984354, 0.0505678020418, 0.0510578863323, 0.0369430482388, 0.0211713891476, 0.0184779409319, 0.048845268786, 0.0545589923859, 0.0722979456186, 0.027627998963, 0.0154934423044, 0.0203021243215, 0.027523946017, 0.0573894828558]
        dvar2: [0.164338469505, 0.0771545320749, 0.0570929199457, 0.0741112232208, 0.114652395248, 0.134946137667, 0.131406828761, 0.124285258353, 0.18042011559, 0.161139860749, 0.215033903718, 0.266063094139, 0.130110606551, 0.123241610825, 0.173773944378, 0.153290733695, 0.148149833083, 0.179511964321, 0.220679298043, 0.138798296452, 0.133985742927, 0.158955514431, 0.151748105884, 0.137803867459, 0.137898981571, 0.106362685561, 0.0616600289941, 0.0576881617308, 0.139942333102, 0.135538205504, 0.144153594971, 0.0594998672605, 0.042667273432, 0.0580698698759, 0.0734416991472, 0.139273405075]
        max: [1, 1, 0.902376055717, 1, 0.971181869507, 1, 1, 1, 1, 1, 1, 1, 1, 1, 1, 1, 1, 1, 1, 1, 1, 1, 1, 1, 1, 1, 0.929410636425, 0.634474217892, 1, 1, 1, 1, 0.69208663702, 0.799726188183, 0.925872087479, 1]
        mean: [0.355602234602, 0.211525171995, 0.146610856056, 0.152537584305, 0.179485395551, 0.218026340008, 0.226481348276, 0.241949483752, 0.31001880765, 0.357615202665, 0.365852504969, 0.330136805773, 0.228582367301, 0.212529674172, 0.276664763689, 0.279181033373, 0.278610616922, 0.278129547834, 0.236676901579, 0.174232169986, 0.12721657753, 0.130608633161, 0.133135259151, 0.140666484833, 0.151310697198, 0.12510317564, 0.0920946523547, 0.0902258083224, 0.125605553389, 0.201611056924, 0.232704535127, 0.164216652513, 0.115038610995, 0.127917975187, 0.223851948977, 0.369330585003]
        min: [0.00542931072414, 0.00663145072758, 0.00391724146903, 0.0029214930255, 0.00343517120928, 0.00517900893465, 0.00457944581285, 0.00622746627778, 0.00507649080828, 0.00527994334698, 0.00318272481672, 0.0039421278052, 0.00271655572578, 0.00323679996654, 0.00457299500704, 0.00510412128642, 0.00775102060288, 0.00841673184186, 0.00525186490268, 0.00207526353188, 0.00280592963099, 0.00135955389123, 0.00209789047949, 0.00133579340763, 0.00143090670463, 0.00126289098989, 0.00115167151671, 0.000834650942124, 0.00123394478578, 0.00338117568754, 0.00441042752936, 0.00483164470643, 0.00385676976293, 0.00288905552588, 0.00220858654939, 0.00205200933851]
        var: [0.0935812518001, 0.041103631258, 0.0269229542464, 0.0299627948552, 0.0411597378552, 0.0533028170466, 0.0491149462759, 0.0478109717369, 0.0880792662501, 0.106342598796, 0.0931499302387, 0.09550973773, 0.0490609966218, 0.0485694222152, 0.0722124055028, 0.0689475983381, 0.0633729398251, 0.0705236718059, 0.0703901350498, 0.0519203431904, 0.0406289920211, 0.0499776080251, 0.0473733618855, 0.0463000275195, 0.0516270808876, 0.0333704538643, 0.0169368181378, 0.0137787992135, 0.035148601979, 0.061066813767, 0.0890580266714, 0.0374024249613, 0.0158231779933, 0.0192241948098, 0.0367978811264, 0.0926859527826]
    chords_histogram: [0, 0, 12.844037056, 0, 7.79816532135, 0, 0, 3.66972470284, 0, 1.83486235142, 0, 0, 0, 0, 0, 0, 0, 0, 0, 0, 0, 71.1009140015, 2.75229358673, 0]
    thpcp: [1, 0.962829113007, 0.572725832462, 0.396963745356, 0.413010984659, 0.485974907875, 0.590328395367, 0.613221228123, 0.655102729797, 0.839407324791, 0.968279421329, 0.990582764149, 0.893878877163, 0.618909955025, 0.575445652008, 0.749097883701, 0.755910933018, 0.754366517067, 0.75306391716, 0.640826702118, 0.471751272678, 0.344451785088, 0.353636115789, 0.360477209091, 0.380868762732, 0.409689038992, 0.338729530573, 0.249355614185, 0.244295522571, 0.340089768171, 0.545882403851, 0.630071103573, 0.444633245468, 0.311478704214, 0.346350878477, 0.606101870537]
    chords_key: "D"
    chords_scale: "minor"
    key_key: "C"
    key_scale: "major"
    chords_progression: ["Dm", "C#m", "C#m", "C#m", "C#m", "C#m", "C#m", "C#m", "C#m", "Dm", "Dm", "Dm", "Dm", "Dm", "Dm", "Dm", "Dm", "Dm", "Dm", "Dm", "Dm", "Dm", "Dm", "Dm", "Dm", "Dm", "Dm", "Dm", "Dm", "Dm", "Dm", "D", "Dm", "Dm", "Dm", "Dm", "Dm", "Dm", "Dm", "Dm", "Dm", "Dm", "Dm", "Dm", "Dm", "Dm", "Dm", "Dm", "Dm", "Dm", "Dm", "D", "D", "D", "Dm", "Dm", "Dm", "Dm", "Dm", "Dm", "Dm", "Dm", "Dm", "Dm", "Dm", "Dm", "Dm", "Dm", "F", "F", "F", "Dm", "Dm", "Dm", "Dm", "Dm", "Dm", "Dm", "Dm", "Dm", "Dm", "Dm", "Dm", "Dm", "Dm", "Dm", "Dm", "G", "G", "G", "G", "G", "G", "G", "G", "G", "G", "G", "Dm", "Dm", "Dm", "Dm", "Dm", "Dm", "Dm", "F", "G#m", "G#m", "G#m", "G#m", "G", "G", "G", "G", "G", "G", "Dm", "Dm", "Dm", "G", "G", "G", "G", "G", "G", "G", "G", "G", "G", "G", "Dm", "Dm", "Dm", "Dm", "Dm", "Dm", "Dm", "Dm", "Dm", "Dm", "Dm", "Dm", "Dm", "Dm", "Dm", "Dm", "Dm", "Dm", "Dm", "Dm", "Dm", "Dm", "Dm", "Dm", "Dm", "Dm", "Dm", "Dm", "Dm", "Dm", "Dm", "F", "F", "Dm", "Dm", "Dm", "Dm", "Dm", "Dm", "Dm", "Dm", "Dm", "Dm", "Dm", "Dm", "Dm", "Dm", "Dm", "Dm", "Dm", "D", "D", "D", "D", "D", "Dm", "Dm", "Dm", "Dm", "Dm", "Dm", "Dm", "Dm", "Dm", "Dm", "D", "D", "D", "D", "D", "D", "D", "D", "Dm", "Dm", "Dm", "Dm", "Dm", "Dm", "Dm", "Dm", "Dm", "Dm", "Dm", "Dm", "Dm", "Dm", "Dm"]
