
metadata:
    version:
        essentia: "1.2.2"
    audio_properties:
        analysis_sample_rate: 44100
        bitrate: 128
        channels: 2
        equal_loudness: 1
        length: 9.95265293121
        replay_gain: -4.87602233887
        downmix: "mix"
    tags:
        track: 13
        year: 0
        album: "Splitted by Mp3Splt v. 2.1"
        artist: "From 002.00 To 002.10"
        comment: "http://mp3splt.sf.net"
        genre: ""
        title: "03 Narcotic Influence (Edit).m"

highlevel:
    ballroom:
        all:
            ChaChaCha: 0.128309234977
            Jive: 0.689091444016
            Quickstep: 0.0319841168821
            Rumba-American: 0.000763378571719
            Rumba-International: 0.00255496660247
            Rumba-Misc: 0.00270588463172
            Samba: 0.0708676800132
            Tango: 0.00509497057647
            VienneseWaltz: 0.0638899803162
            Waltz: 0.0047383303754
        probability: 0.689091444016
        value: "Jive"
    culture:
        all:
            non_western: 0.493068426847
            western: 0.506931602955
        probability: 0.506931602955
        value: "western"
    gender:
        all:
            female: 0.3900180161
            male: 0.609982013702
        probability: 0.609982013702
        value: "male"
    genre_dortmund:
        all:
            alternative: 0.118279859424
            blues: 0.0228133294731
            electronic: 0.0915917828679
            folkcountry: 0.0436414368451
            funksoulrnb: 0.06272033602
            jazz: 0.0378031618893
            pop: 0.120383292437
            raphiphop: 0.0561506226659
            rock: 0.446616172791
        probability: 0.446616172791
        value: "rock"
    genre_electronica:
        all:
            ambient: 0.218363925815
            dnb: 0.11756080389
            house: 0.0378191694617
            techno: 0.0215307008475
            trance: 0.604725420475
        probability: 0.604725420475
        value: "trance"
    genre_rosamerica:
        all:
            cla: 0.0357536301017
            dan: 0.0342711955309
            hip: 0.00543507561088
            jaz: 0.00229693483561
            pop: 0.0212934315205
            rhy: 0.0113227432594
            roc: 0.888291180134
            spe: 0.00133583100978
        probability: 0.888291180134
        value: "roc"
    genre_tzanetakis:
        all:
            blu: 0.00988222565502
            cla: 0.0248801056296
            cou: 0.0572727248073
            dis: 0.148302093148
            hip: 0.0149097973481
            jaz: 0.015348690562
            met: 0.18134278059
            pop: 0.0585915148258
            reg: 0.00764192547649
            roc: 0.481828153133
        probability: 0.481828153133
        value: "roc"
    live_studio:
        all:
            live: 0.627776741982
            studio: 0.372223258018
        probability: 0.627776741982
        value: "live"
    mood:
        all:
            Cluster1: 0.327155053616
            Cluster2: 0.0997315570712
            Cluster3: 0.0297615453601
            Cluster4: 0.104199312627
            Cluster5: 0.439152538776
        probability: 0.439152538776
        value: "Cluster5"
    mood_acoustic:
        all:
            acoustic: 0.00468022562563
            not_acoustic: 0.995319783688
        probability: 0.995319783688
        value: "not_acoustic"
    mood_aggressive:
        all:
            aggressive: 0.864663422108
            not_aggressive: 0.135336607695
        probability: 0.864663422108
        value: "aggressive"
    mood_electronic:
        all:
            electronic: 0.642213225365
            not_electronic: 0.357786774635
        probability: 0.642213225365
        value: "electronic"
    mood_happy:
        all:
            happy: 0.704811036587
            not_happy: 0.295188963413
        probability: 0.704811036587
        value: "happy"
    mood_party:
        all:
            not_party: 0.46944975853
            party: 0.53055024147
        probability: 0.53055024147
        value: "party"
    mood_relaxed:
        all:
            not_relaxed: 0.946866929531
            relaxed: 0.0531330704689
        probability: 0.946866929531
        value: "not_relaxed"
    mood_sad:
        all:
            not_sad: 0.938408136368
            sad: 0.0615918822587
        probability: 0.938408136368
        value: "not_sad"
    rhythm:
        all:
            fast: 0.518973350525
            medium: 0.470614254475
            slow: 0.0104123968631
        probability: 0.518973350525
        value: "fast"
    speech_music:
        all:
            music: 0.999117612839
            speech: 0.000882371910848
        probability: 0.999117612839
        value: "music"
    timbre:
        all:
            bright: 0.0501098483801
            dark: 0.949890136719
        probability: 0.949890136719
        value: "dark"
    voice_instrumental:
        all:
            instrumental: 0.385239928961
            voice: 0.614760041237
        probability: 0.614760041237
        value: "voice"

lowlevel:
    average_loudness: 0.97552549839
    barkbands_kurtosis:
        dmean: 0.433505147696
        dmean2: 0.711032569408
        dvar: 0.225336462259
        dvar2: 0.579318761826
        max: 1.88847970963
        mean: -1.02825295925
        min: -1.87303566933
        var: 0.35132458806
    barkbands_skewness:
        dmean: 0.329684823751
        dmean2: 0.497183948755
        dvar: 0.0779188126326
        dvar2: 0.197279438376
        max: 1.26878702641
        mean: -0.284020245075
        min: -1.71836960316
        var: 0.290914207697
    barkbands_spread:
        dmean: 3.79934382439
        dmean2: 6.02117776871
        dvar: 9.72067642212
        dvar2: 24.7169322968
        max: 65.125793457
        mean: 30.5350074768
        min: 15.3067264557
        var: 38.8871955872
    dissonance:
        dmean: 0.014830195345
        dmean2: 0.0240134634078
        dvar: 0.000208338256925
        dvar2: 0.000445814715931
        max: 0.499479413033
        mean: 0.465746462345
        min: 0.301725268364
        var: 0.000488361110911
    hfc:
        dmean: 2.89845347404
        dmean2: 4.78945970535
        dvar: 15.7739124298
        dvar2: 41.612449646
        max: 38.4102287292
        mean: 10.107126236
        min: 0.0262213535607
        var: 38.3023719788
    pitch:
        dmean: 781.65826416
        dmean2: 1492.3215332
        dvar: 1514394.375
        dvar2: 3514578.5
        max: 4900
        mean: 1098.42858887
        min: 81.3653106689
        var: 1969296.125
    pitch_instantaneous_confidence:
        dmean: 0.0805710032582
        dmean2: 0.131543695927
        dvar: 0.0042152069509
        dvar2: 0.010300305672
        max: 0.698514580727
        mean: 0.393330425024
        min: 0.184689164162
        var: 0.0114465849474
    pitch_salience:
        dmean: 0.0473848544061
        dmean2: 0.0740119591355
        dvar: 0.00141798285767
        dvar2: 0.00343848997727
        max: 0.819255530834
        mean: 0.644302964211
        min: 0.34305357933
        var: 0.00658140331507
    silence_rate_20dB:
        dmean: 0
        dmean2: 0
        dvar: 0
        dvar2: 0
        max: 1
        mean: 1
        min: 1
        var: 0
    silence_rate_30dB:
        dmean: 0
        dmean2: 0
        dvar: 0
        dvar2: 0
        max: 1
        mean: 1
        min: 1
        var: 0
    silence_rate_60dB:
        dmean: 0.0652680620551
        dmean2: 0.128504678607
        dvar: 0.0610079467297
        dvar2: 0.135355934501
        max: 1
        mean: 0.225581392646
        min: 0
        var: 0.174695193768
    spectral_centroid:
        dmean: 221.085678101
        dmean2: 333.525909424
        dvar: 36388.5234375
        dvar2: 77721.0078125
        max: 3154.74633789
        mean: 1979.68225098
        min: 1041.2512207
        var: 185321.453125
    spectral_complexity:
        dmean: 3.95794391632
        dmean2: 6.43559741974
        dvar: 15.1244077682
        dvar2: 40.7236633301
        max: 44
        mean: 20.0489501953
        min: 0
        var: 58.1910057068
    spectral_crest:
        dmean: 1.52990710735
        dmean2: 2.32555413246
        dvar: 1.89296627045
        dvar2: 4.57093763351
        max: 15.4901399612
        mean: 5.93354701996
        min: 2.51077222824
        var: 5.39852333069
    spectral_decrease:
        dmean: 2.62647847915e-10
        dmean2: 4.08488576298e-10
        dvar: 1.33559980898e-19
        dvar2: 3.3424928742e-19
        max: -2.8136033e-12
        mean: -1.08569497836e-09
        min: -5.00010788329e-09
        var: 3.09061508521e-19
    spectral_energy:
        dmean: 0.00122547917999
        dmean2: 0.001935415552
        dvar: 2.89770900963e-06
        dvar2: 7.38088920116e-06
        max: 0.0221218299121
        mean: 0.00501440744847
        min: 1.29975305754e-05
        var: 6.73194563205e-06
    spectral_energyband_high:
        dmean: 0.000206050477573
        dmean2: 0.000324097607518
        dvar: 1.07619193557e-07
        dvar2: 2.31244854376e-07
        max: 0.00404625991359
        mean: 0.000542505818885
        min: 2.68766643785e-06
        var: 3.84384264862e-07
    spectral_energyband_low:
        dmean: 0.000113949419756
        dmean2: 0.000188832680578
        dvar: 2.08248195577e-07
        dvar2: 5.78806123031e-07
        max: 0.00719124171883
        mean: 0.000151569402078
        min: 1.29023580708e-09
        var: 1.58574792408e-07
    spectral_energyband_middle_high:
        dmean: 0.000893808610272
        dmean2: 0.00146857032087
        dvar: 1.41825307765e-06
        dvar2: 4.0607160372e-06
        max: 0.0109773976728
        mean: 0.00276118773036
        min: 4.81762026538e-06
        var: 2.25338521886e-06
    spectral_energyband_middle_low:
        dmean: 0.000464448239654
        dmean2: 0.000686329149175
        dvar: 5.0616927183e-07
        dvar2: 1.04660443867e-06
        max: 0.0108937751502
        mean: 0.00155914213974
        min: 5.43162423128e-06
        var: 1.0355579434e-06
    spectral_flatness_db:
        dmean: 0.012737696059
        dmean2: 0.0196704380214
        dvar: 0.000102219077235
        dvar2: 0.000249356147833
        max: 0.296156257391
        mean: 0.152333527803
        min: 0.0820723250508
        var: 0.00130200432613
    spectral_flux:
        dmean: 0.00598471844569
        dmean2: 0.0098497774452
        dvar: 6.69903747621e-05
        dvar2: 0.000148614897626
        max: 0.139982044697
        mean: 0.0422111861408
        min: 0.00360520882532
        var: 0.000222872986342
    spectral_kurtosis:
        dmean: 1.00821876526
        dmean2: 1.70029783249
        dvar: 0.769404470921
        dvar2: 1.96044301987
        max: 10.093547821
        mean: 3.09475111961
        min: 0.177470445633
        var: 2.40755629539
    spectral_rms:
        dmean: 0.000259592372458
        dmean2: 0.000398813688662
        dvar: 9.86294210747e-08
        dvar2: 2.39464981178e-07
        max: 0.00464567262679
        mean: 0.0021437201649
        min: 0.000112607805931
        var: 2.96567833402e-07
    spectral_rolloff:
        dmean: 295.326751709
        dmean2: 484.522247314
        dvar: 75058.8515625
        dvar2: 176174.953125
        max: 5361.76757812
        mean: 3541.28466797
        min: 1959.52148438
        var: 315228.59375
    spectral_skewness:
        dmean: 0.170098006725
        dmean2: 0.258859574795
        dvar: 0.0233495794237
        dvar2: 0.0418884530663
        max: 2.64173316956
        mean: 1.20895552635
        min: 0.301603078842
        var: 0.0963825434446
    spectral_spread:
        dmean: 344405.53125
        dmean2: 534896.625
        dvar: 310627434496
        dvar2: 372860354560
        max: 14580721
        mean: 4113742.25
        min: 2631166
        var: 937826648064
    spectral_strongpeak:
        dmean: 0.601158082485
        dmean2: 1.0437476635
        dvar: 0.74516928196
        dvar2: 1.862216115
        max: 6.40534067154
        mean: 0.78739875555
        min: 0.0030779321678
        var: 0.846626400948
    zerocrossingrate:
        dmean: 0.00708235986531
        dmean2: 0.00813725870103
        dvar: 4.54995206383e-05
        dvar2: 4.40259937022e-05
        max: 0.16259765625
        mean: 0.109167851508
        min: 0.0244140625
        var: 0.000357341574272
    barkbands:
        dmean: [8.12370117842e-08, 3.04719505948e-05, 9.30932219489e-05, 0.00010954906611, 0.000160892508575, 0.000186332792509, 0.000202936978894, 4.61140152765e-05, 0.000144116595038, 8.5136591224e-05, 0.000106547558971, 6.46303087706e-05, 8.19071719889e-05, 8.76015619724e-05, 0.000142191915074, 0.000163222604897, 0.000245612871367, 0.000327906833263, 0.000235681058257, 0.000284318637569, 0.000111085581011, 3.92318543163e-05, 3.27735688188e-06, 2.50502739618e-06, 1.32508409934e-06, 2.76456795234e-08, 4.91010732073e-10]
        dmean2: [1.36063349032e-07, 4.73282743769e-05, 0.00015815081133, 0.000177897280082, 0.000269507610938, 0.000243486429099, 0.000290755793685, 7.88077013567e-05, 0.000226002579439, 0.000134775807965, 0.000166735146195, 0.00011599190475, 0.000134303190862, 0.00014934023784, 0.000234265855397, 0.000283437955659, 0.000415513553889, 0.000582318636589, 0.000383890874218, 0.000469673308544, 0.00018011109205, 6.02189029451e-05, 5.76170077693e-06, 3.98848578698e-06, 2.14185047298e-06, 4.87579967512e-08, 7.00391300512e-10]
        dvar: [2.00527105093e-14, 3.70455643939e-09, 1.68032940451e-07, 1.62382747249e-07, 3.44018218357e-07, 4.90815352805e-08, 5.7984319568e-08, 3.74334874209e-09, 2.5247024027e-08, 1.13542837354e-08, 1.38364777413e-08, 1.2039646613e-08, 1.30904940221e-08, 2.16167475031e-08, 2.96254256682e-08, 7.60554144108e-08, 1.74186837398e-07, 2.19552660496e-07, 9.79511938226e-08, 1.66209957797e-07, 3.18987005699e-08, 8.49048564788e-09, 3.97248033079e-11, 4.84268736223e-11, 1.4241770957e-11, 1.08270216184e-14, 1.3824217937e-17]
        dvar2: [4.4236363433e-14, 9.07825548069e-09, 4.70567130151e-07, 4.64046479465e-07, 9.70276005319e-07, 7.21220274613e-08, 1.05752064883e-07, 1.05598587652e-08, 6.36338484128e-08, 3.14430934623e-08, 3.01813329884e-08, 3.74330006991e-08, 3.46765318682e-08, 5.14477385138e-08, 7.8869739184e-08, 2.13021223772e-07, 4.82243251554e-07, 6.36520383068e-07, 2.37179179408e-07, 3.74042031126e-07, 7.05812794877e-08, 1.90203657269e-08, 8.48222880823e-11, 1.15249879085e-10, 3.40142497501e-11, 2.84073996558e-14, 1.03756556411e-17]
        max: [1.54429073973e-06, 0.000746461795643, 0.00644469261169, 0.00640862621367, 0.00913308467716, 0.00346538797021, 0.00286017404869, 0.000466258730739, 0.00135266548023, 0.00109774956945, 0.00128786975984, 0.000741982425097, 0.00142856803723, 0.00129165046383, 0.00179974746425, 0.0030913753435, 0.00458318926394, 0.00488369818777, 0.00277976132929, 0.00368107971735, 0.00192070857156, 0.00168398604728, 0.000122520272271, 0.00011429242295, 4.40894909843e-05, 1.11613667286e-06, 8.77632402307e-08]
        mean: [1.40837158824e-07, 4.59198781755e-05, 0.000105515573523, 0.000145166908624, 0.000215113977902, 0.000474406871945, 0.000367965287296, 6.83846374159e-05, 0.00026283619809, 0.000132506582304, 0.000192518622498, 7.80617701821e-05, 0.000124444268295, 0.000135718772071, 0.000240109628066, 0.000241546484176, 0.000371145026293, 0.000544225098565, 0.00040982538485, 0.000519427063409, 0.000243881411734, 7.69230755395e-05, 8.67605649546e-06, 6.99118345437e-06, 2.93178186439e-06, 2.96299091929e-08, 4.96409913175e-10]
        min: [3.19521644386e-12, 1.39159933576e-10, 7.92734433652e-10, 8.02825139701e-10, 3.50211792011e-07, 1.26256190924e-06, 2.85153532786e-06, 8.356289527e-08, 2.4604659643e-07, 5.5020899481e-07, 6.97086932178e-07, 1.60746964184e-07, 3.33402482511e-07, 9.72652003384e-08, 2.23131507937e-07, 1.50915170138e-07, 2.55570284935e-07, 1.25803353512e-06, 3.44551750686e-07, 1.48655124121e-06, 1.55100644861e-06, 3.86559065646e-07, 1.21598837666e-08, 2.66920907599e-09, 5.78936143469e-09, 2.56060034287e-11, 9.47458664259e-14]
        var: [2.96565479422e-14, 5.80177372811e-09, 1.20333297104e-07, 1.32218673343e-07, 2.6482595672e-07, 3.36116386279e-07, 1.31268109271e-07, 5.07077313472e-09, 5.16336307044e-08, 1.74408683051e-08, 3.4399224802e-08, 1.0684383156e-08, 1.62952407123e-08, 2.83154495406e-08, 5.19801020005e-08, 7.42273869037e-08, 1.88468447959e-07, 2.1007249984e-07, 1.8417735248e-07, 2.99172882023e-07, 7.87457210549e-08, 2.03779482177e-08, 1.91466578703e-10, 2.08315018013e-10, 3.21854175256e-11, 9.13902556198e-15, 1.83548946015e-17]
    mfcc:
        mean: [-687.970703125, 94.176399231, -62.5823936462, 43.4787063599, -27.3007240295, -14.5835266113, -11.9127540588, -12.0640935898, -5.20978450775, -10.1406469345, -6.69295835495, -5.75522899628, -4.92913770676]
        cov: [[1639.56542969, 208.440078735, 431.251739502, 326.9269104, 445.957946777, 328.485748291, 400.69619751, 232.172744751, 323.411315918, 253.041137695, 161.173431396, 102.063339233, 51.2913208008], [208.440078735, 599.386352539, 62.3857421875, 105.81174469, 199.274429321, 197.4322052, 198.12562561, 119.04119873, 162.180038452, 105.457946777, 114.5652771, 36.0495071411, 75.7251968384], [431.251739502, 62.3857421875, 361.120697021, 115.779205322, 158.000457764, 144.447509766, 209.397964478, 87.4031448364, 163.933959961, 99.4999847412, 66.8764343262, 39.3949584961, 43.3554077148], [326.9269104, 105.81174469, 115.779205322, 275.501251221, 170.289367676, 124.387466431, 121.746238708, 118.633544922, 111.548652649, 73.0228881836, 54.3331756592, 67.5149307251, 35.6956100464], [445.957946777, 199.274429321, 158.000457764, 170.289367676, 347.172088623, 177.964813232, 168.427978516, 158.608795166, 164.319595337, 110.168151855, 88.9157028198, 55.4813804626, 31.4811649323], [328.485748291, 197.4322052, 144.447509766, 124.387466431, 177.964813232, 211.774612427, 170.727401733, 99.4359588623, 141.535873413, 85.2228469849, 73.964881897, 42.4904670715, 36.5997619629], [400.69619751, 198.12562561, 209.397964478, 121.746238708, 168.427978516, 170.727401733, 260.336730957, 111.281486511, 173.264358521, 107.987495422, 83.2411575317, 34.3447570801, 51.9841499329], [232.172744751, 119.04119873, 87.4031448364, 118.633544922, 158.608795166, 99.4359588623, 111.281486511, 162.412734985, 124.395362854, 69.1693725586, 50.8144454956, 43.6739959717, 22.2036342621], [323.411315918, 162.180038452, 163.933959961, 111.548652649, 164.319595337, 141.535873413, 173.264358521, 124.395362854, 209.185455322, 104.107650757, 75.4278030396, 34.145324707, 38.2237281799], [253.041137695, 105.457946777, 99.4999847412, 73.0228881836, 110.168151855, 85.2228469849, 107.987495422, 69.1693725586, 104.107650757, 130.90184021, 61.914932251, 13.7468719482, 23.3860664368], [161.173431396, 114.5652771, 66.8764343262, 54.3331756592, 88.9157028198, 73.964881897, 83.2411575317, 50.8144454956, 75.4278030396, 61.914932251, 84.2378082275, 36.8029632568, 32.03383255], [102.063339233, 36.0495071411, 39.3949584961, 67.5149307251, 55.4813804626, 42.4904670715, 34.3447570801, 43.6739959717, 34.145324707, 13.7468719482, 36.8029632568, 80.7898483276, 27.3118915558], [51.2913208008, 75.7251968384, 43.3554077148, 35.6956100464, 31.4811649323, 36.5997619629, 51.9841499329, 22.2036342621, 38.2237281799, 23.3860664368, 32.03383255, 27.3118915558, 68.1067581177]]
        icov: [[0.00138522277121, 0.000381738849683, -0.000342207727954, -0.000407403393183, -0.000823311216664, -0.000269732932793, -0.00105436751619, 0.000426803104347, -3.77598298655e-05, -0.00103312695865, 4.28654766438e-06, -0.000552021549083, 0.000750149018131], [0.000381738849683, 0.00346678914502, 0.0016752575757, 0.000217217253521, -0.00074481376214, -0.00191464123782, -0.00171018205583, -0.000122659141198, -0.000400466669817, -9.09295486053e-05, -0.00200707418844, 0.000992340617813, -0.00180179043673], [-0.000342207727954, 0.0016752575757, 0.00671864813194, 5.27802221768e-05, -0.000745073368307, -0.000579660583753, -0.00420043990016, 0.00166148750577, -0.00224958895706, -0.000416211230913, 0.000539500790183, -0.000774681975599, -0.00112686678767], [-0.000407403393183, 0.000217217253521, 5.27802221768e-05, 0.00690290657803, -0.000963432074059, -0.00139236019459, -0.00017267887597, -0.00223407428712, 0.000413325498812, -0.000920131511521, 0.00184957019519, -0.00321424659342, -0.00102949317079], [-0.000823311216664, -0.00074481376214, -0.000745073368307, -0.000963432074059, 0.00794104859233, -0.00251682032831, 0.00149401533417, -0.00410016113892, 0.0001849198743, -0.000278511055512, -0.00193809391931, 0.000504271651153, 0.00100687460508], [-0.000269732932793, -0.00191464123782, -0.000579660583753, -0.00139236019459, -0.00251682032831, 0.0144200110808, -0.00411360710859, 0.00142478384078, -0.00219826283865, 0.00062089500716, -0.000677124364302, -0.00161305663642, 0.00150611472782], [-0.00105436751619, -0.00171018205583, -0.00420043990016, -0.00017267887597, 0.00149401533417, -0.00411360710859, 0.0157072879374, -0.00188270118088, -0.00309332762845, -0.000368517561583, -0.00167637749109, 0.00287924450822, -0.00289874593727], [0.000426803104347, -0.000122659141198, 0.00166148750577, -0.00223407428712, -0.00410016113892, 0.00142478384078, -0.00188270118088, 0.0164496395737, -0.00657430943102, -0.0011124300072, 0.00232837279327, -0.00414475752041, 0.00177065632306], [-3.77598298655e-05, -0.000400466669817, -0.00224958895706, 0.000413325498812, 0.0001849198743, -0.00219826283865, -0.00309332762845, -0.00657430943102, 0.0167196150869, -0.00311862933449, -0.00224113720469, 0.00156271236483, -0.000595973979216], [-0.00103312695865, -9.09295486053e-05, -0.000416211230913, -0.000920131511521, -0.000278511055512, 0.00062089500716, -0.000368517561583, -0.0011124300072, -0.00311862933449, 0.017078505829, -0.00807890947908, 0.00513709895313, -0.000308821385261], [4.28654766438e-06, -0.00200707418844, 0.000539500790183, 0.00184957019519, -0.00193809391931, -0.000677124364302, -0.00167637749109, 0.00232837279327, -0.00224113720469, -0.00807890947908, 0.0292451791465, -0.00971985515207, -0.00312996539287], [-0.000552021549083, 0.000992340617813, -0.000774681975599, -0.00321424659342, 0.000504271651153, -0.00161305663642, 0.00287924450822, -0.00414475752041, 0.00156271236483, 0.00513709895313, -0.00971985515207, 0.0220069605857, -0.00561692938209], [0.000750149018131, -0.00180179043673, -0.00112686678767, -0.00102949317079, 0.00100687460508, 0.00150611472782, -0.00289874593727, 0.00177065632306, -0.000595973979216, -0.000308821385261, -0.00312996539287, -0.00561692938209, 0.0219038166106]]
    spectral_contrast:
        mean: [4.80354060528e-07, -3.46478046254e-08, 1.86247149259e-07, -1.59084656559e-08, 1.68219870034e-07, -7.71803740918e-08, -5.07473089328e-07, -4.51550334901e-07, 8.49470382036e-07, -1.04592947991e-06, 1.46607976603e-06, -1.59584840276e-06]
        var: [0.000483494222863, 0.000624851323664, 0.000912411662284, 0.00160217902157, 0.00261903228238, 0.00334536610171, 0.0880103334785, 0.112529598176, 0.182909503579, 0.226825088263, 0.547138214111, 3.32836437225]

rhythm:
    beats_loudness:
        dmean: 0.00381299038418
        dmean2: 0.00713856238872
        dvar: 2.84644993371e-05
        dvar2: 8.70666190167e-05
        max: 0.0209753885865
        mean: 0.00595247978345
        min: 0.00178887520451
        var: 1.78993941518e-05
    beats_loudness_bass:
        dmean: 0.10008199513
        dmean2: 0.206639871001
        dvar: 0.0201267898083
        dvar2: 0.0560937225819
        max: 0.474723190069
        mean: 0.068818770349
        min: 1.84822238225e-06
        var: 0.0130126075819
    bpm: 100.41885376
    bpm_confidence: 0
    first_peak_bpm: 101
    first_peak_spread: 0
    first_peak_weight: 0.933333396912
    onset_rate: 2.81332039833
    second_peak_bpm: 79
    second_peak_spread: 0
    second_peak_weight: 0.0666666701436
    beats_position: [0.234237015247, 0.831015348434, 1.42779374123, 2.0245718956, 2.62135028839, 3.21812844276, 3.81490683556, 4.41168498993, 5.00846338272, 5.60524129868, 6.36271619797, 6.96094322205, 7.55917072296, 8.15739822388, 8.75562477112, 9.35385227203]
    bpm_estimates: [101.445755005, 100.431869507, 100.273239136, 100.191810608, 100.369239807, 100.444694519, 100.757591248, 100.415756226, 100.415039062, 100.099876404, 100.460327148, 100.126541138, 100.343688965, 100.199623108, 100.35018158, 100.376502991]
    bpm_intervals: [0.596778333187, 0.596778392792, 0.596778154373, 0.596778392792, 0.596778154373, 0.596778392792, 0.596778154373, 0.596778392792, 0.596777915955, 0.757474899292, 0.598227024078, 0.598227500916, 0.598227500916, 0.598226547241, 0.598227500916]
    onset_times: [0.0464399084449, 1.35836732388, 2.76317453384, 3.15791392326, 3.97061228752, 4.07510185242, 4.3073015213, 4.56272125244, 4.86458063126, 5.5727891922, 6.1648979187, 6.48997735977, 6.57124710083, 6.66412687302, 6.8963265419, 7.17496585846, 7.26784563065, 7.7670750618, 8.05732440948, 8.16181373596, 8.76553249359, 8.97451210022, 9.36925125122, 9.4040813446, 9.57823085785, 9.69433116913, 9.77560043335, 9.86848068237]
    rubato_start: []
    rubato_stop: []
    perceptual_tempo: "unknown"

sfx:
    inharmonicity:
        dmean: 0.0663485378027
        dmean2: 0.119494266808
        dvar: 0.00421653641388
        dvar2: 0.0120705962181
        max: 0.435532957315
        mean: 0.0753724053502
        min: 0
        var: 0.0044212648645
    oddtoevenharmonicenergyratio:
        dmean: 2.53604793549
        dmean2: 4.63451385498
        dvar: 58.0109138489
        dvar2: 167.022918701
        max: 66.6518249512
        mean: 2.12088179588
        min: 0
        var: 36.5645065308
    pitch_after_max_to_before_max_energy_ratio: 0.0300036482513
    pitch_centroid: 212.395172119
    pitch_max_to_total: 0.990675985813
    pitch_min_to_total: 0.487179487944
    tristimulus:
        dmean: [0.134239777923, 0.226275503635, 0.149454370141]
        dmean2: [0.228867709637, 0.392153680325, 0.265761107206]
        dvar: [0.0148208523169, 0.0456852056086, 0.0201721228659]
        dvar2: [0.0389957912266, 0.13158364594, 0.0540001615882]
        max: [1, 0.997700929642, 0.700672745705]
        mean: [0.228866830468, 0.541472971439, 0.168665751815]
        min: [0.000178409405635, 0, 0]
        var: [0.0223336480558, 0.0547450557351, 0.0244800467044]

tonal:
    chords_changes_rate: 0.0231481473893
    chords_number_rate: 0.00925925932825
    chords_strength:
        dmean: 0.0136064076796
        dmean2: 0.00693570077419
        dvar: 0.000106766681711
        dvar2: 8.70716976351e-05
        max: 0.673114657402
        mean: 0.54083520174
        min: 0.312364965677
        var: 0.00888903159648
    key_strength: 0.460290580988
    tuning_diatonic_strength: 0.295136898756
    tuning_equal_tempered_deviation: 0.0753295496106
    tuning_frequency: 432.191345215
    tuning_nontempered_energy_ratio: 0.680782854557
    hpcp:
        dmean: [0.113122850657, 0.103561997414, 0.127676203847, 0.141084551811, 0.137070044875, 0.136831909418, 0.174198165536, 0.171891093254, 0.0976463034749, 0.0868600383401, 0.0715955644846, 0.0517701022327, 0.0478599965572, 0.0488841310143, 0.091818548739, 0.121466718614, 0.084077835083, 0.0665631219745, 0.072377897799, 0.0983565896749, 0.155358031392, 0.18889400363, 0.169793456793, 0.141136229038, 0.159303367138, 0.140602394938, 0.0932881236076, 0.0981849059463, 0.0836556106806, 0.0926360040903, 0.141957610846, 0.130741387606, 0.109938040376, 0.0833175778389, 0.0612473189831, 0.0881046652794]
        dmean2: [0.18846604228, 0.17748375237, 0.219213664532, 0.242612048984, 0.225832358003, 0.229286715388, 0.280639201403, 0.275029867887, 0.160271853209, 0.145961776376, 0.120990850031, 0.0833858698606, 0.0763259977102, 0.0793629735708, 0.144057065248, 0.187747240067, 0.133741021156, 0.109973728657, 0.121299646795, 0.178610488772, 0.26775982976, 0.312606483698, 0.278221696615, 0.235191434622, 0.263228207827, 0.229937180877, 0.148715272546, 0.16030241549, 0.14123749733, 0.154878512025, 0.23438771069, 0.219134256244, 0.181906446815, 0.140164285898, 0.100751541555, 0.140929698944]
        dvar: [0.0229690615088, 0.0192138422281, 0.0190038643777, 0.0294666625559, 0.0192869082093, 0.0159912165254, 0.033148996532, 0.029488960281, 0.0128921018913, 0.0171914417297, 0.0114013720304, 0.00364187126979, 0.00327599304728, 0.00299540464766, 0.00940611679107, 0.0166967120022, 0.00994103681296, 0.00733028771356, 0.00669746287167, 0.017322935164, 0.0215637497604, 0.04132489115, 0.021352570504, 0.0180358998477, 0.0354890748858, 0.0240646079183, 0.0137715097517, 0.0139415217564, 0.00890428945422, 0.00939061958343, 0.0228004902601, 0.0189245287329, 0.0109157934785, 0.00600431254134, 0.00566517328843, 0.0136498566717]
        dvar2: [0.0661115944386, 0.0576859377325, 0.0567804351449, 0.0790753737092, 0.0485920086503, 0.0459975786507, 0.0768587291241, 0.083301320672, 0.0334480889142, 0.0505962409079, 0.0317404791713, 0.00898024439812, 0.00808455888182, 0.00710643734783, 0.0220893565565, 0.0406465679407, 0.025623075664, 0.0179186277092, 0.01943112351, 0.0535353943706, 0.0601286366582, 0.103689387441, 0.0618738159537, 0.0505889505148, 0.08548592031, 0.0657537281513, 0.0341586880386, 0.0338356010616, 0.0245357602835, 0.0242619886994, 0.060130815953, 0.0492145381868, 0.0287913158536, 0.014326363802, 0.0142630105838, 0.0342501886189]
        max: [1, 1, 0.929308056831, 1, 1, 1, 1, 1, 1, 1, 0.900069773197, 0.409575223923, 0.465046942234, 0.46777844429, 1, 1, 0.954045772552, 0.999895811081, 0.724540352821, 0.848199129105, 1, 1, 1, 0.866989552975, 1, 1, 1, 0.890426695347, 0.731680512428, 0.620952486992, 1, 1, 0.768539249897, 0.56737023592, 0.574068725109, 0.848818719387]
        mean: [0.176746577024, 0.153264224529, 0.296986579895, 0.487663149834, 0.3422768116, 0.280746996403, 0.506732821465, 0.433731108904, 0.197293117642, 0.14880412817, 0.12458100915, 0.0974711105227, 0.0972442999482, 0.105313777924, 0.191709443927, 0.252232193947, 0.173079565167, 0.121169313788, 0.124468907714, 0.143796414137, 0.313890635967, 0.534019112587, 0.408406943083, 0.265246093273, 0.383637875319, 0.28615501523, 0.135238543153, 0.163341999054, 0.156518295407, 0.187396392226, 0.27443253994, 0.246024057269, 0.205208554864, 0.166026994586, 0.102516420186, 0.138566672802]
        min: [0.00405781203881, 0.00384295638651, 0.00222930754535, 0.000867358525284, 0.00394531711936, 0.0128014804795, 0.00592147186399, 0.00839834380895, 0.0114539833739, 0.00743435975164, 0.00227535841987, 0.00305015826598, 0.000632662035059, 0.00348456948996, 0.0231326762587, 0.0194911640137, 0.0174526479095, 0.00774926645681, 0.00495509617031, 0.0019342796877, 0.0038629733026, 0.0038862619549, 0.00606094580144, 0.00519694434479, 0.000831586366985, 0.00180571852252, 0.0033900924027, 0.00147557305172, 0.000929458823521, 0.00120662956033, 0.00152342906222, 0.00795295927674, 0.014526925981, 0.0106899132952, 0.00584420468658, 0.00340649718419]
        var: [0.0300939437002, 0.023398546502, 0.0565463639796, 0.161292284727, 0.0764971077442, 0.0316695384681, 0.135782808065, 0.0964089035988, 0.0263540148735, 0.0236607417464, 0.0145703926682, 0.00778683507815, 0.0094206398353, 0.00716569507495, 0.0229428336024, 0.0464151389897, 0.0224931370467, 0.0115346945822, 0.0100297173485, 0.0211278647184, 0.0430302321911, 0.130975902081, 0.0747657641768, 0.0334187708795, 0.130253791809, 0.072299040854, 0.0209481623024, 0.0282653365284, 0.0218279585242, 0.0213340874761, 0.0492944307625, 0.0424851924181, 0.0203348118812, 0.0117289721966, 0.00832581613213, 0.0196663998067]
    chords_histogram: [60.1851844788, 0, 0, 0, 0, 0, 0, 0, 0, 0, 0, 0, 0, 0, 0, 0, 0, 0, 0, 39.8148155212, 0, 0, 0, 0]
    thpcp: [1, 0.764779627323, 0.496697753668, 0.718397259712, 0.535851657391, 0.253246635199, 0.305872946978, 0.293094933033, 0.350917011499, 0.513900220394, 0.460702717304, 0.384271919727, 0.310900837183, 0.191971451044, 0.259478867054, 0.330974251032, 0.287001371384, 0.55613476038, 0.913194179535, 0.640944898129, 0.525724649429, 0.948903918266, 0.812201499939, 0.369449555874, 0.278649449348, 0.233289420605, 0.18252363801, 0.182098910213, 0.197209760547, 0.358993589878, 0.472328037024, 0.324107438326, 0.226900711656, 0.233079493046, 0.2692720294, 0.58778911829]
    chords_key: "E"
    chords_scale: "minor"
    key_key: "E"
    key_scale: "minor"
    chords_progression: ["A#", "A#", "A#", "A#", "A#", "A#", "A#", "A#", "A#", "A#", "A#", "A#", "A#", "A#", "A#", "A#", "A#", "A#", "A#", "A#", "A#", "A#", "A#", "A#", "A#", "A#", "A#", "A#", "A#", "A#", "A#", "Em", "Em", "Em", "Em", "Em", "Em", "Em", "Em", "Em", "Em", "Em", "Em", "Em", "Em", "Em", "Em", "Em", "Em", "Em", "Em", "Em", "Em", "Em", "Em", "Em", "Em", "Em", "Em", "Em", "Em", "Em", "Em", "Em", "Em", "Em", "Em", "Em", "Em", "Em", "Em", "Em", "Em", "A#", "A#", "A#", "A#", "A#", "A#", "A#", "A#", "A#", "A#", "A#", "A#", "A#", "A#", "A#", "A#", "A#", "A#", "A#", "A#", "A#", "A#", "A#", "A#", "A#", "A#", "A#", "Em", "Em", "Em", "Em", "Em", "Em", "Em", "Em", "Em", "Em", "Em", "Em", "Em", "Em", "Em", "Em", "Em", "Em", "Em", "Em", "Em", "Em", "Em", "Em", "Em", "Em", "Em", "Em", "Em", "Em", "Em", "Em", "Em", "Em", "Em", "Em", "Em", "Em", "Em", "Em", "Em", "A#", "A#", "A#", "A#", "A#", "A#", "A#", "A#", "A#", "A#", "A#", "A#", "A#", "A#", "A#", "A#", "A#", "A#", "A#", "A#", "A#", "A#", "A#", "A#", "A#", "A#", "A#", "A#", "Em", "Em", "Em", "Em", "Em", "Em", "Em", "Em", "Em", "Em", "Em", "Em", "Em", "Em", "Em", "Em", "Em", "Em", "Em", "Em", "Em", "Em", "Em", "Em", "Em", "Em", "Em", "Em", "Em", "Em", "Em", "Em", "Em", "Em", "Em", "Em", "Em", "Em", "Em", "Em", "Em", "Em", "Em", "Em", "Em", "Em", "Em"]
