
metadata:
    version:
        essentia: "1.2.2"
    audio_properties:
        analysis_sample_rate: 44100
        bitrate: 128
        channels: 2
        equal_loudness: 1
        length: 10.0310201645
        replay_gain: -13.1789398193
        downmix: "mix"
    tags:
        track: 19
        year: 0
        album: "Splitted by Mp3Splt v. 2.1"
        artist: "From 003.00 To 003.10"
        comment: "http://mp3splt.sf.net"
        genre: ""
        title: "10 Run Wild.mp3"

highlevel:
    ballroom:
        all:
            ChaChaCha: 0.192574039102
            Jive: 0.396280318499
            Quickstep: 0.0418330430984
            Rumba-American: 0.00331890862435
            Rumba-International: 0.0350584946573
            Rumba-Misc: 0.00885174330324
            Samba: 0.298262923956
            Tango: 0.00319652049802
            VienneseWaltz: 0.0165782589465
            Waltz: 0.00404572952539
        probability: 0.396280318499
        value: "Jive"
    culture:
        all:
            non_western: 0.0277748219669
            western: 0.972225189209
        probability: 0.972225189209
        value: "western"
    gender:
        all:
            female: 0.563574075699
            male: 0.436425924301
        probability: 0.563574075699
        value: "female"
    genre_dortmund:
        all:
            alternative: 0.17249122262
            blues: 0.0361699946225
            electronic: 0.0923861414194
            folkcountry: 0.153518214822
            funksoulrnb: 0.00509016634896
            jazz: 0.0978655815125
            pop: 0.191946715117
            raphiphop: 0.00415231334046
            rock: 0.246379643679
        probability: 0.246379643679
        value: "rock"
    genre_electronica:
        all:
            ambient: 0.248832657933
            dnb: 0.310950368643
            house: 0.0200067330152
            techno: 0.0196688305587
            trance: 0.400541394949
        probability: 0.400541394949
        value: "trance"
    genre_rosamerica:
        all:
            cla: 0.0519458130002
            dan: 0.272241353989
            hip: 0.0372582525015
            jaz: 0.0322606824338
            pop: 0.246973931789
            rhy: 0.172452822328
            roc: 0.178427636623
            spe: 0.00843951571733
        probability: 0.272241353989
        value: "dan"
    genre_tzanetakis:
        all:
            blu: 0.0135344062001
            cla: 0.00636632973328
            cou: 0.281715929508
            dis: 0.10332531482
            hip: 0.0154030201957
            jaz: 0.055770277977
            met: 0.0730221793056
            pop: 0.0594384744763
            reg: 0.00685311155394
            roc: 0.38457095623
        probability: 0.38457095623
        value: "roc"
    live_studio:
        all:
            live: 1.32287436827e-06
            studio: 0.999998688698
        probability: 0.999998688698
        value: "studio"
    mood:
        all:
            Cluster1: 0.157712861896
            Cluster2: 0.195243701339
            Cluster3: 0.459708422422
            Cluster4: 0.0422232970595
            Cluster5: 0.145111709833
        probability: 0.459708422422
        value: "Cluster3"
    mood_acoustic:
        all:
            acoustic: 0.0268304087222
            not_acoustic: 0.973169565201
        probability: 0.973169565201
        value: "not_acoustic"
    mood_aggressive:
        all:
            aggressive: 0.114926360548
            not_aggressive: 0.885073661804
        probability: 0.885073661804
        value: "not_aggressive"
    mood_electronic:
        all:
            electronic: 0.364693641663
            not_electronic: 0.635306358337
        probability: 0.635306358337
        value: "not_electronic"
    mood_happy:
        all:
            happy: 0.374850481749
            not_happy: 0.625149488449
        probability: 0.625149488449
        value: "not_happy"
    mood_party:
        all:
            not_party: 0.715455412865
            party: 0.284544557333
        probability: 0.715455412865
        value: "not_party"
    mood_relaxed:
        all:
            not_relaxed: 0.688015699387
            relaxed: 0.311984330416
        probability: 0.688015699387
        value: "not_relaxed"
    mood_sad:
        all:
            not_sad: 0.538631677628
            sad: 0.461368352175
        probability: 0.538631677628
        value: "not_sad"
    rhythm:
        all:
            fast: 0.368246436119
            medium: 0.497961640358
            slow: 0.133791938424
        probability: 0.497961640358
        value: "medium"
    speech_music:
        all:
            music: 0.999998688698
            speech: 1.31162130401e-06
        probability: 0.999998688698
        value: "music"
    timbre:
        all:
            bright: 0.672077417374
            dark: 0.327922582626
        probability: 0.672077417374
        value: "bright"
    voice_instrumental:
        all:
            instrumental: 0.941532254219
            voice: 0.0584677644074
        probability: 0.941532254219
        value: "instrumental"

lowlevel:
    average_loudness: 0.974050939083
    barkbands_kurtosis:
        dmean: 0.864742934704
        dmean2: 1.31264555454
        dvar: 1.07196259499
        dvar2: 2.67284393311
        max: 8.44109725952
        mean: -0.307743549347
        min: -1.82962155342
        var: 2.35288858414
    barkbands_skewness:
        dmean: 0.400525331497
        dmean2: 0.606595277786
        dvar: 0.111703887582
        dvar2: 0.282559603453
        max: 3.10192418098
        mean: 0.841602385044
        min: -0.982475996017
        var: 0.41713103652
    barkbands_spread:
        dmean: 6.46385478973
        dmean2: 9.06319046021
        dvar: 29.407907486
        dvar2: 57.2680587769
        max: 61.2363624573
        mean: 37.5876197815
        min: 13.3970117569
        var: 109.700370789
    dissonance:
        dmean: 0.0162005182356
        dmean2: 0.0269676689059
        dvar: 0.000248109223321
        dvar2: 0.000645269290544
        max: 0.499996215105
        mean: 0.461761116982
        min: 0.351335138083
        var: 0.000484476709971
    hfc:
        dmean: 2.5554561615
        dmean2: 3.72814369202
        dvar: 23.875202179
        dvar2: 54.3704566956
        max: 44.2292671204
        mean: 6.19019794464
        min: 0.534010589123
        var: 40.108631134
    pitch:
        dmean: 675.535339355
        dmean2: 1318.34899902
        dvar: 1853004.625
        dvar2: 4463639.5
        max: 4900
        mean: 784.802612305
        min: 65.7228012085
        var: 1672890.25
    pitch_instantaneous_confidence:
        dmean: 0.0952161625028
        dmean2: 0.142802447081
        dvar: 0.00624420959502
        dvar2: 0.0137295061722
        max: 0.783953070641
        mean: 0.429408550262
        min: 0.145215749741
        var: 0.0175044499338
    pitch_salience:
        dmean: 0.0626826435328
        dmean2: 0.0991965979338
        dvar: 0.00322108273394
        dvar2: 0.00758446799591
        max: 0.794507682323
        mean: 0.561128258705
        min: 0.287490427494
        var: 0.00750038865954
    silence_rate_20dB:
        dmean: 0
        dmean2: 0
        dvar: 0
        dvar2: 0
        max: 1
        mean: 1
        min: 1
        var: 0
    silence_rate_30dB:
        dmean: 0
        dmean2: 0
        dvar: 0
        dvar2: 0
        max: 1
        mean: 1
        min: 1
        var: 0
    silence_rate_60dB:
        dmean: 0.171693742275
        dmean2: 0.344186037779
        dvar: 0.142215460539
        dvar2: 0.281535327435
        max: 1
        mean: 0.42824074626
        min: 0
        var: 0.244850829244
    spectral_centroid:
        dmean: 284.448760986
        dmean2: 432.331970215
        dvar: 62018.7617188
        dvar2: 143498.03125
        max: 2734.65820312
        mean: 1298.08447266
        min: 447.428222656
        var: 213866.171875
    spectral_complexity:
        dmean: 3.4452214241
        dmean2: 5.30841112137
        dvar: 26.6433105469
        dvar2: 48.5264129639
        max: 53
        mean: 10.9348840714
        min: 2
        var: 63.6189651489
    spectral_crest:
        dmean: 2.38157558441
        dmean2: 3.81052827835
        dvar: 3.65762519836
        dvar2: 8.91194438934
        max: 19.0116729736
        mean: 8.37898159027
        min: 2.99403142929
        var: 9.17707920074
    spectral_decrease:
        dmean: 3.17513321191e-10
        dmean2: 4.72333394619e-10
        dvar: 2.36424685132e-19
        dvar2: 5.41632074835e-19
        max: -1.54878332381e-10
        mean: -1.02174579908e-09
        min: -4.91735141495e-09
        var: 4.53191474705e-19
    spectral_energy:
        dmean: 0.0013834281126
        dmean2: 0.00205578282475
        dvar: 5.08206403538e-06
        dvar2: 1.15571565402e-05
        max: 0.0224936939776
        mean: 0.00441777380183
        min: 0.000633843010291
        var: 9.37834374781e-06
    spectral_energyband_high:
        dmean: 0.000228241231525
        dmean2: 0.000313361786539
        dvar: 9.84644827895e-08
        dvar2: 2.18438700017e-07
        max: 0.00265105441213
        mean: 0.000422096432885
        min: 2.67208979494e-05
        var: 1.79377209975e-07
    spectral_energyband_low:
        dmean: 0.000147441503941
        dmean2: 0.000246781564783
        dvar: 7.76918440692e-08
        dvar2: 2.19057241679e-07
        max: 0.00244486122392
        mean: 0.000253192236414
        min: 1.23641784739e-05
        var: 7.28025284502e-08
    spectral_energyband_middle_high:
        dmean: 0.000577681232244
        dmean2: 0.000879860774148
        dvar: 1.59603189331e-06
        dvar2: 3.63460685548e-06
        max: 0.0115888882428
        mean: 0.00126321462449
        min: 7.77675813879e-05
        var: 2.37899439526e-06
    spectral_energyband_middle_low:
        dmean: 0.000807025237009
        dmean2: 0.0011915336363
        dvar: 7.79788820182e-07
        dvar2: 1.81272503141e-06
        max: 0.00914680864662
        mean: 0.00247925939038
        min: 0.000373932358343
        var: 2.19847470362e-06
    spectral_flatness_db:
        dmean: 0.0153698511422
        dmean2: 0.023215841502
        dvar: 0.000164070210303
        dvar2: 0.000367007451132
        max: 0.195280358195
        mean: 0.132480189204
        min: 0.0825067609549
        var: 0.000422288867412
    spectral_flux:
        dmean: 0.00836893264204
        dmean2: 0.0124865137041
        dvar: 0.000114676695375
        dvar2: 0.000241337402258
        max: 0.115416802466
        mean: 0.0333441272378
        min: 0.0125576416031
        var: 0.000251450081123
    spectral_kurtosis:
        dmean: 0.77249288559
        dmean2: 1.09700548649
        dvar: 0.572708189487
        dvar2: 0.986109793186
        max: 7.48939704895
        mean: 1.98089444637
        min: 0.222446680069
        var: 1.34539484978
    spectral_rms:
        dmean: 0.000295281904982
        dmean2: 0.000427191116614
        dvar: 1.35117417699e-07
        dvar2: 2.87108576913e-07
        max: 0.00468455627561
        mean: 0.00198590778746
        min: 0.00078637356637
        var: 3.66193972923e-07
    spectral_rolloff:
        dmean: 702.664794922
        dmean2: 1058.94970703
        dvar: 504823.78125
        dvar2: 1080692.875
        max: 5211.03515625
        mean: 3002.82910156
        min: 258.3984375
        var: 1308172.625
    spectral_skewness:
        dmean: 0.176607057452
        dmean2: 0.23253184557
        dvar: 0.0227988921106
        dvar2: 0.0373179577291
        max: 2.4113008976
        mean: 1.16155266762
        min: 0.666879415512
        var: 0.0730392560363
    spectral_spread:
        dmean: 559755.625
        dmean2: 727284.5
        dvar: 293285429248
        dvar2: 529857970176
        max: 11637559
        mean: 6122275
        min: 3817358
        var: 1.03161639731e+12
    spectral_strongpeak:
        dmean: 0.310367286205
        dmean2: 0.554203629494
        dvar: 0.582240998745
        dvar2: 1.70221364498
        max: 5.32004356384
        mean: 0.423518508673
        min: 0.0346808619797
        var: 0.447461038828
    zerocrossingrate:
        dmean: 0.0108605585992
        dmean2: 0.0122652146965
        dvar: 6.73412141623e-05
        dvar2: 8.70812000358e-05
        max: 0.14306640625
        mean: 0.0867369174957
        min: 0.02490234375
        var: 0.000461277581053
    barkbands:
        dmean: [3.8192700913e-07, 6.4216183091e-05, 0.000105934072053, 0.000519376422744, 0.000251873163506, 0.00013259172556, 0.000160790179507, 8.55092293932e-05, 9.79716351139e-05, 7.45422948967e-05, 4.18578820245e-05, 3.00443280139e-05, 3.46275046468e-05, 4.94370906381e-05, 5.88877337577e-05, 4.93667976116e-05, 9.11738607101e-05, 0.000139724215842, 0.000206410957617, 0.000137196329888, 0.000115332397399, 5.75199483137e-05, 2.05878659472e-05, 2.55728969023e-06, 1.87539319541e-06, 1.23210568859e-07, 4.92333063207e-10]
        dmean2: [6.18616695647e-07, 0.000109745902591, 0.000182978212251, 0.000738660106435, 0.000428063387517, 0.000161384756211, 0.000231812286074, 0.000134677349706, 0.000134552596137, 0.000112295711006, 6.61424783175e-05, 4.92830622534e-05, 5.82391985517e-05, 7.90677295299e-05, 9.64705468505e-05, 7.93703875388e-05, 0.000155137604452, 0.000223641240154, 0.000324973429088, 0.000207172328373, 0.000167849095305, 8.59029605635e-05, 3.17196754622e-05, 3.67606344298e-06, 2.59552143689e-06, 1.78334900625e-07, 7.24400317509e-10]
        dvar: [2.56859719041e-13, 8.90355700278e-09, 5.36470388113e-08, 3.73904782691e-07, 8.68736691473e-08, 2.97097884072e-08, 9.32621233574e-08, 4.22860679805e-08, 2.36829436062e-08, 1.44841720839e-08, 5.28983035153e-09, 2.31958918739e-09, 3.42264350195e-09, 1.32933264396e-08, 2.48021052585e-08, 8.64024762848e-09, 4.97755223705e-08, 1.70604749883e-07, 1.23276493014e-07, 4.45235066593e-08, 2.72280811231e-08, 7.96878119047e-09, 8.6143764344e-10, 1.83101381279e-11, 7.13998435029e-12, 4.71990949471e-14, 1.32916037852e-17]
        dvar2: [5.45331032935e-13, 2.68058268915e-08, 1.54259367946e-07, 7.36641482035e-07, 2.49149991305e-07, 4.0580488303e-08, 2.01771300112e-07, 1.01249156614e-07, 5.17966611824e-08, 2.61889585573e-08, 1.37657982791e-08, 5.79435077697e-09, 9.02387320423e-09, 3.16615320628e-08, 6.04002323712e-08, 2.11832666963e-08, 1.28419557655e-07, 4.18460700757e-07, 3.1059300909e-07, 9.61071648931e-08, 6.58205294712e-08, 2.00593248678e-08, 2.01589744897e-09, 4.12707298891e-11, 1.48121809956e-11, 1.09851113394e-13, 1.3700946519e-17]
        max: [6.51513209959e-06, 0.000936206779443, 0.00168951856904, 0.00659889867529, 0.00234715570696, 0.00300329853781, 0.00443940376863, 0.00206670211628, 0.00167638016865, 0.00152691989206, 0.00115371809807, 0.000471480510896, 0.000632193579804, 0.00113188615069, 0.00143608439248, 0.00108888233081, 0.00188558315858, 0.00425353413448, 0.00374296260998, 0.00176904001273, 0.00155788857955, 0.000734918517992, 0.000201194008696, 3.72705580958e-05, 1.89245311049e-05, 1.70786529452e-06, 7.52073319177e-08]
        mean: [5.84346764754e-07, 0.000118348645628, 0.000134272748255, 0.000879805884324, 0.000565732247196, 0.000367701781215, 0.000336135970429, 0.000112107307359, 0.000186818331713, 0.000120588367281, 6.31124275969e-05, 4.31290791312e-05, 4.8750629503e-05, 6.15975950495e-05, 7.16360082151e-05, 7.42335469113e-05, 0.000121443859825, 0.000179257491254, 0.000346829096088, 0.000264005182544, 0.000198923851713, 8.76293343026e-05, 2.76231567113e-05, 4.32239312431e-06, 3.02380863104e-06, 1.62775450008e-07, 5.51437728813e-10]
        min: [8.11888223318e-10, 3.1764996038e-06, 3.92246784031e-06, 1.45196713675e-06, 5.54782163817e-05, 5.69589201405e-06, 4.27563372796e-06, 7.37283244234e-07, 1.07169717012e-06, 1.4289075807e-06, 1.05353501567e-06, 1.53996552399e-06, 1.99379314836e-06, 3.72762497136e-06, 1.59897740559e-06, 3.08253220282e-06, 4.13219095208e-06, 1.18807138278e-05, 1.49844090629e-05, 1.26471168187e-05, 8.80720926943e-06, 3.30889497491e-06, 7.61478702316e-07, 2.75187630905e-07, 1.00942308734e-07, 3.77677800145e-09, 3.4839722253e-12]
        var: [4.76361680136e-13, 1.45247778249e-08, 3.96520754009e-08, 9.76251499196e-07, 1.45590902889e-07, 2.73886797686e-07, 3.11652740947e-07, 5.07967357066e-08, 7.42663104347e-08, 2.98286479961e-08, 1.27377166592e-08, 2.88828760908e-09, 3.97902777394e-09, 1.34446711542e-08, 2.40576660815e-08, 1.05966169173e-08, 4.74511843152e-08, 1.69945252537e-07, 2.25259725539e-07, 9.31146857397e-08, 4.43476260159e-08, 9.52679624078e-09, 1.18721832365e-09, 2.53016115004e-11, 1.26392221342e-11, 5.94644234027e-14, 1.32407404493e-17]
    mfcc:
        mean: [-700.030212402, 98.9982223511, -19.3919429779, 59.8671226501, -19.0545959473, 2.54868865013, -3.70185208321, -4.2755689621, -4.39318466187, -6.84762907028, -2.64522647858, -9.90610122681, -4.88439083099]
        cov: [[1302.73571777, -398.541656494, -141.596755981, -54.3734169006, -8.71660995483, 3.86219382286, -77.553024292, -1.63292360306, -19.9477787018, 30.7403030396, 26.5365123749, -55.0701408386, -25.7422084808], [-398.541656494, 400.939331055, -48.0813941956, -23.5174236298, -31.9346218109, -76.3788223267, 14.4874172211, -5.57759332657, 12.9110374451, -0.651550889015, -25.5674743652, 6.28099727631, -4.47599697113], [-141.596755981, -48.0813941956, 189.639862061, 4.19762992859, 9.26745700836, 64.5779190063, -5.21203184128, 27.0133457184, 29.1835918427, -15.2753610611, -4.24279403687, 6.28817796707, 23.568769455], [-54.3734169006, -23.5174236298, 4.19762992859, 80.1892547607, 8.8580827713, 11.4412174225, 6.10943555832, -8.82534122467, -8.25756263733, 3.21289539337, 7.15667390823, 5.57090759277, -1.21109867096], [-8.71660995483, -31.9346218109, 9.26745700836, 8.8580827713, 93.7230758667, 20.2234992981, 18.2382659912, -1.93842053413, -8.27076244354, 4.10673046112, -0.770448386669, 22.5062828064, 8.38275051117], [3.86219382286, -76.3788223267, 64.5779190063, 11.4412174225, 20.2234992981, 105.894874573, 15.0814819336, 21.5547904968, 12.3652591705, -15.9753866196, 7.92538070679, 7.04832983017, 15.1546449661], [-77.553024292, 14.4874172211, -5.21203184128, 6.10943555832, 18.2382659912, 15.0814819336, 68.2100143433, 15.4283885956, -4.54090166092, 8.13357543945, -3.42460489273, 6.6916012764, -0.650799453259], [-1.63292360306, -5.57759332657, 27.0133457184, -8.82534122467, -1.93842053413, 21.5547904968, 15.4283885956, 58.0408554077, 32.2482337952, -2.09403848648, -1.58680546284, -5.34022808075, 4.66038942337], [-19.9477787018, 12.9110374451, 29.1835918427, -8.25756263733, -8.27076244354, 12.3652591705, -4.54090166092, 32.2482337952, 56.187953949, 8.49408817291, -7.87618303299, -8.34329605103, -2.03570771217], [30.7403030396, -0.651550889015, -15.2753610611, 3.21289539337, 4.10673046112, -15.9753866196, 8.13357543945, -2.09403848648, 8.49408817291, 42.9460792542, 10.2091360092, -6.83955574036, -11.2733621597], [26.5365123749, -25.5674743652, -4.24279403687, 7.15667390823, -0.770448386669, 7.92538070679, -3.42460489273, -1.58680546284, -7.87618303299, 10.2091360092, 45.3126335144, 14.974146843, 0.859050929546], [-55.0701408386, 6.28099727631, 6.28817796707, 5.57090759277, 22.5062828064, 7.04832983017, 6.6916012764, -5.34022808075, -8.34329605103, -6.83955574036, 14.974146843, 51.7215538025, 16.216173172], [-25.7422084808, -4.47599697113, 23.568769455, -1.21109867096, 8.38275051117, 15.1546449661, -0.650799453259, 4.66038942337, -2.03570771217, -11.2733621597, 0.859050929546, 16.216173172, 45.1296920776]]
        icov: [[0.00186832831241, 0.00198111357167, 0.0020223769825, 0.00154450919945, 0.000124916492496, -0.000542607682291, 0.00231343903579, -0.0013447040692, 0.000896954850759, -0.00160845310893, 0.000471903709695, 0.000730209518224, -5.40010187251e-05], [0.00198111357167, 0.00548306712881, 0.00241068843752, 0.0021064071916, 0.00114686822053, 0.002041319618, 0.000460093317088, -0.000264766305918, -0.00141548365355, -0.000356404838385, 0.00153484777547, -0.000540962850209, -0.000380837125704], [0.0020223769825, 0.00241068843752, 0.00978258624673, 0.0012731726747, 0.000156922091264, -0.00434778444469, 0.00397627428174, -0.00236020097509, -0.00169657322112, -0.00125903973822, 0.00188371504191, 6.75081682857e-05, -0.00240130745806], [0.00154450919945, 0.0021064071916, 0.0012731726747, 0.0147927505895, -0.000180382732651, -0.00183130940422, 0.000556610175408, 0.00145369383972, 0.00142990879249, -0.00232121511362, -0.000739838054869, -8.41701112222e-05, 0.000857341918163], [0.000124916492496, 0.00114686822053, 0.000156922091264, -0.000180382732651, 0.0142425866798, -0.0026902584359, -0.0013534927275, -0.000515416555572, 0.00298268860206, -0.00523693161085, 0.00536015862599, -0.00740795675665, -0.000224037750741], [-0.000542607682291, 0.002041319618, -0.00434778444469, -0.00183130940422, -0.0026902584359, 0.0179099980742, -0.00689002405852, 0.0011028801091, -0.00630319491029, 0.00987313035876, -0.00640210881829, 0.00246619503014, -0.00219565699808], [0.00231343903579, 0.000460093317088, 0.00397627428174, 0.000556610175408, -0.0013534927275, -0.00689002405852, 0.0256179980934, -0.0137184550986, 0.0125328265131, -0.0126839820296, 0.00817466340959, -0.00410459563136, 0.00237091002055], [-0.0013447040692, -0.000264766305918, -0.00236020097509, 0.00145369383972, -0.000515416555572, 0.0011028801091, -0.0137184550986, 0.0353808216751, -0.0228344574571, 0.0111199477687, -0.00803855247796, 0.00551612488925, -0.00372908939607], [0.000896954850759, -0.00141548365355, -0.00169657322112, 0.00142990879249, 0.00298268860206, -0.00630319491029, 0.0125328265131, -0.0228344574571, 0.0393379218876, -0.0175996050239, 0.0115769151598, -0.00380147108808, 0.00392068084329], [-0.00160845310893, -0.000356404838385, -0.00125903973822, -0.00232121511362, -0.00523693161085, 0.00987313035876, -0.0126839820296, 0.0111199477687, -0.0175996050239, 0.0408080033958, -0.0166984274983, 0.0090892361477, 0.00242032250389], [0.000471903709695, 0.00153484777547, 0.00188371504191, -0.000739838054869, 0.00536015862599, -0.00640210881829, 0.00817466340959, -0.00803855247796, 0.0115769151598, -0.0166984274983, 0.0349857658148, -0.0143959168345, 0.0023777813185], [0.000730209518224, -0.000540962850209, 6.75081682857e-05, -8.41701112222e-05, -0.00740795675665, 0.00246619503014, -0.00410459563136, 0.00551612488925, -0.00380147108808, 0.0090892361477, -0.0143959168345, 0.0316701754928, -0.00876242760569], [-5.40010187251e-05, -0.000380837125704, -0.00240130745806, 0.000857341918163, -0.000224037750741, -0.00219565699808, 0.00237091002055, -0.00372908939607, 0.00392068084329, 0.00242032250389, 0.0023777813185, -0.00876242760569, 0.0284498035908]]
    spectral_contrast:
        mean: [8.43361291913e-08, -1.73823778482e-07, 1.24442024685e-07, 5.10965776357e-07, 1.32048540991e-07, -3.13496173021e-07, 1.14804788609e-06, -1.70975226865e-06, 1.37326333061e-06, -2.23933261623e-06, 1.83797158115e-06, 1.45740284552e-06]
        var: [0.000549037999008, 0.000926573819015, 0.00126129598357, 0.00197145040147, 0.00246731378138, 0.00418506842107, 0.0293109118938, 0.0564145520329, 0.0789179801941, 0.11454950273, 0.184515103698, 0.954746067524]

rhythm:
    beats_loudness:
        dmean: 0.0100914444774
        dmean2: 0.0198111664504
        dvar: 5.40641485713e-06
        dvar2: 1.48429926412e-05
        max: 0.0202062483877
        mean: 0.0111604202539
        min: 0.0031372171361
        var: 3.14926728606e-05
    beats_loudness_bass:
        dmean: 0.236198991537
        dmean2: 0.479571968317
        dvar: 0.00284827710129
        dvar2: 0.00541644031182
        max: 0.435507953167
        mean: 0.236366063356
        min: 0.00974695105106
        var: 0.0195214040577
    bpm: 83.3531799316
    bpm_confidence: 0
    first_peak_bpm: 83
    first_peak_spread: 0.0769230723381
    first_peak_weight: 0.923076927662
    onset_rate: 4.78515625
    second_peak_bpm: 0
    second_peak_spread: 0
    second_peak_weight: 0
    beats_position: [0.476226061583, 1.19609439373, 1.91596257687, 2.63583087921, 3.35569906235, 4.07556724548, 4.79543542862, 5.51530361176, 6.25770521164, 6.97748994827, 7.69727468491, 8.4170589447, 9.13684368134, 9.85662841797]
    bpm_estimates: [83.3146362305, 83.4410171509, 83.3494491577, 83.3519744873, 83.3990325928, 83.3423538208, 83.2809906006, 83.318397522, 83.3395462036, 83.3075180054, 83.4159317017, 83.3960952759, 83.3366317749, 83.3067855835, 83.3068466187, 83.3204269409, 83.4763336182]
    bpm_intervals: [0.719868302345, 0.719868183136, 0.719868302345, 0.719868183136, 0.719868183136, 0.719868183136, 0.719868183136, 0.742401599884, 0.719784736633, 0.719784736633, 0.719784259796, 0.719784736633, 0.719784736633]
    onset_times: [0.0580498874187, 0.325079351664, 0.452789127827, 0.824308395386, 1.05650794506, 1.19582772255, 1.55573701859, 1.72988665104, 1.91564631462, 2.11301589012, 2.27555561066, 2.49614500999, 2.63546490669, 2.99537420273, 3.20435380936, 3.35528349876, 3.7151927948, 3.92417240143, 4.08671188354, 4.29569149017, 4.43501138687, 4.79492044449, 5.16644001007, 5.34058952332, 5.52634906769, 5.73532867432, 5.88625860214, 6.07201814651, 6.24616765976, 6.60607719421, 6.79183673859, 6.96598625183, 7.18657588959, 7.32589578629, 7.51165533066, 7.6858048439, 7.89478445053, 8.05732440948, 8.24308395386, 8.4172334671, 8.63782310486, 8.77714252472, 8.98612213135, 9.13705253601, 9.34603214264, 9.49696159363, 9.71755123138, 9.86848068237]
    rubato_start: []
    rubato_stop: []
    perceptual_tempo: "unknown"

sfx:
    inharmonicity:
        dmean: 0.0315642654896
        dmean2: 0.0570239163935
        dvar: 0.00217916560359
        dvar2: 0.00613765371963
        max: 0.383575648069
        mean: 0.032101675868
        min: 0
        var: 0.00170936586801
    oddtoevenharmonicenergyratio:
        dmean: 2.25008296967
        dmean2: 4.19321107864
        dvar: 75.9456176758
        dvar2: 221.510040283
        max: 113.990440369
        mean: 1.55025529861
        min: 0
        var: 41.7441635132
    pitch_after_max_to_before_max_energy_ratio: 0.651702642441
    pitch_centroid: 172.17829895
    pitch_max_to_total: 0.404651165009
    pitch_min_to_total: 0.855813980103
    tristimulus:
        dmean: [0.216622963548, 0.230474472046, 0.103163525462]
        dmean2: [0.372744470835, 0.395955711603, 0.179260790348]
        dvar: [0.0366795957088, 0.0424137786031, 0.0104484781623]
        dvar2: [0.100139737129, 0.125444754958, 0.0264278966933]
        max: [1, 0.948167979717, 0.579099953175]
        mean: [0.471590399742, 0.385471969843, 0.103290364146]
        min: [0.025728745386, 0, 0]
        var: [0.0580260716379, 0.0559906437993, 0.0130475880578]

tonal:
    chords_changes_rate: 0.0555555559695
    chords_number_rate: 0.0324074067175
    chords_strength:
        dmean: 0.00684780394658
        dmean2: 0.00587121071294
        dvar: 3.08647031488e-05
        dvar2: 2.18827008212e-05
        max: 0.645114421844
        mean: 0.537907719612
        min: 0.328608453274
        var: 0.00528047885746
    key_strength: 0.72509264946
    tuning_diatonic_strength: 0.469359010458
    tuning_equal_tempered_deviation: 0.0527276992798
    tuning_frequency: 440.254241943
    tuning_nontempered_energy_ratio: 0.694077372551
    hpcp:
        dmean: [0.118081614375, 0.124586485326, 0.10108025372, 0.0688487589359, 0.0483037009835, 0.0823793113232, 0.118669830263, 0.0921545177698, 0.104866616428, 0.116799011827, 0.0665626004338, 0.0376207493246, 0.0404723323882, 0.0378394462168, 0.0418103300035, 0.0642745420337, 0.0959554389119, 0.0758890807629, 0.0814617946744, 0.148176878691, 0.274272739887, 0.252933263779, 0.25775796175, 0.216691732407, 0.0967331975698, 0.0500579960644, 0.0520901605487, 0.0562093816698, 0.0511327199638, 0.0966156348586, 0.113574057817, 0.0899452865124, 0.112649947405, 0.0921251401305, 0.0896670073271, 0.0964850261807]
        dmean2: [0.1899215132, 0.209005087614, 0.170931741595, 0.116645589471, 0.0846233740449, 0.132343664765, 0.20276068151, 0.160307362676, 0.181234657764, 0.193912476301, 0.108289577067, 0.063763037324, 0.0687758848071, 0.0649182796478, 0.0675561353564, 0.115474894643, 0.178925797343, 0.125354349613, 0.144525960088, 0.267836838961, 0.486774563789, 0.436593025923, 0.423513650894, 0.395899385214, 0.180359333754, 0.0872989818454, 0.0864187330008, 0.0939352735877, 0.0886985585093, 0.160362124443, 0.185138508677, 0.151756763458, 0.187510713935, 0.153720229864, 0.155305534601, 0.156246885657]
        dvar: [0.0365703813732, 0.0336561836302, 0.0250930860639, 0.0115434722975, 0.00882291048765, 0.0106429317966, 0.0215524546802, 0.0125785218552, 0.0189494937658, 0.0312871560454, 0.00807118974626, 0.00462008407339, 0.00414704857394, 0.00292386417277, 0.00718308752403, 0.0178285930306, 0.0490427538753, 0.0214564241469, 0.0221933238208, 0.0486125200987, 0.0762637928128, 0.0548642240465, 0.0549525916576, 0.0687580034137, 0.0281226355582, 0.00867250096053, 0.00662630377337, 0.00882668606937, 0.00579487578943, 0.019025394693, 0.024838142097, 0.00865826848894, 0.0162339061499, 0.0211118161678, 0.0145584093407, 0.0208811946213]
        dvar2: [0.0776368156075, 0.0907980129123, 0.0730453655124, 0.0332481525838, 0.0244558993727, 0.0251517314464, 0.056073140353, 0.0351072214544, 0.0521713420749, 0.0787952467799, 0.0213720481843, 0.0136843984947, 0.0120370564982, 0.00783423613757, 0.0174278076738, 0.051030702889, 0.158267498016, 0.0560289621353, 0.0550309531391, 0.124998688698, 0.195146530867, 0.148146912456, 0.131147697568, 0.19003392756, 0.0779757574201, 0.0216572023928, 0.0167127139866, 0.0221586413682, 0.0158109515905, 0.0473873540759, 0.0590084344149, 0.0236659161747, 0.0401208512485, 0.0417634434998, 0.0408412627876, 0.0590658187866]
        max: [1, 1, 1, 0.750598549843, 0.851882040501, 1, 1, 0.777088940144, 1, 1, 0.605466663837, 0.678378760815, 0.579994320869, 0.493680298328, 1, 1, 1, 1, 1, 1, 1, 1, 1, 1, 0.857630908489, 0.680833518505, 0.708788096905, 1, 0.664669036865, 1, 1, 0.712453246117, 1, 1, 1, 1]
        mean: [0.226814076304, 0.180572107434, 0.109208770096, 0.0832158997655, 0.0564357601106, 0.1234126091, 0.188199266791, 0.135013461113, 0.15902222693, 0.205208092928, 0.110295467079, 0.0550749488175, 0.0597611404955, 0.0553293228149, 0.0614729486406, 0.0728573426604, 0.0782781019807, 0.0819960534573, 0.0844275653362, 0.121205553412, 0.363301545382, 0.585511863232, 0.438760995865, 0.185082778335, 0.0716211274266, 0.0469768457115, 0.0760355368257, 0.0944826751947, 0.0698342695832, 0.146820396185, 0.205089882016, 0.132383197546, 0.248298868537, 0.329780548811, 0.162460580468, 0.134394288063]
        min: [0.00284368987195, 0.00149740162306, 0.00250869919546, 0.00233154278249, 0.00296933762729, 0.00823431741446, 0.00453073671088, 0.00644348422065, 0.00534105394036, 0.00527053140104, 0.00491295428947, 0.00281379767694, 0.00230281753466, 0.004135530442, 0.00624668458477, 0.00433802977204, 0.00388243678026, 0.00282774097286, 0.00232052686624, 0.00298434821889, 0.00623505935073, 0.0155069315806, 0.00668292399496, 0.00113478663843, 0.00110294250771, 0.00223289988935, 0.00353590003215, 0.00309432949871, 0.00218089623377, 0.00119165785145, 0.00131859071553, 0.00530854333192, 0.00397944496945, 0.00569013832137, 0.0055990810506, 0.00223236181773]
        var: [0.0986543521285, 0.0600157678127, 0.030508318916, 0.0161249786615, 0.00632920814678, 0.0177113953978, 0.0415749065578, 0.0174095965922, 0.0371472649276, 0.0722863897681, 0.0167344417423, 0.00393762812018, 0.00512939086184, 0.00312086544, 0.00657253339887, 0.0144331203774, 0.0301944930106, 0.0262562129647, 0.0257292408496, 0.0394492298365, 0.0962332561612, 0.121128126979, 0.103723712265, 0.0624452084303, 0.0194751601666, 0.00643419986591, 0.0149213410914, 0.0298076234758, 0.00914348475635, 0.0393808782101, 0.0742149353027, 0.0163678657264, 0.0601718463004, 0.132205352187, 0.0343359224498, 0.0293866191059]
    chords_histogram: [11.5740737915, 24.0740737915, 18.0555553436, 0, 0, 0, 0, 5.09259271622, 0, 33.3333320618, 1.38888883591, 0, 0, 0, 0, 0, 0, 6.48148155212, 0, 0, 0, 0, 0, 0]
    thpcp: [1, 0.749363124371, 0.316104233265, 0.122322246432, 0.0802320986986, 0.129861652851, 0.1613676548, 0.119270458817, 0.250755637884, 0.350274503231, 0.226098239422, 0.424071460962, 0.563234627247, 0.277467608452, 0.229532986879, 0.387377411127, 0.308400422335, 0.186518460512, 0.142125040293, 0.0963870510459, 0.210777297616, 0.321426898241, 0.230590477586, 0.271595239639, 0.350476413965, 0.188374429941, 0.0940629094839, 0.102066487074, 0.0944973528385, 0.104990102351, 0.124433591962, 0.133691743016, 0.140041664243, 0.144194453955, 0.207007855177, 0.620485365391]
    chords_key: "E"
    chords_scale: "major"
    key_key: "A"
    key_scale: "minor"
    chords_progression: ["Em", "Em", "Em", "Em", "Em", "Em", "Em", "Em", "Em", "Em", "Em", "Em", "Em", "Em", "Em", "Em", "Em", "Em", "Em", "Em", "Em", "Em", "Em", "Em", "Em", "Em", "Em", "Em", "Em", "Em", "A", "A", "A", "A", "A", "A", "A", "A", "A", "A", "A", "E", "E", "E", "E", "E", "E", "E", "E", "E", "E", "E", "E", "E", "E", "E", "E", "E", "E", "E", "E", "E", "E", "E", "E", "E", "E", "E", "E", "E", "E", "E", "E", "E", "E", "E", "E", "E", "E", "E", "E", "E", "E", "E", "E", "E", "E", "E", "E", "E", "E", "E", "E", "E", "E", "E", "E", "G#m", "E", "G#m", "G#m", "E", "E", "E", "E", "E", "E", "G#", "G#", "G#", "G#", "G#", "G#", "G#", "G#", "G#", "G#", "G#", "G#", "G#", "G#", "C", "C", "C", "C", "C", "C", "C", "C", "C", "C", "C", "C", "C", "C", "C", "C", "C", "C", "C", "C", "C", "C", "C", "C", "C", "C", "C", "C", "C", "C", "C", "C", "C", "C", "C", "Am", "Am", "Am", "Am", "Am", "Am", "Am", "Am", "Am", "Am", "Am", "Am", "Am", "Am", "Am", "Am", "Am", "Am", "Am", "Am", "Am", "Am", "Am", "Am", "Am", "C", "C", "C", "C", "C", "C", "C", "C", "C", "C", "C", "C", "C", "C", "C", "C", "C", "Em", "Em", "Em", "Em", "Em", "Em", "Em", "Em", "Em", "E", "E", "E", "E", "E", "E", "E", "E", "E"]
