
metadata:
    version:
        essentia: "1.2.2"
    audio_properties:
        analysis_sample_rate: 44100
        bitrate: 128
        channels: 2
        equal_loudness: 1
        length: 10.0048980713
        replay_gain: -3.00079536438
        downmix: "mix"
    tags:
        track: 6
        year: 0
        album: "Splitted by Mp3Splt v. 2.1"
        artist: "From 000.50 To 001.00"
        comment: "http://mp3splt.sf.net"
        genre: ""
        title: "01 In the Shadow of a Gun.mp3"

highlevel:
    ballroom:
        all:
            ChaChaCha: 0.000277632701909
            Jive: 0.000210072365007
            Quickstep: 0.00140462769195
            Rumba-American: 0.00227553816512
            Rumba-International: 0.0303747244179
            Rumba-Misc: 0.018788119778
            Samba: 0.000266000075499
            Tango: 0.0205195117742
            VienneseWaltz: 0.181109592319
            Waltz: 0.744774162769
        probability: 0.744774162769
        value: "Waltz"
    culture:
        all:
            non_western: 0.0333019718528
            western: 0.966698050499
        probability: 0.966698050499
        value: "western"
    gender:
        all:
            female: 0.83890748024
            male: 0.161092504859
        probability: 0.83890748024
        value: "female"
    genre_dortmund:
        all:
            alternative: 0.158849686384
            blues: 0.00235951272771
            electronic: 0.227512896061
            folkcountry: 0.399959683418
            funksoulrnb: 0.00324153248221
            jazz: 0.104938179255
            pop: 0.0614362470806
            raphiphop: 0.000912096758839
            rock: 0.0407901667058
        probability: 0.399959683418
        value: "folkcountry"
    genre_electronica:
        all:
            ambient: 0.991036832333
            dnb: 0.00249122362584
            house: 0.000833413330838
            techno: 0.000557775900234
            trance: 0.00508073810488
        probability: 0.991036832333
        value: "ambient"
    genre_rosamerica:
        all:
            cla: 0.571786224842
            dan: 0.00913784839213
            hip: 0.0025156904012
            jaz: 0.231729894876
            pop: 0.0321257561445
            rhy: 0.0379407145083
            roc: 0.112949125469
            spe: 0.00181472010445
        probability: 0.571786224842
        value: "cla"
    genre_tzanetakis:
        all:
            blu: 0.00717391539365
            cla: 0.800128817558
            cou: 0.0138366064057
            dis: 0.00782329682261
            hip: 0.00324528804049
            jaz: 0.10489410907
            met: 0.00634900992736
            pop: 0.00899824965745
            reg: 0.0101022254676
            roc: 0.0374484732747
        probability: 0.800128817558
        value: "cla"
    live_studio:
        all:
            live: 0.113178260624
            studio: 0.886821746826
        probability: 0.886821746826
        value: "studio"
    mood:
        all:
            Cluster1: 0.0281633362174
            Cluster2: 0.0377656258643
            Cluster3: 0.901878833771
            Cluster4: 0.026389952749
            Cluster5: 0.00580223696306
        probability: 0.901878833771
        value: "Cluster3"
    mood_acoustic:
        all:
            acoustic: 0.607880175114
            not_acoustic: 0.392119854689
        probability: 0.607880175114
        value: "acoustic"
    mood_aggressive:
        all:
            aggressive: 0.00467488914728
            not_aggressive: 0.995325088501
        probability: 0.995325088501
        value: "not_aggressive"
    mood_electronic:
        all:
            electronic: 0.407105922699
            not_electronic: 0.592894077301
        probability: 0.592894077301
        value: "not_electronic"
    mood_happy:
        all:
            happy: 0.0608772076666
            not_happy: 0.939122796059
        probability: 0.939122796059
        value: "not_happy"
    mood_party:
        all:
            not_party: 0.992781758308
            party: 0.00721823936328
        probability: 0.992781758308
        value: "not_party"
    mood_relaxed:
        all:
            not_relaxed: 0.00492131197825
            relaxed: 0.995078682899
        probability: 0.995078682899
        value: "relaxed"
    mood_sad:
        all:
            not_sad: 0.0624219253659
            sad: 0.937578082085
        probability: 0.937578082085
        value: "sad"
    rhythm:
        all:
            fast: 0.0386308170855
            medium: 0.67852461338
            slow: 0.282844573259
        probability: 0.67852461338
        value: "medium"
    speech_music:
        all:
            music: 0.473628342152
            speech: 0.526371657848
        probability: 0.526371657848
        value: "speech"
    timbre:
        all:
            bright: 0.156000003219
            dark: 0.84399998188
        probability: 0.84399998188
        value: "dark"
    voice_instrumental:
        all:
            instrumental: 1
            voice: 2.06581352025e-09
        probability: 1
        value: "instrumental"

lowlevel:
    average_loudness: 0.964531302452
    barkbands_kurtosis:
        dmean: 1.62993717194
        dmean2: 2.64085435867
        dvar: 4.51365709305
        dvar2: 13.5673646927
        max: 21.9770851135
        mean: 4.41304636002
        min: -0.558545827866
        var: 17.5475673676
    barkbands_skewness:
        dmean: 0.330436319113
        dmean2: 0.478594481945
        dvar: 0.0921806693077
        dvar2: 0.218215331435
        max: 3.85896587372
        mean: 1.47766685486
        min: -2.28445768356
        var: 1.17897069454
    barkbands_spread:
        dmean: 1.51592218876
        dmean2: 2.39411687851
        dvar: 2.20636081696
        dvar2: 5.51287841797
        max: 19.9275989532
        mean: 8.45152664185
        min: 2.64186787605
        var: 10.9321126938
    dissonance:
        dmean: 0.037537869066
        dmean2: 0.0644452422857
        dvar: 0.00105644902214
        dvar2: 0.00288194208406
        max: 0.490657299757
        mean: 0.410023868084
        min: 0.228216469288
        var: 0.00215757964179
    hfc:
        dmean: 0.598842144012
        dmean2: 0.832878470421
        dvar: 1.6459351778
        dvar2: 3.07687759399
        max: 19.0034427643
        mean: 2.43869423866
        min: 0.461530268192
        var: 5.13321304321
    pitch:
        dmean: 71.5581207275
        dmean2: 137.382797241
        dvar: 26322.3574219
        dvar2: 61718.4492188
        max: 1050
        mean: 235.252853394
        min: 73.2558135986
        var: 34111.2226562
    pitch_instantaneous_confidence:
        dmean: 0.0587253980339
        dmean2: 0.0915242359042
        dvar: 0.00363434525207
        dvar2: 0.00854403432459
        max: 0.907061159611
        mean: 0.57690757513
        min: 0.246179282665
        var: 0.0191128961742
    pitch_salience:
        dmean: 0.0480024032295
        dmean2: 0.0765347108245
        dvar: 0.00187483220361
        dvar2: 0.0046371538192
        max: 0.762136220932
        mean: 0.545639693737
        min: 0.23401248455
        var: 0.00924622640014
    silence_rate_20dB:
        dmean: 0
        dmean2: 0
        dvar: 0
        dvar2: 0
        max: 1
        mean: 1
        min: 1
        var: 0
    silence_rate_30dB:
        dmean: 0
        dmean2: 0
        dvar: 0
        dvar2: 0
        max: 1
        mean: 1
        min: 1
        var: 0
    silence_rate_60dB:
        dmean: 0.0837209299207
        dmean2: 0.167832165956
        dvar: 0.076711833477
        dvar2: 0.167636752129
        max: 1
        mean: 0.415313214064
        min: 0
        var: 0.242828026414
    spectral_centroid:
        dmean: 46.621509552
        dmean2: 70.0664367676
        dvar: 1963.21557617
        dvar2: 4245.67529297
        max: 1137.38134766
        mean: 553.843078613
        min: 297.835235596
        var: 25873.9140625
    spectral_complexity:
        dmean: 1.36682248116
        dmean2: 2.33957839012
        dvar: 1.50329422951
        dvar2: 3.63878679276
        max: 14
        mean: 7.29370641708
        min: 3
        var: 3.56875610352
    spectral_crest:
        dmean: 2.00946736336
        dmean2: 3.10248565674
        dvar: 3.79213476181
        dvar2: 10.658405304
        max: 22.7916984558
        mean: 11.8872461319
        min: 4.07651042938
        var: 16.1583824158
    spectral_decrease:
        dmean: 2.60474780633e-10
        dmean2: 3.77118197781e-10
        dvar: 1.49914194638e-19
        dvar2: 3.28582169646e-19
        max: -1.78671827333e-10
        mean: -1.10671227738e-09
        min: -5.00667107772e-09
        var: 5.81147009685e-19
    spectral_energy:
        dmean: 0.00103488413151
        dmean2: 0.00149410893209
        dvar: 2.4515613859e-06
        dvar2: 5.29907720193e-06
        max: 0.0203724056482
        mean: 0.00439818110317
        min: 0.000722890719771
        var: 9.3230364655e-06
    spectral_energyband_high:
        dmean: 1.04807725165e-06
        dmean2: 1.79134883638e-06
        dvar: 8.8202969234e-13
        dvar2: 2.50200533035e-12
        max: 9.75930015557e-06
        mean: 2.88992578135e-06
        min: 8.31474949337e-07
        var: 1.33560339437e-12
    spectral_energyband_low:
        dmean: 4.58337999589e-05
        dmean2: 6.1630475102e-05
        dvar: 1.05092166081e-08
        dvar2: 2.17161044702e-08
        max: 0.00169517309405
        mean: 0.000132604502141
        min: 1.86433908311e-07
        var: 2.26663257052e-08
    spectral_energyband_middle_high:
        dmean: 0.000423828605562
        dmean2: 0.000552393204998
        dvar: 1.60361639701e-06
        dvar2: 2.74378771792e-06
        max: 0.0171841308475
        mean: 0.00127448455896
        min: 9.74037175183e-05
        var: 5.42415500604e-06
    spectral_energyband_middle_low:
        dmean: 0.000706438790075
        dmean2: 0.00109246873762
        dvar: 9.23201355363e-07
        dvar2: 2.59954913417e-06
        max: 0.014556790702
        mean: 0.00298820249736
        min: 0.000381359073799
        var: 5.42760699318e-06
    spectral_flatness_db:
        dmean: 0.0164117403328
        dmean2: 0.0258097685874
        dvar: 0.000237043597735
        dvar2: 0.000627449946478
        max: 0.364095985889
        mean: 0.274118483067
        min: 0.149863347411
        var: 0.00112885073759
    spectral_flux:
        dmean: 0.0062315966934
        dmean2: 0.00961959268898
        dvar: 0.000113165922812
        dvar2: 0.000235585175687
        max: 0.120141603053
        mean: 0.0217932704836
        min: 0.00934628490359
        var: 0.000153206725372
    spectral_kurtosis:
        dmean: 11.5818080902
        dmean2: 20.4672451019
        dvar: 78.885848999
        dvar2: 241.890701294
        max: 63.1790237427
        mean: 25.9919643402
        min: 4.18051338196
        var: 141.358123779
    spectral_rms:
        dmean: 0.000224611620069
        dmean2: 0.000322461419273
        dvar: 8.11406835055e-08
        dvar2: 1.8243939337e-07
        max: 0.0044581964612
        mean: 0.00196725176647
        min: 0.000839797139633
        var: 4.20827575454e-07
    spectral_rolloff:
        dmean: 90.30859375
        dmean2: 157.388977051
        dvar: 19022.6289062
        dvar2: 48758.1796875
        max: 2088.72070312
        mean: 761.843811035
        min: 344.53125
        var: 61172.21875
    spectral_skewness:
        dmean: 0.763701021671
        dmean2: 1.34805476665
        dvar: 0.328943908215
        dvar2: 1.00639331341
        max: 5.74806165695
        mean: 3.3592851162
        min: 1.57624030113
        var: 0.650228559971
    spectral_spread:
        dmean: 204548.46875
        dmean2: 335302.375
        dvar: 118725050368
        dvar2: 168728346624
        max: 8187847.5
        mean: 1614480.5
        min: 1023909.875
        var: 163878699008
    spectral_strongpeak:
        dmean: 0.210039436817
        dmean2: 0.314505964518
        dvar: 0.129553288221
        dvar2: 0.235172942281
        max: 4.74217987061
        mean: 0.752108216286
        min: 0.0189237799495
        var: 0.577854156494
    zerocrossingrate:
        dmean: 0.00271749054082
        dmean2: 0.00344312610105
        dvar: 5.56561690246e-06
        dvar2: 8.00174620963e-06
        max: 0.05224609375
        mean: 0.0320854261518
        min: 0.01611328125
        var: 6.97319337633e-05
    barkbands:
        dmean: [1.16199565525e-08, 1.30973157866e-05, 3.92699221266e-05, 0.000174538115971, 0.000211083461181, 0.000426207087003, 6.72833921271e-05, 0.00016551106819, 4.07918814744e-05, 0.000268593197688, 0.000157368238433, 3.97388685087e-05, 1.61271873367e-05, 1.70600360434e-05, 2.20210440602e-05, 2.65142007265e-05, 1.13182813948e-05, 5.37500682185e-06, 6.45255158815e-06, 1.92274524125e-06, 3.27486816332e-07, 4.78620236777e-08, 4.41817826768e-09, 9.57805057489e-10, 4.32796631866e-10, 2.42077441426e-10, 2.51843768062e-10]
        dmean2: [1.53602552899e-08, 1.42735379995e-05, 5.50934637431e-05, 0.000296993675875, 0.000266394403297, 0.000688725791406, 8.85087647475e-05, 0.0002363313979, 5.98074584559e-05, 0.000340198079357, 0.000218165587285, 5.35360595677e-05, 2.7071495424e-05, 2.87287730316e-05, 3.77301366825e-05, 4.48678802059e-05, 1.98270336114e-05, 9.47839725995e-06, 1.12151356007e-05, 3.28782994075e-06, 5.42845725704e-07, 8.2112222799e-08, 7.48509521031e-09, 1.60138469152e-09, 6.88543444483e-10, 3.72103819979e-10, 3.8650277423e-10]
        dvar: [3.73076000431e-15, 4.78254547076e-10, 9.16178866106e-09, 8.48821031241e-08, 1.00596871278e-07, 6.20302103016e-07, 5.82302650542e-09, 6.50857430173e-08, 3.50161877272e-09, 7.98512814981e-07, 5.13199267971e-07, 2.30787069455e-08, 4.47419351568e-10, 3.7133018882e-10, 1.33021804682e-09, 1.43983247547e-09, 1.48000292577e-10, 3.84025658495e-11, 6.51006332175e-11, 2.70830536817e-12, 2.23826098172e-13, 9.81507643851e-15, 1.75554129589e-17, 3.10686101584e-18, 2.39304840137e-18, 2.31245805544e-18, 2.61518527333e-18]
        dvar2: [3.88138956739e-15, 6.77625067169e-10, 1.92026430312e-08, 2.55865217014e-07, 1.99063663331e-07, 1.9400954443e-06, 8.83627571113e-09, 1.16298998876e-07, 7.54283124849e-09, 1.15087209451e-06, 1.03869990653e-06, 3.45608341945e-08, 1.28512711584e-09, 9.17524389799e-10, 3.75608921743e-09, 4.07863565144e-09, 4.28005880737e-10, 1.05999278799e-10, 1.91070492761e-10, 7.74371365642e-12, 5.48493054361e-13, 2.63123127887e-14, 4.89365542866e-17, 4.57797485189e-18, 2.65927627472e-18, 2.40157208399e-18, 2.71274874504e-18]
        max: [1.21715822843e-06, 0.000317753932904, 0.00158478983212, 0.00453031156212, 0.00661781383678, 0.00766961183399, 0.00107250863221, 0.00550923543051, 0.000617445912212, 0.0166473127902, 0.0122315967456, 0.00267201382667, 0.00016252794012, 0.000184842618182, 0.000391154491808, 0.000602161569986, 0.000127930092276, 7.17643051757e-05, 9.81588527793e-05, 1.34751107908e-05, 6.98355870554e-06, 1.67446762589e-06, 4.36851905761e-08, 3.55758338344e-08, 3.27314850779e-08, 3.14705488336e-08, 3.33935332719e-08]
        mean: [2.62215937852e-08, 4.39238501713e-05, 8.86562193045e-05, 0.0003729146556, 0.000862982647959, 0.0010654804064, 0.000197738292627, 0.00038785149809, 8.58485218487e-05, 0.00072254834231, 0.000298832426779, 8.2981059677e-05, 2.46785930358e-05, 2.97587630484e-05, 3.39565813192e-05, 4.93271909363e-05, 2.11038732232e-05, 1.10548953671e-05, 1.32202012537e-05, 4.30154932474e-06, 8.4655965793e-07, 1.33724412876e-07, 1.37372344611e-08, 3.47770767739e-09, 1.5584555868e-09, 2.85093393337e-10, 2.26010959947e-10]
        min: [2.24338742028e-11, 1.79490825758e-07, 5.89801718576e-09, 1.90834657587e-06, 1.27529992824e-05, 1.41239361255e-05, 4.17346063841e-06, 1.89142519957e-06, 1.64328616847e-06, 3.06994024868e-06, 4.41626161773e-06, 1.45058515955e-06, 1.05420474483e-06, 8.84222458808e-07, 2.19769526666e-06, 6.88719774189e-06, 3.50270215677e-06, 1.98832685783e-06, 2.28397766477e-06, 9.96311086965e-07, 2.31278107776e-07, 3.74799000724e-08, 2.15629403222e-09, 8.50519321638e-10, 5.90312798643e-10, 2.91345073067e-11, 6.85008893684e-14]
        var: [6.48292039829e-15, 2.9403155466e-09, 1.73387650904e-08, 3.66511699212e-07, 1.16909131975e-06, 1.71323915765e-06, 3.32985585771e-08, 4.48691309884e-07, 7.58585105842e-09, 3.39513098879e-06, 1.15419186386e-06, 7.09240097763e-08, 5.36828304032e-10, 7.347341624e-10, 1.72858904968e-09, 2.13574979924e-09, 1.75602504759e-10, 5.11222141009e-11, 9.34120281126e-11, 4.04948774166e-12, 2.78446238506e-13, 9.22811140518e-15, 2.93982405069e-17, 3.83343082331e-18, 2.50072973953e-18, 2.31666054654e-18, 2.61736282629e-18]
    mfcc:
        mean: [-827.56427002, 241.502609253, -75.0158004761, 49.329536438, -18.9950447083, -12.3373613358, -8.89629459381, -8.7116394043, -6.36584615707, -9.86816978455, -16.0188713074, -11.4420337677, -0.141633152962]
        cov: [[223.119781494, 109.708091736, -7.02939510345, -27.0347290039, -24.1089057922, -6.24139690399, -2.54491734505, 0.759183228016, -0.489014089108, -6.53271389008, 10.341714859, -7.41985321045, -17.1883926392], [109.708091736, 156.299285889, 27.7089176178, -19.1833972931, -14.3321228027, 8.1525478363, 20.5154647827, 20.6087112427, 21.9276924133, -5.04416799545, -9.37914085388, -21.0591068268, -9.70413589478], [-7.02939510345, 27.7089176178, 118.370063782, 66.0108642578, 38.1569213867, -6.66052341461, -36.8832206726, -38.2107467651, -22.8738822937, 10.664056778, 19.9191074371, 18.7574138641, -8.51994895935], [-27.0347290039, -19.1833972931, 66.0108642578, 95.2069473267, 48.5377159119, -8.02469444275, -42.3438339233, -49.3842315674, -32.8593673706, 12.327009201, 26.7595252991, 23.9114265442, -2.04048275948], [-24.1089057922, -14.3321228027, 38.1569213867, 48.5377159119, 72.1931686401, 23.5807209015, -13.4079008102, -23.2196102142, -17.9005146027, 6.82885169983, 18.4634513855, 20.0912742615, 8.97580432892], [-6.24139690399, 8.1525478363, -6.66052341461, -8.02469444275, 23.5807209015, 65.3571777344, 47.0613822937, 27.4840965271, 13.1280641556, -6.90377187729, -8.05916690826, 1.57469391823, 19.6587047577], [-2.54491734505, 20.5154647827, -36.8832206726, -42.3438339233, -13.4079008102, 47.0613822937, 121.12033844, 94.8860244751, 45.3327293396, -10.8252382278, -30.2820549011, -16.5114250183, 28.1170806885], [0.759183228016, 20.6087112427, -38.2107467651, -49.3842315674, -23.2196102142, 27.4840965271, 94.8860244751, 128.529098511, 74.0617599487, -12.8486623764, -38.2111282349, -21.3785438538, 24.9758319855], [-0.489014089108, 21.9276924133, -22.8738822937, -32.8593673706, -17.9005146027, 13.1280641556, 45.3327293396, 74.0617599487, 96.2922210693, 17.1643676758, -24.6385860443, -22.8901042938, 7.35709238052], [-6.53271389008, -5.04416799545, 10.664056778, 12.327009201, 6.82885169983, -6.90377187729, -10.8252382278, -12.8486623764, 17.1643676758, 56.4188766479, 32.8984069824, -0.0425440110266, -13.3174858093], [10.341714859, -9.37914085388, 19.9191074371, 26.7595252991, 18.4634513855, -8.05916690826, -30.2820549011, -38.2111282349, -24.6385860443, 32.8984069824, 74.8286895752, 34.5192108154, -7.27442455292], [-7.41985321045, -21.0591068268, 18.7574138641, 23.9114265442, 20.0912742615, 1.57469391823, -16.5114250183, -21.3785438538, -22.8901042938, -0.0425440110266, 34.5192108154, 60.7098388672, 25.8204498291], [-17.1883926392, -9.70413589478, -8.51994895935, -2.04048275948, 8.97580432892, 19.6587047577, 28.1170806885, 24.9758319855, 7.35709238052, -13.3174858093, -7.27442455292, 25.8204498291, 74.3496627808]]
        icov: [[0.00803729053587, -0.00642589014024, 0.00255406042561, 0.000276365142781, 0.000746296253055, 0.000182756179129, 0.0013791329693, -0.000618814839981, 0.0010758904973, 0.00102019507904, -0.00207845773548, -0.00113339920063, 0.00113407301251], [-0.00642589014024, 0.0138783948496, -0.00733492337167, 0.00290967780165, 0.00107227254193, -0.00106592662632, -0.00266030128114, 0.00191767816432, -0.00349582126364, 0.00264597078785, -0.00149379775394, 0.00467727193609, -0.000871199939866], [0.00255406042561, -0.00733492337167, 0.0182471890002, -0.0103293629363, -0.0025026423391, 0.000568279006984, 0.00255492329597, -0.0016203004634, 0.00180011999328, -0.00251361727715, 0.00252223713323, -0.00464226957411, 0.00240117963403], [0.000276365142781, 0.00290967780165, -0.0103293629363, 0.0271453876048, -0.0121507253498, 0.0052640074864, -0.000487348122988, 0.00323446141556, 0.000862059183419, -0.000917149067391, -0.000900153361727, -0.000277465907857, -0.00106350902934], [0.000746296253055, 0.00107227254193, -0.0025026423391, -0.0121507253498, 0.0307666286826, -0.0158774461597, 0.00463905744255, -0.0016003792407, 0.00175956287421, -0.00179753697012, -0.00152691081166, -0.00094132986851, -0.00135924702045], [0.000182756179129, -0.00106592662632, 0.000568279006984, 0.0052640074864, -0.0158774461597, 0.031538233161, -0.0148842046037, 0.00653649447486, -0.00404068175703, 0.00445981370285, -0.00094957172405, -0.000156708731083, -0.00171624030918], [0.0013791329693, -0.00266030128114, 0.00255492329597, -0.000487348122988, 0.00463905744255, -0.0148842046037, 0.0297551695257, -0.0209437720478, 0.00826120190322, -0.00638535106555, 0.00227535353042, 0.00120115792379, -0.00274635711685], [-0.000618814839981, 0.00191767816432, -0.0016203004634, 0.00323446141556, -0.0016003792407, 0.00653649447486, -0.0209437720478, 0.0343709178269, -0.0197634790093, 0.0116653013974, -0.0027387724258, 0.00150360085536, -0.00189541315194], [0.0010758904973, -0.00349582126364, 0.00180011999328, 0.000862059183419, 0.00175956287421, -0.00404068175703, 0.00826120190322, -0.0197634790093, 0.0297876093537, -0.0192695539445, 0.00981676671654, -0.00127488176804, -0.000602672284003], [0.00102019507904, 0.00264597078785, -0.00251361727715, -0.000917149067391, -0.00179753697012, 0.00445981370285, -0.00638535106555, 0.0116653013974, -0.0192695539445, 0.0409200154245, -0.0238137599081, 0.0109491413459, 0.000905835127924], [-0.00207845773548, -0.00149379775394, 0.00252223713323, -0.000900153361727, -0.00152691081166, -0.00094957172405, 0.00227535353042, -0.0027387724258, 0.00981676671654, -0.0238137599081, 0.0366125293076, -0.0205063410103, 0.00555061595514], [-0.00113339920063, 0.00467727193609, -0.00464226957411, -0.000277465907857, -0.00094132986851, -0.000156708731083, 0.00120115792379, 0.00150360085536, -0.00127488176804, 0.0109491413459, -0.0205063410103, 0.037835098803, -0.0140539174899], [0.00113407301251, -0.000871199939866, 0.00240117963403, -0.00106350902934, -0.00135924702045, -0.00171624030918, -0.00274635711685, -0.00189541315194, -0.000602672284003, 0.000905835127924, 0.00555061595514, -0.0140539174899, 0.0217832643539]]
    spectral_contrast:
        mean: [1.75757293164e-08, 9.20815352856e-08, 1.27024577523e-07, -2.80955475773e-07, -4.70133386443e-07, -5.41860423198e-09, 1.74350532234e-06, -8.32797752537e-07, -2.40641588789e-06, -2.31666172112e-06, -5.190050274e-07, -1.45218587022e-06]
        var: [0.000111469722469, 0.000317676429404, 0.000763457152061, 0.00278144469485, 0.00367586011998, 0.00476579228416, 0.0220543872565, 0.050458945334, 0.0577241182327, 0.153807476163, 0.191709578037, 0.476291388273]

rhythm:
    beats_loudness:
        dmean: 0.00394541351125
        dmean2: 0.00692037958652
        dvar: 1.24676089399e-05
        dvar2: 3.28016722051e-05
        max: 0.0166130941361
        mean: 0.00720082595944
        min: 0.00124336243607
        var: 2.06010463444e-05
    beats_loudness_bass:
        dmean: 0.077312104404
        dmean2: 0.14180791378
        dvar: 0.00489382259548
        dvar2: 0.00915066711605
        max: 0.365131497383
        mean: 0.0850967466831
        min: 0.00557667715475
        var: 0.00771424826235
    bpm: 120.250488281
    bpm_confidence: 0
    first_peak_bpm: 120
    first_peak_spread: 0
    first_peak_weight: 0.947368443012
    onset_rate: 1.89906990528
    second_peak_bpm: 115
    second_peak_spread: 0
    second_peak_weight: 0.0526315793395
    beats_position: [0.0557920485735, 0.554571926594, 1.05335187912, 1.55213165283, 2.05091166496, 2.54969143867, 3.04847145081, 3.54725122452, 4.04603099823, 4.54481077194, 5.04359054565, 5.54237031937, 6.06187725067, 6.56116914749, 7.06046104431, 7.55975341797, 8.05904579163, 8.55833721161, 9.05763053894, 9.55692195892]
    bpm_estimates: [119.884506226, 119.530036926, 121.338111877, 121.004714966, 118.924209595, 119.919174194, 121.502410889, 119.231170654, 119.785949707, 120.536346436, 122.195678711, 119.153434753]
    bpm_intervals: [0.498779892921, 0.498779952526, 0.498779773712, 0.498780012131, 0.498779773712, 0.498780012131, 0.498779773712, 0.498779773712, 0.498779773712, 0.498779773712, 0.498779773712, 0.519506931305, 0.49929189682, 0.49929189682, 0.499292373657, 0.499292373657, 0.499291419983, 0.499293327332, 0.499291419983]
    onset_times: [0.0464399084449, 0.267029464245, 0.568888902664, 0.777868509293, 0.952018141747, 2.55419492722, 3.54104304314, 3.88934230804, 4.04027223587, 5.0387301445, 5.53795909882, 6.01396846771, 7.05886602402, 7.53487539291, 8.03410434723, 8.38240337372, 8.54494285583, 9.34603214264, 9.55501174927]
    rubato_start: []
    rubato_stop: []
    perceptual_tempo: "unknown"

sfx:
    inharmonicity:
        dmean: 0.0203221086413
        dmean2: 0.0362664423883
        dvar: 0.000924277643207
        dvar2: 0.00270665856078
        max: 0.218052178621
        mean: 0.0184417292476
        min: 1.40178156016e-06
        var: 0.0007387677324
    oddtoevenharmonicenergyratio:
        dmean: 7.10382938385
        dmean2: 13.3418493271
        dvar: 1546.43408203
        dvar2: 5168.65576172
        max: 469.543365479
        mean: 4.59770107269
        min: 0.00010591946193
        var: 854.91015625
    pitch_after_max_to_before_max_energy_ratio: 1.47008383274
    pitch_centroid: 213.449081421
    pitch_max_to_total: 0.550116539001
    pitch_min_to_total: 0.249417245388
    tristimulus:
        dmean: [0.202369943261, 0.205754891038, 0.03043785505]
        dmean2: [0.362314581871, 0.369094491005, 0.0545261241496]
        dvar: [0.045665808022, 0.0499730594456, 0.00105009460822]
        dvar2: [0.130872771144, 0.146144881845, 0.00306066218764]
        max: [0.988055408001, 0.987877309322, 0.230185329914]
        mean: [0.507528960705, 0.45100864768, 0.0334635004401]
        min: [0.0121226981282, 0, 0]
        var: [0.0507480949163, 0.0528002381325, 0.00109261798207]

tonal:
    chords_changes_rate: 0.0231481473893
    chords_number_rate: 0.0231481473893
    chords_strength:
        dmean: 0.00579600827768
        dmean2: 0.00400779303163
        dvar: 2.11185870285e-05
        dvar2: 1.6192369003e-05
        max: 0.67443549633
        mean: 0.52911645174
        min: 0.361468166113
        var: 0.0071912384592
    key_strength: 0.633784234524
    tuning_diatonic_strength: 0.433663696051
    tuning_equal_tempered_deviation: 0.0197142418474
    tuning_frequency: 443.060424805
    tuning_nontempered_energy_ratio: 0.619448840618
    hpcp:
        dmean: [0.096537001431, 0.0795849487185, 0.0228871908039, 0.0127916382626, 0.00771371694282, 0.0119789522141, 0.0164522770792, 0.0246383268386, 0.0805920064449, 0.0902915522456, 0.0611822456121, 0.0209903325886, 0.0223864559084, 0.0237102508545, 0.035540252924, 0.0459593944252, 0.0258379876614, 0.00628401571885, 0.0072840731591, 0.0166176036, 0.0599171668291, 0.0850365161896, 0.0746917873621, 0.0455637350678, 0.0361723639071, 0.0428719855845, 0.0538264885545, 0.0470509044826, 0.0258289352059, 0.0198650248349, 0.0299592465162, 0.0205810219049, 0.0105783687904, 0.00912823434919, 0.0284282527864, 0.0959215760231]
        dmean2: [0.145211100578, 0.124063931406, 0.0358621664345, 0.0237340573221, 0.0127220759168, 0.0191216617823, 0.0276604872197, 0.0393920019269, 0.129023179412, 0.139651358128, 0.0880283489823, 0.0333991311491, 0.0357803665102, 0.0401740670204, 0.0543354637921, 0.069178417325, 0.0399278029799, 0.0108078708872, 0.013515570201, 0.0249109454453, 0.0891552865505, 0.126609385014, 0.122828647494, 0.06952124089, 0.0578042306006, 0.064035885036, 0.0836866348982, 0.06842187047, 0.0387084968388, 0.030474934727, 0.045920804143, 0.0301492083818, 0.0158283244818, 0.0148992612958, 0.0508170314133, 0.147913232446]
        dvar: [0.0244435798377, 0.0111848469824, 0.00224695680663, 0.00164818833582, 0.000447344733402, 0.00136444205418, 0.00164716248401, 0.00145776744466, 0.0147838415578, 0.0248686429113, 0.00595704559237, 0.0022920621559, 0.00233254372142, 0.0031957689207, 0.00381944910623, 0.0058963233605, 0.00203610071912, 0.00026526270085, 0.00142406427767, 0.00169362977613, 0.00958790816367, 0.0205082762986, 0.0110996169969, 0.00842904206365, 0.0154872862622, 0.00775114214048, 0.010425074026, 0.0121696479619, 0.00243340199813, 0.001186387497, 0.00324836070649, 0.00123135198373, 0.000783138268162, 0.000400092219934, 0.00900849886239, 0.0170637890697]
        dvar2: [0.0463073849678, 0.0248713120818, 0.00501330383122, 0.00485462415963, 0.00112811720464, 0.00313011975959, 0.00507414806634, 0.00345860049129, 0.0322930701077, 0.0499812290072, 0.0102623831481, 0.00675564398989, 0.00500376801938, 0.00936687458307, 0.00916960462928, 0.0140341008082, 0.00449922168627, 0.000753375468776, 0.00441978406161, 0.00424335850403, 0.0186455305666, 0.038872718811, 0.0286411121488, 0.015992866829, 0.0288602635264, 0.0142357870936, 0.022150978446, 0.0232735015452, 0.00430654501542, 0.00256459251978, 0.00621840870008, 0.00203685066663, 0.00114557088818, 0.000992136308923, 0.0261581148952, 0.0408644452691]
        max: [1, 1, 0.388954550028, 0.320136666298, 0.206158831716, 0.488708525896, 0.393307954073, 0.386751443148, 1, 1, 0.777977705002, 0.45276966691, 0.44549408555, 0.450549274683, 0.692255318165, 0.640647530556, 0.338626891375, 0.1395111233, 0.385939717293, 0.440106987953, 1, 1, 0.819885015488, 1, 1, 0.777005255222, 1, 1, 0.682356894016, 0.367584019899, 0.729535639286, 0.392857760191, 0.34977388382, 0.145785450935, 0.776017487049, 1]
        mean: [0.482981413603, 0.244727522135, 0.025757862255, 0.0135329030454, 0.0101778823882, 0.0169411636889, 0.0235516801476, 0.0359136797488, 0.269899278879, 0.422695279121, 0.185196325183, 0.0273324009031, 0.0346470624208, 0.0312909111381, 0.0695924162865, 0.0875549390912, 0.0378624647856, 0.00619812356308, 0.00550729082897, 0.018086694181, 0.150866240263, 0.281008839607, 0.173796921968, 0.116182021797, 0.144912034273, 0.0780253112316, 0.132677555084, 0.17004083097, 0.0639822110534, 0.0404213927686, 0.062011461705, 0.0381280221045, 0.0182406976819, 0.0125108351931, 0.025705549866, 0.276775479317]
        min: [0.000208290744922, 0.000800456851721, 0.000139494295581, 0.000107315048808, 0.000120452044939, 0.000326676003169, 0.000115399401693, 0.000476042245282, 0.00364031246863, 0.00394675787538, 0.00163483177312, 0.000263093330432, 2.70961954811e-05, 0.000133641369757, 0.00150233844761, 0.00143893866334, 0.000656929274555, 5.19168606843e-05, 2.44336188189e-05, 0.000112764369987, 0.00118287687656, 0.00120023672935, 0.0010144355474, 6.70876761433e-05, 6.90676824888e-05, 0.000124148718896, 9.75799339358e-05, 7.6925913163e-05, 0.000459728791611, 0.000723568722606, 0.000734002504032, 0.00035543780541, 0.000149861967657, 0.000188914214959, 0.000238282838836, 0.000203958756174]
        var: [0.169559761882, 0.0547689758241, 0.00295543321408, 0.000998891307972, 0.000443233875558, 0.00179772078991, 0.00196743709967, 0.00270116934553, 0.0714941844344, 0.168809130788, 0.0366624034941, 0.00223818444647, 0.0043519269675, 0.00419208267704, 0.0100647686049, 0.013749123551, 0.00329025788233, 0.000183757991181, 0.000758779176977, 0.00235055224039, 0.042540974915, 0.120067968965, 0.0378171652555, 0.0620725788176, 0.103748038411, 0.0210001431406, 0.053120687604, 0.0931877791882, 0.0146545628086, 0.00324795185588, 0.00932173151523, 0.00309578469023, 0.00134342443198, 0.000449439277872, 0.00561968004331, 0.061277333647]
    chords_histogram: [39.8148155212, 15.7407407761, 0, 0, 0, 16.6666660309, 6.01851844788, 0, 0, 0, 0, 0, 0, 0, 0, 0, 0, 0, 0, 0, 0, 0, 0, 21.7592601776]
    thpcp: [1, 0.506701767445, 0.0533309578896, 0.0280195102096, 0.0210730303079, 0.0350762233138, 0.0487631186843, 0.0743583068252, 0.558819174767, 0.875179171562, 0.383444011211, 0.0565910004079, 0.0717358067632, 0.0647869855165, 0.144089221954, 0.181280136108, 0.0783932134509, 0.0128330476582, 0.0114026973024, 0.0374480113387, 0.31236448884, 0.581821203232, 0.35984185338, 0.240551739931, 0.300036460161, 0.161549299955, 0.274705290794, 0.352064967155, 0.132473438978, 0.0836914032698, 0.128393054008, 0.0789430439472, 0.0377668738365, 0.0259033478796, 0.0532226487994, 0.573056161404]
    chords_key: "A"
    chords_scale: "minor"
    key_key: "A"
    key_scale: "minor"
    chords_progression: ["C", "C", "C", "C", "C", "C", "C", "C", "C", "C", "C", "C", "C", "C", "C", "C", "C", "C", "C", "C", "C", "C", "C", "C", "C", "C", "C", "C", "C", "C", "C", "C", "C", "C", "Am", "Am", "Am", "Am", "Am", "Am", "Am", "Am", "Am", "Am", "Am", "Am", "Am", "Am", "Am", "Am", "Am", "Am", "Am", "Am", "Am", "Am", "Am", "Am", "Am", "Am", "Am", "Am", "Am", "Am", "Am", "Am", "Am", "Am", "Am", "Am", "Am", "Am", "Am", "Am", "Am", "Am", "Am", "Am", "Am", "Am", "Am", "Am", "Am", "Am", "Am", "Am", "Am", "Am", "Am", "Am", "Am", "Am", "Am", "F#m", "F#m", "F#m", "F#m", "F#m", "F#m", "F#m", "F#m", "F#m", "F#m", "F#m", "F#m", "F#m", "D", "D", "D", "D", "D", "D", "D", "D", "D", "D", "D", "D", "D", "D", "D", "D", "D", "D", "D", "D", "D", "D", "D", "D", "D", "D", "D", "D", "D", "D", "D", "D", "D", "D", "D", "D", "Am", "Am", "Am", "Am", "Am", "Am", "Am", "Am", "Am", "Am", "Am", "Am", "Am", "Am", "Am", "Am", "Am", "Am", "Am", "Am", "Am", "Am", "Am", "Am", "Am", "Am", "Am", "F", "F", "F", "F", "F", "F", "F", "F", "F", "F", "F", "F", "F", "F", "F", "F", "F", "F", "F", "F", "F", "F", "F", "F", "F", "F", "F", "F", "F", "F", "F", "F", "F", "F", "F", "F", "F", "F", "F", "F", "F", "F", "F", "F", "F", "F", "F"]
