
metadata:
    version:
        essentia: "1.2.2"
    audio_properties:
        analysis_sample_rate: 44100
        bitrate: 128
        channels: 2
        equal_loudness: 1
        length: 10.0048980713
        replay_gain: -10.9376869202
        downmix: "mix"
    tags:
        track: 5
        year: 0
        album: "Splitted by Mp3Splt v. 2.1"
        artist: "From 000.40 To 000.50"
        comment: "http://mp3splt.sf.net"
        genre: ""
        title: "10 Ireland.mp3"

highlevel:
    ballroom:
        all:
            ChaChaCha: 0.0126798981801
            Jive: 0.00391033338383
            Quickstep: 0.131270170212
            Rumba-American: 0.0089618852362
            Rumba-International: 0.00596954766661
            Rumba-Misc: 0.030606796965
            Samba: 0.00630395533517
            Tango: 0.636285483837
            VienneseWaltz: 0.0501245073974
            Waltz: 0.113887436688
        probability: 0.636285483837
        value: "Tango"
    culture:
        all:
            non_western: 0.797479808331
            western: 0.202520161867
        probability: 0.797479808331
        value: "non_western"
    gender:
        all:
            female: 0.350285351276
            male: 0.649714648724
        probability: 0.649714648724
        value: "male"
    genre_dortmund:
        all:
            alternative: 0.107798762619
            blues: 0.077272862196
            electronic: 0.00686387252063
            folkcountry: 0.563005447388
            funksoulrnb: 0.00631275074556
            jazz: 0.0285349488258
            pop: 0.0639723688364
            raphiphop: 0.0036171763204
            rock: 0.142621845007
        probability: 0.563005447388
        value: "folkcountry"
    genre_electronica:
        all:
            ambient: 0.958455979824
            dnb: 0.0143403988332
            house: 0.0128259956837
            techno: 0.00320542347617
            trance: 0.0111722191796
        probability: 0.958455979824
        value: "ambient"
    genre_rosamerica:
        all:
            cla: 0.100789897144
            dan: 0.00821299571544
            hip: 0.0557538494468
            jaz: 0.516126573086
            pop: 0.106670752168
            rhy: 0.156181916595
            roc: 0.0154140954837
            spe: 0.0408499017358
        probability: 0.516126573086
        value: "jaz"
    genre_tzanetakis:
        all:
            blu: 0.014459383674
            cla: 0.0576747320592
            cou: 0.374863177538
            dis: 0.0190341304988
            hip: 0.00477642985061
            jaz: 0.0883144661784
            met: 0.00320438039489
            pop: 0.203493416309
            reg: 0.161389186978
            roc: 0.0727907046676
        probability: 0.374863177538
        value: "cou"
    live_studio:
        all:
            live: 0.0463826470077
            studio: 0.953617334366
        probability: 0.953617334366
        value: "studio"
    mood:
        all:
            Cluster1: 0.0949397459626
            Cluster2: 0.301310837269
            Cluster3: 0.29480868578
            Cluster4: 0.170490935445
            Cluster5: 0.138449773192
        probability: 0.301310837269
        value: "Cluster2"
    mood_acoustic:
        all:
            acoustic: 0.977398216724
            not_acoustic: 0.0226017646492
        probability: 0.977398216724
        value: "acoustic"
    mood_aggressive:
        all:
            aggressive: 6.6673164838e-06
            not_aggressive: 0.99999332428
        probability: 0.99999332428
        value: "not_aggressive"
    mood_electronic:
        all:
            electronic: 0.0385578051209
            not_electronic: 0.961442172527
        probability: 0.961442172527
        value: "not_electronic"
    mood_happy:
        all:
            happy: 0.21835334599
            not_happy: 0.781646668911
        probability: 0.781646668911
        value: "not_happy"
    mood_party:
        all:
            not_party: 0.895662426949
            party: 0.1043375507
        probability: 0.895662426949
        value: "not_party"
    mood_relaxed:
        all:
            not_relaxed: 0.246308073401
            relaxed: 0.753691911697
        probability: 0.753691911697
        value: "relaxed"
    mood_sad:
        all:
            not_sad: 0.115886345506
            sad: 0.884113669395
        probability: 0.884113669395
        value: "sad"
    rhythm:
        all:
            fast: 0.420102119446
            medium: 0.12779815495
            slow: 0.452099740505
        probability: 0.452099740505
        value: "slow"
    speech_music:
        all:
            music: 0.393801301718
            speech: 0.606198728085
        probability: 0.606198728085
        value: "speech"
    timbre:
        all:
            bright: 0.900025546551
            dark: 0.0999744310975
        probability: 0.900025546551
        value: "bright"
    voice_instrumental:
        all:
            instrumental: 0.000820399494842
            voice: 0.999179601669
        probability: 0.999179601669
        value: "voice"

lowlevel:
    average_loudness: 0.759449243546
    barkbands_kurtosis:
        dmean: 0.904249668121
        dmean2: 1.34753072262
        dvar: 2.39059209824
        dvar2: 6.1791009903
        max: 20.2467021942
        mean: 1.11013257504
        min: -1.77045369148
        var: 7.97038698196
    barkbands_skewness:
        dmean: 0.307941228151
        dmean2: 0.438655108213
        dvar: 0.120515063405
        dvar2: 0.260594189167
        max: 4.33117198944
        mean: 0.976924419403
        min: -1.95452082157
        var: 0.862276673317
    barkbands_spread:
        dmean: 2.61649560928
        dmean2: 3.9434068203
        dvar: 10.1734075546
        dvar2: 24.414932251
        max: 41.7502212524
        mean: 19.7357406616
        min: 3.87005400658
        var: 111.619552612
    dissonance:
        dmean: 0.0261911079288
        dmean2: 0.0441047176719
        dvar: 0.000724760990124
        dvar2: 0.00183544191532
        max: 0.498080968857
        mean: 0.417921841145
        min: 0.135313913226
        var: 0.00359442154877
    hfc:
        dmean: 0.785157680511
        dmean2: 1.06303668022
        dvar: 3.91392016411
        dvar2: 7.63260602951
        max: 26.8797874451
        mean: 2.91492271423
        min: 0.0196522884071
        var: 16.9358329773
    pitch:
        dmean: 90.21068573
        dmean2: 175.671691895
        dvar: 301429.28125
        dvar2: 589823.625
        max: 5512.5
        mean: 322.35357666
        min: 110.25
        var: 429734.71875
    pitch_instantaneous_confidence:
        dmean: 0.0468841791153
        dmean2: 0.0660605803132
        dvar: 0.00363414781168
        dvar2: 0.0061349933967
        max: 0.944692671299
        mean: 0.711452007294
        min: 0.258274674416
        var: 0.0299359168857
    pitch_salience:
        dmean: 0.0481728166342
        dmean2: 0.0731239020824
        dvar: 0.00225584814325
        dvar2: 0.0052029248327
        max: 0.889639079571
        mean: 0.548149049282
        min: 0.227490589023
        var: 0.01460325066
    silence_rate_20dB:
        dmean: 0
        dmean2: 0
        dvar: 0
        dvar2: 0
        max: 1
        mean: 1
        min: 1
        var: 0
    silence_rate_30dB:
        dmean: 0
        dmean2: 0
        dvar: 0
        dvar2: 0
        max: 1
        mean: 1
        min: 1
        var: 0
    silence_rate_60dB:
        dmean: 0.048723898828
        dmean2: 0.0976744219661
        dvar: 0.0463497750461
        dvar2: 0.0881343409419
        max: 1
        mean: 0.673611104488
        min: 0
        var: 0.21985861659
    spectral_centroid:
        dmean: 153.296218872
        dmean2: 214.280685425
        dvar: 86845.078125
        dvar2: 143503.109375
        max: 5799.80126953
        mean: 1109.76989746
        min: 308.95123291
        var: 360044.4375
    spectral_complexity:
        dmean: 0.91627907753
        dmean2: 1.3449883461
        dvar: 3.8162381649
        dvar2: 5.19565868378
        max: 37
        mean: 4.21809720993
        min: 0
        var: 23.8642692566
    spectral_crest:
        dmean: 1.69427418709
        dmean2: 2.64140272141
        dvar: 3.3051276207
        dvar2: 7.41168022156
        max: 23.8082313538
        mean: 9.88914966583
        min: 2.6563398838
        var: 14.6304674149
    spectral_decrease:
        dmean: 1.34122754569e-10
        dmean2: 1.75539568992e-10
        dvar: 7.71602217949e-20
        dvar2: 1.3703097292e-19
        max: -3.5782548799e-12
        mean: -6.13427253437e-10
        min: -3.49996942539e-09
        var: 5.76431770001e-19
    spectral_energy:
        dmean: 0.000569905969314
        dmean2: 0.000749219674617
        dvar: 1.42147530369e-06
        dvar2: 2.52111954069e-06
        max: 0.0151048954576
        mean: 0.00257960543968
        min: 1.52875727508e-05
        var: 1.02657495518e-05
    spectral_energyband_high:
        dmean: 2.93337689072e-05
        dmean2: 4.58543217974e-05
        dvar: 1.75303469518e-08
        dvar2: 4.43092531555e-08
        max: 0.00170905434061
        mean: 4.62375464849e-05
        min: 1.18803541227e-07
        var: 2.54955239143e-08
    spectral_energyband_low:
        dmean: 2.11129940908e-06
        dmean2: 2.80460949398e-06
        dvar: 6.74444701476e-12
        dvar2: 1.36977287152e-11
        max: 3.53453724529e-05
        mean: 7.58737087381e-06
        min: 2.89446067114e-09
        var: 3.49502787822e-11
    spectral_energyband_middle_high:
        dmean: 0.000325794011587
        dmean2: 0.00042145216139
        dvar: 7.07222000074e-07
        dvar2: 1.16412797979e-06
        max: 0.0120065715164
        mean: 0.00129115360323
        min: 1.11039726107e-05
        var: 4.17445653511e-06
    spectral_energyband_middle_low:
        dmean: 0.000341189530445
        dmean2: 0.000471169129014
        dvar: 4.70694772048e-07
        dvar2: 9.95951836558e-07
        max: 0.00833860598505
        mean: 0.00123462860938
        min: 4.06170101996e-06
        var: 3.21533980241e-06
    spectral_flatness_db:
        dmean: 0.0147316036746
        dmean2: 0.0226658135653
        dvar: 0.000293296034215
        dvar2: 0.000661514641251
        max: 0.332532763481
        mean: 0.231414690614
        min: 0.0827845036983
        var: 0.00211969274096
    spectral_flux:
        dmean: 0.00652783410624
        dmean2: 0.0104031953961
        dvar: 0.000148686929606
        dvar2: 0.000402009842219
        max: 0.113774858415
        mean: 0.0164284333587
        min: 0.0019691765774
        var: 0.000402159465011
    spectral_kurtosis:
        dmean: 3.35836863518
        dmean2: 6.00352907181
        dvar: 9.30449008942
        dvar2: 30.0334072113
        max: 36.7723922729
        mean: 9.39655971527
        min: -0.909823656082
        var: 25.5065441132
    spectral_rms:
        dmean: 0.000146541991853
        dmean2: 0.00018908054335
        dvar: 6.96605155781e-08
        dvar2: 1.09568553341e-07
        max: 0.00383881269954
        mean: 0.00126025395002
        min: 0.000122125784401
        var: 9.28450560878e-07
    spectral_rolloff:
        dmean: 291.699737549
        dmean2: 454.455871582
        dvar: 299780.84375
        dvar2: 556421.0625
        max: 9345.41015625
        mean: 1896.27099609
        min: 236.865234375
        var: 1278001.25
    spectral_skewness:
        dmean: 0.332317024469
        dmean2: 0.574186325073
        dvar: 0.0838702470064
        dvar2: 0.239156916738
        max: 4.72831726074
        mean: 2.05753350258
        min: -0.0443325527012
        var: 0.443441331387
    spectral_spread:
        dmean: 340869.34375
        dmean2: 545631.3125
        dvar: 511245811712
        dvar2: 818606309376
        max: 12982435
        mean: 3025665
        min: 2068314.75
        var: 1.34534332416e+12
    spectral_strongpeak:
        dmean: 0.171689644456
        dmean2: 0.26394584775
        dvar: 0.0919479653239
        dvar2: 0.190666228533
        max: 3.13938331604
        mean: 0.612670302391
        min: 0.0110312057659
        var: 0.541874527931
    zerocrossingrate:
        dmean: 0.00702330144122
        dmean2: 0.00790014024824
        dvar: 0.000117774179671
        dvar2: 0.000109761152999
        max: 0.2890625
        mean: 0.0630245357752
        min: 0.01953125
        var: 0.000873957935255
    barkbands:
        dmean: [4.93479390684e-09, 2.64974516995e-07, 1.96388441509e-06, 1.15677157737e-05, 6.06219182373e-05, 2.53133111983e-05, 4.39493633166e-05, 0.000239088112721, 8.96176425158e-05, 0.000146652164403, 3.94105882151e-05, 8.70578805916e-05, 7.58002934163e-05, 2.54792284977e-05, 1.27553494167e-05, 1.70702933247e-05, 4.02765981562e-05, 3.05923276755e-05, 4.36974878539e-05, 5.00294008816e-05, 4.69379801871e-06, 2.65845915237e-06, 1.42030648931e-06, 2.71194994639e-06, 5.29705005192e-07, 9.35126287516e-09, 7.65193186592e-10]
        dmean2: [5.55767565302e-09, 3.95698720013e-07, 2.58383010987e-06, 1.53001583385e-05, 9.09886002773e-05, 3.95895294787e-05, 6.53735623928e-05, 0.000349109322997, 0.000122175260913, 0.000190575243323, 6.36360782664e-05, 0.000111066510726, 0.000112369962153, 3.20183935401e-05, 1.69189188455e-05, 2.55035265582e-05, 6.311807374e-05, 4.31321896031e-05, 6.67315398459e-05, 7.44730423321e-05, 7.17050033927e-06, 4.23249139203e-06, 2.30473915508e-06, 4.44373063146e-06, 8.47723526931e-07, 1.44427163562e-08, 9.0371071737e-10]
        dvar: [7.52442067529e-15, 1.75656974318e-13, 6.15872283727e-12, 6.75712652498e-10, 3.06151797247e-08, 2.08040358274e-08, 3.59539704675e-08, 4.05284737326e-07, 7.7646582497e-08, 2.21972499048e-07, 8.25615629196e-08, 1.20747429833e-07, 4.44604708605e-08, 1.6569185135e-08, 1.58347879253e-09, 8.14154610396e-09, 2.5836323303e-08, 6.33872021538e-09, 2.86049299802e-08, 3.01118703305e-08, 5.87294213261e-10, 3.48418793816e-10, 1.53453749707e-10, 5.81509007613e-10, 1.83271401527e-11, 3.46525710348e-15, 1.56247641448e-16]
        dvar2: [7.53313749135e-15, 4.5763859282e-13, 1.22404560446e-11, 1.14329801182e-09, 5.78418664077e-08, 4.85073137213e-08, 6.48248459356e-08, 9.93720732367e-07, 1.5469869652e-07, 3.85951977933e-07, 2.36548643784e-07, 1.66431888715e-07, 9.0383203144e-08, 2.34834516277e-08, 2.04101113788e-09, 1.46993581751e-08, 6.76493385754e-08, 8.90680240673e-09, 7.00464539705e-08, 6.42562767439e-08, 1.32378796813e-09, 7.858829143e-10, 3.94272420268e-10, 1.46316248006e-09, 4.38735991981e-11, 5.92234086479e-15, 1.56341251823e-16]
        max: [1.80347137757e-06, 5.1403294492e-06, 3.48130524799e-05, 0.000451340980362, 0.00269923917949, 0.00282262382098, 0.00439921626821, 0.00756377168, 0.00534196570516, 0.00829369109124, 0.00433339644223, 0.00523588014767, 0.00257189990953, 0.00290430546738, 0.000879074505065, 0.00153895863332, 0.00217935605906, 0.00159915466793, 0.00281877303496, 0.00324887456372, 0.000364412815543, 0.000248943688348, 0.00018976078718, 0.000364855251973, 5.8043126046e-05, 1.15083446417e-06, 2.60278881115e-07]
        mean: [5.1780699728e-09, 7.49226842345e-07, 6.83530879542e-06, 4.24255740654e-05, 0.000171037449036, 4.34142530139e-05, 0.000106295359728, 0.000535095925443, 0.00025124012609, 0.000519908382557, 6.29017595202e-05, 0.000208019497222, 0.000205100208404, 4.44521647296e-05, 2.40540284722e-05, 3.0163091651e-05, 6.05611530773e-05, 7.34077621019e-05, 8.43252055347e-05, 9.55059076659e-05, 6.38540223008e-06, 3.40756218975e-06, 1.34263177642e-06, 2.38536631514e-06, 5.7377712892e-07, 1.70769069996e-08, 7.37338357037e-10]
        min: [1.67486207195e-12, 1.08414810462e-09, 1.39529410248e-09, 2.18686757592e-09, 4.68118599883e-07, 6.50437499417e-08, 2.37299445871e-07, 2.40316353484e-07, 8.45660323989e-08, 1.20945557569e-07, 1.95342320097e-08, 5.80178287635e-08, 6.48254072644e-08, 6.77659315329e-08, 5.60407400485e-08, 1.77707562443e-07, 6.38331059122e-08, 8.98067327171e-08, 2.48036570838e-07, 3.16790760735e-07, 7.85980844853e-08, 4.25190416209e-09, 4.35158548084e-10, 1.00713604123e-10, 7.32231497658e-11, 4.29835984514e-12, 6.64683059095e-15]
        var: [7.52203458348e-15, 6.42237890473e-13, 2.92811538904e-11, 7.78896414033e-09, 1.14840801757e-07, 3.40911441299e-08, 1.70765730445e-07, 1.05687411178e-06, 6.5679500949e-07, 1.28708836655e-06, 7.69242660681e-08, 4.9716572903e-07, 1.76795154516e-07, 4.70503920269e-08, 5.95795590641e-09, 1.57205839457e-08, 2.67423789779e-08, 2.1701074715e-08, 4.14906828894e-08, 8.30418116493e-08, 6.34215568951e-10, 4.8812420772e-10, 1.24560847747e-10, 4.8500009564e-10, 2.16018158222e-11, 1.00673016744e-14, 1.56757264114e-16]
    mfcc:
        mean: [-854.028076172, 152.782791138, -85.508972168, 40.6639328003, -32.3670043945, -15.7600183487, -3.67861604691, -3.13839197159, -8.89790534973, -3.57028388977, -9.25835037231, -4.96537780762, -10.9288196564]
        cov: [[6091.95458984, -1147.93884277, -86.6724853516, -1850.9987793, -680.780761719, -1346.53405762, 515.57623291, 379.395996094, -928.15625, 498.315338135, 106.46836853, 234.970428467, -141.321624756], [-1147.93884277, 783.40826416, -160.665512085, 309.307525635, 49.6649246216, 196.322982788, -70.0387573242, -20.3345050812, 103.455276489, -49.0271568298, -17.1905097961, -36.3841705322, -27.3227901459], [-86.6724853516, -160.665512085, 507.26184082, 100.449172974, 140.957809448, 3.3131070137, -96.8775253296, -55.8772010803, 60.5847129822, -65.9908294678, -32.2676239014, -50.4668617249, -8.41811084747], [-1850.9987793, 309.307525635, 100.449172974, 804.992004395, 296.652770996, 406.260101318, -226.259140015, -147.333297729, 290.763000488, -159.478240967, -72.112701416, -122.892021179, 58.623046875], [-680.780761719, 49.6649246216, 140.957809448, 296.652770996, 325.272705078, 168.197769165, -126.408241272, -158.610992432, 138.811355591, -65.7704925537, -26.3562755585, -79.809463501, 18.083524704], [-1346.53405762, 196.322982788, 3.3131070137, 406.260101318, 168.197769165, 498.105316162, -86.4175262451, -56.5452575684, 214.812484741, -109.296974182, -3.20378494263, -12.8449230194, -12.4680242538], [515.57623291, -70.0387573242, -96.8775253296, -226.259140015, -126.408241272, -86.4175262451, 195.723617554, 96.9711151123, -55.0358734131, 42.5574951172, 13.2402391434, 71.8675003052, -0.266046643257], [379.395996094, -20.3345050812, -55.8772010803, -147.333297729, -158.610992432, -56.5452575684, 96.9711151123, 172.066696167, -61.049407959, 23.9940109253, 7.5443148613, 49.6288032532, -19.0540657043], [-928.15625, 103.455276489, 60.5847129822, 290.763000488, 138.811355591, 214.812484741, -55.0358734131, -61.049407959, 261.431518555, -96.2405395508, -10.8753223419, -25.5397891998, 55.159992218], [498.315338135, -49.0271568298, -65.9908294678, -159.478240967, -65.7704925537, -109.296974182, 42.5574951172, 23.9940109253, -96.2405395508, 135.149856567, 16.9943561554, 32.5430908203, -37.7923202515], [106.46836853, -17.1905097961, -32.2676239014, -72.112701416, -26.3562755585, -3.20378494263, 13.2402391434, 7.5443148613, -10.8753223419, 16.9943561554, 84.1633529663, 33.7266731262, -11.1082553864], [234.970428467, -36.3841705322, -50.4668617249, -122.892021179, -79.809463501, -12.8449230194, 71.8675003052, 49.6288032532, -25.5397891998, 32.5430908203, 33.7266731262, 127.568344116, -9.72085762024], [-141.321624756, -27.3227901459, -8.41811084747, 58.623046875, 18.083524704, -12.4680242538, -0.266046643257, -19.0540657043, 55.159992218, -37.7923202515, -11.1082553864, -9.72085762024, 108.351463318]]
        icov: [[0.00148375798017, 0.000920944090467, -6.54549367027e-05, 0.00123885460198, -0.000819521956146, 0.00175783596933, -0.00062006135704, -0.00110629852861, 0.00169501372147, -0.000897567195352, -9.55195646384e-05, -0.000232523219893, 0.000428476691013], [0.000920944090467, 0.00242063309997, 0.000792514940258, -2.34828112298e-05, -0.000295060424833, 0.00122726196423, -0.000181858835276, -0.00082245178055, 0.000678042531945, -0.000186979363207, 1.93334526557e-05, -5.96415266045e-05, 0.00151748291682], [-6.54549367027e-05, 0.000792514940258, 0.0030991868116, -2.36905691509e-07, -0.00122666871175, 0.00085647823289, 0.0013680026168, -0.000704903330188, -0.000950385059696, 0.00157786882482, 0.000819227308966, -0.0002903706918, 0.00163018156309], [0.00123885460198, -2.34828112298e-05, -2.36905691509e-07, 0.00586483580992, -0.00170574197546, -0.000566560891457, 0.00239995121956, -0.00132409203798, -0.000289574178169, -0.000502559763845, 0.00221612304449, 0.000785259355325, -0.00130094657652], [-0.000819521956146, -0.000295060424833, -0.00122666871175, -0.00170574197546, 0.00892192497849, -0.00204731104895, -2.82705550489e-05, 0.00624413555488, -0.00208415044472, 3.04220920953e-05, 0.000253897160292, 0.0017911081668, 0.000315983605105], [0.00175783596933, 0.00122726196423, 0.00085647823289, -0.000566560891457, -0.00204731104895, 0.00733722839504, -0.000933115778025, -0.00200774683617, -0.000153814267833, 0.000902073981706, -0.00104262784589, -0.0020172460936, 0.0039109759964], [-0.00062006135704, -0.000181858835276, 0.0013680026168, 0.00239995121956, -2.82705550489e-05, -0.000933115778025, 0.0113945584744, -0.0033500790596, -0.00254935468547, 7.87888493505e-05, 0.00227445317432, -0.00252107204869, -0.00137828523293], [-0.00110629852861, -0.00082245178055, -0.000704903330188, -0.00132409203798, 0.00624413555488, -0.00200774683617, -0.0033500790596, 0.0133612994105, -0.000838489620946, 0.00160991225857, 0.000773969222791, -5.38313397556e-05, 0.00114246283192], [0.00169501372147, 0.000678042531945, -0.000950385059696, -0.000289574178169, -0.00208415044472, -0.000153814267833, -0.00254935468547, -0.000838489620946, 0.0113614490256, 0.000607914233115, -0.0015290598385, -0.000857939652633, -0.00316459522583], [-0.000897567195352, -0.000186979363207, 0.00157786882482, -0.000502559763845, 3.04220920953e-05, 0.000902073981706, 7.87888493505e-05, 0.00160991225857, 0.000607914233115, 0.0131504414603, -0.000250556942774, -0.00170894747134, 0.00365699292161], [-9.55195646384e-05, 1.93334526557e-05, 0.000819227308966, 0.00221612304449, 0.000253897160292, -0.00104262784589, 0.00227445317432, 0.000773969222791, -0.0015290598385, -0.000250556942774, 0.0149939712137, -0.00304271117784, 0.000679493707139], [-0.000232523219893, -5.96415266045e-05, -0.0002903706918, 0.000785259355325, 0.0017911081668, -0.0020172460936, -0.00252107204869, -5.38313397556e-05, -0.000857939652633, -0.00170894747134, -0.00304271117784, 0.0122670512646, -0.00068314676173], [0.000428476691013, 0.00151748291682, 0.00163018156309, -0.00130094657652, 0.000315983605105, 0.0039109759964, -0.00137828523293, 0.00114246283192, -0.00316459522583, 0.00365699292161, 0.000679493707139, -0.00068314676173, 0.0144910439849]]
    spectral_contrast:
        mean: [-1.04368631071e-07, 3.42450121593e-08, -7.31833722512e-08, 3.30038261609e-07, 3.78925122391e-08, -2.33924026816e-07, 1.27368622316e-07, -2.16789430851e-06, -6.70171971251e-07, -1.84318025731e-06, 2.33661262428e-06, -1.06652214527e-06]
        var: [0.000762788229622, 0.000795576372184, 0.00128657335881, 0.00257036229596, 0.00669005233794, 0.0201117936522, 0.0565039739013, 0.112048096955, 0.137708440423, 0.232769519091, 0.301697343588, 3.50511479378]

rhythm:
    beats_loudness:
        dmean: 0.00183377787471
        dmean2: 0.00303656794131
        dvar: 6.30874365015e-06
        dvar2: 1.36365833896e-05
        max: 0.0113770896569
        mean: 0.00322969746776
        min: 4.18302661274e-05
        var: 1.34820111271e-05
    beats_loudness_bass:
        dmean: 0.079772144556
        dmean2: 0.143036872149
        dvar: 0.00951833371073
        dvar2: 0.0199134536088
        max: 0.568222999573
        mean: 0.114570662379
        min: 0.000253329926636
        var: 0.022597508505
    bpm: 134.515106201
    bpm_confidence: 0
    first_peak_bpm: 135
    first_peak_spread: 0
    first_peak_weight: 0.5
    onset_rate: 2.59872722626
    second_peak_bpm: 206
    second_peak_spread: 0
    second_peak_weight: 0.461538463831
    beats_position: [0.0930965989828, 0.539162874222, 0.985229194164, 1.43129551411, 1.87736177444, 2.32342815399, 2.76949429512, 3.21556043625, 3.6616268158, 4.10769319534, 4.55376005173, 4.99982643127, 5.44589281082, 5.89195919037, 6.30884504318, 6.59997940063, 6.89111471176, 7.18224906921, 7.47338438034, 7.76451921463, 8.05565452576, 8.34678936005, 8.63792419434, 8.92905902863, 9.22019386292, 9.51132965088, 9.80246448517]
    bpm_estimates: [134.924880981, 134.696487427, 133.008377075, 134.22845459, 135.717376709]
    bpm_intervals: [0.446066260338, 0.446066319942, 0.446066319942, 0.446066260338, 0.446066379547, 0.446066141129, 0.446066141129, 0.446066379547, 0.446066379547, 0.446066856384, 0.446066379547, 0.446066379547, 0.446066379547, 0.416885852814, 0.291134357452, 0.291135311127, 0.291134357452, 0.291135311127, 0.29113483429, 0.291135311127, 0.29113483429, 0.29113483429, 0.29113483429, 0.29113483429, 0.291135787964, 0.29113483429]
    onset_times: [0.0464399084449, 0.232199549675, 0.905578255653, 1.32353746891, 1.42802715302, 2.03174614906, 2.48453521729, 3.16952371597, 3.55265307426, 3.81968259811, 4.09832191467, 4.21442174911, 4.46984148026, 4.59755086899, 4.72526073456, 4.88780021667, 5.21287965775, 5.52634906769, 5.59600925446, 6.88471651077, 7.65097522736, 8.80036258698, 9.02095222473, 9.4853515625, 9.81043052673, 9.91492080688]
    rubato_start: [6.59997940063]
    rubato_stop: [6.89111471176]
    perceptual_tempo: "unknown"

sfx:
    inharmonicity:
        dmean: 0.0260142497718
        dmean2: 0.0462816022336
        dvar: 0.00209365854971
        dvar2: 0.0061903228052
        max: 0.366983413696
        mean: 0.0288538783789
        min: 0
        var: 0.00192719791085
    oddtoevenharmonicenergyratio:
        dmean: 1.8141220808
        dmean2: 3.02235174179
        dvar: 17.7340145111
        dvar2: 45.8677062988
        max: 40.8173904419
        mean: 2.39492893219
        min: 0
        var: 17.8827190399
    pitch_after_max_to_before_max_energy_ratio: 2.47583198547
    pitch_centroid: 230.332595825
    pitch_max_to_total: 0.445475637913
    pitch_min_to_total: 0.296983748674
    tristimulus:
        dmean: [0.115742854774, 0.123242616653, 0.0624227151275]
        dmean2: [0.203113988042, 0.213718682528, 0.107755437493]
        dvar: [0.0288900006562, 0.0270954761654, 0.00757143180817]
        dvar2: [0.0737592130899, 0.0733283162117, 0.0218528881669]
        max: [1, 0.973184287548, 0.619022369385]
        mean: [0.334275573492, 0.555912613869, 0.099186360836]
        min: [0.00385255925357, 0, 0]
        var: [0.0583397448063, 0.0597650669515, 0.0114627927542]

tonal:
    chords_changes_rate: 0.055299539119
    chords_number_rate: 0.0414746552706
    chords_strength:
        dmean: 0.00852649100125
        dmean2: 0.00739480182528
        dvar: 5.99530430918e-05
        dvar2: 6.0462502006e-05
        max: 0.654559016228
        mean: 0.511873781681
        min: 0.336186170578
        var: 0.00466518942267
    key_strength: 0.659363090992
    tuning_diatonic_strength: 0.633832931519
    tuning_equal_tempered_deviation: 0.272556602955
    tuning_frequency: 449.245300293
    tuning_nontempered_energy_ratio: 0.952240765095
    hpcp:
        dmean: [0.123038008809, 0.089018791914, 0.0440624207258, 0.047271784395, 0.0510165765882, 0.0730237662792, 0.0832303836942, 0.0906010270119, 0.0662779286504, 0.0604701042175, 0.112563930452, 0.0989270582795, 0.0967024862766, 0.0882689058781, 0.0941035449505, 0.0888281986117, 0.0604681894183, 0.0276938229799, 0.0329368300736, 0.0483529642224, 0.0737501978874, 0.0735708996654, 0.0638890638947, 0.0641467422247, 0.0796315521002, 0.0891673415899, 0.0660136193037, 0.0893251001835, 0.0661352202296, 0.0440018251538, 0.0382648408413, 0.0813067629933, 0.0890476554632, 0.0905815064907, 0.0866091549397, 0.121476277709]
        dmean2: [0.209647044539, 0.149371817708, 0.0725855752826, 0.081691659987, 0.0862612649798, 0.126957908273, 0.143703654408, 0.151166275144, 0.114696502686, 0.110579185188, 0.184134036303, 0.162465915084, 0.157925337553, 0.140866309404, 0.1517046839, 0.151143833995, 0.0995892211795, 0.046571854502, 0.0589985698462, 0.0846731290221, 0.114335782826, 0.108823165298, 0.104062654078, 0.101901605725, 0.134922385216, 0.156710848212, 0.113311201334, 0.14558956027, 0.100972905755, 0.0717940106988, 0.0663218647242, 0.141411960125, 0.144591405988, 0.145823955536, 0.149344280362, 0.21034373343]
        dvar: [0.0460753366351, 0.0303920004517, 0.0168727338314, 0.0252760481089, 0.0173113550991, 0.0204054489732, 0.0253389086574, 0.0268086288124, 0.0167277958244, 0.0214674435556, 0.0314890220761, 0.0225006509572, 0.0257014650851, 0.0219463352114, 0.0214631464332, 0.0325606055558, 0.0138934096321, 0.00847422331572, 0.0167093966156, 0.0148345585912, 0.0183620378375, 0.0141638796777, 0.0188957415521, 0.0137489717454, 0.0222751162946, 0.0316734723747, 0.0141512043774, 0.0241943672299, 0.0130241503939, 0.00869872886688, 0.0116141121835, 0.0361033119261, 0.0328632555902, 0.0325506664813, 0.0253660287708, 0.03862471506]
        dvar2: [0.120352581143, 0.0797462612391, 0.0435274206102, 0.0708498582244, 0.0453302301466, 0.0536030083895, 0.0624034777284, 0.0678834095597, 0.0430864207447, 0.066284917295, 0.0859316661954, 0.0599646195769, 0.0670344233513, 0.0488150008023, 0.0506177544594, 0.0900443345308, 0.0335606299341, 0.0223870929331, 0.047295153141, 0.0387242771685, 0.0398755930364, 0.0297449287027, 0.0464554727077, 0.0288635902107, 0.0597473308444, 0.0858307778835, 0.0337210595608, 0.0534682571888, 0.0284100882709, 0.0201266240329, 0.0282660312951, 0.0930299013853, 0.0849523618817, 0.0836083889008, 0.0629135295749, 0.105030931532]
        max: [1, 0.97107231617, 1, 0.969900071621, 1, 0.972662448883, 1, 1, 0.827094078064, 1, 1, 1, 1, 1, 1, 1, 1, 0.795776247978, 1, 0.938321888447, 1, 1, 1, 1, 1, 1, 1, 1, 1, 0.917990744114, 1, 1, 1, 1, 1, 1]
        mean: [0.270272344351, 0.111240342259, 0.0458499453962, 0.0454982034862, 0.061789046973, 0.105958871543, 0.137894630432, 0.155850827694, 0.106039337814, 0.0522664934397, 0.160688608885, 0.251321345568, 0.178603455424, 0.151995033026, 0.27948641777, 0.250112622976, 0.0818580910563, 0.0270487330854, 0.0299272369593, 0.0670623108745, 0.131937175989, 0.120830498636, 0.124223448336, 0.133998662233, 0.0974785089493, 0.193639323115, 0.247680723667, 0.167286708951, 0.11570315063, 0.0648467987776, 0.0473604500294, 0.137503772974, 0.212419077754, 0.150203883648, 0.131398573518, 0.273946046829]
        min: [0.00351662561297, 0.00117223057896, 0.000176880974323, 0.000312904914608, 0.000751143845264, 0.000740939169191, 0.000753989676014, 0.000225568510359, 0.000145583879203, 8.93527831067e-05, 0.000155305286171, 0.00049648003187, 0.000387230975321, 0.00157945463434, 0.0014777968172, 0.000457009853562, 0.000497142202221, 8.67146954988e-05, 3.68859400623e-05, 0.000918708508834, 0.000328828842612, 0.00036296347389, 0.000440375122707, 9.87489256659e-05, 0.000201349073905, 0.000109783373773, 0.000586281123105, 0.00144408247434, 0.000588595110457, 0.000552032259293, 0.00018878877745, 0.0006077849539, 0.000971217523329, 0.000183179392479, 0.0013593089534, 0.00183178775478]
        var: [0.122080668807, 0.0363255925477, 0.0190767496824, 0.022602012381, 0.0180283337831, 0.0310223661363, 0.0444556251168, 0.0627001300454, 0.0364954061806, 0.0152853941545, 0.0513240396976, 0.0992809087038, 0.0620244070888, 0.0389570258558, 0.117257162929, 0.129443302751, 0.0169711746275, 0.00656128814444, 0.0110440766439, 0.0202944930643, 0.0476570092142, 0.0295953340828, 0.0438736416399, 0.0544351190329, 0.0249384716153, 0.099847599864, 0.12664347887, 0.0643724054098, 0.0404599197209, 0.0156340319663, 0.0166190899909, 0.0607379078865, 0.118715003133, 0.0686545297503, 0.0407325364649, 0.117363542318]
    chords_histogram: [0.921658992767, 0, 0, 1.84331798553, 0, 0, 0, 0, 3.68663597107, 25.8064517975, 16.129032135, 26.7281112671, 3.68663597107, 0, 0, 0, 0, 0, 0, 9.21658992767, 0, 3.22580647469, 8.75576019287, 0]
    thpcp: [1, 0.894900798798, 0.292887538671, 0.0967801362276, 0.107079394162, 0.239948377013, 0.472070068121, 0.432330489159, 0.444470435381, 0.479446053505, 0.348777264357, 0.692839860916, 0.886199474335, 0.598550379276, 0.41398486495, 0.232021287084, 0.169455289841, 0.491987317801, 0.760033607483, 0.537428200245, 0.470142960548, 0.980176627636, 0.967032134533, 0.398016989231, 0.164050713181, 0.162792176008, 0.221080675721, 0.379119932652, 0.493385791779, 0.557632923126, 0.379407852888, 0.187009066343, 0.574942469597, 0.899225592613, 0.639041602612, 0.543836891651]
    chords_key: "G#"
    chords_scale: "major"
    key_key: "F#"
    key_scale: "minor"
    chords_progression: ["C", "C", "C", "C", "C", "C", "C", "C", "C", "C", "C", "C", "C", "C", "C", "C", "C", "C", "C", "C", "Cm", "Cm", "Cm", "Cm", "Cm", "Cm", "Cm", "Cm", "G#", "G#", "G#", "G#", "G#", "G#", "G#", "G#", "G#", "G#", "G#", "G#", "G#", "G#", "G#", "G#", "G#", "G#", "G#", "G#", "G#", "G#", "G#", "G#", "G#", "G#", "G#", "G#", "G#", "G#", "G#", "G#", "G#", "G#", "G#", "G#", "G#", "G#", "G#", "G#", "G#", "G#", "G#", "G#", "G#", "G#", "G#", "G#", "G#", "G#", "G#", "G#", "G#", "G#", "G#", "G#", "G#", "G#", "F#m", "F#m", "Bm", "Bm", "Bm", "Bm", "Bm", "Bm", "Bm", "Bm", "Bm", "Bm", "Bm", "Bm", "Bm", "Bm", "Bm", "Bm", "Bm", "Bm", "Bm", "Fm", "Fm", "Fm", "Fm", "Fm", "Fm", "Fm", "Fm", "Fm", "Fm", "Fm", "Fm", "Fm", "Fm", "Fm", "Fm", "Fm", "Fm", "Fm", "Fm", "Fm", "Fm", "Fm", "Fm", "Fm", "Fm", "Fm", "Fm", "Fm", "Fm", "Fm", "Fm", "Fm", "Fm", "Fm", "A#m", "A#m", "A#m", "A#m", "A#m", "A#m", "A#m", "A#m", "C#", "C#", "C#", "C#", "C#", "C#", "C#", "C#", "C#", "C#", "C#", "C#", "C#", "C#", "C#", "C#", "C#", "C#", "C#", "C#", "C#", "C#", "C#", "C#", "C#", "C#", "C#", "C#", "C#", "C#", "C#", "C#", "C#", "C#", "C#", "C#", "C#", "C#", "C#", "G", "G", "G", "G", "C#", "C#", "C#", "C#", "C#", "C#", "C#", "C#", "C#", "G", "G", "G", "C#", "C#", "C#", "C#", "C#", "C#", "C#", "C#", "E", "E", "E", "E"]
