
metadata:
    version:
        essentia: "1.2.2"
    audio_properties:
        analysis_sample_rate: 44100
        bitrate: 128
        channels: 2
        equal_loudness: 1
        length: 10.0310201645
        replay_gain: 2.3198261261
        downmix: "mix"
    tags:
        track: 1
        year: 0
        album: "Splitted by Mp3Splt v. 2.1"
        artist: "From 000.00 To 000.10"
        comment: "http://mp3splt.sf.net"
        genre: ""
        title: "18 Epitaph.mp3"

highlevel:
    ballroom:
        all:
            ChaChaCha: 0.0512074045837
            Jive: 0.0504842810333
            Quickstep: 0.0523506216705
            Rumba-American: 0.00793364550918
            Rumba-International: 0.00770574854687
            Rumba-Misc: 0.00625085830688
            Samba: 0.0197368264198
            Tango: 0.139447271824
            VienneseWaltz: 0.228249251842
            Waltz: 0.436634093523
        probability: 0.436634093523
        value: "Waltz"
    culture:
        all:
            non_western: 0.981044828892
            western: 0.0189551487565
        probability: 0.981044828892
        value: "non_western"
    gender:
        all:
            female: 0.718179166317
            male: 0.281820863485
        probability: 0.718179166317
        value: "female"
    genre_dortmund:
        all:
            alternative: 0.0574288740754
            blues: 0.0572971403599
            electronic: 0.598588764668
            folkcountry: 0.033165242523
            funksoulrnb: 0.0156101938337
            jazz: 0.142351433635
            pop: 0.0284421369433
            raphiphop: 0.0324702188373
            rock: 0.034646011889
        probability: 0.598588764668
        value: "electronic"
    genre_electronica:
        all:
            ambient: 0.861534357071
            dnb: 0.0253512617201
            house: 0.0397549085319
            techno: 0.0699514970183
            trance: 0.00340795353986
        probability: 0.861534357071
        value: "ambient"
    genre_rosamerica:
        all:
            cla: 0.276334881783
            dan: 0.029477249831
            hip: 0.180400192738
            jaz: 0.1600651443
            pop: 0.0830608531833
            rhy: 0.151807904243
            roc: 0.0440561659634
            spe: 0.0747976079583
        probability: 0.276334881783
        value: "cla"
    genre_tzanetakis:
        all:
            blu: 0.0945974066854
            cla: 0.214757546782
            cou: 0.0535586476326
            dis: 0.0461962334812
            hip: 0.101232603192
            jaz: 0.0693739950657
            met: 0.0493646785617
            pop: 0.0452036932111
            reg: 0.279535830021
            roc: 0.0461793541908
        probability: 0.279535830021
        value: "reg"
    live_studio:
        all:
            live: 0.488312929869
            studio: 0.511687099934
        probability: 0.511687099934
        value: "studio"
    mood:
        all:
            Cluster1: 0.137291163206
            Cluster2: 0.471536874771
            Cluster3: 0.11750908941
            Cluster4: 0.222918346524
            Cluster5: 0.0507445186377
        probability: 0.471536874771
        value: "Cluster2"
    mood_acoustic:
        all:
            acoustic: 0.109149321914
            not_acoustic: 0.890850663185
        probability: 0.890850663185
        value: "not_acoustic"
    mood_aggressive:
        all:
            aggressive: 0.00416444567963
            not_aggressive: 0.995835542679
        probability: 0.995835542679
        value: "not_aggressive"
    mood_electronic:
        all:
            electronic: 0.824788093567
            not_electronic: 0.175211906433
        probability: 0.824788093567
        value: "electronic"
    mood_happy:
        all:
            happy: 0.195388540626
            not_happy: 0.804611444473
        probability: 0.804611444473
        value: "not_happy"
    mood_party:
        all:
            not_party: 0.548553526402
            party: 0.451446473598
        probability: 0.548553526402
        value: "not_party"
    mood_relaxed:
        all:
            not_relaxed: 0.25326114893
            relaxed: 0.74673885107
        probability: 0.74673885107
        value: "relaxed"
    mood_sad:
        all:
            not_sad: 0.90175062418
            sad: 0.0982493907213
        probability: 0.90175062418
        value: "not_sad"
    rhythm:
        all:
            fast: 0.0434475727379
            medium: 0.363855957985
            slow: 0.592696487904
        probability: 0.592696487904
        value: "slow"
    speech_music:
        all:
            music: 1.84420593996e-06
            speech: 0.999998152256
        probability: 0.999998152256
        value: "speech"
    timbre:
        all:
            bright: 0.287234336138
            dark: 0.71276563406
        probability: 0.71276563406
        value: "dark"
    voice_instrumental:
        all:
            instrumental: 0.984848499298
            voice: 0.0151514746249
        probability: 0.984848499298
        value: "instrumental"

lowlevel:
    average_loudness: 0.531095206738
    barkbands_kurtosis:
        dmean: 20.8889923096
        dmean2: 34.0692253113
        dvar: 763.438293457
        dvar2: 1983.13879395
        max: 237.033462524
        mean: 32.7831573486
        min: -1.96669173241
        var: 1450.30175781
    barkbands_skewness:
        dmean: 1.44296944141
        dmean2: 2.27496170998
        dvar: 1.76725184917
        dvar2: 4.25599145889
        max: 1.22633171082
        mean: -4.07147359848
        min: -14.2133197784
        var: 5.56287574768
    barkbands_spread:
        dmean: 3.98360133171
        dmean2: 6.39560937881
        dvar: 25.8420181274
        dvar2: 62.1251335144
        max: 53.3123664856
        mean: 7.59920406342
        min: 0.275785416365
        var: 65.73878479
    dissonance:
        dmean: 0.00870344880968
        dmean2: 0.0144239263609
        dvar: 0.000185121461982
        dvar2: 0.00051539047854
        max: 0.499916374683
        mean: 0.487290233374
        min: 0.390317559242
        var: 0.000221588372369
    hfc:
        dmean: 4.41903829575
        dmean2: 6.99037027359
        dvar: 65.8743133545
        dvar2: 167.786102295
        max: 74.3628540039
        mean: 7.07242441177
        min: 0.00686685647815
        var: 103.684562683
    pitch:
        dmean: 457.207305908
        dmean2: 845.346740723
        dvar: 632712.9375
        dvar2: 1516440.5
        max: 4410
        mean: 3031.18481445
        min: 288.235290527
        var: 853909
    pitch_instantaneous_confidence:
        dmean: 0.0984539091587
        dmean2: 0.155813351274
        dvar: 0.00785208772868
        dvar2: 0.0189755316824
        max: 0.973594486713
        mean: 0.738077759743
        min: 0.351809203625
        var: 0.0171936489642
    pitch_salience:
        dmean: 0.0906218364835
        dmean2: 0.150443241
        dvar: 0.00586987473071
        dvar2: 0.0155392019078
        max: 0.86739307642
        mean: 0.643479406834
        min: 0.272628486156
        var: 0.0123085761443
    silence_rate_20dB:
        dmean: 0
        dmean2: 0
        dvar: 0
        dvar2: 0
        max: 1
        mean: 1
        min: 1
        var: 0
    silence_rate_30dB:
        dmean: 0
        dmean2: 0
        dvar: 0
        dvar2: 0
        max: 1
        mean: 1
        min: 1
        var: 0
    silence_rate_60dB:
        dmean: 0.102689489722
        dmean2: 0.205882355571
        dvar: 0.0921442359686
        dvar2: 0.222318574786
        max: 1
        mean: 0.804878056049
        min: 0
        var: 0.157049119473
    spectral_centroid:
        dmean: 237.443969727
        dmean2: 351.847900391
        dvar: 60685.7109375
        dvar2: 132730.3125
        max: 4484.79541016
        mean: 3079.4128418
        min: 941.677185059
        var: 222242.046875
    spectral_complexity:
        dmean: 2.25194811821
        dmean2: 3.52864575386
        dvar: 5.13911867142
        dvar2: 12.1606369019
        max: 29
        mean: 5.67616558075
        min: 0
        var: 22.9184360504
    spectral_crest:
        dmean: 3.71515488625
        dmean2: 6.11353683472
        dvar: 9.27829456329
        dvar2: 21.8133792877
        max: 25.5125293732
        mean: 14.4466276169
        min: 5.60205173492
        var: 18.8912944794
    spectral_decrease:
        dmean: 2.61953625458e-10
        dmean2: 4.11185308025e-10
        dvar: 2.38645303185e-19
        dvar2: 6.19364098153e-19
        max: -8.14383445662e-13
        mean: -4.21473855816e-10
        min: -4.52055104461e-09
        var: 3.71003403578e-19
    spectral_energy:
        dmean: 0.00138827960473
        dmean2: 0.0021794589702
        dvar: 6.60767909721e-06
        dvar2: 1.70835464814e-05
        max: 0.0237506981939
        mean: 0.00223222747445
        min: 4.00779799747e-06
        var: 1.03354550447e-05
    spectral_energyband_high:
        dmean: 0.000116753893963
        dmean2: 0.000177031892235
        dvar: 6.55706244856e-08
        dvar2: 1.37443507242e-07
        max: 0.00249629863538
        mean: 0.000148194085341
        min: 1.04757297947e-07
        var: 1.05427076846e-07
    spectral_energyband_low:
        dmean: 2.43104318542e-06
        dmean2: 4.10701113651e-06
        dvar: 2.88092744105e-11
        dvar2: 7.21525270087e-11
        max: 5.73588986299e-05
        mean: 3.00068995784e-06
        min: 7.96390153823e-09
        var: 3.44911391115e-11
    spectral_energyband_middle_high:
        dmean: 0.00133024039678
        dmean2: 0.00212603365071
        dvar: 6.64215758661e-06
        dvar2: 1.71455012605e-05
        max: 0.023680543527
        mean: 0.00203872658312
        min: 1.64406833392e-06
        var: 9.96918151941e-06
    spectral_energyband_middle_low:
        dmean: 3.39557336702e-05
        dmean2: 5.70566335227e-05
        dvar: 1.16031051434e-08
        dvar2: 2.72911133692e-08
        max: 0.00146332685836
        mean: 4.23038545705e-05
        min: 2.46845445417e-07
        var: 2.42163942232e-08
    spectral_flatness_db:
        dmean: 0.0396515950561
        dmean2: 0.0583625994623
        dvar: 0.00105823460035
        dvar2: 0.00263099675067
        max: 0.517057299614
        mean: 0.328106790781
        min: 0.186690971255
        var: 0.00411060638726
    spectral_flux:
        dmean: 0.00897782389075
        dmean2: 0.0140401469544
        dvar: 0.000120705677546
        dvar2: 0.000234721126617
        max: 0.117073617876
        mean: 0.0323516763747
        min: 0.00200194865465
        var: 0.000459820614196
    spectral_kurtosis:
        dmean: 8.20746517181
        dmean2: 13.3388204575
        dvar: 70.5573654175
        dvar2: 183.089538574
        max: 98.0050048828
        mean: 20.8415393829
        min: 2.58236837387
        var: 187.64465332
    spectral_rms:
        dmean: 0.000372239213903
        dmean2: 0.000549000978936
        dvar: 1.95149965521e-07
        dvar2: 4.97107691899e-07
        max: 0.00481366924942
        mean: 0.0012405612506
        min: 6.25303655397e-05
        var: 6.38789344976e-07
    spectral_rolloff:
        dmean: 240.38885498
        dmean2: 406.663360596
        dvar: 82217.6796875
        dvar2: 196844.953125
        max: 4952.63671875
        mean: 3670.46313477
        min: 2239.453125
        var: 184817.765625
    spectral_skewness:
        dmean: 0.712641656399
        dmean2: 1.2030493021
        dvar: 0.39578717947
        dvar2: 1.20445239544
        max: 6.0563120842
        mean: 1.90882563591
        min: -0.0875704735518
        var: 0.84820920229
    spectral_spread:
        dmean: 371571.625
        dmean2: 549018.5625
        dvar: 248624463872
        dvar2: 379832631296
        max: 9244352
        mean: 1810287.25
        min: 517293.21875
        var: 671153127424
    spectral_strongpeak:
        dmean: 0.852611422539
        dmean2: 1.44891750813
        dvar: 0.94527220726
        dvar2: 2.53122067451
        max: 7.20549297333
        mean: 1.37648868561
        min: 0.0163417682052
        var: 1.56151080132
    zerocrossingrate:
        dmean: 0.00752967735752
        dmean2: 0.00878651905805
        dvar: 6.05285022175e-05
        dvar2: 8.32775913295e-05
        max: 0.2197265625
        mean: 0.143912672997
        min: 0.0712890625
        var: 0.000350347720087
    barkbands:
        dmean: [1.20537833936e-07, 1.01300827282e-06, 1.69163615737e-06, 6.07837955613e-06, 9.66636616795e-06, 8.46711463964e-06, 1.68508870502e-06, 3.11494864036e-06, 6.61094009047e-06, 3.4308686736e-05, 1.07371215563e-05, 1.12257259843e-06, 8.03772252311e-07, 2.76573937299e-05, 2.31973881455e-05, 3.76755997422e-05, 8.72156088008e-05, 0.000537956657354, 0.000798385764938, 0.000197983754333, 5.7758854382e-05, 2.97237448876e-07, 1.0541757689e-07, 4.71479699726e-09, 4.65249083703e-09, 5.57429380432e-10, 3.35002636742e-10]
        dmean2: [1.64905955558e-07, 1.67466805578e-06, 3.01110571854e-06, 1.07726955321e-05, 1.51029607878e-05, 1.33416187964e-05, 2.77921503766e-06, 4.88099249196e-06, 1.2109688214e-05, 5.61944616493e-05, 1.71923766175e-05, 1.80008362349e-06, 1.47047774135e-06, 4.64182085125e-05, 4.14457936131e-05, 6.34908283246e-05, 0.000151545726112, 0.00093559542438, 0.00135040737223, 0.000292767828796, 9.10566013772e-05, 4.40274362745e-07, 1.54321682544e-07, 7.65384378099e-09, 7.58803242462e-09, 7.97479415837e-10, 4.4000578181e-10]
        dvar: [2.73783491538e-13, 1.0780821548e-11, 1.65746704556e-11, 2.4724455816e-10, 4.27206181541e-09, 1.37147471158e-09, 1.56599004597e-11, 7.1273112412e-11, 1.54628698734e-09, 2.38911717076e-08, 1.69176261888e-09, 8.90872618731e-12, 1.59012161077e-11, 3.81664619908e-08, 1.18773915148e-08, 1.39564741986e-08, 1.63623241178e-07, 2.12807867683e-06, 2.75399156635e-06, 1.08268608301e-07, 2.71975366672e-08, 2.71119151435e-12, 2.59578627039e-13, 4.57978273784e-17, 4.27560758165e-17, 1.77669081523e-17, 1.86454136675e-17]
        dvar2: [4.42413168817e-13, 2.27357004751e-11, 4.7874603587e-11, 6.93168911159e-10, 9.88355619569e-09, 2.43844233694e-09, 3.80771005004e-11, 1.84462778385e-10, 4.53986048754e-09, 6.1122364059e-08, 3.79083475721e-09, 2.28773597288e-11, 4.68209949978e-11, 9.63290389677e-08, 3.47114799126e-08, 3.05731724382e-08, 4.72689180242e-07, 6.26473456578e-06, 6.73395697959e-06, 2.21661665023e-07, 6.87702552682e-08, 4.08687883882e-12, 5.93636413897e-13, 7.91075634653e-17, 7.63930346276e-17, 1.82276378273e-17, 1.8750290243e-17]
        max: [7.02263878338e-06, 3.18977072311e-05, 5.62113491469e-05, 0.000196904438781, 0.00125954393297, 0.000625290966127, 4.97592845932e-05, 9.50561734498e-05, 0.000454310094938, 0.00196310668252, 0.000777677865699, 3.6049837945e-05, 5.27734664502e-05, 0.00266248127446, 0.00104247406125, 0.00155713618733, 0.00534159736708, 0.0141833908856, 0.0135849686339, 0.00283341482282, 0.00165193690918, 2.90690786642e-05, 8.36332947074e-06, 1.13738721552e-07, 1.07278907535e-07, 8.36447071606e-08, 8.48805541409e-08]
        mean: [1.24088586517e-07, 1.08266647203e-06, 1.80020253993e-06, 5.14040038979e-06, 1.45341018651e-05, 9.1834435807e-06, 1.61223533723e-06, 4.05616719945e-06, 4.67559539175e-06, 4.08329942729e-05, 1.66429545061e-05, 1.2984520481e-06, 6.12437588643e-07, 1.98960424314e-05, 1.85272601811e-05, 4.51982123195e-05, 7.9064455349e-05, 0.000578910054173, 0.00104582880158, 0.000284026144072, 5.86640526308e-05, 3.79305760134e-07, 1.11769885791e-07, 1.43932252783e-08, 1.32828912314e-08, 1.41178435609e-09, 3.06670050465e-10]
        min: [1.22972541438e-13, 1.49624451717e-10, 2.73404721085e-09, 9.82452252885e-09, 1.50594239301e-08, 9.1417229342e-09, 4.50862769341e-09, 2.56926080411e-09, 1.86406401426e-09, 1.10044262591e-09, 4.99860430825e-10, 9.95918902902e-10, 1.39707378999e-09, 2.67831334888e-09, 2.81530954105e-09, 1.57257993294e-08, 7.07897243046e-08, 5.03566980115e-07, 4.31157729963e-07, 6.3113944293e-08, 3.75937467822e-08, 1.26301538117e-08, 4.10309830556e-09, 2.84291701291e-09, 2.28374807953e-09, 2.54642390507e-10, 3.96252963168e-13]
        var: [4.29977911999e-13, 1.48167814823e-11, 1.27437132028e-11, 2.18433424126e-10, 9.54506340634e-09, 2.70026823124e-09, 1.53150755966e-11, 1.14425934006e-10, 8.41336722512e-10, 2.58828762867e-08, 4.31969571224e-09, 1.35088988606e-11, 8.67602430871e-12, 2.860831394e-08, 7.62044116698e-09, 1.85022486221e-08, 1.02410659508e-07, 1.90807008948e-06, 3.56002328772e-06, 2.5579100793e-07, 3.21802353653e-08, 4.87166557095e-12, 2.51700922474e-13, 5.68373930684e-17, 5.22666974059e-17, 1.77259213529e-17, 1.86091682674e-17]
    mfcc:
        mean: [-917.233886719, 78.1554794312, -103.637535095, 102.785255432, -5.18277454376, -49.726108551, 19.8551292419, 5.00436115265, -3.9654610157, 6.59031915665, -11.831744194, -15.9339742661, -2.8911178112]
        cov: [[2048.74609375, 383.460601807, -799.947265625, -110.931282043, -382.432342529, -119.946365356, 288.970672607, 99.6372146606, -6.91876220703, 56.4313774109, -165.550430298, -109.106880188, 52.891166687], [383.460601807, 519.460510254, -10.711555481, -265.338562012, -7.05814361572, -57.0766296387, 67.9864578247, 90.8392333984, -43.7911987305, 25.4230537415, -14.0480232239, -65.389541626, 47.9726142883], [-799.947265625, -10.711555481, 718.518981934, 194.981872559, 39.5434341431, 29.902015686, -95.3064956665, -31.4112453461, -12.1694107056, -22.4837436676, 108.574668884, 95.6208496094, 3.13742518425], [-110.931282043, -265.338562012, 194.981872559, 632.656799316, 59.1751976013, -65.921661377, -35.3124961853, -184.513290405, -3.17802286148, -58.0071182251, 6.86654520035, 148.144088745, -10.85526371], [-382.432342529, -7.05814361572, 39.5434341431, 59.1751976013, 609.641052246, 130.835861206, -210.972503662, -23.3811798096, -58.1836585999, 9.81736660004, 28.1169929504, -15.1037817001, 80.2802658081], [-119.946365356, -57.0766296387, 29.902015686, -65.921661377, 130.835861206, 327.120941162, 27.882390976, -67.0743713379, 21.8946685791, 36.0976104736, -9.89355373383, 0.364845424891, 13.9560956955], [288.970672607, 67.9864578247, -95.3064956665, -35.3124961853, -210.972503662, 27.882390976, 405.673797607, 102.484992981, -41.4952926636, 21.1727924347, -50.4776344299, -8.34684658051, -2.17262244225], [99.6372146606, 90.8392333984, -31.4112453461, -184.513290405, -23.3811798096, -67.0743713379, 102.484992981, 413.404541016, 32.3835601807, 19.2223434448, -5.40873146057, -109.974327087, 89.9736709595], [-6.91876220703, -43.7911987305, -12.1694107056, -3.17802286148, -58.1836585999, 21.8946685791, -41.4952926636, 32.3835601807, 335.215209961, 100.100952148, -52.2661056519, 17.9393386841, -51.2269058228], [56.4313774109, 25.4230537415, -22.4837436676, -58.0071182251, 9.81736660004, 36.0976104736, 21.1727924347, 19.2223434448, 100.100952148, 246.712493896, 19.8321609497, -71.5844192505, -13.844045639], [-165.550430298, -14.0480232239, 108.574668884, 6.86654520035, 28.1169929504, -9.89355373383, -50.4776344299, -5.40873146057, -52.2661056519, 19.8321609497, 235.757080078, 95.6245651245, -15.380648613], [-109.106880188, -65.389541626, 95.6208496094, 148.144088745, -15.1037817001, 0.364845424891, -8.34684658051, -109.974327087, 17.9393386841, -71.5844192505, 95.6245651245, 282.677124023, 50.546875], [52.891166687, 47.9726142883, 3.13742518425, -10.85526371, 80.2802658081, 13.9560956955, -2.17262244225, 89.9736709595, -51.2269058228, -13.844045639, -15.380648613, 50.546875, 273.226501465]]
        icov: [[0.00296644028276, -0.0037587415427, 0.00416565453634, -0.00326692219824, 0.00287426845171, -0.00217415718362, 0.00146974029485, -0.00168242980726, 0.00103052763734, -0.00100035523064, 0.000305025227135, -0.000289885734674, -4.63542055513e-05], [-0.0037587415427, 0.00789871625602, -0.00595458736643, 0.00599911017343, -0.00441586319357, 0.00438363058493, -0.00312579469755, 0.00302050821483, -0.00149957905523, 0.0012808808824, -0.000263923226157, 0.000715001951903, -0.000661830359604], [0.00416565453634, -0.00595458736643, 0.00777270831168, -0.00568859651685, 0.00452955439687, -0.00404471857473, 0.00301311165094, -0.00312570296228, 0.00176848610863, -0.00149458472151, -0.000125776263303, -0.000789887737483, 0.000247706804657], [-0.00326692219824, 0.00599911017343, -0.00568859651685, 0.00718981586397, -0.00435845088214, 0.00455583957955, -0.00312083913013, 0.00364322750829, -0.00167157221586, 0.00139385811053, 0.000137938535772, -0.00013649284665, -0.000456316687632], [0.00287426845171, -0.00441586319357, 0.00452955439687, -0.00435845088214, 0.00583185954019, -0.00419181119651, 0.00377979758196, -0.00283162365668, 0.00222287559882, -0.00164520496037, 0.000519188470207, -0.000552468874957, -7.83184004831e-05], [-0.00217415718362, 0.00438363058493, -0.00404471857473, 0.00455583957955, -0.00419181119651, 0.00713715516031, -0.00370040838607, 0.00377443782054, -0.00223328522407, 0.00109559576958, -0.000541943823919, 0.001084378222, -0.00112092564814], [0.00146974029485, -0.00312579469755, 0.00301311165094, -0.00312083913013, 0.00377979758196, -0.00370040838607, 0.00627739541233, -0.00390441878699, 0.00321493949741, -0.0024484009482, 0.00224888348021, -0.00253626634367, 0.00159429619089], [-0.00168242980726, 0.00302050821483, -0.00312570296228, 0.00364322750829, -0.00283162365668, 0.00377443782054, -0.00390441878699, 0.00675679789856, -0.00341981439851, 0.00255002290942, -0.00257317046635, 0.00382523122244, -0.00300536444411], [0.00103052763734, -0.00149957905523, 0.00176848610863, -0.00167157221586, 0.00222287559882, -0.00223328522407, 0.00321493949741, -0.00341981439851, 0.00646550394595, -0.00398409925401, 0.0036274897866, -0.00388262560591, 0.00252256472595], [-0.00100035523064, 0.0012808808824, -0.00149458472151, 0.00139385811053, -0.00164520496037, 0.00109559576958, -0.0024484009482, 0.00255002290942, -0.00398409925401, 0.00724055059254, -0.00346173346043, 0.00408081803471, -0.00172038737219], [0.000305025227135, -0.000263923226157, -0.000125776263303, 0.000137938535772, 0.000519188470207, -0.000541943823919, 0.00224888348021, -0.00257317046635, 0.0036274897866, -0.00346173346043, 0.00823045615107, -0.00524843577296, 0.00267356494442], [-0.000289885734674, 0.000715001951903, -0.000789887737483, -0.00013649284665, -0.000552468874957, 0.001084378222, -0.00253626634367, 0.00382523122244, -0.00388262560591, 0.00408081803471, -0.00524843577296, 0.00903384760022, -0.00372654316016], [-4.63542055513e-05, -0.000661830359604, 0.000247706804657, -0.000456316687632, -7.83184004831e-05, -0.00112092564814, 0.00159429619089, -0.00300536444411, 0.00252256472595, -0.00172038737219, 0.00267356494442, -0.00372654316016, 0.00607247790322]]
    spectral_contrast:
        mean: [3.84573496603e-07, -1.75783512191e-07, 8.85576767473e-08, 1.43471936553e-07, 2.95706968245e-07, -1.75107942368e-07, 4.96942129757e-06, -2.12384020415e-06, 4.68784355689e-06, 9.17849774851e-07, -1.18529862903e-06, -2.84044699583e-06]
        var: [0.00272911787033, 0.00306133925915, 0.00404402473941, 0.00497892964631, 0.00582192838192, 0.00673054391518, 0.0278746001422, 0.208008185029, 0.273594290018, 0.33848580718, 0.569573640823, 1.2144844532]

rhythm:
    beats_loudness:
        dmean: 0.00158413336612
        dmean2: 0.00262619694695
        dvar: 2.88566297968e-06
        dvar2: 7.73871215642e-06
        max: 0.00793063547462
        mean: 0.00208354671486
        min: 0.000241280373302
        var: 4.38361303168e-06
    beats_loudness_bass:
        dmean: 0.0109805148095
        dmean2: 0.0210336148739
        dvar: 0.000212576400372
        dvar2: 0.000602508429438
        max: 0.0546062551439
        mean: 0.00824287161231
        min: 0.000310450879624
        var: 0.00016480848717
    bpm: 127.227378845
    bpm_confidence: 0
    first_peak_bpm: 126
    first_peak_spread: 0.470588207245
    first_peak_weight: 0.5
    onset_rate: 4.18701171875
    second_peak_bpm: 120
    second_peak_spread: 0
    second_peak_weight: 0.0555555559695
    beats_position: [1.36556279659, 1.84345114231, 2.32133936882, 2.79922771454, 3.27711582184, 3.75500416756, 4.23289251328, 4.71078062057, 5.18866920471, 5.66655731201, 6.16806554794, 6.63354492188, 7.09902477264, 7.56450510025, 8.02998542786, 8.49546432495, 8.96094417572, 9.42642402649, 9.89190387726]
    bpm_estimates: [125.278785706, 125.636550903, 125.74269104, 128.070281982, 129.148391724, 129.487579346]
    bpm_intervals: [0.477888345718, 0.477888226509, 0.477888345718, 0.4778881073, 0.477888345718, 0.477888345718, 0.4778881073, 0.477888584137, 0.4778881073, 0.501508235931, 0.465479373932, 0.465479850769, 0.465480327606, 0.465480327606, 0.465478897095, 0.465479850769, 0.465479850769, 0.465479850769]
    onset_times: [1.23065757751, 1.34675741196, 1.5673469305, 1.78793644905, 2.51936507225, 2.63546490669, 2.87927436829, 3.06503391266, 3.36689352989, 3.49460315704, 3.63392281532, 3.75002264977, 3.86612248421, 4.38857126236, 4.81814050674, 5.15482997894, 5.32897949219, 5.64244890213, 5.92108821869, 6.08362817764, 6.22294807434, 6.3622674942, 6.68734693527, 6.7570066452, 6.8963265419, 7.05886602402, 7.25623559952, 7.51165533066, 7.63936519623, 7.77868461609, 7.90639448166, 8.20825386047, 8.31274414062, 8.71909332275, 8.82358264923, 8.96290206909, 9.07900238037, 9.17188167572, 9.29959201813, 9.43891143799, 9.61306095123, 9.8800907135]
    rubato_start: []
    rubato_stop: []
    perceptual_tempo: "unknown"

sfx:
    inharmonicity:
        dmean: 0.0893824100494
        dmean2: 0.158343732357
        dvar: 0.00677591376007
        dvar2: 0.0192311294377
        max: 0.482407867908
        mean: 0.0967532470822
        min: 0
        var: 0.00764498114586
    oddtoevenharmonicenergyratio:
        dmean: 1197.75048828
        dmean2: 2254.22241211
        dvar: 90332504
        dvar2: 263551680
        max: 121919.765625
        mean: 608.883789062
        min: 0
        var: 46009192
    pitch_after_max_to_before_max_energy_ratio: 3.14801573753
    pitch_centroid: 193.604812622
    pitch_max_to_total: 0.220207259059
    pitch_min_to_total: 0.0854922309518
    tristimulus:
        dmean: [0.123073421419, 0.435145139694, 0.251050114632]
        dmean2: [0.221785604954, 0.811927080154, 0.463853597641]
        dvar: [0.0346642769873, 0.120710775256, 0.0785146728158]
        dvar2: [0.094980686903, 0.301047831774, 0.198656067252]
        max: [1, 0.999433875084, 0.964929878712]
        mean: [0.0969772860408, 0.499064832926, 0.179040074348]
        min: [0.000388087093597, 0, 0]
        var: [0.0267369430512, 0.155412808061, 0.0741186961532]

tonal:
    chords_changes_rate: 0.151041671634
    chords_number_rate: 0.0520833320916
    chords_strength:
        dmean: 0.0146948145702
        dmean2: 0.018906487152
        dvar: 0.000125509759528
        dvar2: 0.000223667215323
        max: 0.58123087883
        mean: 0.431488633156
        min: 0.284859329462
        var: 0.0054331831634
    key_strength: 0.238141402602
    tuning_diatonic_strength: 0.361787199974
    tuning_equal_tempered_deviation: 0.235412314534
    tuning_frequency: 446.399932861
    tuning_nontempered_energy_ratio: 0.884534358978
    hpcp:
        dmean: [0.194272652268, 0.186301246285, 0.179395422339, 0.166488334537, 0.176708415151, 0.18311445415, 0.180303305387, 0.158956751227, 0.125052794814, 0.105285733938, 0.095471650362, 0.11718031764, 0.12778519094, 0.108173750341, 0.0982595905662, 0.0968174040318, 0.0829884633422, 0.0544020459056, 0.0490992367268, 0.048952486366, 0.0478912033141, 0.0583231598139, 0.0894703567028, 0.108007200062, 0.138020351529, 0.186491385102, 0.205788701773, 0.218434914947, 0.228984639049, 0.249823302031, 0.271854013205, 0.240830942988, 0.239227354527, 0.258669704199, 0.2624129951, 0.21391068399]
        dmean2: [0.331734627485, 0.321917712688, 0.29638916254, 0.280643433332, 0.295243263245, 0.306657731533, 0.31300675869, 0.277111709118, 0.221569702029, 0.181555852294, 0.172250300646, 0.215251520276, 0.225755035877, 0.188578009605, 0.164916962385, 0.154596343637, 0.130763709545, 0.0934377461672, 0.0892720147967, 0.0870288535953, 0.0841897502542, 0.105608738959, 0.160591959953, 0.181668609381, 0.233517810702, 0.324108958244, 0.341035068035, 0.359845727682, 0.374719023705, 0.428659468889, 0.472779601812, 0.410897254944, 0.401142597198, 0.418550521135, 0.448172718287, 0.358460515738]
        dvar: [0.0334187597036, 0.0347724743187, 0.0353758633137, 0.0387466065586, 0.0411675646901, 0.0465376079082, 0.0457009971142, 0.0405771695077, 0.0351778864861, 0.0263290926814, 0.022918779403, 0.0326684638858, 0.040874723345, 0.033473033458, 0.0290889889002, 0.0214030314237, 0.0200007129461, 0.0118836741894, 0.00956862047315, 0.00576339801773, 0.00733001576737, 0.0116817718372, 0.0140181956813, 0.0187673401088, 0.0290288273245, 0.0442374274135, 0.0454558692873, 0.0500287115574, 0.0412225350738, 0.0385051108897, 0.0450126230717, 0.0504700392485, 0.0458302125335, 0.0485386364162, 0.0465893708169, 0.0340224951506]
        dvar2: [0.0878520831466, 0.083376377821, 0.0900229737163, 0.093372233212, 0.104102283716, 0.123170033097, 0.114211253822, 0.1018262133, 0.0834081918001, 0.0689982995391, 0.0624347627163, 0.0891492143273, 0.112210705876, 0.0801096558571, 0.0671899691224, 0.0439956709743, 0.0434829853475, 0.0314328856766, 0.0264976043254, 0.015417070128, 0.0204645060003, 0.033288422972, 0.0389620698988, 0.0475944615901, 0.0717268809676, 0.103457845747, 0.100977227092, 0.123400710523, 0.10820773989, 0.101815275848, 0.118905849755, 0.127536430955, 0.110630005598, 0.115013115108, 0.111378967762, 0.0866754800081]
        max: [1, 1, 1, 1, 1, 1, 1, 1, 1, 1, 0.922387301922, 1, 1, 1, 1, 1, 1, 0.828116774559, 1, 0.471107512712, 0.582098782063, 0.940669178963, 0.660733222961, 1, 1, 1, 1, 1, 1, 1, 1, 1, 1, 1, 1, 1]
        mean: [0.273297399282, 0.25227817893, 0.230491578579, 0.221694752574, 0.213479474187, 0.216916903853, 0.204665437341, 0.166352882981, 0.140759155154, 0.115016072989, 0.0966051593423, 0.121186755598, 0.13511197269, 0.120969563723, 0.108987100422, 0.102337606251, 0.0831451192498, 0.0523338131607, 0.0428917557001, 0.0455916784704, 0.0427283160388, 0.0526507906616, 0.0850499644876, 0.127228245139, 0.170816347003, 0.218083903193, 0.253440469503, 0.297306090593, 0.367854207754, 0.405112594366, 0.394611001015, 0.394602805376, 0.434414863586, 0.495577007532, 0.46009978652, 0.33320954442]
        min: [0.0109126465395, 0.0144884446636, 0.00676508806646, 0.00733226398006, 0.00495345704257, 0.00342779629864, 0.00160687626339, 0.00252754124813, 0.0012529687956, 0.000386973377317, 0.000737612193916, 0.000814891594928, 0.000766994722653, 0.00057088577887, 0.000754669192247, 0.000273654877674, 0.000208812154597, 0.000190307706362, 0.000119016767712, 0.000156381167471, 0.000168883605511, 0.000589646806475, 0.000968763255514, 0.000987418810837, 0.00383857754059, 0.00505755655468, 0.00572822010145, 0.00724697718397, 0.007186609786, 0.0109298517928, 0.0125804217532, 0.0197297018021, 0.0178563073277, 0.00166258600075, 0.00417947256938, 0.00715537974611]
        var: [0.0604455322027, 0.0571389608085, 0.0543176867068, 0.0596662275493, 0.0631040781736, 0.0782683119178, 0.073815561831, 0.0476110130548, 0.0477927476168, 0.0363772213459, 0.0261733289808, 0.0425219796598, 0.0509780012071, 0.0420884899795, 0.0376713015139, 0.0295322034508, 0.0251045450568, 0.0117420656607, 0.00878699216992, 0.00578449154273, 0.00603927671909, 0.00856545846909, 0.0136783877388, 0.0301483031362, 0.0420998185873, 0.063452847302, 0.0728486329317, 0.0785099938512, 0.0909224376082, 0.0858305320144, 0.0806916132569, 0.0792058631778, 0.0760429725051, 0.10380858928, 0.107257626951, 0.0697500184178]
    chords_histogram: [0, 0, 0, 2.08333325386, 0.520833313465, 2.60416674614, 9.375, 22.3958339691, 0, 14.0625, 1.04166662693, 0, 0, 0, 23.9583339691, 0, 0, 0, 0, 0, 14.0625, 7.29166650772, 0, 2.60416674614]
    thpcp: [1, 0.92841231823, 0.672366857529, 0.551473140717, 0.509059488773, 0.465097397566, 0.447346717119, 0.430769532919, 0.437705755234, 0.412984132767, 0.335675150156, 0.284030854702, 0.232085168362, 0.19493471086, 0.244536682963, 0.272635668516, 0.244098424911, 0.219919607043, 0.206501930952, 0.167774364352, 0.105601780117, 0.0865491256118, 0.0919971615076, 0.0862193256617, 0.106241390109, 0.171618059278, 0.256727486849, 0.344681739807, 0.440060585737, 0.511404812336, 0.599919080734, 0.742274582386, 0.817456424236, 0.796265780926, 0.796249210835, 0.876583993435]
    chords_key: "G"
    chords_scale: "minor"
    key_key: "F#"
    key_scale: "minor"
    chords_progression: ["F#", "F#", "F#", "F#", "F#", "G", "G", "G", "G", "G", "G", "G", "G", "F#", "G", "G", "F#", "F#", "F#", "F#", "F#", "F#", "F#", "F#", "F#", "F#", "F#", "F#", "F#", "F#", "F#", "F#", "F#", "F#", "F#", "F#", "F#", "F#", "F#", "F#", "F#", "F#", "F#", "F#", "F#", "F#", "F#", "F#", "F#", "F#", "D#m", "D#m", "D#m", "D#m", "D#m", "D#m", "D#m", "D#m", "D#m", "F#", "F#", "F#", "D#m", "D#m", "D#m", "D#m", "D#m", "D#m", "Em", "Em", "D#m", "D#m", "D#m", "Em", "G#m", "B", "B", "B", "Em", "Em", "B", "B", "D", "D", "D", "D", "D", "Gm", "Gm", "Gm", "Gm", "Gm", "Gm", "Gm", "Gm", "Gm", "Gm", "Gm", "Gm", "Gm", "Gm", "G", "G", "Gm", "G", "Gm", "Gm", "Gm", "Gm", "Gm", "Gm", "Gm", "Gm", "Gm", "Gm", "Gm", "Gm", "Gm", "Gm", "Gm", "Gm", "Gm", "Gm", "Gm", "Gm", "G", "Gm", "Gm", "Gm", "Gm", "Gm", "E", "E", "E", "Gm", "Gm", "Gm", "Gm", "Gm", "Gm", "C#", "C#", "E", "C#", "C#", "C#", "C#", "C#", "C#", "C#", "C#", "C#", "C#", "C#", "C#", "C#", "C#", "C#", "C#", "C#", "C#", "C#", "C#", "C#", "C#", "C#", "C#", "C#", "Fm", "Fm", "Em", "Em", "Em", "Em", "Em", "Em", "Em", "Em", "Em", "Em", "Em", "Em", "Em", "Em", "Em", "Em", "Em", "Em", "Em", "Em", "Em", "Em"]
