
metadata:
    version:
        essentia: "1.2.2"
    audio_properties:
        analysis_sample_rate: 44100
        bitrate: 128
        channels: 2
        equal_loudness: 1
        length: 10.0571432114
        replay_gain: -7.35072135925
        downmix: "mix"
    tags:
        track: 18
        year: 0
        album: "Splitted by Mp3Splt v. 2.1"
        artist: "From 002.50 To 003.00"
        comment: "http://mp3splt.sf.net"
        genre: ""
        title: "07 Elemental.mp3"

highlevel:
    ballroom:
        all:
            ChaChaCha: 0.0728944987059
            Jive: 0.122931651771
            Quickstep: 0.0211802572012
            Rumba-American: 0.0107530253008
            Rumba-International: 0.403189063072
            Rumba-Misc: 0.0634676739573
            Samba: 0.236820727587
            Tango: 0.00739465840161
            VienneseWaltz: 0.0514783933759
            Waltz: 0.0098900673911
        probability: 0.403189063072
        value: "Rumba-International"
    culture:
        all:
            non_western: 0.301768630743
            western: 0.698231339455
        probability: 0.698231339455
        value: "western"
    gender:
        all:
            female: 0.766329526901
            male: 0.233670473099
        probability: 0.766329526901
        value: "female"
    genre_dortmund:
        all:
            alternative: 0.123693831265
            blues: 0.00650870893151
            electronic: 0.340006738901
            folkcountry: 0.0306860655546
            funksoulrnb: 0.0316373072565
            jazz: 0.0685447230935
            pop: 0.0980576872826
            raphiphop: 0.175017997622
            rock: 0.125846937299
        probability: 0.340006738901
        value: "electronic"
    genre_electronica:
        all:
            ambient: 0.164945811033
            dnb: 0.209407508373
            house: 0.096396304667
            techno: 0.0840337127447
            trance: 0.445216655731
        probability: 0.445216655731
        value: "trance"
    genre_rosamerica:
        all:
            cla: 0.00747344549745
            dan: 0.777244031429
            hip: 0.10201087594
            jaz: 0.00679058209062
            pop: 0.0112618776038
            rhy: 0.0263499971479
            roc: 0.0620355568826
            spe: 0.00683363666758
        probability: 0.777244031429
        value: "dan"
    genre_tzanetakis:
        all:
            blu: 0.00768893444911
            cla: 0.0049091745168
            cou: 0.019043289125
            dis: 0.0445970334113
            hip: 0.190698102117
            jaz: 0.00632596481591
            met: 0.0341320447624
            pop: 0.289162546396
            reg: 0.312888801098
            roc: 0.0905541032553
        probability: 0.312888801098
        value: "reg"
    live_studio:
        all:
            live: 0.104096069932
            studio: 0.895903944969
        probability: 0.895903944969
        value: "studio"
    mood:
        all:
            Cluster1: 0.363853424788
            Cluster2: 0.0770497471094
            Cluster3: 0.319822788239
            Cluster4: 0.0210117641836
            Cluster5: 0.218262284994
        probability: 0.363853424788
        value: "Cluster1"
    mood_acoustic:
        all:
            acoustic: 0.25554767251
            not_acoustic: 0.744452297688
        probability: 0.744452297688
        value: "not_acoustic"
    mood_aggressive:
        all:
            aggressive: 0.454028606415
            not_aggressive: 0.545971393585
        probability: 0.545971393585
        value: "not_aggressive"
    mood_electronic:
        all:
            electronic: 0.989070117474
            not_electronic: 0.0109299039468
        probability: 0.989070117474
        value: "electronic"
    mood_happy:
        all:
            happy: 0.220937356353
            not_happy: 0.779062628746
        probability: 0.779062628746
        value: "not_happy"
    mood_party:
        all:
            not_party: 0.66984140873
            party: 0.330158621073
        probability: 0.66984140873
        value: "not_party"
    mood_relaxed:
        all:
            not_relaxed: 0.596771776676
            relaxed: 0.403228253126
        probability: 0.596771776676
        value: "not_relaxed"
    mood_sad:
        all:
            not_sad: 0.399043619633
            sad: 0.600956380367
        probability: 0.600956380367
        value: "sad"
    rhythm:
        all:
            fast: 0.216392219067
            medium: 0.660083413124
            slow: 0.123524367809
        probability: 0.660083413124
        value: "medium"
    speech_music:
        all:
            music: 0.999871075153
            speech: 0.000128907020553
        probability: 0.999871075153
        value: "music"
    timbre:
        all:
            bright: 0.657148599625
            dark: 0.342851430178
        probability: 0.657148599625
        value: "bright"
    voice_instrumental:
        all:
            instrumental: 0.311841726303
            voice: 0.688158273697
        probability: 0.688158273697
        value: "voice"

lowlevel:
    average_loudness: 0.972373127937
    barkbands_kurtosis:
        dmean: 3.3680434227
        dmean2: 5.43426465988
        dvar: 13.9185733795
        dvar2: 34.1824760437
        max: 32.7445831299
        mean: 4.25482368469
        min: -1.84911859035
        var: 27.1805095673
    barkbands_skewness:
        dmean: 0.597960293293
        dmean2: 0.962638318539
        dvar: 0.308272212744
        dvar2: 0.812693297863
        max: 4.80292701721
        mean: 1.87182152271
        min: -0.497432202101
        var: 0.83271420002
    barkbands_spread:
        dmean: 8.54611778259
        dmean2: 13.3107976913
        dvar: 59.7818717957
        dvar2: 138.392700195
        max: 52.3197059631
        mean: 20.9182701111
        min: 2.2091448307
        var: 114.673789978
    dissonance:
        dmean: 0.0195049829781
        dmean2: 0.0321110486984
        dvar: 0.000494862732012
        dvar2: 0.000769696198404
        max: 0.499999850988
        mean: 0.46514543891
        min: 0.0473187789321
        var: 0.000871428579558
    hfc:
        dmean: 1.48118925095
        dmean2: 2.25745391846
        dvar: 4.40472793579
        dvar2: 11.2412996292
        max: 20.9456443787
        mean: 2.93447208405
        min: 6.04681736149e-05
        var: 5.30788040161
    pitch:
        dmean: 396.009277344
        dmean2: 769.859802246
        dvar: 1026107.5
        dvar2: 2946673.75
        max: 4900
        mean: 392.576202393
        min: 51.5789489746
        var: 688726.6875
    pitch_instantaneous_confidence:
        dmean: 0.0775209739804
        dmean2: 0.127718687057
        dvar: 0.00422579748556
        dvar2: 0.0112777091563
        max: 0.67629724741
        mean: 0.309038609266
        min: 0.115329623222
        var: 0.00824130978435
    pitch_salience:
        dmean: 0.0749820098281
        dmean2: 0.116642519832
        dvar: 0.00512657081708
        dvar2: 0.0105486894026
        max: 0.941485822201
        mean: 0.680717885494
        min: 0.222179472446
        var: 0.0134694240987
    silence_rate_20dB:
        dmean: 0
        dmean2: 0
        dvar: 0
        dvar2: 0
        max: 1
        mean: 1
        min: 1
        var: 0
    silence_rate_30dB:
        dmean: 0
        dmean2: 0
        dvar: 0
        dvar2: 0
        max: 1
        mean: 1
        min: 1
        var: 0
    silence_rate_60dB:
        dmean: 0.184757500887
        dmean2: 0.370370358229
        dvar: 0.150621473789
        dvar2: 0.279492884874
        max: 1
        mean: 0.43548387289
        min: 0
        var: 0.245837643743
    spectral_centroid:
        dmean: 259.400268555
        dmean2: 402.084838867
        dvar: 69442.1796875
        dvar2: 166193.1875
        max: 2663.15942383
        mean: 721.038146973
        min: 171.247390747
        var: 132814.5
    spectral_complexity:
        dmean: 2.06496524811
        dmean2: 3.38837218285
        dvar: 5.82408189774
        dvar2: 16.0096073151
        max: 22
        mean: 7.90046310425
        min: 0
        var: 10.4692649841
    spectral_crest:
        dmean: 2.46272373199
        dmean2: 4.01064682007
        dvar: 5.22745513916
        dvar2: 14.2088003159
        max: 20.4779224396
        mean: 9.59123325348
        min: 3.50707602501
        var: 12.7176647186
    spectral_decrease:
        dmean: 4.10746825441e-10
        dmean2: 6.06803773895e-10
        dvar: 2.5142136624e-19
        dvar2: 5.9209738173e-19
        max: -2.40303857e-14
        mean: -1.07506936686e-09
        min: -5.81297765478e-09
        var: 5.08042493208e-19
    spectral_energy:
        dmean: 0.0016460159095
        dmean2: 0.00242513068952
        dvar: 3.94166727347e-06
        dvar2: 9.3036906037e-06
        max: 0.0227690003812
        mean: 0.00432372279465
        min: 9.61810400213e-08
        var: 7.93898198026e-06
    spectral_energyband_high:
        dmean: 0.000160744559253
        dmean2: 0.000249760982115
        dvar: 5.18307352593e-08
        dvar2: 1.25281147234e-07
        max: 0.00267398590222
        mean: 0.000170659361174
        min: 2.1422275065e-09
        var: 5.31260475611e-08
    spectral_energyband_low:
        dmean: 0.000656397663988
        dmean2: 0.000967107946053
        dvar: 1.34866240842e-06
        dvar2: 2.8881961498e-06
        max: 0.00829310342669
        mean: 0.000876109406818
        min: 2.63770205677e-09
        var: 2.04447269425e-06
    spectral_energyband_middle_high:
        dmean: 0.000234542225371
        dmean2: 0.000379218079615
        dvar: 1.83456606351e-07
        dvar2: 4.97230132623e-07
        max: 0.00414733681828
        mean: 0.000523491529748
        min: 9.91962689767e-09
        var: 2.4086878625e-07
    spectral_energyband_middle_low:
        dmean: 0.00126376922708
        dmean2: 0.00206785579212
        dvar: 3.40779206454e-06
        dvar2: 8.86035923031e-06
        max: 0.0180930234492
        mean: 0.00275341141969
        min: 8.144053254e-08
        var: 4.20347259933e-06
    spectral_flatness_db:
        dmean: 0.0294856410474
        dmean2: 0.0423092246056
        dvar: 0.000651577895042
        dvar2: 0.00148088904098
        max: 0.31138253212
        mean: 0.174694001675
        min: 0.0985569804907
        var: 0.00183062185533
    spectral_flux:
        dmean: 0.0104499701411
        dmean2: 0.0136044016108
        dvar: 0.000119287840789
        dvar2: 0.00018473425007
        max: 0.112779803574
        mean: 0.0373545736074
        min: 0.00941573269665
        var: 0.000377499614842
    spectral_kurtosis:
        dmean: 4.78798532486
        dmean2: 7.61595249176
        dvar: 77.986831665
        dvar2: 187.912261963
        max: 79.5808944702
        mean: 5.47659873962
        min: -0.788520336151
        var: 68.9150466919
    spectral_rms:
        dmean: 0.000370384514099
        dmean2: 0.000538775522728
        dvar: 1.33464340024e-07
        dvar2: 3.07560895862e-07
        max: 0.00471313670278
        mean: 0.00196731416509
        min: 9.68685526459e-06
        var: 3.47943029055e-07
    spectral_rolloff:
        dmean: 737.324462891
        dmean2: 1231.19836426
        dvar: 813278.5
        dvar2: 1999912.125
        max: 5017.23632812
        mean: 1280.62866211
        min: 129.19921875
        var: 1162363.375
    spectral_skewness:
        dmean: 0.669455885887
        dmean2: 0.983852148056
        dvar: 0.551195979118
        dvar2: 1.1269390583
        max: 6.61894035339
        mean: 1.80465114117
        min: 0.530329525471
        var: 0.717493474483
    spectral_spread:
        dmean: 958422.9375
        dmean2: 1321931.25
        dvar: 1.14575396045e+12
        dvar2: 1.4380049367e+12
        max: 24669358
        mean: 5226397
        min: 1004620.125
        var: 3.91627984077e+12
    spectral_strongpeak:
        dmean: 0.131414756179
        dmean2: 0.217018157244
        dvar: 0.0283188559115
        dvar2: 0.0719457343221
        max: 1.93527424335
        mean: 0.246867746115
        min: 0.000126647966681
        var: 0.036898072809
    zerocrossingrate:
        dmean: 0.0149327963591
        dmean2: 0.0173078663647
        dvar: 0.000131738095661
        dvar2: 0.000192898514797
        max: 0.17041015625
        mean: 0.057788990438
        min: 0.001953125
        var: 0.00067177094752
    barkbands:
        dmean: [1.16199828426e-06, 0.000331310962792, 0.000528983946424, 0.00048589578364, 0.000759377959184, 0.000245092873229, 0.000141893178807, 7.30167666916e-05, 8.15469757072e-05, 4.00255084969e-05, 2.05798005481e-05, 2.28660483117e-05, 1.88381291082e-05, 3.25269611494e-05, 3.39595171681e-05, 2.81129359792e-05, 3.1994539313e-05, 4.43815260951e-05, 6.21134749963e-05, 6.12563089817e-05, 7.41065232432e-05, 4.36066475231e-05, 1.1358327356e-05, 1.09842437723e-06, 1.89479249002e-06, 9.7334522664e-09, 5.32453248159e-10]
        dmean2: [1.93320897779e-06, 0.000467137026135, 0.000901821651496, 0.000871997792274, 0.00129123067018, 0.000403376470786, 0.000218602232053, 0.000117862582556, 0.000132476678118, 6.77743810229e-05, 3.49507790816e-05, 3.65750129276e-05, 3.11931435135e-05, 5.53565114387e-05, 5.61608139833e-05, 4.86161661684e-05, 5.32861049578e-05, 7.67257733969e-05, 0.000103472171759, 0.000100654055132, 0.000115110742627, 6.93326219334e-05, 1.98279103643e-05, 1.75452612439e-06, 2.8703004773e-06, 1.55519259692e-08, 8.73004557533e-10]
        dvar: [2.10130177147e-12, 3.84773187534e-07, 1.09796098968e-06, 1.40627912515e-06, 1.31488354782e-06, 8.72290755183e-08, 7.02661537844e-08, 1.20710934581e-08, 1.70110627806e-08, 7.90291032615e-09, 5.7291910105e-10, 1.25933530271e-09, 1.42194100938e-09, 8.43348235691e-09, 7.20692483469e-09, 4.78505368662e-09, 4.57498483541e-09, 5.20652410074e-09, 1.38804736594e-08, 2.44510598435e-08, 9.4768513037e-09, 3.03309377614e-09, 4.34802083227e-10, 9.61304213315e-12, 1.32068227882e-11, 1.07665214431e-15, 2.41058678102e-17]
        dvar2: [5.68024793868e-12, 7.76169997607e-07, 2.9180639558e-06, 3.95524011765e-06, 3.68978317056e-06, 2.40201330826e-07, 1.47798758121e-07, 3.31080975968e-08, 4.59955593612e-08, 2.10641815102e-08, 1.55637747135e-09, 2.54991827653e-09, 3.88458998302e-09, 2.33010855055e-08, 1.76176300215e-08, 1.3811789934e-08, 1.15416609603e-08, 1.56898583015e-08, 3.67218930819e-08, 6.22070075451e-08, 2.38513866435e-08, 7.46139594554e-09, 1.1403384903e-09, 2.06732148761e-11, 3.03911271149e-11, 2.69531198948e-15, 6.04747312149e-17]
        max: [1.10237861008e-05, 0.00421489728615, 0.00624127499759, 0.0139590650797, 0.00915933027864, 0.00242117675953, 0.00364549621008, 0.00106922339182, 0.00137830339372, 0.00106846285053, 0.00024928356288, 0.00074468535604, 0.000417186965933, 0.00102609931491, 0.000793228391558, 0.000667348387651, 0.00101628724951, 0.000564240966924, 0.00100751896389, 0.0023214626126, 0.000782241113484, 0.00034857148421, 0.000139472700539, 4.64959957753e-05, 4.15442773374e-05, 6.95919595728e-07, 7.23748385667e-08]
        mean: [1.45069566315e-06, 0.000393848895328, 0.000480865157442, 0.000497934932355, 0.00111756834667, 0.000493881991133, 0.000315705459798, 0.000144608377013, 0.000168123748153, 5.91632233409e-05, 3.78655058739e-05, 4.24298596045e-05, 3.35213189828e-05, 4.97089931741e-05, 5.12963451911e-05, 4.16244074586e-05, 5.173804675e-05, 6.06474386586e-05, 8.38978376123e-05, 6.87554420438e-05, 7.28499653633e-05, 4.10393404309e-05, 9.56479107117e-06, 1.77806066404e-06, 3.84517306884e-06, 1.35189157646e-08, 3.1367336506e-10]
        min: [3.63813423832e-11, 8.27584334395e-10, 1.77827097492e-09, 3.35184924261e-09, 1.72834813128e-08, 2.65234003649e-08, 2.23097362806e-08, 9.38601019129e-09, 2.24939045168e-09, 2.79091683097e-09, 1.47000933648e-09, 2.10433248604e-09, 4.68648786445e-10, 4.14283912731e-10, 1.05607178558e-09, 4.93660501366e-10, 2.94460400507e-10, 4.40940367552e-10, 3.64486080207e-10, 8.46737790994e-10, 4.55898596652e-10, 7.09487024686e-10, 1.05885113177e-10, 1.0505206427e-10, 1.00612469744e-10, 1.5116972344e-12, 6.12747869208e-15]
        var: [2.81978932391e-12, 5.51431014628e-07, 9.258332625e-07, 1.0740700418e-06, 1.38229609092e-06, 1.70994908899e-07, 1.88590519201e-07, 2.64990447363e-08, 3.79956581753e-08, 8.02595145899e-09, 1.05477615531e-09, 2.69260347352e-09, 1.49204948396e-09, 7.4627557467e-09, 6.96043001014e-09, 3.91282073409e-09, 7.05369673781e-09, 5.9100577765e-09, 1.50790651077e-08, 2.01918126663e-08, 9.28283494517e-09, 3.04618863467e-09, 4.16685130844e-10, 1.97685496445e-11, 3.70646256742e-11, 1.79746659451e-15, 1.21110855294e-17]
    mfcc:
        mean: [-742.06640625, 145.035934448, -17.5707626343, 52.3716049194, -15.8543586731, 2.70046639442, -2.68159914017, -15.1899938583, 1.95238769054, -13.9247493744, 5.34482383728, -12.9500846863, -0.443844109774]
        cov: [[3034.81811523, -1498.52600098, 64.7094573975, 237.127334595, -139.220428467, 73.8476257324, -110.77747345, 97.2816696167, -25.0853023529, 15.5747737885, -14.599905014, -112.081321716, -76.0830993652], [-1498.52600098, 1371.47290039, -233.105224609, -183.956802368, 140.359222412, -86.3740158081, 87.3513565063, -102.874267578, 54.2495956421, 30.382062912, 57.7482147217, 90.0664138794, 54.9377822876], [64.7094573975, -233.105224609, 405.703643799, 27.1274356842, -1.53695201874, 74.7478713989, 87.9294662476, 7.84865951538, -51.9981498718, -49.8932800293, -19.4498577118, -36.0581130981, 6.1014046669], [237.127334595, -183.956802368, 27.1274356842, 359.815765381, -106.867141724, 173.99395752, -25.0725040436, 102.193878174, -30.3035831451, 12.6540184021, -20.6165771484, 34.7766494751, 0.108037114143], [-139.220428467, 140.359222412, -1.53695201874, -106.867141724, 347.165008545, -178.612915039, 186.906188965, -64.5287017822, 109.281059265, -14.2589521408, 65.1417160034, -3.19376349449, -7.19448375702], [73.8476257324, -86.3740158081, 74.7478713989, 173.99395752, -178.612915039, 386.617523193, -120.533485413, 129.338287354, -84.0658798218, 77.9487991333, -34.1703262329, 40.3528862, 25.6278171539], [-110.77747345, 87.3513565063, 87.9294662476, -25.0725040436, 186.906188965, -120.533485413, 322.935882568, -92.2932128906, 68.4207611084, -67.8955230713, 54.9274673462, -43.0593490601, 2.2744410038], [97.2816696167, -102.874267578, 7.84865951538, 102.193878174, -64.5287017822, 129.338287354, -92.2932128906, 213.838928223, -9.61182785034, 57.8070335388, -47.1480560303, 59.1197967529, -14.9969701767], [-25.0853023529, 54.2495956421, -51.9981498718, -30.3035831451, 109.281059265, -84.0658798218, 68.4207611084, -9.61182785034, 146.113174438, 12.4852313995, 58.5629043579, -22.8081760406, 13.8060665131], [15.5747737885, 30.382062912, -49.8932800293, 12.6540184021, -14.2589521408, 77.9487991333, -67.8955230713, 57.8070335388, 12.4852313995, 124.291152954, -3.32349061966, 46.2280502319, 3.09816431999], [-14.599905014, 57.7482147217, -19.4498577118, -20.6165771484, 65.1417160034, -34.1703262329, 54.9274673462, -47.1480560303, 58.5629043579, -3.32349061966, 94.9064941406, -10.156583786, 23.9247493744], [-112.081321716, 90.0664138794, -36.0581130981, 34.7766494751, -3.19376349449, 40.3528862, -43.0593490601, 59.1197967529, -22.8081760406, 46.2280502319, -10.156583786, 98.0059280396, 4.58596658707], [-76.0830993652, 54.9377822876, 6.1014046669, 0.108037114143, -7.19448375702, 25.6278171539, 2.2744410038, -14.9969701767, 13.8060665131, 3.09816431999, 23.9247493744, 4.58596658707, 62.1890525818]]
        icov: [[0.000809114659205, 0.000922578212339, 0.000415064539993, -0.000162531214301, -4.3974356231e-05, 5.95752644585e-05, -6.5611784521e-05, -3.92291331082e-05, 0.000304428162053, -0.000426422891906, -0.000525438925251, 0.000464005308459, 0.000219325433136], [0.000922578212339, 0.00215279194526, 0.00113046041224, 0.000451795902336, -0.000116883900773, -0.000367983797332, -0.000593641947489, 0.00052074569976, 8.8472115749e-05, -0.000224666815484, -0.000355848605977, -0.00098664383404, -0.000398153584683], [0.000415064539993, 0.00113046041224, 0.00402860203758, 0.000513742037583, -0.000523731752764, -0.00116969342344, -0.00163250544574, -0.000628882611636, 0.00172578217462, 0.000816240848508, 0.000238330103457, 0.000957170268521, -0.00114356877748], [-0.000162531214301, 0.000451795902336, 0.000513742037583, 0.00457582296804, 0.0010439947946, -0.00204666028731, -0.0012970122043, -0.000719978881534, -0.00103697017767, 0.00163845636416, 6.75299743307e-05, -0.00232399953529, 0.000475676730275], [-4.3974356231e-05, -0.000116883900773, -0.000523731752764, 0.0010439947946, 0.00645160349086, 0.00130540656392, -0.00269098696299, 0.00013117371418, -0.00277543533593, -0.000719143135939, -0.00118077336811, -0.0026049753651, 0.00173582299612], [5.95752644585e-05, -0.000367983797332, -0.00116969342344, -0.00204666028731, 0.00130540656392, 0.00654974766076, 0.000284099573037, -0.00265402533114, 0.00349193788134, -0.00397037249058, -0.0018191349227, 0.00239870580845, -0.00273670093156], [-6.5611784521e-05, -0.000593641947489, -0.00163250544574, -0.0012970122043, -0.00269098696299, 0.000284099573037, 0.00649643829092, 0.00134285120293, -0.00122793519404, 0.00181059329771, -0.000645443506073, 0.000933657458518, 0.000626279681455], [-3.92291331082e-05, 0.00052074569976, -0.000628882611636, -0.000719978881534, 0.00013117371418, -0.00265402533114, 0.00134285120293, 0.0100354589522, -0.00511085614562, 0.000165347795701, 0.00435673538595, -0.00581821333617, 0.00291411881335], [0.000304428162053, 8.8472115749e-05, 0.00172578217462, -0.00103697017767, -0.00277543533593, 0.00349193788134, -0.00122793519404, -0.00511085614562, 0.0163713805377, -0.00468377396464, -0.00693814642727, 0.00777837634087, -0.00412645889446], [-0.000426422891906, -0.000224666815484, 0.000816240848508, 0.00163845636416, -0.000719143135939, -0.00397037249058, 0.00181059329771, 0.000165347795701, -0.00468377396464, 0.0143563747406, 0.0010609299643, -0.00607647467405, 0.00148501631338], [-0.000525438925251, -0.000355848605977, 0.000238330103457, 6.75299743307e-05, -0.00118077336811, -0.0018191349227, -0.000645443506073, 0.00435673538595, -0.00693814642727, 0.0010609299643, 0.0185300968587, -0.00241291266866, -0.00412803329527], [0.000464005308459, -0.00098664383404, 0.000957170268521, -0.00232399953529, -0.0026049753651, 0.00239870580845, 0.000933657458518, -0.00581821333617, 0.00777837634087, -0.00607647467405, -0.00241291266866, 0.0202488880605, -0.00336669292301], [0.000219325433136, -0.000398153584683, -0.00114356877748, 0.000475676730275, 0.00173582299612, -0.00273670093156, 0.000626279681455, 0.00291411881335, -0.00412645889446, 0.00148501631338, -0.00412803329527, -0.00336669292301, 0.0214983206242]]
    spectral_contrast:
        mean: [-1.52866249437e-07, -3.63267531611e-07, -3.23945045011e-07, -2.81811320946e-08, -1.81469928862e-07, 3.29860654347e-07, 1.08847461888e-06, 5.53895461053e-07, 1.29640102386e-06, -6.95387498695e-08, 5.59621412322e-07, 1.32234004013e-06]
        var: [0.000819415727165, 0.000863069377374, 0.0018507624045, 0.00228750729002, 0.00328173069283, 0.00504273967817, 0.103965222836, 0.12187705189, 0.142998605967, 0.280904531479, 0.396377146244, 1.41233205795]

rhythm:
    beats_loudness:
        dmean: 0.0023042561952
        dmean2: 0.00431597232819
        dvar: 2.76585092251e-06
        dvar2: 7.71991835791e-06
        max: 0.0106989648193
        mean: 0.00627745594829
        min: 0.00229135132395
        var: 7.94248171587e-06
    beats_loudness_bass:
        dmean: 0.13313794136
        dmean2: 0.215723142028
        dvar: 0.0116953542456
        dvar2: 0.0294094774872
        max: 0.734333276749
        mean: 0.375126361847
        min: 0.00877991132438
        var: 0.0597607344389
    bpm: 127.260658264
    bpm_confidence: 0
    first_peak_bpm: 128
    first_peak_spread: 0
    first_peak_weight: 0.950000047684
    onset_rate: 6.66193199158
    second_peak_bpm: 155
    second_peak_spread: 0
    second_peak_weight: 0.0500000007451
    beats_position: [0.431458890438, 0.901105225086, 1.37075161934, 1.8403980732, 2.31004452705, 2.77969074249, 3.24933743477, 3.71898388863, 4.18863010406, 4.65827655792, 5.12792301178, 5.59756946564, 5.98407077789, 6.45651578903, 6.9289598465, 7.4014043808, 7.8738489151, 8.3462934494, 8.81873893738, 9.29118251801, 9.76362705231]
    bpm_estimates: [127.333053589, 127.78200531, 128.61907959, 127.297431946, 127.343917847, 127.135826111, 127.829910278, 129.080673218, 124.323822021, 126.138465881, 126.972869873, 127.270812988]
    bpm_intervals: [0.469646334648, 0.469646394253, 0.469646453857, 0.469646453857, 0.469646215439, 0.469646692276, 0.469646453857, 0.469646215439, 0.469646453857, 0.469646453857, 0.469646453857, 0.386501312256, 0.472445011139, 0.472444057465, 0.472444534302, 0.472444534302, 0.472444534302, 0.472445487976, 0.472443580627, 0.472444534302]
    onset_times: [0.0580498874187, 0.174149662256, 0.417959183455, 0.638548731804, 0.882358253002, 1.01006805897, 1.11455786228, 1.35836732388, 1.47446715832, 1.59056687355, 1.72988665104, 1.82276642323, 2.06657600403, 2.18267583847, 2.29877543449, 2.43809533119, 2.53097510338, 2.65868473053, 2.7863945961, 2.91410422325, 3.00698423386, 3.14630389214, 3.25079369545, 3.49460315704, 3.61070299149, 3.72680282593, 3.87773251534, 3.97061228752, 4.08671188354, 4.17959165573, 4.43501138687, 4.56272125244, 4.67882108688, 4.79492044449, 4.8994102478, 5.05034017563, 5.15482997894, 5.27092981339, 5.39863967896, 5.50312948227, 5.61922883987, 5.75854873657, 5.86303853989, 5.97913837433, 6.09523820877, 6.24616765976, 6.33904743195, 6.57124710083, 6.71056699753, 6.80344676971, 6.93115663528, 7.01242637634, 7.27945566177, 7.40716552734, 7.52326536179, 7.75546503067, 7.98766422272, 8.37079334259, 8.46367359161, 8.70748329163, 8.93968296051, 9.19510173798, 9.29959201813, 9.41569137573, 9.65950107574, 9.78721046448, 9.8800907135]
    rubato_start: []
    rubato_stop: []
    perceptual_tempo: "unknown"

sfx:
    inharmonicity:
        dmean: 0.0303534436971
        dmean2: 0.0532954372466
        dvar: 0.00162350002211
        dvar2: 0.00421851500869
        max: 0.269205361605
        mean: 0.0306839086115
        min: 0.000161884279805
        var: 0.00181826273911
    oddtoevenharmonicenergyratio:
        dmean: 2.02902007103
        dmean2: 3.89303207397
        dvar: 40.3025245667
        dvar2: 118.21836853
        max: 73.2712783813
        mean: 1.2505582571
        min: 0.000212810540688
        var: 22.5128192902
    pitch_after_max_to_before_max_energy_ratio: 1.77862930298
    pitch_centroid: 197.051437378
    pitch_max_to_total: 0.305555552244
    pitch_min_to_total: 0.0671296268702
    tristimulus:
        dmean: [0.227740451694, 0.221623748541, 0.0840057432652]
        dmean2: [0.392452836037, 0.385995805264, 0.146327197552]
        dvar: [0.0342332161963, 0.0394023917615, 0.00628328043967]
        dvar2: [0.0913466960192, 0.108995638788, 0.0174137540162]
        max: [0.967453658581, 0.972009062767, 0.578831970692]
        mean: [0.528714299202, 0.365714490414, 0.0855050012469]
        min: [0.0067166085355, 0, 0]
        var: [0.0593472309411, 0.055030670017, 0.00734671903774]

tonal:
    chords_changes_rate: 0.00460829492658
    chords_number_rate: 0.00921658985317
    chords_strength:
        dmean: 0.00791099853814
        dmean2: 0.00774292927235
        dvar: 4.53492430097e-05
        dvar2: 5.06627075083e-05
        max: 0.693739414215
        mean: 0.539714813232
        min: 0.367560744286
        var: 0.00801938399673
    key_strength: 0.829881727695
    tuning_diatonic_strength: 0.560893177986
    tuning_equal_tempered_deviation: 0.122659251094
    tuning_frequency: 441.527557373
    tuning_nontempered_energy_ratio: 0.694244265556
    hpcp:
        dmean: [0.125258281827, 0.135157987475, 0.162672907114, 0.151251718402, 0.102900646627, 0.072371520102, 0.0796942412853, 0.102569669485, 0.14891128242, 0.149687930942, 0.129325464368, 0.125110268593, 0.14044265449, 0.0975635424256, 0.0621107332408, 0.0850189551711, 0.150470718741, 0.241154417396, 0.234645068645, 0.175761148334, 0.101736851037, 0.0778940320015, 0.0821548178792, 0.0801593959332, 0.0862203687429, 0.115491755307, 0.122996270657, 0.131384730339, 0.132480636239, 0.132021680474, 0.145482107997, 0.154547333717, 0.208223849535, 0.21527145803, 0.198073372245, 0.168052390218]
        dmean2: [0.213376373053, 0.237144768238, 0.277242928743, 0.254974007607, 0.181224450469, 0.135277703404, 0.149426594377, 0.182802215219, 0.250992804766, 0.26245906949, 0.233350947499, 0.223114937544, 0.251211374998, 0.168667793274, 0.107791498303, 0.154110908508, 0.267744809389, 0.399854928255, 0.375407338142, 0.298885494471, 0.184468835592, 0.135510221124, 0.14333987236, 0.143230572343, 0.154312863946, 0.206664562225, 0.200734823942, 0.230442121625, 0.238553643227, 0.223628267646, 0.249048769474, 0.270624727011, 0.347011506557, 0.354394644499, 0.342747986317, 0.305693686008]
        dvar: [0.0352655760944, 0.0407927446067, 0.0383859425783, 0.0342464633286, 0.0215744748712, 0.0195279940963, 0.0277473889291, 0.0252242218703, 0.0380776785314, 0.0337444096804, 0.0336574614048, 0.0371009521186, 0.0542680434883, 0.0253574885428, 0.0165068134665, 0.0274685360491, 0.0481374412775, 0.0620145052671, 0.0629962310195, 0.0302712898701, 0.0276977270842, 0.015101888217, 0.0279240813106, 0.0203190334141, 0.0248648319393, 0.0312978550792, 0.0293955486268, 0.0464593246579, 0.0451729483902, 0.0286416765302, 0.0592657513916, 0.0428060218692, 0.0545279234648, 0.0627804920077, 0.0442794561386, 0.0581804439425]
        dvar2: [0.0859364196658, 0.108141511679, 0.103717908263, 0.0743189975619, 0.0563313737512, 0.0571210384369, 0.0794250741601, 0.0694870054722, 0.101968802512, 0.0940812081099, 0.102781035006, 0.0984316915274, 0.136753991246, 0.0646222084761, 0.0444147996604, 0.0852349549532, 0.13970887661, 0.170049518347, 0.120964378119, 0.0766030102968, 0.0785228461027, 0.0455874949694, 0.0813195481896, 0.057600274682, 0.0691635236144, 0.0862421542406, 0.0668728649616, 0.105763353407, 0.117019221187, 0.0726416036487, 0.141967743635, 0.117615178227, 0.138645902276, 0.145013779402, 0.116783976555, 0.143558233976]
        max: [1, 1, 1, 1, 0.99073767662, 0.930607497692, 1, 1, 1, 1, 1, 1, 1, 1, 1, 1, 1, 1, 1, 1, 1, 0.815292954445, 1, 1, 0.995314240456, 1, 1, 1, 1, 0.904208898544, 1, 1, 1, 1, 1, 1]
        mean: [0.126173630357, 0.12624078989, 0.200610548258, 0.250869303942, 0.142630502582, 0.0586188547313, 0.0644073486328, 0.114266656339, 0.21845638752, 0.20351728797, 0.122906602919, 0.150923371315, 0.17113019526, 0.116495490074, 0.07111466676, 0.0811391472816, 0.13681781292, 0.364650905132, 0.516801178455, 0.294262886047, 0.0896249264479, 0.0778958797455, 0.0886657461524, 0.0877522230148, 0.0809683129191, 0.111117370427, 0.165162324905, 0.164523333311, 0.128101587296, 0.15522377193, 0.165219053626, 0.139315232635, 0.293514549732, 0.399545162916, 0.257456183434, 0.143404558301]
        min: [0.00164557818789, 0.00200819293968, 0.0034373854287, 0.00599315809086, 0.00350651959889, 0.00207733130082, 0.00184814806562, 0.00292842485942, 0.00360573083162, 0.00223440863192, 0.00170235114638, 0.00129653187469, 0.00257379352115, 0.00095272535691, 0.00145443528891, 0.00121371971909, 0.00423659617081, 0.00792973767966, 0.00373339466751, 0.00624038465321, 0.000977140618488, 0.0021963219624, 0.00106976542156, 0.0019348183414, 0.00128928048071, 0.00573911145329, 0.0025602071546, 0.00154070847202, 0.00120894017164, 0.00259869382717, 0.00291996495798, 0.00487244129181, 0.000675953226164, 0.000969911401626, 0.00482688983902, 0.00271163322031]
        var: [0.0456246808171, 0.0425125323236, 0.0549789629877, 0.0849101319909, 0.0326264277101, 0.0119677679613, 0.0168403536081, 0.0213312618434, 0.0525219328701, 0.0454916916788, 0.026926998049, 0.0448147878051, 0.0770703032613, 0.0310463663191, 0.0137819712982, 0.0217090286314, 0.0389663502574, 0.0838442891836, 0.137795269489, 0.0458271317184, 0.0234695486724, 0.0131683219224, 0.021774744615, 0.0170375611633, 0.0188816841692, 0.0257911551744, 0.0485936254263, 0.0670135691762, 0.040251545608, 0.033852674067, 0.0571748279035, 0.0391442216933, 0.0946881324053, 0.142766386271, 0.0589772202075, 0.0520976223052]
    chords_histogram: [86.1751174927, 0, 13.8248844147, 0, 0, 0, 0, 0, 0, 0, 0, 0, 0, 0, 0, 0, 0, 0, 0, 0, 0, 0, 0, 0]
    thpcp: [1, 0.569392859936, 0.173422455788, 0.15072697401, 0.171566456556, 0.16979880631, 0.156672075391, 0.215009897947, 0.319585800171, 0.318349391222, 0.24787402153, 0.300354897976, 0.319695591927, 0.269572198391, 0.567944824696, 0.77311193943, 0.498172581196, 0.277484953403, 0.244143471122, 0.244273424149, 0.388177424669, 0.485427111387, 0.275987178087, 0.113426320255, 0.124626941979, 0.221103712916, 0.422708749771, 0.393801897764, 0.237821832299, 0.292033731937, 0.331133514643, 0.225416451693, 0.137605458498, 0.157002642751, 0.264739751816, 0.705592274666]
    chords_key: "G#"
    chords_scale: "major"
    key_key: "G#"
    key_scale: "major"
    chords_progression: ["G#", "G#", "G#", "G#", "G#", "G#", "G#", "G#", "G#", "G#", "G#", "G#", "G#", "G#", "G#", "G#", "G#", "G#", "G#", "G#", "G#", "G#", "G#", "G#", "G#", "G#", "G#", "G#", "G#", "G#", "G#", "G#", "G#", "G#", "G#", "G#", "G#", "G#", "G#", "G#", "G#", "G#", "G#", "G#", "G#", "G#", "G#", "G#", "G#", "G#", "G#", "G#", "G#", "G#", "G#", "G#", "G#", "G#", "G#", "G#", "G#", "G#", "G#", "G#", "G#", "G#", "G#", "G#", "G#", "G#", "G#", "G#", "G#", "G#", "G#", "G#", "G#", "G#", "G#", "G#", "G#", "G#", "G#", "G#", "G#", "G#", "G#", "G#", "G#", "G#", "G#", "G#", "G#", "G#", "G#", "G#", "G#", "G#", "G#", "G#", "G#", "G#", "G#", "G#", "G#", "G#", "G#", "G#", "G#", "G#", "G#", "G#", "G#", "G#", "G#", "G#", "G#", "G#", "G#", "G#", "G#", "G#", "G#", "G#", "G#", "G#", "G#", "G#", "G#", "G#", "G#", "G#", "G#", "G#", "G#", "G#", "G#", "G#", "G#", "G#", "G#", "G#", "G#", "G#", "G#", "G#", "G#", "G#", "G#", "G#", "G#", "G#", "G#", "G#", "G#", "G#", "G#", "G#", "G#", "G#", "G#", "G#", "G#", "G#", "G#", "G#", "G#", "G#", "G#", "G#", "G#", "G#", "G#", "G#", "G#", "G#", "G#", "G#", "G#", "G#", "G#", "G#", "G#", "G#", "G#", "G#", "G#", "D#", "D#", "D#", "D#", "D#", "D#", "D#", "D#", "D#", "D#", "D#", "D#", "D#", "D#", "D#", "D#", "D#", "D#", "D#", "D#", "D#", "D#", "D#", "D#", "D#", "D#", "D#", "D#", "D#", "D#"]
