
metadata:
    version:
        essentia: "1.2.2"
    audio_properties:
        analysis_sample_rate: 44100
        bitrate: 128
        channels: 2
        equal_loudness: 1
        length: 10.0048980713
        replay_gain: -11.693655014
        downmix: "mix"
    tags:
        track: 14
        year: 0
        album: "Splitted by Mp3Splt v. 2.1"
        artist: "From 002.10 To 002.20"
        comment: "http://mp3splt.sf.net"
        genre: ""
        title: "09 Track 9.mp3"

highlevel:
    ballroom:
        all:
            ChaChaCha: 0.00752460444346
            Jive: 0.00181133416481
            Quickstep: 0.00625561410561
            Rumba-American: 0.0100870355964
            Rumba-International: 0.101971998811
            Rumba-Misc: 0.500873565674
            Samba: 0.0023519450333
            Tango: 0.0101942112669
            VienneseWaltz: 0.0455175861716
            Waltz: 0.313412100077
        probability: 0.500873565674
        value: "Rumba-Misc"
    culture:
        all:
            non_western: 0.00521633448079
            western: 0.994783639908
        probability: 0.994783639908
        value: "western"
    gender:
        all:
            female: 0.0826907455921
            male: 0.917309224606
        probability: 0.917309224606
        value: "male"
    genre_dortmund:
        all:
            alternative: 0.213520035148
            blues: 0.0202779490501
            electronic: 0.0162866879255
            folkcountry: 0.296674996614
            funksoulrnb: 0.0111483372748
            jazz: 0.0956440344453
            pop: 0.126721993089
            raphiphop: 0.0044141788967
            rock: 0.215311780572
        probability: 0.296674996614
        value: "folkcountry"
    genre_electronica:
        all:
            ambient: 0.818138718605
            dnb: 0.0106167094782
            house: 0.147393375635
            techno: 0.0136274844408
            trance: 0.0102237081155
        probability: 0.818138718605
        value: "ambient"
    genre_rosamerica:
        all:
            cla: 0.16884572804
            dan: 0.01406978257
            hip: 0.0244849976152
            jaz: 0.528075456619
            pop: 0.0455147773027
            rhy: 0.157473772764
            roc: 0.0275353081524
            spe: 0.0340001918375
        probability: 0.528075456619
        value: "jaz"
    genre_tzanetakis:
        all:
            blu: 0.0914443060756
            cla: 0.0599476285279
            cou: 0.341361790895
            dis: 0.0232899487019
            hip: 0.0257869251072
            jaz: 0.0520079135895
            met: 0.00914185866714
            pop: 0.102297395468
            reg: 0.123903416097
            roc: 0.170818820596
        probability: 0.341361790895
        value: "cou"
    live_studio:
        all:
            live: 0.124457709491
            studio: 0.875542283058
        probability: 0.875542283058
        value: "studio"
    mood:
        all:
            Cluster1: 0.0343273729086
            Cluster2: 0.0304377675056
            Cluster3: 0.897124826908
            Cluster4: 0.0207056533545
            Cluster5: 0.0174044091254
        probability: 0.897124826908
        value: "Cluster3"
    mood_acoustic:
        all:
            acoustic: 0.99768358469
            not_acoustic: 0.00231644208543
        probability: 0.99768358469
        value: "acoustic"
    mood_aggressive:
        all:
            aggressive: 3.44976160704e-06
            not_aggressive: 0.999996542931
        probability: 0.999996542931
        value: "not_aggressive"
    mood_electronic:
        all:
            electronic: 0.0176272913814
            not_electronic: 0.982372701168
        probability: 0.982372701168
        value: "not_electronic"
    mood_happy:
        all:
            happy: 0.0197774171829
            not_happy: 0.980222582817
        probability: 0.980222582817
        value: "not_happy"
    mood_party:
        all:
            not_party: 0.972045719624
            party: 0.0279542859644
        probability: 0.972045719624
        value: "not_party"
    mood_relaxed:
        all:
            not_relaxed: 0.00894392747432
            relaxed: 0.991056084633
        probability: 0.991056084633
        value: "relaxed"
    mood_sad:
        all:
            not_sad: 0.0925068110228
            sad: 0.907493174076
        probability: 0.907493174076
        value: "sad"
    rhythm:
        all:
            fast: 0.105391956866
            medium: 0.114940166473
            slow: 0.779667854309
        probability: 0.779667854309
        value: "slow"
    speech_music:
        all:
            music: 0.997002363205
            speech: 0.00299766263925
        probability: 0.997002363205
        value: "music"
    timbre:
        all:
            bright: 0.181993350387
            dark: 0.818006634712
        probability: 0.818006634712
        value: "dark"
    voice_instrumental:
        all:
            instrumental: 0.00178260635585
            voice: 0.998217403889
        probability: 0.998217403889
        value: "voice"

lowlevel:
    average_loudness: 0.892713487148
    barkbands_kurtosis:
        dmean: 9.30763339996
        dmean2: 14.9903182983
        dvar: 312.728088379
        dvar2: 716.416625977
        max: 266.633026123
        mean: 18.3850631714
        min: -1.88136613369
        var: 651.442443848
    barkbands_skewness:
        dmean: 0.841993331909
        dmean2: 1.33202266693
        dvar: 1.24758303165
        dvar2: 2.91313743591
        max: 12.8002481461
        mean: 3.04366850853
        min: -3.72958040237
        var: 3.08022332191
    barkbands_spread:
        dmean: 3.41478204727
        dmean2: 5.51282787323
        dvar: 35.1945075989
        dvar2: 89.3289337158
        max: 76.9601974487
        mean: 9.85159015656
        min: 0.194699674845
        var: 97.5134429932
    dissonance:
        dmean: 0.0272778458893
        dmean2: 0.0439496263862
        dvar: 0.000595759833232
        dvar2: 0.0014585016761
        max: 0.499652087688
        mean: 0.396631091833
        min: 0.189333155751
        var: 0.00402982579544
    hfc:
        dmean: 0.37707978487
        dmean2: 0.456978857517
        dvar: 0.576863765717
        dvar2: 0.717929542065
        max: 13.7744016647
        mean: 1.49308753014
        min: 0.0292467791587
        var: 5.07304239273
    pitch:
        dmean: 144.947723389
        dmean2: 282.918334961
        dvar: 479748.8125
        dvar2: 1261414.375
        max: 6300
        mean: 351.75994873
        min: 65.1403274536
        var: 715119.75
    pitch_instantaneous_confidence:
        dmean: 0.0725811123848
        dmean2: 0.114736184478
        dvar: 0.00521942554042
        dvar2: 0.0129678836092
        max: 0.886833906174
        mean: 0.584447026253
        min: 0.192396998405
        var: 0.0253166276962
    pitch_salience:
        dmean: 0.0748454481363
        dmean2: 0.125241845846
        dvar: 0.00453127734363
        dvar2: 0.0124226845801
        max: 0.770254313946
        mean: 0.510474979877
        min: 0.15607111156
        var: 0.0135446097702
    silence_rate_20dB:
        dmean: 0
        dmean2: 0
        dvar: 0
        dvar2: 0
        max: 1
        mean: 1
        min: 1
        var: 0
    silence_rate_30dB:
        dmean: 0
        dmean2: 0
        dvar: 0
        dvar2: 0
        max: 1
        mean: 1
        min: 1
        var: 0
    silence_rate_60dB:
        dmean: 0.0511627905071
        dmean2: 0.102564103901
        dvar: 0.0485451631248
        dvar2: 0.101368658245
        max: 1
        mean: 0.728538274765
        min: 0
        var: 0.197770923376
    spectral_centroid:
        dmean: 102.170120239
        dmean2: 164.954589844
        dvar: 85170.609375
        dvar2: 151708.765625
        max: 5369.09277344
        mean: 501.397979736
        min: 133.29850769
        var: 343906.28125
    spectral_complexity:
        dmean: 0.843457937241
        dmean2: 1.43325531483
        dvar: 1.1273649931
        dvar2: 2.25490999222
        max: 17
        mean: 4.15850830078
        min: 0
        var: 10.3151769638
    spectral_crest:
        dmean: 2.14396309853
        dmean2: 3.61442685127
        dvar: 3.96360588074
        dvar2: 11.5415210724
        max: 25.8352165222
        mean: 13.9132232666
        min: 5.13380861282
        var: 18.5750083923
    spectral_decrease:
        dmean: 2.18143308972e-10
        dmean2: 3.13717329892e-10
        dvar: 1.87529690157e-19
        dvar2: 3.52449845836e-19
        max: -2.26454098529e-11
        mean: -7.00825841804e-10
        min: -7.02111568884e-09
        var: 7.43487253657e-19
    spectral_energy:
        dmean: 0.000849723699503
        dmean2: 0.00121416209731
        dvar: 2.83510257759e-06
        dvar2: 5.24794859302e-06
        max: 0.0273099858314
        mean: 0.00278050382622
        min: 8.82845197339e-05
        var: 1.17611689348e-05
    spectral_energyband_high:
        dmean: 1.54605859279e-05
        dmean2: 2.00669728656e-05
        dvar: 2.14015272171e-09
        dvar2: 3.18725823512e-09
        max: 0.000773119041696
        mean: 3.85259554605e-05
        min: 5.45756062564e-09
        var: 9.98959048815e-09
    spectral_energyband_low:
        dmean: 3.2436917536e-05
        dmean2: 4.83840412926e-05
        dvar: 7.35915994809e-09
        dvar2: 2.37370603173e-08
        max: 0.00108783598989
        mean: 7.85047741374e-05
        min: 9.85248931329e-08
        var: 1.15943858958e-08
    spectral_energyband_middle_high:
        dmean: 7.53462663852e-05
        dmean2: 9.9441720522e-05
        dvar: 2.87814909683e-08
        dvar2: 4.78361421585e-08
        max: 0.00341740925796
        mean: 0.000311237177812
        min: 4.70259323038e-07
        var: 4.25575450436e-07
    spectral_energyband_middle_low:
        dmean: 0.00081191357458
        dmean2: 0.0011813507881
        dvar: 2.70132431979e-06
        dvar2: 5.13374243383e-06
        max: 0.0263138134032
        mean: 0.00235223467462
        min: 2.37467738771e-05
        var: 8.86200268724e-06
    spectral_flatness_db:
        dmean: 0.0281971544027
        dmean2: 0.0460437014699
        dvar: 0.00098197220359
        dvar2: 0.0021710167639
        max: 0.499748855829
        mean: 0.285086870193
        min: 0.104884184897
        var: 0.0057233190164
    spectral_flux:
        dmean: 0.00677214516327
        dmean2: 0.0113003989682
        dvar: 0.000102747879282
        dvar2: 0.000265113281785
        max: 0.110515743494
        mean: 0.0179655458778
        min: 0.00160024757497
        var: 0.000255182065303
    spectral_kurtosis:
        dmean: 7.09935998917
        dmean2: 10.6409921646
        dvar: 125.987724304
        dvar2: 260.284118652
        max: 153.363769531
        mean: 21.5378723145
        min: -0.456255197525
        var: 941.504394531
    spectral_rms:
        dmean: 0.000227754673688
        dmean2: 0.000338779587764
        dvar: 9.98802889285e-08
        dvar2: 1.96140305775e-07
        max: 0.00516177201644
        mean: 0.00141358224209
        min: 0.000293481250992
        var: 7.14471809715e-07
    spectral_rolloff:
        dmean: 198.729049683
        dmean2: 344.530731201
        dvar: 275826.65625
        dvar2: 564547.3125
        max: 6869.09179688
        mean: 712.353820801
        min: 129.19921875
        var: 956646.125
    spectral_skewness:
        dmean: 0.55091458559
        dmean2: 0.814436376095
        dvar: 0.535174071789
        dvar2: 1.02386450768
        max: 10.3493795395
        mean: 3.18350863457
        min: -0.215688824654
        var: 4.14516735077
    spectral_spread:
        dmean: 540611.75
        dmean2: 793971.875
        dvar: 993405632512
        dvar2: 1.30021392384e+12
        max: 20815094
        mean: 3531824.75
        min: 629590.5
        var: 3.03286950298e+12
    spectral_strongpeak:
        dmean: 0.0949708074331
        dmean2: 0.153843596578
        dvar: 0.0302181448787
        dvar2: 0.0758330076933
        max: 2.12246847153
        mean: 0.290703088045
        min: 0.0223903562874
        var: 0.0681778118014
    zerocrossingrate:
        dmean: 0.00612062821165
        dmean2: 0.00715383468196
        dvar: 0.000106987812615
        dvar2: 0.000102982572571
        max: 0.248046875
        mean: 0.0316665768623
        min: 0.00537109375
        var: 0.000913391762879
    barkbands:
        dmean: [8.26534218845e-09, 6.6866459747e-06, 2.70502714557e-05, 0.000346526649082, 0.000432710017776, 4.80189228256e-05, 9.11436509341e-05, 4.10203210777e-05, 8.58427010826e-05, 1.07657351691e-05, 1.71681676875e-05, 1.27272987811e-05, 2.41727684624e-05, 1.06335492092e-05, 1.17230274554e-05, 7.29599878468e-06, 1.18173538795e-05, 1.10064429464e-05, 9.53097696765e-06, 1.94792064576e-05, 6.74707371218e-06, 4.35491938333e-06, 1.33063895191e-06, 3.73172269974e-07, 2.07429010857e-07, 4.00125088618e-09, 7.28494820024e-10]
        dmean2: [9.45854505829e-09, 6.05217883276e-06, 4.3865711632e-05, 0.000590325740632, 0.000681045523379, 7.60817347327e-05, 0.000127939492813, 4.88440709887e-05, 0.000116614515719, 1.49528614202e-05, 2.17324650293e-05, 1.90954451682e-05, 3.58308898285e-05, 1.75214609044e-05, 1.81631548912e-05, 1.19146934594e-05, 1.7500249669e-05, 1.83573101822e-05, 1.55708876264e-05, 2.51647452387e-05, 8.84090786712e-06, 6.52454809824e-06, 2.24950576921e-06, 5.09515984959e-07, 3.16834331215e-07, 5.8653655266e-09, 8.18283718562e-10]
        dvar: [1.95547449218e-14, 1.12523233786e-10, 7.14883308106e-09, 6.74750481267e-07, 6.24883455203e-07, 5.82384585002e-09, 2.07096135796e-07, 1.85823605392e-08, 1.35106972721e-07, 1.06361897068e-09, 2.76853140413e-09, 1.99766891917e-09, 6.12320638638e-09, 1.37166544789e-09, 1.30672717091e-09, 4.66872485116e-10, 1.35500610732e-09, 1.20780985213e-09, 3.93051924341e-10, 2.65769517505e-09, 4.00449257087e-10, 6.29382213013e-10, 5.08226134788e-11, 5.29046381356e-12, 1.48917239217e-12, 3.62366782885e-16, 1.62886262172e-16]
        dvar2: [1.96011115054e-14, 7.77908570893e-11, 2.33095711621e-08, 1.77938261459e-06, 1.35750667596e-06, 1.36978322018e-08, 3.78047303684e-07, 1.87614226377e-08, 2.17889763121e-07, 2.0425390268e-09, 4.66259741927e-09, 3.95377997009e-09, 1.60573776498e-08, 3.18599258087e-09, 3.20605586523e-09, 1.27481813994e-09, 3.06701841701e-09, 3.12350589837e-09, 1.02189756657e-09, 3.2470044431e-09, 6.35285157813e-10, 1.16645126891e-09, 1.16254235405e-10, 9.12487186505e-12, 3.46703004847e-12, 6.1932550356e-16, 1.62676317115e-16]
        max: [2.89743184112e-06, 0.000280129374005, 0.00106520508416, 0.00749489525333, 0.0109653910622, 0.000824213493615, 0.00769228162244, 0.00319196842611, 0.00681841792539, 0.000433936045738, 0.00119976815768, 0.000595881952904, 0.0015558723826, 0.000655824900605, 0.000585746660363, 0.000302023923723, 0.000625507032964, 0.000498460838571, 0.000213626524783, 0.0012107262155, 0.000385326333344, 0.000469547550892, 0.000124885991681, 5.04258350702e-05, 2.54029382631e-05, 3.22938603858e-07, 2.64902922709e-07]
        mean: [8.17322121094e-09, 1.95003831323e-05, 5.90000199736e-05, 0.000528244418092, 0.00114941899665, 0.000130280153826, 0.000208775338251, 0.000139309777296, 0.000195434462512, 2.05980959436e-05, 4.55005429103e-05, 2.64564732788e-05, 6.72220849083e-05, 2.24662144319e-05, 2.15285381273e-05, 1.54870576807e-05, 2.54206752288e-05, 1.79413727892e-05, 1.83812826435e-05, 4.11332548538e-05, 1.55169473146e-05, 8.96281835594e-06, 2.86854924525e-06, 6.57610598864e-07, 3.868442775e-07, 6.89429402456e-09, 7.18720083448e-10]
        min: [5.93831928075e-12, 1.25364318926e-09, 7.70439569919e-08, 3.21664032299e-07, 5.32420108357e-06, 6.17883870291e-07, 1.17801896238e-07, 8.10110094562e-08, 1.70076674522e-07, 4.43460876909e-08, 6.1955511832e-09, 1.78786674354e-08, 1.52055505964e-08, 2.33139663131e-09, 1.56657247175e-08, 1.03421919917e-08, 2.05918682106e-09, 1.28185417836e-09, 2.00942351647e-09, 2.89610557758e-09, 1.58722524013e-09, 6.33946839468e-10, 2.99672009429e-10, 1.89392085348e-10, 1.52766618799e-10, 1.32924053708e-11, 1.14520819585e-13]
        var: [1.95104569572e-14, 1.49131673677e-09, 8.95334473228e-09, 8.54633981362e-07, 2.22108019443e-06, 1.78696986097e-08, 4.93942422963e-07, 1.42835077099e-07, 3.71144722067e-07, 2.70713385042e-09, 2.25231584494e-08, 5.4303659347e-09, 4.91119891421e-08, 4.54469883948e-09, 2.92165447391e-09, 9.61281609868e-10, 4.33176960968e-09, 1.85156712185e-09, 9.91843385201e-10, 1.23403429697e-08, 1.75012870862e-09, 1.91493199075e-09, 1.39909805963e-10, 1.4296288979e-11, 2.56221020963e-12, 6.04828746426e-16, 1.63115186061e-16]
    mfcc:
        mean: [-874.59387207, 175.486923218, -16.3254241943, 53.9607772827, -11.5210676193, -8.3841791153, -11.8792600632, -16.8325653076, -11.006146431, -5.39309978485, -11.9639062881, -18.205871582, -8.72718715668]
        cov: [[11501.9238281, -3911.80786133, -1670.53845215, -865.217590332, -957.460449219, -38.4737319946, 68.430557251, -98.0092391968, -116.749763489, -552.642944336, -1.52389752865, 77.8570785522, -11.6323766708], [-3911.80786133, 2732.0234375, 260.344726562, 181.633377075, 290.179229736, 13.7377481461, 107.946647644, -44.7515335083, 187.703842163, 270.014984131, -67.6298904419, -12.7492542267, 63.9052200317], [-1670.53845215, 260.344726562, 622.583618164, 75.8595123291, 156.04675293, 52.9287757874, -36.8426513672, 62.8018226624, 17.0471458435, 94.0290298462, 34.1419448853, 9.0700302124, 18.7623672485], [-865.217590332, 181.633377075, 75.8595123291, 353.857147217, 110.738105774, -14.741768837, -25.7563838959, 4.1784658432, 8.76064777374, 49.3196907043, -1.97320353985, 12.857919693, -16.0987071991], [-957.460449219, 290.179229736, 156.04675293, 110.738105774, 253.742034912, -10.3712673187, 70.2906265259, 17.7700538635, -50.2903633118, 64.4450149536, 26.3444957733, -35.0719642639, 15.1453104019], [-38.4737319946, 13.7377481461, 52.9287757874, -14.741768837, -10.3712673187, 244.35887146, 47.7666625977, 67.8393096924, 51.0667381287, -23.6592693329, 28.1683082581, 41.9658432007, 4.7486782074], [68.430557251, 107.946647644, -36.8426513672, -25.7563838959, 70.2906265259, 47.7666625977, 231.851638794, 59.7913818359, -21.7918148041, 21.8099040985, 25.6894645691, -3.24664306641, 53.8443527222], [-98.0092391968, -44.7515335083, 62.8018226624, 4.1784658432, 17.7700538635, 67.8393096924, 59.7913818359, 165.491836548, -20.8066501617, 18.8060092926, 61.6353492737, 53.6185035706, 28.2676277161], [-116.749763489, 187.703842163, 17.0471458435, 8.76064777374, -50.2903633118, 51.0667381287, -21.7918148041, -20.8066501617, 141.273269653, -9.68611240387, -21.7534503937, 46.0961036682, -21.1066265106], [-552.642944336, 270.014984131, 94.0290298462, 49.3196907043, 64.4450149536, -23.6592693329, 21.8099040985, 18.8060092926, -9.68611240387, 174.364120483, 31.0230350494, -13.5806436539, 51.014339447], [-1.52389752865, -67.6298904419, 34.1419448853, -1.97320353985, 26.3444957733, 28.1683082581, 25.6894645691, 61.6353492737, -21.7534503937, 31.0230350494, 99.8999633789, 16.1552410126, 5.30803489685], [77.8570785522, -12.7492542267, 9.0700302124, 12.857919693, -35.0719642639, 41.9658432007, -3.24664306641, 53.6185035706, 46.0961036682, -13.5806436539, 16.1552410126, 116.981033325, 16.9742221832], [-11.6323766708, 63.9052200317, 18.7623672485, -16.0987071991, 15.1453104019, 4.7486782074, 53.8443527222, 28.2676277161, -21.1066265106, 51.014339447, 5.30803489685, 16.9742221832, 104.707740784]]
        icov: [[0.000501095957588, 0.000608769652899, 0.00090158713283, 0.00057011586614, 0.00040776754031, 2.79173182207e-05, -0.00037576383329, 0.000309147202643, -0.000421261909651, -5.01203940075e-05, -0.000109323620563, -0.00021198108152, -0.000360841397196], [0.000608769652899, 0.00136964884587, 0.00114970363211, 0.00074942962965, -0.000313527241815, 6.10699862591e-05, -0.000566456466913, 0.000312477757689, -0.00168346776627, -0.000915994518436, 0.000545285118278, -0.000147056067362, -0.000506441574544], [0.00090158713283, 0.00114970363211, 0.00406257621944, 0.0013061404461, -0.0012478667777, -0.000435636291513, 0.000776887172833, -0.00061840377748, -0.00179960951209, -0.000911200651899, 2.56743896898e-05, -9.16221979423e-05, -0.00106623861939], [0.00057011586614, 0.00074942962965, 0.0013061404461, 0.00442220410332, -0.00176517560612, 8.6505584477e-05, 0.000468689569971, -4.76512213936e-05, -0.000949335575569, -0.00120350054931, 0.000864158326294, -0.00139002071228, 0.00065157469362], [0.00040776754031, -0.000313527241815, -0.0012478667777, -0.00176517560612, 0.00903049856424, 0.000196879904252, -0.00318683520891, 0.0015635881573, 0.00353284412995, 0.000240548339207, -0.0018363520503, 0.000607647409197, 0.000679919496179], [2.79173182207e-05, 6.10699862591e-05, -0.000435636291513, 8.6505584477e-05, 0.000196879904252, 0.00570904370397, -0.00099696777761, -0.00193125288934, -0.00267652608454, 0.00143219123129, -0.00107674510218, 0.000312807154842, -0.00042957594269], [-0.00037576383329, -0.000566456466913, 0.000776887172833, 0.000468689569971, -0.00318683520891, -0.00099696777761, 0.00735890446231, -0.0027298189234, -0.00073018000694, 0.000556778919417, -0.000187345125596, 0.00174729875289, -0.00299645890482], [0.000309147202643, 0.000312477757689, -0.00061840377748, -4.76512213936e-05, 0.0015635881573, -0.00193125288934, -0.0027298189234, 0.0120391640812, 0.00357625703327, -0.000383814709494, -0.00439517572522, -0.0053928704001, -3.2933014154e-05], [-0.000421261909651, -0.00168346776627, -0.00179960951209, -0.000949335575569, 0.00353284412995, -0.00267652608454, -0.00073018000694, 0.00357625703327, 0.0146392397583, -0.000610432296526, 0.00136512110475, -0.00595439458266, 0.0043219588697], [-5.01203940075e-05, -0.000915994518436, -0.000911200651899, -0.00120350054931, 0.000240548339207, 0.00143219123129, 0.000556778919417, -0.000383814709494, -0.000610432296526, 0.0103210583329, -0.00420112209395, 0.00264779734425, -0.00511852838099], [-0.000109323620563, 0.000545285118278, 2.56743896898e-05, 0.000864158326294, -0.0018363520503, -0.00107674510218, -0.000187345125596, -0.00439517572522, 0.00136512110475, -0.00420112209395, 0.015651922673, -0.00177070649806, 0.00319624668919], [-0.00021198108152, -0.000147056067362, -9.16221979423e-05, -0.00139002071228, 0.000607647409197, 0.000312807154842, 0.00174729875289, -0.0053928704001, -0.00595439458266, 0.00264779734425, -0.00177070649806, 0.0149754108861, -0.00450399750844], [-0.000360841397196, -0.000506441574544, -0.00106623861939, 0.00065157469362, 0.000679919496179, -0.00042957594269, -0.00299645890482, -3.2933014154e-05, 0.0043219588697, -0.00511852838099, 0.00319624668919, -0.00450399750844, 0.0155146457255]]
    spectral_contrast:
        mean: [-8.03520805448e-08, -1.95412752646e-07, 1.91874164557e-07, 6.13617828549e-07, -1.68636688613e-07, -9.24740334085e-07, -1.44961552451e-06, 9.95078039523e-07, -4.01393526772e-06, -1.28240299091e-06, -4.42324835603e-06, -3.10611062559e-06]
        var: [0.000651435228065, 0.0008471335168, 0.00144264649134, 0.00230893073604, 0.00357045722194, 0.0127577940002, 0.0837389826775, 0.127241119742, 0.202254146338, 0.352649331093, 0.842655360699, 5.42590522766]

rhythm:
    beats_loudness:
        dmean: 0.00296097435057
        dmean2: 0.00502010434866
        dvar: 5.84885265198e-06
        dvar2: 1.78745776793e-05
        max: 0.010034551844
        mean: 0.00300626154058
        min: 0.000279577623587
        var: 6.74903185427e-06
    beats_loudness_bass:
        dmean: 0.134091198444
        dmean2: 0.20486305654
        dvar: 0.00492304330692
        dvar2: 0.0233585741371
        max: 0.45039883256
        mean: 0.176260307431
        min: 0.0113934157416
        var: 0.0177335888147
    bpm: 102.960449219
    bpm_confidence: 0
    first_peak_bpm: 98
    first_peak_spread: 0
    first_peak_weight: 0.5625
    onset_rate: 2.69867801666
    second_peak_bpm: 103
    second_peak_spread: 0
    second_peak_weight: 0.375
    beats_position: [0.274511486292, 0.888760328293, 1.50300908089, 2.1172580719, 2.73150682449, 3.34575557709, 3.9600045681, 4.57425355911, 5.18850231171, 5.8027510643, 6.20463228226, 6.7873878479, 7.37014293671, 7.95289897919, 8.53565406799, 9.11841011047, 9.70116519928]
    bpm_estimates: [103.311950684, 103.057113647, 103.373458862, 102.554283142, 102.505455017]
    bpm_intervals: [0.614248871803, 0.614248752594, 0.614248991013, 0.614248752594, 0.614248752594, 0.614248991013, 0.614248991013, 0.614248752594, 0.614248752594, 0.401881217957, 0.582755565643, 0.582755088806, 0.58275604248, 0.582755088806, 0.58275604248, 0.582755088806]
    onset_times: [0.0696598663926, 0.510838985443, 0.824308395386, 0.940408170223, 1.47446715832, 1.5673469305, 1.67183673382, 1.95047616959, 2.2523355484, 2.60063481331, 2.68190479279, 2.93732428551, 3.84290242195, 3.98222231865, 4.446621418, 4.6439909935, 5.53795909882, 5.61922883987, 5.99074840546, 6.08362817764, 6.18811798096, 6.76861667633, 7.89478445053, 8.27791404724, 8.46367359161, 9.4853515625, 9.63628101349]
    rubato_start: []
    rubato_stop: []
    perceptual_tempo: "unknown"

sfx:
    inharmonicity:
        dmean: 0.0154346842319
        dmean2: 0.0275178775191
        dvar: 0.000966836407315
        dvar2: 0.00239289598539
        max: 0.30330106616
        mean: 0.0154887093231
        min: 8.47730234455e-07
        var: 0.00116852251813
    oddtoevenharmonicenergyratio:
        dmean: 6.0390586853
        dmean2: 10.923459053
        dvar: 527.678649902
        dvar2: 1479.7779541
        max: 285.684173584
        mean: 4.68813323975
        min: 7.46748082747e-06
        var: 348.526245117
    pitch_after_max_to_before_max_energy_ratio: 3.88759589195
    pitch_centroid: 173.956085205
    pitch_max_to_total: 0.289044290781
    pitch_min_to_total: 0.841491818428
    tristimulus:
        dmean: [0.199133008718, 0.198278039694, 0.0394621528685]
        dmean2: [0.354305624962, 0.353600054979, 0.0703188627958]
        dvar: [0.0576884709299, 0.0592023842037, 0.00703454017639]
        dvar2: [0.136386752129, 0.150388762355, 0.0192283317447]
        max: [0.995259404182, 0.975814461708, 0.820782065392]
        mean: [0.591427445412, 0.354259580374, 0.0481775961816]
        min: [0.000235190032981, 0, 0]
        var: [0.0840775445104, 0.0735097229481, 0.00795153714716]

tonal:
    chords_changes_rate: 0.037037037313
    chords_number_rate: 0.0277777779847
    chords_strength:
        dmean: 0.00970701500773
        dmean2: 0.00691543892026
        dvar: 8.57488194015e-05
        dvar2: 5.02860020788e-05
        max: 0.738410234451
        mean: 0.523407280445
        min: 0.317425429821
        var: 0.00827276986092
    key_strength: 0.890624761581
    tuning_diatonic_strength: 0.601128339767
    tuning_equal_tempered_deviation: 0.0423495806754
    tuning_frequency: 441.782684326
    tuning_nontempered_energy_ratio: 0.619237840176
    hpcp:
        dmean: [0.0611841119826, 0.0667736455798, 0.06792845577, 0.0532901249826, 0.047603789717, 0.0332721248269, 0.0344995297492, 0.0371084474027, 0.0334824845195, 0.0408460833132, 0.0364673025906, 0.0667603090405, 0.0901381224394, 0.0563381277025, 0.0125162536278, 0.0182821936905, 0.0365121923387, 0.0563811697066, 0.0657555907965, 0.0679126530886, 0.0517953746021, 0.0576898679137, 0.0931666642427, 0.122614778578, 0.0971415787935, 0.173952370882, 0.152691066265, 0.120230406523, 0.11069766432, 0.0524790659547, 0.0289353467524, 0.0416573509574, 0.0632053613663, 0.0673122033477, 0.0637356191874, 0.0522517003119]
        dmean2: [0.113524273038, 0.11879080534, 0.115087963641, 0.0921218320727, 0.0712920725346, 0.0505227856338, 0.0517775528133, 0.06280182302, 0.0581625699997, 0.0679280161858, 0.0667786300182, 0.111368782818, 0.144486322999, 0.0916510000825, 0.021226959303, 0.0321684628725, 0.0635305270553, 0.0930472016335, 0.109719537199, 0.113997295499, 0.0898504108191, 0.104014717042, 0.177955880761, 0.21990147233, 0.170431420207, 0.311362266541, 0.25909653306, 0.187796130776, 0.184417724609, 0.0966789424419, 0.0506444610655, 0.0711587071419, 0.107590168715, 0.116268970072, 0.114303663373, 0.0982169210911]
        dvar: [0.0327516160905, 0.0335052348673, 0.0256266202778, 0.021621607244, 0.0117146288976, 0.00565190659836, 0.0114021673799, 0.013030173257, 0.00829517748207, 0.0137615790591, 0.0129797589034, 0.0158245544881, 0.0287734698504, 0.0100902486593, 0.00243623997085, 0.00518718548119, 0.01610497199, 0.0226120930165, 0.0196867845953, 0.0275074951351, 0.01571704261, 0.0227350853384, 0.03562162444, 0.0618987940252, 0.0395416393876, 0.0824319943786, 0.0469197444618, 0.041398819536, 0.0315198041499, 0.0187568236142, 0.0105167208239, 0.0189874134958, 0.0266237277538, 0.0399523489177, 0.0299554765224, 0.0197827424854]
        dvar2: [0.0976615026593, 0.0919875726104, 0.0654512643814, 0.05599912256, 0.0242686923593, 0.013487088494, 0.0258443374187, 0.0396638326347, 0.0207971930504, 0.0353268235922, 0.0313844829798, 0.0376573130488, 0.0602829307318, 0.0236831381917, 0.00691827340052, 0.0151939084753, 0.045544039458, 0.054264228791, 0.0442166775465, 0.0655071288347, 0.0362678281963, 0.0653270855546, 0.107151560485, 0.194387346506, 0.0857009738684, 0.253054231405, 0.124001137912, 0.0760030597448, 0.0736729577184, 0.0524138770998, 0.0220403186977, 0.0487136021256, 0.0632067099214, 0.0931375771761, 0.0716638192534, 0.0625720843673]
        max: [1, 1, 1, 1, 0.949000418186, 0.67555552721, 1, 1, 0.64167869091, 0.829817771912, 0.938892364502, 0.928060173988, 1, 0.658722698689, 0.490215778351, 0.714175462723, 1, 1, 1, 1, 1, 1, 1, 1, 1, 1, 1, 1, 1, 1, 1, 1, 1, 1, 1, 0.914008200169]
        mean: [0.0421295464039, 0.0536684915423, 0.107435569167, 0.132685914636, 0.0706463679671, 0.080216512084, 0.122406736016, 0.0687858015299, 0.0481004975736, 0.0572784803808, 0.0345920361578, 0.167321428657, 0.301660686731, 0.153630763292, 0.0120829427615, 0.0151853319257, 0.0434827357531, 0.102234534919, 0.129596367478, 0.100089557469, 0.06133980304, 0.043290477246, 0.0565502159297, 0.131611779332, 0.185649573803, 0.143449485302, 0.197690844536, 0.301487326622, 0.185249969363, 0.0375339724123, 0.0211188867688, 0.0346363261342, 0.116477265954, 0.164366424084, 0.0906810685992, 0.0394187532365]
        min: [5.09875135322e-05, 3.08171547658e-05, 3.53985269612e-05, 6.41833612463e-05, 4.28696985182e-05, 5.50617869521e-06, 3.56992904926e-06, 1.59857881954e-06, 0.000108624422865, 2.6376095775e-05, 5.52512437935e-06, 2.95771042147e-05, 7.69494072301e-05, 7.38244270906e-05, 7.81323160481e-06, 1.14764759473e-06, 1.64101293194e-05, 3.63162725989e-05, 1.20884269563e-05, 1.02626918306e-05, 1.24182042782e-05, 3.4832817164e-06, 3.77136129828e-05, 3.46282504324e-05, 1.69841587194e-05, 8.53454912431e-06, 0.000345203035977, 0.000213095772779, 3.79203629564e-05, 3.48688554368e-05, 3.40547762789e-06, 8.06479602034e-06, 0.000156434733071, 0.000236671490711, 0.000122981175082, 2.96762846119e-05]
        var: [0.0210245233029, 0.0277123767883, 0.0582741424441, 0.0858821868896, 0.0256981737912, 0.0278475712985, 0.0846649482846, 0.0244294200093, 0.0108221573755, 0.0170043315738, 0.0106471115723, 0.0383864492178, 0.126218929887, 0.0342062525451, 0.00178268877789, 0.00345264188945, 0.0192615650594, 0.0505869798362, 0.0498352944851, 0.0459077395499, 0.0281856972724, 0.017608569935, 0.0225624907762, 0.0693721175194, 0.104323998094, 0.0698217451572, 0.0629199072719, 0.134502828121, 0.0636108741164, 0.0118240462616, 0.00806095823646, 0.0140065448359, 0.0635446682572, 0.11711076647, 0.0407274924219, 0.0137211382389]
    chords_histogram: [21.7592601776, 21.2962970734, 5.09259271622, 0, 0, 0, 0, 0, 0, 0, 0, 0, 0, 0, 0, 0, 0, 30.0925922394, 0, 12.0370368958, 0, 0, 0, 9.72222232819]
    thpcp: [1, 0.509283363819, 0.0400547496974, 0.0503391139209, 0.144144520164, 0.338905721903, 0.429609745741, 0.331795156002, 0.203340396285, 0.143507182598, 0.187463000417, 0.436290800571, 0.615425169468, 0.475532591343, 0.655341744423, 0.999425292015, 0.614100456238, 0.124424472451, 0.0700087472796, 0.114818826318, 0.386120140553, 0.544871866703, 0.300606191158, 0.130672484636, 0.139658719301, 0.177910134196, 0.35614708066, 0.439851522446, 0.2341914922, 0.265916347504, 0.405776232481, 0.22802375257, 0.159452319145, 0.189877182245, 0.114672005177, 0.554667651653]
    chords_key: "F#"
    chords_scale: "minor"
    key_key: "F#"
    key_scale: "major"
    chords_progression: ["F#", "F#m", "F#m", "F#m", "F#m", "F#m", "F#m", "F#m", "F#m", "F#m", "F#m", "F#m", "F#m", "F#m", "F#m", "F#m", "F#m", "F#m", "F#m", "F#m", "F#m", "F#m", "F#", "F#", "F#", "F#", "F#", "F#", "F#", "F#", "F#", "F#", "F#", "F#", "F#", "F#", "F#", "F#", "F#", "F#", "F#", "F#", "D#m", "D#m", "D#m", "D#m", "D#m", "D#m", "D#m", "D#m", "D#m", "D#m", "D#m", "D#m", "D#m", "D#m", "D#m", "D#m", "D#m", "D#m", "D#m", "D#m", "D#m", "C#m", "C#m", "C#m", "C#m", "C#m", "C#m", "C#m", "C#m", "C#m", "C#m", "C#m", "C#m", "C#m", "C#m", "C#m", "C#m", "C#m", "C#m", "C#m", "C#m", "C#m", "C#m", "C#m", "C#m", "C#m", "C#m", "C#", "C#", "C#", "C#", "C#", "C#", "C#", "C#", "C#", "C#", "C#", "A#m", "A#m", "A#m", "A#m", "A#m", "A#m", "A#m", "A#m", "A#m", "A#m", "A#m", "A#m", "A#m", "A#m", "A#m", "A#m", "A#m", "A#m", "A#m", "A#m", "A#m", "A#m", "A#m", "A#m", "A#m", "A#m", "A#m", "A#m", "A#m", "A#m", "A#m", "A#m", "A#m", "A#m", "A#m", "A#m", "A#m", "A#m", "A#m", "A#m", "A#m", "A#m", "A#m", "A#m", "A#m", "A#m", "F#m", "F#m", "F#m", "F#m", "F#m", "F#m", "F#m", "F#m", "F#m", "F#m", "F#m", "F#m", "F#m", "F#m", "F#m", "F#m", "F#m", "F#m", "F#m", "F#m", "F#m", "F#m", "F#m", "F#m", "F#m", "F#m", "F#m", "F#m", "F#m", "F#m", "F#m", "F#m", "F#m", "F#m", "F#m", "F#m", "F#m", "F#m", "F#m", "F#m", "F#m", "F#m", "F#m", "F#m", "F#", "F#", "F#", "F#", "F#", "F#", "F#", "F#", "F#", "F#", "F#", "F#", "F#", "F#", "F#", "F#", "F#", "F#", "F#", "F#", "F#", "F#", "F#", "F#", "F#", "F#"]
