
metadata:
    version:
        essentia: "1.2.2"
    audio_properties:
        analysis_sample_rate: 44100
        bitrate: 128
        channels: 2
        equal_loudness: 1
        length: 10.0048980713
        replay_gain: -14.2837429047
        downmix: "mix"
    tags:
        track: 14
        year: 0
        album: "Splitted by Mp3Splt v. 2.1"
        artist: "From 002.10 To 002.20"
        comment: "http://mp3splt.sf.net"
        genre: ""
        title: "01 For Your Own Good.mp3"

highlevel:
    ballroom:
        all:
            ChaChaCha: 0.0848655626178
            Jive: 0.217923656106
            Quickstep: 0.0269709154963
            Rumba-American: 0.00230463710614
            Rumba-International: 0.00422178208828
            Rumba-Misc: 0.00324947573245
            Samba: 0.659686684608
            Tango: 0.000132386485348
            VienneseWaltz: 0.000313489785185
            Waltz: 0.000331439252477
        probability: 0.659686684608
        value: "Samba"
    culture:
        all:
            non_western: 0.128218725324
            western: 0.871781289577
        probability: 0.871781289577
        value: "western"
    gender:
        all:
            female: 0.988229393959
            male: 0.0117706265301
        probability: 0.988229393959
        value: "female"
    genre_dortmund:
        all:
            alternative: 0.128226131201
            blues: 0.0641614496708
            electronic: 0.106532156467
            folkcountry: 0.0754671767354
            funksoulrnb: 0.042912941426
            jazz: 0.0427974052727
            pop: 0.184583559632
            raphiphop: 0.0689112991095
            rock: 0.286407887936
        probability: 0.286407887936
        value: "rock"
    genre_electronica:
        all:
            ambient: 0.0724108815193
            dnb: 0.285827100277
            house: 0.152293041348
            techno: 0.0530487634242
            trance: 0.436420232058
        probability: 0.436420232058
        value: "trance"
    genre_rosamerica:
        all:
            cla: 0.00357216945849
            dan: 0.93281441927
            hip: 0.0101935053244
            jaz: 0.00402558455244
            pop: 0.0048596560955
            rhy: 0.0394499525428
            roc: 0.00411863159388
            spe: 0.000966097344644
        probability: 0.93281441927
        value: "dan"
    genre_tzanetakis:
        all:
            blu: 0.000535483413842
            cla: 0.000492679246236
            cou: 0.00186422443949
            dis: 0.515606343746
            hip: 0.00785904377699
            jaz: 0.00194432795979
            met: 0.00450106477365
            pop: 0.427917540073
            reg: 0.0250117983669
            roc: 0.0142675088719
        probability: 0.515606343746
        value: "dis"
    live_studio:
        all:
            live: 0.0334213487804
            studio: 0.966578662395
        probability: 0.966578662395
        value: "studio"
    mood:
        all:
            Cluster1: 0.326268136501
            Cluster2: 0.23868702352
            Cluster3: 0.164400830865
            Cluster4: 0.14354224503
            Cluster5: 0.127101778984
        probability: 0.326268136501
        value: "Cluster1"
    mood_acoustic:
        all:
            acoustic: 0.0377479493618
            not_acoustic: 0.962252020836
        probability: 0.962252020836
        value: "not_acoustic"
    mood_aggressive:
        all:
            aggressive: 0.0499319955707
            not_aggressive: 0.950067996979
        probability: 0.950067996979
        value: "not_aggressive"
    mood_electronic:
        all:
            electronic: 0.431558966637
            not_electronic: 0.568441033363
        probability: 0.568441033363
        value: "not_electronic"
    mood_happy:
        all:
            happy: 0.548130571842
            not_happy: 0.451869428158
        probability: 0.548130571842
        value: "happy"
    mood_party:
        all:
            not_party: 0.247784674168
            party: 0.752215325832
        probability: 0.752215325832
        value: "party"
    mood_relaxed:
        all:
            not_relaxed: 0.986819565296
            relaxed: 0.0131804579869
        probability: 0.986819565296
        value: "not_relaxed"
    mood_sad:
        all:
            not_sad: 0.719104707241
            sad: 0.280895262957
        probability: 0.719104707241
        value: "not_sad"
    rhythm:
        all:
            fast: 0.992156326771
            medium: 0.00729003222659
            slow: 0.000553635007236
        probability: 0.992156326771
        value: "fast"
    speech_music:
        all:
            music: 0.999795734882
            speech: 0.000204254247365
        probability: 0.999795734882
        value: "music"
    timbre:
        all:
            bright: 0.87796318531
            dark: 0.122036792338
        probability: 0.87796318531
        value: "bright"
    voice_instrumental:
        all:
            instrumental: 0.0429120585322
            voice: 0.957087934017
        probability: 0.957087934017
        value: "voice"

lowlevel:
    average_loudness: 0.969731926918
    barkbands_kurtosis:
        dmean: 2.42013239861
        dmean2: 3.70590424538
        dvar: 25.1998615265
        dvar2: 53.630279541
        max: 47.1694030762
        mean: 0.980755925179
        min: -1.8461483717
        var: 29.343875885
    barkbands_skewness:
        dmean: 0.750552177429
        dmean2: 1.04378354549
        dvar: 0.514177501202
        dvar2: 0.964402914047
        max: 6.44096851349
        mean: 0.793599307537
        min: -2.2945497036
        var: 1.39003646374
    barkbands_spread:
        dmean: 9.25736713409
        dmean2: 13.5588617325
        dvar: 71.298789978
        dvar2: 145.939910889
        max: 84.9817047119
        mean: 33.8080711365
        min: 3.71752429008
        var: 230.932678223
    dissonance:
        dmean: 0.0188110135496
        dmean2: 0.0310887135565
        dvar: 0.000488007062813
        dvar2: 0.00126920291223
        max: 0.499981045723
        mean: 0.465491116047
        min: 0.305159419775
        var: 0.000702318619005
    hfc:
        dmean: 1.63564682007
        dmean2: 2.35249757767
        dvar: 5.10505914688
        dvar2: 11.5213975906
        max: 20.4854717255
        mean: 3.60069823265
        min: 0.238903149962
        var: 11.9402217865
    pitch:
        dmean: 719.920837402
        dmean2: 1381.13684082
        dvar: 1859210.125
        dvar2: 4289885
        max: 5512.5
        mean: 997.453369141
        min: 81.9702606201
        var: 2226525
    pitch_instantaneous_confidence:
        dmean: 0.10648637265
        dmean2: 0.163453906775
        dvar: 0.00821121875197
        dvar2: 0.0167026892304
        max: 0.881622672081
        mean: 0.410803973675
        min: 0.134616076946
        var: 0.035004209727
    pitch_salience:
        dmean: 0.0826534628868
        dmean2: 0.128377243876
        dvar: 0.00528065022081
        dvar2: 0.0118221882731
        max: 0.818480610847
        mean: 0.626287996769
        min: 0.246252834797
        var: 0.0135060604662
    silence_rate_20dB:
        dmean: 0
        dmean2: 0
        dvar: 0
        dvar2: 0
        max: 1
        mean: 1
        min: 1
        var: 0
    silence_rate_30dB:
        dmean: 0
        dmean2: 0
        dvar: 0
        dvar2: 0
        max: 1
        mean: 1
        min: 1
        var: 0
    silence_rate_60dB:
        dmean: 0.139534890652
        dmean2: 0.279720276594
        dvar: 0.120064973831
        dvar2: 0.229449823499
        max: 1
        mean: 0.700696051121
        min: 0
        var: 0.209721520543
    spectral_centroid:
        dmean: 469.123382568
        dmean2: 676.520629883
        dvar: 211136.46875
        dvar2: 438715.34375
        max: 5150.48291016
        mean: 1418.93347168
        min: 194.154815674
        var: 566907
    spectral_complexity:
        dmean: 2.80373835564
        dmean2: 4.32318496704
        dvar: 15.1764307022
        dvar2: 37.9049377441
        max: 34
        mean: 6.62237739563
        min: 0
        var: 28.6126670837
    spectral_crest:
        dmean: 3.00420379639
        dmean2: 4.76194238663
        dvar: 6.734603405
        dvar2: 14.9795942307
        max: 21.5326213837
        mean: 8.3938035965
        min: 2.74362850189
        var: 14.3492574692
    spectral_decrease:
        dmean: 4.17180096024e-10
        dmean2: 5.98530558449e-10
        dvar: 4.28157861592e-19
        dvar2: 9.5226531382e-19
        max: -2.8213983233e-11
        mean: -6.99493629686e-10
        min: -4.33400870747e-09
        var: 6.03223374559e-19
    spectral_energy:
        dmean: 0.00168872473296
        dmean2: 0.00242486502975
        dvar: 6.77087246004e-06
        dvar2: 1.49847137436e-05
        max: 0.0175763443112
        mean: 0.00296664470807
        min: 0.000129065345391
        var: 9.98457471724e-06
    spectral_energyband_high:
        dmean: 0.000130213709781
        dmean2: 0.000192821476958
        dvar: 3.62696290779e-08
        dvar2: 8.77362325014e-08
        max: 0.00219162437133
        mean: 0.00022616845672
        min: 9.25364020077e-06
        var: 7.26223490233e-08
    spectral_energyband_low:
        dmean: 0.000271917117061
        dmean2: 0.000442374381237
        dvar: 3.01550102222e-07
        dvar2: 7.51470054183e-07
        max: 0.00343615049496
        mean: 0.000270031916443
        min: 8.45527097226e-07
        var: 2.6802189268e-07
    spectral_energyband_middle_high:
        dmean: 0.00044541322859
        dmean2: 0.000636278593447
        dvar: 6.98367443874e-07
        dvar2: 1.22572191685e-06
        max: 0.012518084608
        mean: 0.00100033369381
        min: 4.80846429127e-05
        var: 2.2304718641e-06
    spectral_energyband_middle_low:
        dmean: 0.00133910647128
        dmean2: 0.00214541424066
        dvar: 6.20527680439e-06
        dvar2: 1.52956308739e-05
        max: 0.0140912625939
        mean: 0.00147011026274
        min: 3.99678538088e-05
        var: 5.45918965145e-06
    spectral_flatness_db:
        dmean: 0.0250196829438
        dmean2: 0.036299623549
        dvar: 0.000499338842928
        dvar2: 0.00104836991522
        max: 0.268964499235
        mean: 0.137580215931
        min: 0.0554535314441
        var: 0.00152246584184
    spectral_flux:
        dmean: 0.0120456991717
        dmean2: 0.0178576894104
        dvar: 0.000236668434809
        dvar2: 0.000396169431042
        max: 0.115586549044
        mean: 0.035875916481
        min: 0.00709349289536
        var: 0.000559908396099
    spectral_kurtosis:
        dmean: 0.912454903126
        dmean2: 1.3910574913
        dvar: 0.72508084774
        dvar2: 1.69183182716
        max: 8.28940200806
        mean: 2.41626238823
        min: -1.00609028339
        var: 2.68078756332
    spectral_rms:
        dmean: 0.000433364824858
        dmean2: 0.000587538117543
        dvar: 2.58689368593e-07
        dvar2: 5.03582668898e-07
        max: 0.00414097262546
        mean: 0.00151581503451
        min: 0.00035484842374
        var: 5.96592030888e-07
    spectral_rolloff:
        dmean: 907.966552734
        dmean2: 1384.02514648
        dvar: 1033970.6875
        dvar2: 1858021.625
        max: 8397.94921875
        mean: 2852.97460938
        min: 150.732421875
        var: 2590629.5
    spectral_skewness:
        dmean: 0.201164454222
        dmean2: 0.292687773705
        dvar: 0.0387207493186
        dvar2: 0.0722164362669
        max: 2.36528873444
        mean: 1.29381465912
        min: -0.0375911556184
        var: 0.1611879915
    spectral_spread:
        dmean: 852672.0625
        dmean2: 1233963.375
        dvar: 951289184256
        dvar2: 1.65707985715e+12
        max: 16686856
        mean: 6504772.5
        min: 3372182.25
        var: 4.51186471731e+12
    spectral_strongpeak:
        dmean: 0.249682560563
        dmean2: 0.406200259924
        dvar: 0.206986486912
        dvar2: 0.505251526833
        max: 4.90425682068
        mean: 0.362726211548
        min: 0.00776333641261
        var: 0.305594086647
    zerocrossingrate:
        dmean: 0.0168342944235
        dmean2: 0.0182162076235
        dvar: 0.000216727392399
        dvar2: 0.00027227125247
        max: 0.21923828125
        mean: 0.0899131819606
        min: 0.0166015625
        var: 0.00128583586775
    barkbands:
        dmean: [2.84239547454e-07, 6.51024965919e-05, 0.000233450031374, 0.000510312907863, 0.00088014343055, 8.20737914182e-05, 4.74026419397e-05, 4.31601220043e-05, 7.02434990671e-05, 6.14155287622e-05, 0.000172550484422, 4.32099877798e-05, 5.61456836294e-05, 5.99777558818e-05, 3.70154411939e-05, 3.84535560443e-05, 5.63235262234e-05, 9.59792523645e-05, 6.25546163064e-05, 8.36019171402e-05, 6.12721923972e-05, 2.37909880525e-05, 1.22099827422e-05, 6.9303600867e-06, 4.18982290284e-06, 1.41825680089e-07, 4.18495960108e-10]
        dmean2: [2.64331816879e-07, 9.96856251732e-05, 0.000402187812142, 0.00084511260502, 0.00159061292652, 0.000133247915073, 7.85568699939e-05, 7.11313987267e-05, 0.000101440076833, 8.98746002349e-05, 0.000256826897385, 7.0986468927e-05, 8.65950423758e-05, 8.940029511e-05, 6.19585262029e-05, 6.16191900917e-05, 8.50659635034e-05, 0.000156270878506, 9.7584015748e-05, 0.000134706919198, 9.67484738794e-05, 3.6535475374e-05, 1.84025630006e-05, 9.75310103968e-06, 6.14116834186e-06, 2.07055421697e-07, 6.50853593243e-10]
        dvar: [1.56961859417e-13, 7.00967506262e-09, 2.90372184963e-07, 1.05567517039e-06, 4.23302208219e-06, 1.48770755715e-08, 5.18377962777e-09, 9.16579079302e-09, 2.80085803439e-08, 3.99246751215e-08, 3.35347863256e-07, 2.07053059142e-08, 2.90429369443e-08, 1.64634883504e-08, 6.84318468558e-09, 7.51897388795e-09, 2.37466242226e-08, 3.06265981465e-08, 1.05832462793e-08, 1.5195238845e-08, 1.57224597785e-08, 1.41610612125e-09, 6.27742247072e-10, 4.36601144127e-10, 9.37670149859e-11, 9.67431904443e-14, 1.46487234474e-18]
        dvar2: [1.01587243121e-13, 1.41622358285e-08, 7.46605905988e-07, 2.63876108875e-06, 1.18782018035e-05, 3.66756154335e-08, 1.36302666931e-08, 2.23038956193e-08, 5.21479037729e-08, 8.27962480798e-08, 6.46111800506e-07, 5.63320483593e-08, 7.38814733836e-08, 3.12758032806e-08, 1.55153951908e-08, 1.90013835777e-08, 5.46110534572e-08, 8.28455881674e-08, 2.53025262964e-08, 3.79650124671e-08, 4.24981685399e-08, 3.11055114999e-09, 1.32880639825e-09, 8.9009316584e-10, 1.9494690584e-10, 2.17327905346e-13, 2.8891989842e-18]
        max: [3.54467942998e-06, 0.00069120246917, 0.00303907855414, 0.00561697408557, 0.0118078356609, 0.00147838098928, 0.000626386143267, 0.00145256693941, 0.00237100408413, 0.00415784306824, 0.00842078030109, 0.0020816528704, 0.00287427078001, 0.00159414217342, 0.000914128962904, 0.00118439877406, 0.00241002207622, 0.00195224839263, 0.000967903295532, 0.000969523971435, 0.00193528179079, 0.000423148972914, 0.000335662800353, 0.000317594851367, 0.000138858900755, 5.77151467951e-06, 2.69325610702e-08]
        mean: [7.52787855163e-07, 9.65889994404e-05, 0.000172692787601, 0.000417662085965, 0.000697178358678, 0.000114640854008, 6.40455255052e-05, 5.56721315661e-05, 0.000105830578832, 8.37525585666e-05, 0.00023301190231, 5.3696163377e-05, 7.73621577537e-05, 8.3702885604e-05, 4.47594247817e-05, 5.03453738929e-05, 8.0563571828e-05, 0.000143854980706, 0.000100474906503, 0.000127439343487, 9.67453233898e-05, 3.54991134373e-05, 1.58478269441e-05, 8.95116227184e-06, 5.38250424142e-06, 1.93209928057e-07, 5.08858954973e-10]
        min: [3.36070254958e-10, 1.12893438597e-07, 1.80448637366e-07, 3.45837378291e-07, 3.80939354727e-06, 2.01594184546e-06, 1.66167887983e-06, 8.93464971341e-07, 9.0165264055e-07, 3.27046677739e-07, 1.048092372e-06, 2.77354388345e-07, 7.97521579443e-07, 4.33026343671e-07, 9.09593495635e-07, 1.06353274987e-06, 2.11911401493e-06, 2.74766716757e-06, 3.65220580534e-06, 4.28772727901e-06, 3.56569535143e-06, 1.80670178906e-06, 3.88803243823e-07, 1.47211267176e-07, 6.55053966625e-08, 1.62354518718e-09, 1.60598581824e-14]
        var: [1.2815560245e-12, 1.26850370208e-08, 2.16162362676e-07, 8.41864618906e-07, 2.64893355961e-06, 2.52633949316e-08, 8.91976981165e-09, 1.05547961482e-08, 6.00916720828e-08, 7.39491454738e-08, 6.0512473965e-07, 2.4267333032e-08, 5.18064666721e-08, 3.31027862899e-08, 8.50763992588e-09, 1.06371738084e-08, 3.4927314374e-08, 4.27429327488e-08, 1.71342904309e-08, 2.14523634412e-08, 2.09318109512e-08, 3.02994185297e-09, 1.39405142985e-09, 6.87474688288e-10, 1.57977617099e-10, 2.20616019485e-13, 3.52688554651e-18]
    mfcc:
        mean: [-741.468505859, 96.1964416504, -21.9676990509, 47.7003936768, -12.4555864334, 1.13279759884, 4.42728328705, -2.665756464, -4.03417634964, -9.16160202026, -6.43383026123, -6.77811670303, -10.0095405579]
        cov: [[2397.60595703, -370.973571777, -125.146286011, -303.096374512, -57.0283126831, -81.4827423096, 55.2573509216, -136.04385376, -101.738990784, -98.6484832764, -101.143539429, -36.0840377808, -101.271629333], [-370.973571777, 812.130554199, -213.956832886, 33.218952179, -31.7211208344, 12.7486906052, 105.197090149, 17.1036815643, -1.66748785973, -0.337723851204, 31.5063381195, -18.9467201233, -52.0118103027], [-125.146286011, -213.956832886, 778.635803223, 121.649307251, 145.93132019, 76.9518051147, -97.8957901001, 100.264129639, 25.7405395508, 63.9496994019, 5.07043123245, 17.2694129944, 89.3649215698], [-303.096374512, 33.218952179, 121.649307251, 362.42388916, 140.325271606, 61.3617019653, -43.3287124634, 57.1142997742, 61.7180480957, 29.3089466095, -0.124686822295, 48.2108955383, 44.1191635132], [-57.0283126831, -31.7211208344, 145.93132019, 140.325271606, 193.007980347, 62.0682106018, -41.590511322, 31.7640571594, 25.5239753723, 25.1111316681, -7.01205062866, 7.52291107178, 20.9492721558], [-81.4827423096, 12.7486906052, 76.9518051147, 61.3617019653, 62.0682106018, 156.707595825, 35.3745765686, 26.7095584869, -7.19864606857, 25.8058490753, 14.8206796646, -2.21614551544, 21.4611320496], [55.2573509216, 105.197090149, -97.8957901001, -43.3287124634, -41.590511322, 35.3745765686, 168.787536621, 31.7644634247, -6.61787843704, -5.30310249329, 22.9577407837, 8.39709568024, -10.873465538], [-136.04385376, 17.1036815643, 100.264129639, 57.1142997742, 31.7640571594, 26.7095584869, 31.7644634247, 113.484054565, 43.4458732605, 18.3195610046, 13.2915887833, 28.9532737732, 28.895898819], [-101.738990784, -1.66748785973, 25.7405395508, 61.7180480957, 25.5239753723, -7.19864606857, -6.61787843704, 43.4458732605, 86.1922912598, 19.1096858978, 4.70648860931, 25.4414806366, 20.6467037201], [-98.6484832764, -0.337723851204, 63.9496994019, 29.3089466095, 25.1111316681, 25.8058490753, -5.30310249329, 18.3195610046, 19.1096858978, 101.439231873, 38.9996299744, 14.162027359, 3.59839558601], [-101.143539429, 31.5063381195, 5.07043123245, -0.124686822295, -7.01205062866, 14.8206796646, 22.9577407837, 13.2915887833, 4.70648860931, 38.9996299744, 68.228225708, 20.8434448242, 6.82264995575], [-36.0840377808, -18.9467201233, 17.2694129944, 48.2108955383, 7.52291107178, -2.21614551544, 8.39709568024, 28.9532737732, 25.4414806366, 14.162027359, 20.8434448242, 75.8064727783, 21.1534366608], [-101.271629333, -52.0118103027, 89.3649215698, 44.1191635132, 20.9492721558, 21.4611320496, -10.873465538, 28.895898819, 20.6467037201, 3.59839558601, 6.82264995575, 21.1534366608, 74.8191375732]]
        icov: [[0.000618450460024, 0.000296746700769, -6.05382811045e-05, 0.000407290412113, -0.000344907108229, 0.000155210902449, -0.000566959730349, 0.000537034473382, 0.000168229656992, 0.000152107255417, 0.00077933393186, -0.000458720838651, 0.000642667349894], [0.000296746700769, 0.00169569824357, 0.000308599177515, -0.000368926848751, -1.76343892235e-05, 0.000138383358717, -0.000939918973017, -0.000241420275415, 0.000131923909066, 0.000193574247533, -0.000471849460155, 0.000656263378914, 0.00116306194104], [-6.05382811045e-05, 0.000308599177515, 0.00217112828977, 6.04704946454e-05, -0.000790131045505, -0.000336986442562, 0.00124766502995, -0.00209317193367, 0.00103835470509, -0.000953864306211, 6.60089353914e-05, 0.000496319262311, -0.00157567649148], [0.000407290412113, -0.000368926848751, 6.04704946454e-05, 0.00518628861755, -0.00279573095031, -0.00107657641638, 0.000859511841554, -5.99149316258e-05, -0.0015686955303, 2.74281319435e-05, 0.00143741816282, -0.00276752794161, -0.000513031613082], [-0.000344907108229, -1.76343892235e-05, -0.000790131045505, -0.00279573095031, 0.0092058237642, -0.00272096949629, 0.00179863942321, -0.000815302017145, -0.000949653447606, -0.000622151070274, 0.000697849085554, 0.000910651870072, 0.000863232125994], [0.000155210902449, 0.000138383358717, -0.000336986442562, -0.00107657641638, -0.00272096949629, 0.00976368971169, -0.00338572496548, -0.000284715759335, 0.0029394919984, -0.00179276720155, -0.000594240787905, 0.00207218178548, -0.00233383756131], [-0.000566959730349, -0.000939918973017, 0.00124766502995, 0.000859511841554, 0.00179863942321, -0.00338572496548, 0.0101726520807, -0.00469421269372, 0.000641772930976, 0.00118464685511, -0.00261241034605, -0.00082702114014, 0.000578984152526], [0.000537034473382, -0.000241420275415, -0.00209317193367, -5.99149316258e-05, -0.000815302017145, -0.000284715759335, -0.00469421269372, 0.0161506682634, -0.00598539179191, 0.000255648250459, 0.000704671838321, -0.0027761105448, -0.00115526199806], [0.000168229656992, 0.000131923909066, 0.00103835470509, -0.0015686955303, -0.000949653447606, 0.0029394919984, 0.000641772930976, -0.00598539179191, 0.0180014092475, -0.00312477559783, 0.00171788351145, -0.00193677924108, -0.00259451963939], [0.000152107255417, 0.000193574247533, -0.000953864306211, 2.74281319435e-05, -0.000622151070274, -0.00179276720155, 0.00118464685511, 0.000255648250459, -0.00312477559783, 0.0150125101209, -0.00854065455496, -0.000199716567295, 0.00320100737736], [0.00077933393186, -0.000471849460155, 6.60089353914e-05, 0.00143741816282, 0.000697849085554, -0.000594240787905, -0.00261241034605, 0.000704671838321, 0.00171788351145, -0.00854065455496, 0.023657688871, -0.0058236210607, -0.00145046901889], [-0.000458720838651, 0.000656263378914, 0.000496319262311, -0.00276752794161, 0.000910651870072, 0.00207218178548, -0.00082702114014, -0.0027761105448, -0.00193677924108, -0.000199716567295, -0.0058236210607, 0.0191315468401, -0.00335684674792], [0.000642667349894, 0.00116306194104, -0.00157567649148, -0.000513031613082, 0.000863232125994, -0.00233383756131, 0.000578984152526, -0.00115526199806, -0.00259451963939, 0.00320100737736, -0.00145046901889, -0.00335684674792, 0.0198299121112]]
    spectral_contrast:
        mean: [2.62897810188e-08, 1.92304000279e-07, 3.41771510648e-07, -2.87029706669e-07, 3.13019910436e-07, -3.79267561357e-07, -4.4296739361e-06, 8.02752310847e-07, -3.94585526919e-07, -2.0530517304e-06, -2.54441670222e-06, -1.95264260583e-06]
        var: [0.000460790935904, 0.00101344822906, 0.00141179177444, 0.00202694162726, 0.00560446502641, 0.0104770204052, 0.0484248287976, 0.087594486773, 0.177552521229, 0.339757293463, 0.561605751514, 1.14415788651]

rhythm:
    beats_loudness:
        dmean: 0.00203362526372
        dmean2: 0.00355310668238
        dvar: 1.55101656674e-06
        dvar2: 3.15657530336e-06
        max: 0.00980879087001
        mean: 0.00708157895133
        min: 0.000440983509179
        var: 5.63517642149e-06
    beats_loudness_bass:
        dmean: 0.210359662771
        dmean2: 0.368589252234
        dvar: 0.020694937557
        dvar2: 0.0600995197892
        max: 0.889928162098
        mean: 0.501873731613
        min: 0.00820554699749
        var: 0.0530750118196
    bpm: 132.828216553
    bpm_confidence: 0
    first_peak_bpm: 133
    first_peak_spread: 0
    first_peak_weight: 0.952380955219
    onset_rate: 5.09750318527
    second_peak_bpm: 123
    second_peak_spread: 0
    second_peak_weight: 0.047619048506
    beats_position: [0.200165420771, 0.651585280895, 1.10300505161, 1.55442488194, 2.00584483147, 2.45726466179, 2.90868449211, 3.36010456085, 3.81152415276, 4.26294374466, 4.71436357498, 5.1657834053, 5.61720275879, 6.10583972931, 6.55782032013, 7.00979995728, 7.4617805481, 7.91376113892, 8.36574172974, 8.81772232056, 9.2697019577, 9.72168254852]
    bpm_estimates: [132.931015015, 132.744857788, 132.706939697, 132.730285645, 134.0650177, 133.007659912, 132.768112183, 132.717300415, 132.799407959, 132.68069458, 132.886550903, 132.703964233, 132.920227051, 132.721786499, 132.907806396, 132.571609497, 132.741043091, 132.738647461, 132.651535034, 132.689620972, 132.708602905]
    bpm_intervals: [0.451419860125, 0.451419770718, 0.451419830322, 0.451419949532, 0.451419830322, 0.451419830322, 0.451420068741, 0.451419591904, 0.451419591904, 0.451419830322, 0.451419830322, 0.451419353485, 0.48863697052, 0.45198059082, 0.451979637146, 0.45198059082, 0.45198059082, 0.45198059082, 0.45198059082, 0.451979637146, 0.45198059082]
    onset_times: [0.0580498874187, 0.708208620548, 0.917188227177, 1.35836732388, 1.55573701859, 1.81115651131, 2.00852608681, 2.24072551727, 2.46131515503, 2.5890250206, 2.70512461662, 2.90249443054, 3.13469386101, 3.36689352989, 3.59909296036, 3.81968259811, 4.02866220474, 4.27247142792, 4.40018129349, 4.51628112793, 4.6439909935, 4.72526073456, 4.95746040344, 5.18966007233, 5.42185926437, 5.630838871, 5.89786863327, 6.09523820877, 6.22294807434, 6.32743787766, 6.54802703857, 6.78022670746, 7.00081634521, 7.2330160141, 7.38394546509, 7.45360565186, 7.6858048439, 7.83673477173, 7.91800451279, 8.03410434723, 8.37079334259, 8.60299301147, 8.82358264923, 9.06739234924, 9.19510173798, 9.27637195587, 9.50857162476, 9.65950107574, 9.72916126251, 9.86848068237, 9.97297096252]
    rubato_start: []
    rubato_stop: []
    perceptual_tempo: "unknown"

sfx:
    inharmonicity:
        dmean: 0.0349075272679
        dmean2: 0.0595870278776
        dvar: 0.00137622235343
        dvar2: 0.00370246218517
        max: 0.259589195251
        mean: 0.0372520759702
        min: 0.00035957962973
        var: 0.00161354499869
    oddtoevenharmonicenergyratio:
        dmean: 1.85824429989
        dmean2: 3.51335930824
        dvar: 106.795394897
        dvar2: 318.37310791
        max: 146.769363403
        mean: 1.18580877781
        min: 0.000282552471617
        var: 54.7323417664
    pitch_after_max_to_before_max_energy_ratio: 1.15892732143
    pitch_centroid: 201.488479614
    pitch_max_to_total: 0.463869452477
    pitch_min_to_total: 0.184149190784
    tristimulus:
        dmean: [0.197603210807, 0.208117112517, 0.109740108252]
        dmean2: [0.325857311487, 0.348175615072, 0.189722493291]
        dvar: [0.0269056241959, 0.0314043089747, 0.0119600743055]
        dvar2: [0.0631324872375, 0.0797066241503, 0.0289020910859]
        max: [0.925282895565, 0.951429486275, 0.753994047642]
        mean: [0.431474924088, 0.414559453726, 0.135731622577]
        min: [0.0256201792508, 0, 0]
        var: [0.0532036237419, 0.0515392199159, 0.0177365932614]

tonal:
    chords_changes_rate: 0.0462962947786
    chords_number_rate: 0.0231481473893
    chords_strength:
        dmean: 0.00914535485208
        dmean2: 0.0115250991657
        dvar: 6.40517610009e-05
        dvar2: 0.000100587800262
        max: 0.759256601334
        mean: 0.593356788158
        min: 0.410799264908
        var: 0.00756962830201
    key_strength: 0.865269005299
    tuning_diatonic_strength: 0.697138667107
    tuning_equal_tempered_deviation: 0.103889189661
    tuning_frequency: 441.272583008
    tuning_nontempered_energy_ratio: 0.754189431667
    hpcp:
        dmean: [0.102311559021, 0.138124242425, 0.154055267572, 0.14287532866, 0.155900686979, 0.219932332635, 0.249841168523, 0.213695257902, 0.191715836525, 0.196057870984, 0.16282145679, 0.106939047575, 0.0815486833453, 0.0960439965129, 0.117829352617, 0.108341760933, 0.104396209121, 0.0951011478901, 0.121332876384, 0.203814655542, 0.258070468903, 0.316903471947, 0.303483843803, 0.156443312764, 0.134850949049, 0.125244617462, 0.129167914391, 0.183499842882, 0.193478956819, 0.239373385906, 0.252800762653, 0.177252307534, 0.131188333035, 0.142628982663, 0.155665785074, 0.119724795222]
        dmean2: [0.185852572322, 0.253390133381, 0.276367396116, 0.257325202227, 0.284291058779, 0.39365452528, 0.441333264112, 0.372155874968, 0.335041999817, 0.341072916985, 0.283709228039, 0.190069004893, 0.148827448487, 0.175964325666, 0.206952959299, 0.189490824938, 0.181323036551, 0.168101102114, 0.227374225855, 0.381116807461, 0.440283089876, 0.542739748955, 0.542883515358, 0.276129603386, 0.247559174895, 0.231623768806, 0.224832236767, 0.322455585003, 0.334268420935, 0.416173070669, 0.443682163954, 0.312902122736, 0.228486001492, 0.256063789129, 0.274990528822, 0.217343300581]
        dvar: [0.0215807743371, 0.0473539046943, 0.0475834868848, 0.0432535521686, 0.0384226925671, 0.0411184877157, 0.0597520470619, 0.0366835929453, 0.0525184869766, 0.0649594590068, 0.0393970794976, 0.0255039073527, 0.0120830051601, 0.0151672726497, 0.0244478620589, 0.020860331133, 0.0243593845516, 0.0231546871364, 0.0355584472418, 0.0703746974468, 0.0595610328019, 0.0805118083954, 0.0804605334997, 0.0307173039764, 0.0325079374015, 0.0348377637565, 0.0254012588412, 0.0439782887697, 0.0433640666306, 0.0667270645499, 0.0752285197377, 0.0483770817518, 0.0310778226703, 0.0349082052708, 0.046786557883, 0.0317954495549]
        dvar2: [0.0612919256091, 0.130692407489, 0.135136693716, 0.120709560812, 0.106428220868, 0.107895314693, 0.147220402956, 0.10241754353, 0.14861677587, 0.183261394501, 0.0989220887423, 0.0685455277562, 0.0336002372205, 0.0411366559565, 0.0704790875316, 0.0565509349108, 0.0656177327037, 0.0616943798959, 0.0996814519167, 0.193681791425, 0.171076342463, 0.198907732964, 0.199226900935, 0.0846483260393, 0.0897004827857, 0.0963678658009, 0.0728198811412, 0.117768861353, 0.109937138855, 0.160199999809, 0.190934047103, 0.129756242037, 0.0882219076157, 0.0969425737858, 0.135132461786, 0.0897487848997]
        max: [1, 1, 1, 1, 1, 1, 1, 1, 1, 1, 1, 1, 0.782804608345, 1, 1, 1, 1, 1, 1, 1, 1, 1, 1, 1, 1, 1, 1, 1, 1, 1, 1, 1, 1, 1, 1, 1]
        mean: [0.102569788694, 0.1361733675, 0.145262122154, 0.128693416715, 0.144420206547, 0.289700001478, 0.3987198174, 0.284489780664, 0.224007248878, 0.237383723259, 0.174736991525, 0.108926057816, 0.0867478698492, 0.101972997189, 0.127091854811, 0.127678975463, 0.111575379968, 0.103833280504, 0.106380172074, 0.162523776293, 0.30932316184, 0.423810422421, 0.310613036156, 0.149791806936, 0.121242254972, 0.116698540747, 0.152436614037, 0.211536616087, 0.215167239308, 0.256833404303, 0.267598032951, 0.175371259451, 0.143654555082, 0.158884435892, 0.147700801492, 0.114945732057]
        min: [0.00162220548373, 0.00261035608128, 0.00334646878764, 0.00320372148417, 0.00309206545353, 0.00470687821507, 0.0125382244587, 0.00712779397145, 0.00310118682683, 0.00336280534975, 0.00347096426412, 0.0021688984707, 0.00196465873159, 0.00294883432798, 0.00449798349291, 0.00495509244502, 0.00500953616574, 0.00273287342861, 0.00235259486362, 0.00320824957453, 0.00261743273586, 0.0035058921203, 0.00496586831287, 0.00329758739099, 0.00150373834185, 0.00109353428707, 0.00394489383325, 0.00292724906467, 0.00279371300712, 0.0042503811419, 0.00273255095817, 0.0045162178576, 0.00644040247425, 0.00698957033455, 0.00500643718988, 0.00176499667577]
        var: [0.0227225348353, 0.0406421348453, 0.0420148819685, 0.0345383696258, 0.0351828150451, 0.0687101781368, 0.114858835936, 0.0466984547675, 0.0727301314473, 0.0955325737596, 0.0508400052786, 0.0253298152238, 0.0133121013641, 0.0185291413218, 0.0255108512938, 0.0224238783121, 0.0232533793896, 0.0229207202792, 0.0261558368802, 0.0574982129037, 0.0826567187905, 0.128302156925, 0.0959105417132, 0.0325526893139, 0.0270924065262, 0.0289315227419, 0.0288457386196, 0.0604493841529, 0.0512574501336, 0.0826439410448, 0.0895908996463, 0.049769949168, 0.0375009104609, 0.0393794067204, 0.0396295338869, 0.0267920829356]
    chords_histogram: [28.7037029266, 0, 6.48148155212, 0, 0, 0, 0, 10.6481485367, 0, 5.09259271622, 0, 0, 0, 0, 0, 0, 0, 0, 0, 0, 0, 0, 0, 49.0740737915]
    thpcp: [1, 0.732905626297, 0.353440582752, 0.286076635122, 0.275355517864, 0.359681129456, 0.499130278826, 0.507696926594, 0.606010138988, 0.63140976429, 0.41379648447, 0.33895945549, 0.374895066023, 0.348506778479, 0.271219700575, 0.242018088698, 0.321307271719, 0.342752605677, 0.303657978773, 0.340766042471, 0.683560371399, 0.940797567368, 0.671266615391, 0.528555333614, 0.560117721558, 0.412299901247, 0.257016003132, 0.204685553908, 0.240609928966, 0.299879014492, 0.301264345646, 0.263267189264, 0.244999349117, 0.251008868217, 0.383482247591, 0.729862093925]
    chords_key: "C"
    chords_scale: "major"
    key_key: "E"
    key_scale: "minor"
    chords_progression: ["E", "E", "E", "E", "E", "E", "E", "E", "E", "E", "E", "E", "E", "E", "E", "E", "E", "E", "E", "E", "E", "E", "E", "Em", "Em", "Em", "Em", "Em", "Em", "Em", "Em", "Em", "Em", "Em", "Em", "Em", "Em", "Em", "Em", "Em", "Em", "Em", "Em", "Em", "Em", "Em", "Em", "Em", "Em", "Em", "B", "Em", "Bm", "Bm", "Bm", "Bm", "Bm", "Bm", "Bm", "Bm", "B", "B", "B", "B", "B", "B", "B", "B", "B", "B", "Bm", "Bm", "Bm", "Bm", "Bm", "Bm", "Em", "Em", "Em", "Em", "Em", "Em", "Em", "Em", "Em", "Em", "Em", "Em", "Em", "Em", "Em", "Em", "Em", "Em", "Em", "Em", "Em", "Em", "Em", "Em", "Em", "Em", "Em", "Em", "Em", "Em", "Em", "C", "C", "C", "C", "C", "C", "C", "C", "C", "C", "C", "C", "C", "C", "C", "C", "C", "C", "C", "C", "C", "C", "C", "C", "C", "C", "C", "C", "C", "C", "C", "C", "C", "C", "C", "C", "C", "C", "C", "C", "C", "C", "C", "C", "C", "C", "C", "C", "C", "C", "C", "C", "C", "C", "C", "C", "C", "C", "C", "C", "C", "C", "C", "C", "C", "C", "C", "C", "Em", "Em", "Em", "C", "C", "C", "C", "C", "C", "C", "C", "C", "C", "C", "C", "C", "C", "C", "C", "C", "C", "C", "C", "C", "C", "C", "C", "C", "C", "C", "C", "C", "C", "C", "C", "C", "C", "C", "C", "C", "C"]
