
metadata:
    version:
        essentia: "1.2.2"
    audio_properties:
        analysis_sample_rate: 44100
        bitrate: 128
        channels: 2
        equal_loudness: 1
        length: 10.0832653046
        replay_gain: -9.44420814514
        downmix: "mix"
    tags:
        track: 8
        year: 0
        album: "Splitted by Mp3Splt v. 2.1"
        artist: "From 001.10 To 001.20"
        comment: "http://mp3splt.sf.net"
        genre: ""
        title: "07 Solitaire.mp3"

highlevel:
    ballroom:
        all:
            ChaChaCha: 0.194299757481
            Jive: 0.131733611226
            Quickstep: 0.0436537228525
            Rumba-American: 0.00388784054667
            Rumba-International: 0.0954545512795
            Rumba-Misc: 0.0119218183681
            Samba: 0.505141615868
            Tango: 0.00545579753816
            VienneseWaltz: 0.00510087935254
            Waltz: 0.00335039151832
        probability: 0.505141615868
        value: "Samba"
    culture:
        all:
            non_western: 0.0362477973104
            western: 0.96375221014
        probability: 0.96375221014
        value: "western"
    gender:
        all:
            female: 0.77148938179
            male: 0.228510633111
        probability: 0.77148938179
        value: "female"
    genre_dortmund:
        all:
            alternative: 0.0078608719632
            blues: 0.00602976651862
            electronic: 0.243084162474
            folkcountry: 0.00411666044965
            funksoulrnb: 0.0113128861412
            jazz: 0.0189470779151
            pop: 0.0179965216666
            raphiphop: 0.569587647915
            rock: 0.121064431965
        probability: 0.569587647915
        value: "raphiphop"
    genre_electronica:
        all:
            ambient: 0.0329093970358
            dnb: 0.494258582592
            house: 0.081109456718
            techno: 0.386643439531
            trance: 0.00507914181799
        probability: 0.494258582592
        value: "dnb"
    genre_rosamerica:
        all:
            cla: 0.00581526011229
            dan: 0.229485183954
            hip: 0.42940557003
            jaz: 0.00691252853721
            pop: 0.152322605252
            rhy: 0.0253950227052
            roc: 0.140757188201
            spe: 0.00990662537515
        probability: 0.42940557003
        value: "hip"
    genre_tzanetakis:
        all:
            blu: 0.000956072180998
            cla: 0.00130105402786
            cou: 0.0015538247535
            dis: 0.0377010442317
            hip: 0.368612140417
            jaz: 0.000816661282443
            met: 0.010365203023
            pop: 0.250900059938
            reg: 0.320437699556
            roc: 0.007356247399
        probability: 0.368612140417
        value: "hip"
    live_studio:
        all:
            live: 0.0588178224862
            studio: 0.94118219614
        probability: 0.94118219614
        value: "studio"
    mood:
        all:
            Cluster1: 0.0939389318228
            Cluster2: 0.0292772930115
            Cluster3: 0.0130193140358
            Cluster4: 0.0176784135401
            Cluster5: 0.846086025238
        probability: 0.846086025238
        value: "Cluster5"
    mood_acoustic:
        all:
            acoustic: 0.00506371585652
            not_acoustic: 0.994936287403
        probability: 0.994936287403
        value: "not_acoustic"
    mood_aggressive:
        all:
            aggressive: 0.55468326807
            not_aggressive: 0.44531673193
        probability: 0.55468326807
        value: "aggressive"
    mood_electronic:
        all:
            electronic: 0.991692483425
            not_electronic: 0.00830754172057
        probability: 0.991692483425
        value: "electronic"
    mood_happy:
        all:
            happy: 0.303306937218
            not_happy: 0.696693062782
        probability: 0.696693062782
        value: "not_happy"
    mood_party:
        all:
            not_party: 0.0704492628574
            party: 0.92955070734
        probability: 0.92955070734
        value: "party"
    mood_relaxed:
        all:
            not_relaxed: 0.924233436584
            relaxed: 0.0757665634155
        probability: 0.924233436584
        value: "not_relaxed"
    mood_sad:
        all:
            not_sad: 0.990996420383
            sad: 0.00900354981422
        probability: 0.990996420383
        value: "not_sad"
    rhythm:
        all:
            fast: 0.101721741259
            medium: 0.492367297411
            slow: 0.405910968781
        probability: 0.492367297411
        value: "medium"
    speech_music:
        all:
            music: 0.999999880791
            speech: 1.00000008274e-07
        probability: 0.999999880791
        value: "music"
    timbre:
        all:
            bright: 0.00057455903152
            dark: 0.999425411224
        probability: 0.999425411224
        value: "dark"
    voice_instrumental:
        all:
            instrumental: 0.13335454464
            voice: 0.86664545536
        probability: 0.86664545536
        value: "voice"

lowlevel:
    average_loudness: 0.89726126194
    barkbands_kurtosis:
        dmean: 2.32775712013
        dmean2: 3.79312515259
        dvar: 27.6674938202
        dvar2: 68.7224502563
        max: 67.3931884766
        mean: 2.46885275841
        min: -1.79324769974
        var: 63.5711021423
    barkbands_skewness:
        dmean: 0.59790968895
        dmean2: 0.933470785618
        dvar: 0.458463639021
        dvar2: 1.11944258213
        max: 7.23903560638
        mean: 0.369367778301
        min: -6.04360342026
        var: 2.31952357292
    barkbands_spread:
        dmean: 6.26463842392
        dmean2: 9.3770608902
        dvar: 45.2630805969
        dvar2: 90.2495117188
        max: 81.5063095093
        mean: 29.3405418396
        min: 1.19208920002
        var: 255.216171265
    dissonance:
        dmean: 0.0124997245148
        dmean2: 0.0208156220615
        dvar: 0.00036887062015
        dvar2: 0.000736266782042
        max: 0.500000059605
        mean: 0.479997128248
        min: 0.213092595339
        var: 0.000515519524924
    hfc:
        dmean: 1.90546154976
        dmean2: 2.89823842049
        dvar: 19.7143478394
        dvar2: 39.3179969788
        max: 62.6374778748
        mean: 5.04713630676
        min: 4.68264443043e-06
        var: 53.9642105103
    pitch:
        dmean: 957.919555664
        dmean2: 1834.8059082
        dvar: 1616232.75
        dvar2: 3755889.25
        max: 5512.5
        mean: 1616.77258301
        min: 43.06640625
        var: 2468040.5
    pitch_instantaneous_confidence:
        dmean: 0.0804360061884
        dmean2: 0.130919516087
        dvar: 0.00484849559143
        dvar2: 0.0129379630089
        max: 0.936846375465
        mean: 0.343905568123
        min: 0.00938791036606
        var: 0.0242570918053
    pitch_salience:
        dmean: 0.0764824673533
        dmean2: 0.124080851674
        dvar: 0.00438850885257
        dvar2: 0.0117906443775
        max: 0.93070101738
        mean: 0.623367846012
        min: 0.180578306317
        var: 0.0131124565378
    silence_rate_20dB:
        dmean: 0
        dmean2: 0
        dvar: 0
        dvar2: 0
        max: 1
        mean: 1
        min: 1
        var: 0
    silence_rate_30dB:
        dmean: 0
        dmean2: 0
        dvar: 0
        dvar2: 0
        max: 1
        mean: 1
        min: 1
        var: 0
    silence_rate_60dB:
        dmean: 0.091954022646
        dmean2: 0.184331804514
        dvar: 0.0834987163544
        dvar2: 0.187220484018
        max: 1
        mean: 0.534403681755
        min: 0
        var: 0.248816013336
    spectral_centroid:
        dmean: 312.869232178
        dmean2: 483.213562012
        dvar: 225026.375
        dvar2: 510213.75
        max: 8615.23144531
        mean: 1686.67199707
        min: 83.2035293579
        var: 2831857.25
    spectral_complexity:
        dmean: 2.7004609108
        dmean2: 4.26558876038
        dvar: 12.4678983688
        dvar2: 23.9871826172
        max: 41
        mean: 10.8045978546
        min: 0
        var: 107.656082153
    spectral_crest:
        dmean: 2.59755706787
        dmean2: 4.20613718033
        dvar: 5.53610277176
        dvar2: 13.4726371765
        max: 24.6712055206
        mean: 9.04922866821
        min: 2.42760515213
        var: 18.827583313
    spectral_decrease:
        dmean: 2.54219922891e-10
        dmean2: 3.85190740415e-10
        dvar: 1.26653914587e-19
        dvar2: 2.55153527615e-19
        max: -2.47328368994e-15
        mean: -8.37194980008e-10
        min: -3.97612165415e-09
        var: 5.46311487259e-19
    spectral_energy:
        dmean: 0.0010930551216
        dmean2: 0.00166612362955
        dvar: 2.78746665572e-06
        dvar2: 5.47606259715e-06
        max: 0.0205595642328
        mean: 0.00361755816266
        min: 9.75938352354e-09
        var: 1.12193038149e-05
    spectral_energyband_high:
        dmean: 9.26494467421e-05
        dmean2: 0.00015239919594
        dvar: 3.93744024052e-08
        dvar2: 9.84718937502e-08
        max: 0.00207490893081
        mean: 0.000165469391504
        min: 1.91153717854e-10
        var: 5.83480996852e-08
    spectral_energyband_low:
        dmean: 0.000396045332309
        dmean2: 0.000619224214461
        dvar: 3.26803700545e-07
        dvar2: 8.47175783747e-07
        max: 0.00488969497383
        mean: 0.000930307025556
        min: 4.57740290116e-10
        var: 7.32869295916e-07
    spectral_energyband_middle_high:
        dmean: 0.000621258222964
        dmean2: 0.00091648416128
        dvar: 1.90012815438e-06
        dvar2: 3.8690150177e-06
        max: 0.0181140676141
        mean: 0.00162072083913
        min: 1.13651121847e-09
        var: 5.41915233043e-06
    spectral_energyband_middle_low:
        dmean: 0.000478985370137
        dmean2: 0.000763657328207
        dvar: 5.38663812222e-07
        dvar2: 1.25785436467e-06
        max: 0.0109158484265
        mean: 0.000900980026927
        min: 2.81164225235e-09
        var: 1.14034639864e-06
    spectral_flatness_db:
        dmean: 0.0212808344513
        dmean2: 0.0319843143225
        dvar: 0.00047459511552
        dvar2: 0.000823831185699
        max: 0.453521043062
        mean: 0.191253691912
        min: 0.0548093132675
        var: 0.00468840450048
    spectral_flux:
        dmean: 0.0073262215592
        dmean2: 0.0114726610482
        dvar: 7.24562851246e-05
        dvar2: 0.000136842165375
        max: 0.128263175488
        mean: 0.0345005095005
        min: 9.8789590993e-05
        var: 0.000405013503041
    spectral_kurtosis:
        dmean: 3.79680418968
        dmean2: 6.5901465416
        dvar: 36.0829696655
        dvar2: 88.9640350342
        max: 91.3686218262
        mean: 7.52580213547
        min: -1.03119564056
        var: 104.49797821
    spectral_rms:
        dmean: 0.000265082140686
        dmean2: 0.000395479582949
        dvar: 9.78919132422e-08
        dvar2: 1.67353363167e-07
        max: 0.0044786282815
        mean: 0.001676046988
        min: 3.08566836793e-06
        var: 7.20192929293e-07
    spectral_rolloff:
        dmean: 582.834838867
        dmean2: 951.090209961
        dvar: 793933.375
        dvar2: 1807264.375
        max: 11261.8652344
        mean: 2928.41748047
        min: 86.1328125
        var: 5208125
    spectral_skewness:
        dmean: 0.387031286955
        dmean2: 0.632516682148
        dvar: 0.200039595366
        dvar2: 0.474844038486
        max: 7.73812246323
        mean: 1.60357892513
        min: -0.120066106319
        var: 1.08115935326
    spectral_spread:
        dmean: 575334.6875
        dmean2: 827291.5
        dvar: 1.16872301773e+12
        dvar2: 1.74693954355e+12
        max: 15932419
        mean: 4233863
        min: 873321.6875
        var: 8.18723894067e+12
    spectral_strongpeak:
        dmean: 0.233624354005
        dmean2: 0.388459384441
        dvar: 0.361852765083
        dvar2: 0.956872522831
        max: 9.10238552094
        mean: 0.353893131018
        min: 0
        var: 0.832524418831
    zerocrossingrate:
        dmean: 0.0100637692958
        dmean2: 0.0113116614521
        dvar: 0.000104819206172
        dvar2: 0.000121754128486
        max: 0.32373046875
        mean: 0.0877783745527
        min: 0.001953125
        var: 0.00526634510607
    barkbands:
        dmean: [2.51186247624e-06, 0.000309532420943, 0.000232066216995, 0.000141842887388, 0.00026419389178, 0.000117633251648, 7.55612854846e-05, 4.64623917651e-05, 4.79087429994e-05, 7.6995609561e-05, 6.37691700831e-05, 3.67072898371e-05, 4.36668160546e-05, 5.80104606343e-05, 9.57566371653e-05, 0.000113366222649, 0.000117633295304, 0.000120104305097, 0.000184687989531, 0.000110524742922, 4.42915552412e-05, 5.45124248674e-06, 6.10303823123e-06, 2.25674352805e-06, 3.6294848087e-06, 1.97740959607e-07, 1.20173038187e-09]
        dmean2: [3.40624933415e-06, 0.000491606246214, 0.000395984854549, 0.000245302042458, 0.000398316944484, 0.00020025492995, 0.00012062802125, 7.65524237067e-05, 8.09365519672e-05, 0.000126618571812, 0.000106318169856, 6.25449683866e-05, 7.30775645934e-05, 9.8863223684e-05, 0.00013681006385, 0.000168021331774, 0.000182258081622, 0.000197062108782, 0.000287328090053, 0.000178347545443, 7.33998967917e-05, 9.21044011193e-06, 9.21318405744e-06, 3.33993102686e-06, 5.24225561094e-06, 3.63414415006e-07, 1.92219506978e-09]
        dvar: [2.11351769419e-11, 1.68217724195e-07, 1.52934347852e-07, 5.2717176402e-08, 2.6452701718e-07, 3.12533785518e-08, 2.75925327031e-08, 1.42357317046e-08, 1.75743615216e-08, 3.23836779614e-08, 2.15638760181e-08, 3.87886434083e-09, 7.04739866464e-09, 9.4208942869e-09, 5.67545512808e-08, 7.49440900449e-08, 4.50530990292e-08, 6.92189772167e-08, 8.97297979918e-07, 1.4453331687e-07, 1.70414153899e-08, 1.14756530667e-10, 2.87637663687e-10, 4.61199550772e-11, 1.15507589604e-10, 4.61274247965e-13, 1.04972085087e-16]
        dvar2: [3.92537738425e-11, 4.32776005255e-07, 4.0245416244e-07, 1.42648957535e-07, 5.08111327235e-07, 8.71731131724e-08, 7.50275006567e-08, 3.35298615539e-08, 4.30264606166e-08, 8.490905401e-08, 4.73079992958e-08, 9.76722347446e-09, 1.75778733791e-08, 2.38002328956e-08, 1.12157884757e-07, 1.3416756417e-07, 1.00605070941e-07, 1.39866358495e-07, 1.87525438378e-06, 3.69819758816e-07, 4.60329303564e-08, 3.04350683544e-10, 5.86220461063e-10, 1.13129686174e-10, 2.69275157727e-10, 1.35835797905e-12, 2.63932051763e-16]
        max: [4.91471328132e-05, 0.00294520473108, 0.00281829992309, 0.00193839531858, 0.0092225568369, 0.00154914928135, 0.00184127199464, 0.00172131299041, 0.00208304473199, 0.00175458041485, 0.00167292892002, 0.000566626957152, 0.000961650221143, 0.000910346978344, 0.00345952133648, 0.00405033258721, 0.00270343851298, 0.00413333717734, 0.0167025458068, 0.00505442451686, 0.00188069732394, 0.0001285639446, 0.000151200409164, 5.87525792071e-05, 8.63010282046e-05, 4.77918183606e-06, 1.51742966636e-07]
        mean: [7.39194410926e-06, 0.000671547953971, 0.000251450808719, 0.000158974915394, 0.000374331692001, 0.000143254408613, 9.35121424845e-05, 5.98503283982e-05, 6.46479602437e-05, 9.2914000561e-05, 9.49512468651e-05, 6.30942668067e-05, 7.10251260898e-05, 9.03144755284e-05, 0.000155840854859, 0.000201435701456, 0.000189058773685, 0.000229967263294, 0.000346030690707, 0.000161979842233, 6.82412064634e-05, 1.13998648885e-05, 9.031472473e-06, 2.94308233606e-06, 4.19193884227e-06, 1.7850973677e-07, 7.93522803022e-10]
        min: [1.33046579396e-12, 2.70696381977e-10, 1.73973863093e-10, 4.47208069188e-11, 2.36198335196e-11, 4.44608988515e-10, 3.29847982261e-10, 1.75668757318e-10, 1.08664105491e-10, 5.11362757694e-11, 3.45019360304e-11, 6.18585460632e-11, 1.88811008495e-10, 1.23535848218e-10, 6.18139706088e-11, 9.8557766115e-11, 1.53899434863e-10, 2.64030852737e-10, 7.02022537324e-11, 1.12318203349e-10, 5.79915247767e-11, 4.78556846928e-11, 4.38340596459e-12, 7.44522846152e-12, 1.06948553746e-12, 1.16911634453e-13, 2.51689453648e-14]
        var: [1.73798572756e-10, 3.79764941272e-07, 1.76492349624e-07, 5.57673729418e-08, 5.55760720999e-07, 4.31100950493e-08, 3.70566084484e-08, 1.75855525697e-08, 1.98718641542e-08, 4.09513098987e-08, 3.6210565213e-08, 8.3240836446e-09, 1.07571622721e-08, 1.57800261746e-08, 1.0547252316e-07, 1.56824029318e-07, 8.88570284019e-08, 1.52530702735e-07, 2.09102518056e-06, 1.34976829713e-07, 1.56308228583e-08, 3.33134936303e-10, 4.82632156462e-10, 5.77068254293e-11, 1.50143966704e-10, 3.42766722124e-13, 5.4074424534e-17]
    mfcc:
        mean: [-787.529968262, 128.94694519, -53.6086120605, 64.8334960938, -0.752533316612, 10.4037389755, 1.79907870293, 3.72724795341, -1.51389920712, 4.61886835098, -8.4929561615, 1.64419186115, -1.96875929832]
        cov: [[12508.6132812, 2558.64404297, -1555.72729492, -34.2395782471, 19.2355594635, 42.0790023804, 578.629211426, 83.04322052, 215.970184326, -200.087158203, 247.361358643, -307.729003906, 42.2257347107], [2558.64404297, 6700.328125, -1620.04492188, 572.23626709, 203.208648682, 117.710083008, 346.321685791, 67.5119094849, -21.0123100281, 59.6690750122, 19.6731510162, -158.91758728, 16.1471805573], [-1555.72729492, -1620.04492188, 1685.43493652, -316.906433105, 187.869857788, 79.2131958008, 8.1987285614, -37.5575370789, 106.59336853, -1.34094059467, 169.842926025, 61.8484840393, 100.243804932], [-34.2395782471, 572.23626709, -316.906433105, 573.614868164, 58.7723045349, -86.018737793, 68.0998916626, 84.1161270142, -41.9915809631, 55.1734466553, 14.5713510513, 54.0303764343, -12.6224088669], [19.2355594635, 203.208648682, 187.869857788, 58.7723045349, 244.376327515, 48.7774658203, 105.564254761, 6.68494367599, 81.4429626465, -12.1710987091, 70.9284210205, -11.552157402, 58.9063186646], [42.0790023804, 117.710083008, 79.2131958008, -86.018737793, 48.7774658203, 283.654052734, 20.9205513, 34.6135978699, 83.8276367188, -3.13676691055, -55.1962852478, -15.4396238327, 10.5282897949], [578.629211426, 346.321685791, 8.1987285614, 68.0998916626, 105.564254761, 20.9205513, 181.82800293, 40.4776649475, 58.3470458984, -13.8350057602, 61.1446800232, -30.7771167755, 37.5082855225], [83.04322052, 67.5119094849, -37.5575370789, 84.1161270142, 6.68494367599, 34.6135978699, 40.4776649475, 121.924659729, -4.12766122818, 48.2117195129, 8.7427740097, 21.4287757874, -24.3268527985], [215.970184326, -21.0123100281, 106.59336853, -41.9915809631, 81.4429626465, 83.8276367188, 58.3470458984, -4.12766122818, 152.063903809, -6.26184988022, 37.3666191101, -29.2573509216, 42.5522537231], [-200.087158203, 59.6690750122, -1.34094059467, 55.1734466553, -12.1710987091, -3.13676691055, -13.8350057602, 48.2117195129, -6.26184988022, 99.8877868652, 20.724187851, 48.6620330811, -7.55007743835], [247.361358643, 19.6731510162, 169.842926025, 14.5713510513, 70.9284210205, -55.1962852478, 61.1446800232, 8.7427740097, 37.3666191101, 20.724187851, 157.619781494, 22.0227851868, 37.2237930298], [-307.729003906, -158.91758728, 61.8484840393, 54.0303764343, -11.552157402, -15.4396238327, -30.7771167755, 21.4287757874, -29.2573509216, 48.6620330811, 22.0227851868, 82.0626907349, 4.62261152267], [42.2257347107, 16.1471805573, 100.243804932, -12.6224088669, 58.9063186646, 10.5282897949, 37.5082855225, -24.3268527985, 42.5522537231, -7.55007743835, 37.2237930298, 4.62261152267, 74.4028701782]]
        icov: [[0.00013298272097, -1.55420332248e-06, 0.000161367352121, 8.73369936016e-05, 0.000160894516739, -8.34684542497e-05, -0.000329396571033, -6.86374260113e-05, -4.89585399919e-05, 0.000217430497287, -0.000400044897106, 0.000179443261004, -1.06288944153e-05], [-1.55420332248e-06, 0.000289276853437, 0.000288123876089, -0.000155187764904, -0.000234439386986, -0.000436799862655, -0.000344056228641, 0.00042442578706, 0.000576188089326, -0.000666367937811, -0.000387849460822, 0.000798548979219, -0.000169504462974], [0.000161367352121, 0.000288123876089, 0.00141097861342, 0.000573332828935, -0.000754245615099, -0.000636037904769, -0.0003963104391, 0.000195932749193, 0.00037993027945, -4.48701903224e-05, -0.0015707249986, -9.52602858888e-05, -0.000436954374891], [8.73369936016e-05, -0.000155187764904, 0.000573332828935, 0.00310881319456, -0.00123734003864, 0.00139045249671, -0.00103296362795, -0.00149208249059, -0.000340559286997, 0.000295535253827, 0.000823355338071, -0.00291086523794, 0.000548513489775], [0.000160894516739, -0.000234439386986, -0.000754245615099, -0.00123734003864, 0.00809768773615, -0.00104739447124, -0.00237865978852, 0.000215419626329, -0.00164319050964, 0.00139097566716, -0.001741351909, 0.000714303925633, -0.00231973128393], [-8.34684542497e-05, -0.000436799862655, -0.000636037904769, 0.00139045249671, -0.00104739447124, 0.00701404456049, 0.000503674324136, -0.0034291727934, -0.00448570633307, 0.00132323859725, 0.00495625566691, -0.00305846310221, 0.000106737337774], [-0.000329396571033, -0.000344056228641, -0.0003963104391, -0.00103296362795, -0.00237865978852, 0.000503674324136, 0.0130774024874, -0.00582359591499, -0.00111900072079, 0.00241521233693, -0.0020161322318, 0.004222152289, -0.00443302746862], [-6.86374260113e-05, 0.00042442578706, 0.000195932749193, -0.00149208249059, 0.000215419626329, -0.0034291727934, -0.00582359591499, 0.0164591856301, 0.00193836074322, -0.00712167099118, -0.000965422485024, -0.000905771914404, 0.00676976889372], [-4.89585399919e-05, 0.000576188089326, 0.00037993027945, -0.000340559286997, -0.00164319050964, -0.00448570633307, -0.00111900072079, 0.00193836074322, 0.0135114006698, -0.00394277879968, -0.00354773621075, 0.00722040329129, -0.00433450285345], [0.000217430497287, -0.000666367937811, -4.48701903224e-05, 0.000295535253827, 0.00139097566716, 0.00132323859725, 0.00241521233693, -0.00712167099118, -0.00394277879968, 0.0197501461953, -0.00138418585993, -0.0102212019265, 0.000883872737177], [-0.000400044897106, -0.000387849460822, -0.0015707249986, 0.000823355338071, -0.001741351909, 0.00495625566691, -0.0020161322318, -0.000965422485024, -0.00354773621075, -0.00138418585993, 0.013987377286, -0.00557791860774, -0.000817582302261], [0.000179443261004, 0.000798548979219, -9.52602858888e-05, -0.00291086523794, 0.000714303925633, -0.00305846310221, 0.004222152289, -0.000905771914404, 0.00722040329129, -0.0102212019265, -0.00557791860774, 0.0282837562263, -0.00733130378649], [-1.06288944153e-05, -0.000169504462974, -0.000436954374891, 0.000548513489775, -0.00231973128393, 0.000106737337774, -0.00443302746862, 0.00676976889372, -0.00433450285345, 0.000883872737177, -0.000817582302261, -0.00733130378649, 0.0238678473979]]
    spectral_contrast:
        mean: [-1.13728404472e-08, 1.93680833149e-07, 1.92070828575e-07, 3.40230343454e-07, 7.07993535798e-07, 3.50125901605e-07, -1.60042748121e-06, 3.47830791725e-06, -6.3454967858e-07, 2.77606909549e-06, -4.62977368443e-06, 5.67929509998e-06]
        var: [0.000949789071456, 0.00120130053256, 0.00154312176164, 0.00220033247024, 0.0035014746245, 0.00536389881745, 0.0755280330777, 0.189076021314, 0.286419838667, 0.752944588661, 2.42658615112, 8.52154159546]

rhythm:
    beats_loudness:
        dmean: 0.00279941991903
        dmean2: 0.0045030717738
        dvar: 1.09474349301e-05
        dvar2: 2.19754820137e-05
        max: 0.0170426666737
        mean: 0.00449320953339
        min: 9.75775910774e-05
        var: 1.6706493625e-05
    beats_loudness_bass:
        dmean: 0.218435242772
        dmean2: 0.347854495049
        dvar: 0.0464717335999
        dvar2: 0.107044860721
        max: 0.949242115021
        mean: 0.304282218218
        min: 4.47505917691e-05
        var: 0.0725799128413
    bpm: 137.934417725
    bpm_confidence: 0
    first_peak_bpm: 138
    first_peak_spread: 0
    first_peak_weight: 0.541666686535
    onset_rate: 4.76036262512
    second_peak_bpm: 166
    second_peak_spread: 0
    second_peak_weight: 0.416666656733
    beats_position: [0.0881407111883, 0.523130059242, 0.958119511604, 1.39310884476, 1.82809817791, 2.26308751106, 2.69807696342, 3.13306617737, 3.56805539131, 4.00304508209, 4.43803405762, 4.87302350998, 5.30801296234, 5.7430024147, 6.33042144775, 6.69246101379, 7.05450105667, 7.41654062271, 7.77858066559, 8.14062023163, 8.50265979767, 8.86469936371, 9.22673988342, 9.58877944946, 9.9508190155]
    bpm_estimates: [137.908477783, 137.961456299, 137.908966064, 137.885513306, 138.007675171]
    bpm_intervals: [0.434989333153, 0.434989452362, 0.434989333153, 0.434989333153, 0.434989333153, 0.434989452362, 0.434989213943, 0.434989213943, 0.434989690781, 0.434988975525, 0.434989452362, 0.434989452362, 0.434989452362, 0.587419033051, 0.36203956604, 0.362040042877, 0.36203956604, 0.362040042877, 0.36203956604, 0.36203956604, 0.36203956604, 0.362040519714, 0.36203956604, 0.36203956604]
    onset_times: [0.0464399084449, 0.18575963378, 0.243809521198, 0.441179126501, 0.557278931141, 0.824308395386, 1.17260766029, 1.2190476656, 1.48607707024, 1.5673469305, 1.74149656296, 1.91564631462, 2.26394557953, 2.43809533119, 2.54258513451, 2.62385487556, 2.77478456497, 2.94893431664, 3.15791392326, 3.36689352989, 3.54104304314, 3.80807256699, 3.98222231865, 4.23764181137, 4.40018129349, 4.73687076569, 4.85297060013, 4.8994102478, 5.02712011337, 5.06195020676, 5.18966007233, 5.35219955444, 5.38702964783, 5.4334692955, 5.58439922333, 6.07201814651, 6.37387752533, 6.64090681076, 6.78022670746, 6.9543762207, 7.0936961174, 7.24462604523, 7.4303855896, 7.79029464722, 8.0224943161, 9.42730140686, 9.5666217804, 9.71755123138]
    rubato_start: [6.69246101379]
    rubato_stop: [9.9508190155]
    perceptual_tempo: "unknown"

sfx:
    inharmonicity:
        dmean: 0.048048004508
        dmean2: 0.0834751799703
        dvar: 0.00338154309429
        dvar2: 0.00961310882121
        max: 0.479241997004
        mean: 0.0560743138194
        min: 0
        var: 0.00420060195029
    oddtoevenharmonicenergyratio:
        dmean: 6.38788747787
        dmean2: 12.499464035
        dvar: 3308.1003418
        dvar2: 9912.84863281
        max: 838.625366211
        mean: 3.58698892593
        min: 0
        var: 1663.99682617
    pitch_after_max_to_before_max_energy_ratio: 8.54758548737
    pitch_centroid: 220.409042358
    pitch_max_to_total: 0.170114949346
    pitch_min_to_total: 0.308045983315
    tristimulus:
        dmean: [0.197265103459, 0.266617417336, 0.143639862537]
        dmean2: [0.336705982685, 0.466993749142, 0.256375193596]
        dvar: [0.0311530046165, 0.0491885729134, 0.0259791035205]
        dvar2: [0.0812327265739, 0.135134860873, 0.0718515515327]
        max: [1, 0.99865937233, 0.982382595539]
        mean: [0.374064326286, 0.39658331871, 0.154047802091]
        min: [0.00127257744316, 0, 0]
        var: [0.0671830400825, 0.0678826346993, 0.0372596867383]

tonal:
    chords_changes_rate: 0.136986300349
    chords_number_rate: 0.0502283088863
    chords_strength:
        dmean: 0.0166312772781
        dmean2: 0.0236218683422
        dvar: 0.000179996728548
        dvar2: 0.000326073204633
        max: 0.714463591576
        mean: 0.460450321436
        min: 0.280219614506
        var: 0.0107768792659
    key_strength: 0.63176715374
    tuning_diatonic_strength: 0.424149692059
    tuning_equal_tempered_deviation: 0.167991429567
    tuning_frequency: 454.727905273
    tuning_nontempered_energy_ratio: 0.870781719685
    hpcp:
        dmean: [0.1521820575, 0.156987398863, 0.150755792856, 0.148240834475, 0.137961640954, 0.134443327785, 0.137808933854, 0.156734645367, 0.160736769438, 0.20605379343, 0.227236390114, 0.212047547102, 0.240982457995, 0.287225872278, 0.271830439568, 0.246211409569, 0.219154760242, 0.159596413374, 0.164877608418, 0.144995108247, 0.106757685542, 0.123686857522, 0.135499507189, 0.139353647828, 0.150240063667, 0.157221585512, 0.172634243965, 0.162496596575, 0.153287783265, 0.181768551469, 0.181705802679, 0.176798000932, 0.171420529485, 0.175626128912, 0.163902744651, 0.141519889235]
        dmean2: [0.266931384802, 0.276511818171, 0.259360194206, 0.257028579712, 0.241532459855, 0.226805493236, 0.233337923884, 0.268591493368, 0.28994011879, 0.383107662201, 0.411077111959, 0.382055848837, 0.436012387276, 0.523874461651, 0.487769067287, 0.437100470066, 0.39329507947, 0.28226429224, 0.289172619581, 0.245270073414, 0.189439743757, 0.211425602436, 0.228046908975, 0.24076256156, 0.270530849695, 0.275146216154, 0.311672091484, 0.283271849155, 0.266624122858, 0.331155180931, 0.32548931241, 0.313807100058, 0.294228702784, 0.298892080784, 0.281728237867, 0.237984597683]
        dvar: [0.0416024252772, 0.0368773005903, 0.0389258041978, 0.0407533161342, 0.0320687256753, 0.0296029821038, 0.0353022739291, 0.0410149246454, 0.0418133810163, 0.0653283372521, 0.074685677886, 0.0454181209207, 0.0644275471568, 0.0928987041116, 0.0685383751988, 0.074989631772, 0.0692694410682, 0.0536497943103, 0.0599897615612, 0.0494159460068, 0.021851958707, 0.0310530923307, 0.0318298786879, 0.0389063172042, 0.044441871345, 0.033969938755, 0.0576166585088, 0.0467545427382, 0.0406901203096, 0.0599932484329, 0.0573681108654, 0.0496337041259, 0.0368187241256, 0.0430814623833, 0.038845140487, 0.024049134925]
        dvar2: [0.117252677679, 0.0974689498544, 0.0986631810665, 0.10760961473, 0.0903926119208, 0.0805008411407, 0.0983627438545, 0.120848529041, 0.12003095448, 0.189208492637, 0.23835362494, 0.108432196081, 0.183101177216, 0.302754580975, 0.172875463963, 0.203925192356, 0.193648293614, 0.148908600211, 0.151256918907, 0.135899454355, 0.0657005608082, 0.0864258930087, 0.0773053914309, 0.101716943085, 0.129934474826, 0.110075339675, 0.153816506267, 0.121456630528, 0.105213068426, 0.173262000084, 0.15813075006, 0.130307525396, 0.102240256965, 0.11639098078, 0.113334991038, 0.0705696865916]
        max: [1, 1, 1, 1, 1, 1, 1, 1, 1, 1, 1, 1, 1, 1, 1, 1, 1, 1, 1, 1, 0.858128249645, 1, 1, 1, 1, 1, 1, 1, 1, 1, 1, 1, 1, 1, 1, 1]
        mean: [0.187941089272, 0.180432915688, 0.185352221131, 0.186311662197, 0.169845029712, 0.166953027248, 0.181669265032, 0.184809073806, 0.174031093717, 0.192090392113, 0.222173556685, 0.250707238913, 0.259734123945, 0.286119908094, 0.353962481022, 0.339203059673, 0.225160196424, 0.161998063326, 0.175685659051, 0.150682777166, 0.118539951742, 0.154043734074, 0.178729265928, 0.169790744781, 0.170233756304, 0.183096274734, 0.20897141099, 0.213673904538, 0.203027665615, 0.205537244678, 0.216381907463, 0.206526145339, 0.192614048719, 0.205447494984, 0.191116169095, 0.177745297551]
        min: [0, 0, 0, 0, 0, 0, 0, 0, 0, 0, 0, 0, 0, 0, 0, 0, 0, 0, 0, 0, 0, 0, 0, 0, 0, 0, 0, 0, 0, 0, 0, 0, 0, 0, 0, 0]
        var: [0.0505503304303, 0.042053848505, 0.0473727323115, 0.0538894720376, 0.0431046150625, 0.0408147424459, 0.0470842607319, 0.0512535944581, 0.0426213108003, 0.0556092634797, 0.0641181394458, 0.0550743900239, 0.0602802038193, 0.0743317306042, 0.108119674027, 0.123660676181, 0.0674389153719, 0.0500290617347, 0.0702709257603, 0.0508437640965, 0.0217963401228, 0.044992685318, 0.0639965087175, 0.0506760142744, 0.0462926104665, 0.0472714677453, 0.0733362734318, 0.0667891055346, 0.05868723616, 0.06323043257, 0.066031947732, 0.0529506616294, 0.0436567552388, 0.0511181503534, 0.0431703813374, 0.0359579697251]
    chords_histogram: [9.58904075623, 4.56621026993, 5.02283096313, 3.19634699821, 0, 0.91324198246, 4.56621026993, 4.56621026993, 2.73972606659, 19.6347026825, 0.91324198246, 0, 0, 0, 7.76255702972, 0, 0, 0, 0, 0, 0, 31.963470459, 0, 4.56621026993]
    thpcp: [1, 0.95830231905, 0.636113166809, 0.457670152187, 0.496339768171, 0.425702691078, 0.334894120693, 0.435197919607, 0.504938423634, 0.479685723782, 0.480937302113, 0.517275929451, 0.590377271175, 0.603662550449, 0.573585271835, 0.580675244331, 0.61131310463, 0.583469033241, 0.54416513443, 0.580421686172, 0.539933383465, 0.502158582211, 0.530963301659, 0.509751498699, 0.523649334908, 0.526359915733, 0.479839086533, 0.471668720245, 0.513244390488, 0.522114872932, 0.491665363312, 0.542685747147, 0.627675414085, 0.708287596703, 0.733789980412, 0.808333992958]
    chords_key: "G"
    chords_scale: "major"
    key_key: "F#"
    key_scale: "minor"
    chords_progression: ["G", "G", "G", "G", "G", "G", "G", "G", "G", "G", "G", "G", "G", "G", "G", "G", "G", "G", "G", "G", "G", "G", "G", "G", "G", "G", "G", "G", "G", "G", "G", "G", "G", "G", "G", "G", "G", "G", "G", "G", "G", "G", "G", "G", "G", "G", "G", "G", "G", "G", "G", "G", "G", "G", "G", "Gm", "Gm", "Gm", "Gm", "Gm", "Gm", "Gm", "Gm", "Gm", "Gm", "Gm", "Gm", "Gm", "Gm", "Gm", "F#m", "Gm", "Gm", "F#m", "F#m", "C#", "C#", "C#", "C#", "C#", "C#", "C#", "C#", "C#", "C#", "C#", "A#m", "A#m", "A#m", "A#m", "A#m", "Fm", "A#m", "E", "C#", "Fm", "E", "C#", "C#", "C#", "C#", "E", "E", "E", "E", "E", "A", "A", "A", "A", "A", "A", "C#m", "C#m", "C#m", "C#m", "C#m", "A", "C#m", "C#m", "C#m", "C#m", "C#m", "C#m", "A", "A", "A", "C#", "C#", "C#", "C#", "C#", "C#", "C#", "C#", "C#", "C#", "C#", "C#", "C#", "C#", "C#", "C#", "C#", "C#", "C#", "C#", "C#", "C#", "C#", "C#", "C#", "C#", "C#", "F#m", "F#m", "F#m", "F#m", "F#m", "F#m", "F#m", "F#m", "F#m", "F#m", "D", "D", "D", "D", "D", "D", "D", "D", "D", "D", "G", "F#m", "F#m", "G", "G", "G", "G", "G", "G", "G", "G", "G", "G", "G", "G", "G", "G", "F#", "F#m", "F#m", "F#m", "F#m", "F#m", "F#m", "F#", "F#", "F#", "F#", "F#", "F#", "F#", "F#", "F#", "B", "B", "D#m", "D#m", "D#m", "D#m", "D#m", "D#m", "D#m", "D#m", "D#m", "D#m"]
