
metadata:
    version:
        essentia: "1.2.2"
    audio_properties:
        analysis_sample_rate: 44100
        bitrate: 128
        channels: 2
        equal_loudness: 1
        length: 10.0310201645
        replay_gain: 0.139150619507
        downmix: "mix"
    tags:
        track: 35
        year: 0
        album: "Splitted by Mp3Splt v. 2.1"
        artist: "From 005.40 To 005.50"
        comment: "http://mp3splt.sf.net"
        genre: ""
        title: "10 Postscript.mp3"

highlevel:
    ballroom:
        all:
            ChaChaCha: 0.00453172856942
            Jive: 0.00489884195849
            Quickstep: 0.00811271648854
            Rumba-American: 0.0069531602785
            Rumba-International: 0.102792553604
            Rumba-Misc: 0.139897212386
            Samba: 0.00440276460722
            Tango: 0.0197275876999
            VienneseWaltz: 0.0762475579977
            Waltz: 0.63243585825
        probability: 0.63243585825
        value: "Waltz"
    culture:
        all:
            non_western: 0.949535906315
            western: 0.0504640936852
        probability: 0.949535906315
        value: "non_western"
    gender:
        all:
            female: 0.73156028986
            male: 0.26843971014
        probability: 0.73156028986
        value: "female"
    genre_dortmund:
        all:
            alternative: 0.169802844524
            blues: 8.41750661493e-05
            electronic: 0.781200528145
            folkcountry: 0.00290336599573
            funksoulrnb: 0.00116854498629
            jazz: 0.0220385938883
            pop: 0.00540874479339
            raphiphop: 0.000161357762408
            rock: 0.0172318499535
        probability: 0.781200528145
        value: "electronic"
    genre_electronica:
        all:
            ambient: 0.998195111752
            dnb: 0.000106068022433
            house: 0.000108546126285
            techno: 0.000278911116766
            trance: 0.001311350381
        probability: 0.998195111752
        value: "ambient"
    genre_rosamerica:
        all:
            cla: 0.313530772924
            dan: 0.0477737672627
            hip: 0.0403765849769
            jaz: 0.184675827622
            pop: 0.0254350751638
            rhy: 0.105411700904
            roc: 0.266456842422
            spe: 0.0163394287229
        probability: 0.313530772924
        value: "cla"
    genre_tzanetakis:
        all:
            blu: 0.123770020902
            cla: 0.471375197172
            cou: 0.030257858336
            dis: 0.0295067671686
            hip: 0.0317408405244
            jaz: 0.108039461076
            met: 0.0313627161086
            pop: 0.0396072939038
            reg: 0.0867461636662
            roc: 0.0475936867297
        probability: 0.471375197172
        value: "cla"
    live_studio:
        all:
            live: 0.378983408213
            studio: 0.621016561985
        probability: 0.621016561985
        value: "studio"
    mood:
        all:
            Cluster1: 0.0392042063177
            Cluster2: 0.0228380002081
            Cluster3: 0.901711344719
            Cluster4: 0.0115830730647
            Cluster5: 0.0246633626521
        probability: 0.901711344719
        value: "Cluster3"
    mood_acoustic:
        all:
            acoustic: 0.234842270613
            not_acoustic: 0.765157699585
        probability: 0.765157699585
        value: "not_acoustic"
    mood_aggressive:
        all:
            aggressive: 0.00643568765372
            not_aggressive: 0.99356430769
        probability: 0.99356430769
        value: "not_aggressive"
    mood_electronic:
        all:
            electronic: 0.860212147236
            not_electronic: 0.139787867665
        probability: 0.860212147236
        value: "electronic"
    mood_happy:
        all:
            happy: 0.0587078854442
            not_happy: 0.941292107105
        probability: 0.941292107105
        value: "not_happy"
    mood_party:
        all:
            not_party: 0.97024255991
            party: 0.0297574140131
        probability: 0.97024255991
        value: "not_party"
    mood_relaxed:
        all:
            not_relaxed: 0.176281422377
            relaxed: 0.823718547821
        probability: 0.823718547821
        value: "relaxed"
    mood_sad:
        all:
            not_sad: 0.0802690237761
            sad: 0.919730961323
        probability: 0.919730961323
        value: "sad"
    rhythm:
        all:
            fast: 0.0197102203965
            medium: 0.301551431417
            slow: 0.678738355637
        probability: 0.678738355637
        value: "slow"
    speech_music:
        all:
            music: 0.718682825565
            speech: 0.281317144632
        probability: 0.718682825565
        value: "music"
    timbre:
        all:
            bright: 0.232470527291
            dark: 0.76752948761
        probability: 0.76752948761
        value: "dark"
    voice_instrumental:
        all:
            instrumental: 0.999993026257
            voice: 6.99683005223e-06
        probability: 0.999993026257
        value: "instrumental"

lowlevel:
    average_loudness: 0.983932375908
    barkbands_kurtosis:
        dmean: 1.16425406933
        dmean2: 2.23788118362
        dvar: 1.04920697212
        dvar2: 3.35799026489
        max: 8.83947658539
        mean: 0.297681540251
        min: -1.37038338184
        var: 1.76042151451
    barkbands_skewness:
        dmean: 0.323712944984
        dmean2: 0.606654822826
        dvar: 0.0626299232244
        dvar2: 0.20043361187
        max: 2.13981866837
        mean: -0.479371488094
        min: -1.42340707779
        var: 0.17675717175
    barkbands_spread:
        dmean: 0.935111045837
        dmean2: 1.79846417904
        dvar: 0.493282198906
        dvar2: 1.51606559753
        max: 7.82058668137
        mean: 3.55444788933
        min: 1.24836754799
        var: 1.13229548931
    dissonance:
        dmean: 0.0426860526204
        dmean2: 0.0719116851687
        dvar: 0.00171994057018
        dvar2: 0.00408218894154
        max: 0.492853313684
        mean: 0.233000770211
        min: 0.0915525779128
        var: 0.00431612459943
    hfc:
        dmean: 0.481325685978
        dmean2: 0.850599944592
        dvar: 0.16648901999
        dvar2: 0.503130376339
        max: 5.47124481201
        mean: 2.21198558807
        min: 6.33106253645e-07
        var: 0.847962498665
    pitch:
        dmean: 51.6316299438
        dmean2: 99.8317947388
        dvar: 11768.4628906
        dvar2: 27708.1328125
        max: 565.384643555
        mean: 172.85333252
        min: 69.5583572388
        var: 13097.2998047
    pitch_instantaneous_confidence:
        dmean: 0.0700402036309
        dmean2: 0.124234423041
        dvar: 0.00313548208214
        dvar2: 0.00992047414184
        max: 0.711283266544
        mean: 0.508102297783
        min: 0.0177553892136
        var: 0.00795607361943
    pitch_salience:
        dmean: 0.0585917308927
        dmean2: 0.110767267644
        dvar: 0.00191638746765
        dvar2: 0.00651786942035
        max: 0.801221132278
        mean: 0.642789423466
        min: 0.433890104294
        var: 0.0037931073457
    silence_rate_20dB:
        dmean: 0
        dmean2: 0
        dvar: 0
        dvar2: 0
        max: 1
        mean: 1
        min: 1
        var: 0
    silence_rate_30dB:
        dmean: 0
        dmean2: 0
        dvar: 0
        dvar2: 0
        max: 1
        mean: 1
        min: 1
        var: 0
    silence_rate_60dB:
        dmean: 0.0185185186565
        dmean2: 0.0348027832806
        dvar: 0.0181755013764
        dvar2: 0.0335914865136
        max: 1
        mean: 0.0484988465905
        min: 0
        var: 0.0461464673281
    spectral_centroid:
        dmean: 37.7885246277
        dmean2: 71.3337020874
        dvar: 858.750854492
        dvar2: 2916.87817383
        max: 467.006713867
        mean: 374.914794922
        min: 214.883209229
        var: 1755.83752441
    spectral_complexity:
        dmean: 0.802784204483
        dmean2: 1.43488371372
        dvar: 0.552751779556
        dvar2: 1.32483077049
        max: 10
        mean: 6.46296310425
        min: 0
        var: 1.22085165977
    spectral_crest:
        dmean: 1.52389574051
        dmean2: 2.75811624527
        dvar: 1.89193236828
        dvar2: 5.84632444382
        max: 15.5073127747
        mean: 9.01864814758
        min: 4.61588430405
        var: 3.80196404457
    spectral_decrease:
        dmean: 2.96999314031e-10
        dmean2: 5.41232336726e-10
        dvar: 5.74366041517e-20
        dvar2: 1.8161714531e-19
        max: -7.6541724644e-16
        mean: -1.47871892509e-09
        min: -3.27607940775e-09
        var: 2.73119011641e-19
    spectral_energy:
        dmean: 0.00116108986549
        dmean2: 0.00211127451621
        dvar: 8.77424099599e-07
        dvar2: 2.77128197013e-06
        max: 0.0128609454259
        mean: 0.00578165939078
        min: 2.94627899855e-09
        var: 4.21901813752e-06
    spectral_energyband_high:
        dmean: 2.88832957551e-08
        dmean2: 4.35439027058e-08
        dvar: 3.01412947335e-14
        dvar2: 3.06883560447e-14
        max: 3.7158545183e-06
        mean: 9.99417721914e-08
        min: 1.04390428593e-11
        var: 3.09912990724e-14
    spectral_energyband_low:
        dmean: 0.000635511591099
        dmean2: 0.00125763344113
        dvar: 1.95415623239e-07
        dvar2: 7.55862231472e-07
        max: 0.00287326425314
        mean: 0.000959758879617
        min: 1.38227329582e-09
        var: 2.1092543534e-07
    spectral_energyband_middle_high:
        dmean: 1.07453688543e-05
        dmean2: 1.20355434774e-05
        dvar: 1.02508855571e-10
        dvar2: 1.34227393089e-10
        max: 0.000136792194098
        mean: 3.28629575961e-05
        min: 3.74982614404e-11
        var: 5.33533439651e-10
    spectral_energyband_middle_low:
        dmean: 0.00103293824941
        dmean2: 0.00185024889652
        dvar: 7.73711235524e-07
        dvar2: 2.37411973103e-06
        max: 0.0115548567846
        mean: 0.0047889300622
        min: 1.22575238848e-09
        var: 4.05984519602e-06
    spectral_flatness_db:
        dmean: 0.0184585079551
        dmean2: 0.0315675474703
        dvar: 0.000368714390788
        dvar2: 0.000779473048169
        max: 0.497920155525
        mean: 0.42537766695
        min: 0.182285502553
        var: 0.000760141352657
    spectral_flux:
        dmean: 0.00401333486661
        dmean2: 0.00656249374151
        dvar: 1.08871345219e-05
        dvar2: 2.71739390882e-05
        max: 0.0459470823407
        mean: 0.0272610280663
        min: 5.427963697e-05
        var: 3.79601733584e-05
    spectral_kurtosis:
        dmean: 43.0231437683
        dmean2: 75.0350723267
        dvar: 1352.6697998
        dvar2: 3659.44311523
        max: 272.494659424
        mean: 177.710281372
        min: 5.85922718048
        var: 2136.54174805
    spectral_rms:
        dmean: 0.000242191163125
        dmean2: 0.000433924782556
        dvar: 3.49977895553e-08
        dvar2: 1.00187435237e-07
        max: 0.00354221160524
        mean: 0.00233532954007
        min: 1.69541101513e-06
        var: 1.86875169561e-07
    spectral_rolloff:
        dmean: 28.8774738312
        dmean2: 51.0787620544
        dvar: 1369.37365723
        dvar2: 2437.51269531
        max: 624.462890625
        mean: 541.969665527
        min: 387.59765625
        var: 2872.94335938
    spectral_skewness:
        dmean: 1.65984976292
        dmean2: 2.88024735451
        dvar: 1.89854192734
        dvar2: 5.04267311096
        max: 13.6396818161
        mean: 10.5718564987
        min: 2.55830359459
        var: 2.89844965935
    spectral_spread:
        dmean: 266217.25
        dmean2: 421065.53125
        dvar: 1.14538459955e+12
        dvar2: 1.21103450112e+12
        max: 20753618
        mean: 677453.6875
        min: 307116.625
        var: 1.19686470042e+12
    spectral_strongpeak:
        dmean: 0.214044854045
        dmean2: 0.35472214222
        dvar: 0.03444705531
        dvar2: 0.092581808567
        max: 1.37664806843
        mean: 0.593881070614
        min: 0
        var: 0.0837120935321
    zerocrossingrate:
        dmean: 0.00136174960062
        dmean2: 0.00181004719343
        dvar: 6.34368007013e-06
        dvar2: 1.37601609822e-05
        max: 0.06494140625
        mean: 0.0190825294703
        min: 0.0087890625
        var: 1.2917685126e-05
    barkbands:
        dmean: [2.69060024038e-07, 0.00022747622279, 0.000546045834199, 7.30836763978e-05, 0.000118955584185, 0.000405854225392, 0.000455147324828, 0.000368505774532, 0.000178099624463, 1.03386018964e-05, 1.70631824403e-06, 7.9777009887e-07, 3.90285379126e-07, 1.59071049666e-07, 6.95740354217e-08, 4.47706014484e-08, 3.17619957002e-08, 3.11902219607e-08, 3.10186614172e-08, 2.52183198768e-08, 1.3043949032e-08, 4.11010425694e-09, 1.54934598484e-09, 1.22365551025e-09, 1.12556297616e-09, 1.08549569333e-09, 1.15853293625e-09]
        dmean2: [5.00236751577e-07, 0.00045410785242, 0.00108100427315, 0.000140365940752, 0.000195471511688, 0.000679905875586, 0.000815754348878, 0.000713629066013, 0.000199006608455, 1.14776266855e-05, 2.10193297789e-06, 1.17879812933e-06, 6.30350598385e-07, 2.43153294832e-07, 1.13821073455e-07, 7.65365015809e-08, 5.28916288545e-08, 5.31524833036e-08, 5.18745153499e-08, 4.27097432976e-08, 2.09806785278e-08, 6.16336093273e-09, 1.89287518992e-09, 1.37954103696e-09, 1.24251020583e-09, 1.19398413378e-09, 1.27431998287e-09]
        dvar: [2.6965016049e-13, 4.11988594351e-08, 9.5841308223e-08, 3.80368136987e-09, 1.20532561709e-08, 1.66231671983e-07, 1.4350329991e-07, 9.37765918252e-08, 2.49718503653e-08, 1.00655789259e-10, 2.79956049662e-12, 7.95674561394e-13, 1.44676967889e-13, 3.41298949551e-14, 1.05858323748e-14, 3.57699260768e-15, 2.5914335629e-15, 2.52187246441e-15, 1.51450263887e-15, 1.24848198914e-15, 8.42879150621e-16, 6.69661283484e-16, 4.81143830798e-16, 4.43109563307e-16, 4.10811588223e-16, 3.92949860357e-16, 4.47751303858e-16]
        dvar2: [3.95933231947e-13, 1.62389142133e-07, 3.63793105862e-07, 1.28257573451e-08, 2.99705682494e-08, 4.99837483403e-07, 4.22979127279e-07, 3.30110367486e-07, 2.35790835745e-08, 1.21127108343e-10, 4.5353265414e-12, 1.97532615265e-12, 3.83993292892e-13, 6.92961855432e-14, 2.19326188206e-14, 7.61297542883e-15, 3.7544015409e-15, 4.04337911284e-15, 2.34724222277e-15, 1.9985486163e-15, 1.00101358443e-15, 6.74497312217e-16, 4.83782867824e-16, 4.45127672243e-16, 4.12140900555e-16, 3.94286610697e-16, 4.49268128108e-16]
        max: [1.12771358545e-05, 0.00104502134491, 0.00191556615755, 0.00072185031604, 0.00157461827621, 0.00549175729975, 0.00500775780529, 0.00197262945585, 0.00197277148254, 0.000124003607198, 2.01908624149e-05, 1.12791931315e-05, 3.0643707305e-06, 2.674187499e-06, 1.55235011334e-06, 1.00569798178e-06, 1.00252486845e-06, 9.75067564468e-07, 8.55078553741e-07, 7.3792278954e-07, 6.39109771328e-07, 5.5211256722e-07, 4.58391298253e-07, 4.38487006704e-07, 4.21870026912e-07, 4.12354609125e-07, 4.40169003468e-07]
        mean: [7.65286301885e-07, 0.000255064078374, 0.000703938305378, 0.000153725588461, 0.000344345375197, 0.00142483029049, 0.0017772547435, 0.000570678384975, 0.000518020649906, 2.60354972852e-05, 3.94865992348e-06, 1.391241085e-06, 7.75797900587e-07, 2.9615546282e-07, 1.2435931751e-07, 8.52034318655e-08, 6.78320617453e-08, 7.69727819261e-08, 9.54836707479e-08, 8.11417706359e-08, 4.13515230946e-08, 1.15288587565e-08, 2.98033775437e-09, 1.66996105833e-09, 1.27614163681e-09, 1.06055231264e-09, 1.12913778327e-09]
        min: [5.75189340601e-10, 7.40609684691e-10, 3.5676905874e-10, 2.54980703218e-10, 3.80995512916e-10, 2.2925525367e-10, 1.48225764995e-10, 1.11282864868e-10, 9.54506682027e-11, 1.72306145046e-11, 1.08322845051e-12, 2.53392033918e-12, 2.49692909578e-12, 1.25441193891e-12, 1.9409554259e-12, 3.62676165142e-12, 4.07592839688e-12, 3.04551436153e-12, 1.94653299555e-12, 6.28613480713e-12, 2.78924843292e-12, 2.74784145091e-12, 8.59973604914e-13, 8.27180717585e-13, 5.27831250929e-13, 1.55844453553e-13, 1.3186303144e-14]
        var: [4.29686153195e-13, 3.61106522462e-08, 1.34861707579e-07, 1.31401671766e-08, 7.34906322464e-08, 8.87612713996e-07, 8.05264505743e-07, 1.36338741186e-07, 1.31743064458e-07, 4.92134832886e-10, 1.20461357903e-11, 1.35720167743e-12, 2.74662020558e-13, 5.65628036216e-14, 1.27590300792e-14, 4.59279178748e-15, 3.11572768725e-15, 3.10681414778e-15, 2.3862855712e-15, 1.76329972064e-15, 1.00585077783e-15, 6.88001717314e-16, 4.81515413564e-16, 4.42757515238e-16, 4.10463034165e-16, 3.92508132675e-16, 4.472513956e-16]
    mfcc:
        mean: [-954.458862305, 303.279541016, 32.3871383667, 48.1010284424, -44.8895454407, -20.365530014, -12.8512525558, -12.2267904282, -0.856294631958, 8.76791381836, 10.8431358337, 6.84394598007, 0.841097593307]
        cov: [[1028.92089844, 199.33631897, -23.9531154633, -34.7045783997, -50.0172462463, -18.1557674408, -15.4645767212, -16.2149925232, -7.36535453796, 9.42961978912, 22.2621212006, 14.6748342514, 12.9607162476], [199.33631897, 132.773330688, -9.29505348206, -3.02586245537, -30.0442714691, -2.23864984512, -4.95368385315, -7.35124874115, -7.30544424057, -0.0767539069057, 6.26808929443, 2.74694108963, -1.69635999203], [-23.9531154633, -9.29505348206, 40.195350647, 14.6240730286, 3.07098889351, -9.22380924225, -0.863210737705, 1.60731971264, 4.30827474594, 1.35680425167, -1.68962538242, -1.5862621069, -1.9674372673], [-34.7045783997, -3.02586245537, 14.6240730286, 46.8171272278, 7.75903940201, -9.4039850235, -12.607011795, -5.48591518402, 1.69616818428, 6.8413233757, 2.84343838692, 1.94545924664, -0.0266957301646], [-50.0172462463, -30.0442714691, 3.07098889351, 7.75903940201, 35.7114143372, 5.67930650711, -6.42369508743, -2.9486720562, 3.87022709846, 5.75537061691, 3.96116304398, 1.9441460371, 0.915549874306], [-18.1557674408, -2.23864984512, -9.22380924225, -9.4039850235, 5.67930650711, 42.2546730042, 31.7278785706, 13.9977588654, -2.82417798042, -9.18200397491, -6.88566398621, -8.2829914093, -2.74394011497], [-15.4645767212, -4.95368385315, -0.863210737705, -12.607011795, -6.42369508743, 31.7278785706, 63.2500762939, 33.9794540405, -0.61479383707, -17.8803634644, -18.4021720886, -13.989900589, -4.5574965477], [-16.2149925232, -7.35124874115, 1.60731971264, -5.48591518402, -2.9486720562, 13.9977588654, 33.9794540405, 40.5646781921, 11.9269428253, -10.2090854645, -15.3886709213, -10.4038543701, -2.17439866066], [-7.36535453796, -7.30544424057, 4.30827474594, 1.69616818428, 3.87022709846, -2.82417798042, -0.61479383707, 11.9269428253, 30.5971908569, 12.0503330231, -1.02854669094, -4.75900602341, -4.08350658417], [9.42961978912, -0.0767539069057, 1.35680425167, 6.8413233757, 5.75537061691, -9.18200397491, -17.8803634644, -10.2090854645, 12.0503330231, 34.1712265015, 20.0572929382, 2.75891828537, -4.46492147446], [22.2621212006, 6.26808929443, -1.68962538242, 2.84343838692, 3.96116304398, -6.88566398621, -18.4021720886, -15.3886709213, -1.02854669094, 20.0572929382, 40.9456787109, 21.0172958374, -1.25898432732], [14.6748342514, 2.74694108963, -1.5862621069, 1.94545924664, 1.9441460371, -8.2829914093, -13.989900589, -10.4038543701, -4.75900602341, 2.75891828537, 21.0172958374, 37.2407569885, 16.8122138977], [12.9607162476, -1.69635999203, -1.9674372673, -0.0266957301646, 0.915549874306, -2.74394011497, -4.5574965477, -2.17439866066, -4.08350658417, -4.46492147446, -1.25898432732, 16.8122138977, 34.1395225525]]
        icov: [[0.00145818083547, -0.00216562882997, 0.000141885699122, 0.00107194960583, -7.65462245909e-05, 0.000838049512822, -0.000313544587698, 0.000114760267024, -0.000183728567208, -0.000271436874755, -0.000549129617866, 0.00033453683136, -0.000859784777276], [-0.00216562882997, 0.0131291244179, 0.0010644873837, -0.00273236329667, 0.00956050958484, -0.00395887764171, 0.00252916803584, 0.000572442309931, 0.000885254703462, 0.000276136910543, -0.000632495968603, -0.000517447828315, 0.00170674768742], [0.000141885699122, 0.0010644873837, 0.0311655551195, -0.00895280577242, -0.00231902766973, 0.010144745931, -0.00652504945174, 0.00139227567706, -0.00365496915765, 0.00233890954405, -0.000604302389547, 0.00115186115727, 0.00116243970115], [0.00107194960583, -0.00273236329667, -0.00895280577242, 0.0274652224034, -0.00558481225744, 0.00233364896849, 0.00375139247626, -0.00169885309879, 0.00280932430178, -0.00476035289466, 0.00240971869789, -0.000915638986044, -5.40322580491e-05], [-7.65462245909e-05, 0.00956050958484, -0.00231902766973, -0.00558481225744, 0.0428945124149, -0.0163227133453, 0.0102198394015, 0.000560348969884, -0.00319912424311, -0.0031320983544, -0.00090735021513, -0.00171499769203, -0.000677350733895], [0.000838049512822, -0.00395887764171, 0.010144745931, 0.00233364896849, -0.0163227133453, 0.04902439937, -0.0272746551782, 0.00449133431539, 0.000913176045287, 0.00438427273184, -0.00626862142235, 0.00728882150725, -0.00204334454611], [-0.000313544587698, 0.00252916803584, -0.00652504945174, 0.00375139247626, 0.0102198394015, -0.0272746551782, 0.0507149174809, -0.0323000140488, 0.0109405247495, 0.0019771065563, 0.00342132500373, 0.00063164299354, 0.00350067089312], [0.000114760267024, 0.000572442309931, 0.00139227567706, -0.00169885309879, 0.000560348969884, 0.00449133431539, -0.0323000140488, 0.0628415569663, -0.029348846525, 0.0116765545681, 0.00246176868677, 0.00161581719294, -0.00258801411837], [-0.000183728567208, 0.000885254703462, -0.00365496915765, 0.00280932430178, -0.00319912424311, 0.000913176045287, 0.0109405247495, -0.029348846525, 0.0570268779993, -0.0282659959048, 0.010823732242, -0.00279891025275, 0.00455759093165], [-0.000271436874755, 0.000276136910543, 0.00233890954405, -0.00476035289466, -0.0031320983544, 0.00438427273184, 0.0019771065563, 0.0116765545681, -0.0282659959048, 0.0653500407934, -0.0357642322779, 0.0190417040139, -0.00383843807504], [-0.000549129617866, -0.000632495968603, -0.000604302389547, 0.00240971869789, -0.00090735021513, -0.00626862142235, 0.00342132500373, 0.00246176868677, 0.010823732242, -0.0357642322779, 0.0655954256654, -0.0410705693066, 0.0195398237556], [0.00033453683136, -0.000517447828315, 0.00115186115727, -0.000915638986044, -0.00171499769203, 0.00728882150725, 0.00063164299354, 0.00161581719294, -0.00279891025275, 0.0190417040139, -0.0410705693066, 0.0643520280719, -0.0303175412118], [-0.000859784777276, 0.00170674768742, 0.00116243970115, -5.40322580491e-05, -0.000677350733895, -0.00204334454611, 0.00350067089312, -0.00258801411837, 0.00455759093165, -0.00383843807504, 0.0195398237556, -0.0303175412118, 0.0456199236214]]
    spectral_contrast:
        mean: [-2.84268963924e-08, -1.96616852577e-07, -5.21969639067e-07, -2.82363203041e-07, -4.56520524494e-07, 1.36180062782e-07, 3.91120977383e-07, 3.21699508277e-06, -2.83508393295e-06, -4.30450381828e-06, 2.78706906442e-08, -2.01276066036e-06]
        var: [5.48785465071e-05, 8.36016552057e-05, 0.00049419910647, 0.000997303635813, 0.00125401606783, 0.00191860203631, 0.0234711449593, 0.047374971211, 0.0796571671963, 0.0989219844341, 0.12057235837, 0.582654356956]

rhythm:
    beats_loudness:
        dmean: 0.00170281413011
        dmean2: 0.00300187361427
        dvar: 1.21993298308e-06
        dvar2: 2.6148275083e-06
        max: 0.00980938319117
        mean: 0.00681569473818
        min: 0.0040243701078
        var: 2.51451206168e-06
    beats_loudness_bass:
        dmean: 0.0872174054384
        dmean2: 0.15424053371
        dvar: 0.00357346353121
        dvar2: 0.0113559355959
        max: 0.327758073807
        mean: 0.15840280056
        min: 0.0519601888955
        var: 0.00429963832721
    bpm: 114.666114807
    bpm_confidence: 0
    first_peak_bpm: 115
    first_peak_spread: 0
    first_peak_weight: 0.555555582047
    onset_rate: 3.0904135704
    second_peak_bpm: 125
    second_peak_spread: 0
    second_peak_weight: 0.388888895512
    beats_position: [0.398465782404, 0.92172563076, 1.44498550892, 1.96824538708, 2.49150538445, 3.01476550102, 3.53802537918, 4.06128549576, 4.5845451355, 5.10780525208, 5.63106536865, 6.39795351028, 6.87926101685, 7.36056756973, 7.84187507629, 8.32318115234, 8.80448913574, 9.28579521179, 9.76710319519]
    bpm_estimates: [114.276527405, 114.714347839, 114.748817444, 114.78704071, 114.80381012]
    bpm_intervals: [0.523259878159, 0.523259878159, 0.523259878159, 0.523259997368, 0.523260116577, 0.523259878159, 0.523260116577, 0.52325963974, 0.523260116577, 0.523260116577, 0.766888141632, 0.481307506561, 0.481306552887, 0.481307506561, 0.48130607605, 0.481307983398, 0.48130607605, 0.481307983398]
    onset_times: [0.0580498874187, 0.208979591727, 0.650158703327, 1.53251695633, 1.92725622654, 2.07818603516, 2.38004541397, 2.96054410934, 3.45977330208, 3.55265307426, 4.04027223587, 4.08671188354, 4.35374164581, 4.86458063126, 4.91102027893, 5.53795909882, 5.79337882996, 5.87464857101, 6.31582784653, 6.35065746307, 6.53641700745, 6.84988641739, 7.32589578629, 7.45360565186, 7.75546503067, 7.83673477173, 9.18349170685, 9.71755123138, 9.75238132477, 9.9613609314, 10.0310201645]
    rubato_start: [6.87926101685]
    rubato_stop: [9.76710319519]
    perceptual_tempo: "unknown"

sfx:
    inharmonicity:
        dmean: 0.0231275167316
        dmean2: 0.0445756390691
        dvar: 0.000775921740569
        dvar2: 0.00233495258726
        max: 0.15652936697
        mean: 0.0147510170937
        min: 6.49886601423e-07
        var: 0.000606923131272
    oddtoevenharmonicenergyratio:
        dmean: 1.75993192196
        dmean2: 3.39499282837
        dvar: 20.9065761566
        dvar2: 61.990146637
        max: 55.103263855
        mean: 0.988244652748
        min: 2.81444999928e-06
        var: 11.7465734482
    pitch_after_max_to_before_max_energy_ratio: 18.8123893738
    pitch_centroid: 219.764434814
    pitch_max_to_total: 0.0185185186565
    pitch_min_to_total: 0.131944447756
    tristimulus:
        dmean: [0.330559134483, 0.330400198698, 0.00419756164774]
        dmean2: [0.631912350655, 0.631871640682, 0.00764362886548]
        dvar: [0.0707292035222, 0.0712079927325, 1.85989047168e-05]
        dvar2: [0.207504495978, 0.208634272218, 5.46176561329e-05]
        max: [0.99555927515, 0.881108462811, 0.0481594949961]
        mean: [0.706694364548, 0.288023024797, 0.00475864717737]
        min: [0.111685752869, 0, 0]
        var: [0.0866823494434, 0.086915820837, 1.75624536496e-05]

tonal:
    chords_changes_rate: 0
    chords_number_rate: 0.00462962966412
    chords_strength:
        dmean: 0.00324680120684
        dmean2: 0.00231817900203
        dvar: 5.6513022173e-06
        dvar2: 4.16856346419e-06
        max: 0.68144351244
        mean: 0.637166440487
        min: 0.585006535053
        var: 0.000449997605756
    key_strength: 0.768515944481
    tuning_diatonic_strength: 0.476754635572
    tuning_equal_tempered_deviation: 0.0346680916846
    tuning_frequency: 437.971466064
    tuning_nontempered_energy_ratio: 0.619526922703
    hpcp:
        dmean: [0.000367448665202, 0.00278246961534, 0.00505573675036, 0.0212253220379, 0.0786961689591, 0.10966090858, 0.0366147123277, 0.104023434222, 0.0407075434923, 0.0192503035069, 0.0146342022344, 0.012271868065, 0.00872082449496, 0.00614664889872, 0.00300838844851, 0.00234283879399, 0.00914236903191, 0.0857392251492, 0.18275770545, 0.128726303577, 0.0848262012005, 0.110462032259, 0.0625987276435, 0.0124365063384, 0.00247473199852, 0.00501097505912, 0.0624854452908, 0.106021173298, 0.0565717704594, 0.0133814858273, 0.0119599578902, 0.0202452074736, 0.0861640647054, 0.117031738162, 0.060237467289, 0.00285452161916]
        dmean2: [0.000475131935673, 0.00289357756265, 0.00647122878581, 0.0271927323192, 0.0892822667956, 0.129473939538, 0.0611214861274, 0.137889772654, 0.061064157635, 0.0294270757586, 0.0208766814321, 0.0169242303818, 0.0121075799689, 0.00945185031742, 0.00472772028297, 0.00349333067425, 0.0147731686011, 0.126371830702, 0.293498724699, 0.211804792285, 0.110716544092, 0.14814029634, 0.0869655013084, 0.0170997790992, 0.00423550885171, 0.00844822917134, 0.0807949230075, 0.141383782029, 0.0813224613667, 0.0223245751113, 0.021217904985, 0.0330832824111, 0.115616798401, 0.148254066706, 0.0805674940348, 0.00507635669783]
        dvar: [1.12731422632e-05, 0.00150741741527, 0.00246770353988, 0.00259531755, 0.0111410710961, 0.0116504505277, 0.00774900754914, 0.00649973284453, 0.0014340687776, 0.000943340768572, 0.00081770925317, 0.000588921189774, 0.0012753601186, 0.000537782092579, 4.94747837365e-05, 1.98978559638e-05, 0.000223467141041, 0.00570625439286, 0.0332338660955, 0.0164357144386, 0.00945877283812, 0.012463234365, 0.00543922698125, 0.000995727605186, 5.65802110941e-05, 6.20556966169e-05, 0.00295131769963, 0.00716093648225, 0.00203934614547, 0.00074431556277, 0.000640297075734, 0.00121628167108, 0.00544776069, 0.00921799056232, 0.0029825551901, 4.36797490693e-05]
        dvar2: [1.14713220682e-05, 0.00151644926518, 0.00256115803495, 0.00371196540073, 0.0143958535045, 0.01823255606, 0.0154987582937, 0.0124814221635, 0.0029014707543, 0.00217108125798, 0.00118011282757, 0.0010413469281, 0.00149331917055, 0.00077670434257, 0.000108982960228, 3.37968958775e-05, 0.000456638314063, 0.0100331585854, 0.0612444356084, 0.0339463725686, 0.0190449487418, 0.0198402758688, 0.00800336059183, 0.000957939249929, 0.000102788733784, 0.000181173192686, 0.0047296169214, 0.0116249443963, 0.00409752735868, 0.00150858052075, 0.00169705285225, 0.00244657206349, 0.00926637649536, 0.0150970667601, 0.00515983859077, 9.72689667833e-05]
        max: [0.0494549423456, 0.570815443993, 0.719243884087, 0.526558876038, 0.812052071095, 1, 1, 1, 0.30708605051, 0.26114487648, 0.242843896151, 0.208341702819, 0.472270488739, 0.279646366835, 0.0774250850081, 0.0516399145126, 0.111818172038, 0.616242825985, 1, 0.756585717201, 1, 1, 1, 0.496733874083, 0.0666824281216, 0.0734956413507, 0.634613871574, 1, 0.48879763484, 0.169392943382, 0.140725702047, 0.342711538076, 0.739716827869, 1, 0.599626004696, 0.0546302236617]
        mean: [0.000369838817278, 0.0027796307113, 0.00486297206953, 0.0250726621598, 0.129692912102, 0.47313913703, 0.97062265873, 0.675492584705, 0.0834807828069, 0.0244393590838, 0.0256574023515, 0.0213620420545, 0.0119933262467, 0.00700841052458, 0.00737826153636, 0.00556480558589, 0.00823528692126, 0.179019197822, 0.380491524935, 0.244660779834, 0.17579908669, 0.238306462765, 0.111144296825, 0.0145584633574, 0.00212212465703, 0.00550116086379, 0.231104373932, 0.425626635551, 0.208688750863, 0.0146361170337, 0.00923971366137, 0.0231780651957, 0.254465103149, 0.409632265568, 0.17675934732, 0.00213044928387]
        min: [6.53996494293e-06, 1.10935870907e-05, 2.00164522539e-05, 1.61786701938e-05, 8.28190968605e-06, 0.105807155371, 0.324994415045, 0.197918385267, 0.00785123091191, 2.90752141154e-05, 1.54115678015e-05, 5.65523851037e-06, 5.73652232561e-06, 0.000209736987017, 0.000792395614553, 0.000112422247184, 7.49762921259e-06, 0.00797713175416, 0.0271359756589, 0.0145597625524, 0.000438314047642, 0.000508168363012, 0.00141264975537, 1.07712949102e-05, 3.52828283212e-06, 5.3044033848e-05, 0.00895574875176, 0.00417476659641, 0.000124629907077, 4.12176859754e-06, 4.14774649471e-06, 7.08696188667e-06, 0.00390312098898, 0.0141625730321, 0.00521433120593, 7.51509151087e-06]
        var: [1.12769212137e-05, 0.00150082458276, 0.00245773303322, 0.00456937309355, 0.0286427605897, 0.0437751449645, 0.00748329469934, 0.0252060275525, 0.00324931996875, 0.00163700478151, 0.00220752134919, 0.00178841257002, 0.00171094294637, 0.000573582132347, 9.49741151999e-05, 5.7278368331e-05, 0.000322813750245, 0.0152360415086, 0.0672557204962, 0.0282584633678, 0.0315610580146, 0.0402013920248, 0.0110409902409, 0.00139521085657, 6.67895583319e-05, 4.93636143801e-05, 0.0130992177874, 0.0438705943525, 0.0107407709584, 0.00107611855492, 0.000582766893785, 0.00119302200619, 0.0277019701898, 0.0681329369545, 0.0150467036292, 3.43471656379e-05]
    chords_histogram: [0, 100, 0, 0, 0, 0, 0, 0, 0, 0, 0, 0, 0, 0, 0, 0, 0, 0, 0, 0, 0, 0, 0, 0]
    thpcp: [1, 0.695937395096, 0.0860074535012, 0.0251790527254, 0.026433961466, 0.0220085959882, 0.0123563222587, 0.00722053041682, 0.00760157546028, 0.0057332329452, 0.0084845405072, 0.184437483549, 0.392007678747, 0.252065807581, 0.181119903922, 0.245519161224, 0.114508241415, 0.0149990972131, 0.00218635401689, 0.00566766178235, 0.238099098206, 0.438508868217, 0.215005025268, 0.0150791006163, 0.00951936747879, 0.023879583925, 0.262166857719, 0.422030389309, 0.182109236717, 0.00219493056647, 0.000381032528821, 0.0028637603391, 0.0050101573579, 0.0258315242827, 0.13361826539, 0.487459391356]
    chords_key: "G#"
    chords_scale: "minor"
    key_key: "E"
    key_scale: "major"
    chords_progression: ["G#m", "G#m", "G#m", "G#m", "G#m", "G#m", "G#m", "G#m", "G#m", "G#m", "G#m", "G#m", "G#m", "G#m", "G#m", "G#m", "G#m", "G#m", "G#m", "G#m", "G#m", "G#m", "G#m", "G#m", "G#m", "G#m", "G#m", "G#m", "G#m", "G#m", "G#m", "G#m", "G#m", "G#m", "G#m", "G#m", "G#m", "G#m", "G#m", "G#m", "G#m", "G#m", "G#m", "G#m", "G#m", "G#m", "G#m", "G#m", "G#m", "G#m", "G#m", "G#m", "G#m", "G#m", "G#m", "G#m", "G#m", "G#m", "G#m", "G#m", "G#m", "G#m", "G#m", "G#m", "G#m", "G#m", "G#m", "G#m", "G#m", "G#m", "G#m", "G#m", "G#m", "G#m", "G#m", "G#m", "G#m", "G#m", "G#m", "G#m", "G#m", "G#m", "G#m", "G#m", "G#m", "G#m", "G#m", "G#m", "G#m", "G#m", "G#m", "G#m", "G#m", "G#m", "G#m", "G#m", "G#m", "G#m", "G#m", "G#m", "G#m", "G#m", "G#m", "G#m", "G#m", "G#m", "G#m", "G#m", "G#m", "G#m", "G#m", "G#m", "G#m", "G#m", "G#m", "G#m", "G#m", "G#m", "G#m", "G#m", "G#m", "G#m", "G#m", "G#m", "G#m", "G#m", "G#m", "G#m", "G#m", "G#m", "G#m", "G#m", "G#m", "G#m", "G#m", "G#m", "G#m", "G#m", "G#m", "G#m", "G#m", "G#m", "G#m", "G#m", "G#m", "G#m", "G#m", "G#m", "G#m", "G#m", "G#m", "G#m", "G#m", "G#m", "G#m", "G#m", "G#m", "G#m", "G#m", "G#m", "G#m", "G#m", "G#m", "G#m", "G#m", "G#m", "G#m", "G#m", "G#m", "G#m", "G#m", "G#m", "G#m", "G#m", "G#m", "G#m", "G#m", "G#m", "G#m", "G#m", "G#m", "G#m", "G#m", "G#m", "G#m", "G#m", "G#m", "G#m", "G#m", "G#m", "G#m", "G#m", "G#m", "G#m", "G#m", "G#m", "G#m", "G#m", "G#m", "G#m", "G#m", "G#m", "G#m", "G#m", "G#m", "G#m", "G#m", "G#m", "G#m", "G#m", "G#m", "G#m", "G#m", "G#m", "G#m", "G#m"]
