
metadata:
    version:
        essentia: "1.2.2"
    audio_properties:
        analysis_sample_rate: 44100
        bitrate: 128
        channels: 2
        equal_loudness: 1
        length: 10.0310201645
        replay_gain: -4.29043579102
        downmix: "mix"
    tags:
        track: 3
        year: 0
        album: "Splitted by Mp3Splt v. 2.1"
        artist: "From 000.20 To 000.30"
        comment: "http://mp3splt.sf.net"
        genre: ""
        title: "06 Boost Dem [Conspiracy Mix]."

highlevel:
    ballroom:
        all:
            ChaChaCha: 0.000828885938972
            Jive: 0.000531173252966
            Quickstep: 0.00147449516226
            Rumba-American: 0.00258571584709
            Rumba-International: 0.0336682833731
            Rumba-Misc: 0.0355374589562
            Samba: 0.00179313961416
            Tango: 0.073092572391
            VienneseWaltz: 0.0483953617513
            Waltz: 0.802092909813
        probability: 0.802092909813
        value: "Waltz"
    culture:
        all:
            non_western: 0.67019289732
            western: 0.329807132483
        probability: 0.67019289732
        value: "non_western"
    gender:
        all:
            female: 0.742805421352
            male: 0.257194578648
        probability: 0.742805421352
        value: "female"
    genre_dortmund:
        all:
            alternative: 0.110385514796
            blues: 0.00155983807053
            electronic: 0.792205393314
            folkcountry: 0.0269975494593
            funksoulrnb: 0.0020811946597
            jazz: 0.0141813559458
            pop: 0.0377785712481
            raphiphop: 0.00185217708349
            rock: 0.0129584176466
        probability: 0.792205393314
        value: "electronic"
    genre_electronica:
        all:
            ambient: 0.986021459103
            dnb: 0.000996948685497
            house: 0.00749211572111
            techno: 0.00313599430956
            trance: 0.00235346634872
        probability: 0.986021459103
        value: "ambient"
    genre_rosamerica:
        all:
            cla: 0.514137089252
            dan: 0.0115294558927
            hip: 0.00623071799055
            jaz: 0.363778293133
            pop: 0.030282523483
            rhy: 0.0507839880884
            roc: 0.0150586841628
            spe: 0.0081992354244
        probability: 0.514137089252
        value: "cla"
    genre_tzanetakis:
        all:
            blu: 0.109831519425
            cla: 0.347112029791
            cou: 0.0616362541914
            dis: 0.0335480235517
            hip: 0.0217864736915
            jaz: 0.117866002023
            met: 0.0207041017711
            pop: 0.120354868472
            reg: 0.0948340594769
            roc: 0.0723266676068
        probability: 0.347112029791
        value: "cla"
    live_studio:
        all:
            live: 0.200940459967
            studio: 0.799059569836
        probability: 0.799059569836
        value: "studio"
    mood:
        all:
            Cluster1: 0.00290828035213
            Cluster2: 0.029548484832
            Cluster3: 0.947262167931
            Cluster4: 0.0192694012076
            Cluster5: 0.00101164891385
        probability: 0.947262167931
        value: "Cluster3"
    mood_acoustic:
        all:
            acoustic: 0.415308207273
            not_acoustic: 0.584691762924
        probability: 0.584691762924
        value: "not_acoustic"
    mood_aggressive:
        all:
            aggressive: 8.9417589777e-08
            not_aggressive: 0.999999880791
        probability: 0.999999880791
        value: "not_aggressive"
    mood_electronic:
        all:
            electronic: 0.70222055912
            not_electronic: 0.29777944088
        probability: 0.70222055912
        value: "electronic"
    mood_happy:
        all:
            happy: 0.0377714894712
            not_happy: 0.962228536606
        probability: 0.962228536606
        value: "not_happy"
    mood_party:
        all:
            not_party: 0.970464110374
            party: 0.0295358803123
        probability: 0.970464110374
        value: "not_party"
    mood_relaxed:
        all:
            not_relaxed: 0.03052332066
            relaxed: 0.969476699829
        probability: 0.969476699829
        value: "relaxed"
    mood_sad:
        all:
            not_sad: 0.0449107438326
            sad: 0.955089271069
        probability: 0.955089271069
        value: "sad"
    rhythm:
        all:
            fast: 0.0397603958845
            medium: 0.803277730942
            slow: 0.156961873174
        probability: 0.803277730942
        value: "medium"
    speech_music:
        all:
            music: 0.80620008707
            speech: 0.193799927831
        probability: 0.80620008707
        value: "music"
    timbre:
        all:
            bright: 0.264406770468
            dark: 0.735593259335
        probability: 0.735593259335
        value: "dark"
    voice_instrumental:
        all:
            instrumental: 0.993869543076
            voice: 0.00613044388592
        probability: 0.993869543076
        value: "instrumental"

lowlevel:
    average_loudness: 0.871189594269
    barkbands_kurtosis:
        dmean: 6.76825284958
        dmean2: 10.8657045364
        dvar: 75.9947814941
        dvar2: 208.812652588
        max: 82.57056427
        mean: 9.75943851471
        min: -1.86405110359
        var: 138.377471924
    barkbands_skewness:
        dmean: 0.93429005146
        dmean2: 1.46213400364
        dvar: 0.738922178745
        dvar2: 1.80845296383
        max: 7.92875146866
        mean: 2.15013074875
        min: -3.15359663963
        var: 3.0097386837
    barkbands_spread:
        dmean: 2.00692105293
        dmean2: 3.03375291824
        dvar: 10.4518442154
        dvar2: 20.5368614197
        max: 46.1342964172
        mean: 7.00635385513
        min: 0.375229120255
        var: 96.8120422363
    dissonance:
        dmean: 0.0651725009084
        dmean2: 0.111942797899
        dvar: 0.00321485497989
        dvar2: 0.00872447621077
        max: 0.494352459908
        mean: 0.346544295549
        min: 0.172674536705
        var: 0.00676969159395
    hfc:
        dmean: 1.67703092098
        dmean2: 2.24874162674
        dvar: 18.2262382507
        dvar2: 23.7803039551
        max: 113.606620789
        mean: 4.7236905098
        min: 0.0788717567921
        var: 165.001846313
    pitch:
        dmean: 141.744979858
        dmean2: 276.217041016
        dvar: 397227.125
        dvar2: 1126917.125
        max: 4410
        mean: 614.28338623
        min: 93.2346725464
        var: 584140.875
    pitch_instantaneous_confidence:
        dmean: 0.0659299716353
        dmean2: 0.10319159925
        dvar: 0.00415497180074
        dvar2: 0.00935946870595
        max: 0.958422005177
        mean: 0.792358100414
        min: 0.345406413078
        var: 0.0170211251825
    pitch_salience:
        dmean: 0.0680911391973
        dmean2: 0.109857864678
        dvar: 0.00382557557896
        dvar2: 0.00860961060971
        max: 0.717529594898
        mean: 0.412239104509
        min: 0.12663026154
        var: 0.011708015576
    silence_rate_20dB:
        dmean: 0
        dmean2: 0
        dvar: 0
        dvar2: 0
        max: 1
        mean: 1
        min: 1
        var: 0
    silence_rate_30dB:
        dmean: 0
        dmean2: 0
        dvar: 0
        dvar2: 0
        max: 1
        mean: 1
        min: 1
        var: 0
    silence_rate_60dB:
        dmean: 0.129930391908
        dmean2: 0.260465115309
        dvar: 0.113047875464
        dvar2: 0.225180655718
        max: 1
        mean: 0.638888895512
        min: 0
        var: 0.230710372329
    spectral_centroid:
        dmean: 112.399002075
        dmean2: 171.017822266
        dvar: 47129.953125
        dvar2: 93386.2421875
        max: 4126.52490234
        mean: 858.756164551
        min: 431.350280762
        var: 581766.75
    spectral_complexity:
        dmean: 1.08391606808
        dmean2: 1.77570092678
        dvar: 2.48713088036
        dvar2: 4.16929531097
        max: 34
        mean: 4.92558145523
        min: 0
        var: 20.2596035004
    spectral_crest:
        dmean: 3.24440550804
        dmean2: 5.29148721695
        dvar: 7.16121101379
        dvar2: 16.426071167
        max: 26.2180118561
        mean: 16.321855545
        min: 5.58581113815
        var: 23.3867092133
    spectral_decrease:
        dmean: 3.19774540181e-10
        dmean2: 4.94332796919e-10
        dvar: 1.19053546475e-19
        dvar2: 2.90931803295e-19
        max: -2.93572111065e-11
        mean: -7.80792208666e-10
        min: -4.71488226239e-09
        var: 4.72874650971e-19
    spectral_energy:
        dmean: 0.00134725181852
        dmean2: 0.00203963578679
        dvar: 2.39194173446e-06
        dvar2: 5.26740450368e-06
        max: 0.0280995219946
        mean: 0.00337534118444
        min: 0.00011795500177
        var: 1.26414606711e-05
    spectral_energyband_high:
        dmean: 0.000103717567981
        dmean2: 0.00013672397472
        dvar: 2.59958113702e-07
        dvar2: 3.52174311047e-07
        max: 0.013799157925
        mean: 0.000336388940923
        min: 3.7694739774e-08
        var: 2.33214245782e-06
    spectral_energyband_low:
        dmean: 8.70463097158e-08
        dmean2: 1.57349859364e-07
        dvar: 7.20715736982e-14
        dvar2: 1.9501900908e-13
        max: 2.72089164355e-06
        mean: 8.94243470384e-08
        min: 1.89241555759e-09
        var: 4.46124765548e-14
    spectral_energyband_middle_high:
        dmean: 0.000640737824142
        dmean2: 0.000900172861293
        dvar: 1.14233432669e-06
        dvar2: 2.21261439037e-06
        max: 0.0134316207841
        mean: 0.0011214670958
        min: 2.95108366117e-05
        var: 3.75571448785e-06
    spectral_energyband_middle_low:
        dmean: 0.000907483627088
        dmean2: 0.00157519453205
        dvar: 9.86625536825e-07
        dvar2: 2.90620550913e-06
        max: 0.00961739663035
        mean: 0.00191739574075
        min: 7.97309912741e-05
        var: 1.99656665245e-06
    spectral_flatness_db:
        dmean: 0.0321127362549
        dmean2: 0.0539074130356
        dvar: 0.000775298743974
        dvar2: 0.00197640364058
        max: 0.51279091835
        mean: 0.369087964296
        min: 0.146151646972
        var: 0.0045113330707
    spectral_flux:
        dmean: 0.008474544622
        dmean2: 0.0134294210002
        dvar: 5.64037982258e-05
        dvar2: 0.000139368712553
        max: 0.100840091705
        mean: 0.0255390368402
        min: 0.00399620644748
        var: 0.000298253115034
    spectral_kurtosis:
        dmean: 10.6885404587
        dmean2: 15.9171247482
        dvar: 123.860580444
        dvar2: 286.308776855
        max: 102.081443787
        mean: 35.9642715454
        min: 0.120051622391
        var: 760.431274414
    spectral_rms:
        dmean: 0.000350863847416
        dmean2: 0.000533797952812
        dvar: 8.95878855545e-08
        dvar2: 2.16827871213e-07
        max: 0.00523585407063
        mean: 0.00164896133356
        min: 0.000339231570251
        var: 5.73940269533e-07
    spectral_rolloff:
        dmean: 168.802047729
        dmean2: 305.237884521
        dvar: 127422.273438
        dvar2: 246457.625
        max: 5490.96679688
        mean: 1208.56347656
        min: 452.197265625
        var: 1533881.125
    spectral_skewness:
        dmean: 0.685213327408
        dmean2: 0.965648829937
        dvar: 0.421863526106
        dvar2: 0.888683736324
        max: 8.47765541077
        mean: 4.38712930679
        min: 0.491273790598
        var: 4.73204851151
    spectral_spread:
        dmean: 701557.4375
        dmean2: 999740.5
        dvar: 978822692864
        dvar2: 1.20377062195e+12
        max: 16207817
        mean: 2895530.25
        min: 769938.6875
        var: 3.93049276416e+12
    spectral_strongpeak:
        dmean: 0.37201949954
        dmean2: 0.595229446888
        dvar: 0.589991688728
        dvar2: 1.4260020256
        max: 11.6902112961
        mean: 0.861140429974
        min: 0.0619200840592
        var: 1.3924227953
    zerocrossingrate:
        dmean: 0.00455843005329
        dmean2: 0.00499005196616
        dvar: 4.72789179184e-05
        dvar2: 3.80741694244e-05
        max: 0.1923828125
        mean: 0.0433650538325
        min: 0.01806640625
        var: 0.00151283468585
    barkbands:
        dmean: [9.3458529804e-09, 3.89070429208e-08, 5.1432810011e-08, 6.49858833413e-08, 2.04690394412e-07, 0.000112061818072, 0.000906319648493, 1.95237521439e-06, 2.45282881224e-05, 0.000414402893512, 2.72041488643e-05, 5.06566266267e-06, 5.06549331476e-05, 2.27390319196e-06, 1.4133555851e-05, 1.94007279788e-05, 5.20603971381e-05, 2.1272810045e-05, 0.000133104651468, 5.36497027497e-05, 7.56655063014e-05, 2.76372647932e-05, 3.64643756257e-06, 2.4112760002e-06, 1.70009718659e-06, 1.32696991173e-08, 2.21364801489e-10]
        dmean2: [1.46699212777e-08, 6.95273811857e-08, 9.41987821079e-08, 1.18193227649e-07, 3.65514097211e-07, 8.63627792569e-05, 0.00158320891205, 3.33129378305e-06, 2.72409961326e-05, 0.000617148994934, 3.85800849472e-05, 7.57659427109e-06, 7.364188059e-05, 3.55827546628e-06, 2.26812662731e-05, 2.85441565211e-05, 5.83764667681e-05, 3.65364285244e-05, 0.000201420087251, 7.46274454286e-05, 0.000115917093353, 3.73350812879e-05, 5.91507114223e-06, 2.97264296023e-06, 2.50599259743e-06, 1.74812040399e-08, 3.63733876352e-10]
        dvar: [9.29727185708e-16, 8.16219667402e-15, 3.39992587577e-14, 6.88716051962e-14, 5.4326248361e-13, 1.20681544757e-08, 9.95421373773e-07, 1.06889559703e-10, 5.76082237469e-10, 5.37535754574e-07, 1.17465237537e-09, 2.70513750289e-11, 1.2769186597e-08, 1.24228830348e-11, 6.58434307077e-10, 4.7408725834e-09, 6.79755984834e-08, 9.50901490882e-09, 2.99549839156e-07, 6.71280560027e-08, 1.49424991491e-07, 1.87082385139e-08, 3.43636313849e-10, 1.13208206698e-10, 9.14787551265e-11, 4.05236147373e-15, 1.66439844145e-18]
        dvar2: [1.11847958416e-15, 1.96010844003e-14, 9.79536411835e-14, 1.94047414855e-13, 1.50215170164e-12, 6.9600982755e-09, 2.90535126624e-06, 2.52979914794e-10, 6.99778957003e-10, 1.11740564535e-06, 2.60094368265e-09, 5.56571871924e-11, 2.30378649491e-08, 2.90801497466e-11, 1.64779812017e-09, 1.03582147304e-08, 1.17321491189e-07, 2.93260473683e-08, 7.68515349137e-07, 9.91593509525e-08, 2.66957414397e-07, 3.14011003866e-08, 6.74412636847e-10, 1.78357384417e-10, 1.69524935756e-10, 5.35819489906e-15, 1.84468390353e-18]
        max: [6.15547378402e-07, 1.02080002762e-06, 1.92640800378e-06, 2.83567396764e-06, 6.26816517979e-06, 0.00193589332048, 0.00903216097504, 0.000164073935593, 0.000311216339469, 0.00767784100026, 0.000289025832899, 4.54733817605e-05, 0.00107585941441, 5.36332954653e-05, 0.000272707547992, 0.000879109313246, 0.00428605033085, 0.00179706094787, 0.00694914115593, 0.00626473454759, 0.00884003471583, 0.00322035606951, 0.000494444102515, 0.000313468510285, 0.000197729299543, 1.77631659426e-06, 2.62235744231e-08]
        mean: [1.32750113124e-08, 3.97232327032e-08, 4.1411709617e-08, 4.82604676222e-08, 1.74110027729e-07, 0.000365771120414, 0.00149893038906, 2.06836466532e-06, 4.72182146041e-05, 0.000506170385052, 4.50970765087e-05, 7.97052143753e-06, 6.83725374984e-05, 3.35089475811e-06, 2.05488177016e-05, 2.8104037483e-05, 7.26356229279e-05, 3.5591503547e-05, 0.000244711263804, 0.000116529590741, 0.000226362593821, 6.13078009337e-05, 1.33769872264e-05, 7.11107077223e-06, 3.76289790438e-06, 3.75106488093e-08, 1.97609414943e-10]
        min: [4.22181942183e-11, 6.54002463296e-10, 7.09592218318e-10, 3.3028216273e-10, 2.86300161356e-09, 1.00791874047e-06, 3.45597291016e-05, 1.22115864087e-08, 4.21212263291e-07, 3.89768092646e-06, 5.7025681599e-07, 1.78125063144e-07, 8.25554820949e-07, 7.98155230797e-09, 5.50748040951e-07, 1.13706157379e-07, 9.93168853824e-08, 7.5569161595e-08, 4.48389911867e-08, 2.48839171491e-08, 1.09717923635e-08, 3.99620558866e-09, 1.3021234091e-09, 1.29939170534e-09, 1.07593756127e-09, 6.39397632063e-11, 3.53001861682e-14]
        var: [9.49773914471e-16, 6.04117704619e-15, 1.92226300795e-14, 4.17787075009e-14, 3.53284187928e-13, 1.52733619529e-07, 1.77523668299e-06, 1.09723355401e-10, 2.17742290864e-09, 9.72305087998e-07, 2.12714157399e-09, 5.21405627008e-11, 2.16383977403e-08, 2.92160948212e-11, 1.00246555501e-09, 9.67750057868e-09, 1.5006608578e-07, 2.03822985156e-08, 8.40869574859e-07, 3.21648741419e-07, 1.11974736683e-06, 8.16245417923e-08, 3.40535022403e-09, 1.13759235365e-09, 3.63651858626e-10, 3.48761716392e-14, 1.67414366305e-18]
    mfcc:
        mean: [-907.75579834, 144.79776001, -82.3165893555, -31.8577690125, -54.5106658936, -47.483341217, -14.9747228622, -31.3758087158, -18.3220367432, -12.2170305252, -3.85014557838, 6.97119760513, 18.3587646484]
        cov: [[8169.37109375, -6018.2421875, 548.004272461, 1445.20849609, -510.332641602, -377.164520264, 230.03024292, -292.831878662, 3.07953643799, 227.83807373, -288.783111572, 23.702381134, -110.663314819], [-6018.2421875, 4984.90283203, -476.799285889, -1195.02929688, 443.48638916, 175.564193726, 28.5961418152, 99.2104492188, -49.7184028625, -148.613861084, 197.370376587, -57.6437835693, 4.93807554245], [548.004272461, -476.799285889, 255.588378906, 111.545951843, -38.0658874512, 3.70771551132, -11.7709674835, -32.7612419128, 7.03523635864, 0.124986767769, -25.7557563782, 19.6240634918, -15.5636425018], [1445.20849609, -1195.02929688, 111.545951843, 514.232543945, -129.284088135, 46.5365524292, -205.669158936, 71.6851119995, 5.92186737061, 2.31398415565, -36.8505363464, -0.890646338463, 63.9025001526], [-510.332641602, 443.48638916, -38.0658874512, -129.284088135, 158.53427124, 2.67110228539, 65.7503204346, -36.1810760498, -1.89215040207, -1.94603490829, 11.9439935684, 0.373363107443, -24.6290988922], [-377.164520264, 175.564193726, 3.70771551132, 46.5365524292, 2.67110228539, 179.439086914, -164.194366455, 115.344680786, 8.25758075714, -37.3014831543, 24.25756073, 3.27764225006, 65.7257995605], [230.03024292, 28.5961418152, -11.7709674835, -205.669158936, 65.7503204346, -164.194366455, 518.69732666, -177.001846313, -11.2662782669, 88.6295166016, -15.2924823761, 5.53067874908, -147.909255981], [-292.831878662, 99.2104492188, -32.7612419128, 71.6851119995, -36.1810760498, 115.344680786, -177.001846313, 187.963119507, 49.184803009, -24.9493637085, 23.6210250854, -6.13330173492, 63.4235305786], [3.07953643799, -49.7184028625, 7.03523635864, 5.92186737061, -1.89215040207, 8.25758075714, -11.2662782669, 49.184803009, 70.9278640747, 27.0751876831, 1.57013428211, -3.07431936264, -0.23473957181], [227.83807373, -148.613861084, 0.124986767769, 2.31398415565, -1.94603490829, -37.3014831543, 88.6295166016, -24.9493637085, 27.0751876831, 68.0400390625, 9.67619132996, 1.14755260944, -33.7338523865], [-288.783111572, 197.370376587, -25.7557563782, -36.8505363464, 11.9439935684, 24.25756073, -15.2924823761, 23.6210250854, 1.57013428211, 9.67619132996, 62.584777832, 19.1567935944, 8.70426177979], [23.702381134, -57.6437835693, 19.6240634918, -0.890646338463, 0.373363107443, 3.27764225006, 5.53067874908, -6.13330173492, -3.07431936264, 1.14755260944, 19.1567935944, 59.2727012634, 21.5080852509], [-110.663314819, 4.93807554245, -15.5636425018, 63.9025001526, -24.6290988922, 65.7257995605, -147.909255981, 63.4235305786, -0.23473957181, -33.7338523865, 8.70426177979, 21.5080852509, 96.1298522949]]
        icov: [[0.00187648611609, 0.00178016186692, 0.000169299353729, -0.00153179594781, 0.000276976061286, 0.000843240180984, -0.000654906558339, 0.000855863909237, 0.000871481315698, -0.00101548910607, 0.0012707572896, 0.000491307931952, 0.000457283662399], [0.00178016186692, 0.00264035537839, 0.000488119025249, 0.000544029462617, -0.00088012998458, 0.000561769236811, -0.000403632031521, 8.96433339221e-05, 0.00155509205069, 7.67950496083e-06, -0.000404708087444, 0.00195441138931, -5.28702366864e-05], [0.000169299353729, 0.000488119025249, 0.0061530447565, -0.000826359493658, 0.0011085071601, -0.00245513417758, 0.000553846533876, 0.00334986043163, -0.00339990179054, 0.00295220478438, 0.000954973511398, -0.00320453802124, 0.00397819839418], [-0.00153179594781, 0.000544029462617, -0.000826359493658, 0.00909213721752, -0.00133097707294, -0.000865264737513, 0.00238385889679, -0.00375643675216, 0.00351864984259, -0.00147130491678, -0.00148757034913, 0.00260616419837, -0.00252838246524], [0.000276976061286, -0.00088012998458, 0.0011085071601, -0.00133097707294, 0.0105994585901, -0.00267287506722, -0.000628231617156, 0.00489881401882, -0.00425419397652, 0.00161171634682, 0.000899975071661, -0.0022474960424, 0.00274929706939], [0.000843240180984, 0.000561769236811, -0.00245513417758, -0.000865264737513, -0.00267287506722, 0.0131609402597, 0.000420686294092, -0.00718989549205, 0.0046770577319, -0.00125651049893, -0.00102502049413, 0.00150894816034, -0.00384698389098], [-0.000654906558339, -0.000403632031521, 0.000553846533876, 0.00238385889679, -0.000628231617156, 0.000420686294092, 0.00589977856725, 0.000541311688721, 0.00149749405682, -0.00437625311315, 0.0019617988728, -0.00308693991974, 0.00502469716594], [0.000855863909237, 8.96433339221e-05, 0.00334986043163, -0.00375643675216, 0.00489881401882, -0.00718989549205, 0.000541311688721, 0.0196720380336, -0.0151086933911, 0.00695483293384, -0.00368802226149, 0.00100227165967, 0.000558338244446], [0.000871481315698, 0.00155509205069, -0.00339990179054, 0.00351864984259, -0.00425419397652, 0.0046770577319, 0.00149749405682, -0.0151086933911, 0.0325225405395, -0.0193828828633, 0.00701853493229, 0.000747936428525, -0.00150678236969], [-0.00101548910607, 7.67950496083e-06, 0.00295220478438, -0.00147130491678, 0.00161171634682, -0.00125651049893, -0.00437625311315, 0.00695483293384, -0.0193828828633, 0.0375985614955, -0.0143999336287, 0.00198221672326, 0.00424368865788], [0.0012707572896, -0.000404708087444, 0.000954973511398, -0.00148757034913, 0.000899975071661, -0.00102502049413, 0.0019617988728, -0.00368802226149, 0.00701853493229, -0.0143999336287, 0.0299760196358, -0.0122511349618, 0.00400104746222], [0.000491307931952, 0.00195441138931, -0.00320453802124, 0.00260616419837, -0.0022474960424, 0.00150894816034, -0.00308693991974, 0.00100227165967, 0.000747936428525, 0.00198221672326, -0.0122511349618, 0.0288385674357, -0.0134501717985], [0.000457283662399, -5.28702366864e-05, 0.00397819839418, -0.00252838246524, 0.00274929706939, -0.00384698389098, 0.00502469716594, 0.000558338244446, -0.00150678236969, 0.00424368865788, 0.00400104746222, -0.0134501717985, 0.0280865989625]]
    spectral_contrast:
        mean: [2.85881384343e-07, -1.44246712352e-07, 3.85879417308e-07, -7.9257716834e-08, 2.75931384408e-08, -8.72584280387e-08, -6.98483290762e-07, -2.778685257e-06, 1.37749111673e-06, -1.44825423831e-06, 3.1765116546e-06, 2.69939732789e-06]
        var: [0.000404221995268, 0.000778962334152, 0.000842226203531, 0.00104760925751, 0.00247301463969, 0.00373919843696, 0.0411992557347, 0.0945468842983, 0.125103399158, 0.198212891817, 0.397365361452, 5.16491413116]

rhythm:
    beats_loudness:
        dmean: 0.00163167004939
        dmean2: 0.00216552661732
        dvar: 2.78229322248e-06
        dvar2: 4.15277736465e-06
        max: 0.0122190220281
        mean: 0.00399691238999
        min: 0.000348424306139
        var: 1.3058785953e-05
    beats_loudness_bass:
        dmean: 0.00021612533601
        dmean2: 0.000448436447186
        dvar: 1.57148917879e-07
        dvar2: 4.50561969956e-07
        max: 0.00130339839961
        mean: 0.000126707091113
        min: 3.98029942517e-06
        var: 8.89594176101e-08
    bpm: 119.309204102
    bpm_confidence: 0
    first_peak_bpm: 119
    first_peak_spread: 0.411764681339
    first_peak_weight: 0.555555582047
    onset_rate: 5.38330078125
    second_peak_bpm: 70
    second_peak_spread: 0
    second_peak_weight: 0.0555555559695
    beats_position: [0.138177275658, 0.643981814384, 1.14978635311, 1.65559101105, 2.16139554977, 2.6672000885, 3.17300486565, 3.67880940437, 4.18461418152, 4.69041872025, 5.19622325897, 6.04833555222, 6.54555034637, 7.0427646637, 7.53997945786, 8.03719329834, 8.53440856934, 9.03162288666, 9.52883720398]
    bpm_estimates: [118.243392944, 119.277824402, 118.758293152, 118.218429565, 119.800521851, 121.556770325]
    bpm_intervals: [0.505804538727, 0.505804538727, 0.505804657936, 0.505804538727, 0.505804538727, 0.505804777145, 0.505804538727, 0.505804777145, 0.505804538727, 0.505804538727, 0.852112293243, 0.497214794159, 0.497214317322, 0.497214794159, 0.497213840485, 0.497215270996, 0.497214317322, 0.497214317322]
    onset_times: [0.0696598663926, 0.626938760281, 1.03328800201, 1.16099774837, 1.33514738083, 1.52090704441, 1.68344676495, 1.78793644905, 1.83437645435, 2.02013611794, 2.35682535172, 2.3916554451, 2.42648530006, 2.57741498947, 2.67029476166, 2.82122445107, 2.9837641716, 3.14630389214, 3.21596360207, 3.32045340538, 3.50621318817, 3.65714287758, 3.83129262924, 4.00544214249, 4.17959165573, 4.34213161469, 4.55111122131, 4.67882108688, 4.88780021667, 5.15482997894, 5.25931978226, 5.35219955444, 5.50312948227, 5.54956912994, 5.70049905777, 5.86303853989, 6.025578022, 6.19972801208, 6.23455762863, 6.40870761871, 6.52480745316, 6.6989569664, 7.17496585846, 7.39555549622, 7.85995483398, 8.17342376709, 8.24308395386, 8.44045352936, 8.52172374725, 8.71909332275, 8.85841274261, 8.93968296051, 9.07900238037, 9.16027164459]
    rubato_start: []
    rubato_stop: []
    perceptual_tempo: "unknown"

sfx:
    inharmonicity:
        dmean: 0.0447498224676
        dmean2: 0.0827266648412
        dvar: 0.00460532540455
        dvar2: 0.0123325223103
        max: 0.441309899092
        mean: 0.0332756079733
        min: 4.78673064208e-06
        var: 0.00402645953
    oddtoevenharmonicenergyratio:
        dmean: 67.3055038452
        dmean2: 133.250869751
        dvar: 88015.234375
        dvar2: 261280.21875
        max: 2518.67089844
        mean: 34.7369995117
        min: 1.98054040084e-05
        var: 45431.046875
    pitch_after_max_to_before_max_energy_ratio: 2.96255016327
    pitch_centroid: 165.766815186
    pitch_max_to_total: 0.102325581014
    pitch_min_to_total: 0.897674441338
    tristimulus:
        dmean: [0.35529255867, 0.363940745592, 0.04296592623]
        dmean2: [0.6565528512, 0.670574247837, 0.0749568119645]
        dvar: [0.102473124862, 0.100484281778, 0.0103351445869]
        dvar2: [0.255236208439, 0.254618376493, 0.0266791712493]
        max: [0.989798486233, 0.998194158077, 0.773928761482]
        mean: [0.460280388594, 0.486317962408, 0.0448348782957]
        min: [0.000448491919087, 0, 0]
        var: [0.118595927954, 0.109866827726, 0.0130211496726]

tonal:
    chords_changes_rate: 0.0185185186565
    chords_number_rate: 0.00925925932825
    chords_strength:
        dmean: 0.00466687511653
        dmean2: 0.00501703424379
        dvar: 1.46829934238e-05
        dvar2: 2.04106963793e-05
        max: 0.507317364216
        mean: 0.46186709404
        min: 0.371953159571
        var: 0.000912065035664
    key_strength: 0.453296810389
    tuning_diatonic_strength: 0.375442415476
    tuning_equal_tempered_deviation: 0.0337228886783
    tuning_frequency: 442.03793335
    tuning_nontempered_energy_ratio: 0.610535025597
    hpcp:
        dmean: [0.182570382953, 0.170956745744, 0.15891328454, 0.225936815143, 0.143423140049, 0.0155574465171, 0.00213509891182, 0.00373743544333, 0.00593325356022, 0.00536236492917, 0.00394583400339, 0.0130473580211, 0.021055508405, 0.0224880352616, 0.0245744902641, 0.0160728711635, 0.0113880643621, 0.0180267617106, 0.0127948708832, 0.00696945143864, 0.0182920563966, 0.0300837736577, 0.0187625214458, 0.00546894362196, 0.00786920730025, 0.0108419237658, 0.112572789192, 0.223718389869, 0.138287454844, 0.013545198366, 0.00397128844634, 0.00263795466162, 0.0028759543784, 0.00420529255643, 0.0342686288059, 0.168585732579]
        dmean2: [0.309461921453, 0.261642158031, 0.256767332554, 0.363431632519, 0.216884329915, 0.0263769198209, 0.00360919442028, 0.00637774635106, 0.00999458599836, 0.00913295801729, 0.00713404407725, 0.0217516440898, 0.0352460518479, 0.0331099033356, 0.0371851809323, 0.0285077001899, 0.0173800140619, 0.0332654602826, 0.0218853224069, 0.011133339256, 0.031510990113, 0.0509034954011, 0.0319174155593, 0.00939283147454, 0.0134757431224, 0.018020991236, 0.169092386961, 0.346925973892, 0.20359647274, 0.0200613606721, 0.00711177848279, 0.00459362287074, 0.00516792433336, 0.00640235235915, 0.0569124929607, 0.262728691101]
        dvar: [0.0727265998721, 0.0228071119636, 0.0260583218187, 0.071135237813, 0.0245122630149, 0.000694243295584, 3.90283421439e-05, 0.000209701116546, 0.000444261328084, 0.000292761513265, 0.000233389058849, 0.00191600306425, 0.00401072110981, 0.00523420702666, 0.00683589186519, 0.00336979608983, 0.00152706296649, 0.00690160645172, 0.00387623091228, 0.00112028827425, 0.0016502662329, 0.00308969104663, 0.00111464189831, 7.48025122448e-05, 0.000195455693756, 0.000527284457348, 0.0159042738378, 0.0559189729393, 0.0189365074039, 0.00065461214399, 0.000143229437526, 4.59150614915e-05, 7.29049570509e-05, 0.000194545194972, 0.00407117279246, 0.0226011835039]
        dvar2: [0.164886042476, 0.0598416812718, 0.0589672215283, 0.122989274561, 0.0449267886579, 0.00179447093979, 8.66270711413e-05, 0.000598828715738, 0.00115771649871, 0.000766802113503, 0.0006427555345, 0.00536115095019, 0.0109985852614, 0.010960759595, 0.0152017101645, 0.00838032271713, 0.0036219949834, 0.0194679088891, 0.0101703535765, 0.00251193949953, 0.00448038149625, 0.00799528136849, 0.00296657136641, 0.000208607219975, 0.00052092660917, 0.00112348946277, 0.0351228304207, 0.11735022068, 0.0397092066705, 0.00125746103004, 0.000391911424231, 0.000125002479763, 0.000186120494618, 0.000359353871318, 0.0103327017277, 0.0582014098763]
        max: [1, 1, 1, 1, 0.987986683846, 0.166164383292, 0.0641543343663, 0.174398824573, 0.225302115083, 0.164382919669, 0.171124771237, 0.428347378969, 0.739218890667, 1, 1, 0.610814929008, 0.400703787804, 0.817676544189, 0.668210685253, 0.340568393469, 0.301815658808, 0.525496065617, 0.30717459321, 0.0689210146666, 0.111667208374, 0.224187806249, 0.73000484705, 1, 1, 0.254243016243, 0.116614304483, 0.0483321584761, 0.076011069119, 0.134788528085, 0.51103925705, 1]
        mean: [0.810472607613, 0.467468082905, 0.240086182952, 0.418471544981, 0.245868399739, 0.0165612138808, 0.00337275466882, 0.00426937220618, 0.00695070577785, 0.00738583831117, 0.00711873546243, 0.0164180658758, 0.0349561534822, 0.0528339296579, 0.0502183102071, 0.0247770696878, 0.0127900857478, 0.0153178870678, 0.0104226153344, 0.00616785092279, 0.017510868609, 0.0323332510889, 0.0201610308141, 0.00633184798062, 0.00955624226481, 0.0127024184912, 0.15294700861, 0.34546610713, 0.215669736266, 0.0182415824383, 0.00398506084457, 0.00309788598679, 0.00352371763438, 0.00520597212017, 0.0301523637027, 0.422712534666]
        min: [0.0164607129991, 0.0045556765981, 0.00124351622071, 0.00219103880227, 0.000870647781994, 7.78139838076e-06, 5.72253884457e-06, 8.03606963018e-06, 6.68095299261e-06, 7.28011173123e-06, 1.7259582819e-05, 0.000293664226774, 0.000452059932286, 0.000189627011423, 6.4660613134e-05, 3.82177931897e-05, 1.5002247892e-05, 4.20673131885e-06, 5.37545702173e-06, 1.08000403998e-05, 0.000394042435801, 0.000823246664368, 0.000557199062314, 0.00026998037356, 0.00016760257131, 2.25443272939e-05, 0.00312580820173, 0.00209415215068, 0.000797757296823, 2.57870669884e-05, 6.8498766268e-06, 9.85650331131e-06, 1.51970361912e-05, 1.10082155516e-05, 4.16129660152e-06, 0.00965256616473]
        var: [0.0955751091242, 0.0548491403461, 0.0459576435387, 0.149056792259, 0.0621632412076, 0.000779387832154, 8.07921460364e-05, 0.000226284450036, 0.000651920679957, 0.000597661652137, 0.000463787640911, 0.0025294420775, 0.0100502865389, 0.0283817984164, 0.0304922088981, 0.00752060487866, 0.0021205523517, 0.00521358288825, 0.00312600750476, 0.00109046045691, 0.0012512303656, 0.00294576934539, 0.00109257455915, 0.000107788247988, 0.000320755905705, 0.000761666859034, 0.0246297288686, 0.102006629109, 0.0470014624298, 0.00102303852327, 0.000106750390842, 6.05774366704e-05, 0.000104391903733, 0.000307226378936, 0.00412625307217, 0.0439322441816]
    chords_histogram: [80.092590332, 19.9074077606, 0, 0, 0, 0, 0, 0, 0, 0, 0, 0, 0, 0, 0, 0, 0, 0, 0, 0, 0, 0, 0, 0]
    thpcp: [1, 0.576784551144, 0.296229869127, 0.516330301762, 0.303364217281, 0.0204340200871, 0.00416146637872, 0.00526775652543, 0.00857611466199, 0.00911300163716, 0.00878343731165, 0.0202573984861, 0.0431305803359, 0.0651890411973, 0.0619617626071, 0.0305711384863, 0.0157810207456, 0.0188999436796, 0.0128599228337, 0.00761019065976, 0.0216057505459, 0.0398943163455, 0.0248756483197, 0.00781253818423, 0.0117909507826, 0.0156728532165, 0.188713356853, 0.426252663136, 0.266103684902, 0.022507339716, 0.0049169594422, 0.00382232037373, 0.00434773182496, 0.00642337836325, 0.0372034348547, 0.521562993526]
    chords_key: "D"
    chords_scale: "major"
    key_key: "D"
    key_scale: "major"
    chords_progression: ["D", "D", "D", "D", "D", "D", "D", "D", "D", "D", "D", "D", "D", "D", "D", "D", "D", "D", "D", "D", "D", "D", "D", "D", "D", "D", "D", "D", "D", "D", "D", "D", "D", "D", "D", "D", "D", "D", "D", "D", "D", "D", "D", "D", "D", "D", "D", "D", "D", "D", "D", "F#m", "D", "D", "D", "D", "D", "D", "D", "D", "D", "D", "D", "D", "D", "D", "D", "D", "D", "D", "D", "D", "D", "D", "D", "D", "D", "D", "D", "D", "D", "D", "D", "D", "D", "D", "D", "D", "D", "D", "D", "D", "D", "D", "D", "D", "D", "D", "D", "D", "D", "D", "D", "D", "D", "D", "D", "D", "D", "D", "D", "D", "D", "D", "D", "D", "D", "D", "D", "D", "D", "D", "D", "D", "D", "D", "D", "D", "D", "D", "D", "D", "D", "D", "D", "D", "D", "D", "D", "D", "D", "D", "F#m", "F#m", "F#m", "F#m", "F#m", "F#m", "F#m", "F#m", "F#m", "F#m", "F#m", "F#m", "F#m", "F#m", "F#m", "F#m", "F#m", "F#m", "F#m", "F#m", "F#m", "F#m", "F#m", "F#m", "F#m", "F#m", "F#m", "F#m", "F#m", "F#m", "F#m", "F#m", "F#m", "F#m", "F#m", "F#m", "F#m", "F#m", "F#m", "F#m", "F#m", "F#m", "D", "D", "D", "D", "D", "D", "D", "D", "D", "D", "D", "D", "D", "D", "D", "D", "D", "D", "D", "D", "D", "D", "D", "D", "D", "D", "D", "D", "D", "D", "D", "D"]
