
metadata:
    version:
        essentia: "1.2.2"
    audio_properties:
        analysis_sample_rate: 44100
        bitrate: 128
        channels: 2
        equal_loudness: 1
        length: 10.0048980713
        replay_gain: -12.3702392578
        downmix: "mix"
    tags:
        track: 13
        year: 0
        album: "Splitted by Mp3Splt v. 2.1"
        artist: "From 002.00 To 002.10"
        comment: "http://mp3splt.sf.net"
        genre: ""
        title: "04 No Mind.mp3"

highlevel:
    ballroom:
        all:
            ChaChaCha: 0.052963450551
            Jive: 0.00821144133806
            Quickstep: 0.0361813306808
            Rumba-American: 0.00808790978044
            Rumba-International: 0.0265007931739
            Rumba-Misc: 0.0858138129115
            Samba: 0.0108063006774
            Tango: 0.523697912693
            VienneseWaltz: 0.0185741055757
            Waltz: 0.229162931442
        probability: 0.523697912693
        value: "Tango"
    culture:
        all:
            non_western: 0.96179831028
            western: 0.0382016971707
        probability: 0.96179831028
        value: "non_western"
    gender:
        all:
            female: 0.650850594044
            male: 0.349149405956
        probability: 0.650850594044
        value: "female"
    genre_dortmund:
        all:
            alternative: 0.054763328284
            blues: 0.0287950132042
            electronic: 0.477539896965
            folkcountry: 0.0997189879417
            funksoulrnb: 0.0125654535368
            jazz: 0.131964877248
            pop: 0.0749848112464
            raphiphop: 0.0134865455329
            rock: 0.10618108511
        probability: 0.477539896965
        value: "electronic"
    genre_electronica:
        all:
            ambient: 0.952077686787
            dnb: 0.00444043520838
            house: 0.027300061658
            techno: 0.0100228050724
            trance: 0.00615900801495
        probability: 0.952077686787
        value: "ambient"
    genre_rosamerica:
        all:
            cla: 0.268037468195
            dan: 0.0124010657892
            hip: 0.0066450163722
            jaz: 0.555255770683
            pop: 0.0476878657937
            rhy: 0.0690311491489
            roc: 0.0266584586352
            spe: 0.0142832156271
        probability: 0.555255770683
        value: "jaz"
    genre_tzanetakis:
        all:
            blu: 0.0274207461625
            cla: 0.278698205948
            cou: 0.0651495233178
            dis: 0.0294442567974
            hip: 0.0132079105824
            jaz: 0.0799981951714
            met: 0.00895012170076
            pop: 0.117049142718
            reg: 0.337418377399
            roc: 0.0426635034382
        probability: 0.337418377399
        value: "reg"
    live_studio:
        all:
            live: 0.24623529613
            studio: 0.753764688969
        probability: 0.753764688969
        value: "studio"
    mood:
        all:
            Cluster1: 0.352618306875
            Cluster2: 0.218447238207
            Cluster3: 0.146868959069
            Cluster4: 0.204639673233
            Cluster5: 0.0774258375168
        probability: 0.352618306875
        value: "Cluster1"
    mood_acoustic:
        all:
            acoustic: 0.606527328491
            not_acoustic: 0.393472671509
        probability: 0.606527328491
        value: "acoustic"
    mood_aggressive:
        all:
            aggressive: 3.61531124327e-06
            not_aggressive: 0.999996364117
        probability: 0.999996364117
        value: "not_aggressive"
    mood_electronic:
        all:
            electronic: 0.448600500822
            not_electronic: 0.551399469376
        probability: 0.551399469376
        value: "not_electronic"
    mood_happy:
        all:
            happy: 0.0705744177103
            not_happy: 0.929425597191
        probability: 0.929425597191
        value: "not_happy"
    mood_party:
        all:
            not_party: 0.93252068758
            party: 0.0674792900681
        probability: 0.93252068758
        value: "not_party"
    mood_relaxed:
        all:
            not_relaxed: 0.210451498628
            relaxed: 0.789548516273
        probability: 0.789548516273
        value: "relaxed"
    mood_sad:
        all:
            not_sad: 0.122810840607
            sad: 0.877189159393
        probability: 0.877189159393
        value: "sad"
    rhythm:
        all:
            fast: 0.447944104671
            medium: 0.171587064862
            slow: 0.380468815565
        probability: 0.447944104671
        value: "fast"
    speech_music:
        all:
            music: 0.19171589613
            speech: 0.80828410387
        probability: 0.80828410387
        value: "speech"
    timbre:
        all:
            bright: 0.588188827038
            dark: 0.411811172962
        probability: 0.588188827038
        value: "bright"
    voice_instrumental:
        all:
            instrumental: 0.63024687767
            voice: 0.36975312233
        probability: 0.63024687767
        value: "instrumental"

lowlevel:
    average_loudness: 0.0196321941912
    barkbands_kurtosis:
        dmean: 6.129114151
        dmean2: 8.5497674942
        dvar: 169.555023193
        dvar2: 244.019927979
        max: 222.016357422
        mean: 10.6900005341
        min: -1.53869521618
        var: 527.394104004
    barkbands_skewness:
        dmean: 0.73496723175
        dmean2: 1.00157356262
        dvar: 0.874295413494
        dvar2: 1.21241748333
        max: 13.8948583603
        mean: 1.85685133934
        min: -1.2950387001
        var: 5.08145570755
    barkbands_spread:
        dmean: 2.14219856262
        dmean2: 3.18264961243
        dvar: 7.12760019302
        dvar2: 16.2784786224
        max: 37.0136756897
        mean: 8.51169681549
        min: 0.306639581919
        var: 71.5221099854
    dissonance:
        dmean: 0.0551415532827
        dmean2: 0.0908288732171
        dvar: 0.00350623717532
        dvar2: 0.00968911126256
        max: 0.500000059605
        mean: 0.375741422176
        min: 0.124431930482
        var: 0.00836107693613
    hfc:
        dmean: 0.640955746174
        dmean2: 0.944888055325
        dvar: 4.51212310791
        dvar2: 8.71426296234
        max: 41.1925468445
        mean: 2.54656624794
        min: 0.000841437897179
        var: 53.6984291077
    pitch:
        dmean: 288.850982666
        dmean2: 554.738525391
        dvar: 565510.6875
        dvar2: 1747334.625
        max: 4410
        mean: 461.984313965
        min: 98.6577148438
        var: 497243.5625
    pitch_instantaneous_confidence:
        dmean: 0.105117544532
        dmean2: 0.166700094938
        dvar: 0.0134452069178
        dvar2: 0.0282977018505
        max: 0.966781198978
        mean: 0.669907152653
        min: 0.156772553921
        var: 0.0609961040318
    pitch_salience:
        dmean: 0.0787288472056
        dmean2: 0.116807833314
        dvar: 0.00752998888493
        dvar2: 0.0123399300501
        max: 0.815085172653
        mean: 0.540481030941
        min: 0.0917267277837
        var: 0.0287122223526
    silence_rate_20dB:
        dmean: 0
        dmean2: 0
        dvar: 0
        dvar2: 0
        max: 1
        mean: 1
        min: 1
        var: 0
    silence_rate_30dB:
        dmean: 0
        dmean2: 0
        dvar: 0
        dvar2: 0
        max: 1
        mean: 1
        min: 1
        var: 0
    silence_rate_60dB:
        dmean: 0.00941176433116
        dmean2: 0.0188679248095
        dvar: 0.00932328496128
        dvar2: 0.0185121074319
        max: 1
        mean: 0.91549295187
        min: 0
        var: 0.0773652940989
    spectral_centroid:
        dmean: 121.484222412
        dmean2: 184.943832397
        dvar: 31669.796875
        dvar2: 76545.328125
        max: 3117.01074219
        mean: 987.89239502
        min: 235.220428467
        var: 505520.8125
    spectral_complexity:
        dmean: 0.928229689598
        dmean2: 1.39088726044
        dvar: 6.63596868515
        dvar2: 9.43235683441
        max: 47
        mean: 3.816229105
        min: 0
        var: 87.7910385132
    spectral_crest:
        dmean: 2.86190462112
        dmean2: 4.25435161591
        dvar: 8.46116542816
        dvar2: 17.0366783142
        max: 26.6891765594
        mean: 13.8998308182
        min: 3.14658617973
        var: 41.8159866333
    spectral_decrease:
        dmean: 7.55337944969e-11
        dmean2: 1.14367515458e-10
        dvar: 4.01491400413e-20
        dvar2: 7.91175573064e-20
        max: -5.32266342546e-13
        mean: -2.43693676349e-10
        min: -4.29302060567e-09
        var: 3.24114386212e-19
    spectral_energy:
        dmean: 0.000333363917889
        dmean2: 0.000491120794322
        dvar: 7.66333982938e-07
        dvar2: 1.34396418616e-06
        max: 0.0192153807729
        mean: 0.00115073740017
        min: 2.08521578315e-06
        var: 7.83042833064e-06
    spectral_energyband_high:
        dmean: 6.62544407533e-05
        dmean2: 0.000104160339106
        dvar: 7.78611521923e-08
        dvar2: 1.83619491168e-07
        max: 0.00488209910691
        mean: 0.000221426395001
        min: 1.05697262054e-09
        var: 5.56336601676e-07
    spectral_energyband_low:
        dmean: 6.43098519504e-06
        dmean2: 8.70074836712e-06
        dvar: 1.68886593599e-09
        dvar2: 2.9859172912e-09
        max: 0.000798707886133
        mean: 1.8252112568e-05
        min: 2.46223902378e-10
        var: 8.22858226002e-09
    spectral_energyband_middle_high:
        dmean: 0.000175984765519
        dmean2: 0.000257716543274
        dvar: 2.99447265206e-07
        dvar2: 6.09379469552e-07
        max: 0.00862214993685
        mean: 0.000563542358577
        min: 6.02983902809e-08
        var: 2.28913791034e-06
    spectral_energyband_middle_low:
        dmean: 0.000189183178009
        dmean2: 0.000297938735457
        dvar: 2.74417288892e-07
        dvar2: 7.73727379055e-07
        max: 0.00838407780975
        mean: 0.000347516353941
        min: 1.17458625937e-06
        var: 4.7247266366e-07
    spectral_flatness_db:
        dmean: 0.0281044896692
        dmean2: 0.0404482260346
        dvar: 0.000912913645152
        dvar2: 0.00150063738693
        max: 0.528307139874
        mean: 0.311063051224
        min: 0.0892585143447
        var: 0.0111089125276
    spectral_flux:
        dmean: 0.00513471709564
        dmean2: 0.00765447691083
        dvar: 5.7109638874e-05
        dvar2: 0.000121441393276
        max: 0.100495010614
        mean: 0.0129615664482
        min: 0.000250271288678
        var: 0.000320927210851
    spectral_kurtosis:
        dmean: 11.5984153748
        dmean2: 19.45885849
        dvar: 200.767181396
        dvar2: 578.285400391
        max: 140.745452881
        mean: 33.765422821
        min: 0.544241189957
        var: 793.453063965
    spectral_rms:
        dmean: 0.000138059447636
        dmean2: 0.000192285064259
        dvar: 5.20364515921e-08
        dvar2: 8.11414366808e-08
        max: 0.00432974752039
        mean: 0.000680036842823
        min: 4.51038467872e-05
        var: 6.60221587623e-07
    spectral_rolloff:
        dmean: 200.546905518
        dmean2: 309.933441162
        dvar: 96673.7421875
        dvar2: 212853.421875
        max: 4737.3046875
        mean: 1438.921875
        min: 236.865234375
        var: 1583327.5
    spectral_skewness:
        dmean: 0.772625565529
        dmean2: 1.32145822048
        dvar: 0.665316700935
        dvar2: 1.98077726364
        max: 8.9611787796
        mean: 4.01303195953
        min: 0.666181564331
        var: 4.24767398834
    spectral_spread:
        dmean: 443639.25
        dmean2: 729927.75
        dvar: 707470819328
        dvar2: 902133841920
        max: 17525920
        mean: 2486007.75
        min: 602350.625
        var: 2.23699979469e+12
    spectral_strongpeak:
        dmean: 0.235201090574
        dmean2: 0.372141361237
        dvar: 0.396364748478
        dvar2: 0.893038094044
        max: 7.11164569855
        mean: 0.411810964346
        min: 0.00353305065073
        var: 0.828091561794
    zerocrossingrate:
        dmean: 0.00525544816628
        dmean2: 0.0058359564282
        dvar: 3.15736651828e-05
        dvar2: 4.34144967585e-05
        max: 0.1669921875
        mean: 0.0506064482033
        min: 0.009765625
        var: 0.00149692641571
    barkbands:
        dmean: [3.52063693754e-08, 5.99881559538e-06, 1.09300788154e-06, 1.68043527538e-06, 1.89192141988e-05, 2.98185896099e-05, 6.24654639978e-05, 6.94899936207e-05, 5.37612140761e-05, 4.18886302214e-05, 2.72664692602e-05, 1.41077853186e-05, 1.11543304229e-05, 4.81289716845e-05, 1.38767318276e-05, 3.29924550897e-05, 4.33242494182e-05, 1.64910798048e-05, 4.66364981548e-05, 6.41607257421e-05, 2.71193821391e-05, 1.0807291801e-05, 5.64126594327e-06, 1.46879597196e-06, 4.45066490329e-07, 7.1489886011e-08, 4.08442196731e-10]
        dmean2: [5.93247939662e-08, 7.82541428634e-06, 1.95100051315e-06, 2.72839520221e-06, 3.46692904714e-05, 5.19564418937e-05, 0.000103472826595, 0.000108269239718, 9.27700893953e-05, 7.01629396644e-05, 4.59898001282e-05, 2.45308274316e-05, 1.85587432497e-05, 8.37430707179e-05, 2.29644665524e-05, 5.64572765143e-05, 6.51091468171e-05, 2.57312822214e-05, 7.50603721826e-05, 0.000112417656055, 3.47807799699e-05, 1.73465905391e-05, 1.03703996501e-05, 2.63149831881e-06, 7.95292237399e-07, 1.17692401602e-07, 7.46498696191e-10]
        dvar: [4.45112764464e-14, 1.36444666676e-09, 4.87928135395e-11, 8.57344403804e-11, 1.85699775557e-08, 5.19814946642e-08, 3.77635984705e-08, 2.90749913034e-08, 2.12088426821e-08, 9.26124510414e-09, 1.2819215911e-08, 2.03334504789e-09, 1.42458511654e-09, 3.93955552624e-08, 1.96002725161e-09, 1.30704593815e-08, 3.33029959165e-08, 3.32451399743e-09, 2.99097351331e-08, 7.69537393808e-08, 1.44056286899e-08, 1.77080472508e-09, 8.13210110362e-10, 1.66108127253e-10, 9.0591917648e-12, 3.49131476767e-13, 9.72596979006e-18]
        dvar2: [1.14255962547e-13, 2.18994333778e-09, 1.60523719317e-10, 2.09804479345e-10, 6.11490591496e-08, 1.56743865887e-07, 9.63303037338e-08, 6.3441916609e-08, 5.56904211635e-08, 2.21377458587e-08, 3.67236125953e-08, 6.64158950059e-09, 4.0932066625e-09, 1.13740270535e-07, 5.48901324393e-09, 3.8127002e-08, 8.01265898076e-08, 7.38323802096e-09, 8.96288767649e-08, 1.9332819079e-07, 3.14243315813e-08, 4.75656181109e-09, 2.44294784402e-09, 4.8821097165e-10, 2.17362967903e-11, 9.1338113288e-13, 2.74871356545e-17]
        max: [3.25466180584e-06, 0.0007437170716, 9.68760432443e-05, 0.000164664772456, 0.00196282751858, 0.00362728093751, 0.00231181550771, 0.00151833635755, 0.00149762490764, 0.000975993170869, 0.00166455295403, 0.000584021152463, 0.000422932294896, 0.0020271546673, 0.000514983199537, 0.00118614791427, 0.00242288550362, 0.000702131655999, 0.0025756766554, 0.00462741265073, 0.00173273519613, 0.00055734050693, 0.000378141179681, 0.000193817075342, 3.87364598282e-05, 6.51141863273e-06, 3.89536403134e-08]
        mean: [3.9990133871e-08, 1.70272833202e-05, 1.18572711472e-06, 2.01440775527e-06, 2.14048341149e-05, 2.51225264947e-05, 0.000103374826722, 0.000114439200843, 6.92043904564e-05, 6.25359389232e-05, 3.19073660648e-05, 2.1766862119e-05, 2.15593991015e-05, 7.01433382346e-05, 2.42141031777e-05, 6.07782749285e-05, 7.20324096619e-05, 3.2769592508e-05, 9.95143564069e-05, 0.000202207957045, 6.56967822579e-05, 2.33602459048e-05, 6.23198002359e-06, 1.58334080425e-06, 5.73345573684e-07, 4.95137157941e-08, 2.82880358027e-10]
        min: [8.34861314195e-13, 6.40990940881e-11, 2.67800712161e-11, 1.18800705384e-10, 1.24302763638e-08, 6.43110620313e-10, 2.11058299726e-08, 9.45028411081e-09, 2.33981491959e-08, 8.73760708231e-09, 1.93762850209e-09, 3.2380444992e-09, 1.08783537733e-09, 5.58224799718e-10, 8.18612622133e-10, 4.18739126706e-10, 2.72491917919e-10, 4.15388667907e-10, 6.96902979769e-10, 3.60236784847e-10, 8.69409821913e-11, 1.69889269319e-10, 7.01925739754e-11, 4.64065522121e-11, 4.59953533594e-11, 3.23855460678e-12, 2.55049053132e-15]
        var: [4.52278459909e-14, 7.17263182182e-09, 5.04950421754e-11, 1.54781895634e-10, 1.20401546511e-08, 3.78981539484e-08, 7.89331835449e-08, 5.96125175889e-08, 3.04150802322e-08, 1.74031136169e-08, 1.42998333175e-08, 3.58089535801e-09, 4.14264000881e-09, 6.03054104431e-08, 4.84675499735e-09, 3.13764196846e-08, 5.97671530045e-08, 1.01154746801e-08, 9.34768067395e-08, 5.23223377513e-07, 4.80902997424e-08, 6.09117467576e-09, 7.70711605647e-10, 1.0125670441e-10, 9.01599888498e-12, 2.07558335753e-13, 6.17050101749e-18]
    mfcc:
        mean: [-1005.13964844, 165.588180542, -89.2421722412, -12.8015623093, -46.7971496582, -32.9187660217, -23.0648193359, -19.0303821564, -7.48955869675, -4.8072013855, -6.52564239502, -9.56873321533, -7.08765125275]
        cov: [[25948.609375, -8846.5546875, -534.467529297, 2617.234375, 92.5216445923, 1478.99108887, 611.705810547, 905.156982422, 1247.80871582, 1420.91748047, 1050.83361816, 1367.95959473, 1057.84570312], [-8846.5546875, 3840.31274414, -21.4595565796, -1097.41381836, -101.617858887, -646.274230957, -153.921707153, -341.912109375, -416.177734375, -403.106262207, -311.734893799, -461.219573975, -354.475463867], [-534.467529297, -21.4595565796, 983.276306152, 298.335205078, 191.789245605, 295.230255127, 25.5299377441, -12.5670957565, -136.836700439, -259.71862793, -202.40713501, -95.4374313354, -72.6840667725], [2617.234375, -1097.41381836, 298.335205078, 705.276245117, 147.289077759, 251.441680908, -6.05559635162, 20.0349617004, -11.5584220886, 10.9623327255, 38.1527519226, 166.650848389, 152.957748413], [92.5216445923, -101.617858887, 191.789245605, 147.289077759, 181.395843506, 112.557014465, 11.2552051544, -18.4216766357, -41.1015129089, -58.8753356934, -58.6044235229, -35.3021774292, -23.760225296], [1478.99108887, -646.274230957, 295.230255127, 251.441680908, 112.557014465, 397.739074707, 136.898178101, 108.761444092, 62.3056716919, -17.3940315247, -63.9305992126, -34.825252533, 4.65582847595], [611.705810547, -153.921707153, 25.5299377441, -6.05559635162, 11.2552051544, 136.898178101, 217.337493896, 106.730644226, 72.4854202271, 26.1797580719, -38.3850021362, -57.4735984802, -32.0865058899], [905.156982422, -341.912109375, -12.5670957565, 20.0349617004, -18.4216766357, 108.761444092, 106.730644226, 166.693069458, 122.629142761, 67.2232284546, 4.16928720474, -8.03943252563, -6.30584812164], [1247.80871582, -416.177734375, -136.836700439, -11.5584220886, -41.1015129089, 62.3056716919, 72.4854202271, 122.629142761, 233.464752197, 175.124801636, 87.9350509644, 19.7440776825, -6.33662223816], [1420.91748047, -403.106262207, -259.71862793, 10.9623327255, -58.8753356934, -17.3940315247, 26.1797580719, 67.2232284546, 175.124801636, 276.971008301, 177.448120117, 95.032333374, 43.9090156555], [1050.83361816, -311.734893799, -202.40713501, 38.1527519226, -58.6044235229, -63.9305992126, -38.3850021362, 4.16928720474, 87.9350509644, 177.448120117, 211.622848511, 149.634765625, 86.612663269], [1367.95959473, -461.219573975, -95.4374313354, 166.650848389, -35.3021774292, -34.825252533, -57.4735984802, -8.03943252563, 19.7440776825, 95.032333374, 149.634765625, 246.342056274, 164.192581177], [1057.84570312, -354.475463867, -72.6840667725, 152.957748413, -23.760225296, 4.65582847595, -32.0865058899, -6.30584812164, -6.33662223816, 43.9090156555, 86.612663269, 164.192581177, 196.756561279]]
        icov: [[0.000314537726808, 0.00040583522059, 0.000151165906573, -0.000360248232028, 7.68280442571e-05, -0.000271638768027, -0.000483168842038, 6.54310642858e-05, -0.000319159036735, -0.000475463399198, 8.92792377272e-05, -0.000560738553759, -0.000160568670253], [0.00040583522059, 0.00164465850685, -0.000225155075896, 0.000800661218818, -5.15319043188e-05, 0.000880052393768, -0.000943624181673, 0.000919891521335, 0.000562205153983, -0.000629747693893, 0.000269539275905, 0.000409592932556, -0.000377800490241], [0.000151165906573, -0.000225155075896, 0.00239234161563, -0.00122076424304, -0.00027841469273, -0.00185453542508, 0.000253045145655, -0.000289010931738, -0.000281061511487, 0.00134850130416, 0.000156057561981, -0.00121349899564, 0.0012906457996], [-0.000360248232028, 0.000800661218818, -0.00122076424304, 0.00514277350157, -0.00202186196111, 0.000176944886334, 0.000829932629131, 0.000706871564034, 0.00186557183042, -0.00029958851519, 0.000491043669172, -3.02993782952e-07, -0.00124893838074], [7.68280442571e-05, -5.15319043188e-05, -0.00027841469273, -0.00202186196111, 0.00931935664266, -0.00197205645964, -9.71525296336e-05, 0.00202861777507, 0.000408010033425, -0.000477815308841, 0.00086114264559, 0.00041143305134, 0.00158163078595], [-0.000271638768027, 0.000880052393768, -0.00185453542508, 0.000176944886334, -0.00197205645964, 0.00826944690198, -0.00229562167078, -0.000945850042626, -0.000257883802988, 0.000490381498821, 0.000414903683122, 0.00336784846149, -0.00172604050022], [-0.000483168842038, -0.000943624181673, 0.000253045145655, 0.000829932629131, -9.71525296336e-05, -0.00229562167078, 0.00914198346436, -0.00416455091909, 0.000861352600623, -0.000434659887105, 0.00101384345908, 0.00145314983092, 0.000211746824789], [6.54310642858e-05, 0.000919891521335, -0.000289010931738, 0.000706871564034, 0.00202861777507, -0.000945850042626, -0.00416455091909, 0.015208195895, -0.00590005097911, -0.000131136592245, 0.00300351832993, -0.000777834560722, -0.000108979991637], [-0.000319159036735, 0.000562205153983, -0.000281061511487, 0.00186557183042, 0.000408010033425, -0.000257883802988, 0.000861352600623, -0.00590005097911, 0.0147261805832, -0.00601811334491, -0.00124962942209, 0.00229710293934, 0.00163188867737], [-0.000475463399198, -0.000629747693893, 0.00134850130416, -0.00029958851519, -0.000477815308841, 0.000490381498821, -0.000434659887105, -0.000131136592245, -0.00601811334491, 0.0154635580257, -0.00922311004251, 0.00131890992634, 0.00132308050524], [8.92792377272e-05, 0.000269539275905, 0.000156057561981, 0.000491043669172, 0.00086114264559, 0.000414903683122, 0.00101384345908, 0.00300351832993, -0.00124962942209, -0.00922311004251, 0.0187930390239, -0.00756976241246, 9.95031077764e-05], [-0.000560738553759, 0.000409592932556, -0.00121349899564, -3.02993782952e-07, 0.00041143305134, 0.00336784846149, 0.00145314983092, -0.000777834560722, 0.00229710293934, 0.00131890992634, -0.00756976241246, 0.0176344234496, -0.00811730697751], [-0.000160568670253, -0.000377800490241, 0.0012906457996, -0.00124893838074, 0.00158163078595, -0.00172604050022, 0.000211746824789, -0.000108979991637, 0.00163188867737, 0.00132308050524, 9.95031077764e-05, -0.00811730697751, 0.0134629914537]]
    spectral_contrast:
        mean: [1.39800633292e-07, 2.32337200146e-07, -1.95946711301e-07, -1.7325712065e-07, -3.63460316066e-07, -3.82309025326e-07, 4.88850537295e-06, -1.60050558407e-06, -3.24624807035e-07, 3.43743818121e-06, -1.53122766733e-06, 3.23444101014e-06]
        var: [0.000421730917878, 0.000504948780872, 0.00110477895942, 0.00363983819261, 0.00604166323319, 0.0137839093804, 0.0601495802402, 0.123044058681, 0.217443719506, 0.294053852558, 0.734977841377, 14.7939157486]

rhythm:
    beats_loudness:
        dmean: 0.00124931591563
        dmean2: 0.00199794396758
        dvar: 5.03330420543e-06
        dvar2: 1.06764728116e-05
        max: 0.0145890628919
        mean: 0.00155860453378
        min: 2.31423309742e-05
        var: 1.17252975542e-05
    beats_loudness_bass:
        dmean: 0.00260093412362
        dmean2: 0.00253238785081
        dvar: 0.000101033940155
        dvar2: 7.71656123106e-05
        max: 0.0566156208515
        mean: 0.00278465705924
        min: 1.69508552972e-06
        var: 0.000128078681882
    bpm: 148.585754395
    bpm_confidence: 0
    first_peak_bpm: 150
    first_peak_spread: 0.363636374474
    first_peak_weight: 0.608695626259
    onset_rate: 2.49877595901
    second_peak_bpm: 101
    second_peak_spread: 0
    second_peak_weight: 0.0434782616794
    beats_position: [0.0807451680303, 0.481954008341, 0.883162915707, 1.28437173367, 1.68558073044, 2.086789608, 2.48799848557, 2.88920736313, 3.29041624069, 3.69162511826, 4.09283399582, 4.49404287338, 4.89525175095, 5.29646062851, 5.69766950607, 6.29186058044, 6.69670820236, 7.10155677795, 7.50640439987, 7.91125249863, 8.31610107422, 8.7209482193, 9.12579631805, 9.53064441681]
    bpm_estimates: [148.061431885, 149.581497192, 151.030715942, 149.653579712, 148.994689941, 144.314575195, 148.244842529, 149.228729248, 148.082229614, 149.356826782, 147.894195557]
    bpm_intervals: [0.401208847761, 0.401208907366, 0.401208817959, 0.401208996773, 0.401208877563, 0.401208877563, 0.401208877563, 0.401208877563, 0.401208877563, 0.401208877563, 0.401208877563, 0.401208877563, 0.401208877563, 0.401208877563, 0.594191074371, 0.404847621918, 0.404848575592, 0.404847621918, 0.404848098755, 0.404848575592, 0.404847145081, 0.404848098755, 0.404848098755]
    onset_times: [0.0348299331963, 0.208979591727, 0.49922901392, 0.754648506641, 1.16099774837, 1.5673469305, 1.96208620071, 2.24072551727, 2.34521532059, 2.49614500999, 2.75156474113, 3.20435380936, 4.40018129349, 4.8994102478, 5.08517026901, 5.49151945114, 5.89786863327, 6.29260778427, 7.11691617966, 7.26784563065, 7.34911584854, 7.4884352684, 8.34757328033, 8.75392246246, 9.81043052673]
    rubato_start: []
    rubato_stop: []
    perceptual_tempo: "unknown"

sfx:
    inharmonicity:
        dmean: 0.0505738966167
        dmean2: 0.091376952827
        dvar: 0.00571524864063
        dvar2: 0.0165946092457
        max: 0.439642220736
        mean: 0.0464159883559
        min: 7.7352643757e-07
        var: 0.00523472344503
    oddtoevenharmonicenergyratio:
        dmean: 43.565826416
        dmean2: 79.342376709
        dvar: 26919.4394531
        dvar2: 78355.453125
        max: 1917.01525879
        mean: 32.2127952576
        min: 6.54583664073e-06
        var: 16118.0976562
    pitch_after_max_to_before_max_energy_ratio: 3.11503434181
    pitch_centroid: 142.563796997
    pitch_max_to_total: 0.0286396183074
    pitch_min_to_total: 0.121718376875
    tristimulus:
        dmean: [0.203087240458, 0.230429217219, 0.0554208829999]
        dmean2: [0.368512898684, 0.418910771608, 0.0973935648799]
        dvar: [0.0718304738402, 0.0778499245644, 0.00956721976399]
        dvar2: [0.179032251239, 0.193979769945, 0.0262439120561]
        max: [0.995527505875, 0.992668092251, 0.583208441734]
        mean: [0.291725635529, 0.631589114666, 0.0626117289066]
        min: [0.000477291789139, 0, 0]
        var: [0.0962362289429, 0.100602179766, 0.0119005488232]

tonal:
    chords_changes_rate: 0.00469483574852
    chords_number_rate: 0.00938967149705
    chords_strength:
        dmean: 0.00817538611591
        dmean2: 0.00893622078001
        dvar: 6.29203568678e-05
        dvar2: 8.41241198941e-05
        max: 0.609771370888
        mean: 0.525946736336
        min: 0.330110341311
        var: 0.00415350450203
    key_strength: 0.7517131567
    tuning_diatonic_strength: 0.647526204586
    tuning_equal_tempered_deviation: 0.234801009297
    tuning_frequency: 447.949737549
    tuning_nontempered_energy_ratio: 0.958030343056
    hpcp:
        dmean: [0.24560084939, 0.118825778365, 0.0566814243793, 0.0503588095307, 0.075904712081, 0.101347304881, 0.0800547599792, 0.0570264570415, 0.0365701206028, 0.0523626953363, 0.0719472467899, 0.0593110062182, 0.0617562048137, 0.136929094791, 0.235662102699, 0.219874471426, 0.118351362646, 0.0759096071124, 0.0436769463122, 0.0795617997646, 0.158503547311, 0.144585683942, 0.0565516911447, 0.0415794141591, 0.0557903572917, 0.0534833855927, 0.0492221862078, 0.0535891726613, 0.0931290760636, 0.128641009331, 0.140547379851, 0.0759538263083, 0.0446731895208, 0.0696389302611, 0.162642017007, 0.232833430171]
        dmean2: [0.396754354239, 0.206751659513, 0.0980010852218, 0.0888622254133, 0.125704780221, 0.174600452185, 0.125949546695, 0.0924378633499, 0.0632517635822, 0.0871156230569, 0.118800617754, 0.0911642685533, 0.106895163655, 0.238565966487, 0.383735209703, 0.348471403122, 0.215410798788, 0.134442716837, 0.0747024938464, 0.1423240453, 0.262743860483, 0.223198756576, 0.0993643701077, 0.0716721713543, 0.0954911187291, 0.0899393260479, 0.0796777531505, 0.0885693281889, 0.14788852632, 0.214486882091, 0.243092358112, 0.132567241788, 0.077052436769, 0.128737702966, 0.289716362953, 0.376499205828]
        dvar: [0.0589846111834, 0.01817859523, 0.00726670073345, 0.0107987886295, 0.0194435864687, 0.0344129130244, 0.0171689242125, 0.00817791372538, 0.0035047668498, 0.00946849584579, 0.0165340378881, 0.00857062358409, 0.00976627599448, 0.0335005670786, 0.0848098546267, 0.0709494873881, 0.0230665709823, 0.0202123019844, 0.00562099786475, 0.0154563095421, 0.0512723065913, 0.0390806235373, 0.00593414902687, 0.00362319918349, 0.0124220578, 0.0169633086771, 0.00747092533857, 0.00737160490826, 0.0298818871379, 0.051322452724, 0.0585342906415, 0.0229420997202, 0.00834065768868, 0.0190964192152, 0.0379239693284, 0.073337957263]
        dvar2: [0.102692678571, 0.051164265722, 0.0190165266395, 0.0306029636413, 0.0472282581031, 0.087536290288, 0.0392528139055, 0.0189071558416, 0.00886871200055, 0.0235591176897, 0.0336454547942, 0.0194255430251, 0.0248710848391, 0.092030711472, 0.133722916245, 0.101769536734, 0.0610917694867, 0.056112524122, 0.0155470333993, 0.0425251796842, 0.0997912660241, 0.068747729063, 0.0150551805273, 0.00939124356955, 0.0290080271661, 0.0419483482838, 0.0175691787153, 0.0167076177895, 0.0709538906813, 0.0912276953459, 0.152808606625, 0.0627874210477, 0.0228251274675, 0.0524727515876, 0.101036027074, 0.108686693013]
        max: [1, 0.904278337955, 0.777258455753, 0.98275244236, 1, 1, 1, 0.793550729752, 0.602849006653, 1, 1, 0.695564329624, 0.64607834816, 1, 1, 1, 1, 0.987102627754, 0.648401796818, 0.721011281013, 1, 1, 0.551664173603, 0.510886669159, 0.980166077614, 1, 0.840140759945, 0.866635501385, 1, 1, 1, 1, 0.884463608265, 0.973321676254, 1, 1]
        mean: [0.539996623993, 0.16469527781, 0.0775165259838, 0.0738540142775, 0.103609114885, 0.142877236009, 0.134249165654, 0.0902959406376, 0.066625289619, 0.0879390984774, 0.113592781126, 0.0956243127584, 0.0839686766267, 0.156433820724, 0.34949478507, 0.325599819422, 0.136659368873, 0.0863285660744, 0.057612799108, 0.0856829285622, 0.196820899844, 0.17830824852, 0.0693378821015, 0.0554381236434, 0.0663596689701, 0.0614579468966, 0.0643252283335, 0.0733181163669, 0.125810444355, 0.203976601362, 0.173048496246, 0.0880068317056, 0.0635940358043, 0.0691578611732, 0.199135422707, 0.582762539387]
        min: [0.000643336563371, 0.000350210611941, 1.62081960298e-06, 0, 0, 5.48892494407e-05, 4.03245649068e-05, 3.26717895405e-06, 0, 2.79043561022e-05, 4.06251601817e-05, 2.89654544758e-05, 1.28723850139e-05, 2.65020862571e-05, 0.000109218628495, 0.000123193254694, 3.21786137647e-05, 0, 0, 9.19114700082e-06, 3.14085518767e-05, 0.000380976358429, 3.73068214685e-05, 0, 2.86462782242e-05, 4.13394736825e-05, 2.53338093898e-05, 8.00470588729e-05, 0.000136124217534, 5.69409130549e-05, 1.11632732569e-06, 0, 0, 0, 0.000221332345973, 0.00285193114541]
        var: [0.123598128557, 0.0276359282434, 0.0205536223948, 0.0215540174395, 0.0405461601913, 0.0704005733132, 0.0592348612845, 0.0273049362004, 0.0152588216588, 0.0351970717311, 0.0460263341665, 0.0223882813007, 0.0186148490757, 0.0397257432342, 0.142873331904, 0.132244706154, 0.0314866863191, 0.0284497104585, 0.0109631121159, 0.0150812519714, 0.0739461407065, 0.0635378360748, 0.00794015824795, 0.0077410931699, 0.0170325208455, 0.0182706769556, 0.0140121858567, 0.0172485355288, 0.0429506525397, 0.102119728923, 0.0800492018461, 0.0287752151489, 0.0150354532525, 0.0179335493594, 0.0347803272307, 0.143975019455]
    chords_histogram: [0, 0, 0, 78.8732376099, 0, 0, 0, 0, 21.1267604828, 0, 0, 0, 0, 0, 0, 0, 0, 0, 0, 0, 0, 0, 0, 0]
    thpcp: [1, 0.926615178585, 0.282611310482, 0.133015632629, 0.126730889082, 0.177789598703, 0.245172306895, 0.230366840959, 0.154944658279, 0.114326648414, 0.150900393724, 0.194921210408, 0.164087951183, 0.144087299705, 0.268434941769, 0.599720776081, 0.55871784687, 0.234502658248, 0.148136779666, 0.0988615378737, 0.147028893232, 0.337737739086, 0.305970668793, 0.118981361389, 0.0951298698783, 0.113870859146, 0.105459675193, 0.110379830003, 0.125811308622, 0.215886294842, 0.350016653538, 0.296945124865, 0.151016622782, 0.109125129879, 0.118672452867, 0.341709375381]
    chords_key: "C#"
    chords_scale: "minor"
    key_key: "D"
    key_scale: "major"
    chords_progression: ["F#", "F#", "F#", "F#", "F#", "F#", "F#", "F#", "F#", "F#", "F#", "F#", "F#", "F#", "F#", "F#", "F#", "F#", "F#", "F#", "F#", "F#", "F#", "F#", "F#", "F#", "F#", "F#", "F#", "F#", "F#", "F#", "F#", "F#", "F#", "F#", "F#", "F#", "F#", "F#", "F#", "F#", "F#", "F#", "F#", "C#m", "C#m", "C#m", "C#m", "C#m", "C#m", "C#m", "C#m", "C#m", "C#m", "C#m", "C#m", "C#m", "C#m", "C#m", "C#m", "C#m", "C#m", "C#m", "C#m", "C#m", "C#m", "C#m", "C#m", "C#m", "C#m", "C#m", "C#m", "C#m", "C#m", "C#m", "C#m", "C#m", "C#m", "C#m", "C#m", "C#m", "C#m", "C#m", "C#m", "C#m", "C#m", "C#m", "C#m", "C#m", "C#m", "C#m", "C#m", "C#m", "C#m", "C#m", "C#m", "C#m", "C#m", "C#m", "C#m", "C#m", "C#m", "C#m", "C#m", "C#m", "C#m", "C#m", "C#m", "C#m", "C#m", "C#m", "C#m", "C#m", "C#m", "C#m", "C#m", "C#m", "C#m", "C#m", "C#m", "C#m", "C#m", "C#m", "C#m", "C#m", "C#m", "C#m", "C#m", "C#m", "C#m", "C#m", "C#m", "C#m", "C#m", "C#m", "C#m", "C#m", "C#m", "C#m", "C#m", "C#m", "C#m", "C#m", "C#m", "C#m", "C#m", "C#m", "C#m", "C#m", "C#m", "C#m", "C#m", "C#m", "C#m", "C#m", "C#m", "C#m", "C#m", "C#m", "C#m", "C#m", "C#m", "C#m", "C#m", "C#m", "C#m", "C#m", "C#m", "C#m", "C#m", "C#m", "C#m", "C#m", "C#m", "C#m", "C#m", "C#m", "C#m", "C#m", "C#m", "C#m", "C#m", "C#m", "C#m", "C#m", "C#m", "C#m", "C#m", "C#m", "C#m", "C#m", "C#m", "C#m", "C#m", "C#m", "C#m", "C#m", "C#m", "C#m", "C#m", "C#m", "C#m", "C#m", "C#m", "C#m", "C#m", "C#m", "C#m", "C#m", "C#m", "C#m", "C#m"]
