
metadata:
    version:
        essentia: "1.2.2"
    audio_properties:
        analysis_sample_rate: 44100
        bitrate: 128
        channels: 2
        equal_loudness: 1
        length: 10.0310201645
        replay_gain: -2.24569511414
        downmix: "mix"
    tags:
        track: 7
        year: 0
        album: "Splitted by Mp3Splt v. 2.1"
        artist: "From 001.00 To 001.10"
        comment: "http://mp3splt.sf.net"
        genre: ""
        title: "07 I Didn't Mean to Hurt You.m"

highlevel:
    ballroom:
        all:
            ChaChaCha: 0.0281199924648
            Jive: 0.047975178808
            Quickstep: 0.141381263733
            Rumba-American: 0.013943365775
            Rumba-International: 0.172765806317
            Rumba-Misc: 0.086328394711
            Samba: 0.0296159964055
            Tango: 0.0651011541486
            VienneseWaltz: 0.303722172976
            Waltz: 0.111046671867
        probability: 0.303722172976
        value: "VienneseWaltz"
    culture:
        all:
            non_western: 0.740744590759
            western: 0.259255409241
        probability: 0.740744590759
        value: "non_western"
    gender:
        all:
            female: 0.305462062359
            male: 0.694537937641
        probability: 0.694537937641
        value: "male"
    genre_dortmund:
        all:
            alternative: 0.102946564555
            blues: 0.0118016954511
            electronic: 0.202573359013
            folkcountry: 0.154202476144
            funksoulrnb: 0.0405102670193
            jazz: 0.0403872318566
            pop: 0.0705114156008
            raphiphop: 0.0171065609902
            rock: 0.359960436821
        probability: 0.359960436821
        value: "rock"
    genre_electronica:
        all:
            ambient: 0.529389560223
            dnb: 0.192661896348
            house: 0.0861124619842
            techno: 0.0253039766103
            trance: 0.166532114148
        probability: 0.529389560223
        value: "ambient"
    genre_rosamerica:
        all:
            cla: 0.0363321118057
            dan: 0.0297905188054
            hip: 0.0639164298773
            jaz: 0.0190336499363
            pop: 0.523349165916
            rhy: 0.0554221644998
            roc: 0.262346208096
            spe: 0.00980971381068
        probability: 0.523349165916
        value: "pop"
    genre_tzanetakis:
        all:
            blu: 0.0230540446937
            cla: 0.0313119627535
            cou: 0.128189176321
            dis: 0.0740743204951
            hip: 0.017976494506
            jaz: 0.0396932438016
            met: 0.0100350724533
            pop: 0.250204801559
            reg: 0.0709558427334
            roc: 0.354505032301
        probability: 0.354505032301
        value: "roc"
    live_studio:
        all:
            live: 0.117857299745
            studio: 0.882142722607
        probability: 0.882142722607
        value: "studio"
    mood:
        all:
            Cluster1: 0.187896043062
            Cluster2: 0.253785014153
            Cluster3: 0.287518799305
            Cluster4: 0.131940498948
            Cluster5: 0.138859629631
        probability: 0.287518799305
        value: "Cluster3"
    mood_acoustic:
        all:
            acoustic: 0.449861496687
            not_acoustic: 0.550138473511
        probability: 0.550138473511
        value: "not_acoustic"
    mood_aggressive:
        all:
            aggressive: 0.255891174078
            not_aggressive: 0.744108855724
        probability: 0.744108855724
        value: "not_aggressive"
    mood_electronic:
        all:
            electronic: 0.420669347048
            not_electronic: 0.579330682755
        probability: 0.579330682755
        value: "not_electronic"
    mood_happy:
        all:
            happy: 0.5
            not_happy: 0.5
        probability: 0.5
        value: "happy"
    mood_party:
        all:
            not_party: 0.772969603539
            party: 0.227030411363
        probability: 0.772969603539
        value: "not_party"
    mood_relaxed:
        all:
            not_relaxed: 0.259623408318
            relaxed: 0.740376591682
        probability: 0.740376591682
        value: "relaxed"
    mood_sad:
        all:
            not_sad: 0.237113445997
            sad: 0.762886583805
        probability: 0.762886583805
        value: "sad"
    rhythm:
        all:
            fast: 0.580882608891
            medium: 0.243740275502
            slow: 0.175377100706
        probability: 0.580882608891
        value: "fast"
    speech_music:
        all:
            music: 0.921249091625
            speech: 0.078750886023
        probability: 0.921249091625
        value: "music"
    timbre:
        all:
            bright: 0.0989676713943
            dark: 0.901032328606
        probability: 0.901032328606
        value: "dark"
    voice_instrumental:
        all:
            instrumental: 0.482711583376
            voice: 0.517288446426
        probability: 0.517288446426
        value: "voice"

lowlevel:
    average_loudness: 0.975058734417
    barkbands_kurtosis:
        dmean: 0.950322806835
        dmean2: 1.51461398602
        dvar: 1.01827549934
        dvar2: 2.56335353851
        max: 10.310377121
        mean: 0.990458011627
        min: -1.63812696934
        var: 3.73276305199
    barkbands_skewness:
        dmean: 0.349988639355
        dmean2: 0.564855754375
        dvar: 0.0857216715813
        dvar2: 0.221086218953
        max: 2.50814819336
        mean: 0.953182041645
        min: -0.449500799179
        var: 0.35080870986
    barkbands_spread:
        dmean: 3.04336905479
        dmean2: 4.66525840759
        dvar: 12.8613109589
        dvar2: 26.1122016907
        max: 53.4303665161
        mean: 15.9260158539
        min: 5.45352077484
        var: 53.7486343384
    dissonance:
        dmean: 0.0287566892803
        dmean2: 0.0496024377644
        dvar: 0.000608677684795
        dvar2: 0.00168801285326
        max: 0.49993878603
        mean: 0.449489980936
        min: 0.305095732212
        var: 0.00106486107688
    hfc:
        dmean: 0.797453045845
        dmean2: 1.15355145931
        dvar: 0.986648321152
        dvar2: 1.70801055431
        max: 14.5632991791
        mean: 3.39750242233
        min: 0.192670315504
        var: 6.19842767715
    pitch:
        dmean: 103.3046875
        dmean2: 195.254119873
        dvar: 135139.984375
        dvar2: 313812.375
        max: 4900
        mean: 285.606140137
        min: 82.8947372437
        var: 235197.859375
    pitch_instantaneous_confidence:
        dmean: 0.0841653645039
        dmean2: 0.136965960264
        dvar: 0.005196493119
        dvar2: 0.0116351442412
        max: 0.823368668556
        mean: 0.456041812897
        min: 0.164816260338
        var: 0.0173788350075
    pitch_salience:
        dmean: 0.0622000694275
        dmean2: 0.100050963461
        dvar: 0.00279480265453
        dvar2: 0.00745612476021
        max: 0.834376990795
        mean: 0.621870219707
        min: 0.38476485014
        var: 0.00645329896361
    silence_rate_20dB:
        dmean: 0
        dmean2: 0
        dvar: 0
        dvar2: 0
        max: 1
        mean: 1
        min: 1
        var: 0
    silence_rate_30dB:
        dmean: 0
        dmean2: 0
        dvar: 0
        dvar2: 0
        max: 1
        mean: 1
        min: 1
        var: 0
    silence_rate_60dB:
        dmean: 0.0928074270487
        dmean2: 0.183720931411
        dvar: 0.0841944292188
        dvar2: 0.159269437194
        max: 1
        mean: 0.402777791023
        min: 0
        var: 0.240548357368
    spectral_centroid:
        dmean: 140.843887329
        dmean2: 220.083786011
        dvar: 27624.1679688
        dvar2: 62172.6757812
        max: 2853.75439453
        mean: 783.953369141
        min: 373.345611572
        var: 90689.8515625
    spectral_complexity:
        dmean: 2.06759905815
        dmean2: 3.3551402092
        dvar: 4.63645935059
        dvar2: 10.6262168884
        max: 30
        mean: 10.3488368988
        min: 2
        var: 20.6550674438
    spectral_crest:
        dmean: 2.07947993279
        dmean2: 3.52123880386
        dvar: 3.41115880013
        dvar2: 9.55389881134
        max: 17.3387851715
        mean: 7.5352473259
        min: 2.83916521072
        var: 6.3426117897
    spectral_decrease:
        dmean: 3.18325338311e-10
        dmean2: 4.76639006042e-10
        dvar: 1.01224153047e-19
        dvar2: 2.37285004668e-19
        max: -8.20752354969e-11
        mean: -1.07537789784e-09
        min: -3.27663829403e-09
        var: 4.73221653238e-19
    spectral_energy:
        dmean: 0.00126071518753
        dmean2: 0.00187820650171
        dvar: 1.58280909091e-06
        dvar2: 3.64059565072e-06
        max: 0.013221883215
        mean: 0.0043668858707
        min: 0.000331659975927
        var: 7.78433422965e-06
    spectral_energyband_high:
        dmean: 2.85654932668e-05
        dmean2: 3.94268972741e-05
        dvar: 8.12318035059e-09
        dvar2: 1.34535094176e-08
        max: 0.0017794460291
        mean: 6.59311117488e-05
        min: 7.60451541737e-08
        var: 1.89177438159e-08
    spectral_energyband_low:
        dmean: 0.000187411817024
        dmean2: 0.00031125327223
        dvar: 8.57966639956e-08
        dvar2: 2.10106719578e-07
        max: 0.00339945359156
        mean: 0.000248139782343
        min: 2.94201572615e-06
        var: 1.28660218479e-07
    spectral_energyband_middle_high:
        dmean: 0.000338106154231
        dmean2: 0.000535300234333
        dvar: 1.49319319576e-07
        dvar2: 3.70718026943e-07
        max: 0.00479228701442
        mean: 0.00120274035726
        min: 7.54393549869e-05
        var: 8.99685744571e-07
    spectral_energyband_middle_low:
        dmean: 0.00104421167634
        dmean2: 0.00162850040942
        dvar: 1.16388548577e-06
        dvar2: 3.00654937746e-06
        max: 0.01051365491
        mean: 0.00284988549538
        min: 0.000205146279768
        var: 3.96955829274e-06
    spectral_flatness_db:
        dmean: 0.0172112248838
        dmean2: 0.0272238831967
        dvar: 0.000242797512328
        dvar2: 0.000535180210136
        max: 0.262065589428
        mean: 0.184596389532
        min: 0.0738389790058
        var: 0.0012913942337
    spectral_flux:
        dmean: 0.00712965242565
        dmean2: 0.0112660722807
        dvar: 4.61902527604e-05
        dvar2: 0.000101341094705
        max: 0.0843163728714
        mean: 0.0337690375745
        min: 0.00759372860193
        var: 0.000209607635043
    spectral_kurtosis:
        dmean: 4.11142015457
        dmean2: 6.93835496902
        dvar: 27.3282470703
        dvar2: 62.8020324707
        max: 47.876991272
        mean: 10.8694458008
        min: -0.40039730072
        var: 74.4734039307
    spectral_rms:
        dmean: 0.00028927254607
        dmean2: 0.000426201790106
        dvar: 6.34061976257e-08
        dvar2: 1.29926178261e-07
        max: 0.00359157309867
        mean: 0.00195420440286
        min: 0.000568832736462
        var: 4.4146372602e-07
    spectral_rolloff:
        dmean: 260.456268311
        dmean2: 423.217895508
        dvar: 170777.515625
        dvar2: 340122.3125
        max: 5146.43554688
        mean: 1391.19494629
        min: 495.263671875
        var: 475597.53125
    spectral_skewness:
        dmean: 0.368742585182
        dmean2: 0.594456672668
        dvar: 0.161272794008
        dvar2: 0.331963658333
        max: 4.91986608505
        mean: 2.43379306793
        min: 0.546055018902
        var: 0.600270271301
    spectral_spread:
        dmean: 373649.6875
        dmean2: 498797.65625
        dvar: 557747994624
        dvar2: 689572872192
        max: 16063948
        mean: 3110054
        min: 1054728.375
        var: 1.80063331942e+12
    spectral_strongpeak:
        dmean: 0.308918774128
        dmean2: 0.528676211834
        dvar: 0.158891826868
        dvar2: 0.432903319597
        max: 3.46335601807
        mean: 0.485948473215
        min: 0.0164450164884
        var: 0.205156758428
    zerocrossingrate:
        dmean: 0.00532215181738
        dmean2: 0.00625524809584
        dvar: 3.57075987267e-05
        dvar2: 3.1935658626e-05
        max: 0.14599609375
        mean: 0.0474995449185
        min: 0.0205078125
        var: 0.000259486143477
    barkbands:
        dmean: [1.27610690015e-06, 5.5151849665e-05, 0.000160239898833, 0.000478209432913, 0.000292668788461, 0.000215829830267, 0.000206405617064, 0.000345425796695, 0.000141698445077, 6.40928628854e-05, 0.000126702041598, 8.69869763847e-05, 4.7900753998e-05, 0.000110086220957, 5.43839923921e-05, 3.99634991481e-05, 2.10330472328e-05, 4.51800806331e-05, 2.01829843718e-05, 1.99964597414e-05, 1.50173618749e-05, 3.75188051294e-06, 1.3472252931e-06, 4.24482493599e-07, 2.16247542539e-07, 3.52513107593e-09, 2.16858575541e-09]
        dmean2: [2.33952482631e-06, 9.15057389648e-05, 0.000271380442427, 0.000831533281598, 0.000477138004499, 0.000370743800886, 0.000317988131428, 0.000548758718651, 0.000204541909625, 9.43079867284e-05, 0.00021174493304, 0.00015082542086, 7.92708524386e-05, 0.000169493068825, 8.19053748273e-05, 5.98221122345e-05, 3.09818933601e-05, 7.32662520022e-05, 3.19930113619e-05, 2.9546319638e-05, 2.08400379051e-05, 5.56311397304e-06, 1.91434651242e-06, 6.2515192667e-07, 2.88231404966e-07, 4.32184688037e-09, 2.31361774183e-09]
        dvar: [4.69010073834e-12, 1.25723467193e-08, 5.7177629742e-08, 3.7693143895e-07, 1.07656688897e-07, 1.06638182729e-07, 1.71029640228e-07, 2.98622438777e-07, 3.53173419398e-08, 8.69336158615e-09, 2.53324206057e-08, 3.53449500778e-08, 6.57394050307e-09, 3.42996671066e-08, 1.68903557807e-08, 6.58676535537e-09, 1.19464060866e-09, 5.09324360465e-09, 3.10230530154e-09, 2.56002730126e-09, 1.55361068455e-09, 6.07383518481e-11, 1.72889810107e-11, 1.26986756614e-12, 8.62779357506e-13, 1.54210034872e-15, 1.71680608216e-15]
        dvar2: [1.39259888343e-11, 3.04750926716e-08, 1.47770776948e-07, 1.05885044377e-06, 2.71404275054e-07, 3.06730925104e-07, 4.74661248973e-07, 7.00426937783e-07, 5.70147200563e-08, 1.7269060848e-08, 7.81427402785e-08, 1.02333970631e-07, 1.80566743779e-08, 8.58226769651e-08, 4.01682669349e-08, 1.41592400027e-08, 2.58653121143e-09, 1.09610418519e-08, 7.97187471591e-09, 4.99050933911e-09, 2.53885801271e-09, 1.21989626733e-10, 3.16448395266e-11, 2.305440127e-12, 1.13391360104e-12, 1.5589024119e-15, 1.71856579311e-15]
        max: [1.84164637176e-05, 0.00145469990093, 0.00230205105618, 0.00445855874568, 0.00288134813309, 0.0028918182943, 0.00550689315423, 0.00598711147904, 0.00339625100605, 0.00104518409353, 0.00146075151861, 0.00261880992912, 0.000997656257823, 0.0019853503909, 0.00159351923503, 0.000946455809753, 0.000550445867702, 0.000961591547821, 0.000775087741204, 0.00093024369562, 0.000731502601411, 0.000134067784529, 6.98240546626e-05, 2.27761374845e-05, 2.19493649638e-05, 8.11825259461e-07, 8.59926501562e-07]
        mean: [1.71543388205e-06, 7.25801073713e-05, 0.00017403702077, 0.000510902784299, 0.000496336026117, 0.000478717120131, 0.000380009558285, 0.000639225530904, 0.000317944970448, 0.000141766795423, 0.000252112047747, 0.000159603790962, 7.96393069322e-05, 0.000227809054195, 0.000111677334644, 7.02823381289e-05, 4.09187559853e-05, 9.84394428087e-05, 3.33362659148e-05, 3.77314063371e-05, 3.02646094497e-05, 7.44865064917e-06, 3.10897303279e-06, 8.78384071257e-07, 3.9582553768e-07, 5.30038546387e-09, 2.12857687032e-09]
        min: [1.50782994979e-08, 2.84908594494e-07, 2.06864839924e-07, 2.15440513784e-06, 1.19916057884e-05, 9.57250449574e-06, 1.26093718791e-05, 2.12014201679e-05, 4.34998310084e-06, 1.46461138684e-06, 5.77837727178e-06, 4.11277414969e-06, 3.67773373e-06, 4.59403145214e-06, 8.08687445897e-07, 2.28107637668e-06, 4.93966183512e-07, 2.13194681464e-07, 1.05701154496e-07, 4.9910902078e-08, 3.68504018411e-08, 6.26722718167e-09, 2.69744671044e-09, 1.30373423168e-09, 3.6757805133e-10, 3.94447530194e-11, 3.23566423221e-13]
        var: [6.35258989509e-12, 1.72442522484e-08, 7.18965225133e-08, 4.35302069945e-07, 2.1862645383e-07, 2.82059033907e-07, 4.08572986998e-07, 6.60931448238e-07, 1.42981804174e-07, 3.18003969824e-08, 6.23551201784e-08, 6.15666095882e-08, 1.13461195994e-08, 1.08397735232e-07, 4.40074892083e-08, 1.29652857339e-08, 4.08324085654e-09, 1.71715068831e-08, 3.03992475637e-09, 5.46983613958e-09, 3.70473696165e-09, 1.91868410049e-10, 4.39287911602e-11, 3.79376391413e-12, 2.92363681008e-12, 1.59937512842e-15, 1.71523430665e-15]
    mfcc:
        mean: [-755.8125, 177.173141479, -43.692905426, 25.1761817932, -21.5460186005, -1.29884600639, -7.72599697113, -4.52827978134, -6.47938919067, -3.82041692734, -3.54238414764, -0.864095211029, -9.31367206573]
        cov: [[3721.94238281, -1621.10498047, 201.744689941, 301.758361816, -113.277427673, 0.67247825861, -1.39505732059, 37.6728515625, 99.3641204834, -10.0070352554, -87.0253677368, -49.7673950195, -164.126235962], [-1621.10498047, 1260.05749512, -269.780548096, -105.803199768, 55.1208763123, -69.5590820312, 28.2971496582, 91.964515686, -12.396074295, 3.8755903244, 18.2941398621, 41.8100852966, 125.315238953], [201.744689941, -269.780548096, 289.627380371, -43.4292564392, -24.094669342, 22.8771343231, -42.180393219, -30.1732540131, -53.3926811218, -19.9103164673, -16.9381523132, -5.84004592896, -55.0662345886], [301.758361816, -105.803199768, -43.4292564392, 239.940795898, 2.17470288277, -20.945766449, 42.6829986572, 28.284122467, 38.6120758057, -18.5213451385, -18.837305069, 13.5528564453, 40.0683784485], [-113.277427673, 55.1208763123, -24.094669342, 2.17470288277, 148.653884888, 71.8223876953, -15.5536642075, 2.00832915306, 36.6639595032, 44.3972587585, 17.6093635559, -26.7816810608, 16.9465885162], [0.67247825861, -69.5590820312, 22.8771343231, -20.945766449, 71.8223876953, 152.859725952, -48.5386428833, 2.8049967289, 13.6231632233, 29.8089084625, 34.6947517395, -16.8296337128, -19.1689109802], [-1.39505732059, 28.2971496582, -42.180393219, 42.6829986572, -15.5536642075, -48.5386428833, 141.00730896, 19.4521389008, 25.7022743225, 0.347704559565, -21.4202442169, 2.28112745285, 29.1173210144], [37.6728515625, 91.964515686, -30.1732540131, 28.284122467, 2.00832915306, 2.8049967289, 19.4521389008, 109.856651306, 13.2885580063, -11.7185087204, -2.93638682365, -7.73551416397, -1.39243531227], [99.3641204834, -12.396074295, -53.3926811218, 38.6120758057, 36.6639595032, 13.6231632233, 25.7022743225, 13.2885580063, 117.244178772, 23.2541027069, 4.80637311935, -20.1632175446, 37.0938949585], [-10.0070352554, 3.8755903244, -19.9103164673, -18.5213451385, 44.3972587585, 29.8089084625, 0.347704559565, -11.7185087204, 23.2541027069, 79.5840911865, 11.5891723633, -9.39484786987, 8.5900888443], [-87.0253677368, 18.2941398621, -16.9381523132, -18.837305069, 17.6093635559, 34.6947517395, -21.4202442169, -2.93638682365, 4.80637311935, 11.5891723633, 60.5358772278, 11.9995584488, -3.52700972557], [-49.7673950195, 41.8100852966, -5.84004592896, 13.5528564453, -26.7816810608, -16.8296337128, 2.28112745285, -7.73551416397, -20.1632175446, -9.39484786987, 11.9995584488, 71.1826400757, 8.93171024323], [-164.126235962, 125.315238953, -55.0662345886, 40.0683784485, 16.9465885162, -19.1689109802, 29.1173210144, -1.39243531227, 37.0938949585, 8.5900888443, -3.52700972557, 8.93171024323, 128.3959198]]
        icov: [[0.000880013452843, 0.00126706471201, 0.000418948708102, -0.000274459132925, 0.000131886510644, 0.000506233714987, 0.000505439529661, -0.00126496620942, -0.000526203017216, -0.000428689498222, 0.000930544978473, -0.000429282488767, 0.000319527229294], [0.00126706471201, 0.0033758461941, 0.00187266070861, 0.000928408640902, -0.000942524580751, 0.00158676772844, 0.0009263168904, -0.00329424440861, 0.000103524522274, -0.000211530204979, 0.00144641485531, -0.00161548797041, -0.000909904483706], [0.000418948708102, 0.00187266070861, 0.00565802352503, 0.0012439833954, -0.00032339929021, -0.000289899879135, 0.000975834205747, -0.000711444590706, 0.00156113831326, 0.000936803349759, 0.00242742267437, -0.000736987276468, 0.000120848890219], [-0.000274459132925, 0.000928408640902, 0.0012439833954, 0.00639457954094, -0.0015441266587, 0.000418244046159, -0.000733935157768, -0.00169170415029, -0.000667761836667, 0.00208423775621, 0.00154395785648, -0.00241329264827, -0.00204089470208], [0.000131886510644, -0.000942524580751, -0.00032339929021, -0.0015441266587, 0.0117583144456, -0.00462445197627, 0.000407543993788, 0.000870234216563, -0.00162596313749, -0.00408229790628, -0.000478399480926, 0.00345739908516, -0.000404452643124], [0.000506233714987, 0.00158676772844, -0.000289899879135, 0.000418244046159, -0.00462445197627, 0.0118031594902, 0.00272399000823, -0.00257775420323, -0.000464420125354, -0.00155387655832, -0.00395819731057, 0.000246756884735, 0.000682625162881], [0.000505439529661, 0.0009263168904, 0.000975834205747, -0.000733935157768, 0.000407543993788, 0.00272399000823, 0.00957851950079, -0.0022084673401, -0.001643729629, -0.0014225053601, 0.00259398273192, -0.000715431582648, -0.000762628216762], [-0.00126496620942, -0.00329424440861, -0.000711444590706, -0.00169170415029, 0.000870234216563, -0.00257775420323, -0.0022084673401, 0.0134778423235, -0.00056399020832, 0.00239164289087, -0.00130324345082, 0.00272414716892, 0.00174594274722], [-0.000526203017216, 0.000103524522274, 0.00156113831326, -0.000667761836667, -0.00162596313749, -0.000464420125354, -0.001643729629, -0.00056399020832, 0.0129040628672, -0.00156627176329, -0.00199806806631, 0.00329462019727, -0.00329113518819], [-0.000428689498222, -0.000211530204979, 0.000936803349759, 0.00208423775621, -0.00408229790628, -0.00155387655832, -0.0014225053601, 0.00239164289087, -0.00156627176329, 0.0171560775489, -0.00115042109974, 4.37959442934e-06, -0.00066203152528], [0.000930544978473, 0.00144641485531, 0.00242742267437, 0.00154395785648, -0.000478399480926, -0.00395819731057, 0.00259398273192, -0.00130324345082, -0.00199806806631, -0.00115042109974, 0.0235534328967, -0.00644266279414, 0.000956246047281], [-0.000429282488767, -0.00161548797041, -0.000736987276468, -0.00241329264827, 0.00345739908516, 0.000246756884735, -0.000715431582648, 0.00272414716892, 0.00329462019727, 4.37959442934e-06, -0.00644266279414, 0.0189459156245, -0.00120973261073], [0.000319527229294, -0.000909904483706, 0.000120848890219, -0.00204089470208, -0.000404452643124, 0.000682625162881, -0.000762628216762, 0.00174594274722, -0.00329113518819, -0.00066203152528, 0.000956246047281, -0.00120973261073, 0.0112263644114]]
    spectral_contrast:
        mean: [1.40538745086e-07, 1.52537637632e-07, 1.69994521571e-07, -9.0689162846e-08, -4.46168485269e-07, -7.46097654769e-08, 7.72226712797e-07, -1.02086812603e-06, -1.12430996069e-06, 1.08643325802e-06, -4.02234309149e-06, 2.03127092391e-06]
        var: [0.000513643259183, 0.000947807915509, 0.00176067533903, 0.00189616624266, 0.00328575493768, 0.00488268956542, 0.0669744238257, 0.111069925129, 0.131963580847, 0.189092308283, 0.399395525455, 1.93914449215]

rhythm:
    beats_loudness:
        dmean: 0.00449521560222
        dmean2: 0.00836758222431
        dvar: 4.62845036964e-06
        dvar2: 2.00270387722e-05
        max: 0.0108509017155
        mean: 0.00615318119526
        min: 0.00129107874818
        var: 7.27476026441e-06
    beats_loudness_bass:
        dmean: 0.1254478544
        dmean2: 0.250757426023
        dvar: 0.0125803053379
        dvar2: 0.03277169168
        max: 0.439773947001
        mean: 0.1457118541
        min: 0.0153510393575
        var: 0.0144535582513
    bpm: 112.933570862
    bpm_confidence: 0
    first_peak_bpm: 113
    first_peak_spread: 0
    first_peak_weight: 0.941176474094
    onset_rate: 3.38948559761
    second_peak_bpm: 71
    second_peak_spread: 0
    second_peak_weight: 0.0588235296309
    beats_position: [0.137788638473, 0.667831599712, 1.19787442684, 1.72791731358, 2.25796031952, 2.78800296783, 3.31804585457, 3.8480887413, 4.37813186646, 4.90817451477, 5.43821716309, 6.28057718277, 6.81285142899, 7.34512472153, 7.87739849091, 8.40967273712, 8.94194602966, 9.47422027588]
    bpm_estimates: [113.383605957, 112.487167358, 112.870315552, 113.306594849, 113.612464905, 113.808509827, 112.931243896, 113.621742249, 112.476913452, 112.469070435, 112.185836792, 112.386886597, 113.727073669, 112.720458984, 112.437866211, 112.511474609]
    bpm_intervals: [0.530042946339, 0.530042827129, 0.530042886734, 0.530043005943, 0.530042648315, 0.530042886734, 0.530042886734, 0.530043125153, 0.530042648315, 0.530042648315, 0.842360019684, 0.532274246216, 0.532273292542, 0.532273769379, 0.532274246216, 0.532273292542, 0.532274246216]
    onset_times: [0.0580498874187, 0.383129239082, 0.650158703327, 0.9287981987, 1.16099774837, 1.98530614376, 2.11301589012, 2.24072551727, 2.69351482391, 2.80961441994, 3.22757363319, 4.12154197693, 4.26086187363, 4.40018129349, 4.7020406723, 4.87619066238, 5.45668935776, 5.73532867432, 5.97913837433, 6.1068482399, 6.52480745316, 6.81505680084, 7.08208608627, 7.60453510284, 7.8831744194, 8.03410434723, 8.25469398499, 8.60299301147, 8.97451210022, 9.11383247375, 9.24154186249, 9.50857162476, 9.75238132477, 9.97297096252]
    rubato_start: []
    rubato_stop: []
    perceptual_tempo: "unknown"

sfx:
    inharmonicity:
        dmean: 0.0328825935721
        dmean2: 0.0598543174565
        dvar: 0.00215565063991
        dvar2: 0.00613469164819
        max: 0.344886988401
        mean: 0.0297657772899
        min: 5.95203382545e-05
        var: 0.0017634202959
    oddtoevenharmonicenergyratio:
        dmean: 3.34448695183
        dmean2: 6.47338294983
        dvar: 117.333396912
        dvar2: 351.188598633
        max: 118.094367981
        mean: 1.98983669281
        min: 0.000147180850036
        var: 63.9036560059
    pitch_after_max_to_before_max_energy_ratio: 1.3937112093
    pitch_centroid: 235.790084839
    pitch_max_to_total: 0.802325606346
    pitch_min_to_total: 0.176744192839
    tristimulus:
        dmean: [0.265661090612, 0.270207732916, 0.0666887387633]
        dmean2: [0.467582374811, 0.477036625147, 0.120288990438]
        dvar: [0.0394823849201, 0.0413220338523, 0.00513875670731]
        dvar2: [0.109781712294, 0.11431877315, 0.0148223564029]
        max: [0.973586320877, 0.957272648811, 0.526732265949]
        mean: [0.502259075642, 0.410020440817, 0.0626630932093]
        min: [0.00749016646296, 0, 0]
        var: [0.0601912401617, 0.0615394860506, 0.00568217458203]

tonal:
    chords_changes_rate: 0.106481485069
    chords_number_rate: 0.0185185186565
    chords_strength:
        dmean: 0.00671570468694
        dmean2: 0.00766942324117
        dvar: 3.17235135299e-05
        dvar2: 4.84409756609e-05
        max: 0.54066157341
        mean: 0.453898370266
        min: 0.286604940891
        var: 0.0049250908196
    key_strength: 0.740324258804
    tuning_diatonic_strength: 0.603469252586
    tuning_equal_tempered_deviation: 0.117887400091
    tuning_frequency: 442.03793335
    tuning_nontempered_energy_ratio: 0.660111665726
    hpcp:
        dmean: [0.0481104552746, 0.058913461864, 0.0728501304984, 0.064726613462, 0.0842213928699, 0.16229480505, 0.198774605989, 0.156334608793, 0.147714465857, 0.156981930137, 0.18584215641, 0.221396714449, 0.246803089976, 0.182873979211, 0.103326275945, 0.122912332416, 0.125193595886, 0.141450077295, 0.13267673552, 0.163343667984, 0.176011651754, 0.148879989982, 0.137209624052, 0.136597856879, 0.119887001812, 0.1239945665, 0.202675670385, 0.212486103177, 0.159523546696, 0.0723086446524, 0.0650736317039, 0.0715839937329, 0.100613951683, 0.103623561561, 0.0894399806857, 0.0604306273162]
        dmean2: [0.0829476937652, 0.100568629801, 0.127438694239, 0.113841317594, 0.152817159891, 0.260396718979, 0.320477247238, 0.269120782614, 0.266392529011, 0.26862937212, 0.31083765626, 0.362031459808, 0.407576262951, 0.314086943865, 0.175988912582, 0.210865199566, 0.209964379668, 0.243946731091, 0.2205632478, 0.281185179949, 0.306817620993, 0.25151565671, 0.242047771811, 0.246348530054, 0.213115572929, 0.20580676198, 0.334555506706, 0.336287111044, 0.253895133734, 0.122493244708, 0.109323829412, 0.118916720152, 0.170216217637, 0.17742305994, 0.153569966555, 0.107245840132]
        dvar: [0.0130162183195, 0.0153724513948, 0.0141412289813, 0.00800349190831, 0.0164889376611, 0.0267389733344, 0.0390692763031, 0.031639341265, 0.0407760478556, 0.0387399680912, 0.046653136611, 0.0444700270891, 0.0575913079083, 0.0322266370058, 0.0263439621776, 0.0413638316095, 0.0304396357387, 0.0357599295676, 0.0235816705972, 0.0390724800527, 0.0485682673752, 0.0435427688062, 0.0521443039179, 0.0467005334795, 0.0349335707724, 0.0255480986089, 0.0440642349422, 0.0472283959389, 0.0320879332721, 0.0131292175502, 0.014282441698, 0.012701167725, 0.0276895370334, 0.0289392024279, 0.0247305426747, 0.0193556193262]
        dvar2: [0.0340061224997, 0.0425345376134, 0.0397793240845, 0.0214209519327, 0.0462782904506, 0.0614557787776, 0.0764326825738, 0.0764377266169, 0.1070920825, 0.0914413481951, 0.132175564766, 0.119015976787, 0.133246988058, 0.0879722908139, 0.0687365829945, 0.101561322808, 0.0715347006917, 0.0954489856958, 0.0604486837983, 0.10849173367, 0.12168456614, 0.110954642296, 0.125857114792, 0.129824027419, 0.0928911566734, 0.0576299279928, 0.102863952518, 0.0995924547315, 0.0826558470726, 0.0326883941889, 0.0391604378819, 0.0281567983329, 0.0669910088181, 0.072353772819, 0.0658732205629, 0.0590144582093]
        max: [1, 1, 0.883636891842, 0.657436013222, 0.772512316704, 1, 1, 1, 1, 1, 1, 1, 1, 1, 1, 1, 1, 1, 1, 1, 1, 1, 1, 1, 1, 1, 1, 1, 1, 0.761373460293, 0.860175490379, 1, 1, 1, 1, 1]
        mean: [0.047321524471, 0.0714229121804, 0.103785596788, 0.0885853916407, 0.0842174887657, 0.333331167698, 0.48193359375, 0.261655926704, 0.140599295497, 0.179798990488, 0.207670032978, 0.355012178421, 0.437577813864, 0.247598558664, 0.12378051877, 0.135253533721, 0.13633158803, 0.156565546989, 0.157680481672, 0.161400213838, 0.193524092436, 0.183066561818, 0.145441427827, 0.137773394585, 0.136875882745, 0.166368618608, 0.384822517633, 0.482753872871, 0.243402838707, 0.0863507837057, 0.0798781514168, 0.089456781745, 0.136782422662, 0.14600661397, 0.0956314876676, 0.0548557192087]
        min: [0.000635224743746, 0.000951394380536, 0.000582216773182, 0.000438020768343, 0.00344695616513, 0.0215924829245, 0.0426912121475, 0.00487205665559, 0.000615670636762, 0.00178244616836, 0.0045505114831, 0.00480758212507, 0.00558398896828, 0.00318371457979, 0.00128754007164, 0.00168301269878, 0.0019843056798, 0.00386363035068, 0.00332881743088, 0.00438857777044, 0.00168957305141, 0.000582304608542, 0.0009396225214, 0.000638372905087, 0.000890197581612, 0.00200539990328, 0.0178539771587, 0.0259247981012, 0.0134680261835, 0.000568890012801, 0.0015913315583, 0.000813327147625, 0.00197156658396, 0.0018989618402, 0.00118902197573, 0.000256986531895]
        var: [0.0108503159136, 0.0155067751184, 0.0194964390248, 0.011555752717, 0.0122907627374, 0.0543201304972, 0.107579797506, 0.0420985035598, 0.0435712486506, 0.0586944185197, 0.0625331774354, 0.0771114900708, 0.120897583663, 0.0510855764151, 0.0276832655072, 0.0436025895178, 0.0435184165835, 0.0411620475352, 0.0310134664178, 0.0414638780057, 0.0643747448921, 0.0558381266892, 0.0502034761012, 0.03941879794, 0.036963712424, 0.0486921407282, 0.0906953439116, 0.120813980699, 0.0487421825528, 0.0149845220149, 0.014749516733, 0.0255128350109, 0.0414030589163, 0.0429491326213, 0.0237384550273, 0.0140350591391]
    chords_histogram: [42.5925941467, 0, 23.148147583, 0, 0, 0, 0, 0, 0, 0, 0, 0, 3.70370364189, 0, 0, 0, 0, 29.6296291351, 0, 0, 0, 0.925925910473, 0, 0]
    thpcp: [1, 0.50419652462, 0.178871244192, 0.165463507175, 0.185305163264, 0.283337801695, 0.302445232868, 0.198095738888, 0.113630823791, 0.098024122417, 0.147948920727, 0.214986562729, 0.183500111103, 0.174452230334, 0.690478503704, 0.998300850391, 0.542006909847, 0.291244268417, 0.372444421053, 0.430177867413, 0.735389590263, 0.906420111656, 0.512887775898, 0.256405025721, 0.280170798302, 0.282403916121, 0.324317544699, 0.326627075672, 0.334332317114, 0.400875270367, 0.379213035107, 0.301274478436, 0.285390555859, 0.283531397581, 0.344624102116, 0.797140181065]
    chords_key: "B"
    chords_scale: "major"
    key_key: "B"
    key_scale: "major"
    chords_progression: ["C#m", "C#m", "F#", "F#", "F#", "F#", "F#", "F#", "F#", "F#", "F#", "F#", "F#", "F#", "F#", "F#", "F#", "F#", "F#", "F#", "F#", "Bm", "B", "B", "B", "B", "B", "B", "B", "B", "B", "Bm", "B", "B", "B", "Bm", "Bm", "Bm", "Bm", "Bm", "Bm", "Bm", "Bm", "Bm", "Bm", "Bm", "Bm", "Bm", "B", "B", "B", "B", "B", "Bm", "Bm", "Bm", "Bm", "Bm", "Bm", "Bm", "Bm", "Bm", "Bm", "Bm", "Bm", "Bm", "Bm", "Bm", "B", "B", "B", "Bm", "B", "Bm", "Bm", "Bm", "B", "B", "B", "B", "Bm", "B", "B", "B", "B", "B", "B", "B", "B", "B", "B", "B", "B", "B", "B", "B", "B", "B", "B", "B", "B", "B", "B", "B", "B", "B", "B", "B", "B", "B", "B", "B", "B", "B", "B", "B", "B", "B", "B", "B", "B", "B", "B", "B", "B", "B", "B", "B", "B", "B", "B", "B", "Bm", "Bm", "Bm", "Bm", "Bm", "Bm", "Bm", "Bm", "Bm", "Bm", "F#", "F#", "F#", "F#", "Bm", "Bm", "Bm", "Bm", "Bm", "Bm", "Bm", "Bm", "Bm", "Bm", "Bm", "F#", "F#", "F#", "F#", "F#", "F#", "F#", "F#", "F#", "F#", "F#", "F#", "F#", "F#", "F#", "F#", "F#", "F#", "F#", "F#", "F#", "F#", "F#", "F#", "F#", "F#", "F#", "Bm", "Bm", "Bm", "Bm", "Bm", "Bm", "Bm", "Bm", "B", "B", "B", "B", "B", "B", "B", "B", "B", "B", "B", "B", "F", "F", "F", "F", "F", "F", "F", "F", "B", "B", "B", "B"]
