
metadata:
    version:
        essentia: "1.2.2"
    audio_properties:
        analysis_sample_rate: 44100
        bitrate: 128
        channels: 2
        equal_loudness: 1
        length: 10.0310201645
        replay_gain: -9.34324455261
        downmix: "mix"
    tags:
        track: 8
        year: 0
        album: "Splitted by Mp3Splt v. 2.1"
        artist: "From 001.10 To 001.20"
        comment: "http://mp3splt.sf.net"
        genre: ""
        title: "05 Sea of Tears.mp3"

highlevel:
    ballroom:
        all:
            ChaChaCha: 0.00394707685336
            Jive: 0.0202387552708
            Quickstep: 0.030774274841
            Rumba-American: 0.00678003998473
            Rumba-International: 0.0114913238212
            Rumba-Misc: 0.0273580718786
            Samba: 0.0126343797892
            Tango: 0.0470384657383
            VienneseWaltz: 0.678560137749
            Waltz: 0.161177456379
        probability: 0.678560137749
        value: "VienneseWaltz"
    culture:
        all:
            non_western: 0.0274585876614
            western: 0.97254139185
        probability: 0.97254139185
        value: "western"
    gender:
        all:
            female: 0.739543616772
            male: 0.260456353426
        probability: 0.739543616772
        value: "female"
    genre_dortmund:
        all:
            alternative: 0.162110164762
            blues: 0.0200077705085
            electronic: 0.32698148489
            folkcountry: 0.0784375146031
            funksoulrnb: 0.0461868010461
            jazz: 0.0487099327147
            pop: 0.0572437681258
            raphiphop: 0.0063563613221
            rock: 0.253966212273
        probability: 0.32698148489
        value: "electronic"
    genre_electronica:
        all:
            ambient: 0.64150416851
            dnb: 0.051261767745
            house: 0.004103790503
            techno: 0.00128644355573
            trance: 0.301843851805
        probability: 0.64150416851
        value: "ambient"
    genre_rosamerica:
        all:
            cla: 0.189455509186
            dan: 0.0304839182645
            hip: 0.0260043796152
            jaz: 0.153194725513
            pop: 0.120183862746
            rhy: 0.0461645945907
            roc: 0.42408400774
            spe: 0.0104290116578
        probability: 0.42408400774
        value: "roc"
    genre_tzanetakis:
        all:
            blu: 0.0260956659913
            cla: 0.397560924292
            cou: 0.1036394611
            dis: 0.0244528558105
            hip: 0.00937198195606
            jaz: 0.086348503828
            met: 0.0162408351898
            pop: 0.138507634401
            reg: 0.0309044457972
            roc: 0.166877686977
        probability: 0.397560924292
        value: "cla"
    live_studio:
        all:
            live: 0.305987685919
            studio: 0.694012284279
        probability: 0.694012284279
        value: "studio"
    mood:
        all:
            Cluster1: 0.360165566206
            Cluster2: 0.262805849314
            Cluster3: 0.136398389935
            Cluster4: 0.122203290462
            Cluster5: 0.118426904082
        probability: 0.360165566206
        value: "Cluster1"
    mood_acoustic:
        all:
            acoustic: 0.0618750862777
            not_acoustic: 0.938124895096
        probability: 0.938124895096
        value: "not_acoustic"
    mood_aggressive:
        all:
            aggressive: 0.550490498543
            not_aggressive: 0.449509501457
        probability: 0.550490498543
        value: "aggressive"
    mood_electronic:
        all:
            electronic: 0.305331081152
            not_electronic: 0.69466894865
        probability: 0.69466894865
        value: "not_electronic"
    mood_happy:
        all:
            happy: 0.354929149151
            not_happy: 0.645070850849
        probability: 0.645070850849
        value: "not_happy"
    mood_party:
        all:
            not_party: 0.697628080845
            party: 0.302371919155
        probability: 0.697628080845
        value: "not_party"
    mood_relaxed:
        all:
            not_relaxed: 0.459331840277
            relaxed: 0.540668189526
        probability: 0.540668189526
        value: "relaxed"
    mood_sad:
        all:
            not_sad: 0.560698390007
            sad: 0.439301609993
        probability: 0.560698390007
        value: "not_sad"
    rhythm:
        all:
            fast: 0.025157103315
            medium: 0.819640517235
            slow: 0.155202388763
        probability: 0.819640517235
        value: "medium"
    speech_music:
        all:
            music: 0.969085514545
            speech: 0.0309144798666
        probability: 0.969085514545
        value: "music"
    timbre:
        all:
            bright: 0.299342900515
            dark: 0.700657129288
        probability: 0.700657129288
        value: "dark"
    voice_instrumental:
        all:
            instrumental: 0.748622953892
            voice: 0.251377016306
        probability: 0.748622953892
        value: "instrumental"

lowlevel:
    average_loudness: 0.968742191792
    barkbands_kurtosis:
        dmean: 0.658930122852
        dmean2: 1.04941403866
        dvar: 0.678511023521
        dvar2: 1.75275707245
        max: 7.19553184509
        mean: -0.0680116713047
        min: -1.50252842903
        var: 1.50956594944
    barkbands_skewness:
        dmean: 0.287835091352
        dmean2: 0.458052456379
        dvar: 0.063244342804
        dvar2: 0.175860583782
        max: 2.39404439926
        mean: 0.362044781446
        min: -1.29764711857
        var: 0.431606709957
    barkbands_spread:
        dmean: 2.97054648399
        dmean2: 4.59418058395
        dvar: 5.3337802887
        dvar2: 14.4133892059
        max: 32.8956375122
        mean: 17.6893959045
        min: 4.07527971268
        var: 34.3770904541
    dissonance:
        dmean: 0.0240673609078
        dmean2: 0.0399686954916
        dvar: 0.000473127205623
        dvar2: 0.00130075821653
        max: 0.498865813017
        mean: 0.452142685652
        min: 0.32591933012
        var: 0.000763315008953
    hfc:
        dmean: 1.77260410786
        dmean2: 2.9121119976
        dvar: 5.2226099968
        dvar2: 12.693772316
        max: 28.2131080627
        mean: 7.83182144165
        min: 2.9277196063e-06
        var: 19.2828712463
    pitch:
        dmean: 154.537460327
        dmean2: 289.323608398
        dvar: 50599.4023438
        dvar2: 135907.71875
        max: 1422.58068848
        mean: 342.305847168
        min: 78.0531005859
        var: 55411.015625
    pitch_instantaneous_confidence:
        dmean: 0.0839580148458
        dmean2: 0.138687193394
        dvar: 0.00405306229368
        dvar2: 0.0101837944239
        max: 0.761221349239
        mean: 0.462818324566
        min: 0.202752709389
        var: 0.0118397306651
    pitch_salience:
        dmean: 0.0593261197209
        dmean2: 0.0954443365335
        dvar: 0.00220285006799
        dvar2: 0.00631750794128
        max: 0.900022208691
        mean: 0.563523054123
        min: 0.349220514297
        var: 0.00623527541757
    silence_rate_20dB:
        dmean: 0
        dmean2: 0
        dvar: 0
        dvar2: 0
        max: 1
        mean: 1
        min: 1
        var: 0
    silence_rate_30dB:
        dmean: 0
        dmean2: 0
        dvar: 0
        dvar2: 0
        max: 1
        mean: 1
        min: 1
        var: 0
    silence_rate_60dB:
        dmean: 0.0671296268702
        dmean2: 0.134570762515
        dvar: 0.0626233294606
        dvar2: 0.139663025737
        max: 1
        mean: 0.0854503437877
        min: 0
        var: 0.07814848423
    spectral_centroid:
        dmean: 134.604492188
        dmean2: 210.721115112
        dvar: 13584.1982422
        dvar2: 36474.1914062
        max: 2447.08666992
        mean: 1360.18457031
        min: 638.272705078
        var: 177019.5
    spectral_complexity:
        dmean: 2.48259854317
        dmean2: 4.11627912521
        dvar: 6.0362443924
        dvar2: 15.6934661865
        max: 36
        mean: 15.2662038803
        min: 0
        var: 19.3434906006
    spectral_crest:
        dmean: 2.15093255043
        dmean2: 3.61553096771
        dvar: 4.16457891464
        dvar2: 11.6345272064
        max: 19.6158542633
        mean: 7.87243127823
        min: 3.25380086899
        var: 8.27694892883
    spectral_decrease:
        dmean: 2.86391355075e-10
        dmean2: 4.59270455e-10
        dvar: 1.04879923001e-19
        dvar2: 2.44704840612e-19
        max: -1.02141765522e-15
        mean: -1.31979538409e-09
        min: -4.37533209663e-09
        var: 2.74265173777e-19
    spectral_energy:
        dmean: 0.00122250895947
        dmean2: 0.00196939450689
        dvar: 1.97549775294e-06
        dvar2: 4.63457445221e-06
        max: 0.0190725363791
        mean: 0.00569158094004
        min: 4.12062473032e-09
        var: 5.10958443556e-06
    spectral_energyband_high:
        dmean: 9.60516917985e-05
        dmean2: 0.000158631068189
        dvar: 2.55035672581e-08
        dvar2: 6.11097163983e-08
        max: 0.00190031167585
        mean: 0.000223435286898
        min: 6.27379606599e-11
        var: 7.54444329232e-08
    spectral_energyband_low:
        dmean: 2.2430662284e-05
        dmean2: 3.48159192072e-05
        dvar: 2.21988338822e-09
        dvar2: 4.51156045855e-09
        max: 0.000953579437919
        mean: 7.02810866642e-05
        min: 8.80016226557e-10
        var: 1.24800090262e-08
    spectral_energyband_middle_high:
        dmean: 0.00092903879704
        dmean2: 0.00152486120351
        dvar: 1.59432158853e-06
        dvar2: 4.04891898143e-06
        max: 0.0140584176406
        mean: 0.00325017073192
        min: 1.02660835388e-09
        var: 3.72363183487e-06
    spectral_energyband_middle_low:
        dmean: 0.000560412881896
        dmean2: 0.000809712044429
        dvar: 4.08997578916e-07
        dvar2: 8.27189865049e-07
        max: 0.00955653283745
        mean: 0.00214768643491
        min: 1.97002969493e-09
        var: 2.48981814366e-06
    spectral_flatness_db:
        dmean: 0.0138001265004
        dmean2: 0.0227309223264
        dvar: 0.000152504828293
        dvar2: 0.000356762728188
        max: 0.258023768663
        mean: 0.183849394321
        min: 0.072340875864
        var: 0.000826381961815
    spectral_flux:
        dmean: 0.00703793810681
        dmean2: 0.0119432779029
        dvar: 5.59897853236e-05
        dvar2: 0.000126865546918
        max: 0.108085855842
        mean: 0.0393819063902
        min: 6.41920923954e-05
        var: 0.000123480116599
    spectral_kurtosis:
        dmean: 2.39831519127
        dmean2: 4.30767631531
        dvar: 5.66880989075
        dvar2: 15.3875894547
        max: 33.0878067017
        mean: 8.07829189301
        min: 1.64882040024
        var: 31.3909397125
    spectral_rms:
        dmean: 0.000250248704106
        dmean2: 0.000395764509449
        dvar: 6.58438708001e-08
        dvar2: 1.4464038145e-07
        max: 0.00431362399831
        mean: 0.00231135822833
        min: 2.00502404368e-06
        var: 2.10382225418e-07
    spectral_rolloff:
        dmean: 334.539001465
        dmean2: 569.578063965
        dvar: 121601.226562
        dvar2: 294811.84375
        max: 5426.3671875
        mean: 2331.76733398
        min: 925.927734375
        var: 495999.375
    spectral_skewness:
        dmean: 0.222996219993
        dmean2: 0.385887086391
        dvar: 0.0450821109116
        dvar2: 0.105574972928
        max: 4.24251937866
        mean: 1.91484820843
        min: 0.766372859478
        var: 0.422727942467
    spectral_spread:
        dmean: 255296.953125
        dmean2: 396686.84375
        dvar: 830204608512
        dvar2: 813399474176
        max: 21392030
        mean: 2952498
        min: 1597801.5
        var: 1.24837442355e+12
    spectral_strongpeak:
        dmean: 0.531621396542
        dmean2: 0.891213536263
        dvar: 0.434700787067
        dvar2: 1.12149107456
        max: 6.50549030304
        mean: 1.21636033058
        min: 0
        var: 0.93874335289
    zerocrossingrate:
        dmean: 0.0060327090323
        dmean2: 0.00763535592705
        dvar: 3.10855539283e-05
        dvar2: 5.00930327689e-05
        max: 0.1240234375
        mean: 0.0755343958735
        min: 0.03466796875
        var: 0.000413330330048
    barkbands:
        dmean: [7.50659197024e-08, 1.3877101992e-05, 1.52021684698e-05, 4.6206976549e-05, 0.000175173801836, 8.25842944323e-05, 0.000281970511423, 0.000138715273351, 0.000228238874115, 0.000190497157746, 0.00034972015419, 0.000319936050801, 0.000177224908839, 8.81100058905e-05, 8.43180314405e-05, 0.000275861442788, 9.69701723079e-05, 0.000264744187007, 8.23890150059e-05, 7.58571113693e-05, 4.52853855677e-05, 2.57302781392e-05, 7.10840708962e-07, 8.33230231478e-08, 2.85949198542e-07, 1.72137193388e-09, 8.40878311426e-10]
        dmean2: [1.13453467065e-07, 1.94498006749e-05, 2.33745704463e-05, 6.52817034279e-05, 0.00030041419086, 0.000130743937916, 0.000400552293286, 0.000218759203563, 0.00030998128932, 0.000314153701765, 0.000557184568606, 0.000529492273927, 0.000300334068015, 0.00015070810332, 0.000147677536006, 0.000474907952594, 0.000153799453983, 0.000455096916994, 0.000144064528286, 0.000126688930322, 7.71870181779e-05, 4.41500669695e-05, 1.09407619675e-06, 1.37661842814e-07, 4.89601575282e-07, 2.46291498307e-09, 1.02969888172e-09]
        dvar: [1.23123074439e-14, 6.10593298145e-10, 1.17360632323e-09, 6.75518840865e-09, 1.25970188947e-07, 1.57525334998e-08, 2.45488138262e-07, 3.67853552063e-08, 8.60432152194e-08, 5.57569457271e-08, 4.59407374365e-07, 3.35228008908e-07, 8.72535537155e-08, 1.36699513931e-08, 2.66565614027e-08, 2.15654608837e-07, 1.90131057565e-08, 1.80170516728e-07, 1.75407972591e-08, 1.64021667359e-08, 9.03573216249e-09, 3.47318707128e-09, 3.00579700019e-12, 1.69056273565e-14, 1.88744657924e-12, 1.62939109087e-16, 1.69804734641e-16]
        dvar2: [2.82238798034e-14, 1.16015008711e-09, 2.49796716645e-09, 1.50443089098e-08, 3.76499514232e-07, 3.41543113791e-08, 3.77867991119e-07, 8.58420108329e-08, 1.57024857117e-07, 1.38964708185e-07, 1.05261119643e-06, 9.55090172283e-07, 2.5209112664e-07, 3.94991950259e-08, 7.93930041709e-08, 6.45976285796e-07, 3.85689666871e-08, 5.06479295836e-07, 4.96454362064e-08, 4.13353404838e-08, 2.60216221903e-08, 9.7263157528e-09, 7.17422128649e-12, 3.86546297629e-14, 5.34622780074e-12, 1.72734224559e-16, 1.70065792842e-16]
        max: [1.47793116412e-06, 0.000374380149879, 0.000718586728908, 0.00121996621601, 0.00336323142983, 0.00198327098042, 0.00814417004585, 0.00238260021433, 0.00320111145265, 0.00295196054503, 0.00737697770819, 0.00646110530943, 0.00221085129306, 0.00100153812673, 0.002185362624, 0.00549131119624, 0.00145939830691, 0.00444659451023, 0.00116687722038, 0.00177551677916, 0.000738629663829, 0.000585710862651, 2.86898102786e-05, 2.20990159505e-06, 1.95884604182e-05, 2.62240490656e-07, 2.7103260436e-07]
        mean: [1.89294951269e-07, 3.58754696208e-05, 3.4225089621e-05, 9.07825160539e-05, 0.000321515777614, 0.000154961991939, 0.000765311706346, 0.000282440538285, 0.000515176274348, 0.000311970768962, 0.000530585588422, 0.000517656968441, 0.000270031072432, 0.000162466531037, 0.000120528944535, 0.000518055865541, 0.000189487909665, 0.000432782573625, 0.000168386963196, 0.000143402794492, 7.99844492576e-05, 4.34151879745e-05, 1.57116232913e-06, 2.73854681154e-07, 5.01283011545e-07, 3.75380349027e-09, 8.01089417024e-10]
        min: [9.01528574015e-11, 4.66903238294e-10, 2.3599047716e-10, 1.83782794538e-10, 3.42180589419e-10, 2.6901203487e-10, 2.04835898243e-10, 2.48964793226e-10, 6.31327379264e-10, 4.87897222623e-10, 1.83201523396e-10, 5.58382264038e-11, 5.82934950311e-11, 8.65430088703e-11, 6.61906432442e-11, 2.64122231031e-11, 2.06817514503e-11, 2.06625185711e-11, 9.77089589793e-11, 2.85397712407e-11, 1.60199891547e-11, 1.27729771204e-11, 4.19235696505e-12, 3.59027326098e-12, 4.04631883555e-12, 3.4159027603e-12, 2.21293032591e-14]
        var: [5.361658925e-14, 2.18666262874e-09, 6.78042999525e-09, 1.84393762481e-08, 3.27848340476e-07, 5.80826444718e-08, 1.10663575015e-06, 1.14119863781e-07, 3.45636948396e-07, 9.6747164946e-08, 7.72243140545e-07, 3.44835569877e-07, 1.00155098437e-07, 2.58531276387e-08, 1.88899509368e-08, 4.38688203985e-07, 3.41506236623e-08, 3.65906942079e-07, 3.39265646687e-08, 3.34371144106e-08, 1.49984362707e-08, 6.07008310283e-09, 5.56530732956e-12, 6.81826963595e-14, 2.25150453836e-12, 1.68598639133e-16, 1.69485270871e-16]
    mfcc:
        mean: [-719.391479492, 147.590896606, -86.9986190796, 29.4705371857, -29.7517261505, -7.74448299408, -4.70842456818, -4.42703294754, 2.4886610508, -12.102265358, -1.48363471031, 0.870639503002, 1.50497615337]
        cov: [[1907.89807129, -388.663848877, -77.7348098755, 308.324859619, -73.2010650635, 130.698257446, 12.9365596771, 21.9135875702, 67.4293670654, -120.88961792, 69.0746002197, 112.70349884, 83.8469772339], [-388.663848877, 728.569580078, 49.6323928833, -276.098571777, 185.007400513, -141.3099823, -46.0910491943, -80.4419708252, -103.74382019, 26.8315124512, 21.9302806854, -115.271354675, -54.2688598633], [-77.7348098755, 49.6323928833, 323.451416016, -54.9612541199, -5.024954319, -17.6818561554, -45.881023407, -60.6149482727, 16.544298172, 13.5789403915, 88.456741333, -55.2200241089, -64.6475296021], [308.324859619, -276.098571777, -54.9612541199, 286.170898438, -5.65833997726, 101.395721436, 51.224811554, 61.7259674072, 46.5118865967, -27.4343795776, 23.1500148773, 92.4968032837, 65.6909179688], [-73.2010650635, 185.007400513, -5.024954319, -5.65833997726, 157.326507568, 3.54321885109, 16.1554107666, -20.6888046265, -46.2372589111, -19.4987239838, 17.4284725189, -11.7352933884, 4.94515275955], [130.698257446, -141.3099823, -17.6818561554, 101.395721436, 3.54321885109, 137.88911438, 15.7405853271, 16.3196525574, 26.2070446014, -75.0060119629, -3.5278365612, 31.4228630066, 26.3305015564], [12.9365596771, -46.0910491943, -45.881023407, 51.224811554, 16.1554107666, 15.7405853271, 97.6314620972, 58.2708091736, 7.59006357193, 29.6377468109, -6.1278181076, 38.7230949402, 28.1062602997], [21.9135875702, -80.4419708252, -60.6149482727, 61.7259674072, -20.6888046265, 16.3196525574, 58.2708091736, 102.651725769, 27.972984314, 33.8561134338, -8.00424003601, 44.393283844, 25.0655422211], [67.4293670654, -103.74382019, 16.544298172, 46.5118865967, -46.2372589111, 26.2070446014, 7.59006357193, 27.972984314, 80.2500305176, 5.3549323082, 1.79263031483, 7.54376363754, 2.24670815468], [-120.88961792, 26.8315124512, 13.5789403915, -27.4343795776, -19.4987239838, -75.0060119629, 29.6377468109, 33.8561134338, 5.3549323082, 165.266235352, 17.2362651825, 15.1306428909, -12.5516319275], [69.0746002197, 21.9302806854, 88.456741333, 23.1500148773, 17.4284725189, -3.5278365612, -6.1278181076, -8.00424003601, 1.79263031483, 17.2362651825, 96.9882659912, 18.6055030823, -2.46437144279], [112.70349884, -115.271354675, -55.2200241089, 92.4968032837, -11.7352933884, 31.4228630066, 38.7230949402, 44.393283844, 7.54376363754, 15.1306428909, 18.6055030823, 97.6378097534, 54.1612930298], [83.8469772339, -54.2688598633, -64.6475296021, 65.6909179688, 4.94515275955, 26.3305015564, 28.1062602997, 25.0655422211, 2.24670815468, -12.5516319275, -2.46437144279, 54.1612930298, 78.8922271729]]
        icov: [[0.000723543926142, 7.5108713645e-05, 0.000343096122378, -0.000582865730394, 0.000393832131522, 0.000135456430144, -0.000100406257843, 0.000413253117586, -0.000208059384022, 0.00052800035337, -0.00082744617248, -3.8369485992e-05, -2.58383970504e-05], [7.5108713645e-05, 0.00469312118366, 0.000498243141919, 0.00336363143288, -0.00505527528003, 0.00203606719151, 0.0010628697928, -0.0010005683871, 0.000475896697026, 7.952674423e-06, -0.00191631284542, 0.0024266091641, -0.00140549230855], [0.000343096122378, 0.000498243141919, 0.00643922854215, 0.000483601703309, 0.000568539951928, -0.000713732501026, -0.000574183824938, 0.00261752773076, -0.00171777419746, -0.000318145786878, -0.00671846652403, 0.00296376971528, 0.00218121614307], [-0.000582865730394, 0.00336363143288, 0.000483601703309, 0.0100687695667, -0.00457225972787, -0.00181861501187, 0.000327357760398, -0.00198889058083, -0.00217701215297, -5.92152828176e-05, -0.00222170469351, -0.0019036415033, -0.0023554568179], [0.000393832131522, -0.00505527528003, 0.000568539951928, -0.00457225972787, 0.0150940576568, -0.00310835801065, -0.00494186626747, 0.00301551935263, 0.00464404467493, 0.000894292257726, -0.00194790097885, 0.00134151556995, 0.00029903309769], [0.000135456430144, 0.00203606719151, -0.000713732501026, -0.00181861501187, -0.00310835801065, 0.0154322665185, -0.000961631245445, -0.000767588091549, -0.00301783089526, 0.00676683709025, 0.000848370604217, -0.0023722324986, 0.000634430500213], [-0.000100406257843, 0.0010628697928, -0.000574183824938, 0.000327357760398, -0.00494186626747, -0.000961631245445, 0.0190537255257, -0.00897177588195, 0.000555590784643, -0.00304601620883, 0.00238077389076, -0.00166752049699, -0.00249341502786], [0.000413253117586, -0.0010005683871, 0.00261752773076, -0.00198889058083, 0.00301551935263, -0.000767588091549, -0.00897177588195, 0.0206227768213, -0.00493652932346, -0.0020301900804, -0.000198583278689, -0.00375161436386, 0.0017716755392], [-0.000208059384022, 0.000475896697026, -0.00171777419746, -0.00217701215297, 0.00464404467493, -0.00301783089526, 0.000555590784643, -0.00493652932346, 0.019882729277, -0.00149510218762, -0.000231865473324, 0.00476400135085, -0.00104172795545], [0.00052800035337, 7.952674423e-06, -0.000318145786878, -5.92152828176e-05, 0.000894292257726, 0.00676683709025, -0.00304601620883, -0.0020301900804, -0.00149510218762, 0.0113610271364, -0.00156433985103, -0.00364937097766, 0.00295522459783], [-0.00082744617248, -0.00191631284542, -0.00671846652403, -0.00222170469351, -0.00194790097885, 0.000848370604217, 0.00238077389076, -0.000198583278689, -0.000231865473324, -0.00156433985103, 0.0205074250698, -0.00877908430994, 0.00138498155866], [-3.8369485992e-05, 0.0024266091641, 0.00296376971528, -0.0019036415033, 0.00134151556995, -0.0023722324986, -0.00166752049699, -0.00375161436386, 0.00476400135085, -0.00364937097766, -0.00877908430994, 0.0287220217288, -0.0124914040789], [-2.58383970504e-05, -0.00140549230855, 0.00218121614307, -0.0023554568179, 0.00029903309769, 0.000634430500213, -0.00249341502786, 0.0017716755392, -0.00104172795545, 0.00295522459783, 0.00138498155866, -0.0124914040789, 0.0246985089034]]
    spectral_contrast:
        mean: [-1.58790498972e-07, 3.48592465116e-07, 2.85277906187e-07, 7.71100587826e-08, -2.99264996784e-07, 1.47424913166e-07, 6.92559069648e-07, -1.5702098608e-06, -4.71318202244e-07, -1.8699232669e-06, 2.50532661994e-06, 1.73157005179e-07]
        var: [0.000638191704638, 0.00101101316977, 0.00187219213694, 0.00245763501152, 0.00324894674122, 0.00578004447743, 0.036800544709, 0.066683806479, 0.0985702127218, 0.176022320986, 0.364858031273, 0.768547773361]

rhythm:
    beats_loudness:
        dmean: 0.00222581089474
        dmean2: 0.00330713088624
        dvar: 3.05176035909e-06
        dvar2: 8.82993572304e-06
        max: 0.0127354655415
        mean: 0.00623217271641
        min: 0.00290546729229
        var: 5.86694886806e-06
    beats_loudness_bass:
        dmean: 0.0304455254227
        dmean2: 0.0485498905182
        dvar: 0.00117494689766
        dvar2: 0.00309411738999
        max: 0.133885458112
        mean: 0.0266681611538
        min: 0.0009482227033
        var: 0.00108356657438
    bpm: 125.70161438
    bpm_confidence: 0
    first_peak_bpm: 123
    first_peak_spread: 0
    first_peak_weight: 0.578947365284
    onset_rate: 2.8910317421
    second_peak_bpm: 128
    second_peak_spread: 0
    second_peak_weight: 0.368421047926
    beats_position: [0.0971220433712, 0.584066033363, 1.07100999355, 1.55795407295, 2.04489803314, 2.53184199333, 3.01878619194, 3.50573015213, 3.99267435074, 4.47961854935, 4.96656227112, 5.45350646973, 6.22078084946, 6.68885993958, 7.15693950653, 7.62501811981, 8.09309768677, 8.56117725372, 9.02925682068, 9.49733543396]
    bpm_estimates: [123.063285828, 123.372009277, 128.716384888, 127.654800415]
    bpm_intervals: [0.486943989992, 0.48694396019, 0.486944079399, 0.48694396019, 0.48694396019, 0.486944198608, 0.48694396019, 0.486944198608, 0.486944198608, 0.486943721771, 0.486944198608, 0.76727437973, 0.468079090118, 0.468079566956, 0.468078613281, 0.468079566956, 0.468079566956, 0.468079566956, 0.468078613281]
    onset_times: [0.0580498874187, 0.150929704309, 0.592108845711, 0.870748281479, 1.39319729805, 1.6137868166, 1.86920630932, 2.11301589012, 2.27555561066, 2.48453521729, 3.73841261864, 4.14476203918, 4.6439909935, 5.1780500412, 5.64244890213, 6.40870761871, 6.65251684189, 6.88471651077, 7.19818592072, 7.30267572403, 7.51165533066, 7.80190467834, 7.92961454391, 8.11537456512, 8.40562343597, 8.52172374725, 8.90485286713, 9.27637195587, 9.72916126251]
    rubato_start: []
    rubato_stop: []
    perceptual_tempo: "unknown"

sfx:
    inharmonicity:
        dmean: 0.0554459393024
        dmean2: 0.0965765565634
        dvar: 0.00434686755762
        dvar2: 0.0118158338591
        max: 0.396820515394
        mean: 0.0594286955893
        min: 0
        var: 0.00406658090651
    oddtoevenharmonicenergyratio:
        dmean: 3.07010197639
        dmean2: 5.6514673233
        dvar: 33.9665222168
        dvar2: 99.0929107666
        max: 48.8741149902
        mean: 2.3184170723
        min: 0
        var: 24.2860488892
    pitch_after_max_to_before_max_energy_ratio: 3.96611976624
    pitch_centroid: 222.864028931
    pitch_max_to_total: 0.331018507481
    pitch_min_to_total: 0.00462962966412
    tristimulus:
        dmean: [0.186437278986, 0.252832263708, 0.106649458408]
        dmean2: [0.322521656752, 0.444082379341, 0.191306173801]
        dvar: [0.0296651683748, 0.0528879724443, 0.011555002071]
        dvar2: [0.0796704813838, 0.148034885526, 0.0326940082014]
        max: [1, 0.982511401176, 0.830621421337]
        mean: [0.31744453311, 0.525978088379, 0.102319799364]
        min: [0.00462576188147, 0, 0]
        var: [0.046177778393, 0.0636121109128, 0.011766015552]

tonal:
    chords_changes_rate: 0.0599078349769
    chords_number_rate: 0.0276497695595
    chords_strength:
        dmean: 0.00656634522602
        dmean2: 0.00682071270421
        dvar: 2.93599950965e-05
        dvar2: 2.71748758678e-05
        max: 0.649912416935
        mean: 0.468597739935
        min: 0.358440041542
        var: 0.0050910031423
    key_strength: 0.694707751274
    tuning_diatonic_strength: 0.610196471214
    tuning_equal_tempered_deviation: 0.113407216966
    tuning_frequency: 437.971466064
    tuning_nontempered_energy_ratio: 0.728843569756
    hpcp:
        dmean: [0.0321738235652, 0.0349960029125, 0.122599728405, 0.195748597383, 0.180654898286, 0.084820471704, 0.0354616194963, 0.0334322340786, 0.0485423579812, 0.0887777283788, 0.0807190462947, 0.0869009569287, 0.120931148529, 0.106578238308, 0.0683867409825, 0.0610871016979, 0.0402858704329, 0.122696980834, 0.229676187038, 0.199518680573, 0.0949069932103, 0.0533391311765, 0.0350885055959, 0.0649783536792, 0.107892505825, 0.0941396728158, 0.052000708878, 0.0771724283695, 0.0702743381262, 0.0454369001091, 0.0492691136897, 0.0460074692965, 0.105419844389, 0.198464229703, 0.172514125705, 0.070343695581]
        dmean2: [0.0563573874533, 0.062644392252, 0.202555805445, 0.340861141682, 0.291676938534, 0.142206192017, 0.0595624223351, 0.0539406388998, 0.0826933681965, 0.145181715488, 0.12453661114, 0.148722276092, 0.201219409704, 0.167717918754, 0.109431132674, 0.102353408933, 0.0698531866074, 0.209952503443, 0.381774932146, 0.324989557266, 0.162351801991, 0.0893319323659, 0.0577732473612, 0.106356911361, 0.182014077902, 0.160899862647, 0.0908152610064, 0.128926336765, 0.114639550447, 0.0763122290373, 0.0829380452633, 0.0782894194126, 0.177471160889, 0.348357766867, 0.283668935299, 0.123536884785]
        dvar: [0.00267887511291, 0.00416223891079, 0.0203646291047, 0.0511580742896, 0.0335859507322, 0.00992120150477, 0.00609679566696, 0.00565335713327, 0.00820543523878, 0.0147346500307, 0.0110071217641, 0.00953073706478, 0.0248677451164, 0.0159710478038, 0.00497604580596, 0.00782024674118, 0.00961939338595, 0.0127898519859, 0.0516771860421, 0.0318602509797, 0.0144103029743, 0.00725935678929, 0.00263796024956, 0.00548674864694, 0.0261978749186, 0.0160171482712, 0.00373159791343, 0.0126622570679, 0.0123833101243, 0.00317798973992, 0.00633645616472, 0.0106672905385, 0.0111177144572, 0.0511013604701, 0.0346995517612, 0.0154650798067]
        dvar2: [0.00754618551582, 0.0114553831518, 0.0516403913498, 0.120373144746, 0.0797857418656, 0.0256051011384, 0.0115678915754, 0.00922654382885, 0.0170447509736, 0.0396271646023, 0.0236649196595, 0.0261667892337, 0.0680882111192, 0.0384406410158, 0.0131626985967, 0.0213143490255, 0.0280779022723, 0.0308387484401, 0.115393772721, 0.0856256708503, 0.0394184850156, 0.0190507601947, 0.00663279974833, 0.0123793147504, 0.0572419911623, 0.0394227989018, 0.00973768252879, 0.0271867197007, 0.0307907368988, 0.00850088335574, 0.0173733774573, 0.0307842306793, 0.0298999529332, 0.117378808558, 0.0848557502031, 0.0472184680402]
        max: [0.324768513441, 0.490715265274, 0.922305226326, 1, 1, 0.932495713234, 1, 0.838460445404, 1, 1, 1, 0.702091574669, 1, 1, 0.579467892647, 0.723396420479, 1, 0.786642313004, 1, 1, 1, 0.711987674236, 0.345045417547, 0.547219455242, 1, 0.894381821156, 0.529528200626, 1, 1, 0.432901263237, 0.72292226553, 1, 0.891764521599, 1, 1, 1]
        mean: [0.0438829734921, 0.0356850475073, 0.20748655498, 0.515436828136, 0.428282499313, 0.122482992709, 0.0595993436873, 0.0625665634871, 0.0837759301066, 0.220447137952, 0.265938222408, 0.180795252323, 0.207831069827, 0.190927281976, 0.127237349749, 0.0985692888498, 0.0594826228917, 0.235532402992, 0.543325603008, 0.42497253418, 0.125993773341, 0.0630539059639, 0.057997174561, 0.127253636718, 0.24972037971, 0.1942884624, 0.0978959798813, 0.155128702521, 0.135478422046, 0.0710053816438, 0.0730125159025, 0.0623741298914, 0.179436340928, 0.390202283859, 0.294740885496, 0.0903958231211]
        min: [0, 0, 0, 0, 0, 0, 0, 0, 0, 0, 0, 0, 0, 0, 0, 0, 0, 0, 0, 0, 0, 0, 0, 0, 0, 0, 0, 0, 0, 0, 0, 0, 0, 0, 0, 0]
        var: [0.00324306823313, 0.00301394751295, 0.0360078364611, 0.140336126089, 0.0954875275493, 0.0154413916171, 0.0196128357202, 0.0184472724795, 0.0163265336305, 0.0681365430355, 0.10805889219, 0.0244417339563, 0.0407119356096, 0.0303740128875, 0.0104372501373, 0.0107240090147, 0.00584075599909, 0.026134243235, 0.117696225643, 0.0756373405457, 0.0209404472262, 0.00822784379125, 0.00428850343451, 0.0159925688058, 0.0828366950154, 0.0468983203173, 0.00619381200522, 0.0434660054743, 0.036346539855, 0.00545469252393, 0.00721869943663, 0.00722292950377, 0.0263135824353, 0.111644677818, 0.0683899596334, 0.0131454151124]
    chords_histogram: [22.5806446075, 0, 5.99078321457, 0, 0, 0, 0, 0, 0, 0, 0, 0, 0, 0, 0, 4.14746522903, 0, 27.6497688293, 0, 35.9447021484, 0, 3.68663597107, 0, 0]
    thpcp: [1, 0.782169163227, 0.231893673539, 0.116051785648, 0.106744781137, 0.234212473035, 0.459614604712, 0.357591211796, 0.180179208517, 0.285517007113, 0.249350339174, 0.130686610937, 0.13438077271, 0.114800646901, 0.330255627632, 0.718173921108, 0.542475581169, 0.166375041008, 0.0807673558593, 0.0656789392233, 0.38188251853, 0.948670208454, 0.78826123476, 0.225432023406, 0.109693601727, 0.115154825151, 0.154191017151, 0.405736714602, 0.489463806152, 0.332756727934, 0.382516622543, 0.351404905319, 0.2341825068, 0.181418448687, 0.109478779137, 0.433501392603]
    chords_key: "D#"
    chords_scale: "minor"
    key_key: "G#"
    key_scale: "major"
    chords_progression: ["D#m", "D#m", "D#m", "D#m", "D#m", "D#m", "D#m", "D#m", "D#m", "D#m", "D#m", "D#m", "D#m", "D#m", "D#m", "D#m", "D#m", "D#m", "D#m", "D#m", "D#m", "D#m", "D#m", "D#m", "D#m", "D#m", "D#m", "D#m", "D#m", "D#m", "D#m", "D#m", "D#m", "D#m", "D#m", "D#m", "D#m", "D#m", "D#m", "D#m", "D#m", "D#m", "D#", "D#", "D#", "D#", "D#", "D#", "D#", "D#", "D#m", "D#m", "D#m", "D#m", "D#m", "D#m", "D#m", "D#m", "D#m", "D#m", "D#m", "D#m", "D#m", "D#m", "D#m", "D#m", "D#m", "D#m", "D#", "D#", "D#", "D#", "D#", "G#", "G#", "G#", "G#", "G#", "G#", "G#", "G#", "G#", "G#", "G#", "G#", "G#", "G#", "G#", "G#", "G#", "G#", "G#", "G#", "G#", "G#", "G#", "G#", "G#", "G#", "G#", "G#", "G#", "G#", "G#", "G#", "G#", "G#", "G#", "G#", "C#m", "C#m", "C#m", "C#m", "C#m", "C#m", "C#m", "C#m", "C#m", "G#m", "G#m", "G#m", "G#m", "G#m", "G#m", "G#m", "G#m", "G#m", "G#m", "G#m", "G#m", "G#m", "G#m", "G#m", "G#m", "G#m", "G#m", "G#m", "G#m", "G#m", "G#m", "G#m", "G#m", "D#m", "D#m", "G#m", "G#m", "G#m", "G#m", "G#m", "G#m", "G#m", "G#m", "G#m", "G#m", "G#m", "G#m", "G#m", "G#m", "G#m", "G#m", "G#m", "G#m", "G#m", "G#m", "G#m", "G#m", "G#m", "G#m", "G#m", "G#m", "G#m", "G#m", "G#m", "G#m", "G#m", "G#m", "G#m", "G#m", "G#m", "G#m", "G#", "D#m", "D#m", "D#m", "D#m", "D#m", "D#m", "D#m", "D#m", "G#", "G#", "G#", "G#", "G#", "G#", "G#", "G#", "G#", "G#", "G#", "G#", "D#m", "D#m", "D#m", "D#m", "D#m", "D#m", "D#m", "D#m", "A#m", "A#m", "A#m", "A#m", "A#m", "A#m", "A#m", "A#m"]
