
metadata:
    version:
        essentia: "1.2.2"
    audio_properties:
        analysis_sample_rate: 44100
        bitrate: 128
        channels: 2
        equal_loudness: 1
        length: 10.0048980713
        replay_gain: -9.58783531189
        downmix: "mix"
    tags:
        track: 17
        year: 0
        album: "Splitted by Mp3Splt v. 2.1"
        artist: "From 002.40 To 002.50"
        comment: "http://mp3splt.sf.net"
        genre: ""
        title: "12 It's Alright.mp3"

highlevel:
    ballroom:
        all:
            ChaChaCha: 0.341947823763
            Jive: 0.41726604104
            Quickstep: 0.0119450688362
            Rumba-American: 0.000507028074935
            Rumba-International: 0.002754235873
            Rumba-Misc: 0.00213395594619
            Samba: 0.220881298184
            Tango: 0.000692809640896
            VienneseWaltz: 0.0014391655568
            Waltz: 0.000432561850175
        probability: 0.41726604104
        value: "Jive"
    culture:
        all:
            non_western: 0.0795390531421
            western: 0.920460939407
        probability: 0.920460939407
        value: "western"
    gender:
        all:
            female: 0.15701122582
            male: 0.842988789082
        probability: 0.842988789082
        value: "male"
    genre_dortmund:
        all:
            alternative: 0.0789612531662
            blues: 0.0218184553087
            electronic: 0.0563365072012
            folkcountry: 0.0589879713953
            funksoulrnb: 0.0214470587671
            jazz: 0.0342476852238
            pop: 0.208991274238
            raphiphop: 0.0559865869582
            rock: 0.463223189116
        probability: 0.463223189116
        value: "rock"
    genre_electronica:
        all:
            ambient: 0.0496629290283
            dnb: 0.264518171549
            house: 0.0575204715133
            techno: 0.0494935438037
            trance: 0.578804910183
        probability: 0.578804910183
        value: "trance"
    genre_rosamerica:
        all:
            cla: 0.00898582395166
            dan: 0.217152252793
            hip: 0.0472206622362
            jaz: 0.00581859052181
            pop: 0.293599367142
            rhy: 0.127265959978
            roc: 0.295304119587
            spe: 0.00465321680531
        probability: 0.295304119587
        value: "roc"
    genre_tzanetakis:
        all:
            blu: 0.00292141013779
            cla: 0.00262210983783
            cou: 0.0862112641335
            dis: 0.385002017021
            hip: 0.0303590893745
            jaz: 0.00901435129344
            met: 0.0499797984958
            pop: 0.13878005743
            reg: 0.0137204797938
            roc: 0.281389415264
        probability: 0.385002017021
        value: "dis"
    live_studio:
        all:
            live: 0.00628784345463
            studio: 0.993712127209
        probability: 0.993712127209
        value: "studio"
    mood:
        all:
            Cluster1: 0.257051497698
            Cluster2: 0.339121222496
            Cluster3: 0.150481626391
            Cluster4: 0.0829813405871
            Cluster5: 0.170364335179
        probability: 0.339121222496
        value: "Cluster2"
    mood_acoustic:
        all:
            acoustic: 0.00584853207693
            not_acoustic: 0.994151473045
        probability: 0.994151473045
        value: "not_acoustic"
    mood_aggressive:
        all:
            aggressive: 0.856709063053
            not_aggressive: 0.143290907145
        probability: 0.856709063053
        value: "aggressive"
    mood_electronic:
        all:
            electronic: 0.50657504797
            not_electronic: 0.493424981833
        probability: 0.50657504797
        value: "electronic"
    mood_happy:
        all:
            happy: 0.875798940659
            not_happy: 0.124201089144
        probability: 0.875798940659
        value: "happy"
    mood_party:
        all:
            not_party: 0.215432718396
            party: 0.784567296505
        probability: 0.784567296505
        value: "party"
    mood_relaxed:
        all:
            not_relaxed: 0.304239302874
            relaxed: 0.695760726929
        probability: 0.695760726929
        value: "relaxed"
    mood_sad:
        all:
            not_sad: 0.956924855709
            sad: 0.0430751405656
        probability: 0.956924855709
        value: "not_sad"
    rhythm:
        all:
            fast: 0.715796947479
            medium: 0.0382642783225
            slow: 0.245938792825
        probability: 0.715796947479
        value: "fast"
    speech_music:
        all:
            music: 0.999970078468
            speech: 2.99469575111e-05
        probability: 0.999970078468
        value: "music"
    timbre:
        all:
            bright: 0.985404908657
            dark: 0.0145950708538
        probability: 0.985404908657
        value: "bright"
    voice_instrumental:
        all:
            instrumental: 0.313627541065
            voice: 0.686372458935
        probability: 0.686372458935
        value: "voice"

lowlevel:
    average_loudness: 0.978609442711
    barkbands_kurtosis:
        dmean: 0.741693735123
        dmean2: 1.2099275589
        dvar: 1.98145115376
        dvar2: 4.3803601265
        max: 13.6133766174
        mean: -0.84983253479
        min: -1.8134560585
        var: 3.42176985741
    barkbands_skewness:
        dmean: 0.491397917271
        dmean2: 0.796859681606
        dvar: 0.249286949635
        dvar2: 0.664961755276
        max: 3.43219804764
        mean: -0.0725033655763
        min: -3.04991269112
        var: 0.596540212631
    barkbands_spread:
        dmean: 6.57698345184
        dmean2: 10.4823026657
        dvar: 37.5249710083
        dvar2: 98.9769439697
        max: 68.2154922485
        mean: 38.594039917
        min: 7.04342365265
        var: 89.5270843506
    dissonance:
        dmean: 0.0188573542982
        dmean2: 0.031017433852
        dvar: 0.000391837500501
        dvar2: 0.000914414180443
        max: 0.499116718769
        mean: 0.46521499753
        min: 0.221630975604
        var: 0.000589617178775
    hfc:
        dmean: 5.05423593521
        dmean2: 8.61651706696
        dvar: 83.836730957
        dvar2: 227.467376709
        max: 66.2260284424
        mean: 10.2598371506
        min: 0.00158579309937
        var: 81.3090362549
    pitch:
        dmean: 817.191589355
        dmean2: 1566.98364258
        dvar: 1924913.875
        dvar2: 5149549
        max: 5512.5
        mean: 987.397277832
        min: 81.9702606201
        var: 1994199.125
    pitch_instantaneous_confidence:
        dmean: 0.103414990008
        dmean2: 0.167624607682
        dvar: 0.00728391064331
        dvar2: 0.0184223037213
        max: 0.798290848732
        mean: 0.436431825161
        min: 0.157557725906
        var: 0.0156017346308
    pitch_salience:
        dmean: 0.0750249400735
        dmean2: 0.125444725156
        dvar: 0.00414789374918
        dvar2: 0.0119796181098
        max: 0.839252352715
        mean: 0.594236731529
        min: 0.347930788994
        var: 0.00695674167946
    silence_rate_20dB:
        dmean: 0
        dmean2: 0
        dvar: 0
        dvar2: 0
        max: 1
        mean: 1
        min: 1
        var: 0
    silence_rate_30dB:
        dmean: 0
        dmean2: 0
        dvar: 0
        dvar2: 0
        max: 1
        mean: 1
        min: 1
        var: 0
    silence_rate_60dB:
        dmean: 0.1252900213
        dmean2: 0.248837202787
        dvar: 0.109592348337
        dvar2: 0.228778079152
        max: 1
        mean: 0.224537029862
        min: 0
        var: 0.174118965864
    spectral_centroid:
        dmean: 398.874755859
        dmean2: 644.608886719
        dvar: 164051.21875
        dvar2: 438150.34375
        max: 4242.74121094
        mean: 1883.04382324
        min: 311.285766602
        var: 383514.09375
    spectral_complexity:
        dmean: 4.79534864426
        dmean2: 7.60372972488
        dvar: 26.3860588074
        dvar2: 63.7543373108
        max: 46
        mean: 15.9698371887
        min: 0
        var: 49.8807449341
    spectral_crest:
        dmean: 1.91636490822
        dmean2: 3.11168956757
        dvar: 2.56828927994
        dvar2: 7.44734716415
        max: 14.8200159073
        mean: 6.07411146164
        min: 2.49355125427
        var: 4.70594024658
    spectral_decrease:
        dmean: 3.94191845832e-10
        dmean2: 6.26182605767e-10
        dvar: 2.64945071321e-19
        dvar2: 6.39484749566e-19
        max: -3.05748454983e-13
        mean: -1.10721998237e-09
        min: -3.98230071141e-09
        var: 3.85683481306e-19
    spectral_energy:
        dmean: 0.0018957934808
        dmean2: 0.00301599618979
        dvar: 7.05662023393e-06
        dvar2: 1.77285655809e-05
        max: 0.0209764707834
        mean: 0.00510949827731
        min: 1.29781437863e-06
        var: 9.31970862439e-06
    spectral_energyband_high:
        dmean: 0.000575825630222
        dmean2: 0.000984579790384
        dvar: 1.27729333599e-06
        dvar2: 3.46338765667e-06
        max: 0.00784157030284
        mean: 0.000827951298561
        min: 1.01604321401e-07
        var: 1.19273113341e-06
    spectral_energyband_low:
        dmean: 0.000276856939308
        dmean2: 0.000451101892395
        dvar: 3.6200174236e-07
        dvar2: 9.3713208571e-07
        max: 0.00478873867542
        mean: 0.000365666172002
        min: 2.52398621114e-07
        var: 3.12322782747e-07
    spectral_energyband_middle_high:
        dmean: 0.000948039465584
        dmean2: 0.00163488672115
        dvar: 1.74731860625e-06
        dvar2: 4.76738932775e-06
        max: 0.0109216496348
        mean: 0.00220054271631
        min: 5.55805172553e-07
        var: 2.11548581319e-06
    spectral_energyband_middle_low:
        dmean: 0.00076001486741
        dmean2: 0.00124634604435
        dvar: 7.62862839565e-07
        dvar2: 2.1064674911e-06
        max: 0.00792801845819
        mean: 0.0017153066583
        min: 3.83304495699e-07
        var: 1.13099304144e-06
    spectral_flatness_db:
        dmean: 0.0154447155073
        dmean2: 0.0232503842562
        dvar: 0.000166160825756
        dvar2: 0.000376580719603
        max: 0.232186496258
        mean: 0.12422452867
        min: 0.0710566043854
        var: 0.000470638449769
    spectral_flux:
        dmean: 0.0107420645654
        dmean2: 0.0163377709687
        dvar: 0.000168279540958
        dvar2: 0.000287074508378
        max: 0.110885731876
        mean: 0.0460175313056
        min: 0.00113921659067
        var: 0.00032652405207
    spectral_kurtosis:
        dmean: 0.78851044178
        dmean2: 1.21886277199
        dvar: 0.887004256248
        dvar2: 1.58924913406
        max: 16.1635341644
        mean: 2.56364226341
        min: -0.729809761047
        var: 1.92367756367
    spectral_rms:
        dmean: 0.000387684034649
        dmean2: 0.000603136490099
        dvar: 2.15289645666e-07
        dvar2: 5.24960398707e-07
        max: 0.0045238090679
        mean: 0.00214814674109
        min: 3.55831471097e-05
        var: 3.70345134115e-07
    spectral_rolloff:
        dmean: 497.216522217
        dmean2: 819.365844727
        dvar: 284627.09375
        dvar2: 613045.375
        max: 6180.02929688
        mean: 3616.87744141
        min: 301.46484375
        var: 771096.5
    spectral_skewness:
        dmean: 0.16945245862
        dmean2: 0.248872995377
        dvar: 0.0312454160303
        dvar2: 0.0593502558768
        max: 3.07285571098
        mean: 1.22475731373
        min: 0.217788636684
        var: 0.104462340474
    spectral_spread:
        dmean: 804195.375
        dmean2: 1116577.25
        dvar: 564791214080
        dvar2: 1.09358881178e+12
        max: 13630615
        mean: 5721976
        min: 3351146.75
        var: 1.51479268147e+12
    spectral_strongpeak:
        dmean: 0.629994869232
        dmean2: 1.14653980732
        dvar: 0.746697247028
        dvar2: 1.97165703773
        max: 4.81179380417
        mean: 0.63019913435
        min: 0.00032716160058
        var: 0.72205299139
    zerocrossingrate:
        dmean: 0.00991438049823
        dmean2: 0.0116333859041
        dvar: 8.78852370079e-05
        dvar2: 9.77438176051e-05
        max: 0.197265625
        mean: 0.106970980763
        min: 0.0244140625
        var: 0.000651925161947
    barkbands:
        dmean: [3.77783351269e-07, 9.09322043299e-05, 0.000217645356315, 0.000315359298838, 0.000385448569432, 9.54306815402e-05, 0.000143086464959, 0.000102924183011, 0.000105128448922, 7.11250831955e-05, 3.86276224162e-05, 5.39075554116e-05, 6.79211661918e-05, 5.87446011195e-05, 9.84030848485e-05, 0.000134215631988, 0.000265733688138, 0.000302749424009, 0.000254307931755, 0.000395399925765, 0.000285347457975, 8.24380695121e-05, 1.48769713633e-05, 7.83086670708e-06, 3.04482796309e-06, 1.71740069277e-07, 1.82929460468e-09]
        dmean2: [5.3993454685e-07, 0.000144847246702, 0.00037316174712, 0.000563786306884, 0.000645852240268, 0.000149807849084, 0.000228070595767, 0.000163325166795, 0.000169578546775, 0.000123105928651, 6.25250322628e-05, 8.89929215191e-05, 0.000111802721221, 9.53716153163e-05, 0.000167469654116, 0.000236277410295, 0.000459524162579, 0.000514072366059, 0.000438906135969, 0.000701385957655, 0.000481443159515, 0.000138737683301, 2.30817604461e-05, 1.21877656056e-05, 4.68023245048e-06, 2.66065768528e-07, 2.23135998567e-09]
        dvar: [1.3503580849e-12, 2.91424733234e-08, 2.76370826668e-07, 2.23841581715e-07, 2.63093539843e-07, 1.66214526587e-08, 3.50734730148e-08, 2.45581386338e-08, 1.88369480014e-08, 1.13400631108e-08, 6.34525321175e-09, 5.09328712539e-09, 1.81939672217e-08, 4.62893590125e-09, 1.61759921014e-08, 3.35720145017e-08, 1.39299729085e-07, 1.62557256544e-07, 1.50499573692e-07, 5.41721306035e-07, 2.72676203394e-07, 3.32788445689e-08, 7.26021687214e-10, 4.00258243216e-10, 1.63787872154e-11, 3.18346152391e-14, 6.40361090349e-16]
        dvar2: [1.59356046154e-12, 7.53846194357e-08, 7.53999472636e-07, 6.89901128226e-07, 7.32053479169e-07, 3.99033233123e-08, 8.31231119491e-08, 5.25221288683e-08, 4.96833720831e-08, 2.94057738159e-08, 1.6783474166e-08, 1.21463301639e-08, 4.6738797721e-08, 1.09735971421e-08, 4.48759855942e-08, 9.80230083769e-08, 3.81435285135e-07, 4.40842597982e-07, 3.90136989381e-07, 1.51224230649e-06, 7.33365936867e-07, 8.48694412525e-08, 1.64198077357e-09, 8.08915323613e-10, 3.76879361053e-11, 7.71630413103e-14, 6.34893810312e-16]
        max: [2.41781344812e-05, 0.00141409120988, 0.00447245454416, 0.00371789839119, 0.00423434004188, 0.00111215445213, 0.00143696484156, 0.0013250336051, 0.00144871976227, 0.0011530603515, 0.000973220739979, 0.000670984853059, 0.00204430008307, 0.000823626178317, 0.00105746800546, 0.00135952071287, 0.00292443740182, 0.0030551312957, 0.00291906530038, 0.0073002371937, 0.00364269735292, 0.00221397611313, 0.000298142782412, 0.000245888950303, 5.09921410412e-05, 1.19981166335e-06, 5.28569785274e-07]
        mean: [6.43450619009e-07, 0.000119507167256, 0.000245552160777, 0.00039436048246, 0.000651302980259, 0.000146619204315, 0.000203219460673, 0.000146899386891, 0.000160621886607, 0.0001179415558, 5.84980807616e-05, 7.89820260252e-05, 0.0001026405007, 8.85032059159e-05, 0.000127422739752, 0.000188792371773, 0.000376179261366, 0.000465187331429, 0.000372902257368, 0.000522025686223, 0.000386946747312, 0.000112190369691, 2.54743099504e-05, 1.23667241496e-05, 4.49577692052e-06, 2.26852947094e-07, 1.9903418913e-09]
        min: [2.50107512478e-09, 1.1378100595e-07, 1.27824932861e-07, 1.0940966888e-07, 1.03631769832e-07, 7.82948728073e-09, 3.45617756636e-08, 5.75588501306e-08, 6.98093458595e-08, 4.82813078406e-09, 1.47338283796e-07, 1.35366533982e-07, 1.09946043381e-07, 1.08254329945e-08, 1.94399119025e-09, 2.4273232313e-09, 1.73996070885e-08, 3.62194896297e-08, 3.0581499999e-08, 1.11549738335e-07, 4.88407891908e-08, 6.50197881646e-11, 2.05835459788e-10, 1.5347317861e-10, 1.87264564966e-10, 1.74551605808e-11, 3.14801136547e-12]
        var: [1.5248005766e-12, 2.9496538545e-08, 1.97381311295e-07, 2.47611666282e-07, 3.6539901771e-07, 2.88077881549e-08, 5.99313523253e-08, 4.03283664241e-08, 3.11382457596e-08, 3.3002663713e-08, 1.21366863226e-08, 9.61473389793e-09, 2.55633008095e-08, 1.06365396491e-08, 2.06120791546e-08, 5.04933943546e-08, 2.02705450647e-07, 1.91719138343e-07, 1.67503159787e-07, 4.49691725635e-07, 2.66481890776e-07, 4.25803250437e-08, 1.39330924576e-09, 7.93094812046e-10, 3.52398075998e-11, 5.451428832e-14, 6.45296645454e-16]
    mfcc:
        mean: [-684.7265625, 89.4782180786, -34.9403877258, 56.2386131287, -13.2220525742, -2.65627241135, 0.294841736555, -3.5582280159, -2.45943546295, -4.03998851776, -4.77960538864, -0.876579999924, -9.84581565857]
        cov: [[1840.51782227, -598.440002441, 68.8953170776, 107.297431946, 6.61594390869, 27.1592884064, -157.371963501, 34.1511993408, 57.1352272034, 30.1189498901, 24.6763515472, -60.2928085327, -13.8077516556], [-598.440002441, 646.602050781, -109.966743469, -61.3021469116, -18.5759849548, -20.073348999, 121.882385254, -26.4874095917, -9.16246414185, 15.7659692764, -17.0867614746, 19.1907272339, -20.7553691864], [68.8953170776, -109.966743469, 306.410614014, 8.56456565857, 36.1997795105, 52.4914169312, 18.9401874542, 48.0454406738, 7.07546710968, 4.61126470566, -0.291111171246, 1.06313800812, 60.2603912354], [107.297431946, -61.3021469116, 8.56456565857, 173.078826904, 47.9249687195, 11.697426796, -28.1106739044, -5.42607116699, 15.7154998779, 2.62481832504, 2.95813035965, 13.5303459167, 21.1598796844], [6.61594390869, -18.5759849548, 36.1997795105, 47.9249687195, 176.108398438, 24.1361274719, -28.7914600372, 25.2044696808, 7.10596847534, 13.809258461, -1.51694011688, 16.534532547, -0.646642506123], [27.1592884064, -20.073348999, 52.4914169312, 11.697426796, 24.1361274719, 108.038864136, 61.0986862183, 40.0005264282, 5.47611284256, 6.70990943909, 12.465929985, -7.93387651443, 8.52579021454], [-157.371963501, 121.882385254, 18.9401874542, -28.1106739044, -28.7914600372, 61.0986862183, 180.135879517, 42.2466468811, 4.38859176636, 9.32775688171, 6.09859085083, 13.4235048294, -0.818764686584], [34.1511993408, -26.4874095917, 48.0454406738, -5.42607116699, 25.2044696808, 40.0005264282, 42.2466468811, 85.9204177856, 26.7621078491, 11.7643690109, -5.35025262833, 5.0889081955, 7.09871101379], [57.1352272034, -9.16246414185, 7.07546710968, 15.7154998779, 7.10596847534, 5.47611284256, 4.38859176636, 26.7621078491, 82.4495010376, 25.1128139496, -6.23355340958, -3.53685927391, 1.33995079994], [30.1189498901, 15.7659692764, 4.61126470566, 2.62481832504, 13.809258461, 6.70990943909, 9.32775688171, 11.7643690109, 25.1128139496, 72.9853668213, 24.4674968719, 9.65548229218, -7.77846097946], [24.6763515472, -17.0867614746, -0.291111171246, 2.95813035965, -1.51694011688, 12.465929985, 6.09859085083, -5.35025262833, -6.23355340958, 24.4674968719, 72.9288406372, 23.2766399384, -2.23087263107], [-60.2928085327, 19.1907272339, 1.06313800812, 13.5303459167, 16.534532547, -7.93387651443, 13.4235048294, 5.0889081955, -3.53685927391, 9.65548229218, 23.2766399384, 77.5127944946, 12.5401239395], [-13.8077516556, -20.7553691864, 60.2603912354, 21.1598796844, -0.646642506123, 8.52579021454, -0.818764686584, 7.09871101379, 1.33995079994, -7.77846097946, -2.23087263107, 12.5401239395, 69.5341033936]]
        icov: [[0.000861551903654, 0.000680711935274, 1.13171136036e-05, -0.000347976543708, 0.000264431233518, -0.000184725038707, 0.000408712570788, -0.000283434463199, -0.000273167475825, -0.000400836812332, -0.000157310874783, 0.00045428352314, 0.000402661331464], [0.000680711935274, 0.00278997607529, 0.000755342480261, 0.000379666918889, -0.000457405287307, 0.000634482945316, -0.00185887154657, 0.00121803896036, -0.000183036230737, -0.00112904142588, 0.000878645398188, 5.68974464841e-05, -0.00013531325385], [1.13171136036e-05, 0.000755342480261, 0.00480870204046, 0.000645234773401, -0.000885141722392, -0.00100643571932, -0.000474748056149, -0.00117137178313, 0.000419479241828, -0.000724110170268, 0.000239449684159, 0.000587940681726, -0.00409427983686], [-0.000347976543708, 0.000379666918889, 0.000645234773401, 0.00742763839662, -0.00202965550125, -0.00136540608946, 0.000237311032834, 0.00230341474526, -0.00174760376103, 0.000248470169026, 0.000379604753107, -0.00138361251447, -0.00253589241765], [0.000264431233518, -0.000457405287307, -0.000885141722392, -0.00202965550125, 0.00791877973825, -0.00259106419981, 0.00325966952369, -0.0026339374017, 0.000759932969231, -0.0012941386085, 0.00130320980679, -0.00222543533891, 0.00228307605721], [-0.000184725038707, 0.000634482945316, -0.00100643571932, -0.00136540608946, -0.00259106419981, 0.0163506586105, -0.0060080960393, -0.00400873506442, 0.00100098422263, 0.00071914982982, -0.00412468845025, 0.00487007619813, -0.00119944347534], [0.000408712570788, -0.00185887154657, -0.000474748056149, 0.000237311032834, 0.00325966952369, -0.0060080960393, 0.0109460009262, -0.00402760365978, 0.000312043790473, -0.000252908590483, 0.000252492522122, -0.00248633697629, 0.00159476220142], [-0.000283434463199, 0.00121803896036, -0.00117137178313, 0.00230341474526, -0.0026339374017, -0.00400873506442, -0.00402760365978, 0.0196990296245, -0.00523363007233, -0.000995319103822, 0.00333366938867, -0.00239682034589, -0.000441253941972], [-0.000273167475825, -0.000183036230737, 0.000419479241828, -0.00174760376103, 0.000759932969231, 0.00100098422263, 0.000312043790473, -0.00523363007233, 0.0161863788962, -0.00587872369215, 0.00251799006946, 0.00117697147653, -0.00061931333039], [-0.000400836812332, -0.00112904142588, -0.000724110170268, 0.000248470169026, -0.0012941386085, 0.00071914982982, -0.000252908590483, -0.000995319103822, -0.00587872369215, 0.0192178767174, -0.00705998949707, -0.00051510630874, 0.00226323097013], [-0.000157310874783, 0.000878645398188, 0.000239449684159, 0.000379604753107, 0.00130320980679, -0.00412468845025, 0.000252492522122, 0.00333366938867, 0.00251799006946, -0.00705998949707, 0.0195784568787, -0.00642495509237, 0.00103705411311], [0.00045428352314, 5.68974464841e-05, 0.000587940681726, -0.00138361251447, -0.00222543533891, 0.00487007619813, -0.00248633697629, -0.00239682034589, 0.00117697147653, -0.00051510630874, -0.00642495509237, 0.017707252875, -0.00386355491355], [0.000402661331464, -0.00013531325385, -0.00409427983686, -0.00253589241765, 0.00228307605721, -0.00119944347534, 0.00159476220142, -0.000441253941972, -0.00061931333039, 0.00226323097013, 0.00103705411311, -0.00386355491355, 0.0199682060629]]
    spectral_contrast:
        mean: [-2.74839550229e-07, 1.24187863548e-07, 2.15986887042e-07, -5.81733047511e-07, -3.04291830844e-07, 2.2472748995e-08, 3.91128480715e-08, -2.47504476647e-06, -3.70897168978e-06, -3.69044028048e-06, 3.91177945858e-06, 1.54099097927e-06]
        var: [0.000585505273193, 0.00105243804865, 0.00162495707627, 0.00245170504786, 0.00302179949358, 0.0039684814401, 0.0630555227399, 0.115193359554, 0.161505132914, 0.278863370419, 0.382769018412, 1.21981930733]

rhythm:
    beats_loudness:
        dmean: 0.00234151561745
        dmean2: 0.00471926433966
        dvar: 3.55261681761e-06
        dvar2: 9.95031587081e-06
        max: 0.0138907255605
        mean: 0.00903710350394
        min: 0.00573168555275
        var: 4.80679091197e-06
    beats_loudness_bass:
        dmean: 0.139126196504
        dmean2: 0.234611615539
        dvar: 0.00728244939819
        dvar2: 0.0238871313632
        max: 0.640908360481
        mean: 0.364417642355
        min: 0.177601233125
        var: 0.0186770129949
    bpm: 124.589675903
    bpm_confidence: 0
    first_peak_bpm: 125
    first_peak_spread: 0
    first_peak_weight: 0.947368443012
    onset_rate: 4.69769906998
    second_peak_bpm: 116
    second_peak_spread: 0
    second_peak_weight: 0.0526315793395
    beats_position: [0.430284559727, 0.911791026592, 1.39329743385, 1.87480390072, 2.35631012917, 2.83781671524, 3.31932330132, 3.80082964897, 4.28233623505, 4.7638425827, 5.2453494072, 5.72685575485, 6.24252986908, 6.72418498993, 7.20584011078, 7.6874961853, 8.16915130615, 8.65080738068, 9.1324634552, 9.61411857605]
    bpm_estimates: [124.664428711, 124.552680969, 124.687255859, 124.563468933, 124.73651886, 124.587623596, 124.593757629, 124.540817261, 124.533752441, 124.629241943, 124.719917297, 124.592124939, 124.668945312, 124.422035217, 124.499809265, 124.555015564, 124.652320862, 124.55279541, 124.559150696, 124.481826782]
    bpm_intervals: [0.481506466866, 0.481506407261, 0.481506466866, 0.481506228447, 0.481506586075, 0.481506586075, 0.481506347656, 0.481506586075, 0.481506347656, 0.481506824493, 0.481506347656, 0.515674114227, 0.48165512085, 0.48165512085, 0.481656074524, 0.48165512085, 0.481656074524, 0.481656074524, 0.48165512085]
    onset_times: [0.0580498874187, 0.18575963378, 0.31346938014, 0.417959183455, 0.545668959618, 0.661768734455, 0.905578255653, 1.04489791393, 1.14938771725, 1.39319729805, 1.46285712719, 1.764716506, 1.86920630932, 2.00852608681, 2.12462592125, 2.24072551727, 2.35682535172, 2.60063481331, 2.72834467888, 2.84444451332, 3.08825397491, 3.32045340538, 3.69197273254, 3.80807256699, 3.93578219414, 4.04027223587, 4.27247142792, 4.53950119019, 4.77170085907, 5.02712011337, 5.25931978226, 5.71210861206, 6.1068482399, 6.23455762863, 6.47836732864, 6.59446716309, 6.71056699753, 6.9543762207, 7.19818592072, 7.56970500946, 7.67419481277, 7.92961454391, 8.16181373596, 8.64943313599, 9.13705253601, 9.49696159363, 9.61306095123]
    rubato_start: []
    rubato_stop: []
    perceptual_tempo: "unknown"

sfx:
    inharmonicity:
        dmean: 0.0554091781378
        dmean2: 0.0978958085179
        dvar: 0.00386629137211
        dvar2: 0.0108650606126
        max: 0.406177520752
        mean: 0.066453166306
        min: 0
        var: 0.00407854886726
    oddtoevenharmonicenergyratio:
        dmean: 1.96888780594
        dmean2: 3.65433526039
        dvar: 15.450750351
        dvar2: 43.4137573242
        max: 35.4509315491
        mean: 1.44724214077
        min: 0
        var: 9.95014476776
    pitch_after_max_to_before_max_energy_ratio: 7.78170681
    pitch_centroid: 188.981109619
    pitch_max_to_total: 0.106728538871
    pitch_min_to_total: 0.00696055684239
    tristimulus:
        dmean: [0.187290996313, 0.237240612507, 0.171990737319]
        dmean2: [0.320274472237, 0.412118971348, 0.308977484703]
        dvar: [0.0275142174214, 0.0370734669268, 0.0216203927994]
        dvar2: [0.082710236311, 0.1001521945, 0.0585980415344]
        max: [1, 0.974366188049, 0.720823347569]
        mean: [0.309445679188, 0.460468381643, 0.201485961676]
        min: [0.00587354879826, 0, 0]
        var: [0.037741407752, 0.047973960638, 0.0297908745706]

tonal:
    chords_changes_rate: 0.0783410146832
    chords_number_rate: 0.0322580635548
    chords_strength:
        dmean: 0.010507571511
        dmean2: 0.00920262467116
        dvar: 5.66493872611e-05
        dvar2: 6.80458324496e-05
        max: 0.723745882511
        mean: 0.515706598759
        min: 0.357739686966
        var: 0.00943771284074
    key_strength: 0.641770780087
    tuning_diatonic_strength: 0.590017557144
    tuning_equal_tempered_deviation: 0.153421059251
    tuning_frequency: 435.952270508
    tuning_nontempered_energy_ratio: 0.840265989304
    hpcp:
        dmean: [0.174374938011, 0.162536650896, 0.116152994335, 0.107757821679, 0.0969394519925, 0.111980877817, 0.190768435597, 0.201457589865, 0.167085826397, 0.126727193594, 0.101478628814, 0.128633633256, 0.197060078382, 0.211172744632, 0.15632493794, 0.152027592063, 0.115867994726, 0.0962879508734, 0.0906050354242, 0.0991288051009, 0.138133361936, 0.179130896926, 0.167398199439, 0.113280497491, 0.0865805968642, 0.107155308127, 0.159459277987, 0.212909147143, 0.199050396681, 0.142715379596, 0.113600619137, 0.0849106162786, 0.0840711444616, 0.130534350872, 0.148029506207, 0.158319815993]
        dmean2: [0.286291271448, 0.274315863848, 0.193891137838, 0.18651664257, 0.180094838142, 0.200499385595, 0.31879273057, 0.340466320515, 0.290171265602, 0.219796910882, 0.173479065299, 0.226886197925, 0.338492393494, 0.366117537022, 0.269827187061, 0.265640050173, 0.201860681176, 0.171931087971, 0.154101610184, 0.175486803055, 0.244976848364, 0.305236041546, 0.278853237629, 0.190562024713, 0.152044042945, 0.192781224847, 0.287305057049, 0.367047816515, 0.3422549963, 0.253303676844, 0.203711286187, 0.152191892266, 0.147385984659, 0.216269120574, 0.248388975859, 0.279085636139]
        dvar: [0.0391891077161, 0.0333877801895, 0.025230685249, 0.0173793341964, 0.0183531232178, 0.021546272561, 0.0370666943491, 0.0437312088907, 0.0307464376092, 0.027071127668, 0.0186368152499, 0.0257150772959, 0.0415302850306, 0.0445713289082, 0.029063930735, 0.050614580512, 0.0302141141146, 0.0283766519278, 0.012172033079, 0.0241555087268, 0.0280478801578, 0.035069771111, 0.0276342537254, 0.018717456609, 0.0210120119154, 0.0373065695167, 0.0360329784453, 0.0439133569598, 0.0425373800099, 0.0305005628616, 0.0391665548086, 0.0259304381907, 0.0157380942255, 0.0231527369469, 0.0222961287946, 0.0355886630714]
        dvar2: [0.0921441912651, 0.0779204592109, 0.0630326271057, 0.0468136109412, 0.0535407625139, 0.0597114562988, 0.0915132910013, 0.12275724113, 0.0850587338209, 0.0703556910157, 0.0494833402336, 0.0725851356983, 0.111368238926, 0.108708068728, 0.0831776633859, 0.140038758516, 0.0688510239124, 0.0769279375672, 0.0297224838287, 0.0655039250851, 0.0811765119433, 0.0986328870058, 0.0703755766153, 0.0512494072318, 0.0585594363511, 0.0984199047089, 0.0966680422425, 0.115216083825, 0.1136540398, 0.0810651183128, 0.10659455508, 0.0717277824879, 0.0439058430493, 0.0589133761823, 0.064902253449, 0.0906327515841]
        max: [1, 1, 1, 0.910641670227, 0.86654573679, 1, 1, 1, 1, 1, 1, 1, 1, 1, 1, 1, 1, 1, 0.84071791172, 1, 1, 1, 1, 1, 0.812867224216, 1, 1, 1, 1, 1, 1, 0.835789680481, 1, 1, 1, 1]
        mean: [0.331459790468, 0.27035728097, 0.157928749919, 0.139229372144, 0.112572826445, 0.146170258522, 0.317294418812, 0.354333221912, 0.220997810364, 0.151223674417, 0.116858489811, 0.167149975896, 0.335012227297, 0.352037101984, 0.236577063799, 0.225108906627, 0.187270715833, 0.116230875254, 0.117266781628, 0.118887335062, 0.17916354537, 0.377540647984, 0.373554289341, 0.165371328592, 0.085060082376, 0.0986303985119, 0.21514557302, 0.438553035259, 0.416981428862, 0.195366948843, 0.0990203544497, 0.0726273059845, 0.113265886903, 0.224743366241, 0.231225758791, 0.233095124364]
        min: [0, 0, 0, 0, 0, 0.00573305645958, 0.0106758689508, 0.0176064111292, 0.0102058406919, 0.00103945820592, 0.00331456819549, 0.00397235201672, 0.00736438389868, 0.0089875459671, 0.0058210324496, 0.0077850529924, 0.00309162540361, 0.00186170393135, 0.00120659824461, 0.00109555909876, 0.00266128149815, 0.00317843700759, 0.0127036115155, 0.0108904615045, 0.00190402113367, 0.00204789382406, 0, 0, 0.00376573135145, 0.00403116829693, 0.00343240844086, 0.00189749861602, 0, 0, 0, 0]
        var: [0.105795919895, 0.06809656322, 0.0349058955908, 0.02509797737, 0.0169285666198, 0.0243660025299, 0.0781612098217, 0.0871535241604, 0.0383469425142, 0.0299823991954, 0.0208868030459, 0.0273694992065, 0.0723979026079, 0.0746337026358, 0.0424267537892, 0.0914104729891, 0.0781733244658, 0.0256080236286, 0.0188844390213, 0.0213011372834, 0.0317389369011, 0.108048573136, 0.10263735801, 0.0244724825025, 0.0155108515173, 0.0256931874901, 0.0437726713717, 0.118372008204, 0.0978480651975, 0.0346147827804, 0.028417609632, 0.0177598688751, 0.0179360527545, 0.0613284260035, 0.0527613684535, 0.0510922446847]
    chords_histogram: [7.37327194214, 11.9815664291, 18.4331798553, 0, 0, 0, 0, 0, 0.460829496384, 0, 0, 0, 0, 0, 0, 0, 0, 0, 0, 8.75576019287, 0, 13.3640556335, 14.2857141495, 25.3456230164]
    thpcp: [1, 0.950811862946, 0.445480793715, 0.225788772106, 0.165606662631, 0.258271813393, 0.512465655804, 0.527246952057, 0.531509518623, 0.755803227425, 0.616475701332, 0.360113233328, 0.317474424839, 0.256691485643, 0.333301216364, 0.723502933979, 0.807959794998, 0.503924965858, 0.344824135303, 0.266463756561, 0.381139695644, 0.763903558254, 0.802724123001, 0.539449155331, 0.513299167156, 0.427019536495, 0.26503264904, 0.26739475131, 0.271089971066, 0.408533364534, 0.860877990723, 0.851788163185, 0.377083986998, 0.193956211209, 0.224899590015, 0.490580499172]
    chords_key: "F#"
    chords_scale: "minor"
    key_key: "A"
    key_scale: "major"
    chords_progression: ["Bm", "Bm", "C#", "Bm", "C#m", "C#m", "Bm", "C#m", "C#m", "C#m", "F#m", "C#m", "C#m", "C#m", "C#m", "C#m", "C#m", "C#m", "C#m", "C#m", "C#m", "C#m", "C#m", "C#m", "E", "E", "E", "E", "E", "E", "E", "E", "E", "E", "E", "E", "E", "E", "E", "E", "E", "E", "E", "E", "E", "E", "E", "E", "E", "E", "E", "Bm", "Bm", "Bm", "Bm", "Bm", "Bm", "Bm", "D", "D", "D", "D", "D", "D", "D", "D", "D", "D", "D", "D", "D", "D", "D", "D", "D", "D", "D", "D", "D", "D", "D", "D", "D", "D", "D", "D", "D", "D", "D", "Bm", "Bm", "Bm", "Bm", "Bm", "Bm", "Bm", "Bm", "Bm", "Bm", "Bm", "Bm", "Bm", "Bm", "Bm", "Bm", "Bm", "Bm", "Em", "Em", "Em", "Em", "Em", "Em", "Em", "Em", "Em", "Em", "Em", "Em", "Em", "Em", "Em", "Em", "Em", "Em", "Em", "E", "E", "E", "E", "E", "E", "E", "E", "E", "E", "E", "E", "E", "A", "A", "A", "A", "A", "A", "A", "A", "A", "A", "F#m", "F#m", "F#m", "F#m", "F#m", "F#m", "F#m", "F#m", "F#m", "F#m", "F#m", "F#m", "F#m", "F#m", "F#m", "F#m", "F#m", "F#m", "F#m", "F#m", "F#m", "F#m", "F#m", "F#m", "F#m", "F#m", "F#m", "F#m", "F#m", "F#m", "F#m", "F#m", "F#m", "F#m", "F#m", "F#m", "F#m", "F#m", "F#m", "F#m", "F#m", "F#m", "F#m", "F#m", "F#m", "F#m", "F#m", "F#m", "F#m", "F#m", "F#m", "F#m", "F#m", "F#m", "C#m", "C#m", "C#m", "C#m", "C#m", "C#m", "C#m", "C#m", "A", "A", "A", "A", "A", "A"]
