
metadata:
    version:
        essentia: "1.2.2"
    audio_properties:
        analysis_sample_rate: 44100
        bitrate: 128
        channels: 2
        equal_loudness: 1
        length: 10.0310201645
        replay_gain: -8.63123703003
        downmix: "mix"
    tags:
        track: 25
        year: 0
        album: "Splitted by Mp3Splt v. 2.1"
        artist: "From 004.00 To 004.10"
        comment: "http://mp3splt.sf.net"
        genre: ""
        title: "10 Suzanne.mp3"

highlevel:
    ballroom:
        all:
            ChaChaCha: 0.100651107728
            Jive: 0.795785903931
            Quickstep: 0.0831137299538
            Rumba-American: 0.00112891523167
            Rumba-International: 0.00207319040783
            Rumba-Misc: 0.000679469609167
            Samba: 0.010290809907
            Tango: 0.00187720975373
            VienneseWaltz: 0.00251112226397
            Waltz: 0.001888540457
        probability: 0.795785903931
        value: "Jive"
    culture:
        all:
            non_western: 0.769773542881
            western: 0.230226442218
        probability: 0.769773542881
        value: "non_western"
    gender:
        all:
            female: 0.60018068552
            male: 0.39981931448
        probability: 0.60018068552
        value: "female"
    genre_dortmund:
        all:
            alternative: 0.108422011137
            blues: 0.00854015816003
            electronic: 0.13362300396
            folkcountry: 0.0159466098994
            funksoulrnb: 0.0492176711559
            jazz: 0.0073188347742
            pop: 0.011192814447
            raphiphop: 0.00361140281893
            rock: 0.662127494812
        probability: 0.662127494812
        value: "rock"
    genre_electronica:
        all:
            ambient: 0.475663781166
            dnb: 0.350716799498
            house: 0.00670190388337
            techno: 0.105861090124
            trance: 0.0610564239323
        probability: 0.475663781166
        value: "ambient"
    genre_rosamerica:
        all:
            cla: 0.187100157142
            dan: 0.0452487803996
            hip: 0.0891114473343
            jaz: 0.00870806910098
            pop: 0.0331713780761
            rhy: 0.0100069399923
            roc: 0.600601553917
            spe: 0.0260516963899
        probability: 0.600601553917
        value: "roc"
    genre_tzanetakis:
        all:
            blu: 0.0328044518828
            cla: 0.162420958281
            cou: 0.0142110968009
            dis: 0.171988502145
            hip: 0.0552961565554
            jaz: 0.0260480027646
            met: 0.125823557377
            pop: 0.121776044369
            reg: 0.0734974741936
            roc: 0.216133758426
        probability: 0.216133758426
        value: "roc"
    live_studio:
        all:
            live: 0.251365453005
            studio: 0.748634576797
        probability: 0.748634576797
        value: "studio"
    mood:
        all:
            Cluster1: 0.0933145210147
            Cluster2: 0.020901190117
            Cluster3: 0.00329816457815
            Cluster4: 0.0439268574119
            Cluster5: 0.838559269905
        probability: 0.838559269905
        value: "Cluster5"
    mood_acoustic:
        all:
            acoustic: 0.0556743294001
            not_acoustic: 0.944325685501
        probability: 0.944325685501
        value: "not_acoustic"
    mood_aggressive:
        all:
            aggressive: 0.999806523323
            not_aggressive: 0.000193503670744
        probability: 0.999806523323
        value: "aggressive"
    mood_electronic:
        all:
            electronic: 0.762983620167
            not_electronic: 0.237016364932
        probability: 0.762983620167
        value: "electronic"
    mood_happy:
        all:
            happy: 0.0499441102147
            not_happy: 0.950055897236
        probability: 0.950055897236
        value: "not_happy"
    mood_party:
        all:
            not_party: 0.064302675426
            party: 0.935697317123
        probability: 0.935697317123
        value: "party"
    mood_relaxed:
        all:
            not_relaxed: 0.729226350784
            relaxed: 0.270773619413
        probability: 0.729226350784
        value: "not_relaxed"
    mood_sad:
        all:
            not_sad: 0.999982178211
            sad: 1.78257741936e-05
        probability: 0.999982178211
        value: "not_sad"
    rhythm:
        all:
            fast: 0.145530790091
            medium: 0.779730439186
            slow: 0.0747387856245
        probability: 0.779730439186
        value: "medium"
    speech_music:
        all:
            music: 0.987927377224
            speech: 0.0120726097375
        probability: 0.987927377224
        value: "music"
    timbre:
        all:
            bright: 0.129172131419
            dark: 0.87082785368
        probability: 0.87082785368
        value: "dark"
    voice_instrumental:
        all:
            instrumental: 0.925607681274
            voice: 0.0743923187256
        probability: 0.925607681274
        value: "instrumental"

lowlevel:
    average_loudness: 0.907129049301
    barkbands_kurtosis:
        dmean: 2.1945848465
        dmean2: 3.64501976967
        dvar: 15.1797304153
        dvar2: 45.5590057373
        max: 41.0216712952
        mean: 4.17111492157
        min: -1.80882871151
        var: 54.5194587708
    barkbands_skewness:
        dmean: 0.35269933939
        dmean2: 0.593046844006
        dvar: 0.17063139379
        dvar2: 0.508654773235
        max: 5.57943725586
        mean: 0.460284739733
        min: -1.32278370857
        var: 2.65641641617
    barkbands_spread:
        dmean: 2.24287867546
        dmean2: 3.86382341385
        dvar: 14.3654212952
        dvar2: 38.6725921631
        max: 49.8599357605
        mean: 12.2022447586
        min: 1.97673904896
        var: 73.3863677979
    dissonance:
        dmean: 0.0156608000398
        dmean2: 0.0258919801563
        dvar: 0.000395446491893
        dvar2: 0.00103940896224
        max: 0.499930888414
        mean: 0.467091172934
        min: 0.287451952696
        var: 0.00182580703404
    hfc:
        dmean: 1.5596613884
        dmean2: 2.65281653404
        dvar: 3.12443089485
        dvar2: 9.32855987549
        max: 26.2525672913
        mean: 10.5201644897
        min: 0.00787727814168
        var: 68.6924133301
    pitch:
        dmean: 587.063781738
        dmean2: 1092.01098633
        dvar: 912646.4375
        dvar2: 2591016.25
        max: 4410
        mean: 581.361694336
        min: 57.7225112915
        var: 699933.4375
    pitch_instantaneous_confidence:
        dmean: 0.0589145310223
        dmean2: 0.101600758731
        dvar: 0.00330685358495
        dvar2: 0.00979700312018
        max: 0.802332162857
        mean: 0.30014654994
        min: 0.132442891598
        var: 0.021196262911
    pitch_salience:
        dmean: 0.0416176170111
        dmean2: 0.0730175599456
        dvar: 0.0019476673333
        dvar2: 0.00585650047287
        max: 0.855686128139
        mean: 0.725764334202
        min: 0.311668753624
        var: 0.00914019532502
    silence_rate_20dB:
        dmean: 0
        dmean2: 0
        dvar: 0
        dvar2: 0
        max: 1
        mean: 1
        min: 1
        var: 0
    silence_rate_30dB:
        dmean: 0
        dmean2: 0
        dvar: 0
        dvar2: 0
        max: 1
        mean: 1
        min: 1
        var: 0
    silence_rate_60dB:
        dmean: 0.0138888889924
        dmean2: 0.0255220420659
        dvar: 0.0136961061507
        dvar2: 0.0295110251755
        max: 1
        mean: 0.374133944511
        min: 0
        var: 0.234157919884
    spectral_centroid:
        dmean: 121.096893311
        dmean2: 204.163742065
        dvar: 21976.0957031
        dvar2: 61900.59375
        max: 2905.54125977
        mean: 1766.66894531
        min: 258.415924072
        var: 946339.0625
    spectral_complexity:
        dmean: 2.57540607452
        dmean2: 4.37674427032
        dvar: 7.01925134659
        dvar2: 18.5278377533
        max: 44
        mean: 21.5671291351
        min: 0
        var: 201.166915894
    spectral_crest:
        dmean: 1.44105410576
        dmean2: 2.53314256668
        dvar: 2.62783503532
        dvar2: 8.54268074036
        max: 18.8100376129
        mean: 6.67343997955
        min: 2.97643589973
        var: 10.9374914169
    spectral_decrease:
        dmean: 1.66546137992e-10
        dmean2: 2.77787376435e-10
        dvar: 2.87302412648e-20
        dvar2: 7.83166202912e-20
        max: -3.41882403464e-12
        mean: -1.02124431134e-09
        min: -2.79382472712e-09
        var: 3.64558710178e-19
    spectral_energy:
        dmean: 0.000756561465096
        dmean2: 0.00126614933833
        dvar: 5.77016123771e-07
        dvar2: 1.61741036209e-06
        max: 0.0121963489801
        mean: 0.00480861961842
        min: 1.36179069159e-05
        var: 8.81501819094e-06
    spectral_energyband_high:
        dmean: 0.000112373032607
        dmean2: 0.000194518754142
        dvar: 2.17346691755e-08
        dvar2: 6.25251317388e-08
        max: 0.00165995524731
        mean: 0.000465242075734
        min: 3.64873216085e-08
        var: 1.50504249063e-07
    spectral_energyband_low:
        dmean: 2.48949563684e-05
        dmean2: 4.12113367929e-05
        dvar: 2.52618082008e-09
        dvar2: 7.00781788154e-09
        max: 0.000499364221469
        mean: 4.29099600296e-05
        min: 7.79217401714e-09
        var: 4.91935647773e-09
    spectral_energyband_middle_high:
        dmean: 0.000556054175831
        dmean2: 0.000958218472078
        dvar: 5.03593867052e-07
        dvar2: 1.49960987983e-06
        max: 0.011323637329
        mean: 0.00349651556462
        min: 1.85485509974e-06
        var: 8.71906013344e-06
    spectral_energyband_middle_low:
        dmean: 0.00025165185798
        dmean2: 0.000400674034609
        dvar: 1.81154561574e-07
        dvar2: 4.14640794588e-07
        max: 0.0100822970271
        mean: 0.000803955190349
        min: 1.14144686449e-05
        var: 1.31489719024e-06
    spectral_flatness_db:
        dmean: 0.0144678996876
        dmean2: 0.024214932695
        dvar: 0.000242952926783
        dvar2: 0.000702169025317
        max: 0.318500936031
        mean: 0.200035825372
        min: 0.100539915264
        var: 0.00288759893738
    spectral_flux:
        dmean: 0.00407469505444
        dmean2: 0.0064352247864
        dvar: 1.22431320051e-05
        dvar2: 2.81758275378e-05
        max: 0.0716756284237
        mean: 0.0390792526305
        min: 0.00369024486281
        var: 0.000361412559869
    spectral_kurtosis:
        dmean: 2.28570103645
        dmean2: 3.98711252213
        dvar: 17.1703720093
        dvar2: 48.6917572021
        max: 59.9339294434
        mean: 8.66485309601
        min: 0.808557748795
        var: 92.3513565063
    spectral_rms:
        dmean: 0.000178458358278
        dmean2: 0.000292329117656
        dvar: 2.57159431527e-08
        dvar2: 6.95773252346e-08
        max: 0.00344947492704
        mean: 0.00202947133221
        min: 0.000115263879707
        var: 5.72584781366e-07
    spectral_rolloff:
        dmean: 226.922927856
        dmean2: 397.76348877
        dvar: 145056.3125
        dvar2: 396114.59375
        max: 4306.640625
        mean: 2689.60571289
        min: 301.46484375
        var: 2304068.25
    spectral_skewness:
        dmean: 0.219631835818
        dmean2: 0.372686505318
        dvar: 0.092442728579
        dvar2: 0.24449595809
        max: 6.01571178436
        mean: 2.10557579994
        min: 0.915191829205
        var: 1.12416779995
    spectral_spread:
        dmean: 284723.5
        dmean2: 470787.78125
        dvar: 112267485184
        dvar2: 274653184000
        max: 6692467.5
        mean: 3722299
        min: 1126297.125
        var: 892810625024
    spectral_strongpeak:
        dmean: 0.442784696817
        dmean2: 0.778193771839
        dvar: 0.335809767246
        dvar2: 1.04774785042
        max: 5.27320432663
        mean: 0.774602115154
        min: 0.00505775166675
        var: 0.501586854458
    zerocrossingrate:
        dmean: 0.00434015179053
        dmean2: 0.00582303758711
        dvar: 2.59840908257e-05
        dvar2: 3.6552122765e-05
        max: 0.1396484375
        mean: 0.0911119282246
        min: 0.01171875
        var: 0.00219236314297
    barkbands:
        dmean: [4.6078123539e-09, 7.8376961028e-06, 1.80484767043e-05, 8.29175696708e-05, 5.83383916819e-05, 9.10414164537e-05, 3.38354038831e-05, 2.70580967481e-05, 7.37305235816e-05, 7.23695629858e-05, 0.000107347135781, 0.000118199728604, 0.000121133576613, 0.000119769909361, 0.000164346216479, 0.000232177495491, 0.000187026205822, 0.000186882811249, 0.000162384938449, 0.000138796531246, 5.81866806897e-05, 1.74610377144e-05, 3.46191563949e-06, 1.26612019358e-06, 5.77234516186e-07, 2.62753445668e-08, 2.367528118e-10]
        dmean2: [7.76777397959e-09, 1.34410520332e-05, 2.91752166959e-05, 0.000144132602145, 8.42761946842e-05, 0.000151387052028, 5.37764826731e-05, 4.43976496172e-05, 0.000118571086205, 0.000127791048726, 0.00019170116866, 0.000200827751542, 0.000211183869396, 0.000209270991036, 0.00028614277835, 0.000405456346925, 0.000324040855048, 0.000330572860548, 0.00027799536474, 0.00024061051954, 0.00010083867528, 3.07604241243e-05, 6.22637708148e-06, 2.16773150896e-06, 9.78451680567e-07, 4.47755290622e-08, 4.21915058446e-10]
        dvar: [2.34095607363e-16, 2.07134157049e-10, 1.56715684874e-09, 3.3248468867e-08, 2.16003321896e-08, 3.54507037059e-08, 5.07938002769e-09, 1.21774645923e-09, 1.15362457365e-08, 1.00521360125e-08, 3.43935795399e-08, 4.92987020095e-08, 2.90364177147e-08, 2.59659618251e-08, 4.61057148016e-08, 9.70034577108e-08, 6.05730079428e-08, 5.80561234642e-08, 4.07021154558e-08, 3.31266569731e-08, 5.55760815146e-09, 5.24326582152e-10, 1.97240106192e-11, 2.18452968388e-12, 5.00948729113e-13, 1.02748685804e-15, 8.9426011347e-20]
        dvar2: [5.81830584299e-16, 5.96258598051e-10, 4.27217905496e-09, 1.14199153245e-07, 3.40318671022e-08, 1.03407465701e-07, 9.63583790536e-09, 3.40563466317e-09, 2.8420696907e-08, 3.02928349072e-08, 1.07112093417e-07, 1.52648709673e-07, 8.28743580428e-08, 7.41243511015e-08, 1.37990269877e-07, 2.87459442916e-07, 1.75747217668e-07, 1.7154142995e-07, 1.19194503156e-07, 9.65452926494e-08, 1.58753774571e-08, 1.46277956414e-09, 5.9722074508e-11, 6.29822669712e-12, 1.29983198684e-12, 2.80266430994e-15, 2.92327515482e-19]
        max: [2.65338030658e-07, 0.000100094926893, 0.000442870601546, 0.00144986691885, 0.00403243303299, 0.00206143129617, 0.00155824096873, 0.000393428403186, 0.00123292778153, 0.000719611300156, 0.00156809552573, 0.00281486008316, 0.00140259508044, 0.00128154479899, 0.0015759288799, 0.00259542395361, 0.0021775693167, 0.00218791584484, 0.00160202174447, 0.00163960386999, 0.000740601215512, 0.000291045027552, 4.23420860898e-05, 1.69931481651e-05, 8.59467490955e-06, 2.75767661151e-07, 2.3714896713e-09]
        mean: [1.11497211464e-08, 9.04557600734e-06, 3.38535246556e-05, 0.000112883964903, 0.000193542320631, 0.00020083207346, 8.14261074993e-05, 5.21048641531e-05, 0.000142977354699, 0.000116869909107, 0.000181204202818, 0.000215635256609, 0.000228021031944, 0.000242218287895, 0.000355164374923, 0.000492815335747, 0.0005320525961, 0.000515675928909, 0.000452427339042, 0.000366088352166, 0.000203719740966, 6.05675013503e-05, 1.22976234707e-05, 5.05593516209e-06, 2.06460890695e-06, 6.96649706811e-08, 2.83293805081e-10]
        min: [1.32168165301e-11, 4.09079270458e-10, 5.30270094501e-09, 4.94707244059e-08, 8.02059389571e-07, 2.24175596486e-06, 1.10166899958e-06, 5.79074708185e-07, 6.55290435247e-08, 2.47364909001e-07, 3.38350844231e-07, 8.72210961234e-08, 3.22355333537e-08, 1.9528558326e-08, 9.91515047843e-09, 7.0061659585e-08, 3.3896898799e-07, 2.35220426248e-07, 3.08196945298e-07, 2.68378137491e-08, 1.17355840601e-08, 8.03599575772e-10, 1.17210052775e-09, 6.77773337454e-10, 2.46611064902e-10, 1.61677234101e-11, 4.55762250856e-12]
        var: [3.44367623923e-16, 2.54407855893e-10, 3.21871507225e-09, 4.43569341257e-08, 2.6227414196e-07, 1.09661911551e-07, 3.03876817043e-08, 3.15403392293e-09, 3.22152722276e-08, 1.77128978152e-08, 6.0587709072e-08, 1.15307770443e-07, 6.01579870363e-08, 6.35190886555e-08, 1.18559803752e-07, 2.53673050565e-07, 2.48010906034e-07, 2.24651984126e-07, 1.6420568727e-07, 1.11887864307e-07, 3.09961620815e-08, 2.70883182552e-09, 1.08568563861e-10, 1.73472555764e-11, 3.04033317619e-12, 3.74080708562e-15, 1.04206313639e-19]
    mfcc:
        mean: [-741.336730957, 89.9404144287, -74.9956207275, 21.2366371155, -21.9693470001, -13.188372612, -9.17143917084, -11.7856874466, -8.40988445282, -8.50876617432, -9.61554431915, -5.82739019394, -7.87652015686]
        cov: [[8195.00878906, -6181.30859375, -3916.34570312, -1480.69104004, -1140.62451172, 345.89642334, -105.957496643, 475.296691895, 530.555541992, -21.8268013, 142.140701294, -59.0025520325, 147.933380127], [-6181.30859375, 5738.93261719, 3497.42553711, 1402.14831543, 1123.69787598, -139.13243103, 224.1509552, -311.568695068, -340.262695312, 122.507049561, -50.9563293457, 30.0833358765, -115.742858887], [-3916.34570312, 3497.42553711, 2487.77490234, 1120.80627441, 778.153198242, 43.9372406006, 190.82649231, -157.484527588, -189.785110474, 76.8783950806, -19.6779785156, 34.2860450745, -61.7416038513], [-1480.69104004, 1402.14831543, 1120.80627441, 638.610473633, 386.247161865, 99.4399795532, 112.365409851, -29.2684001923, -56.6355285645, 30.5714988708, 5.30680418015, 2.19598674774, -18.6653556824], [-1140.62451172, 1123.69787598, 778.153198242, 386.247161865, 346.87322998, 49.5040092468, 94.0529327393, -24.7774734497, -61.6309013367, 20.7323246002, -4.47937107086, 18.9197692871, -21.5326690674], [345.89642334, -139.13243103, 43.9372406006, 99.4399795532, 49.5040092468, 142.96635437, 67.7218475342, 55.9826469421, 43.0174980164, 7.79380893707, 20.004108429, 4.88008165359, 16.6406764984], [-105.957496643, 224.1509552, 190.82649231, 112.365409851, 94.0529327393, 67.7218475342, 84.1828308105, 35.1692123413, 9.51989173889, 14.8447542191, 10.6899032593, 12.1012058258, 4.04203081131], [475.296691895, -311.568695068, -157.484527588, -29.2684001923, -24.7774734497, 55.9826469421, 35.1692123413, 82.3755950928, 53.240978241, 3.55003929138, 13.2830820084, 1.78708732128, 10.6491785049], [530.555541992, -340.262695312, -189.785110474, -56.6355285645, -61.6309013367, 43.0174980164, 9.51989173889, 53.240978241, 88.2945709229, 24.8718643188, 18.6098365784, -11.4467334747, 5.87135982513], [-21.8268013, 122.507049561, 76.8783950806, 30.5714988708, 20.7323246002, 7.79380893707, 14.8447542191, 3.55003929138, 24.8718643188, 47.5747184753, 20.7456550598, -1.08793461323, -7.71399068832], [142.140701294, -50.9563293457, -19.6779785156, 5.30680418015, -4.47937107086, 20.004108429, 10.6899032593, 13.2830820084, 18.6098365784, 20.7456550598, 36.216468811, 9.26655483246, 2.10648059845], [-59.0025520325, 30.0833358765, 34.2860450745, 2.19598674774, 18.9197692871, 4.88008165359, 12.1012058258, 1.78708732128, -11.4467334747, -1.08793461323, 9.26655483246, 42.0116729736, 11.9605693817], [147.933380127, -115.742858887, -61.7416038513, -18.6653556824, -21.5326690674, 16.6406764984, 4.04203081131, 10.6491785049, 5.87135982513, -7.71399068832, 2.10648059845, 11.9605693817, 36.9258956909]]
        icov: [[0.00182163657155, 0.000321934523527, 0.00265826191753, -0.000640053767711, -0.000161896678037, -0.00333651597612, 0.000231314377743, -0.00117668358143, -0.00114738813136, -0.00222538644448, -0.00126035336871, 0.000804126088042, -0.000915399170481], [0.000321934523527, 0.00308510055766, -0.00389098981395, 0.00268276268616, -0.00317887146957, 0.00375743280165, -0.00268653361127, 0.00145949947182, 1.62795258802e-05, -0.00112337886821, -0.0018973328406, 0.00390165974386, -0.00183604680933], [0.00265826191753, -0.00389098981395, 0.0149125177413, -0.0116719994694, 0.00280592869967, -0.007837488316, 2.76766222669e-05, 0.00078265403863, -0.00136545789428, -0.00641888380051, 0.00447817286476, -0.00758939050138, 0.00220703263767], [-0.000640053767711, 0.00268276268616, -0.0116719994694, 0.018066233024, -0.00692931516096, -0.00209534564056, 0.00371252256446, -0.00308129540645, 0.000277731305687, 0.00559589965269, -0.00840195547789, 0.0114350765944, -0.00412464793772], [-0.000161896678037, -0.00317887146957, 0.00280592869967, -0.00692931516096, 0.017141232267, -0.00439286977053, -0.00345513853244, -0.00274579087272, 0.00417412584648, -0.00113461294677, 0.00542631233111, -0.00787547230721, 0.00635949801654], [-0.00333651597612, 0.00375743280165, -0.007837488316, -0.00209534564056, -0.00439286977053, 0.0320141427219, -0.0176839921623, 0.00608627218753, -0.00496799778193, 0.00799917150289, -0.00336421024986, 0.00299972877838, -0.00414642691612], [0.000231314377743, -0.00268653361127, 2.76766222669e-05, 0.00371252256446, -0.00345513853244, -0.0176839921623, 0.0419027507305, -0.0204679891467, 0.00586009165272, -0.00631346739829, 0.00095991010312, -0.00400461629033, -0.0011624583276], [-0.00117668358143, 0.00145949947182, 0.00078265403863, -0.00308129540645, -0.00274579087272, 0.00608627218753, -0.0204679891467, 0.0390548668802, -0.0168108455837, 0.00916204508394, -0.000341453269357, -0.00303910137154, 0.00126413849648], [-0.00114738813136, 1.62795258802e-05, -0.00136545789428, 0.000277731305687, 0.00417412584648, -0.00496799778193, 0.00586009165272, -0.0168108455837, 0.0363475978374, -0.0203805286437, 0.00290632131509, 0.00616816850379, -0.000816130836029], [-0.00222538644448, -0.00112337886821, -0.00641888380051, 0.00559589965269, -0.00113461294677, 0.00799917150289, -0.00631346739829, 0.00916204508394, -0.0203805286437, 0.0521394796669, -0.0237120520324, 0.00301728118211, 0.00578067777678], [-0.00126035336871, -0.0018973328406, 0.00447817286476, -0.00840195547789, 0.00542631233111, -0.00336421024986, 0.00095991010312, -0.000341453269357, 0.00290632131509, -0.0237120520324, 0.0525210238993, -0.0186733789742, 0.00465317815542], [0.000804126088042, 0.00390165974386, -0.00758939050138, 0.0114350765944, -0.00787547230721, 0.00299972877838, -0.00400461629033, -0.00303910137154, 0.00616816850379, 0.00301728118211, -0.0186733789742, 0.0425321422517, -0.0155925732106], [-0.000915399170481, -0.00183604680933, 0.00220703263767, -0.00412464793772, 0.00635949801654, -0.00414642691612, -0.0011624583276, 0.00126413849648, -0.000816130836029, 0.00578067777678, 0.00465317815542, -0.0155925732106, 0.0380610302091]]
    spectral_contrast:
        mean: [2.70126662372e-07, -1.2216278833e-07, 3.69243537079e-07, 1.9326668621e-07, 6.22606366463e-09, 9.8702948037e-08, -2.50987977779e-06, 3.33389334628e-06, -2.27546252063e-06, 5.71901033197e-08, -2.24414247896e-06, 2.80638545291e-07]
        var: [0.000216908971197, 0.000327464862494, 0.000755334156565, 0.00119207892567, 0.00200428906828, 0.00258681387641, 0.0211776737124, 0.0380400419235, 0.0810717046261, 0.164337053895, 1.16092550755, 8.09979343414]

rhythm:
    beats_loudness:
        dmean: 0.00110127415974
        dmean2: 0.00139806524385
        dvar: 8.28949737297e-07
        dvar2: 2.65937592303e-06
        max: 0.00834186933935
        mean: 0.00408829841763
        min: 0.000336489349138
        var: 7.67134588386e-06
    beats_loudness_bass:
        dmean: 0.0448973737657
        dmean2: 0.083088375628
        dvar: 0.00319386320189
        dvar2: 0.0118277501315
        max: 0.278594970703
        mean: 0.0770008936524
        min: 1.98353227461e-05
        var: 0.00859747175127
    bpm: 117.695373535
    bpm_confidence: 0
    first_peak_bpm: 137
    first_peak_spread: 0
    first_peak_weight: 0.600000023842
    onset_rate: 1.79443359375
    second_peak_bpm: 118
    second_peak_spread: 0
    second_peak_weight: 0.34999999404
    beats_position: [0.0301355663687, 0.46660721302, 0.903078913689, 1.33955049515, 1.77602219582, 2.21249365807, 2.64896535873, 3.0854370594, 3.52190899849, 3.95838069916, 4.39485263824, 4.83132410049, 5.26779603958, 6.0000128746, 6.50981712341, 7.0196223259, 7.52942657471, 8.03923130035, 8.549036026, 9.05884170532, 9.56864643097]
    bpm_estimates: [118.872711182, 117.711341858, 117.475662231, 117.096725464, 117.320426941]
    bpm_intervals: [0.436471641064, 0.436471700668, 0.436471581459, 0.436471700668, 0.43647146225, 0.436471700668, 0.436471700668, 0.436471939087, 0.436471700668, 0.436471939087, 0.43647146225, 0.436471939087, 0.732216835022, 0.50980424881, 0.509805202484, 0.50980424881, 0.509804725647, 0.509804725647, 0.509805679321, 0.509804725647]
    onset_times: [0.0580498874187, 0.568888902664, 1.10294783115, 1.46285712719, 1.70666670799, 1.90403628349, 2.13623571396, 2.38004541397, 2.50775504112, 2.80961441994, 2.85605430603, 3.00698423386, 3.11147403717, 3.27401351929, 3.45977330208, 3.73841261864, 4.1679816246, 6.025578022]
    rubato_start: [6.50981712341]
    rubato_stop: [9.56864643097]
    perceptual_tempo: "unknown"

sfx:
    inharmonicity:
        dmean: 0.0620691105723
        dmean2: 0.108344107866
        dvar: 0.00460146926343
        dvar2: 0.0135057317093
        max: 0.381314069033
        mean: 0.0864940956235
        min: 0
        var: 0.00726575776935
    oddtoevenharmonicenergyratio:
        dmean: 1.7169303894
        dmean2: 3.15574860573
        dvar: 54.5886039734
        dvar2: 158.837921143
        max: 111.551040649
        mean: 1.48213016987
        min: 0
        var: 31.8478298187
    pitch_after_max_to_before_max_energy_ratio: 18.1045207977
    pitch_centroid: 243.627944946
    pitch_max_to_total: 0.282407402992
    pitch_min_to_total: 0.148148149252
    tristimulus:
        dmean: [0.124464869499, 0.221333056688, 0.141966432333]
        dmean2: [0.224983334541, 0.389939159155, 0.247970491648]
        dvar: [0.0200936831534, 0.0440790317953, 0.0241294074804]
        dvar2: [0.06109829247, 0.138891741633, 0.0687535405159]
        max: [1, 0.99441665411, 0.743941605091]
        mean: [0.297486752272, 0.48659324646, 0.173837780952]
        min: [0.000316114193993, 0, 0]
        var: [0.090237647295, 0.0711532458663, 0.0341326072812]

tonal:
    chords_changes_rate: 0.124423965812
    chords_number_rate: 0.0276497695595
    chords_strength:
        dmean: 0.0100374221802
        dmean2: 0.0121339578182
        dvar: 0.000127037958009
        dvar2: 0.000197279718122
        max: 0.749797642231
        mean: 0.520324647427
        min: 0.25282728672
        var: 0.0224761515856
    key_strength: 0.73859167099
    tuning_diatonic_strength: 0.676859676838
    tuning_equal_tempered_deviation: 0.127875313163
    tuning_frequency: 441.272583008
    tuning_nontempered_energy_ratio: 0.755973160267
    hpcp:
        dmean: [0.12849009037, 0.121369183064, 0.148168981075, 0.173044189811, 0.150705680251, 0.116974465549, 0.117827512324, 0.127330332994, 0.128761768341, 0.119844630361, 0.11674875021, 0.129015222192, 0.143169671297, 0.172216162086, 0.22554948926, 0.226352959871, 0.177208259702, 0.179759114981, 0.164545923471, 0.163194730878, 0.142896428704, 0.137972891331, 0.169048666954, 0.20360930264, 0.180558741093, 0.189461395144, 0.131717398763, 0.10629786551, 0.119025990367, 0.119576603174, 0.113211497664, 0.130416840315, 0.112125404179, 0.109220534563, 0.101078741252, 0.116275213659]
        dmean2: [0.226834610105, 0.21321734786, 0.251529097557, 0.289293467999, 0.249630734324, 0.192356675863, 0.189973980188, 0.214953437448, 0.218213692307, 0.195568427444, 0.197858139873, 0.224850162864, 0.240301653743, 0.289066553116, 0.390264123678, 0.381118476391, 0.288891643286, 0.307485073805, 0.278879076242, 0.283290177584, 0.250425070524, 0.236651986837, 0.284620523453, 0.326237887144, 0.289025038481, 0.30524995923, 0.228773653507, 0.178487703204, 0.192626848817, 0.195765987039, 0.191546157002, 0.211129382253, 0.190615102649, 0.184286937118, 0.176467210054, 0.207486584783]
        dvar: [0.024909792468, 0.0200212597847, 0.0173130501062, 0.022776292637, 0.0200271997601, 0.0178705696017, 0.0180719252676, 0.0226724073291, 0.0201866999269, 0.0176010392606, 0.0195315033197, 0.0234265718609, 0.0229150727391, 0.030087089166, 0.0476057343185, 0.0460850335658, 0.0251620914787, 0.0383962467313, 0.0329572707415, 0.0273973811418, 0.0262020621449, 0.0209992248565, 0.0322667248547, 0.022597130388, 0.0268428307027, 0.026477323845, 0.0218597874045, 0.0178867168725, 0.0188791714609, 0.0219370108098, 0.0198305360973, 0.0222361218184, 0.0157429091632, 0.0188816078007, 0.0163863580674, 0.0216732490808]
        dvar2: [0.0719382166862, 0.0581668019295, 0.0481487438083, 0.0588599480689, 0.0530906394124, 0.0515562929213, 0.0540211126208, 0.0664322152734, 0.053896419704, 0.0501582175493, 0.0529199391603, 0.0666069164872, 0.0627520307899, 0.0834467932582, 0.119064591825, 0.128293693066, 0.0688671320677, 0.103258602321, 0.0704323500395, 0.0756777375937, 0.0821273699403, 0.0578905194998, 0.0801120996475, 0.0606221519411, 0.0701804161072, 0.0772397220135, 0.0600270554423, 0.0453161709011, 0.0484337545931, 0.0604368671775, 0.0532407686114, 0.0654682666063, 0.0480320453644, 0.0541716963053, 0.0452457927167, 0.0597229376435]
        max: [1, 1, 1, 1, 1, 1, 1, 1, 1, 1, 1, 1, 1, 1, 1, 1, 1, 1, 1, 1, 1, 1, 1, 1, 1, 1, 1, 1, 1, 1, 1, 1, 0.917051970959, 1, 1, 1]
        mean: [0.299751102924, 0.296649873257, 0.429966717958, 0.551565170288, 0.447503566742, 0.334203004837, 0.349636167288, 0.382570892572, 0.397194057703, 0.398919850588, 0.390538215637, 0.366073101759, 0.342563301325, 0.368745774031, 0.473534286022, 0.505055427551, 0.426130414009, 0.41409984231, 0.403484463692, 0.354778856039, 0.326873898506, 0.329205811024, 0.374792069197, 0.552124857903, 0.626159727573, 0.447862893343, 0.319666743279, 0.311487287283, 0.325188875198, 0.303321063519, 0.306025326252, 0.31676286459, 0.291494101286, 0.285936385393, 0.299539983273, 0.310680896044]
        min: [0.00113674730528, 0.0014757164754, 0.042557541281, 0.071948543191, 0.016790157184, 5.12867591169e-05, 8.15250532469e-05, 0.000112309469841, 0.00362378102727, 0.00167123833671, 0.00352739007212, 7.51983097871e-05, 0, 0, 0.0012323037954, 0.000518413085956, 0.00145412690472, 0.000307338254061, 0.000221184556722, 0.000307875307044, 0.000210625774343, 0.000118746516819, 0.00256549450569, 0.0210272688419, 0.0474626980722, 0.015361353755, 0.000442172138719, 0.000450680265203, 0, 0.000223713315791, 0.000196508859517, 0.000920310383663, 0.000472518702736, 0.000313765660394, 0.000135024019983, 0.000715240777936]
        var: [0.073404058814, 0.0655921697617, 0.0463334843516, 0.0553628206253, 0.0598191469908, 0.0841378420591, 0.0906582400203, 0.106874592602, 0.103250190616, 0.0873482525349, 0.0999342724681, 0.0960372462869, 0.0862136781216, 0.0776802301407, 0.0759879350662, 0.0770733654499, 0.078500688076, 0.0892255529761, 0.0942012667656, 0.0732851177454, 0.0819486305118, 0.0799762457609, 0.0814922377467, 0.0566080026329, 0.0783281251788, 0.0580142363906, 0.0766126736999, 0.0825022161007, 0.092731103301, 0.079258620739, 0.0752222314477, 0.0805316716433, 0.061883687973, 0.0612374283373, 0.0667849928141, 0.0735571160913]
    chords_histogram: [72.350227356, 0, 0, 3.68663597107, 0, 3.22580647469, 0, 0, 0, 0, 0, 0, 0.921658992767, 0, 0, 3.68663597107, 0, 0, 0, 0, 0, 0, 2.30414748192, 13.8248844147]
    thpcp: [1, 0.715253412724, 0.510519504547, 0.497456610203, 0.519338548183, 0.484414845705, 0.488733649254, 0.505881905556, 0.465526759624, 0.456650882959, 0.478376328945, 0.496168762445, 0.478713482618, 0.473760694265, 0.686672568321, 0.880869746208, 0.714679598808, 0.533734440804, 0.558381736279, 0.610979735851, 0.634333431721, 0.6370896101, 0.623703837395, 0.584632158279, 0.547086119652, 0.588900506496, 0.756251573563, 0.80659198761, 0.680545866489, 0.661332607269, 0.64437943697, 0.566594839096, 0.522029578686, 0.525753736496, 0.598556637764, 0.881763577461]
    chords_key: "A#"
    chords_scale: "major"
    key_key: "A#"
    key_scale: "major"
    chords_progression: ["A#", "A#", "A#", "A#", "A#", "A#", "A#", "A#", "A#", "A#", "A#", "A#", "A#", "A#", "A#", "A#", "A#", "A#", "A#", "A#", "A#", "A#", "A#", "A#", "A#", "A#", "A#", "A#", "A#", "A#", "A#", "A#", "A#", "A#", "A#", "A#", "A#", "A#", "A#", "A#", "A#", "A#", "A#", "A#", "A#", "A#", "A#", "A#", "A#", "A#", "A#", "A#", "A#", "A#", "A#", "A#", "A#", "A#", "A#", "A#", "A#", "A#", "A#", "A#", "A#", "A#", "A#", "A#", "A#", "A#", "A#", "A#", "A#", "A#", "A#", "A#", "A#", "A#", "A#", "A#", "A#", "A#", "A#", "A#", "A#", "A#", "A#", "A#", "A#", "A#", "A#", "A#", "A#", "A#", "A#", "A#", "A#", "A#", "A#", "A#", "A#", "A#", "A#", "A#", "A#", "A#", "A#", "A#", "A#", "A#", "A#", "A#", "A#", "A#", "A#", "A#", "A#", "A#", "A#", "A#", "A#", "A#", "A#", "A#", "A#", "A#", "A#", "A#", "A#", "A#", "A#", "A#", "A#", "A#", "A#", "A#", "A#", "A#", "A#", "A#", "A#", "A#", "A#", "A#", "Gm", "Am", "Am", "Gm", "Gm", "D#", "Am", "Am", "Am", "Am", "Am", "Am", "D#", "Gm", "Gm", "D#", "Gm", "D#", "Em", "Em", "Gm", "E", "Em", "E", "Em", "Em", "Em", "Em", "A#", "A#", "D#m", "A#", "A#", "A#", "A#", "D#m", "D#m", "D#m", "D#m", "D#m", "D#m", "D#m", "A#", "A#", "A#", "A#", "A#", "D#", "Gm", "Gm", "A#", "Gm", "Gm", "Gm", "A#", "Gm", "Gm", "Gm", "Gm", "Gm", "Gm", "Gm", "Gm", "Gm", "Gm", "Gm", "Gm", "Gm", "Gm", "Gm", "Gm", "Gm", "Gm"]
