
metadata:
    version:
        essentia: "1.2.2"
    audio_properties:
        analysis_sample_rate: 44100
        bitrate: 128
        channels: 2
        equal_loudness: 1
        length: 10.0571432114
        replay_gain: -10.983499527
        downmix: "mix"
    tags:
        track: 9
        year: 0
        album: "Splitted by Mp3Splt v. 2.1"
        artist: "From 001.20 To 001.30"
        comment: "http://mp3splt.sf.net"
        genre: ""
        title: "04 Ambition.mp3"

highlevel:
    ballroom:
        all:
            ChaChaCha: 0.0747114941478
            Jive: 0.215284392238
            Quickstep: 0.241801738739
            Rumba-American: 0.00804058182985
            Rumba-International: 0.0561796054244
            Rumba-Misc: 0.0260609071702
            Samba: 0.0357343442738
            Tango: 0.0439964681864
            VienneseWaltz: 0.216378480196
            Waltz: 0.0818120017648
        probability: 0.241801738739
        value: "Quickstep"
    culture:
        all:
            non_western: 0.337557852268
            western: 0.662442147732
        probability: 0.662442147732
        value: "western"
    gender:
        all:
            female: 0.0221791956574
            male: 0.977820813656
        probability: 0.977820813656
        value: "male"
    genre_dortmund:
        all:
            alternative: 0.0931324139237
            blues: 0.0442410185933
            electronic: 0.0325918905437
            folkcountry: 0.295930027962
            funksoulrnb: 0.0155366929248
            jazz: 0.056807346642
            pop: 0.130733594298
            raphiphop: 0.0114919897169
            rock: 0.319535017014
        probability: 0.319535017014
        value: "rock"
    genre_electronica:
        all:
            ambient: 0.5808994174
            dnb: 0.176931396127
            house: 0.132584288716
            techno: 0.0322085022926
            trance: 0.0773764178157
        probability: 0.5808994174
        value: "ambient"
    genre_rosamerica:
        all:
            cla: 0.0224532932043
            dan: 0.0162016842514
            hip: 0.00995398592204
            jaz: 0.023527354002
            pop: 0.555402040482
            rhy: 0.0108181061223
            roc: 0.344320505857
            spe: 0.0173230208457
        probability: 0.555402040482
        value: "pop"
    genre_tzanetakis:
        all:
            blu: 0.0029638200067
            cla: 0.00711249560118
            cou: 0.106325984001
            dis: 0.0553616471589
            hip: 0.0113363265991
            jaz: 0.0176568236202
            met: 0.00513011775911
            pop: 0.496059089899
            reg: 0.0921700000763
            roc: 0.205883696675
        probability: 0.496059089899
        value: "pop"
    live_studio:
        all:
            live: 0.0243104118854
            studio: 0.975689589977
        probability: 0.975689589977
        value: "studio"
    mood:
        all:
            Cluster1: 0.35354590416
            Cluster2: 0.277687549591
            Cluster3: 0.124109372497
            Cluster4: 0.171528831124
            Cluster5: 0.0731283351779
        probability: 0.35354590416
        value: "Cluster1"
    mood_acoustic:
        all:
            acoustic: 0.484848469496
            not_acoustic: 0.515151560307
        probability: 0.515151560307
        value: "not_acoustic"
    mood_aggressive:
        all:
            aggressive: 0.0381983742118
            not_aggressive: 0.96180164814
        probability: 0.96180164814
        value: "not_aggressive"
    mood_electronic:
        all:
            electronic: 0.511496067047
            not_electronic: 0.488503903151
        probability: 0.511496067047
        value: "electronic"
    mood_happy:
        all:
            happy: 0.878276586533
            not_happy: 0.121723406017
        probability: 0.878276586533
        value: "happy"
    mood_party:
        all:
            not_party: 0.555346906185
            party: 0.444653093815
        probability: 0.555346906185
        value: "not_party"
    mood_relaxed:
        all:
            not_relaxed: 0.805902719498
            relaxed: 0.194097265601
        probability: 0.805902719498
        value: "not_relaxed"
    mood_sad:
        all:
            not_sad: 0.605383694172
            sad: 0.394616305828
        probability: 0.605383694172
        value: "not_sad"
    rhythm:
        all:
            fast: 0.556248247623
            medium: 0.302145153284
            slow: 0.141606628895
        probability: 0.556248247623
        value: "fast"
    speech_music:
        all:
            music: 0.998487472534
            speech: 0.00151253049262
        probability: 0.998487472534
        value: "music"
    timbre:
        all:
            bright: 0.0182753950357
            dark: 0.981724619865
        probability: 0.981724619865
        value: "dark"
    voice_instrumental:
        all:
            instrumental: 0.0130203058943
            voice: 0.986979722977
        probability: 0.986979722977
        value: "voice"

lowlevel:
    average_loudness: 0.949360251427
    barkbands_kurtosis:
        dmean: 1.05929243565
        dmean2: 1.58753216267
        dvar: 5.07008457184
        dvar2: 9.96705532074
        max: 37.0788879395
        mean: 0.623973369598
        min: -1.72532737255
        var: 16.9781475067
    barkbands_skewness:
        dmean: 0.368823349476
        dmean2: 0.556105852127
        dvar: 0.14090500772
        dvar2: 0.280874997377
        max: 5.14873313904
        mean: 0.618148505688
        min: -1.68959569931
        var: 0.9508061409
    barkbands_spread:
        dmean: 4.02800941467
        dmean2: 6.10081768036
        dvar: 19.6402492523
        dvar2: 39.5037536621
        max: 48.3151512146
        mean: 24.2049026489
        min: 1.95055603981
        var: 104.866989136
    dissonance:
        dmean: 0.020149435848
        dmean2: 0.0309335459024
        dvar: 0.000731297943275
        dvar2: 0.00106101878919
        max: 0.498352855444
        mean: 0.446315675974
        min: 0.0344467274845
        var: 0.00233464455232
    hfc:
        dmean: 1.30464291573
        dmean2: 1.78897881508
        dvar: 3.6161980629
        dvar2: 6.27144527435
        max: 25.6362552643
        mean: 4.98675251007
        min: 6.46964181215e-05
        var: 15.4072151184
    pitch:
        dmean: 344.96081543
        dmean2: 660.573059082
        dvar: 817270.8125
        dvar2: 2019991.75
        max: 4410
        mean: 442.553161621
        min: 79.8913040161
        var: 789855.5
    pitch_instantaneous_confidence:
        dmean: 0.0756930485368
        dmean2: 0.117569543421
        dvar: 0.00609141262248
        dvar2: 0.0130900982767
        max: 0.782381951809
        mean: 0.449525535107
        min: 0.109894990921
        var: 0.0205505900085
    pitch_salience:
        dmean: 0.0530033372343
        dmean2: 0.0844825804234
        dvar: 0.00206970167346
        dvar2: 0.00488248700276
        max: 0.937111973763
        mean: 0.662303864956
        min: 0.26082098484
        var: 0.00773498369381
    silence_rate_20dB:
        dmean: 0
        dmean2: 0
        dvar: 0
        dvar2: 0
        max: 1
        mean: 1
        min: 1
        var: 0
    silence_rate_30dB:
        dmean: 0
        dmean2: 0
        dvar: 0
        dvar2: 0
        max: 1
        mean: 1
        min: 1
        var: 0
    silence_rate_60dB:
        dmean: 0.124423965812
        dmean2: 0.249422639608
        dvar: 0.108942471445
        dvar2: 0.20568600297
        max: 1
        mean: 0.41839081049
        min: 0
        var: 0.243340432644
    spectral_centroid:
        dmean: 192.135101318
        dmean2: 291.91293335
        dvar: 48797.8632812
        dvar2: 96545.4609375
        max: 2871.44213867
        mean: 1174.20983887
        min: 230.696334839
        var: 283574.03125
    spectral_complexity:
        dmean: 2.85450339317
        dmean2: 4.28472232819
        dvar: 11.2928829193
        dvar2: 20.2314052582
        max: 40
        mean: 12.8686637878
        min: 0
        var: 47.1278533936
    spectral_crest:
        dmean: 1.57539606094
        dmean2: 2.56216907501
        dvar: 2.15184736252
        dvar2: 4.85452461243
        max: 17.4380760193
        mean: 6.80891990662
        min: 2.78224992752
        var: 6.28735637665
    spectral_decrease:
        dmean: 2.41262732015e-10
        dmean2: 3.41595779441e-10
        dvar: 9.50171319024e-20
        dvar2: 1.58101111353e-19
        max: -2.69823327906e-14
        mean: -9.78004455199e-10
        min: -4.65396876592e-09
        var: 4.39879605408e-19
    spectral_energy:
        dmean: 0.00100236863364
        dmean2: 0.00140218669549
        dvar: 1.65624942383e-06
        dvar2: 2.65879089056e-06
        max: 0.0198904331774
        mean: 0.0041435258463
        min: 1.07705808716e-07
        var: 7.84548683441e-06
    spectral_energyband_high:
        dmean: 6.38971032458e-05
        dmean2: 9.27179062273e-05
        dvar: 2.45391706954e-08
        dvar2: 5.28925205856e-08
        max: 0.0016576051712
        mean: 0.000106075669464
        min: 1.07378739234e-09
        var: 3.17011270567e-08
    spectral_energyband_low:
        dmean: 7.39177921787e-05
        dmean2: 0.000121684781334
        dvar: 2.39183854944e-08
        dvar2: 5.63565691891e-08
        max: 0.00158052635379
        mean: 0.000169840350281
        min: 1.55671582291e-08
        var: 3.29537392929e-08
    spectral_energyband_middle_high:
        dmean: 0.000382701982744
        dmean2: 0.000539632339496
        dvar: 2.71512163863e-07
        dvar2: 4.18055236651e-07
        max: 0.00799443013966
        mean: 0.00157169788145
        min: 2.31506458448e-08
        var: 1.68321582805e-06
    spectral_energyband_middle_low:
        dmean: 0.00073749438161
        dmean2: 0.00112370937131
        dvar: 8.64167759573e-07
        dvar2: 1.76196761004e-06
        max: 0.0110616143793
        mean: 0.00229590199888
        min: 6.57922285541e-08
        var: 3.27586121784e-06
    spectral_flatness_db:
        dmean: 0.0207949057221
        dmean2: 0.0285411123186
        dvar: 0.000403862009989
        dvar2: 0.000699284253642
        max: 0.330203711987
        mean: 0.185986056924
        min: 0.080858156085
        var: 0.0017995366361
    spectral_flux:
        dmean: 0.0071613304317
        dmean2: 0.0106664001942
        dvar: 6.50882066111e-05
        dvar2: 0.000123724123114
        max: 0.110559500754
        mean: 0.0313132815063
        min: 0.00442997226492
        var: 0.000231020181673
    spectral_kurtosis:
        dmean: 3.57242107391
        dmean2: 5.57784843445
        dvar: 15.6238031387
        dvar2: 41.3976020813
        max: 41.0676002502
        mean: 8.71950531006
        min: 0.674407482147
        var: 36.3932914734
    spectral_rms:
        dmean: 0.000245588278631
        dmean2: 0.000334510725224
        dvar: 7.35033864885e-08
        dvar2: 1.05890030966e-07
        max: 0.00440514460206
        mean: 0.00189961353317
        min: 1.02507965494e-05
        var: 4.33933763588e-07
    spectral_rolloff:
        dmean: 365.616851807
        dmean2: 581.894836426
        dvar: 274628.78125
        dvar2: 566617.0625
        max: 4694.23828125
        mean: 2266.09643555
        min: 215.33203125
        var: 1122916.25
    spectral_skewness:
        dmean: 0.378835707903
        dmean2: 0.567963421345
        dvar: 0.160543873906
        dvar2: 0.372202426195
        max: 4.89954090118
        mean: 1.95943033695
        min: 0.323706358671
        var: 0.642093479633
    spectral_spread:
        dmean: 640770.9375
        dmean2: 768524.6875
        dvar: 1.06322388582e+12
        dvar2: 1.15061948416e+12
        max: 24045360
        mean: 3439949
        min: 1651504.75
        var: 2.91147559731e+12
    spectral_strongpeak:
        dmean: 0.302133262157
        dmean2: 0.512295305729
        dvar: 0.222220286727
        dvar2: 0.564999222755
        max: 3.89266777039
        mean: 0.573427200317
        min: 0
        var: 0.330723315477
    zerocrossingrate:
        dmean: 0.00732760177925
        dmean2: 0.00844771787524
        dvar: 5.74390905967e-05
        dvar2: 6.69961009407e-05
        max: 0.146484375
        mean: 0.0690569207072
        min: 0.00146484375
        var: 0.000746107369196
    barkbands:
        dmean: [2.60247389861e-07, 2.94984092761e-05, 5.28515811311e-05, 0.000218118657358, 0.000294142344501, 0.000205575575819, 0.000149137544213, 0.00026601969148, 8.15355815575e-05, 3.74215123884e-05, 4.52333952126e-05, 4.49804501841e-05, 4.30629625043e-05, 8.0127036199e-05, 9.33693154366e-05, 7.24349665688e-05, 6.25028624199e-05, 0.000122594283312, 0.000114217749797, 5.91522330069e-05, 2.67372615781e-05, 1.08909198389e-05, 2.26574843509e-06, 7.6620466416e-07, 5.48877153506e-07, 4.24399075882e-08, 5.90088145014e-10]
        dmean2: [3.79219159186e-07, 4.81410279463e-05, 8.79858489498e-05, 0.000366533582564, 0.00043036279385, 0.000344042986399, 0.000223468305194, 0.00041917708586, 0.000123933394207, 5.66961898585e-05, 6.90688902978e-05, 6.55871263007e-05, 6.46257176413e-05, 0.000120479526231, 0.000139961353852, 0.000107842904981, 9.08576475922e-05, 0.000192872583284, 0.000170698112925, 8.99367005331e-05, 4.00554781663e-05, 1.62713822647e-05, 3.1502956972e-06, 1.02522244561e-06, 7.53367828565e-07, 6.08341110819e-08, 9.46310363403e-10]
        dvar: [8.86575372578e-13, 3.93982357849e-09, 1.22556507165e-08, 1.65554993714e-07, 1.7582640055e-07, 7.11681735766e-08, 7.076645403e-08, 3.30815112193e-07, 4.25194386366e-08, 3.15260550998e-09, 4.72120209594e-09, 9.69958957597e-09, 9.70355795715e-09, 3.66468135837e-08, 2.33111787651e-08, 1.22365317878e-08, 1.61476858551e-08, 2.50757032916e-08, 2.69691042831e-08, 1.26260841782e-08, 5.78327430389e-09, 1.27092625313e-09, 4.37134911602e-11, 3.48722895178e-12, 1.54708320807e-12, 4.97538259371e-15, 3.38026695575e-17]
        dvar2: [1.88473260436e-12, 1.08477404837e-08, 2.83196381901e-08, 4.32961741126e-07, 4.25973439633e-07, 2.14839388946e-07, 1.25960340824e-07, 7.77457614731e-07, 8.15379124219e-08, 6.76294886759e-09, 1.18226033408e-08, 1.80535426608e-08, 1.97651282008e-08, 9.00721275343e-08, 5.11693301064e-08, 2.55376590985e-08, 3.58825253954e-08, 5.77588750161e-08, 5.7869904424e-08, 2.99158564587e-08, 1.19764411721e-08, 2.98504887475e-09, 8.989402972e-11, 6.56643793159e-12, 2.95239353798e-12, 9.66056492343e-15, 8.47566247139e-17]
        max: [7.4019362728e-06, 0.000542906054761, 0.00127635267563, 0.00448175985366, 0.00534801324829, 0.00257137906738, 0.00363398343325, 0.00855297315866, 0.00381467328407, 0.000699677097145, 0.000931616639718, 0.00177815475035, 0.00167781929485, 0.00323087535799, 0.00173823116347, 0.00176474987529, 0.00239421566948, 0.00145667302422, 0.00157689943444, 0.00109652231913, 0.000745427794755, 0.000360262143658, 6.47440101602e-05, 1.83393385669e-05, 1.22283981909e-05, 5.43039959666e-07, 8.59509441398e-08]
        mean: [2.36256525454e-07, 6.72832029522e-05, 0.000102332691313, 0.000315211567795, 0.00059022550704, 0.000379061588319, 0.000284287263639, 0.000498645647895, 0.00021303378162, 7.88048419054e-05, 0.000101186102256, 8.91496383701e-05, 7.71129343775e-05, 0.000157456161105, 0.000204585478059, 0.000143758457853, 0.000119969859952, 0.000288396462565, 0.0002666535147, 0.000115981740237, 3.47445638909e-05, 1.13057003546e-05, 2.40059443968e-06, 9.66376319411e-07, 6.87233921326e-07, 5.20898311152e-08, 3.67189750827e-10]
        min: [1.52005890514e-11, 3.18681614431e-09, 6.15955819683e-09, 7.36231964282e-09, 2.16698179401e-08, 1.89758413427e-08, 9.83597381321e-09, 3.08667802429e-09, 4.00813693346e-09, 6.38698516298e-09, 5.10817077526e-09, 2.66004618332e-09, 3.48042239473e-09, 2.58617438575e-09, 6.07077665915e-10, 8.80778228129e-10, 1.20836529671e-09, 6.00242799909e-10, 4.11651629451e-10, 2.25119214936e-10, 1.55927382117e-10, 1.73473707621e-10, 1.45628606396e-10, 1.21018361998e-10, 1.10943310094e-10, 5.01241929907e-11, 6.90658196866e-14]
        var: [9.79113274832e-13, 4.53224879848e-09, 1.6555480542e-08, 2.30622276831e-07, 3.52059203124e-07, 1.22234183664e-07, 1.80988266152e-07, 6.39951792891e-07, 1.93530311776e-07, 1.05563486841e-08, 2.05281622812e-08, 2.40149660158e-08, 2.47550975274e-08, 6.88681396355e-08, 7.93509329355e-08, 3.86287801746e-08, 3.65912669054e-08, 8.66796625587e-08, 6.80521168306e-08, 2.032985158e-08, 6.84284984231e-09, 1.20199228348e-09, 5.13520857781e-11, 5.05771466375e-12, 2.26304695469e-12, 7.90071167398e-15, 1.69829973576e-17]
    mfcc:
        mean: [-753.960693359, 164.042327881, -64.6224060059, 51.9949455261, -7.72099018097, -18.5941543579, -4.51480579376, -12.7823476791, -5.34694862366, -3.6985476017, -2.32819795609, -9.12218952179, -3.01444864273]
        cov: [[4627.75878906, -1512.3269043, -73.6860275269, 112.739212036, -211.249984741, 44.4971580505, 105.745414734, -68.1365127563, -23.4887123108, 44.9651947021, 72.6792221069, -68.8741989136, -38.6296768188], [-1512.3269043, 1437.73547363, -336.021789551, 90.2649536133, -5.80111789703, -127.4637146, 28.0394191742, 51.1380195618, 80.8085403442, -19.5955963135, 10.0021390915, 45.7187461853, 77.2740707397], [-73.6860275269, -336.021789551, 1243.77246094, -423.439025879, 64.8371047974, 84.5368347168, -169.439758301, 199.557983398, 79.6777572632, -63.4018936157, -50.0873069763, 71.6683044434, 56.0143699646], [112.739212036, 90.2649536133, -423.439025879, 442.110565186, 2.68393182755, 19.9080924988, 59.6550636292, -92.1348342896, -21.8856334686, 32.037361145, 21.6188316345, -9.44652271271, 0.996712327003], [-211.249984741, -5.80111789703, 64.8371047974, 2.68393182755, 264.723358154, 9.38007926941, -31.2103176117, 7.69155454636, -24.2388744354, 52.3241539001, 14.8342256546, 4.43806409836, 10.0051813126], [44.4971580505, -127.4637146, 84.5368347168, 19.9080924988, 9.38007926941, 131.639144897, 1.89765226841, 7.6552734375, 3.61244010925, -9.15899944305, 13.5615434647, 19.6689109802, -0.651533305645], [105.745414734, 28.0394191742, -169.439758301, 59.6550636292, -31.2103176117, 1.89765226841, 108.744697571, -15.486322403, 11.707649231, 0.990598022938, 10.0665864944, -0.888521611691, -8.47814846039], [-68.1365127563, 51.1380195618, 199.557983398, -92.1348342896, 7.69155454636, 7.6552734375, -15.486322403, 114.925445557, 54.1335334778, -14.2951507568, -5.58080625534, 25.9990749359, 26.1896858215], [-23.4887123108, 80.8085403442, 79.6777572632, -21.8856334686, -24.2388744354, 3.61244010925, 11.707649231, 54.1335334778, 119.252159119, -3.73567247391, -12.7504558563, 21.6900367737, 6.57084131241], [44.9651947021, -19.5955963135, -63.4018936157, 32.037361145, 52.3241539001, -9.15899944305, 0.990598022938, -14.2951507568, -3.73567247391, 89.9925689697, 25.948141098, -15.8528194427, -0.247657895088], [72.6792221069, 10.0021390915, -50.0873069763, 21.6188316345, 14.8342256546, 13.5615434647, 10.0665864944, -5.58080625534, -12.7504558563, 25.948141098, 70.8852767944, 12.3914308548, 19.3066558838], [-68.8741989136, 45.7187461853, 71.6683044434, -9.44652271271, 4.43806409836, 19.6689109802, -0.888521611691, 25.9990749359, 21.6900367737, -15.8528194427, 12.3914308548, 78.3578109741, 21.8030700684], [-38.6296768188, 77.2740707397, 56.0143699646, 0.996712327003, 10.0051813126, -0.651533305645, -8.47814846039, 26.1896858215, 6.57084131241, -0.247657895088, 19.3066558838, 21.8030700684, 88.0369262695]]
        icov: [[0.000417640636442, 0.000541806512047, 7.2733630077e-05, -0.000164266602951, 0.000300898245769, 0.00039876360097, -0.000229167155339, -0.000206771976082, -0.000269514945103, 2.55739178101e-05, -0.000548009178601, 0.000142102537211, -0.000223358540097], [0.000541806512047, 0.00171361921821, 0.000610217452049, -0.000238454696955, 0.000186190824024, 0.00135137035977, 9.89155523712e-05, -0.000940941099543, -0.00103464955464, 0.000606851303019, -0.000743896816857, -0.00032781434129, -0.00105040357448], [7.2733630077e-05, 0.000610217452049, 0.00231522042304, 0.00127671391238, -0.000341583188856, -0.00092615513131, 0.00221690325998, -0.00191416789312, -0.000761933217291, 0.000582622305956, 0.000973340705968, -0.000857476145029, -0.00111892900895], [-0.000164266602951, -0.000238454696955, 0.00127671391238, 0.00397327635437, -0.000416346389102, -0.00171163561754, 7.50999097363e-05, 0.0018032224616, -0.000590066658333, -0.000544389826246, 0.000972582085524, -0.000594269600697, -0.00123823515605], [0.000300898245769, 0.000186190824024, -0.000341583188856, -0.000416346389102, 0.00499968323857, -0.000130711079692, 0.00054314697627, -0.000844055670314, 0.00143841071986, -0.00329817342572, -3.37930614478e-05, -0.000595929275732, -3.67563152395e-05], [0.00039876360097, 0.00135137035977, -0.00092615513131, -0.00171163561754, -0.000130711079692, 0.010379653424, -0.00111001532059, -0.000471060920972, -0.000639166333713, 0.00180791364983, -0.00333187030628, -0.00142061524093, 0.000857678998727], [-0.000229167155339, 9.89155523712e-05, 0.00221690325998, 7.50999097363e-05, 0.00054314697627, -0.00111001532059, 0.0131829744205, -0.00094479159452, -0.00224821548909, 0.000963478349149, -0.000825031369459, -0.000734746805392, 0.000415320973843], [-0.000206771976082, -0.000940941099543, -0.00191416789312, 0.0018032224616, -0.000844055670314, -0.000471060920972, -0.00094479159452, 0.017070883885, -0.00532189430669, 0.000767683144659, -0.000229715296882, -0.000815023726318, -0.00249261548743], [-0.000269514945103, -0.00103464955464, -0.000761933217291, -0.000590066658333, 0.00143841071986, -0.000639166333713, -0.00224821548909, -0.00532189430669, 0.0129699436948, -0.00292058102787, 0.00321192853153, -0.00225493987091, 0.00135765701998], [2.55739178101e-05, 0.000606851303019, 0.000582622305956, -0.000544389826246, -0.00329817342572, 0.00180791364983, 0.000963478349149, 0.000767683144659, -0.00292058102787, 0.0164495743811, -0.00649588927627, 0.00368285714649, 0.000143373195897], [-0.000548009178601, -0.000743896816857, 0.000973340705968, 0.000972582085524, -3.37930614478e-05, -0.00333187030628, -0.000825031369459, -0.000229715296882, 0.00321192853153, -0.00649588927627, 0.0206989366561, -0.00428291223943, -0.00398636888713], [0.000142102537211, -0.00032781434129, -0.000857476145029, -0.000594269600697, -0.000595929275732, -0.00142061524093, -0.000734746805392, -0.000815023726318, -0.00225493987091, 0.00368285714649, -0.00428291223943, 0.0170380417258, -0.0019703891594], [-0.000223358540097, -0.00105040357448, -0.00111892900895, -0.00123823515605, -3.67563152395e-05, 0.000857678998727, 0.000415320973843, -0.00249261548743, 0.00135765701998, 0.000143373195897, -0.00398636888713, -0.0019703891594, 0.0149621088058]]
    spectral_contrast:
        mean: [-3.15696894404e-07, -2.17079705322e-08, 1.52230470007e-07, -1.53389251523e-07, 8.18190457608e-08, -5.96046447754e-08, 1.99421492653e-06, 2.05732158065e-06, -4.26296821843e-07, -5.67205518109e-07, -1.96228370442e-06, 8.42046119942e-06]
        var: [0.000606158515438, 0.000752571213525, 0.0017417644849, 0.00273950747214, 0.00322013976984, 0.00699231633916, 0.0804326087236, 0.0886788591743, 0.235688313842, 0.440618425608, 0.997309625149, 2.45311546326]

rhythm:
    beats_loudness:
        dmean: 0.00385429360904
        dmean2: 0.0060910563916
        dvar: 1.05466533569e-05
        dvar2: 2.97692586173e-05
        max: 0.0180004164577
        mean: 0.00695365900174
        min: 0.00158767704852
        var: 1.63613876794e-05
    beats_loudness_bass:
        dmean: 0.0829629153013
        dmean2: 0.127652704716
        dvar: 0.0027367437724
        dvar2: 0.00835956260562
        max: 0.230238199234
        mean: 0.0966029316187
        min: 0.00401627691463
        var: 0.00379419745877
    bpm: 110.376441956
    bpm_confidence: 0
    first_peak_bpm: 110
    first_peak_spread: 0
    first_peak_weight: 0.941176533699
    onset_rate: 3.28125023842
    second_peak_bpm: 105
    second_peak_spread: 0
    second_peak_weight: 0.0588235296309
    beats_position: [0.300177037716, 0.845121264458, 1.39006543159, 1.93500947952, 2.47995376587, 3.0248978138, 3.56984186172, 4.11478614807, 4.65972995758, 5.20467376709, 5.74961805344, 6.32000207901, 6.86228227615, 7.4045624733, 7.94684314728, 8.48912334442, 9.03140354156, 9.57368373871]
    bpm_estimates: [110.01701355, 109.978385925, 110.643165588, 109.153572083, 111.416503906, 110.299102783, 110.012985229, 109.820549011, 109.889289856, 109.828460693, 110.949211121, 110.945259094, 110.122489929, 109.212364197, 110.202217102, 110.990661621, 110.828651428, 110.98853302, 111.003036499, 111.227638245]
    bpm_intervals: [0.544944226742, 0.544944167137, 0.544944047928, 0.544944286346, 0.544944047928, 0.544944047928, 0.544944286346, 0.544943809509, 0.544943809509, 0.544944286346, 0.570384025574, 0.542280197144, 0.542280197144, 0.542280673981, 0.542280197144, 0.542280197144, 0.542280197144]
    onset_times: [0.0464399084449, 0.452789127827, 0.743038535118, 0.940408170223, 1.1261677742, 1.24226760864, 1.35836732388, 1.52090704441, 1.81115651131, 1.92725622654, 2.20589566231, 2.47292518616, 2.76317453384, 2.92571425438, 3.01859402657, 3.23918366432, 3.28562355042, 3.42494320869, 3.52943301201, 4.12154197693, 4.40018129349, 5.21287965775, 5.50312948227, 5.67727899551, 6.3042178154, 6.54802703857, 7.11691617966, 7.38394546509, 7.6858048439, 7.8831744194, 8.45206356049, 9.02095222473, 9.55501174927]
    rubato_start: []
    rubato_stop: []
    perceptual_tempo: "unknown"

sfx:
    inharmonicity:
        dmean: 0.0521442256868
        dmean2: 0.0897798538208
        dvar: 0.00322106992826
        dvar2: 0.00913718342781
        max: 0.38158878684
        mean: 0.0607572905719
        min: 0.000167389269336
        var: 0.00420764600858
    oddtoevenharmonicenergyratio:
        dmean: 4.36991405487
        dmean2: 8.078997612
        dvar: 357.323059082
        dvar2: 1030.05773926
        max: 221.909896851
        mean: 2.84897232056
        min: 0.00114661839325
        var: 196.549850464
    pitch_after_max_to_before_max_energy_ratio: 0.136454224586
    pitch_centroid: 188.18359375
    pitch_max_to_total: 0.781105995178
    pitch_min_to_total: 0.0460829511285
    tristimulus:
        dmean: [0.199159666896, 0.227264657617, 0.110281467438]
        dmean2: [0.341918051243, 0.390218108892, 0.195530161262]
        dvar: [0.0325843133032, 0.0420559681952, 0.0120306843892]
        dvar2: [0.0860068425536, 0.114537581801, 0.0350137278438]
        max: [0.954775929451, 0.966348648071, 0.609476208687]
        mean: [0.381932526827, 0.463481456041, 0.112104386091]
        min: [0.0112423328683, 0, 0]
        var: [0.0517557412386, 0.0547294579446, 0.0150701254606]

tonal:
    chords_changes_rate: 0.0688073411584
    chords_number_rate: 0.0275229364634
    chords_strength:
        dmean: 0.00837724562734
        dmean2: 0.0083347260952
        dvar: 5.39762841072e-05
        dvar2: 6.05187560723e-05
        max: 0.676328778267
        mean: 0.541627705097
        min: 0.299647122622
        var: 0.0047136801295
    key_strength: 0.643056631088
    tuning_diatonic_strength: 0.512069165707
    tuning_equal_tempered_deviation: 0.100515142083
    tuning_frequency: 439.491973877
    tuning_nontempered_energy_ratio: 0.700429201126
    hpcp:
        dmean: [0.103261202574, 0.0905653461814, 0.0788041725755, 0.0725274756551, 0.0725915506482, 0.105925686657, 0.105966217816, 0.0825121328235, 0.0784681141376, 0.0787768438458, 0.135527700186, 0.175254881382, 0.202668696642, 0.163872539997, 0.150152117014, 0.123530544341, 0.0728879645467, 0.0457433722913, 0.0582508705556, 0.0727946609259, 0.102059975266, 0.118341982365, 0.102773137391, 0.112825497985, 0.129564598203, 0.154748275876, 0.209793686867, 0.191685348749, 0.187703832984, 0.205552443862, 0.15217538178, 0.142442435026, 0.153195664287, 0.155091106892, 0.129301011562, 0.10462602973]
        dmean2: [0.173286899924, 0.151420578361, 0.130499348044, 0.119980104268, 0.118342906237, 0.168490976095, 0.170345082879, 0.142318800092, 0.13113462925, 0.131868049502, 0.228190839291, 0.30058863759, 0.34250280261, 0.269574910402, 0.255953878164, 0.205390110612, 0.124609723687, 0.0833756923676, 0.102137282491, 0.133008822799, 0.177030071616, 0.202341839671, 0.182107165456, 0.182095974684, 0.224149718881, 0.267013520002, 0.358288615942, 0.318123221397, 0.326658070087, 0.338397264481, 0.241656243801, 0.229584410787, 0.254930764437, 0.263701558113, 0.22861546278, 0.176506623626]
        dvar: [0.0179794188589, 0.0142196044326, 0.0147574311122, 0.0102103874087, 0.0170709397644, 0.0181658510119, 0.0181418117136, 0.0173518136144, 0.0184065327048, 0.0153985405341, 0.0346917062998, 0.0391359291971, 0.0517436042428, 0.0340543985367, 0.0417438745499, 0.0327857062221, 0.00953257922083, 0.00493690697476, 0.0141678024083, 0.020883705467, 0.0273615606129, 0.0378263033926, 0.0372947715223, 0.0273169819266, 0.0509564839303, 0.0499913655221, 0.0566706508398, 0.0454399064183, 0.050839908421, 0.0490543209016, 0.031207093969, 0.0268199089915, 0.0383854955435, 0.0351110324264, 0.0342851467431, 0.0267977360636]
        dvar2: [0.0469401329756, 0.0343086160719, 0.0364976972342, 0.0246911495924, 0.0389740280807, 0.0461248606443, 0.0429883934557, 0.0468117333949, 0.0472269915044, 0.0374017693102, 0.079259544611, 0.0811712145805, 0.111026242375, 0.0770476907492, 0.112551823258, 0.0783397182822, 0.0225359443575, 0.0136681422591, 0.0379940606654, 0.0524407364428, 0.0663937777281, 0.0946686714888, 0.0987806618214, 0.0701005980372, 0.130507051945, 0.126256048679, 0.152143612504, 0.120235212147, 0.117872968316, 0.130264401436, 0.0724619328976, 0.0741300433874, 0.103448025882, 0.0938696712255, 0.0995398014784, 0.0696819722652]
        max: [0.799025714397, 1, 1, 0.656501233578, 1, 0.916630268097, 1, 0.926732838154, 1, 1, 1, 1, 1, 1, 1, 1, 0.696393609047, 0.361938923597, 0.839679062366, 1, 0.991565167904, 1, 1, 1, 1, 1, 1, 1, 1, 1, 1, 1, 1, 1, 1, 1]
        mean: [0.132871747017, 0.120602145791, 0.124095566571, 0.118229672313, 0.109023489058, 0.168136611581, 0.172725498676, 0.107818819582, 0.0870283842087, 0.0974866896868, 0.175442829728, 0.32006880641, 0.397965729237, 0.269221842289, 0.194693654776, 0.225527182221, 0.126673981547, 0.0513851679862, 0.0628926977515, 0.0861225277185, 0.12418667227, 0.136509940028, 0.122551113367, 0.135741695762, 0.148557156324, 0.167852878571, 0.315812826157, 0.411897301674, 0.323234140873, 0.350561022758, 0.363353192806, 0.231375083327, 0.214310020208, 0.234597578645, 0.170200884342, 0.132484823465]
        min: [0.000375306903152, 0.00051852024626, 0.000454287248431, 0.000607182621025, 0.000781744485721, 0.000760011607781, 0.00110819691326, 0.00122101139277, 0.000231603655266, 0.000668539258186, 0.00122972531244, 0.00133476569317, 0.00136735697743, 0.00121595431119, 0.000511441554409, 0.000877163314726, 0.00197204947472, 0.000391277862946, 0.000301947729895, 0.000426608981797, 0.000649007270113, 0.000668996071909, 0.000433960056398, 0.00121495814528, 0.000594888872001, 0.000301752239466, 0.000403731508413, 0.00146504677832, 0.00184275466017, 0.000663141079713, 0.000709128507879, 8.29116761452e-05, 6.07326146564e-05, 0.000244861206738, 0.000676674768329, 0.000538383610547]
        var: [0.0213212464005, 0.0204752162099, 0.0208599306643, 0.0125678414479, 0.0170993898064, 0.0324518382549, 0.038143157959, 0.016502795741, 0.0172230545431, 0.0218496043235, 0.0539636872709, 0.0824623778462, 0.119631320238, 0.0734556987882, 0.0502621233463, 0.0767535045743, 0.0218308195472, 0.0040773851797, 0.0116352802143, 0.0198231898248, 0.0302525069565, 0.0409947894514, 0.0343004874885, 0.0300208125263, 0.0515741482377, 0.0556557476521, 0.0789095163345, 0.106988504529, 0.093529433012, 0.0994115173817, 0.11843495816, 0.0413465499878, 0.0547632128, 0.0693727731705, 0.0406404025853, 0.0329966545105]
    chords_histogram: [45.8715591431, 0, 0, 0, 0, 0, 0, 9.63302707672, 0, 0, 0.458715587854, 0, 2.75229358673, 0, 0, 0, 0, 0, 0, 1.83486235142, 0, 29.8165130615, 9.63302707672, 0]
    thpcp: [1, 0.784744501114, 0.851088404655, 0.882145106792, 0.561730027199, 0.52029967308, 0.569553554058, 0.413211941719, 0.32164528966, 0.322584658861, 0.292796641588, 0.301277935505, 0.287036776543, 0.264686107635, 0.408200323582, 0.419341176748, 0.261761426926, 0.211286604404, 0.2366771698, 0.425938278437, 0.777059733868, 0.966177046299, 0.653613984585, 0.472675234079, 0.547532558441, 0.307537794113, 0.124752379954, 0.152690246701, 0.209087386727, 0.301499128342, 0.331417411566, 0.297528326511, 0.329552292824, 0.360665529966, 0.407511472702, 0.766727089882]
    chords_key: "F#"
    chords_scale: "minor"
    key_key: "F#"
    key_scale: "minor"
    chords_progression: ["F#", "F#", "F#", "F#", "F#", "F#", "F#m", "F#m", "F#m", "F#m", "F#m", "F#m", "F#m", "F#m", "F#m", "F#m", "F#m", "F#m", "F#m", "F#m", "F#m", "F#m", "F#m", "F#m", "F#m", "F#m", "F#m", "F#m", "F#m", "F#m", "F#m", "F#m", "F#m", "F#m", "F#m", "F#m", "F#m", "F#m", "F#m", "F#m", "F#m", "F#m", "F#m", "F#m", "F#m", "F#m", "F#m", "F#m", "F#m", "F#m", "F#m", "F#m", "F#", "F#", "F#", "F#", "F#", "F#m", "F#m", "F#m", "F#m", "F#m", "F#m", "F#m", "F#m", "F#m", "F#m", "F#m", "F#m", "F#m", "F#m", "F#m", "F#m", "F#m", "F#m", "F#m", "F#m", "F#m", "F#m", "F#m", "F#", "F#", "F#", "F#m", "F#m", "F#m", "F#", "F#", "F#", "F#", "F#", "F#", "F#", "Bm", "Bm", "Bm", "Bm", "Bm", "Bm", "Bm", "Bm", "Bm", "Bm", "Bm", "Bm", "Bm", "Bm", "Bm", "Bm", "Bm", "Bm", "Bm", "Bm", "Bm", "G", "G", "G", "G", "G", "G", "G", "G", "G", "G", "G", "G", "G", "G", "G", "G", "G", "G", "G", "G", "G", "G", "G", "G", "G", "G", "G", "G", "G", "G", "G", "G", "G", "G", "G", "G", "G", "G", "G", "G", "G", "G", "G", "G", "G", "G", "G", "G", "G", "G", "G", "G", "G", "G", "G", "G", "G", "G", "G", "G", "G", "G", "G", "G", "G", "C", "C", "C", "F#m", "F#m", "F#m", "F#m", "F#m", "F#m", "C", "Cm", "Cm", "Cm", "Cm", "Cm", "Cm", "F#m", "F#m", "F#m", "F#m", "F#m", "F#m", "F#m", "F#m", "F#m", "F#m", "F#m", "F#m", "F#m", "F#m", "F#m", "F#m", "F#m", "F#m", "F#m", "F#m", "F#m", "Fm", "F#m"]
