
metadata:
    version:
        essentia: "1.2.2"
    audio_properties:
        analysis_sample_rate: 44100
        bitrate: 128
        channels: 2
        equal_loudness: 1
        length: 10.0310201645
        replay_gain: -13.0326519012
        downmix: "mix"
    tags:
        track: 16
        year: 0
        album: "Splitted by Mp3Splt v. 2.1"
        artist: "From 002.30 To 002.40"
        comment: "http://mp3splt.sf.net"
        genre: ""
        title: "04 Soul in Isolation.mp3"

highlevel:
    ballroom:
        all:
            ChaChaCha: 0.0622393973172
            Jive: 0.270866036415
            Quickstep: 0.147054105997
            Rumba-American: 0.00857161264867
            Rumba-International: 0.0178875122219
            Rumba-Misc: 0.0293915010989
            Samba: 0.0582298189402
            Tango: 0.0324178934097
            VienneseWaltz: 0.333657443523
            Waltz: 0.0396847017109
        probability: 0.333657443523
        value: "VienneseWaltz"
    culture:
        all:
            non_western: 0.0159658193588
            western: 0.984034180641
        probability: 0.984034180641
        value: "western"
    gender:
        all:
            female: 0.510367691517
            male: 0.489632338285
        probability: 0.510367691517
        value: "female"
    genre_dortmund:
        all:
            alternative: 0.176840081811
            blues: 0.00303213181905
            electronic: 0.0463199056685
            folkcountry: 0.0297769401222
            funksoulrnb: 0.0118315266445
            jazz: 0.0111947115511
            pop: 0.0611014477909
            raphiphop: 0.000751423009206
            rock: 0.659151852131
        probability: 0.659151852131
        value: "rock"
    genre_electronica:
        all:
            ambient: 0.286224842072
            dnb: 0.103393062949
            house: 0.00329956132919
            techno: 0.00351733993739
            trance: 0.603565216064
        probability: 0.603565216064
        value: "trance"
    genre_rosamerica:
        all:
            cla: 0.0356726832688
            dan: 0.00715245539322
            hip: 0.00302483816631
            jaz: 0.00846402905881
            pop: 0.0123662073165
            rhy: 0.0036526278127
            roc: 0.928746640682
            spe: 0.000920498045161
        probability: 0.928746640682
        value: "roc"
    genre_tzanetakis:
        all:
            blu: 0.020729329437
            cla: 0.0686743631959
            cou: 0.140184149146
            dis: 0.0453861579299
            hip: 0.00956911873072
            jaz: 0.137366607785
            met: 0.106813788414
            pop: 0.0720544755459
            reg: 0.0135502023622
            roc: 0.385671794415
        probability: 0.385671794415
        value: "roc"
    live_studio:
        all:
            live: 0.819905340672
            studio: 0.18009467423
        probability: 0.819905340672
        value: "live"
    mood:
        all:
            Cluster1: 0.418007999659
            Cluster2: 0.118326492608
            Cluster3: 0.0198117289692
            Cluster4: 0.0516733154655
            Cluster5: 0.392180472612
        probability: 0.418007999659
        value: "Cluster1"
    mood_acoustic:
        all:
            acoustic: 0.0449093617499
            not_acoustic: 0.955090641975
        probability: 0.955090641975
        value: "not_acoustic"
    mood_aggressive:
        all:
            aggressive: 0.808551490307
            not_aggressive: 0.191448494792
        probability: 0.808551490307
        value: "aggressive"
    mood_electronic:
        all:
            electronic: 0.362054109573
            not_electronic: 0.637945890427
        probability: 0.637945890427
        value: "not_electronic"
    mood_happy:
        all:
            happy: 0.694558680058
            not_happy: 0.305441319942
        probability: 0.694558680058
        value: "happy"
    mood_party:
        all:
            not_party: 0.646826446056
            party: 0.353173553944
        probability: 0.646826446056
        value: "not_party"
    mood_relaxed:
        all:
            not_relaxed: 0.270662397146
            relaxed: 0.729337632656
        probability: 0.729337632656
        value: "relaxed"
    mood_sad:
        all:
            not_sad: 0.671618163586
            sad: 0.328381866217
        probability: 0.671618163586
        value: "not_sad"
    rhythm:
        all:
            fast: 0.528741180897
            medium: 0.421023577452
            slow: 0.0502352640033
        probability: 0.528741180897
        value: "fast"
    speech_music:
        all:
            music: 0.944934904575
            speech: 0.0550651103258
        probability: 0.944934904575
        value: "music"
    timbre:
        all:
            bright: 0.204440966249
            dark: 0.795559048653
        probability: 0.795559048653
        value: "dark"
    voice_instrumental:
        all:
            instrumental: 0.364212423563
            voice: 0.635787606239
        probability: 0.635787606239
        value: "voice"

lowlevel:
    average_loudness: 0.980182826519
    barkbands_kurtosis:
        dmean: 0.313822567463
        dmean2: 0.510321497917
        dvar: 0.111636862159
        dvar2: 0.338602364063
        max: 1.30395698547
        mean: -1.02978503704
        min: -1.67438423634
        var: 0.201654657722
    barkbands_skewness:
        dmean: 0.267353743315
        dmean2: 0.429405629635
        dvar: 0.0469464883208
        dvar2: 0.134497657418
        max: 1.41555356979
        mean: 0.188197135925
        min: -0.949543178082
        var: 0.156563535333
    barkbands_spread:
        dmean: 3.60293936729
        dmean2: 5.56938314438
        dvar: 9.79266929626
        dvar2: 24.7799434662
        max: 44.0333175659
        mean: 28.7295150757
        min: 12.1962556839
        var: 40.4886932373
    dissonance:
        dmean: 0.0176622550935
        dmean2: 0.0300925876945
        dvar: 0.000223935625399
        dvar2: 0.000661041063722
        max: 0.499130249023
        mean: 0.469500929117
        min: 0.385521054268
        var: 0.000344168627635
    hfc:
        dmean: 1.66733384132
        dmean2: 2.6060936451
        dvar: 3.66659855843
        dvar2: 9.32378482819
        max: 24.2342605591
        mean: 8.02050018311
        min: 3.76913749278e-06
        var: 8.94690799713
    pitch:
        dmean: 266.266845703
        dmean2: 500.74307251
        dvar: 470967.6875
        dvar2: 1299922.875
        max: 4009.09082031
        mean: 367.397064209
        min: 78.1914901733
        var: 387489.75
    pitch_instantaneous_confidence:
        dmean: 0.0673092603683
        dmean2: 0.110404826701
        dvar: 0.00276132952422
        dvar2: 0.006979893893
        max: 0.709441542625
        mean: 0.368070632219
        min: 0.183922111988
        var: 0.0102218938991
    pitch_salience:
        dmean: 0.0459267646074
        dmean2: 0.0755198225379
        dvar: 0.00148001895286
        dvar2: 0.00358310411684
        max: 0.911358833313
        mean: 0.627532243729
        min: 0.445620626211
        var: 0.00427625514567
    silence_rate_20dB:
        dmean: 0
        dmean2: 0
        dvar: 0
        dvar2: 0
        max: 1
        mean: 1
        min: 1
        var: 0
    silence_rate_30dB:
        dmean: 0
        dmean2: 0
        dvar: 0
        dvar2: 0
        max: 1
        mean: 1
        min: 1
        var: 0
    silence_rate_60dB:
        dmean: 0.0300925932825
        dmean2: 0.0603248253465
        dvar: 0.0291871502995
        dvar2: 0.0706069692969
        max: 1
        mean: 0.0277136266232
        min: 0
        var: 0.0269453562796
    spectral_centroid:
        dmean: 184.698760986
        dmean2: 302.769104004
        dvar: 26086.7148438
        dvar2: 68883.8828125
        max: 2522.40722656
        mean: 1474.86035156
        min: 681.933288574
        var: 84396.53125
    spectral_complexity:
        dmean: 3.32018566132
        dmean2: 5.47674417496
        dvar: 9.55410861969
        dvar2: 23.3145561218
        max: 40
        mean: 19.1388893127
        min: 0
        var: 23.8742389679
    spectral_crest:
        dmean: 1.65859031677
        dmean2: 2.83672690392
        dvar: 2.98302578926
        dvar2: 8.13540172577
        max: 15.4906387329
        mean: 5.77500915527
        min: 2.66968488693
        var: 5.11524772644
    spectral_decrease:
        dmean: 2.57092402922e-10
        dmean2: 4.15535994502e-10
        dvar: 8.30236010941e-20
        dvar2: 2.05924093179e-19
        max: -4.73071024476e-16
        mean: -1.25888799385e-09
        min: -3.16255044375e-09
        var: 1.82607034934e-19
    spectral_energy:
        dmean: 0.00108970981091
        dmean2: 0.00175487203524
        dvar: 1.4799153405e-06
        dvar2: 3.6294295569e-06
        max: 0.0136262988672
        mean: 0.00547881517559
        min: 2.12735074001e-09
        var: 3.34822698278e-06
    spectral_energyband_high:
        dmean: 0.00010471483256
        dmean2: 0.00017760200717
        dvar: 4.00692101721e-08
        dvar2: 1.13490351339e-07
        max: 0.00161240983289
        mean: 0.000250996905379
        min: 1.37117636689e-10
        var: 4.22258921162e-08
    spectral_energyband_low:
        dmean: 0.000102839185274
        dmean2: 0.000167155711097
        dvar: 1.95562357419e-08
        dvar2: 5.06988726556e-08
        max: 0.00138433021493
        mean: 0.000271191674983
        min: 3.39443140263e-10
        var: 9.19867986227e-08
    spectral_energyband_middle_high:
        dmean: 0.00063705292996
        dmean2: 0.000985972117633
        dvar: 3.68752182567e-07
        dvar2: 8.12095834135e-07
        max: 0.00910739600658
        mean: 0.00282672513276
        min: 1.29126076498e-09
        var: 1.37301583436e-06
    spectral_energyband_middle_low:
        dmean: 0.00071918067988
        dmean2: 0.00116694124881
        dvar: 8.09719551853e-07
        dvar2: 2.21472805606e-06
        max: 0.00797937158495
        mean: 0.00212990283035
        min: 2.85364537556e-10
        var: 1.24716245864e-06
    spectral_flatness_db:
        dmean: 0.0120537467301
        dmean2: 0.018680350855
        dvar: 0.000106968902401
        dvar2: 0.000235771134612
        max: 0.218563139439
        mean: 0.147723376751
        min: 0.081035271287
        var: 0.00046027940698
    spectral_flux:
        dmean: 0.00639904662967
        dmean2: 0.00956463254988
        dvar: 4.27673148806e-05
        dvar2: 8.52725934237e-05
        max: 0.0890563353896
        mean: 0.0397568196058
        min: 4.6123212087e-05
        var: 0.000127850085846
    spectral_kurtosis:
        dmean: 1.02751648426
        dmean2: 1.77667665482
        dvar: 0.991923511028
        dvar2: 2.64086818695
        max: 12.9677705765
        mean: 4.16826486588
        min: 1.39633321762
        var: 1.97150802612
    spectral_rms:
        dmean: 0.000223363254918
        dmean2: 0.000351015274646
        dvar: 4.94326855005e-08
        dvar2: 1.14361121462e-07
        max: 0.00364608690143
        mean: 0.00228075846098
        min: 1.44064711094e-06
        var: 1.43331035929e-07
    spectral_rolloff:
        dmean: 275.435028076
        dmean2: 469.273620605
        dvar: 86236.875
        dvar2: 220019.5
        max: 4435.83984375
        mean: 2942.67211914
        min: 1119.7265625
        var: 179357.078125
    spectral_skewness:
        dmean: 0.157293096185
        dmean2: 0.258578896523
        dvar: 0.0290775317699
        dvar2: 0.0654054358602
        max: 3.05188417435
        mean: 1.51524424553
        min: 0.66693842411
        var: 0.0556601621211
    spectral_spread:
        dmean: 275172.84375
        dmean2: 406192.125
        dvar: 219559067648
        dvar2: 270535507968
        max: 11769659
        mean: 4063039.5
        min: 2687241.5
        var: 438640607232
    spectral_strongpeak:
        dmean: 0.512599766254
        dmean2: 0.896707773209
        dvar: 0.413791567087
        dvar2: 1.05405533314
        max: 3.8152115345
        mean: 0.734044015408
        min: 0
        var: 0.501872837543
    zerocrossingrate:
        dmean: 0.00617092335597
        dmean2: 0.00794535782188
        dvar: 2.85115074803e-05
        dvar2: 4.92401632073e-05
        max: 0.126953125
        mean: 0.0865173339844
        min: 0.03759765625
        var: 0.000177676061867
    barkbands:
        dmean: [1.00420933791e-07, 2.47208045039e-05, 8.6660424131e-05, 0.000141495882417, 0.000280007952824, 7.47910453356e-05, 0.000136944901897, 0.000148566439748, 0.000308578106342, 0.000313511525746, 0.000148038714542, 0.000147007012856, 8.45867180033e-05, 7.52466366976e-05, 7.28186714696e-05, 8.44337409944e-05, 0.000171458959812, 0.000206814671401, 0.00012343324488, 0.000117514231533, 5.92606738792e-05, 1.20141294246e-05, 1.67784594396e-06, 5.47604997791e-07, 3.10583629926e-07, 2.34519532682e-08, 1.57599655548e-09]
        dmean2: [1.40305019158e-07, 4.33479362982e-05, 0.000137863564305, 0.00024644046789, 0.000470974307973, 0.000118004478281, 0.000213263003388, 0.000236879117438, 0.000485759461299, 0.000517799286172, 0.000241373636527, 0.000234478575294, 0.000135807378683, 0.00012555156718, 0.000115642600576, 0.000137892115163, 0.000277464831015, 0.000331023591571, 0.000200752954697, 0.000205901713343, 0.00010165751155, 1.98674806597e-05, 2.7669514111e-06, 8.42909855692e-07, 5.02922489432e-07, 3.37166170539e-08, 1.78527281847e-09]
        dvar: [5.57369058405e-14, 2.82291390263e-09, 1.37793705335e-08, 4.04025328749e-08, 4.20465170237e-07, 8.98344243438e-09, 4.7508883938e-08, 9.68666995504e-08, 2.25067822157e-07, 2.39755166831e-07, 3.51539206633e-08, 5.3211529405e-08, 9.1003151681e-09, 1.75532655078e-08, 1.58154751517e-08, 2.05373513751e-08, 3.6831046657e-08, 3.89379195553e-08, 2.99354354638e-08, 3.43152279925e-08, 1.17575806868e-08, 1.52750687099e-10, 4.66838069937e-12, 4.97466325945e-13, 1.39822290031e-13, 2.02720395266e-15, 7.50470714811e-16]
        dvar2: [1.00660826246e-13, 7.87648257727e-09, 3.41325758768e-08, 1.03160580522e-07, 1.12481291126e-06, 2.19261906409e-08, 1.01706739031e-07, 2.47091435313e-07, 6.5965491558e-07, 6.43579369353e-07, 9.38295059427e-08, 1.30818889943e-07, 1.94764151473e-08, 4.63256277783e-08, 3.47441613258e-08, 4.91613114662e-08, 9.9759340344e-08, 1.02087035714e-07, 7.26294615561e-08, 9.5295760616e-08, 3.20951478727e-08, 3.89239612764e-10, 1.22374636466e-11, 1.0185422384e-12, 3.07897668949e-13, 3.86099174347e-15, 7.53814112673e-16]
        max: [1.76649018613e-06, 0.000312252144795, 0.00133792310953, 0.00194230722263, 0.00560830486938, 0.000825372815598, 0.00299998628907, 0.00372075056657, 0.00460845604539, 0.00561914825812, 0.00209529092535, 0.00318438396789, 0.00111429661047, 0.00212186202407, 0.00228021224029, 0.00234958389774, 0.00171194621362, 0.00200810609385, 0.00199284870178, 0.00159068207722, 0.000997219467536, 0.000129211475723, 2.61377826973e-05, 1.17762256195e-05, 5.75353305976e-06, 5.43428825495e-07, 5.69749829538e-07]
        mean: [1.00908636114e-07, 3.03545839415e-05, 0.000240739653236, 0.000334125827067, 0.000447961821919, 0.000144800054841, 0.000308038695948, 0.000228046323173, 0.000555577629711, 0.000517764303368, 0.000243755348492, 0.000254918006249, 0.000171384381247, 0.000138098825119, 0.000135838403367, 0.000166077137692, 0.000372636161046, 0.000495740445331, 0.000294131488772, 0.000233735452639, 0.000123173260363, 3.37588389812e-05, 5.02986313222e-06, 1.97238728106e-06, 1.02266551494e-06, 3.51512383645e-08, 1.58913593395e-09]
        min: [3.8358292237e-11, 1.83273923815e-10, 8.36077665434e-11, 5.7972571188e-11, 8.97399377031e-11, 5.4263295246e-11, 3.70311316333e-11, 2.61351704167e-11, 1.85217483711e-11, 1.19012057154e-11, 3.18246470843e-11, 5.16964943076e-11, 2.93019289388e-11, 2.54167936697e-11, 1.31693364547e-10, 4.46645137542e-10, 2.59892302124e-10, 1.45790587935e-10, 1.17278270428e-10, 1.26940208345e-10, 2.91361691718e-11, 1.92869487742e-11, 9.84080980766e-13, 1.346745198e-12, 4.60780122825e-13, 2.66484805143e-13, 1.33477959046e-13]
        var: [7.04436441362e-14, 2.72044275995e-09, 8.6095830909e-08, 8.56620729905e-08, 4.18745543129e-07, 1.88848634508e-08, 1.10497730077e-07, 1.4013279781e-07, 3.87392731227e-07, 5.62836305562e-07, 5.91369406777e-08, 1.00459317309e-07, 2.16299227418e-08, 4.2285577706e-08, 3.14554462477e-08, 4.44620162909e-08, 6.76607854189e-08, 7.6548225536e-08, 5.76316097067e-08, 3.03095291088e-08, 1.64852611562e-08, 4.19712209432e-10, 1.32498881658e-11, 2.07486024889e-12, 7.04323372628e-13, 2.73629038468e-15, 7.49053999267e-16]
    mfcc:
        mean: [-684.785217285, 117.319534302, -61.6199531555, 38.3725128174, -25.8616199493, -12.0551156998, -1.20505070686, 2.4615213871, -0.860105097294, -11.351606369, -4.97958469391, -7.58307743073, -11.9734735489]
        cov: [[1773.0333252, -95.4141769409, -4.06886768341, -50.374786377, -95.7092208862, -30.8464717865, -24.7787075043, -28.5100631714, -51.1598358154, -7.40137672424, -29.4256629944, -37.6492271423, -49.6187553406], [-95.4141769409, 185.305709839, -6.70957899094, 12.0261764526, 28.3757762909, -1.56828045845, -1.93546533585, 17.9752140045, 18.146522522, 15.2811775208, 41.4173088074, 22.8882865906, 10.5324077606], [-4.06886768341, -6.70957899094, 112.702445984, 39.9125862122, 10.6218423843, 12.615029335, 35.0576629639, 0.262641608715, 12.5188493729, -1.8052918911, 8.01210784912, 11.8173866272, 3.53915882111], [-50.374786377, 12.0261764526, 39.9125862122, 97.5222854614, 45.176738739, 23.3173618317, 18.0313110352, -5.57914352417, 13.6675481796, 5.61130046844, 10.495010376, 15.6475067139, 7.28641557693], [-95.7092208862, 28.3757762909, 10.6218423843, 45.176738739, 120.938323975, 29.7560920715, -23.0533294678, -21.7588825226, 8.08069515228, 15.6719751358, 13.7158193588, 13.5101194382, 9.70838260651], [-30.8464717865, -1.56828045845, 12.615029335, 23.3173618317, 29.7560920715, 53.7456855774, 9.17683506012, -2.63188672066, 12.2254543304, 8.99252414703, 7.7531619072, 7.75661468506, 3.16248059273], [-24.7787075043, -1.93546533585, 35.0576629639, 18.0313110352, -23.0533294678, 9.17683506012, 93.855796814, 45.6010246277, 24.6259975433, -5.0233707428, 13.7349653244, 13.527387619, 0.965365827084], [-28.5100631714, 17.9752140045, 0.262641608715, -5.57914352417, -21.7588825226, -2.63188672066, 45.6010246277, 87.1440963745, 31.3597984314, 7.40912723541, 7.69030094147, 0.762064516544, 6.15783214569], [-51.1598358154, 18.146522522, 12.5188493729, 13.6675481796, 8.08069515228, 12.2254543304, 24.6259975433, 31.3597984314, 56.4631767273, 19.0758228302, 14.1103954315, 8.39575767517, 0.909981369972], [-7.40137672424, 15.2811775208, -1.8052918911, 5.61130046844, 15.6719751358, 8.99252414703, -5.0233707428, 7.40912723541, 19.0758228302, 48.3954925537, 25.5437526703, 9.6043176651, 10.3883333206], [-29.4256629944, 41.4173088074, 8.01210784912, 10.495010376, 13.7158193588, 7.7531619072, 13.7349653244, 7.69030094147, 14.1103954315, 25.5437526703, 63.5300521851, 34.6938323975, 12.6249113083], [-37.6492271423, 22.8882865906, 11.8173866272, 15.6475067139, 13.5101194382, 7.75661468506, 13.527387619, 0.762064516544, 8.39575767517, 9.6043176651, 34.6938323975, 54.1223297119, 24.2856712341], [-49.6187553406, 10.5324077606, 3.53915882111, 7.28641557693, 9.70838260651, 3.16248059273, 0.965365827084, 6.15783214569, 0.909981369972, 10.3883333206, 12.6249113083, 24.2856712341, 44.1639823914]]
        icov: [[0.000635365082417, 0.000207214674447, -0.000158651717356, 2.34857361647e-05, 0.000457152811578, 3.51697271981e-05, 0.000184177755727, -2.99204675684e-05, 0.000563763082027, -0.000477311987197, 3.03626329696e-05, -0.000135416310513, 0.000736838963348], [0.000207214674447, 0.00703932484612, 0.000582322245464, -0.00056074524764, -0.00128020450938, 0.00149794213939, 0.00162876315881, -0.00183085806202, -0.00118758401368, 0.0014816528419, -0.00479416316375, -0.000129802734591, 0.000111535606266], [-0.000158651717356, 0.000582322245464, 0.0118498532102, -0.00364746456034, -0.000258754676906, 8.48920753924e-05, -0.00445079803467, 0.00246308930218, -0.00169504270889, 0.00102229439653, -0.000530295830686, 9.61443365668e-05, -0.000967109750491], [2.34857361647e-05, -0.00056074524764, -0.00364746456034, 0.0156910996884, -0.00494711473584, -0.00217498629354, -0.00324656907469, 0.00196340330876, -0.00132752419449, -0.000171741354279, 0.00135655177291, -0.00153203145601, -0.000573515833821], [0.000457152811578, -0.00128020450938, -0.000258754676906, -0.00494711473584, 0.0136098703369, -0.0052157859318, 0.00461268424988, 0.00143146130722, -0.000885158369783, -0.0013586046407, -0.000392015150283, -0.000640140671749, -0.000460977811599], [3.51697271981e-05, 0.00149794213939, 8.48920753924e-05, -0.00217498629354, -0.0052157859318, 0.0244033560157, -0.00351444096304, 0.00223865453154, -0.00331881502643, -0.00233961269259, -0.000102841782791, -0.000374813971575, 5.23148737557e-05], [0.000184177755727, 0.00162876315881, -0.00445079803467, -0.00324656907469, 0.00461268424988, -0.00351444096304, 0.0215606242418, -0.00998697895557, -0.00285543128848, 0.00618234323338, -0.00428333319724, -0.00367501587607, 0.00271963188425], [-2.99204675684e-05, -0.00183085806202, 0.00246308930218, 0.00196340330876, 0.00143146130722, 0.00223865453154, -0.00998697895557, 0.0212779846042, -0.0089814402163, -0.001152273966, 0.000346316577634, 0.00515287835151, -0.00581824639812], [0.000563763082027, -0.00118758401368, -0.00169504270889, -0.00132752419449, -0.000885158369783, -0.00331881502643, -0.00285543128848, -0.0089814402163, 0.030041243881, -0.0112395528704, 0.00251579633914, -0.00402727629989, 0.00653862673789], [-0.000477311987197, 0.0014816528419, 0.00102229439653, -0.000171741354279, -0.0013586046407, -0.00233961269259, 0.00618234323338, -0.001152273966, -0.0112395528704, 0.0349215306342, -0.0158466827124, 0.00726159801707, -0.00789734255522], [3.03626329696e-05, -0.00479416316375, -0.000530295830686, 0.00135655177291, -0.000392015150283, -0.000102841782791, -0.00428333319724, 0.000346316577634, 0.00251579633914, -0.0158466827124, 0.0351440273225, -0.0196569021791, 0.00557351624593], [-0.000135416310513, -0.000129802734591, 9.61443365668e-05, -0.00153203145601, -0.000640140671749, -0.000374813971575, -0.00367501587607, 0.00515287835151, -0.00402727629989, 0.00726159801707, -0.0196569021791, 0.0401179008186, -0.0184133462608], [0.000736838963348, 0.000111535606266, -0.000967109750491, -0.000573515833821, -0.000460977811599, 5.23148737557e-05, 0.00271963188425, -0.00581824639812, 0.00653862673789, -0.00789734255522, 0.00557351624593, -0.0184133462608, 0.0347207300365]]
    spectral_contrast:
        mean: [-2.34727774995e-08, -3.50998135445e-07, -4.3634185154e-09, 3.73563828759e-08, 2.10133961787e-07, 2.59873502273e-07, -3.00299780065e-06, 2.11501628655e-06, -4.02003678346e-07, -2.33327341448e-06, -5.50929030396e-07, -5.00106443724e-06]
        var: [0.00027418701211, 0.000433183828136, 0.00087041844381, 0.00232316902839, 0.00293504586443, 0.00385366939008, 0.0309837032109, 0.0591791644692, 0.0919989421964, 0.111972622573, 0.350635319948, 0.857821166515]

rhythm:
    beats_loudness:
        dmean: 0.00351935951039
        dmean2: 0.00727117434144
        dvar: 1.96741689251e-06
        dvar2: 4.46195736004e-06
        max: 0.0106779113412
        mean: 0.00620530173182
        min: 0.00311716482975
        var: 4.11837754655e-06
    beats_loudness_bass:
        dmean: 0.096959464252
        dmean2: 0.178053632379
        dvar: 0.00569097045809
        dvar2: 0.00947649776936
        max: 0.337991833687
        mean: 0.0794286429882
        min: 0.00265762675554
        var: 0.00759934214875
    bpm: 115.565238953
    bpm_confidence: 0
    first_peak_bpm: 115
    first_peak_spread: 0
    first_peak_weight: 0.944444477558
    onset_rate: 2.49226880074
    second_peak_bpm: 107
    second_peak_spread: 0
    second_peak_weight: 0.0555555559695
    beats_position: [0.297590017319, 0.819705545902, 1.34182107449, 1.86393666267, 2.38605237007, 2.90816783905, 3.43028330803, 3.95239901543, 4.47451448441, 4.9966301918, 5.51874542236, 6.08160352707, 6.59794139862, 7.11427927017, 7.63061714172, 8.14695453644, 8.66329288483, 9.17963027954, 9.69596862793]
    bpm_estimates: [114.540687561, 115.078079224, 114.900749207, 114.544464111, 114.965171814, 115.234275818, 115.126556396, 115.009132385, 114.858779907, 116.239601135, 115.268463135, 117.555236816, 115.124755859, 116.815490723, 118.272689819, 115.20526886, 116.184761047, 115.249931335]
    bpm_intervals: [0.522115528584, 0.522115528584, 0.522115588188, 0.522115707397, 0.522115468979, 0.522115468979, 0.522115707397, 0.522115468979, 0.522115707397, 0.52211523056, 0.562858104706, 0.516337871552, 0.516337871552, 0.516337871552, 0.516337394714, 0.516338348389, 0.516337394714, 0.516338348389]
    onset_times: [0.0580498874187, 0.801088452339, 1.32353746891, 1.8575963974, 2.91410422325, 3.42494320869, 3.95900225639, 4.14476203918, 4.38857126236, 4.74848079681, 4.7833108902, 5.00390005112, 5.30575942993, 5.75854873657, 6.84988641739, 6.93115663528, 7.11691617966, 7.41877555847, 7.92961454391, 8.16181373596, 8.95129299164, 9.21832180023, 9.46213150024, 9.61306095123, 9.84526062012]
    rubato_start: []
    rubato_stop: []
    perceptual_tempo: "unknown"

sfx:
    inharmonicity:
        dmean: 0.0507957153022
        dmean2: 0.0905747935176
        dvar: 0.00346138142049
        dvar2: 0.0100017571822
        max: 0.413679629564
        mean: 0.0594339706004
        min: 0
        var: 0.00324764708057
    oddtoevenharmonicenergyratio:
        dmean: 1.69638180733
        dmean2: 3.14736461639
        dvar: 13.357126236
        dvar2: 39.0643157959
        max: 36.6601982117
        mean: 1.26495587826
        min: 0
        var: 8.21237277985
    pitch_after_max_to_before_max_energy_ratio: 9.86914253235
    pitch_centroid: 215.505493164
    pitch_max_to_total: 0.12962962687
    pitch_min_to_total: 0.155092597008
    tristimulus:
        dmean: [0.158769398928, 0.182852089405, 0.123673513532]
        dmean2: [0.274188786745, 0.31179869175, 0.212582439184]
        dvar: [0.0208571329713, 0.0291489567608, 0.00998125132173]
        dvar2: [0.0530809871852, 0.0803000926971, 0.0290413238108]
        max: [1, 0.937200605869, 0.652484834194]
        mean: [0.329103261232, 0.475256115198, 0.169593334198]
        min: [0.00203907396644, 0, 0]
        var: [0.0334087498486, 0.0377949438989, 0.0136553039774]

tonal:
    chords_changes_rate: 0.037037037313
    chords_number_rate: 0.0231481473893
    chords_strength:
        dmean: 0.00687611708418
        dmean2: 0.00587891088799
        dvar: 2.45692626777e-05
        dvar2: 2.13199728023e-05
        max: 0.674323856831
        mean: 0.539961755276
        min: 0.369637340307
        var: 0.00834833551198
    key_strength: 0.746016919613
    tuning_diatonic_strength: 0.569025099277
    tuning_equal_tempered_deviation: 0.0459763891995
    tuning_frequency: 442.804626465
    tuning_nontempered_energy_ratio: 0.648317098618
    hpcp:
        dmean: [0.0836896821856, 0.0829530656338, 0.116417706013, 0.150794431567, 0.118735529482, 0.0865850746632, 0.064541041851, 0.0735584273934, 0.0896726846695, 0.101508483291, 0.114209078252, 0.138665497303, 0.135148257017, 0.113145068288, 0.100667871535, 0.103990614414, 0.0725944042206, 0.130740404129, 0.166210457683, 0.111066929996, 0.0649088695645, 0.0628276616335, 0.0803793817759, 0.164863750339, 0.211633086205, 0.132167175412, 0.109178133309, 0.106834001839, 0.0925847664475, 0.0939732640982, 0.113055489957, 0.101916015148, 0.174561932683, 0.235450461507, 0.189530178905, 0.106237255037]
        dmean2: [0.142449185252, 0.14886572957, 0.192184001207, 0.25100043416, 0.198951378465, 0.145002990961, 0.112627029419, 0.134296044707, 0.148038432002, 0.165164023638, 0.192866295576, 0.242267087102, 0.221475332975, 0.188852548599, 0.160887733102, 0.175582945347, 0.123783640563, 0.219832137227, 0.273653924465, 0.180322393775, 0.112352505326, 0.107376545668, 0.139270409942, 0.278283089399, 0.351976633072, 0.219060346484, 0.181905284524, 0.181843712926, 0.158432647586, 0.157844796777, 0.194314986467, 0.176520302892, 0.28834092617, 0.389915794134, 0.307647407055, 0.173953250051]
        dvar: [0.0149761680514, 0.0152036044747, 0.0180251263082, 0.0280092749745, 0.0169491320848, 0.017669422552, 0.0136983580887, 0.020178258419, 0.012928429991, 0.0147786065936, 0.0255531407893, 0.0272665284574, 0.0310358032584, 0.0154482964426, 0.0170574914664, 0.0232181921601, 0.0135220959783, 0.0143060879782, 0.0281664207578, 0.0141768082976, 0.0060743871145, 0.00766112050042, 0.0175514835864, 0.0243263393641, 0.0374002195895, 0.0153482444584, 0.0192722957581, 0.0193286500871, 0.0195974130183, 0.016734464094, 0.0245914477855, 0.0123906834051, 0.0309026632458, 0.0467830225825, 0.0291758645326, 0.0179038159549]
        dvar2: [0.0409474186599, 0.044705286622, 0.0495445095003, 0.0731999576092, 0.0447213239968, 0.0467574112117, 0.0361628942192, 0.056693136692, 0.0341604985297, 0.0375543013215, 0.0598487593234, 0.0676433667541, 0.0766476988792, 0.0415442064404, 0.0419741049409, 0.0614341050386, 0.0384997390211, 0.0416838601232, 0.0709141492844, 0.0332673601806, 0.016439890489, 0.0216710027307, 0.0501840934157, 0.0683830454946, 0.0942739471793, 0.0366710573435, 0.0408549495041, 0.0444662310183, 0.0584787204862, 0.0424957461655, 0.0668389350176, 0.0358941145241, 0.0860875546932, 0.1190989241, 0.0788513422012, 0.0478174090385]
        max: [0.977598309517, 1, 1, 1, 1, 1, 0.998533248901, 1, 0.856093943119, 1, 1, 1, 1, 1, 1, 1, 0.958497107029, 0.77724301815, 1, 0.871825397015, 0.664579153061, 0.693098902702, 1, 1, 1, 1, 1, 1, 1, 1, 1, 0.689235985279, 0.997506558895, 1, 1, 1]
        mean: [0.124997809529, 0.1117875278, 0.235757768154, 0.352034330368, 0.242482885718, 0.121389120817, 0.0870421528816, 0.0849096849561, 0.12892305851, 0.164349153638, 0.172793269157, 0.304129093885, 0.410656541586, 0.24764341116, 0.164505258203, 0.17363665998, 0.114086762071, 0.237141251564, 0.353597968817, 0.211881294847, 0.088340267539, 0.0900406241417, 0.120294466615, 0.403338640928, 0.586135566235, 0.343687742949, 0.217284604907, 0.195763200521, 0.135022848845, 0.183674633503, 0.179653942585, 0.14414870739, 0.333251029253, 0.534823715687, 0.366595774889, 0.157042711973]
        min: [0.00317676970735, 0.00452876277268, 0.0147104198113, 0.01238910947, 0.0154071412981, 0.00864561833441, 0.0073151262477, 0.00661270646378, 0.00815399922431, 0.0100132897496, 0.00796927511692, 0.00585154723376, 0.0156699903309, 0.018692644313, 0.00823280215263, 0.00346146989614, 0.0052497102879, 0.0137060973793, 0.0257360246032, 0.0133344549686, 0.00344197754748, 0.00511426571757, 0.0037542253267, 0.0252871327102, 0.040099106729, 0.0277560520917, 0.00639576418325, 0.00560063822195, 0.0117172366008, 0.0137531245127, 0.00809277128428, 0.00582281127572, 0.018854515627, 0.0211347397417, 0.0222508255392, 0.00384112913162]
        var: [0.0205666087568, 0.0183251332492, 0.0472220592201, 0.0958919152617, 0.0502569936216, 0.0189818125218, 0.0114958370104, 0.0147725213319, 0.0167171880603, 0.0225139353424, 0.0408483743668, 0.0661454722285, 0.123872891068, 0.0464690364897, 0.0264502968639, 0.0305017791688, 0.0128285503015, 0.0272886492312, 0.0675829276443, 0.0307851172984, 0.00782798416913, 0.00865391455591, 0.0184201579541, 0.05570762977, 0.108051814139, 0.0375269688666, 0.0649543777108, 0.0569876432419, 0.0194974523038, 0.0504136644304, 0.0543675459921, 0.0170833431184, 0.0462621599436, 0.0970382094383, 0.0664506107569, 0.021456124261]
    chords_histogram: [51.851852417, 10.1851854324, 0, 0, 0, 0, 4.16666650772, 0, 5.55555534363, 0, 0, 0, 0, 0, 0, 0, 0, 0, 0, 0, 0, 0, 0.462962955236, 27.7777786255]
    thpcp: [1, 0.586362183094, 0.370707094669, 0.333989620209, 0.230361118913, 0.313365459442, 0.306505799294, 0.245930656791, 0.568556249142, 0.912457346916, 0.625445365906, 0.267928987741, 0.21325750649, 0.19071957469, 0.402223944664, 0.600602209568, 0.413697600365, 0.207100763917, 0.148501738906, 0.144863560796, 0.21995434165, 0.280394434929, 0.294800847769, 0.518871605396, 0.700617015362, 0.422501921654, 0.280660778284, 0.296239763498, 0.194642275572, 0.404584318399, 0.603269934654, 0.361488550901, 0.15071643889, 0.153617396951, 0.205233186483, 0.688131988049]
    chords_key: "C#"
    chords_scale: "major"
    key_key: "C#"
    key_scale: "major"
    chords_progression: ["C#", "C#", "C#", "C#", "C#", "C#", "C#", "C#", "C#", "C#", "C#", "C#", "C#", "C#", "C#", "C#", "C#", "C#", "C#", "C#", "C#", "C#", "C#", "C#", "C#", "C#", "C#", "C#", "C#", "C#", "C#", "C#", "C#", "C#", "C#", "C#", "C#", "C#", "C#", "C#", "C#", "C#", "Fm", "Fm", "Fm", "Fm", "Fm", "Fm", "Fm", "Fm", "Fm", "Fm", "Fm", "Fm", "Fm", "Fm", "Fm", "Fm", "Fm", "Fm", "Fm", "Fm", "Fm", "Fm", "C#", "C#", "C#", "C#", "C#", "C#", "C#", "C#", "A#", "A#", "A#", "A#", "A#", "A#", "A#", "A#", "A#", "A#m", "A#m", "A#m", "A#m", "A#m", "A#m", "A#m", "A#m", "A#m", "A#m", "A#m", "A#m", "A#m", "A#m", "A#m", "A#m", "A#m", "A#m", "A#m", "A#m", "A#m", "A#m", "A#m", "A#m", "A#m", "A#m", "A#m", "A#m", "A#m", "A#m", "A#m", "A#m", "A#m", "A#m", "A#m", "A#m", "A#m", "A#m", "A#m", "A#m", "A#m", "A#m", "A#m", "A#m", "A#m", "A#m", "A#m", "A#m", "A#m", "A#m", "A#m", "A#m", "A#m", "F#", "F", "F", "F", "F", "F", "F", "F", "F", "F", "F", "F", "F", "A#m", "A#m", "A#m", "A#m", "A#m", "A#m", "A#m", "C#", "C#", "C#", "C#", "C#", "C#", "C#", "C#", "C#", "C#", "C#", "C#", "C#", "C#", "C#", "C#", "C#", "C#", "C#", "C#", "C#", "C#", "C#", "C#", "C#", "C#", "C#", "C#", "C#", "C#", "C#", "C#", "C#", "C#", "C#", "C#", "C#", "C#", "C#", "C#", "C#", "C#", "C#", "C#", "C#", "C#", "C#", "C#", "C#", "C#", "C#", "C#", "C#", "C#", "C#", "C#", "C#", "C#", "C#", "C#", "C#", "C#"]
