
metadata:
    version:
        essentia: "1.2.2"
    audio_properties:
        analysis_sample_rate: 44100
        bitrate: 128
        channels: 2
        equal_loudness: 1
        length: 10.0571432114
        replay_gain: -7.67603492737
        downmix: "mix"
    tags:
        track: 5
        year: 0
        album: "Splitted by Mp3Splt v. 2.1"
        artist: "From 000.40 To 000.50"
        comment: "http://mp3splt.sf.net"
        genre: ""
        title: "12 Lazarus.mp3"

highlevel:
    ballroom:
        all:
            ChaChaCha: 0.123783692718
            Jive: 0.733589947224
            Quickstep: 0.0182413551956
            Rumba-American: 0.000207360222703
            Rumba-International: 0.00056037545437
            Rumba-Misc: 0.000271213968517
            Samba: 0.122554004192
            Tango: 0.000252652069321
            VienneseWaltz: 0.000354104093276
            Waltz: 0.000185283017345
        probability: 0.733589947224
        value: "Jive"
    culture:
        all:
            non_western: 0.00914358068258
            western: 0.990856409073
        probability: 0.990856409073
        value: "western"
    gender:
        all:
            female: 0.296366930008
            male: 0.703633069992
        probability: 0.703633069992
        value: "male"
    genre_dortmund:
        all:
            alternative: 0.0573531836271
            blues: 0.0180647149682
            electronic: 0.128670707345
            folkcountry: 0.0330213680863
            funksoulrnb: 0.0469272248447
            jazz: 0.0326689705253
            pop: 0.0458396524191
            raphiphop: 0.132157787681
            rock: 0.50529640913
        probability: 0.50529640913
        value: "rock"
    genre_electronica:
        all:
            ambient: 0.118866868317
            dnb: 0.325044810772
            house: 0.0590095371008
            techno: 0.348849594593
            trance: 0.148229196668
        probability: 0.348849594593
        value: "techno"
    genre_rosamerica:
        all:
            cla: 0.0143715022132
            dan: 0.303058177233
            hip: 0.354008167982
            jaz: 0.012847546488
            pop: 0.0667778849602
            rhy: 0.0213881786913
            roc: 0.213027641177
            spe: 0.0145208984613
        probability: 0.354008167982
        value: "hip"
    genre_tzanetakis:
        all:
            blu: 0.00196858285926
            cla: 0.00323997973464
            cou: 0.00939382985234
            dis: 0.0522353574634
            hip: 0.300555765629
            jaz: 0.0184395313263
            met: 0.473813265562
            pop: 0.0595871247351
            reg: 0.0197797957808
            roc: 0.0609867610037
        probability: 0.473813265562
        value: "met"
    live_studio:
        all:
            live: 0.00827421899885
            studio: 0.991725802422
        probability: 0.991725802422
        value: "studio"
    mood:
        all:
            Cluster1: 0.521690011024
            Cluster2: 0.144904315472
            Cluster3: 0.0427347384393
            Cluster4: 0.0437031053007
            Cluster5: 0.246967807412
        probability: 0.521690011024
        value: "Cluster1"
    mood_acoustic:
        all:
            acoustic: 0.00882483460009
            not_acoustic: 0.991175174713
        probability: 0.991175174713
        value: "not_acoustic"
    mood_aggressive:
        all:
            aggressive: 0.97886711359
            not_aggressive: 0.0211329124868
        probability: 0.97886711359
        value: "aggressive"
    mood_electronic:
        all:
            electronic: 0.797260344028
            not_electronic: 0.202739626169
        probability: 0.797260344028
        value: "electronic"
    mood_happy:
        all:
            happy: 0.132844612002
            not_happy: 0.867155373096
        probability: 0.867155373096
        value: "not_happy"
    mood_party:
        all:
            not_party: 0.0574131831527
            party: 0.942586839199
        probability: 0.942586839199
        value: "party"
    mood_relaxed:
        all:
            not_relaxed: 0.946419000626
            relaxed: 0.0535810030997
        probability: 0.946419000626
        value: "not_relaxed"
    mood_sad:
        all:
            not_sad: 0.999349653721
            sad: 0.000650331086945
        probability: 0.999349653721
        value: "not_sad"
    rhythm:
        all:
            fast: 0.892850399017
            medium: 0.0925393626094
            slow: 0.0146102560684
        probability: 0.892850399017
        value: "fast"
    speech_music:
        all:
            music: 0.994933843613
            speech: 0.00506616942585
        probability: 0.994933843613
        value: "music"
    timbre:
        all:
            bright: 0.0611261352897
            dark: 0.938873887062
        probability: 0.938873887062
        value: "dark"
    voice_instrumental:
        all:
            instrumental: 0.119463942945
            voice: 0.880536079407
        probability: 0.880536079407
        value: "voice"

lowlevel:
    average_loudness: 0.963382661343
    barkbands_kurtosis:
        dmean: 2.29538440704
        dmean2: 3.34120607376
        dvar: 16.5239543915
        dvar2: 41.9874382019
        max: 42.9316902161
        mean: 2.16668963432
        min: -1.85005903244
        var: 24.5624732971
    barkbands_skewness:
        dmean: 0.581780552864
        dmean2: 0.83588540554
        dvar: 0.367009341717
        dvar2: 0.664301097393
        max: 4.3719496727
        mean: -0.972257614136
        min: -4.84102344513
        var: 2.04263114929
    barkbands_spread:
        dmean: 8.23602771759
        dmean2: 12.289276123
        dvar: 74.6397781372
        dvar2: 149.349700928
        max: 69.1829376221
        mean: 29.0087738037
        min: 2.630245924
        var: 220.764068604
    dissonance:
        dmean: 0.0129884723574
        dmean2: 0.020051477477
        dvar: 0.000836785300635
        dvar2: 0.00116800679825
        max: 0.499929100275
        mean: 0.478573411703
        min: 0
        var: 0.00129652931355
    hfc:
        dmean: 3.57894492149
        dmean2: 5.27808523178
        dvar: 14.3634958267
        dvar2: 29.6619338989
        max: 45.2277374268
        mean: 11.2321147919
        min: 0.000780787726399
        var: 62.2141189575
    pitch:
        dmean: 635.757629395
        dmean2: 1221.33288574
        dvar: 1449552
        dvar2: 3531538.5
        max: 4900
        mean: 2952.71362305
        min: 55.0561790466
        var: 2154817.75
    pitch_instantaneous_confidence:
        dmean: 0.0842325016856
        dmean2: 0.130457371473
        dvar: 0.00537557154894
        dvar2: 0.0105898948386
        max: 0.853630185127
        mean: 0.442233532667
        min: 0.148537397385
        var: 0.0153901698068
    pitch_salience:
        dmean: 0.0548826530576
        dmean2: 0.0916999280453
        dvar: 0.0027621940244
        dvar2: 0.00710984738544
        max: 0.957231223583
        mean: 0.716497838497
        min: 0.404457837343
        var: 0.00639625405893
    silence_rate_20dB:
        dmean: 0
        dmean2: 0
        dvar: 0
        dvar2: 0
        max: 1
        mean: 1
        min: 1
        var: 0
    silence_rate_30dB:
        dmean: 0
        dmean2: 0
        dvar: 0
        dvar2: 0
        max: 1
        mean: 1
        min: 1
        var: 0
    silence_rate_60dB:
        dmean: 0.106235563755
        dmean2: 0.212962970138
        dvar: 0.0949496626854
        dvar2: 0.213906571269
        max: 1
        mean: 0.320276498795
        min: 0
        var: 0.217699214816
    spectral_centroid:
        dmean: 338.361297607
        dmean2: 515.808776855
        dvar: 169195.921875
        dvar2: 319107.375
        max: 5260.01708984
        mean: 2550.19506836
        min: 238.726242065
        var: 844143.5
    spectral_complexity:
        dmean: 4.07192564011
        dmean2: 6.3372092247
        dvar: 17.0087337494
        dvar2: 36.0327758789
        max: 38
        mean: 17.039352417
        min: 0
        var: 107.195213318
    spectral_crest:
        dmean: 2.07008600235
        dmean2: 3.45985174179
        dvar: 3.43778920174
        dvar2: 9.51685810089
        max: 17.0523586273
        mean: 7.58106374741
        min: 3.05339384079
        var: 5.61666250229
    spectral_decrease:
        dmean: 3.14278852942e-10
        dmean2: 4.63784649574e-10
        dvar: 1.45818797576e-19
        dvar2: 3.2089701552e-19
        max: -2.05653128262e-14
        mean: -8.37305780266e-10
        min: -3.39496408763e-09
        var: 3.22722577283e-19
    spectral_energy:
        dmean: 0.00149410427548
        dmean2: 0.00218887161463
        dvar: 2.88482442556e-06
        dvar2: 6.2389131017e-06
        max: 0.0169156659395
        mean: 0.00417897151783
        min: 1.48438118686e-07
        var: 7.6255141721e-06
    spectral_energyband_high:
        dmean: 0.000363898492651
        dmean2: 0.000540899345651
        dvar: 1.96038385525e-07
        dvar2: 3.73262253106e-07
        max: 0.00605636183172
        mean: 0.000830507895444
        min: 1.22368533084e-07
        var: 7.00778628016e-07
    spectral_energyband_low:
        dmean: 9.78984317044e-05
        dmean2: 0.000164380457136
        dvar: 2.38003750042e-08
        dvar2: 6.34181560599e-08
        max: 0.00110694370233
        mean: 0.000116475406685
        min: 6.37493113853e-10
        var: 2.16091944338e-08
    spectral_energyband_middle_high:
        dmean: 0.000701517274138
        dmean2: 0.00109250470996
        dvar: 6.49130413422e-07
        dvar2: 1.55282350534e-06
        max: 0.0150690469891
        mean: 0.00236018723808
        min: 2.17098445887e-08
        var: 3.19974265039e-06
    spectral_energyband_middle_low:
        dmean: 0.000607405148912
        dmean2: 0.000951817026362
        dvar: 1.24162841075e-06
        dvar2: 2.96451753456e-06
        max: 0.00775149138644
        mean: 0.000871789583471
        min: 3.62926244613e-09
        var: 1.41856946811e-06
    spectral_flatness_db:
        dmean: 0.0186817981303
        dmean2: 0.0266636218876
        dvar: 0.000298991682939
        dvar2: 0.000612628587987
        max: 0.305696219206
        mean: 0.154035404325
        min: 0.0636041983962
        var: 0.00118824001402
    spectral_flux:
        dmean: 0.00901472847909
        dmean2: 0.0133086256683
        dvar: 9.69347747741e-05
        dvar2: 0.000190021062735
        max: 0.0926793143153
        mean: 0.0420073978603
        min: 0.00771886436269
        var: 0.000279143219814
    spectral_kurtosis:
        dmean: 0.999092638493
        dmean2: 1.59455692768
        dvar: 1.16534018517
        dvar2: 3.30200457573
        max: 10.0924491882
        mean: 2.68239688873
        min: -0.137566328049
        var: 3.37873792648
    spectral_rms:
        dmean: 0.000361099955626
        dmean2: 0.000509658304509
        dvar: 1.37746866358e-07
        dvar2: 2.71597514256e-07
        max: 0.00406239926815
        mean: 0.00188941159286
        min: 1.20340209833e-05
        var: 5.07167214892e-07
    spectral_rolloff:
        dmean: 404.284667969
        dmean2: 635.579650879
        dvar: 348491.96875
        dvar2: 578666.25
        max: 6395.36132812
        mean: 3980.7019043
        min: 236.865234375
        var: 1119712.375
    spectral_skewness:
        dmean: 0.179214566946
        dmean2: 0.27580344677
        dvar: 0.030783707276
        dvar2: 0.0690561756492
        max: 2.20699262619
        mean: 0.957542359829
        min: 0.0971554964781
        var: 0.115744970739
    spectral_spread:
        dmean: 637673.0625
        dmean2: 824205.5625
        dvar: 538293207040
        dvar2: 802688008192
        max: 11310252
        mean: 4879688
        min: 2029338.625
        var: 3.26475893965e+12
    spectral_strongpeak:
        dmean: 0.614045441151
        dmean2: 1.04639208317
        dvar: 0.557814061642
        dvar2: 1.46055614948
        max: 5.10656547546
        mean: 0.966255843639
        min: 0.00155365932733
        var: 0.905373752117
    zerocrossingrate:
        dmean: 0.010357000865
        dmean2: 0.011133948341
        dvar: 0.000178896792931
        dvar2: 0.000146088554175
        max: 0.22998046875
        mean: 0.131734207273
        min: 0.0146484375
        var: 0.00135304348078
    barkbands:
        dmean: [5.08448010805e-07, 3.7776058889e-05, 6.68955908623e-05, 0.000146345671965, 0.000360173347872, 4.60370756628e-05, 0.000101917787106, 6.98977455613e-05, 4.77433168271e-05, 3.91551620851e-05, 3.89525703213e-05, 5.02496914123e-05, 4.03721169278e-05, 2.81805478153e-05, 3.55899137503e-05, 5.12404330948e-05, 0.000153758795932, 0.000236396648688, 0.000337479898008, 0.000258885993389, 0.000179506314453, 8.71048177942e-05, 2.1670219212e-05, 7.30371448299e-06, 2.6088453069e-06, 1.08249146535e-07, 3.3145339251e-10]
        dmean2: [7.77294076215e-07, 6.73063914292e-05, 0.000109916887595, 0.000214642219362, 0.000612419215031, 6.8197514338e-05, 0.000148743230966, 0.000117625553685, 7.52126579755e-05, 6.19448474026e-05, 6.37986595393e-05, 8.55353864608e-05, 6.77676216583e-05, 4.59002949356e-05, 5.83328619541e-05, 8.38739142637e-05, 0.000255037797615, 0.000407963700127, 0.000551142089535, 0.000437759590568, 0.000283291679807, 0.000123765508761, 2.8392252716e-05, 9.45235024119e-06, 3.37742858392e-06, 1.37034618319e-07, 5.5018728462e-10]
        dvar: [1.01319245962e-12, 6.02877392453e-09, 1.22784520329e-08, 7.49940483047e-08, 6.02303657615e-07, 7.94847831997e-09, 5.00740817699e-08, 1.61313707281e-07, 1.91394740057e-08, 1.53217722954e-08, 2.92626332055e-08, 3.17868860122e-08, 2.29713847943e-08, 1.56881263536e-09, 2.76598166593e-09, 3.88266263585e-09, 3.55119276207e-08, 1.39858229886e-07, 1.3395806775e-07, 9.53993151143e-08, 5.12591888935e-08, 4.42590710747e-08, 1.36057232147e-09, 1.19735055204e-10, 1.7382439238e-11, 3.25958471369e-14, 2.5192738881e-18]
        dvar2: [2.1757825576e-12, 1.6891114285e-08, 3.07538705613e-08, 1.52163138978e-07, 1.55945770075e-06, 1.29503137103e-08, 8.18529528601e-08, 4.22773098308e-07, 5.0964228393e-08, 3.9356201853e-08, 7.3545642465e-08, 9.24340142205e-08, 7.27227131847e-08, 3.93845134283e-09, 5.77419845271e-09, 1.08322026904e-08, 9.12632529548e-08, 4.02132741328e-07, 3.44794273133e-07, 2.58683684251e-07, 1.31152631866e-07, 9.26442922378e-08, 2.64260147098e-09, 1.76483633263e-10, 2.77474848653e-11, 4.9236100765e-14, 6.38520608523e-18]
        max: [8.22717902338e-06, 0.000467091042083, 0.000979413394816, 0.00226442958228, 0.00433431752026, 0.00150520459283, 0.00398899847642, 0.00639448314905, 0.00132194417529, 0.00193811114877, 0.00262185046449, 0.00173178594559, 0.0023237655405, 0.000342656509019, 0.000888158625457, 0.000559621141292, 0.00177292793524, 0.0056912433356, 0.00364290946163, 0.00343170948327, 0.00241461396217, 0.0036720125936, 0.000364320643712, 0.000114357906568, 2.97516689898e-05, 1.60659578796e-06, 2.31232348824e-08]
        mean: [7.18220633189e-07, 4.03859266953e-05, 7.53826752771e-05, 0.000170148981852, 0.000344170257449, 7.26286234567e-05, 0.000147038226714, 7.38132366678e-05, 5.63830908504e-05, 5.30438701389e-05, 4.39087561972e-05, 5.33132297278e-05, 5.17118642165e-05, 4.59199327452e-05, 5.78045364819e-05, 0.000101678117062, 0.000358952151146, 0.000503898132592, 0.000813402468339, 0.000544605369214, 0.000356769538485, 0.000163418444572, 3.17563790304e-05, 1.34196097861e-05, 4.53099846709e-06, 1.7048847667e-07, 2.90683949133e-10]
        min: [1.63041524726e-10, 2.95682145435e-10, 2.59275767522e-10, 3.08856884512e-10, 8.31447022343e-10, 5.85760717708e-10, 3.80082354479e-10, 5.60073210032e-10, 8.83021655795e-10, 3.56418061731e-10, 5.66334146246e-10, 1.32204436287e-09, 9.22719844976e-10, 5.65907265493e-10, 4.11685768809e-10, 5.68097902054e-10, 1.90143412127e-09, 3.68327679467e-09, 5.06152098012e-09, 2.01343581807e-08, 2.15581277274e-08, 6.47694946565e-08, 1.05958477548e-08, 1.01786046258e-08, 1.40711498009e-09, 7.58727317085e-11, 5.10685447381e-14]
        var: [1.35473761115e-12, 4.2442196424e-09, 1.27790711346e-08, 1.06484215223e-07, 4.70855383128e-07, 1.43804363972e-08, 1.14570489984e-07, 1.18167498897e-07, 1.86891959686e-08, 1.50995909109e-08, 2.53320742161e-08, 2.64768598157e-08, 3.06088985269e-08, 2.84634849024e-09, 4.9155919335e-09, 8.97716390114e-09, 1.18781926517e-07, 2.2706088032e-07, 4.49625076726e-07, 2.05848493806e-07, 1.22706097727e-07, 1.44934730884e-07, 2.31829089259e-09, 3.51940282473e-10, 4.34763371138e-11, 6.95004085749e-14, 1.33429475062e-18]
    mfcc:
        mean: [-718.27331543, 66.9143371582, -37.5653114319, 68.1989440918, -15.7042169571, -8.20517063141, 0.454291284084, -2.31389451027, -6.86279964447, -4.96674108505, -2.54997062683, -1.26535892487, -5.09618902206]
        cov: [[4124.265625, -561.03692627, -660.578735352, -223.658843994, 176.638305664, -112.464233398, 19.3578205109, -3.84912347794, -56.8905677795, 30.2566204071, -120.439247131, 63.5743865967, -66.7481842041], [-561.03692627, 1173.12683105, -390.657043457, -66.8548355103, 26.6629486084, -208.097381592, 21.3796005249, 4.32533979416, 18.8788166046, 11.8143663406, -19.258014679, 69.3087692261, 20.9237003326], [-660.578735352, -390.657043457, 1205.1973877, -51.1406173706, -90.5634078979, 280.086700439, -92.478553772, 84.6187210083, -70.9616165161, -82.7901687622, 43.1471405029, -127.320152283, 10.9886770248], [-223.658843994, -66.8548355103, -51.1406173706, 385.589904785, 61.2302474976, 55.8223304749, -36.6479530334, -81.6453323364, 38.7698020935, 8.66323280334, 8.50552749634, 12.0943164825, -10.2914113998], [176.638305664, 26.6629486084, -90.5634078979, 61.2302474976, 177.880859375, 25.826335907, -23.3672809601, -24.1863803864, 8.81892967224, 8.06370925903, -22.1927833557, 8.85704612732, -19.4061565399], [-112.464233398, -208.097381592, 280.086700439, 55.8223304749, 25.826335907, 185.793884277, 13.2576026917, 20.503364563, 4.20626926422, -12.5014743805, 14.372759819, -37.5014076233, -2.71439814568], [19.3578205109, 21.3796005249, -92.478553772, -36.6479530334, -23.3672809601, 13.2576026917, 124.854255676, 40.6396217346, 18.1057853699, 14.4924430847, -0.943848311901, -6.47499322891, 7.53794622421], [-3.84912347794, 4.32533979416, 84.6187210083, -81.6453323364, -24.1863803864, 20.503364563, 40.6396217346, 90.0021743774, 14.4524364471, 0.31505420804, 2.61268019676, -18.2149734497, 9.08561134338], [-56.8905677795, 18.8788166046, -70.9616165161, 38.7698020935, 8.81892967224, 4.20626926422, 18.1057853699, 14.4524364471, 77.9901199341, 32.5963592529, 3.06892514229, 0.856755793095, 6.28097295761], [30.2566204071, 11.8143663406, -82.7901687622, 8.66323280334, 8.06370925903, -12.5014743805, 14.4924430847, 0.31505420804, 32.5963592529, 57.8176383972, 16.9187660217, 16.6565418243, 2.79582881927], [-120.439247131, -19.258014679, 43.1471405029, 8.50552749634, -22.1927833557, 14.372759819, -0.943848311901, 2.61268019676, 3.06892514229, 16.9187660217, 57.0477485657, 13.7257261276, 10.3630332947], [63.5743865967, 69.3087692261, -127.320152283, 12.0943164825, 8.85704612732, -37.5014076233, -6.47499322891, -18.2149734497, 0.856755793095, 16.6565418243, 13.7257261276, 69.8383102417, 21.1889019012], [-66.7481842041, 20.9237003326, 10.9886770248, -10.2914113998, -19.4061565399, -2.71439814568, 7.53794622421, 9.08561134338, 6.28097295761, 2.79582881927, 10.3630332947, 21.1889019012, 47.7090415955]]
        icov: [[0.000404270656873, 0.000339668389643, 0.000301738298731, 0.00027658129693, -0.000288657785859, -8.70033545652e-06, 0.000188299789443, -0.00041217636317, 0.000473905296531, -0.000259166990872, 0.000708448002115, -0.000445747136837, 0.00033451244235], [0.000339668389643, 0.00143284141086, 0.000213676175917, 0.000239982415223, -0.000757573521696, 0.00141663965769, -0.000240287554334, -0.000664060120471, -2.57271713053e-05, 0.000419610005338, 0.000466184865218, -0.000937608187087, 8.02002250566e-05], [0.000301738298731, 0.000213676175917, 0.00302160019055, 0.000413451809436, 0.00121942220721, -0.00382579024881, 0.00358965294436, -0.0025006972719, 0.00244050775655, 0.000218923712964, -0.000641736551188, 0.00294998660684, -0.00159581785556], [0.00027658129693, 0.000239982415223, 0.000413451809436, 0.0043934378773, -0.000593228789512, -0.00185652368236, 0.000536526902579, 0.00386568158865, -0.00285691395402, 0.00116476556286, -0.000372344016796, -0.000737375346944, 0.000682550715283], [-0.000288657785859, -0.000757573521696, 0.00121942220721, -0.000593228789512, 0.00861562602222, -0.00459803501144, 0.00309080979787, -0.000222812901484, 0.000500960974023, -0.00193058210425, 0.00324213155545, -0.000784966920037, 0.00200812052935], [-8.70033545652e-06, 0.00141663965769, -0.00382579024881, -0.00185652368236, -0.00459803501144, 0.0146868824959, -0.00609765015543, 0.000418163544964, -0.00267563969828, 0.00213153264485, -0.002523007337, -0.000185631477507, 0.000554149679374], [0.000188299789443, -0.000240287554334, 0.00358965294436, 0.000536526902579, 0.00309080979787, -0.00609765015543, 0.0145730460063, -0.00663567846641, 0.00237606861629, -0.00296530057676, 0.0011223674519, 0.00368560082279, -0.00249047973193], [-0.00041217636317, -0.000664060120471, -0.0025006972719, 0.00386568158865, -0.000222812901484, 0.000418163544964, -0.00663567846641, 0.0214729811996, -0.00754168024287, 0.00220413110219, -0.00137212860864, 0.00130560202524, -0.0014013601467], [0.000473905296531, -2.57271713053e-05, 0.00244050775655, -0.00285691395402, 0.000500960974023, -0.00267563969828, 0.00237606861629, -0.00754168024287, 0.0232315529138, -0.0126615930349, 0.00299164024182, 0.0048002069816, -0.00448993779719], [-0.000259166990872, 0.000419610005338, 0.000218923712964, 0.00116476556286, -0.00193058210425, 0.00213153264485, -0.00296530057676, 0.00220413110219, -0.0126615930349, 0.030077457428, -0.00993948895484, -0.00426799384877, 0.00299781304784], [0.000708448002115, 0.000466184865218, -0.000641736551188, -0.000372344016796, 0.00324213155545, -0.002523007337, 0.0011223674519, -0.00137212860864, 0.00299164024182, -0.00993948895484, 0.026217661798, -0.00696009583771, -0.000301633990603], [-0.000445747136837, -0.000937608187087, 0.00294998660684, -0.000737375346944, -0.000784966920037, -0.000185631477507, 0.00368560082279, 0.00130560202524, 0.0048002069816, -0.00426799384877, -0.00696009583771, 0.028313184157, -0.0136564420536], [0.00033451244235, 8.02002250566e-05, -0.00159581785556, 0.000682550715283, 0.00200812052935, 0.000554149679374, -0.00249047973193, -0.0014013601467, -0.00448993779719, 0.00299781304784, -0.000301633990603, -0.0136564420536, 0.0299628823996]]
    spectral_contrast:
        mean: [-3.39553309914e-07, -1.49201326849e-07, -1.99234037268e-07, -2.73468202749e-07, -4.44878992312e-07, 2.76154395351e-07, 2.33279052964e-07, 5.58379610993e-07, -7.73756596573e-07, -1.49563504692e-07, 1.58283444307e-06, -1.37311440085e-06]
        var: [0.000434739340562, 0.00115250819363, 0.00149324804079, 0.00181744713336, 0.00461446866393, 0.00604522181675, 0.0610172525048, 0.120875917375, 0.197155192494, 0.371404111385, 0.76144015789, 2.22435855865]

rhythm:
    beats_loudness:
        dmean: 0.00262873689644
        dmean2: 0.00408386299387
        dvar: 4.80180324303e-06
        dvar2: 1.45367275763e-05
        max: 0.0102930655703
        mean: 0.00599595345557
        min: 0.00160121498629
        var: 9.30783244257e-06
    beats_loudness_bass:
        dmean: 0.0813879072666
        dmean2: 0.137315541506
        dvar: 0.00120167376008
        dvar2: 0.00484338309616
        max: 0.189840078354
        mean: 0.0869659259915
        min: 0.0129730720073
        var: 0.00284272199497
    bpm: 134.853118896
    bpm_confidence: 0
    first_peak_bpm: 135
    first_peak_spread: 0
    first_peak_weight: 0.533333361149
    onset_rate: 4.77272748947
    second_peak_bpm: 67
    second_peak_spread: 0
    second_peak_weight: 0.40000000596
    beats_position: [0.216099306941, 1.10979759693, 2.00349593163, 2.89719414711, 3.79089236259, 4.6845908165, 5.57828903198, 6.05053901672, 6.49547767639, 6.94041633606, 7.38535499573, 7.83029413223, 8.27523231506, 8.72017097473, 9.16511058807, 9.61004829407]
    bpm_estimates: [135.295150757, 134.603378296, 134.772293091, 134.834579468, 133.413787842, 134.915374756, 134.551681519, 135.792892456, 135.498855591]
    bpm_intervals: [0.893698275089, 0.893698334694, 0.893698215485, 0.893698215485, 0.893698453903, 0.893698215485, 0.472249984741, 0.444938659668, 0.444938659668, 0.444938659668, 0.444939136505, 0.444938182831, 0.444938659668, 0.444939613342, 0.444937705994]
    onset_times: [0.0580498874187, 0.208979591727, 0.661768734455, 0.801088452339, 1.10294783115, 1.26548755169, 1.70666670799, 2.00852608681, 2.27555561066, 2.46131515503, 2.60063481331, 2.90249443054, 3.49460315704, 3.79646253586, 3.95900225639, 4.2492518425, 4.37696123123, 4.69043064117, 4.85297060013, 5.00390005112, 5.10838985443, 5.29414987564, 5.42185926437, 5.59600925446, 5.74693870544, 5.88625860214, 6.04879808426, 6.1648979187, 6.35065746307, 6.47836732864, 6.64090681076, 6.86149644852, 6.93115663528, 7.08208608627, 7.19818592072, 7.27945566177, 7.38394546509, 7.8251247406, 7.9644446373, 8.26630401611, 8.42884349823, 8.67265319824, 8.88163280487, 9.17188167572, 9.32281208038, 9.61306095123, 9.75238132477, 10.0194101334]
    rubato_start: [6.05053901672]
    rubato_stop: [6.49547767639]
    perceptual_tempo: "unknown"

sfx:
    inharmonicity:
        dmean: 0.078837364912
        dmean2: 0.13738168776
        dvar: 0.00517790019512
        dvar2: 0.0147838033736
        max: 0.415630102158
        mean: 0.0938778594136
        min: 0
        var: 0.00672711618245
    oddtoevenharmonicenergyratio:
        dmean: 3.32833337784
        dmean2: 6.22690582275
        dvar: 114.824546814
        dvar2: 338.095031738
        max: 107.42338562
        mean: 2.29244613647
        min: 0
        var: 63.3794441223
    pitch_after_max_to_before_max_energy_ratio: 0.580820083618
    pitch_centroid: 194.798995972
    pitch_max_to_total: 0.58564811945
    pitch_min_to_total: 0.847222208977
    tristimulus:
        dmean: [0.164380729198, 0.327583640814, 0.21313534677]
        dmean2: [0.287544518709, 0.560410618782, 0.384664744139]
        dvar: [0.0283563062549, 0.0617215111852, 0.0356652624905]
        dvar2: [0.0793316215277, 0.173647999763, 0.0922409296036]
        max: [1, 0.986572086811, 0.933392286301]
        mean: [0.236806884408, 0.443277180195, 0.201159089804]
        min: [0.00880482327193, 0, 0]
        var: [0.0352110601962, 0.0857751518488, 0.0481262207031]

tonal:
    chords_changes_rate: 0.0645161271095
    chords_number_rate: 0.0368663594127
    chords_strength:
        dmean: 0.011551393196
        dmean2: 0.0130831850693
        dvar: 9.51749170781e-05
        dvar2: 0.000141089127283
        max: 0.599402606487
        mean: 0.444645255804
        min: 0.307598084211
        var: 0.00387061806396
    key_strength: 0.545397698879
    tuning_diatonic_strength: 0.555030941963
    tuning_equal_tempered_deviation: 0.151209622622
    tuning_frequency: 443.572570801
    tuning_nontempered_energy_ratio: 0.815527141094
    hpcp:
        dmean: [0.236655816436, 0.221449583769, 0.190846741199, 0.161579191685, 0.153930440545, 0.179955109954, 0.177672743797, 0.155878260732, 0.125135958195, 0.129613816738, 0.131568729877, 0.151580616832, 0.159058153629, 0.138280197978, 0.148885980248, 0.16595941782, 0.156873598695, 0.156910508871, 0.133845046163, 0.140991702676, 0.184658423066, 0.197784170508, 0.131224483252, 0.132063269615, 0.196841523051, 0.2315659374, 0.1974042207, 0.209934145212, 0.244329869747, 0.264569908381, 0.23912191391, 0.216307759285, 0.237093865871, 0.235970199108, 0.234954893589, 0.258783191442]
        dmean2: [0.39683458209, 0.373109817505, 0.3146494627, 0.270020663738, 0.266152203083, 0.29342803359, 0.282943189144, 0.254314661026, 0.210722073913, 0.224634408951, 0.221534997225, 0.238107919693, 0.259540885687, 0.222320944071, 0.251160532236, 0.284446120262, 0.265089958906, 0.269114047289, 0.235638529062, 0.2450735569, 0.31171682477, 0.330131113529, 0.217416793108, 0.232612252235, 0.352739155293, 0.417007297277, 0.348754882812, 0.371853321791, 0.426783293486, 0.464418113232, 0.424524754286, 0.390791922808, 0.408958673477, 0.407523691654, 0.411556333303, 0.420342803001]
        dvar: [0.0527191571891, 0.0348828025162, 0.0290110129863, 0.0250460878015, 0.0206728558987, 0.0293646603823, 0.0248436667025, 0.023162137717, 0.0152416741475, 0.0218350682408, 0.0218388680369, 0.0178921464831, 0.0227829553187, 0.0121101755649, 0.0239425934851, 0.0282392650843, 0.0208853110671, 0.0288123916835, 0.0232944581658, 0.0228587910533, 0.0360863506794, 0.0348745211959, 0.016102341935, 0.0169331096113, 0.0423673689365, 0.065438143909, 0.0480353757739, 0.0500524900854, 0.0497868508101, 0.0478069968522, 0.0534115321934, 0.0474440045655, 0.0471839383245, 0.0478747561574, 0.039573457092, 0.0466973595321]
        dvar2: [0.102787934244, 0.0915458649397, 0.0743207335472, 0.061079416424, 0.0555594414473, 0.0782881751657, 0.0641156584024, 0.0605009272695, 0.0371995866299, 0.0605768635869, 0.0652050748467, 0.0424111075699, 0.0529139712453, 0.0347673855722, 0.0603937283158, 0.0678554028273, 0.0595820620656, 0.0878646373749, 0.0698457583785, 0.0675664693117, 0.10024061799, 0.0938514322042, 0.0457656830549, 0.0472607724369, 0.130484074354, 0.185394078493, 0.125195503235, 0.137947797775, 0.148905932903, 0.127929374576, 0.142337635159, 0.13350751996, 0.13564106822, 0.124359890819, 0.108882799745, 0.123210906982]
        max: [1, 1, 1, 1, 0.995537102222, 1, 1, 1, 1, 1, 1, 0.966581523418, 1, 0.863131165504, 1, 1, 0.918440997601, 1, 1, 1, 1, 1, 0.85979527235, 0.874998688698, 1, 1, 1, 1, 1, 1, 1, 1, 1, 1, 1, 1]
        mean: [0.596360325813, 0.420041948557, 0.302153110504, 0.262069642544, 0.24465662241, 0.306470870972, 0.344811528921, 0.294249743223, 0.244482263923, 0.228645548224, 0.234093517065, 0.285451829433, 0.297709584236, 0.253136575222, 0.276474744081, 0.294517219067, 0.26385012269, 0.251711159945, 0.220139414072, 0.197244554758, 0.280975103378, 0.306919634342, 0.217278510332, 0.193286791444, 0.237422466278, 0.272815704346, 0.283824115992, 0.298546850681, 0.357640177011, 0.452680289745, 0.454014062881, 0.374706685543, 0.36605271697, 0.358414053917, 0.379526644945, 0.55055642128]
        min: [0.00387323391624, 0.00715180579573, 0.00206487509422, 0.00231655966491, 0.00178891071118, 0.00171502341982, 0.00220189639367, 0.00200542295352, 0.00136293948162, 0.00119857117534, 0.00881852861494, 0.0024961757008, 0.00463012978435, 0.00214929366484, 0.00208585290238, 0.00213334336877, 0.00312781170942, 0.0027621362824, 0.00132792629302, 0.00195611547679, 0.00259366235696, 0.00222774408758, 0.00206393119879, 0.00126746704336, 0.0035020399373, 0.00343736866489, 0.00161516829394, 0.00247204094194, 0.00803484302014, 0.00580655271187, 0.00122538930736, 0.00114128307905, 0.00224451487884, 0.00264068809338, 0.00600100215524, 0.00332376291044]
        var: [0.106553591788, 0.066367380321, 0.0544416904449, 0.0454174913466, 0.0324291996658, 0.0512562803924, 0.0548824109137, 0.0424976795912, 0.0282716248184, 0.0275653917342, 0.0243744384497, 0.035962048918, 0.0458772927523, 0.0287046637386, 0.0468550361693, 0.0622481405735, 0.0415715388954, 0.0409499593079, 0.0361525043845, 0.0336795933545, 0.0559447854757, 0.0654069110751, 0.0313146822155, 0.0275558233261, 0.0434568524361, 0.063280262053, 0.0541402362287, 0.056721445173, 0.0624226853251, 0.0922074615955, 0.115826129913, 0.086992867291, 0.0793225616217, 0.0767270550132, 0.057255525142, 0.0916189551353]
    chords_histogram: [23.5023040771, 12.9032258987, 21.1981563568, 0, 0, 0, 0, 0, 0, 0, 0, 8.29493045807, 1.38248848915, 0, 0, 0, 0, 0, 0, 1.38248848915, 0, 18.8940086365, 12.4423961639, 0]
    thpcp: [1, 0.704342544079, 0.506662011147, 0.439448475838, 0.410249650478, 0.513902187347, 0.578193247318, 0.493409305811, 0.409957289696, 0.383401662111, 0.392537027597, 0.47865664959, 0.49921092391, 0.424469172955, 0.463603526354, 0.493857830763, 0.442434072495, 0.422078996897, 0.369138270617, 0.330747276545, 0.471149891615, 0.514654695988, 0.364340990782, 0.324110746384, 0.398119151592, 0.457467883825, 0.475927233696, 0.500614881516, 0.599704861641, 0.75907176733, 0.761308312416, 0.628322601318, 0.613811314106, 0.601002514362, 0.636404931545, 0.923194229603]
    chords_key: "D"
    chords_scale: "major"
    key_key: "D"
    key_scale: "major"
    chords_progression: ["G", "G", "G", "G", "G", "G", "G", "G", "G", "G", "G", "G", "G", "G", "Em", "Em", "Em", "Em", "Em", "Em", "Em", "Em", "Em", "Em", "Em", "Em", "Em", "Em", "Em", "Em", "Em", "Em", "Em", "A", "A", "A", "A", "A", "A", "A", "A", "A", "A", "A", "A", "A", "A", "A", "A", "A", "A", "A", "A", "A", "A", "A", "A", "A", "A", "A", "A", "A", "A", "A", "A", "A", "A", "A", "A", "A", "A", "A", "A", "A", "Em", "Em", "Em", "Em", "Em", "Em", "Em", "Em", "Em", "Em", "Em", "Em", "Em", "Em", "Em", "Em", "Em", "Em", "Em", "Em", "Em", "Em", "G", "G", "G", "G", "G", "G", "G", "G", "G", "G", "G", "G", "G", "D", "D", "D", "D", "D", "D", "D", "D", "D", "F#m", "F#m", "F#m", "F#m", "F#m", "F#m", "F#m", "F#m", "F#m", "F#m", "F#m", "F#m", "F#m", "F#m", "F#m", "F#m", "F#m", "F#m", "F#m", "F#m", "F#m", "F#m", "F#m", "F#m", "F#m", "F#m", "F#m", "F#m", "D", "D", "D", "D", "D", "D", "D", "D", "D", "D", "D", "D", "D", "D", "D", "D", "D", "D", "D", "D", "D", "D", "D", "D", "D", "D", "D", "D", "D", "D", "D", "D", "D", "D", "D", "D", "D", "D", "D", "D", "D", "D", "Fm", "Fm", "Fm", "Fm", "Fm", "Fm", "Fm", "Fm", "Fm", "Fm", "Fm", "Fm", "A", "A", "A", "A", "A", "Fm", "Fm", "Am", "Am", "Fm", "Fm", "Fm", "Fm", "G#", "G#", "G#", "Am"]
