
metadata:
    version:
        essentia: "1.2.2"
    audio_properties:
        analysis_sample_rate: 44100
        bitrate: 128
        channels: 2
        equal_loudness: 1
        length: 9.97877597809
        replay_gain: -8.77544403076
        downmix: "mix"
    tags:
        track: 10
        year: 0
        album: "Splitted by Mp3Splt v. 2.1"
        artist: "From 001.30 To 001.40"
        comment: "http://mp3splt.sf.net"
        genre: ""
        title: "09 X.Y.U.mp3"

highlevel:
    ballroom:
        all:
            ChaChaCha: 0.0514352023602
            Jive: 0.627382576466
            Quickstep: 0.00206540012732
            Rumba-American: 0.000181557275937
            Rumba-International: 0.000750387902372
            Rumba-Misc: 0.000370112538803
            Samba: 0.315741062164
            Tango: 0.000153418674017
            VienneseWaltz: 0.0017060067039
            Waltz: 0.000214253625018
        probability: 0.627382576466
        value: "Jive"
    culture:
        all:
            non_western: 0.0818160176277
            western: 0.918183982372
        probability: 0.918183982372
        value: "western"
    gender:
        all:
            female: 0.757242679596
            male: 0.242757320404
        probability: 0.757242679596
        value: "female"
    genre_dortmund:
        all:
            alternative: 0.131692320108
            blues: 0.00492369104177
            electronic: 0.0346320532262
            folkcountry: 0.00928369443864
            funksoulrnb: 0.00205977400765
            jazz: 0.0273745730519
            pop: 0.0180338378996
            raphiphop: 0.0044937171042
            rock: 0.767506301403
        probability: 0.767506301403
        value: "rock"
    genre_electronica:
        all:
            ambient: 0.0337719731033
            dnb: 0.6185297966
            house: 0.00234540691599
            techno: 0.00827737618238
            trance: 0.337075471878
        probability: 0.6185297966
        value: "dnb"
    genre_rosamerica:
        all:
            cla: 0.00644970592111
            dan: 0.103750400245
            hip: 0.010482640937
            jaz: 0.00366274872795
            pop: 0.00409964192659
            rhy: 0.0103611601517
            roc: 0.859792351723
            spe: 0.00140134990215
        probability: 0.859792351723
        value: "roc"
    genre_tzanetakis:
        all:
            blu: 0.0178062971681
            cla: 0.00792170595378
            cou: 0.03019050695
            dis: 0.0361825935543
            hip: 0.116786450148
            jaz: 0.0744317322969
            met: 0.609850287437
            pop: 0.0379584543407
            reg: 0.0147536415607
            roc: 0.0541183426976
        probability: 0.609850287437
        value: "met"
    live_studio:
        all:
            live: 0.127440825105
            studio: 0.872559189796
        probability: 0.872559189796
        value: "studio"
    mood:
        all:
            Cluster1: 0.487469345331
            Cluster2: 0.024643894285
            Cluster3: 0.00508828973398
            Cluster4: 0.00706640584394
            Cluster5: 0.475732088089
        probability: 0.487469345331
        value: "Cluster1"
    mood_acoustic:
        all:
            acoustic: 0.00778891518712
            not_acoustic: 0.992211103439
        probability: 0.992211103439
        value: "not_acoustic"
    mood_aggressive:
        all:
            aggressive: 0.998264789581
            not_aggressive: 0.00173521484248
        probability: 0.998264789581
        value: "aggressive"
    mood_electronic:
        all:
            electronic: 0.892520070076
            not_electronic: 0.107479959726
        probability: 0.892520070076
        value: "electronic"
    mood_happy:
        all:
            happy: 0.360421210527
            not_happy: 0.63957875967
        probability: 0.63957875967
        value: "not_happy"
    mood_party:
        all:
            not_party: 0.298137903214
            party: 0.701862096786
        probability: 0.701862096786
        value: "party"
    mood_relaxed:
        all:
            not_relaxed: 0.908467948437
            relaxed: 0.091532073915
        probability: 0.908467948437
        value: "not_relaxed"
    mood_sad:
        all:
            not_sad: 0.94812643528
            sad: 0.051873549819
        probability: 0.94812643528
        value: "not_sad"
    rhythm:
        all:
            fast: 0.787383794785
            medium: 0.134267747402
            slow: 0.0783484503627
        probability: 0.787383794785
        value: "fast"
    speech_music:
        all:
            music: 0.999622106552
            speech: 0.000377912569093
        probability: 0.999622106552
        value: "music"
    timbre:
        all:
            bright: 0.019815530628
            dark: 0.980184495449
        probability: 0.980184495449
        value: "dark"
    voice_instrumental:
        all:
            instrumental: 0.323139995337
            voice: 0.676860034466
        probability: 0.676860034466
        value: "voice"

lowlevel:
    average_loudness: 0.982656061649
    barkbands_kurtosis:
        dmean: 0.346637278795
        dmean2: 0.586416959763
        dvar: 0.152430802584
        dvar2: 0.367591202259
        max: 1.03945493698
        mean: -1.39950633049
        min: -1.87843132019
        var: 0.242288991809
    barkbands_skewness:
        dmean: 0.383840590715
        dmean2: 0.615628480911
        dvar: 0.0940854623914
        dvar2: 0.248697474599
        max: 1.65836524963
        mean: 0.190815448761
        min: -1.48078918457
        var: 0.30610999465
    barkbands_spread:
        dmean: 4.69438695908
        dmean2: 7.96505403519
        dvar: 17.4330310822
        dvar2: 45.1925048828
        max: 66.862411499
        mean: 48.4298744202
        min: 25.2344913483
        var: 43.8793296814
    dissonance:
        dmean: 0.00865442678332
        dmean2: 0.014689957723
        dvar: 6.76287672832e-05
        dvar2: 0.000163074073498
        max: 0.498352915049
        mean: 0.483076274395
        min: 0.420370668173
        var: 9.01087914826e-05
    hfc:
        dmean: 2.37636303902
        dmean2: 3.76404380798
        dvar: 11.3765611649
        dvar2: 24.7224254608
        max: 30.2599201202
        mean: 8.51283740997
        min: 0.118303611875
        var: 20.9637241364
    pitch:
        dmean: 628.870605469
        dmean2: 1204.91137695
        dvar: 1311541.875
        dvar2: 3246373.5
        max: 4900
        mean: 3208.19848633
        min: 79.1741485596
        var: 1226460.375
    pitch_instantaneous_confidence:
        dmean: 0.0795903578401
        dmean2: 0.134483113885
        dvar: 0.00350225437433
        dvar2: 0.00935974530876
        max: 0.646585047245
        mean: 0.388384252787
        min: 0.158502399921
        var: 0.00951240118593
    pitch_salience:
        dmean: 0.0566255003214
        dmean2: 0.0968485921621
        dvar: 0.00222863792442
        dvar2: 0.00635340157896
        max: 0.825480818748
        mean: 0.659517288208
        min: 0.475022673607
        var: 0.00386022753082
    silence_rate_20dB:
        dmean: 0
        dmean2: 0
        dvar: 0
        dvar2: 0
        max: 1
        mean: 1
        min: 1
        var: 0
    silence_rate_30dB:
        dmean: 0
        dmean2: 0
        dvar: 0
        dvar2: 0
        max: 1
        mean: 1
        min: 1
        var: 0
    silence_rate_60dB:
        dmean: 0.0744186043739
        dmean2: 0.146853148937
        dvar: 0.068880841136
        dvar2: 0.143934801221
        max: 1
        mean: 0.118329465389
        min: 0
        var: 0.10432844609
    spectral_centroid:
        dmean: 299.490234375
        dmean2: 487.901794434
        dvar: 61990.7382812
        dvar2: 164180.15625
        max: 3306.29370117
        mean: 1698.34399414
        min: 778.285583496
        var: 212724.234375
    spectral_complexity:
        dmean: 3.97202801704
        dmean2: 6.2406539917
        dvar: 17.2346382141
        dvar2: 33.5191841125
        max: 39
        mean: 16.1348838806
        min: 0
        var: 47.2655525208
    spectral_crest:
        dmean: 1.84359252453
        dmean2: 3.05765533447
        dvar: 2.8379509449
        dvar2: 7.73323488235
        max: 16.7769641876
        mean: 6.35518836975
        min: 2.75943803787
        var: 4.29736185074
    spectral_decrease:
        dmean: 3.94800775405e-10
        dmean2: 6.47569053935e-10
        dvar: 2.94585511759e-19
        dvar2: 7.17706877397e-19
        max: -6.63732740644e-12
        mean: -1.14617593194e-09
        min: -4.62515670208e-09
        var: 3.59386117163e-19
    spectral_energy:
        dmean: 0.00166348402854
        dmean2: 0.00272040558048
        dvar: 5.37814958079e-06
        dvar2: 1.28662195493e-05
        max: 0.0202011000365
        mean: 0.0050980723463
        min: 3.57813150913e-05
        var: 6.80762241245e-06
    spectral_energyband_high:
        dmean: 0.000174857486854
        dmean2: 0.000279906496871
        dvar: 4.8718305834e-08
        dvar2: 1.07276250105e-07
        max: 0.00194952765014
        mean: 0.000539592758287
        min: 1.340889321e-05
        var: 1.15568340675e-07
    spectral_energyband_low:
        dmean: 0.000438350834884
        dmean2: 0.000759245711379
        dvar: 3.25700796111e-07
        dvar2: 9.32772991291e-07
        max: 0.00380092766136
        mean: 0.00081563834101
        min: 2.94597020911e-06
        var: 3.68135943063e-07
    spectral_energyband_middle_high:
        dmean: 0.00059283641167
        dmean2: 0.000924363033846
        dvar: 6.46763794521e-07
        dvar2: 1.37000574796e-06
        max: 0.0070593142882
        mean: 0.0018620804185
        min: 1.59608152899e-05
        var: 1.35552215852e-06
    spectral_energyband_middle_low:
        dmean: 0.000993808498606
        dmean2: 0.0016190095339
        dvar: 1.87619627923e-06
        dvar2: 4.73581076221e-06
        max: 0.0117522226647
        mean: 0.00188072759192
        min: 3.45715193362e-06
        var: 2.08179176298e-06
    spectral_flatness_db:
        dmean: 0.013710135594
        dmean2: 0.02170269005
        dvar: 0.000122750891023
        dvar2: 0.0003136616142
        max: 0.207115501165
        mean: 0.147107541561
        min: 0.0766803771257
        var: 0.000380941462936
    spectral_flux:
        dmean: 0.00904603581876
        dmean2: 0.0138874342665
        dvar: 0.000116551003885
        dvar2: 0.000238480555709
        max: 0.103105247021
        mean: 0.0428824238479
        min: 0.005981748458
        var: 0.000207870019949
    spectral_kurtosis:
        dmean: 0.638404250145
        dmean2: 1.07465910912
        dvar: 0.345227748156
        dvar2: 0.895521223545
        max: 8.50464630127
        mean: 1.8483736515
        min: -0.29901099205
        var: 0.842663168907
    spectral_rms:
        dmean: 0.00033624828211
        dmean2: 0.000542281661183
        dvar: 1.5321280955e-07
        dvar2: 3.44553797049e-07
        max: 0.00443941308185
        mean: 0.00217295601033
        min: 0.000186838427908
        var: 2.51991451705e-07
    spectral_rolloff:
        dmean: 244.092971802
        dmean2: 414.916809082
        dvar: 45148.3789062
        dvar2: 106988.671875
        max: 4952.63671875
        mean: 3676.21850586
        min: 2454.78515625
        var: 165438.4375
    spectral_skewness:
        dmean: 0.1149514094
        dmean2: 0.188592210412
        dvar: 0.0117265628651
        dvar2: 0.0251524299383
        max: 2.33265662193
        mean: 0.935552120209
        min: 0.41420891881
        var: 0.0394744351506
    spectral_spread:
        dmean: 330986.53125
        dmean2: 507249.96875
        dvar: 124697632768
        dvar2: 213474721792
        max: 9944394
        mean: 5004559
        min: 3474424
        var: 479833423872
    spectral_strongpeak:
        dmean: 0.163652330637
        dmean2: 0.297355353832
        dvar: 0.131228417158
        dvar2: 0.39035603404
        max: 3.03504252434
        mean: 0.196892783046
        min: 0.0228266343474
        var: 0.0806519687176
    zerocrossingrate:
        dmean: 0.00838386919349
        dmean2: 0.0108642578125
        dvar: 5.62371460546e-05
        dvar2: 7.85000156611e-05
        max: 0.15380859375
        mean: 0.104057274759
        min: 0.03857421875
        var: 0.00037203184911
    barkbands:
        dmean: [6.7041071361e-07, 0.000128164305352, 0.000363851955626, 0.000421951757744, 0.000580104475375, 0.000201987335458, 8.45316899358e-05, 5.94290613662e-05, 6.37721459498e-05, 5.92194373894e-05, 3.13605305564e-05, 3.52918868884e-05, 2.24395807891e-05, 2.82192540908e-05, 3.76187417714e-05, 5.37082414667e-05, 0.000117653653433, 0.000190389240743, 0.000271942757536, 0.000197850022232, 8.26732502901e-05, 4.29469146184e-05, 5.8039763644e-06, 1.39079895689e-06, 7.70812960127e-07, 4.69349679122e-08, 4.10192574352e-10]
        dmean2: [1.06928951027e-06, 0.000230385048781, 0.000628562120255, 0.000697206647601, 0.000979928299785, 0.000334296782967, 0.000139400435728, 9.77724048425e-05, 0.000109141452413, 0.00010256448877, 5.16747277288e-05, 5.84878143854e-05, 3.62058381143e-05, 4.59939328721e-05, 6.18084231974e-05, 8.75299156178e-05, 0.000198119989363, 0.000314381788485, 0.000453762768302, 0.000343058462022, 0.000133627952891, 6.89955850248e-05, 9.57659449341e-06, 2.12725967685e-06, 1.13111821065e-06, 6.88521808456e-08, 6.19071960362e-10]
        dvar: [8.21446751766e-13, 2.93919963923e-08, 2.17626094923e-07, 2.59796252067e-07, 1.30667899612e-06, 1.33688175197e-07, 2.58004586584e-08, 1.78293753095e-08, 1.13620943765e-08, 1.3393839815e-08, 3.49966056135e-09, 4.18950518721e-09, 2.2830723978e-09, 3.08440739616e-09, 2.94126478728e-09, 5.04115948985e-09, 1.54768180494e-08, 9.03696601995e-08, 8.96099763281e-08, 5.90845594672e-08, 1.01341370851e-08, 3.51795614861e-09, 5.04309163873e-11, 3.22931481903e-12, 1.36002786724e-12, 1.28613279423e-14, 1.13842725308e-17]
        dvar2: [1.62428913635e-12, 8.92909142181e-08, 6.02352884016e-07, 6.95308131071e-07, 3.39388338944e-06, 3.10471051534e-07, 5.98112990247e-08, 4.64616292106e-08, 2.75870899458e-08, 3.745629229e-08, 8.46940650945e-09, 1.12309388456e-08, 5.98120442064e-09, 7.31403693166e-09, 7.11168768319e-09, 1.16379119675e-08, 4.038241741e-08, 2.19635751364e-07, 2.23774733854e-07, 1.51680140448e-07, 2.18861693213e-08, 8.9043874496e-09, 1.32596184033e-10, 7.363518649e-12, 2.63568637401e-12, 2.96409964173e-14, 1.13198756929e-17]
        max: [6.50818628856e-06, 0.00133023713715, 0.00326347351074, 0.00563148595393, 0.00936371646821, 0.0035365219228, 0.00193622300867, 0.00133800599724, 0.000743341865018, 0.00104562810156, 0.000596729572862, 0.000692194793373, 0.000563723966479, 0.000703254772816, 0.000530135526787, 0.000541894056369, 0.00112099142279, 0.00317179341801, 0.00259238434955, 0.00199733301997, 0.000935014395509, 0.000666869513225, 8.63431414473e-05, 2.32270685956e-05, 1.35580285132e-05, 1.1162443343e-06, 7.08578866693e-08]
        mean: [7.98489111276e-07, 0.000190571139683, 0.000624304753728, 0.000587775604799, 0.000698054849636, 0.000290171708912, 0.00012106680515, 7.29037565179e-05, 9.51188339968e-05, 7.61642368161e-05, 3.94509297621e-05, 5.4603224271e-05, 3.08448834403e-05, 4.128324872e-05, 6.73840841046e-05, 0.000103124315501, 0.000247261865297, 0.000374556460883, 0.000594868441112, 0.000456795387436, 0.000201931907213, 0.000106724444777, 1.57491558639e-05, 4.42761074737e-06, 2.08374171962e-06, 5.57120216627e-08, 3.74162145711e-10]
        min: [8.66353322415e-10, 1.24600205709e-06, 1.66250652001e-06, 7.99542931418e-07, 5.65461846236e-07, 2.65075897232e-07, 8.68155836997e-07, 1.41658745179e-07, 1.56994360623e-07, 1.03727380463e-07, 4.16262295744e-08, 3.21724016317e-08, 1.61367907481e-07, 1.90797038613e-07, 2.83517664457e-07, 1.71321471498e-06, 8.14990471554e-07, 1.0662161003e-06, 9.74808790488e-06, 3.48813296114e-06, 9.29032376007e-06, 1.70751775386e-06, 5.4794497828e-07, 1.2488420964e-07, 8.69935590231e-08, 3.46412787344e-10, 7.82021000148e-14]
        var: [1.21011718441e-12, 2.88206027932e-08, 2.60636710436e-07, 3.10030031869e-07, 1.07179198494e-06, 1.66287051684e-07, 2.98200824034e-08, 2.04426129358e-08, 1.38525964033e-08, 1.67990137356e-08, 5.51344836452e-09, 8.20783885302e-09, 2.80124368146e-09, 3.96460997365e-09, 6.06360783806e-09, 9.88299841964e-09, 2.42775985981e-08, 1.26541436885e-07, 1.57226608621e-07, 9.95489415345e-08, 2.00941627782e-08, 6.61506183164e-09, 1.29524516113e-10, 1.167088301e-11, 4.02266674832e-12, 1.41831237035e-14, 1.16975597432e-17]
    mfcc:
        mean: [-691.05645752, 86.2495803833, -23.6038990021, 82.741897583, -8.42505073547, -3.1407558918, -1.25473892689, 2.87161445618, -0.302882194519, -6.4927110672, -3.55552530289, -8.00064849854, -4.38347530365]
        cov: [[838.011657715, 46.104347229, -233.754837036, -216.315917969, -40.6230201721, 81.9761962891, 78.0388641357, 10.3729953766, -30.4048881531, -16.9097862244, -12.9933986664, -60.3307685852, -40.1436843872], [46.104347229, 363.906036377, -145.36491394, -46.1955986023, -22.3020610809, -12.9787969589, 0.573922216892, -21.5351200104, -58.2366104126, -16.6373119354, 26.7403354645, 20.7723045349, -5.94649171829], [-233.754837036, -145.36491394, 271.556304932, 160.798248291, 13.3933391571, -74.6679763794, -72.3494262695, -3.73733758926, 37.3888206482, 18.0835990906, -2.00090551376, 1.56193995476, -2.64104652405], [-216.315917969, -46.1955986023, 160.798248291, 189.724868774, 31.7552661896, -55.3634185791, -56.5687065125, 6.93766593933, 34.3947753906, 13.7189817429, -0.177726015449, 6.40415096283, 6.27922105789], [-40.6230201721, -22.3020610809, 13.3933391571, 31.7552661896, 69.5679397583, 28.5120830536, 5.8928809166, 1.65264880657, 1.19421160221, 0.984243273735, -4.71141004562, 10.4441480637, 16.534029007], [81.9761962891, -12.9787969589, -74.6679763794, -55.3634185791, 28.5120830536, 105.28931427, 63.1728248596, 9.73371601105, -12.5746974945, -7.3143620491, -4.74259519577, 10.5482873917, 13.4229745865], [78.0388641357, 0.573922216892, -72.3494262695, -56.5687065125, 5.8928809166, 63.1728248596, 102.301574707, 37.8039627075, -3.6056432724, -2.25402522087, -1.14890348911, 4.63647127151, 0.581459283829], [10.3729953766, -21.5351200104, -3.73733758926, 6.93766593933, 1.65264880657, 9.73371601105, 37.8039627075, 64.9337615967, 27.6653347015, 11.3435020447, -0.0995833054185, -4.93548488617, -4.08286619186], [-30.4048881531, -58.2366104126, 37.3888206482, 34.3947753906, 1.19421160221, -12.5746974945, -3.6056432724, 27.6653347015, 67.7465133667, 28.967250824, -3.18265557289, -9.31972789764, -11.3187932968], [-16.9097862244, -16.6373119354, 18.0835990906, 13.7189817429, 0.984243273735, -7.3143620491, -2.25402522087, 11.3435020447, 28.967250824, 47.9373054504, 17.9300308228, 2.09271430969, -7.06098604202], [-12.9933986664, 26.7403354645, -2.00090551376, -0.177726015449, -4.71141004562, -4.74259519577, -1.14890348911, -0.0995833054185, -3.18265557289, 17.9300308228, 44.3785552979, 19.358335495, 1.82223832607], [-60.3307685852, 20.7723045349, 1.56193995476, 6.40415096283, 10.4441480637, 10.5482873917, 4.63647127151, -4.93548488617, -9.31972789764, 2.09271430969, 19.358335495, 49.4608345032, 25.3632240295], [-40.1436843872, -5.94649171829, -2.64104652405, 6.27922105789, 16.534029007, 13.4229745865, 0.581459283829, -4.08286619186, -11.3187932968, -7.06098604202, 1.82223832607, 25.3632240295, 48.7170639038]]
        icov: [[0.00200830516405, 0.000207402714295, 0.00088355212938, 0.00127506372519, 0.00025107563124, -0.000696730450727, 0.000234136707149, -0.000313316704705, 0.000302539061522, 5.66760681977e-05, -0.000494819949381, 0.00214006332681, 0.000624299806077], [0.000207402714295, 0.00535217532888, 0.00477796699852, -0.00240744254552, 0.000556279090233, 0.00243399525061, 0.000608191883657, -0.000134759320645, 0.00390731869265, -0.000129775013193, -0.00117163092364, -0.00284218066372, 0.00292807235382], [0.00088355212938, 0.00477796699852, 0.0126932011917, -0.00760675268248, 0.00100592244416, 0.00356747186743, 0.00181206548586, 0.000467062403914, 0.00262089027092, -0.00114821328316, 0.000184268632438, -0.00279975356534, 0.00356624647975], [0.00127506372519, -0.00240744254552, -0.00760675268248, 0.0157178044319, -0.00632479321212, 0.00161127094179, 0.00278970180079, -0.00333773740567, -0.0041715754196, 0.0016275239177, -0.000355930271326, 0.00132611137815, -0.00170227698982], [0.00025107563124, 0.000556279090233, 0.00100592244416, -0.00632479321212, 0.0220427103341, -0.00867473240942, 0.00101571506821, 0.000496509834193, 0.00169977650512, -0.00275830272585, 0.00296668079682, -0.000882058229763, -0.00357349333353], [-0.000696730450727, 0.00243399525061, 0.00356747186743, 0.00161127094179, -0.00867473240942, 0.02284418419, -0.0106428815052, 0.00322376075201, 0.000783635070547, 0.000187891841051, 0.00140756438486, -0.00374068017118, -0.00114009343088], [0.000234136707149, 0.000608191883657, 0.00181206548586, 0.00278970180079, 0.00101571506821, -0.0106428815052, 0.0244903117418, -0.0142667908221, 0.00361405662261, -0.00021039355488, 0.00121814361773, -0.00381667003967, 0.00385623704642], [-0.000313316704705, -0.000134759320645, 0.000467062403914, -0.00333773740567, 0.000496509834193, 0.00322376075201, -0.0142667908221, 0.0282132513821, -0.0108496909961, 0.000694229267538, -0.00246240687557, 0.00366327050142, -0.00257632741705], [0.000302539061522, 0.00390731869265, 0.00262089027092, -0.0041715754196, 0.00169977650512, 0.000783635070547, 0.00361405662261, -0.0108496909961, 0.0318650007248, -0.0168386604637, 0.0078335897997, -0.001817225595, 0.00527670793235], [5.66760681977e-05, -0.000129775013193, -0.00114821328316, 0.0016275239177, -0.00275830272585, 0.000187891841051, -0.00021039355488, 0.000694229267538, -0.0168386604637, 0.0376394465566, -0.0174072124064, 0.00155783048831, 0.00208712834865], [-0.000494819949381, -0.00117163092364, 0.000184268632438, -0.000355930271326, 0.00296668079682, 0.00140756438486, 0.00121814361773, -0.00246240687557, 0.0078335897997, -0.0174072124064, 0.0380830429494, -0.0162030141801, 0.00419776467606], [0.00214006332681, -0.00284218066372, -0.00279975356534, 0.00132611137815, -0.000882058229763, -0.00374068017118, -0.00381667003967, 0.00366327050142, -0.001817225595, 0.00155783048831, -0.0162030141801, 0.0408519655466, -0.0180824138224], [0.000624299806077, 0.00292807235382, 0.00356624647975, -0.00170227698982, -0.00357349333353, -0.00114009343088, 0.00385623704642, -0.00257632741705, 0.00527670793235, 0.00208712834865, 0.00419776467606, -0.0180824138224, 0.033861849457]]
    spectral_contrast:
        mean: [-3.17667627314e-07, -6.80515270801e-08, -1.05928194216e-07, 2.14832297729e-07, -5.05738455558e-07, -2.04596403819e-07, 2.72476404461e-06, 4.36364916823e-06, 3.085441449e-06, -3.24568077303e-06, 2.51198935075e-06, 3.19647227798e-07]
        var: [0.000293307297397, 0.000390192202758, 0.00065085303504, 0.00180298788473, 0.0020728923846, 0.00285741849802, 0.030743913725, 0.0573088899255, 0.137627184391, 0.194173783064, 0.299615263939, 0.725969910622]

rhythm:
    beats_loudness:
        dmean: 0.00376906502061
        dmean2: 0.00730361090973
        dvar: 5.07891581947e-06
        dvar2: 1.60266117746e-05
        max: 0.0114642465487
        mean: 0.00747668417171
        min: 0.00396988447756
        var: 7.15487612979e-06
    beats_loudness_bass:
        dmean: 0.104952692986
        dmean2: 0.177548065782
        dvar: 0.00366030447185
        dvar2: 0.013137393631
        max: 0.371347546577
        mean: 0.207272574306
        min: 0.0305506512523
        var: 0.00668759830296
    bpm: 116.570846558
    bpm_confidence: 0
    first_peak_bpm: 117
    first_peak_spread: 0
    first_peak_weight: 0.941176533699
    onset_rate: 3.30701875687
    second_peak_bpm: 74
    second_peak_spread: 0
    second_peak_weight: 0.0588235296309
    beats_position: [0.533581197262, 1.04566693306, 1.55775272846, 2.06983852386, 2.58192443848, 3.09401011467, 3.60609579086, 4.11818170547, 4.63026762009, 5.14235305786, 5.95443153381, 6.47241783142, 6.99040365219, 7.5083899498, 8.02637577057, 8.54436206818, 9.06234836578, 9.58033466339]
    bpm_estimates: [116.939834595, 117.253219604, 116.537704468, 116.110244751, 116.204734802, 118.497093201, 117.420822144, 117.401733398, 117.246124268, 118.195556641, 117.085990906, 116.5598526, 115.375465393, 115.56829834, 117.029075623, 115.611244202, 115.636352539, 115.574211121, 116.05695343, 115.112815857]
    bpm_intervals: [0.512085735798, 0.512085795403, 0.512085795403, 0.512085914612, 0.512085676193, 0.512085676193, 0.512085914612, 0.512085914612, 0.512085437775, 0.812078475952, 0.517986297607, 0.51798582077, 0.517986297607, 0.51798582077, 0.517986297607, 0.517986297607, 0.517986297607]
    onset_times: [0.0348299331963, 0.53405892849, 0.893968224525, 1.04489791393, 1.16099774837, 1.32353746891, 1.54412698746, 2.08979582787, 2.35682535172, 2.62385487556, 2.87927436829, 3.13469386101, 3.39011335373, 3.63392281532, 3.90095233917, 4.1679816246, 4.42340135574, 4.67882108688, 5.1780500412, 5.30575942993, 5.56117916107, 5.68888902664, 6.21133804321, 6.45514726639, 6.72217702866, 6.97759628296, 7.2330160141, 7.7670750618, 8.01088428497, 8.28952407837, 8.82358264923, 9.34603214264, 9.84526062012]
    rubato_start: []
    rubato_stop: []
    perceptual_tempo: "unknown"

sfx:
    inharmonicity:
        dmean: 0.0500699393451
        dmean2: 0.0885296687484
        dvar: 0.00242568738759
        dvar2: 0.00694159604609
        max: 0.363494664431
        mean: 0.0653749778867
        min: 0
        var: 0.0026686321944
    oddtoevenharmonicenergyratio:
        dmean: 1.98992753029
        dmean2: 3.74891328812
        dvar: 29.0627117157
        dvar2: 85.7428817749
        max: 50.4380226135
        mean: 1.33192336559
        min: 0
        var: 15.8796348572
    pitch_after_max_to_before_max_energy_ratio: 9.54433441162
    pitch_centroid: 217.657516479
    pitch_max_to_total: 0.0906976759434
    pitch_min_to_total: 0.50465118885
    tristimulus:
        dmean: [0.191255778074, 0.312812536955, 0.20533592999]
        dmean2: [0.325766861439, 0.533676862717, 0.357103973627]
        dvar: [0.0268213786185, 0.0517025180161, 0.0300155989826]
        dvar2: [0.073816396296, 0.158953264356, 0.0829722210765]
        max: [1, 0.972651302814, 0.742527484894]
        mean: [0.280890733004, 0.420806378126, 0.209674298763]
        min: [0.0177136529237, 0, 0]
        var: [0.0366258621216, 0.0743275433779, 0.0397688858211]

tonal:
    chords_changes_rate: 0.050925925374
    chords_number_rate: 0.0138888889924
    chords_strength:
        dmean: 0.0107839480042
        dmean2: 0.0115964971483
        dvar: 6.74201510265e-05
        dvar2: 0.000110757231596
        max: 0.620428204536
        mean: 0.496995717287
        min: 0.278904139996
        var: 0.00583694223315
    key_strength: 0.731570065022
    tuning_diatonic_strength: 0.671978056431
    tuning_equal_tempered_deviation: 0.235406175256
    tuning_frequency: 448.467559814
    tuning_nontempered_energy_ratio: 0.894210875034
    hpcp:
        dmean: [0.219165176153, 0.226318508387, 0.249467536807, 0.263009488583, 0.166573911905, 0.095516897738, 0.0784224867821, 0.105588629842, 0.119599491358, 0.123862981796, 0.0953130573034, 0.110505945981, 0.0947523191571, 0.101839058101, 0.127508342266, 0.154305785894, 0.206413730979, 0.243271157146, 0.275192022324, 0.247606992722, 0.134731918573, 0.0920133665204, 0.120750293136, 0.123459681869, 0.112577855587, 0.100141353905, 0.0740803107619, 0.0800053700805, 0.108672812581, 0.140586823225, 0.128317385912, 0.114201158285, 0.129548817873, 0.15264621377, 0.164589107037, 0.174745500088]
        dmean2: [0.370794504881, 0.378735989332, 0.413458526134, 0.448117762804, 0.286884248257, 0.164782658219, 0.132836833596, 0.175525575876, 0.199863016605, 0.208735987544, 0.162969738245, 0.192974567413, 0.156557813287, 0.172613292933, 0.224053531885, 0.278835743666, 0.358432352543, 0.417067021132, 0.484278321266, 0.445954144001, 0.241363495588, 0.155411794782, 0.201290383935, 0.199705302715, 0.185710608959, 0.163332700729, 0.118823595345, 0.135163187981, 0.177910730243, 0.230420872569, 0.221151351929, 0.186717316508, 0.225457623601, 0.258213549852, 0.276374667883, 0.281128257513]
        dvar: [0.0686900764704, 0.040580753237, 0.0520789772272, 0.0539299622178, 0.0390709601343, 0.0254512540996, 0.0119357062504, 0.0219145677984, 0.0252504572272, 0.030360115692, 0.0169939044863, 0.0361908860505, 0.0163875594735, 0.0229990575463, 0.0380661375821, 0.0408248454332, 0.0410308912396, 0.0523177348077, 0.0640302598476, 0.0707914456725, 0.0227334816009, 0.0127214156091, 0.029793087393, 0.0337669029832, 0.0252744480968, 0.0141917672008, 0.00701270718127, 0.00966452620924, 0.0135693941265, 0.0229336731136, 0.0189086962491, 0.0117223421112, 0.0211291667074, 0.0332901701331, 0.0360391624272, 0.0423709265888]
        dvar2: [0.177366882563, 0.120592266321, 0.124952845275, 0.136449217796, 0.0975291505456, 0.0654160752892, 0.0308239720762, 0.0585892908275, 0.0549127794802, 0.0772101134062, 0.0401104353368, 0.101032204926, 0.0395372398198, 0.0582956522703, 0.110999792814, 0.115653343499, 0.114344991744, 0.132308289409, 0.172967448831, 0.210678219795, 0.0656386166811, 0.0349385477602, 0.0723496973515, 0.0718631744385, 0.0568997301161, 0.035627707839, 0.0151025531814, 0.0253565236926, 0.035968195647, 0.0575085431337, 0.0487566925585, 0.0306986421347, 0.0524712987244, 0.0966775938869, 0.0995443016291, 0.0776303559542]
        max: [1, 1, 1, 1, 1, 1, 0.796290278435, 1, 1, 1, 0.84285569191, 1, 1, 1, 1, 1, 1, 1, 1, 1, 0.756984710693, 0.740414500237, 1, 1, 1, 0.984542548656, 1, 0.844467818737, 0.860506117344, 1, 1, 0.931579828262, 1, 1, 1, 1]
        mean: [0.268447637558, 0.325381159782, 0.518653571606, 0.464317291975, 0.218453705311, 0.124983780086, 0.125993475318, 0.15470790863, 0.178643316031, 0.163735926151, 0.139692679048, 0.141250342131, 0.142408430576, 0.143312349916, 0.152705773711, 0.179357916117, 0.278049439192, 0.401368290186, 0.380110770464, 0.242683038116, 0.14358985424, 0.115965500474, 0.144765049219, 0.178734242916, 0.169305220246, 0.144473403692, 0.129352360964, 0.119334258139, 0.168795123696, 0.219637975097, 0.189313590527, 0.17405615747, 0.20792272687, 0.229428544641, 0.254713118076, 0.288187861443]
        min: [0.0134192295372, 0.0432599894702, 0.0420442074537, 0.0500465892255, 0.0278207324445, 0.0114763481542, 0.0156462993473, 0.0112111615017, 0.0117643838748, 0.00805990304798, 0.0151995290071, 0.0153415426612, 0.0177235770971, 0.0159974489361, 0.0116196861491, 0.014592980966, 0.0273474529386, 0.027031365782, 0.0144895194098, 0.0166834834963, 0.00796426925808, 0.00895046722144, 0.00954658351839, 0.0104646785185, 0, 0.0150143923238, 0.0108681619167, 0.012100584805, 0.0166340153664, 0.0236117057502, 0.0130573716015, 0.013492831029, 0.0238585583866, 0.0243296138942, 0.0214172359556, 0.0176064986736]
        var: [0.0813091248274, 0.0535927675664, 0.104628123343, 0.0941518247128, 0.0405412167311, 0.0218766089529, 0.0127146262676, 0.0272693838924, 0.0400362499058, 0.0365756228566, 0.0214222297072, 0.0319387614727, 0.0220674611628, 0.0256259832531, 0.0347914509475, 0.0385972708464, 0.0529891550541, 0.0965774580836, 0.0976083949208, 0.0657357648015, 0.0219618994743, 0.01351034455, 0.0340466536582, 0.0565388053656, 0.0440823510289, 0.0255241990089, 0.0260197203606, 0.0149810928851, 0.0179270599037, 0.0318284258246, 0.0226317606866, 0.0168660786003, 0.0304610226303, 0.0428279563785, 0.0532101802528, 0.0878369957209]
    chords_histogram: [69.907409668, 0, 0, 0, 0, 0, 0, 0, 0, 0, 0, 0, 5.09259271622, 0, 24.0740737915, 0.925925910473, 0, 0, 0, 0, 0, 0, 0, 0]
    thpcp: [1, 0.895235896111, 0.421193867922, 0.240977376699, 0.242924138904, 0.298287570477, 0.34443667531, 0.315694212914, 0.269337147474, 0.272340446711, 0.274573326111, 0.276316136122, 0.29442730546, 0.345814496279, 0.536098599434, 0.773865878582, 0.73287987709, 0.467909693718, 0.276851177216, 0.223589509726, 0.279117047787, 0.344612002373, 0.326432198286, 0.278554737568, 0.249400302768, 0.230084717274, 0.325448691845, 0.423477232456, 0.365009725094, 0.335592329502, 0.40088942647, 0.442354112864, 0.491104543209, 0.555646181107, 0.517585635185, 0.627357423306]
    chords_key: "D"
    chords_scale: "major"
    key_key: "D"
    key_scale: "major"
    chords_progression: ["D", "D", "D", "D", "Gm", "Gm", "D", "D", "D", "D", "D", "D", "D", "D", "D", "D", "D", "D", "D", "D", "D", "D", "D", "D", "D", "D", "D", "D", "D", "D", "D", "D", "D", "D", "D", "D", "D", "D", "D", "D", "D", "D", "D", "D", "D", "D", "D", "D", "D", "D", "D", "D", "D", "D", "D", "D", "D", "D", "D", "D", "D", "D", "D", "D", "D", "D", "D", "D", "D", "D", "D", "D", "D", "D", "D", "D", "D", "D", "D", "D", "D", "D", "D", "D", "D", "D", "D", "D#", "D", "D", "D", "D", "D", "D#", "D#", "D", "D", "D", "D#", "D#", "D#", "D#", "D#", "D#", "D#", "D#", "D#", "D#", "D#", "D#", "D#", "D#", "D#", "D#", "D#", "D#", "D#", "D#", "D#", "D#", "D#", "D#", "D#", "D#", "D#", "D#", "D#", "D#", "D#", "D#", "D#", "D#", "D#", "D", "D", "D", "D", "D", "D", "D", "D", "D", "D", "G#", "G#", "G#", "G#", "G#", "G#", "G#", "G#", "G#", "G#", "G#", "D", "D", "D", "D", "D", "D", "D", "D", "D", "D", "D", "D", "D", "D", "D", "D", "D", "D", "D", "D", "D", "D", "D", "D", "D", "D", "D", "D", "D", "D", "D", "D", "D", "D", "D", "D", "D", "D", "D", "D", "D", "D", "D", "D", "D", "D", "D", "D", "D#", "D#", "D#", "D#", "D#", "D#", "D#", "D#", "D#", "D#", "D#", "D#", "D#", "D#"]
