
metadata:
    version:
        essentia: "1.2.2"
    audio_properties:
        analysis_sample_rate: 44100
        bitrate: 128
        channels: 2
        equal_loudness: 1
        length: 10.0310201645
        replay_gain: -10.3737030029
        downmix: "mix"
    tags:
        track: 11
        year: 0
        album: "Splitted by Mp3Splt v. 2.1"
        artist: "From 001.40 To 001.50"
        comment: "http://mp3splt.sf.net"
        genre: ""
        title: "01 The Milkman of Human Kindne"

highlevel:
    ballroom:
        all:
            ChaChaCha: 0.00373562891036
            Jive: 0.0144015122205
            Quickstep: 0.0110536571592
            Rumba-American: 0.00643237028271
            Rumba-International: 0.0155146000907
            Rumba-Misc: 0.0160204619169
            Samba: 0.00481137773022
            Tango: 0.0777346864343
            VienneseWaltz: 0.555990636349
            Waltz: 0.294305086136
        probability: 0.555990636349
        value: "VienneseWaltz"
    culture:
        all:
            non_western: 0.0254781004041
            western: 0.974521875381
        probability: 0.974521875381
        value: "western"
    gender:
        all:
            female: 0.296988338232
            male: 0.70301169157
        probability: 0.70301169157
        value: "male"
    genre_dortmund:
        all:
            alternative: 0.11330640316
            blues: 0.0865199565887
            electronic: 0.0258213356137
            folkcountry: 0.358333945274
            funksoulrnb: 0.0439967885613
            jazz: 0.0279371980578
            pop: 0.0649676546454
            raphiphop: 0.00196049292572
            rock: 0.277156233788
        probability: 0.358333945274
        value: "folkcountry"
    genre_electronica:
        all:
            ambient: 0.793387115002
            dnb: 0.0235397163779
            house: 0.0166030470282
            techno: 0.00274438085034
            trance: 0.163725748658
        probability: 0.793387115002
        value: "ambient"
    genre_rosamerica:
        all:
            cla: 0.415672779083
            dan: 0.0154241044074
            hip: 0.0108255818486
            jaz: 0.0264757722616
            pop: 0.0867695361376
            rhy: 0.128360927105
            roc: 0.30496942997
            spe: 0.0115018803626
        probability: 0.415672779083
        value: "cla"
    genre_tzanetakis:
        all:
            blu: 0.00927378516644
            cla: 0.857107400894
            cou: 0.0376568548381
            dis: 0.00877459719777
            hip: 0.00210084486753
            jaz: 0.00652593048289
            met: 0.0120854340494
            pop: 0.0169208981097
            reg: 0.00758323259652
            roc: 0.0419710353017
        probability: 0.857107400894
        value: "cla"
    live_studio:
        all:
            live: 0.373167276382
            studio: 0.626832723618
        probability: 0.626832723618
        value: "studio"
    mood:
        all:
            Cluster1: 0.241617575288
            Cluster2: 0.229400008917
            Cluster3: 0.259010910988
            Cluster4: 0.16448906064
            Cluster5: 0.105482421815
        probability: 0.259010910988
        value: "Cluster3"
    mood_acoustic:
        all:
            acoustic: 0.451878547668
            not_acoustic: 0.548121452332
        probability: 0.548121452332
        value: "not_acoustic"
    mood_aggressive:
        all:
            aggressive: 0.0796190276742
            not_aggressive: 0.920380949974
        probability: 0.920380949974
        value: "not_aggressive"
    mood_electronic:
        all:
            electronic: 0.10306058079
            not_electronic: 0.896939396858
        probability: 0.896939396858
        value: "not_electronic"
    mood_happy:
        all:
            happy: 0.931603610516
            not_happy: 0.0683964043856
        probability: 0.931603610516
        value: "happy"
    mood_party:
        all:
            not_party: 0.86449855566
            party: 0.13550144434
        probability: 0.86449855566
        value: "not_party"
    mood_relaxed:
        all:
            not_relaxed: 0.532615542412
            relaxed: 0.467384457588
        probability: 0.532615542412
        value: "not_relaxed"
    mood_sad:
        all:
            not_sad: 0.415841549635
            sad: 0.584158480167
        probability: 0.584158480167
        value: "sad"
    rhythm:
        all:
            fast: 0.579909086227
            medium: 0.0912241861224
            slow: 0.328866750002
        probability: 0.579909086227
        value: "fast"
    speech_music:
        all:
            music: 0.965715110302
            speech: 0.034284863621
        probability: 0.965715110302
        value: "music"
    timbre:
        all:
            bright: 0.992423653603
            dark: 0.0075763319619
        probability: 0.992423653603
        value: "bright"
    voice_instrumental:
        all:
            instrumental: 0.132989257574
            voice: 0.867010772228
        probability: 0.867010772228
        value: "voice"

lowlevel:
    average_loudness: 0.979195535183
    barkbands_kurtosis:
        dmean: 0.59957742691
        dmean2: 0.952962875366
        dvar: 0.616520524025
        dvar2: 1.35113918781
        max: 8.77995872498
        mean: -0.680806517601
        min: -1.79064393044
        var: 1.5286591053
    barkbands_skewness:
        dmean: 0.409989982843
        dmean2: 0.614976108074
        dvar: 0.131980910897
        dvar2: 0.310434430838
        max: 2.22576522827
        mean: 0.0953770950437
        min: -2.22861433029
        var: 0.534712195396
    barkbands_spread:
        dmean: 3.21323633194
        dmean2: 4.92127990723
        dvar: 8.14851951599
        dvar2: 18.7706108093
        max: 35.6905555725
        mean: 20.9647636414
        min: 4.2110004425
        var: 28.2367973328
    dissonance:
        dmean: 0.0222597736865
        dmean2: 0.037165351212
        dvar: 0.000358409801265
        dvar2: 0.000986445345916
        max: 0.49802005291
        mean: 0.445933490992
        min: 0.350144416094
        var: 0.000898242229596
    hfc:
        dmean: 2.05855035782
        dmean2: 2.9736430645
        dvar: 4.20024442673
        dvar2: 7.5715136528
        max: 35.177646637
        mean: 8.89589309692
        min: 0.88230830431
        var: 21.1689586639
    pitch:
        dmean: 144.36656189
        dmean2: 277.147857666
        dvar: 237390.96875
        dvar2: 608873
        max: 3150
        mean: 349.57510376
        min: 72.772277832
        var: 201080.125
    pitch_instantaneous_confidence:
        dmean: 0.081389054656
        dmean2: 0.126599594951
        dvar: 0.00536050461233
        dvar2: 0.013813348487
        max: 0.906478583813
        mean: 0.593945145607
        min: 0.220860123634
        var: 0.0225057415664
    pitch_salience:
        dmean: 0.0648760646582
        dmean2: 0.106438927352
        dvar: 0.00266416417435
        dvar2: 0.00649267621338
        max: 0.782143950462
        mean: 0.599859178066
        min: 0.33967679739
        var: 0.006771880202
    silence_rate_20dB:
        dmean: 0
        dmean2: 0
        dvar: 0
        dvar2: 0
        max: 1
        mean: 1
        min: 1
        var: 0
    silence_rate_30dB:
        dmean: 0
        dmean2: 0
        dvar: 0
        dvar2: 0
        max: 1
        mean: 1
        min: 1
        var: 0
    silence_rate_60dB:
        dmean: 0.0742459371686
        dmean2: 0.146511629224
        dvar: 0.0687333196402
        dvar2: 0.157604306936
        max: 1
        mean: 0.127314820886
        min: 0
        var: 0.111105389893
    spectral_centroid:
        dmean: 213.100158691
        dmean2: 320.060760498
        dvar: 33733.265625
        dvar2: 74306.421875
        max: 2694.55981445
        mean: 1521.3885498
        min: 518.179199219
        var: 153255.203125
    spectral_complexity:
        dmean: 2.48251748085
        dmean2: 3.77803730965
        dvar: 4.50610494614
        dvar2: 9.2240896225
        max: 31
        mean: 14.5209302902
        min: 3
        var: 17.1518859863
    spectral_crest:
        dmean: 2.4531583786
        dmean2: 3.99100422859
        dvar: 5.066614151
        dvar2: 11.9798822403
        max: 19.8364620209
        mean: 8.25368499756
        min: 3.52703666687
        var: 10.6860818863
    spectral_decrease:
        dmean: 2.90864665686e-10
        dmean2: 4.4312556402e-10
        dvar: 8.5233200843e-20
        dvar2: 1.64839906235e-19
        max: -1.48180523407e-10
        mean: -1.32701194477e-09
        min: -3.2207090328e-09
        var: 3.01096431306e-19
    spectral_energy:
        dmean: 0.00123814085964
        dmean2: 0.0018818633398
        dvar: 1.54216354531e-06
        dvar2: 2.87587477033e-06
        max: 0.0153464237228
        mean: 0.00581533368677
        min: 0.000661201716866
        var: 5.82323127674e-06
    spectral_energyband_high:
        dmean: 3.62456848961e-05
        dmean2: 5.36056177225e-05
        dvar: 2.2042900838e-09
        dvar2: 4.26044577395e-09
        max: 0.000881217361894
        mean: 9.63621132541e-05
        min: 4.62997559225e-06
        var: 8.26847834645e-09
    spectral_energyband_low:
        dmean: 8.25737515697e-06
        dmean2: 1.41743012136e-05
        dvar: 1.9146584318e-10
        dvar2: 5.36186151034e-10
        max: 0.000191337516299
        mean: 1.45822559716e-05
        min: 1.22536732761e-07
        var: 3.48309603382e-10
    spectral_energyband_middle_high:
        dmean: 0.000907051027752
        dmean2: 0.0013201541733
        dvar: 7.66884795667e-07
        dvar2: 1.39732969728e-06
        max: 0.0145045211539
        mean: 0.00352093111724
        min: 0.000242126727244
        var: 4.19622256231e-06
    spectral_energyband_middle_low:
        dmean: 0.000855944235809
        dmean2: 0.0013182638213
        dvar: 9.44308624184e-07
        dvar2: 2.32688580581e-06
        max: 0.00950278155506
        mean: 0.00218345713802
        min: 0.000158285896759
        var: 2.07706602851e-06
    spectral_flatness_db:
        dmean: 0.016669947654
        dmean2: 0.0264604706317
        dvar: 0.000191065919353
        dvar2: 0.000510175013915
        max: 0.324015170336
        mean: 0.217263758183
        min: 0.140828564763
        var: 0.000580160995014
    spectral_flux:
        dmean: 0.00811366271228
        dmean2: 0.0131091438234
        dvar: 6.1839047703e-05
        dvar2: 0.000127143968712
        max: 0.0931544080377
        mean: 0.0390869155526
        min: 0.0123880263418
        var: 0.000168810714968
    spectral_kurtosis:
        dmean: 2.33171868324
        dmean2: 4.23191738129
        dvar: 4.71395492554
        dvar2: 14.6900100708
        max: 17.9764614105
        mean: 6.54605340958
        min: 2.16060400009
        var: 6.08293104172
    spectral_rms:
        dmean: 0.000256571656791
        dmean2: 0.000388310931157
        dvar: 6.1377214422e-08
        dvar2: 1.06384625553e-07
        max: 0.00386938243173
        mean: 0.00232551712543
        min: 0.000803165545221
        var: 2.65460158744e-07
    spectral_rolloff:
        dmean: 315.61920166
        dmean2: 525.701721191
        dvar: 129407.148438
        dvar2: 281461.5
        max: 4069.77539062
        mean: 2690.34790039
        min: 452.197265625
        var: 337743.75
    spectral_skewness:
        dmean: 0.243259727955
        dmean2: 0.43180167675
        dvar: 0.0457022488117
        dvar2: 0.131443634629
        max: 3.48419928551
        mean: 1.67023551464
        min: 0.704427719116
        var: 0.097623154521
    spectral_spread:
        dmean: 250286.296875
        dmean2: 385265.09375
        dvar: 71476101120
        dvar2: 123669200896
        max: 7037752.5
        mean: 2969384.25
        min: 1476835
        var: 386176745472
    spectral_strongpeak:
        dmean: 0.640095293522
        dmean2: 1.05920386314
        dvar: 0.551598131657
        dvar2: 1.37178683281
        max: 7.53059864044
        mean: 1.33044958115
        min: 0.0620890781283
        var: 1.04579472542
    zerocrossingrate:
        dmean: 0.00744486646727
        dmean2: 0.00919520296156
        dvar: 3.83447259082e-05
        dvar2: 5.69452531636e-05
        max: 0.1201171875
        mean: 0.0823094546795
        min: 0.0390625
        var: 0.000276869075606
    barkbands:
        dmean: [3.13979908739e-09, 4.98049814723e-07, 7.98620203568e-06, 2.13728344534e-05, 0.00027052895166, 0.000100924684375, 9.74732611212e-05, 0.000460274459329, 0.000247661577305, 0.000271504657576, 4.1188148316e-05, 0.000210275611607, 0.000101483463368, 0.000106384555693, 8.89103248483e-05, 0.00025805819314, 0.000361187790986, 0.000184737378731, 0.000179171038326, 7.42799020372e-05, 1.14469721666e-05, 3.650847475e-06, 8.87760222668e-07, 3.12193094487e-07, 1.85557794907e-07, 3.47386830413e-09, 3.97680138819e-10]
        dmean2: [4.21305834664e-09, 8.68748031735e-07, 1.3755911823e-05, 3.43765204889e-05, 0.000424439640483, 0.000153621833306, 0.000141438227729, 0.000718844821677, 0.000372705224436, 0.000394584465539, 6.46695843898e-05, 0.000323124695569, 0.000162168609677, 0.000175959023181, 0.000139015377499, 0.000372251291992, 0.000593436474446, 0.000290246709483, 0.000297857215628, 0.000117753617815, 1.78817845153e-05, 6.08326899965e-06, 1.38892482937e-06, 4.95751066865e-07, 2.83323061012e-07, 4.89646945212e-09, 5.94354121475e-10]
        dvar: [1.449334465e-15, 1.39436856159e-12, 1.88504864496e-10, 9.44328615304e-10, 2.13123570347e-07, 1.66265081702e-08, 2.85689729651e-08, 7.90160470387e-07, 2.65829385171e-07, 1.81387221687e-07, 8.78684414118e-09, 1.38468280397e-07, 4.13629877016e-08, 4.5042604313e-08, 2.66615636235e-08, 2.41996048089e-07, 1.97915483113e-07, 6.55236789271e-08, 5.36043103239e-08, 1.11805098513e-08, 1.86869367202e-10, 1.71936267307e-11, 2.36990765554e-12, 1.78374960744e-13, 1.31745620815e-13, 5.13766742279e-17, 1.37030525209e-17]
        dvar2: [1.45605175391e-15, 3.85446882745e-12, 5.31291954875e-10, 2.01616878748e-09, 5.07654362991e-07, 3.37023777774e-08, 6.63381811705e-08, 2.00937415684e-06, 6.76056970406e-07, 3.87327247608e-07, 2.29187762102e-08, 2.95766682257e-07, 1.03071947422e-07, 1.24427344872e-07, 5.52369883167e-08, 3.72083349021e-07, 5.34993944257e-07, 1.55042442884e-07, 1.33365261945e-07, 2.70161084615e-08, 4.49854958839e-10, 4.38909915357e-11, 6.67930467879e-12, 4.22767262821e-13, 3.56257585281e-13, 7.31820253688e-17, 1.3826155194e-17]
        max: [7.90712590515e-07, 1.32611176014e-05, 0.000189887927263, 0.000348150962964, 0.00422460120171, 0.00191897968762, 0.00160961889196, 0.00782651174814, 0.00518505414948, 0.00438284035772, 0.00112590426579, 0.00485850078985, 0.00264013325796, 0.00265894201584, 0.00265246652998, 0.0109886489809, 0.00557576026767, 0.00277740741149, 0.00228242669255, 0.00130423693918, 0.000134541682201, 4.45028599643e-05, 2.49971144513e-05, 5.26541498402e-06, 5.91016350882e-06, 1.09540934545e-07, 7.6821663697e-08]
        mean: [3.25661497769e-09, 4.72080529335e-07, 1.41082718983e-05, 4.73807085655e-05, 0.000534175953362, 0.000261987879639, 0.000189873171621, 0.000712231150828, 0.00042309940909, 0.000530833611265, 6.83191319695e-05, 0.000376948737539, 0.000170149127371, 0.000163370845257, 0.000171285413671, 0.000458569440525, 0.000696461589541, 0.000381145247957, 0.000422456621891, 0.00015298386279, 2.71428998531e-05, 8.97537483979e-06, 2.21945197154e-06, 7.56453573558e-07, 3.79754482083e-07, 7.24768378646e-09, 3.44643841244e-10]
        min: [1.04570163292e-11, 6.00072391777e-09, 1.11359916843e-07, 1.55901233256e-07, 9.4431816251e-06, 3.30491207023e-06, 4.33094373875e-06, 5.59551097012e-07, 2.68458188657e-06, 6.15498811385e-06, 2.1994344479e-06, 1.29822933559e-06, 1.06546599454e-06, 2.74647413789e-06, 4.30643558502e-06, 6.23113783149e-06, 1.61031894095e-05, 1.15385664685e-05, 6.38340588921e-06, 9.92544846667e-06, 1.20526692626e-06, 5.07535453664e-08, 5.02962471671e-09, 1.45284428932e-09, 8.10093880865e-10, 2.63630558356e-11, 1.90592916341e-14]
        var: [1.44756406026e-15, 9.76212275079e-13, 3.39446082354e-10, 3.70708752584e-09, 4.99974646573e-07, 7.23256832202e-08, 7.17312786946e-08, 1.23004076613e-06, 6.20915272975e-07, 5.33410400294e-07, 1.52002250786e-08, 3.97660159024e-07, 8.10333418144e-08, 5.24181338335e-08, 7.82633122753e-08, 7.67361825638e-07, 3.39241097436e-07, 1.42818862514e-07, 1.50960445922e-07, 2.55972381069e-08, 5.57039525617e-10, 5.08595908444e-11, 1.11844717515e-11, 6.06580161534e-13, 4.107518904e-13, 1.84203143309e-16, 1.36977263049e-17]
    mfcc:
        mean: [-726.580505371, 125.891670227, -95.7356719971, 31.8368263245, -27.527797699, -32.759185791, -19.9034500122, -11.099480629, -16.9958610535, -16.3276748657, -14.188334465, -13.9111862183, -9.05487918854]
        cov: [[1015.77685547, -444.424530029, 100.43586731, -245.817230225, -86.8388671875, 37.0669288635, 32.6066627502, 128.538894653, -41.0516014099, 78.1443939209, 91.457649231, 43.0254058838, 23.8959159851], [-444.424530029, 471.092407227, -24.3647480011, 111.158454895, -49.9987602234, -11.9954385757, 33.6771659851, -37.277053833, -19.9968090057, -56.2910804749, -37.7169647217, 8.33615112305, -46.7308273315], [100.43586731, -24.3647480011, 347.369476318, -50.6562347412, 72.0671081543, -22.7357940674, -7.05066251755, 18.5725975037, -56.6946563721, -11.2687253952, 34.2693710327, -44.1663017273, -32.6735229492], [-245.817230225, 111.158454895, -50.6562347412, 289.159729004, 134.268661499, -5.02964687347, -66.1629638672, -60.7397727966, 62.4151077271, -13.0062847137, -60.0535430908, -42.0784263611, -9.91040229797], [-86.8388671875, -49.9987602234, 72.0671081543, 134.268661499, 311.270568848, 7.80449104309, -107.939041138, -110.797843933, 61.1632537842, 10.9986257553, -1.35956537724, -68.7710418701, 12.1375665665], [37.0669288635, -11.9954385757, -22.7357940674, -5.02964687347, 7.80449104309, 94.9260787964, 24.1012458801, -6.08216571808, -14.197514534, 1.58336722851, 3.93966650963, 4.79597568512, -9.0578660965], [32.6066627502, 33.6771659851, -7.05066251755, -66.1629638672, -107.939041138, 24.1012458801, 141.549789429, 46.8203392029, -25.1162853241, -6.42677545547, 11.0221357346, 42.9865188599, -21.2626361847], [128.538894653, -37.277053833, 18.5725975037, -60.7397727966, -110.797843933, -6.08216571808, 46.8203392029, 167.059280396, -32.9079475403, 13.2209606171, -13.353096962, 26.5828647614, 10.1479825974], [-41.0516014099, -19.9968090057, -56.6946563721, 62.4151077271, 61.1632537842, -14.197514534, -25.1162853241, -32.9079475403, 114.770149231, 30.9095897675, 5.41870689392, -10.9869556427, 10.5004358292], [78.1443939209, -56.2910804749, -11.2687253952, -13.0062847137, 10.9986257553, 1.58336722851, -6.42677545547, 13.2209606171, 30.9095897675, 84.6720275879, 22.2623100281, 18.3207912445, -8.08837985992], [91.457649231, -37.7169647217, 34.2693710327, -60.0535430908, -1.35956537724, 3.93966650963, 11.0221357346, -13.353096962, 5.41870689392, 22.2623100281, 112.191604614, 5.33622217178, 1.69231426716], [43.0254058838, 8.33615112305, -44.1663017273, -42.0784263611, -68.7710418701, 4.79597568512, 42.9865188599, 26.5828647614, -10.9869556427, 18.3207912445, 5.33622217178, 96.2686004639, 15.7685489655], [23.8959159851, -46.7308273315, -32.6735229492, -9.91040229797, 12.1375665665, -9.0578660965, -21.2626361847, 10.1479825974, 10.5004358292, -8.08837985992, 1.69231426716, 15.7685489655, 94.5054473877]]
        icov: [[0.00227010645904, 0.00189410755411, -0.000546351773664, 0.000446803780505, 0.000568148330785, -0.000813536404166, 0.000336867436999, -0.000765380915254, 0.000147005324834, -0.000434263522038, -0.000791818776634, -0.000631418311968, 0.000293624121696], [0.00189410755411, 0.00469068810344, -0.000587274087593, -0.00135050725657, 0.00148671935312, -6.77957214066e-05, -0.000340838014381, 0.000343859341228, 0.000609802955296, 0.00118981406558, -0.000639143108856, -0.00134957756381, 0.00145550398156], [-0.000546351773664, -0.000587274087593, 0.00492856558412, 0.00100747519173, -0.00299684843048, 0.00225231819786, -0.000732182816137, -0.00155651988462, 0.00271606165916, 0.000666469335556, -0.00130699248984, 0.00146174849942, 0.00179530307651], [0.000446803780505, -0.00135050725657, 0.00100747519173, 0.0070295096375, -0.00271229119971, -0.000256256869761, 0.00130242935847, -0.000853690376971, -0.00232884776779, 0.000757509493269, 0.00230595981702, 0.00044353667181, 0.00122147786897], [0.000568148330785, 0.00148671935312, -0.00299684843048, -0.00271229119971, 0.0087170926854, -0.00261692795902, 0.00267401197925, 0.00380591419525, -0.00204945681617, -0.00169445504434, 0.000279424537439, 0.00158548960462, -0.0020933302585], [-0.000813536404166, -6.77957214066e-05, 0.00225231819786, -0.000256256869761, -0.00261692795902, 0.0131492735818, -0.00358751113527, 0.00054174347315, 0.0034247955773, -0.000450844032457, -0.000379721896024, 0.000527141615748, 0.00115480611566], [0.000336867436999, -0.000340838014381, -0.000732182816137, 0.00130242935847, 0.00267401197925, -0.00358751113527, 0.0124418297783, -0.00187071622349, -0.00204119901173, 0.00271091260947, -0.00104906980414, -0.00403519161046, 0.00309348269366], [-0.000765380915254, 0.000343859341228, -0.00155651988462, -0.000853690376971, 0.00380591419525, 0.00054174347315, -0.00187071622349, 0.0103189563379, 0.00118595245294, -0.00331423524767, 0.00279384013265, 0.000982365454547, -0.00285928370431], [0.000147005324834, 0.000609802955296, 0.00271606165916, -0.00232884776779, -0.00204945681617, 0.0034247955773, -0.00204119901173, 0.00118595245294, 0.0147653622553, -0.00545526808128, -0.00150313309859, 0.00210602628067, -0.00146789976861], [-0.000434263522038, 0.00118981406558, 0.000666469335556, 0.000757509493269, -0.00169445504434, -0.000450844032457, 0.00271091260947, -0.00331423524767, -0.00545526808128, 0.0186600610614, -0.00296118971892, -0.00564063619822, 0.00534557923675], [-0.000791818776634, -0.000639143108856, -0.00130699248984, 0.00230595981702, 0.000279424537439, -0.000379721896024, -0.00104906980414, 0.00279384013265, -0.00150313309859, -0.00296118971892, 0.012078168802, 0.000676612427924, -0.00134979817085], [-0.000631418311968, -0.00134957756381, 0.00146174849942, 0.00044353667181, 0.00158548960462, 0.000527141615748, -0.00403519161046, 0.000982365454547, 0.00210602628067, -0.00564063619822, 0.000676612427924, 0.0163134522736, -0.00457308907062], [0.000293624121696, 0.00145550398156, 0.00179530307651, 0.00122147786897, -0.0020933302585, 0.00115480611566, 0.00309348269366, -0.00285928370431, -0.00146789976861, 0.00534557923675, -0.00134979817085, -0.00457308907062, 0.0147660290822]]
    spectral_contrast:
        mean: [1.455029075e-08, 2.37814305137e-07, -8.8991122027e-08, 2.37275003201e-07, -8.41395788598e-08, -2.06190486907e-09, 9.73080460653e-08, 1.83637746431e-06, -6.13650627201e-07, 3.8586381379e-06, -1.31698539008e-06, -3.48007961293e-06]
        var: [0.000382851198083, 0.000793863029685, 0.00192604691256, 0.00239730463363, 0.00421724747866, 0.00707328272983, 0.042841359973, 0.100718252361, 0.129662707448, 0.249506890774, 0.332334250212, 0.670415461063]

rhythm:
    beats_loudness:
        dmean: 0.00244999187998
        dmean2: 0.00411139521748
        dvar: 5.34516993866e-06
        dvar2: 1.86015495274e-05
        max: 0.013997990638
        mean: 0.00652145314962
        min: 0.00239498750307
        var: 5.43694477528e-06
    beats_loudness_bass:
        dmean: 0.0139400269836
        dmean2: 0.0274954754859
        dvar: 0.000706363120116
        dvar2: 0.00202462123707
        max: 0.0952813476324
        mean: 0.0103323580697
        min: 0.00038106853026
        var: 0.000434476882219
    bpm: 99.4209671021
    bpm_confidence: 0
    first_peak_bpm: 99
    first_peak_spread: 0
    first_peak_weight: 0.473684221506
    onset_rate: 3.19010424614
    second_peak_bpm: 149
    second_peak_spread: 0
    second_peak_weight: 0.473684221506
    beats_position: [0.140432029963, 0.743962943554, 1.34749376774, 1.95102465153, 2.55455541611, 3.1580862999, 3.7616174221, 4.36514854431, 4.9686794281, 5.57221031189, 6.08163118362, 6.48312711716, 6.88462209702, 7.28611803055, 7.68761301041, 8.08910942078, 8.49060440063, 8.89210033417, 9.29359531403, 9.69509029388]
    bpm_estimates: [99.056022644, 98.4868850708, 99.7188949585, 99.0841827393, 100.75881958]
    bpm_intervals: [0.603530883789, 0.603530824184, 0.603530883789, 0.60353076458, 0.603530883789, 0.603531122208, 0.603531122208, 0.603530883789, 0.603530883789, 0.509420871735, 0.401495933533, 0.401494979858, 0.401495933533, 0.401494979858, 0.40149641037, 0.401494979858, 0.401495933533, 0.401494979858, 0.401494979858]
    onset_times: [0.0580498874187, 0.325079351664, 0.952018141747, 1.06811785698, 1.55573701859, 1.74149656296, 2.35682535172, 2.56580495834, 3.16952371597, 3.80807256699, 4.01705217361, 4.40018129349, 4.6439909935, 5.01551008224, 5.16644001007, 5.20126962662, 5.42185926437, 5.58439922333, 6.00235843658, 6.11845827103, 6.42031764984, 6.61768722534, 6.81505680084, 7.22140598297, 7.61614513397, 7.84834480286, 8.05732440948, 8.2198638916, 8.45206356049, 8.84680271149, 9.22993183136, 9.8800907135]
    rubato_start: [6.48312711716]
    rubato_stop: [9.69509029388]
    perceptual_tempo: "unknown"

sfx:
    inharmonicity:
        dmean: 0.0555055774748
        dmean2: 0.101664707065
        dvar: 0.00499016325921
        dvar2: 0.0147875705734
        max: 0.427771955729
        mean: 0.0559965968132
        min: 0
        var: 0.0041122646071
    oddtoevenharmonicenergyratio:
        dmean: 6.74995470047
        dmean2: 13.1034698486
        dvar: 547.432617188
        dvar2: 1674.4017334
        max: 227.930206299
        mean: 4.47076034546
        min: 0
        var: 308.835968018
    pitch_after_max_to_before_max_energy_ratio: 13.9724969864
    pitch_centroid: 187.678924561
    pitch_max_to_total: 0.00465116277337
    pitch_min_to_total: 0.427906990051
    tristimulus:
        dmean: [0.193467959762, 0.213401764631, 0.0982539653778]
        dmean2: [0.340678274632, 0.37069824338, 0.175178959966]
        dvar: [0.0350444316864, 0.0398867055774, 0.00872735958546]
        dvar2: [0.0979754179716, 0.107606813312, 0.0235600266606]
        max: [1, 0.991572737694, 0.602202415466]
        mean: [0.284538954496, 0.566433846951, 0.117919512093]
        min: [0.00100099784322, 0, 0]
        var: [0.0428972616792, 0.0530443638563, 0.0106461523101]

tonal:
    chords_changes_rate: 0.0694444477558
    chords_number_rate: 0.0324074067175
    chords_strength:
        dmean: 0.0104793794453
        dmean2: 0.00828753970563
        dvar: 7.9488105257e-05
        dvar2: 5.53648460482e-05
        max: 0.78176599741
        mean: 0.589625895023
        min: 0.29033100605
        var: 0.0120229795575
    key_strength: 0.786748707294
    tuning_diatonic_strength: 0.703432738781
    tuning_equal_tempered_deviation: 0.164632186294
    tuning_frequency: 444.855529785
    tuning_nontempered_energy_ratio: 0.818486511707
    hpcp:
        dmean: [0.161521717906, 0.0854508802295, 0.0409481190145, 0.0498984307051, 0.083038315177, 0.108322963119, 0.138094499707, 0.110864162445, 0.0738706886768, 0.0523022525012, 0.0649298727512, 0.118527315557, 0.134068146348, 0.136170804501, 0.204405501485, 0.186042428017, 0.18750923872, 0.120833404362, 0.072012335062, 0.079616509378, 0.1161538288, 0.152788296342, 0.088413156569, 0.038652934134, 0.031901512295, 0.0628091916442, 0.1097959131, 0.118902944028, 0.0902148410678, 0.0563718490303, 0.0401893407106, 0.0339260026813, 0.0546211414039, 0.0879156664014, 0.114992901683, 0.169789776206]
        dmean2: [0.264593094587, 0.143621608615, 0.0657534003258, 0.0846647396684, 0.142100527883, 0.177223831415, 0.220746710896, 0.179486215115, 0.121508590877, 0.0866248905659, 0.113595552742, 0.193609088659, 0.21827930212, 0.231955781579, 0.35349804163, 0.306322932243, 0.324195533991, 0.203316569328, 0.120974093676, 0.133126199245, 0.205475136638, 0.256051450968, 0.140418335795, 0.0600349493325, 0.0473129115999, 0.0977915227413, 0.168321281672, 0.1854775846, 0.143280729651, 0.0919455066323, 0.0632852986455, 0.0533596761525, 0.0864055156708, 0.13844332099, 0.179324939847, 0.282566994429]
        dvar: [0.027294151485, 0.00979206431657, 0.00291468994692, 0.00888465810567, 0.0236908383667, 0.0207255408168, 0.0311260838062, 0.0251536164433, 0.0173879507929, 0.0131096029654, 0.00953439623117, 0.0228237565607, 0.0292076934129, 0.0275962222368, 0.0512312985957, 0.0409040860832, 0.043308801949, 0.0251723844558, 0.0144176380709, 0.0178431421518, 0.0200702492148, 0.0380648896098, 0.0104524465278, 0.00524058938026, 0.00225813523866, 0.00729632657021, 0.0156737007201, 0.0215826369822, 0.0202050674707, 0.00957583263516, 0.00394858885556, 0.00162254029419, 0.00821791775525, 0.0199598837644, 0.0189155060798, 0.0325119234622]
        dvar2: [0.0570098571479, 0.0238326843828, 0.00722418446094, 0.0248977225274, 0.0611567683518, 0.0450095720589, 0.0721309185028, 0.0617401115596, 0.0400666594505, 0.0354991555214, 0.0270009152591, 0.0549298711121, 0.0729008316994, 0.0787384435534, 0.145672276616, 0.0966497212648, 0.108508974314, 0.0590508729219, 0.0335268117487, 0.0442827381194, 0.0439175590873, 0.0861437022686, 0.0255949813873, 0.0120194125921, 0.00510906009004, 0.017137363553, 0.0330532304943, 0.0429885275662, 0.0402272492647, 0.0220613833517, 0.00959452148527, 0.00413092086092, 0.0198222566396, 0.046426165849, 0.0431893952191, 0.0717845112085]
        max: [1, 0.784382402897, 0.379049301147, 0.761835992336, 1, 1, 1, 1, 1, 1, 0.615110576153, 1, 1, 1, 1, 1, 1, 0.881272375584, 1, 1, 1, 1, 1, 0.699635565281, 0.401043385267, 0.891803085804, 1, 1, 1, 1, 0.636332452297, 0.347442448139, 0.705415666103, 1, 1, 1]
        mean: [0.326743006706, 0.137050837278, 0.0514938049018, 0.0521315820515, 0.107578136027, 0.265801012516, 0.301145941019, 0.17395426333, 0.10122717917, 0.0607847012579, 0.094810642302, 0.219861447811, 0.23846244812, 0.210300385952, 0.38325124979, 0.439857214689, 0.277249604464, 0.160188868642, 0.0999811813235, 0.110721305013, 0.26761290431, 0.330432355404, 0.157463818789, 0.0521556548774, 0.0452582277358, 0.084759131074, 0.190550073981, 0.215709507465, 0.129862383008, 0.0742464736104, 0.0583209246397, 0.0557157844305, 0.0903729945421, 0.126106530428, 0.178566232324, 0.33017373085]
        min: [0.00754878018051, 0.00564890028909, 0.00252695335075, 0.00256258901209, 0.00377291231416, 0.00497798668221, 0.00302993576042, 0.00299058156088, 0.00452154036611, 0.00257487525232, 0.00194103282411, 0.00367103493772, 0.00466885697097, 0.00596197880805, 0.00849670171738, 0.00621498422697, 0.00348670803942, 0.00289418688044, 0.00193595315795, 0.00272267195396, 0.00098230864387, 0.0013389615342, 0.00275668199174, 0.00230949767865, 0.00139757513534, 0.00321051781066, 0.00817734003067, 0.00975451245904, 0.00656249606982, 0.00223876466043, 0.00195246259682, 0.00271294731647, 0.00620747171342, 0.0018488910282, 0.00618237070739, 0.0118610169739]
        var: [0.068635545671, 0.0192977823317, 0.00417033582926, 0.00737293437123, 0.0315080806613, 0.101273022592, 0.102778024971, 0.0467140376568, 0.0287101585418, 0.0108866728842, 0.0152748543769, 0.0746000409126, 0.0808373764157, 0.0573231875896, 0.108347326517, 0.129309639335, 0.0710441917181, 0.0368800088763, 0.0213046688586, 0.029432669282, 0.0837282091379, 0.112339220941, 0.0292662419379, 0.0068971789442, 0.00379457790405, 0.0109948795289, 0.0444680973887, 0.0525132007897, 0.0332427695394, 0.0114294467494, 0.00499350484461, 0.00259952968918, 0.0144372470677, 0.0378414951265, 0.0409134328365, 0.0817369371653]
    chords_histogram: [0, 0, 30.0925922394, 2.31481480598, 3.24074077606, 0, 0, 0, 9.72222232819, 1.85185182095, 0, 0, 0, 0, 0, 0, 0, 0, 0, 0, 0, 0, 25.4629631042, 27.3148155212]
    thpcp: [1, 0.630317270756, 0.364183783531, 0.22730371356, 0.251721024513, 0.60840857029, 0.751226425171, 0.357988476753, 0.1185740605, 0.102892994881, 0.192696914077, 0.433208942413, 0.490408033133, 0.295237600803, 0.168796762824, 0.132590577006, 0.126667886972, 0.205459848046, 0.286698788404, 0.405964076519, 0.75063842535, 0.742838799953, 0.311580300331, 0.117069363594, 0.118519328535, 0.244575127959, 0.604289293289, 0.684644758701, 0.39547893405, 0.230136454105, 0.138191893697, 0.215548679233, 0.499847322702, 0.542136013508, 0.478110581636, 0.871308326721]
    chords_key: "A"
    chords_scale: "major"
    key_key: "D"
    key_scale: "major"
    chords_progression: ["F#", "F#", "F#", "F#", "F#", "Bm", "Bm", "A#m", "Bm", "Bm", "Bm", "Bm", "Bm", "Bm", "A#m", "A#m", "A#m", "Bm", "Bm", "Bm", "Bm", "Bm", "Bm", "Bm", "Bm", "Bm", "Bm", "Bm", "Bm", "Bm", "Bm", "Bm", "Bm", "Bm", "Bm", "Bm", "Bm", "Bm", "Bm", "Bm", "Bm", "Bm", "Bm", "Bm", "Bm", "Bm", "G", "G", "G", "G", "G", "G", "G", "G", "G", "G", "G", "G", "G", "G", "G", "G", "G", "G", "G", "G", "G", "G", "G", "G", "G", "G", "G", "G", "G", "G", "G", "G", "G", "G", "G", "G", "G", "G", "G", "C#m", "C#m", "C#m", "C#m", "C#m", "A", "A", "A", "A", "A", "A", "A", "A", "A", "A", "A", "A", "A", "A", "A", "A", "A", "A", "A", "A", "A", "A", "A", "A", "A", "A", "A", "A", "A", "A", "A", "A", "A", "A", "A", "A", "A", "A", "A", "A", "A", "A", "A", "A", "A", "A", "A", "A", "A", "A", "A", "A", "A", "A", "A", "A", "A", "A", "A", "A", "A", "A", "A", "A", "A", "E", "E", "E", "E", "E", "E", "E", "Bm", "Bm", "Bm", "Bm", "Bm", "Bm", "Bm", "Bm", "Bm", "Bm", "Bm", "Bm", "Bm", "Bm", "Bm", "Bm", "Bm", "Bm", "Bm", "Bm", "Bm", "Bm", "F#", "F#", "F#", "F#", "G", "G", "G", "G", "G", "G", "G", "G", "G", "G", "G", "G", "G", "G", "G", "F#", "F#", "F#", "G", "F#", "F#", "F#", "F#", "F#", "F#", "F#", "F#", "F#"]
