
metadata:
    version:
        essentia: "1.2.2"
    audio_properties:
        analysis_sample_rate: 44100
        bitrate: 128
        channels: 2
        equal_loudness: 1
        length: 10.0048980713
        replay_gain: -8.39923858643
        downmix: "mix"
    tags:
        track: 6
        year: 0
        album: "Splitted by Mp3Splt v. 2.1"
        artist: "From 000.50 To 001.00"
        comment: "http://mp3splt.sf.net"
        genre: ""
        title: "09 The Stars Are Projectors.mp"

highlevel:
    ballroom:
        all:
            ChaChaCha: 0.0214123763144
            Jive: 0.0205467548221
            Quickstep: 0.0106648448855
            Rumba-American: 0.0204669944942
            Rumba-International: 0.680543422699
            Rumba-Misc: 0.0795102864504
            Samba: 0.0243472494185
            Tango: 0.0409525260329
            VienneseWaltz: 0.0491968169808
            Waltz: 0.0523587279022
        probability: 0.680543422699
        value: "Rumba-International"
    culture:
        all:
            non_western: 0.542719662189
            western: 0.457280337811
        probability: 0.542719662189
        value: "non_western"
    gender:
        all:
            female: 0.469509094954
            male: 0.530490934849
        probability: 0.530490934849
        value: "male"
    genre_dortmund:
        all:
            alternative: 0.161784186959
            blues: 0.0183559656143
            electronic: 0.0114915780723
            folkcountry: 0.108790025115
            funksoulrnb: 0.0141293695197
            jazz: 0.463179677725
            pop: 0.0626789182425
            raphiphop: 0.00233755935915
            rock: 0.157252728939
        probability: 0.463179677725
        value: "jazz"
    genre_electronica:
        all:
            ambient: 0.289172917604
            dnb: 0.236267387867
            house: 0.10884026438
            techno: 0.031797491014
            trance: 0.333921939135
        probability: 0.333921939135
        value: "trance"
    genre_rosamerica:
        all:
            cla: 0.017145363614
            dan: 0.0505360253155
            hip: 0.0128593621776
            jaz: 0.0961976572871
            pop: 0.136619344354
            rhy: 0.101977169514
            roc: 0.578616499901
            spe: 0.00604858109728
        probability: 0.578616499901
        value: "roc"
    genre_tzanetakis:
        all:
            blu: 0.0494992285967
            cla: 0.0231897719204
            cou: 0.0675020962954
            dis: 0.0489069670439
            hip: 0.0108548700809
            jaz: 0.107700444758
            met: 0.00993604958057
            pop: 0.208217591047
            reg: 0.144061237574
            roc: 0.330131739378
        probability: 0.330131739378
        value: "roc"
    live_studio:
        all:
            live: 0.748761236668
            studio: 0.251238763332
        probability: 0.748761236668
        value: "live"
    mood:
        all:
            Cluster1: 0.185734838247
            Cluster2: 0.125031575561
            Cluster3: 0.540077149868
            Cluster4: 0.072088316083
            Cluster5: 0.0770681202412
        probability: 0.540077149868
        value: "Cluster3"
    mood_acoustic:
        all:
            acoustic: 0.779195189476
            not_acoustic: 0.220804840326
        probability: 0.779195189476
        value: "acoustic"
    mood_aggressive:
        all:
            aggressive: 0.00499242823571
            not_aggressive: 0.995007574558
        probability: 0.995007574558
        value: "not_aggressive"
    mood_electronic:
        all:
            electronic: 0.241589546204
            not_electronic: 0.758410453796
        probability: 0.758410453796
        value: "not_electronic"
    mood_happy:
        all:
            happy: 0.135038226843
            not_happy: 0.864961743355
        probability: 0.864961743355
        value: "not_happy"
    mood_party:
        all:
            not_party: 0.95633161068
            party: 0.0436683855951
        probability: 0.95633161068
        value: "not_party"
    mood_relaxed:
        all:
            not_relaxed: 0.298253446817
            relaxed: 0.70174652338
        probability: 0.70174652338
        value: "relaxed"
    mood_sad:
        all:
            not_sad: 0.135617598891
            sad: 0.864382386208
        probability: 0.864382386208
        value: "sad"
    rhythm:
        all:
            fast: 0.0843445658684
            medium: 0.041523758322
            slow: 0.874131679535
        probability: 0.874131679535
        value: "slow"
    speech_music:
        all:
            music: 0.999641537666
            speech: 0.00035847761319
        probability: 0.999641537666
        value: "music"
    timbre:
        all:
            bright: 0.0617466904223
            dark: 0.938253283501
        probability: 0.938253283501
        value: "dark"
    voice_instrumental:
        all:
            instrumental: 0.767833888531
            voice: 0.23216612637
        probability: 0.767833888531
        value: "instrumental"

lowlevel:
    average_loudness: 0.977819621563
    barkbands_kurtosis:
        dmean: 2.82325601578
        dmean2: 4.56487321854
        dvar: 14.8862962723
        dvar2: 45.3112945557
        max: 30.2014274597
        mean: 5.20833110809
        min: -1.78478968143
        var: 41.1959114075
    barkbands_skewness:
        dmean: 0.489946812391
        dmean2: 0.778327643871
        dvar: 0.220602080226
        dvar2: 0.601150691509
        max: 4.92846822739
        mean: 1.9087959528
        min: -0.210398569703
        var: 0.952544689178
    barkbands_spread:
        dmean: 4.04988384247
        dmean2: 6.04908323288
        dvar: 21.0570316315
        dvar2: 37.4534950256
        max: 52.1548500061
        mean: 16.2776679993
        min: 3.23458886147
        var: 81.7835235596
    dissonance:
        dmean: 0.0251590069383
        dmean2: 0.0410412400961
        dvar: 0.000428775325418
        dvar2: 0.00102789315861
        max: 0.496947437525
        mean: 0.421842396259
        min: 0.289585351944
        var: 0.00181597389746
    hfc:
        dmean: 0.846531867981
        dmean2: 1.13134038448
        dvar: 2.05783939362
        dvar2: 3.91061401367
        max: 16.538848877
        mean: 2.57952809334
        min: 2.63087827079e-06
        var: 6.04365587234
    pitch:
        dmean: 122.565467834
        dmean2: 240.437011719
        dvar: 291444.03125
        dvar2: 813263.6875
        max: 4410
        mean: 269.932312012
        min: 62.6420440674
        var: 212695.90625
    pitch_instantaneous_confidence:
        dmean: 0.0713814347982
        dmean2: 0.106893666089
        dvar: 0.0045511610806
        dvar2: 0.00800359528512
        max: 0.876790344715
        mean: 0.518448591232
        min: 0.16495937109
        var: 0.0303568039089
    pitch_salience:
        dmean: 0.0608141683042
        dmean2: 0.0971451401711
        dvar: 0.00301299453713
        dvar2: 0.00792548526078
        max: 0.911616265774
        mean: 0.490857303143
        min: 0.236795321107
        var: 0.0109340175986
    silence_rate_20dB:
        dmean: 0
        dmean2: 0
        dvar: 0
        dvar2: 0
        max: 1
        mean: 1
        min: 1
        var: 0
    silence_rate_30dB:
        dmean: 0
        dmean2: 0
        dvar: 0
        dvar2: 0
        max: 1
        mean: 1
        min: 1
        var: 0
    silence_rate_60dB:
        dmean: 0.139211133122
        dmean2: 0.276744186878
        dvar: 0.119831308722
        dvar2: 0.237365499139
        max: 1
        mean: 0.444444447756
        min: 0
        var: 0.246913984418
    spectral_centroid:
        dmean: 124.410499573
        dmean2: 200.058456421
        dvar: 19143.6425781
        dvar2: 37651.765625
        max: 1735.13146973
        mean: 573.598327637
        min: 196.248565674
        var: 73949.6171875
    spectral_complexity:
        dmean: 1.71395349503
        dmean2: 2.54778552055
        dvar: 6.19027709961
        dvar2: 10.7978448868
        max: 29
        mean: 7.44779586792
        min: 0
        var: 18.1869430542
    spectral_crest:
        dmean: 2.14524817467
        dmean2: 3.39463019371
        dvar: 3.39434695244
        dvar2: 7.5864944458
        max: 20.1104812622
        mean: 10.5740251541
        min: 3.43835926056
        var: 11.9712553024
    spectral_decrease:
        dmean: 3.63135493897e-10
        dmean2: 5.97998039975e-10
        dvar: 1.76553274847e-19
        dvar2: 4.76857629018e-19
        max: -1.22236139887e-15
        mean: -1.07685582673e-09
        min: -3.8189948981e-09
        var: 4.51166381469e-19
    spectral_energy:
        dmean: 0.00142999365926
        dmean2: 0.00234183599241
        dvar: 2.80414747067e-06
        dvar2: 7.38202243156e-06
        max: 0.01559129823
        mean: 0.00429827254266
        min: 4.85210982504e-09
        var: 7.28337454348e-06
    spectral_energyband_high:
        dmean: 4.70260383736e-05
        dmean2: 6.64380277158e-05
        dvar: 1.00538777303e-08
        dvar2: 1.88333633133e-08
        max: 0.00103362835944
        mean: 8.39218046167e-05
        min: 3.29431759649e-11
        var: 2.32272281409e-08
    spectral_energyband_low:
        dmean: 0.000542441150174
        dmean2: 0.000984591781162
        dvar: 6.42224051717e-07
        dvar2: 2.02661999538e-06
        max: 0.00803566537797
        mean: 0.000893623742741
        min: 9.28988774795e-10
        var: 1.31850526941e-06
    spectral_energyband_middle_high:
        dmean: 0.000223944851314
        dmean2: 0.000309440132696
        dvar: 1.70339632177e-07
        dvar2: 3.53991765678e-07
        max: 0.00451638223603
        mean: 0.000590736919548
        min: 6.94147850311e-10
        var: 4.58822285054e-07
    spectral_energyband_middle_low:
        dmean: 0.000936606200412
        dmean2: 0.0015005095629
        dvar: 1.2458862102e-06
        dvar2: 3.06950187223e-06
        max: 0.0122224790975
        mean: 0.00272996793501
        min: 3.00925062646e-09
        var: 3.58294073521e-06
    spectral_flatness_db:
        dmean: 0.0228637438267
        dmean2: 0.0340230166912
        dvar: 0.000386289844755
        dvar2: 0.000895248202141
        max: 0.321206450462
        mean: 0.204717591405
        min: 0.0981876403093
        var: 0.00187047116924
    spectral_flux:
        dmean: 0.00816189777106
        dmean2: 0.0120375454426
        dvar: 6.91600289429e-05
        dvar2: 0.00014634821855
        max: 0.0869432613254
        mean: 0.0270125456154
        min: 6.96570859873e-05
        var: 0.00020291096007
    spectral_kurtosis:
        dmean: 1.66587555408
        dmean2: 2.77699828148
        dvar: 2.6426217556
        dvar2: 6.92786931992
        max: 16.202381134
        mean: 5.60776042938
        min: 0.279035806656
        var: 7.30760145187
    spectral_rms:
        dmean: 0.000330654263962
        dmean2: 0.000526948191691
        dvar: 1.03076715163e-07
        dvar2: 2.49437363209e-07
        max: 0.00390013097785
        mean: 0.00195594015531
        min: 2.17572187466e-06
        var: 3.67735140117e-07
    spectral_rolloff:
        dmean: 331.961486816
        dmean2: 582.450195312
        dvar: 278695.46875
        dvar2: 633678.5625
        max: 4134.375
        mean: 979.137634277
        min: 150.732421875
        var: 553502.5
    spectral_skewness:
        dmean: 0.218573749065
        dmean2: 0.341847062111
        dvar: 0.0443511754274
        dvar2: 0.0919125899673
        max: 3.53631997108
        mean: 1.93438518047
        min: 0.514895439148
        var: 0.19477725029
    spectral_spread:
        dmean: 485501.0625
        dmean2: 691746.625
        dvar: 628008353792
        dvar2: 918658482176
        max: 16076035
        mean: 4327203.5
        min: 2288992
        var: 1.3747495895e+12
    spectral_strongpeak:
        dmean: 0.155686989427
        dmean2: 0.258913993835
        dvar: 0.0509762093425
        dvar2: 0.116443954408
        max: 1.99586510658
        mean: 0.343750208616
        min: 0
        var: 0.108906671405
    zerocrossingrate:
        dmean: 0.00653842650354
        dmean2: 0.00789103470743
        dvar: 3.75505442207e-05
        dvar2: 4.5071617933e-05
        max: 0.1025390625
        mean: 0.0407414622605
        min: 0.00830078125
        var: 0.00028946227394
    barkbands:
        dmean: [4.14910232394e-07, 9.23273400986e-05, 0.000480475544464, 0.000456024921732, 0.000467819219921, 7.5638628914e-05, 3.26945082634e-05, 0.000108897140308, 0.000152818611241, 5.85429406783e-05, 3.17521880788e-05, 3.54410767613e-05, 1.91939434444e-05, 1.55676025315e-05, 2.13848670683e-05, 3.56396958523e-05, 4.13032248616e-05, 3.91490320908e-05, 3.63312428817e-05, 4.17289011239e-05, 2.05902288144e-05, 7.11824441169e-06, 1.42499595768e-06, 4.79364643979e-07, 2.72993503359e-07, 1.73420602323e-08, 1.8634185861e-10]
        dmean2: [5.5876063243e-07, 0.0001632708736, 0.000869015522767, 0.000802499707788, 0.000729193445295, 0.000123335790704, 5.15460196766e-05, 0.000162652286235, 0.000202221039217, 7.29295279598e-05, 4.67338140879e-05, 5.93687873334e-05, 2.79740361293e-05, 2.24956111197e-05, 3.22343694279e-05, 5.32165358891e-05, 6.00900966674e-05, 6.16324032308e-05, 5.30251818418e-05, 6.45179316052e-05, 2.92944223474e-05, 9.92147488432e-06, 2.10525422517e-06, 6.89797388986e-07, 3.73463819869e-07, 2.61463419804e-08, 3.13970321963e-10]
        dvar: [1.81639816035e-12, 5.35050901362e-08, 5.61582510272e-07, 4.36100123125e-07, 3.09013273636e-07, 1.59959672175e-08, 2.24214713462e-09, 6.12929795807e-08, 1.25267078488e-07, 3.91155268176e-08, 6.59157084471e-09, 3.96545773995e-09, 1.07917874637e-09, 7.68740626711e-10, 1.29785682201e-09, 8.61999449597e-09, 1.0863826283e-08, 1.10832640843e-08, 4.17236822869e-09, 6.92914925438e-09, 1.81143644529e-09, 2.40568953647e-10, 1.02832273946e-11, 1.54529394922e-12, 2.99507380702e-13, 1.6789296275e-15, 3.51308982825e-19]
        dvar2: [2.70520042998e-12, 1.46784230992e-07, 1.82562973805e-06, 1.32161244437e-06, 7.97407381015e-07, 3.87519492051e-08, 5.43284484067e-09, 1.14583897926e-07, 2.03469610938e-07, 6.71317366141e-08, 1.95857747798e-08, 1.07935029803e-08, 2.43780573506e-09, 1.40855449526e-09, 2.51584708622e-09, 1.78927272998e-08, 2.23441496416e-08, 2.88359682799e-08, 9.22590803754e-09, 1.5454146407e-08, 3.5441181101e-09, 4.45709719132e-10, 2.21012253637e-11, 3.6008615794e-12, 6.32931370075e-13, 3.92834907399e-15, 4.40183232392e-19]
        max: [1.47805167217e-05, 0.00207952549681, 0.00784885231405, 0.00604084134102, 0.00529763195664, 0.00133878772613, 0.000490379170515, 0.00541934464127, 0.00598619924858, 0.00408980483189, 0.00132957578171, 0.000525561103132, 0.000469830003567, 0.000546114926692, 0.000547347823158, 0.00127378792968, 0.00154104630928, 0.00106462836266, 0.000720153911971, 0.000714744557627, 0.000443485478172, 0.00017034226039, 3.75354829885e-05, 1.47809496411e-05, 4.13200541516e-06, 2.8188384249e-07, 1.16054934551e-08]
        mean: [4.65242948167e-07, 0.000115172013466, 0.000778012385126, 0.00068050151458, 0.00104529061355, 0.000198599067517, 7.05118873157e-05, 0.000299428589642, 0.000386127561796, 0.000128066472826, 5.64281908737e-05, 6.75213232171e-05, 4.28453458881e-05, 3.76948846679e-05, 4.18908603024e-05, 5.09571182192e-05, 6.19461789029e-05, 5.25648028997e-05, 6.8727596954e-05, 6.59405923216e-05, 3.37674064212e-05, 1.1865756278e-05, 2.50483481068e-06, 9.13436736028e-07, 5.10360507633e-07, 2.24253078329e-08, 1.79962031388e-10]
        min: [1.16106013692e-10, 4.90254836727e-10, 2.55038573593e-10, 2.04672112591e-10, 4.10398992567e-10, 3.90556004204e-10, 4.17282791654e-10, 5.56497514737e-10, 9.35355903842e-10, 3.75606989955e-10, 9.62940630012e-11, 9.33784924384e-11, 9.05662142503e-11, 4.61431656773e-11, 3.1269240669e-11, 1.11320926435e-11, 1.20298623493e-11, 4.26662091074e-12, 1.80144909406e-11, 1.87059326362e-11, 4.58047315355e-12, 9.25615313563e-12, 4.92674130659e-12, 1.30002031275e-12, 1.54580027164e-12, 1.33759464008e-12, 8.0832625207e-15]
        var: [2.55342275102e-12, 4.45622099221e-08, 1.23225493098e-06, 5.29219278178e-07, 9.46447187289e-07, 5.03142061348e-08, 5.99951999192e-09, 3.37051830002e-07, 5.36473862667e-07, 1.47853299381e-07, 1.26147048363e-08, 7.76771713618e-09, 4.78509898372e-09, 4.34082814138e-09, 3.60987106873e-09, 1.23212329228e-08, 1.6343859599e-08, 1.21202621273e-08, 9.45482625525e-09, 1.19724807846e-08, 3.85146048387e-09, 5.80109571491e-10, 2.10129934286e-11, 2.43717958141e-12, 6.20865555148e-13, 2.35831866087e-15, 3.54035447672e-19]
    mfcc:
        mean: [-760.520935059, 150.289718628, -21.1115455627, 51.2913627625, -14.391497612, -2.470277071, 1.27647650242, -0.910654425621, 0.568427681923, 0.0207206793129, -4.13088655472, -6.04877948761, -8.82021427155]
        cov: [[3535.23803711, -767.554443359, -357.104187012, -29.6926136017, -41.5102653503, 35.0530433655, -130.243179321, -44.1637687683, 57.2419662476, -100.712684631, -89.9582519531, -75.9594268799, -85.2662277222], [-767.554443359, 495.034759521, 44.9828529358, 19.2318477631, 6.84695243835, -32.9077301025, 17.0258712769, 13.793718338, -10.0329370499, 12.6881752014, -14.7187623978, 7.91363334656, 34.5533828735], [-357.104187012, 44.9828529358, 348.936126709, 27.0211524963, 21.102273941, -31.9572219849, 30.5959224701, -6.31502580643, -25.1914272308, -6.21128988266, 40.9101142883, 9.75835990906, 4.06577968597], [-29.6926136017, 19.2318477631, 27.0211524963, 164.146759033, 1.1517380476, 27.0798435211, -1.47576701641, -8.47881412506, -21.5640983582, -0.799592077732, -6.15879678726, 15.2974586487, -6.05246162415], [-41.5102653503, 6.84695243835, 21.102273941, 1.1517380476, 94.2645492554, 4.89355945587, 5.88409233093, 9.67968940735, 8.92277050018, -9.61383342743, -0.159163475037, 2.81199026108, 11.9409589767], [35.0530433655, -32.9077301025, -31.9572219849, 27.0798435211, 4.89355945587, 97.5901870728, 15.7360019684, -1.34122478962, 0.342531353235, -23.1010169983, -25.7717208862, 2.08927488327, 16.1201915741], [-130.243179321, 17.0258712769, 30.5959224701, -1.47576701641, 5.88409233093, 15.7360019684, 68.6241226196, 27.7864665985, 6.36333703995, 11.9331569672, 4.44920158386, 14.0976142883, 6.51205825806], [-44.1637687683, 13.793718338, -6.31502580643, -8.47881412506, 9.67968940735, -1.34122478962, 27.7864665985, 75.2338562012, 44.6133995056, 5.76542234421, -0.432103395462, 2.20221018791, 6.68374633789], [57.2419662476, -10.0329370499, -25.1914272308, -21.5640983582, 8.92277050018, 0.342531353235, 6.36333703995, 44.6133995056, 86.8407058716, 22.9563770294, -16.5173091888, -0.576144456863, 3.34929800034], [-100.712684631, 12.6881752014, -6.21128988266, -0.799592077732, -9.61383342743, -23.1010169983, 11.9331569672, 5.76542234421, 22.9563770294, 97.140625, 31.4770545959, 8.72028064728, -12.2288322449], [-89.9582519531, -14.7187623978, 40.9101142883, -6.15879678726, -0.159163475037, -25.7717208862, 4.44920158386, -0.432103395462, -16.5173091888, 31.4770545959, 81.8960876465, 26.8672809601, -5.54066038132], [-75.9594268799, 7.91363334656, 9.75835990906, 15.2974586487, 2.81199026108, 2.08927488327, 14.0976142883, 2.20221018791, -0.576144456863, 8.72028064728, 26.8672809601, 79.781578064, 18.1674556732], [-85.2662277222, 34.5533828735, 4.06577968597, -6.05246162415, 11.9409589767, 16.1201915741, 6.51205825806, 6.68374633789, 3.34929800034, -12.2288322449, -5.54066038132, 18.1674556732, 65.7133102417]]
        icov: [[0.000545351242181, 0.000786735210568, 0.000409823667724, -0.000158708746312, 9.76387091214e-05, 0.000366257765563, 0.000328301015543, 0.000281051499769, -0.000470430793939, 0.000560105137993, 0.00028083359939, 0.00013819715241, 0.000198936410015], [0.000786735210568, 0.00350202200934, 0.00037512840936, -0.000580935040489, 6.53497263556e-05, 0.00182955793571, 0.000110297783976, -0.00035379990004, 0.000407137034927, -1.79931321327e-05, 0.00180954392999, 8.22203583084e-05, -0.00122721074149], [0.000409823667724, 0.00037512840936, 0.00400739349425, -0.00121238071006, -0.000543204601854, 0.00207476923242, -0.00262641487643, 0.00189314293675, -0.00102919701021, 0.00206508487463, -0.00214483821765, 0.00105280301068, -0.000402780307923], [-0.000158708746312, -0.000580935040489, -0.00121238071006, 0.00763180153444, -0.000335339776939, -0.00326352380216, 0.00243035983294, -0.00209930096753, 0.00342040415853, -0.00212483853102, 0.00224646623246, -0.00265246676281, 0.00206463388167], [9.76387091214e-05, 6.53497263556e-05, -0.000543204601854, -0.000335339776939, 0.0113772610202, -0.000173639375134, -0.000420128519181, -0.000243607457378, -0.0018685166724, 0.00170353462454, -0.00091316353064, 0.000381534016924, -0.0016335597029], [0.000366257765563, 0.00182955793571, 0.00207476923242, -0.00326352380216, -0.000173639375134, 0.0154275018722, -0.00606683967635, 0.00341807841323, -0.00194584566634, 0.00360182765871, 0.00238533504307, 0.000738881935831, -0.00364885944873], [0.000328301015543, 0.000110297783976, -0.00262641487643, 0.00243035983294, -0.000420128519181, -0.00606683967635, 0.0234352145344, -0.0115631185472, 0.0059450562112, -0.0054614818655, 0.0034341190476, -0.0043119052425, 0.00133493600879], [0.000281051499769, -0.00035379990004, 0.00189314293675, -0.00209930096753, -0.000243607457378, 0.00341807841323, -0.0115631185472, 0.0266167428344, -0.0156291015446, 0.00612176954746, -0.00566589552909, 0.003176987404, -0.00153556198347], [-0.000470430793939, 0.000407137034927, -0.00102919701021, 0.00342040415853, -0.0018685166724, -0.00194584566634, 0.0059450562112, -0.0156291015446, 0.0243661627173, -0.00937075074762, 0.00892183557153, -0.00333875627257, 6.1158243625e-05], [0.000560105137993, -1.79931321327e-05, 0.00206508487463, -0.00212483853102, 0.00170353462454, 0.00360182765871, -0.0054614818655, 0.00612176954746, -0.00937075074762, 0.0172088742256, -0.00807049032301, 0.00172241521068, 0.00166161707602], [0.00028083359939, 0.00180954392999, -0.00214483821765, 0.00224646623246, -0.00091316353064, 0.00238533504307, 0.0034341190476, -0.00566589552909, 0.00892183557153, -0.00807049032301, 0.0220424793661, -0.00738201849163, 0.00151206646115], [0.00013819715241, 8.22203583084e-05, 0.00105280301068, -0.00265246676281, 0.000381534016924, 0.000738881935831, -0.0043119052425, 0.003176987404, -0.00333875627257, 0.00172241521068, -0.00738201849163, 0.0171339772642, -0.00518844462931], [0.000198936410015, -0.00122721074149, -0.000402780307923, 0.00206463388167, -0.0016335597029, -0.00364885944873, 0.00133493600879, -0.00153556198347, 6.1158243625e-05, 0.00166161707602, 0.00151206646115, -0.00518844462931, 0.0194199737161]]
    spectral_contrast:
        mean: [8.72245209393e-08, 1.81791577347e-07, 9.24218781506e-08, 2.78765810435e-07, -1.09978174123e-07, -3.19285902606e-07, 4.22211087425e-07, 2.94579717774e-06, -2.32527258959e-06, -9.2445975497e-07, 1.93362438949e-06, 3.14646149491e-06]
        var: [0.000363048806321, 0.000545746705029, 0.00117793213576, 0.0024227919057, 0.00357911502942, 0.0052491594106, 0.0463937781751, 0.0886527821422, 0.153279617429, 0.215878918767, 0.393470048904, 1.82805514336]

rhythm:
    beats_loudness:
        dmean: 0.00496671395376
        dmean2: 0.00962742604315
        dvar: 9.91316937871e-06
        dvar2: 2.6540390536e-05
        max: 0.0155812380835
        mean: 0.00642044143751
        min: 0.00242331251502
        var: 1.22432666103e-05
    beats_loudness_bass:
        dmean: 0.158412307501
        dmean2: 0.276443392038
        dvar: 0.0207533463836
        dvar2: 0.0561553873122
        max: 0.708891928196
        mean: 0.272659003735
        min: 0.0710726603866
        var: 0.0304136127234
    bpm: 139.539031982
    bpm_confidence: 0
    first_peak_bpm: 140
    first_peak_spread: 0
    first_peak_weight: 0.95454543829
    onset_rate: 3.1984333992
    second_peak_bpm: 131
    second_peak_spread: 0
    second_peak_weight: 0.0454545468092
    beats_position: [0.12845851481, 0.558249115944, 0.988039672375, 1.41783022881, 1.84762084484, 2.27741146088, 2.7072019577, 3.13699245453, 3.56678318977, 3.9965736866, 4.42636442184, 4.85615491867, 5.2859454155, 5.71573591232, 6.17359876633, 6.60380458832, 7.03400945663, 7.46421480179, 7.89442014694, 8.32462596893, 8.75483131409, 9.18503570557, 9.61524105072]
    bpm_estimates: [139.034164429, 139.850769043, 138.141921997, 139.883377075, 140.000488281, 139.742034912, 139.835891724, 140.08140564, 139.878509521, 138.99407959, 139.45552063, 139.731338501, 139.969863892, 138.314361572, 139.144561768, 140.20614624, 138.519989014, 140.918319702]
    bpm_intervals: [0.429790616035, 0.429790556431, 0.429790556431, 0.429790616035, 0.429790616035, 0.429790496826, 0.429790496826, 0.429790735245, 0.429790496826, 0.429790735245, 0.429790496826, 0.429790496826, 0.429790496826, 0.457862854004, 0.430205821991, 0.430204868317, 0.430205345154, 0.430205345154, 0.430205821991, 0.430205345154, 0.430204391479, 0.430205345154]
    onset_times: [0.0580498874187, 0.557278931141, 0.940408170223, 1.34675741196, 1.42802715302, 1.53251695633, 1.8575963974, 2.32199549675, 2.68190479279, 3.03020405769, 3.14630389214, 3.42494320869, 3.54104304314, 4.01705217361, 4.446621418, 4.88780021667, 5.30575942993, 5.52634906769, 5.74693870544, 6.11845827103, 6.5596370697, 6.76861667633, 6.96598625183, 7.45360565186, 7.85995483398, 8.32435417175, 8.37079334259, 8.6958732605, 8.73070335388, 8.76553249359, 9.22993183136, 9.58984088898]
    rubato_start: []
    rubato_stop: []
    perceptual_tempo: "unknown"

sfx:
    inharmonicity:
        dmean: 0.0202625989914
        dmean2: 0.0370754338801
        dvar: 0.00121317268349
        dvar2: 0.00344694289379
        max: 0.229518339038
        mean: 0.0175735205412
        min: 1.6001480617e-05
        var: 0.000964408740401
    oddtoevenharmonicenergyratio:
        dmean: 12.468000412
        dmean2: 24.4984378815
        dvar: 16560.0683594
        dvar2: 49726.7929688
        max: 1874.18444824
        mean: 6.83206939697
        min: 9.87752355286e-05
        var: 8321.44238281
    pitch_after_max_to_before_max_energy_ratio: 5.6601395607
    pitch_centroid: 202.86328125
    pitch_max_to_total: 0.0928074270487
    pitch_min_to_total: 0.575406014919
    tristimulus:
        dmean: [0.226438850164, 0.216795012355, 0.054932795465]
        dmean2: [0.402472823858, 0.384004712105, 0.0960931554437]
        dvar: [0.0450746566057, 0.0418490245938, 0.00377565086819]
        dvar2: [0.13557125628, 0.12557990849, 0.0111253466457]
        max: [0.990159273148, 0.993464648724, 0.445900410414]
        mean: [0.59997934103, 0.315899550915, 0.0608547106385]
        min: [0.000923170300666, 0, 0]
        var: [0.0676792263985, 0.0586980730295, 0.0042485804297]

tonal:
    chords_changes_rate: 0.055299539119
    chords_number_rate: 0.0276497695595
    chords_strength:
        dmean: 0.0104838646948
        dmean2: 0.00821695569903
        dvar: 7.01841563568e-05
        dvar2: 5.03870942339e-05
        max: 0.710422337055
        mean: 0.53427118063
        min: 0.320320606232
        var: 0.00977430026978
    key_strength: 0.71828019619
    tuning_diatonic_strength: 0.508542299271
    tuning_equal_tempered_deviation: 0.093631438911
    tuning_frequency: 438.477722168
    tuning_nontempered_energy_ratio: 0.715550899506
    hpcp:
        dmean: [0.0355225168169, 0.0351149253547, 0.0346380211413, 0.0489381998777, 0.09688680619, 0.151835218072, 0.140665113926, 0.147594332695, 0.114920377731, 0.0643603801727, 0.0318109281361, 0.0419814288616, 0.0925036817789, 0.108117595315, 0.104957990348, 0.107810124755, 0.0806240662932, 0.061627600342, 0.0558816604316, 0.0460374802351, 0.070730291307, 0.108213044703, 0.101934328675, 0.0985106825829, 0.0766954123974, 0.0524335838854, 0.0773276984692, 0.115466877818, 0.117295488715, 0.16533960402, 0.127025365829, 0.104218818247, 0.0559006631374, 0.0373959764838, 0.0264257099479, 0.0266616847366]
        dmean2: [0.058519590646, 0.0622194856405, 0.0619204975665, 0.0882966890931, 0.179392680526, 0.258805572987, 0.226982548833, 0.253639727831, 0.214726403356, 0.120773762465, 0.0530217736959, 0.0705981254578, 0.16122174263, 0.187295868993, 0.183054178953, 0.186259388924, 0.125331893563, 0.10204256326, 0.0957984030247, 0.0735655203462, 0.119732163846, 0.1805639714, 0.165530309081, 0.173834085464, 0.134428545833, 0.0929711088538, 0.141160175204, 0.188376992941, 0.195216223598, 0.2930354774, 0.211571291089, 0.173966765404, 0.101066872478, 0.0621552541852, 0.0457730107009, 0.0448053218424]
        dvar: [0.0129619045183, 0.0116157289594, 0.00949889980257, 0.0162664800882, 0.0417071767151, 0.0442546568811, 0.044002931565, 0.0414941236377, 0.0539079345763, 0.0317992903292, 0.00868873763829, 0.00944274757057, 0.045121178031, 0.0446617417037, 0.0338981300592, 0.0334126166999, 0.0178783833981, 0.0118250148371, 0.0197675339878, 0.0111851757392, 0.01824173145, 0.0370272248983, 0.0315252877772, 0.0447498708963, 0.0299107823521, 0.0178934037685, 0.0295441672206, 0.0409749560058, 0.0366187430918, 0.0461055748165, 0.0398707725108, 0.0182456485927, 0.0135978767648, 0.0064767873846, 0.00774492416531, 0.00553192291409]
        dvar2: [0.0287926699966, 0.0269333701581, 0.0266969222575, 0.0455737262964, 0.111651495099, 0.121112808585, 0.100641898811, 0.109104417264, 0.154608398676, 0.089209638536, 0.0166201889515, 0.0218911413103, 0.10139041394, 0.096937969327, 0.0824809372425, 0.0683673173189, 0.0279729813337, 0.0289523899555, 0.0451647676528, 0.0283444672823, 0.0543086901307, 0.0880034565926, 0.0904186591506, 0.121620535851, 0.0754353478551, 0.0434130467474, 0.0944076105952, 0.126531600952, 0.0991068482399, 0.150449186563, 0.0826076716185, 0.0456984713674, 0.0391471721232, 0.0163663756102, 0.02115242742, 0.0112125454471]
        max: [1, 1, 0.757869541645, 0.977616608143, 1, 1, 1, 1, 1, 1, 1, 0.82264572382, 1, 1, 1, 1, 1, 0.892370641232, 1, 0.956353664398, 1, 1, 1, 1, 1, 1, 1, 1, 1, 1, 1, 1, 0.848395705223, 0.883434653282, 1, 0.635863184929]
        mean: [0.0367035195231, 0.0355216115713, 0.031157663092, 0.0409093238413, 0.0721372514963, 0.222652986646, 0.38125962019, 0.262820184231, 0.0862562656403, 0.0421338900924, 0.0267236754298, 0.0447085499763, 0.108436226845, 0.128406450152, 0.137049153447, 0.190735384822, 0.140616416931, 0.0698467567563, 0.0774957165122, 0.0584007613361, 0.0989311039448, 0.197333663702, 0.161479100585, 0.0846170261502, 0.0580111555755, 0.040372826159, 0.0652434527874, 0.143566861749, 0.173272117972, 0.269797027111, 0.379418581724, 0.216720253229, 0.0546583905816, 0.0396204032004, 0.026262909174, 0.0269484110177]
        min: [0, 0, 0, 0, 0, 0, 0, 0, 0, 0, 0, 0, 0, 0, 0, 0, 0, 0, 0, 0, 0, 0, 0, 0, 0, 0, 0, 0, 0, 0, 0, 0, 0, 0, 0, 0]
        var: [0.0143322264776, 0.0129240229726, 0.00659188814461, 0.0106117855757, 0.0299542974681, 0.0706664249301, 0.155628040433, 0.0865794867277, 0.0359165333211, 0.0180104151368, 0.00704020960256, 0.00878815259784, 0.0548639297485, 0.0595781542361, 0.0496449135244, 0.0830777585506, 0.0609297789633, 0.0145941311494, 0.0301918759942, 0.0155765227973, 0.0256709158421, 0.0961146652699, 0.0581826716661, 0.040228266269, 0.0251217596233, 0.0157180707902, 0.0211704783142, 0.0588482506573, 0.0733527094126, 0.0745392143726, 0.149980008602, 0.0556584894657, 0.0100950822234, 0.00718129845336, 0.00548701314256, 0.00623136479408]
    chords_histogram: [17.0506916046, 0, 0, 0, 0, 0, 3.68663597107, 6.45161294937, 0, 2.30414748192, 0, 0, 0, 0, 0, 0, 0, 0, 0, 0, 0, 0, 55.2995376587, 15.2073736191]
    thpcp: [1, 0.689347028732, 0.226240232587, 0.110512331128, 0.0700931176543, 0.117265366018, 0.284415721893, 0.336795300245, 0.359464108944, 0.50027692318, 0.368820637465, 0.183199986815, 0.203262329102, 0.153178453445, 0.259484887123, 0.517583429813, 0.423541039228, 0.221940696239, 0.152156561613, 0.105893261731, 0.171126052737, 0.376559317112, 0.454472780228, 0.707646489143, 0.995171189308, 0.568432211876, 0.143362656236, 0.103919744492, 0.0688845813274, 0.0706825703382, 0.0962691009045, 0.0931690856814, 0.0817229524255, 0.107300437987, 0.189207687974, 0.583993077278]
    chords_key: "E"
    chords_scale: "minor"
    key_key: "B"
    key_scale: "minor"
    chords_progression: ["G", "G", "G", "G", "G", "G", "G", "G", "G", "G", "G", "G", "G", "G", "G", "Em", "Em", "Em", "Em", "Em", "Em", "Em", "Em", "Em", "Em", "Em", "Em", "Em", "Em", "Em", "Em", "Em", "Em", "Em", "Em", "Em", "Em", "Em", "Em", "Em", "Em", "Em", "Em", "Em", "Em", "Em", "Em", "Em", "Em", "Em", "Em", "Em", "Bm", "Bm", "Bm", "Bm", "Bm", "Bm", "Bm", "Bm", "Bm", "Bm", "Bm", "Bm", "Bm", "Bm", "Bm", "Bm", "Bm", "Bm", "Bm", "Bm", "Bm", "Bm", "B", "B", "B", "B", "B", "B", "B", "B", "B", "B", "B", "B", "B", "B", "Em", "Em", "Em", "Em", "Em", "Em", "Em", "Em", "Em", "Em", "Em", "Em", "Em", "Em", "Em", "Em", "Em", "Em", "Em", "Em", "Em", "Em", "Em", "Em", "Em", "Em", "Em", "Em", "Em", "Em", "Em", "Em", "Em", "Em", "Em", "Em", "Em", "Em", "Em", "Em", "Em", "Em", "Em", "Bm", "Bm", "Bm", "Bm", "Bm", "G", "Bm", "Bm", "Bm", "Bm", "Bm", "Bm", "Bm", "Bm", "Bm", "Bm", "F#", "F#", "F#", "F#", "F#", "G", "G", "G", "G", "G", "G", "Em", "Em", "Em", "Em", "Em", "Em", "Em", "Em", "Em", "Em", "Em", "Em", "Em", "Em", "Em", "Em", "Em", "Em", "Em", "Em", "Em", "Em", "Em", "Em", "Em", "Em", "Em", "Em", "Em", "Em", "Em", "Em", "Em", "Em", "Em", "Em", "Em", "Em", "Em", "Em", "G", "G", "G", "G", "G", "G", "G", "G", "G", "G", "G", "G#m", "G#m", "G#m", "G#m", "G#m", "G#m", "G#m", "G#m"]
