
metadata:
    version:
        essentia: "1.2.2"
    audio_properties:
        analysis_sample_rate: 44100
        bitrate: 128
        channels: 2
        equal_loudness: 1
        length: 10.0310201645
        replay_gain: -11.2275123596
        downmix: "mix"
    tags:
        track: 24
        year: 0
        album: "Splitted by Mp3Splt v. 2.1"
        artist: "From 003.50 To 004.00"
        comment: "http://mp3splt.sf.net"
        genre: ""
        title: "13 Eye.mp3"

highlevel:
    ballroom:
        all:
            ChaChaCha: 0.0885213464499
            Jive: 0.417255014181
            Quickstep: 0.197035983205
            Rumba-American: 0.00552757130936
            Rumba-International: 0.0118627557531
            Rumba-Misc: 0.00563981151208
            Samba: 0.179716736078
            Tango: 0.0104412483051
            VienneseWaltz: 0.0745999142528
            Waltz: 0.00939959753305
        probability: 0.417255014181
        value: "Jive"
    culture:
        all:
            non_western: 0.225364238024
            western: 0.774635732174
        probability: 0.774635732174
        value: "western"
    gender:
        all:
            female: 0.763455569744
            male: 0.236544415355
        probability: 0.763455569744
        value: "female"
    genre_dortmund:
        all:
            alternative: 0.19842903316
            blues: 0.0034978876356
            electronic: 0.378107219934
            folkcountry: 0.0246428642422
            funksoulrnb: 0.0171699076891
            jazz: 0.00923643540591
            pop: 0.0982283949852
            raphiphop: 0.0266776252538
            rock: 0.24401062727
        probability: 0.378107219934
        value: "electronic"
    genre_electronica:
        all:
            ambient: 0.333145081997
            dnb: 0.167161345482
            house: 0.00132655620109
            techno: 0.00528921419755
            trance: 0.493077784777
        probability: 0.493077784777
        value: "trance"
    genre_rosamerica:
        all:
            cla: 0.0139181343839
            dan: 0.0469989366829
            hip: 0.0176942292601
            jaz: 0.00990186724812
            pop: 0.0512134172022
            rhy: 0.0165758766234
            roc: 0.841444909573
            spe: 0.00225262879394
        probability: 0.841444909573
        value: "roc"
    genre_tzanetakis:
        all:
            blu: 0.00543703371659
            cla: 0.0377536304295
            cou: 0.171244695783
            dis: 0.0402871742845
            hip: 0.014012305066
            jaz: 0.063772380352
            met: 0.040239110589
            pop: 0.436942398548
            reg: 0.0338115245104
            roc: 0.156499743462
        probability: 0.436942398548
        value: "pop"
    live_studio:
        all:
            live: 0.538651227951
            studio: 0.461348742247
        probability: 0.538651227951
        value: "live"
    mood:
        all:
            Cluster1: 0.549854874611
            Cluster2: 0.142390817404
            Cluster3: 0.140592619777
            Cluster4: 0.0408174283803
            Cluster5: 0.126344248652
        probability: 0.549854874611
        value: "Cluster1"
    mood_acoustic:
        all:
            acoustic: 0.0341591350734
            not_acoustic: 0.965840876102
        probability: 0.965840876102
        value: "not_acoustic"
    mood_aggressive:
        all:
            aggressive: 0.946383655071
            not_aggressive: 0.0536163374782
        probability: 0.946383655071
        value: "aggressive"
    mood_electronic:
        all:
            electronic: 0.814018368721
            not_electronic: 0.18598164618
        probability: 0.814018368721
        value: "electronic"
    mood_happy:
        all:
            happy: 0.397576063871
            not_happy: 0.602423906326
        probability: 0.602423906326
        value: "not_happy"
    mood_party:
        all:
            not_party: 0.354236841202
            party: 0.645763158798
        probability: 0.645763158798
        value: "party"
    mood_relaxed:
        all:
            not_relaxed: 0.678411304951
            relaxed: 0.321588695049
        probability: 0.678411304951
        value: "not_relaxed"
    mood_sad:
        all:
            not_sad: 0.775669753551
            sad: 0.22433026135
        probability: 0.775669753551
        value: "not_sad"
    rhythm:
        all:
            fast: 0.125054210424
            medium: 0.764360070229
            slow: 0.110585689545
        probability: 0.764360070229
        value: "medium"
    speech_music:
        all:
            music: 0.998096048832
            speech: 0.00190392602235
        probability: 0.998096048832
        value: "music"
    timbre:
        all:
            bright: 0.389459848404
            dark: 0.610540151596
        probability: 0.610540151596
        value: "dark"
    voice_instrumental:
        all:
            instrumental: 0.226002812386
            voice: 0.773997187614
        probability: 0.773997187614
        value: "voice"

lowlevel:
    average_loudness: 0.979833722115
    barkbands_kurtosis:
        dmean: 0.659900784492
        dmean2: 1.11322832108
        dvar: 0.532890975475
        dvar2: 1.45788908005
        max: 5.19489765167
        mean: -0.239582166076
        min: -1.64659976959
        var: 0.76169782877
    barkbands_skewness:
        dmean: 0.335608363152
        dmean2: 0.542237281799
        dvar: 0.0763138905168
        dvar2: 0.173491224647
        max: 1.52363443375
        mean: 0.279187768698
        min: -1.33482968807
        var: 0.203719779849
    barkbands_spread:
        dmean: 5.01045131683
        dmean2: 8.14204978943
        dvar: 20.5160083771
        dvar2: 50.3379211426
        max: 49.9885902405
        mean: 22.4042606354
        min: 6.55500173569
        var: 50.4942436218
    dissonance:
        dmean: 0.0242792293429
        dmean2: 0.0418711788952
        dvar: 0.000431877415394
        dvar2: 0.00121415231843
        max: 0.499251544476
        mean: 0.461686640978
        min: 0.34714743495
        var: 0.000591670919675
    hfc:
        dmean: 2.41211986542
        dmean2: 3.51782369614
        dvar: 16.3269557953
        dvar2: 32.3941764832
        max: 35.7174415588
        mean: 6.51795244217
        min: 1.37954986095
        var: 34.3681411743
    pitch:
        dmean: 404.75567627
        dmean2: 779.876342773
        dvar: 732631.75
        dvar2: 1869337.625
        max: 4410
        mean: 545.01361084
        min: 92.6470565796
        var: 723686.625
    pitch_instantaneous_confidence:
        dmean: 0.0981020927429
        dmean2: 0.165564313531
        dvar: 0.00616987142712
        dvar2: 0.0165788996965
        max: 0.778814733028
        mean: 0.39232647419
        min: 0.168374359608
        var: 0.0116901788861
    pitch_salience:
        dmean: 0.0618226230145
        dmean2: 0.100563183427
        dvar: 0.00254538631998
        dvar2: 0.00707251671702
        max: 0.783679783344
        mean: 0.620588243008
        min: 0.318690538406
        var: 0.00551711954176
    silence_rate_20dB:
        dmean: 0
        dmean2: 0
        dvar: 0
        dvar2: 0
        max: 1
        mean: 1
        min: 1
        var: 0
    silence_rate_30dB:
        dmean: 0
        dmean2: 0
        dvar: 0
        dvar2: 0
        max: 1
        mean: 1
        min: 1
        var: 0
    silence_rate_60dB:
        dmean: 0.157772615552
        dmean2: 0.313953489065
        dvar: 0.13288000226
        dvar2: 0.289804279804
        max: 1
        mean: 0.277777791023
        min: 0
        var: 0.200617864728
    spectral_centroid:
        dmean: 208.889404297
        dmean2: 319.496765137
        dvar: 45635.9570312
        dvar2: 89776.28125
        max: 2768.40209961
        mean: 1357.42541504
        min: 656.692321777
        var: 165646.375
    spectral_complexity:
        dmean: 3.75757575035
        dmean2: 5.33878517151
        dvar: 19.5728740692
        dvar2: 27.4997081757
        max: 46
        mean: 14.6116275787
        min: 3
        var: 65.4514846802
    spectral_crest:
        dmean: 2.63422203064
        dmean2: 4.5309677124
        dvar: 5.69021511078
        dvar2: 14.7324743271
        max: 19.2619285583
        mean: 6.98207712173
        min: 2.67538523674
        var: 8.34200000763
    spectral_decrease:
        dmean: 3.26441595977e-10
        dmean2: 5.23856458212e-10
        dvar: 1.28555719138e-19
        dvar2: 3.00939861526e-19
        max: -2.71910827188e-10
        mean: -1.01719110912e-09
        min: -3.31893401651e-09
        var: 2.53544971517e-19
    spectral_energy:
        dmean: 0.0014319390757
        dmean2: 0.00225695525296
        dvar: 2.76286004919e-06
        dvar2: 6.27065401204e-06
        max: 0.015269966796
        mean: 0.00443031173199
        min: 0.00115137523971
        var: 5.66063863516e-06
    spectral_energyband_high:
        dmean: 0.000135240363306
        dmean2: 0.000186763238162
        dvar: 9.16641411663e-08
        dvar2: 1.55346313591e-07
        max: 0.00231388653629
        mean: 0.000232007514569
        min: 2.06606309803e-05
        var: 1.76501274041e-07
    spectral_energyband_low:
        dmean: 0.00015149830142
        dmean2: 0.000235578743741
        dvar: 6.53001492879e-08
        dvar2: 1.55640648813e-07
        max: 0.00240168254822
        mean: 0.000259751250269
        min: 6.57813552607e-06
        var: 9.06032440184e-08
    spectral_energyband_middle_high:
        dmean: 0.000937660341151
        dmean2: 0.00152538798284
        dvar: 1.0632284102e-06
        dvar2: 2.55354689216e-06
        max: 0.00890500284731
        mean: 0.00254641636275
        min: 0.00045417965157
        var: 2.54418273471e-06
    spectral_energyband_middle_low:
        dmean: 0.000684766389895
        dmean2: 0.00112613337114
        dvar: 5.9984103018e-07
        dvar2: 1.52676557263e-06
        max: 0.00575417047366
        mean: 0.00139211001806
        min: 9.36308060773e-05
        var: 9.16094222703e-07
    spectral_flatness_db:
        dmean: 0.016562236473
        dmean2: 0.0263329558074
        dvar: 0.000204968702747
        dvar2: 0.000436515285401
        max: 0.213027253747
        mean: 0.127627372742
        min: 0.075513958931
        var: 0.000515145773534
    spectral_flux:
        dmean: 0.00839286204427
        dmean2: 0.0129046291113
        dvar: 8.27960247989e-05
        dvar2: 0.000175934459548
        max: 0.103005863726
        mean: 0.0412668548524
        min: 0.0207144729793
        var: 0.000190509352251
    spectral_kurtosis:
        dmean: 1.4460722208
        dmean2: 2.28800058365
        dvar: 1.59817779064
        dvar2: 3.99099850655
        max: 14.5430030823
        mean: 5.46671533585
        min: 0.0324506759644
        var: 3.55669903755
    spectral_rms:
        dmean: 0.000318290636642
        dmean2: 0.00049980863696
        dvar: 9.54927870112e-08
        dvar2: 2.17806558567e-07
        max: 0.00385973160155
        mean: 0.00201984401792
        min: 0.00105985510163
        var: 2.42484730961e-07
    spectral_rolloff:
        dmean: 481.108612061
        dmean2: 764.981994629
        dvar: 221104.96875
        dvar2: 473219.65625
        max: 4478.90625
        mean: 2453.83325195
        min: 581.396484375
        var: 664402.1875
    spectral_skewness:
        dmean: 0.185766652226
        dmean2: 0.29600289464
        dvar: 0.0271922443062
        dvar2: 0.0576707310975
        max: 3.08578777313
        mean: 1.89305579662
        min: 0.751823484898
        var: 0.0867284089327
    spectral_spread:
        dmean: 1008485.5
        dmean2: 1396229.25
        dvar: 1.15524121395e+12
        dvar2: 2.45780447232e+12
        max: 9970363
        mean: 4917634
        min: 2701641.5
        var: 2.03824457318e+12
    spectral_strongpeak:
        dmean: 0.479661166668
        dmean2: 0.827086567879
        dvar: 0.212980732322
        dvar2: 0.603651583195
        max: 3.33817887306
        mean: 0.721096277237
        min: 0.0180317591876
        var: 0.28632375598
    zerocrossingrate:
        dmean: 0.00767819397151
        dmean2: 0.00893166754395
        dvar: 4.9650825531e-05
        dvar2: 4.85619093524e-05
        max: 0.14306640625
        mean: 0.0766158699989
        min: 0.02978515625
        var: 0.000303859211272
    barkbands:
        dmean: [1.07798894078e-06, 0.000100403987744, 7.78990070103e-05, 8.82299864315e-05, 0.000176067696884, 0.000115718481538, 0.000141132957651, 0.000392268644646, 0.000132366854814, 0.000309266732074, 0.000108754429675, 0.000419341959059, 0.000144500241731, 4.18130621256e-05, 6.10127317486e-05, 7.9031662608e-05, 0.000100853409094, 0.000151483138325, 0.000138236253406, 0.000163903532666, 5.35248145752e-05, 1.64594530361e-05, 3.66073754776e-06, 2.08897654375e-06, 2.65762855634e-06, 3.08151527406e-07, 1.32702071554e-09]
        dmean2: [1.73924286173e-06, 0.000163711680216, 0.000121660610603, 0.000145171215991, 0.000293297780445, 0.000205422780709, 0.000234606966842, 0.000625310174655, 0.000224694449571, 0.000525257608388, 0.000182898264029, 0.000751502346247, 0.00023981508275, 6.66879641358e-05, 9.88458050415e-05, 0.000134721442009, 0.00016405803035, 0.000241116853431, 0.000207836725167, 0.000261288951151, 7.47724188841e-05, 2.34955787164e-05, 5.38997392141e-06, 3.18871821037e-06, 4.26461247116e-06, 4.79246409668e-07, 2.04141858973e-09]
        dvar: [3.98275292954e-12, 2.52079139784e-08, 2.86742132261e-08, 2.1325288202e-08, 8.61242881456e-08, 8.06342086435e-08, 3.08146077543e-08, 2.50050248951e-07, 2.25491394445e-08, 2.13933859072e-07, 1.91916509351e-08, 3.51102528384e-07, 3.36769048204e-08, 2.22036944386e-09, 6.01419580804e-09, 1.0426163044e-08, 1.46970391413e-08, 8.38980867002e-08, 6.41131876478e-08, 1.88808272128e-07, 1.01424069143e-08, 1.40901190715e-09, 7.23113444123e-11, 1.33510563716e-11, 1.39535900195e-11, 1.82367846952e-13, 3.2248761146e-18]
        dvar2: [1.00151831273e-11, 7.00695679257e-08, 6.43543813794e-08, 5.38691331542e-08, 2.1668981276e-07, 2.26990849228e-07, 8.38054816654e-08, 6.72518183364e-07, 6.05035594958e-08, 5.62404579796e-07, 5.13916980083e-08, 1.11465215014e-06, 8.82291431026e-08, 5.59273916068e-09, 1.44587479767e-08, 2.51679246333e-08, 3.71498742879e-08, 2.14359985762e-07, 1.31171248086e-07, 4.55934355159e-07, 1.43877514347e-08, 2.62221089287e-09, 1.17935133881e-10, 2.4962070605e-11, 3.44295460197e-11, 4.14141485862e-13, 6.96626613756e-18]
        max: [1.49757788677e-05, 0.00129092484713, 0.00190596561879, 0.00114221603144, 0.00178670405876, 0.00243569421582, 0.00170099036768, 0.00412661395967, 0.00147330632899, 0.0036831703037, 0.00112601881847, 0.00597808789462, 0.00178888672963, 0.000527155702002, 0.000738786300644, 0.000910097151063, 0.00128583493643, 0.00253082765266, 0.0023096811492, 0.00361900520511, 0.000808126293123, 0.000289084069664, 0.000122557234135, 5.88812945352e-05, 2.42057831201e-05, 2.05283572541e-06, 1.05898561031e-08]
        mean: [1.71211252109e-06, 0.000142480566865, 0.000115586903121, 9.9781442259e-05, 0.000207776058232, 0.000123883088236, 0.000190016551642, 0.000564385729376, 0.000198489258764, 0.000406344974181, 0.000162267766427, 0.000617744808551, 0.000217071996303, 7.2850350989e-05, 0.000107295207272, 0.000138867806527, 0.000190048478544, 0.000259194988757, 0.000239300265093, 0.000241710076807, 9.38391167438e-05, 2.62413232122e-05, 6.91879267833e-06, 3.29941690325e-06, 2.89607805826e-06, 3.08407379634e-07, 1.3834484669e-09]
        min: [1.7620517892e-11, 9.58208374868e-07, 8.19747697278e-07, 1.77475016017e-07, 5.02313014294e-06, 3.68261316908e-06, 7.15418309483e-06, 5.3885514717e-06, 1.23052777781e-05, 1.63651347975e-05, 6.03595208304e-06, 2.39783257712e-05, 8.99983388081e-06, 6.21468143436e-06, 9.29471480049e-06, 1.21633365779e-05, 1.56248879648e-05, 1.24285979837e-05, 1.72188119905e-05, 1.31106817207e-05, 8.27331950859e-06, 1.11782378553e-06, 6.2282157387e-07, 2.49196574487e-07, 1.81798043286e-07, 5.80074788203e-09, 5.36089879086e-12]
        var: [1.00221341642e-11, 3.12005461467e-08, 3.32206440135e-08, 2.27737064762e-08, 8.76839081343e-08, 5.45711493771e-08, 3.9905138749e-08, 3.87128352486e-07, 3.46145831998e-08, 2.8527995255e-07, 3.17358406221e-08, 3.77939983309e-07, 5.13572118166e-08, 3.60485996609e-09, 1.09773727885e-08, 1.72571805734e-08, 2.7853166884e-08, 1.27317534293e-07, 1.22439644201e-07, 2.39354051246e-07, 2.2762529639e-08, 2.32291408331e-09, 1.8889434461e-10, 3.08572507823e-11, 1.45514668023e-11, 1.99218503564e-13, 3.78390834721e-18]
    mfcc:
        mean: [-697.882995605, 119.386558533, -52.1432647705, 26.4463615417, -19.1608276367, -8.06325531006, 9.23528957367, 4.80000925064, 2.77103281021, -3.34306120872, 2.6361386776, 6.08236646652, 5.72000837326]
        cov: [[872.226013184, -413.450714111, 21.2519264221, 107.748962402, -50.5046043396, -41.3392524719, -75.0208358765, -120.583457947, -71.3087844849, -52.7425498962, -46.216468811, -71.7247314453, -42.5644989014], [-413.450714111, 385.108093262, 16.4047889709, -31.2337036133, 51.9687042236, 9.82121276855, 26.2196521759, 47.1853408813, 22.8365154266, -5.91250658035, 29.316822052, 34.7771530151, 14.7270793915], [21.2519264221, 16.4047889709, 295.442718506, 42.7768707275, 60.9378013611, 43.4245529175, 6.91386270523, -20.7270908356, -3.11373376846, -34.7611160278, -24.2220439911, -11.9715309143, -16.6697368622], [107.748962402, -31.2337036133, 42.7768707275, 151.171157837, 32.9558601379, 19.720407486, -12.1812982559, -15.3678684235, -14.6060943604, -9.52461051941, -17.2258777618, -30.8726215363, -28.7566986084], [-50.5046043396, 51.9687042236, 60.9378013611, 32.9558601379, 97.7182617188, 19.7226772308, 17.9391956329, 17.3196811676, 11.0902481079, -12.494307518, 7.04690694809, -16.4521045685, -7.46719312668], [-41.3392524719, 9.82121276855, 43.4245529175, 19.720407486, 19.7226772308, 64.1326065063, 18.3416309357, -0.152691841125, -2.79624581337, 2.82283306122, -3.56024813652, 11.88945961, 2.03843688965], [-75.0208358765, 26.2196521759, 6.91386270523, -12.1812982559, 17.9391956329, 18.3416309357, 58.9470443726, 29.0970878601, 9.05354690552, -0.303163439035, 1.62751662731, 2.0466799736, 4.91514730453], [-120.583457947, 47.1853408813, -20.7270908356, -15.3678684235, 17.3196811676, -0.152691841125, 29.0970878601, 80.8327026367, 36.3500175476, 20.3940162659, 5.92523956299, -1.22602176666, 8.37431907654], [-71.3087844849, 22.8365154266, -3.11373376846, -14.6060943604, 11.0902481079, -2.79624581337, 9.05354690552, 36.3500175476, 58.6126213074, 25.0236701965, 8.82100868225, -2.60685443878, 1.3280159235], [-52.7425498962, -5.91250658035, -34.7611160278, -9.52461051941, -12.494307518, 2.82283306122, -0.303163439035, 20.3940162659, 25.0236701965, 57.5586395264, 16.280412674, 7.10350751877, 4.52435779572], [-46.216468811, 29.316822052, -24.2220439911, -17.2258777618, 7.04690694809, -3.56024813652, 1.62751662731, 5.92523956299, 8.82100868225, 16.280412674, 53.6173286438, 24.117351532, 15.8305902481], [-71.7247314453, 34.7771530151, -11.9715309143, -30.8726215363, -16.4521045685, 11.88945961, 2.0466799736, -1.22602176666, -2.60685443878, 7.10350751877, 24.117351532, 66.3123245239, 31.7845096588], [-42.5644989014, 14.7270793915, -16.6697368622, -28.7566986084, -7.46719312668, 2.03843688965, 4.91514730453, 8.37431907654, 1.3280159235, 4.52435779572, 15.8305902481, 31.7845096588, 47.1707839966]]
        icov: [[0.00363114872016, 0.00333802704699, -0.000151497835759, -0.0014694170095, 0.00039525484317, 0.00150327314623, 0.00128019228578, 0.0018224256346, 0.000512012338731, 0.00257417769171, -0.000899770588148, 0.00139508617576, -7.36443180358e-05], [0.00333802704699, 0.00642785662785, -0.000149742394569, -0.000779823749326, -0.0014021609677, 0.00151281664148, 0.00123626564164, -9.88178289845e-05, 0.0002057190286, 0.00358893442899, -0.00163427891675, -0.00106998486444, 0.000997723895125], [-0.000151497835759, -0.000149742394569, 0.00479375151917, -5.10418976774e-05, -0.0025265654549, -0.00256427680142, 0.000285523798084, 0.00157078111079, -0.00172933295835, 0.00201110169291, 0.00185927783605, -0.000663760991301, 0.000654308823869], [-0.0014694170095, -0.000779823749326, -5.10418976774e-05, 0.0099684568122, -0.00321621773764, -0.0037543149665, 0.00250360718928, -0.00105361966416, 0.00223853602074, -0.00164601823781, 0.00102074921597, 0.00156259629875, 0.00325523712672], [0.00039525484317, -0.0014021609677, -0.0025265654549, -0.00321621773764, 0.0180461965501, -0.00389804295264, -0.00176215008833, -0.00259974994697, -0.00258453772403, 0.00563899660483, -0.00744109274819, 0.00686472794041, -0.000985236023553], [0.00150327314623, 0.00151281664148, -0.00256427680142, -0.0037543149665, -0.00389804295264, 0.0246315822005, -0.0076911910437, 0.00345005095005, 0.0023838924244, -0.0054008862935, 0.00471196649596, -0.00758769223467, 0.000178942791536], [0.00128019228578, 0.00123626564164, 0.000285523798084, 0.00250360718928, -0.00176215008833, -0.0076911910437, 0.0255699921399, -0.00881734676659, 0.00151656556409, 0.00459110597149, -0.00124184729066, 0.00198931456544, -5.59268410143e-05], [0.0018224256346, -9.88178289845e-05, 0.00157078111079, -0.00105361966416, -0.00259974994697, 0.00345005095005, -0.00881734676659, 0.0247428994626, -0.00999070517719, -0.00358316116035, 0.0031175033655, 0.00223607034422, -0.00437442632392], [0.000512012338731, 0.0002057190286, -0.00172933295835, 0.00223853602074, -0.00258453772403, 0.0023838924244, 0.00151656556409, -0.00999070517719, 0.0291152801365, -0.00997440610081, -0.00120360660367, 0.00175247597508, 0.00161490403116], [0.00257417769171, 0.00358893442899, 0.00201110169291, -0.00164601823781, 0.00563899660483, -0.0054008862935, 0.00459110597149, -0.00358316116035, -0.00997440610081, 0.0303790867329, -0.00892810244113, 0.00152657309081, 0.00152802281082], [-0.000899770588148, -0.00163427891675, 0.00185927783605, 0.00102074921597, -0.00744109274819, 0.00471196649596, -0.00124184729066, 0.0031175033655, -0.00120360660367, -0.00892810244113, 0.0292937364429, -0.0102843157947, -0.00283900671639], [0.00139508617576, -0.00106998486444, -0.000663760991301, 0.00156259629875, 0.00686472794041, -0.00758769223467, 0.00198931456544, 0.00223607034422, 0.00175247597508, 0.00152657309081, -0.0102843157947, 0.0315947495401, -0.0149121489376], [-7.36443180358e-05, 0.000997723895125, 0.000654308823869, 0.00325523712672, -0.000985236023553, 0.000178942791536, -5.59268410143e-05, -0.00437442632392, 0.00161490403116, 0.00152802281082, -0.00283900671639, -0.0149121489376, 0.0344648808241]]
    spectral_contrast:
        mean: [5.43836051747e-07, 2.41537421175e-08, -1.42678615589e-07, 1.42600640629e-07, 2.17149775494e-07, 8.28747133141e-08, 7.22567676803e-07, -2.62877279056e-06, -2.06786535273e-06, 1.49524487369e-06, -3.6164078665e-06, 1.67475195667e-06]
        var: [0.000351543683792, 0.00059676670935, 0.00123845506459, 0.0015935623087, 0.00230741989799, 0.00275295623578, 0.0353601947427, 0.0897222757339, 0.103585205972, 0.139830693603, 0.474543511868, 0.680281877518]

rhythm:
    beats_loudness:
        dmean: 0.00354350800626
        dmean2: 0.00698926346377
        dvar: 7.16856675353e-06
        dvar2: 1.68502174347e-05
        max: 0.0119831608608
        mean: 0.00571145676076
        min: 0.0022207358852
        var: 7.88192119217e-06
    beats_loudness_bass:
        dmean: 0.1387552917
        dmean2: 0.217575505376
        dvar: 0.0145847378299
        dvar2: 0.0242882985622
        max: 0.489926755428
        mean: 0.142486169934
        min: 0.00586927169934
        var: 0.0205065701157
    bpm: 105.667152405
    bpm_confidence: 0
    first_peak_bpm: 106
    first_peak_spread: 0
    first_peak_weight: 0.5
    onset_rate: 4.98453760147
    second_peak_bpm: 159
    second_peak_spread: 0
    second_peak_weight: 0.449999988079
    beats_position: [0.259653538465, 0.827475547791, 1.39529764652, 1.96311962605, 2.53094172478, 3.0987637043, 3.66658592224, 4.23440790176, 4.80222988129, 5.37005186081, 5.93787384033, 6.33117341995, 6.70815753937, 7.08514165878, 7.46212482452, 7.8391084671, 8.21609210968, 8.59307670593, 8.97006034851, 9.34704303741, 9.72402763367]
    bpm_estimates: [105.81137085, 105.877494812, 105.433006287, 105.487976074, 105.684623718, 105.708457947]
    bpm_intervals: [0.567821979523, 0.567822098732, 0.567821979523, 0.567822098732, 0.567821979523, 0.567822217941, 0.567821979523, 0.567821979523, 0.567821979523, 0.567821979523, 0.39329957962, 0.376984119415, 0.376984119415, 0.376983165741, 0.376983642578, 0.376983642578, 0.376984596252, 0.376983642578, 0.376982688904, 0.376984596252]
    onset_times: [0.0580498874187, 0.174149662256, 0.441179126501, 0.626938760281, 0.835918366909, 1.01006805897, 1.2190476656, 1.369977355, 1.57895696163, 1.62539684772, 1.764716506, 1.96208620071, 2.14784574509, 2.34521532059, 2.47292518616, 2.53097510338, 2.84444451332, 2.90249443054, 3.30884361267, 3.5178232193, 3.66875290871, 4.04027223587, 4.2492518425, 4.36535167694, 4.42340135574, 4.62077093124, 4.80653047562, 4.99229001999, 5.1780500412, 5.34058952332, 5.5727891922, 5.94430828094, 6.31582784653, 6.53641700745, 6.6989569664, 6.8963265419, 7.07047605515, 7.26784563065, 7.46521520615, 7.67419481277, 7.84834480286, 8.01088428497, 8.23147392273, 8.44045352936, 8.60299301147, 8.82358264923, 8.98612213135, 9.17188167572, 9.39247131348, 9.74077129364]
    rubato_start: [6.33117341995]
    rubato_stop: [6.70815753937]
    perceptual_tempo: "unknown"

sfx:
    inharmonicity:
        dmean: 0.0560671724379
        dmean2: 0.0998654738069
        dvar: 0.00330573879182
        dvar2: 0.00933270808309
        max: 0.352082878351
        mean: 0.0652571320534
        min: 0.000539919710718
        var: 0.00351189961657
    oddtoevenharmonicenergyratio:
        dmean: 2.22172951698
        dmean2: 4.07647943497
        dvar: 10.3339548111
        dvar2: 28.7860298157
        max: 23.8324661255
        mean: 1.67241358757
        min: 0.00222872500308
        var: 8.29768848419
    pitch_after_max_to_before_max_energy_ratio: 21.9033946991
    pitch_centroid: 213.68989563
    pitch_max_to_total: 0.0139534883201
    pitch_min_to_total: 0.258139520884
    tristimulus:
        dmean: [0.185177728534, 0.235777631402, 0.123460054398]
        dmean2: [0.319932162762, 0.415087163448, 0.212981209159]
        dvar: [0.0231174752116, 0.040887773037, 0.0110410219058]
        dvar2: [0.0650001764297, 0.110462903976, 0.0313606187701]
        max: [0.917860507965, 0.928187966347, 0.622467637062]
        mean: [0.296620041132, 0.521134614944, 0.140424519777]
        min: [0.0269572045654, 0, 0]
        var: [0.0350246168673, 0.0533992908895, 0.0152260800824]

tonal:
    chords_changes_rate: 0.0694444477558
    chords_number_rate: 0.0185185186565
    chords_strength:
        dmean: 0.00979227665812
        dmean2: 0.00932031963021
        dvar: 7.39823008189e-05
        dvar2: 6.10796923866e-05
        max: 0.676835477352
        mean: 0.547929883003
        min: 0.343555182219
        var: 0.00681110285223
    key_strength: 0.740716636181
    tuning_diatonic_strength: 0.713807821274
    tuning_equal_tempered_deviation: 0.195492625237
    tuning_frequency: 434.695007324
    tuning_nontempered_energy_ratio: 0.860482811928
    hpcp:
        dmean: [0.11451972276, 0.0778350383043, 0.0703183338046, 0.10698504746, 0.134693294764, 0.0960793569684, 0.115890793502, 0.137235298753, 0.0991979837418, 0.0889812633395, 0.123715750873, 0.18242366612, 0.197716757655, 0.182875156403, 0.161003217101, 0.0911268293858, 0.0705559030175, 0.148034617305, 0.223146110773, 0.233811289072, 0.160100504756, 0.133731544018, 0.118509955704, 0.0720356702805, 0.0553114339709, 0.0715793892741, 0.0920333787799, 0.118970036507, 0.153012797236, 0.137644857168, 0.0970933437347, 0.0808317437768, 0.122744850814, 0.186321780086, 0.185571163893, 0.1606079638]
        dmean2: [0.196847006679, 0.13887090981, 0.119874216616, 0.170951843262, 0.216028004885, 0.155129805207, 0.190992742777, 0.233245134354, 0.171389043331, 0.151985257864, 0.208634421229, 0.294168323278, 0.333661109209, 0.299635797739, 0.281249731779, 0.153232306242, 0.119415193796, 0.246008753777, 0.378202289343, 0.40990164876, 0.273578494787, 0.225740864873, 0.201426014304, 0.117759935558, 0.091972656548, 0.123341329396, 0.153146386147, 0.200433790684, 0.253611028194, 0.237041801214, 0.166488617659, 0.13522092998, 0.204415246844, 0.321897089481, 0.331132441759, 0.266970157623]
        dvar: [0.0269433539361, 0.013261185959, 0.00681093195453, 0.0151230404153, 0.0234910659492, 0.0123501699418, 0.0159742571414, 0.0341451950371, 0.0150174759328, 0.0150483259931, 0.0178107395768, 0.0358115397394, 0.0452539138496, 0.0342128761113, 0.0314124673605, 0.012511507608, 0.0108304386958, 0.0200182888657, 0.0377647206187, 0.0401023738086, 0.0219660140574, 0.0180291570723, 0.020554440096, 0.00591521756724, 0.00391434272751, 0.0128096472472, 0.0193961672485, 0.0263198893517, 0.0391408018768, 0.0411225967109, 0.0257042814046, 0.0163265243173, 0.0117733906955, 0.0347562246025, 0.0364951528609, 0.0282396413386]
        dvar2: [0.0808018147945, 0.0353658422828, 0.0161445755512, 0.0349373705685, 0.0598667897284, 0.0316241793334, 0.0392376817763, 0.0883380398154, 0.0379623249173, 0.0393556244671, 0.0453142523766, 0.0938917174935, 0.109912633896, 0.0939396768808, 0.0845634043217, 0.0323419719934, 0.0297022014856, 0.0496408827603, 0.101010553539, 0.102033145726, 0.0593627095222, 0.0493888407946, 0.0455170795321, 0.0127390157431, 0.00915010273457, 0.0358713157475, 0.053232781589, 0.0731382668018, 0.102567538619, 0.10803796351, 0.0611364096403, 0.0347717255354, 0.0272643249482, 0.0879602953792, 0.0956514403224, 0.0827100798488]
        max: [1, 0.795271098614, 0.512753903866, 0.922006607056, 1, 0.861936926842, 0.936267435551, 1, 0.754502356052, 1, 0.679088652134, 1, 1, 1, 1, 0.743839383125, 1, 1, 1, 1, 0.976107120514, 1, 1, 0.533832490444, 0.462481319904, 1, 1, 1, 1, 1, 1, 0.877890646458, 1, 1, 1, 1]
        mean: [0.110216803849, 0.0809886083007, 0.0945132374763, 0.16282171011, 0.186648085713, 0.142064526677, 0.184663265944, 0.207856044173, 0.138782933354, 0.106523618102, 0.138261377811, 0.263490438461, 0.446905374527, 0.427135914564, 0.238811701536, 0.12278842181, 0.100199684501, 0.243798047304, 0.51218110323, 0.493672758341, 0.260345935822, 0.209764674306, 0.190709382296, 0.114228092134, 0.0804973989725, 0.0947529301047, 0.118321210146, 0.160845160484, 0.181808441877, 0.148025810719, 0.111134879291, 0.0976078957319, 0.20748449862, 0.464522391558, 0.474738478661, 0.235337078571]
        min: [0.00551194045693, 0.00321963406168, 0.00989011488855, 0.0152702648193, 0.0103027336299, 0.0148620288819, 0.0204390026629, 0.0202480852604, 0.00909177493304, 0.00394754204899, 0.00162992754485, 0.00629594549537, 0.0270665325224, 0.0214650854468, 0.0231299307197, 0.00776340067387, 0.00642494903877, 0.0226637795568, 0.0519291348755, 0.0365032814443, 0.0225698295981, 0.0121931331232, 0.00623771781102, 0.00669748289511, 0.00369828520343, 0.002862340305, 0.00659019593149, 0.00838276185095, 0.00661352556199, 0.00426517613232, 0.00315712741576, 0.00552210956812, 0.0132736563683, 0.0379515625536, 0.0159890074283, 0.0095950672403]
        var: [0.0223031565547, 0.0104641495273, 0.00812133960426, 0.0232319161296, 0.0339713618159, 0.0179251506925, 0.0262951534241, 0.0476435273886, 0.0196533631533, 0.0148812420666, 0.0202014464885, 0.0495939590037, 0.119188129902, 0.108556285501, 0.0473715700209, 0.0150943519548, 0.0112668471411, 0.0353013463318, 0.094100445509, 0.0914423391223, 0.0304453000426, 0.0414746925235, 0.0434257648885, 0.0119958901778, 0.00586079759523, 0.0146410055459, 0.0227046366781, 0.0303737502545, 0.0435415171087, 0.0378400981426, 0.0269413813949, 0.0217627324164, 0.0332216247916, 0.108736366034, 0.114383690059, 0.0441088341177]
    chords_histogram: [31.0185184479, 0.462962955236, 13.4259262085, 0, 0, 25.4629631042, 0, 0, 0, 29.6296291351, 0, 0, 0, 0, 0, 0, 0, 0, 0, 0, 0, 0, 0, 0]
    thpcp: [1, 0.963863670826, 0.50830835104, 0.409551769495, 0.372347563505, 0.223022848368, 0.157165884972, 0.184998884797, 0.231014400721, 0.314039617777, 0.354969054461, 0.289010673761, 0.216983556747, 0.190573006868, 0.405099868774, 0.906949520111, 0.926895737648, 0.459480196238, 0.215191081166, 0.158124938607, 0.184530898929, 0.317898720503, 0.364418148994, 0.277371674776, 0.360542923212, 0.405825287104, 0.270964562893, 0.207980379462, 0.269946277142, 0.514447808266, 0.872553408146, 0.833954870701, 0.46626418829, 0.239736333489, 0.195633307099, 0.475999683142]
    chords_key: "C#"
    chords_scale: "minor"
    key_key: "C#"
    key_scale: "minor"
    chords_progression: ["G#", "G#", "G#", "G#", "G#", "G#", "G#", "G#", "G#", "G#", "G#", "G#", "G#", "G#", "G#", "G#", "G#", "G#", "G#", "G#", "G#", "G#", "G#", "G#", "G#", "G#", "G#", "G#", "G#", "G#", "G#", "G#", "G#", "G#", "G#", "G#", "G#", "G#", "G#", "G#", "G#", "G#", "G#", "G#", "G#", "G#", "G#", "G#", "G#", "G#m", "G#m", "G#m", "G#m", "G#m", "G#m", "C#m", "C#m", "C#m", "C#m", "C#m", "F#", "F#", "F#", "F#", "F#", "F#", "F#", "F#", "F#", "F#", "F#", "F#", "F#", "F#", "F#", "F#", "F#", "F#", "F#", "F#", "F#", "F#", "F#", "F#", "F#", "C#m", "C#m", "C#m", "C#m", "C#m", "C#m", "C#m", "C#m", "C#m", "C#m", "C#m", "C#m", "C#m", "C#m", "C#m", "C#m", "C#m", "C#m", "C#m", "C#m", "C#m", "C#m", "C#m", "C#m", "C#m", "C#m", "C#m", "C#m", "C#m", "C#m", "C#m", "C#m", "C#m", "C#m", "C#m", "C#m", "C#m", "C#m", "C#m", "C#m", "C#m", "C#m", "C#m", "C#m", "C#m", "E", "G#m", "G#m", "G#m", "C#m", "G#m", "C#m", "C#m", "C#m", "C#m", "C#m", "G#m", "G#m", "G#m", "G#m", "G#m", "G#m", "G#m", "G#m", "G#m", "G#m", "G#m", "G#m", "G#m", "G#m", "G#", "G#", "G#", "G#", "G#", "G#", "G#", "G#", "G#", "G#", "G#", "G#", "G#", "G#", "G#", "C#m", "C#m", "C#m", "C#m", "C#m", "C#m", "C#m", "C#m", "C#m", "G#m", "G#m", "G#m", "G#m", "G#m", "C#m", "C#m", "F#", "F#", "F#", "F#", "F#", "F#", "F#", "F#", "F#", "F#", "F#", "F#", "F#", "F#", "F#", "F#", "F#", "F#", "F#", "F#", "F#", "F#", "F#", "F#", "F#", "F#", "F#", "F#", "F#", "F#"]
