
metadata:
    version:
        essentia: "1.2.2"
    audio_properties:
        analysis_sample_rate: 44100
        bitrate: 128
        channels: 2
        equal_loudness: 1
        length: 10.0048980713
        replay_gain: -17.1927375793
        downmix: "mix"
    tags:
        track: 17
        year: 0
        album: "Splitted by Mp3Splt v. 2.1"
        artist: "From 002.40 To 002.50"
        comment: "http://mp3splt.sf.net"
        genre: ""
        title: "02 Casualty.mp3"

highlevel:
    ballroom:
        all:
            ChaChaCha: 0.123721785843
            Jive: 0.678295969963
            Quickstep: 0.105917789042
            Rumba-American: 0.00215184502304
            Rumba-International: 0.0115516930819
            Rumba-Misc: 0.00211946992204
            Samba: 0.0509025640786
            Tango: 0.00545076513663
            VienneseWaltz: 0.0162794142962
            Waltz: 0.00360870268196
        probability: 0.678295969963
        value: "Jive"
    culture:
        all:
            non_western: 0.133612498641
            western: 0.866387486458
        probability: 0.866387486458
        value: "western"
    gender:
        all:
            female: 0.130426704884
            male: 0.869573295116
        probability: 0.869573295116
        value: "male"
    genre_dortmund:
        all:
            alternative: 0.051023632288
            blues: 0.0618023537099
            electronic: 0.119215928018
            folkcountry: 0.0850636288524
            funksoulrnb: 0.0402186140418
            jazz: 0.00614079134539
            pop: 0.060785472393
            raphiphop: 0.0644450113177
            rock: 0.511304557323
        probability: 0.511304557323
        value: "rock"
    genre_electronica:
        all:
            ambient: 0.171871826053
            dnb: 0.509657740593
            house: 0.0580826997757
            techno: 0.0323638319969
            trance: 0.228023901582
        probability: 0.509657740593
        value: "dnb"
    genre_rosamerica:
        all:
            cla: 0.0117355026305
            dan: 0.0261368863285
            hip: 0.0237515307963
            jaz: 0.00325925182551
            pop: 0.0735397264361
            rhy: 0.0326183065772
            roc: 0.823718905449
            spe: 0.00523991975933
        probability: 0.823718905449
        value: "roc"
    genre_tzanetakis:
        all:
            blu: 0.00428058300167
            cla: 0.0027131785173
            cou: 0.0482570193708
            dis: 0.175703704357
            hip: 0.0188712980598
            jaz: 0.00182390550617
            met: 0.022945523262
            pop: 0.415344923735
            reg: 0.0807489305735
            roc: 0.229310944676
        probability: 0.415344923735
        value: "pop"
    live_studio:
        all:
            live: 0.0204005427659
            studio: 0.979599475861
        probability: 0.979599475861
        value: "studio"
    mood:
        all:
            Cluster1: 0.267799884081
            Cluster2: 0.121185153723
            Cluster3: 0.101523853838
            Cluster4: 0.173552051187
            Cluster5: 0.335939049721
        probability: 0.335939049721
        value: "Cluster5"
    mood_acoustic:
        all:
            acoustic: 0.00935076270252
            not_acoustic: 0.990649223328
        probability: 0.990649223328
        value: "not_acoustic"
    mood_aggressive:
        all:
            aggressive: 0.705049753189
            not_aggressive: 0.294950217009
        probability: 0.705049753189
        value: "aggressive"
    mood_electronic:
        all:
            electronic: 0.512978672981
            not_electronic: 0.487021297216
        probability: 0.512978672981
        value: "electronic"
    mood_happy:
        all:
            happy: 0.909750282764
            not_happy: 0.0902497321367
        probability: 0.909750282764
        value: "happy"
    mood_party:
        all:
            not_party: 0.127984583378
            party: 0.872015416622
        probability: 0.872015416622
        value: "party"
    mood_relaxed:
        all:
            not_relaxed: 0.982776343822
            relaxed: 0.0172236468643
        probability: 0.982776343822
        value: "not_relaxed"
    mood_sad:
        all:
            not_sad: 0.95126336813
            sad: 0.048736654222
        probability: 0.95126336813
        value: "not_sad"
    rhythm:
        all:
            fast: 0.891044616699
            medium: 0.102762371302
            slow: 0.0061930147931
        probability: 0.891044616699
        value: "fast"
    speech_music:
        all:
            music: 0.999583184719
            speech: 0.000416818074882
        probability: 0.999583184719
        value: "music"
    timbre:
        all:
            bright: 0.00135075522121
            dark: 0.99864923954
        probability: 0.99864923954
        value: "dark"
    voice_instrumental:
        all:
            instrumental: 0.000906221044715
            voice: 0.999093770981
        probability: 0.999093770981
        value: "voice"

lowlevel:
    average_loudness: 0.907601833344
    barkbands_kurtosis:
        dmean: 1.37498140335
        dmean2: 2.18283081055
        dvar: 6.26227426529
        dvar2: 13.6230335236
        max: 27.4977893829
        mean: 0.469776898623
        min: -1.81341433525
        var: 13.0660905838
    barkbands_skewness:
        dmean: 0.493989109993
        dmean2: 0.750425517559
        dvar: 0.218570560217
        dvar2: 0.477983832359
        max: 4.7137336731
        mean: 0.24305190146
        min: -3.83349490166
        var: 1.36127603054
    barkbands_spread:
        dmean: 5.50755643845
        dmean2: 8.62146091461
        dvar: 27.3457126617
        dvar2: 58.0144920349
        max: 51.6312980652
        mean: 26.4930915833
        min: 1.8797930479
        var: 86.9614486694
    dissonance:
        dmean: 0.0159763097763
        dmean2: 0.0268552433699
        dvar: 0.000273253535852
        dvar2: 0.00071944546653
        max: 0.499652445316
        mean: 0.468589544296
        min: 0.337888836861
        var: 0.000479512498714
    hfc:
        dmean: 3.0580406189
        dmean2: 4.58350801468
        dvar: 35.6771659851
        dvar2: 56.3911476135
        max: 109.134178162
        mean: 8.30675601959
        min: 0.045960303396
        var: 111.293548584
    pitch:
        dmean: 708.787841797
        dmean2: 1337.03295898
        dvar: 1356274.375
        dvar2: 3160812.5
        max: 4410
        mean: 879.620056152
        min: 83.3648376465
        var: 1488891.125
    pitch_instantaneous_confidence:
        dmean: 0.0958569943905
        dmean2: 0.155344009399
        dvar: 0.00696790218353
        dvar2: 0.0173334442079
        max: 0.82657533884
        mean: 0.395979911089
        min: 0.139916360378
        var: 0.0193563047796
    pitch_salience:
        dmean: 0.071751691401
        dmean2: 0.118264548481
        dvar: 0.0034194693435
        dvar2: 0.00838955212384
        max: 0.832639455795
        mean: 0.6374091506
        min: 0.257715433836
        var: 0.00926719140261
    silence_rate_20dB:
        dmean: 0
        dmean2: 0
        dvar: 0
        dvar2: 0
        max: 1
        mean: 1
        min: 1
        var: 0
    silence_rate_30dB:
        dmean: 0
        dmean2: 0
        dvar: 0
        dvar2: 0
        max: 1
        mean: 1
        min: 1
        var: 0
    silence_rate_60dB:
        dmean: 0.106976747513
        dmean2: 0.214452207088
        dvar: 0.0955327302217
        dvar2: 0.191772550344
        max: 1
        mean: 0.352668225765
        min: 0
        var: 0.228292793036
    spectral_centroid:
        dmean: 263.953277588
        dmean2: 385.647094727
        dvar: 66262.8046875
        dvar2: 141649.4375
        max: 3513.76025391
        mean: 1491.68688965
        min: 244.991271973
        var: 480205.125
    spectral_complexity:
        dmean: 4.33878517151
        dmean2: 6.98594856262
        dvar: 26.826789856
        dvar2: 59.9529838562
        max: 44
        mean: 14.4242420197
        min: 0
        var: 85.8992462158
    spectral_crest:
        dmean: 2.54812288284
        dmean2: 4.16720724106
        dvar: 6.07682323456
        dvar2: 13.8410520554
        max: 23.7544994354
        mean: 8.06254768372
        min: 2.79037904739
        var: 15.7858314514
    spectral_decrease:
        dmean: 3.44896389226e-10
        dmean2: 5.42539513315e-10
        dvar: 1.80614550709e-19
        dvar2: 4.15666581313e-19
        max: -3.0308939386e-11
        mean: -1.02774555533e-09
        min: -5.60651702841e-09
        var: 4.94334973084e-19
    spectral_energy:
        dmean: 0.00154830235988
        dmean2: 0.00242277816869
        dvar: 4.29726560469e-06
        dvar2: 9.07602679945e-06
        max: 0.0310590583831
        mean: 0.00463239755481
        min: 0.000118561743875
        var: 1.23474173961e-05
    spectral_energyband_high:
        dmean: 0.000171534818946
        dmean2: 0.000242150548729
        dvar: 1.61066921578e-07
        dvar2: 2.61188290551e-07
        max: 0.00553494784981
        mean: 0.000358249788405
        min: 1.80852896392e-06
        var: 3.84495052685e-07
    spectral_energyband_low:
        dmean: 9.05913402676e-05
        dmean2: 0.000147579557961
        dvar: 4.24267838639e-08
        dvar2: 1.09862178022e-07
        max: 0.00227359705605
        mean: 0.000148432183778
        min: 6.2014737523e-07
        var: 5.53088845834e-08
    spectral_energyband_middle_high:
        dmean: 0.000962270540185
        dmean2: 0.00150390423369
        dvar: 2.56538623944e-06
        dvar2: 4.86022418045e-06
        max: 0.0254060067236
        mean: 0.00248841219582
        min: 9.78384559858e-06
        var: 7.96537824499e-06
    spectral_energyband_middle_low:
        dmean: 0.000741354422644
        dmean2: 0.00116298533976
        dvar: 6.95217522662e-07
        dvar2: 1.85807880371e-06
        max: 0.00760072749108
        mean: 0.0016372812679
        min: 5.99762752245e-05
        var: 1.51106519297e-06
    spectral_flatness_db:
        dmean: 0.017499787733
        dmean2: 0.0279252231121
        dvar: 0.000310401665047
        dvar2: 0.000680708326399
        max: 0.300529509783
        mean: 0.154923483729
        min: 0.0913239568472
        var: 0.000982380122878
    spectral_flux:
        dmean: 0.00855677574873
        dmean2: 0.0133368307725
        dvar: 9.38224984566e-05
        dvar2: 0.000178901042091
        max: 0.114126965404
        mean: 0.0412891618907
        min: 0.00780344614759
        var: 0.000364553707186
    spectral_kurtosis:
        dmean: 1.3417648077
        dmean2: 2.13660645485
        dvar: 1.71769559383
        dvar2: 4.44938087463
        max: 12.3871679306
        mean: 4.69758462906
        min: -0.427490711212
        var: 4.93264389038
    spectral_rms:
        dmean: 0.000335373741109
        dmean2: 0.0005203433102
        dvar: 1.3310132374e-07
        dvar2: 3.03759861708e-07
        max: 0.00550468172878
        mean: 0.00199369364418
        min: 0.000340102909831
        var: 5.44594740859e-07
    spectral_rolloff:
        dmean: 423.368865967
        dmean2: 680.943359375
        dvar: 284436.625
        dvar2: 571682.3125
        max: 4995.703125
        mean: 2637.84179688
        min: 258.3984375
        var: 1310492.375
    spectral_skewness:
        dmean: 0.205807700753
        dmean2: 0.305179357529
        dvar: 0.0383188985288
        dvar2: 0.0832218900323
        max: 2.76304531097
        mean: 1.57591211796
        min: 0.492764472961
        var: 0.168250918388
    spectral_spread:
        dmean: 431876.21875
        dmean2: 627473.75
        dvar: 371966935040
        dvar2: 599299063808
        max: 14293473
        mean: 4179963.75
        min: 2440463.75
        var: 1.09405490381e+12
    spectral_strongpeak:
        dmean: 0.492550671101
        dmean2: 0.863796472549
        dvar: 0.498161703348
        dvar2: 1.22480630875
        max: 6.00728845596
        mean: 0.713544070721
        min: 0.00477253412828
        var: 0.765110194683
    zerocrossingrate:
        dmean: 0.00932754110545
        dmean2: 0.0104563087225
        dvar: 7.6959899161e-05
        dvar2: 8.48533964017e-05
        max: 0.1806640625
        mean: 0.0842336341739
        min: 0.013671875
        var: 0.000993340392597
    barkbands:
        dmean: [4.36847784613e-07, 5.78983563173e-05, 5.37889718544e-05, 8.68934221216e-05, 0.000508875469677, 9.47919324972e-05, 0.000155483066919, 0.000107616331661, 9.52863338171e-05, 9.94089787127e-05, 5.01233407704e-05, 7.14208654244e-05, 7.95683372417e-05, 0.000142482531373, 0.000163400080055, 0.000210534781218, 0.00028627019492, 0.000263915862888, 0.00023536667868, 0.000144086574437, 9.38268567552e-05, 2.14519423025e-05, 6.25747770755e-06, 2.27500459005e-06, 1.54559620569e-06, 2.61526302836e-08, 2.6334365244e-10]
        dmean2: [5.91234481817e-07, 9.4856339274e-05, 9.34621712076e-05, 0.000148909224663, 0.000809963676147, 0.000156060457812, 0.000245128234383, 0.000176628120244, 0.000152819542564, 0.000152114356752, 8.07620162959e-05, 0.000107183848741, 0.000128667350509, 0.000234026883845, 0.0002493604552, 0.000342249026289, 0.000456590089016, 0.000421582139097, 0.000359047990059, 0.000233740283875, 0.000135204594699, 3.13193449983e-05, 9.3781063697e-06, 2.69011434284e-06, 2.23387564802e-06, 3.96288868387e-08, 4.42847480908e-10]
        dvar: [6.20110083074e-13, 1.54631774052e-08, 2.69529962793e-08, 3.49809745614e-08, 3.88343124769e-07, 3.31613208004e-08, 4.87868909715e-08, 2.6255358776e-08, 5.91488387158e-08, 3.37484955537e-08, 7.5968369373e-09, 2.42351134716e-08, 1.70836624847e-08, 8.25821473427e-08, 9.0028727584e-08, 1.77360362841e-07, 3.44623487081e-07, 4.60593213347e-07, 5.34963135124e-07, 8.28510664519e-08, 4.47920776026e-08, 3.50394824267e-09, 3.66471825108e-10, 6.11815736962e-11, 1.31464006348e-10, 3.76252204577e-15, 5.38968191371e-19]
        dvar2: [1.11649708576e-12, 4.12535463568e-08, 7.75290587285e-08, 9.31940178361e-08, 9.16817782581e-07, 9.29543517714e-08, 1.1173212755e-07, 6.91567478839e-08, 1.6887422305e-07, 7.99759618531e-08, 1.46355834119e-08, 4.68540726217e-08, 4.37588489888e-08, 2.22728942845e-07, 1.78415234586e-07, 3.91664741528e-07, 7.84079475125e-07, 1.0441408449e-06, 7.11856614544e-07, 1.68158990732e-07, 7.28321509769e-08, 6.74963240854e-09, 8.59367632611e-10, 5.28809600275e-11, 2.63140842449e-10, 8.62188230153e-15, 7.11097549206e-19]
        max: [7.78755202191e-06, 0.00120081403293, 0.00178089388646, 0.00169560965151, 0.00660267239437, 0.00227291928604, 0.00240979902446, 0.00162028975319, 0.0030381581746, 0.00169464969076, 0.00132947159, 0.00226498651318, 0.00123592047021, 0.00322274444625, 0.00296239741147, 0.004905319307, 0.00756967160851, 0.00939880684018, 0.0156787987798, 0.00415797438473, 0.00307597033679, 0.000934892625082, 0.000305157765979, 0.000193390078493, 0.000216184387682, 1.00577949524e-06, 1.41279423715e-08]
        mean: [1.26779298171e-06, 8.92270691111e-05, 5.79626394028e-05, 0.000101933044789, 0.00079358642688, 0.000142116405186, 0.000264222791884, 0.000148756313138, 0.000139575684443, 0.000155744448421, 6.95793060004e-05, 9.35933276196e-05, 0.000105708699266, 0.000171941326698, 0.000249993638135, 0.000291275297059, 0.000436365720816, 0.000428587663919, 0.000404437974794, 0.00024603845668, 0.000187124620425, 3.52924107574e-05, 1.06788775156e-05, 4.9015161494e-06, 2.44220268542e-06, 4.62131986012e-08, 2.8680241515e-10]
        min: [4.13400112753e-11, 2.09601331846e-08, 7.33122860197e-08, 2.28503580502e-07, 5.18414344697e-06, 2.0525153559e-06, 4.20822289016e-06, 6.77170703511e-07, 8.11241534393e-07, 1.00210024812e-06, 3.48553555796e-07, 6.04803062743e-07, 1.15046441351e-06, 1.05011383766e-06, 2.35716171915e-07, 3.58080313845e-07, 9.36997537337e-07, 5.11476741849e-07, 8.23202128686e-07, 1.23096924654e-06, 8.20048228434e-07, 2.73349911595e-07, 1.2378053782e-07, 4.77361439266e-08, 2.51131613282e-08, 1.47361178815e-09, 4.87594394114e-13]
        var: [3.21961641375e-12, 2.16153051014e-08, 1.86395787694e-08, 3.37202301637e-08, 8.54729080402e-07, 2.81600307517e-08, 1.16567377972e-07, 4.42709833237e-08, 6.81635654587e-08, 6.2824128122e-08, 1.48102339281e-08, 4.62414782021e-08, 2.01783052489e-08, 8.12898406366e-08, 1.6939313241e-07, 2.49537862373e-07, 5.10118354669e-07, 7.10634992629e-07, 1.51214271682e-06, 1.51572422169e-07, 1.06313557069e-07, 5.89436233156e-09, 5.80324455157e-10, 3.15788201144e-10, 2.07923359086e-10, 7.72013187292e-15, 5.72926695553e-19]
    mfcc:
        mean: [-717.419921875, 114.367080688, -52.8720626831, 47.5227355957, -11.5295782089, -6.2070145607, -6.15039682388, -12.5023155212, -7.39697217941, -5.71922922134, -7.19623708725, -5.07290935516, -7.4408955574]
        cov: [[3099.76782227, -1353.4309082, -764.311767578, -116.871879578, -151.94039917, -376.084503174, -317.112335205, 86.6622314453, 223.388839722, 14.7131643295, -174.762191772, -94.4524383545, -244.846252441], [-1353.4309082, 1239.38244629, 233.48298645, 63.4216575623, 204.24559021, 261.609802246, 204.268249512, -24.6331424713, -71.9440155029, 30.8490047455, 119.288612366, 48.9459724426, 144.275558472], [-764.311767578, 233.48298645, 507.399353027, 72.4909210205, -29.0594291687, 147.169509888, 87.4326477051, -13.0237188339, -81.8475952148, -2.6039891243, 51.8672103882, 40.2464599609, 68.4505157471], [-116.871879578, 63.4216575623, 72.4909210205, 181.315460205, 37.8500976562, 5.95791530609, 1.13496255875, 16.2325458527, 24.7913074493, 33.1292190552, 12.0334177017, 12.494345665, 7.68700361252], [-151.94039917, 204.24559021, -29.0594291687, 37.8500976562, 191.91116333, 86.1709747314, 51.4414596558, 34.9101600647, 57.4086303711, 25.1982154846, 18.7583713531, 30.0707740784, 52.8681869507], [-376.084503174, 261.609802246, 147.169509888, 5.95791530609, 86.1709747314, 225.466629028, 118.44442749, 19.0316143036, -31.8043289185, 11.7859306335, 66.0225601196, 35.7968330383, 67.4063415527], [-317.112335205, 204.268249512, 87.4326477051, 1.13496255875, 51.4414596558, 118.44442749, 125.535812378, 22.2114181519, -17.2594070435, 15.431886673, 56.6196708679, 26.8417758942, 53.6988143921], [86.6622314453, -24.6331424713, -13.0237188339, 16.2325458527, 34.9101600647, 19.0316143036, 22.2114181519, 100.567169189, 67.4449539185, 12.7145185471, -3.40220189095, 17.1177482605, 17.1246337891], [223.388839722, -71.9440155029, -81.8475952148, 24.7913074493, 57.4086303711, -31.8043289185, -17.2594070435, 67.4449539185, 139.465591431, 44.4588623047, -16.9094429016, 11.6468734741, 0.378320932388], [14.7131643295, 30.8490047455, -2.6039891243, 33.1292190552, 25.1982154846, 11.7859306335, 15.431886673, 12.7145185471, 44.4588623047, 88.7138214111, 43.9653968811, 0.553938627243, 10.5750074387], [-174.762191772, 119.288612366, 51.8672103882, 12.0334177017, 18.7583713531, 66.0225601196, 56.6196708679, -3.40220189095, -16.9094429016, 43.9653968811, 105.827331543, 27.8354644775, 23.5696029663], [-94.4524383545, 48.9459724426, 40.2464599609, 12.494345665, 30.0707740784, 35.7968330383, 26.8417758942, 17.1177482605, 11.6468734741, 0.553938627243, 27.8354644775, 66.5637435913, 36.6265335083], [-244.846252441, 144.275558472, 68.4505157471, 7.68700361252, 52.8681869507, 67.4063415527, 53.6988143921, 17.1246337891, 0.378320932388, 10.5750074387, 23.5696029663, 36.6265335083, 94.4651184082]]
        icov: [[0.00109118653927, 0.000789139536209, 0.00114103872329, 8.90439769137e-05, 0.000330044043949, -0.000699728960171, 0.000915418553632, -0.000569045892917, -0.000359014578862, -0.00058280734811, 0.000281693442957, -0.000203307703487, 0.000761566101573], [0.000789139536209, 0.00203514215536, 0.000559816486202, -0.000201487535378, -0.00106571463402, -0.000602831598371, -0.000570374191739, 0.00038308108924, 0.000194297506823, -0.000239290340687, -0.000302005762933, 0.000498576147947, -0.000262688525254], [0.00114103872329, 0.000559816486202, 0.0047284187749, -0.00169832038227, 0.00284785963595, -0.00299329892732, 0.000655154755805, -0.000321144761983, 0.00034849907388, -0.000645654916298, 0.000933299539611, -0.00129774806555, -0.000616538804024], [8.90439769137e-05, -0.000201487535378, -0.00169832038227, 0.007312215399, -0.00225252145901, 0.00139417592436, 0.00135893747211, -0.00144717365038, 0.000690382090397, -0.00305475271307, 0.000455329020042, -0.0011449821759, 0.001599328476], [0.000330044043949, -0.00106571463402, 0.00284785963595, -0.00225252145901, 0.0117930183187, -0.00490148644894, 0.0001674285013, 0.00137944507878, -0.00568055640906, 0.000930170412175, 0.0011498676613, -0.00112831476144, -0.00277579994872], [-0.000699728960171, -0.000602831598371, -0.00299329892732, 0.00139417592436, -0.00490148644894, 0.0126834716648, -0.00680498220026, -0.00158649298828, 0.00325079960749, 0.000349717825884, -0.00217119953595, 0.000196866618353, -0.000575522542931], [0.000915418553632, -0.000570374191739, 0.000655154755805, 0.00135893747211, 0.0001674285013, -0.00680498220026, 0.0216245539486, -0.00539994519204, 0.00161695992574, -0.000638034252916, -0.00485749123618, 0.000652011018246, -0.00286892894655], [-0.000569045892917, 0.00038308108924, -0.000321144761983, -0.00144717365038, 0.00137944507878, -0.00158649298828, -0.00539994519204, 0.0188409686089, -0.0107628051192, 0.00404434837401, 0.000307841110043, -0.00017751652922, -0.00211300468072], [-0.000359014578862, 0.000194297506823, 0.00034849907388, 0.000690382090397, -0.00568055640906, 0.00325079960749, 0.00161695992574, -0.0107628051192, 0.0212422981858, -0.0115677285939, 0.00581885129213, -0.00530749792233, 0.00217136694118], [-0.00058280734811, -0.000239290340687, -0.000645654916298, -0.00305475271307, 0.000930170412175, 0.000349717825884, -0.000638034252916, 0.00404434837401, -0.0115677285939, 0.0246789231896, -0.0133693777025, 0.00871261674911, -0.00432803761214], [0.000281693442957, -0.000302005762933, 0.000933299539611, 0.000455329020042, 0.0011498676613, -0.00217119953595, -0.00485749123618, 0.000307841110043, 0.00581885129213, -0.0133693777025, 0.0216487161815, -0.00959598459303, 0.00388170382939], [-0.000203307703487, 0.000498576147947, -0.00129774806555, -0.0011449821759, -0.00112831476144, 0.000196866618353, 0.000652011018246, -0.00017751652922, -0.00530749792233, 0.00871261674911, -0.00959598459303, 0.025026358664, -0.00836554449052], [0.000761566101573, -0.000262688525254, -0.000616538804024, 0.001599328476, -0.00277579994872, -0.000575522542931, -0.00286892894655, -0.00211300468072, 0.00217136694118, -0.00432803761214, 0.00388170382939, -0.00836554449052, 0.020006544888]]
    spectral_contrast:
        mean: [-2.18307221189e-07, 6.1072185531e-08, -2.56489272488e-07, 1.44374538991e-07, -2.60891880544e-07, -4.75586716675e-07, -4.04901720685e-06, -7.30469537302e-07, 1.01515468032e-06, -3.73744740045e-07, -4.45951127404e-06, -4.0164359234e-06]
        var: [0.000614325283095, 0.000877949176356, 0.00156282563694, 0.00212238077074, 0.00307566137053, 0.00487109459937, 0.0577539131045, 0.0781844854355, 0.146647408605, 0.210439965129, 0.683882832527, 1.77441644669]

rhythm:
    beats_loudness:
        dmean: 0.00293416925706
        dmean2: 0.00390170607716
        dvar: 1.70691309904e-05
        dvar2: 1.70895473275e-05
        max: 0.0312713608146
        mean: 0.00614850362763
        min: 0.000589603441767
        var: 3.09560527967e-05
    beats_loudness_bass:
        dmean: 0.13610291481
        dmean2: 0.233360663056
        dvar: 0.0286902189255
        dvar2: 0.0429075844586
        max: 0.822331309319
        mean: 0.108522474766
        min: 0.000242166235694
        var: 0.0317077487707
    bpm: 151.420608521
    bpm_confidence: 0
    first_peak_bpm: 151
    first_peak_spread: 0
    first_peak_weight: 0.958333313465
    onset_rate: 4.29789495468
    second_peak_bpm: 111
    second_peak_spread: 0
    second_peak_weight: 0.0416666679084
    beats_position: [0.172426179051, 0.570064902306, 0.967703700066, 1.36534237862, 1.76298117638, 2.16061973572, 2.55825853348, 2.95589733124, 3.35353589058, 3.75117492676, 4.14881372452, 4.54645252228, 4.94409132004, 5.3417301178, 5.7393693924, 6.27927303314, 6.67512607574, 7.07097911835, 7.46683168411, 7.86268472672, 8.25853729248, 8.65439033508, 9.05024337769, 9.44609642029, 9.84194850922]
    bpm_estimates: [151.058166504, 150.72366333, 151.811584473, 151.330963135, 151.200958252, 151.67388916, 151.328796387, 151.631118774, 152.026367188]
    bpm_intervals: [0.397638738155, 0.39763879776, 0.397638678551, 0.39763879776, 0.397638559341, 0.39763879776, 0.39763879776, 0.397638559341, 0.397639036179, 0.39763879776, 0.39763879776, 0.39763879776, 0.39763879776, 0.397639274597, 0.539903640747, 0.395853042603, 0.395853042603, 0.395852565765, 0.395853042603, 0.395852565765, 0.395853042603, 0.395853042603, 0.395853042603, 0.395852088928]
    onset_times: [0.0580498874187, 0.162539675832, 0.696598649025, 0.743038535118, 0.917188227177, 1.02167797089, 1.32353746891, 1.46285712719, 1.74149656296, 1.86920630932, 2.08979582787, 2.28716564178, 2.50775504112, 2.67029476166, 3.09986400604, 3.33206343651, 3.47138333321, 3.70358276367, 3.88934230804, 4.1099319458, 4.26086187363, 4.51628112793, 4.67882108688, 4.92263031006, 5.07356023788, 5.29414987564, 5.46829938889, 5.70049905777, 5.80498886108, 5.87464857101, 6.11845827103, 6.28099775314, 6.81505680084, 6.84988641739, 7.05886602402, 7.46521520615, 7.84834480286, 8.26630401611, 8.63782310486, 8.893242836, 9.05578231812, 9.46213150024, 9.85687065125]
    rubato_start: []
    rubato_stop: []
    perceptual_tempo: "unknown"

sfx:
    inharmonicity:
        dmean: 0.0479194112122
        dmean2: 0.0850506424904
        dvar: 0.00376785453409
        dvar2: 0.0108245024458
        max: 0.407212048769
        mean: 0.0507231093943
        min: 0
        var: 0.00356291141361
    oddtoevenharmonicenergyratio:
        dmean: 4.61030864716
        dmean2: 8.66965866089
        dvar: 683.280639648
        dvar2: 1955.74987793
        max: 389.031616211
        mean: 2.87896156311
        min: 0
        var: 390.560638428
    pitch_after_max_to_before_max_energy_ratio: 4.78240776062
    pitch_centroid: 181.690216064
    pitch_max_to_total: 0.107226103544
    pitch_min_to_total: 0.916083931923
    tristimulus:
        dmean: [0.204762801528, 0.252974689007, 0.126603007317]
        dmean2: [0.355429291725, 0.442798376083, 0.226099476218]
        dvar: [0.025916935876, 0.0452101528645, 0.01455488801]
        dvar2: [0.0741093680263, 0.131044983864, 0.0414617583156]
        max: [1, 0.967251300812, 0.857895553112]
        mean: [0.379799515009, 0.435223847628, 0.12519608438]
        min: [0.0039931726642, 0, 0]
        var: [0.0464342832565, 0.0576629862189, 0.0158352702856]

tonal:
    chords_changes_rate: 0.0601851865649
    chords_number_rate: 0.0231481473893
    chords_strength:
        dmean: 0.0105522498488
        dmean2: 0.0125294718891
        dvar: 8.00196721684e-05
        dvar2: 0.000107792417111
        max: 0.716429948807
        mean: 0.601232230663
        min: 0.431317925453
        var: 0.00514247454703
    key_strength: 0.781041920185
    tuning_diatonic_strength: 0.661693692207
    tuning_equal_tempered_deviation: 0.22877857089
    tuning_frequency: 447.432556152
    tuning_nontempered_energy_ratio: 0.919233083725
    hpcp:
        dmean: [0.169944778085, 0.170482993126, 0.149085178971, 0.153378203511, 0.20110924542, 0.247582167387, 0.226361230016, 0.243336483836, 0.246667727828, 0.196330457926, 0.159960269928, 0.127823278308, 0.122474327683, 0.11356908083, 0.149219587445, 0.135273292661, 0.141453191638, 0.185341149569, 0.17392320931, 0.194624960423, 0.234082773328, 0.19803635776, 0.139518946409, 0.12436876446, 0.106840133667, 0.117898829281, 0.139204606414, 0.144767925143, 0.161763697863, 0.179215952754, 0.170577704906, 0.151879832149, 0.161201566458, 0.146381080151, 0.166196420789, 0.178115487099]
        dmean2: [0.2952003479, 0.297712743282, 0.265203177929, 0.257825046778, 0.348224401474, 0.435334920883, 0.392774194479, 0.428031772375, 0.427673727274, 0.320044070482, 0.275868028402, 0.217290222645, 0.200810596347, 0.191468551755, 0.264890551567, 0.238850131631, 0.247658386827, 0.325635880232, 0.304747641087, 0.343746602535, 0.411054462194, 0.324330657721, 0.23956681788, 0.218554079533, 0.185663983226, 0.197222411633, 0.235120952129, 0.241429701447, 0.264066576958, 0.298677563667, 0.294107437134, 0.261873304844, 0.270391136408, 0.239676997066, 0.29104077816, 0.299500286579]
        dvar: [0.0360703878105, 0.0392639562488, 0.0299936663359, 0.035900067538, 0.0419839322567, 0.0513468272984, 0.0514117926359, 0.0433024726808, 0.0521347932518, 0.0374477989972, 0.0332647785544, 0.0277547948062, 0.026738466695, 0.0174893122166, 0.0387503951788, 0.0257628150284, 0.0319924093783, 0.044120810926, 0.0364076979458, 0.0397765934467, 0.0483547747135, 0.0414944663644, 0.0294443387538, 0.0390475988388, 0.026343524456, 0.0158862676471, 0.0243965443224, 0.0258073657751, 0.0324494242668, 0.0412309616804, 0.0378046035767, 0.0396061651409, 0.0395297221839, 0.0299164224416, 0.0402055643499, 0.0337826982141]
        dvar2: [0.0990375801921, 0.114569336176, 0.0862176343799, 0.0937967225909, 0.114389412105, 0.136203810573, 0.129462793469, 0.111247681081, 0.150237455964, 0.097887635231, 0.0890598595142, 0.0765106156468, 0.0730179995298, 0.0467601232231, 0.118885271251, 0.0828799754381, 0.0929923281074, 0.123280331492, 0.0983546450734, 0.100575864315, 0.13489279151, 0.111723572016, 0.0790926143527, 0.107515968382, 0.069788262248, 0.0400411821902, 0.0528928413987, 0.0651211440563, 0.0862315520644, 0.101876489818, 0.105706073344, 0.107058353722, 0.116604924202, 0.0858603790402, 0.111716262996, 0.0904553830624]
        max: [1, 1, 1, 1, 1, 1, 1, 1, 1, 1, 1, 1, 1, 1, 1, 0.905997097492, 1, 1, 1, 1, 1, 1, 1, 1, 1, 0.974051773548, 1, 0.918443024158, 1, 1, 1, 1, 1, 0.94552230835, 1, 1]
        mean: [0.244031846523, 0.213112771511, 0.19271671772, 0.177744090557, 0.276303827763, 0.459196448326, 0.448857933283, 0.338946700096, 0.349791646004, 0.318830162287, 0.226436004043, 0.172495678067, 0.151239693165, 0.157767489552, 0.187670618296, 0.163725599647, 0.161449566483, 0.213206201792, 0.214850962162, 0.255020290613, 0.35470661521, 0.304752856493, 0.178057968616, 0.13237889111, 0.122244089842, 0.142489522696, 0.184390619397, 0.191583827138, 0.224318906665, 0.286322623491, 0.239656314254, 0.189731568098, 0.198884561658, 0.187928944826, 0.211983889341, 0.262358486652]
        min: [0.0043649058789, 0.00416243309155, 0.00231239036657, 0.00207025324926, 0.0111740361899, 0.00656381249428, 0.0102220978588, 0.0048122741282, 0.00446626823395, 0.00316750304773, 0.00343286641873, 0.00359967374243, 0.00263879448175, 0.0013174203923, 0.00145000126213, 0.00119233550504, 0.00201876438223, 0.00314424443059, 0.00641727633774, 0.00728888111189, 0.0111149353907, 0.00618919869885, 0.00166025932413, 0.00105842330959, 0.000851655669976, 0.00354135246016, 0.0061537027359, 0.00480638397858, 0.00283873197623, 0.00202264869586, 0.00262472289614, 0.00194256240502, 0.00221419939771, 0.00515142502263, 0.00299609149806, 0.00630613462999]
        var: [0.0531577430665, 0.0595052987337, 0.0499500706792, 0.0423671491444, 0.0527452304959, 0.109897382557, 0.100248903036, 0.0727677717805, 0.101397283375, 0.0943293571472, 0.0658809021115, 0.040034275502, 0.0331187509, 0.0288443583995, 0.0526475980878, 0.0341710858047, 0.0320381373167, 0.0467546135187, 0.0420607589185, 0.0534936636686, 0.0718340203166, 0.0644841119647, 0.0374786108732, 0.0346844382584, 0.0237967614084, 0.0212379321456, 0.0369032695889, 0.037972714752, 0.0535627901554, 0.0802913978696, 0.0563319399953, 0.0519290417433, 0.0546307563782, 0.0394061654806, 0.0439953953028, 0.0615362152457]
    chords_histogram: [0.925925910473, 0, 0, 0, 0, 0, 0, 2.77777767181, 51.3888893127, 32.8703689575, 2.77777767181, 0, 0, 0, 0, 0, 0, 0, 0, 9.25925922394, 0, 0, 0, 0]
    thpcp: [1, 0.977485656738, 0.738130033016, 0.761747300625, 0.694321930408, 0.493113577366, 0.375646799803, 0.329357266426, 0.343572974205, 0.408693522215, 0.356548041105, 0.35159149766, 0.464302808046, 0.467884629965, 0.555362045765, 0.772450685501, 0.663665533066, 0.387759894133, 0.288283795118, 0.266213059425, 0.310301870108, 0.401550620794, 0.417215406895, 0.48850312829, 0.623529672623, 0.521903693676, 0.413181692362, 0.43311432004, 0.409256100655, 0.461640954018, 0.571342587471, 0.531432330608, 0.464099347591, 0.419682502747, 0.387076348066, 0.601711571217]
    chords_key: "G#"
    chords_scale: "minor"
    key_key: "E"
    key_scale: "minor"
    chords_progression: ["D#m", "D#m", "D#m", "D#m", "D#m", "D#m", "G#m", "G#m", "G#m", "G#m", "G#m", "G#m", "G#m", "G#m", "G#m", "G#m", "G#m", "G#m", "G#m", "G#m", "G#m", "G#m", "G#m", "G#m", "G#m", "G#m", "G#m", "G#m", "G#m", "G#m", "G#m", "G#m", "B", "B", "B", "B", "G#m", "G#m", "G#m", "G#m", "G#m", "G#m", "G#m", "G#m", "G#m", "B", "G#m", "G#m", "B", "B", "B", "B", "B", "B", "B", "B", "B", "B", "B", "B", "B", "B", "B", "B", "B", "B", "B", "B", "B", "B", "B", "B", "B", "B", "B", "B", "B", "B", "B", "B", "B", "B", "B", "B", "B", "B", "B", "B", "B", "B", "B", "B", "B", "B", "B", "B", "B", "B", "B", "B", "B", "G#m", "G#m", "G#m", "G#m", "G#m", "G#m", "G#m", "G#m", "G#m", "G#m", "G#m", "G#m", "G#m", "G#m", "G#m", "G#m", "G#m", "G#m", "G#m", "G#m", "G#m", "G#m", "G#m", "G#m", "G#m", "G#m", "G#m", "G#m", "G#m", "G#m", "G#m", "E", "E", "E", "Em", "Em", "E", "E", "E", "B", "B", "B", "B", "B", "B", "B", "B", "B", "B", "B", "B", "B", "A#", "A#", "A#", "A#", "A#", "A#", "A#", "A#", "A#", "A#", "A#", "A#", "A#", "A#", "A#", "A#", "A#", "A#", "A#", "A#", "G#m", "G#m", "G#m", "G#m", "G#m", "G#m", "G#m", "G#m", "G#m", "G#m", "G#m", "G#m", "G#m", "G#m", "G#m", "G#m", "G#m", "G#m", "G#m", "G#m", "G#m", "G#m", "G#m", "G#m", "G#m", "G#m", "G#m", "G#m", "G#m", "G#m", "G#m", "G#m", "G#m", "G#m", "G#m", "G#m", "G#m", "G#m", "G#m", "G#m", "G#m", "G#m", "G#m"]
