
metadata:
    version:
        essentia: "1.2.2"
    audio_properties:
        analysis_sample_rate: 44100
        bitrate: 128
        channels: 2
        equal_loudness: 1
        length: 10.0310201645
        replay_gain: -7.69605445862
        downmix: "mix"
    tags:
        track: 34
        year: 0
        album: "Splitted by Mp3Splt v. 2.1"
        artist: "From 005.30 To 005.40"
        comment: "http://mp3splt.sf.net"
        genre: ""
        title: "12 Living Too Long.mp3"

highlevel:
    ballroom:
        all:
            ChaChaCha: 0.0376562140882
            Jive: 0.467898488045
            Quickstep: 0.0740512013435
            Rumba-American: 0.00445563485846
            Rumba-International: 0.0937133356929
            Rumba-Misc: 0.0146863274276
            Samba: 0.0524247251451
            Tango: 0.0104764709249
            VienneseWaltz: 0.196549966931
            Waltz: 0.0480876415968
        probability: 0.467898488045
        value: "Jive"
    culture:
        all:
            non_western: 0.529069423676
            western: 0.470930606127
        probability: 0.529069423676
        value: "non_western"
    gender:
        all:
            female: 0.740753471851
            male: 0.259246528149
        probability: 0.740753471851
        value: "female"
    genre_dortmund:
        all:
            alternative: 0.140999987721
            blues: 0.0163018815219
            electronic: 0.0330833531916
            folkcountry: 0.109534136951
            funksoulrnb: 0.0146050807089
            jazz: 0.0271345358342
            pop: 0.0465115085244
            raphiphop: 0.00487639335915
            rock: 0.606953144073
        probability: 0.606953144073
        value: "rock"
    genre_electronica:
        all:
            ambient: 0.338977515697
            dnb: 0.237342372537
            house: 0.208004042506
            techno: 0.0677058547735
            trance: 0.147970229387
        probability: 0.338977515697
        value: "ambient"
    genre_rosamerica:
        all:
            cla: 0.022284893319
            dan: 0.0229022186249
            hip: 0.011764973402
            jaz: 0.00520711857826
            pop: 0.0159326829016
            rhy: 0.0024695256725
            roc: 0.915412545204
            spe: 0.00402605906129
        probability: 0.915412545204
        value: "roc"
    genre_tzanetakis:
        all:
            blu: 0.0278563164175
            cla: 0.0189658589661
            cou: 0.060989998281
            dis: 0.0898396223783
            hip: 0.0352896228433
            jaz: 0.0140361152589
            met: 0.252420395613
            pop: 0.069499835372
            reg: 0.0410398356616
            roc: 0.390062391758
        probability: 0.390062391758
        value: "roc"
    live_studio:
        all:
            live: 0.177497386932
            studio: 0.822502613068
        probability: 0.822502613068
        value: "studio"
    mood:
        all:
            Cluster1: 0.416505634785
            Cluster2: 0.113740816712
            Cluster3: 0.238915458322
            Cluster4: 0.0617657937109
            Cluster5: 0.169072315097
        probability: 0.416505634785
        value: "Cluster1"
    mood_acoustic:
        all:
            acoustic: 0.0162810515612
            not_acoustic: 0.983718931675
        probability: 0.983718931675
        value: "not_acoustic"
    mood_aggressive:
        all:
            aggressive: 0.808978021145
            not_aggressive: 0.191021963954
        probability: 0.808978021145
        value: "aggressive"
    mood_electronic:
        all:
            electronic: 0.711181342602
            not_electronic: 0.288818657398
        probability: 0.711181342602
        value: "electronic"
    mood_happy:
        all:
            happy: 0.43302488327
            not_happy: 0.56697511673
        probability: 0.56697511673
        value: "not_happy"
    mood_party:
        all:
            not_party: 0.596071958542
            party: 0.403928041458
        probability: 0.596071958542
        value: "not_party"
    mood_relaxed:
        all:
            not_relaxed: 0.913675010204
            relaxed: 0.0863249674439
        probability: 0.913675010204
        value: "not_relaxed"
    mood_sad:
        all:
            not_sad: 0.754315555096
            sad: 0.245684430003
        probability: 0.754315555096
        value: "not_sad"
    rhythm:
        all:
            fast: 0.440024763346
            medium: 0.443218708038
            slow: 0.116756550968
        probability: 0.443218708038
        value: "medium"
    speech_music:
        all:
            music: 0.994651734829
            speech: 0.0053482381627
        probability: 0.994651734829
        value: "music"
    timbre:
        all:
            bright: 0.107736922801
            dark: 0.892263054848
        probability: 0.892263054848
        value: "dark"
    voice_instrumental:
        all:
            instrumental: 0.600561082363
            voice: 0.399438887835
        probability: 0.600561082363
        value: "instrumental"

lowlevel:
    average_loudness: 0.980060875416
    barkbands_kurtosis:
        dmean: 1.2270847559
        dmean2: 1.98059427738
        dvar: 2.93337440491
        dvar2: 6.53637504578
        max: 13.6457462311
        mean: -0.076150201261
        min: -1.85973703861
        var: 6.53207111359
    barkbands_skewness:
        dmean: 0.525405883789
        dmean2: 0.815074980259
        dvar: 0.214182004333
        dvar2: 0.489764600992
        max: 3.66173768044
        mean: 0.866357684135
        min: -0.966172397137
        var: 0.646102547646
    barkbands_spread:
        dmean: 5.44423770905
        dmean2: 8.72815418243
        dvar: 23.7595462799
        dvar2: 53.5723266602
        max: 51.7770004272
        mean: 29.9563980103
        min: 5.66175079346
        var: 82.7786407471
    dissonance:
        dmean: 0.0134162334725
        dmean2: 0.0229463092983
        dvar: 0.000174586413777
        dvar2: 0.000424739497248
        max: 0.500000119209
        mean: 0.475175410509
        min: 0.373351037502
        var: 0.00028287479654
    hfc:
        dmean: 1.64522171021
        dmean2: 2.51632285118
        dvar: 3.5264313221
        dvar2: 7.35831880569
        max: 16.5412483215
        mean: 5.4680314064
        min: 0.536019921303
        var: 11.2922048569
    pitch:
        dmean: 917.481445312
        dmean2: 1776.33764648
        dvar: 1504364.875
        dvar2: 3620266.5
        max: 4009.09082031
        mean: 1615.50231934
        min: 65.9192810059
        var: 1989963.5
    pitch_instantaneous_confidence:
        dmean: 0.0803306624293
        dmean2: 0.130587205291
        dvar: 0.00422951811925
        dvar2: 0.011831048876
        max: 0.676806330681
        mean: 0.383946180344
        min: 0.193371891975
        var: 0.00983289815485
    pitch_salience:
        dmean: 0.0661666616797
        dmean2: 0.109687678516
        dvar: 0.00284737977199
        dvar2: 0.0085689984262
        max: 0.853780031204
        mean: 0.665951013565
        min: 0.414493918419
        var: 0.0055042966269
    silence_rate_20dB:
        dmean: 0
        dmean2: 0
        dvar: 0
        dvar2: 0
        max: 1
        mean: 1
        min: 1
        var: 0
    silence_rate_30dB:
        dmean: 0
        dmean2: 0
        dvar: 0
        dvar2: 0
        max: 1
        mean: 1
        min: 1
        var: 0
    silence_rate_60dB:
        dmean: 0.111368909478
        dmean2: 0.223255813122
        dvar: 0.0989658087492
        dvar2: 0.192017152905
        max: 1
        mean: 0.319444447756
        min: 0
        var: 0.217399418354
    spectral_centroid:
        dmean: 252.832641602
        dmean2: 394.137237549
        dvar: 47203.25
        dvar2: 107600.226562
        max: 2722.54003906
        mean: 1123.29467773
        min: 320.232574463
        var: 179282.71875
    spectral_complexity:
        dmean: 3.25874114037
        dmean2: 5.29439258575
        dvar: 9.85146045685
        dvar2: 22.1376152039
        max: 29
        mean: 12.9906978607
        min: 3
        var: 32.381313324
    spectral_crest:
        dmean: 2.63816761971
        dmean2: 4.41094207764
        dvar: 5.44331789017
        dvar2: 14.5527772903
        max: 21.0755901337
        mean: 8.49870967865
        min: 3.21354365349
        var: 9.80136489868
    spectral_decrease:
        dmean: 4.28073354541e-10
        dmean2: 6.84003409468e-10
        dvar: 2.68448207065e-19
        dvar2: 6.96916002893e-19
        max: -1.99485067354e-10
        mean: -1.19383569697e-09
        min: -4.37546621157e-09
        var: 5.03448797375e-19
    spectral_energy:
        dmean: 0.00173573556822
        dmean2: 0.0027626270894
        dvar: 4.25615326094e-06
        dvar2: 1.09507946036e-05
        max: 0.0175779350102
        mean: 0.00500177778304
        min: 0.000841281202156
        var: 8.43352154334e-06
    spectral_energyband_high:
        dmean: 5.54281650693e-05
        dmean2: 7.66883094911e-05
        dvar: 9.82639569713e-09
        dvar2: 1.75511427614e-08
        max: 0.000997958122753
        mean: 0.000109612592496
        min: 1.76531534635e-06
        var: 2.11556141494e-08
    spectral_energyband_low:
        dmean: 0.000267522642389
        dmean2: 0.000419212941779
        dvar: 1.49653700987e-07
        dvar2: 3.21849000784e-07
        max: 0.00290633877739
        mean: 0.000389249209547
        min: 3.50460800291e-06
        var: 2.58672514519e-07
    spectral_energyband_middle_high:
        dmean: 0.000496575201396
        dmean2: 0.000773814157583
        dvar: 2.89889214855e-07
        dvar2: 6.23770176844e-07
        max: 0.00418598763645
        mean: 0.00152286677621
        min: 7.77868190198e-05
        var: 1.03489617231e-06
    spectral_energyband_middle_low:
        dmean: 0.00137904810254
        dmean2: 0.00230107526295
        dvar: 3.47053673977e-06
        dvar2: 9.24282630876e-06
        max: 0.0140227107331
        mean: 0.00298004946671
        min: 0.000521397159901
        var: 4.23929759563e-06
    spectral_flatness_db:
        dmean: 0.0188022442162
        dmean2: 0.0278642196208
        dvar: 0.000250318669714
        dvar2: 0.000560671673156
        max: 0.292575389147
        mean: 0.195503532887
        min: 0.0992463305593
        var: 0.00135548471007
    spectral_flux:
        dmean: 0.0100419996306
        dmean2: 0.0152074573562
        dvar: 0.000118424191896
        dvar2: 0.000240414272412
        max: 0.098502792418
        mean: 0.0397167876363
        min: 0.0126644009724
        var: 0.00026024642284
    spectral_kurtosis:
        dmean: 2.49923729897
        dmean2: 4.17922019958
        dvar: 8.29663848877
        dvar2: 22.3508205414
        max: 24.3570175171
        mean: 5.84243965149
        min: 0.832060337067
        var: 12.915230751
    spectral_rms:
        dmean: 0.000364240346244
        dmean2: 0.000567316834349
        dvar: 1.32348290549e-07
        dvar2: 3.31132184783e-07
        max: 0.0041411598213
        mean: 0.00212388834916
        min: 0.000905959226657
        var: 3.6887593069e-07
    spectral_rolloff:
        dmean: 465.699127197
        dmean2: 807.14276123
        dvar: 387534.09375
        dvar2: 872042.6875
        max: 4565.0390625
        mean: 2458.54125977
        min: 322.998046875
        var: 871224.6875
    spectral_skewness:
        dmean: 0.295743048191
        dmean2: 0.457077234983
        dvar: 0.0880527123809
        dvar2: 0.216017961502
        max: 3.56888103485
        mean: 1.48432374001
        min: 0.560543298721
        var: 0.218014150858
    spectral_spread:
        dmean: 495979.125
        dmean2: 588057.0625
        dvar: 319968444416
        dvar2: 438818340864
        max: 8355012
        mean: 3425659.75
        min: 1854660.875
        var: 1.92044505498e+12
    spectral_strongpeak:
        dmean: 0.217461913824
        dmean2: 0.388567984104
        dvar: 0.152612701058
        dvar2: 0.357695698738
        max: 3.56394839287
        mean: 0.338479250669
        min: 0.0431192517281
        var: 0.136127993464
    zerocrossingrate:
        dmean: 0.00854549091309
        dmean2: 0.0101740472019
        dvar: 4.75832530356e-05
        dvar2: 6.61503436277e-05
        max: 0.14111328125
        mean: 0.0725779011846
        min: 0.0166015625
        var: 0.000453579297755
    barkbands:
        dmean: [7.08545186967e-08, 4.07654115406e-05, 0.000254106213106, 0.000236400941503, 0.00109015754424, 0.000346652552253, 0.000184181975783, 0.000126012280816, 5.1349572459e-05, 3.06445617753e-05, 2.96816979244e-05, 1.5990839529e-05, 1.22838237075e-05, 1.45693056766e-05, 3.78835065931e-05, 0.000113638860057, 0.000194310327061, 0.000194465843379, 0.000103316982859, 7.20878742868e-05, 2.29533015954e-05, 7.64497144701e-06, 2.29153738474e-06, 7.64325818636e-07, 3.44062925706e-07, 2.64443702491e-08, 2.74914757625e-10]
        dmean2: [1.12040552835e-07, 6.652862794e-05, 0.000397682510084, 0.000408946420066, 0.00187549414113, 0.000600997416768, 0.000320242223097, 0.000217375491047, 8.51207441883e-05, 5.20180983585e-05, 4.78796464449e-05, 2.69408938038e-05, 1.96663768293e-05, 2.46592117037e-05, 6.27688204986e-05, 0.000179673079401, 0.000326604611473, 0.000316073012073, 0.000164955999935, 0.000111470544653, 3.13591881422e-05, 1.00531997305e-05, 2.69413476417e-06, 9.49330342337e-07, 4.35761393192e-07, 3.56712490657e-08, 4.37138408804e-10]
        dvar: [2.2862000311e-14, 5.98505245364e-09, 1.38348752898e-07, 1.39983058034e-07, 2.75662841887e-06, 1.31793299829e-07, 6.35386214753e-08, 1.56809321084e-08, 1.48903005481e-08, 9.01228147665e-10, 5.85829385003e-09, 5.99795046963e-10, 2.56005022736e-10, 2.66219768452e-10, 1.52799672914e-09, 1.89832718434e-08, 5.31616173305e-08, 4.71122021395e-08, 1.99295264736e-08, 8.28545942966e-09, 2.0546679913e-09, 3.25087845532e-10, 3.37887599844e-11, 2.52896748681e-12, 6.21579014388e-13, 4.22597527583e-15, 2.33031233537e-18]
        dvar2: [4.78694707029e-14, 1.63650000218e-08, 2.9435781812e-07, 3.66325764389e-07, 7.56466761231e-06, 3.58008435342e-07, 1.65330277468e-07, 4.65607001843e-08, 3.42373382978e-08, 2.46766540535e-09, 1.37341746864e-08, 1.60760771362e-09, 6.31751095881e-10, 6.87018775203e-10, 4.18475698538e-09, 4.5605723642e-08, 1.35619984576e-07, 1.17718286674e-07, 5.29822195006e-08, 1.79884072082e-08, 3.60797636212e-09, 6.24863216725e-10, 4.15635859063e-11, 4.5072760628e-12, 1.08478417221e-12, 7.89461642489e-15, 2.49578257908e-18]
        max: [1.64476341524e-06, 0.000808442942798, 0.00286032841541, 0.00297617027536, 0.0123495254666, 0.00327832135372, 0.00213273824193, 0.0008781675715, 0.0016299347626, 0.000198778012418, 0.00122819992248, 0.000278146762867, 0.000130390690174, 0.000144332909258, 0.000289676972898, 0.0011824463727, 0.00199922919273, 0.00223894533701, 0.00183457555249, 0.000809052900877, 0.000474018859677, 0.000164532495546, 0.000102792284451, 1.46331667565e-05, 7.22490358385e-06, 5.58891201763e-07, 3.13174126632e-08]
        mean: [7.61474652222e-08, 5.48150856048e-05, 0.000334361218847, 0.000258931628196, 0.00144326337613, 0.000702469958924, 0.0002636226709, 0.000234322316828, 6.73266185913e-05, 4.54598921351e-05, 5.00452479173e-05, 2.15491236304e-05, 1.90901482711e-05, 2.51148376265e-05, 7.85304509918e-05, 0.000188271005754, 0.000382714468287, 0.000402027013479, 0.000231625017477, 0.000137520532007, 4.35372894572e-05, 1.17857180157e-05, 3.65267283087e-06, 1.13479529773e-06, 5.00518183344e-07, 3.48095703373e-08, 2.69142985676e-10]
        min: [2.22338439326e-10, 5.27903523562e-07, 1.03651757399e-06, 2.1212390493e-06, 3.01241525449e-05, 9.35796415433e-05, 1.64908578881e-05, 1.48140070451e-05, 2.56270254795e-06, 2.33658124671e-06, 1.50316338932e-06, 4.145132948e-07, 9.74128397502e-07, 1.48324772908e-06, 3.57584553967e-06, 6.98391932019e-06, 9.40874087973e-06, 8.62520118972e-06, 8.28154861665e-06, 3.20818412547e-06, 6.1934798623e-07, 3.58230778374e-08, 7.68376651195e-09, 1.13271625413e-09, 3.18036541547e-10, 5.55820320325e-11, 2.91708129006e-12]
        var: [2.29213671562e-14, 5.92108895248e-09, 2.28650890222e-07, 1.33396312663e-07, 2.72801844403e-06, 1.85738599612e-07, 6.48381899282e-08, 2.03336494309e-08, 1.79739991779e-08, 1.25343024848e-09, 1.35427304926e-08, 6.34070629335e-10, 3.86723320034e-10, 4.62455740369e-10, 3.37696315356e-09, 3.88620691183e-08, 1.30091990513e-07, 1.3476677907e-07, 5.7073748394e-08, 1.9858775957e-08, 4.68041427837e-09, 6.18495088478e-10, 9.1149490733e-11, 5.37166535211e-12, 1.29430873571e-12, 7.271284879e-15, 2.3347315478e-18]
    mfcc:
        mean: [-741.846923828, 154.681442261, -59.35754776, 79.2855377197, -6.80023336411, -24.3820896149, -18.0274238586, -8.39024162292, -9.21291446686, -9.98395442963, -12.0464916229, -3.42560124397, -4.16897392273]
        cov: [[1876.61315918, -1177.83532715, 555.715270996, -169.617630005, 19.4630622864, 119.654243469, 25.8757324219, 109.608047485, 15.8111457825, 44.6595916748, 18.3735179901, -5.84210968018, -14.58111763], [-1177.83532715, 1683.18579102, -879.510070801, 379.884185791, 115.184120178, -68.603729248, 101.678359985, 10.3394861221, 49.1604003906, -38.0019454956, -89.1954040527, 11.946472168, -0.293168693781], [555.715270996, -879.510070801, 849.114807129, -287.0809021, -17.3646678925, 81.5157623291, 4.2646522522, -12.9313306808, 1.70068383217, 13.7743396759, 99.9110870361, -16.9651527405, -7.66865205765], [-169.617630005, 379.884185791, -287.0809021, 228.193939209, 30.7890300751, -1.16865873337, 9.43533420563, 23.405216217, 17.2770042419, 13.317609787, -28.2701148987, 11.3115291595, -10.0392990112], [19.4630622864, 115.184120178, -17.3646678925, 30.7890300751, 110.54901123, -6.04515075684, 29.3081436157, 4.60755968094, 33.8099212646, -5.30189800262, -0.403971076012, 5.54844808578, -3.80145001411], [119.654243469, -68.603729248, 81.5157623291, -1.16865873337, -6.04515075684, 74.9149246216, 21.0916004181, 14.9134883881, 0.00665919855237, 3.53352618217, 6.15656757355, 0.581379175186, -0.43455517292], [25.8757324219, 101.678359985, 4.2646522522, 9.43533420563, 29.3081436157, 21.0916004181, 82.1817398071, 18.5682563782, 21.7154178619, -2.12090873718, 6.84930992126, -1.02089118958, 4.28342151642], [109.608047485, 10.3394861221, -12.9313306808, 23.405216217, 4.60755968094, 14.9134883881, 18.5682563782, 62.7840003967, 0.370579957962, 18.7595252991, -6.39260959625, 6.99229621887, -2.06798219681], [15.8111457825, 49.1604003906, 1.70068383217, 17.2770042419, 33.8099212646, 0.00665919855237, 21.7154178619, 0.370579957962, 79.8602371216, -7.93209886551, 2.10175275803, 3.04241847992, 12.989944458], [44.6595916748, -38.0019454956, 13.7743396759, 13.317609787, -5.30189800262, 3.53352618217, -2.12090873718, 18.7595252991, -7.93209886551, 56.0576133728, 17.8669433594, 8.04535579681, -5.06796121597], [18.3735179901, -89.1954040527, 99.9110870361, -28.2701148987, -0.403971076012, 6.15656757355, 6.84930992126, -6.39260959625, 2.10175275803, 17.8669433594, 62.51146698, 9.39054965973, 1.10844159126], [-5.84210968018, 11.946472168, -16.9651527405, 11.3115291595, 5.54844808578, 0.581379175186, -1.02089118958, 6.99229621887, 3.04241847992, 8.04535579681, 9.39054965973, 44.9022331238, 10.0372991562], [-14.58111763, -0.293168693781, -7.66865205765, -10.0392990112, -3.80145001411, -0.43455517292, 4.28342151642, -2.06798219681, 12.989944458, -5.06796121597, 1.10844159126, 10.0372991562, 42.5351715088]]
        icov: [[0.00163363700267, 0.00170672941022, 0.000513403560035, -0.000371558271581, -0.00131875206716, -0.000992631190456, -0.00140012020711, -0.00205715931952, -0.000477492343634, 3.780541374e-05, 0.000962739693932, 0.000208135083085, 0.000565745809581], [0.00170672941022, 0.00362176913768, 0.00206549628638, -0.00148735404946, -0.00214105052873, -0.000639018951915, -0.0036672228016, -0.00139024457894, -0.00047066519619, 0.000841704080813, 0.000707095663529, 0.000356746721081, 0.000876614707522], [0.000513403560035, 0.00206549628638, 0.00462145823985, 0.00279035884887, -0.00177486531902, -0.00338437804021, -0.00114717963152, -0.000491325510666, -0.00124404567759, 0.000178098096512, -0.00314983841963, 0.00118638039567, 0.00178372894879], [-0.000371558271581, -0.00148735404946, 0.00279035884887, 0.0106674749404, -0.00109538179822, -0.00402508396655, 0.00275118649006, -0.0012765621068, -0.00239088572562, -0.00300415884703, -0.000707172439434, -0.000647803361062, 0.00294860661961], [-0.00131875206716, -0.00214105052873, -0.00177486531902, -0.00109538179822, 0.0134794441983, 0.00336802122183, -0.00195075303782, 0.0016150601441, -0.00352003914304, 0.000781509734225, 2.48608412221e-05, -0.00240077055059, 0.0022026959341], [-0.000992631190456, -0.000639018951915, -0.00338437804021, -0.00402508396655, 0.00336802122183, 0.0196223650128, -0.00474207429215, -0.00104490749072, 0.00172194256447, 0.00132158922497, 0.00123585318215, -0.00120692059863, -0.00109245255589], [-0.00140012020711, -0.0036672228016, -0.00114717963152, 0.00275118649006, -0.00195075303782, -0.00474207429215, 0.0209706667811, -0.00431047007442, -0.00238950992934, 0.00118100561667, -0.00462550343946, 0.00252979551442, -0.00221286644228], [-0.00205715931952, -0.00139024457894, -0.000491325510666, -0.0012765621068, 0.0016150601441, -0.00104490749072, -0.00431047007442, 0.0247712749988, 0.00113143410999, -0.00793507602066, 0.0047115162015, -0.00356474495493, 9.48583110585e-05], [-0.000477492343634, -0.00047066519619, -0.00124404567759, -0.00239088572562, -0.00352003914304, 0.00172194256447, -0.00238950992934, 0.00113143410999, 0.0167412329465, 0.00197802647017, -0.000509687175509, 0.000312991207466, -0.0058944397606], [3.780541374e-05, 0.000841704080813, 0.000178098096512, -0.00300415884703, 0.000781509734225, 0.00132158922497, 0.00118100561667, -0.00793507602066, 0.00197802647017, 0.025142326951, -0.00857809372246, -0.00151415681466, 0.00189286191016], [0.000962739693932, 0.000707095663529, -0.00314983841963, -0.000707172439434, 2.48608412221e-05, 0.00123585318215, -0.00462550343946, 0.0047115162015, -0.000509687175509, -0.00857809372246, 0.0256352666765, -0.00575207686052, 0.000132735644002], [0.000208135083085, 0.000356746721081, 0.00118638039567, -0.000647803361062, -0.00240077055059, -0.00120692059863, 0.00252979551442, -0.00356474495493, 0.000312991207466, -0.00151415681466, -0.00575207686052, 0.0267475415021, -0.00695804553106], [0.000565745809581, 0.000876614707522, 0.00178372894879, 0.00294860661961, 0.0022026959341, -0.00109245255589, -0.00221286644228, 9.48583110585e-05, -0.0058944397606, 0.00189286191016, 0.000132735644002, -0.00695804553106, 0.0288047436625]]
    spectral_contrast:
        mean: [4.92803906127e-07, 5.35142277158e-08, 4.6020328881e-08, 7.3431536407e-08, -1.31372800638e-07, -7.04859601797e-08, -5.71929967919e-06, 1.8601327838e-06, -2.2551348593e-06, 6.07274273534e-07, 1.99523083211e-06, 1.13061696538e-06]
        var: [0.000429919164162, 0.000623187574092, 0.00110081629828, 0.00129283417482, 0.00142751645762, 0.00392791442573, 0.0354963392019, 0.0643550530076, 0.101623445749, 0.296152025461, 0.609701395035, 1.89426326752]

rhythm:
    beats_loudness:
        dmean: 0.00196159793995
        dmean2: 0.003225737717
        dvar: 1.17239869724e-06
        dvar2: 3.80215215046e-06
        max: 0.0106915924698
        mean: 0.00766371190548
        min: 0.00546585954726
        var: 2.27868395086e-06
    beats_loudness_bass:
        dmean: 0.0852335989475
        dmean2: 0.149760782719
        dvar: 0.0043631400913
        dvar2: 0.0134943053126
        max: 0.431444317102
        mean: 0.263163626194
        min: 0.10952834785
        var: 0.0105775222182
    bpm: 114.052757263
    bpm_confidence: 0
    first_peak_bpm: 114
    first_peak_spread: 0
    first_peak_weight: 0.944444417953
    onset_rate: 5.18391942978
    second_peak_bpm: 106
    second_peak_spread: 0
    second_peak_weight: 0.0555555559695
    beats_position: [0.28448009491, 0.812428057194, 1.34037601948, 1.86832404137, 2.39627218246, 2.92422008514, 3.45216798782, 3.9801158905, 4.50806379318, 5.03601169586, 5.5639591217, 6.1316742897, 6.65607404709, 7.18047475815, 7.70487451553, 8.22927379608, 8.75367450714, 9.2780752182, 9.80247497559]
    bpm_estimates: [113.659362793, 113.641090393, 113.576408386, 113.619499207, 113.711112976, 113.534240723, 113.808166504, 113.746948242, 113.531921387, 114.269798279, 114.371269226, 114.532295227, 114.733039856, 114.909187317, 113.610733032, 114.400566101, 114.51612854, 114.286476135, 114.544464111]
    bpm_intervals: [0.527947962284, 0.527947962284, 0.527948021889, 0.527948141098, 0.527947902679, 0.527947902679, 0.527947902679, 0.527947902679, 0.527947902679, 0.527947425842, 0.567715167999, 0.524399757385, 0.52440071106, 0.524399757385, 0.524399280548, 0.52440071106, 0.52440071106, 0.524399757385]
    onset_times: [0.0464399084449, 0.255419492722, 0.510838985443, 0.684988677502, 0.812698423862, 1.05650794506, 1.09133791924, 1.33514738083, 1.49768710136, 1.6137868166, 1.75310659409, 1.84598636627, 2.11301589012, 2.3916554451, 2.65868473053, 2.79800462723, 2.91410422325, 3.08825397491, 3.1811337471, 3.36689352989, 3.45977330208, 3.73841261864, 3.86612248421, 3.97061228752, 4.19120168686, 4.26086187363, 4.52789115906, 4.76009082794, 4.94585037231, 5.05034017563, 5.31736946106, 5.58439922333, 5.85142850876, 6.00235843658, 6.13006782532, 6.39709758759, 6.65251684189, 6.90793657303, 7.07047605515, 7.17496585846, 7.4303855896, 7.70902490616, 7.84834480286, 7.98766422272, 8.12698459625, 8.24308395386, 8.76553249359, 9.03256225586, 9.17188167572, 9.31120204926, 9.55501174927, 9.83365058899]
    rubato_start: []
    rubato_stop: []
    perceptual_tempo: "unknown"

sfx:
    inharmonicity:
        dmean: 0.040871810168
        dmean2: 0.0721309483051
        dvar: 0.00188089255244
        dvar2: 0.0056840297766
        max: 0.311621487141
        mean: 0.0427156165242
        min: 0
        var: 0.00203409325331
    oddtoevenharmonicenergyratio:
        dmean: 16.2656211853
        dmean2: 31.8168907166
        dvar: 8104.22363281
        dvar2: 24153.4550781
        max: 1070.86303711
        mean: 8.6887960434
        min: 0
        var: 4147.51757812
    pitch_after_max_to_before_max_energy_ratio: 3.10529112816
    pitch_centroid: 189.981521606
    pitch_max_to_total: 0.130232557654
    pitch_min_to_total: 0.860465109348
    tristimulus:
        dmean: [0.238593041897, 0.302148967981, 0.117893159389]
        dmean2: [0.41213530302, 0.529472589493, 0.216326251626]
        dvar: [0.0375466682017, 0.062056388706, 0.0165406055748]
        dvar2: [0.108353443444, 0.170561656356, 0.0460446663201]
        max: [1, 0.982115507126, 0.641727268696]
        mean: [0.364971935749, 0.379990547895, 0.0936642065644]
        min: [0.0178845413029, 0, 0]
        var: [0.0612001158297, 0.0872758626938, 0.0158560033888]

tonal:
    chords_changes_rate: 0.0462962947786
    chords_number_rate: 0.00925925932825
    chords_strength:
        dmean: 0.00786155089736
        dmean2: 0.00826303288341
        dvar: 4.10052234656e-05
        dvar2: 4.33120439993e-05
        max: 0.659133374691
        mean: 0.551211714745
        min: 0.371399998665
        var: 0.00401736609638
    key_strength: 0.576208889484
    tuning_diatonic_strength: 0.485409140587
    tuning_equal_tempered_deviation: 0.149126008153
    tuning_frequency: 442.548919678
    tuning_nontempered_energy_ratio: 0.823714613914
    hpcp:
        dmean: [0.145844310522, 0.118699066341, 0.102924019098, 0.0937105640769, 0.121807798743, 0.147479951382, 0.153633698821, 0.229353427887, 0.32507917285, 0.264931887388, 0.320557624102, 0.228784993291, 0.168315961957, 0.139524579048, 0.151639178395, 0.161384224892, 0.11773493886, 0.0890104323626, 0.0746080726385, 0.107553809881, 0.205634146929, 0.226633951068, 0.135033473372, 0.0781487599015, 0.0730721354485, 0.0928554683924, 0.140998497605, 0.15773165226, 0.132644921541, 0.151366636157, 0.149998366833, 0.154106363654, 0.155048534274, 0.105272866786, 0.0928177088499, 0.120226353407]
        dmean2: [0.234368935227, 0.202918678522, 0.174378171563, 0.162606015801, 0.216020688415, 0.265293002129, 0.261451840401, 0.409856855869, 0.589515984058, 0.452142089605, 0.560712754726, 0.400877445936, 0.29367852211, 0.240519925952, 0.259227156639, 0.275657057762, 0.198454961181, 0.152359068394, 0.129860714078, 0.185829624534, 0.327054470778, 0.365517556667, 0.228453397751, 0.132325068116, 0.128541663289, 0.158832207322, 0.225470229983, 0.245312914252, 0.217732951045, 0.261169791222, 0.255271613598, 0.274311065674, 0.279642045498, 0.18643297255, 0.163686692715, 0.196011424065]
        dvar: [0.0316597372293, 0.0220948345959, 0.0201977435499, 0.0156950820237, 0.0331518910825, 0.0535646118224, 0.0389295853674, 0.0688151866198, 0.072078756988, 0.0664033591747, 0.0601703748107, 0.0478585921228, 0.0414543859661, 0.0308648534119, 0.0312141422182, 0.0371250919998, 0.0162738580257, 0.0147692188621, 0.0133688347414, 0.0131165171042, 0.0338064171374, 0.0410432964563, 0.0151826646179, 0.00693010771647, 0.0128351524472, 0.0198858100921, 0.0295983534306, 0.026055444032, 0.0196150317788, 0.0287660900503, 0.0151006244123, 0.0270967390388, 0.0352403707802, 0.0268247462809, 0.0165360886604, 0.0176150295883]
        dvar2: [0.080595113337, 0.0627644136548, 0.0510408915579, 0.0400160551071, 0.0882902219892, 0.138651788235, 0.0926512405276, 0.174442112446, 0.214037269354, 0.150583744049, 0.164378061891, 0.133795142174, 0.109015509486, 0.0826792642474, 0.0755590349436, 0.0892720296979, 0.0410728678107, 0.0428758971393, 0.0383112989366, 0.0353469587862, 0.0819332078099, 0.0893292799592, 0.0394049547613, 0.018190510571, 0.0347743183374, 0.0498051717877, 0.0579149127007, 0.0548812933266, 0.0478061921895, 0.0732576921582, 0.0430729724467, 0.0771481990814, 0.0981334000826, 0.0752864703536, 0.0444579795003, 0.0410304032266]
        max: [1, 0.994913160801, 1, 1, 1, 1, 1, 1, 1, 1, 1, 1, 1, 1, 1, 1, 0.865100681782, 0.835203289986, 0.874979376793, 0.824209094048, 1, 1, 0.901799201965, 0.580303609371, 0.739150166512, 1, 1, 1, 1, 1, 0.967681646347, 0.903335750103, 0.999678313732, 1, 0.808367013931, 0.81357640028]
        mean: [0.201435178518, 0.152807056904, 0.130849540234, 0.117190629244, 0.11891746521, 0.151687070727, 0.16363042593, 0.203492298722, 0.44296887517, 0.672539830208, 0.531990528107, 0.282230347395, 0.177146062255, 0.140233442187, 0.173619911075, 0.209152340889, 0.156297132373, 0.104391492903, 0.0836284458637, 0.136449918151, 0.394874542952, 0.45837110281, 0.22700984776, 0.110419265926, 0.088941052556, 0.106586284935, 0.212967395782, 0.232124611735, 0.170673638582, 0.198332712054, 0.221437036991, 0.206637352705, 0.175104692578, 0.113746024668, 0.094176389277, 0.169276043773]
        min: [0.00638491241261, 0.00490613235161, 0.006267295219, 0.00509648257867, 0.00391663517803, 0.0025717264507, 0.0046901809983, 0.0027924713213, 0.00922606047243, 0.0146300988272, 0.0365033969283, 0.011676704511, 0.00405199732631, 0.00298765860498, 0.00607791682705, 0.00727721909061, 0.00766527093947, 0.00599012011662, 0.00287507846951, 0.00192872283515, 0.0228722281754, 0.024600289762, 0.0119605949149, 0.00230830092914, 0.00218413956463, 0.0014820646029, 0.00514314882457, 0.00484474189579, 0.00506354961544, 0.00589263159782, 0.0141573911533, 0.0145689481869, 0.00300378655083, 0.0022772452794, 0.0034201447852, 0.00557710975409]
        var: [0.0568220764399, 0.0255743134767, 0.0262964442372, 0.0198041461408, 0.0267261713743, 0.044238820672, 0.0404669903219, 0.0647154226899, 0.0974127426744, 0.108351506293, 0.0893127396703, 0.056263551116, 0.0394919700921, 0.0315464027226, 0.0396814346313, 0.0469331257045, 0.0224466565996, 0.0130733205006, 0.0113113336265, 0.0153251038864, 0.0667502582073, 0.0908692479134, 0.0267700627446, 0.0115431379527, 0.0126810790971, 0.0234171617776, 0.0652809813619, 0.0596288107336, 0.031702298671, 0.0435212105513, 0.0243151653558, 0.0286036226898, 0.0366302467883, 0.0232992172241, 0.0138911390677, 0.032440379262]
    chords_histogram: [54.6296310425, 0, 0, 0, 0, 0, 0, 0, 0, 0, 0, 0, 0, 0, 0, 0, 0, 0, 0, 0, 0, 0, 0, 45.3703689575]
    thpcp: [1, 0.791017115116, 0.419648528099, 0.263398617506, 0.208513215184, 0.258155584335, 0.310988783836, 0.232398331165, 0.15521979332, 0.12434720248, 0.202887490392, 0.587139248848, 0.681552350521, 0.337541133165, 0.164182499051, 0.132246524096, 0.158483237028, 0.316661387682, 0.345146268606, 0.253774762154, 0.294901072979, 0.329254895449, 0.307249248028, 0.260363310575, 0.169129058719, 0.140030950308, 0.251696676016, 0.299514114857, 0.227208927274, 0.194560289383, 0.174250841141, 0.176818475127, 0.225543618202, 0.243302211165, 0.302572846413, 0.658650755882]
    chords_key: "C"
    chords_scale: "major"
    key_key: "C"
    key_scale: "major"
    chords_progression: ["C", "C", "C", "C", "C", "C", "C", "C", "C", "C", "C", "C", "C", "C", "C", "C", "C", "C", "C", "C", "C", "C", "C", "C", "C", "C", "C", "C", "C", "C", "C", "C", "C", "C", "Am", "Am", "Am", "Am", "Am", "Am", "Am", "Am", "Am", "Am", "Am", "Am", "Am", "Am", "Am", "Am", "Am", "Am", "Am", "C", "C", "C", "C", "C", "Am", "Am", "Am", "Am", "Am", "Am", "Am", "Am", "Am", "Am", "Am", "Am", "Am", "Am", "Am", "C", "C", "C", "C", "C", "C", "C", "C", "C", "C", "C", "C", "C", "C", "C", "C", "C", "C", "C", "C", "C", "C", "C", "C", "C", "C", "C", "C", "C", "C", "C", "C", "C", "C", "C", "C", "C", "C", "C", "C", "C", "C", "C", "C", "C", "C", "C", "C", "C", "C", "C", "C", "C", "C", "C", "C", "C", "C", "C", "C", "Am", "Am", "Am", "Am", "Am", "Am", "Am", "Am", "Am", "Am", "Am", "Am", "Am", "Am", "Am", "Am", "Am", "Am", "Am", "Am", "Am", "Am", "Am", "Am", "Am", "Am", "Am", "Am", "Am", "Am", "Am", "Am", "Am", "Am", "Am", "Am", "Am", "Am", "Am", "Am", "Am", "Am", "Am", "Am", "Am", "Am", "Am", "Am", "Am", "Am", "Am", "Am", "Am", "Am", "Am", "Am", "Am", "Am", "C", "C", "Am", "C", "C", "C", "C", "C", "C", "C", "C", "C", "C", "C", "C", "C", "C", "Am", "Am", "Am", "Am", "Am", "C", "C", "C"]
