
metadata:
    version:
        essentia: "1.2.2"
    audio_properties:
        analysis_sample_rate: 44100
        bitrate: 128
        channels: 2
        equal_loudness: 1
        length: 10.0310201645
        replay_gain: -15.0531578064
        downmix: "mix"
    tags:
        track: 11
        year: 0
        album: "Splitted by Mp3Splt v. 2.1"
        artist: "From 001.40 To 001.50"
        comment: "http://mp3splt.sf.net"
        genre: ""
        title: "13 This Way.mp3"

highlevel:
    ballroom:
        all:
            ChaChaCha: 0.137104958296
            Jive: 0.139931306243
            Quickstep: 0.0998872295022
            Rumba-American: 0.0155131667852
            Rumba-International: 0.16788290441
            Rumba-Misc: 0.181536361575
            Samba: 0.219548746943
            Tango: 0.0072685549967
            VienneseWaltz: 0.0216351244599
            Waltz: 0.00969164539129
        probability: 0.219548746943
        value: "Samba"
    culture:
        all:
            non_western: 0.0359033979475
            western: 0.964096605778
        probability: 0.964096605778
        value: "western"
    gender:
        all:
            female: 0.021716594696
            male: 0.978283405304
        probability: 0.978283405304
        value: "male"
    genre_dortmund:
        all:
            alternative: 0.0129390144721
            blues: 0.127056196332
            electronic: 0.00570653053001
            folkcountry: 0.0412525385618
            funksoulrnb: 0.0610623471439
            jazz: 0.0221647955477
            pop: 0.097329325974
            raphiphop: 0.531997263432
            rock: 0.100491978228
        probability: 0.531997263432
        value: "raphiphop"
    genre_electronica:
        all:
            ambient: 0.317809522152
            dnb: 0.493089258671
            house: 0.0618450827897
            techno: 0.0496503673494
            trance: 0.0776057690382
        probability: 0.493089258671
        value: "dnb"
    genre_rosamerica:
        all:
            cla: 0.00433876784518
            dan: 0.108811959624
            hip: 0.403745502234
            jaz: 0.0134590808302
            pop: 0.223829984665
            rhy: 0.211168780923
            roc: 0.0207862462848
            spe: 0.0138596715406
        probability: 0.403745502234
        value: "hip"
    genre_tzanetakis:
        all:
            blu: 0.00106002669781
            cla: 0.00130849413108
            cou: 0.0115238921717
            dis: 0.0223288014531
            hip: 0.183471783996
            jaz: 0.00275740190409
            met: 0.00125822913833
            pop: 0.536518573761
            reg: 0.22328671813
            roc: 0.0164860617369
        probability: 0.536518573761
        value: "pop"
    live_studio:
        all:
            live: 0.00918038655072
            studio: 0.990819633007
        probability: 0.990819633007
        value: "studio"
    mood:
        all:
            Cluster1: 0.117792651057
            Cluster2: 0.263736516237
            Cluster3: 0.289571851492
            Cluster4: 0.259301811457
            Cluster5: 0.0695971697569
        probability: 0.289571851492
        value: "Cluster3"
    mood_acoustic:
        all:
            acoustic: 0.197062462568
            not_acoustic: 0.802937567234
        probability: 0.802937567234
        value: "not_acoustic"
    mood_aggressive:
        all:
            aggressive: 0.0818922221661
            not_aggressive: 0.918107807636
        probability: 0.918107807636
        value: "not_aggressive"
    mood_electronic:
        all:
            electronic: 0.457539200783
            not_electronic: 0.542460799217
        probability: 0.542460799217
        value: "not_electronic"
    mood_happy:
        all:
            happy: 0.768377125263
            not_happy: 0.231622859836
        probability: 0.768377125263
        value: "happy"
    mood_party:
        all:
            not_party: 0.473883658648
            party: 0.52611631155
        probability: 0.52611631155
        value: "party"
    mood_relaxed:
        all:
            not_relaxed: 0.656437516212
            relaxed: 0.343562483788
        probability: 0.656437516212
        value: "not_relaxed"
    mood_sad:
        all:
            not_sad: 0.685041368008
            sad: 0.314958631992
        probability: 0.685041368008
        value: "not_sad"
    rhythm:
        all:
            fast: 0.494541913271
            medium: 0.478447675705
            slow: 0.0270103979856
        probability: 0.494541913271
        value: "fast"
    speech_music:
        all:
            music: 0.99999588728
            speech: 4.14121086578e-06
        probability: 0.99999588728
        value: "music"
    timbre:
        all:
            bright: 0.350176393986
            dark: 0.649823606014
        probability: 0.649823606014
        value: "dark"
    voice_instrumental:
        all:
            instrumental: 0.000222250499064
            voice: 0.99977773428
        probability: 0.99977773428
        value: "voice"

lowlevel:
    average_loudness: 0.981105387211
    barkbands_kurtosis:
        dmean: 1.93237388134
        dmean2: 3.01572418213
        dvar: 6.29540920258
        dvar2: 13.1451253891
        max: 20.4041690826
        mean: 1.23199093342
        min: -1.82449352741
        var: 11.986369133
    barkbands_skewness:
        dmean: 0.63657695055
        dmean2: 0.930224180222
        dvar: 0.353613317013
        dvar2: 0.681947171688
        max: 3.92314648628
        mean: 0.955363988876
        min: -3.73441028595
        var: 1.03285002708
    barkbands_spread:
        dmean: 6.66229295731
        dmean2: 9.59007358551
        dvar: 47.4898681641
        dvar2: 89.8829421997
        max: 78.2138824463
        mean: 24.8502674103
        min: 3.409085989
        var: 175.651824951
    dissonance:
        dmean: 0.0350611917675
        dmean2: 0.0560678653419
        dvar: 0.00113324960694
        dvar2: 0.00279611814767
        max: 0.499098479748
        mean: 0.429643630981
        min: 0.21574370563
        var: 0.00228586723097
    hfc:
        dmean: 1.95640563965
        dmean2: 2.70894622803
        dvar: 10.4387683868
        dvar2: 18.1253509521
        max: 29.5880565643
        mean: 3.99435520172
        min: 0.110836304724
        var: 20.7994995117
    pitch:
        dmean: 373.749420166
        dmean2: 706.014343262
        dvar: 845395.75
        dvar2: 2074313.25
        max: 4900
        mean: 511.15032959
        min: 66.1169433594
        var: 831452.125
    pitch_instantaneous_confidence:
        dmean: 0.139381766319
        dmean2: 0.221947163343
        dvar: 0.0139590827748
        dvar2: 0.0306181907654
        max: 0.93444943428
        mean: 0.548121154308
        min: 0.142664134502
        var: 0.0319250151515
    pitch_salience:
        dmean: 0.0911618471146
        dmean2: 0.14516030252
        dvar: 0.00564380316064
        dvar2: 0.0131479920819
        max: 0.822139024734
        mean: 0.585723042488
        min: 0.144031703472
        var: 0.0141520602629
    silence_rate_20dB:
        dmean: 0
        dmean2: 0
        dvar: 0
        dvar2: 0
        max: 1
        mean: 1
        min: 1
        var: 0
    silence_rate_30dB:
        dmean: 0
        dmean2: 0
        dvar: 0
        dvar2: 0
        max: 1
        mean: 1
        min: 1
        var: 0
    silence_rate_60dB:
        dmean: 0.189814820886
        dmean2: 0.380510449409
        dvar: 0.153785064816
        dvar2: 0.28212633729
        max: 1
        mean: 0.475750565529
        min: 0
        var: 0.249411821365
    spectral_centroid:
        dmean: 324.346954346
        dmean2: 440.126098633
        dvar: 145330.4375
        dvar2: 225577.71875
        max: 4922.40673828
        mean: 1087.96240234
        min: 210.797714233
        var: 534727.3125
    spectral_complexity:
        dmean: 3.06960558891
        dmean2: 4.31627893448
        dvar: 24.0508289337
        dvar2: 34.5604362488
        max: 51
        mean: 8.34953689575
        min: 1
        var: 52.4125175476
    spectral_crest:
        dmean: 3.01614403725
        dmean2: 5.00705957413
        dvar: 6.90862321854
        dvar2: 16.1650371552
        max: 24.4486446381
        mean: 9.49501800537
        min: 2.9915034771
        var: 15.2688674927
    spectral_decrease:
        dmean: 3.95753763094e-10
        dmean2: 5.75158087823e-10
        dvar: 2.01996600857e-19
        dvar2: 4.06301242417e-19
        max: -2.03172721702e-11
        mean: -9.08265129773e-10
        min: -4.00971300607e-09
        var: 4.65220800462e-19
    spectral_energy:
        dmean: 0.00162843358703
        dmean2: 0.0023256232962
        dvar: 3.54591270479e-06
        dvar2: 6.88003092364e-06
        max: 0.0178173296154
        mean: 0.00379030266777
        min: 8.67351627676e-05
        var: 8.34781258163e-06
    spectral_energyband_high:
        dmean: 0.000110227701953
        dmean2: 0.00014633371029
        dvar: 5.32185460145e-08
        dvar2: 8.87203199795e-08
        max: 0.0022083085496
        mean: 0.000149549538037
        min: 8.51860477269e-07
        var: 1.10441824575e-07
    spectral_energyband_low:
        dmean: 0.000200424750801
        dmean2: 0.000331665942213
        dvar: 1.05590842736e-07
        dvar2: 2.76318331771e-07
        max: 0.00220283237286
        mean: 0.000304496090394
        min: 1.18288326689e-07
        var: 1.11644652634e-07
    spectral_energyband_middle_high:
        dmean: 0.000585641304497
        dmean2: 0.000803920614999
        dvar: 9.62677972893e-07
        dvar2: 1.76535672836e-06
        max: 0.00870182458311
        mean: 0.00107344728895
        min: 2.76397986454e-05
        var: 1.77162780801e-06
    spectral_energyband_middle_low:
        dmean: 0.00116849306505
        dmean2: 0.00181877671275
        dvar: 1.82390829195e-06
        dvar2: 4.22010862167e-06
        max: 0.00873377360404
        mean: 0.00226279441267
        min: 1.02643107311e-05
        var: 3.40462747772e-06
    spectral_flatness_db:
        dmean: 0.0260582584888
        dmean2: 0.0384927988052
        dvar: 0.000648883054964
        dvar2: 0.00127238535788
        max: 0.359063059092
        mean: 0.181561335921
        min: 0.0788644626737
        var: 0.00208298489451
    spectral_flux:
        dmean: 0.0122652826831
        dmean2: 0.0199878346175
        dvar: 0.00014854130859
        dvar2: 0.000328672380419
        max: 0.0987747907639
        mean: 0.0394348353148
        min: 0.00439725257456
        var: 0.000356462376658
    spectral_kurtosis:
        dmean: 2.58181166649
        dmean2: 4.03166341782
        dvar: 11.2693948746
        dvar2: 24.0981044769
        max: 43.958442688
        mean: 5.33909654617
        min: -1.23733210564
        var: 23.2846813202
    spectral_rms:
        dmean: 0.000401051162044
        dmean2: 0.000569172203541
        dvar: 1.57292973313e-07
        dvar2: 2.92169460181e-07
        max: 0.00416926387697
        mean: 0.0017984888982
        min: 0.000290894618956
        var: 4.63297737952e-07
    spectral_rolloff:
        dmean: 659.585510254
        dmean2: 992.579711914
        dvar: 691820.3125
        dvar2: 966586
        max: 9388.4765625
        mean: 2075.0612793
        min: 193.798828125
        var: 2394105.75
    spectral_skewness:
        dmean: 0.3988468647
        dmean2: 0.589437365532
        dvar: 0.152515441179
        dvar2: 0.312859266996
        max: 5.17073774338
        mean: 1.81905722618
        min: -0.140553638339
        var: 0.520812153816
    spectral_spread:
        dmean: 991312.25
        dmean2: 1430976.25
        dvar: 1.23147609702e+12
        dvar2: 1.78660848435e+12
        max: 14919851
        mean: 5546259
        min: 2049535.125
        var: 5.80336851354e+12
    spectral_strongpeak:
        dmean: 0.372049599886
        dmean2: 0.582546412945
        dvar: 0.259293526411
        dvar2: 0.540524303913
        max: 4.72981739044
        mean: 0.58797544241
        min: 0.0126853501424
        var: 0.513850569725
    zerocrossingrate:
        dmean: 0.0137160578743
        dmean2: 0.0138524258509
        dvar: 0.000235958883422
        dvar2: 0.000199775953661
        max: 0.2607421875
        mean: 0.065516717732
        min: 0.013671875
        var: 0.00148754171096
    barkbands:
        dmean: [1.08183076009e-06, 0.000107868647319, 0.000136412709253, 0.000254350859905, 0.000454341527075, 0.000282423774479, 0.000445803510956, 0.000285419257125, 0.00010997550271, 6.57105483697e-05, 4.64609474875e-05, 5.03058690811e-05, 5.91331845499e-05, 7.00182063156e-05, 6.78479700582e-05, 0.000103434809716, 0.000117811920063, 0.000103152597148, 0.000100078737887, 7.13807894499e-05, 4.64665026811e-05, 1.75078639586e-05, 4.92396748086e-06, 5.61181286685e-06, 3.86782403439e-06, 8.73570655813e-08, 3.74084957455e-10]
        dmean2: [1.1482715081e-06, 0.000177049427293, 0.000245658069616, 0.000441528420197, 0.000752599269617, 0.000438034097897, 0.000691691413522, 0.000419516552938, 0.000163150063599, 0.000111320980068, 7.02043034835e-05, 7.49826722313e-05, 8.95209450391e-05, 9.89038526313e-05, 0.000100217774161, 0.000138656294439, 0.000166610465385, 0.00016950861027, 0.000156270572916, 0.000109269814857, 6.57286727801e-05, 2.58660784311e-05, 6.8928179644e-06, 6.3949255491e-06, 4.98503413837e-06, 1.27383572135e-07, 5.27123122929e-10]
        dvar: [1.9278719246e-12, 2.69963837951e-08, 6.3403376771e-08, 1.33117481482e-07, 5.05004038587e-07, 2.39287089698e-07, 7.48451213894e-07, 3.60671151611e-07, 1.48853985138e-07, 1.04717202021e-07, 1.49001655458e-08, 2.81354992637e-08, 7.70684849272e-09, 2.72794764555e-08, 1.99000833589e-08, 3.57702170106e-08, 5.96790101781e-08, 7.39170715747e-08, 7.01496105648e-08, 5.17139717715e-08, 8.30593371859e-09, 1.39208045091e-09, 1.38268327343e-10, 2.22242252379e-10, 1.35220543096e-10, 1.02972040345e-13, 1.21775883691e-17]
        dvar2: [2.47296042151e-12, 7.12795582558e-08, 1.75952905579e-07, 3.54110198941e-07, 1.24928385503e-06, 5.78554704589e-07, 1.54022450261e-06, 8.0790323409e-07, 3.45793296219e-07, 2.92631227694e-07, 3.23621272003e-08, 5.70298297475e-08, 1.54652664008e-08, 5.18795140181e-08, 4.15471355097e-08, 5.34397983643e-08, 1.14994129774e-07, 1.98678833385e-07, 1.63843978385e-07, 9.20054219478e-08, 1.44582585904e-08, 2.6108994966e-09, 2.33702446284e-10, 3.2363300928e-10, 1.76097220139e-10, 2.17225624424e-13, 1.22475529596e-17]
        max: [9.62783360592e-06, 0.000989514635876, 0.00150984269567, 0.00217768596485, 0.00494821323082, 0.00488388398662, 0.00825726427138, 0.0052081188187, 0.00465790275484, 0.00480840215459, 0.00119124178309, 0.00179382087663, 0.00105714937672, 0.00168814545032, 0.00154429755639, 0.00212612212636, 0.00298408837989, 0.00258814031258, 0.00213183811866, 0.00192572094966, 0.00120794889517, 0.000540676293895, 0.000119045762403, 0.000230536665185, 0.000173818742041, 5.60623175261e-06, 7.25115896216e-08]
        mean: [2.25901044359e-06, 0.000160978888744, 0.000141276483191, 0.000309309572913, 0.000553077377845, 0.000370601017494, 0.000551189586986, 0.000349957321305, 0.000116503644676, 6.23025553068e-05, 5.46843511984e-05, 4.83888725284e-05, 0.000107320149255, 9.98820760287e-05, 7.62278577895e-05, 0.000170013110619, 0.000168874263181, 0.000124387297546, 0.000129930616822, 8.96810597624e-05, 5.65534755879e-05, 2.37899203057e-05, 7.20566231394e-06, 9.03200634639e-06, 6.74501734466e-06, 1.35186468242e-07, 3.88754417546e-10]
        min: [4.32098324135e-12, 6.35349994837e-09, 7.74940502879e-08, 2.69141338549e-07, 1.43984652823e-06, 1.8738376184e-07, 2.30758274711e-07, 2.02536782012e-07, 1.30460364289e-07, 9.58331582979e-08, 9.59477404194e-08, 5.79233194742e-08, 5.48693265046e-07, 4.98715664321e-08, 5.52516468133e-08, 2.47793877861e-07, 4.83663541218e-07, 1.16203727885e-06, 2.40406279772e-07, 2.39672715452e-07, 1.12403178321e-07, 6.07953012377e-08, 6.23312645942e-09, 1.61130087051e-09, 1.01960040411e-09, 3.97822191855e-11, 2.94751419452e-13]
        var: [7.85227612099e-12, 3.04873886137e-08, 4.85169202591e-08, 1.54751447212e-07, 5.60699959351e-07, 2.77751752265e-07, 1.13520343348e-06, 4.72662776474e-07, 1.43948369669e-07, 7.26455695599e-08, 1.93886844357e-08, 3.12942205483e-08, 1.80835648678e-08, 5.10096000994e-08, 2.89230221995e-08, 1.14249239402e-07, 1.00892641797e-07, 6.26619396371e-08, 7.62635039564e-08, 7.11151315613e-08, 1.84594828312e-08, 3.27630544916e-09, 3.28794408366e-10, 6.20897555592e-10, 4.49756815124e-10, 2.22343749857e-13, 1.2245649617e-17]
    mfcc:
        mean: [-756.493469238, 123.754989624, -21.6205196381, 45.185760498, 4.07897996902, -11.8723564148, -6.87718725204, -10.8937578201, -9.46525478363, -7.00347185135, 0.789400517941, 4.52651453018, -2.61510801315]
        cov: [[3372.89257812, -807.395202637, -16.0359611511, -156.366104126, -47.2735481262, -160.619949341, -289.119750977, 33.4185714722, 149.446304321, 44.8149337769, -50.2936630249, -101.850654602, 47.8141899109], [-807.395202637, 1890.28393555, -512.091125488, -11.9989624023, -49.861743927, -92.9836578369, 82.5124130249, 56.7593460083, -74.3430557251, 29.679233551, 57.5260467529, 35.6861534119, -13.9560613632], [-16.0359611511, -512.091125488, 782.54095459, 182.460235596, 113.969573975, 265.155029297, 183.359268188, 79.2699203491, 3.71656084061, 4.27271413803, 95.7663574219, 107.793144226, 6.90956497192], [-156.366104126, -11.9989624023, 182.460235596, 482.270782471, 92.3695983887, 244.970321655, 77.5975952148, 0.976040422916, -12.0842790604, -24.2547035217, 2.5852124691, 30.5817680359, 25.2241592407], [-47.2735481262, -49.861743927, 113.969573975, 92.3695983887, 331.932220459, 19.0557003021, -41.7991600037, -11.3361902237, 11.0781269073, 80.9600219727, 47.544883728, 20.5996646881, 40.3206977844], [-160.619949341, -92.9836578369, 265.155029297, 244.970321655, 19.0557003021, 556.449707031, 252.310668945, -41.4050636292, -34.2329559326, -5.90011453629, 61.2196083069, -19.3657264709, -64.4570770264], [-289.119750977, 82.5124130249, 183.359268188, 77.5975952148, -41.7991600037, 252.310668945, 345.343109131, 45.9243507385, -28.0456371307, 13.9045095444, 79.6347045898, 11.0361757278, -46.8980293274], [33.4185714722, 56.7593460083, 79.2699203491, 0.976040422916, -11.3361902237, -41.4050636292, 45.9243507385, 207.563201904, 62.2897186279, -18.6901016235, 26.9704761505, 51.4469070435, 28.6282691956], [149.446304321, -74.3430557251, 3.71656084061, -12.0842790604, 11.0781269073, -34.2329559326, -28.0456371307, 62.2897186279, 185.429397583, 27.5764274597, -19.2371234894, -16.8003082275, 39.3381996155], [44.8149337769, 29.679233551, 4.27271413803, -24.2547035217, 80.9600219727, -5.90011453629, 13.9045095444, -18.6901016235, 27.5764274597, 158.309280396, 57.3419723511, -31.1939334869, -11.6562976837], [-50.2936630249, 57.5260467529, 95.7663574219, 2.5852124691, 47.544883728, 61.2196083069, 79.6347045898, 26.9704761505, -19.2371234894, 57.3419723511, 156.121826172, 52.2419013977, -35.0531539917], [-101.850654602, 35.6861534119, 107.793144226, 30.5817680359, 20.5996646881, -19.3657264709, 11.0361757278, 51.4469070435, -16.8003082275, -31.1939334869, 52.2419013977, 152.101287842, 20.4675922394], [47.8141899109, -13.9560613632, 6.90956497192, 25.2241592407, 40.3206977844, -64.4570770264, -46.8980293274, 28.6282691956, 39.3381996155, -11.6562976837, -35.0531539917, 20.4675922394, 129.898117065]]
        icov: [[0.000383260892704, 0.000162153533893, 3.22302948916e-05, 4.86880417156e-05, 0.000170462866663, -8.905249706e-05, 0.000388873246266, -0.000219417212065, -8.42369772727e-05, -0.000160514842719, -0.000192586434423, 0.000237814121647, -0.000121502460388], [0.000162153533893, 0.000884052657057, 0.000832926190924, -0.00016238601529, 1.14302883958e-05, -1.13598362077e-05, -0.000307764945319, -0.000498675275594, 0.000329846778186, -0.00034460137249, -0.000267740397248, -0.000393393245758, -0.0001289518259], [3.22302948916e-05, 0.000832926190924, 0.0027947302442, -0.000274326070212, -0.000615680066403, -0.000750766601413, -0.000884875480551, -0.000901530613191, 0.000216082553379, -0.000305643305182, -0.00027492371737, -0.00165632448625, -0.000226050891797], [4.86880417156e-05, -0.00016238601529, -0.000274326070212, 0.00318630365655, -0.000751570099965, -0.00161823828239, 0.000349209964043, -0.000194706051843, 0.000122489174828, 0.000295173260383, 0.000835982209537, -0.000553002406377, -0.000738099683076], [0.000170462866663, 1.14302883958e-05, -0.000615680066403, -0.000751570099965, 0.00456455163658, -0.000203094576136, 0.0014829231659, 0.000143616169225, 0.000249495584285, -0.00235744775273, -0.00109267281368, 1.73988410097e-05, -0.00148141395766], [-8.905249706e-05, -1.13598362077e-05, -0.000750766601413, -0.00161823828239, -0.000203094576136, 0.00436930824071, -0.0025104531087, 0.00161789893173, -0.000532024190761, 0.00125863659196, -0.00091443216661, 0.00137593760155, 0.00116443925072], [0.000388873246266, -0.000307764945319, -0.000884875480551, 0.000349209964043, 0.0014829231659, -0.0025104531087, 0.00633767200634, -0.0017893651966, 0.000703922938555, -0.00101206044201, -0.00147149164695, 0.000898511440028, -6.31279472145e-05], [-0.000219417212065, -0.000498675275594, -0.000901530613191, -0.000194706051843, 0.000143616169225, 0.00161789893173, -0.0017893651966, 0.00761632435024, -0.00294625223614, 0.00191725126933, -0.00125985906925, -0.00103498820681, -0.000566007976886], [-8.42369772727e-05, 0.000329846778186, 0.000216082553379, 0.000122489174828, 0.000249495584285, -0.000532024190761, 0.000703922938555, -0.00294625223614, 0.0074568381533, -0.00227157282643, 0.00113248999696, 0.000726954953279, -0.00167780637275], [-0.000160514842719, -0.00034460137249, -0.000305643305182, 0.000295173260383, -0.00235744775273, 0.00125863659196, -0.00101206044201, 0.00191725126933, -0.00227157282643, 0.0108935935423, -0.00473299436271, 0.00359398219734, 0.000371327449102], [-0.000192586434423, -0.000267740397248, -0.00027492371737, 0.000835982209537, -0.00109267281368, -0.00091443216661, -0.00147149164695, -0.00125985906925, 0.00113248999696, -0.00473299436271, 0.0124564087018, -0.00498995976523, 0.00290617905557], [0.000237814121647, -0.000393393245758, -0.00165632448625, -0.000553002406377, 1.73988410097e-05, 0.00137593760155, 0.000898511440028, -0.00103498820681, 0.000726954953279, 0.00359398219734, -0.00498995976523, 0.0113334935158, -0.00173443323001], [-0.000121502460388, -0.0001289518259, -0.000226050891797, -0.000738099683076, -0.00148141395766, 0.00116443925072, -6.31279472145e-05, -0.000566007976886, -0.00167780637275, 0.000371327449102, 0.00290617905557, -0.00173443323001, 0.010623106733]]
    spectral_contrast:
        mean: [-2.372781438e-07, 2.60205496261e-07, 6.80814054022e-08, 7.66314656175e-08, -1.19036819513e-07, -1.68172718418e-07, 2.66634197033e-06, -2.01952116186e-06, -9.48896968112e-07, -2.12693385038e-06, 1.01548657483e-07, -2.85170972347e-06]
        var: [0.000710476539098, 0.00121698004659, 0.00219446001574, 0.00305457715876, 0.00428364332765, 0.0111027229577, 0.0992091521621, 0.138294234872, 0.199555531144, 1.01371908188, 1.20075964928, 2.36873650551]

rhythm:
    beats_loudness:
        dmean: 0.00352286640555
        dmean2: 0.00715889316052
        dvar: 7.19296212992e-06
        dvar2: 2.42796959355e-05
        max: 0.0103848343715
        mean: 0.00554120633751
        min: 0.00179689284414
        var: 6.32440651316e-06
    beats_loudness_bass:
        dmean: 0.235161170363
        dmean2: 0.490879446268
        dvar: 0.0452232211828
        dvar2: 0.120558366179
        max: 0.688449561596
        mean: 0.155399143696
        min: 0.00424561556429
        var: 0.034019716084
    bpm: 95.5852966309
    bpm_confidence: 0
    first_peak_bpm: 96
    first_peak_spread: 0
    first_peak_weight: 0.933333337307
    onset_rate: 5.2836098671
    second_peak_bpm: 127
    second_peak_spread: 0
    second_peak_weight: 0.0666666701436
    beats_position: [0.184253677726, 0.811870217323, 1.43948674202, 2.06710338593, 2.69471979141, 3.3223361969, 3.94995284081, 4.57756948471, 5.2051858902, 5.83280229568, 6.30511331558, 6.93295955658, 7.56080627441, 8.18865299225, 8.81649971008, 9.44434547424]
    bpm_estimates: [95.5235824585, 95.7648086548, 95.612487793, 95.5616226196, 95.7019958496, 95.5678329468, 95.4667739868, 95.3865203857, 95.7450714111, 95.6027603149, 95.5486221313, 95.5414505005]
    bpm_intervals: [0.627616524696, 0.627616524696, 0.627616643906, 0.627616405487, 0.627616405487, 0.627616643906, 0.627616643906, 0.627616405487, 0.627616405487, 0.472311019897, 0.627846240997, 0.627846717834, 0.627846717834, 0.627846717834, 0.62784576416]
    onset_times: [0.0348299331963, 0.220589563251, 0.406349211931, 0.626938760281, 0.824308395386, 0.975238084793, 1.13777780533, 1.30031740665, 1.64861679077, 2.06657600403, 2.40326523781, 2.54258513451, 2.69351482391, 2.80961441994, 3.01859402657, 3.21596360207, 3.33206343651, 3.68036270142, 4.13315200806, 4.27247142792, 4.35374164581, 4.57433128357, 4.74848079681, 4.85297060013, 4.96907043457, 5.08517026901, 5.22448968887, 5.29414987564, 5.53795909882, 5.72371864319, 5.85142850876, 6.18811798096, 6.48997735977, 6.6989569664, 6.91954660416, 7.11691617966, 7.30267572403, 7.52326536179, 7.61614513397, 7.83673477173, 8.103764534, 8.25469398499, 8.39401340485, 8.59138298035, 8.71909332275, 8.8119726181, 9.03256225586, 9.19510173798, 9.33442211151, 9.52018165588, 9.62467098236, 9.81043052673, 9.90331077576]
    rubato_start: []
    rubato_stop: []
    perceptual_tempo: "unknown"

sfx:
    inharmonicity:
        dmean: 0.0394289158285
        dmean2: 0.0707326829433
        dvar: 0.00294614396989
        dvar2: 0.00870967376977
        max: 0.399158120155
        mean: 0.0357835516334
        min: 2.10313246498e-05
        var: 0.0026469049044
    oddtoevenharmonicenergyratio:
        dmean: 7.04819917679
        dmean2: 13.5529384613
        dvar: 1381.3371582
        dvar2: 4104.81298828
        max: 477.233917236
        mean: 4.04340314865
        min: 8.53567835293e-05
        var: 716.84777832
    pitch_after_max_to_before_max_energy_ratio: 0.9277587533
    pitch_centroid: 230.713104248
    pitch_max_to_total: 0.736111104488
    pitch_min_to_total: 0.863425910473
    tristimulus:
        dmean: [0.263831019402, 0.262313693762, 0.0996280685067]
        dmean2: [0.46511438489, 0.450431644917, 0.175808921456]
        dvar: [0.0472848191857, 0.0447022616863, 0.0120638580993]
        dvar2: [0.129118546844, 0.120771512389, 0.0330130681396]
        max: [0.984772503376, 0.972180664539, 0.830824196339]
        mean: [0.469590008259, 0.404617249966, 0.0932892337441]
        min: [0.00071022316115, 0, 0]
        var: [0.0670292302966, 0.0664412975311, 0.0143606625497]

tonal:
    chords_changes_rate: 0.110599078238
    chords_number_rate: 0.0322580635548
    chords_strength:
        dmean: 0.0157301966101
        dmean2: 0.0189888998866
        dvar: 0.000184340999112
        dvar2: 0.000260753848124
        max: 0.714410066605
        mean: 0.522400438786
        min: 0.342766284943
        var: 0.00702217547223
    key_strength: 0.675540328026
    tuning_diatonic_strength: 0.583291709423
    tuning_equal_tempered_deviation: 0.240389302373
    tuning_frequency: 432.191345215
    tuning_nontempered_energy_ratio: 0.91420674324
    hpcp:
        dmean: [0.157920584083, 0.143162950873, 0.142126724124, 0.159817010164, 0.163574695587, 0.122893512249, 0.141725853086, 0.159000813961, 0.187933504581, 0.242767065763, 0.22692926228, 0.165172457695, 0.153605878353, 0.129104107618, 0.172012999654, 0.189659252763, 0.190810322762, 0.150144189596, 0.118081279099, 0.11848564446, 0.11776855588, 0.140620544553, 0.186116427183, 0.250649094582, 0.233434617519, 0.139071166515, 0.107992403209, 0.130878254771, 0.146274343133, 0.137444585562, 0.181490540504, 0.210441783071, 0.211508646607, 0.183094531298, 0.185344383121, 0.173951357603]
        dmean2: [0.271145552397, 0.255773156881, 0.251117736101, 0.287394732237, 0.297185540199, 0.200407624245, 0.247330278158, 0.268427222967, 0.311055183411, 0.411467581987, 0.391557902098, 0.280706226826, 0.272754400969, 0.227467924356, 0.31145209074, 0.316850870848, 0.322222709656, 0.264771670103, 0.211798503995, 0.20835994184, 0.215198785067, 0.251362025738, 0.313518106937, 0.421027690172, 0.408452630043, 0.24187335372, 0.194953933358, 0.232607871294, 0.263912409544, 0.237566351891, 0.313339740038, 0.355985820293, 0.361357659101, 0.327601522207, 0.324728250504, 0.285787761211]
        dvar: [0.0494859665632, 0.0379382297397, 0.0366288237274, 0.0684944018722, 0.0582743324339, 0.0320386439562, 0.0466412231326, 0.0419948324561, 0.0443219691515, 0.0763995796442, 0.063120521605, 0.0518731176853, 0.0564498007298, 0.0394927673042, 0.0613677054644, 0.0532659366727, 0.0580284446478, 0.0419863387942, 0.0312102157623, 0.0342414788902, 0.032944843173, 0.0443205647171, 0.0486750043929, 0.0643223971128, 0.0636717304587, 0.0328694321215, 0.0321380756795, 0.0439725667238, 0.0527442656457, 0.0385962799191, 0.0681742355227, 0.0699961259961, 0.0591848641634, 0.0513773225248, 0.054950427264, 0.0492674969137]
        dvar2: [0.121873356402, 0.0950921177864, 0.0921116620302, 0.161229267716, 0.163038477302, 0.0848852545023, 0.120836265385, 0.0996327325702, 0.106971152127, 0.193557739258, 0.15328976512, 0.124074593186, 0.150977700949, 0.105600088835, 0.173572808504, 0.142496749759, 0.123415492475, 0.105963230133, 0.0877937972546, 0.094773426652, 0.0947080776095, 0.122777789831, 0.123433768749, 0.170486301184, 0.159546121955, 0.0899656713009, 0.078143440187, 0.109235793352, 0.141928628087, 0.0866384804249, 0.18352535367, 0.186206012964, 0.150622859597, 0.11943230778, 0.148756682873, 0.124268338084]
        max: [1, 1, 1, 1, 1, 1, 1, 1, 1, 1, 1, 1, 1, 1, 1, 1, 1, 1, 0.932495355606, 1, 1, 1, 1, 1, 1, 1, 0.966442704201, 1, 1, 1, 1, 1, 1, 1, 1, 1]
        mean: [0.155634015799, 0.132599473, 0.124572753906, 0.148940756917, 0.139875590801, 0.111346133053, 0.131372094154, 0.16762059927, 0.209688693285, 0.259362488985, 0.247503116727, 0.188687130809, 0.133432537317, 0.107648998499, 0.138457000256, 0.204156503081, 0.213134095073, 0.141235157847, 0.0993638560176, 0.105441115797, 0.100724682212, 0.139841854572, 0.229093790054, 0.294307917356, 0.232670933008, 0.118167847395, 0.0904522910714, 0.114882327616, 0.141641408205, 0.136239647865, 0.163684532046, 0.212027311325, 0.217133998871, 0.186060920358, 0.174723148346, 0.174592152238]
        min: [0.000805498857517, 0.00038005472743, 0.000329227943439, 0.000240379769821, 0.000262217392446, 0.000619341502897, 0.000631290022284, 0.00109986658208, 0.00184023042675, 0.000529309501871, 0.000636001583189, 0.00072636664845, 0.000682771729771, 0.000404758699005, 0.000636061420664, 0.000694862101227, 0.000533847312909, 0.000472314393846, 0.000598503800575, 0.000646286702249, 0.000762990035582, 0.000895984005183, 0.00159445917234, 0.00128964148462, 0.0019415540155, 0.000304358283756, 0.000161019241204, 0.000470328144729, 0.000715227157343, 0.000781797978561, 0.000382500467822, 0.000749580911361, 0.0010895030573, 0.00056025775848, 0.000738470640499, 0.000592107011471]
        var: [0.051959387958, 0.0369468778372, 0.0354399010539, 0.0729951784015, 0.0594961419702, 0.0367490239441, 0.0445661023259, 0.0497794523835, 0.0631445944309, 0.102555409074, 0.0948905348778, 0.0743620470166, 0.0557335987687, 0.0357953161001, 0.0514479987323, 0.0720688849688, 0.087764583528, 0.0450411587954, 0.026950661093, 0.0292992871255, 0.0253088064492, 0.047592073679, 0.0856094956398, 0.0861478894949, 0.0680675134063, 0.028613563627, 0.0273949764669, 0.0411338545382, 0.0614189244807, 0.0486821345985, 0.0629466027021, 0.0828392133117, 0.0731383040547, 0.0619532465935, 0.0578877404332, 0.0548294968903]
    chords_histogram: [11.520737648, 0, 0.921658992767, 0, 0, 0, 0, 0, 4.14746522903, 39.1705055237, 12.9032258987, 17.0506916046, 4.60829496384, 0, 0, 0, 9.67741966248, 0, 0, 0, 0, 0, 0, 0]
    thpcp: [1, 0.790569722652, 0.401510924101, 0.307338953018, 0.390347391367, 0.481269448996, 0.462915331125, 0.556167602539, 0.720426797867, 0.737778306007, 0.632198154926, 0.593674659729, 0.593229532242, 0.528813540936, 0.450546741486, 0.423273533583, 0.506071209908, 0.475269556046, 0.378332108259, 0.446376353502, 0.569541573524, 0.712480664253, 0.881262362003, 0.840966582298, 0.641121506691, 0.453377336264, 0.365769982338, 0.470449447632, 0.693683326244, 0.72418743372, 0.47988909483, 0.337618708611, 0.358268022537, 0.342242509127, 0.475154906511, 0.778415322304]
    chords_key: "C"
    chords_scale: "major"
    key_key: "F"
    key_scale: "minor"
    chords_progression: ["Bm", "Bm", "Bm", "G", "G", "G", "G", "G", "G", "G", "G", "G", "G", "G", "Em", "Em", "Em", "Em", "Em", "Em", "Em", "Em", "Em", "Em", "Em", "Em", "Em", "Em", "Em", "Em", "Em", "C", "C", "C#m", "C#m", "C#m", "C#m", "C#m", "C#m", "C#m", "C#m", "C#m", "C", "C", "C#m", "C#m", "C", "C", "C", "C", "C", "C#m", "C#m", "C#m", "C#m", "C#m", "C#m", "C#m", "C#m", "C#m", "C#m", "C", "C", "C", "C", "C", "C", "C", "C", "Am", "Am", "Am", "Am", "Am", "C", "C", "Am", "Am", "Am", "Am", "C", "C", "C", "C", "C", "C", "C", "C", "C", "C", "C", "C", "C", "C", "C", "C", "C", "C", "C", "C", "C", "C", "C", "C", "Em", "Em", "Em", "Em", "Em", "Em", "Em", "Em", "G", "G", "G", "G", "G", "G", "G", "G", "G", "G", "G", "G", "G", "G", "G", "G", "G", "G", "G", "G", "G", "Cm", "Cm", "G", "G", "G", "G", "G", "C", "C", "C", "C", "C", "C", "C", "C", "C", "C", "C", "C", "C", "C", "C", "C", "C", "C", "C", "C", "C", "C", "C", "C", "C", "C", "C", "C", "C", "C", "C", "C", "C", "C", "C", "C", "C", "C", "C", "C", "C", "C", "Fm", "Fm", "Fm", "Fm", "Em", "Em", "Fm", "Em", "Fm", "Fm", "Fm", "Fm", "Fm", "Fm", "Fm", "Fm", "Fm", "Fm", "Fm", "Fm", "Fm", "Fm", "Fm", "Fm", "Fm", "Fm", "Fm", "Fm", "Bm", "Bm", "Bm", "Bm", "Bm", "Bm", "Bm"]
