
metadata:
    version:
        essentia: "1.2.2"
    audio_properties:
        analysis_sample_rate: 44100
        bitrate: 128
        channels: 2
        equal_loudness: 1
        length: 10.0310201645
        replay_gain: -10.8940467834
        downmix: "mix"
    tags:
        track: 22
        year: 0
        album: "Splitted by Mp3Splt v. 2.1"
        artist: "From 003.30 To 003.40"
        comment: "http://mp3splt.sf.net"
        genre: ""
        title: "08 Modern Love.mp3"

highlevel:
    ballroom:
        all:
            ChaChaCha: 0.0821262076497
            Jive: 0.80130147934
            Quickstep: 0.00686920946464
            Rumba-American: 0.000199453672394
            Rumba-International: 0.000239253567997
            Rumba-Misc: 0.000146495687659
            Samba: 0.108020350337
            Tango: 7.51924017095e-05
            VienneseWaltz: 0.000901570427231
            Waltz: 0.000120802273159
        probability: 0.80130147934
        value: "Jive"
    culture:
        all:
            non_western: 0.0747226849198
            western: 0.925277292728
        probability: 0.925277292728
        value: "western"
    gender:
        all:
            female: 0.0175687260926
            male: 0.982431292534
        probability: 0.982431292534
        value: "male"
    genre_dortmund:
        all:
            alternative: 0.0705707743764
            blues: 0.0130399642512
            electronic: 0.0366124883294
            folkcountry: 0.0286001525819
            funksoulrnb: 0.0324762873352
            jazz: 0.0117999976501
            pop: 0.0377120710909
            raphiphop: 0.0736724361777
            rock: 0.695515811443
        probability: 0.695515811443
        value: "rock"
    genre_electronica:
        all:
            ambient: 0.0775631070137
            dnb: 0.239893317223
            house: 0.0109814386815
            techno: 0.0202700421214
            trance: 0.651292085648
        probability: 0.651292085648
        value: "trance"
    genre_rosamerica:
        all:
            cla: 0.00351799908094
            dan: 0.0152010601014
            hip: 0.0122642414644
            jaz: 0.00117668730672
            pop: 0.0273157227784
            rhy: 0.00296283420175
            roc: 0.936927855015
            spe: 0.000633578165434
        probability: 0.936927855015
        value: "roc"
    genre_tzanetakis:
        all:
            blu: 0.00302901561372
            cla: 0.00405981764197
            cou: 0.0362163968384
            dis: 0.27600300312
            hip: 0.0328163355589
            jaz: 0.0116665940732
            met: 0.197219356894
            pop: 0.0689638331532
            reg: 0.00959173310548
            roc: 0.360433906317
        probability: 0.360433906317
        value: "roc"
    live_studio:
        all:
            live: 0.00369355385192
            studio: 0.996306419373
        probability: 0.996306419373
        value: "studio"
    mood:
        all:
            Cluster1: 0.416465044022
            Cluster2: 0.0949119105935
            Cluster3: 0.027681812644
            Cluster4: 0.0592214204371
            Cluster5: 0.401719808578
        probability: 0.416465044022
        value: "Cluster1"
    mood_acoustic:
        all:
            acoustic: 9.01368639461e-06
            not_acoustic: 0.999990999699
        probability: 0.999990999699
        value: "not_acoustic"
    mood_aggressive:
        all:
            aggressive: 0.994764328003
            not_aggressive: 0.00523564405739
        probability: 0.994764328003
        value: "aggressive"
    mood_electronic:
        all:
            electronic: 0.184756889939
            not_electronic: 0.815243124962
        probability: 0.815243124962
        value: "not_electronic"
    mood_happy:
        all:
            happy: 0.735233485699
            not_happy: 0.264766514301
        probability: 0.735233485699
        value: "happy"
    mood_party:
        all:
            not_party: 0.0962813720107
            party: 0.903718650341
        probability: 0.903718650341
        value: "party"
    mood_relaxed:
        all:
            not_relaxed: 0.93455862999
            relaxed: 0.065441377461
        probability: 0.93455862999
        value: "not_relaxed"
    mood_sad:
        all:
            not_sad: 0.998239278793
            sad: 0.00176069152076
        probability: 0.998239278793
        value: "not_sad"
    rhythm:
        all:
            fast: 0.980410218239
            medium: 0.015333738178
            slow: 0.00425604684278
        probability: 0.980410218239
        value: "fast"
    speech_music:
        all:
            music: 0.99997651577
            speech: 2.34997114603e-05
        probability: 0.99997651577
        value: "music"
    timbre:
        all:
            bright: 0.0889061167836
            dark: 0.911093890667
        probability: 0.911093890667
        value: "dark"
    voice_instrumental:
        all:
            instrumental: 0.133458957076
            voice: 0.866541028023
        probability: 0.866541028023
        value: "voice"

lowlevel:
    average_loudness: 0.963791370392
    barkbands_kurtosis:
        dmean: 0.677032709122
        dmean2: 1.11327385902
        dvar: 0.648013949394
        dvar2: 1.65963947773
        max: 4.49214553833
        mean: -0.515066444874
        min: -1.8412759304
        var: 1.22152352333
    barkbands_skewness:
        dmean: 0.349400252104
        dmean2: 0.553200781345
        dvar: 0.097889341414
        dvar2: 0.251194655895
        max: 0.992974221706
        mean: -0.608782529831
        min: -2.00877308846
        var: 0.322522431612
    barkbands_spread:
        dmean: 6.5598282814
        dmean2: 10.4777593613
        dvar: 39.6331100464
        dvar2: 95.8352813721
        max: 61.7159080505
        mean: 33.3217124939
        min: 11.6023492813
        var: 127.226257324
    dissonance:
        dmean: 0.012274408713
        dmean2: 0.0206849314272
        dvar: 0.000124126323499
        dvar2: 0.000343208375853
        max: 0.498795151711
        mean: 0.477137774229
        min: 0.397546738386
        var: 0.000207770310226
    hfc:
        dmean: 4.25049972534
        dmean2: 6.81177377701
        dvar: 42.6386642456
        dvar2: 111.532981873
        max: 55.5632667542
        mean: 11.8350343704
        min: 0.0866183489561
        var: 62.5095062256
    pitch:
        dmean: 944.197387695
        dmean2: 1832.10314941
        dvar: 1789918.5
        dvar2: 4119205.75
        max: 4410
        mean: 1352.05175781
        min: 113.076919556
        var: 2359185
    pitch_instantaneous_confidence:
        dmean: 0.0806453675032
        dmean2: 0.13269354403
        dvar: 0.00407201377675
        dvar2: 0.00978693924844
        max: 0.74253821373
        mean: 0.352706313133
        min: 0.166692435741
        var: 0.0100811012089
    pitch_salience:
        dmean: 0.0548647120595
        dmean2: 0.0920391902328
        dvar: 0.00223218346946
        dvar2: 0.00587909808382
        max: 0.826844334602
        mean: 0.655982255936
        min: 0.396834284067
        var: 0.00460344133899
    silence_rate_20dB:
        dmean: 0
        dmean2: 0
        dvar: 0
        dvar2: 0
        max: 1
        mean: 1
        min: 1
        var: 0
    silence_rate_30dB:
        dmean: 0
        dmean2: 0
        dvar: 0
        dvar2: 0
        max: 1
        mean: 1
        min: 1
        var: 0
    silence_rate_60dB:
        dmean: 0.152777776122
        dmean2: 0.303944319487
        dvar: 0.129436895251
        dvar2: 0.248685732484
        max: 1
        mean: 0.267898380756
        min: 0
        var: 0.196128919721
    spectral_centroid:
        dmean: 278.520141602
        dmean2: 428.472717285
        dvar: 71265.140625
        dvar2: 186743.9375
        max: 3451.92700195
        mean: 2200.13867188
        min: 914.541442871
        var: 248971.8125
    spectral_complexity:
        dmean: 5.10672855377
        dmean2: 7.59534883499
        dvar: 24.9445266724
        dvar2: 48.0827598572
        max: 47
        mean: 19.2314815521
        min: 0
        var: 79.4094314575
    spectral_crest:
        dmean: 1.49837756157
        dmean2: 2.57401013374
        dvar: 1.99238371849
        dvar2: 5.312915802
        max: 14.1509208679
        mean: 5.51289272308
        min: 2.77736949921
        var: 3.03904104233
    spectral_decrease:
        dmean: 3.51596529669e-10
        dmean2: 5.43694034238e-10
        dvar: 1.75870501875e-19
        dvar2: 4.33664247834e-19
        max: -8.3387957997e-12
        mean: -1.08371955854e-09
        min: -3.19604454013e-09
        var: 3.30627528807e-19
    spectral_energy:
        dmean: 0.00167811335996
        dmean2: 0.00262179039419
        dvar: 4.61105310023e-06
        dvar2: 1.14571548693e-05
        max: 0.0171023663133
        mean: 0.00516367936507
        min: 3.93291011278e-05
        var: 8.05831132311e-06
    spectral_energyband_high:
        dmean: 0.000384865852538
        dmean2: 0.000613766082097
        dvar: 4.84487827634e-07
        dvar2: 1.32545949327e-06
        max: 0.00645917886868
        mean: 0.000698236282915
        min: 2.54321935245e-06
        var: 6.22473464773e-07
    spectral_energyband_low:
        dmean: 0.000201061979169
        dmean2: 0.000344230269548
        dvar: 1.31928231895e-07
        dvar2: 3.39967812124e-07
        max: 0.00266048591584
        mean: 0.000261665933067
        min: 2.83092504105e-07
        var: 1.26798084921e-07
    spectral_energyband_middle_high:
        dmean: 0.00102913891897
        dmean2: 0.00162460841238
        dvar: 1.35878167384e-06
        dvar2: 3.21702646033e-06
        max: 0.0101353535429
        mean: 0.00319087831303
        min: 3.42676394212e-05
        var: 4.30143154517e-06
    spectral_energyband_middle_low:
        dmean: 0.00046618579654
        dmean2: 0.000739873561542
        dvar: 3.11687983867e-07
        dvar2: 7.4637699754e-07
        max: 0.00442409468815
        mean: 0.00101288722362
        min: 2.23494748752e-06
        var: 4.69173897955e-07
    spectral_flatness_db:
        dmean: 0.0139381578192
        dmean2: 0.02113298513
        dvar: 0.000111015273433
        dvar2: 0.000262286223006
        max: 0.198337808251
        mean: 0.12889932096
        min: 0.066631950438
        var: 0.000572953431401
    spectral_flux:
        dmean: 0.00956046208739
        dmean2: 0.0143245700747
        dvar: 0.000129096835735
        dvar2: 0.000284337089397
        max: 0.104819722474
        mean: 0.0462106987834
        min: 0.00627129198983
        var: 0.000238476699451
    spectral_kurtosis:
        dmean: 0.890019178391
        dmean2: 1.42062520981
        dvar: 1.01237463951
        dvar2: 2.47610974312
        max: 11.6738176346
        mean: 3.11418437958
        min: -0.647171974182
        var: 2.96031069756
    spectral_rms:
        dmean: 0.000363338214811
        dmean2: 0.000550250639208
        dvar: 1.71265895688e-07
        dvar2: 3.86049379131e-07
        max: 0.00408475659788
        mean: 0.00215665297583
        min: 0.000195882254047
        var: 3.86580609302e-07
    spectral_rolloff:
        dmean: 327.444458008
        dmean2: 535.525756836
        dvar: 114272.257812
        dvar2: 242573.765625
        max: 5727.83203125
        mean: 3794.17993164
        min: 2153.3203125
        var: 395079.9375
    spectral_skewness:
        dmean: 0.161139935255
        dmean2: 0.252569168806
        dvar: 0.0275697894394
        dvar2: 0.0630644783378
        max: 3.07565808296
        mean: 1.26060545444
        min: 0.604121446609
        var: 0.0880123004317
    spectral_spread:
        dmean: 530962.3125
        dmean2: 716767.75
        dvar: 474477330432
        dvar2: 746742808576
        max: 13306115
        mean: 5104544.5
        min: 2692620.75
        var: 2.37684024934e+12
    spectral_strongpeak:
        dmean: 0.73637342453
        dmean2: 1.27931046486
        dvar: 0.882188737392
        dvar2: 2.08277773857
        max: 6.30925321579
        mean: 0.926438212395
        min: 0.023492494598
        var: 1.22147667408
    zerocrossingrate:
        dmean: 0.0087890625
        dmean2: 0.00953056849539
        dvar: 5.40994442417e-05
        dvar2: 6.01222018304e-05
        max: 0.17041015625
        mean: 0.117980957031
        min: 0.0390625
        var: 0.000481454044348
    barkbands:
        dmean: [2.7617349474e-07, 3.79226039513e-05, 0.00017831758305, 0.000226592179388, 0.000129376538098, 8.90482697287e-05, 7.46973455534e-05, 0.000121753786516, 6.97298746672e-05, 9.49563545873e-05, 8.01581772976e-05, 7.2380527854e-05, 0.000111051507702, 0.000115916285722, 0.000165814300999, 0.000207219243748, 0.000230794990784, 0.000315828277962, 0.000332553783664, 0.000265738955932, 0.000194798994926, 8.2701764768e-05, 1.63749264175e-05, 5.0798207667e-06, 2.72923693956e-06, 1.67874517842e-07, 1.86920656731e-09]
        dmean2: [3.99608921953e-07, 6.54750692775e-05, 0.000311744661303, 0.000370577123249, 0.000218008965021, 0.000150060237502, 0.000130697211716, 0.000198142442969, 0.000115938375529, 0.000163849501405, 0.000137336159241, 0.000118077739899, 0.000183923664736, 0.000181933210115, 0.000273923826171, 0.000350649585016, 0.000383875129046, 0.000528731325176, 0.000541707966477, 0.000436576636275, 0.000321497704135, 0.000134090078063, 2.49401364272e-05, 7.7281929407e-06, 3.81496192858e-06, 2.31477869761e-07, 2.34771180274e-09]
        dvar: [5.12221612781e-13, 3.22487148097e-09, 1.10674314158e-07, 1.01999660274e-07, 2.78062621817e-08, 2.72676032864e-08, 2.29515073613e-08, 5.74290375255e-08, 8.81833628341e-09, 3.44638273475e-08, 2.34736852178e-08, 1.83598150016e-08, 6.16954167754e-08, 4.27368505029e-08, 7.57078026936e-08, 1.39066699489e-07, 5.73389620229e-08, 1.71680738958e-07, 1.59095364438e-07, 1.6420119664e-07, 1.36106521609e-07, 2.86837913421e-08, 1.05714170751e-09, 7.15645806504e-11, 2.54068276834e-11, 7.3768885423e-14, 3.27180028404e-16]
        dvar2: [7.44961438457e-13, 8.24011170408e-09, 2.85295328695e-07, 2.48694732363e-07, 6.89743373528e-08, 7.47676622836e-08, 6.50651728051e-08, 1.4336863785e-07, 2.21392078004e-08, 1.03141033492e-07, 7.14165580007e-08, 4.84856350624e-08, 1.70253741771e-07, 9.50780787434e-08, 2.17304190642e-07, 3.5243141383e-07, 1.42823552096e-07, 4.60275373371e-07, 4.20660967393e-07, 4.58134593373e-07, 3.64226309557e-07, 7.66769758798e-08, 2.65320254655e-09, 1.80400722138e-10, 4.94466065315e-11, 1.40918662373e-13, 3.30264287123e-16]
        max: [1.16255405374e-05, 0.000443314085715, 0.00231990101747, 0.00242199073546, 0.00140017818194, 0.00122789887246, 0.00130282260943, 0.00279541569762, 0.000921479368117, 0.00165003514849, 0.00159394636285, 0.00137001695111, 0.00285638612695, 0.00248670927249, 0.00271121039987, 0.00490779941902, 0.00187127105892, 0.00303645804524, 0.00329362228513, 0.00316393724643, 0.00341345369816, 0.00158208620269, 0.000278126593912, 6.18912381469e-05, 6.29467249382e-05, 2.1573016511e-06, 3.75542327902e-07]
        mean: [2.80260223917e-07, 5.93401273363e-05, 0.000202060691663, 0.00032113751513, 0.00018892204389, 0.000122082550661, 8.90654700925e-05, 0.000165852150531, 0.000103639678855, 0.000129736668896, 0.000102594574855, 0.000111643690616, 0.000160467068781, 0.000197072891751, 0.000279654545011, 0.000341762293829, 0.000433999230154, 0.000562490487937, 0.000627786386758, 0.000487103097839, 0.000296636513667, 0.000134852351039, 2.96127145702e-05, 1.00312754512e-05, 5.53052041141e-06, 3.26371520032e-07, 2.29661223372e-09]
        min: [1.39306413627e-10, 1.16123146654e-07, 1.48888091189e-07, 6.01246554766e-08, 1.36448022658e-07, 7.82263072097e-08, 2.0965774894e-08, 1.92888336414e-07, 1.10955807031e-06, 7.91683930856e-07, 4.64199985117e-07, 2.10395091926e-06, 5.00915029988e-06, 8.8003429255e-07, 5.01643796724e-07, 5.02664306623e-07, 3.46979823007e-06, 6.54040877635e-06, 5.51361154066e-06, 2.70559098681e-06, 1.43160477251e-07, 5.96817301357e-07, 6.4594360083e-08, 2.34001582555e-08, 6.45738218452e-09, 1.64066316088e-10, 1.57931285237e-12]
        var: [5.47845460403e-13, 3.87864229623e-09, 1.0549323548e-07, 1.19291129863e-07, 3.46027668741e-08, 2.53772469705e-08, 1.97243110733e-08, 9.053584904e-08, 1.28770540897e-08, 4.30708055887e-08, 3.47291155833e-08, 3.28789617754e-08, 9.89643922367e-08, 8.34245028614e-08, 1.53859502916e-07, 2.21162210323e-07, 1.10797344632e-07, 2.424105503e-07, 2.71729220458e-07, 1.91731999166e-07, 1.66144104696e-07, 3.68565089559e-08, 1.69674829742e-09, 1.47263520822e-10, 6.17560516614e-11, 1.8804115166e-13, 3.28292182664e-16]
    mfcc:
        mean: [-680.856689453, 80.3644180298, -52.5852737427, 53.5498123169, -7.97969055176, 0.563212811947, -2.75357818604, -0.594158232212, -1.99839603901, -2.81248927116, -1.17230582237, -6.21772527695, -4.48932933807]
        cov: [[1426.18127441, -495.404937744, 48.2876548767, -82.8866424561, -54.6574172974, 49.0218658447, 19.4017734528, -21.6064910889, 33.7506942749, -11.0580472946, -14.5663042068, -33.3832855225, -35.7531967163], [-495.404937744, 756.155456543, -343.062561035, 82.5089645386, 56.2308998108, -26.9144611359, 55.0625648499, 94.3814163208, 42.2000350952, 61.1229438782, 37.202671051, 9.29515743256, 23.9317741394], [48.2876548767, -343.062561035, 503.472991943, 89.4086532593, -1.85627448559, 2.55904436111, -50.089515686, -35.5445137024, -39.4743270874, -45.7510871887, 2.53867459297, 42.0007629395, 20.4928646088], [-82.8866424561, 82.5089645386, 89.4086532593, 232.004730225, 47.7726249695, -17.1196994781, -41.0108947754, 5.37085962296, 3.89490747452, 10.3716545105, 2.85684728622, 15.3853721619, 20.46027565], [-54.6574172974, 56.2308998108, -1.85627448559, 47.7726249695, 111.166213989, -2.41241884232, -3.18719911575, -6.51811742783, 18.8614883423, 18.8803443909, -2.62493610382, 3.85913324356, -1.77272295952], [49.0218658447, -26.9144611359, 2.55904436111, -17.1196994781, -2.41241884232, 110.19392395, 71.9666213989, 29.4004058838, -4.22448015213, -16.306427002, 7.5468506813, 1.47080087662, -8.42899131775], [19.4017734528, 55.0625648499, -50.089515686, -41.0108947754, -3.18719911575, 71.9666213989, 155.767044067, 56.9329986572, 10.6992712021, -9.92858505249, 11.8549499512, 14.5009117126, -8.63409519196], [-21.6064910889, 94.3814163208, -35.5445137024, 5.37085962296, -6.51811742783, 29.4004058838, 56.9329986572, 99.0950469971, 35.7249717712, 15.8102054596, 13.4410886765, -9.67119789124, 1.70480310917], [33.7506942749, 42.2000350952, -39.4743270874, 3.89490747452, 18.8614883423, -4.22448015213, 10.6992712021, 35.7249717712, 87.1133117676, 48.1365242004, 2.29191422462, -17.2657375336, -6.49577474594], [-11.0580472946, 61.1229438782, -45.7510871887, 10.3716545105, 18.8803443909, -16.306427002, -9.92858505249, 15.8102054596, 48.1365242004, 79.7004623413, 19.4749259949, -12.4460697174, -2.17265963554], [-14.5663042068, 37.202671051, 2.53867459297, 2.85684728622, -2.62493610382, 7.5468506813, 11.8549499512, 13.4410886765, 2.29191422462, 19.4749259949, 59.1405563354, 22.6798038483, 8.1429901123], [-33.3832855225, 9.29515743256, 42.0007629395, 15.3853721619, 3.85913324356, 1.47080087662, 14.5009117126, -9.67119789124, -17.2657375336, -12.4460697174, 22.6798038483, 61.31067276, 20.4539546967], [-35.7531967163, 23.9317741394, 20.4928646088, 20.46027565, -1.77272295952, -8.42899131775, -8.63409519196, 1.70480310917, -6.49577474594, -2.17265963554, 8.1429901123, 20.4539546967, 48.0884780884]]
        icov: [[0.00105488125701, 0.00104763847776, 0.000592757714912, -0.000312197924359, 0.000191537837964, -5.4682870541e-05, -0.000252518046182, -8.5186380602e-05, -0.000674689363223, 0.000175589302671, -0.000401189783588, 0.000104549028038, 3.85700404877e-05], [0.00104763847776, 0.00411084666848, 0.00288422382437, -0.00182064587716, -0.000894257100299, 0.0013362338068, -0.000735384819563, -0.00256336806342, 0.000311831594445, -0.000267031049589, -0.00127065996639, -0.000973363174126, -0.000902056344785], [0.000592757714912, 0.00288422382437, 0.00454382179305, -0.00216433918104, -0.000400646938942, 0.000269419688266, 0.000548616866581, -0.00159143854398, 0.000159903880558, 0.00107759376988, -0.000986993312836, -0.00220066099428, -0.000649318040814], [-0.000312197924359, -0.00182064587716, -0.00216433918104, 0.00658614747226, -0.00201497529633, -0.000682656245772, 0.00220443867147, -0.000904771673959, 0.000299160281429, -0.000572530319914, 0.00119577813894, -0.000783433846664, -0.00082671578275], [0.000191537837964, -0.000894257100299, -0.000400646938942, -0.00201497529633, 0.0114290006459, -0.00117950909771, -0.000636157405097, 0.00318015995435, -0.00261499849148, -0.00194719410501, 0.00183355796617, -0.00129706517328, 0.00140310602728], [-5.4682870541e-05, 0.0013362338068, 0.000269419688266, -0.000682656245772, -0.00117950909771, 0.0147344106808, -0.00653088884428, -0.00216564279981, 0.00152917439118, 0.0022619352676, -0.00276876916178, 0.0023634720128, 0.000685670936946], [-0.000252518046182, -0.000735384819563, 0.000548616866581, 0.00220443867147, -0.000636157405097, -0.00653088884428, 0.0133935231715, -0.00590187404305, -0.000605771376286, 0.00137942610309, 0.00127518014051, -0.00616671843454, 0.00283981952816], [-8.5186380602e-05, -0.00256336806342, -0.00159143854398, -0.000904771673959, 0.00318015995435, -0.00216564279981, -0.00590187404305, 0.0197634473443, -0.0072112204507, 0.00146056851372, -0.00350377615541, 0.0065343985334, -0.00284129846841], [-0.000674689363223, 0.000311831594445, 0.000159903880558, 0.000299160281429, -0.00261499849148, 0.00152917439118, -0.000605771376286, -0.0072112204507, 0.0221424773335, -0.0122091723606, 0.0038910114672, 0.000508371915203, 0.00103055569343], [0.000175589302671, -0.000267031049589, 0.00107759376988, -0.000572530319914, -0.00194719410501, 0.0022619352676, 0.00137942610309, 0.00146056851372, -0.0122091723606, 0.0250029824674, -0.010475163348, 0.0051488657482, -0.000367383443518], [-0.000401189783588, -0.00127065996639, -0.000986993312836, 0.00119577813894, 0.00183355796617, -0.00276876916178, 0.00127518014051, -0.00350377615541, 0.0038910114672, -0.010475163348, 0.0261829346418, -0.0114998687059, 0.000691392400768], [0.000104549028038, -0.000973363174126, -0.00220066099428, -0.000783433846664, -0.00129706517328, 0.0023634720128, -0.00616671843454, 0.0065343985334, 0.000508371915203, 0.0051488657482, -0.0114998687059, 0.0292951818556, -0.00935093406588], [3.85700404877e-05, -0.000902056344785, -0.000649318040814, -0.00082671578275, 0.00140310602728, 0.000685670936946, 0.00283981952816, -0.00284129846841, 0.00103055569343, -0.000367383443518, 0.000691392400768, -0.00935093406588, 0.0266664214432]]
    spectral_contrast:
        mean: [2.67375810381e-07, -1.99527235623e-07, 1.58048891308e-07, 2.5085344646e-07, -4.5001851845e-07, 9.80561978281e-08, -2.04318371289e-06, -2.11969017982e-06, 2.35245181557e-07, 1.92787229025e-06, -6.60894102111e-07, -1.40546922012e-06]
        var: [0.000488565478008, 0.000645449908916, 0.00139872450382, 0.00269299186766, 0.00285309343599, 0.00433842279017, 0.039377424866, 0.0674265548587, 0.155323594809, 0.263275414705, 0.409064739943, 0.821155905724]

rhythm:
    beats_loudness:
        dmean: 0.00217034155503
        dmean2: 0.00378555897623
        dvar: 2.53743723988e-06
        dvar2: 8.03216789791e-06
        max: 0.0111665707082
        mean: 0.00770690431818
        min: 0.00558244157583
        var: 3.36140965373e-06
    beats_loudness_bass:
        dmean: 0.0738109201193
        dmean2: 0.104771412909
        dvar: 0.00208571786061
        dvar2: 0.00511492788792
        max: 0.275934368372
        mean: 0.128154426813
        min: 0.0477235279977
        var: 0.00451589096338
    bpm: 93.8092422485
    bpm_confidence: 0
    first_peak_bpm: 94
    first_peak_spread: 0.0714285969734
    first_peak_weight: 0.928571403027
    onset_rate: 4.2867026329
    second_peak_bpm: 0
    second_peak_spread: 0
    second_peak_weight: 0
    beats_position: [0.575979173183, 1.21528506279, 1.85459089279, 2.49389672279, 3.13320279121, 3.77250885963, 4.41181468964, 5.05112075806, 5.69042634964, 6.35200119019, 6.99187898636, 7.63175725937, 8.27163505554, 8.91151332855, 9.55139064789]
    bpm_estimates: [94.1443557739, 93.8819046021, 94.1303405762, 93.5066299438, 93.8510513306, 93.7537765503, 93.868850708, 93.6807937622, 93.8833236694, 93.8790969849, 92.2965698242, 94.3548583984, 93.9488143921, 93.8637924194, 93.9052734375, 93.9008407593, 93.9067382812]
    bpm_intervals: [0.639305889606, 0.639305830002, 0.639305830002, 0.63930606842, 0.63930606842, 0.639305830002, 0.63930606842, 0.639305591583, 0.661574840546, 0.639877796173, 0.63987827301, 0.639877796173, 0.63987827301, 0.639877319336]
    onset_times: [0.0464399084449, 0.220589563251, 0.557278931141, 0.731428563595, 0.905578255653, 1.06811785698, 1.20743763447, 1.50929701328, 1.84598636627, 2.15945577621, 2.36843538284, 2.48453521729, 2.68190479279, 2.82122445107, 3.13469386101, 3.47138333321, 3.77324271202, 3.98222231865, 4.28408145905, 4.40018129349, 4.56272125244, 4.71365070343, 5.05034017563, 5.36380958557, 5.68888902664, 5.85142850876, 6.025578022, 6.17650794983, 6.32743787766, 6.68734693527, 6.81505680084, 6.98920631409, 7.2910656929, 7.6277551651, 7.9644446373, 8.27791404724, 8.45206356049, 8.60299301147, 8.91646289825, 9.26476192474, 9.41569137573, 9.55501174927, 9.8800907135]
    rubato_start: []
    rubato_stop: []
    perceptual_tempo: "unknown"

sfx:
    inharmonicity:
        dmean: 0.0630214363337
        dmean2: 0.110312655568
        dvar: 0.00373624032363
        dvar2: 0.0108468132094
        max: 0.368782550097
        mean: 0.0770606324077
        min: 0.00140631280374
        var: 0.00409452663735
    oddtoevenharmonicenergyratio:
        dmean: 1.56121480465
        dmean2: 2.86016607285
        dvar: 5.84760904312
        dvar2: 16.8348464966
        max: 19.3765277863
        mean: 1.26344931126
        min: 0.0051092505455
        var: 3.98186016083
    pitch_after_max_to_before_max_energy_ratio: 14.7570877075
    pitch_centroid: 231.70085144
    pitch_max_to_total: 0.0578703694046
    pitch_min_to_total: 0.0138888889924
    tristimulus:
        dmean: [0.155115365982, 0.255776524544, 0.166726857424]
        dmean2: [0.271500885487, 0.444926440716, 0.293417006731]
        dvar: [0.0167933944613, 0.0486215129495, 0.0197638440877]
        dvar2: [0.0444919578731, 0.138813868165, 0.0511252917349]
        max: [0.81612432003, 0.950481295586, 0.686042964458]
        mean: [0.251137018204, 0.481812685728, 0.196545004845]
        min: [0.00275124842301, 0, 0]
        var: [0.0248929988593, 0.056473441422, 0.0295333117247]

tonal:
    chords_changes_rate: 0.0737327188253
    chords_number_rate: 0.0414746552706
    chords_strength:
        dmean: 0.0116291604936
        dmean2: 0.0116458190605
        dvar: 9.32909242692e-05
        dvar2: 9.39176534303e-05
        max: 0.69973385334
        mean: 0.542026281357
        min: 0.277573168278
        var: 0.00722685316578
    key_strength: 0.70998865366
    tuning_diatonic_strength: 0.532881200314
    tuning_equal_tempered_deviation: 0.0886074304581
    tuning_frequency: 443.316436768
    tuning_nontempered_energy_ratio: 0.773580253124
    hpcp:
        dmean: [0.181732162833, 0.158691212535, 0.139827340841, 0.138753995299, 0.140398234129, 0.165832161903, 0.189462587237, 0.198700964451, 0.205595120788, 0.204184263945, 0.169488564134, 0.157594487071, 0.147013559937, 0.145949602127, 0.179926529527, 0.205264508724, 0.183354243636, 0.165718689561, 0.152723520994, 0.180808767676, 0.215521022677, 0.217511728406, 0.202706903219, 0.175135165453, 0.162153631449, 0.115356981754, 0.113741017878, 0.112617380917, 0.110054202378, 0.130795046687, 0.145789310336, 0.161133423448, 0.165708348155, 0.157082363963, 0.156063750386, 0.162569209933]
        dmean2: [0.31262242794, 0.264436930418, 0.23658183217, 0.223478645086, 0.228619903326, 0.272925287485, 0.309503823519, 0.338771939278, 0.358872652054, 0.35993757844, 0.297941088676, 0.275978565216, 0.239657178521, 0.253931820393, 0.300708502531, 0.334663689137, 0.316024392843, 0.293388456106, 0.274258166552, 0.320984065533, 0.360330581665, 0.375260531902, 0.351991027594, 0.298674345016, 0.278154850006, 0.194090500474, 0.185070022941, 0.188730284572, 0.184342294931, 0.224310323596, 0.249534010887, 0.278679668903, 0.274714291096, 0.271992117167, 0.256916373968, 0.266648948193]
        dvar: [0.0404118746519, 0.0270121376961, 0.0195039790124, 0.025692505762, 0.0256299488246, 0.0288889054209, 0.0346443392336, 0.0432653389871, 0.0407665222883, 0.0509079135954, 0.0280803125352, 0.0391187593341, 0.0285897422582, 0.0293767955154, 0.0336673296988, 0.0380084589124, 0.0394427068532, 0.0311364214867, 0.0286573451012, 0.0411661565304, 0.0428103841841, 0.0484650805593, 0.0419923998415, 0.0289578903466, 0.0319241508842, 0.0150305405259, 0.015174430795, 0.0160829145461, 0.014867303893, 0.0183581132442, 0.0233305208385, 0.0315560214221, 0.0327491164207, 0.0304959081113, 0.0274638216943, 0.0258928816766]
        dvar2: [0.0996526479721, 0.0799195915461, 0.0519492216408, 0.0622137784958, 0.0670663043857, 0.0741787329316, 0.08949264884, 0.1182320714, 0.110456138849, 0.117570050061, 0.0807624012232, 0.114579364657, 0.080098874867, 0.0792136341333, 0.087372943759, 0.103442788124, 0.11651942879, 0.087323717773, 0.0699185356498, 0.118556797504, 0.11451382935, 0.129299849272, 0.11364787817, 0.0779407471418, 0.084137737751, 0.0412347987294, 0.0421748310328, 0.0400582514703, 0.0387476533651, 0.0498835779727, 0.0538064911962, 0.0870261415839, 0.0821213722229, 0.0759416744113, 0.0653159916401, 0.0585984028876]
        max: [1, 1, 1, 1, 1, 1, 1, 1, 1, 1, 0.994334042072, 1, 1, 1, 1, 1, 1, 1, 1, 1, 1, 1, 1, 1, 1, 0.816254913807, 0.992454707623, 1, 1, 1, 1, 1, 1, 1, 1, 1]
        mean: [0.353233903646, 0.284090310335, 0.231838911772, 0.242273077369, 0.249645724893, 0.304975986481, 0.355892241001, 0.321154683828, 0.383583277464, 0.439566940069, 0.325465708971, 0.247738182545, 0.232353687286, 0.218820974231, 0.290577560663, 0.355768203735, 0.301369935274, 0.238876819611, 0.204148113728, 0.218479126692, 0.375465929508, 0.442441731691, 0.321587473154, 0.28523761034, 0.260563194752, 0.19432862103, 0.214944556355, 0.233372211456, 0.204052567482, 0.25127992034, 0.311398118734, 0.274152129889, 0.244307026267, 0.2427226156, 0.250821471214, 0.315970242023]
        min: [0.028954833746, 0.0264035295695, 0.016992142424, 0.00745145650581, 0.00890530552715, 0.0135408937931, 0.0239430442452, 0.0230754371732, 0.0210168175399, 0.0158455241472, 0.0180519949645, 0.0162248518318, 0.0100548779592, 0.00259642652236, 0.0234498605132, 0.0165981277823, 0.020356407389, 0.0110262585804, 0.00601289654151, 0.00668679783121, 0.0243402402848, 0.0597102381289, 0.0326622836292, 0.0142848677933, 0.0142392581329, 0.00626439787447, 0.01448910404, 0.0119160953909, 0.0238709449768, 0.0295865442604, 0.0316505171359, 0.0345101431012, 0.0142264068127, 0.0151088209823, 0.0126591753215, 0.0208908990026]
        var: [0.0862427204847, 0.0459449402988, 0.03329436481, 0.0460236407816, 0.0425601415336, 0.0582915395498, 0.0857867822051, 0.0577749125659, 0.0746714174747, 0.103977061808, 0.05540702492, 0.0470486208797, 0.0502831973135, 0.0389728695154, 0.0569850951433, 0.0745032429695, 0.0516200214624, 0.0432050973177, 0.0358202978969, 0.0418995581567, 0.0717861354351, 0.0898577347398, 0.0578787103295, 0.0650371834636, 0.063607275486, 0.0252281501889, 0.0317744240165, 0.046186119318, 0.0221645329148, 0.0313397757709, 0.0607871338725, 0.0461606942117, 0.0429761074483, 0.0359700731933, 0.0412900857627, 0.0597003549337]
    chords_histogram: [13.3640556335, 16.5898609161, 20.7373275757, 5.0691242218, 0, 18.8940086365, 0, 0, 1.84331798553, 3.22580647469, 0, 0, 0, 0, 0, 0, 0, 3.68663597107, 0, 0, 0, 0, 0.921658992767, 15.6682024002]
    thpcp: [1, 0.726847052574, 0.644689679146, 0.58892095089, 0.43921855092, 0.485814392567, 0.527464270592, 0.461196482182, 0.56793898344, 0.703817248344, 0.619634449482, 0.55217897892, 0.548597931862, 0.566902816296, 0.714151084423, 0.798373818398, 0.642096579075, 0.523998737335, 0.547581911087, 0.564245402813, 0.689302027225, 0.804382145405, 0.725868880749, 0.866969048977, 0.993502438068, 0.735612571239, 0.559934020042, 0.525162220001, 0.494575798512, 0.656758964062, 0.80410182476, 0.681151688099, 0.53990572691, 0.46141242981, 0.493803173304, 0.848622322083]
    chords_key: "E"
    chords_scale: "minor"
    key_key: "A"
    key_scale: "minor"
    chords_progression: ["Em", "Em", "Em", "Em", "Em", "Em", "Em", "Em", "Em", "Em", "Em", "Em", "Em", "Em", "Em", "Em", "Em", "Em", "Em", "Em", "Em", "Em", "Em", "Em", "Em", "Em", "Em", "Em", "Em", "Em", "Em", "Em", "Em", "Em", "Em", "Em", "Em", "Em", "Em", "Em", "Am", "Am", "Am", "Am", "Am", "Am", "Am", "Em", "Em", "Em", "Em", "Em", "C", "E", "E", "E", "E", "E", "E", "E", "F", "F", "F", "F", "F", "F", "F", "F", "F", "F", "F", "F", "F", "F", "F", "F", "F", "F", "F", "F", "F", "F", "F", "F", "F", "F", "F", "F", "F", "F", "F", "F", "F", "F", "Am", "Am", "Am", "Am", "Am", "Am", "Am", "C", "C", "C", "C", "C", "C", "C", "C", "C", "C", "C", "C", "C", "C", "C", "C", "C", "C", "C", "C", "C", "C", "C", "C", "C", "C", "C", "C", "C", "C", "C", "C", "C", "C", "C", "G", "G", "G", "G", "G#", "G#", "G#", "G#", "G#", "G#", "G#", "G#", "G", "G", "G", "G", "G", "G", "G", "D", "D", "D", "D", "D", "D", "D", "D", "D", "D", "D", "D", "D", "D", "D", "D", "D", "D", "D", "D", "D", "D", "D", "D", "D", "D", "D", "D", "D", "D", "D", "D", "D", "D", "D", "D", "D", "D", "D", "D", "D", "Dm", "Dm", "C#m", "Am", "C#m", "C#m", "C#m", "Am", "Am", "Am", "Am", "Am", "Am", "Am", "Am", "Am", "Am", "Am", "Am", "Am", "Am"]
