
metadata:
    version:
        essentia: "1.2.2"
    audio_properties:
        analysis_sample_rate: 44100
        bitrate: 128
        channels: 2
        equal_loudness: 1
        length: 10.0310201645
        replay_gain: -11.0753879547
        downmix: "mix"
    tags:
        track: 6
        year: 0
        album: "Splitted by Mp3Splt v. 2.1"
        artist: "From 000.50 To 001.00"
        comment: "http://mp3splt.sf.net"
        genre: ""
        title: "04 Interstate Love Song.mp3"

highlevel:
    ballroom:
        all:
            ChaChaCha: 0.044032599777
            Jive: 0.774658203125
            Quickstep: 0.0161216184497
            Rumba-American: 0.000756126595661
            Rumba-International: 0.00705721182749
            Rumba-Misc: 0.0013404567726
            Samba: 0.146931946278
            Tango: 0.00051520334091
            VienneseWaltz: 0.00717242015526
            Waltz: 0.0014142326545
        probability: 0.774658203125
        value: "Jive"
    culture:
        all:
            non_western: 0.0139611531049
            western: 0.986038863659
        probability: 0.986038863659
        value: "western"
    gender:
        all:
            female: 0.071290910244
            male: 0.928709089756
        probability: 0.928709089756
        value: "male"
    genre_dortmund:
        all:
            alternative: 0.102273099124
            blues: 0.0411274544895
            electronic: 0.0130260931328
            folkcountry: 0.0549234189093
            funksoulrnb: 0.00736078619957
            jazz: 0.0394734703004
            pop: 0.0703455284238
            raphiphop: 0.00193424161989
            rock: 0.669535934925
        probability: 0.669535934925
        value: "rock"
    genre_electronica:
        all:
            ambient: 0.0850532948971
            dnb: 0.184319153428
            house: 0.00463511794806
            techno: 0.00985235720873
            trance: 0.716140091419
        probability: 0.716140091419
        value: "trance"
    genre_rosamerica:
        all:
            cla: 0.00277887075208
            dan: 0.0275125950575
            hip: 0.00398473162204
            jaz: 0.00341720413417
            pop: 0.0634965971112
            rhy: 0.00504663586617
            roc: 0.892595827579
            spe: 0.00116754439659
        probability: 0.892595827579
        value: "roc"
    genre_tzanetakis:
        all:
            blu: 0.00263619306497
            cla: 0.00352605548687
            cou: 0.153431877494
            dis: 0.0718747228384
            hip: 0.0184598378837
            jaz: 0.052740521729
            met: 0.0840216726065
            pop: 0.271748900414
            reg: 0.00877579301596
            roc: 0.332784414291
        probability: 0.332784414291
        value: "roc"
    live_studio:
        all:
            live: 0.214776173234
            studio: 0.785223841667
        probability: 0.785223841667
        value: "studio"
    mood:
        all:
            Cluster1: 0.412075817585
            Cluster2: 0.152828201652
            Cluster3: 0.125721916556
            Cluster4: 0.0521404780447
            Cluster5: 0.257233589888
        probability: 0.412075817585
        value: "Cluster1"
    mood_acoustic:
        all:
            acoustic: 0.0209063440561
            not_acoustic: 0.979093670845
        probability: 0.979093670845
        value: "not_acoustic"
    mood_aggressive:
        all:
            aggressive: 0.808535397053
            not_aggressive: 0.191464573145
        probability: 0.808535397053
        value: "aggressive"
    mood_electronic:
        all:
            electronic: 0.194590330124
            not_electronic: 0.805409669876
        probability: 0.805409669876
        value: "not_electronic"
    mood_happy:
        all:
            happy: 0.869282186031
            not_happy: 0.130717784166
        probability: 0.869282186031
        value: "happy"
    mood_party:
        all:
            not_party: 0.421085864305
            party: 0.578914165497
        probability: 0.578914165497
        value: "party"
    mood_relaxed:
        all:
            not_relaxed: 0.910211026669
            relaxed: 0.089788980782
        probability: 0.910211026669
        value: "not_relaxed"
    mood_sad:
        all:
            not_sad: 0.828761279583
            sad: 0.171238690615
        probability: 0.828761279583
        value: "not_sad"
    rhythm:
        all:
            fast: 0.968821942806
            medium: 0.0284894574434
            slow: 0.00268861139193
        probability: 0.968821942806
        value: "fast"
    speech_music:
        all:
            music: 0.999879837036
            speech: 0.000120158700156
        probability: 0.999879837036
        value: "music"
    timbre:
        all:
            bright: 0.127575293183
            dark: 0.872424721718
        probability: 0.872424721718
        value: "dark"
    voice_instrumental:
        all:
            instrumental: 0.024672223255
            voice: 0.975327789783
        probability: 0.975327789783
        value: "voice"

lowlevel:
    average_loudness: 0.980681777
    barkbands_kurtosis:
        dmean: 0.600518882275
        dmean2: 0.98599165678
        dvar: 0.908839821815
        dvar2: 2.45638751984
        max: 7.27990150452
        mean: -0.924723565578
        min: -1.86151611805
        var: 1.24655652046
    barkbands_skewness:
        dmean: 0.412150233984
        dmean2: 0.626564323902
        dvar: 0.144586652517
        dvar2: 0.354058593512
        max: 2.80754876137
        mean: 0.389140069485
        min: -2.46794748306
        var: 0.486748307943
    barkbands_spread:
        dmean: 4.77129554749
        dmean2: 7.12977409363
        dvar: 21.5848426819
        dvar2: 56.7446670532
        max: 64.5391311646
        mean: 37.4747581482
        min: 12.4674739838
        var: 81.2474136353
    dissonance:
        dmean: 0.0114547777921
        dmean2: 0.0192979890853
        dvar: 0.000143425815622
        dvar2: 0.000352714909241
        max: 0.498363137245
        mean: 0.474615067244
        min: 0.3927718997
        var: 0.000320592429489
    hfc:
        dmean: 2.02876901627
        dmean2: 3.09208273888
        dvar: 8.21216487885
        dvar2: 19.3792819977
        max: 33.8409347534
        mean: 6.86686897278
        min: 0.169307366014
        var: 15.7887353897
    pitch:
        dmean: 806.664916992
        dmean2: 1561.38464355
        dvar: 1905357.625
        dvar2: 4450248.5
        max: 4410
        mean: 1362.4473877
        min: 69.3396224976
        var: 2636694.5
    pitch_instantaneous_confidence:
        dmean: 0.0787095502019
        dmean2: 0.128869965672
        dvar: 0.00529172318056
        dvar2: 0.0112835019827
        max: 0.894665956497
        mean: 0.400240957737
        min: 0.149798095226
        var: 0.023019079119
    pitch_salience:
        dmean: 0.0530041866004
        dmean2: 0.0887193232775
        dvar: 0.0022065162193
        dvar2: 0.00610286509618
        max: 0.801650524139
        mean: 0.632368922234
        min: 0.339645385742
        var: 0.00668247137219
    silence_rate_20dB:
        dmean: 0
        dmean2: 0
        dvar: 0
        dvar2: 0
        max: 1
        mean: 1
        min: 1
        var: 0
    silence_rate_30dB:
        dmean: 0
        dmean2: 0
        dvar: 0
        dvar2: 0
        max: 1
        mean: 1
        min: 1
        var: 0
    silence_rate_60dB:
        dmean: 0.0997679829597
        dmean2: 0.20000000298
        dvar: 0.0898142755032
        dvar2: 0.187907576561
        max: 1
        mean: 0.215277776122
        min: 0
        var: 0.168932825327
    spectral_centroid:
        dmean: 279.920715332
        dmean2: 426.555755615
        dvar: 82672.59375
        dvar2: 176775.625
        max: 3679.01953125
        mean: 1499.16186523
        min: 429.197937012
        var: 294928.71875
    spectral_complexity:
        dmean: 3.3846154213
        dmean2: 5.36915874481
        dvar: 12.8054428101
        dvar2: 29.5880298615
        max: 34
        mean: 12.8232555389
        min: 0
        var: 34.9175796509
    spectral_crest:
        dmean: 2.02403211594
        dmean2: 3.36712408066
        dvar: 3.89409995079
        dvar2: 10.0876426697
        max: 19.2759799957
        mean: 7.71796035767
        min: 3.06900310516
        var: 8.33577919006
    spectral_decrease:
        dmean: 3.71265074239e-10
        dmean2: 5.77406344959e-10
        dvar: 2.25964210804e-19
        dvar2: 5.56149921766e-19
        max: -1.67151605057e-11
        mean: -1.10302456058e-09
        min: -3.54972051753e-09
        var: 3.77870114186e-19
    spectral_energy:
        dmean: 0.00155234627891
        dmean2: 0.00241319439374
        dvar: 4.04288448408e-06
        dvar2: 9.95350910671e-06
        max: 0.0154713625088
        mean: 0.00478591630235
        min: 8.86996931513e-05
        var: 6.69359360472e-06
    spectral_energyband_high:
        dmean: 0.000189328507986
        dmean2: 0.000309958326397
        dvar: 1.47390210259e-07
        dvar2: 3.36817890911e-07
        max: 0.00573897641152
        mean: 0.000382388680009
        min: 1.12442194222e-05
        var: 1.90240200482e-07
    spectral_energyband_low:
        dmean: 0.000287139206193
        dmean2: 0.00048078931286
        dvar: 2.91956837373e-07
        dvar2: 7.43203088405e-07
        max: 0.00482871662825
        mean: 0.000368646899005
        min: 7.00024145317e-07
        var: 2.70963738558e-07
    spectral_energyband_middle_high:
        dmean: 0.000439936877228
        dmean2: 0.00065120117506
        dvar: 2.634253633e-07
        dvar2: 6.02418595008e-07
        max: 0.00536499219015
        mean: 0.00167103600688
        min: 1.61012649187e-05
        var: 9.24746473174e-07
    spectral_energyband_middle_low:
        dmean: 0.000985320541076
        dmean2: 0.00151740934234
        dvar: 1.42934891301e-06
        dvar2: 3.41537634085e-06
        max: 0.00954894069582
        mean: 0.00236382870935
        min: 1.66633362824e-05
        var: 2.85509895548e-06
    spectral_flatness_db:
        dmean: 0.0139515018091
        dmean2: 0.0216889716685
        dvar: 0.000152055406943
        dvar2: 0.000355239259079
        max: 0.232798323035
        mean: 0.136526867747
        min: 0.0872271135449
        var: 0.000521300185937
    spectral_flux:
        dmean: 0.00995764601976
        dmean2: 0.0148717854172
        dvar: 0.000121483477415
        dvar2: 0.000255025312072
        max: 0.0941200479865
        mean: 0.0399374999106
        min: 0.0074398778379
        var: 0.000244422379183
    spectral_kurtosis:
        dmean: 0.745629012585
        dmean2: 1.202647686
        dvar: 0.534513831139
        dvar2: 1.26281821728
        max: 8.12743759155
        mean: 3.13936209679
        min: -0.380315065384
        var: 1.18339598179
    spectral_rms:
        dmean: 0.00033597915899
        dmean2: 0.000507413235027
        dvar: 1.44235499988e-07
        dvar2: 3.41092743383e-07
        max: 0.00388510129414
        mean: 0.00208472507074
        min: 0.000294170517009
        var: 3.23104018207e-07
    spectral_rolloff:
        dmean: 396.130462646
        dmean2: 613.595581055
        dvar: 193716.8125
        dvar2: 440019.125
        max: 5706.29882812
        mean: 3185.91503906
        min: 301.46484375
        var: 608233.3125
    spectral_skewness:
        dmean: 0.135404467583
        dmean2: 0.208465665579
        dvar: 0.0167544763535
        dvar2: 0.0329847857356
        max: 2.3764436245
        mean: 1.36605477333
        min: 0.296576023102
        var: 0.0510156452656
    spectral_spread:
        dmean: 478599.75
        dmean2: 650753.1875
        dvar: 291371483136
        dvar2: 389385191424
        max: 10263715
        mean: 5396401
        min: 3247548.25
        var: 1.37096108442e+12
    spectral_strongpeak:
        dmean: 0.315762192011
        dmean2: 0.571492910385
        dvar: 0.52214038372
        dvar2: 1.38162624836
        max: 6.44283151627
        mean: 0.469196349382
        min: 0.0164741817862
        var: 0.529619395733
    zerocrossingrate:
        dmean: 0.00883117504418
        dmean2: 0.0107638631016
        dvar: 8.37242987473e-05
        dvar2: 9.48260785663e-05
        max: 0.1943359375
        mean: 0.093203805387
        min: 0.0361328125
        var: 0.000575289188419
    barkbands:
        dmean: [1.95840399897e-07, 0.000117871153634, 0.000198113644728, 0.000315134122502, 0.0005291273701, 0.000223948532948, 0.000144866862684, 0.000169286024175, 6.91228997312e-05, 5.05079406139e-05, 4.06912367907e-05, 2.73451769317e-05, 3.78476688638e-05, 5.37127889402e-05, 7.75265289121e-05, 8.05701783975e-05, 7.86735035945e-05, 0.000116688621347, 0.000173661348526, 0.00017906803987, 7.32527623768e-05, 1.88866615645e-05, 5.44096292288e-06, 3.63352751265e-06, 1.9849844648e-06, 6.45364579555e-08, 9.61192347937e-10]
        dmean2: [3.13001720542e-07, 0.000204279480386, 0.000344591797329, 0.000552180223167, 0.000855069432873, 0.000329710368533, 0.000223294729949, 0.000232887119637, 0.000121310637041, 8.17565087345e-05, 6.50229630992e-05, 4.36866284872e-05, 5.41313929716e-05, 8.10286728665e-05, 0.000115038914373, 0.000126194412587, 0.00012725678971, 0.000192538427655, 0.000276320613921, 0.000296177604469, 0.000122507030028, 3.13062046189e-05, 8.14712075226e-06, 4.94725554745e-06, 2.86259864879e-06, 9.03317030065e-08, 1.20359144873e-09]
        dvar: [1.8445898834e-13, 8.56979198716e-08, 1.51951780936e-07, 2.48235267009e-07, 4.92047263378e-07, 2.22751182832e-07, 9.13818283266e-08, 1.88596033013e-07, 5.40489644152e-08, 1.71022218609e-08, 2.4629962514e-09, 1.35294886405e-09, 6.6417373823e-09, 1.27985311238e-08, 1.38595854793e-08, 1.40341676058e-08, 5.81885206685e-09, 1.96316687351e-08, 5.22860545971e-08, 1.30971500312e-07, 1.13976783567e-08, 1.18316278996e-09, 4.19996898371e-10, 1.6793982871e-10, 4.81414526299e-11, 8.3422140452e-15, 1.45479960099e-16]
        dvar2: [2.88078561657e-13, 2.2043424508e-07, 4.35868656723e-07, 7.18074943507e-07, 1.24918199162e-06, 4.32235424341e-07, 1.86759905318e-07, 2.79180255802e-07, 1.56740057378e-07, 4.08619982295e-08, 6.30027541249e-09, 3.07971603775e-09, 8.98097507473e-09, 2.34510295627e-08, 3.13075538827e-08, 2.81836278759e-08, 1.57276414114e-08, 4.90925167185e-08, 1.26652437871e-07, 3.17185509857e-07, 2.8563023946e-08, 3.09265413279e-09, 8.25839174823e-10, 2.68521593849e-10, 8.51760884046e-11, 1.60742289433e-14, 1.4354198842e-16]
        max: [7.86154669186e-06, 0.00186613725964, 0.00443534366786, 0.00316228764132, 0.0069268704392, 0.00461408030242, 0.00347360176966, 0.00652162218466, 0.00237534474581, 0.00210478925146, 0.000555483973585, 0.000481128663523, 0.00166298891418, 0.00182757689618, 0.00165765441488, 0.00193289422896, 0.000780444592237, 0.00155062461272, 0.00223544845358, 0.00550505146384, 0.00134129077196, 0.00037624896504, 0.00041293547838, 0.000208958314033, 0.000103366350231, 1.15847967663e-06, 2.52426758607e-07]
        mean: [2.30935953027e-07, 0.000105503306258, 0.000262928224402, 0.000433124601841, 0.000916564953513, 0.000338792684488, 0.000238799475483, 0.000345531356288, 7.99847402959e-05, 7.99865374574e-05, 6.62419042783e-05, 4.70645027235e-05, 6.50974179734e-05, 8.49601346999e-05, 0.000170230414369, 0.00017501822731, 0.000179788970854, 0.000278559600702, 0.000399169366574, 0.000317610130878, 0.000143943834701, 3.71293281205e-05, 9.81754055829e-06, 5.91681509832e-06, 3.77484821001e-06, 1.44613920838e-07, 1.1788450216e-09]
        min: [1.11503889455e-10, 5.70088012353e-08, 1.03631172976e-07, 5.03988076161e-07, 2.80748326986e-06, 8.85282133822e-07, 3.70086297607e-07, 7.36315712402e-07, 4.44992991788e-07, 9.54905843287e-08, 1.42490463872e-07, 1.30551441657e-07, 2.84282691609e-07, 5.59561271984e-07, 2.33775409697e-07, 9.65150206866e-07, 1.572921974e-06, 4.58403405901e-07, 3.28525675286e-06, 5.66414200875e-06, 2.86985414277e-06, 9.39284689139e-07, 2.57582343011e-07, 3.96111623502e-08, 2.24717222608e-08, 1.20207654941e-09, 5.70285897498e-13]
        var: [2.34821141481e-13, 6.55431406926e-08, 1.19173094504e-07, 2.53812544315e-07, 7.41722374187e-07, 3.57702731435e-07, 2.18807315377e-07, 6.76816114265e-07, 3.2453318255e-08, 2.36174404478e-08, 4.19557188991e-09, 2.3377206837e-09, 2.29099725857e-08, 2.06680237369e-08, 6.67839827884e-08, 4.97518080067e-08, 1.37291014113e-08, 5.48182121918e-08, 1.24105014265e-07, 1.45970474819e-07, 1.74475101034e-08, 1.49727596988e-09, 5.93985360897e-10, 2.84973322717e-10, 7.11206510351e-11, 2.16690136971e-14, 1.47457927614e-16]
    mfcc:
        mean: [-696.272888184, 100.262382507, -38.1591720581, 58.3453483582, -7.5293135643, -7.15225219727, -1.29435670376, -11.009144783, -3.44404673576, -8.18167209625, -8.93540763855, -8.72689533234, -6.18323230743]
        cov: [[1093.59887695, 6.23716926575, -8.71732711792, 43.1562347412, 41.5414810181, -1.27846026421, -15.4300718307, 27.5365409851, 13.2343616486, 56.6046447754, -33.0716133118, -20.2378826141, 21.1643295288], [6.23716926575, 496.612243652, -146.269302368, 58.7140922546, 24.3385028839, 47.428024292, 7.40720844269, 39.0742683411, 46.3975028992, -5.37315750122, 43.0004692078, 36.3754615784, 4.1896982193], [-8.71732711792, -146.269302368, 248.475357056, -4.1059885025, 31.7122211456, 19.4037532806, 3.95463824272, -10.3263759613, -14.0095758438, -16.9658355713, -20.3637256622, 36.3212776184, 2.52811145782], [43.1562347412, 58.7140922546, -4.1059885025, 170.348831177, 38.458530426, 56.4375267029, 64.8009414673, 48.5557441711, 46.2597885132, 2.28029227257, -1.63319659233, 2.87379646301, 10.0629358292], [41.5414810181, 24.3385028839, 31.7122211456, 38.458530426, 99.5197143555, 36.1358261108, 12.6395120621, 15.9133586884, 21.6336116791, 17.6582450867, -16.8746948242, 9.97262191772, 3.85973477364], [-1.27846026421, 47.428024292, 19.4037532806, 56.4375267029, 36.1358261108, 96.4409637451, 62.491191864, 42.1244659424, 34.6337432861, 1.01265060902, 3.71854066849, 20.4985618591, 3.47056889534], [-15.4300718307, 7.40720844269, 3.95463824272, 64.8009414673, 12.6395120621, 62.491191864, 143.288345337, 58.0566825867, 22.1941757202, -5.34083843231, 7.64859867096, 11.4714632034, -10.2058315277], [27.5365409851, 39.0742683411, -10.3263759613, 48.5557441711, 15.9133586884, 42.1244659424, 58.0566825867, 81.1776275635, 40.3295173645, 16.6452121735, 3.74221968651, 11.4024295807, 0.166625872254], [13.2343616486, 46.3975028992, -14.0095758438, 46.2597885132, 21.6336116791, 34.6337432861, 22.1941757202, 40.3295173645, 91.3587646484, 35.1618118286, 10.0218849182, 3.53082704544, 3.88744735718], [56.6046447754, -5.37315750122, -16.9658355713, 2.28029227257, 17.6582450867, 1.01265060902, -5.34083843231, 16.6452121735, 35.1618118286, 84.0963897705, 20.2197418213, 1.38638317585, 1.22925627232], [-33.0716133118, 43.0004692078, -20.3637256622, -1.63319659233, -16.8746948242, 3.71854066849, 7.64859867096, 3.74221968651, 10.0218849182, 20.2197418213, 68.1872787476, 25.7944259644, -0.866572618484], [-20.2378826141, 36.3754615784, 36.3212776184, 2.87379646301, 9.97262191772, 20.4985618591, 11.4714632034, 11.4024295807, 3.53082704544, 1.38638317585, 25.7944259644, 72.6223449707, 14.3218374252], [21.1643295288, 4.1896982193, 2.52811145782, 10.0629358292, 3.85973477364, 3.47056889534, -10.2058315277, 0.166625872254, 3.88744735718, 1.22925627232, -0.866572618484, 14.3218374252, 39.7710533142]]
        icov: [[0.00101659435313, -9.47365333559e-05, -6.3414539909e-05, -0.000262145680608, -0.000130234533572, 0.000139303694596, 0.000159329545568, -0.000409755099099, 0.00043751616613, -0.00089874205878, 0.000580872350838, 0.000283046159893, -0.000521816255059], [-9.47365333559e-05, 0.00342117715627, 0.00248976401053, -0.000599011487793, -0.00121060130186, -0.00123370776419, 0.00151113118045, -0.000720544776414, -0.000929486355744, 0.00206378824078, -0.00143653631676, -0.00227645318955, 0.00111477961764], [-6.3414539909e-05, 0.00248976401053, 0.00681215943769, -0.000235036859522, -0.00188118568622, -0.00165213656146, 0.00089329079492, 0.000864656991325, -0.000320461287629, 0.0017434352776, 0.00137680303305, -0.00507335690781, 0.00178463978227], [-0.000262145680608, -0.000599011487793, -0.000235036859522, 0.00937331281602, -0.00218305480666, -0.00129967951216, -0.00275809504092, -0.00151030241977, -0.00262882490642, 0.001709265518, -0.000694801099598, 0.00227855192497, -0.00316180312075], [-0.000130234533572, -0.00121060130186, -0.00188118568622, -0.00218305480666, 0.0152294505388, -0.00442908005789, 0.000763632706366, 0.00148436671589, 3.16962723446e-05, -0.00518294656649, 0.00618554465473, -0.00188184576109, 0.000936555326916], [0.000139303694596, -0.00123370776419, -0.00165213656146, -0.00129967951216, -0.00442908005789, 0.0205716770142, -0.00608672527596, -0.00267268321477, -0.00369083229452, 0.00207626423799, -0.000537436571904, -0.00164673384279, -0.00154848676175], [0.000159329545568, 0.00151113118045, 0.00089329079492, -0.00275809504092, 0.000763632706366, -0.00608672527596, 0.0138675710186, -0.00708298478276, 0.00188640761189, 0.00203551538289, -0.00180985126644, -0.000885540503077, 0.00447458354756], [-0.000409755099099, -0.000720544776414, 0.000864656991325, -0.00151030241977, 0.00148436671589, -0.00267268321477, -0.00708298478276, 0.0238584391773, -0.00581912277266, -0.00339156389236, 0.00358305359259, -0.00326994247735, 0.000721974065527], [0.00043751616613, -0.000929486355744, -0.000320461287629, -0.00262882490642, 3.16962723446e-05, -0.00369083229452, 0.00188640761189, -0.00581912277266, 0.01876815781, -0.00675531709567, -0.00062406581128, 0.00214703008533, -0.00103439821396], [-0.00089874205878, 0.00206378824078, 0.0017434352776, 0.001709265518, -0.00518294656649, 0.00207626423799, 0.00203551538289, -0.00339156389236, -0.00675531709567, 0.0194510743022, -0.0076725971885, 0.000756661465857, 0.000195367407287], [0.000580872350838, -0.00143653631676, 0.00137680303305, -0.000694801099598, 0.00618554465473, -0.000537436571904, -0.00180985126644, 0.00358305359259, -0.00062406581128, -0.0076725971885, 0.0238892640918, -0.00969495996833, 0.00320754689164], [0.000283046159893, -0.00227645318955, -0.00507335690781, 0.00227855192497, -0.00188184576109, -0.00164673384279, -0.000885540503077, -0.00326994247735, 0.00214703008533, 0.000756661465857, -0.00969495996833, 0.0239351224154, -0.00911574903876], [-0.000521816255059, 0.00111477961764, 0.00178463978227, -0.00316180312075, 0.000936555326916, -0.00154848676175, 0.00447458354756, 0.000721974065527, -0.00103439821396, 0.000195367407287, 0.00320754689164, -0.00911574903876, 0.0306277833879]]
    spectral_contrast:
        mean: [-2.50694711212e-07, 2.06450394558e-07, 1.5284086885e-07, -8.20949992431e-08, 4.3862476673e-07, 3.34704338911e-07, 3.22558150856e-07, 1.03940794816e-06, 1.26843531234e-06, 2.75539787253e-06, 3.57814997187e-06, 2.34010599343e-06]
        var: [0.000332035881002, 0.000493452418596, 0.00121844594833, 0.0018850286724, 0.00246719177812, 0.00595998112112, 0.0422518141568, 0.0565255731344, 0.10643260181, 0.176087483764, 0.353121370077, 0.824151694775]

rhythm:
    beats_loudness:
        dmean: 0.00176336697768
        dmean2: 0.00287398695946
        dvar: 1.61839079738e-06
        dvar2: 4.17132196162e-06
        max: 0.0092807020992
        mean: 0.00538259465247
        min: 0.00187186058611
        var: 2.93873495139e-06
    beats_loudness_bass:
        dmean: 0.118233956397
        dmean2: 0.190669372678
        dvar: 0.00678108539432
        dvar2: 0.0148022212088
        max: 0.425412982702
        mean: 0.216062828898
        min: 0.000617969431914
        var: 0.0184098798782
    bpm: 113.815795898
    bpm_confidence: 0
    first_peak_bpm: 114
    first_peak_spread: 0
    first_peak_weight: 0.944444417953
    onset_rate: 3.98763012886
    second_peak_bpm: 100
    second_peak_spread: 0
    second_peak_weight: 0.0555555559695
    beats_position: [0.22980260849, 0.756275475025, 1.28274846077, 1.80922138691, 2.33569431305, 2.8621673584, 3.38864016533, 3.91511297226, 4.44158601761, 4.96805858612, 5.49453163147, 6.09214496613, 6.6199092865, 7.1476726532, 7.67543649673, 8.20320034027, 8.73096466064, 9.25872898102, 9.78649234772]
    bpm_estimates: [113.6847229, 113.653511047, 114.170860291, 113.531806946, 114.798530579, 114.202453613, 113.742721558, 113.43522644, 113.141189575, 113.256195068, 114.356445312]
    bpm_intervals: [0.526472866535, 0.526472985744, 0.52647292614, 0.52647292614, 0.526473045349, 0.526472806931, 0.526472806931, 0.526473045349, 0.526472568512, 0.526473045349, 0.597613334656, 0.527764320374, 0.527763366699, 0.527763843536, 0.527763843536, 0.527764320374, 0.527764320374, 0.527763366699]
    onset_times: [0.0580498874187, 0.743038535118, 1.11455786228, 1.27709746361, 1.46285712719, 1.82276642323, 2.31038546562, 2.50775504112, 2.87927436829, 3.22757363319, 3.40172338486, 3.56426310539, 3.93578219414, 4.12154197693, 4.29569149017, 4.81814050674, 5.01551008224, 5.1780500412, 5.35219955444, 5.71210861206, 5.87464857101, 6.06040811539, 6.23455762863, 6.39709758759, 6.76861667633, 6.9543762207, 7.14013624191, 7.31428575516, 7.50004529953, 7.66258525848, 7.83673477173, 8.01088428497, 8.20825386047, 8.55655288696, 8.73070335388, 8.84680271149, 9.25315189362, 9.62467098236, 9.79882049561, 9.98458003998]
    rubato_start: []
    rubato_stop: []
    perceptual_tempo: "unknown"

sfx:
    inharmonicity:
        dmean: 0.0435599163175
        dmean2: 0.073900192976
        dvar: 0.0018811528571
        dvar2: 0.00493794633076
        max: 0.289674073458
        mean: 0.0530534796417
        min: 0.000108277417894
        var: 0.00251257186756
    oddtoevenharmonicenergyratio:
        dmean: 1.62441170216
        dmean2: 2.96367263794
        dvar: 12.0127859116
        dvar2: 34.6295280457
        max: 41.3094902039
        mean: 1.3312728405
        min: 0.00138689531013
        var: 8.37006855011
    pitch_after_max_to_before_max_energy_ratio: 0.486073732376
    pitch_centroid: 163.765457153
    pitch_max_to_total: 0.502325594425
    pitch_min_to_total: 0.560465097427
    tristimulus:
        dmean: [0.194861620665, 0.225359007716, 0.144066751003]
        dmean2: [0.329562008381, 0.394410520792, 0.257826685905]
        dvar: [0.0263233426958, 0.0336667485535, 0.0177660938352]
        dvar2: [0.0734459683299, 0.092546723783, 0.0512392409146]
        max: [0.946446537971, 0.947635829449, 0.775129139423]
        mean: [0.335347771645, 0.454775393009, 0.177731007338]
        min: [0.0100065488368, 0, 0]
        var: [0.0454759150743, 0.0503859631717, 0.021124266088]

tonal:
    chords_changes_rate: 0.0277777779847
    chords_number_rate: 0.0231481473893
    chords_strength:
        dmean: 0.00915070716292
        dmean2: 0.011345371604
        dvar: 6.23582163826e-05
        dvar2: 8.79250292201e-05
        max: 0.672855317593
        mean: 0.569583177567
        min: 0.229741364717
        var: 0.00617271987721
    key_strength: 0.623632133007
    tuning_diatonic_strength: 0.46560883522
    tuning_equal_tempered_deviation: 0.12896977365
    tuning_frequency: 442.03793335
    tuning_nontempered_energy_ratio: 0.740996003151
    hpcp:
        dmean: [0.138240218163, 0.13219076395, 0.133988231421, 0.12156355381, 0.131949424744, 0.132177904248, 0.162901267409, 0.168258205056, 0.160809963942, 0.156771972775, 0.163008823991, 0.16694997251, 0.168069630861, 0.149200558662, 0.101803727448, 0.11006500572, 0.106343753636, 0.112935125828, 0.131244555116, 0.153350442648, 0.167292550206, 0.145142540336, 0.142626434565, 0.112980075181, 0.11648683995, 0.10146830231, 0.113809965551, 0.126374140382, 0.118170313537, 0.10742034018, 0.125147029757, 0.127918839455, 0.183288827538, 0.208828434348, 0.190319597721, 0.185818478465]
        dmean2: [0.235984414816, 0.225935637951, 0.234825372696, 0.214834600687, 0.228470474482, 0.223781466484, 0.282990545034, 0.284353464842, 0.264608800411, 0.265877813101, 0.290841192007, 0.289698183537, 0.277259349823, 0.235544934869, 0.177672818303, 0.204183191061, 0.197094812989, 0.200684562325, 0.23087413609, 0.259175658226, 0.287416785955, 0.240553915501, 0.247623160481, 0.19390194118, 0.204204708338, 0.174178063869, 0.195749267936, 0.212359860539, 0.207116276026, 0.194856315851, 0.220858424902, 0.225208282471, 0.316588968039, 0.355545282364, 0.325044840574, 0.322942972183]
        dvar: [0.0350183323026, 0.0456830002367, 0.0408618599176, 0.0425392501056, 0.0373688042164, 0.0288091562688, 0.042682044208, 0.0459409542382, 0.040095936507, 0.0433303341269, 0.0513028614223, 0.0404757224023, 0.0551977418363, 0.0319477915764, 0.0253501143306, 0.0368237569928, 0.0418818481266, 0.0295332819223, 0.0396768301725, 0.0503830313683, 0.0505677200854, 0.0427163429558, 0.0397043898702, 0.0294737685472, 0.0373870357871, 0.0282293371856, 0.0310042090714, 0.0410742722452, 0.0287058949471, 0.0265773832798, 0.0361651182175, 0.0351375713944, 0.0402441397309, 0.0468846298754, 0.054416038096, 0.0617846138775]
        dvar2: [0.0920033827424, 0.123688153923, 0.105117842555, 0.106039144099, 0.100754916668, 0.0764400437474, 0.103783600032, 0.11967176944, 0.102012351155, 0.112456597388, 0.139829769731, 0.11251668632, 0.130570873618, 0.0804531276226, 0.0738493427634, 0.111728288233, 0.121100410819, 0.0845775082707, 0.109451293945, 0.112621642649, 0.127756461501, 0.105722665787, 0.106301523745, 0.0712995901704, 0.0902521163225, 0.067656069994, 0.079362154007, 0.106933012605, 0.0775923132896, 0.0778198763728, 0.112200282514, 0.0935112461448, 0.124134004116, 0.130189314485, 0.146781727672, 0.16252361238]
        max: [1, 1, 1, 1, 1, 1, 1, 1, 1, 1, 1, 1, 1, 1, 1, 1, 1, 0.999767839909, 1, 1, 1, 1, 1, 1, 1, 1, 1, 1, 0.934360563755, 1, 1, 1, 1, 1, 1, 1]
        mean: [0.15834005177, 0.161415293813, 0.155337721109, 0.150733917952, 0.161702767015, 0.21964122355, 0.319365054369, 0.27979183197, 0.222856238484, 0.240246862173, 0.204408764839, 0.232759177685, 0.309470772743, 0.241931036115, 0.141372382641, 0.121063560247, 0.104621611536, 0.125914126635, 0.166586816311, 0.195118695498, 0.238395899534, 0.270673036575, 0.201993599534, 0.131104812026, 0.12205837667, 0.106017045677, 0.12944445014, 0.177411332726, 0.159556284547, 0.122233480215, 0.14633436501, 0.173197761178, 0.244147598743, 0.317367345095, 0.270281106234, 0.189653456211]
        min: [0.00546313263476, 0.00817987322807, 0.0094270799309, 0.00505975820124, 0.00619520246983, 0.00369070330635, 0.00578896095976, 0.010274621658, 0.0103213554248, 0.00835681799799, 0.00860527530313, 0.00785875227302, 0.0037230309099, 0.00346148712561, 0.00484627811238, 0.00683625787497, 0.00567131489515, 0.00812417455018, 0.0103795677423, 0.010590557009, 0.00856895931065, 0.00172469927929, 0.00270501431078, 0.0039749564603, 0.00615403242409, 0.00594634795561, 0.00606843782589, 0.00498526683077, 0.00545405223966, 0.0108600128442, 0.00757519062608, 0.00334803876467, 0.0116160800681, 0.00745345465839, 0.00667708925903, 0.00384227838367]
        var: [0.0402335934341, 0.0417342409492, 0.0389111302793, 0.0460050068796, 0.04158885777, 0.0481513254344, 0.104409664869, 0.0766733512282, 0.0489401742816, 0.0703936517239, 0.0586897805333, 0.0575108490884, 0.119713276625, 0.0728459730744, 0.0244324579835, 0.0260227359831, 0.026894595474, 0.0221650600433, 0.0362306647003, 0.0682660341263, 0.0776564255357, 0.104087226093, 0.0597676970065, 0.0299110338092, 0.034710496664, 0.0259827841073, 0.0304795615375, 0.0546815097332, 0.0393958128989, 0.0197596661747, 0.0306237507612, 0.0442651733756, 0.0508361496031, 0.0791980102658, 0.0719842761755, 0.0579223483801]
    chords_histogram: [26.851852417, 37.0370368958, 0, 0, 0, 0, 0, 0, 3.24074077606, 19.9074077606, 12.5, 0, 0, 0, 0, 0.462962955236, 0, 0, 0, 0, 0, 0, 0, 0]
    thpcp: [1, 0.876087784767, 0.697810351849, 0.752264082432, 0.640047371387, 0.728818535805, 0.969018876553, 0.757537603378, 0.442667037249, 0.379075795412, 0.327592551708, 0.394263952971, 0.521618783474, 0.610958218575, 0.746468305588, 0.847534894943, 0.632484972477, 0.410517096519, 0.38219076395, 0.3319619596, 0.405318140984, 0.555512666702, 0.499604701996, 0.382739067078, 0.458204060793, 0.542319059372, 0.76447814703, 0.993744730949, 0.846307694912, 0.593845367432, 0.49579641223, 0.505425632, 0.486395478249, 0.471980005503, 0.506325781345, 0.687743425369]
    chords_key: "E"
    chords_scale: "major"
    key_key: "C#"
    key_scale: "minor"
    chords_progression: ["E", "E", "E", "E", "E", "E", "E", "E", "E", "E", "E", "E", "E", "E", "E", "E", "E", "E", "E", "E", "E", "E", "E", "E", "E", "E", "E", "E", "E", "E", "E", "E", "E", "E", "E", "E", "E", "E", "E", "E", "E", "E", "E", "E", "E", "E", "E", "E", "E", "E", "E", "E", "E", "E", "E", "E", "E", "E", "E", "E", "E", "E", "E", "E", "E", "E", "E", "E", "E", "E", "E", "E", "E", "E", "E", "E", "E", "E", "E", "E", "C#m", "C#m", "C#m", "C#m", "C#m", "C#m", "C#m", "C#m", "C#m", "C#m", "C#m", "C#m", "C#m", "C#m", "C#m", "C#m", "C#m", "C#m", "C#m", "C#m", "C#m", "C#m", "C#m", "C#m", "C#m", "C#m", "C#m", "C#m", "C#m", "C#m", "C#m", "C#m", "C#m", "C#m", "C#m", "C#m", "C#m", "C#m", "C#m", "C#m", "C#m", "C#m", "C#m", "C#m", "C#m", "C#m", "C#m", "C#m", "C#m", "C#m", "C#m", "C#m", "C#m", "C#m", "C#m", "C#m", "C#m", "C#m", "G#", "G#", "G#", "G#", "G#", "G#", "G#", "G#", "Cm", "Cm", "Cm", "Cm", "Cm", "Cm", "Cm", "Cm", "Cm", "Cm", "Cm", "Cm", "Cm", "Cm", "Cm", "Cm", "Cm", "Cm", "Cm", "Cm", "Cm", "Cm", "Cm", "Cm", "Cm", "Cm", "Cm", "G#", "G#", "G#", "G#", "G#", "G#", "G#", "G#", "G#", "G#", "G#", "G#", "G#", "G#", "G#", "G#", "G#", "G#", "G#", "G#", "G#", "G#", "G#", "G#", "G#", "G#", "G#", "G#", "G#", "G#", "G#", "G#", "G#", "G#", "G#", "Fm", "Fm", "Fm", "Fm", "Fm", "Fm", "Fm", "F"]
