
metadata:
    version:
        essentia: "1.2.2"
    audio_properties:
        analysis_sample_rate: 44100
        bitrate: 128
        channels: 2
        equal_loudness: 1
        length: 10.0310201645
        replay_gain: -7.36510276794
        downmix: "mix"
    tags:
        track: 4
        year: 0
        album: "Splitted by Mp3Splt v. 2.1"
        artist: "From 000.30 To 000.40"
        comment: "http://mp3splt.sf.net"
        genre: ""
        title: "02 Take Your Time.mp3"

highlevel:
    ballroom:
        all:
            ChaChaCha: 0.060775205493
            Jive: 0.203244864941
            Quickstep: 0.155552819371
            Rumba-American: 0.0078209778294
            Rumba-International: 0.0192239414901
            Rumba-Misc: 0.0165232568979
            Samba: 0.0669866204262
            Tango: 0.172926262021
            VienneseWaltz: 0.249850228429
            Waltz: 0.0470958203077
        probability: 0.249850228429
        value: "VienneseWaltz"
    culture:
        all:
            non_western: 0.0517600439489
            western: 0.948239982128
        probability: 0.948239982128
        value: "western"
    gender:
        all:
            female: 0.63989084959
            male: 0.360109180212
        probability: 0.63989084959
        value: "female"
    genre_dortmund:
        all:
            alternative: 0.160127669573
            blues: 0.014471498318
            electronic: 0.0450371541083
            folkcountry: 0.310540556908
            funksoulrnb: 0.00591124175116
            jazz: 0.0226877517998
            pop: 0.142995521426
            raphiphop: 0.00272597395815
            rock: 0.295502603054
        probability: 0.310540556908
        value: "folkcountry"
    genre_electronica:
        all:
            ambient: 0.458750814199
            dnb: 0.0960945412517
            house: 0.0177960656583
            techno: 0.0117717338726
            trance: 0.415586829185
        probability: 0.458750814199
        value: "ambient"
    genre_rosamerica:
        all:
            cla: 0.0820084139705
            dan: 0.0274079851806
            hip: 0.00746516650543
            jaz: 0.0500941425562
            pop: 0.122450642288
            rhy: 0.0119703151286
            roc: 0.696071684361
            spe: 0.0025316181127
        probability: 0.696071684361
        value: "roc"
    genre_tzanetakis:
        all:
            blu: 0.0429930612445
            cla: 0.330478221178
            cou: 0.108673028648
            dis: 0.0283321626484
            hip: 0.00707857822999
            jaz: 0.240721300244
            met: 0.0295137036592
            pop: 0.0419773086905
            reg: 0.0178174898028
            roc: 0.152415141463
        probability: 0.330478221178
        value: "cla"
    live_studio:
        all:
            live: 0.351240456104
            studio: 0.648759543896
        probability: 0.648759543896
        value: "studio"
    mood:
        all:
            Cluster1: 0.465384244919
            Cluster2: 0.175278902054
            Cluster3: 0.0963773131371
            Cluster4: 0.15906535089
            Cluster5: 0.103894196451
        probability: 0.465384244919
        value: "Cluster1"
    mood_acoustic:
        all:
            acoustic: 0.0776693597436
            not_acoustic: 0.922330617905
        probability: 0.922330617905
        value: "not_acoustic"
    mood_aggressive:
        all:
            aggressive: 0.187604054809
            not_aggressive: 0.81239593029
        probability: 0.81239593029
        value: "not_aggressive"
    mood_electronic:
        all:
            electronic: 0.766800761223
            not_electronic: 0.233199223876
        probability: 0.766800761223
        value: "electronic"
    mood_happy:
        all:
            happy: 0.712577939034
            not_happy: 0.287422090769
        probability: 0.712577939034
        value: "happy"
    mood_party:
        all:
            not_party: 0.770211935043
            party: 0.229788094759
        probability: 0.770211935043
        value: "not_party"
    mood_relaxed:
        all:
            not_relaxed: 0.530784010887
            relaxed: 0.469216018915
        probability: 0.530784010887
        value: "not_relaxed"
    mood_sad:
        all:
            not_sad: 0.594861388206
            sad: 0.405138611794
        probability: 0.594861388206
        value: "not_sad"
    rhythm:
        all:
            fast: 0.701816558838
            medium: 0.193946674466
            slow: 0.104236803949
        probability: 0.701816558838
        value: "fast"
    speech_music:
        all:
            music: 0.999978125095
            speech: 2.18748864427e-05
        probability: 0.999978125095
        value: "music"
    timbre:
        all:
            bright: 0.987133085728
            dark: 0.0128669263795
        probability: 0.987133085728
        value: "bright"
    voice_instrumental:
        all:
            instrumental: 0.267692685127
            voice: 0.732307314873
        probability: 0.732307314873
        value: "voice"

lowlevel:
    average_loudness: 0.953223228455
    barkbands_kurtosis:
        dmean: 0.349906623363
        dmean2: 0.562785327435
        dvar: 0.179532155395
        dvar2: 0.441501826048
        max: 2.12771511078
        mean: -1.25214290619
        min: -1.81391084194
        var: 0.305311232805
    barkbands_skewness:
        dmean: 0.307359606028
        dmean2: 0.45188960433
        dvar: 0.0575623624027
        dvar2: 0.133157521486
        max: 1.81512987614
        mean: 0.0239237621427
        min: -1.70296728611
        var: 0.315980762243
    barkbands_spread:
        dmean: 3.73152923584
        dmean2: 6.02649116516
        dvar: 13.722026825
        dvar2: 34.4627609253
        max: 56.3625717163
        mean: 34.2563667297
        min: 17.6208667755
        var: 41.3829803467
    dissonance:
        dmean: 0.0127322152257
        dmean2: 0.0213691163808
        dvar: 0.000125339371152
        dvar2: 0.000364017963875
        max: 0.497406572104
        mean: 0.468336880207
        min: 0.367199838161
        var: 0.00029084290145
    hfc:
        dmean: 1.95598483086
        dmean2: 3.06661915779
        dvar: 5.21546459198
        dvar2: 12.3634910583
        max: 30.950044632
        mean: 8.71087265015
        min: 0.211359709501
        var: 17.1913051605
    pitch:
        dmean: 449.180206299
        dmean2: 885.676940918
        dvar: 1234069.75
        dvar2: 3530681.5
        max: 4410
        mean: 523.11315918
        min: 85.1351318359
        var: 918189.6875
    pitch_instantaneous_confidence:
        dmean: 0.0719300210476
        dmean2: 0.111941441894
        dvar: 0.00323198712431
        dvar2: 0.00838664826006
        max: 0.813980400562
        mean: 0.459635406733
        min: 0.198271512985
        var: 0.0149049703032
    pitch_salience:
        dmean: 0.0463560037315
        dmean2: 0.0711976215243
        dvar: 0.00134147889912
        dvar2: 0.0032326662913
        max: 0.766186237335
        mean: 0.603809833527
        min: 0.345576375723
        var: 0.0052582975477
    silence_rate_20dB:
        dmean: 0
        dmean2: 0
        dvar: 0
        dvar2: 0
        max: 1
        mean: 1
        min: 1
        var: 0
    silence_rate_30dB:
        dmean: 0
        dmean2: 0
        dvar: 0
        dvar2: 0
        max: 1
        mean: 1
        min: 1
        var: 0
    silence_rate_60dB:
        dmean: 0.087962962687
        dmean2: 0.176334112883
        dvar: 0.0802254602313
        dvar2: 0.168442264199
        max: 1
        mean: 0.233256354928
        min: 0
        var: 0.178847804666
    spectral_centroid:
        dmean: 221.43699646
        dmean2: 327.39553833
        dvar: 28139.6953125
        dvar2: 70666.1875
        max: 3163.40820312
        mean: 1831.64477539
        min: 970.347290039
        var: 169905.734375
    spectral_complexity:
        dmean: 3.02320194244
        dmean2: 4.76279067993
        dvar: 9.57252407074
        dvar2: 22.4367370605
        max: 33
        mean: 16.9953708649
        min: 0
        var: 29.0694561005
    spectral_crest:
        dmean: 1.70464801788
        dmean2: 2.48570179939
        dvar: 2.01417326927
        dvar2: 4.64203691483
        max: 17.8430480957
        mean: 7.01579093933
        min: 2.55406832695
        var: 8.8980512619
    spectral_decrease:
        dmean: 2.41743097762e-10
        dmean2: 3.42213396509e-10
        dvar: 8.79986530389e-20
        dvar2: 1.80042542391e-19
        max: -3.13003269137e-11
        mean: -1.08684272693e-09
        min: -3.87265153279e-09
        var: 3.27988047171e-19
    spectral_energy:
        dmean: 0.00105576612987
        dmean2: 0.00150696490891
        dvar: 1.66040877048e-06
        dvar2: 3.4773081552e-06
        max: 0.0163039099425
        mean: 0.00489209545776
        min: 0.000137305542012
        var: 6.09932385487e-06
    spectral_energyband_high:
        dmean: 0.000170424129465
        dmean2: 0.000281598797301
        dvar: 3.88078404967e-08
        dvar2: 1.01995411228e-07
        max: 0.00345989502966
        mean: 0.000515245366842
        min: 3.95801498598e-06
        var: 1.43113794593e-07
    spectral_energyband_low:
        dmean: 8.88828944881e-05
        dmean2: 0.000150942563778
        dvar: 5.63603030912e-08
        dvar2: 1.61395306009e-07
        max: 0.00248256931081
        mean: 0.000125269041746
        min: 6.21423851044e-06
        var: 4.03002395899e-08
    spectral_energyband_middle_high:
        dmean: 0.000513785460498
        dmean2: 0.000815819599666
        dvar: 3.92342997202e-07
        dvar2: 8.58982048157e-07
        max: 0.00728412903845
        mean: 0.00203080126084
        min: 7.17680813977e-05
        var: 1.29690113226e-06
    spectral_energyband_middle_low:
        dmean: 0.000704071018845
        dmean2: 0.000954807677772
        dvar: 7.19999604826e-07
        dvar2: 1.50696598666e-06
        max: 0.0115621611476
        mean: 0.00222078058869
        min: 5.5355776567e-05
        var: 2.95214863399e-06
    spectral_flatness_db:
        dmean: 0.0124241225421
        dmean2: 0.018764892593
        dvar: 0.000102771060483
        dvar2: 0.000215942869545
        max: 0.240317061543
        mean: 0.161331534386
        min: 0.0981729328632
        var: 0.000488256133394
    spectral_flux:
        dmean: 0.00595368538052
        dmean2: 0.00869277119637
        dvar: 4.92600520374e-05
        dvar2: 9.5208066341e-05
        max: 0.0985700786114
        mean: 0.0352296121418
        min: 0.0117177451029
        var: 0.000117680414405
    spectral_kurtosis:
        dmean: 1.01390039921
        dmean2: 1.73377263546
        dvar: 1.05555570126
        dvar2: 2.78520059586
        max: 14.3926105499
        mean: 2.87531256676
        min: 0.105733394623
        var: 1.7262878418
    spectral_rms:
        dmean: 0.000226931326324
        dmean2: 0.000318971928209
        dvar: 6.590779833e-08
        dvar2: 1.23693126852e-07
        max: 0.00398826459423
        mean: 0.00212457077578
        min: 0.000366000866052
        var: 2.58981572188e-07
    spectral_rolloff:
        dmean: 308.509216309
        dmean2: 522.605163574
        dvar: 92185.84375
        dvar2: 234721.578125
        max: 5534.03320312
        mean: 3672.6550293
        min: 1378.125
        var: 278611.65625
    spectral_skewness:
        dmean: 0.146529480815
        dmean2: 0.243145436049
        dvar: 0.0224453862756
        dvar2: 0.0500914007425
        max: 3.0474858284
        mean: 1.0482199192
        min: 0.429624587297
        var: 0.0544541925192
    spectral_spread:
        dmean: 281665.375
        dmean2: 408828.75
        dvar: 115205988352
        dvar2: 165026119680
        max: 8296058
        mean: 3998909
        min: 2993191.25
        var: 682957340672
    spectral_strongpeak:
        dmean: 0.566770851612
        dmean2: 0.964391052723
        dvar: 0.738638758659
        dvar2: 2.00864696503
        max: 6.46043682098
        mean: 0.983625411987
        min: 0.0381715893745
        var: 0.953595817089
    zerocrossingrate:
        dmean: 0.00732535170391
        dmean2: 0.00844612997025
        dvar: 3.97738695028e-05
        dvar2: 5.09650017193e-05
        max: 0.16015625
        mean: 0.104331687093
        min: 0.03857421875
        var: 0.000385447550798
    barkbands:
        dmean: [1.64789042856e-07, 3.13792152156e-05, 6.46806875011e-05, 8.29799027997e-05, 0.000233641767409, 0.000100877470686, 0.000132388799102, 0.000420598342316, 2.61944169324e-05, 7.99727276899e-05, 5.0155507779e-05, 3.16361401929e-05, 3.76736388716e-05, 2.57841948041e-05, 8.45660106279e-05, 6.39320351183e-05, 0.000210517915548, 0.000160894429428, 0.000170380430063, 0.000196288092411, 0.000107173415017, 1.25426477098e-05, 3.3280698517e-06, 9.13919620871e-07, 3.03236078025e-07, 1.52443799806e-08, 3.16435960768e-10]
        dmean2: [2.82459467371e-07, 5.7035649661e-05, 0.000108967484266, 0.000141532786074, 0.0003897579154, 0.000144463541801, 0.00018462704611, 0.000518849410582, 4.25369762524e-05, 0.0001093784158, 7.69866528572e-05, 4.7969919251e-05, 6.57089767628e-05, 4.24194186053e-05, 0.000137152455864, 0.000108163207187, 0.000348090630723, 0.000269480224233, 0.000283419241896, 0.000326658162521, 0.000178625428816, 2.11492915696e-05, 5.281554877e-06, 1.38417544804e-06, 4.53433415259e-07, 2.12037036817e-08, 4.80469386499e-10]
        dvar: [1.34143442339e-13, 6.05713745827e-09, 3.25703197745e-08, 1.98366532089e-08, 1.43170240108e-07, 1.25908519166e-08, 8.90338895942e-08, 2.86129051119e-07, 4.30187530043e-09, 4.49039774253e-08, 2.24725500431e-08, 4.43281766849e-09, 1.29890844747e-08, 8.84142536961e-10, 1.78805628082e-08, 6.01538063805e-09, 4.21903152414e-08, 3.1667646283e-08, 5.7685507926e-08, 4.41788969852e-08, 1.86665367607e-08, 5.76973191446e-10, 1.20994311792e-10, 9.03410679598e-12, 6.41398121681e-13, 1.25804996744e-15, 5.53327912389e-18]
        dvar2: [3.4028690781e-13, 1.74670642394e-08, 9.30511490083e-08, 5.26900727493e-08, 3.66988189171e-07, 2.30180141614e-08, 1.78119108796e-07, 4.52863446299e-07, 1.07953157524e-08, 7.75313182544e-08, 5.23979224454e-08, 9.79221326247e-09, 4.119877417e-08, 2.25864726922e-09, 4.26441708612e-08, 1.73094107936e-08, 1.05431325892e-07, 8.74574084264e-08, 1.40743210864e-07, 1.14741325774e-07, 5.22196152986e-08, 1.47804046779e-09, 1.96074767533e-10, 1.98669605073e-11, 1.51807288528e-12, 2.94867288477e-15, 5.62265847061e-18]
        max: [2.7934697755e-06, 0.000635547679849, 0.00198823702522, 0.00128620653413, 0.00423129927367, 0.00149221182801, 0.00526138395071, 0.00977542530745, 0.000856332888361, 0.0036036435049, 0.00231718993746, 0.00122249545529, 0.00140937883407, 0.0002823844261, 0.0013847569935, 0.00078022107482, 0.00232206145301, 0.00176264473703, 0.00362811400555, 0.002314329613, 0.00230411137454, 0.000348258385202, 0.000258541316725, 7.28157974663e-05, 1.67430025613e-05, 4.61685402797e-07, 4.90008531528e-08]
        mean: [1.54918694761e-07, 4.080259896e-05, 8.43165253173e-05, 0.000108620450192, 0.000423819146818, 0.000280442531221, 0.000284237466985, 0.00103974214289, 3.9119473513e-05, 0.000129550084239, 9.26256689127e-05, 5.12384285685e-05, 5.48742427782e-05, 4.34076027886e-05, 0.000147622340592, 0.000124494734337, 0.00042388192378, 0.000349907029886, 0.000360275822459, 0.000507659569848, 0.000267944444204, 2.64263726422e-05, 7.69547295931e-06, 2.45325622927e-06, 7.60973250635e-07, 2.7106606737e-08, 2.97697699825e-10]
        min: [7.0309216782e-11, 4.57117550923e-07, 8.28915744933e-07, 1.00376632872e-06, 1.02890862763e-05, 2.08393203138e-06, 9.0480966719e-07, 1.21761593164e-06, 2.7558714919e-06, 5.5983364291e-06, 1.4728136648e-06, 2.0196339392e-06, 6.85819202317e-07, 7.55748999381e-07, 1.85140595477e-06, 6.59558327243e-06, 9.68600124907e-06, 4.41771089754e-06, 1.42669396155e-05, 9.15643886401e-06, 1.86853355899e-06, 6.08499249211e-07, 1.52565760914e-07, 8.33993318849e-09, 3.07472514116e-09, 2.71366568105e-10, 4.77953146624e-14]
        var: [1.22758018486e-13, 3.98585120465e-09, 2.39211921382e-08, 1.92536528942e-08, 1.63284525456e-07, 4.46094645667e-08, 3.60265744348e-07, 1.69122154148e-06, 3.19870019361e-09, 4.82311399708e-08, 7.45895718524e-08, 1.06307407322e-08, 1.41200455772e-08, 1.53436119366e-09, 3.6765580802e-08, 1.23767671667e-08, 8.14603069443e-08, 7.08105858394e-08, 1.12556854504e-07, 1.17249072673e-07, 4.74834358499e-08, 1.36681344021e-09, 4.15419865174e-10, 4.28788948792e-11, 2.72941890443e-12, 2.12563574564e-15, 5.56496924033e-18]
    mfcc:
        mean: [-701.421813965, 111.926994324, -57.7778282166, 69.3688583374, -24.6814041138, -16.6648826599, -10.8735275269, -11.9586162567, 0.174058020115, -2.99751400948, -7.31201267242, 4.88179111481, -2.59075069427]
        cov: [[721.802978516, -279.133026123, 93.1020584106, -93.7648086548, -20.1284923553, 41.7800216675, -56.4343338013, 56.1205787659, -48.5725784302, 17.2968654633, 67.9627761841, -71.5546188354, 71.5290603638], [-279.133026123, 360.316711426, -160.12689209, 93.073600769, -75.7335510254, -18.4000453949, -4.2757768631, -33.9895858765, 12.2796487808, 19.9395637512, -12.8087368011, 34.8352088928, -21.3586769104], [93.1020584106, -160.12689209, 210.280548096, -43.0922813416, 53.0080070496, -17.0359249115, 2.84441518784, 11.3344125748, -6.51481342316, -0.184355661273, 6.17164707184, -10.8903694153, 2.83456778526], [-93.7648086548, 93.073600769, -43.0922813416, 123.525474548, 9.68303871155, 19.5603561401, -3.60996866226, -27.6521224976, 17.9766864777, -3.5587747097, -9.75417804718, 34.0529212952, -8.61724567413], [-20.1284923553, -75.7335510254, 53.0080070496, 9.68303871155, 115.159133911, 9.03534984589, 22.8580036163, -8.24239730835, 28.1173725128, -15.8511180878, -12.9972610474, 4.83407449722, -15.7127389908], [41.7800216675, -18.4000453949, -17.0359249115, 19.5603561401, 9.03534984589, 77.5796203613, 22.2922954559, 3.40617322922, -9.15211677551, -6.98333597183, 0.479325711727, 5.01824617386, 9.9853143692], [-56.4343338013, -4.2757768631, 2.84441518784, -3.60996866226, 22.8580036163, 22.2922954559, 98.5856170654, 1.17939376831, 4.78735351562, -32.7679634094, -22.1673641205, 24.3043003082, -11.9503622055], [56.1205787659, -33.9895858765, 11.3344125748, -27.6521224976, -8.24239730835, 3.40617322922, 1.17939376831, 76.8574905396, 2.05275654793, 6.1739282608, -1.99497699738, -20.7620601654, 16.0777111053], [-48.5725784302, 12.2796487808, -6.51481342316, 17.9766864777, 28.1173725128, -9.15211677551, 4.78735351562, 2.05275654793, 73.82396698, 9.74173927307, -13.1958713531, 5.60143518448, -18.7146816254], [17.2968654633, 19.9395637512, -0.184355661273, -3.5587747097, -15.8511180878, -6.98333597183, -32.7679634094, 6.1739282608, 9.74173927307, 68.6636962891, 27.7553291321, -9.51444530487, -2.66118192673], [67.9627761841, -12.8087368011, 6.17164707184, -9.75417804718, -12.9972610474, 0.479325711727, -22.1673641205, -1.99497699738, -13.1958713531, 27.7553291321, 66.0416641235, 2.74312949181, 16.2950534821], [-71.5546188354, 34.8352088928, -10.8903694153, 34.0529212952, 4.83407449722, 5.01824617386, 24.3043003082, -20.7620601654, 5.60143518448, -9.51444530487, 2.74312949181, 80.7585678101, 4.306453228], [71.5290603638, -21.3586769104, 2.83456778526, -8.61724567413, -15.7127389908, 9.9853143692, -11.9503622055, 16.0777111053, -18.7146816254, -2.66118192673, 16.2950534821, 4.306453228, 73.0245361328]]
        icov: [[0.00283405603841, 0.00216089677997, 8.6461128376e-05, -1.14656359074e-05, 0.00137432932388, -0.00129777344409, 0.00086933420971, -0.000399822980398, 6.37520861346e-05, 0.000151574669871, -0.00178220658563, 0.00136236508843, -0.00110601796769], [0.00216089677997, 0.00823241192847, 0.00363861350343, -0.00407979032025, 0.00406369939446, 0.00223477603868, -0.00109722989146, 0.000739359471481, 0.000441670970758, -0.00260223937221, 6.44474712317e-05, 0.000379897363018, -0.00012341105321], [8.6461128376e-05, 0.00363861350343, 0.00827016402036, -0.000413994974224, -0.00217696581967, 0.00333391083404, -0.000922450155485, -0.000168575323187, 0.00195196189452, -0.00214330921881, 0.000338285841281, -0.000442103744717, -5.57316707273e-05], [-1.14656359074e-05, -0.00407979032025, -0.000413994974224, 0.0144438631833, -0.0027506838087, -0.00562384817749, 0.00439327582717, 0.00203200033866, -0.0024777839426, 0.00191974930931, 0.00120565574616, -0.00434701284394, 0.00040944191278], [0.00137432932388, 0.00406369939446, -0.00217696581967, -0.0027506838087, 0.0149979228154, -0.0016062828945, -0.00156273983885, 0.0018413165817, -0.00527058029547, 0.00184384523891, -0.000489457277581, 0.00101476791315, 0.00115374464076], [-0.00129777344409, 0.00223477603868, 0.00333391083404, -0.00562384817749, -0.0016062828945, 0.0186493434012, -0.00617981422693, -0.000740254821721, 0.0036315235775, -0.00255783530883, 0.000311320793116, 0.000851135002449, -0.0018944645999], [0.00086933420971, -0.00109722989146, -0.000922450155485, 0.00439327582717, -0.00156273983885, -0.00617981422693, 0.0167412962765, -0.00204609357752, -0.00102163513657, 0.00645523797721, 0.00147327920422, -0.00520045403391, 0.00303207011893], [-0.000399822980398, 0.000739359471481, -0.000168575323187, 0.00203200033866, 0.0018413165817, -0.000740254821721, -0.00204609357752, 0.0167505051941, -0.00256038922817, -0.00248087220825, 0.00247866567224, 0.00332850380801, -0.00416711624712], [6.37520861346e-05, 0.000441670970758, 0.00195196189452, -0.0024777839426, -0.00527058029547, 0.0036315235775, -0.00102163513657, -0.00256038922817, 0.0189758818597, -0.00560861034319, 0.0035995466169, -0.00131402141415, 0.00239746645093], [0.000151574669871, -0.00260223937221, -0.00214330921881, 0.00191974930931, 0.00184384523891, -0.00255783530883, 0.00645523797721, -0.00248087220825, -0.00560861034319, 0.023816909641, -0.00968443229795, 0.000975159229711, 0.00328334001824], [-0.00178220658563, 6.44474712317e-05, 0.000338285841281, 0.00120565574616, -0.000489457277581, 0.000311320793116, 0.00147327920422, 0.00247866567224, 0.0035995466169, -0.00968443229795, 0.0232860073447, -0.00388979748823, -0.00295600574464], [0.00136236508843, 0.000379897363018, -0.000442103744717, -0.00434701284394, 0.00101476791315, 0.000851135002449, -0.00520045403391, 0.00332850380801, -0.00131402141415, 0.000975159229711, -0.00388979748823, 0.0180417019874, -0.0036982705351], [-0.00110601796769, -0.00012341105321, -5.57316707273e-05, 0.00040944191278, 0.00115374464076, -0.0018944645999, 0.00303207011893, -0.00416711624712, 0.00239746645093, 0.00328334001824, -0.00295600574464, -0.0036982705351, 0.0183245278895]]
    spectral_contrast:
        mean: [1.39961400691e-07, -2.89572330558e-08, 2.04977197882e-07, 3.49349448925e-07, 2.25414549249e-08, 2.50491268616e-07, 1.81435439117e-07, 1.04789307898e-06, 1.22286098758e-06, 4.09712953342e-07, 6.31298746612e-07, -1.93025221051e-06]
        var: [0.00032342292252, 0.00046925173956, 0.00118479714729, 0.00203790329397, 0.00230378401466, 0.00460143806413, 0.0265275500715, 0.0597864314914, 0.0814088732004, 0.186135217547, 0.242451488972, 0.575002610683]

rhythm:
    beats_loudness:
        dmean: 0.00249856500886
        dmean2: 0.00406544841826
        dvar: 2.78334687209e-06
        dvar2: 8.04292176326e-06
        max: 0.013031960465
        mean: 0.00580464117229
        min: 0.0021095587872
        var: 7.29565590518e-06
    beats_loudness_bass:
        dmean: 0.0522639378905
        dmean2: 0.102272823453
        dvar: 0.00556792132556
        dvar2: 0.0158110670745
        max: 0.243718504906
        mean: 0.0514082461596
        min: 0.00629425095394
        var: 0.00396329304203
    bpm: 99.2292098999
    bpm_confidence: 0
    first_peak_bpm: 99
    first_peak_spread: 0
    first_peak_weight: 0.529411792755
    onset_rate: 3.0904135704
    second_peak_bpm: 117
    second_peak_spread: 0
    second_peak_weight: 0.411764711142
    beats_position: [0.0447575487196, 0.649436116219, 1.25411462784, 1.85879313946, 2.4634718895, 3.06815052032, 3.67282915115, 4.27750778198, 4.88218641281, 5.48686504364, 5.94430828094, 6.45637369156, 6.96843957901, 7.4805059433, 7.99257135391, 8.50463676453, 9.01670360565, 9.52876853943]
    bpm_estimates: [100.314620972, 99.2293548584, 99.3934020996, 98.385887146, 98.6642227173, 99.3293991089, 99.0548171997, 99.4619522095]
    bpm_intervals: [0.604678571224, 0.60467851162, 0.60467851162, 0.604678750038, 0.604678630829, 0.604678630829, 0.604678630829, 0.604678630829, 0.604678630829, 0.457443237305, 0.512065410614, 0.512065887451, 0.512066364288, 0.512065410614, 0.512065410614, 0.512066841125, 0.512064933777]
    onset_times: [0.0348299331963, 0.545668959618, 0.661768734455, 0.96362811327, 1.55573701859, 1.8575963974, 2.15945577621, 2.4497051239, 2.82122445107, 3.05342411995, 3.35528349876, 3.68036270142, 4.28408145905, 4.55111122131, 4.58594083786, 4.69043064117, 4.92263031006, 5.34058952332, 5.80498886108, 6.39709758759, 6.68734693527, 6.97759628296, 7.2910656929, 7.73224496841, 7.90639448166, 8.19664382935, 8.63782310486, 8.8119726181, 9.07900238037, 9.35764217377, 9.65950107574]
    rubato_start: [6.45637369156]
    rubato_stop: [9.52876853943]
    perceptual_tempo: "unknown"

sfx:
    inharmonicity:
        dmean: 0.0524291694164
        dmean2: 0.0928413122892
        dvar: 0.0024848561734
        dvar2: 0.00699582882226
        max: 0.280686944723
        mean: 0.066419519484
        min: 5.49064825464e-05
        var: 0.00284916046076
    oddtoevenharmonicenergyratio:
        dmean: 2.13133454323
        dmean2: 4.05297660828
        dvar: 16.2050628662
        dvar2: 48.0879821777
        max: 40.653793335
        mean: 1.63298738003
        min: 0.00154248939361
        var: 10.3711671829
    pitch_after_max_to_before_max_energy_ratio: 0.580148339272
    pitch_centroid: 200.219116211
    pitch_max_to_total: 0.548611104488
    pitch_min_to_total: 0.439814805984
    tristimulus:
        dmean: [0.166666269302, 0.200158938766, 0.154028728604]
        dmean2: [0.292155981064, 0.349489599466, 0.271735310555]
        dvar: [0.0240918956697, 0.0306045077741, 0.0159499272704]
        dvar2: [0.070528626442, 0.0905787795782, 0.0481221042573]
        max: [0.950691819191, 0.952164947987, 0.61774379015]
        mean: [0.300104647875, 0.474450498819, 0.192015275359]
        min: [0.018739875406, 0, 0]
        var: [0.0335130095482, 0.0434107482433, 0.0211762413383]

tonal:
    chords_changes_rate: 0.0414746552706
    chords_number_rate: 0.0138248847798
    chords_strength:
        dmean: 0.005120230373
        dmean2: 0.00423734774813
        dvar: 1.86929137271e-05
        dvar2: 1.76797530003e-05
        max: 0.69115036726
        mean: 0.593825101852
        min: 0.475685149431
        var: 0.00281681260094
    key_strength: 0.762535274029
    tuning_diatonic_strength: 0.645148456097
    tuning_equal_tempered_deviation: 0.0343037284911
    tuning_frequency: 440
    tuning_nontempered_energy_ratio: 0.660656094551
    hpcp:
        dmean: [0.0709666907787, 0.0748064443469, 0.0860285609961, 0.0970194414258, 0.079658806324, 0.111321151257, 0.131011515856, 0.107409708202, 0.133092910051, 0.154402136803, 0.140066236258, 0.0938503146172, 0.0506143160164, 0.0540056675673, 0.127845749259, 0.152711942792, 0.156977236271, 0.0611706897616, 0.0312242954969, 0.0329390056431, 0.0631565973163, 0.0999979376793, 0.08081086725, 0.0660626739264, 0.0553752332926, 0.0549103096128, 0.0879004523158, 0.0785231515765, 0.0884642601013, 0.184938296676, 0.223423540592, 0.18100105226, 0.069145552814, 0.0447389744222, 0.0465140864253, 0.0633487030864]
        dmean2: [0.115248441696, 0.131005570292, 0.150112912059, 0.169925287366, 0.139889270067, 0.18397372961, 0.215529799461, 0.163295671344, 0.209230393171, 0.241196781397, 0.213608622551, 0.152760952711, 0.0804875195026, 0.0892868936062, 0.203214257956, 0.262213408947, 0.261458307505, 0.10394334048, 0.0514049716294, 0.0519497804344, 0.104355826974, 0.155331850052, 0.119249634445, 0.104593202472, 0.0890996083617, 0.0864434912801, 0.143577203155, 0.13231305778, 0.153617024422, 0.296729147434, 0.355578541756, 0.291700452566, 0.119392685592, 0.0786508396268, 0.0805804207921, 0.107359357178]
        dvar: [0.00579310907051, 0.0143209956586, 0.0190137065947, 0.0142114209011, 0.00914921611547, 0.0146798444912, 0.0247192475945, 0.0193639360368, 0.0243431888521, 0.0291763879359, 0.0233113262802, 0.0161223877221, 0.00522356433794, 0.00305121345446, 0.0121385715902, 0.0395574234426, 0.0232090819627, 0.00602991692722, 0.00287032872438, 0.00161659519654, 0.00760455755517, 0.0121545437723, 0.00552411191165, 0.00580286607146, 0.00554522592574, 0.00642675999552, 0.0135051887482, 0.00798789318651, 0.022337494418, 0.0284378044307, 0.0408820845187, 0.0286503750831, 0.0125858848915, 0.00616703229025, 0.0078900353983, 0.00929747056216]
        dvar2: [0.0146214300767, 0.0423294901848, 0.0586240887642, 0.0382092893124, 0.0254951529205, 0.0426702685654, 0.0648574233055, 0.0459627211094, 0.0642327442765, 0.0617022141814, 0.0481088981032, 0.0373726375401, 0.0140605801716, 0.00721069052815, 0.0283785052598, 0.0907534733415, 0.0546706207097, 0.0146257374436, 0.00764927687123, 0.00405909772962, 0.0196178238839, 0.02525264211, 0.0127577427775, 0.0135183976963, 0.013031755574, 0.0142084853724, 0.0319015197456, 0.0203043334186, 0.0624982789159, 0.0792590975761, 0.0893119201064, 0.0747804269195, 0.0355150252581, 0.0177357532084, 0.0223373770714, 0.0255116522312]
        max: [0.605087995529, 0.797815442085, 1, 1, 0.551566302776, 0.875626623631, 1, 1, 1, 1, 1, 1, 0.626296579838, 0.43947070837, 1, 1, 1, 0.608918964863, 0.554037511349, 0.315025269985, 0.624003887177, 1, 0.56192690134, 0.555773854256, 0.530162632465, 0.755363583565, 1, 0.741358458996, 0.866990327835, 1, 1, 0.999299824238, 1, 0.493149936199, 0.702501356602, 1]
        mean: [0.123617284, 0.114597454667, 0.133739039302, 0.145551159978, 0.12046995759, 0.191008359194, 0.239024072886, 0.173442468047, 0.231167346239, 0.421752363443, 0.36884021759, 0.168942466378, 0.0882833078504, 0.0984012559056, 0.381458848715, 0.655233383179, 0.409905016422, 0.0996260717511, 0.0482009984553, 0.0481965020299, 0.105463817716, 0.177784577012, 0.14791469276, 0.100780203938, 0.0813310444355, 0.0859168693423, 0.130514502525, 0.114038176835, 0.105038680136, 0.366347163916, 0.606400847435, 0.364066153765, 0.0908852592111, 0.0521066859365, 0.0545886680484, 0.0890523791313]
        min: [0.010186216794, 0.0120786214247, 0.00666672410443, 0.010517058894, 0.0112798269838, 0.0174184255302, 0.0160096995533, 0.00887392181903, 0.0125890271738, 0.0144727220759, 0.0130230337381, 0.00943490024656, 0.00546828331426, 0.00548789277673, 0.0189989060163, 0.0218248404562, 0.0121711054817, 0.00801263004541, 0.00383040332235, 0.00215168786235, 0.00514176255092, 0.00439989008009, 0.00922525580972, 0.00858758669347, 0.0046768039465, 0.000689946115017, 0.00841179024428, 0.0128733674064, 0.00462719937786, 0.0102737639099, 0.0262322742492, 0.0218142308295, 0.0079521490261, 0.00383700756356, 0.0018369294703, 0.00994525849819]
        var: [0.00867003016174, 0.0127036264166, 0.0235670637339, 0.0216758325696, 0.00967265386134, 0.0211187358946, 0.0460618920624, 0.0422105640173, 0.0440710783005, 0.117186933756, 0.0836082920432, 0.027590053156, 0.00734837632626, 0.00601701298729, 0.0587275996804, 0.133715644479, 0.0621359013021, 0.00970666110516, 0.00326592521742, 0.00237924116664, 0.0124025540426, 0.0324526242912, 0.0128386635333, 0.00861879438162, 0.00753113534302, 0.0127098951489, 0.0231306664646, 0.0119558684528, 0.0228522326797, 0.0563142187893, 0.100401073694, 0.0491121076047, 0.0104814181104, 0.00465236743912, 0.00645699491724, 0.00843170937151]
    chords_histogram: [49.3087539673, 0, 0, 0, 0, 0, 0, 0, 0, 0, 0, 0, 0, 0, 0, 0, 0, 7.37327194214, 0, 0, 0, 0, 43.3179740906, 0]
    thpcp: [1, 0.625586271286, 0.152046695352, 0.0735630989075, 0.0735562369227, 0.160956114531, 0.271330147982, 0.22574351728, 0.153808102012, 0.124125309289, 0.131124079227, 0.199187815189, 0.174042075872, 0.160307273269, 0.559109449387, 0.925473093987, 0.555628240108, 0.138706699014, 0.0795238539577, 0.0833117961884, 0.135909408331, 0.188661456108, 0.174895629287, 0.204109013081, 0.222136363387, 0.183858081698, 0.291511952877, 0.364792257547, 0.264703333378, 0.352801531553, 0.643667399883, 0.562914252281, 0.257835566998, 0.134735673666, 0.150177419186, 0.582172513008]
    chords_key: "G"
    chords_scale: "major"
    key_key: "G"
    key_scale: "major"
    chords_progression: ["C", "C", "C", "C", "C", "C", "C", "C", "C", "C", "C", "C", "C", "C", "C", "C", "C", "C", "C", "C", "C", "C", "C", "C", "C", "C", "C", "C", "G", "G", "G", "G", "G", "G", "G", "G", "G", "G", "G", "G", "G", "G", "G", "G", "C", "C", "C", "C", "C", "C", "C", "C", "C", "C", "C", "C", "C", "C", "C", "C", "C", "C", "C", "C", "C", "C", "C", "C", "C", "C", "C", "C", "C", "C", "C", "C", "C", "C", "C", "C", "C", "C", "C", "C", "C", "C", "C", "C", "C", "C", "C", "C", "C", "C", "C", "C", "C", "C", "C", "C", "C", "C", "C", "C", "C", "C", "C", "C", "C", "C", "G", "G", "G", "G", "G", "G", "G", "G", "G", "G", "G", "G", "G", "G", "G", "G", "G", "G", "G", "G", "G", "G", "G", "G", "G", "G", "G", "G", "G", "G", "G", "G", "G", "Gm", "G", "G", "G", "G", "G", "Gm", "G", "Gm", "Gm", "Gm", "Gm", "Gm", "Gm", "Gm", "Gm", "Gm", "Gm", "Gm", "Gm", "Gm", "Gm", "G", "G", "G", "G", "G", "G", "G", "G", "G", "G", "G", "G", "G", "G", "G", "G", "G", "G", "G", "G", "G", "G", "G", "G", "G", "G", "G", "G", "G", "G", "G", "G", "G", "G", "G", "G", "G", "G", "G", "G", "G", "G", "G", "G", "G", "G", "G", "G", "G", "G", "G", "G"]
