
metadata:
    version:
        essentia: "1.2.2"
    audio_properties:
        analysis_sample_rate: 44100
        bitrate: 128
        channels: 2
        equal_loudness: 1
        length: 10.0048980713
        replay_gain: -10.7429790497
        downmix: "mix"
    tags:
        track: 4
        year: 0
        album: "Splitted by Mp3Splt v. 2.1"
        artist: "From 000.30 To 000.40"
        comment: "http://mp3splt.sf.net"
        genre: ""
        title: "09 Whitewash.mp3"

highlevel:
    ballroom:
        all:
            ChaChaCha: 0.146496966481
            Jive: 0.687100350857
            Quickstep: 0.0261869784445
            Rumba-American: 0.00286684301682
            Rumba-International: 0.00783473625779
            Rumba-Misc: 0.00494882790372
            Samba: 0.108379870653
            Tango: 0.00158267584629
            VienneseWaltz: 0.0120405079797
            Waltz: 0.00256223860197
        probability: 0.687100350857
        value: "Jive"
    culture:
        all:
            non_western: 0.0600286200643
            western: 0.939971387386
        probability: 0.939971387386
        value: "western"
    gender:
        all:
            female: 0.660043239594
            male: 0.339956790209
        probability: 0.660043239594
        value: "female"
    genre_dortmund:
        all:
            alternative: 0.0998674556613
            blues: 0.0109858019277
            electronic: 0.0087234955281
            folkcountry: 0.0509023331106
            funksoulrnb: 0.00777329225093
            jazz: 0.0353346392512
            pop: 0.181458547711
            raphiphop: 0.000797085813247
            rock: 0.604157328606
        probability: 0.604157328606
        value: "rock"
    genre_electronica:
        all:
            ambient: 0.161741301417
            dnb: 0.186673805118
            house: 0.00426652375609
            techno: 0.00675307027996
            trance: 0.640565276146
        probability: 0.640565276146
        value: "trance"
    genre_rosamerica:
        all:
            cla: 0.00225940532982
            dan: 0.00660287681967
            hip: 0.000706083141267
            jaz: 0.00471461564302
            pop: 0.0316994227469
            rhy: 0.00113308615983
            roc: 0.952468633652
            spe: 0.000415877380874
        probability: 0.952468633652
        value: "roc"
    genre_tzanetakis:
        all:
            blu: 0.0118412440643
            cla: 0.0334278568625
            cou: 0.28750950098
            dis: 0.0313973985612
            hip: 0.00386209366843
            jaz: 0.310937404633
            met: 0.026667477563
            pop: 0.0987180769444
            reg: 0.00524470256642
            roc: 0.19039426744
        probability: 0.310937404633
        value: "jaz"
    live_studio:
        all:
            live: 0.213651776314
            studio: 0.786348223686
        probability: 0.786348223686
        value: "studio"
    mood:
        all:
            Cluster1: 0.454662501812
            Cluster2: 0.19855055213
            Cluster3: 0.0700907185674
            Cluster4: 0.14065785706
            Cluster5: 0.13603836298
        probability: 0.454662501812
        value: "Cluster1"
    mood_acoustic:
        all:
            acoustic: 0.0123322373256
            not_acoustic: 0.987667739391
        probability: 0.987667739391
        value: "not_acoustic"
    mood_aggressive:
        all:
            aggressive: 0.745299577713
            not_aggressive: 0.254700392485
        probability: 0.745299577713
        value: "aggressive"
    mood_electronic:
        all:
            electronic: 0.133660152555
            not_electronic: 0.866339862347
        probability: 0.866339862347
        value: "not_electronic"
    mood_happy:
        all:
            happy: 0.734797358513
            not_happy: 0.265202671289
        probability: 0.734797358513
        value: "happy"
    mood_party:
        all:
            not_party: 0.730626225471
            party: 0.269373774529
        probability: 0.730626225471
        value: "not_party"
    mood_relaxed:
        all:
            not_relaxed: 0.883871912956
            relaxed: 0.116128064692
        probability: 0.883871912956
        value: "not_relaxed"
    mood_sad:
        all:
            not_sad: 0.565281927586
            sad: 0.434718042612
        probability: 0.565281927586
        value: "not_sad"
    rhythm:
        all:
            fast: 0.93316334486
            medium: 0.0630547627807
            slow: 0.00378190446645
        probability: 0.93316334486
        value: "fast"
    speech_music:
        all:
            music: 0.998185515404
            speech: 0.00181451439857
        probability: 0.998185515404
        value: "music"
    timbre:
        all:
            bright: 0.985002458096
            dark: 0.0149975558743
        probability: 0.985002458096
        value: "bright"
    voice_instrumental:
        all:
            instrumental: 0.167478814721
            voice: 0.83252120018
        probability: 0.83252120018
        value: "voice"

lowlevel:
    average_loudness: 0.98245549202
    barkbands_kurtosis:
        dmean: 0.450129181147
        dmean2: 0.741042435169
        dvar: 0.403830170631
        dvar2: 1.02789151669
        max: 5.16172981262
        mean: -0.991967558861
        min: -1.8124922514
        var: 0.67467880249
    barkbands_skewness:
        dmean: 0.319532006979
        dmean2: 0.520459532738
        dvar: 0.0879748165607
        dvar2: 0.234206020832
        max: 1.98672866821
        mean: 0.420132577419
        min: -0.828823685646
        var: 0.229272097349
    barkbands_spread:
        dmean: 4.70009756088
        dmean2: 7.15747737885
        dvar: 17.7745265961
        dvar2: 43.9088172913
        max: 54.0625038147
        mean: 34.3909721375
        min: 9.37147426605
        var: 81.4767074585
    dissonance:
        dmean: 0.0143921095878
        dmean2: 0.0236378796399
        dvar: 0.000161536212545
        dvar2: 0.000405118596973
        max: 0.498162776232
        mean: 0.468655318022
        min: 0.390492886305
        var: 0.000418760551838
    hfc:
        dmean: 2.39684724808
        dmean2: 3.94545722008
        dvar: 10.7036619186
        dvar2: 28.2919597626
        max: 29.647611618
        mean: 7.75239467621
        min: 1.56476545334
        var: 14.538974762
    pitch:
        dmean: 726.800231934
        dmean2: 1421.4588623
        dvar: 1649984.75
        dvar2: 4174702.5
        max: 4009.09082031
        mean: 1028.1932373
        min: 65.7228012085
        var: 1968354.25
    pitch_instantaneous_confidence:
        dmean: 0.0806851089001
        dmean2: 0.130081519485
        dvar: 0.00546665489674
        dvar2: 0.0117385340855
        max: 0.76065415144
        mean: 0.404641449451
        min: 0.159891009331
        var: 0.0191897675395
    pitch_salience:
        dmean: 0.059941906482
        dmean2: 0.0952478870749
        dvar: 0.00284372875467
        dvar2: 0.00755561469123
        max: 0.803931891918
        mean: 0.601509332657
        min: 0.314486891031
        var: 0.00835481844842
    silence_rate_20dB:
        dmean: 0
        dmean2: 0
        dvar: 0
        dvar2: 0
        max: 1
        mean: 1
        min: 1
        var: 0
    silence_rate_30dB:
        dmean: 0
        dmean2: 0
        dvar: 0
        dvar2: 0
        max: 1
        mean: 1
        min: 1
        var: 0
    silence_rate_60dB:
        dmean: 0.0651162788272
        dmean2: 0.128205135465
        dvar: 0.0608760751784
        dvar2: 0.130416974425
        max: 1
        mean: 0.1252900213
        min: 0
        var: 0.109592340887
    spectral_centroid:
        dmean: 213.921585083
        dmean2: 352.186767578
        dvar: 41364.7695312
        dvar2: 114785.507812
        max: 2717.23266602
        mean: 1386.63623047
        min: 617.725036621
        var: 106231.023438
    spectral_complexity:
        dmean: 3.79906535149
        dmean2: 6.08196735382
        dvar: 12.7306699753
        dvar2: 28.4592952728
        max: 34
        mean: 16.1445217133
        min: 3
        var: 30.1655426025
    spectral_crest:
        dmean: 2.15018630028
        dmean2: 3.52498221397
        dvar: 4.09257030487
        dvar2: 10.6369771957
        max: 20.9802627563
        mean: 7.23267698288
        min: 3.00197601318
        var: 10.193154335
    spectral_decrease:
        dmean: 3.84441561918e-10
        dmean2: 6.17027207106e-10
        dvar: 2.52748939424e-19
        dvar2: 6.72096758806e-19
        max: -4.09729250528e-10
        mean: -1.3126987275e-09
        min: -4.13988310299e-09
        var: 3.60454084882e-19
    spectral_energy:
        dmean: 0.00163545156829
        dmean2: 0.00262363115326
        dvar: 4.66432402391e-06
        dvar2: 1.23930331029e-05
        max: 0.0180335287005
        mean: 0.00565758952871
        min: 0.00169105571695
        var: 6.56000111121e-06
    spectral_energyband_high:
        dmean: 0.000147654267494
        dmean2: 0.000259398919297
        dvar: 7.90625165337e-08
        dvar2: 2.10118628274e-07
        max: 0.00279802409932
        mean: 0.00027949368814
        min: 3.58302750101e-05
        var: 7.41413543892e-08
    spectral_energyband_low:
        dmean: 0.000211216742173
        dmean2: 0.000370758702047
        dvar: 1.28872599703e-07
        dvar2: 3.56328115458e-07
        max: 0.0026237431448
        mean: 0.000423517252784
        min: 2.43911181315e-05
        var: 1.09965661466e-07
    spectral_energyband_middle_high:
        dmean: 0.000672750058584
        dmean2: 0.00106623291504
        dvar: 6.07937124641e-07
        dvar2: 1.54258520979e-06
        max: 0.00782351475209
        mean: 0.00222358596511
        min: 0.000375730189262
        var: 1.41800376241e-06
    spectral_energyband_middle_low:
        dmean: 0.00105266901664
        dmean2: 0.00171524845064
        dvar: 2.14403939935e-06
        dvar2: 5.62700824958e-06
        max: 0.0111332312226
        mean: 0.00273099099286
        min: 0.000533282582182
        var: 2.91697119792e-06
    spectral_flatness_db:
        dmean: 0.0121600339189
        dmean2: 0.0186454150826
        dvar: 0.000113496469567
        dvar2: 0.000295376143185
        max: 0.192442089319
        mean: 0.130665481091
        min: 0.0792178064585
        var: 0.000395978626329
    spectral_flux:
        dmean: 0.0113047743216
        dmean2: 0.0169815793633
        dvar: 0.000121706209029
        dvar2: 0.000216832515434
        max: 0.0951630994678
        mean: 0.0429825186729
        min: 0.0128278955817
        var: 0.000269453390501
    spectral_kurtosis:
        dmean: 0.697114884853
        dmean2: 1.1278437376
        dvar: 0.460477948189
        dvar2: 0.972140550613
        max: 7.76326465607
        mean: 4.14041471481
        min: 1.31850194931
        var: 1.61250472069
    spectral_rms:
        dmean: 0.000316659599775
        dmean2: 0.000494334148243
        dvar: 1.32227839345e-07
        dvar2: 3.35244266125e-07
        max: 0.00419448269531
        mean: 0.00229532597587
        min: 0.00128444947768
        var: 2.51085168657e-07
    spectral_rolloff:
        dmean: 377.837127686
        dmean2: 610.039672852
        dvar: 165063.140625
        dvar2: 449447.3125
        max: 4565.0390625
        mean: 3018.41235352
        min: 689.0625
        var: 376247.78125
    spectral_skewness:
        dmean: 0.137786641717
        dmean2: 0.227733775973
        dvar: 0.021399654448
        dvar2: 0.0548550486565
        max: 2.27646493912
        mean: 1.67692756653
        min: 1.01560759544
        var: 0.0495188310742
    spectral_spread:
        dmean: 587418.0625
        dmean2: 905594.875
        dvar: 297262776320
        dvar2: 618587553792
        max: 9827487
        mean: 5967005
        min: 3826265.25
        var: 1.18658878669e+12
    spectral_strongpeak:
        dmean: 0.342414140701
        dmean2: 0.585320115089
        dvar: 0.374983906746
        dvar2: 0.950809121132
        max: 5.02320289612
        mean: 0.644144117832
        min: 0.0160946492106
        var: 0.571311950684
    zerocrossingrate:
        dmean: 0.00707665551454
        dmean2: 0.00851118844002
        dvar: 3.02830503642e-05
        dvar2: 4.7993449698e-05
        max: 0.12841796875
        mean: 0.084778830409
        min: 0.03857421875
        var: 0.000270133343292
    barkbands:
        dmean: [2.36450745206e-07, 4.19517818955e-05, 0.000183023876161, 0.00016461465566, 0.000465000077384, 0.00032378474134, 0.000171767867869, 0.000203786155907, 0.000291603093501, 0.00019717955729, 5.53608369955e-05, 3.96608556912e-05, 2.6935544156e-05, 7.51985935494e-05, 0.000103034464701, 9.51892870944e-05, 0.000183199677849, 0.000164393539308, 0.000187787038158, 0.000161761432537, 8.05501404102e-05, 1.65295314218e-05, 3.90576042264e-06, 2.43655063059e-06, 1.12625718884e-06, 2.5217326538e-07, 1.24448351624e-09]
        dmean2: [3.97685482767e-07, 7.43864220567e-05, 0.000320497434586, 0.000274376943707, 0.000769021571614, 0.000521057867445, 0.000300277199131, 0.000344188738381, 0.000425057864049, 0.000315848388709, 8.05076851975e-05, 6.2794839323e-05, 4.58973445348e-05, 0.000116574272397, 0.000160864554346, 0.00015608035028, 0.00028475568979, 0.00027636194136, 0.000309899070999, 0.000271993805654, 0.000145344689372, 2.84061934508e-05, 6.38044002699e-06, 3.54718417839e-06, 1.77587628514e-06, 4.20038531956e-07, 2.11836082009e-09]
        dvar: [2.36725217337e-13, 1.02645421052e-08, 8.16328622477e-08, 3.36775194398e-08, 6.65640186526e-07, 3.31286628352e-07, 1.34008345754e-07, 2.1848497056e-07, 3.20564851108e-07, 1.66251496125e-07, 1.4588676045e-08, 3.68216479529e-09, 1.97136817981e-09, 1.23073027325e-08, 4.67771492652e-08, 2.94187998406e-08, 7.08318808051e-08, 5.55995356422e-08, 4.47098216227e-08, 6.6010315436e-08, 2.41204922702e-08, 1.41134615106e-09, 4.56219541312e-11, 1.86410973463e-11, 1.51592041871e-12, 9.13420408104e-14, 2.79063172881e-18]
        dvar2: [5.76519572099e-13, 2.84061485445e-08, 2.26332957709e-07, 8.24571415592e-08, 1.76251853645e-06, 8.21634671411e-07, 3.80393515798e-07, 5.47433899101e-07, 6.5490706902e-07, 3.58917986887e-07, 2.27340084535e-08, 7.51567341695e-09, 5.09833109064e-09, 3.09654168973e-08, 1.00576230011e-07, 7.27074507267e-08, 1.92444048253e-07, 1.36183089694e-07, 1.18782189418e-07, 1.7667068164e-07, 6.69951276677e-08, 3.77651332428e-09, 9.63708279844e-11, 3.19958746997e-11, 3.4358516466e-12, 1.91541728767e-13, 7.45597443098e-18]
        max: [2.15493832911e-06, 0.000616519828327, 0.00217134226114, 0.00176512438338, 0.00721134245396, 0.00508373649791, 0.00341390538961, 0.00501242093742, 0.00619380921125, 0.00580293964595, 0.0021374814678, 0.000776350265369, 0.000406478851801, 0.00111276516691, 0.0033382338006, 0.00234129931778, 0.00340150529519, 0.00233347271569, 0.00190714432392, 0.00286930240691, 0.00126584852114, 0.000400108838221, 7.48345992179e-05, 8.74232428032e-05, 1.32910899993e-05, 4.73847330795e-06, 1.59489790263e-08]
        mean: [1.87648936389e-07, 4.3582978833e-05, 0.000379751814762, 0.00040623897803, 0.000643146573566, 0.000500766327605, 0.00026995348162, 0.000291214906611, 0.000523031398188, 0.000382273428841, 9.64405990089e-05, 6.9939509558e-05, 3.67986576748e-05, 0.000126244063722, 0.000171257503098, 0.000171054562088, 0.000371011556126, 0.000280290085357, 0.000445392419351, 0.000284710695269, 0.000120347103802, 2.57897554548e-05, 8.37972129375e-06, 5.72034832658e-06, 3.49809670297e-06, 5.70595432237e-07, 2.01153493862e-09]
        min: [1.33499062499e-11, 6.78658182096e-07, 1.42999588206e-05, 9.04411717784e-06, 2.78921033896e-05, 3.30583607138e-05, 8.44505939313e-06, 5.02026341564e-06, 6.93208266966e-06, 5.3534899962e-06, 1.70389978393e-06, 2.19902494791e-06, 1.62817116234e-06, 3.47350351149e-06, 6.07339325143e-06, 7.27449787519e-06, 2.49562690442e-05, 1.74105480255e-05, 3.93126247218e-05, 3.02645967167e-05, 1.67642483575e-05, 2.534176474e-06, 1.32179229695e-06, 9.66603352026e-07, 6.8382456675e-07, 1.1307645309e-07, 5.224639818e-11]
        var: [2.00090012376e-13, 6.95099222625e-09, 8.20454033601e-08, 1.25289588482e-07, 6.10463757766e-07, 3.56417217517e-07, 1.23327779988e-07, 3.00557587707e-07, 1.06215691176e-06, 6.53277936635e-07, 6.45579305569e-08, 9.18450382414e-09, 2.16584572499e-09, 1.89984028509e-08, 9.07100030645e-08, 4.25764952183e-08, 1.23794976048e-07, 6.73945308449e-08, 6.79890419519e-08, 6.91990251767e-08, 1.90962907709e-08, 1.27878718725e-09, 8.33650301568e-11, 4.85584975007e-11, 4.25745593294e-12, 2.36556840739e-13, 3.95748806285e-18]
    mfcc:
        mean: [-683.845153809, 106.724205017, -38.3036575317, 51.1954727173, -6.8327870369, -19.0136966705, -3.28641676903, -6.07009124756, -1.17406642437, -0.815831780434, -10.4368124008, -8.47855377197, -9.69528102875]
        cov: [[438.930786133, -23.6825618744, -64.5600814819, 14.6726198196, -70.4367904663, 21.8218708038, -48.3388633728, -32.2787628174, -22.3274364471, -18.1025657654, 8.47064113617, 7.44436836243, 9.12758541107], [-23.6825618744, 223.202850342, -85.7896575928, -41.5520553589, -10.6857004166, -39.5597839355, 25.3964290619, 7.70203208923, 35.4279518127, 22.5402355194, -0.921418607235, -18.0633125305, -10.1003923416], [-64.5600814819, -85.7896575928, 181.06072998, 24.6559200287, -2.65862250328, 15.9354887009, -28.3797073364, 5.9163813591, -16.0508403778, -11.1836824417, 4.57588672638, 11.4624452591, 1.7271386385], [14.6726198196, -41.5520553589, 24.6559200287, 106.931411743, 34.5700073242, 18.1212425232, -6.01030540466, -10.9445915222, 0.720219969749, -9.9747505188, 6.41884756088, 15.3731060028, 11.7553930283], [-70.4367904663, -10.6857004166, -2.65862250328, 34.5700073242, 82.0587844849, 15.405500412, 12.0818624496, 5.74752044678, -5.29921197891, -0.692288994789, -5.57877540588, 6.04064750671, 7.14103221893], [21.8218708038, -39.5597839355, 15.9354887009, 18.1212425232, 15.405500412, 71.4238739014, 30.5337715149, 0.865626037121, -24.5370006561, -23.2368831635, 7.46595144272, 12.5107946396, 6.82405662537], [-48.3388633728, 25.3964290619, -28.3797073364, -6.01030540466, 12.0818624496, 30.5337715149, 88.3595581055, 21.7182121277, -13.1693649292, -17.5393314362, -1.68455994129, -1.8987954855, 2.40095281601], [-32.2787628174, 7.70203208923, 5.9163813591, -10.9445915222, 5.74752044678, 0.865626037121, 21.7182121277, 58.5420646667, 21.7616233826, 11.4195041656, -5.69547271729, -2.44474816322, -6.97519731522], [-22.3274364471, 35.4279518127, -16.0508403778, 0.720219969749, -5.29921197891, -24.5370006561, -13.1693649292, 21.7616233826, 74.9941101074, 38.4396133423, -2.88294935226, -12.2250471115, -13.3067798615], [-18.1025657654, 22.5402355194, -11.1836824417, -9.9747505188, -0.692288994789, -23.2368831635, -17.5393314362, 11.4195041656, 38.4396133423, 70.2903137207, 17.2690086365, -5.03183746338, -11.8856420517], [8.47064113617, -0.921418607235, 4.57588672638, 6.41884756088, -5.57877540588, 7.46595144272, -1.68455994129, -5.69547271729, -2.88294935226, 17.2690086365, 52.9842262268, 20.0356769562, -5.0972495079], [7.44436836243, -18.0633125305, 11.4624452591, 15.3731060028, 6.04064750671, 12.5107946396, -1.8987954855, -2.44474816322, -12.2250471115, -5.03183746338, 20.0356769562, 50.0392074585, 16.2985649109], [9.12758541107, -10.1003923416, 1.7271386385, 11.7553930283, 7.14103221893, 6.82405662537, 2.40095281601, -6.97519731522, -13.3067798615, -11.8856420517, -5.0972495079, 16.2985649109, 41.1257286072]]
        icov: [[0.0043519847095, 3.15900615533e-05, 0.00321579072624, -0.0022318221163, 0.00508851045743, -0.00372226163745, 0.0045711575076, -0.001375783002, 0.00222879950888, 0.000144810619531, 0.000222464601393, 0.000397173746023, -0.000588198425248], [3.15900615533e-05, 0.00692107947543, 0.00200708792545, 0.00177005131263, -0.000337299687089, 0.00350298406556, -0.00299609964713, 0.00115961488336, -0.00280911871232, 0.000435088179074, -0.00129040959291, 0.000539001019206, -0.000205279036891], [0.00321579072624, 0.00200708792545, 0.00989921018481, -0.00289020710625, 0.00476837391034, -0.00372210866772, 0.00649182824418, -0.00425319885835, 0.00326570612378, 0.000813500548247, -0.000410895620007, 0.000304417597363, -9.1241076916e-07], [-0.0022318221163, 0.00177005131263, -0.00289020710625, 0.0149342650548, -0.0085231680423, 0.000777066394221, -0.00224631931633, 0.00456807995215, -0.00673547899351, 0.00332686142065, -0.00281015248038, -0.00154477986507, -0.00191439711489], [0.00508851045743, -0.000337299687089, 0.00476837391034, -0.0085231680423, 0.0219497252256, -0.00663520442322, 0.00433344673365, -0.00404836237431, 0.00594500638545, -0.00385725009255, 0.00455901352689, -0.000837876053993, -0.000920220394619], [-0.00372226163745, 0.00350298406556, -0.00372210866772, 0.000777066394221, -0.00663520442322, 0.0261628590524, -0.0121929021552, 0.0018084817566, -0.000551202509087, 0.00399902276695, -0.00423027807847, -0.00194001139607, 0.000672035908792], [0.0045711575076, -0.00299609964713, 0.00649182824418, -0.00224631931633, 0.00433344673365, -0.0121929021552, 0.0246640965343, -0.010849754326, 0.00626531708986, 0.00369870848954, -0.00167911546305, 0.00357223860919, -0.00191793765407], [-0.001375783002, 0.00115961488336, -0.00425319885835, 0.00456807995215, -0.00404836237431, 0.0018084817566, -0.010849754326, 0.0266391877085, -0.00986092910171, -0.00260695023462, 0.00413719471544, -0.00427591102198, 0.00328079564497], [0.00222879950888, -0.00280911871232, 0.00326570612378, -0.00673547899351, 0.00594500638545, -0.000551202509087, 0.00626531708986, -0.00986092910171, 0.0270570721477, -0.011243859306, 0.00473778462037, 0.00174954696558, 0.00302343559451], [0.000144810619531, 0.000435088179074, 0.000813500548247, 0.00332686142065, -0.00385725009255, 0.00399902276695, 0.00369870848954, -0.00260695023462, -0.011243859306, 0.0266944356263, -0.0122306579724, 0.0033471933566, -0.000327927060425], [0.000222464601393, -0.00129040959291, -0.000410895620007, -0.00281015248038, 0.00455901352689, -0.00423027807847, -0.00167911546305, 0.00413719471544, 0.00473778462037, -0.0122306579724, 0.0311278440058, -0.0142557621002, 0.00867026578635], [0.000397173746023, 0.000539001019206, 0.000304417597363, -0.00154477986507, -0.000837876053993, -0.00194001139607, 0.00357223860919, -0.00427591102198, 0.00174954696558, 0.0033471933566, -0.0142557621002, 0.0316717363894, -0.0127786695957], [-0.000588198425248, -0.000205279036891, -9.1241076916e-07, -0.00191439711489, -0.000920220394619, 0.000672035908792, -0.00191793765407, 0.00328079564497, 0.00302343559451, -0.000327927060425, 0.00867026578635, -0.0127786695957, 0.0326821915805]]
    spectral_contrast:
        mean: [-2.08577176863e-07, -3.16098265785e-07, 2.49399079166e-07, 1.29490743461e-07, -3.69663410993e-07, 3.98658158929e-07, 3.59685896001e-06, -1.88365959275e-06, -6.40840244159e-06, -2.68964231509e-06, 8.18834450911e-07, -9.21857406411e-07]
        var: [0.000363130850019, 0.000433300592704, 0.00111682340503, 0.00205406430177, 0.00295928493142, 0.00616009347141, 0.034924313426, 0.0617560558021, 0.0748332366347, 0.0976596698165, 0.219311535358, 0.401384651661]

rhythm:
    beats_loudness:
        dmean: 0.00144235463813
        dmean2: 0.00272323307581
        dvar: 1.59872831773e-06
        dvar2: 4.08308278566e-06
        max: 0.00980837177485
        mean: 0.00729765743017
        min: 0.00621166219935
        var: 1.48226399688e-06
    beats_loudness_bass:
        dmean: 0.0660966560245
        dmean2: 0.109075695276
        dvar: 0.00235056271777
        dvar2: 0.00511221168563
        max: 0.282217085361
        mean: 0.103184230626
        min: 0.0114575847983
        var: 0.00522455805913
    bpm: 80.845664978
    bpm_confidence: 0
    first_peak_bpm: 81
    first_peak_spread: 0.0833333134651
    first_peak_weight: 0.916666686535
    onset_rate: 3.99804162979
    second_peak_bpm: 0
    second_peak_spread: 0
    second_peak_weight: 0
    beats_position: [0.536656737328, 1.27900290489, 2.02134919167, 2.76369547844, 3.50604152679, 4.24838781357, 4.99073410034, 5.73308038712, 6.49582481384, 7.23771238327, 7.97960090637, 8.72148895264, 9.46337604523]
    bpm_estimates: [80.8641891479, 80.6895751953, 80.8833618164, 80.8173828125, 80.8726959229, 80.8506774902, 80.7961807251, 80.8867492676, 80.9010772705, 80.8910140991, 80.9324493408, 80.7626724243]
    bpm_intervals: [0.742346167564, 0.742346286774, 0.742346286774, 0.742346048355, 0.742346286774, 0.742346286774, 0.742346286774, 0.762744426727, 0.741887569427, 0.741888523102, 0.741888046265, 0.74188709259]
    onset_times: [0.0580498874187, 0.150929704309, 0.255419492722, 0.359909296036, 0.53405892849, 0.905578255653, 1.10294783115, 1.27709746361, 1.50929701328, 1.86920630932, 2.02013611794, 2.38004541397, 2.57741498947, 2.69351482391, 2.76317453384, 2.93732428551, 3.09986400604, 3.30884361267, 3.50621318817, 3.69197273254, 3.87773251534, 4.2492518425, 4.63238096237, 4.81814050674, 5.00390005112, 5.3754196167, 5.75854873657, 6.11845827103, 6.31582784653, 6.5015873909, 7.04725646973, 7.24462604523, 7.47682523727, 7.97605419159, 8.34757328033, 8.73070335388, 9.10222244263, 9.27637195587, 9.47374153137, 9.67111110687]
    rubato_start: []
    rubato_stop: []
    perceptual_tempo: "unknown"

sfx:
    inharmonicity:
        dmean: 0.0430540852249
        dmean2: 0.0741866007447
        dvar: 0.00229143560864
        dvar2: 0.00624117534608
        max: 0.35309946537
        mean: 0.0490435436368
        min: 0.000221059061005
        var: 0.00244396133348
    oddtoevenharmonicenergyratio:
        dmean: 9.74910545349
        dmean2: 18.8325843811
        dvar: 7112.73876953
        dvar2: 21283
        max: 1230.49841309
        mean: 6.11586284637
        min: 0.0015711892629
        var: 3610.37768555
    pitch_after_max_to_before_max_energy_ratio: 0.789516687393
    pitch_centroid: 233.695175171
    pitch_max_to_total: 0.650349676609
    pitch_min_to_total: 0.0396270379424
    tristimulus:
        dmean: [0.174155041575, 0.222139745951, 0.122621610761]
        dmean2: [0.308161884546, 0.390412062407, 0.218608871102]
        dvar: [0.0271130055189, 0.0433135889471, 0.01324897632]
        dvar2: [0.0794023871422, 0.11843085289, 0.0341170877218]
        max: [0.903578042984, 0.971223294735, 0.740167081356]
        mean: [0.30946367979, 0.486760139465, 0.14459516108]
        min: [0.0217399317771, 0, 0]
        var: [0.0356744751334, 0.0546109750867, 0.0161779280752]

tonal:
    chords_changes_rate: 0.0833333358169
    chords_number_rate: 0.0231481473893
    chords_strength:
        dmean: 0.0109107587487
        dmean2: 0.0100319124758
        dvar: 7.53133135731e-05
        dvar2: 9.63656493695e-05
        max: 0.588878273964
        mean: 0.457887202501
        min: 0.297458350658
        var: 0.00430208537728
    key_strength: 0.782210528851
    tuning_diatonic_strength: 0.669715285301
    tuning_equal_tempered_deviation: 0.081117503345
    tuning_frequency: 440
    tuning_nontempered_energy_ratio: 0.722246527672
    hpcp:
        dmean: [0.16101822257, 0.140231922269, 0.0954427868128, 0.0846268236637, 0.0744719654322, 0.0931810885668, 0.0981886014342, 0.101459600031, 0.159507393837, 0.153918623924, 0.12217785418, 0.1017177701, 0.11988569051, 0.130776211619, 0.162271976471, 0.185491502285, 0.213806271553, 0.157791346312, 0.103500626981, 0.106913775206, 0.139149159193, 0.139224395156, 0.116300225258, 0.0882996171713, 0.0612044222653, 0.0650288462639, 0.0848581716418, 0.0937025472522, 0.0863218083978, 0.156295225024, 0.151182815433, 0.15551763773, 0.108487933874, 0.086488969624, 0.0923479571939, 0.12428484112]
        dmean2: [0.289528667927, 0.249620586634, 0.16540338099, 0.142596453428, 0.130482703447, 0.158172160387, 0.161032378674, 0.17895193398, 0.278582185507, 0.264825612307, 0.213060036302, 0.181697964668, 0.206826046109, 0.232273623347, 0.284064918756, 0.31155654788, 0.363570451736, 0.283003658056, 0.185923069715, 0.187680497766, 0.241479754448, 0.23635584116, 0.202147811651, 0.158765360713, 0.111261084676, 0.120525568724, 0.147349432111, 0.160396203399, 0.145680442452, 0.263234317303, 0.265378266573, 0.264448106289, 0.187148600817, 0.152720347047, 0.162633419037, 0.22111967206]
        dvar: [0.0352449528873, 0.0330027416348, 0.0182059668005, 0.0152490539476, 0.0104572940618, 0.0228824596852, 0.0233644153923, 0.0200859289616, 0.0370407141745, 0.0439075939357, 0.0257950890809, 0.0204470083117, 0.0300290491432, 0.0385466702282, 0.0443563312292, 0.0452348850667, 0.046832356602, 0.0474049896002, 0.0267173182219, 0.0316542908549, 0.0389241725206, 0.0404141508043, 0.0350889526308, 0.0285785589367, 0.0135747315362, 0.0165852420032, 0.0222953315824, 0.0291009135544, 0.0175005570054, 0.0315943993628, 0.0338452495635, 0.0311092603952, 0.0245087519288, 0.0199019424617, 0.0137123949826, 0.0249064210802]
        dvar2: [0.0975787118077, 0.0897967740893, 0.041020501405, 0.0371879003942, 0.0285642854869, 0.0622037164867, 0.0533450134099, 0.0534613989294, 0.0908352807164, 0.0911996588111, 0.0655165463686, 0.0572753846645, 0.0803455039859, 0.108248174191, 0.129503414035, 0.10404445976, 0.130723133683, 0.122519917786, 0.0781122818589, 0.0928758531809, 0.0955663323402, 0.0819991528988, 0.09117667377, 0.0790738463402, 0.0383812077343, 0.0471946001053, 0.0579479448497, 0.0797025561333, 0.0369438491762, 0.0864617824554, 0.0750931203365, 0.0766044184566, 0.0681088194251, 0.0569943226874, 0.0375671088696, 0.0741145610809]
        max: [1, 1, 1, 1, 0.79384547472, 1, 1, 1, 1, 1, 1, 1, 1, 1, 1, 1, 1, 1, 1, 1, 1, 1, 1, 1, 0.717947244644, 0.858065783978, 1, 1, 1, 1, 1, 1, 1, 1, 0.81728541851, 1]
        mean: [0.268153458834, 0.210720255971, 0.117564536631, 0.101334638894, 0.086412653327, 0.119261369109, 0.15092971921, 0.128876969218, 0.225491717458, 0.304238498211, 0.189266607165, 0.114205539227, 0.130369022489, 0.130706623197, 0.222282767296, 0.405133932829, 0.354910165071, 0.171909868717, 0.110339209437, 0.112139888108, 0.173036634922, 0.217137753963, 0.158823356032, 0.0921242311597, 0.0668585151434, 0.0628572031856, 0.0902841687202, 0.107766486704, 0.111182354391, 0.251237273216, 0.432842820883, 0.318121880293, 0.134166538715, 0.121172368526, 0.128484174609, 0.182453259826]
        min: [0.0120757678524, 0.00750235142186, 0.00848003942519, 0.00689546298236, 0.00432451069355, 0.00807498861104, 0.0107838846743, 0.00693058455363, 0.0128300739452, 0.0120201474056, 0.00882753357291, 0.00771599262953, 0.00398129038513, 0.00433589192107, 0.00951975490898, 0.0208483245224, 0.0187441855669, 0.00575524987653, 0.0048762015067, 0.00698704225942, 0.00823864061385, 0.0118046589196, 0.00839218404144, 0.00356289581396, 0.00299723586068, 0.00278227054514, 0.00345550035127, 0.00303739146329, 0.00397849734873, 0.00859377346933, 0.0121808517724, 0.014018449001, 0.0171181447804, 0.00557960849255, 0.00935579929501, 0.0137489801273]
        var: [0.0620245747268, 0.0397873148322, 0.0205210577697, 0.0172742512077, 0.0096226176247, 0.0245832651854, 0.0371419750154, 0.020568093285, 0.0549986921251, 0.104923896492, 0.038441374898, 0.0169312730432, 0.0263776164502, 0.0306547712535, 0.0525770038366, 0.120993167162, 0.0911579579115, 0.0437688305974, 0.0197174306959, 0.0236437432468, 0.0468279160559, 0.0749167352915, 0.0443478748202, 0.0195167511702, 0.00923947617412, 0.0114634046331, 0.0222782567143, 0.0301196426153, 0.0266185496002, 0.0490669943392, 0.122472316027, 0.077711738646, 0.0246866494417, 0.0171232353896, 0.0140924919397, 0.026617905125]
    chords_histogram: [19.9074077606, 0, 25, 0, 0, 0, 0, 0, 0, 0, 0, 0, 0, 0, 0, 17.5925922394, 0, 4.62962961197, 0, 0, 0, 0, 32.8703689575, 0]
    thpcp: [1, 0.734959363937, 0.309965968132, 0.27994543314, 0.296837955713, 0.42152312398, 0.619516909122, 0.486828565598, 0.271610230207, 0.234114170074, 0.199639797211, 0.275530427694, 0.348694056273, 0.29774543643, 0.520955204964, 0.702884495258, 0.437264055014, 0.263849914074, 0.301192522049, 0.301972478628, 0.513541519642, 0.93598395586, 0.819951593876, 0.397164642811, 0.254917502403, 0.259077608585, 0.399767816067, 0.501654982567, 0.366930782795, 0.212835296988, 0.154463723302, 0.14521946013, 0.208584189415, 0.248973712325, 0.256865411997, 0.580435335636]
    chords_key: "C"
    chords_scale: "major"
    key_key: "G"
    key_scale: "major"
    chords_progression: ["C", "C", "C", "C", "C", "C", "C", "C", "C", "C", "C", "C", "C", "D", "D", "D", "D", "D", "D", "D", "D", "D", "D", "D", "D", "D", "D", "D", "D", "D", "D", "D", "D", "D", "D", "D", "D", "D", "D", "D", "D", "D", "D", "D", "D", "D", "D", "D", "D", "G", "G", "G", "G", "G", "G", "G", "G", "G", "G", "Gm", "Gm", "Gm", "Cm", "Cm", "Cm", "C", "Cm", "Cm", "Cm", "C", "C", "C", "C", "C", "C", "C", "C", "C", "C", "G", "C", "G", "G", "G", "C", "C", "C", "G", "G", "G", "G", "G", "G", "G", "G", "G", "G", "G", "G", "G", "G", "G", "G", "G", "G", "G", "G", "G", "G", "G", "G", "G", "G", "G", "G", "C", "C", "C", "C", "C", "C", "C", "C", "C", "C", "C", "C", "C", "C", "C", "C", "C", "C", "C", "C", "C", "C", "C", "C", "C", "C", "C", "C", "C", "C", "C", "C", "C", "C", "C", "C", "C", "D", "D", "D", "D", "D", "D", "D", "D", "D", "D", "D", "D", "D", "D", "D", "D", "D", "D", "Gm", "Gm", "Gm", "Gm", "Gm", "Gm", "Gm", "C", "C", "C", "C", "C", "C", "G", "Cm", "Cm", "Cm", "Cm", "Cm", "Cm", "Cm", "Cm", "Cm", "Cm", "Cm", "Cm", "Cm", "Cm", "Cm", "Cm", "Cm", "Cm", "Cm", "Cm", "Cm", "Cm", "Cm", "Cm", "Cm", "Cm", "Cm", "Cm", "Cm", "Cm", "Cm", "Cm"]
