
metadata:
    version:
        essentia: "1.2.2"
    audio_properties:
        analysis_sample_rate: 44100
        bitrate: 128
        channels: 2
        equal_loudness: 1
        length: 10.0310201645
        replay_gain: -7.35141944885
        downmix: "mix"
    tags:
        track: 7
        year: 0
        album: "Splitted by Mp3Splt v. 2.1"
        artist: "From 001.00 To 001.10"
        comment: "http://mp3splt.sf.net"
        genre: ""
        title: "01 Chocolate Cake.mp3"

highlevel:
    ballroom:
        all:
            ChaChaCha: 0.176878646016
            Jive: 0.271596908569
            Quickstep: 0.236905500293
            Rumba-American: 0.00549346022308
            Rumba-International: 0.0191577952355
            Rumba-Misc: 0.0107584865764
            Samba: 0.227752745152
            Tango: 0.0138952909037
            VienneseWaltz: 0.0249962136149
            Waltz: 0.0125649562106
        probability: 0.271596908569
        value: "Jive"
    culture:
        all:
            non_western: 0.238355755806
            western: 0.761644244194
        probability: 0.761644244194
        value: "western"
    gender:
        all:
            female: 0.0429611578584
            male: 0.95703881979
        probability: 0.95703881979
        value: "male"
    genre_dortmund:
        all:
            alternative: 0.0610079243779
            blues: 0.11844573915
            electronic: 0.0227242764086
            folkcountry: 0.133053436875
            funksoulrnb: 0.0803122296929
            jazz: 0.0884259492159
            pop: 0.0428131893277
            raphiphop: 0.104178786278
            rock: 0.34903845191
        probability: 0.34903845191
        value: "rock"
    genre_electronica:
        all:
            ambient: 0.50131970644
            dnb: 0.315322846174
            house: 0.0946531370282
            techno: 0.0184995476156
            trance: 0.0702047497034
        probability: 0.50131970644
        value: "ambient"
    genre_rosamerica:
        all:
            cla: 0.0310717802495
            dan: 0.0259673558176
            hip: 0.10195364058
            jaz: 0.0186081323773
            pop: 0.336113274097
            rhy: 0.104413665831
            roc: 0.373732745647
            spe: 0.00813940633088
        probability: 0.373732745647
        value: "roc"
    genre_tzanetakis:
        all:
            blu: 0.0121429152787
            cla: 0.0153629025444
            cou: 0.119383789599
            dis: 0.121752001345
            hip: 0.0167809799314
            jaz: 0.0153712658212
            met: 0.013818770647
            pop: 0.365018785
            reg: 0.243257254362
            roc: 0.0771113410592
        probability: 0.365018785
        value: "pop"
    live_studio:
        all:
            live: 0.0532491058111
            studio: 0.946750879288
        probability: 0.946750879288
        value: "studio"
    mood:
        all:
            Cluster1: 0.343280375004
            Cluster2: 0.25390958786
            Cluster3: 0.165932029486
            Cluster4: 0.177777796984
            Cluster5: 0.059100240469
        probability: 0.343280375004
        value: "Cluster1"
    mood_acoustic:
        all:
            acoustic: 0.257438421249
            not_acoustic: 0.742561578751
        probability: 0.742561578751
        value: "not_acoustic"
    mood_aggressive:
        all:
            aggressive: 0.120836704969
            not_aggressive: 0.879163265228
        probability: 0.879163265228
        value: "not_aggressive"
    mood_electronic:
        all:
            electronic: 0.229305952787
            not_electronic: 0.770694077015
        probability: 0.770694077015
        value: "not_electronic"
    mood_happy:
        all:
            happy: 0.883434355259
            not_happy: 0.116565652192
        probability: 0.883434355259
        value: "happy"
    mood_party:
        all:
            not_party: 0.303815454245
            party: 0.696184515953
        probability: 0.696184515953
        value: "party"
    mood_relaxed:
        all:
            not_relaxed: 0.259623497725
            relaxed: 0.740376472473
        probability: 0.740376472473
        value: "relaxed"
    mood_sad:
        all:
            not_sad: 0.141455054283
            sad: 0.858544945717
        probability: 0.858544945717
        value: "sad"
    rhythm:
        all:
            fast: 0.819213628769
            medium: 0.173968553543
            slow: 0.00681781675667
        probability: 0.819213628769
        value: "fast"
    speech_music:
        all:
            music: 0.0221432894468
            speech: 0.977856695652
        probability: 0.977856695652
        value: "speech"
    timbre:
        all:
            bright: 0.516578614712
            dark: 0.483421415091
        probability: 0.516578614712
        value: "bright"
    voice_instrumental:
        all:
            instrumental: 0.000957545242272
            voice: 0.999042451382
        probability: 0.999042451382
        value: "voice"

lowlevel:
    average_loudness: 0.92055606842
    barkbands_kurtosis:
        dmean: 0.95101583004
        dmean2: 1.5180439949
        dvar: 2.21880245209
        dvar2: 5.089012146
        max: 15.9817676544
        mean: 0.00844797398895
        min: -1.78693425655
        var: 5.04126024246
    barkbands_skewness:
        dmean: 0.416538953781
        dmean2: 0.651747107506
        dvar: 0.157373800874
        dvar2: 0.350097894669
        max: 3.60847401619
        mean: 0.722294270992
        min: -2.00180697441
        var: 0.607793092728
    barkbands_spread:
        dmean: 5.10681247711
        dmean2: 7.53868436813
        dvar: 23.0948143005
        dvar2: 48.354095459
        max: 63.2308197021
        mean: 28.1889362335
        min: 4.31130456924
        var: 125.304786682
    dissonance:
        dmean: 0.0209724120796
        dmean2: 0.035389482975
        dvar: 0.000444999459432
        dvar2: 0.00124619947746
        max: 0.499433994293
        mean: 0.460203707218
        min: 0.304923951626
        var: 0.000896032957826
    hfc:
        dmean: 1.81999397278
        dmean2: 2.64302921295
        dvar: 12.589307785
        dvar2: 29.5758419037
        max: 31.988702774
        mean: 4.20260953903
        min: 0.0275143384933
        var: 24.2062892914
    pitch:
        dmean: 486.251159668
        dmean2: 932.910888672
        dvar: 1109983.875
        dvar2: 2768758.75
        max: 4900
        mean: 563.846313477
        min: 55.471698761
        var: 978708.75
    pitch_instantaneous_confidence:
        dmean: 0.0787383839488
        dmean2: 0.124162599444
        dvar: 0.00544098671526
        dvar2: 0.0132493562996
        max: 0.770210802555
        mean: 0.38670155406
        min: 0.152639985085
        var: 0.016672514379
    pitch_salience:
        dmean: 0.0625999420881
        dmean2: 0.103478811681
        dvar: 0.00314214546233
        dvar2: 0.00836577359587
        max: 0.851944088936
        mean: 0.619971692562
        min: 0.333183795214
        var: 0.00731156207621
    silence_rate_20dB:
        dmean: 0
        dmean2: 0
        dvar: 0
        dvar2: 0
        max: 1
        mean: 1
        min: 1
        var: 0
    silence_rate_30dB:
        dmean: 0
        dmean2: 0
        dvar: 0
        dvar2: 0
        max: 1
        mean: 1
        min: 1
        var: 0
    silence_rate_60dB:
        dmean: 0.106481485069
        dmean2: 0.213457077742
        dvar: 0.0951433554292
        dvar2: 0.186454117298
        max: 1
        mean: 0.635103940964
        min: 0
        var: 0.231746718287
    spectral_centroid:
        dmean: 250.371704102
        dmean2: 377.712982178
        dvar: 75526.578125
        dvar2: 151124.984375
        max: 3237.18017578
        mean: 1243.48718262
        min: 447.607788086
        var: 256436.40625
    spectral_complexity:
        dmean: 3.08120656013
        dmean2: 4.6930232048
        dvar: 23.1001281738
        dvar2: 48.7290611267
        max: 42
        mean: 9.6990737915
        min: 0
        var: 56.1455497742
    spectral_crest:
        dmean: 2.19462943077
        dmean2: 3.60671162605
        dvar: 4.91264295578
        dvar2: 13.0027284622
        max: 20.1078414917
        mean: 7.55710458755
        min: 2.77691555023
        var: 11.5231142044
    spectral_decrease:
        dmean: 3.02068758895e-10
        dmean2: 4.60086468923e-10
        dvar: 2.43202835716e-19
        dvar2: 5.00864374948e-19
        max: -5.40131567944e-12
        mean: -7.84891762695e-10
        min: -5.60100499314e-09
        var: 6.96732575592e-19
    spectral_energy:
        dmean: 0.00128637731541
        dmean2: 0.00195813621394
        dvar: 4.62128627987e-06
        dvar2: 9.62581361819e-06
        max: 0.0240246988833
        mean: 0.00334354839288
        min: 2.28813805734e-05
        var: 1.26147479023e-05
    spectral_energyband_high:
        dmean: 7.90370322648e-05
        dmean2: 0.000119360527606
        dvar: 3.06865608479e-08
        dvar2: 7.48233617287e-08
        max: 0.00183401932009
        mean: 0.000139403127832
        min: 1.3953421103e-06
        var: 4.7753275112e-08
    spectral_energyband_low:
        dmean: 0.0001065358083
        dmean2: 0.000188607329619
        dvar: 7.69856640659e-08
        dvar2: 2.23730737048e-07
        max: 0.00208914000541
        mean: 0.000141411685036
        min: 2.81381780098e-08
        var: 5.45601999136e-08
    spectral_energyband_middle_high:
        dmean: 0.000536592910066
        dmean2: 0.000802337541245
        dvar: 1.02728358797e-06
        dvar2: 2.44924876824e-06
        max: 0.00897237006575
        mean: 0.00120531674474
        min: 3.87437330573e-06
        var: 2.14694614442e-06
    spectral_energyband_middle_low:
        dmean: 0.000801009417046
        dmean2: 0.00120404362679
        dvar: 1.75175728145e-06
        dvar2: 3.4530994526e-06
        max: 0.0173901263624
        mean: 0.00185740506276
        min: 1.45497024278e-05
        var: 5.85951147514e-06
    spectral_flatness_db:
        dmean: 0.0188160184771
        dmean2: 0.0254889279604
        dvar: 0.000287431437755
        dvar2: 0.000507652468514
        max: 0.285519480705
        mean: 0.151602864265
        min: 0.0683669447899
        var: 0.00151418789756
    spectral_flux:
        dmean: 0.0090393871069
        dmean2: 0.0134341735393
        dvar: 0.000152038017404
        dvar2: 0.000301807187498
        max: 0.117630563676
        mean: 0.0305084809661
        min: 0.00478344876319
        var: 0.00037257373333
    spectral_kurtosis:
        dmean: 1.6329678297
        dmean2: 2.62847447395
        dvar: 4.26316595078
        dvar2: 12.3088283539
        max: 28.4489688873
        mean: 5.29717683792
        min: -0.761004686356
        var: 10.2755441666
    spectral_rms:
        dmean: 0.000313906784868
        dmean2: 0.000458870403236
        dvar: 1.72790421971e-07
        dvar2: 3.26668896378e-07
        max: 0.00484135607257
        mean: 0.00160890130792
        min: 0.000149409839651
        var: 6.73436829857e-07
    spectral_rolloff:
        dmean: 528.138000488
        dmean2: 812.102233887
        dvar: 321904.40625
        dvar2: 635854.0625
        max: 6136.96289062
        mean: 2550.03881836
        min: 495.263671875
        var: 1163504.75
    spectral_skewness:
        dmean: 0.218614757061
        dmean2: 0.337402939796
        dvar: 0.0477639324963
        dvar2: 0.117932222784
        max: 3.36267876625
        mean: 1.6978443861
        min: 0.428329378366
        var: 0.193857580423
    spectral_spread:
        dmean: 694348.3125
        dmean2: 812431.6875
        dvar: 1.00369150771e+12
        dvar2: 1.25318371738e+12
        max: 16857218
        mean: 4719536
        min: 1883567.125
        var: 3.93230365491e+12
    spectral_strongpeak:
        dmean: 0.251988321543
        dmean2: 0.42101764679
        dvar: 0.162504255772
        dvar2: 0.365225672722
        max: 3.66421294212
        mean: 0.455929964781
        min: 0.0176750365645
        var: 0.355224817991
    zerocrossingrate:
        dmean: 0.00999560393393
        dmean2: 0.0107739828527
        dvar: 9.372302884e-05
        dvar2: 9.94052315946e-05
        max: 0.171875
        mean: 0.0771179199219
        min: 0.025390625
        var: 0.000705130514689
    barkbands:
        dmean: [3.83479573429e-07, 3.72076465283e-05, 7.60812836234e-05, 6.47679844406e-05, 0.000235779210925, 0.000126752478536, 0.000191334736883, 0.000338166952133, 0.000180054426892, 8.41427827254e-05, 6.58815042698e-05, 3.24315042235e-05, 5.22946174897e-05, 4.94570449519e-05, 5.50116092199e-05, 7.16112263035e-05, 0.000103104350273, 7.76172237238e-05, 0.000126340179122, 0.000107226536784, 2.8249607567e-05, 1.12987436296e-05, 2.83250892608e-06, 1.07870346255e-06, 8.58028840867e-07, 5.22204643971e-08, 3.2512537107e-09]
        dmean2: [5.64431957173e-07, 6.70243607601e-05, 0.000135051377583, 0.000109381144284, 0.000395512790419, 0.000191016748431, 0.00029659413849, 0.000523876631632, 0.000271792290732, 0.000131120832521, 9.25153581193e-05, 5.31740224687e-05, 8.31958677736e-05, 7.5251031376e-05, 8.9256784122e-05, 0.000117663825222, 0.000169721039128, 0.000122805155115, 0.000205850010389, 0.000172725282027, 4.70262239105e-05, 1.67312518897e-05, 3.6843550788e-06, 1.34854155931e-06, 1.06711195258e-06, 6.18733224655e-08, 3.53301565781e-09]
        dvar: [9.7406186849e-13, 1.37752786955e-08, 3.00202813719e-08, 1.22722436657e-08, 1.36533927275e-07, 4.40697647264e-08, 1.73079669707e-07, 9.14915233352e-07, 2.80094127447e-07, 4.51365522736e-08, 4.20011616598e-08, 6.01898619834e-09, 4.38972058703e-08, 7.48656603378e-09, 9.17154263647e-09, 2.54219560958e-08, 5.71214684442e-08, 2.14588862235e-08, 7.81443389997e-08, 6.69365718409e-08, 3.5060829795e-09, 5.54032819622e-10, 3.79666714734e-11, 3.15384589104e-12, 1.91671765265e-12, 1.03131868686e-14, 3.30127703061e-15]
        dvar2: [2.03218973767e-12, 3.96099757438e-08, 8.72253238526e-08, 3.44093464832e-08, 3.50636099711e-07, 8.39273894826e-08, 3.72673866877e-07, 1.96589712687e-06, 5.32736351033e-07, 8.11402713907e-08, 6.66878463562e-08, 1.62725530828e-08, 9.93222499801e-08, 1.73306666795e-08, 2.06378558687e-08, 6.47822488986e-08, 1.63622971172e-07, 5.0508738525e-08, 1.97679483449e-07, 1.73203261511e-07, 8.76668515559e-09, 1.31061383968e-09, 6.30224830656e-11, 5.11932119959e-12, 3.34317643014e-12, 1.56771974959e-14, 3.30861106538e-15]
        max: [8.39733911562e-06, 0.000865687849, 0.00126007501967, 0.00117828440852, 0.0028765948955, 0.00329106138088, 0.00556833203882, 0.0122910607606, 0.00761516392231, 0.00337523105554, 0.00382130267099, 0.00090564385755, 0.00456518586725, 0.000941525853705, 0.00105177098885, 0.00147368898615, 0.00327201210894, 0.00134396704379, 0.00226398860104, 0.0028389741201, 0.000472363550216, 0.000216010157601, 0.000112617861305, 1.80162296601e-05, 1.32595705509e-05, 1.15041484605e-06, 1.19456024095e-06]
        mean: [4.26431995493e-07, 4.06536237278e-05, 0.000100346653198, 9.53368944465e-05, 0.000360425387044, 0.000260262691882, 0.000302330852719, 0.000506840180606, 0.000302380736684, 0.000143268334796, 0.000116191149573, 5.21169204148e-05, 7.8052857134e-05, 8.47842893563e-05, 9.18704172364e-05, 0.000103123151348, 0.000152711974806, 0.000133633351652, 0.000179401220521, 0.000165668068803, 4.62274692836e-05, 1.86147262866e-05, 5.12314682055e-06, 2.1724367798e-06, 1.50335893068e-06, 8.21724697175e-08, 3.29088600814e-09]
        min: [7.35920959588e-12, 5.14459452816e-09, 2.29913972305e-08, 2.40039895516e-07, 2.09137738238e-06, 2.44104330704e-06, 7.78481080488e-07, 2.00075510293e-06, 1.7442484932e-06, 2.06472350328e-07, 6.3210825374e-07, 7.47354036434e-08, 4.26836521683e-07, 4.252045116e-08, 1.15981904969e-07, 4.77832955426e-08, 8.62933347889e-07, 5.73646786961e-07, 5.83944540722e-07, 2.16725197788e-06, 4.16360450117e-07, 9.51674863359e-08, 1.29426291906e-08, 1.89385707117e-09, 1.07232134283e-09, 6.91739165948e-11, 3.77180627226e-13]
        var: [1.17950495291e-12, 8.65734417488e-09, 2.34944188549e-08, 1.23260255336e-08, 2.32025072933e-07, 1.69739081457e-07, 3.93023043443e-07, 2.01804687094e-06, 5.7357328842e-07, 1.33224801857e-07, 1.44025790405e-07, 7.52887086009e-09, 1.00833808858e-07, 1.60093769352e-08, 2.24290594986e-08, 2.98569382551e-08, 7.71288384271e-08, 3.31086624783e-08, 9.13919748768e-08, 8.31301321114e-08, 5.87078519132e-09, 9.76926428642e-10, 1.21924678687e-10, 1.152190756e-11, 5.42737252709e-12, 1.96313302528e-14, 3.29378184781e-15]
    mfcc:
        mean: [-749.940673828, 128.403778076, -48.8914489746, 46.2304267883, -15.9238452911, -14.4136638641, -7.25334739685, -9.07047748566, -2.83664274216, -3.75518012047, -4.3035326004, -8.34161567688, -2.48965716362]
        cov: [[3411.10131836, -1084.16870117, 242.377975464, -357.742095947, -112.144020081, -171.525588989, -25.8732795715, -169.327865601, -64.215461731, 107.409301758, 86.0732955933, 2.46666574478, -13.154835701], [-1084.16870117, 1349.78405762, -501.935791016, 213.755950928, -13.0271453857, -6.84087371826, 90.6371917725, 13.2959461212, 12.2625379562, 49.7464256287, 69.4031295776, 2.35564994812, 38.5401954651], [242.377975464, -501.935791016, 610.266479492, -22.7811203003, 101.25541687, 115.599723816, 55.9258766174, 118.09702301, 58.203338623, -1.98200070858, 15.5407972336, 53.7926940918, 23.7230319977], [-357.742095947, 213.755950928, -22.7811203003, 348.237884521, 160.962203979, 78.7451248169, 26.9984893799, 44.704574585, 38.7917900085, 12.1977653503, 18.3717765808, 33.6638450623, 53.8808631897], [-112.144020081, -13.0271453857, 101.25541687, 160.962203979, 274.157348633, 101.369392395, 34.7283477783, 41.1626815796, 42.1511955261, -15.48462677, -7.4987578392, 31.8333587646, 41.2179527283], [-171.525588989, -6.84087371826, 115.599723816, 78.7451248169, 101.369392395, 186.58102417, 100.240837097, 93.8112411499, 64.6550827026, -6.18247938156, 8.46468162537, 36.066444397, 15.6088666916], [-25.8732795715, 90.6371917725, 55.9258766174, 26.9984893799, 34.7283477783, 100.240837097, 207.169296265, 94.2110671997, 54.5144767761, 38.2248001099, 37.9793319702, 51.291809082, 15.1780033112], [-169.327865601, 13.2959461212, 118.09702301, 44.704574585, 41.1626815796, 93.8112411499, 94.2110671997, 152.572860718, 64.7901916504, 9.81583499908, 12.8661565781, 25.4150428772, 26.3487186432], [-64.215461731, 12.2625379562, 58.203338623, 38.7917900085, 42.1511955261, 64.6550827026, 54.5144767761, 64.7901916504, 113.71963501, 33.7052459717, 18.6807346344, 27.0124320984, 0.987674415112], [107.409301758, 49.7464256287, -1.98200070858, 12.1977653503, -15.48462677, -6.18247938156, 38.2248001099, 9.81583499908, 33.7052459717, 122.281509399, 58.8879508972, 20.6867847443, 1.92575013638], [86.0732955933, 69.4031295776, 15.5407972336, 18.3717765808, -7.4987578392, 8.46468162537, 37.9793319702, 12.8661565781, 18.6807346344, 58.8879508972, 74.3229446411, 33.7115249634, 6.38804674149], [2.46666574478, 2.35564994812, 53.7926940918, 33.6638450623, 31.8333587646, 36.066444397, 51.291809082, 25.4150428772, 27.0124320984, 20.6867847443, 33.7115249634, 73.6868362427, 23.521604538], [-13.154835701, 38.5401954651, 23.7230319977, 53.8808631897, 41.2179527283, 15.6088666916, 15.1780033112, 26.3487186432, 0.987674415112, 1.92575013638, 6.38804674149, 23.521604538, 61.1476478577]]
        icov: [[0.000594888348132, 0.000624623673502, 0.000163084361702, 0.000325777655235, -0.000120424345369, 0.000385545863537, -0.000609917216934, 0.000799895555247, -0.000184858217835, -3.7620877265e-05, -0.00145278940909, 0.000753816799261, -0.000960595381912], [0.000624623673502, 0.00213317852467, 0.00150293589104, -0.000304145505652, -2.04087664315e-05, 0.000502853654325, -0.00126632559113, 0.000357541604899, -0.000366540829418, 0.000460103183286, -0.00323844677769, 0.0015131161781, -0.00173185230233], [0.000163084361702, 0.00150293589104, 0.00359590933658, 0.000537772895768, -0.000871374097187, -0.000578772800509, 0.000203533214517, -0.00203955243342, 8.98470898392e-06, 0.000398060306907, -0.00225829123519, -0.000532602483872, -0.000789576151874], [0.000325777655235, -0.000304145505652, 0.000537772895768, 0.00530975451693, -0.00255794683471, -0.000923086423427, 0.000933119619731, -0.000139350100653, -0.000328465743223, -0.000542572175618, -0.00131695368327, -0.000153055414557, -0.00261844531633], [-0.000120424345369, -2.04087664315e-05, -0.000871374097187, -0.00255794683471, 0.00665613682941, -0.00235016900115, -8.48758500069e-05, 0.00171512644738, -0.00115977250971, 0.000447486847406, 0.00194416579325, -0.000374133553123, -0.00208035879768], [0.000385545863537, 0.000502853654325, -0.000578772800509, -0.000923086423427, -0.00235016900115, 0.0119582898915, -0.00378663069569, -0.00255688396282, -0.00236386316828, 0.00246428302489, -0.00114093266893, -0.000311476615025, 0.00157684658188], [-0.000609917216934, -0.00126632559113, 0.000203533214517, 0.000933119619731, -8.48758500069e-05, -0.00378663069569, 0.0101803289726, -0.004894671496, 0.00107097008731, -0.00205879844725, 0.00115890696179, -0.005086613819, 0.00225485651754], [0.000799895555247, 0.000357541604899, -0.00203955243342, -0.000139350100653, 0.00171512644738, -0.00255688396282, -0.004894671496, 0.0159974358976, -0.00552593218163, 0.00106491963379, -0.00152083067223, 0.00452220020816, -0.00684599159285], [-0.000184858217835, -0.000366540829418, 8.98470898392e-06, -0.000328465743223, -0.00115977250971, -0.00236386316828, 0.00107097008731, -0.00552593218163, 0.0151054523885, -0.00451178988442, 0.00235388171859, -0.00402011303231, 0.00517629878595], [-3.7620877265e-05, 0.000460103183286, 0.000398060306907, -0.000542572175618, 0.000447486847406, 0.00246428302489, -0.00205879844725, 0.00106491963379, -0.00451178988442, 0.0153372334316, -0.0118671664968, 0.00273022940382, -0.00107358396053], [-0.00145278940909, -0.00323844677769, -0.00225829123519, -0.00131695368327, 0.00194416579325, -0.00114093266893, 0.00115890696179, -0.00152083067223, 0.00235388171859, -0.0118671664968, 0.0329237021506, -0.012264049612, 0.00472737383097], [0.000753816799261, 0.0015131161781, -0.000532602483872, -0.000153055414557, -0.000374133553123, -0.000311476615025, -0.005086613819, 0.00452220020816, -0.00402011303231, 0.00273022940382, -0.012264049612, 0.0255624167621, -0.0093772597611], [-0.000960595381912, -0.00173185230233, -0.000789576151874, -0.00261844531633, -0.00208035879768, 0.00157684658188, 0.00225485651754, -0.00684599159285, 0.00517629878595, -0.00107358396053, 0.00472737383097, -0.0093772597611, 0.0263058915734]]
    spectral_contrast:
        mean: [8.86653594989e-08, 1.89506891957e-07, -9.0163666755e-08, -1.01703875544e-07, 8.13829359458e-08, -5.93062793541e-07, -3.14704243465e-06, 3.79710559173e-06, -1.88361718756e-06, 1.72829322764e-06, -2.79917617263e-06, -4.68282792099e-07]
        var: [0.000548032636289, 0.000698610616382, 0.00185344612692, 0.00283084902912, 0.00327411782928, 0.00669978791848, 0.0517242364585, 0.0970449075103, 0.130012646317, 0.545305192471, 0.949576497078, 2.2243745327]

rhythm:
    beats_loudness:
        dmean: 0.00736490311101
        dmean2: 0.0147986812517
        dvar: 1.50408468471e-05
        dvar2: 4.43793760496e-05
        max: 0.0205989852548
        mean: 0.00765996053815
        min: 0.000725372578017
        var: 2.41283123614e-05
    beats_loudness_bass:
        dmean: 0.0831624567509
        dmean2: 0.168316498399
        dvar: 0.00478957872838
        dvar2: 0.0159671008587
        max: 0.270901978016
        mean: 0.0552110746503
        min: 0.00259543978609
        var: 0.00453370809555
    bpm: 117.789924622
    bpm_confidence: 0
    first_peak_bpm: 118
    first_peak_spread: 0
    first_peak_weight: 0.944444417953
    onset_rate: 3.68855810165
    second_peak_bpm: 98
    second_peak_spread: 0
    second_peak_weight: 0.0555555559695
    beats_position: [0.252750873566, 0.761729300022, 1.27070772648, 1.77968609333, 2.28866434097, 2.79764270782, 3.3066213131, 3.81559967995, 4.32457828522, 4.83355665207, 5.34253549576, 5.85151386261, 6.46495676041, 6.97476625443, 7.48457479477, 7.99438428879, 8.50419330597, 9.01400184631, 9.52381038666]
    bpm_estimates: [117.917976379, 117.980567932, 117.509185791, 117.898841858, 117.140800476, 117.918258667, 117.804862976, 117.978126526, 118.230171204, 118.570625305, 117.777107239, 117.931686401, 117.157691956, 118.354751587, 116.526657104, 118.565353394, 119.120903015, 117.17804718, 117.143836975, 117.582580566, 117.148162842, 117.942337036]
    bpm_intervals: [0.508978426456, 0.508978426456, 0.508978366852, 0.508978247643, 0.508978366852, 0.50897860527, 0.508978366852, 0.50897860527, 0.508978366852, 0.508978843689, 0.508978366852, 0.613442897797, 0.509809494019, 0.509808540344, 0.509809494019, 0.509809017181, 0.509808540344, 0.509808540344]
    onset_times: [0.0464399084449, 0.267029464245, 0.638548731804, 0.719818592072, 1.2190476656, 1.55573701859, 1.77632653713, 2.00852608681, 2.26394557953, 2.56580495834, 2.79800462723, 3.09986400604, 3.26240372658, 3.81968259811, 4.35374164581, 4.59755086899, 4.85297060013, 5.13160991669, 5.36380958557, 5.64244890213, 5.88625860214, 6.42031764984, 6.68734693527, 6.93115663528, 7.19818592072, 7.45360565186, 7.8251247406, 7.9644446373, 8.19664382935, 8.23147392273, 8.33596324921, 8.47528362274, 8.77714252472, 8.99773216248, 9.26476192474, 9.50857162476, 9.75238132477]
    rubato_start: []
    rubato_stop: []
    perceptual_tempo: "unknown"

sfx:
    inharmonicity:
        dmean: 0.0419728793204
        dmean2: 0.0720676705241
        dvar: 0.00227117654867
        dvar2: 0.00595052959397
        max: 0.396022588015
        mean: 0.0475320406258
        min: 0
        var: 0.00284855347127
    oddtoevenharmonicenergyratio:
        dmean: 2.90018081665
        dmean2: 5.40373659134
        dvar: 104.075027466
        dvar2: 293.093536377
        max: 110.946861267
        mean: 2.24971699715
        min: 0
        var: 74.0818786621
    pitch_after_max_to_before_max_energy_ratio: 9.77112197876
    pitch_centroid: 224.040390015
    pitch_max_to_total: 0.0949074104428
    pitch_min_to_total: 0.377314805984
    tristimulus:
        dmean: [0.214267298579, 0.230684697628, 0.115628227592]
        dmean2: [0.375893414021, 0.407695800066, 0.206760466099]
        dvar: [0.0332519412041, 0.0420700758696, 0.0120061486959]
        dvar2: [0.10120844841, 0.113632895052, 0.0322720184922]
        max: [1, 0.986729085445, 0.631742715836]
        mean: [0.396977812052, 0.453602671623, 0.114363476634]
        min: [0.00168134551495, 0, 0]
        var: [0.0512813404202, 0.0557690411806, 0.014286281541]

tonal:
    chords_changes_rate: 0.0967741906643
    chords_number_rate: 0.0276497695595
    chords_strength:
        dmean: 0.0119302319363
        dmean2: 0.0125793833286
        dvar: 7.41683106753e-05
        dvar2: 8.1314399722e-05
        max: 0.764113724232
        mean: 0.550416171551
        min: 0.426552057266
        var: 0.00699518155307
    key_strength: 0.696087658405
    tuning_diatonic_strength: 0.495629012585
    tuning_equal_tempered_deviation: 0.162871494889
    tuning_frequency: 445.627075195
    tuning_nontempered_energy_ratio: 0.87547403574
    hpcp:
        dmean: [0.164222925901, 0.132615491748, 0.139837443829, 0.166784763336, 0.19337131083, 0.213287770748, 0.207887932658, 0.24303214252, 0.205071538687, 0.179592519999, 0.146441891789, 0.111481435597, 0.107761159539, 0.103382952511, 0.135189890862, 0.173673018813, 0.145388290286, 0.0896619930863, 0.111005835235, 0.157085686922, 0.188587382436, 0.191204965115, 0.114376097918, 0.0700294598937, 0.065105766058, 0.0620429702103, 0.0851627662778, 0.11903963238, 0.160264268517, 0.171474069357, 0.195504382253, 0.139070212841, 0.089846380055, 0.0853711888194, 0.108385719359, 0.162054941058]
        dmean2: [0.270923227072, 0.226255759597, 0.234007030725, 0.300714761019, 0.334935635328, 0.363724112511, 0.36244598031, 0.434011936188, 0.363566458225, 0.277748316526, 0.240092307329, 0.181355342269, 0.178697541356, 0.17381721735, 0.202485710382, 0.280154615641, 0.247922793031, 0.143400967121, 0.19325722754, 0.26762726903, 0.305020600557, 0.290199160576, 0.190784558654, 0.124800175428, 0.10845092684, 0.104763157666, 0.148956224322, 0.205521151423, 0.280778229237, 0.273045659065, 0.335517764091, 0.234981372952, 0.151815474033, 0.146880239248, 0.195867612958, 0.266114413738]
        dvar: [0.0383043214679, 0.026644770056, 0.0363855734468, 0.0613542497158, 0.0512777119875, 0.0465180240571, 0.0457082912326, 0.0667242333293, 0.0548351332545, 0.0495296269655, 0.0327629260719, 0.0303284488618, 0.0367317609489, 0.0291275698692, 0.0233485549688, 0.0429452471435, 0.0474262237549, 0.016394617036, 0.0356070324779, 0.0361234620214, 0.044810410589, 0.0389815233648, 0.0225556623191, 0.010159582831, 0.00603541918099, 0.00481167063117, 0.0138198919594, 0.025362085551, 0.0408272333443, 0.0308862961829, 0.0553250238299, 0.0384288616478, 0.0172954592854, 0.018450928852, 0.0279161464423, 0.035622920841]
        dvar2: [0.0962942764163, 0.0613870210946, 0.0876370966434, 0.162860810757, 0.139512211084, 0.120493635535, 0.113491646945, 0.192159175873, 0.125306889415, 0.106492571533, 0.0853372365236, 0.080800190568, 0.102645799518, 0.0782753229141, 0.0479312725365, 0.101534046233, 0.120924547315, 0.033793207258, 0.0880760028958, 0.0969009324908, 0.0904247388244, 0.0891541317105, 0.0616481415927, 0.0299108736217, 0.0148468594998, 0.0110083036125, 0.0375628136098, 0.0745408758521, 0.12676422298, 0.0810519531369, 0.151042714715, 0.113097496331, 0.0393462069333, 0.0504910796881, 0.0756625756621, 0.096433326602]
        max: [1, 1, 1, 1, 1, 1, 1, 1, 1, 1, 1, 1, 1, 1, 1, 1, 1, 1, 1, 1, 1, 1, 1, 0.767118036747, 0.433277010918, 0.444417625666, 0.898479223251, 1, 1, 1, 1, 1, 1, 0.941156685352, 1, 1]
        mean: [0.254230439663, 0.165196746588, 0.155201807618, 0.158768102527, 0.21079403162, 0.345203638077, 0.375315219164, 0.277326196432, 0.27960190177, 0.274444013834, 0.186162918806, 0.145528972149, 0.123113133013, 0.126309022307, 0.225633904338, 0.276387929916, 0.179576411843, 0.113655291498, 0.134282633662, 0.224936529994, 0.431040018797, 0.387140542269, 0.149888724089, 0.0818758159876, 0.0844345539808, 0.087385378778, 0.108708314598, 0.135418757796, 0.176801085472, 0.276510983706, 0.272592276335, 0.163909599185, 0.122061669827, 0.112233705819, 0.147459760308, 0.264667570591]
        min: [0.00608420139179, 0.00360294105485, 0.00403144676238, 0.00550064258277, 0.00567648373544, 0.00348466122523, 0.00283382856287, 0.00326725980267, 0.00435934215784, 0.00133669422939, 0.00145602389239, 0.00120608066209, 0.000997647643089, 0.000912570103537, 0.0028520654887, 0.00533150555566, 0.00332240667194, 0.00228690938093, 0.00224550929852, 0.00367462658323, 0.00618386361748, 0.00501046422869, 0.00341017171741, 0.0012832088396, 0.00159259594511, 0.00128089461941, 0.00146621407475, 0.00412269681692, 0.0034576614853, 0.00940532982349, 0.00072183663724, 0.000737425812986, 0.00125154957641, 0.000850543205161, 0.00476542161778, 0.00703336158767]
        var: [0.0738671049476, 0.0363892354071, 0.044008847326, 0.0522380284965, 0.0573140606284, 0.0790707990527, 0.0839951261878, 0.0683760419488, 0.0836068838835, 0.100934773684, 0.04549331218, 0.0386674888432, 0.0364130884409, 0.02944778651, 0.0453536957502, 0.0797516703606, 0.0578868612647, 0.0295265223831, 0.0481554381549, 0.0551210828125, 0.139436691999, 0.11473287642, 0.025708284229, 0.00946742575616, 0.00868836697191, 0.00815237592906, 0.0143306367099, 0.021781636402, 0.0372593998909, 0.0665409341455, 0.0829230025411, 0.0423239171505, 0.0214148182422, 0.0181233733892, 0.0304163508117, 0.079544313252]
    chords_histogram: [26.2672805786, 15.6682024002, 0, 0, 0, 0, 0, 0, 35.0230407715, 3.22580647469, 17.0506916046, 2.7649769783, 0, 0, 0, 0, 0, 0, 0, 0, 0, 0, 0, 0]
    thpcp: [1, 0.898154497147, 0.347737371922, 0.189949452877, 0.195885643363, 0.202731475234, 0.252200037241, 0.31416746974, 0.410173237324, 0.641497254372, 0.632405936718, 0.380265384912, 0.283179432154, 0.260378867388, 0.342102259398, 0.614020884037, 0.589807033539, 0.383251518011, 0.360063582659, 0.368337273598, 0.489035874605, 0.800862133503, 0.870720148087, 0.64338850975, 0.648668110371, 0.63670194149, 0.431892424822, 0.337622880936, 0.285618811846, 0.293033182621, 0.523463964462, 0.641211748123, 0.416611909866, 0.26367688179, 0.311531722546, 0.521846055984]
    chords_key: "G#"
    chords_scale: "minor"
    key_key: "E"
    key_scale: "minor"
    chords_progression: ["F#", "F#", "F#", "F#", "F#", "F#", "D#m", "D#m", "D#m", "D#m", "D#m", "D#m", "D#m", "D#m", "D#m", "D#m", "D#m", "Em", "G#m", "G#m", "G#m", "G#m", "Em", "Em", "Em", "Em", "Em", "Em", "Em", "Em", "Em", "Em", "Em", "Em", "Em", "Em", "Em", "Em", "Em", "Em", "Em", "Em", "Em", "Em", "Em", "Em", "Em", "Em", "Em", "Em", "Em", "Em", "Em", "Em", "Em", "Em", "Em", "Em", "Em", "Em", "Em", "Em", "Em", "Em", "Em", "Em", "Em", "Em", "Em", "Em", "Em", "Em", "Em", "D#m", "D#m", "D#m", "D#m", "Em", "G#m", "G#m", "D#m", "Em", "G#m", "Em", "D#m", "D#m", "D#m", "D#m", "D#m", "D#m", "D#m", "D#m", "D#m", "D#m", "D#m", "D#m", "D#m", "D#m", "D#m", "B", "B", "B", "B", "B", "B", "B", "G#m", "G#m", "G#m", "G#m", "G#m", "G#m", "G#m", "G#m", "G#m", "G#m", "G#m", "G#m", "G#m", "G#m", "G#m", "G#m", "G#m", "G#m", "G#m", "G#m", "G#m", "G#m", "G#m", "G#m", "G#m", "G#m", "G#m", "G#m", "G#m", "G#m", "G#m", "G#m", "G#m", "G#m", "G#m", "G#m", "G#m", "G#m", "G#m", "G#m", "G#m", "G#m", "G#m", "G#m", "G#m", "G#m", "G#m", "G#m", "G#m", "G#m", "G#m", "G#m", "G#m", "G#m", "G#m", "G#m", "G#m", "G#m", "G#m", "G#m", "G#m", "G#m", "G#m", "G#m", "D#m", "D#m", "G", "G", "G", "G", "G", "G", "G", "G", "G", "G", "G", "G", "G", "G", "G", "G", "G", "G", "G", "G", "G", "G", "G", "G", "G", "G", "G", "G", "G", "G", "G", "G", "G", "G", "D#m", "D#m", "Em", "D#m", "D#m", "Em", "G#m", "G#m", "G#m", "G#m", "G#m"]
