
metadata:
    version:
        essentia: "1.2.2"
    audio_properties:
        analysis_sample_rate: 44100
        bitrate: 128
        channels: 2
        equal_loudness: 1
        length: 10.0310201645
        replay_gain: -8.58040618896
        downmix: "mix"
    tags:
        track: 13
        year: 0
        album: "Splitted by Mp3Splt v. 2.1"
        artist: "From 002.00 To 002.10"
        comment: "http://mp3splt.sf.net"
        genre: ""
        title: "15 If I Lose [-][Outtake].mp3"

highlevel:
    ballroom:
        all:
            ChaChaCha: 0.0290165394545
            Jive: 0.035880997777
            Quickstep: 0.150593563914
            Rumba-American: 0.0113812293857
            Rumba-International: 0.0369387380779
            Rumba-Misc: 0.0464871898293
            Samba: 0.0261865202338
            Tango: 0.133833482862
            VienneseWaltz: 0.431128561497
            Waltz: 0.0985531806946
        probability: 0.431128561497
        value: "VienneseWaltz"
    culture:
        all:
            non_western: 0.879322946072
            western: 0.120677024126
        probability: 0.879322946072
        value: "non_western"
    gender:
        all:
            female: 0.467167377472
            male: 0.532832622528
        probability: 0.532832622528
        value: "male"
    genre_dortmund:
        all:
            alternative: 0.128726735711
            blues: 0.0930935293436
            electronic: 0.0589074082673
            folkcountry: 0.376289218664
            funksoulrnb: 0.0312654972076
            jazz: 0.03625850752
            pop: 0.0616526678205
            raphiphop: 0.0306678898633
            rock: 0.183138549328
        probability: 0.376289218664
        value: "folkcountry"
    genre_electronica:
        all:
            ambient: 0.593672513962
            dnb: 0.17966940999
            house: 0.0719811096787
            techno: 0.0165497660637
            trance: 0.138127237558
        probability: 0.593672513962
        value: "ambient"
    genre_rosamerica:
        all:
            cla: 0.100987628102
            dan: 0.0116645721719
            hip: 0.047637976706
            jaz: 0.00897026248276
            pop: 0.0683828219771
            rhy: 0.309644132853
            roc: 0.447218239307
            spe: 0.0054943934083
        probability: 0.447218239307
        value: "roc"
    genre_tzanetakis:
        all:
            blu: 0.00656459433958
            cla: 0.00928145647049
            cou: 0.895846545696
            dis: 0.0119860172272
            hip: 0.00259448611178
            jaz: 0.00208812812343
            met: 0.0040639732033
            pop: 0.00955813843757
            reg: 0.0233371909708
            roc: 0.0346794687212
        probability: 0.895846545696
        value: "cou"
    live_studio:
        all:
            live: 0.080842204392
            studio: 0.919157803059
        probability: 0.919157803059
        value: "studio"
    mood:
        all:
            Cluster1: 0.0424957610667
            Cluster2: 0.124205633998
            Cluster3: 0.756841301918
            Cluster4: 0.0269936379045
            Cluster5: 0.0494636707008
        probability: 0.756841301918
        value: "Cluster3"
    mood_acoustic:
        all:
            acoustic: 0.228895902634
            not_acoustic: 0.771104097366
        probability: 0.771104097366
        value: "not_acoustic"
    mood_aggressive:
        all:
            aggressive: 0.107950232923
            not_aggressive: 0.892049789429
        probability: 0.892049789429
        value: "not_aggressive"
    mood_electronic:
        all:
            electronic: 0.0918390452862
            not_electronic: 0.908160924911
        probability: 0.908160924911
        value: "not_electronic"
    mood_happy:
        all:
            happy: 0.730736136436
            not_happy: 0.269263893366
        probability: 0.730736136436
        value: "happy"
    mood_party:
        all:
            not_party: 0.835513472557
            party: 0.164486542344
        probability: 0.835513472557
        value: "not_party"
    mood_relaxed:
        all:
            not_relaxed: 0.797498643398
            relaxed: 0.202501371503
        probability: 0.797498643398
        value: "not_relaxed"
    mood_sad:
        all:
            not_sad: 0.317101299763
            sad: 0.682898700237
        probability: 0.682898700237
        value: "sad"
    rhythm:
        all:
            fast: 0.389785647392
            medium: 0.105298765004
            slow: 0.504915595055
        probability: 0.504915595055
        value: "slow"
    speech_music:
        all:
            music: 0.999552071095
            speech: 0.000447902537417
        probability: 0.999552071095
        value: "music"
    timbre:
        all:
            bright: 0.757004737854
            dark: 0.242995247245
        probability: 0.757004737854
        value: "bright"
    voice_instrumental:
        all:
            instrumental: 0.0190481971949
            voice: 0.980951786041
        probability: 0.980951786041
        value: "voice"

lowlevel:
    average_loudness: 0.973195910454
    barkbands_kurtosis:
        dmean: 0.935627281666
        dmean2: 1.39248752594
        dvar: 1.71421158314
        dvar2: 3.71448349953
        max: 13.5908241272
        mean: 0.520801126957
        min: -1.73540687561
        var: 5.206802845
    barkbands_skewness:
        dmean: 0.317414402962
        dmean2: 0.45215266943
        dvar: 0.0990255326033
        dvar2: 0.192609578371
        max: 3.47435641289
        mean: 0.785456061363
        min: -0.822331786156
        var: 0.485617756844
    barkbands_spread:
        dmean: 4.0630865097
        dmean2: 5.86582946777
        dvar: 17.0313282013
        dvar2: 29.5288124084
        max: 50.4290122986
        mean: 21.2449951172
        min: 4.65294599533
        var: 72.4161148071
    dissonance:
        dmean: 0.0294415038079
        dmean2: 0.0483039245009
        dvar: 0.000606378540397
        dvar2: 0.00151260965504
        max: 0.496174484491
        mean: 0.424464285374
        min: 0.279095858335
        var: 0.00135009223595
    hfc:
        dmean: 1.42108309269
        dmean2: 1.75801789761
        dvar: 3.35694169998
        dvar2: 5.68909215927
        max: 20.1468009949
        mean: 4.293612957
        min: 0.1111516729
        var: 13.7518358231
    pitch:
        dmean: 147.225631714
        dmean2: 281.825836182
        dvar: 325949.15625
        dvar2: 687726.3125
        max: 4410
        mean: 338.275970459
        min: 83.2075500488
        var: 374065.21875
    pitch_instantaneous_confidence:
        dmean: 0.0832662805915
        dmean2: 0.125875025988
        dvar: 0.00570007041097
        dvar2: 0.013231087476
        max: 0.850135266781
        mean: 0.546283006668
        min: 0.227929651737
        var: 0.0185768604279
    pitch_salience:
        dmean: 0.0573980696499
        dmean2: 0.0853808969259
        dvar: 0.0025707425084
        dvar2: 0.00616931309924
        max: 0.77325630188
        mean: 0.540904462337
        min: 0.260670363903
        var: 0.00839080289006
    silence_rate_20dB:
        dmean: 0
        dmean2: 0
        dvar: 0
        dvar2: 0
        max: 1
        mean: 1
        min: 1
        var: 0
    silence_rate_30dB:
        dmean: 0
        dmean2: 0
        dvar: 0
        dvar2: 0
        max: 1
        mean: 1
        min: 1
        var: 0
    silence_rate_60dB:
        dmean: 0.115740738809
        dmean2: 0.232018560171
        dvar: 0.102344892919
        dvar2: 0.192107394338
        max: 1
        mean: 0.494226336479
        min: 0
        var: 0.249967098236
    spectral_centroid:
        dmean: 156.315093994
        dmean2: 213.915740967
        dvar: 29139.7304688
        dvar2: 48187.9296875
        max: 2484.32836914
        mean: 992.112976074
        min: 287.978302002
        var: 129785.59375
    spectral_complexity:
        dmean: 2.39675164223
        dmean2: 3.40465116501
        dvar: 7.85419559479
        dvar2: 13.6269483566
        max: 37
        mean: 10.9861106873
        min: 0
        var: 28.4905776978
    spectral_crest:
        dmean: 1.96790778637
        dmean2: 2.98064613342
        dvar: 3.52025103569
        dvar2: 8.32301330566
        max: 23.4163856506
        mean: 8.59530162811
        min: 3.02577519417
        var: 13.7142038345
    spectral_decrease:
        dmean: 2.4882831906e-10
        dmean2: 3.32329053165e-10
        dvar: 8.68289550292e-20
        dvar2: 1.48519128686e-19
        max: -1.4605271853e-11
        mean: -9.69930136208e-10
        min: -3.4039830954e-09
        var: 4.21133237035e-19
    spectral_energy:
        dmean: 0.00105356087442
        dmean2: 0.0013895498123
        dvar: 1.53786413648e-06
        dvar2: 2.59463672592e-06
        max: 0.013684682548
        mean: 0.0040501835756
        min: 6.52054441161e-05
        var: 7.53832546252e-06
    spectral_energyband_high:
        dmean: 8.74369288795e-05
        dmean2: 0.000113516187412
        dvar: 2.89612227533e-08
        dvar2: 5.69984273113e-08
        max: 0.00168547569774
        mean: 0.000131048378535
        min: 1.21826531085e-06
        var: 5.37681223989e-08
    spectral_energyband_low:
        dmean: 7.73524370743e-05
        dmean2: 0.000116148228699
        dvar: 1.37860327598e-08
        dvar2: 3.27676872303e-08
        max: 0.00123352091759
        mean: 0.000205276737688
        min: 2.36997721004e-07
        var: 2.97880635713e-08
    spectral_energyband_middle_high:
        dmean: 0.000484166142996
        dmean2: 0.000632413022686
        dvar: 4.93777065458e-07
        dvar2: 8.96769847714e-07
        max: 0.00831134524196
        mean: 0.00143415562343
        min: 5.06767319166e-05
        var: 2.29990928347e-06
    spectral_energyband_middle_low:
        dmean: 0.000676068768371
        dmean2: 0.000965634069871
        dvar: 8.00302530024e-07
        dvar2: 1.60110084835e-06
        max: 0.0118828136474
        mean: 0.00227969465777
        min: 9.24592586671e-06
        var: 3.1207050597e-06
    spectral_flatness_db:
        dmean: 0.0174887795001
        dmean2: 0.0241809971631
        dvar: 0.000268501346
        dvar2: 0.000467686419142
        max: 0.308576464653
        mean: 0.193053111434
        min: 0.0983038470149
        var: 0.00133731751703
    spectral_flux:
        dmean: 0.00904617644846
        dmean2: 0.0134557690471
        dvar: 8.57388804434e-05
        dvar2: 0.000203321076697
        max: 0.0892516225576
        mean: 0.0311348792166
        min: 0.00807498861104
        var: 0.000294678495266
    spectral_kurtosis:
        dmean: 3.5458650589
        dmean2: 6.21080160141
        dvar: 14.6102190018
        dvar2: 41.6758384705
        max: 37.9458694458
        mean: 8.71308517456
        min: 0.597218036652
        var: 29.6428852081
    spectral_rms:
        dmean: 0.000253798993072
        dmean2: 0.00032998714596
        dvar: 7.6547443939e-08
        dvar2: 1.2053540388e-07
        max: 0.00365388975479
        mean: 0.00187631149311
        min: 0.000252220284892
        var: 4.30853788203e-07
    spectral_rolloff:
        dmean: 392.693450928
        dmean2: 612.994812012
        dvar: 275704.71875
        dvar2: 496909.125
        max: 4672.70507812
        mean: 1881.41455078
        min: 344.53125
        var: 865268.5
    spectral_skewness:
        dmean: 0.345812529325
        dmean2: 0.585288524628
        dvar: 0.11710164696
        dvar2: 0.289585500956
        max: 4.55732059479
        mean: 1.95858895779
        min: 0.563489258289
        var: 0.341148793697
    spectral_spread:
        dmean: 334320.46875
        dmean2: 450463.59375
        dvar: 172382928896
        dvar2: 220364259328
        max: 7691294.5
        mean: 2988968.5
        min: 1392852.125
        var: 727139221504
    spectral_strongpeak:
        dmean: 0.34109634161
        dmean2: 0.542427480221
        dvar: 0.16847795248
        dvar2: 0.376827895641
        max: 3.46743011475
        mean: 0.73614937067
        min: 0.0115055888891
        var: 0.3915784657
    zerocrossingrate:
        dmean: 0.00760857760906
        dmean2: 0.00859829224646
        dvar: 5.48854004592e-05
        dvar2: 6.45971595077e-05
        max: 0.12841796875
        mean: 0.0599161796272
        min: 0.01416015625
        var: 0.000359849014785
    barkbands:
        dmean: [4.25770707579e-07, 4.67140380351e-05, 4.76310233353e-05, 0.000129140855279, 0.00022223443375, 0.000102086276456, 0.000203234376386, 9.44611383602e-05, 0.000354245421477, 0.000114929651318, 0.000117824958579, 4.49673389085e-05, 0.000133870402351, 7.05798374838e-05, 7.87300377851e-05, 5.52514502488e-05, 5.01164977322e-05, 5.87427603023e-05, 7.28872764739e-05, 7.08129300619e-05, 3.92235415347e-05, 7.27773385734e-06, 8.12716621112e-07, 1.57706836035e-07, 8.69551897154e-08, 1.07738191701e-08, 4.04047573177e-10]
        dmean2: [6.09042615451e-07, 6.98497897247e-05, 7.75994412834e-05, 0.000190343547729, 0.000336988101481, 0.00015117766452, 0.000300280575175, 0.000152989348862, 0.000511137768626, 0.000172637126525, 0.000182184434379, 6.69645960443e-05, 0.000195397544303, 9.82034689514e-05, 0.000122782759718, 8.86432972038e-05, 7.74362415541e-05, 8.77360871527e-05, 9.96231028694e-05, 0.000101097517472, 5.15302344866e-05, 1.03407701317e-05, 1.03915840555e-06, 1.9828370057e-07, 1.12095840166e-07, 1.33934126012e-08, 6.21717510807e-10]
        dvar: [1.31429795432e-12, 5.18202636357e-09, 8.4137026235e-09, 5.15902698339e-08, 1.09024718142e-07, 1.86556601278e-08, 3.76211914954e-07, 7.60320801874e-08, 4.23679068717e-07, 5.73985516894e-08, 8.90094966621e-08, 2.50637235411e-08, 7.18060491067e-08, 1.46057628214e-08, 8.33450215509e-08, 5.57526114164e-09, 8.01047495003e-09, 8.95079299568e-09, 2.61252086631e-08, 1.94861833336e-08, 6.74253319843e-09, 2.03672537169e-10, 3.06109066046e-12, 1.22948648333e-13, 4.91246109004e-14, 6.32599568635e-16, 2.92277052295e-18]
        dvar2: [3.06238389682e-12, 1.25839303422e-08, 2.21081783991e-08, 1.28269434185e-07, 2.77796118553e-07, 4.42356089536e-08, 7.32575699658e-07, 2.10167073078e-07, 8.89354794253e-07, 1.24327414142e-07, 2.21109260679e-07, 5.74051526314e-08, 1.40628301892e-07, 2.8377876049e-08, 1.87308202726e-07, 1.36349598279e-08, 1.58790687266e-08, 2.06278745196e-08, 5.22757233057e-08, 4.2367570785e-08, 1.32798998465e-08, 4.00771610343e-10, 5.55902763058e-12, 2.1166560529e-13, 9.53478629059e-14, 1.09448102318e-15, 3.20587743029e-18]
        max: [1.34531774165e-05, 0.000720939715393, 0.000809277582448, 0.00236026570201, 0.00292347115465, 0.00245046964847, 0.0112416008487, 0.0035600704141, 0.00789582636207, 0.00328501197509, 0.00394653435796, 0.00187237281352, 0.00326800392941, 0.00118359655607, 0.00496856169775, 0.000686507031787, 0.0013789992081, 0.00121306988876, 0.00269937212579, 0.00129971723072, 0.000644288142212, 0.000141559808981, 1.80701026693e-05, 2.98595341519e-06, 2.22925814342e-06, 2.34874406146e-07, 3.43359012334e-08]
        mean: [9.79501919574e-07, 0.000133785535581, 7.05251804902e-05, 0.000277706218185, 0.000427392165875, 0.000230048011872, 0.000377184478566, 0.000173225998878, 0.000772650295403, 0.000203094838071, 0.000197903922526, 7.16522699804e-05, 0.000196949127712, 0.000125201317132, 0.000127704697661, 0.000101347031887, 0.00013096886687, 0.000131547320052, 0.000124368278193, 0.000104807280877, 5.82379980187e-05, 1.14711529022e-05, 1.09775805868e-06, 2.15130810943e-07, 1.1136435063e-07, 1.317918219e-08, 4.12956946416e-10]
        min: [1.11352899124e-10, 3.90254975002e-08, 1.9680494745e-07, 3.52130598458e-07, 1.75535205926e-06, 1.03067134205e-06, 1.69137661032e-06, 4.32060090816e-07, 2.48546621151e-06, 1.37568190439e-06, 8.45129079607e-07, 1.85826479537e-07, 7.31512784569e-07, 3.2763625768e-07, 5.75961848881e-07, 1.26797817757e-06, 1.02961314496e-06, 6.78505671203e-07, 5.45332000002e-07, 9.43606494275e-07, 3.66036204014e-07, 6.71903848115e-08, 8.21373902227e-09, 2.30842123194e-09, 9.9537200704e-10, 8.13167103098e-11, 1.35721159788e-13]
        var: [3.00659605719e-12, 1.24222276909e-08, 1.05282413898e-08, 1.3468066129e-07, 1.82850996566e-07, 9.90873019191e-08, 9.42571944051e-07, 1.14917511951e-07, 1.417794806e-06, 1.29690789663e-07, 1.88445810068e-07, 4.67349003941e-08, 1.54297765675e-07, 3.83875722321e-08, 1.16304192943e-07, 1.12084359571e-08, 3.1092305619e-08, 3.17844701669e-08, 6.15923951841e-08, 3.14729966533e-08, 1.22856489426e-08, 4.34835695229e-10, 5.3764917865e-12, 2.29040094182e-13, 7.70279564959e-14, 1.06619425203e-15, 3.02262238982e-18]
    mfcc:
        mean: [-762.892578125, 175.086486816, -67.026550293, 56.6689987183, -25.1154003143, 0.584929406643, -5.39155769348, -4.36659193039, 3.60026812553, -3.20396876335, -1.61713385582, -3.20997881889, -5.8480682373]
        cov: [[2811.66967773, -1025.90270996, -90.0567169189, -31.1997032166, -273.675079346, 59.5535507202, 65.6403427124, -75.1299972534, -11.1308288574, 100.169036865, 165.65763855, -83.510597229, -55.137348175], [-1025.90270996, 950.152893066, -194.109970093, -31.9746837616, 178.537963867, 5.81671762466, 25.1899814606, 89.0130615234, 70.4345397949, -0.146228060126, 4.11011123657, 16.3994846344, -21.1662063599], [-90.0567169189, -194.109970093, 514.806762695, 55.4886131287, 4.83616924286, 42.1175956726, 50.1959953308, -26.2468242645, -19.1746463776, -8.37901878357, -78.7848968506, -5.01950216293, 57.9881057739], [-31.1997032166, -31.9746837616, 55.4886131287, 232.811019897, -3.95918655396, -19.0183486938, 7.92470121384, -28.6059169769, 17.4727230072, 17.7123584747, 5.24788188934, -0.473359912634, -9.4369726181], [-273.675079346, 178.537963867, 4.83616924286, -3.95918655396, 256.18963623, 43.2755622864, -13.370672226, 47.8085441589, 24.5536384583, -9.4515504837, -32.2644233704, 2.59749245644, 10.6938972473], [59.5535507202, 5.81671762466, 42.1175956726, -19.0183486938, 43.2755622864, 168.359207153, 83.753288269, 28.1508407593, 9.17233181, 0.312316268682, -4.74106121063, -16.9987888336, -3.35270762444], [65.6403427124, 25.1899814606, 50.1959953308, 7.92470121384, -13.370672226, 83.753288269, 213.115936279, 29.054145813, 7.94213485718, -20.9424514771, 2.47872781754, -0.504343092442, 26.7113742828], [-75.1299972534, 89.0130615234, -26.2468242645, -28.6059169769, 47.8085441589, 28.1508407593, 29.054145813, 120.206634521, 35.6898193359, -1.64413058758, 17.7495384216, 9.84848308563, -6.8480181694], [-11.1308288574, 70.4345397949, -19.1746463776, 17.4727230072, 24.5536384583, 9.17233181, 7.94213485718, 35.6898193359, 113.365493774, 30.0445728302, 9.40262317657, 5.23874187469, -17.8662242889], [100.169036865, -0.146228060126, -8.37901878357, 17.7123584747, -9.4515504837, 0.312316268682, -20.9424514771, -1.64413058758, 30.0445728302, 127.100654602, 34.3473320007, -24.1149616241, -19.0999984741], [165.65763855, 4.11011123657, -78.7848968506, 5.24788188934, -32.2644233704, -4.74106121063, 2.47872781754, 17.7495384216, 9.40262317657, 34.3473320007, 129.526306152, 4.37085056305, -20.575717926], [-83.510597229, 16.3994846344, -5.01950216293, -0.473359912634, 2.59749245644, -16.9987888336, -0.504343092442, 9.84848308563, 5.23874187469, -24.1149616241, 4.37085056305, 118.200241089, 47.8842849731], [-55.137348175, -21.1662063599, 57.9881057739, -9.4369726181, 10.6938972473, -3.35270762444, 26.7113742828, -6.8480181694, -17.8662242889, -19.0999984741, -20.575717926, 47.8842849731, 91.049041748]]
        icov: [[0.000833091617096, 0.000999993528239, 0.000423567602411, 0.00026186965988, 7.13755071047e-05, -0.000198681795155, -0.000467588863103, 0.000268592790235, -0.000396397896111, -0.000356180942617, -0.000732163724024, 0.000327207817463, 0.000145983693074], [0.000999993528239, 0.00263178092428, 0.0010171913309, 0.000423383375164, -0.000893603370059, 0.000176947607542, -0.0010630559409, -5.87778449699e-05, -0.000896156299859, -0.000515030755196, -0.000674642447848, 0.000190422244486, 0.00049585691886], [0.000423567602411, 0.0010171913309, 0.00288903759792, -0.000550279743038, -7.17396105756e-05, -0.000612470088527, -0.000550500582904, 5.96968275204e-05, -0.000150274761836, -0.000509074132424, 0.00105411512777, 0.000653907191008, -0.00149416178465], [0.00026186965988, 0.000423383375164, -0.000550279743038, 0.00502955541015, -0.000524198519997, 0.000976393988822, -0.00102001952473, 0.00169353582896, -0.00107956689317, -0.000558026134968, -0.000727117119823, -0.00048210733803, 0.00141324684955], [7.13755071047e-05, -0.000893603370059, -7.17396105756e-05, -0.000524198519997, 0.00561057496816, -0.00195242208429, 0.00173462391831, -0.00179373985156, -0.000466363271698, 0.000383284408599, 0.00110135076102, 0.000649214955047, -0.0016514796298], [-0.000198681795155, 0.000176947607542, -0.000612470088527, 0.000976393988822, -0.00195242208429, 0.00872449204326, -0.00361575628631, -0.000560541113373, 0.000164740122273, -0.000566624978092, 0.000229876604863, 0.000281887449091, 0.00179844012018], [-0.000467588863103, -0.0010630559409, -0.000550500582904, -0.00102001952473, 0.00173462391831, -0.00361575628631, 0.00748402392492, -0.00161010725424, -0.000426847866038, 0.0017118883552, -0.000271575758234, 0.00111798837315, -0.00331298355013], [0.000268592790235, -5.87778449699e-05, 5.96968275204e-05, 0.00169353582896, -0.00179373985156, -0.000560541113373, -0.00161010725424, 0.0115490192547, -0.00298500410281, 0.000588615890592, -0.0020670867525, -0.00105988117866, 0.00144555082079], [-0.000396397896111, -0.000896156299859, -0.000150274761836, -0.00107956689317, -0.000466363271698, 0.000164740122273, -0.000426847866038, -0.00298500410281, 0.0116693656892, -0.00276760337874, 0.00115377828479, -0.00203876662999, 0.00253920978867], [-0.000356180942617, -0.000515030755196, -0.000509074132424, -0.000558026134968, 0.000383284408599, -0.000566624978092, 0.0017118883552, 0.000588615890592, -0.00276760337874, 0.0101690832525, -0.00254868180491, 0.0022685257718, -0.000771730963606], [-0.000732163724024, -0.000674642447848, 0.00105411512777, -0.000727117119823, 0.00110135076102, 0.000229876604863, -0.000271575758234, -0.0020670867525, 0.00115377828479, -0.00254868180491, 0.0108169307932, -0.00179564545397, 0.00153694895562], [0.000327207817463, 0.000190422244486, 0.000653907191008, -0.00048210733803, 0.000649214955047, 0.000281887449091, 0.00111798837315, -0.00105988117866, -0.00203876662999, 0.0022685257718, -0.00179564545397, 0.012511709705, -0.00760768493637], [0.000145983693074, 0.00049585691886, -0.00149416178465, 0.00141324684955, -0.0016514796298, 0.00179844012018, -0.00331298355013, 0.00144555082079, 0.00253920978867, -0.000771730963606, 0.00153694895562, -0.00760768493637, 0.018310431391]]
    spectral_contrast:
        mean: [-1.75312848683e-07, 1.59445878722e-08, -9.16231712722e-09, 1.05532642181e-07, 3.27170170067e-07, -1.96957472554e-07, 4.06884481663e-07, -5.68244729493e-07, 7.27673352685e-07, 1.70763166807e-06, 2.11017004403e-06, 2.36500750361e-06]
        var: [0.000892078795005, 0.00102878373582, 0.00198825378902, 0.00279805716127, 0.00381824397482, 0.00606924947351, 0.0538715198636, 0.112043179572, 0.150999650359, 0.406704396009, 0.426916629076, 1.96559607983]

rhythm:
    beats_loudness:
        dmean: 0.00369241950102
        dmean2: 0.0062977229245
        dvar: 7.88354736869e-06
        dvar2: 1.61225234478e-05
        max: 0.0107156382874
        mean: 0.00518330931664
        min: 0.000797980115749
        var: 1.20177946883e-05
    beats_loudness_bass:
        dmean: 0.121033623815
        dmean2: 0.202734410763
        dvar: 0.0153266899288
        dvar2: 0.0435674637556
        max: 0.440618246794
        mean: 0.105855323374
        min: 0.00158526643645
        var: 0.0141600128263
    bpm: 86.3556976318
    bpm_confidence: 0
    first_peak_bpm: 86
    first_peak_spread: 0
    first_peak_weight: 0.923076927662
    onset_rate: 4.08732128143
    second_peak_bpm: 117
    second_peak_spread: 0
    second_peak_weight: 0.0769230797887
    beats_position: [0.700507283211, 1.39464998245, 2.08879256248, 2.78293538094, 3.47707796097, 4.17122030258, 4.86536312103, 5.55950546265, 6.07158279419, 6.76761198044, 7.46364068985, 8.1596698761, 8.85569953918, 9.5517282486]
    bpm_estimates: [86.4271240234, 86.4323654175, 86.1571426392, 86.7904663086, 86.9125442505, 86.4546356201, 86.1862411499, 86.4880447388, 86.4032211304, 86.6232681274, 85.9469528198, 86.0401992798, 86.711769104, 85.9352874756, 86.0703887939, 86.0755691528, 86.3915405273]
    bpm_intervals: [0.694142699242, 0.694142580032, 0.694142818451, 0.694142580032, 0.694142341614, 0.694142818451, 0.694142341614, 0.512077331543, 0.696029186249, 0.696028709412, 0.696029186249, 0.696029663086, 0.696028709412]
    onset_times: [0.0348299331963, 0.174149662256, 0.325079351664, 0.49922901392, 0.696598649025, 0.835918366909, 1.17260766029, 1.55573701859, 1.764716506, 1.88081634045, 2.11301589012, 2.2523355484, 2.57741498947, 2.92571425438, 3.28562355042, 3.48299312592, 3.66875290871, 3.98222231865, 4.34213161469, 4.57433128357, 4.66721105576, 4.8994102478, 5.02712011337, 5.36380958557, 5.68888902664, 6.04879808426, 6.31582784653, 6.40870761871, 6.61768722534, 6.7570066452, 7.11691617966, 7.45360565186, 7.80190467834, 8.13859367371, 8.51011371613, 8.67265319824, 8.74231338501, 8.85841274261, 9.2067117691, 9.55501174927, 9.89170074463]
    rubato_start: []
    rubato_stop: []
    perceptual_tempo: "unknown"

sfx:
    inharmonicity:
        dmean: 0.0432469211519
        dmean2: 0.0754501521587
        dvar: 0.0025599503424
        dvar2: 0.00712033687159
        max: 0.386698633432
        mean: 0.0491704232991
        min: 0
        var: 0.00281614251435
    oddtoevenharmonicenergyratio:
        dmean: 2.63935470581
        dmean2: 4.77946853638
        dvar: 40.8384017944
        dvar2: 119.402114868
        max: 63.8515930176
        mean: 2.2215089798
        min: 0
        var: 30.4739990234
    pitch_after_max_to_before_max_energy_ratio: 1.1718994379
    pitch_centroid: 191.282714844
    pitch_max_to_total: 0.19212962687
    pitch_min_to_total: 0.689814805984
    tristimulus:
        dmean: [0.177221521735, 0.199079290032, 0.0896745398641]
        dmean2: [0.313066035509, 0.339904457331, 0.15360121429]
        dvar: [0.0333087556064, 0.0363838262856, 0.00950732827187]
        dvar2: [0.0873839184642, 0.102857679129, 0.0257772095501]
        max: [1, 0.934316813946, 0.544260442257]
        mean: [0.332134306431, 0.548607289791, 0.0990587994456]
        min: [0.0100133987144, 0, 0]
        var: [0.0440133139491, 0.0516063980758, 0.00996215175837]

tonal:
    chords_changes_rate: 0.0414746552706
    chords_number_rate: 0.0184331797063
    chords_strength:
        dmean: 0.00782077293843
        dmean2: 0.00702991662547
        dvar: 4.10756365454e-05
        dvar2: 3.82249781978e-05
        max: 0.741942405701
        mean: 0.595753610134
        min: 0.451783031225
        var: 0.00479373615235
    key_strength: 0.852212309837
    tuning_diatonic_strength: 0.765220999718
    tuning_equal_tempered_deviation: 0.0820485949516
    tuning_frequency: 449.764648438
    tuning_nontempered_energy_ratio: 0.741791784763
    hpcp:
        dmean: [0.155815094709, 0.131960555911, 0.0702884718776, 0.056397728622, 0.0724010542035, 0.139163613319, 0.140511959791, 0.127966046333, 0.0698062628508, 0.0617237985134, 0.0769455358386, 0.0881490036845, 0.103636234999, 0.0924524217844, 0.101017743349, 0.114892192185, 0.114063255489, 0.10011202842, 0.130481213331, 0.21661016345, 0.232260018587, 0.254554539919, 0.204350739717, 0.0985307618976, 0.0577171780169, 0.0365495383739, 0.080629825592, 0.105633549392, 0.0696061700583, 0.0485441051424, 0.0478973202407, 0.0676428005099, 0.0852856189013, 0.113778553903, 0.148611932993, 0.18013857305]
        dmean2: [0.272392243147, 0.224037826061, 0.1194043383, 0.0981007888913, 0.129119619727, 0.23720805347, 0.224931448698, 0.217308104038, 0.121783606708, 0.105359569192, 0.13381357491, 0.149906009436, 0.172443002462, 0.157886683941, 0.173655420542, 0.18597599864, 0.199761345983, 0.175859227777, 0.228758469224, 0.371165424585, 0.374721497297, 0.42219761014, 0.351993143559, 0.179593726993, 0.106725357473, 0.0648706555367, 0.128329887986, 0.1597648561, 0.112535648048, 0.0806871727109, 0.0829735323787, 0.1211014539, 0.152467831969, 0.18504601717, 0.258917719126, 0.303583323956]
        dvar: [0.045310806483, 0.0349647291005, 0.0124499555677, 0.0118405809626, 0.0134602468461, 0.0286965705454, 0.0311749204993, 0.0254662744701, 0.014938919805, 0.0173642933369, 0.0266128145158, 0.0240577571094, 0.0314161330462, 0.0253056008369, 0.024048211053, 0.0317414589226, 0.0404405668378, 0.0304792970419, 0.0442214794457, 0.0538162179291, 0.0456501878798, 0.0525035820901, 0.0430417098105, 0.0342363156378, 0.0211507342756, 0.00499566178769, 0.0147133963183, 0.022487487644, 0.008953708224, 0.0148999886587, 0.014128183946, 0.0252452883869, 0.0264796093106, 0.029965698719, 0.0455362126231, 0.0445648916066]
        dvar2: [0.118538312614, 0.0951401218772, 0.0274421665817, 0.0307640898973, 0.034854374826, 0.0822052285075, 0.0732312127948, 0.0663345977664, 0.0406369231641, 0.0320117510855, 0.0666024908423, 0.0597597844899, 0.0757431313396, 0.0650449991226, 0.0593158826232, 0.08103235811, 0.113032929599, 0.0746354311705, 0.110683307052, 0.142013818026, 0.106064066291, 0.134933412075, 0.113042794168, 0.0996332466602, 0.0609794333577, 0.0131200356409, 0.0351581424475, 0.0502192415297, 0.0205934084952, 0.0334652289748, 0.0314999744296, 0.0703762695193, 0.0707815885544, 0.0764047950506, 0.125918343663, 0.116836927831]
        max: [1, 1, 0.883696734905, 0.727345526218, 0.671506345272, 1, 1, 0.971557676792, 0.804809510708, 1, 1, 1, 1, 1, 1, 1, 1, 1, 1, 1, 1, 1, 1, 0.977180600166, 1, 0.531303942204, 0.909853756428, 1, 0.650043964386, 1, 1, 1, 1, 1, 1, 1]
        mean: [0.395234167576, 0.213502168655, 0.0644185766578, 0.0463164448738, 0.0625317022204, 0.206626430154, 0.316320896149, 0.184871956706, 0.060662727803, 0.0659828260541, 0.0765261873603, 0.106947883964, 0.135326191783, 0.111713543534, 0.119095370173, 0.154790893197, 0.132870867848, 0.108227655292, 0.131469860673, 0.264083862305, 0.536684274673, 0.557351946831, 0.266084462404, 0.0847490206361, 0.0450725145638, 0.0347222387791, 0.0984295383096, 0.151197552681, 0.0961064249277, 0.0485900454223, 0.0497023612261, 0.0564811863005, 0.0909564495087, 0.132809817791, 0.175822734833, 0.324349611998]
        min: [0.000637266144622, 0.000232354897889, 0.000178539339686, 0.00016472027346, 0.000433157489169, 0.00336853135377, 0.00417645508423, 0.00332870916463, 0.000391713780118, 0.000239654356847, 0.00034916982986, 0.000323012471199, 0.000349206064129, 0.000582141801715, 0.000591806659941, 0.000328899535816, 0.000176627014298, 0.000598714861553, 0.000351238471922, 0.000824656803161, 0.00794324465096, 0.00807128846645, 0.000444515317213, 0.000161224161275, 0.000101017176348, 0.000157107468112, 0.000961964309681, 0.00107377173845, 0.0011114384979, 0.000186904886505, 0.000165980614838, 0.000385810184525, 0.00142946455162, 0.0012592059793, 0.00133754126728, 0.000142333679833]
        var: [0.156202584505, 0.0674502626061, 0.0153143135831, 0.00948982778937, 0.0127246128395, 0.0554809384048, 0.104354172945, 0.0417294800282, 0.0131463659927, 0.0264100451022, 0.028885724023, 0.0350260771811, 0.0534697659314, 0.0364180989563, 0.038911037147, 0.0540177747607, 0.0494438633323, 0.0370292663574, 0.0435620732605, 0.0751453638077, 0.104983687401, 0.0984666571021, 0.0573399700224, 0.0290060769767, 0.0155363883823, 0.00516664376482, 0.01984911412, 0.0378734059632, 0.0141099253669, 0.016426352784, 0.0159341227263, 0.01773509942, 0.0245657227933, 0.042440790683, 0.0502090454102, 0.103563271463]
    chords_histogram: [48.387096405, 0, 44.7004623413, 2.30414748192, 0, 0, 0, 0, 0, 0, 4.14746522903, 0, 0, 0, 0, 0, 0, 0.460829496384, 0, 0, 0, 0, 0, 0]
    thpcp: [1, 0.477408319712, 0.15205655992, 0.0808690339327, 0.0622985884547, 0.176602125168, 0.27127841115, 0.172434002161, 0.0871801823378, 0.089175902307, 0.101338453591, 0.163193926215, 0.238287165761, 0.315460890532, 0.581947565079, 0.709128558636, 0.383065253496, 0.115579709411, 0.0831008926034, 0.112194284797, 0.370728820562, 0.567542433739, 0.331696987152, 0.108840972185, 0.118386283517, 0.137303173542, 0.191885724664, 0.242802038789, 0.200436264277, 0.21368072927, 0.277725577354, 0.238396704197, 0.194181889296, 0.235883027315, 0.473818868399, 0.962918102741]
    chords_key: "A"
    chords_scale: "major"
    key_key: "A"
    key_scale: "major"
    chords_progression: ["G#", "G#", "G#", "G#", "A", "A", "A", "A", "A", "A", "A", "A", "A", "A", "A", "E", "E", "E", "E", "E", "E", "E", "E", "E", "E", "E", "E", "E", "E", "E", "E", "E", "E", "E", "E", "E", "E", "E", "E", "E", "E", "E", "E", "E", "E", "E", "E", "E", "E", "E", "E", "E", "E", "E", "E", "E", "E", "E", "E", "E", "E", "E", "E", "E", "E", "E", "E", "E", "E", "G#m", "G#m", "A", "A", "A", "A", "A", "A", "A", "A", "A", "A", "A", "A", "A", "A", "A", "A", "A", "A", "A", "A", "A", "A", "A", "A", "A", "A", "A", "A", "A", "A", "A", "A", "A", "A", "A", "A", "A", "A", "A", "A", "A", "A", "A", "A", "A", "A", "A", "A", "A", "A", "A", "A", "A", "A", "A", "A", "A", "A", "A", "A", "A", "A", "A", "A", "A", "A", "A", "A", "A", "G#", "G#", "G#", "G#", "G#", "E", "E", "E", "E", "E", "E", "E", "E", "E", "E", "E", "E", "E", "E", "E", "E", "E", "E", "E", "E", "E", "E", "E", "E", "E", "E", "E", "E", "E", "E", "E", "E", "E", "E", "E", "E", "E", "E", "E", "E", "E", "E", "E", "G#m", "G#m", "G#m", "A", "A", "A", "A", "A", "A", "A", "A", "A", "A", "A", "A", "A", "A", "A", "A", "A", "A", "A", "A", "A", "A", "A", "A", "A", "Am"]
