
metadata:
    version:
        essentia: "1.2.2"
    audio_properties:
        analysis_sample_rate: 44100
        bitrate: 128
        channels: 2
        equal_loudness: 1
        length: 9.92653083801
        replay_gain: -14.0411586761
        downmix: "mix"
    tags:
        track: 4
        year: 0
        album: "Splitted by Mp3Splt v. 2.1"
        artist: "From 000.30 To 000.40"
        comment: "http://mp3splt.sf.net"
        genre: ""
        title: "08 Until the Next Life.mp3"

highlevel:
    ballroom:
        all:
            ChaChaCha: 0.0316426120698
            Jive: 0.440405130386
            Quickstep: 0.0569446310401
            Rumba-American: 0.00886080600321
            Rumba-International: 0.0256089773029
            Rumba-Misc: 0.0166757516563
            Samba: 0.0721582472324
            Tango: 0.0356449075043
            VienneseWaltz: 0.276636242867
            Waltz: 0.0354226976633
        probability: 0.440405130386
        value: "Jive"
    culture:
        all:
            non_western: 0.00450653024018
            western: 0.995493471622
        probability: 0.995493471622
        value: "western"
    gender:
        all:
            female: 0.527701437473
            male: 0.472298532724
        probability: 0.527701437473
        value: "female"
    genre_dortmund:
        all:
            alternative: 0.0707261934876
            blues: 0.024544198066
            electronic: 0.0060987053439
            folkcountry: 0.0767119750381
            funksoulrnb: 0.0100744012743
            jazz: 0.0215961318463
            pop: 0.0406351089478
            raphiphop: 0.0019359519938
            rock: 0.747677326202
        probability: 0.747677326202
        value: "rock"
    genre_electronica:
        all:
            ambient: 0.380091011524
            dnb: 0.112132273614
            house: 0.00987237039953
            techno: 0.0103883054107
            trance: 0.48751604557
        probability: 0.48751604557
        value: "trance"
    genre_rosamerica:
        all:
            cla: 0.0333932228386
            dan: 0.0107491929084
            hip: 0.00241249566898
            jaz: 0.00858196243644
            pop: 0.184066191316
            rhy: 0.0135101154447
            roc: 0.746562480927
            spe: 0.000724324781913
        probability: 0.746562480927
        value: "roc"
    genre_tzanetakis:
        all:
            blu: 0.0145296650007
            cla: 0.0443158783019
            cou: 0.659689724445
            dis: 0.0193053502589
            hip: 0.00246741320007
            jaz: 0.0158014819026
            met: 0.0117651224136
            pop: 0.0334105081856
            reg: 0.00457388628274
            roc: 0.194140970707
        probability: 0.659689724445
        value: "cou"
    live_studio:
        all:
            live: 0.134887367487
            studio: 0.865112662315
        probability: 0.865112662315
        value: "studio"
    mood:
        all:
            Cluster1: 0.314091384411
            Cluster2: 0.14625620842
            Cluster3: 0.271295309067
            Cluster4: 0.0895952656865
            Cluster5: 0.178761824965
        probability: 0.314091384411
        value: "Cluster1"
    mood_acoustic:
        all:
            acoustic: 0.00634282175452
            not_acoustic: 0.993657171726
        probability: 0.993657171726
        value: "not_acoustic"
    mood_aggressive:
        all:
            aggressive: 0.54445874691
            not_aggressive: 0.45554125309
        probability: 0.54445874691
        value: "aggressive"
    mood_electronic:
        all:
            electronic: 0.0578635558486
            not_electronic: 0.942136466503
        probability: 0.942136466503
        value: "not_electronic"
    mood_happy:
        all:
            happy: 0.81405121088
            not_happy: 0.185948804021
        probability: 0.81405121088
        value: "happy"
    mood_party:
        all:
            not_party: 0.636541247368
            party: 0.363458752632
        probability: 0.636541247368
        value: "not_party"
    mood_relaxed:
        all:
            not_relaxed: 0.868602991104
            relaxed: 0.131397023797
        probability: 0.868602991104
        value: "not_relaxed"
    mood_sad:
        all:
            not_sad: 0.777553677559
            sad: 0.222446337342
        probability: 0.777553677559
        value: "not_sad"
    rhythm:
        all:
            fast: 0.758212387562
            medium: 0.0827250555158
            slow: 0.159062564373
        probability: 0.758212387562
        value: "fast"
    speech_music:
        all:
            music: 0.999999403954
            speech: 6.25323139047e-07
        probability: 0.999999403954
        value: "music"
    timbre:
        all:
            bright: 0.983129799366
            dark: 0.0168701782823
        probability: 0.983129799366
        value: "bright"
    voice_instrumental:
        all:
            instrumental: 0.188610136509
            voice: 0.811389863491
        probability: 0.811389863491
        value: "voice"

lowlevel:
    average_loudness: 0.981239199638
    barkbands_kurtosis:
        dmean: 0.439010798931
        dmean2: 0.707824110985
        dvar: 0.313753604889
        dvar2: 0.808218240738
        max: 3.46342992783
        mean: -0.786863744259
        min: -1.77986681461
        var: 0.690205037594
    barkbands_skewness:
        dmean: 0.296843916178
        dmean2: 0.467553526163
        dvar: 0.0700261667371
        dvar2: 0.173214554787
        max: 2.17739725113
        mean: -0.166322857141
        min: -1.77336883545
        var: 0.443990498781
    barkbands_spread:
        dmean: 3.69663476944
        dmean2: 5.75202703476
        dvar: 11.3200397491
        dvar2: 26.9399223328
        max: 55.2409210205
        mean: 29.1617832184
        min: 13.1717567444
        var: 52.4401130676
    dissonance:
        dmean: 0.0190212298185
        dmean2: 0.0316080972552
        dvar: 0.00044736097334
        dvar2: 0.00108493107837
        max: 0.498748958111
        mean: 0.459197252989
        min: 0.190900415182
        var: 0.000792392005678
    hfc:
        dmean: 1.96356010437
        dmean2: 3.0808596611
        dvar: 4.15816068649
        dvar2: 10.0710840225
        max: 28.7972507477
        mean: 10.1687421799
        min: 0.148314133286
        var: 25.69140625
    pitch:
        dmean: 166.526229858
        dmean2: 325.791564941
        dvar: 358942.96875
        dvar2: 1115231.25
        max: 4009.09082031
        mean: 345.308441162
        min: 107.29927063
        var: 188650.15625
    pitch_instantaneous_confidence:
        dmean: 0.0797755494714
        dmean2: 0.124865189195
        dvar: 0.0057863756083
        dvar2: 0.012746443972
        max: 0.868079543114
        mean: 0.573049843311
        min: 0.216214895248
        var: 0.0251054279506
    pitch_salience:
        dmean: 0.0506051853299
        dmean2: 0.0799231007695
        dvar: 0.00175187154673
        dvar2: 0.00442271959037
        max: 0.885310053825
        mean: 0.602675020695
        min: 0.353705942631
        var: 0.00551771838218
    silence_rate_20dB:
        dmean: 0
        dmean2: 0
        dvar: 0
        dvar2: 0
        max: 1
        mean: 1
        min: 1
        var: 0
    silence_rate_30dB:
        dmean: 0
        dmean2: 0
        dvar: 0
        dvar2: 0
        max: 1
        mean: 1
        min: 1
        var: 0
    silence_rate_60dB:
        dmean: 0.0468384064734
        dmean2: 0.0938967168331
        dvar: 0.0446443855762
        dvar2: 0.0991642177105
        max: 1
        mean: 0.140186920762
        min: 0
        var: 0.120534799993
    spectral_centroid:
        dmean: 188.204269409
        dmean2: 303.720306396
        dvar: 28963.2324219
        dvar2: 74664.1796875
        max: 2544.04370117
        mean: 1739.81713867
        min: 587.337097168
        var: 145355.5
    spectral_complexity:
        dmean: 2.46823525429
        dmean2: 4.04481124878
        dvar: 6.06546115875
        dvar2: 12.7456283569
        max: 36
        mean: 16.1361503601
        min: 0
        var: 26.4884967804
    spectral_crest:
        dmean: 1.65132951736
        dmean2: 2.76371431351
        dvar: 2.55896091461
        dvar2: 6.21134471893
        max: 19.4739780426
        mean: 6.85042762756
        min: 2.8924612999
        var: 5.46340560913
    spectral_decrease:
        dmean: 2.17170781358e-10
        dmean2: 3.43202827269e-10
        dvar: 6.9187519009e-20
        dvar2: 1.61344964749e-19
        max: -3.5942474691e-11
        mean: -1.25823196306e-09
        min: -3.5023952627e-09
        var: 2.34835205886e-19
    spectral_energy:
        dmean: 0.000958546530455
        dmean2: 0.00151582446415
        dvar: 1.29482793909e-06
        dvar2: 2.97807832794e-06
        max: 0.0150275826454
        mean: 0.00567118963227
        min: 0.000149108251208
        var: 4.99787165609e-06
    spectral_energyband_high:
        dmean: 0.000101945915958
        dmean2: 0.000155091343913
        dvar: 2.355841211e-08
        dvar2: 5.04970714132e-08
        max: 0.00251302169636
        mean: 0.000302312488202
        min: 1.93139408111e-06
        var: 8.66545732947e-08
    spectral_energyband_low:
        dmean: 0.000108533669845
        dmean2: 0.000189284808584
        dvar: 6.81968757021e-08
        dvar2: 2.00204652856e-07
        max: 0.00257257302292
        mean: 0.000252383935731
        min: 4.23106575909e-06
        var: 7.28500708647e-08
    spectral_energyband_middle_high:
        dmean: 0.000635632895865
        dmean2: 0.000995803391561
        dvar: 3.6082658994e-07
        dvar2: 8.68145491495e-07
        max: 0.00858278572559
        mean: 0.0032283233013
        min: 6.58583230688e-05
        var: 2.89017862087e-06
    spectral_energyband_middle_low:
        dmean: 0.000581754429732
        dmean2: 0.000910347211175
        dvar: 5.87100828398e-07
        dvar2: 1.44530531543e-06
        max: 0.00917941518128
        mean: 0.00188816897571
        min: 7.64835276641e-05
        var: 1.289640295e-06
    spectral_flatness_db:
        dmean: 0.0116327116266
        dmean2: 0.0171875637025
        dvar: 9.87996754702e-05
        dvar2: 0.000223282724619
        max: 0.20451143384
        mean: 0.140855506063
        min: 0.0849717780948
        var: 0.000428947911132
    spectral_flux:
        dmean: 0.00774212740362
        dmean2: 0.0120430681854
        dvar: 6.1399587139e-05
        dvar2: 0.000129020700115
        max: 0.0848362743855
        mean: 0.0392316319048
        min: 0.0156753845513
        var: 0.000174231143319
    spectral_kurtosis:
        dmean: 0.725747585297
        dmean2: 1.17676818371
        dvar: 0.494532614946
        dvar2: 1.23411095142
        max: 13.3862094879
        mean: 3.31393957138
        min: -0.904156446457
        var: 2.29969477654
    spectral_rms:
        dmean: 0.000199484507903
        dmean2: 0.000309431896312
        dvar: 4.92707137312e-08
        dvar2: 9.74868044068e-08
        max: 0.00382897583768
        mean: 0.00230100168847
        min: 0.000381407211535
        var: 2.38254756368e-07
    spectral_rolloff:
        dmean: 283.022094727
        dmean2: 478.047210693
        dvar: 118062.5625
        dvar2: 289987.5625
        max: 5189.50195312
        mean: 3152.44091797
        min: 689.0625
        var: 247328.203125
    spectral_skewness:
        dmean: 0.113895103335
        dmean2: 0.17850677669
        dvar: 0.0114550050348
        dvar2: 0.0228846315295
        max: 3.34823489189
        mean: 1.49480545521
        min: 0.526923000813
        var: 0.0630081444979
    spectral_spread:
        dmean: 499700.96875
        dmean2: 667588.875
        dvar: 364567396352
        dvar2: 574692917248
        max: 13150898
        mean: 5437216
        min: 3423387.25
        var: 1.58320531866e+12
    spectral_strongpeak:
        dmean: 0.626684904099
        dmean2: 1.04040801525
        dvar: 0.65931135416
        dvar2: 1.66477417946
        max: 5.50231695175
        mean: 1.73402798176
        min: 0.00373998726718
        var: 2.55006885529
    zerocrossingrate:
        dmean: 0.00610983464867
        dmean2: 0.00760290771723
        dvar: 3.13636119245e-05
        dvar2: 4.38082279288e-05
        max: 0.1474609375
        mean: 0.0972378849983
        min: 0.01953125
        var: 0.00023747853993
    barkbands:
        dmean: [1.49952228412e-07, 4.05526370741e-05, 8.42473018565e-05, 0.000117234660138, 0.000259520573309, 0.000170588406036, 9.85171136563e-05, 0.000139189636684, 0.000180776929483, 0.000111003042548, 8.63346358528e-05, 3.14779390465e-05, 4.4580676331e-05, 6.78587166476e-05, 9.11896349862e-05, 0.000179070542799, 0.000306566071231, 0.000134094720124, 0.000214711777517, 0.000120591597806, 3.3563170291e-05, 1.98761172214e-05, 7.13042254574e-06, 4.94064943268e-06, 2.32665252042e-06, 1.47303950371e-07, 3.90403542827e-10]
        dmean2: [2.42427574904e-07, 7.3712770245e-05, 0.000143970944919, 0.000193852174561, 0.000453463988379, 0.000286320195301, 0.00015279512445, 0.000209458361496, 0.000269216106972, 0.000168463942828, 0.000122604789794, 4.81418355776e-05, 7.12275068508e-05, 0.000106745144876, 0.000135444366606, 0.000261041452177, 0.000494217732921, 0.000211534104892, 0.000350630522007, 0.00019085839449, 5.22560585523e-05, 3.14926946885e-05, 1.05826638901e-05, 7.72902330937e-06, 3.60961962542e-06, 2.3020359663e-07, 6.86841916675e-10]
        dvar: [1.65050617488e-13, 9.17142362056e-09, 3.75352371407e-08, 3.6060637143e-08, 3.97213966608e-07, 5.6042136265e-08, 2.43035316316e-08, 7.43309200857e-08, 6.62926709083e-08, 3.00418889765e-08, 2.02458316778e-08, 5.26840970849e-09, 3.06914071935e-09, 1.57997721573e-08, 2.90079178455e-08, 7.3104693854e-08, 1.18013396389e-07, 2.70046296436e-08, 5.54260850549e-08, 3.11749666082e-08, 3.88823062636e-09, 7.49056761062e-10, 2.77721540209e-10, 1.74325290314e-10, 3.13705068866e-11, 2.7852809577e-13, 1.10155745571e-18]
        dvar2: [4.14219439998e-13, 2.71727138568e-08, 1.07167707597e-07, 9.27399668171e-08, 1.09040593088e-06, 1.37987015592e-07, 5.71386777892e-08, 1.54537019625e-07, 1.42134581438e-07, 5.91160826957e-08, 4.75436827685e-08, 1.17121041754e-08, 7.6209545341e-09, 3.35656658024e-08, 6.08510433153e-08, 1.40914806934e-07, 3.27924254862e-07, 6.15584312413e-08, 1.36847006615e-07, 7.63206671195e-08, 7.87775089606e-09, 1.70906888641e-09, 6.43641029363e-10, 4.26126217645e-10, 7.38834132763e-11, 6.69972920458e-13, 2.34006727634e-18]
        max: [4.472263754e-06, 0.000857947161421, 0.00173416687176, 0.00182342878543, 0.00774285942316, 0.00256075710058, 0.00233424641192, 0.00361731997691, 0.00357128982432, 0.00226472946815, 0.00174796883948, 0.00117642548867, 0.000685771054123, 0.00153544696514, 0.00224755587988, 0.00448539247736, 0.00348556181416, 0.00174784101546, 0.00228479574434, 0.00209563178942, 0.0010984580731, 0.000318670790875, 0.000274338322924, 0.000222649323405, 9.22245380934e-05, 8.6750542323e-06, 2.03701997492e-08]
        mean: [1.51524162106e-07, 5.23322451045e-05, 0.000199907502974, 0.00016517212498, 0.000411049870308, 0.000375325529603, 0.000205040356377, 0.000272245815722, 0.000392782269046, 0.000224693663768, 0.000190257997019, 6.25771208433e-05, 8.46365946927e-05, 0.000143918950926, 0.000183261960046, 0.00063241989119, 0.000747988699004, 0.000311093230266, 0.000565304595511, 0.000280946667772, 7.99257250037e-05, 5.39025932085e-05, 1.84298478416e-05, 1.21523125927e-05, 5.43877331438e-06, 2.39634800892e-07, 4.50947418296e-10]
        min: [3.22675275388e-10, 2.12230162333e-07, 8.1259554463e-07, 5.33729405561e-07, 1.04220189314e-05, 2.9512339097e-06, 8.04168030299e-06, 2.23277743316e-06, 5.60139415029e-06, 2.40236863647e-06, 5.42982616025e-06, 1.67567395692e-06, 2.39978658101e-06, 1.34853939926e-06, 3.43482554399e-07, 2.54500008623e-07, 6.15204044152e-06, 3.19444575325e-06, 5.11038660989e-06, 2.48511355494e-06, 3.84319292834e-07, 2.68327312369e-07, 4.56933513249e-08, 3.68172337062e-08, 2.99701987672e-08, 5.00042540708e-09, 4.11864390249e-13]
        var: [1.74784232226e-13, 8.97339003103e-09, 4.62939446777e-08, 4.11059701833e-08, 6.31028342468e-07, 1.32181568802e-07, 6.64750388069e-08, 2.08001779356e-07, 2.32255743526e-07, 9.90647066601e-08, 6.75523708082e-08, 1.42684415394e-08, 1.17830367685e-08, 5.11598408082e-08, 6.39949391257e-08, 6.39100278477e-07, 4.76940101635e-07, 7.13106373951e-08, 1.46241475818e-07, 9.0599179714e-08, 1.09819042748e-08, 2.10489026209e-09, 5.96331040104e-10, 2.81812378988e-10, 5.38147651441e-11, 3.65009183902e-13, 2.08923054585e-18]
    mfcc:
        mean: [-680.655883789, 96.9989929199, -44.1381988525, 41.8008651733, -10.8270053864, -18.7117958069, -10.6903266907, 2.76969718933, -3.56845450401, -4.12958574295, -5.68698263168, -5.85669517517, -5.19034528732]
        cov: [[813.827148438, -346.994750977, 6.11230754852, 31.0878353119, 101.410217285, 3.69219851494, -81.6967315674, -4.99980115891, 15.6589736938, 71.8822479248, -124.365127563, -45.3008079529, 16.2546024323], [-346.994750977, 435.231018066, -94.950920105, -12.0186605453, -152.745483398, 58.7309608459, 120.665779114, 30.2546787262, -14.1118173599, 50.301410675, 174.361816406, 17.133146286, -27.2279167175], [6.11230754852, -94.950920105, 205.960220337, 34.3135261536, 32.4369430542, -0.667227447033, -25.2640342712, -23.6371154785, -1.3763884306, -21.4914665222, -37.3978805542, -2.62644696236, -15.3920278549], [31.0878353119, -12.0186605453, 34.3135261536, 157.946411133, 42.7874755859, -11.023317337, -40.0877838135, 0.481907457113, 31.8648166656, -26.4772796631, -23.4110298157, 14.2692804337, 18.4651203156], [101.410217285, -152.745483398, 32.4369430542, 42.7874755859, 228.161468506, -21.3370742798, -77.849357605, 7.04977846146, 65.0099334717, -11.5385246277, -77.9232177734, 24.6433334351, 26.0315437317], [3.69219851494, 58.7309608459, -0.667227447033, -11.023317337, -21.3370742798, 118.839302063, 69.684753418, 11.9004917145, -4.17725229263, 38.7762451172, 39.2781906128, -10.0213336945, -20.7549514771], [-81.6967315674, 120.665779114, -25.2640342712, -40.0877838135, -77.849357605, 69.684753418, 158.303512573, 15.6937246323, -15.4687986374, 36.515296936, 77.3085327148, 2.17660021782, -15.4969873428], [-4.99980115891, 30.2546787262, -23.6371154785, 0.481907457113, 7.04977846146, 11.9004917145, 15.6937246323, 74.3048629761, 6.10429477692, 29.772605896, 15.067697525, 1.25533866882, 2.29992437363], [15.6589736938, -14.1118173599, -1.3763884306, 31.8648166656, 65.0099334717, -4.17725229263, -15.4687986374, 6.10429477692, 86.6982421875, -5.53678941727, -0.195172891021, 16.7642478943, 9.13824939728], [71.8822479248, 50.301410675, -21.4914665222, -26.4772796631, -11.5385246277, 38.7762451172, 36.515296936, 29.772605896, -5.53678941727, 137.987548828, 42.7995872498, -25.0977153778, -20.6809463501], [-124.365127563, 174.361816406, -37.3978805542, -23.4110298157, -77.9232177734, 39.2781906128, 77.3085327148, 15.067697525, -0.195172891021, 42.7995872498, 144.791992188, 17.8887748718, -16.0126152039], [-45.3008079529, 17.133146286, -2.62644696236, 14.2692804337, 24.6433334351, -10.0213336945, 2.17660021782, 1.25533866882, 16.7642478943, -25.0977153778, 17.8887748718, 67.8995056152, 22.3714408875], [16.2546024323, -27.2279167175, -15.3920278549, 18.4651203156, 26.0315437317, -20.7549514771, -15.4969873428, 2.29992437363, 9.13824939728, -20.6809463501, -16.0126152039, 22.3714408875, 64.9474182129]]
        icov: [[0.0026265787892, 0.00277019524947, 0.0010935330065, -0.0010139363585, 0.000789379584603, -0.000966245424934, 0.000340004975442, 0.000335200224072, -0.000386862637242, -0.00229288102128, 0.000148865772644, 0.000133792142151, -0.000189558282727], [0.00277019524947, 0.0084637477994, 0.00269558303989, -0.00245230505243, 0.00265564746223, -0.00131962238811, -0.000449083308922, -0.000456111214589, -0.00041327974759, -0.00235132849775, -0.0045385863632, -0.000721892691217, 0.00105298659764], [0.0010935330065, 0.00269558303989, 0.00662965187803, -0.00207055360079, 8.20071945782e-05, -0.000928347348236, -9.13670373848e-05, 0.00140542339068, 0.000702286022715, -0.000569908006582, -0.000212481725612, -0.000596663856413, 0.00248798285611], [-0.0010139363585, -0.00245230505243, -0.00207055360079, 0.00853805057704, -0.000478826463223, -0.000455606292235, 0.00181998999324, -0.000715909874998, -0.00229017948732, 0.00166743178852, 0.00123971386347, -0.000391865003621, -0.00189271313138], [0.000789379584603, 0.00265564746223, 8.20071945782e-05, -0.000478826463223, 0.00962110515684, -0.00179877958726, 0.00244359229691, -0.00119813159108, -0.00562870549038, -0.00253920257092, 0.00308102183044, -0.00401315651834, -0.000608840608038], [-0.000966245424934, -0.00131962238811, -0.000928347348236, -0.000455606292235, -0.00179877958726, 0.0130215790123, -0.00555121712387, -0.000277329148958, 0.000530121964402, -0.000622813822702, -0.000851197110023, 0.00167531101033, 0.0021057529375], [0.000340004975442, -0.000449083308922, -9.13670373848e-05, 0.00181998999324, 0.00244359229691, -0.00555121712387, 0.0121396454051, -0.000963666592725, -0.000353575393092, -0.000638840196189, -0.00218587322161, -0.00142002489883, -0.000838565290906], [0.000335200224072, -0.000456111214589, 0.00140542339068, -0.000715909874998, -0.00119813159108, -0.000277329148958, -0.000963666592725, 0.0158495604992, -0.000312676245812, -0.0034223778639, 0.000310600938974, -0.000258872314589, -0.00101813278161], [-0.000386862637242, -0.00041327974759, 0.000702286022715, -0.00229017948732, -0.00562870549038, 0.000530121964402, -0.000353575393092, -0.000312676245812, 0.0167101938277, 0.00120633409824, -0.00318791833706, -0.000517959182616, 0.000518676883075], [-0.00229288102128, -0.00235132849775, -0.000569908006582, 0.00166743178852, -0.00253920257092, -0.000622813822702, -0.000638840196189, -0.0034223778639, 0.00120633409824, 0.0125848194584, -0.00367172854021, 0.00455331383273, 0.00113037216943], [0.000148865772644, -0.0045385863632, -0.000212481725612, 0.00123971386347, 0.00308102183044, -0.000851197110023, -0.00218587322161, 0.000310600938974, -0.00318791833706, -0.00367172854021, 0.0176070742309, -0.00582230929285, 0.00124360295013], [0.000133792142151, -0.000721892691217, -0.000596663856413, -0.000391865003621, -0.00401315651834, 0.00167531101033, -0.00142002489883, -0.000258872314589, -0.000517959182616, 0.00455331383273, -0.00582230929285, 0.0221671853215, -0.00610019126907], [-0.000189558282727, 0.00105298659764, 0.00248798285611, -0.00189271313138, -0.000608840608038, 0.0021057529375, -0.000838565290906, -0.00101813278161, 0.000518676883075, 0.00113037216943, 0.00124360295013, -0.00610019126907, 0.0204614307731]]
    spectral_contrast:
        mean: [3.51655160102e-07, 3.87465178164e-07, 3.84203353576e-08, 9.42515967495e-08, -6.62332126922e-08, 5.36581730159e-08, -2.17710862671e-06, 2.58720547208e-06, 2.91209266834e-06, -7.17774241821e-07, -2.56747707539e-08, 1.5250953993e-06]
        var: [0.000364957290003, 0.00101776409429, 0.00177719176281, 0.00201834226027, 0.00317333103158, 0.00406377762556, 0.0456741303205, 0.060048006475, 0.089547932148, 0.184210121632, 0.362165391445, 0.668251335621]

rhythm:
    beats_loudness:
        dmean: 0.00222733197734
        dmean2: 0.00381946354173
        dvar: 2.83355075226e-06
        dvar2: 7.76458819018e-06
        max: 0.0108345942572
        mean: 0.00660116551444
        min: 0.00166751188226
        var: 4.51501546195e-06
    beats_loudness_bass:
        dmean: 0.0474351719022
        dmean2: 0.0851068347692
        dvar: 0.0014859176008
        dvar2: 0.00282164034434
        max: 0.186192929745
        mean: 0.0682662129402
        min: 0.0122227277607
        var: 0.00253656296991
    bpm: 135.229858398
    bpm_confidence: 0
    first_peak_bpm: 90
    first_peak_spread: 0
    first_peak_weight: 0.470588237047
    onset_rate: 2.82072377205
    second_peak_bpm: 135
    second_peak_spread: 0
    second_peak_weight: 0.470588237047
    beats_position: [0.234743192792, 0.898233652115, 1.56172406673, 2.22521448135, 2.88870501518, 3.55219531059, 4.21568584442, 4.87917661667, 5.54266691208, 6.06904315948, 6.51273918152, 6.95643568039, 7.40013170242, 7.84382772446, 8.28752422333, 8.73122024536, 9.1749162674, 9.61861228943]
    bpm_estimates: [135.137954712, 135.894760132, 136.039505005, 134.44480896, 134.6900177, 135.073410034, 135.328536987]
    bpm_intervals: [0.663490474224, 0.663490414619, 0.663490414619, 0.663490533829, 0.66349029541, 0.663490533829, 0.663490772247, 0.66349029541, 0.526376247406, 0.443696022034, 0.443696498871, 0.443696022034, 0.443696022034, 0.443696498871, 0.443696022034, 0.443696022034, 0.443696022034]
    onset_times: [0.0464399084449, 0.232199549675, 0.46439909935, 1.57895696163, 2.17106580734, 2.4497051239, 2.94893431664, 3.14630389214, 3.27401351929, 3.3785033226, 3.83129262924, 4.07510185242, 4.28408145905, 4.46984148026, 4.59755086899, 5.15482997894, 5.61922883987, 5.7701587677, 6.03718805313, 6.52480745316, 6.5596370697, 6.9543762207, 7.41877555847, 7.9644446373, 8.74231338501, 9.19510173798, 9.63628101349, 9.83365058899]
    rubato_start: [6.51273918152]
    rubato_stop: [9.61861228943]
    perceptual_tempo: "unknown"

sfx:
    inharmonicity:
        dmean: 0.0543598793447
        dmean2: 0.0966603830457
        dvar: 0.00533234840259
        dvar2: 0.0153753068298
        max: 0.416971296072
        mean: 0.056515712291
        min: 0
        var: 0.00474302610382
    oddtoevenharmonicenergyratio:
        dmean: 2.12579679489
        dmean2: 3.79072618484
        dvar: 10.9807901382
        dvar2: 31.8105373383
        max: 25.6574325562
        mean: 1.89354395866
        min: 0
        var: 9.15303134918
    pitch_after_max_to_before_max_energy_ratio: 0.734845519066
    pitch_centroid: 208.87171936
    pitch_max_to_total: 0.45539906621
    pitch_min_to_total: 0.976525843143
    tristimulus:
        dmean: [0.157276794314, 0.216224744916, 0.14189954102]
        dmean2: [0.275453805923, 0.377662688494, 0.258005619049]
        dvar: [0.0258445609361, 0.0380247011781, 0.0182767063379]
        dvar2: [0.0725376605988, 0.109068974853, 0.0549663007259]
        max: [1, 0.904689848423, 0.596796512604]
        mean: [0.316256314516, 0.520358383656, 0.133051663637]
        min: [0.00175951840356, 0, 0]
        var: [0.0318908691406, 0.0509541034698, 0.0214707423002]

tonal:
    chords_changes_rate: 0.0280373822898
    chords_number_rate: 0.0186915881932
    chords_strength:
        dmean: 0.00637370115146
        dmean2: 0.00589226651937
        dvar: 3.03963115584e-05
        dvar2: 3.00876599795e-05
        max: 0.64824026823
        mean: 0.512108206749
        min: 0.297820627689
        var: 0.00954126380384
    key_strength: 0.645515561104
    tuning_diatonic_strength: 0.538530528545
    tuning_equal_tempered_deviation: 0.0765844136477
    tuning_frequency: 440.763122559
    tuning_nontempered_energy_ratio: 0.662273466587
    hpcp:
        dmean: [0.148577183485, 0.117860034108, 0.0765629857779, 0.0673805102706, 0.0649402216077, 0.0954370349646, 0.115955606103, 0.0766971185803, 0.104982055724, 0.135390624404, 0.117843188345, 0.0738157778978, 0.0672723650932, 0.0908795669675, 0.103096835315, 0.116991437972, 0.0793098062277, 0.101655527949, 0.132382944226, 0.134744346142, 0.16148763895, 0.189800143242, 0.131164625287, 0.0636130869389, 0.0479153618217, 0.0372284799814, 0.0502382554114, 0.0845670551062, 0.0817688181996, 0.0938997119665, 0.134630456567, 0.106893107295, 0.0941817387938, 0.117992445827, 0.0968867540359, 0.142994403839]
        dmean2: [0.251073807478, 0.189368993044, 0.11937289685, 0.115702077746, 0.109610959888, 0.154894217849, 0.185112804174, 0.12800014019, 0.175417199731, 0.21754938364, 0.194103181362, 0.127439290285, 0.110087670386, 0.14381287992, 0.164511799812, 0.190543919802, 0.137067109346, 0.167517378926, 0.236130878329, 0.2326887995, 0.257120966911, 0.299933105707, 0.210949376225, 0.106350429356, 0.0815538987517, 0.063434869051, 0.0842396989465, 0.139874637127, 0.132034987211, 0.154730737209, 0.204454779625, 0.169542208314, 0.163945272565, 0.213333055377, 0.166649222374, 0.239394113421]
        dvar: [0.0351398289204, 0.020193843171, 0.0130856772885, 0.0197620652616, 0.0160075444728, 0.0169479325414, 0.0184154734015, 0.00913405697793, 0.0174302812666, 0.0288556553423, 0.0215722471476, 0.0206106454134, 0.0175829883665, 0.0147221758962, 0.0309047941118, 0.0242808014154, 0.0253358688205, 0.0316417627037, 0.0564866438508, 0.04735121876, 0.0318141020834, 0.0393165834248, 0.0169193092734, 0.0083057070151, 0.00788974296302, 0.00587092433125, 0.00577170914039, 0.0173904038966, 0.0172893889248, 0.018392149359, 0.0221367087215, 0.0156168453395, 0.0232556406409, 0.0460848771036, 0.0217868033797, 0.03960705176]
        dvar2: [0.0796654745936, 0.0502152703702, 0.028434894979, 0.0519381947815, 0.0393267385662, 0.0423376820982, 0.0425359755754, 0.0222159475088, 0.0489756651223, 0.0724337249994, 0.0608497522771, 0.0503002367914, 0.0409592874348, 0.0303045511246, 0.0685016736388, 0.0619966499507, 0.0564536377788, 0.063157454133, 0.135823816061, 0.130678743124, 0.0624343194067, 0.0797756537795, 0.0372633971274, 0.0210819169879, 0.0187687762082, 0.0124993743375, 0.0145069314167, 0.0455760061741, 0.0377745889127, 0.0430275946856, 0.0473560243845, 0.0296429954469, 0.0571691170335, 0.13384591043, 0.0609560012817, 0.10256074369]
        max: [1, 1, 1, 1, 1, 1, 1, 1, 1, 1, 1, 1, 1, 1, 1, 1, 1, 1, 1, 1, 1, 1, 1, 0.872207581997, 0.662928342819, 0.707346379757, 0.531701922417, 1, 1, 1, 1, 1, 1, 1, 1, 1]
        mean: [0.339725881815, 0.236842274666, 0.11723048985, 0.073616117239, 0.0761468634009, 0.186616525054, 0.284868299961, 0.17714227736, 0.172019526362, 0.288346856833, 0.206621155143, 0.0954956412315, 0.0884258449078, 0.218264520168, 0.346994161606, 0.230048403144, 0.104080118239, 0.114263609052, 0.134069412947, 0.155286848545, 0.380270034075, 0.553466141224, 0.306420892477, 0.0772114247084, 0.0504983998835, 0.0450890548527, 0.0715723633766, 0.12749530375, 0.141167968512, 0.188277870417, 0.269483864307, 0.200180158019, 0.147771909833, 0.141945034266, 0.123187534511, 0.250966519117]
        min: [0.01101370994, 0.00756410183385, 0.00118130689953, 0.00104929727968, 0.000835869810544, 0.00723752658814, 0.00953876692802, 0.0091019095853, 0.00242107501253, 0.00126864819322, 0.000516172149219, 0.00118919007946, 0.0015274239704, 0.00260959845036, 0.00416309107095, 0.00599122187123, 0.00352144241333, 0.0018666589167, 0.000533945101779, 0.00177169882227, 0.0273839328438, 0.0621015615761, 0.00755020370707, 0.00083707581507, 0.000757853442337, 0.000600303290412, 0.00262536620721, 0.00237415567972, 0.00365274585783, 0.0097020259127, 0.0105585232377, 0.0104059968144, 0.00398984877393, 0.00297900731675, 0.00232824729756, 0.00248371111229]
        var: [0.104043744504, 0.047833673656, 0.0205707736313, 0.0158810522407, 0.0189485028386, 0.0346778146923, 0.0612165555358, 0.0240458194166, 0.0317929163575, 0.0785760805011, 0.0359073840082, 0.0202079173177, 0.0220159050077, 0.0572519339621, 0.155192837119, 0.0553188472986, 0.0355636924505, 0.0428835861385, 0.0620316304266, 0.0546737462282, 0.0740617290139, 0.0940116867423, 0.0335504971445, 0.00936976633966, 0.00795760750771, 0.00606910698116, 0.00656389258802, 0.020019961521, 0.0364877954125, 0.0451107881963, 0.048588771373, 0.0311950463802, 0.0312663912773, 0.0350539647043, 0.027486814186, 0.0803514048457]
    chords_histogram: [48.5981292725, 26.6355133057, 15.4205608368, 0, 0, 0, 0, 0, 9.34579467773, 0, 0, 0, 0, 0, 0, 0, 0, 0, 0, 0, 0, 0, 0, 0]
    thpcp: [1, 0.553639829159, 0.139505237341, 0.0912402719259, 0.0814666897058, 0.129316613078, 0.230357915163, 0.255061626434, 0.340179562569, 0.486902177334, 0.361684560776, 0.266993582249, 0.256465613842, 0.222574651241, 0.453445106745, 0.613815128803, 0.427925497293, 0.211811497808, 0.133009254932, 0.137581795454, 0.337177842855, 0.514698684216, 0.320059835911, 0.310804069042, 0.520983755589, 0.37332212925, 0.172541067004, 0.159767404199, 0.3943592906, 0.626947402954, 0.415650367737, 0.188051462173, 0.20645095408, 0.242235973477, 0.280571550131, 0.687070071697]
    chords_key: "A"
    chords_scale: "minor"
    key_key: "A"
    key_scale: "minor"
    chords_progression: ["C#m", "C#m", "C#m", "C#m", "C#m", "C#m", "C#m", "C", "C", "C", "C", "C", "C", "Am", "C#m", "C#m", "C#m", "C#m", "C#m", "C#m", "C#m", "C#m", "C#m", "C#m", "C#m", "C#m", "C#m", "C", "C", "C", "C", "C", "C", "C", "C", "C", "C", "C", "C", "C", "C", "C", "C", "C", "C", "C", "C", "C", "C", "C", "C", "C", "C", "C", "C", "C", "C", "C", "C", "C", "C", "C", "C", "C", "C", "C", "C", "C", "C", "C", "C", "C", "C", "C", "C", "C", "C", "C", "Am", "Am", "Am", "Am", "Am", "Am", "Am", "Am", "Am", "Am", "Am", "Am", "Am", "Am", "Am", "Am", "Am", "Am", "Am", "Am", "Am", "Am", "Am", "Am", "Am", "Am", "Am", "Am", "Am", "Am", "Am", "Am", "Am", "Am", "Am", "Am", "Am", "Am", "Am", "Am", "Am", "Am", "Am", "Am", "Am", "Am", "Am", "Am", "Am", "Am", "Am", "Am", "Am", "Am", "Am", "Am", "Am", "Am", "Am", "Am", "Am", "Am", "Am", "Am", "Am", "Am", "Am", "Am", "Am", "Am", "Am", "Am", "Am", "Am", "Am", "Am", "Am", "Am", "Am", "Am", "Am", "Am", "Am", "Am", "Am", "Am", "Am", "Am", "Am", "Am", "Am", "Am", "Am", "Am", "Am", "Am", "Am", "Am", "Am", "Am", "Am", "Am", "Am", "Em", "Em", "Em", "Em", "Em", "Em", "Em", "Em", "Em", "Em", "Em", "Em", "Em", "Em", "Em", "Em", "Em", "Em", "Em", "Em", "Em", "Em", "Em", "Em", "Em", "Em", "Em", "Em", "Em", "Em", "Em", "Em", "Em"]
