
metadata:
    version:
        essentia: "1.2.2"
    audio_properties:
        analysis_sample_rate: 44100
        bitrate: 128
        channels: 2
        equal_loudness: 1
        length: 10.0048980713
        replay_gain: -10.7221546173
        downmix: "mix"
    tags:
        track: 17
        year: 0
        album: "Splitted by Mp3Splt v. 2.1"
        artist: "From 002.40 To 002.50"
        comment: "http://mp3splt.sf.net"
        genre: ""
        title: "01 In the Shadow of a Gun.mp3"

highlevel:
    ballroom:
        all:
            ChaChaCha: 0.175923019648
            Jive: 0.0928338468075
            Quickstep: 0.181161388755
            Rumba-American: 0.0242417994887
            Rumba-International: 0.060848582536
            Rumba-Misc: 0.0343906506896
            Samba: 0.401839643717
            Tango: 0.0114897210151
            VienneseWaltz: 0.00759188458323
            Waltz: 0.00967946462333
        probability: 0.401839643717
        value: "Samba"
    culture:
        all:
            non_western: 0.880651950836
            western: 0.119348049164
        probability: 0.880651950836
        value: "non_western"
    gender:
        all:
            female: 0.926063776016
            male: 0.0739362537861
        probability: 0.926063776016
        value: "female"
    genre_dortmund:
        all:
            alternative: 0.0682364180684
            blues: 0.0139718325809
            electronic: 0.512131094933
            folkcountry: 0.0175586529076
            funksoulrnb: 0.0651172101498
            jazz: 0.0342202708125
            pop: 0.0539885535836
            raphiphop: 0.123922549188
            rock: 0.110853433609
        probability: 0.512131094933
        value: "electronic"
    genre_electronica:
        all:
            ambient: 0.297586381435
            dnb: 0.0856525450945
            house: 0.400469332933
            techno: 0.0785000175238
            trance: 0.137791723013
        probability: 0.400469332933
        value: "house"
    genre_rosamerica:
        all:
            cla: 0.0153622999787
            dan: 0.324198067188
            hip: 0.0459717698395
            jaz: 0.0286051854491
            pop: 0.127621367574
            rhy: 0.308780699968
            roc: 0.141264021397
            spe: 0.00819659233093
        probability: 0.324198067188
        value: "dan"
    genre_tzanetakis:
        all:
            blu: 0.00714447489008
            cla: 0.00630464730784
            cou: 0.0106547567993
            dis: 0.0966041386127
            hip: 0.015958359465
            jaz: 0.00388277391903
            met: 0.0028427396901
            pop: 0.444862276316
            reg: 0.345217943192
            roc: 0.0665278658271
        probability: 0.444862276316
        value: "pop"
    live_studio:
        all:
            live: 1.51812446347e-05
            studio: 0.999984800816
        probability: 0.999984800816
        value: "studio"
    mood:
        all:
            Cluster1: 0.265176743269
            Cluster2: 0.292181313038
            Cluster3: 0.216363623738
            Cluster4: 0.0809531584382
            Cluster5: 0.145325168967
        probability: 0.292181313038
        value: "Cluster2"
    mood_acoustic:
        all:
            acoustic: 0.101275071502
            not_acoustic: 0.898724913597
        probability: 0.898724913597
        value: "not_acoustic"
    mood_aggressive:
        all:
            aggressive: 0.0178497806191
            not_aggressive: 0.982150197029
        probability: 0.982150197029
        value: "not_aggressive"
    mood_electronic:
        all:
            electronic: 0.651897847652
            not_electronic: 0.34810218215
        probability: 0.651897847652
        value: "electronic"
    mood_happy:
        all:
            happy: 0.324352502823
            not_happy: 0.675647497177
        probability: 0.675647497177
        value: "not_happy"
    mood_party:
        all:
            not_party: 0.699958503246
            party: 0.300041496754
        probability: 0.699958503246
        value: "not_party"
    mood_relaxed:
        all:
            not_relaxed: 0.346617609262
            relaxed: 0.653382360935
        probability: 0.653382360935
        value: "relaxed"
    mood_sad:
        all:
            not_sad: 0.468683093786
            sad: 0.531316936016
        probability: 0.531316936016
        value: "sad"
    rhythm:
        all:
            fast: 0.967253983021
            medium: 0.0163683854043
            slow: 0.0163776278496
        probability: 0.967253983021
        value: "fast"
    speech_music:
        all:
            music: 0.997823119164
            speech: 0.00217690411955
        probability: 0.997823119164
        value: "music"
    timbre:
        all:
            bright: 0.00417941762134
            dark: 0.995820581913
        probability: 0.995820581913
        value: "dark"
    voice_instrumental:
        all:
            instrumental: 0.134068340063
            voice: 0.865931630135
        probability: 0.865931630135
        value: "voice"

lowlevel:
    average_loudness: 0.91591745615
    barkbands_kurtosis:
        dmean: 2.71248960495
        dmean2: 4.33991193771
        dvar: 17.972700119
        dvar2: 40.8262634277
        max: 44.7165641785
        mean: 2.57204174995
        min: -1.78622591496
        var: 37.0391769409
    barkbands_skewness:
        dmean: 0.647736370564
        dmean2: 0.928011834621
        dvar: 0.370415300131
        dvar2: 0.743722856045
        max: 3.86644673347
        mean: 0.359147459269
        min: -3.28697109222
        var: 1.8353048563
    barkbands_spread:
        dmean: 7.03745412827
        dmean2: 11.0706472397
        dvar: 56.0596656799
        dvar2: 131.698104858
        max: 60.1269187927
        mean: 21.6811962128
        min: 0.587786257267
        var: 202.395874023
    dissonance:
        dmean: 0.0396824590862
        dmean2: 0.0668209865689
        dvar: 0.00219256640412
        dvar2: 0.00613010302186
        max: 0.499939411879
        mean: 0.447794765234
        min: 0.192204996943
        var: 0.00253265118226
    hfc:
        dmean: 2.50649833679
        dmean2: 3.53312158585
        dvar: 32.6056518555
        dvar2: 60.7694549561
        max: 80.4276428223
        mean: 4.95660543442
        min: 0.117944329977
        var: 77.6448974609
    pitch:
        dmean: 527.890319824
        dmean2: 1023.54992676
        dvar: 1240749.25
        dvar2: 2970920.25
        max: 4410
        mean: 1104.06750488
        min: 99.3243255615
        var: 2115412.5
    pitch_instantaneous_confidence:
        dmean: 0.117116846144
        dmean2: 0.189156204462
        dvar: 0.0103867100552
        dvar2: 0.0251299049705
        max: 0.951043963432
        mean: 0.518261551857
        min: 0.172643899918
        var: 0.0404850319028
    pitch_salience:
        dmean: 0.0821577608585
        dmean2: 0.131984874606
        dvar: 0.00494484743103
        dvar2: 0.0118791647255
        max: 0.807305395603
        mean: 0.530731022358
        min: 0.19671805203
        var: 0.0177877862006
    silence_rate_20dB:
        dmean: 0
        dmean2: 0
        dvar: 0
        dvar2: 0
        max: 1
        mean: 1
        min: 1
        var: 0
    silence_rate_30dB:
        dmean: 0
        dmean2: 0
        dvar: 0
        dvar2: 0
        max: 1
        mean: 1
        min: 1
        var: 0
    silence_rate_60dB:
        dmean: 0.130232557654
        dmean2: 0.26107224822
        dvar: 0.113271795213
        dvar2: 0.206899747252
        max: 1
        mean: 0.619489550591
        min: 0
        var: 0.235722616315
    spectral_centroid:
        dmean: 245.292572021
        dmean2: 355.300598145
        dvar: 104809.992188
        dvar2: 178027.015625
        max: 4414.37939453
        mean: 1141.22265625
        min: 194.059356689
        var: 490580.625
    spectral_complexity:
        dmean: 2.64719629288
        dmean2: 3.88992977142
        dvar: 18.0508117676
        dvar2: 32.1307678223
        max: 49
        mean: 8.02330970764
        min: 0
        var: 72.4935836792
    spectral_crest:
        dmean: 3.46192598343
        dmean2: 5.59508657455
        dvar: 9.62491989136
        dvar2: 25.4100532532
        max: 25.4121341705
        mean: 11.8357477188
        min: 3.08432865143
        var: 27.3087539673
    spectral_decrease:
        dmean: 3.27613824957e-10
        dmean2: 4.81661377449e-10
        dvar: 1.8316654507e-19
        dvar2: 4.27433664966e-19
        max: -2.85991456211e-11
        mean: -7.62426954903e-10
        min: -4.24225587992e-09
        var: 4.92059761111e-19
    spectral_energy:
        dmean: 0.00143633561675
        dmean2: 0.00210953713395
        dvar: 4.09320409744e-06
        dvar2: 8.98402322491e-06
        max: 0.0203264914453
        mean: 0.00332715339027
        min: 0.000119165728393
        var: 1.0933203157e-05
    spectral_energyband_high:
        dmean: 0.000222540358664
        dmean2: 0.0003084919299
        dvar: 5.92422281898e-07
        dvar2: 1.10681776277e-06
        max: 0.0136359650642
        mean: 0.000318552920362
        min: 9.75331726494e-09
        var: 1.18802017823e-06
    spectral_energyband_low:
        dmean: 0.00034374880488
        dmean2: 0.000493726925924
        dvar: 2.67564956857e-07
        dvar2: 5.68084942643e-07
        max: 0.00565998535603
        mean: 0.000615168886725
        min: 3.30583759478e-07
        var: 6.86294640673e-07
    spectral_energyband_middle_high:
        dmean: 0.000854387879372
        dmean2: 0.00133606616873
        dvar: 1.85628937288e-06
        dvar2: 4.59187731394e-06
        max: 0.0126616470516
        mean: 0.00167516537476
        min: 3.87646832678e-05
        var: 4.81684310216e-06
    spectral_energyband_middle_low:
        dmean: 0.000351215683622
        dmean2: 0.000536428357009
        dvar: 4.11517191878e-07
        dvar2: 9.21750881844e-07
        max: 0.00697838375345
        mean: 0.000718238181435
        min: 5.36473407919e-06
        var: 7.46306625388e-07
    spectral_flatness_db:
        dmean: 0.028618067503
        dmean2: 0.0442050769925
        dvar: 0.00066741136834
        dvar2: 0.00148123293184
        max: 0.409945070744
        mean: 0.206870466471
        min: 0.0906005948782
        var: 0.00526614347473
    spectral_flux:
        dmean: 0.00936132017523
        dmean2: 0.0149220088497
        dvar: 0.000115734925203
        dvar2: 0.000241340880166
        max: 0.105804428458
        mean: 0.0314303413033
        min: 0.00687477504835
        var: 0.000367399654351
    spectral_kurtosis:
        dmean: 7.0349316597
        dmean2: 11.4824771881
        dvar: 145.574661255
        dvar2: 336.433105469
        max: 125.83682251
        mean: 17.9062538147
        min: 0.0421409606934
        var: 694.960388184
    spectral_rms:
        dmean: 0.00035979913082
        dmean2: 0.000508914934471
        dvar: 1.34905903337e-07
        dvar2: 2.94600653206e-07
        max: 0.00445317011327
        mean: 0.00162129604723
        min: 0.000340968108503
        var: 6.17401724412e-07
    spectral_rolloff:
        dmean: 552.718688965
        dmean2: 895.165161133
        dvar: 635644.3125
        dvar2: 1325042.25
        max: 5512.5
        mean: 1931.91516113
        min: 150.732421875
        var: 1708385
    spectral_skewness:
        dmean: 0.516375660896
        dmean2: 0.840144872665
        dvar: 0.409614771605
        dvar2: 1.00716817379
        max: 8.54894638062
        mean: 2.37098097801
        min: 0.24370932579
        var: 3.06563901901
    spectral_spread:
        dmean: 547387.6875
        dmean2: 780545.625
        dvar: 397744111616
        dvar2: 791375773696
        max: 9497628
        mean: 3805295.5
        min: 649817.625
        var: 4.77620391117e+12
    spectral_strongpeak:
        dmean: 0.400559425354
        dmean2: 0.654970109463
        dvar: 0.390294700861
        dvar2: 1.04310715199
        max: 4.71822071075
        mean: 0.667028129101
        min: 0.0233825035393
        var: 0.612205862999
    zerocrossingrate:
        dmean: 0.00951692089438
        dmean2: 0.0103602530435
        dvar: 0.00012652722944
        dvar2: 0.000133020192152
        max: 0.2080078125
        mean: 0.0653249770403
        min: 0.0078125
        var: 0.00112733081914
    barkbands:
        dmean: [7.05641298282e-07, 7.86414675531e-05, 0.000292628188618, 6.18927806499e-05, 0.000164367462276, 0.00010329750512, 7.44052158552e-05, 3.82130274375e-05, 4.45870500698e-05, 5.32382509846e-05, 0.000543267116882, 4.50660809292e-05, 4.36301634181e-05, 5.52196725039e-05, 5.49810574739e-05, 6.7081207817e-05, 5.54744219698e-05, 7.30886386009e-05, 0.000108258944238, 0.000139855852467, 0.000118909236335, 3.19280698022e-05, 1.31909137053e-05, 5.85352563576e-06, 1.37498341246e-06, 4.07915052847e-08, 1.96639052263e-10]
        dmean2: [1.16869773592e-06, 0.000125086546177, 0.000414740352426, 0.000102408070234, 0.000267383700702, 0.000166502053617, 0.000124400889035, 6.30087233731e-05, 7.08974184818e-05, 9.20734382817e-05, 0.000881038664375, 7.03507030266e-05, 7.51265106373e-05, 9.56039584707e-05, 9.46740765357e-05, 0.000113106951176, 8.55449834489e-05, 0.000122687779367, 0.000165753866895, 0.000215183492401, 0.00016540697834, 4.60897972516e-05, 1.61763437063e-05, 8.13893166196e-06, 1.71698286522e-06, 5.86584114615e-08, 3.41871642107e-10]
        dvar: [1.3655400595e-12, 2.28987460105e-08, 2.09831441111e-07, 1.91487714574e-08, 1.57569331805e-07, 3.61177363573e-08, 2.63328399086e-08, 1.70035701075e-08, 5.99819882652e-09, 1.39291431722e-08, 1.15183547678e-06, 1.29613315636e-08, 1.33648816458e-08, 1.37435200998e-08, 2.14989128722e-08, 3.33104885897e-08, 2.89701809209e-08, 4.02881177308e-08, 9.25326375523e-08, 1.7298660282e-07, 2.2738642258e-07, 1.03847170863e-08, 3.87517307132e-09, 2.71189209977e-10, 2.5153224989e-11, 1.77923997015e-14, 2.03380021657e-19]
        dvar2: [3.75058751417e-12, 5.53665344682e-08, 4.2661167754e-07, 5.24211998254e-08, 3.48550486251e-07, 9.02364192257e-08, 6.43316511173e-08, 4.14738394738e-08, 1.56977080223e-08, 3.62313024027e-08, 3.1210004181e-06, 2.71319713363e-08, 3.97245898398e-08, 3.71009711841e-08, 5.42096003642e-08, 8.60512372469e-08, 5.28269659128e-08, 8.28161219601e-08, 1.85416922704e-07, 3.81356528578e-07, 5.01948704823e-07, 1.90542248646e-08, 6.662912444e-09, 4.95918084376e-10, 3.6218205518e-11, 3.68816915485e-14, 4.98893927332e-19]
        max: [9.48075921769e-06, 0.00134813925251, 0.00559708848596, 0.00168583984487, 0.00493330042809, 0.00193987390958, 0.00175773026422, 0.00175147142727, 0.000880771724042, 0.00107534613926, 0.0089467400685, 0.00153975945432, 0.00117456109729, 0.00135981896892, 0.00218090368435, 0.00235909805633, 0.00273877754807, 0.00202217884362, 0.00340364547446, 0.00493864249438, 0.00858598668128, 0.00160343316384, 0.00138801662251, 0.000256019236986, 0.000104191822174, 1.57653403221e-06, 5.52602008597e-09]
        mean: [9.01164753486e-07, 0.000106997213152, 0.000507301476318, 8.21465873742e-05, 0.000228333330597, 0.000184989752597, 0.000100675504655, 4.51170781162e-05, 6.53019742458e-05, 7.17826114851e-05, 0.000676381518133, 5.64632682654e-05, 6.34227399132e-05, 9.13266048883e-05, 0.000122274286696, 0.000109339518531, 9.80679105851e-05, 0.000111852561531, 0.000182043208042, 0.000204239826417, 0.000149289524416, 4.26267069997e-05, 1.75026907527e-05, 6.97169207342e-06, 1.76112894223e-06, 4.6307292223e-08, 1.83173379242e-10]
        min: [3.35464989121e-10, 3.56495775122e-08, 1.9765056436e-07, 2.60550141462e-08, 2.27043500445e-07, 4.7281633897e-07, 2.36398079778e-07, 1.89904383774e-07, 1.50232480678e-07, 4.58014255855e-07, 1.37161532621e-06, 3.90949679741e-07, 4.82142638702e-07, 7.23061361896e-07, 7.62242279961e-07, 6.94258631029e-07, 2.48814870929e-07, 1.9491885439e-07, 1.52955692556e-08, 4.66487115602e-09, 3.05056002681e-09, 1.84177539886e-09, 2.48457338037e-10, 1.1576808262e-10, 1.51322468445e-10, 1.86318616785e-11, 1.70176305231e-13]
        var: [2.51266629031e-12, 3.22565796296e-08, 5.94340065163e-07, 2.23580407521e-08, 2.22222908519e-07, 6.33965981933e-08, 3.01040508077e-08, 1.59220867602e-08, 8.85770834458e-09, 1.99770706644e-08, 1.41951386468e-06, 2.00103151826e-08, 2.5101506651e-08, 3.36897798547e-08, 8.72786642958e-08, 6.7909851964e-08, 6.35353600842e-08, 6.37888675215e-08, 2.02308143571e-07, 3.14876245966e-07, 3.37148293283e-07, 1.91076026113e-08, 7.79904762993e-09, 5.1252058153e-10, 5.91198687228e-11, 2.51396515774e-14, 2.19045568763e-19]
    mfcc:
        mean: [-794.467102051, 152.342422485, -49.7552757263, 41.174079895, -11.6865034103, 4.94321870804, 4.5831413269, 3.27700233459, -1.17106413841, -3.75347542763, -9.94352912903, -5.72870063782, -1.50407516956]
        cov: [[11857.0488281, -6602.43066406, 2615.16699219, 1542.75793457, -759.892883301, -396.065216064, -764.04888916, -507.686401367, -458.485046387, 360.622741699, -96.6502151489, -10.5473804474, -557.153686523], [-6602.43066406, 4820.49316406, -2016.21557617, -998.799377441, 653.865661621, 395.5753479, 516.748657227, 344.960357666, 241.800216675, -311.608093262, -11.3908185959, -4.2433514595, 386.650482178], [2615.16699219, -2016.21557617, 1925.22106934, 739.235717773, -333.905059814, -212.882797241, -209.510116577, -131.352966309, -16.2525177002, 230.695465088, 59.9841690063, -3.53659391403, -278.134429932], [1542.75793457, -998.799377441, 739.235717773, 587.302429199, -77.8934631348, -65.7582702637, -76.9583892822, -41.0460090637, -47.0045433044, 100.755569458, 49.6687583923, 8.59870052338, -127.499809265], [-759.892883301, 653.865661621, -333.905059814, -77.8934631348, 228.620422363, 109.752189636, 93.9070892334, 71.9910202026, 31.9275360107, -33.7369422913, 14.9104747772, 11.6943082809, 58.6939964294], [-396.065216064, 395.5753479, -212.882797241, -65.7582702637, 109.752189636, 139.145446777, 97.5173950195, 58.8845291138, 20.0258598328, -24.2337589264, 7.47918701172, 13.4087619781, 40.0261764526], [-764.04888916, 516.748657227, -209.510116577, -76.9583892822, 93.9070892334, 97.5173950195, 180.797729492, 90.8761672974, 44.1438865662, -31.7194213867, 14.8633460999, 14.9783411026, 57.2135467529], [-507.686401367, 344.960357666, -131.352966309, -41.0460090637, 71.9910202026, 58.8845291138, 90.8761672974, 132.670761108, 41.7884254456, -23.3082714081, 11.4964942932, 8.69234275818, 34.5516929626], [-458.485046387, 241.800216675, -16.2525177002, -47.0045433044, 31.9275360107, 20.0258598328, 44.1438865662, 41.7884254456, 98.0290222168, 25.7340602875, 8.99483013153, -3.94693017006, 15.3344907761], [360.622741699, -311.608093262, 230.695465088, 100.755569458, -33.7369422913, -24.2337589264, -31.7194213867, -23.3082714081, 25.7340602875, 92.9631881714, 26.6685523987, 5.83653593063, -33.3339309692], [-96.6502151489, -11.3908185959, 59.9841690063, 49.6687583923, 14.9104747772, 7.47918701172, 14.8633460999, 11.4964942932, 8.99483013153, 26.6685523987, 64.9344940186, 22.7858505249, -6.86490678787], [-10.5473804474, -4.2433514595, -3.53659391403, 8.59870052338, 11.6943082809, 13.4087619781, 14.9783411026, 8.69234275818, -3.94693017006, 5.83653593063, 22.7858505249, 47.072593689, 23.4230480194], [-557.153686523, 386.650482178, -278.134429932, -127.499809265, 58.6939964294, 40.0261764526, 57.2135467529, 34.5516929626, 15.3344907761, -33.3339309692, -6.86490678787, 23.4230480194, 100.87677002]]
        icov: [[0.00051798298955, 0.000648748362437, 6.51424488751e-05, -0.000380520737963, -0.000187406010809, -0.000871506868862, 0.000480788206914, 7.54197826609e-05, 0.00048430392053, -5.93080585531e-05, 0.00123648962472, -0.000320306338836, 0.000294576311717], [0.000648748362437, 0.00158801546786, 0.000187435362022, 6.2774081016e-05, -0.00136696081609, -0.00102233805228, 3.54546682502e-06, 0.000161002084496, -0.000612601696048, 0.00138174474705, 0.000764850177802, 0.000428174826084, -0.000261280714767], [6.51424488751e-05, 0.000187435362022, 0.00183882692363, -0.00141012948006, 0.00120432139374, 0.000334025593475, -0.00014260460739, 3.47781278833e-05, -0.00110623135697, -0.00111528043635, 0.00052441644948, -0.00127952848561, 0.00229716510512], [-0.000380520737963, 6.2774081016e-05, -0.00141012948006, 0.00484886020422, -0.0021141434554, 0.00113899784628, -0.00112975749653, -0.000836585182697, 0.00177236367017, -0.000721994671039, -0.00226676557213, 0.000577003171202, 0.000807541538961], [-0.000187406010809, -0.00136696081609, 0.00120432139374, -0.0021141434554, 0.0108817638829, -0.00471329456195, 0.00117277482059, -0.00110497523565, -0.000471325940453, -0.00125680537894, -0.00138320203405, -0.000301775085973, -0.00026289653033], [-0.000871506868862, -0.00102233805228, 0.000334025593475, 0.00113899784628, -0.00471329456195, 0.017016781494, -0.00678771687672, -0.00100260286126, 0.000629096000921, -0.0012914489489, -0.000424258148996, -0.00218197703362, 0.0016045991797], [0.000480788206914, 3.54546682502e-06, -0.00014260460739, -0.00112975749653, 0.00117277482059, -0.00678771687672, 0.0136478142813, -0.00395389366895, -0.00178210134618, 0.00186043989379, -0.000897278659977, -0.000287225731881, -0.0026633318048], [7.54197826609e-05, 0.000161002084496, 3.47781278833e-05, -0.000836585182697, -0.00110497523565, -0.00100260286126, -0.00395389366895, 0.0133290579543, -0.00466530257836, 0.00391486380249, -0.00112949544564, -0.000597225967795, -0.000379564386094], [0.00048430392053, -0.000612601696048, -0.00110623135697, 0.00177236367017, -0.000471325940453, 0.000629096000921, -0.00178210134618, -0.00466530257836, 0.0206241328269, -0.011757328175, 0.00217748503201, 0.00357138598338, -0.000855057791341], [-5.93080585531e-05, 0.00138174474705, -0.00111528043635, -0.000721994671039, -0.00125680537894, -0.0012914489489, 0.00186043989379, 0.00391486380249, -0.011757328175, 0.0250382367522, -0.00761252501979, -0.000309154420393, -0.00114891992416], [0.00123648962472, 0.000764850177802, 0.00052441644948, -0.00226676557213, -0.00138320203405, -0.000424258148996, -0.000897278659977, -0.00112949544564, 0.00217748503201, -0.00761252501979, 0.0277794543654, -0.0138501627371, 0.00660737929866], [-0.000320306338836, 0.000428174826084, -0.00127952848561, 0.000577003171202, -0.000301775085973, -0.00218197703362, -0.000287225731881, -0.000597225967795, 0.00357138598338, -0.000309154420393, -0.0138501627371, 0.036324672401, -0.014821998775], [0.000294576311717, -0.000261280714767, 0.00229716510512, 0.000807541538961, -0.00026289653033, 0.0016045991797, -0.0026633318048, -0.000379564386094, -0.000855057791341, -0.00114891992416, 0.00660737929866, -0.014821998775, 0.0246942657977]]
    spectral_contrast:
        mean: [4.32619948754e-08, 9.42871878351e-08, 4.69265017955e-07, 2.07196478641e-07, -3.27044006099e-07, -1.88609106999e-07, 6.29079067949e-07, -2.22607377509e-06, -3.94307647866e-07, -4.11299834013e-06, 1.42349506405e-06, -1.16374940262e-06]
        var: [0.000312247226248, 0.000947122578509, 0.00157492049038, 0.00262718996964, 0.00388070615008, 0.00700671598315, 0.0592603124678, 0.130565941334, 0.196502298117, 0.522387623787, 0.640959084034, 6.76785516739]

rhythm:
    beats_loudness:
        dmean: 0.00503719318658
        dmean2: 0.00975367985666
        dvar: 1.70323164639e-05
        dvar2: 6.19385682512e-05
        max: 0.016798587516
        mean: 0.00514000188559
        min: 0.000475374690723
        var: 2.19202520384e-05
    beats_loudness_bass:
        dmean: 0.334652245045
        dmean2: 0.632368087769
        dvar: 0.0545855276287
        dvar2: 0.202959239483
        max: 0.723570346832
        mean: 0.276932775974
        min: 0.000934003910515
        var: 0.0613746717572
    bpm: 89.2936401367
    bpm_confidence: 0
    first_peak_bpm: 178
    first_peak_spread: 0
    first_peak_weight: 0.526315808296
    onset_rate: 5.89711141586
    second_peak_bpm: 89
    second_peak_spread: 0.111111104488
    second_peak_weight: 0.421052634716
    beats_position: [0.129921361804, 0.801862061024, 1.47380280495, 2.14574337006, 2.81768417358, 3.48962473869, 4.1615653038, 4.83350563049, 5.50544643402, 6.20119667053, 6.53818655014, 6.87517690659, 7.21216678619, 7.54915714264, 7.88614702225, 8.22313785553, 8.5601272583, 8.89711761475, 9.23410797119, 9.57109832764]
    bpm_estimates: [89.3925552368, 89.2305526733, 89.3414154053, 89.2579879761, 89.2456359863, 89.2310562134, 89.2307357788, 89.2913284302, 89.4116744995, 89.3034362793]
    bpm_intervals: [0.671940684319, 0.671940743923, 0.671940565109, 0.671940803528, 0.671940565109, 0.671940565109, 0.671940326691, 0.671940803528, 0.695750236511, 0.336989879608, 0.336990356445, 0.336989879608, 0.336990356445, 0.336989879608, 0.336990833282, 0.336989402771, 0.336990356445, 0.336990356445, 0.336990356445]
    onset_times: [0.0580498874187, 0.243809521198, 0.46439909935, 0.638548731804, 0.801088452339, 0.986848056316, 1.13777780533, 1.31192743778, 1.47446715832, 1.78793644905, 1.95047616959, 2.14784574509, 2.35682535172, 2.49614500999, 2.65868473053, 2.76317453384, 2.91410422325, 3.13469386101, 3.34367346764, 3.49460315704, 3.83129262924, 4.00544214249, 4.17959165573, 4.34213161469, 4.51628112793, 4.67882108688, 4.85297060013, 5.21287965775, 5.36380958557, 5.56117916107, 5.72371864319, 5.86303853989, 6.04879808426, 6.17650794983, 6.38548755646, 6.59446716309, 6.72217702866, 7.10530614853, 7.1517457962, 7.26784563065, 7.47682523727, 7.61614513397, 7.7670750618, 7.83673477173, 7.98766422272, 8.17342376709, 8.3011341095, 8.59138298035, 8.82358264923, 8.93968296051, 8.97451210022, 9.0093421936, 9.04417228699, 9.2067117691, 9.25315189362, 9.50857162476, 9.65950107574, 9.85687065125, 9.98458003998]
    rubato_start: [6.53818655014]
    rubato_stop: [6.87517690659]
    perceptual_tempo: "unknown"

sfx:
    inharmonicity:
        dmean: 0.0451568476856
        dmean2: 0.0798294246197
        dvar: 0.00369641627185
        dvar2: 0.0103895319626
        max: 0.403887987137
        mean: 0.0448079258204
        min: 0
        var: 0.00363984424621
    oddtoevenharmonicenergyratio:
        dmean: 37.692035675
        dmean2: 73.9616851807
        dvar: 100805.75
        dvar2: 300879.65625
        max: 4622.6796875
        mean: 20.1941051483
        min: 0
        var: 51428.2148438
    pitch_after_max_to_before_max_energy_ratio: 1.59434640408
    pitch_centroid: 149.527648926
    pitch_max_to_total: 0.188811182976
    pitch_min_to_total: 0.177156180143
    tristimulus:
        dmean: [0.240915670991, 0.278899133205, 0.100937247276]
        dmean2: [0.422396183014, 0.49449172616, 0.177485376596]
        dvar: [0.0535966306925, 0.0590108148754, 0.0173042248935]
        dvar2: [0.138789013028, 0.160624012351, 0.0484458953142]
        max: [1, 0.98885256052, 0.724772810936]
        mean: [0.420756757259, 0.448724418879, 0.10260373354]
        min: [0.0030332680326, 0, 0]
        var: [0.0813184827566, 0.0803507119417, 0.0201278366148]

tonal:
    chords_changes_rate: 0.050925925374
    chords_number_rate: 0.0324074067175
    chords_strength:
        dmean: 0.0090374564752
        dmean2: 0.00909764971584
        dvar: 5.06501455675e-05
        dvar2: 6.63314276608e-05
        max: 0.618738591671
        mean: 0.483537942171
        min: 0.345820695162
        var: 0.00292186765
    key_strength: 0.519510865211
    tuning_diatonic_strength: 0.593875408173
    tuning_equal_tempered_deviation: 0.101099297404
    tuning_frequency: 443.060424805
    tuning_nontempered_energy_ratio: 0.769632399082
    hpcp:
        dmean: [0.224582284689, 0.189394026995, 0.13848105073, 0.12886723876, 0.181461021304, 0.252785950899, 0.218134731054, 0.239693060517, 0.19482716918, 0.131147578359, 0.0869370996952, 0.0922783017159, 0.085422731936, 0.068191729486, 0.0743323713541, 0.0747806355357, 0.0606107152998, 0.0417438447475, 0.0344984903932, 0.0302986521274, 0.0774867981672, 0.125433117151, 0.0945905968547, 0.0600629448891, 0.0805939659476, 0.0629046037793, 0.0643506497145, 0.0785213038325, 0.0723140910268, 0.0856750607491, 0.0981906354427, 0.0855722948909, 0.0806708261371, 0.0969783961773, 0.136715710163, 0.202203825116]
        dmean2: [0.359177529812, 0.323480933905, 0.248377293348, 0.232291266322, 0.315458238125, 0.435600280762, 0.374657839537, 0.418775230646, 0.332237243652, 0.22061021626, 0.140656754375, 0.152079164982, 0.141058176756, 0.111844331026, 0.125334635377, 0.121155098081, 0.100060947239, 0.0678962916136, 0.0586684718728, 0.0520776510239, 0.127331823111, 0.203242823482, 0.157122299075, 0.0996522158384, 0.136889055371, 0.106861509383, 0.115956939757, 0.141540825367, 0.125707611442, 0.145994633436, 0.171538695693, 0.150415837765, 0.144205510616, 0.166030675173, 0.239615008235, 0.353025764227]
        dvar: [0.0626902580261, 0.0446799471974, 0.0450648628175, 0.0383958630264, 0.0552304834127, 0.066182538867, 0.0671697482467, 0.0669619441032, 0.0422899164259, 0.0326678231359, 0.017829887569, 0.0239821486175, 0.0191030297428, 0.0139765897766, 0.0190580412745, 0.019970394671, 0.0104539925233, 0.00405648211017, 0.00423437496647, 0.00173327093944, 0.00863351020962, 0.0257725864649, 0.01788796857, 0.0118028633296, 0.0292387567461, 0.0165086816996, 0.0140471048653, 0.0181250721216, 0.0133845964447, 0.0201412532479, 0.0258716456592, 0.0282375365496, 0.0278012733907, 0.0324352569878, 0.0376066379249, 0.0529390573502]
        dvar2: [0.14803391695, 0.126898437738, 0.118816882372, 0.10376790911, 0.134424209595, 0.173226892948, 0.175875231624, 0.160950228572, 0.10846645385, 0.0711904615164, 0.0378677360713, 0.0559239313006, 0.0482376553118, 0.033725913614, 0.0418683215976, 0.0478969365358, 0.0270360521972, 0.0105248186737, 0.0119353532791, 0.00483762286603, 0.0224489159882, 0.0628334358335, 0.0444643087685, 0.025010606274, 0.0654108300805, 0.0429222732782, 0.0384003482759, 0.0502923540771, 0.0376591011882, 0.0549940876663, 0.0665009617805, 0.0808248519897, 0.0811778306961, 0.0905695259571, 0.104097858071, 0.147811993957]
        max: [1, 1, 1, 1, 1, 1, 1, 1, 1, 1, 1, 1, 0.910237848759, 0.842756271362, 1, 1, 1, 0.429869771004, 0.548147559166, 0.297126114368, 0.643393099308, 1, 1, 1, 1, 0.911904573441, 0.857540011406, 0.847362279892, 1, 1, 1, 1, 1, 1, 1, 1]
        mean: [0.387117117643, 0.250152260065, 0.128294482827, 0.122564554214, 0.180178061128, 0.337046027184, 0.479963064194, 0.41997885704, 0.24298197031, 0.165988251567, 0.138864457607, 0.108487538993, 0.0941429659724, 0.0760565698147, 0.0931978300214, 0.100507065654, 0.0676027834415, 0.0449143089354, 0.0359383635223, 0.0339716672897, 0.0992004424334, 0.156842112541, 0.106902472675, 0.080731920898, 0.0931542813778, 0.0649008601904, 0.060840703547, 0.0785164833069, 0.077341504395, 0.0927730873227, 0.106378413737, 0.0861970707774, 0.0773662999272, 0.101090364158, 0.14926815033, 0.298014432192]
        min: [0.00256829150021, 0.000832032645121, 0.000400427466957, 0.000345096399542, 0.00136338116135, 0.000859582563862, 0.000944207829889, 0.000210165511817, 0.00257914420217, 0.0012240804499, 0.000939140154514, 0.00249985698611, 0.0013477174798, 0.00115370191634, 0.00078899518121, 0.000196156877792, 0.000181439521839, 0.000284787034616, 0.000375339353923, 0.000184829623322, 1.20984186651e-05, 0.000424304482294, 0.000257809995674, 0.000157207410666, 0.000102216145024, 0.000353251147317, 0.000131652413984, 8.59656574903e-05, 0.000607625232078, 0.00172372232191, 0.000922072096728, 0.000377630669391, 0.000334481534082, 0.000524534494616, 0.00221038726158, 0.00312164449133]
        var: [0.133789643645, 0.0712567716837, 0.0442255176604, 0.03828272596, 0.0638562515378, 0.100943557918, 0.153076276183, 0.125873014331, 0.0646223127842, 0.0628366470337, 0.0576591677964, 0.0309081524611, 0.0203464515507, 0.0176615137607, 0.0334438234568, 0.0395247600973, 0.013886321336, 0.00474280444905, 0.00356818898581, 0.00183836976066, 0.013788475655, 0.040940195322, 0.022040175274, 0.0247016269714, 0.041949249804, 0.0158908646554, 0.0106161078438, 0.0136314118281, 0.0106677468866, 0.0176521390676, 0.0275288596749, 0.0256806351244, 0.0237856023014, 0.0320602431893, 0.0450762324035, 0.0878861099482]
    chords_histogram: [22.6851844788, 0, 21.7592601776, 12.9629631042, 1.38888883591, 0, 0, 0, 0, 28.7037029266, 2.77777767181, 0, 0, 0, 0, 0, 0, 0, 0, 0, 0, 0, 0, 9.72222232819]
    thpcp: [1, 0.875023305416, 0.506251394749, 0.345835477114, 0.289323210716, 0.226033106446, 0.196146279573, 0.15846337378, 0.194177091122, 0.209405839443, 0.140849977732, 0.0935786813498, 0.0748773515224, 0.0707797557116, 0.2066834867, 0.326779544353, 0.222730621696, 0.168204441667, 0.194086357951, 0.135220527649, 0.126761212945, 0.163588598371, 0.161140531301, 0.193292140961, 0.22163875401, 0.179591044784, 0.161192193627, 0.210621133447, 0.310999244452, 0.620911180973, 0.806556046009, 0.521190643311, 0.267300754786, 0.255362480879, 0.375399857759, 0.70223325491]
    chords_key: "E"
    chords_scale: "major"
    key_key: "A"
    key_scale: "minor"
    chords_progression: ["Am", "Am", "Am", "Am", "Am", "Am", "Am", "Am", "Am", "Am", "Am", "Am", "Am", "Am", "Am", "Am", "Am", "Am", "Am", "Am", "Am", "Am", "Am", "Am", "Am", "Am", "Am", "Am", "Am", "Am", "Am", "Am", "Am", "Am", "Am", "Am", "Am", "Am", "Am", "Am", "Am", "Am", "Am", "Am", "Am", "Am", "Am", "Am", "Am", "G#m", "G#m", "G#m", "E", "E", "E", "E", "E", "E", "E", "E", "E", "E", "E", "E", "E", "E", "E", "E", "E", "E", "E", "E", "E", "E", "E", "E", "E", "E", "E", "E", "E", "E", "E", "E", "E", "E", "E", "E", "E", "E", "E", "E", "E", "E", "E", "E", "E", "E", "E", "E", "E", "E", "E", "E", "E", "E", "E", "E", "E", "E", "E", "E", "Em", "E", "E", "Em", "Em", "Em", "Em", "Em", "Em", "Em", "Em", "Em", "Em", "Em", "Em", "Em", "Em", "Em", "Em", "Em", "Em", "Em", "Em", "Em", "Em", "Em", "Em", "Em", "Em", "Em", "Em", "Em", "Em", "Em", "Em", "Em", "Em", "Em", "Em", "Em", "Em", "Em", "Em", "Em", "Em", "Em", "Em", "G", "Em", "Em", "G", "G", "G", "G", "G", "G", "G", "G", "G", "G", "G", "G", "G", "G", "G", "G", "G", "G", "G", "G", "G", "G", "G", "G", "G", "G", "G", "Bm", "Bm", "Bm", "G#m", "G#m", "G#m", "F", "F", "F", "F", "F", "F", "F", "F", "F", "F", "F", "F", "F", "F", "F", "F", "F", "F", "F", "F", "F"]
