
metadata:
    version:
        essentia: "1.2.2"
    audio_properties:
        analysis_sample_rate: 44100
        bitrate: 128
        channels: 2
        equal_loudness: 1
        length: 10.0048980713
        replay_gain: -8.61240577698
        downmix: "mix"
    tags:
        track: 14
        year: 0
        album: "Splitted by Mp3Splt v. 2.1"
        artist: "From 002.10 To 002.20"
        comment: "http://mp3splt.sf.net"
        genre: ""
        title: "07 Teenager.mp3"

highlevel:
    ballroom:
        all:
            ChaChaCha: 0.0794315934181
            Jive: 0.638295650482
            Quickstep: 0.0567568130791
            Rumba-American: 0.00162694021128
            Rumba-International: 0.0109505979344
            Rumba-Misc: 0.00534759555012
            Samba: 0.0647320523858
            Tango: 0.0100110555068
            VienneseWaltz: 0.124198079109
            Waltz: 0.00864963419735
        probability: 0.638295650482
        value: "Jive"
    culture:
        all:
            non_western: 0.041868198663
            western: 0.958131790161
        probability: 0.958131790161
        value: "western"
    gender:
        all:
            female: 0.0672775134444
            male: 0.932722508907
        probability: 0.932722508907
        value: "male"
    genre_dortmund:
        all:
            alternative: 0.0626589134336
            blues: 0.0381801612675
            electronic: 0.00288522732444
            folkcountry: 0.0484991595149
            funksoulrnb: 0.00550634553656
            jazz: 0.0173815991729
            pop: 0.0445044338703
            raphiphop: 0.000350097398041
            rock: 0.780034065247
        probability: 0.780034065247
        value: "rock"
    genre_electronica:
        all:
            ambient: 0.169693306088
            dnb: 0.623279035091
            house: 0.00902503635734
            techno: 0.0136776007712
            trance: 0.184325009584
        probability: 0.623279035091
        value: "dnb"
    genre_rosamerica:
        all:
            cla: 0.0114140361547
            dan: 0.00753404805437
            hip: 0.00231477338821
            jaz: 0.00461662514135
            pop: 0.0312908999622
            rhy: 0.00183842331171
            roc: 0.940304219723
            spe: 0.000686947838403
        probability: 0.940304219723
        value: "roc"
    genre_tzanetakis:
        all:
            blu: 0.012060765177
            cla: 0.043972235173
            cou: 0.167374819517
            dis: 0.0316763110459
            hip: 0.00640061590821
            jaz: 0.196407526731
            met: 0.0612340532243
            pop: 0.0319258756936
            reg: 0.00634630350396
            roc: 0.442601501942
        probability: 0.442601501942
        value: "roc"
    live_studio:
        all:
            live: 0.116197802126
            studio: 0.883802175522
        probability: 0.883802175522
        value: "studio"
    mood:
        all:
            Cluster1: 0.501120626926
            Cluster2: 0.148146986961
            Cluster3: 0.0737730115652
            Cluster4: 0.144531771541
            Cluster5: 0.132427588105
        probability: 0.501120626926
        value: "Cluster1"
    mood_acoustic:
        all:
            acoustic: 0.0152698885649
            not_acoustic: 0.984730124474
        probability: 0.984730124474
        value: "not_acoustic"
    mood_aggressive:
        all:
            aggressive: 0.862091124058
            not_aggressive: 0.13790884614
        probability: 0.862091124058
        value: "aggressive"
    mood_electronic:
        all:
            electronic: 0.170143470168
            not_electronic: 0.829856514931
        probability: 0.829856514931
        value: "not_electronic"
    mood_happy:
        all:
            happy: 0.774089992046
            not_happy: 0.225909993052
        probability: 0.774089992046
        value: "happy"
    mood_party:
        all:
            not_party: 0.529003739357
            party: 0.470996260643
        probability: 0.529003739357
        value: "not_party"
    mood_relaxed:
        all:
            not_relaxed: 0.259503573179
            relaxed: 0.740496397018
        probability: 0.740496397018
        value: "relaxed"
    mood_sad:
        all:
            not_sad: 0.748827457428
            sad: 0.251172572374
        probability: 0.748827457428
        value: "not_sad"
    rhythm:
        all:
            fast: 0.900434613228
            medium: 0.0854501351714
            slow: 0.0141152720898
        probability: 0.900434613228
        value: "fast"
    speech_music:
        all:
            music: 0.999163985252
            speech: 0.000836013641674
        probability: 0.999163985252
        value: "music"
    timbre:
        all:
            bright: 0.978568255901
            dark: 0.0214317571372
        probability: 0.978568255901
        value: "bright"
    voice_instrumental:
        all:
            instrumental: 0.102591708302
            voice: 0.897408306599
        probability: 0.897408306599
        value: "voice"

lowlevel:
    average_loudness: 0.97937142849
    barkbands_kurtosis:
        dmean: 0.341060101986
        dmean2: 0.585202991962
        dvar: 0.203271716833
        dvar2: 0.501416802406
        max: 1.97216463089
        mean: -1.2933858633
        min: -1.82980751991
        var: 0.25850635767
    barkbands_skewness:
        dmean: 0.347010612488
        dmean2: 0.572139322758
        dvar: 0.0789823532104
        dvar2: 0.196088567376
        max: 1.8550298214
        mean: 0.161935269833
        min: -1.30645608902
        var: 0.24457244575
    barkbands_spread:
        dmean: 3.92723870277
        dmean2: 6.42437267303
        dvar: 12.9784984589
        dvar2: 29.3162193298
        max: 53.7697601318
        mean: 36.4092712402
        min: 15.1416244507
        var: 40.8252983093
    dissonance:
        dmean: 0.010101175867
        dmean2: 0.0166338663548
        dvar: 0.000108284060843
        dvar2: 0.00025428988738
        max: 0.49840220809
        mean: 0.479331195354
        min: 0.374101489782
        var: 0.000207571225474
    hfc:
        dmean: 2.09586787224
        dmean2: 3.10658311844
        dvar: 9.14118003845
        dvar2: 19.8343296051
        max: 34.4474639893
        mean: 8.36676025391
        min: 1.81496727467
        var: 22.8311042786
    pitch:
        dmean: 611.236328125
        dmean2: 1191.07958984
        dvar: 1394980.75
        dvar2: 3576349
        max: 4009.09082031
        mean: 702.339355469
        min: 66.1169433594
        var: 1264105.375
    pitch_instantaneous_confidence:
        dmean: 0.074697420001
        dmean2: 0.12371584028
        dvar: 0.00385096645914
        dvar2: 0.00841296650469
        max: 0.744301021099
        mean: 0.377346336842
        min: 0.15315002203
        var: 0.014066260308
    pitch_salience:
        dmean: 0.0568890050054
        dmean2: 0.095007173717
        dvar: 0.00226676883176
        dvar2: 0.00602488592267
        max: 0.785048127174
        mean: 0.627745509148
        min: 0.380727916956
        var: 0.00550592923537
    silence_rate_20dB:
        dmean: 0
        dmean2: 0
        dvar: 0
        dvar2: 0
        max: 1
        mean: 1
        min: 1
        var: 0
    silence_rate_30dB:
        dmean: 0
        dmean2: 0
        dvar: 0
        dvar2: 0
        max: 1
        mean: 1
        min: 1
        var: 0
    silence_rate_60dB:
        dmean: 0.123255811632
        dmean2: 0.247086241841
        dvar: 0.108063258231
        dvar2: 0.214006185532
        max: 1
        mean: 0.236658930779
        min: 0
        var: 0.180651471019
    spectral_centroid:
        dmean: 244.775268555
        dmean2: 400.032775879
        dvar: 41139.921875
        dvar2: 106565.835938
        max: 2438.5637207
        mean: 1550.33276367
        min: 605.207275391
        var: 117374.570312
    spectral_complexity:
        dmean: 3.72663545609
        dmean2: 5.57845449448
        dvar: 15.4977083206
        dvar2: 28.1173915863
        max: 47
        mean: 16.9906768799
        min: 4
        var: 54.1770248413
    spectral_crest:
        dmean: 1.7713534832
        dmean2: 2.95419502258
        dvar: 2.61204791069
        dvar2: 6.374604702
        max: 16.3752555847
        mean: 6.34183549881
        min: 2.80618596077
        var: 5.36504983902
    spectral_decrease:
        dmean: 3.50405066074e-10
        dmean2: 5.41630740258e-10
        dvar: 2.15307862692e-19
        dvar2: 4.64719529011e-19
        max: -3.46572881504e-10
        mean: -1.2256414772e-09
        min: -6.02086380752e-09
        var: 4.33125287966e-19
    spectral_energy:
        dmean: 0.0014806977706
        dmean2: 0.00225757109001
        dvar: 3.85276143788e-06
        dvar2: 8.25573533803e-06
        max: 0.0248677637428
        mean: 0.00538474367931
        min: 0.0015516129788
        var: 8.15817202238e-06
    spectral_energyband_high:
        dmean: 0.000131724460516
        dmean2: 0.000204394149478
        dvar: 5.53784360591e-08
        dvar2: 1.31985984808e-07
        max: 0.00211086450145
        mean: 0.000319343904266
        min: 4.70624763693e-05
        var: 8.00079718033e-08
    spectral_energyband_low:
        dmean: 0.000163059143233
        dmean2: 0.000284836889477
        dvar: 1.17157952673e-07
        dvar2: 3.46631566117e-07
        max: 0.00264852214605
        mean: 0.000262231798843
        min: 2.71405478998e-05
        var: 8.95146072821e-08
    spectral_energyband_middle_high:
        dmean: 0.000572762161028
        dmean2: 0.000843396293931
        dvar: 5.02203022279e-07
        dvar2: 1.14013630537e-06
        max: 0.00912067573518
        mean: 0.00237848726101
        min: 0.000398689124268
        var: 1.86648424005e-06
    spectral_energyband_middle_low:
        dmean: 0.000998422619887
        dmean2: 0.0015898309648
        dvar: 1.83537645171e-06
        dvar2: 4.04282536692e-06
        max: 0.0183471348137
        mean: 0.00242466293275
        min: 0.000452593842056
        var: 3.10630002787e-06
    spectral_flatness_db:
        dmean: 0.0142770092934
        dmean2: 0.0220535267144
        dvar: 0.000163821343449
        dvar2: 0.000350840593455
        max: 0.21732185781
        mean: 0.148059055209
        min: 0.0660292580724
        var: 0.000511608435772
    spectral_flux:
        dmean: 0.00869026593864
        dmean2: 0.0131497923285
        dvar: 9.55309296842e-05
        dvar2: 0.000208264769753
        max: 0.131475135684
        mean: 0.0414299368858
        min: 0.0175426974893
        var: 0.000241854853812
    spectral_kurtosis:
        dmean: 1.03029239178
        dmean2: 1.71571540833
        dvar: 0.899039208889
        dvar2: 2.34756302834
        max: 9.06594848633
        mean: 3.35837602615
        min: 0.220103025436
        var: 1.7455534935
    spectral_rms:
        dmean: 0.000298333645333
        dmean2: 0.000453114655102
        dvar: 1.13651978495e-07
        dvar2: 2.38588512502e-07
        max: 0.0049255695194
        mean: 0.0022221787367
        min: 0.00123035314027
        var: 3.15328321676e-07
    spectral_rolloff:
        dmean: 306.848052979
        dmean2: 511.551879883
        dvar: 91251.78125
        dvar2: 208200.359375
        max: 4457.37304688
        mean: 3237.81201172
        min: 1205.859375
        var: 199921.703125
    spectral_skewness:
        dmean: 0.148141682148
        dmean2: 0.233856379986
        dvar: 0.0197687055916
        dvar2: 0.0403042137623
        max: 2.7208404541
        mean: 1.24603760242
        min: 0.766810715199
        var: 0.0484856143594
    spectral_spread:
        dmean: 433407.5
        dmean2: 591240.5625
        dvar: 397010370560
        dvar2: 683527110656
        max: 12169511
        mean: 4117250
        min: 2673073.75
        var: 940924928000
    spectral_strongpeak:
        dmean: 0.406517088413
        dmean2: 0.707438707352
        dvar: 0.406310886145
        dvar2: 1.09428393841
        max: 4.78781461716
        mean: 0.58512955904
        min: 0.0310234148055
        var: 0.453004002571
    zerocrossingrate:
        dmean: 0.00683479662985
        dmean2: 0.00859695207328
        dvar: 3.20711769746e-05
        dvar2: 5.19796340086e-05
        max: 0.12548828125
        mean: 0.0919641852379
        min: 0.041015625
        var: 0.000193382802536
    barkbands:
        dmean: [1.54256426299e-07, 4.67834870506e-05, 0.00013262302673, 0.000310768635245, 0.000437994487584, 0.00030046098982, 0.000211418402614, 0.000178521222551, 0.000103448815935, 4.58929971501e-05, 5.36000770808e-05, 3.60901940439e-05, 7.22965123714e-05, 5.94718585489e-05, 6.25623943051e-05, 0.000111003013444, 0.000204467578442, 0.00014567055041, 0.00019414453709, 0.000159359435202, 6.1770027969e-05, 2.73324585578e-05, 3.95535244024e-06, 1.19129367704e-06, 9.01954365418e-07, 3.55092204529e-08, 1.9512305105e-09]
        dmean2: [2.33046165476e-07, 8.0047728261e-05, 0.000229570519878, 0.000531958474312, 0.000724389276002, 0.00050405174261, 0.000357502809493, 0.000269013340585, 0.000160032868735, 7.14113557478e-05, 7.47213343857e-05, 5.85972738918e-05, 0.000117481708003, 9.50146859395e-05, 9.99371914077e-05, 0.000184573989827, 0.000315574026899, 0.000241446410655, 0.000321792380419, 0.000256260187598, 0.000101912672108, 4.19530406361e-05, 6.04004344495e-06, 1.73227090272e-06, 1.35439040605e-06, 5.33825676996e-08, 2.14332906978e-09]
        dvar: [8.58682482757e-13, 1.16632152825e-08, 7.39781853554e-08, 1.99596556172e-07, 2.79284165572e-07, 4.59426956922e-07, 2.74037915915e-07, 1.46637475495e-07, 8.63415721142e-08, 5.5905240437e-09, 1.90292706037e-08, 3.96897403832e-09, 1.23621379799e-08, 7.74859110209e-09, 5.56282886421e-09, 3.49145601319e-08, 5.88705226789e-08, 2.65565436308e-08, 5.09116873104e-08, 4.37879741355e-08, 1.03922657146e-08, 3.06021719076e-09, 5.52878992588e-11, 7.74038905887e-12, 5.56881537411e-12, 7.1750517718e-15, 1.23010603287e-15]
        dvar2: [9.15775484958e-13, 3.4141308447e-08, 2.19760352138e-07, 5.62375078061e-07, 6.82240454353e-07, 1.11517135792e-06, 5.8459244201e-07, 3.26100519032e-07, 1.7388691731e-07, 1.32691049259e-08, 3.07260883403e-08, 1.01317567669e-08, 3.03699252413e-08, 1.82857640141e-08, 1.39142652955e-08, 9.06051909055e-08, 1.51912203705e-07, 6.53256577721e-08, 1.25038624788e-07, 9.82043530939e-08, 2.47442510926e-08, 7.35336547208e-09, 1.27270555206e-10, 1.86481611403e-11, 1.42318301241e-11, 1.61498249398e-14, 1.23011047979e-15]
        max: [1.89902129932e-05, 0.00114838907029, 0.00209303363226, 0.00354371406138, 0.00528249004856, 0.00976411253214, 0.00610194820911, 0.00472239684314, 0.00449800537899, 0.000835931045003, 0.00316470931284, 0.000795583007857, 0.000998092582449, 0.00108790083323, 0.000743447395507, 0.00310519058257, 0.00307466322556, 0.0013802065514, 0.00261780875735, 0.00248373229988, 0.000906732748263, 0.000395702169044, 6.39572535874e-05, 3.84840132028e-05, 3.23898457282e-05, 1.14951751584e-06, 7.27623785224e-07]
        mean: [2.04105333523e-07, 9.50112516875e-05, 0.000167038524523, 0.000401046738261, 0.000727252743673, 0.000453580811154, 0.00029406757676, 0.000332293799147, 0.000201259783353, 8.56904443935e-05, 0.000116052389785, 6.56718984828e-05, 0.000137723895023, 0.000121750461403, 0.000125640290207, 0.000234736493439, 0.000472909858217, 0.000340655213222, 0.000470675819088, 0.000360797654139, 0.000128635540023, 4.16513685195e-05, 6.96271536071e-06, 2.12394820664e-06, 1.27233874991e-06, 4.13015968093e-08, 1.94316052138e-09]
        min: [7.29853399939e-11, 3.3655792322e-06, 2.16865737457e-06, 1.22941837617e-05, 3.02885473502e-05, 1.67374946614e-05, 4.53768643638e-06, 3.01323188978e-06, 4.69373026135e-06, 1.65751976056e-06, 2.32513639276e-06, 2.3535217224e-06, 5.89637147641e-06, 6.66320420351e-06, 3.78804452339e-06, 7.09531695975e-06, 4.47023194283e-05, 4.82825307699e-05, 5.81351559958e-05, 3.58610850526e-05, 1.78894078999e-05, 4.00708358939e-06, 4.84109932586e-07, 9.61444044378e-08, 1.19539853571e-08, 1.13372831956e-10, 9.94241513663e-14]
        var: [8.68447783305e-13, 9.35264310442e-09, 6.20342177626e-08, 2.00792598548e-07, 3.93775678731e-07, 4.98601821164e-07, 4.03691672091e-07, 4.65692892249e-07, 2.29695302778e-07, 1.20170309259e-08, 8.99757353068e-08, 1.14364251402e-08, 1.98032790166e-08, 2.52183145477e-08, 1.35843229998e-08, 8.41612717295e-08, 1.40063704634e-07, 5.51840315666e-08, 1.29957868467e-07, 9.74133769205e-08, 1.54361625704e-08, 3.65795127522e-09, 7.70815702933e-11, 9.1889265294e-12, 5.50094865492e-12, 7.75980689617e-15, 1.23069916769e-15]
    mfcc:
        mean: [-691.355773926, 115.026878357, -53.4459457397, 65.6200256348, -7.54435348511, -4.65121746063, -4.46447372437, -6.82420110703, -6.12271499634, -5.96947860718, -4.02601718903, -3.96820878983, -4.78536987305]
        cov: [[856.450500488, -224.661560059, 42.8450050354, -164.138320923, -128.979614258, -6.91101312637, -11.2503681183, 7.8748497963, 36.3207931519, 36.3230781555, 40.351776123, -29.3695869446, 7.14043521881], [-224.661560059, 303.003509521, -114.625099182, 52.8271255493, -21.3541641235, -13.1591644287, 7.81766366959, -28.9718170166, -49.7026367188, 19.1256351471, -15.7784605026, 27.1573066711, 5.12392663956], [42.8450050354, -114.625099182, 176.613632202, 0.225279122591, 23.6399173737, -1.1435533762, -12.9771356583, -6.56920003891, 21.8386859894, -21.5382881165, 24.5499362946, -5.55181789398, 11.4957809448], [-164.138320923, 52.8271255493, 0.225279122591, 162.568603516, 47.8941802979, -28.5073432922, -49.5876617432, -8.74141693115, -10.8651428223, -5.21868133545, -10.0515232086, 5.57643461227, 21.4952468872], [-128.979614258, -21.3541641235, 23.6399173737, 47.8941802979, 92.1756973267, -1.24235999584, -4.81969594955, 0.739310622215, 13.1309537888, -15.7587070465, -7.40463113785, -3.53723454475, 7.20438814163], [-6.91101312637, -13.1591644287, -1.1435533762, -28.5073432922, -1.24235999584, 85.2977600098, 52.0268821716, 4.45043373108, -15.9821777344, -36.8902130127, -11.0232067108, -1.80279183388, -17.0203819275], [-11.2503681183, 7.81766366959, -12.9771356583, -49.5876617432, -4.81969594955, 52.0268821716, 115.577102661, 16.5303001404, -25.4332084656, -31.2727127075, -8.71238327026, -5.07178258896, -16.8711471558], [7.8748497963, -28.9718170166, -6.56920003891, -8.74141693115, 0.739310622215, 4.45043373108, 16.5303001404, 57.3878822327, 25.5634155273, 5.00707530975, -7.88909912109, -14.405755043, -11.7423791885], [36.3207931519, -49.7026367188, 21.8386859894, -10.8651428223, 13.1309537888, -15.9821777344, -25.4332084656, 25.5634155273, 87.661277771, 40.3280487061, 3.87163233757, -16.4865455627, -4.00766801834], [36.3230781555, 19.1256351471, -21.5382881165, -5.21868133545, -15.7587070465, -36.8902130127, -31.2727127075, 5.00707530975, 40.3280487061, 89.7707061768, 25.4464435577, -2.10681581497, -3.30993413925], [40.351776123, -15.7784605026, 24.5499362946, -10.0515232086, -7.40463113785, -11.0232067108, -8.71238327026, -7.88909912109, 3.87163233757, 25.4464435577, 56.0284347534, 11.6109132767, 1.76530504227], [-29.3695869446, 27.1573066711, -5.55181789398, 5.57643461227, -3.53723454475, -1.80279183388, -5.07178258896, -14.405755043, -16.4865455627, -2.10681581497, 11.6109132767, 37.4785308838, 11.9509353638], [7.14043521881, 5.12392663956, 11.4957809448, 21.4952468872, 7.20438814163, -17.0203819275, -16.8711471558, -11.7423791885, -4.00766801834, -3.30993413925, 1.76530504227, 11.9509353638, 38.6248054504]]
        icov: [[0.00259390915744, 0.00206592981704, 0.000629400077742, 0.00125080475118, 0.00347062991932, 5.65630325582e-05, 0.000272102013696, 0.000776563072577, -8.25532988529e-05, -0.000325352622895, -0.000929614412598, 0.00216031633317, -0.00256688077934], [0.00206592981704, 0.00759565550834, 0.0033191787079, -0.00148492038716, 0.00400816882029, 0.000900777056813, -0.00185758410953, 0.00331504107453, 0.00130666326731, -0.002497370122, 0.00115024158731, -0.00118075311184, -0.00147096812725], [0.000629400077742, 0.0033191787079, 0.0095819151029, -0.000540894572623, 0.000479643407743, 0.000615206779912, -0.000202141323825, 0.00292130862363, -0.00317669007927, 0.00430411240086, -0.00533058773726, 0.00204373174347, -0.00247554038651], [0.00125080475118, -0.00148492038716, -0.000540894572623, 0.0113702937961, -0.00407823175192, 0.000446823076345, 0.00531773548573, -0.0024457485415, 0.00332225323655, 0.000112515233923, 0.000348786532413, 0.00235271756537, -0.00405372306705], [0.00347062991932, 0.00400816882029, 0.000479643407743, -0.00407823175192, 0.0200628880411, 0.000619973405264, -0.00239663617685, 0.00327234202996, -0.0053244791925, 0.00293567287736, -0.000838892650791, 0.00259080296382, -0.00363164767623], [5.65630325582e-05, 0.000900777056813, 0.000615206779912, 0.000446823076345, 0.000619973405264, 0.019975438714, -0.006714343559, 0.00209826882929, -0.0018802403938, 0.00666293734685, 0.000701180659235, -0.00255726720206, 0.00696519343182], [0.000272102013696, -0.00185758410953, -0.000202141323825, 0.00531773548573, -0.00239663617685, -0.006714343559, 0.0164567455649, -0.00630141841248, 0.00514356698841, 0.00156492111273, -0.00127909425646, 0.00276333279908, -7.10383319529e-05], [0.000776563072577, 0.00331504107453, 0.00292130862363, -0.0024457485415, 0.00327234202996, 0.00209826882929, -0.00630141841248, 0.026139087975, -0.00882409699261, 0.00104648142587, 0.00156736397184, 0.00317066535354, 0.00353813311085], [-8.25532988529e-05, 0.00130666326731, -0.00317669007927, 0.00332225323655, -0.0053244791925, -0.0018802403938, 0.00514356698841, -0.00882409699261, 0.0239332430065, -0.0120789622888, 0.00399547023699, 0.00373626826331, -0.00122330489103], [-0.000325352622895, -0.002497370122, 0.00430411240086, 0.000112515233923, 0.00293567287736, 0.00666293734685, 0.00156492111273, 0.00104648142587, -0.0120789622888, 0.0254313070327, -0.0114819984883, 0.00201958511025, 0.00326393404976], [-0.000929614412598, 0.00115024158731, -0.00533058773726, 0.000348786532413, -0.000838892650791, 0.000701180659235, -0.00127909425646, 0.00156736397184, 0.00399547023699, -0.0114819984883, 0.0283476728946, -0.0107254777104, 0.00324853532948], [0.00216031633317, -0.00118075311184, 0.00204373174347, 0.00235271756537, 0.00259080296382, -0.00255726720206, 0.00276333279908, 0.00317066535354, 0.00373626826331, 0.00201958511025, -0.0107254777104, 0.0401094034314, -0.0129588702694], [-0.00256688077934, -0.00147096812725, -0.00247554038651, -0.00405372306705, -0.00363164767623, 0.00696519343182, -7.10383319529e-05, 0.00353813311085, -0.00122330489103, 0.00326393404976, 0.00324853532948, -0.0129588702694, 0.0383576899767]]
    spectral_contrast:
        mean: [2.00297307629e-07, 2.95954350804e-07, 2.38218859749e-07, 1.275456043e-07, -1.38764889357e-07, -1.3241714214e-07, 6.68572397444e-07, 1.07684331851e-06, -2.5292376904e-06, 3.81865720556e-06, -1.03988566025e-06, 2.00682870855e-06]
        var: [0.000450237304904, 0.00057921349071, 0.000858736748341, 0.00204941537231, 0.00327075086534, 0.00452281814069, 0.0280543081462, 0.0461907014251, 0.0900025963783, 0.106879763305, 0.216002106667, 0.636259615421]

rhythm:
    beats_loudness:
        dmean: 0.00437317136675
        dmean2: 0.00666072731838
        dvar: 1.67284870258e-05
        dvar2: 2.97067108477e-05
        max: 0.0182309057564
        mean: 0.00779786705971
        min: 0.00319119845517
        var: 1.66603949765e-05
    beats_loudness_bass:
        dmean: 0.0630015879869
        dmean2: 0.122742384672
        dvar: 0.00607173331082
        dvar2: 0.0154332695529
        max: 0.309791266918
        mean: 0.0751852244139
        min: 0.020782135427
        var: 0.00534369517118
    bpm: 89.7260742188
    bpm_confidence: 0
    first_peak_bpm: 89
    first_peak_spread: 0
    first_peak_weight: 1
    onset_rate: 3.39833545685
    second_peak_bpm: 0
    second_peak_spread: 0
    second_peak_weight: 0
    beats_position: [0.693287014961, 1.36402869225, 2.03477048874, 2.70551204681, 3.37625384331, 4.04699516296, 4.71773719788, 5.38847923279, 6.05944490433, 6.72511768341, 7.39078903198, 8.05646133423, 8.7221326828, 9.38780498505]
    bpm_estimates: [89.397895813, 89.8244400024, 89.1728820801, 89.3156814575, 89.3901824951, 89.6212158203, 90.1537094116, 90.3102645874, 90.0538330078, 90.0206756592]
    bpm_intervals: [0.670741677284, 0.670741796494, 0.670741558075, 0.670741796494, 0.670741319656, 0.670742034912, 0.670742034912, 0.670965671539, 0.665672779083, 0.665671348572, 0.665672302246, 0.665671348572, 0.665672302246]
    onset_times: [0.0580498874187, 0.603718817234, 0.9287981987, 1.26548755169, 1.4164172411, 1.6137868166, 1.71827661991, 1.93886625767, 2.12462592125, 2.77478456497, 3.1811337471, 3.30884361267, 3.63392281532, 4.13315200806, 4.5046710968, 4.63238096237, 4.80653047562, 5.11999988556, 5.44507932663, 5.9675283432, 6.14167785645, 6.28099775314, 6.46675729752, 6.66412687302, 6.79183673859, 7.14013624191, 7.30267572403, 8.12698459625, 8.62621307373, 8.82358264923, 8.96290206909, 9.14866256714, 9.47374153137, 9.94975090027]
    rubato_start: []
    rubato_stop: []
    perceptual_tempo: "unknown"

sfx:
    inharmonicity:
        dmean: 0.0445052273571
        dmean2: 0.0806769356132
        dvar: 0.00200599967502
        dvar2: 0.00602744333446
        max: 0.253185927868
        mean: 0.0526179522276
        min: 0.000720849086065
        var: 0.00202289363369
    oddtoevenharmonicenergyratio:
        dmean: 3.37214684486
        dmean2: 6.49757528305
        dvar: 79.9506149292
        dvar2: 238.409255981
        max: 74.6013946533
        mean: 2.16219878197
        min: 0.00174557045102
        var: 46.4467811584
    pitch_after_max_to_before_max_energy_ratio: 4.75208091736
    pitch_centroid: 225.586029053
    pitch_max_to_total: 0.086247086525
    pitch_min_to_total: 0.538461565971
    tristimulus:
        dmean: [0.19874458015, 0.218442380428, 0.140131622553]
        dmean2: [0.348094075918, 0.381241351366, 0.246241688728]
        dvar: [0.0255226958543, 0.0317423865199, 0.0138768488541]
        dvar2: [0.0718784630299, 0.0954035520554, 0.0388760901988]
        max: [0.927469789982, 0.927675962448, 0.87891036272]
        mean: [0.366109997034, 0.42340272665, 0.166397377849]
        min: [0.0245815105736, 0, 0]
        var: [0.0380581095815, 0.0442054048181, 0.0202464032918]

tonal:
    chords_changes_rate: 0.050925925374
    chords_number_rate: 0.0231481473893
    chords_strength:
        dmean: 0.010593444109
        dmean2: 0.00936087314039
        dvar: 5.70530683035e-05
        dvar2: 4.88389778184e-05
        max: 0.671339333057
        mean: 0.499736011028
        min: 0.331665247679
        var: 0.00600403640419
    key_strength: 0.826989710331
    tuning_diatonic_strength: 0.671614766121
    tuning_equal_tempered_deviation: 0.0740814059973
    tuning_frequency: 440.763122559
    tuning_nontempered_energy_ratio: 0.762267827988
    hpcp:
        dmean: [0.141891136765, 0.118638515472, 0.0887176245451, 0.0959683582187, 0.099018342793, 0.110863178968, 0.125409647822, 0.123222708702, 0.145261228085, 0.157097607851, 0.122518651187, 0.0910825654864, 0.0895072296262, 0.076364852488, 0.112685985863, 0.217620253563, 0.211950719357, 0.153366059065, 0.103944934905, 0.103467978537, 0.161286577582, 0.165145844221, 0.161740943789, 0.126700535417, 0.0996066704392, 0.102672107518, 0.152137741446, 0.177375778556, 0.185757979751, 0.205406829715, 0.190673932433, 0.156379789114, 0.123885452747, 0.125525385141, 0.12685868144, 0.143903598189]
        dmean2: [0.22897785902, 0.182091772556, 0.147898763418, 0.168665140867, 0.172895878553, 0.190737769008, 0.209742709994, 0.212371349335, 0.251064747572, 0.26688477397, 0.214514881372, 0.159807085991, 0.154294207692, 0.130243986845, 0.191959500313, 0.369081437588, 0.356418192387, 0.252973258495, 0.182850375772, 0.183839455247, 0.290141373873, 0.284449696541, 0.282311499119, 0.230365663767, 0.172527313232, 0.178838968277, 0.267926424742, 0.312894165516, 0.331147134304, 0.345776021481, 0.325675755739, 0.270749777555, 0.215054541826, 0.219897434115, 0.227631002665, 0.242225706577]
        dvar: [0.0279250405729, 0.019610170275, 0.0161792337894, 0.0192663762718, 0.0243785660714, 0.021940536797, 0.0301278010011, 0.0226147733629, 0.0269886422902, 0.0411233864725, 0.029648501426, 0.0191544480622, 0.0253906976432, 0.0108575513586, 0.0222080945969, 0.0463714152575, 0.034405272454, 0.0305423866957, 0.0250026006252, 0.0210146699101, 0.046319168061, 0.0332602225244, 0.0344577841461, 0.0386284403503, 0.0262828059494, 0.025649189949, 0.0414255447686, 0.0446425154805, 0.047933138907, 0.0449758134782, 0.0395309850574, 0.0298431050032, 0.0295816734433, 0.0341683290899, 0.0290674511343, 0.0401310585439]
        dvar2: [0.0643366128206, 0.0463738739491, 0.0364940278232, 0.0530319362879, 0.0683884546161, 0.051572304219, 0.0764639377594, 0.0594259053469, 0.0707142874599, 0.0975085794926, 0.0797585099936, 0.0533543936908, 0.0708110257983, 0.0297581329942, 0.0608032606542, 0.114404708147, 0.0807687714696, 0.0780308693647, 0.0648063868284, 0.0598433502018, 0.136244371533, 0.0849989801645, 0.0956662073731, 0.106406204402, 0.0712842270732, 0.0714379400015, 0.129752293229, 0.118299722672, 0.134872227907, 0.118074476719, 0.0867244750261, 0.0861733406782, 0.0831102132797, 0.0995437651873, 0.0839718282223, 0.108176782727]
        max: [1, 1, 1, 0.904135763645, 1, 1, 1, 1, 1, 1, 1, 0.807968020439, 1, 1, 1, 1, 1, 1, 1, 1, 1, 1, 1, 1, 1, 1, 1, 1, 1, 1, 1, 1, 1, 1, 1, 1]
        mean: [0.24666634202, 0.213944166899, 0.143915519118, 0.127481013536, 0.121322058141, 0.17882694304, 0.234794452786, 0.192532271147, 0.220200672746, 0.267424970865, 0.172663152218, 0.110210306942, 0.119167566299, 0.103816285729, 0.200138255954, 0.494440644979, 0.484547972679, 0.216331541538, 0.11907248199, 0.124213352799, 0.234795928001, 0.339959919453, 0.271413952112, 0.15062455833, 0.109860278666, 0.118689246476, 0.212832838297, 0.28929245472, 0.241982519627, 0.313134402037, 0.425205171108, 0.277652621269, 0.151960939169, 0.158488169312, 0.153106853366, 0.186583891511]
        min: [0.0201469156891, 0.020118528977, 0.0138289490715, 0.0115499654785, 0.0107855144888, 0.0115316286683, 0.00957604590803, 0.0147693241015, 0.0196481216699, 0.0119844740257, 0.0114548830315, 0.0115892719477, 0.00838918983936, 0.00619426975027, 0.0197054911405, 0.0267619602382, 0.0243090521544, 0.0214134883136, 0.00555031979457, 0.00212018890306, 0.0134389940649, 0.0241177137941, 0.0177626740187, 0.00989154353738, 0.00665718317032, 0.00497469259426, 0.00978169776499, 0.0151319857687, 0.0161182582378, 0.00952387508005, 0.00587651785463, 0.00474904896691, 0.00831654295325, 0.00795224495232, 0.00788816343993, 0.0132966572419]
        var: [0.0517826229334, 0.0356274060905, 0.0228736884892, 0.0199850331992, 0.0224488396198, 0.0440270937979, 0.0700668692589, 0.0350952371955, 0.0433259047568, 0.0834233090281, 0.0400718748569, 0.0154734319076, 0.020447909832, 0.0114382719621, 0.0271322578192, 0.0962435305119, 0.0867586433887, 0.0433007664979, 0.0265166070312, 0.0201756637543, 0.0621605105698, 0.0886567309499, 0.0517647601664, 0.0287847202271, 0.0195745248348, 0.0216545723379, 0.0523535944521, 0.0873822569847, 0.060944404453, 0.0655825957656, 0.110928252339, 0.0486181229353, 0.0263111591339, 0.027818409726, 0.0268162116408, 0.0445005223155]
    chords_histogram: [46.296295166, 2.77777767181, 16.2037029266, 0, 0, 0, 0, 0, 0, 0, 0, 0, 0, 0, 0, 0, 0, 3.70370364189, 0, 0, 0, 0, 31.0185184479, 0]
    thpcp: [1, 0.979992210865, 0.437527835369, 0.240822598338, 0.251219958067, 0.474871814251, 0.68756467104, 0.54893130064, 0.304636269808, 0.222191035748, 0.240047514439, 0.430451750755, 0.585090339184, 0.489406615496, 0.633310377598, 0.859972119331, 0.561548948288, 0.30733910203, 0.320540338755, 0.30965667963, 0.377363592386, 0.49887958169, 0.432699382305, 0.291067332029, 0.257828742266, 0.245372340083, 0.361675262451, 0.474868834019, 0.389394104481, 0.445353090763, 0.540863633156, 0.349209070206, 0.222898960114, 0.241014912724, 0.209967136383, 0.404777109623]
    chords_key: "G"
    chords_scale: "major"
    key_key: "G"
    key_scale: "major"
    chords_progression: ["C", "C", "C", "C", "C", "C", "C", "C", "C", "C", "C", "C", "C", "C", "C", "C", "C", "C", "C", "C", "C", "C", "C", "C", "C", "C", "C", "C", "C", "C", "C", "C", "C", "Gm", "Gm", "Gm", "Gm", "Gm", "Gm", "Gm", "G", "G", "G", "G", "G", "Gm", "G", "G", "G", "G", "G", "G", "G", "G", "G", "G", "G", "G", "G", "G", "G", "G", "G", "G", "G", "G", "G", "G", "G", "G", "G", "G", "G", "G", "G", "G", "G", "G", "G", "G", "G", "G", "D", "D", "D", "D", "D", "D", "D", "D", "D", "D", "D", "D", "D", "D", "D", "D", "D", "D", "D", "D", "D", "G", "C", "C", "C", "C", "C", "C", "C", "C", "C", "C", "C", "C", "C", "C", "C", "C", "C", "C", "C", "C", "C", "C", "C", "C", "C", "C", "C", "C", "C", "C", "C", "C", "C", "C", "D", "D", "D", "D", "D", "D", "G", "G", "G", "G", "G", "G", "G", "G", "G", "G", "G", "G", "G", "G", "G", "G", "G", "G", "G", "G", "G", "G", "G", "G", "G", "G", "G", "G", "G", "G", "G", "G", "G", "G", "G", "G", "G", "G", "G", "G", "G", "G", "G", "G", "G", "G", "G", "G", "G", "G", "G", "G", "G", "G", "G", "G", "G", "G", "D", "D", "D", "D", "D", "D", "D", "D", "Bm", "Bm", "Bm", "Bm", "Bm", "Bm"]
