
metadata:
    version:
        essentia: "1.2.2"
    audio_properties:
        analysis_sample_rate: 44100
        bitrate: 128
        channels: 2
        equal_loudness: 1
        length: 10.0048980713
        replay_gain: -11.1605510712
        downmix: "mix"
    tags:
        track: 23
        year: 0
        album: "Splitted by Mp3Splt v. 2.1"
        artist: "From 003.40 To 003.50"
        comment: "http://mp3splt.sf.net"
        genre: ""
        title: "12 Babel [-].mp3"

highlevel:
    ballroom:
        all:
            ChaChaCha: 0.0479205697775
            Jive: 0.377508997917
            Quickstep: 0.000763837189879
            Rumba-American: 0.000281233311398
            Rumba-International: 0.000405347876949
            Rumba-Misc: 0.000340384198353
            Samba: 0.572411417961
            Tango: 6.86255370965e-05
            VienneseWaltz: 0.00024145792122
            Waltz: 5.81188032811e-05
        probability: 0.572411417961
        value: "Samba"
    culture:
        all:
            non_western: 0.161762654781
            western: 0.838237345219
        probability: 0.838237345219
        value: "western"
    gender:
        all:
            female: 0.804675519466
            male: 0.195324495435
        probability: 0.804675519466
        value: "female"
    genre_dortmund:
        all:
            alternative: 0.133171617985
            blues: 0.00573420291767
            electronic: 0.24153418839
            folkcountry: 0.0440300107002
            funksoulrnb: 0.00466642482206
            jazz: 0.00736860372126
            pop: 0.0748619362712
            raphiphop: 0.0190123952925
            rock: 0.469620645046
        probability: 0.469620645046
        value: "rock"
    genre_electronica:
        all:
            ambient: 0.0449060164392
            dnb: 0.360185921192
            house: 0.00732220103964
            techno: 0.041894748807
            trance: 0.545691132545
        probability: 0.545691132545
        value: "trance"
    genre_rosamerica:
        all:
            cla: 0.00363841024227
            dan: 0.710635304451
            hip: 0.00594679964706
            jaz: 0.00188563833944
            pop: 0.00755635229871
            rhy: 0.00106185988989
            roc: 0.268649101257
            spe: 0.00062655902002
        probability: 0.710635304451
        value: "dan"
    genre_tzanetakis:
        all:
            blu: 0.00733402231708
            cla: 0.00866195280105
            cou: 0.0281572062522
            dis: 0.178104966879
            hip: 0.0651435852051
            jaz: 0.0707950890064
            met: 0.118335440755
            pop: 0.341470330954
            reg: 0.0337922647595
            roc: 0.148205146194
        probability: 0.341470330954
        value: "pop"
    live_studio:
        all:
            live: 0.0421774350107
            studio: 0.957822561264
        probability: 0.957822561264
        value: "studio"
    mood:
        all:
            Cluster1: 0.404484212399
            Cluster2: 0.106886334717
            Cluster3: 0.125528469682
            Cluster4: 0.0699608102441
            Cluster5: 0.293140172958
        probability: 0.404484212399
        value: "Cluster1"
    mood_acoustic:
        all:
            acoustic: 0.00294674630277
            not_acoustic: 0.997053265572
        probability: 0.997053265572
        value: "not_acoustic"
    mood_aggressive:
        all:
            aggressive: 0.81450521946
            not_aggressive: 0.185494750738
        probability: 0.81450521946
        value: "aggressive"
    mood_electronic:
        all:
            electronic: 0.937468409538
            not_electronic: 0.0625315979123
        probability: 0.937468409538
        value: "electronic"
    mood_happy:
        all:
            happy: 0.622551858425
            not_happy: 0.377448141575
        probability: 0.622551858425
        value: "happy"
    mood_party:
        all:
            not_party: 0.21274292469
            party: 0.78725707531
        probability: 0.78725707531
        value: "party"
    mood_relaxed:
        all:
            not_relaxed: 0.327711254358
            relaxed: 0.672288715839
        probability: 0.672288715839
        value: "relaxed"
    mood_sad:
        all:
            not_sad: 0.939421057701
            sad: 0.0605789385736
        probability: 0.939421057701
        value: "not_sad"
    rhythm:
        all:
            fast: 0.973228573799
            medium: 0.0252195186913
            slow: 0.00155187910423
        probability: 0.973228573799
        value: "fast"
    speech_music:
        all:
            music: 0.999876856804
            speech: 0.000123139703646
        probability: 0.999876856804
        value: "music"
    timbre:
        all:
            bright: 0.156268671155
            dark: 0.843731343746
        probability: 0.843731343746
        value: "dark"
    voice_instrumental:
        all:
            instrumental: 0.366339087486
            voice: 0.633660912514
        probability: 0.633660912514
        value: "voice"

lowlevel:
    average_loudness: 0.974627435207
    barkbands_kurtosis:
        dmean: 0.677923560143
        dmean2: 1.17575395107
        dvar: 1.45808720589
        dvar2: 4.03033924103
        max: 10.1779127121
        mean: -1.06545031071
        min: -1.82143032551
        var: 1.2883964777
    barkbands_skewness:
        dmean: 0.532998502254
        dmean2: 0.844981610775
        dvar: 0.208350881934
        dvar2: 0.526265978813
        max: 3.26812410355
        mean: 0.181858494878
        min: -1.48312306404
        var: 0.479607790709
    barkbands_spread:
        dmean: 6.44731521606
        dmean2: 10.3662633896
        dvar: 35.9757919312
        dvar2: 88.4897918701
        max: 69.5286712646
        mean: 42.6798591614
        min: 14.2947597504
        var: 70.1329803467
    dissonance:
        dmean: 0.0121193472296
        dmean2: 0.0199039056897
        dvar: 0.00011222667672
        dvar2: 0.000259066320723
        max: 0.500000119209
        mean: 0.478616565466
        min: 0.366950929165
        var: 0.000192745981622
    hfc:
        dmean: 2.86868357658
        dmean2: 4.15700864792
        dvar: 7.02390813828
        dvar2: 14.9718151093
        max: 20.7320384979
        mean: 7.16576242447
        min: 0.00615134835243
        var: 19.9368648529
    pitch:
        dmean: 796.448120117
        dmean2: 1561.29272461
        dvar: 1810426.5
        dvar2: 4751107.5
        max: 4900
        mean: 2134.4987793
        min: 65.3333358765
        var: 2510860.25
    pitch_instantaneous_confidence:
        dmean: 0.0934997349977
        dmean2: 0.144211515784
        dvar: 0.00608257297426
        dvar2: 0.0133260339499
        max: 0.867673814297
        mean: 0.386682897806
        min: 0.119464814663
        var: 0.0216121561825
    pitch_salience:
        dmean: 0.0631431490183
        dmean2: 0.103038698435
        dvar: 0.00293285725638
        dvar2: 0.00791248772293
        max: 0.828490495682
        mean: 0.676488757133
        min: 0.34217107296
        var: 0.00478773470968
    silence_rate_20dB:
        dmean: 0
        dmean2: 0
        dvar: 0
        dvar2: 0
        max: 1
        mean: 1
        min: 1
        var: 0
    silence_rate_30dB:
        dmean: 0
        dmean2: 0
        dvar: 0
        dvar2: 0
        max: 1
        mean: 1
        min: 1
        var: 0
    silence_rate_60dB:
        dmean: 0.153132244945
        dmean2: 0.304651170969
        dvar: 0.129682525992
        dvar2: 0.263001352549
        max: 1
        mean: 0.324074059725
        min: 0
        var: 0.219050750136
    spectral_centroid:
        dmean: 402.880554199
        dmean2: 631.248168945
        dvar: 121766.148438
        dvar2: 279645.4375
        max: 3037.12768555
        mean: 1630.39428711
        min: 421.371826172
        var: 273234.8125
    spectral_complexity:
        dmean: 4.72790718079
        dmean2: 6.9347319603
        dvar: 17.46783638
        dvar2: 39.026008606
        max: 38
        mean: 14.0278425217
        min: 0
        var: 54.6813697815
    spectral_crest:
        dmean: 2.00071501732
        dmean2: 3.34767723083
        dvar: 2.96797800064
        dvar2: 7.49408817291
        max: 17.3067684174
        mean: 6.53995513916
        min: 2.79525470734
        var: 5.77750635147
    spectral_decrease:
        dmean: 4.58169779893e-10
        dmean2: 7.15113912531e-10
        dvar: 4.3023149999e-19
        dvar2: 1.11317934332e-18
        max: -1.93274953333e-12
        mean: -1.02591124485e-09
        min: -5.47417089436e-09
        var: 5.23398946183e-19
    spectral_energy:
        dmean: 0.00194658944383
        dmean2: 0.00299618765712
        dvar: 6.8092190304e-06
        dvar2: 1.74133128894e-05
        max: 0.0224932320416
        mean: 0.00452198134735
        min: 7.85259089753e-06
        var: 9.17430406844e-06
    spectral_energyband_high:
        dmean: 0.000190769918845
        dmean2: 0.000283643632429
        dvar: 4.98265606552e-08
        dvar2: 9.63300124113e-08
        max: 0.00343251950108
        mean: 0.000325205182889
        min: 1.9795167816e-07
        var: 1.05455050914e-07
    spectral_energyband_low:
        dmean: 0.000502831418999
        dmean2: 0.000818786968011
        dvar: 4.82395932977e-07
        dvar2: 1.20822221561e-06
        max: 0.00446379650384
        mean: 0.000740253250115
        min: 8.39655740492e-07
        var: 5.8455452745e-07
    spectral_energyband_middle_high:
        dmean: 0.000672864145599
        dmean2: 0.00098890287336
        dvar: 4.42512885002e-07
        dvar2: 8.55205257722e-07
        max: 0.00601960299537
        mean: 0.00180516857654
        min: 1.75399031832e-06
        var: 1.44553848713e-06
    spectral_energyband_middle_low:
        dmean: 0.00121274741832
        dmean2: 0.00212734378874
        dvar: 5.32358171768e-06
        dvar2: 1.50500118252e-05
        max: 0.0164245069027
        mean: 0.00165134225972
        min: 5.05984144183e-06
        var: 3.73972761736e-06
    spectral_flatness_db:
        dmean: 0.0169073157012
        dmean2: 0.0256896913052
        dvar: 0.000195448839804
        dvar2: 0.000478948990349
        max: 0.193343639374
        mean: 0.11952470243
        min: 0.0691333338618
        var: 0.000475065142382
    spectral_flux:
        dmean: 0.0116740008816
        dmean2: 0.0173299852759
        dvar: 0.000203395073186
        dvar2: 0.000346734566847
        max: 0.125587522984
        mean: 0.0443486869335
        min: 0.00280224741437
        var: 0.000375691131921
    spectral_kurtosis:
        dmean: 1.07624065876
        dmean2: 1.58179688454
        dvar: 1.11510515213
        dvar2: 2.76233291626
        max: 9.17887496948
        mean: 2.46682286263
        min: -0.897827863693
        var: 1.97383201122
    spectral_rms:
        dmean: 0.000427639868576
        dmean2: 0.00063104525907
        dvar: 2.28873304309e-07
        dvar2: 5.68359382669e-07
        max: 0.00468450831249
        mean: 0.00198780931532
        min: 8.75275072758e-05
        var: 4.60303368754e-07
    spectral_rolloff:
        dmean: 454.200042725
        dmean2: 738.001159668
        dvar: 376932.28125
        dvar2: 928452.5625
        max: 7041.35742188
        mean: 3311.31469727
        min: 236.865234375
        var: 560988.1875
    spectral_skewness:
        dmean: 0.166343152523
        dmean2: 0.250573813915
        dvar: 0.0263713765889
        dvar2: 0.0550728552043
        max: 2.43533492088
        mean: 1.26236891747
        min: 0.431461066008
        var: 0.0601277053356
    spectral_spread:
        dmean: 968397.75
        dmean2: 1278742.875
        dvar: 543573737472
        dvar2: 1.06948834099e+12
        max: 11886806
        mean: 5719568.5
        min: 2895124.75
        var: 1.60384955187e+12
    spectral_strongpeak:
        dmean: 0.224035561085
        dmean2: 0.399875760078
        dvar: 0.209454908967
        dvar2: 0.557313263416
        max: 2.85845732689
        mean: 0.248906821012
        min: 0.00132881756872
        var: 0.183352157474
    zerocrossingrate:
        dmean: 0.0128951668739
        dmean2: 0.0159414149821
        dvar: 0.00011348384578
        dvar2: 0.000183833486517
        max: 0.1796875
        mean: 0.0923689901829
        min: 0.03271484375
        var: 0.000544476963114
    barkbands:
        dmean: [1.18049399589e-06, 0.000202389594051, 0.000436562258983, 0.000557471299544, 0.000634702853858, 0.0001216700839, 9.46408181335e-05, 8.5008185124e-05, 5.16243053426e-05, 4.56841589767e-05, 3.948734593e-05, 3.74269329768e-05, 2.87163584289e-05, 3.33679054165e-05, 3.82812431781e-05, 8.32326550153e-05, 0.000157464484801, 0.000187675701454, 0.000298426457448, 0.000140810603625, 7.38929156796e-05, 2.71413027804e-05, 1.07489522634e-05, 1.86637407751e-05, 6.38758183413e-06, 7.87466589713e-08, 1.47914158699e-09]
        dmean2: [1.66184599948e-06, 0.000322596286424, 0.000729714869522, 0.00101398071274, 0.00114873435814, 0.000201803122764, 0.000158188864589, 0.00014061719412, 8.38716878206e-05, 7.38782182452e-05, 6.48514323984e-05, 6.22701190878e-05, 4.79820082546e-05, 5.46512019355e-05, 6.25785323791e-05, 0.000138734641951, 0.000255901279161, 0.000290864321869, 0.000451196159702, 0.000215726613533, 0.000110128064989, 4.07172483392e-05, 1.51606809595e-05, 2.9570179322e-05, 1.07777150333e-05, 1.25023291275e-07, 1.68015257263e-09]
        dvar: [3.0002712554e-12, 7.47890780417e-08, 4.30146911867e-07, 1.27784414872e-06, 1.46458444306e-06, 1.81171753155e-08, 2.22662048799e-08, 1.92951876699e-08, 4.93749441333e-09, 2.16338791326e-09, 1.82599857457e-09, 2.35819763716e-09, 1.25267107798e-09, 1.35003830337e-09, 1.32412791842e-09, 7.37880290202e-09, 3.40306876012e-08, 5.63760096384e-08, 1.39382493103e-07, 2.4003771415e-08, 9.2534806484e-09, 1.32500577177e-09, 2.44372327929e-10, 3.61708080154e-10, 4.54635773472e-11, 6.89707715785e-15, 6.0049993161e-16]
        dvar2: [5.9914339115e-12, 2.02244905267e-07, 1.14363945158e-06, 3.59797309102e-06, 4.12185636378e-06, 5.14070528368e-08, 5.71921212611e-08, 4.82552415804e-08, 1.13159543957e-08, 4.98666619109e-09, 4.68676386589e-09, 5.82910741898e-09, 3.20289195166e-09, 3.3431859503e-09, 3.56928131495e-09, 1.78222272496e-08, 7.68612977708e-08, 1.17161107482e-07, 2.87999597504e-07, 5.34716484424e-08, 1.89270554785e-08, 2.9325697426e-09, 4.02861355386e-10, 7.38707706116e-10, 1.10763863359e-10, 1.51885712937e-14, 5.99412341306e-16]
        max: [1.12713496492e-05, 0.00181620148942, 0.00414560735226, 0.00596954766661, 0.00974022690207, 0.00131225644145, 0.00167622801382, 0.00159538828302, 0.000733084860258, 0.000531320925802, 0.000367051834473, 0.000356350792572, 0.000301789288642, 0.000402719742851, 0.000305710942484, 0.000547828618437, 0.00243492471054, 0.00256966915913, 0.0034812875092, 0.00164862954989, 0.00160842307378, 0.000466040481115, 0.000222790884436, 0.000121410899737, 3.27410052705e-05, 8.50607079883e-07, 5.10426104938e-07]
        mean: [1.61741866123e-06, 0.000302373577142, 0.000436277710833, 0.000426987971878, 0.000675986811984, 0.000184426055057, 0.000135308524477, 0.000117930045235, 8.05386589491e-05, 8.79275103216e-05, 5.860444071e-05, 5.47704512428e-05, 4.50352126791e-05, 5.09451238031e-05, 6.43173261778e-05, 0.000112025867566, 0.00026098190574, 0.000359044701327, 0.000607262190897, 0.000249903736403, 0.000128153013065, 4.01714787586e-05, 1.53484998009e-05, 1.96913970285e-05, 6.25631264484e-06, 9.72228875185e-08, 1.55351709274e-09]
        min: [1.30891253391e-09, 2.81802272184e-07, 5.51837956664e-07, 7.23539528735e-07, 2.81094753518e-06, 6.31352008895e-07, 2.06062779284e-07, 4.70126110486e-07, 1.2614432876e-07, 4.44460710014e-07, 6.17296258554e-09, 2.28890666421e-08, 2.80932077601e-08, 2.33989368326e-07, 2.73647600579e-07, 1.95651878698e-07, 2.55492409451e-07, 1.21634059269e-07, 1.18536782168e-07, 1.90906746411e-07, 1.05678914508e-07, 3.86234795258e-08, 4.44355796603e-09, 1.67959257613e-09, 1.68377367604e-09, 2.60819716519e-11, 1.52660046063e-12]
        var: [5.70896932159e-12, 9.27690919639e-08, 3.92815763917e-07, 8.20374907562e-07, 1.00297847894e-06, 2.37645210177e-08, 2.85032832892e-08, 2.66958899431e-08, 9.0559151289e-09, 5.11510966916e-09, 2.89086821148e-09, 3.43456307839e-09, 1.85023241173e-09, 1.92170790392e-09, 2.3577846342e-09, 9.22050880092e-09, 6.72304949489e-08, 1.38817711104e-07, 3.52754028654e-07, 4.51231976228e-08, 1.8324856299e-08, 2.33891528367e-09, 7.16415593516e-10, 5.25279375552e-10, 4.88848163338e-11, 1.03660476538e-14, 6.02377591896e-16]
    mfcc:
        mean: [-690.608154297, 94.7231292725, -25.0983066559, 56.0451660156, -0.0212245509028, -9.26816368103, 5.68419647217, 1.58840596676, -3.22579288483, -1.94938707352, -3.56909513474, -1.28993785381, -5.39104604721]
        cov: [[1876.53564453, -513.39666748, 124.860977173, 26.979719162, 118.249763489, 2.12151908875, 40.0105056763, 53.890247345, -92.5160064697, -49.5655517578, -42.8529624939, 54.1849708557, 7.75150251389], [-513.39666748, 536.470153809, -177.045410156, 96.2332305908, -63.8538398743, -22.2078266144, 34.0496788025, 2.00517630577, 7.68797254562, -15.5676555634, 59.8316955566, -19.9588375092, 9.37574863434], [124.860977173, -177.045410156, 221.126449585, -42.8423461914, 50.0799369812, 33.3526077271, -14.1504402161, -3.15652489662, 14.4996938705, 17.8708992004, -32.7996177673, 7.84166526794, -14.680103302], [26.979719162, 96.2332305908, -42.8423461914, 140.119049072, -3.84476542473, 9.62415409088, 16.6256370544, 6.57705926895, -29.2080898285, -11.2038917542, 19.7454853058, 1.2611323595, 14.7643346786], [118.249763489, -63.8538398743, 50.0799369812, -3.84476542473, 99.2900161743, 4.51145982742, 23.217754364, 15.8990573883, 2.20269370079, 6.59885787964, 5.40624475479, 12.9769487381, 0.397566199303], [2.12151908875, -22.2078266144, 33.3526077271, 9.62415409088, 4.51145982742, 113.052322388, -8.7287311554, -15.4100198746, 20.4135856628, 8.73149585724, -27.5602092743, -11.7535600662, 2.85359692574], [40.0105056763, 34.0496788025, -14.1504402161, 16.6256370544, 23.217754364, -8.7287311554, 65.4618835449, 37.0245819092, -6.60828876495, -0.0667263194919, 27.4701519012, 9.38086032867, 9.93681526184], [53.890247345, 2.00517630577, -3.15652489662, 6.57705926895, 15.8990573883, -15.4100198746, 37.0245819092, 67.4655609131, 4.28062152863, 8.66384792328, 30.0147781372, 19.292257309, 6.46486377716], [-92.5160064697, 7.68797254562, 14.4996938705, -29.2080898285, 2.20269370079, 20.4135856628, -6.60828876495, 4.28062152863, 52.9481010437, 17.0646114349, -5.7470536232, -9.66242313385, -7.57938194275], [-49.5655517578, -15.5676555634, 17.8708992004, -11.2038917542, 6.59885787964, 8.73149585724, -0.0667263194919, 8.66384792328, 17.0646114349, 41.5518722534, 16.9056816101, 6.27210998535, 2.35583996773], [-42.8529624939, 59.8316955566, -32.7996177673, 19.7454853058, 5.40624475479, -27.5602092743, 27.4701519012, 30.0147781372, -5.7470536232, 16.9056816101, 66.6593093872, 28.4765396118, 17.7418422699], [54.1849708557, -19.9588375092, 7.84166526794, 1.2611323595, 12.9769487381, -11.7535600662, 9.38086032867, 19.292257309, -9.66242313385, 6.27210998535, 28.4765396118, 44.8088302612, 24.3722934723], [7.75150251389, 9.37574863434, -14.680103302, 14.7643346786, 0.397566199303, 2.85359692574, 9.93681526184, 6.46486377716, -7.57938194275, 2.35583996773, 17.7418422699, 24.3722934723, 44.1186332703]]
        icov: [[0.000952788628638, 0.000986284110695, 0.00020745175425, -0.00055262632668, -0.000418501469539, -0.000154506618856, -0.000505314092152, -0.000601917156018, 0.000856698607095, 0.00104113807902, 0.000472388055641, -0.000780698086601, 0.000425637495937], [0.000986284110695, 0.0045612193644, 0.00170632987283, -0.00240903487429, 0.000995201175101, -2.10756879824e-05, -0.00209390046075, 0.00112167233601, -0.00219389586709, 0.00314079620875, -0.00325870700181, 0.00103318982292, 0.000726071011741], [0.00020745175425, 0.00170632987283, 0.00763436127454, 6.16858324065e-06, -0.00237856688909, -0.00113630515989, -0.000307819544105, 0.000272930483334, -0.000579513027333, -0.00263005681336, 0.0037019927986, -0.00434921961278, 0.0032181951683], [-0.00055262632668, -0.00240903487429, 6.16858324065e-06, 0.0111818304285, -0.000951193505898, -0.00305345375091, 0.00166162126698, -0.00207087700255, 0.00698763225228, 0.000557334569748, -0.00300457677804, 0.00424768589437, -0.00296322698705], [-0.000418501469539, 0.000995201175101, -0.00237856688909, -0.000951193505898, 0.0141197573394, 0.00011411561718, -0.0063364286907, 0.0016727745533, -0.00258025643416, -0.000310881965561, -0.000556830491405, -0.0033545170445, 0.00208669179119], [-0.000154506618856, -2.10756879824e-05, -0.00113630515989, -0.00305345375091, 0.00011411561718, 0.0126198623329, -0.00192500674166, 0.00250679347664, -0.00542674679309, -0.0039826175198, 0.00652454514056, 0.000234001869103, -0.0035483466927], [-0.000505314092152, -0.00209390046075, -0.000307819544105, 0.00166162126698, -0.0063364286907, -0.00192500674166, 0.0298909209669, -0.0144739933312, 0.00519707147032, 0.00376348523423, -0.00843719858676, 0.0102939587086, -0.00615635700524], [-0.000601917156018, 0.00112167233601, 0.000272930483334, -0.00207087700255, 0.0016727745533, 0.00250679347664, -0.0144739933312, 0.0284790266305, -0.00864273868501, -0.00127135147341, -0.00431058881804, -0.00957773718983, 0.00516839791089], [0.000856698607095, -0.00219389586709, -0.000579513027333, 0.00698763225228, -0.00258025643416, -0.00542674679309, 0.00519707147032, -0.00864273868501, 0.0329008214176, -0.00979250110686, 0.00228185299784, 0.00708098011091, -0.000399594020564], [0.00104113807902, 0.00314079620875, -0.00263005681336, 0.000557334569748, -0.000310881965561, -0.0039826175198, 0.00376348523423, -0.00127135147341, -0.00979250110686, 0.0399901382625, -0.0186859183013, 0.00400657579303, -0.000829666038044], [0.000472388055641, -0.00325870700181, 0.0037019927986, -0.00300457677804, -0.000556830491405, 0.00652454514056, -0.00843719858676, -0.00431058881804, 0.00228185299784, -0.0186859183013, 0.0431400835514, -0.0220409091562, 0.0011792202713], [-0.000780698086601, 0.00103318982292, -0.00434921961278, 0.00424768589437, -0.0033545170445, 0.000234001869103, 0.0102939587086, -0.00957773718983, 0.00708098011091, 0.00400657579303, -0.0220409091562, 0.0558463856578, -0.0248359609395], [0.000425637495937, 0.000726071011741, 0.0032181951683, -0.00296322698705, 0.00208669179119, -0.0035483466927, -0.00615635700524, 0.00516839791089, -0.000399594020564, -0.000829666038044, 0.0011792202713, -0.0248359609395, 0.0385609865189]]
    spectral_contrast:
        mean: [-4.85206079759e-08, -2.90427863092e-07, 3.1029681935e-08, 2.99950698945e-07, 2.07302463195e-07, -2.10440006754e-07, -3.68390578842e-06, 1.9322760636e-06, 8.54586801324e-07, -4.98311578667e-07, -7.47880108065e-07, -3.04961690745e-06]
        var: [0.000458099704701, 0.000609394861385, 0.00107316253707, 0.00145997956861, 0.00221680244431, 0.00329752173275, 0.031488597393, 0.0511471070349, 0.082140699029, 0.161188185215, 0.219097018242, 0.947697877884]

rhythm:
    beats_loudness:
        dmean: 0.00183936371468
        dmean2: 0.00285824830644
        dvar: 2.10407552004e-06
        dvar2: 5.7684856074e-06
        max: 0.0102587435395
        mean: 0.00558638991788
        min: 0.00143468542956
        var: 8.80022162164e-06
    beats_loudness_bass:
        dmean: 0.121013388038
        dmean2: 0.189781323075
        dvar: 0.0087446924299
        dvar2: 0.0245502628386
        max: 0.576707839966
        mean: 0.238671943545
        min: 0.0753282755613
        var: 0.0165145155042
    bpm: 129.48197937
    bpm_confidence: 0
    first_peak_bpm: 129
    first_peak_spread: 0
    first_peak_weight: 0.950000047684
    onset_rate: 6.59676933289
    second_peak_bpm: 92
    second_peak_spread: 0
    second_peak_weight: 0.0500000007451
    beats_position: [0.153992697597, 0.617702901363, 1.08141314983, 1.54512321949, 2.00883364677, 2.47254395485, 2.93625426292, 3.399964571, 3.86367487907, 4.32738494873, 4.79109525681, 5.25480556488, 5.71851587296, 6.3737912178, 6.83688497543, 7.2999792099, 7.76307296753, 8.22616767883, 8.68926143646, 9.15235519409, 9.6154499054]
    bpm_estimates: [129.391784668, 129.632751465, 129.308135986, 129.289138794, 129.366210938, 129.251693726, 129.266647339, 129.467819214, 129.547302246, 129.867370605, 129.466781616, 129.725402832, 129.344024658, 129.495346069, 129.393463135, 129.275939941, 129.545532227, 129.528366089, 129.994247437]
    bpm_intervals: [0.463710188866, 0.46371024847, 0.463710069656, 0.463710427284, 0.463710308075, 0.463710308075, 0.463710308075, 0.463710308075, 0.463710069656, 0.463710308075, 0.463710308075, 0.463710308075, 0.655275344849, 0.463093757629, 0.463094234467, 0.463093757629, 0.463094711304, 0.463093757629, 0.463093757629, 0.463094711304]
    onset_times: [0.0580498874187, 0.208979591727, 0.31346938014, 0.452789127827, 0.545668959618, 0.789478480816, 0.905578255653, 1.02167797089, 1.25387752056, 1.38158726692, 1.48607707024, 1.60217690468, 1.71827661991, 1.83437645435, 1.95047616959, 2.06657600403, 2.17106580734, 2.31038546562, 2.41487526894, 2.53097510338, 2.64707493782, 2.76317453384, 2.86766433716, 3.11147403717, 3.27401351929, 3.47138333321, 3.5758728981, 3.80807256699, 3.93578219414, 4.04027223587, 4.27247142792, 4.40018129349, 4.51628112793, 4.63238096237, 4.73687076569, 4.9806804657, 5.20126962662, 5.32897949219, 5.45668935776, 5.67727899551, 5.80498886108, 6.03718805313, 6.14167785645, 6.37387752533, 6.60607719421, 6.74539661407, 6.84988641739, 6.97759628296, 7.07047605515, 7.19818592072, 7.30267572403, 7.53487539291, 7.66258525848, 7.7670750618, 7.89478445053, 7.99927425385, 8.23147392273, 8.46367359161, 8.6958732605, 8.92807292938, 9.04417228699, 9.17188167572, 9.39247131348, 9.52018165588, 9.75238132477, 9.85687065125]
    rubato_start: []
    rubato_stop: []
    perceptual_tempo: "unknown"

sfx:
    inharmonicity:
        dmean: 0.0461950264871
        dmean2: 0.0811252743006
        dvar: 0.00241685798392
        dvar2: 0.00715565448627
        max: 0.336063474417
        mean: 0.0577297061682
        min: 0.000859512831084
        var: 0.00249735056423
    oddtoevenharmonicenergyratio:
        dmean: 2.18054461479
        dmean2: 4.10745811462
        dvar: 55.3036117554
        dvar2: 161.09375
        max: 79.9117202759
        mean: 1.52344560623
        min: 0.00132203905378
        var: 31.4018001556
    pitch_after_max_to_before_max_energy_ratio: 1.61419308186
    pitch_centroid: 260.069061279
    pitch_max_to_total: 0.53828305006
    pitch_min_to_total: 0.341067284346
    tristimulus:
        dmean: [0.181017041206, 0.273873984814, 0.17393194139]
        dmean2: [0.319701224566, 0.480839788914, 0.311470061541]
        dvar: [0.0269761830568, 0.0498302578926, 0.0234297048301]
        dvar2: [0.0820242911577, 0.147206068039, 0.0627963617444]
        max: [0.888808786869, 0.959558665752, 0.696657061577]
        mean: [0.304755717516, 0.418728679419, 0.177377179265]
        min: [0.0160921681672, 0, 0]
        var: [0.0380743592978, 0.0643961057067, 0.0275915525854]

tonal:
    chords_changes_rate: 0.0184331797063
    chords_number_rate: 0.0138248847798
    chords_strength:
        dmean: 0.00644924351946
        dmean2: 0.00779025629163
        dvar: 2.97120222967e-05
        dvar2: 4.8467049055e-05
        max: 0.769949018955
        mean: 0.669117093086
        min: 0.563581049442
        var: 0.00468448130414
    key_strength: 0.818631529808
    tuning_diatonic_strength: 0.7701562047
    tuning_equal_tempered_deviation: 0.187576621771
    tuning_frequency: 443.572570801
    tuning_nontempered_energy_ratio: 0.844301939011
    hpcp:
        dmean: [0.102351777256, 0.122016511858, 0.135823026299, 0.116817176342, 0.126841649413, 0.199597835541, 0.254066973925, 0.275525271893, 0.29483217001, 0.338156372309, 0.295767635107, 0.204955503345, 0.199570998549, 0.181287840009, 0.172903820872, 0.165958404541, 0.15093678236, 0.130466908216, 0.127525508404, 0.148386001587, 0.171527698636, 0.171365424991, 0.160946711898, 0.146173894405, 0.130654707551, 0.10402828455, 0.0906184986234, 0.127843782306, 0.212095275521, 0.274604976177, 0.261330336332, 0.19594886899, 0.174229741096, 0.165631309152, 0.164846599102, 0.127454191446]
        dmean2: [0.178520023823, 0.216069608927, 0.240269571543, 0.206486061215, 0.224709451199, 0.355404794216, 0.45525470376, 0.485759824514, 0.504382371902, 0.59566873312, 0.520070791245, 0.372348368168, 0.365506917238, 0.325960189104, 0.300907373428, 0.282987326384, 0.264432609081, 0.229651734233, 0.237743198872, 0.274868428707, 0.311023950577, 0.309584468603, 0.282886177301, 0.258310616016, 0.238332912326, 0.184702143073, 0.157290384173, 0.23126719892, 0.36437985301, 0.478102684021, 0.439361691475, 0.330383062363, 0.294601500034, 0.291503876448, 0.292145878077, 0.222661361098]
        dvar: [0.0157247688621, 0.0222703013569, 0.0233807824552, 0.0157360490412, 0.0255741029978, 0.0564942061901, 0.0588783919811, 0.0530081577599, 0.057497497648, 0.0691092535853, 0.0653631836176, 0.0554006323218, 0.0594468154013, 0.0490704812109, 0.0338050201535, 0.0356014110148, 0.033162523061, 0.030012415722, 0.0419799163938, 0.0311123691499, 0.0338540785015, 0.0341692604125, 0.0386270582676, 0.0346592403948, 0.0402889885008, 0.0185405220836, 0.0125065799803, 0.0255713853985, 0.0403778851032, 0.0506056062877, 0.0396414585412, 0.0301723238081, 0.0343449003994, 0.0306363087147, 0.032459422946, 0.0215156916529]
        dvar2: [0.0454450324178, 0.0654906854033, 0.0705000534654, 0.0450350120664, 0.0658498182893, 0.15181080997, 0.158225357533, 0.145812854171, 0.129188045859, 0.182320043445, 0.189587116241, 0.148392289877, 0.16419659555, 0.134749412537, 0.0916696712375, 0.0905357077718, 0.0862470492721, 0.0902523994446, 0.125842899084, 0.0965495407581, 0.105000756681, 0.101186901331, 0.107228897512, 0.0992554873228, 0.115998521447, 0.0532044656575, 0.0365943945944, 0.070380680263, 0.115859180689, 0.138612359762, 0.100790038705, 0.0829771086574, 0.0857736542821, 0.0720615535975, 0.0910646915436, 0.0631230846047]
        max: [0.767784833908, 0.964719235897, 0.808806359768, 0.738477468491, 1, 1, 1, 1, 1, 1, 1, 1, 1, 1, 1, 1, 1, 0.957936763763, 1, 1, 1, 1, 1, 1, 1, 0.866346001625, 1, 1, 1, 1, 1, 1, 1, 1, 1, 1]
        mean: [0.151653409004, 0.176380619407, 0.186259627342, 0.148042544723, 0.142770364881, 0.214729249477, 0.270730674267, 0.334110170603, 0.48171749711, 0.5061814785, 0.339675337076, 0.216091513634, 0.192754864693, 0.178403481841, 0.207053780556, 0.234890252352, 0.181668400764, 0.136970326304, 0.138597756624, 0.169797465205, 0.211209103465, 0.210930332541, 0.192452475429, 0.168720960617, 0.145761936903, 0.138961717486, 0.125982448459, 0.142986685038, 0.29313147068, 0.563036978245, 0.55360263586, 0.317979723215, 0.227642640471, 0.223055899143, 0.215979829431, 0.177374646068]
        min: [0.0196209158748, 0.0201264601201, 0.0162645112723, 0.01269311551, 0.0120008662343, 0.0143413962796, 0.0153425848112, 0.0150966895744, 0.00562151195481, 0.0246409699321, 0.022311873734, 0.0107615580782, 0.0104676829651, 0.0190322641283, 0.0259750951082, 0.0253574755043, 0.00629753991961, 0.00843404978514, 0.0101972930133, 0.0124703468755, 0.0171884763986, 0.0211619697511, 0.00808352977037, 8.69747964316e-06, 0.00386612955481, 0.00722230039537, 0.00336486962624, 0, 0.00746880099177, 0.0422933846712, 0.0488275513053, 0.0371341891587, 0.00727553432807, 0.0129134319723, 0.0166026409715, 0.0126792639494]
        var: [0.0154982674867, 0.0199641566724, 0.021217867732, 0.0149257620797, 0.0232533048838, 0.0508576221764, 0.0628977790475, 0.0636905133724, 0.0984202548862, 0.112954437733, 0.0818659290671, 0.0555365793407, 0.0511427000165, 0.0386821851134, 0.0341363623738, 0.0405796542764, 0.0309930089861, 0.0250194575638, 0.0325711108744, 0.0285986550152, 0.0316031612456, 0.0319978743792, 0.0365990512073, 0.0335183031857, 0.0302270334214, 0.0156213501468, 0.011122001335, 0.0204701200128, 0.0449482686818, 0.0897980555892, 0.0767816379666, 0.0468810424209, 0.0509493499994, 0.0416222177446, 0.0331086367369, 0.0205230228603]
    chords_histogram: [77.4193572998, 0, 10.5990781784, 11.520737648, 0, 0, 0, 0, 0, 0, 0.460829496384, 0, 0, 0, 0, 0, 0, 0, 0, 0, 0, 0, 0, 0]
    thpcp: [1, 0.983243823051, 0.564758181572, 0.404312074184, 0.396165639162, 0.383597940207, 0.315031975508, 0.269348919392, 0.313266485929, 0.330812424421, 0.262935727835, 0.253571927547, 0.381376802921, 0.480839967728, 0.593407154083, 0.855569899082, 0.899019956589, 0.603291332722, 0.383796304464, 0.342348486185, 0.316859275103, 0.36774456501, 0.417184412479, 0.322658032179, 0.243270576, 0.246161013842, 0.301574259996, 0.375124752522, 0.374629616737, 0.341811418533, 0.299662321806, 0.258885204792, 0.246807441115, 0.223755195737, 0.253956109285, 0.520625591278]
    chords_key: "C"
    chords_scale: "major"
    key_key: "C"
    key_scale: "major"
    chords_progression: ["G", "G", "G", "G", "G", "G", "G", "G", "G", "G", "G", "G", "G", "G", "G", "G", "G", "G", "G", "G", "G", "G", "G", "C", "C", "C", "C", "C", "B", "Bm", "Bm", "Bm", "Bm", "Bm", "Bm", "Bm", "Bm", "Bm", "Bm", "Bm", "Bm", "Bm", "Bm", "Bm", "Bm", "Bm", "Bm", "Bm", "Bm", "Bm", "Bm", "Bm", "Bm", "Bm", "C", "C", "C", "C", "C", "C", "C", "C", "C", "C", "C", "C", "C", "C", "C", "C", "C", "C", "C", "C", "C", "C", "C", "C", "C", "C", "C", "C", "C", "C", "C", "C", "C", "C", "C", "C", "C", "C", "C", "C", "C", "C", "C", "C", "C", "C", "C", "C", "C", "C", "C", "C", "C", "C", "C", "C", "C", "C", "C", "C", "C", "C", "C", "C", "C", "C", "C", "C", "C", "C", "C", "C", "C", "C", "C", "C", "C", "C", "C", "C", "C", "C", "C", "C", "C", "C", "C", "C", "C", "C", "C", "C", "C", "C", "C", "C", "C", "C", "C", "C", "C", "C", "C", "C", "C", "C", "C", "C", "C", "C", "C", "C", "C", "C", "C", "C", "C", "C", "C", "C", "C", "C", "C", "C", "C", "C", "C", "C", "C", "C", "C", "C", "C", "C", "C", "C", "C", "C", "C", "C", "C", "C", "C", "C", "C", "C", "C", "C", "C", "C", "C", "C", "C", "C", "C", "C", "C", "C", "C", "C", "C", "C", "C"]
