
metadata:
    version:
        essentia: "1.2.2"
    audio_properties:
        analysis_sample_rate: 44100
        bitrate: 128
        channels: 2
        equal_loudness: 1
        length: 10.0048980713
        replay_gain: -7.9767036438
        downmix: "mix"
    tags:
        track: 54
        year: 0
        album: "Splitted by Mp3Splt v. 2.1"
        artist: "From 008.50 To 009.00"
        comment: "http://mp3splt.sf.net"
        genre: ""
        title: "05 Consensual Worlds.mp3"

highlevel:
    ballroom:
        all:
            ChaChaCha: 0.0939951911569
            Jive: 0.0546668618917
            Quickstep: 0.0161046553403
            Rumba-American: 0.00648229243234
            Rumba-International: 0.0775333046913
            Rumba-Misc: 0.0458881184459
            Samba: 0.672258913517
            Tango: 0.00948830321431
            VienneseWaltz: 0.0167889874429
            Waltz: 0.00679337605834
        probability: 0.672258913517
        value: "Samba"
    culture:
        all:
            non_western: 0.0469540320337
            western: 0.953045964241
        probability: 0.953045964241
        value: "western"
    gender:
        all:
            female: 0.899866998196
            male: 0.100133001804
        probability: 0.899866998196
        value: "female"
    genre_dortmund:
        all:
            alternative: 0.130109071732
            blues: 0.00549750728533
            electronic: 0.497222810984
            folkcountry: 0.0723022446036
            funksoulrnb: 0.010373252444
            jazz: 0.0200150348246
            pop: 0.0889746472239
            raphiphop: 0.0392914786935
            rock: 0.136213958263
        probability: 0.497222810984
        value: "electronic"
    genre_electronica:
        all:
            ambient: 0.0826982930303
            dnb: 0.202357009053
            house: 0.00697686662897
            techno: 0.0231433100998
            trance: 0.68482452631
        probability: 0.68482452631
        value: "trance"
    genre_rosamerica:
        all:
            cla: 0.0327872596681
            dan: 0.608066022396
            hip: 0.0144318612292
            jaz: 0.0162473209202
            pop: 0.126676008105
            rhy: 0.0122372852638
            roc: 0.187082260847
            spe: 0.00247197155841
        probability: 0.608066022396
        value: "dan"
    genre_tzanetakis:
        all:
            blu: 0.00737238069996
            cla: 0.032064884901
            cou: 0.0825842544436
            dis: 0.125925898552
            hip: 0.0147084686905
            jaz: 0.262671560049
            met: 0.0228981990367
            pop: 0.0751479491591
            reg: 0.0460454411805
            roc: 0.330580949783
        probability: 0.330580949783
        value: "roc"
    live_studio:
        all:
            live: 0.210977554321
            studio: 0.789022445679
        probability: 0.789022445679
        value: "studio"
    mood:
        all:
            Cluster1: 0.50584423542
            Cluster2: 0.0793449506164
            Cluster3: 0.0382103919983
            Cluster4: 0.0512894652784
            Cluster5: 0.325310975313
        probability: 0.50584423542
        value: "Cluster1"
    mood_acoustic:
        all:
            acoustic: 0.0109946131706
            not_acoustic: 0.989005386829
        probability: 0.989005386829
        value: "not_acoustic"
    mood_aggressive:
        all:
            aggressive: 0.41416528821
            not_aggressive: 0.585834681988
        probability: 0.585834681988
        value: "not_aggressive"
    mood_electronic:
        all:
            electronic: 0.838605284691
            not_electronic: 0.161394715309
        probability: 0.838605284691
        value: "electronic"
    mood_happy:
        all:
            happy: 0.856765508652
            not_happy: 0.143234461546
        probability: 0.856765508652
        value: "happy"
    mood_party:
        all:
            not_party: 0.69580578804
            party: 0.304194182158
        probability: 0.69580578804
        value: "not_party"
    mood_relaxed:
        all:
            not_relaxed: 0.37638092041
            relaxed: 0.62361907959
        probability: 0.62361907959
        value: "relaxed"
    mood_sad:
        all:
            not_sad: 0.582042813301
            sad: 0.417957216501
        probability: 0.582042813301
        value: "not_sad"
    rhythm:
        all:
            fast: 0.596934735775
            medium: 0.239081889391
            slow: 0.163983389735
        probability: 0.596934735775
        value: "fast"
    speech_music:
        all:
            music: 0.999996364117
            speech: 3.62281207344e-06
        probability: 0.999996364117
        value: "music"
    timbre:
        all:
            bright: 0.89911532402
            dark: 0.100884705782
        probability: 0.89911532402
        value: "bright"
    voice_instrumental:
        all:
            instrumental: 0.820305764675
            voice: 0.179694250226
        probability: 0.820305764675
        value: "instrumental"

lowlevel:
    average_loudness: 0.986188769341
    barkbands_kurtosis:
        dmean: 0.415278762579
        dmean2: 0.670261502266
        dvar: 0.286169141531
        dvar2: 0.766271650791
        max: 3.59651708603
        mean: -0.802933394909
        min: -1.6548500061
        var: 0.367825657129
    barkbands_skewness:
        dmean: 0.278274655342
        dmean2: 0.441451996565
        dvar: 0.0654903650284
        dvar2: 0.160381630063
        max: 2.00417733192
        mean: 0.274423599243
        min: -0.827550768852
        var: 0.158667042851
    barkbands_spread:
        dmean: 5.24046373367
        dmean2: 8.16994571686
        dvar: 17.6277179718
        dvar2: 43.1692581177
        max: 54.5779418945
        mean: 30.3998813629
        min: 11.250752449
        var: 45.2003517151
    dissonance:
        dmean: 0.0209492743015
        dmean2: 0.0351640246809
        dvar: 0.00033255701419
        dvar2: 0.000887084694114
        max: 0.497889280319
        mean: 0.460962206125
        min: 0.338156104088
        var: 0.000488630204927
    hfc:
        dmean: 1.90217483044
        dmean2: 2.94122385979
        dvar: 6.62156486511
        dvar2: 13.8642444611
        max: 21.4287929535
        mean: 5.09018373489
        min: 0.0914949923754
        var: 9.31854248047
    pitch:
        dmean: 204.20690918
        dmean2: 382.896484375
        dvar: 142542.15625
        dvar2: 404298.65625
        max: 4410
        mean: 339.446411133
        min: 87.1541519165
        var: 98893.8671875
    pitch_instantaneous_confidence:
        dmean: 0.0826188027859
        dmean2: 0.12691886723
        dvar: 0.0041913758032
        dvar2: 0.011130633764
        max: 0.738604128361
        mean: 0.39600482583
        min: 0.141539752483
        var: 0.0149491354823
    pitch_salience:
        dmean: 0.0582600869238
        dmean2: 0.0959725603461
        dvar: 0.00230462918989
        dvar2: 0.00560024939477
        max: 0.786161720753
        mean: 0.586310684681
        min: 0.396013081074
        var: 0.00514196138829
    silence_rate_20dB:
        dmean: 0
        dmean2: 0
        dvar: 0
        dvar2: 0
        max: 1
        mean: 1
        min: 1
        var: 0
    silence_rate_30dB:
        dmean: 0
        dmean2: 0
        dvar: 0
        dvar2: 0
        max: 1
        mean: 1
        min: 1
        var: 0
    silence_rate_60dB:
        dmean: 0.232018560171
        dmean2: 0.462790697813
        dvar: 0.178186222911
        dvar2: 0.332335829735
        max: 1
        mean: 0.395833343267
        min: 0
        var: 0.23915015161
    spectral_centroid:
        dmean: 196.983215332
        dmean2: 304.182922363
        dvar: 28496.5605469
        dvar2: 67743.734375
        max: 2395.35058594
        mean: 1282.92797852
        min: 505.604614258
        var: 84603.4140625
    spectral_complexity:
        dmean: 3.26046514511
        dmean2: 5.18414926529
        dvar: 11.0810070038
        dvar2: 23.9544334412
        max: 35
        mean: 12.638051033
        min: 0
        var: 19.126531601
    spectral_crest:
        dmean: 1.819912076
        dmean2: 3.01952719688
        dvar: 3.12567591667
        dvar2: 7.90543556213
        max: 16.038312912
        mean: 5.77632856369
        min: 2.41446042061
        var: 5.14159679413
    spectral_decrease:
        dmean: 3.88093557291e-10
        dmean2: 6.05226646577e-10
        dvar: 4.00560169527e-19
        dvar2: 9.01700900348e-19
        max: -1.61544076727e-11
        mean: -9.89391013562e-10
        min: -4.95658891708e-09
        var: 4.86380080531e-19
    spectral_energy:
        dmean: 0.00162215216551
        dmean2: 0.00251834653318
        dvar: 6.68525126457e-06
        dvar2: 1.48872131831e-05
        max: 0.0197430066764
        mean: 0.00419588526711
        min: 6.92703106324e-05
        var: 8.27439362183e-06
    spectral_energyband_high:
        dmean: 0.000121610930364
        dmean2: 0.000184857999557
        dvar: 3.07599457017e-08
        dvar2: 7.38082945873e-08
        max: 0.00122829177417
        mean: 0.000201964823646
        min: 3.64172683476e-06
        var: 3.80988680604e-08
    spectral_energyband_low:
        dmean: 0.000476519198855
        dmean2: 0.000751393497922
        dvar: 6.64707329179e-07
        dvar2: 1.74603701453e-06
        max: 0.00654901377857
        mean: 0.000712530105375
        min: 9.43777308748e-07
        var: 7.12426412974e-07
    spectral_energyband_middle_high:
        dmean: 0.000733330205549
        dmean2: 0.00111124350224
        dvar: 1.21467792269e-06
        dvar2: 2.47730713454e-06
        max: 0.0141382887959
        mean: 0.001873514615
        min: 4.32610431744e-05
        var: 1.86079387277e-06
    spectral_energyband_middle_low:
        dmean: 0.000771688122768
        dmean2: 0.00128413655329
        dvar: 2.22996618504e-06
        dvar2: 6.03541138844e-06
        max: 0.0103217586875
        mean: 0.00140757928602
        min: 2.14209849219e-05
        var: 1.83911913609e-06
    spectral_flatness_db:
        dmean: 0.013915698044
        dmean2: 0.0207712799311
        dvar: 0.000122438141261
        dvar2: 0.000295859936159
        max: 0.191604077816
        mean: 0.121738195419
        min: 0.0677843466401
        var: 0.000462998577859
    spectral_flux:
        dmean: 0.00987857673317
        dmean2: 0.0146093610674
        dvar: 0.000178657530341
        dvar2: 0.000309205497615
        max: 0.116419963539
        mean: 0.0376043356955
        min: 0.00832287874073
        var: 0.000305345398374
    spectral_kurtosis:
        dmean: 1.2158113718
        dmean2: 1.90957176685
        dvar: 1.23311841488
        dvar2: 3.33380031586
        max: 11.4276809692
        mean: 4.16053962708
        min: 0.699837684631
        var: 2.54422163963
    spectral_rms:
        dmean: 0.000354349496774
        dmean2: 0.000535416358616
        dvar: 2.17913068923e-07
        dvar2: 4.41918814431e-07
        max: 0.00438878918067
        mean: 0.00194049440324
        min: 0.000259963067947
        var: 3.28026942498e-07
    spectral_rolloff:
        dmean: 506.180389404
        dmean2: 819.06439209
        dvar: 234918.40625
        dvar2: 573043.8125
        max: 4737.3046875
        mean: 2628.55053711
        min: 710.595703125
        var: 505039.75
    spectral_skewness:
        dmean: 0.181121483445
        dmean2: 0.280520021915
        dvar: 0.0238407626748
        dvar2: 0.0554412417114
        max: 2.65097951889
        mean: 1.57553613186
        min: 0.835852563381
        var: 0.0560347922146
    spectral_spread:
        dmean: 608277.125
        dmean2: 751350.6875
        dvar: 317223239680
        dvar2: 438767288320
        max: 10642093
        mean: 4548290
        min: 3121623
        var: 1.38132809318e+12
    spectral_strongpeak:
        dmean: 0.468091279268
        dmean2: 0.787511110306
        dvar: 0.242142096162
        dvar2: 0.613852262497
        max: 3.15062737465
        mean: 0.596612930298
        min: 0.00700321095064
        var: 0.352524161339
    zerocrossingrate:
        dmean: 0.00729583017528
        dmean2: 0.00934677291662
        dvar: 4.36303234892e-05
        dvar2: 5.79175757593e-05
        max: 0.13720703125
        mean: 0.0785815566778
        min: 0.0478515625
        var: 0.000193593776203
    barkbands:
        dmean: [4.88369869345e-06, 0.000196672714083, 0.000319081183989, 0.000209671867196, 0.000353609619197, 5.77498358325e-05, 0.000125368591398, 0.000145661018905, 0.000181578579941, 0.000146993988892, 0.000185097291251, 0.000195677392185, 0.000197223198484, 6.371683412e-05, 7.84104704508e-05, 8.11979261925e-05, 8.84225810296e-05, 8.21346911835e-05, 0.000119042299048, 8.82864114828e-05, 6.02277941653e-05, 1.80547249329e-05, 9.02568808669e-06, 2.01940952138e-06, 1.12298562271e-06, 6.28801828384e-08, 1.00156027916e-09]
        dmean2: [7.54012489779e-06, 0.000299639301375, 0.000527871830855, 0.000382904399885, 0.000621943559963, 9.52162081376e-05, 0.000187477897271, 0.000251629739068, 0.000275038881227, 0.000227665965213, 0.000280204083538, 0.000326020031935, 0.000311977026286, 0.000103611855593, 0.000126528029796, 0.000128565749037, 0.000142924676766, 0.000136333954288, 0.000197466026293, 0.000143186145579, 9.68111489783e-05, 2.81741504295e-05, 1.35268810482e-05, 2.80880772152e-06, 1.53555015459e-06, 9.49853742327e-08, 1.37829014868e-09]
        dvar: [2.21259746636e-11, 6.97503566016e-08, 3.99974595666e-07, 4.5417164074e-07, 6.76414117606e-07, 3.42608097448e-09, 4.22087182983e-08, 3.31247917984e-07, 5.21408622944e-08, 3.37789352045e-08, 3.74465457753e-07, 2.49458565804e-07, 6.6659893605e-08, 1.13650235889e-08, 1.32047377477e-08, 1.17333360805e-08, 1.57648969434e-08, 1.14356550895e-08, 3.13863068868e-08, 1.04926867195e-08, 9.81824133106e-09, 8.27608259701e-10, 4.0025482928e-10, 1.00435094269e-11, 3.89960286284e-12, 1.45720600571e-14, 8.90547544384e-17]
        dvar2: [4.80045066198e-11, 1.75015713921e-07, 1.08548294975e-06, 1.30990724756e-06, 1.95343477571e-06, 9.71807168071e-09, 8.87590871912e-08, 9.14974577881e-07, 1.13473625163e-07, 7.0362482063e-08, 9.22749222809e-07, 5.98691258347e-07, 1.26694644109e-07, 2.97845801356e-08, 3.09054541958e-08, 2.78838694356e-08, 3.4144758132e-08, 2.68387463365e-08, 8.2872034568e-08, 2.49026701482e-08, 2.48262495006e-08, 2.03829153556e-09, 9.27288135166e-10, 1.81436480423e-11, 7.49492135022e-12, 3.54406547241e-14, 9.05989616757e-17]
        max: [4.14311980421e-05, 0.00211848388426, 0.00476272869855, 0.00628536194563, 0.00702347699553, 0.000430708081694, 0.00233547016978, 0.00715629896149, 0.00190743326675, 0.00245887134224, 0.00828226003796, 0.00456576608121, 0.00283162877895, 0.00111210625619, 0.00159002153669, 0.00104960717726, 0.00139960716479, 0.000771080201957, 0.00171127542853, 0.000809943478089, 0.000656031479593, 0.000189120924915, 0.000167984806467, 2.49975837505e-05, 1.9693034119e-05, 9.96998096525e-07, 1.95775385237e-07]
        mean: [1.14869280878e-05, 0.000344944739481, 0.000356396572897, 0.000172260086401, 0.000390421657357, 9.41838879953e-05, 0.000229688899708, 0.00018754262419, 0.000310735718813, 0.000227879834711, 0.000209587509744, 0.000232189995586, 0.000326370005496, 9.52224218054e-05, 0.000130446846015, 0.000133652589284, 0.0001351768733, 0.0001463843073, 0.000189482729184, 0.000148681385326, 8.59508072608e-05, 2.36462074099e-05, 9.19244030229e-06, 2.78309653368e-06, 1.50237974594e-06, 7.69494334918e-08, 1.03522235229e-09]
        min: [1.01741743919e-08, 2.32696478975e-07, 7.02375018591e-07, 1.96203302494e-07, 5.88268858337e-06, 5.51657194592e-07, 1.50256846609e-06, 4.52427514119e-07, 5.576768217e-06, 3.06960805574e-06, 1.66181803252e-06, 3.37778101311e-06, 2.15761679101e-06, 1.03478157598e-06, 2.40623148784e-06, 1.8889995772e-06, 1.39507471886e-06, 3.20743447446e-06, 2.81015081782e-06, 1.95761685973e-06, 1.85534577213e-06, 3.51401439502e-07, 1.45556967368e-07, 1.02774791344e-07, 2.49686209486e-08, 1.79825854207e-09, 1.93601475725e-14]
        var: [8.62690890946e-11, 1.05118978411e-07, 3.48928864469e-07, 2.5926658509e-07, 4.32094765301e-07, 6.35008312599e-09, 6.91748027748e-08, 2.22488026225e-07, 1.24675835877e-07, 8.42780423227e-08, 3.49847965708e-07, 2.50756784226e-07, 1.20294430417e-07, 1.48417562684e-08, 2.03655883269e-08, 2.14813926647e-08, 2.8119854889e-08, 1.85814457154e-08, 3.23559525839e-08, 1.4034760909e-08, 1.03186899025e-08, 8.94516682948e-10, 4.22825663371e-10, 1.89426165725e-11, 7.23391268762e-12, 1.79258514364e-14, 8.96433960146e-17]
    mfcc:
        mean: [-702.039245605, 125.918296814, -48.5650177002, 39.9460258484, -16.0671806335, 6.35338592529, 10.729054451, -0.200568079948, 0.92938297987, 2.2273478508, 3.09749913216, 3.92433023453, -0.132223874331]
        cov: [[958.482849121, -235.481460571, 306.335906982, -1.75287163258, 75.5756759644, 96.1233520508, 54.7364234924, 73.1707611084, 1.37626814842, -13.3371715546, -15.2887506485, -3.74583268166, -3.30526542664], [-235.481460571, 386.853729248, -147.027420044, 82.5387191772, 21.2747573853, -5.84338760376, 31.4659671783, -6.68493413925, 28.1227722168, -4.19348812103, 29.4189929962, 18.7252902985, 6.53853225708], [306.335906982, -147.027420044, 255.382537842, 7.66369819641, 43.6517677307, 34.6486244202, -5.91649675369, 14.6999750137, 8.05037117004, 7.58048248291, 2.41741037369, -4.1012263298, -7.98535203934], [-1.75287163258, 82.5387191772, 7.66369819641, 107.479309082, 40.6765174866, 20.1901988983, 9.76486682892, -1.52645719051, 9.92313766479, 1.70102500916, 9.75395298004, 11.1017475128, -0.832893133163], [75.5756759644, 21.2747573853, 43.6517677307, 40.6765174866, 108.223976135, 40.5454292297, 31.5322704315, 17.0493736267, 29.4694328308, -1.40554738045, 2.89469742775, 3.37547945976, 3.37608623505], [96.1233520508, -5.84338760376, 34.6486244202, 20.1901988983, 40.5454292297, 75.958152771, 30.382976532, 12.6584300995, 7.56721019745, -2.46228885651, 2.46527600288, -0.719029724598, 2.53110909462], [54.7364234924, 31.4659671783, -5.91649675369, 9.76486682892, 31.5322704315, 30.382976532, 94.2231369019, 37.3292007446, 8.3194437027, -9.61797809601, -4.86147880554, 0.347078979015, 10.8295469284], [73.1707611084, -6.68493413925, 14.6999750137, -1.52645719051, 17.0493736267, 12.6584300995, 37.3292007446, 77.4547576904, 22.9667930603, 2.09850597382, -5.16621208191, 0.0459254421294, -2.77346563339], [1.37626814842, 28.1227722168, 8.05037117004, 9.92313766479, 29.4694328308, 7.56721019745, 8.3194437027, 22.9667930603, 70.7106170654, 20.7699985504, 1.80193483829, -8.42053318024, -3.04283428192], [-13.3371715546, -4.19348812103, 7.58048248291, 1.70102500916, -1.40554738045, -2.46228885651, -9.61797809601, 2.09850597382, 20.7699985504, 54.1647071838, 18.1259727478, -1.63830935955, 0.00759612256661], [-15.2887506485, 29.4189929962, 2.41741037369, 9.75395298004, 2.89469742775, 2.46527600288, -4.86147880554, -5.16621208191, 1.80193483829, 18.1259727478, 51.5014305115, 21.872335434, 0.174814492464], [-3.74583268166, 18.7252902985, -4.1012263298, 11.1017475128, 3.37547945976, -0.719029724598, 0.347078979015, 0.0459254421294, -8.42053318024, -1.63830935955, 21.872335434, 69.3173980713, 24.9292964935], [-3.30526542664, 6.53853225708, -7.98535203934, -0.832893133163, 3.37608623505, 2.53110909462, 10.8295469284, -2.77346563339, -3.04283428192, 0.00759612256661, 0.174814492464, 24.9292964935, 62.7977638245]]
        icov: [[0.00205523334444, 0.00044556913781, -0.00201456970535, 6.58445278532e-05, -2.23506322072e-05, -0.00126409367658, -0.000581340049393, -0.00115446432028, 0.000431506923633, 0.000462729280116, 0.000212992090383, -0.000146291975398, -1.37659908432e-05], [0.00044556913781, 0.00510163139552, 0.0024038059637, -0.00358176417649, -7.38825037843e-05, 0.00066142657306, -0.00161438528448, 0.000615676224697, -0.00232845102437, 0.0018884948222, -0.00296895229258, 0.000121593213407, -0.000119720651128], [-0.00201456970535, 0.0024038059637, 0.00818656105548, -0.0016251897905, -0.00196078489535, -4.65840421384e-05, 0.00147765746806, 0.000425724399975, -0.000932594528422, -0.000235748302657, -0.00181126256939, 0.000406710896641, 0.000332824740326], [6.58445278532e-05, -0.00358176417649, -0.0016251897905, 0.0139739606529, -0.0040097697638, -0.00198669033125, 0.000932893890422, 0.000722733966541, 0.00144259294029, -0.00158023741096, 0.00130995258223, -0.00196044961922, 0.00136646488681], [-2.23506322072e-05, -7.38825037843e-05, -0.00196078489535, -0.0040097697638, 0.0157474931329, -0.00469193607569, -0.00287598976865, 0.000642559607513, -0.00591157423332, 0.00241303676739, -0.000348614645191, -0.000642278115265, -0.000459939241409], [-0.00126409367658, 0.00066142657306, -4.65840421384e-05, -0.00198669033125, -0.00469193607569, 0.0195780601352, -0.00445155333728, 0.000976100214757, 0.000186902892892, 0.000423840538133, -0.00210711080581, 0.00137149111833, -0.000423333811341], [-0.000581340049393, -0.00161438528448, 0.00147765746806, 0.000932893890422, -0.00287598976865, -0.00445155333728, 0.0172520987689, -0.00753384968266, 0.00198748265393, 0.00173950474709, 0.000369219866116, 0.00167409179267, -0.00320558529347], [-0.00115446432028, 0.000615676224697, 0.000425724399975, 0.000722733966541, 0.000642559607513, 0.000976100214757, -0.00753384968266, 0.0194043051451, -0.00620881142095, -0.000679382414091, 0.00188661296852, -0.00268072052859, 0.00277934945188], [0.000431506923633, -0.00232845102437, -0.000932594528422, 0.00144259294029, -0.00591157423332, 0.000186902892892, 0.00198748265393, -0.00620881142095, 0.0219633225352, -0.00869634747505, 0.00240682275034, 0.00236009177752, -1.93094074348e-05], [0.000462729280116, 0.0018884948222, -0.000235748302657, -0.00158023741096, 0.00241303676739, 0.000423840538133, 0.00173950474709, -0.000679382414091, -0.00869634747505, 0.0264273397624, -0.0112341754138, 0.00366159318946, -0.00254687853158], [0.000212992090383, -0.00296895229258, -0.00181126256939, 0.00130995258223, -0.000348614645191, -0.00210711080581, 0.000369219866116, 0.00188661296852, 0.00240682275034, -0.0112341754138, 0.0296374838799, -0.0104196649045, 0.00440256251022], [-0.000146291975398, 0.000121593213407, 0.000406710896641, -0.00196044961922, -0.000642278115265, 0.00137149111833, 0.00167409179267, -0.00268072052859, 0.00236009177752, 0.00366159318946, -0.0104196649045, 0.021609313786, -0.00885797757655], [-1.37659908432e-05, -0.000119720651128, 0.000332824740326, 0.00136646488681, -0.000459939241409, -0.000423333811341, -0.00320558529347, 0.00277934945188, -1.93094074348e-05, -0.00254687853158, 0.00440256251022, -0.00885797757655, 0.0202172007412]]
    spectral_contrast:
        mean: [-3.88294523646e-07, 5.34159960708e-09, 1.49011611938e-07, 1.87554533682e-07, 5.50928085374e-08, -2.75757912505e-07, -1.36627397751e-06, -4.71236262456e-07, -3.33398793373e-06, 2.96349867313e-06, -1.79380936061e-06, -2.96363708685e-07]
        var: [0.000323696935084, 0.000426942395279, 0.000910980917979, 0.00171520432923, 0.00203237775713, 0.00314911152236, 0.0270508080721, 0.0654050707817, 0.126899749041, 0.201413154602, 0.259096294641, 0.679948151112]

rhythm:
    beats_loudness:
        dmean: 0.00391265098006
        dmean2: 0.00689516821876
        dvar: 9.23210700421e-06
        dvar2: 2.20855054067e-05
        max: 0.0177662018687
        mean: 0.00937160663307
        min: 0.0048523908481
        var: 1.41939344758e-05
    beats_loudness_bass:
        dmean: 0.216225355864
        dmean2: 0.399253368378
        dvar: 0.0132829025388
        dvar2: 0.0400804132223
        max: 0.643277108669
        mean: 0.382763922215
        min: 0.174742147326
        var: 0.0237587690353
    bpm: 100.58808136
    bpm_confidence: 0
    first_peak_bpm: 101
    first_peak_spread: 0
    first_peak_weight: 0.9375
    onset_rate: 4.69769906998
    second_peak_bpm: 95
    second_peak_spread: 0
    second_peak_weight: 0.0625
    beats_position: [0.0445833839476, 0.640900790691, 1.23721826077, 1.83353579044, 2.42985320091, 3.02617049217, 3.62248778343, 4.21880531311, 4.81512260437, 5.41143989563, 6.04577589035, 6.64244937897, 7.23912334442, 7.83579683304, 8.43247032166, 9.02914428711, 9.62581825256]
    bpm_estimates: [100.59362793, 100.627227783, 100.618988037, 100.661079407, 100.192741394, 101.117454529, 100.975090027, 100.582992554, 100.432189941, 100.380661011, 100.604545593, 100.563415527, 100.430221558, 100.381126404, 100.25239563, 101.023979187, 100.506187439, 100.884246826, 100.407676697, 100.525588989]
    bpm_intervals: [0.596317410469, 0.596317470074, 0.596317529678, 0.596317410469, 0.59631729126, 0.59631729126, 0.596317529678, 0.59631729126, 0.59631729126, 0.63433599472, 0.596673488617, 0.596673965454, 0.596673488617, 0.596673488617, 0.596673965454, 0.596673965454]
    onset_times: [0.0348299331963, 0.325079351664, 0.638548731804, 0.812698423862, 0.940408170223, 1.11455786228, 1.23065757751, 1.53251695633, 1.69505667686, 1.83437645435, 2.00852608681, 2.13623571396, 2.42648530006, 2.72834467888, 3.04181408882, 3.20435380936, 3.33206343651, 3.64553284645, 3.94739222527, 4.09832191467, 4.23764181137, 4.40018129349, 4.53950119019, 4.82975053787, 5.13160991669, 5.44507932663, 5.73532867432, 5.92108821869, 6.03718805313, 6.35065746307, 6.51319742203, 6.64090681076, 6.94276666641, 7.2330160141, 7.53487539291, 7.84834480286, 8.01088428497, 8.15020370483, 8.45206356049, 8.6146030426, 8.76553249359, 9.05578231812, 9.2067117691, 9.34603214264, 9.53179168701, 9.64789104462, 9.94975090027]
    rubato_start: []
    rubato_stop: []
    perceptual_tempo: "unknown"

sfx:
    inharmonicity:
        dmean: 0.0494688004255
        dmean2: 0.0873151272535
        dvar: 0.00258225062862
        dvar2: 0.00716942781582
        max: 0.346634268761
        mean: 0.0557587035
        min: 0.000564158021007
        var: 0.00272137182765
    oddtoevenharmonicenergyratio:
        dmean: 1.38305974007
        dmean2: 2.47458171844
        dvar: 7.3406047821
        dvar2: 21.4157543182
        max: 27.0839710236
        mean: 1.16169202328
        min: 0.00162100605667
        var: 5.18322849274
    pitch_after_max_to_before_max_energy_ratio: 1.79915142059
    pitch_centroid: 214.844467163
    pitch_max_to_total: 0.271461725235
    pitch_min_to_total: 0.255220413208
    tristimulus:
        dmean: [0.18617387116, 0.21164432168, 0.117861740291]
        dmean2: [0.327369987965, 0.357708841562, 0.205723315477]
        dvar: [0.0266387779266, 0.0314302444458, 0.00824202783406]
        dvar2: [0.0786771476269, 0.0989560186863, 0.0236149672419]
        max: [0.93179500103, 0.929400682449, 0.451539844275]
        mean: [0.330924332142, 0.494979143143, 0.145275041461]
        min: [0.0158333275467, 0, 0]
        var: [0.0371025316417, 0.0440889298916, 0.0124855889007]

tonal:
    chords_changes_rate: 0.0599078349769
    chords_number_rate: 0.0184331797063
    chords_strength:
        dmean: 0.00678338389844
        dmean2: 0.00653907191008
        dvar: 2.76091159321e-05
        dvar2: 2.40345634666e-05
        max: 0.654898226261
        mean: 0.530521929264
        min: 0.341495811939
        var: 0.00515380315483
    key_strength: 0.679672837257
    tuning_diatonic_strength: 0.501962661743
    tuning_equal_tempered_deviation: 0.0689015164971
    tuning_frequency: 441.017791748
    tuning_nontempered_energy_ratio: 0.674511611462
    hpcp:
        dmean: [0.213975593448, 0.163305684924, 0.0938462913036, 0.074736148119, 0.072414316237, 0.0936085283756, 0.120697408915, 0.0910638049245, 0.142579883337, 0.184401571751, 0.104457326233, 0.0626223608851, 0.0814186707139, 0.0817641615868, 0.135960146785, 0.174441814423, 0.094977684319, 0.0417159348726, 0.0375962257385, 0.0382276289165, 0.11988376826, 0.182399868965, 0.121747322381, 0.128785431385, 0.155108764768, 0.0988411977887, 0.0431497655809, 0.0460037253797, 0.0708028823137, 0.136039435863, 0.148713588715, 0.112327724695, 0.0958270430565, 0.129793435335, 0.173200622201, 0.237388730049]
        dmean2: [0.37450799346, 0.27253895998, 0.163599699736, 0.135598510504, 0.129396498203, 0.159497082233, 0.201053842902, 0.152053445578, 0.2325963974, 0.301291882992, 0.166016757488, 0.105467401445, 0.143829405308, 0.14359305799, 0.224603638053, 0.295080125332, 0.160284891725, 0.0687027126551, 0.0621885433793, 0.0636526420712, 0.20702342689, 0.311824828386, 0.206858158112, 0.204842343926, 0.26715311408, 0.167680814862, 0.072960101068, 0.0780917778611, 0.12105229497, 0.216697379947, 0.255467265844, 0.196730554104, 0.172198906541, 0.23902733624, 0.304352402687, 0.407233119011]
        dvar: [0.0472616814077, 0.0190079975873, 0.0134371416643, 0.0145121412352, 0.0190410986543, 0.013621058315, 0.0268306117505, 0.01262871176, 0.0226100236177, 0.0337416827679, 0.0130040133372, 0.00543615408242, 0.0180811304599, 0.0174425020814, 0.0296229161322, 0.0421187579632, 0.0119489245117, 0.00543506257236, 0.00657567987218, 0.00155490264297, 0.0161825995892, 0.0374438911676, 0.016109649092, 0.0196333359927, 0.0335462167859, 0.0132100796327, 0.00198585446924, 0.00291803828441, 0.0087819499895, 0.0282583497465, 0.0383919775486, 0.0180759560317, 0.0254982560873, 0.0455343686044, 0.0356989316642, 0.0417603217065]
        dvar2: [0.112530440092, 0.0504333712161, 0.0418860539794, 0.0358341448009, 0.0527546294034, 0.0359502471983, 0.0689809918404, 0.0363176018, 0.0557998605072, 0.0712031722069, 0.0315275751054, 0.0141186323017, 0.0496328212321, 0.0482344478369, 0.0741962492466, 0.109290905297, 0.0318780951202, 0.0130291730165, 0.017235217616, 0.00428571971133, 0.0391924530268, 0.0835659280419, 0.0378394983709, 0.0466782711446, 0.0825222581625, 0.0351331569254, 0.00500034168363, 0.00766502693295, 0.0226905979216, 0.0637635141611, 0.087086237967, 0.0490098632872, 0.0744758993387, 0.128453806043, 0.0989702418447, 0.118991561234]
        max: [1, 0.88681769371, 0.606261253357, 0.913285732269, 1, 0.708610296249, 1, 1, 0.98818230629, 1, 0.920640587807, 0.543656945229, 1, 0.815861582756, 1, 1, 0.741875648499, 0.825410604477, 0.911155164242, 0.312382936478, 0.886510133743, 1, 0.961710214615, 1, 1, 0.715593397617, 0.306010484695, 0.327093571424, 0.716063559055, 1, 1, 0.841625332832, 0.931477665901, 1, 1, 1]
        mean: [0.710333168507, 0.348890244961, 0.100433677435, 0.0773344784975, 0.0683810189366, 0.132417857647, 0.19562831521, 0.13481785357, 0.222493484616, 0.332646489143, 0.18627166748, 0.0965678840876, 0.107455924153, 0.101634457707, 0.208103254437, 0.272673994303, 0.148736253381, 0.0558925680816, 0.0482381246984, 0.053142555058, 0.238372609019, 0.367144674063, 0.223247855902, 0.276717275381, 0.367491871119, 0.182702854276, 0.062841206789, 0.0670494809747, 0.0943080633879, 0.223499774933, 0.27697378397, 0.14992852509, 0.0838681086898, 0.102620407939, 0.192357122898, 0.559854090214]
        min: [0.0480033941567, 0.0264289211482, 0.00533862784505, 0.00459484755993, 0.00302005582489, 0.00331546133384, 0.00513662118465, 0.00688375532627, 0.00531321438029, 0.0039633680135, 0.00767281930894, 0.0127712730318, 0.0112209944054, 0.00355226825923, 0.0104397116229, 0.0131731256843, 0.00878552254289, 0.00351369311102, 0.0026694254484, 0.00478127412498, 0.0230029281229, 0.0371016561985, 0.0292677134275, 0.00667568622157, 0.00561644881964, 0.00711300363764, 0.00367969460785, 0.00258452189155, 0.00274986354634, 0.0110063618049, 0.0108569059521, 0.0072114681825, 0.0035184121225, 0.00312852114439, 0.0122450180352, 0.0325853042305]
        var: [0.0897074565291, 0.0343382246792, 0.011520489119, 0.0122005306184, 0.0141881098971, 0.0262259338051, 0.0649697557092, 0.0200417134911, 0.0379873625934, 0.0870819687843, 0.0255236960948, 0.00635179830715, 0.0156654436141, 0.0160312391818, 0.0447382256389, 0.0729981511831, 0.0203191824257, 0.00561771215871, 0.0051780003123, 0.00214313273318, 0.0352411530912, 0.0848274603486, 0.0272028651088, 0.0674040466547, 0.117336854339, 0.0264781825244, 0.00295592378825, 0.0048127383925, 0.0121677080169, 0.0723358988762, 0.100343503058, 0.0272160433233, 0.0166972000152, 0.0299934744835, 0.0377708151937, 0.0768854022026]
    chords_histogram: [31.3364048004, 0.460829496384, 3.22580647469, 0, 0, 0, 0, 0, 0, 0, 0, 0, 0, 0, 0, 0, 0, 0, 0, 0, 0, 0, 28.571428299, 36.4055290222]
    thpcp: [1, 0.491164237261, 0.141389533877, 0.108870714903, 0.0962661206722, 0.186416551471, 0.275403618813, 0.18979524076, 0.313224136829, 0.468296438456, 0.26223140955, 0.135947316885, 0.151275381446, 0.143079981208, 0.292965710163, 0.383867740631, 0.209389418364, 0.0786850005388, 0.0679091513157, 0.0748135596514, 0.335578590631, 0.516862630844, 0.314286112785, 0.389559835196, 0.517351388931, 0.257207274437, 0.0884672254324, 0.0943915918469, 0.132765963674, 0.314640760422, 0.389920949936, 0.211067900062, 0.118068695068, 0.144467994571, 0.270798444748, 0.788157045841]
    chords_key: "F"
    chords_scale: "major"
    key_key: "A"
    key_scale: "minor"
    chords_progression: ["F", "F", "F", "F", "F", "F", "F", "F", "F", "F", "F", "F", "F", "F", "F", "F", "F", "F", "F", "F", "F", "F", "Dm", "Dm", "Dm", "Dm", "Dm", "Dm", "Dm", "Dm", "Dm", "Dm", "Dm", "F", "F", "F", "F", "F", "F", "F", "F", "Am", "Am", "Am", "Am", "Am", "Am", "Am", "Am", "Am", "Am", "Am", "Am", "Am", "Am", "Am", "Am", "Am", "Am", "Am", "Am", "Am", "Am", "Am", "Am", "Am", "Am", "Am", "Am", "Am", "Am", "Am", "Am", "Am", "Am", "Am", "Am", "Am", "Dm", "Dm", "Dm", "Dm", "Dm", "Dm", "Dm", "F", "F", "F", "F", "F", "F", "F", "F", "F", "F", "F", "F", "F", "F", "F", "F", "F", "F", "F", "F", "F", "F", "F", "F", "F", "F", "F", "F", "F", "F", "F", "F", "F", "F", "F", "F", "F", "F", "F", "F", "F", "F", "F", "F", "F", "Dm", "Dm", "Dm", "Dm", "Dm", "Dm", "Dm", "Dm", "F", "F", "F", "F", "Dm", "Dm", "Dm", "Dm", "Dm", "Dm", "Dm", "Dm", "Dm", "Dm", "Dm", "Dm", "Dm", "Dm", "Dm", "Dm", "Dm", "Dm", "Dm", "Dm", "Dm", "Dm", "Dm", "Dm", "Dm", "Dm", "Dm", "Dm", "Dm", "Dm", "Dm", "Dm", "Dm", "Dm", "Dm", "Am", "Am", "Dm", "Am", "Am", "Am", "Am", "Am", "Am", "Am", "Am", "Am", "Am", "Am", "Am", "Am", "Am", "Am", "Am", "Am", "Am", "Am", "Am", "Am", "Am", "Am", "Am", "Am", "Am", "Am", "Am", "Am", "Em", "Em", "Em", "Em", "Em", "Em", "Em", "C"]
