
metadata:
    version:
        essentia: "1.2.2"
    audio_properties:
        analysis_sample_rate: 44100
        bitrate: 128
        channels: 2
        equal_loudness: 1
        length: 10.0310201645
        replay_gain: -12.1282901764
        downmix: "mix"
    tags:
        track: 16
        year: 0
        album: "Splitted by Mp3Splt v. 2.1"
        artist: "From 002.30 To 002.40"
        comment: "http://mp3splt.sf.net"
        genre: ""
        title: "14 Luma (Web-Like and Crescent"

highlevel:
    ballroom:
        all:
            ChaChaCha: 0.00146273977589
            Jive: 0.00941569171846
            Quickstep: 0.00437530968338
            Rumba-American: 0.00405584601685
            Rumba-International: 0.00403724098578
            Rumba-Misc: 0.012815493159
            Samba: 0.0013753544772
            Tango: 0.00753490068018
            VienneseWaltz: 0.591690063477
            Waltz: 0.363237321377
        probability: 0.591690063477
        value: "VienneseWaltz"
    culture:
        all:
            non_western: 0.15997159481
            western: 0.84002840519
        probability: 0.84002840519
        value: "western"
    gender:
        all:
            female: 0.607477962971
            male: 0.392522007227
        probability: 0.607477962971
        value: "female"
    genre_dortmund:
        all:
            alternative: 0.168357729912
            blues: 0.0514719076455
            electronic: 0.217497169971
            folkcountry: 0.0455817058682
            funksoulrnb: 0.0287371408194
            jazz: 0.017286317423
            pop: 0.0353017449379
            raphiphop: 0.000751695770305
            rock: 0.435014605522
        probability: 0.435014605522
        value: "rock"
    genre_electronica:
        all:
            ambient: 0.936606526375
            dnb: 0.0212199296802
            house: 0.0152278989553
            techno: 0.00354472384788
            trance: 0.0234009213746
        probability: 0.936606526375
        value: "ambient"
    genre_rosamerica:
        all:
            cla: 0.641852080822
            dan: 0.00616280827671
            hip: 0.0037816343829
            jaz: 0.00771134672686
            pop: 0.0104171233252
            rhy: 0.030629536137
            roc: 0.295115470886
            spe: 0.00432999664918
        probability: 0.641852080822
        value: "cla"
    genre_tzanetakis:
        all:
            blu: 0.0623899400234
            cla: 0.576338589191
            cou: 0.0477024763823
            dis: 0.0137116201222
            hip: 0.00820485316217
            jaz: 0.0246511809528
            met: 0.0504968352616
            pop: 0.0101078404114
            reg: 0.0183058772236
            roc: 0.188090786338
        probability: 0.576338589191
        value: "cla"
    live_studio:
        all:
            live: 0.647669911385
            studio: 0.352330088615
        probability: 0.647669911385
        value: "live"
    mood:
        all:
            Cluster1: 0.488079190254
            Cluster2: 0.086484670639
            Cluster3: 0.174334913492
            Cluster4: 0.131243288517
            Cluster5: 0.119857944548
        probability: 0.488079190254
        value: "Cluster1"
    mood_acoustic:
        all:
            acoustic: 0.289209336042
            not_acoustic: 0.710790634155
        probability: 0.710790634155
        value: "not_acoustic"
    mood_aggressive:
        all:
            aggressive: 0.444686204195
            not_aggressive: 0.555313825607
        probability: 0.555313825607
        value: "not_aggressive"
    mood_electronic:
        all:
            electronic: 0.435717433691
            not_electronic: 0.564282536507
        probability: 0.564282536507
        value: "not_electronic"
    mood_happy:
        all:
            happy: 0.478416979313
            not_happy: 0.521583020687
        probability: 0.521583020687
        value: "not_happy"
    mood_party:
        all:
            not_party: 0.892599642277
            party: 0.107400342822
        probability: 0.892599642277
        value: "not_party"
    mood_relaxed:
        all:
            not_relaxed: 0.339786916971
            relaxed: 0.660213053226
        probability: 0.660213053226
        value: "relaxed"
    mood_sad:
        all:
            not_sad: 0.527574896812
            sad: 0.472425103188
        probability: 0.527574896812
        value: "not_sad"
    rhythm:
        all:
            fast: 0.322867393494
            medium: 0.132772177458
            slow: 0.544360399246
        probability: 0.544360399246
        value: "slow"
    speech_music:
        all:
            music: 0.995076715946
            speech: 0.00492328777909
        probability: 0.995076715946
        value: "music"
    timbre:
        all:
            bright: 0.419964134693
            dark: 0.580035865307
        probability: 0.580035865307
        value: "dark"
    voice_instrumental:
        all:
            instrumental: 0.987391829491
            voice: 0.0126081882045
        probability: 0.987391829491
        value: "instrumental"

lowlevel:
    average_loudness: 0.972014963627
    barkbands_kurtosis:
        dmean: 0.657789707184
        dmean2: 1.05773985386
        dvar: 0.591012120247
        dvar2: 1.40437662601
        max: 5.98826026917
        mean: -0.721081852913
        min: -1.88945114613
        var: 1.41972100735
    barkbands_skewness:
        dmean: 0.359914302826
        dmean2: 0.562044143677
        dvar: 0.0869889780879
        dvar2: 0.201164603233
        max: 2.09012317657
        mean: -0.347930520773
        min: -2.00205373764
        var: 0.331619650126
    barkbands_spread:
        dmean: 3.89269590378
        dmean2: 6.39129972458
        dvar: 10.5576944351
        dvar2: 25.885679245
        max: 37.5032997131
        mean: 22.0020923615
        min: 4.21926641464
        var: 53.1717529297
    dissonance:
        dmean: 0.0152016803622
        dmean2: 0.0265777315944
        dvar: 0.000196003529709
        dvar2: 0.000566185626667
        max: 0.497480422258
        mean: 0.470840215683
        min: 0.365780591965
        var: 0.000295297417324
    hfc:
        dmean: 1.57511627674
        dmean2: 2.51455450058
        dvar: 2.20161557198
        dvar2: 5.74071359634
        max: 18.7482242584
        mean: 8.30093765259
        min: 2.91479295811e-06
        var: 10.0971326828
    pitch:
        dmean: 580.346984863
        dmean2: 1116.63830566
        dvar: 819285.375
        dvar2: 2005873.875
        max: 2940
        mean: 828.065490723
        min: 81.6666641235
        var: 881503.3125
    pitch_instantaneous_confidence:
        dmean: 0.0721208900213
        dmean2: 0.116229884326
        dvar: 0.00280210841447
        dvar2: 0.00752909341827
        max: 0.77862739563
        mean: 0.471300125122
        min: 0.0890546441078
        var: 0.0108428066596
    pitch_salience:
        dmean: 0.0572546087205
        dmean2: 0.0925615876913
        dvar: 0.0021917943377
        dvar2: 0.00487242313102
        max: 0.975322306156
        mean: 0.559260427952
        min: 0.218350917101
        var: 0.00690463092178
    silence_rate_20dB:
        dmean: 0
        dmean2: 0
        dvar: 0
        dvar2: 0
        max: 1
        mean: 1
        min: 1
        var: 0
    silence_rate_30dB:
        dmean: 0
        dmean2: 0
        dvar: 0
        dvar2: 0
        max: 1
        mean: 1
        min: 1
        var: 0
    silence_rate_60dB:
        dmean: 0.0462962947786
        dmean2: 0.090487241745
        dvar: 0.0441528521478
        dvar2: 0.105501264334
        max: 1
        mean: 0.0854503437877
        min: 0
        var: 0.0781482085586
    spectral_centroid:
        dmean: 189.686340332
        dmean2: 299.843902588
        dvar: 24019.7851562
        dvar2: 56796.2226562
        max: 2247.5078125
        mean: 1454.0982666
        min: 561.223327637
        var: 79732.4453125
    spectral_complexity:
        dmean: 2.17865419388
        dmean2: 3.62093019485
        dvar: 2.93095993996
        dvar2: 7.5005030632
        max: 27
        mean: 16.1111106873
        min: 0
        var: 8.92747306824
    spectral_crest:
        dmean: 2.19131994247
        dmean2: 3.49014306068
        dvar: 3.11867499352
        dvar2: 7.79256391525
        max: 21.8611354828
        mean: 8.18213367462
        min: 2.41199636459
        var: 8.60839653015
    spectral_decrease:
        dmean: 2.75689832074e-10
        dmean2: 4.3626763313e-10
        dvar: 6.29161264103e-20
        dvar2: 1.64875255281e-19
        max: -5.60158611068e-16
        mean: -1.32092248251e-09
        min: -2.96326208016e-09
        var: 2.12528070545e-19
    spectral_energy:
        dmean: 0.00113868748304
        dmean2: 0.00180695415474
        dvar: 1.08397432541e-06
        dvar2: 2.84165639641e-06
        max: 0.0119387628511
        mean: 0.00573838455603
        min: 2.37855002361e-09
        var: 3.87898398913e-06
    spectral_energyband_high:
        dmean: 1.1054640936e-06
        dmean2: 1.81084544693e-06
        dvar: 1.48938446212e-12
        dvar2: 3.48870910459e-12
        max: 1.67506659636e-05
        mean: 3.77102492166e-06
        min: 6.09339662061e-11
        var: 5.78090396733e-12
    spectral_energyband_low:
        dmean: 4.49656545243e-06
        dmean2: 7.92665559857e-06
        dvar: 2.43098180475e-11
        dvar2: 6.91931859031e-11
        max: 3.48432658939e-05
        mean: 5.289922683e-06
        min: 1.27212421153e-10
        var: 2.71060517781e-11
    spectral_energyband_middle_high:
        dmean: 0.000792713137344
        dmean2: 0.00126404385082
        dvar: 5.79694074077e-07
        dvar2: 1.39190217396e-06
        max: 0.0108497738838
        mean: 0.00388395343907
        min: 1.09592113162e-09
        var: 2.70273744718e-06
    spectral_energyband_middle_low:
        dmean: 0.000772260595113
        dmean2: 0.00123499229085
        dvar: 6.31995760614e-07
        dvar2: 1.53565463279e-06
        max: 0.00997378211468
        mean: 0.00184537342284
        min: 1.08016762201e-09
        var: 1.66965992321e-06
    spectral_flatness_db:
        dmean: 0.0171878393739
        dmean2: 0.0286003537476
        dvar: 0.000295886042295
        dvar2: 0.000626701512374
        max: 0.351879715919
        mean: 0.282841831446
        min: 0.0433053597808
        var: 0.000560386804864
    spectral_flux:
        dmean: 0.00581580400467
        dmean2: 0.00995322782546
        dvar: 2.57261799561e-05
        dvar2: 6.73306858516e-05
        max: 0.0608202330768
        mean: 0.0389187522233
        min: 4.877038009e-05
        var: 6.02629443165e-05
    spectral_kurtosis:
        dmean: 9.94010543823
        dmean2: 17.7485179901
        dvar: 54.0462532043
        dvar2: 159.68397522
        max: 52.8198852539
        mean: 17.0111103058
        min: 1.58075332642
        var: 96.8872909546
    spectral_rms:
        dmean: 0.000233275495702
        dmean2: 0.000364596926374
        dvar: 4.15827940969e-08
        dvar2: 9.96430244982e-08
        max: 0.00341285415925
        mean: 0.00232880958356
        min: 1.52333075221e-06
        var: 1.75064485575e-07
    spectral_rolloff:
        dmean: 173.114944458
        dmean2: 300.162872314
        dvar: 37604.6601562
        dvar2: 90234.5078125
        max: 3186.9140625
        mean: 2546.40039062
        min: 839.794921875
        var: 115707.140625
    spectral_skewness:
        dmean: 0.724379479885
        dmean2: 1.29900109768
        dvar: 0.288815408945
        dvar2: 0.850530445576
        max: 4.58778762817
        mean: 1.78768837452
        min: 0.37664976716
        var: 0.568255901337
    spectral_spread:
        dmean: 211544.28125
        dmean2: 305987.9375
        dvar: 1.73266947277e+12
        dvar2: 1.72174737408e+12
        max: 26676684
        mean: 1492991.875
        min: 909632.625
        var: 1.76330034381e+12
    spectral_strongpeak:
        dmean: 0.719903171062
        dmean2: 1.26832342148
        dvar: 0.738547682762
        dvar2: 1.91837620735
        max: 5.14270830154
        mean: 1.05155515671
        min: 0
        var: 1.04773616791
    zerocrossingrate:
        dmean: 0.00579253351316
        dmean2: 0.00746389012784
        dvar: 2.87468210445e-05
        dvar2: 4.8765919928e-05
        max: 0.10888671875
        mean: 0.0782798454165
        min: 0.03564453125
        var: 0.000142241784488
    barkbands:
        dmean: [2.88225243672e-09, 7.18262356258e-07, 4.24129666499e-06, 4.82662908325e-05, 0.000714710331522, 0.000169865787029, 4.08085688832e-05, 1.1190186342e-05, 3.64222287317e-05, 4.48452483397e-05, 0.000162053620443, 0.000113539477752, 0.00038725399645, 0.000228596196393, 0.00013908087567, 0.000126775194076, 0.000373751157895, 0.000227346215979, 6.72955357004e-05, 4.41034217147e-06, 5.76976276534e-07, 1.20400997616e-07, 8.09269895541e-09, 1.94822091792e-09, 1.34719035927e-09, 1.13832465676e-09, 1.21765986183e-09]
        dmean2: [5.01994268376e-09, 1.25675160234e-06, 7.54486109145e-06, 7.62602430768e-05, 0.00114743621089, 0.000233658662182, 6.16576580796e-05, 1.76214525709e-05, 4.95088206662e-05, 7.46904261177e-05, 0.000259908061707, 0.000178985865205, 0.000592110678554, 0.00035532322363, 0.00023533141939, 0.000212200931855, 0.000618401740212, 0.000385105900932, 0.000111992674647, 7.33276874598e-06, 9.83560880741e-07, 1.93628835632e-07, 1.27333237288e-08, 2.59226640154e-09, 1.63066793402e-09, 1.30612110016e-09, 1.3950358646e-09]
        dvar: [7.69539027876e-18, 6.29732106305e-13, 2.23509179914e-11, 1.01885007098e-08, 5.87193198953e-07, 5.57903199194e-08, 3.26863114353e-09, 2.75997030785e-10, 2.5272666182e-09, 7.36943883695e-09, 4.31049365091e-08, 1.9148744812e-08, 2.54719822124e-07, 9.58594910117e-08, 3.20342152804e-08, 3.22073567816e-08, 1.57592225491e-07, 5.24764516285e-08, 6.65640165209e-09, 2.39332321322e-11, 4.04517456858e-13, 2.29993822788e-14, 4.41045635182e-16, 4.08301114917e-16, 3.82589165105e-16, 3.82846874879e-16, 4.40018581264e-16]
        dvar2: [2.13998241912e-17, 1.79594078324e-12, 6.31578053745e-11, 2.49442884126e-08, 1.40459758313e-06, 8.84293527292e-08, 7.26434423726e-09, 6.66918631431e-10, 4.16139478432e-09, 2.17950564263e-08, 1.0680172835e-07, 4.2033445169e-08, 5.71136126837e-07, 2.23803382937e-07, 8.82825546e-08, 8.87006166295e-08, 4.00457025762e-07, 1.45707915067e-07, 1.59042006231e-08, 6.7363510603e-11, 1.0811529623e-12, 4.87834497462e-14, 5.12933400825e-16, 4.10071334367e-16, 3.82676091861e-16, 3.84048523464e-16, 4.41368116507e-16]
        max: [1.64746403186e-08, 7.60682542023e-06, 3.28558235196e-05, 0.00101051304955, 0.00954108685255, 0.00433114077896, 0.000577135651838, 0.000145880869241, 0.00109696760774, 0.00101696327329, 0.00237082387321, 0.00161307468079, 0.00790969002992, 0.00451527209952, 0.00213557947427, 0.00183483841829, 0.00387995643541, 0.00234264251776, 0.00121626432519, 4.33022651123e-05, 7.84257372288e-06, 2.18729837798e-06, 4.30687776998e-07, 4.2209211415e-07, 4.08407288432e-07, 4.0688061631e-07, 4.36172825857e-07]
        mean: [3.0993929645e-09, 7.62324646075e-07, 4.52505219073e-06, 6.92282337695e-05, 0.00121886190027, 0.000362728344044, 8.12287835288e-05, 1.99390342459e-05, 9.24185442273e-05, 7.05412530806e-05, 0.000249167991569, 0.000227282318519, 0.000734705245122, 0.000487145007355, 0.000249853357673, 0.000233175043832, 0.000905542343389, 0.000566920789424, 0.000153198096086, 9.13264466362e-06, 1.69606846612e-06, 3.04232173676e-07, 2.19933813383e-08, 3.64449537216e-09, 2.21764073771e-09, 1.15751508378e-09, 1.17616516526e-09]
        min: [2.46523357283e-11, 5.76234338023e-11, 5.67843758126e-11, 6.60297511113e-11, 1.87019399966e-10, 2.12062103988e-10, 2.12316331183e-10, 1.91180182796e-10, 1.86878484909e-10, 1.60896448942e-10, 1.34504976601e-10, 1.22624271848e-10, 1.82306864049e-10, 8.90121795716e-11, 5.96255336771e-11, 7.44253894625e-11, 1.73544956183e-10, 6.37562086458e-11, 5.45523001771e-11, 1.29464147736e-11, 1.28095858573e-11, 8.32609068496e-12, 7.14415549288e-12, 6.58293948866e-12, 6.368435293e-12, 6.16577969237e-12, 2.29715850291e-13]
        var: [8.5874359134e-18, 6.22356062085e-13, 2.44079426809e-11, 2.00419467689e-08, 1.33239007027e-06, 2.48696522931e-07, 8.74865246914e-09, 7.50155160212e-10, 1.38498981173e-08, 1.35788162936e-08, 9.16678004614e-08, 5.07395085947e-08, 9.5061261618e-07, 2.14518792063e-07, 5.76655523332e-08, 5.59533788191e-08, 4.08452052625e-07, 1.35796355494e-07, 1.71756049383e-08, 4.78876036047e-11, 1.20930641802e-12, 5.83099174956e-14, 5.40299288345e-16, 4.0884236897e-16, 3.83207366807e-16, 3.81976972042e-16, 4.39083245132e-16]
    mfcc:
        mean: [-797.703491211, 210.81161499, -152.740951538, 44.3314971924, -4.21304607391, -14.0560750961, -14.2599916458, -8.22441768646, -34.1671676636, -36.8487663269, -7.97341060638, -13.8701353073, -21.5263023376]
        cov: [[1222.0090332, 38.4375991821, -211.051376343, 136.722473145, 42.3652763367, 41.3683700562, -18.5116958618, -42.7073974609, -63.0440788269, -58.6366043091, -30.6728668213, -27.0010757446, -56.4781303406], [38.4375991821, 190.023712158, 11.8284702301, -33.0070381165, -51.475944519, -22.9065856934, 6.61391353607, 14.7916479111, 7.97020244598, -13.7414560318, 7.52469825745, -12.2776575089, -0.116975791752], [-211.051376343, 11.8284702301, 126.250473022, 16.1466789246, -39.3310432434, -27.0685520172, -20.4615249634, 28.1700496674, 12.4633560181, -1.54725861549, 6.96488904953, 3.07451963425, -6.81981897354], [136.722473145, -33.0070381165, 16.1466789246, 243.408309937, 68.0462417603, -49.3165588379, -85.6025695801, -29.4746131897, -39.1059303284, -27.5976333618, -23.7258396149, -20.038066864, -27.7485771179], [42.3652763367, -51.475944519, -39.3310432434, 68.0462417603, 199.833084106, 84.5991210938, 8.25728988647, -32.4751052856, -17.7450046539, -3.12808036804, -26.7834434509, -21.335565567, -14.4592475891], [41.3683700562, -22.9065856934, -27.0685520172, -49.3165588379, 84.5991210938, 167.397888184, 88.4054870605, 8.48013591766, 11.752705574, -14.2686271667, -14.8302516937, -11.516330719, -12.0084209442], [-18.5116958618, 6.61391353607, -20.4615249634, -85.6025695801, 8.25728988647, 88.4054870605, 118.935241699, 31.5357494354, 26.9050712585, 3.03573679924, 1.03532683849, 3.01083898544, 11.4315271378], [-42.7073974609, 14.7916479111, 28.1700496674, -29.4746131897, -32.4751052856, 8.48013591766, 31.5357494354, 68.9876708984, 29.0888767242, -0.251115977764, 3.07819676399, 0.932988584042, -0.806793868542], [-63.0440788269, 7.97020244598, 12.4633560181, -39.1059303284, -17.7450046539, 11.752705574, 26.9050712585, 29.0888767242, 53.3118896484, 20.2760505676, 9.24937152863, 6.01046991348, 4.60802412033], [-58.6366043091, -13.7414560318, -1.54725861549, -27.5976333618, -3.12808036804, -14.2686271667, 3.03573679924, -0.251115977764, 20.2760505676, 60.2790336609, 32.5491333008, 14.5685186386, 8.43224239349], [-30.6728668213, 7.52469825745, 6.96488904953, -23.7258396149, -26.7834434509, -14.8302516937, 1.03532683849, 3.07819676399, 9.24937152863, 32.5491333008, 54.7793655396, 27.0718765259, 5.64871692657], [-27.0010757446, -12.2776575089, 3.07451963425, -20.038066864, -21.335565567, -11.516330719, 3.01083898544, 0.932988584042, 6.01046991348, 14.5685186386, 27.0718765259, 47.3368148804, 23.4484481812], [-56.4781303406, -0.116975791752, -6.81981897354, -27.7485771179, -14.4592475891, -12.0084209442, 11.4315271378, -0.806793868542, 4.60802412033, 8.43224239349, 5.64871692657, 23.4484481812, 56.7317733765]]
        icov: [[0.00168534950353, -0.000686446554027, 0.00341522414237, -0.00141539762262, 0.00107058451977, -0.00109095091466, 0.00046962275519, -0.000710941676516, 0.000823396316264, 0.000291416276013, 0.000249300472206, -0.000963313272223, 0.00159499060828], [-0.000686446554027, 0.00687783490866, -0.00151775579434, 0.00151753169484, 8.92906391528e-05, 0.00208412948996, -0.000982734491117, 0.000472989922855, -0.00177863286808, 0.00401093484834, -0.00421704724431, 0.00487341964617, -0.00148683204316], [0.00341522414237, -0.00151775579434, 0.0169819779694, -0.00385102606378, 0.00363699160516, -0.00279074115679, 0.00374655704945, -0.00573932472616, 9.34132840484e-05, 0.00115053635091, -0.000311751035042, -0.00247863959521, 0.00393125554547], [-0.00141539762262, 0.00151753169484, -0.00385102606378, 0.00893455371261, -0.00463625835255, 0.00385397486389, 0.00260761473328, 0.000214614934521, 0.000373903953005, 0.00334536866285, -0.000687341438606, 0.00130881171208, 0.000612794538029], [0.00107058451977, 8.92906391528e-05, 0.00363699160516, -0.00463625835255, 0.0113602941856, -0.00800645723939, 0.00180124829058, 0.00164139957633, 0.0020053870976, -0.00528168259189, 0.00389218842611, 0.000555096077733, 0.000101747180452], [-0.00109095091466, 0.00208412948996, -0.00279074115679, 0.00385397486389, -0.00800645723939, 0.0180376954377, -0.0112938554958, 0.00226975488476, -0.00300886854529, 0.00709990458563, -0.00237616640516, 0.000967108935583, 0.00357921025716], [0.00046962275519, -0.000982734491117, 0.00374655704945, 0.00260761473328, 0.00180124829058, -0.0112938554958, 0.0219941195101, -0.00710823759437, -0.001628883183, -0.00122862344142, 0.000207228004001, 0.000146157006384, -0.00403923215345], [-0.000710941676516, 0.000472989922855, -0.00573932472616, 0.000214614934521, 0.00164139957633, 0.00226975488476, -0.00710823759437, 0.0248220153153, -0.011002686806, 0.00414454145357, -0.000974548456725, 0.00155821803492, 0.00112301507033], [0.000823396316264, -0.00177863286808, 9.34132840484e-05, 0.000373903953005, 0.0020053870976, -0.00300886854529, -0.001628883183, -0.011002686806, 0.0328074358404, -0.0134296305478, 0.00552299618721, -0.00309049058706, 0.00111490185373], [0.000291416276013, 0.00401093484834, 0.00115053635091, 0.00334536866285, -0.00528168259189, 0.00709990458563, -0.00122862344142, 0.00414454145357, -0.0134296305478, 0.0359639972448, -0.0218184459955, 0.00601188326254, -0.00203086109832], [0.000249300472206, -0.00421704724431, -0.000311751035042, -0.000687341438606, 0.00389218842611, -0.00237616640516, 0.000207228004001, -0.000974548456725, 0.00552299618721, -0.0218184459955, 0.0421608574688, -0.0221199858934, 0.00803834758699], [-0.000963313272223, 0.00487341964617, -0.00247863959521, 0.00130881171208, 0.000555096077733, 0.000967108935583, 0.000146157006384, 0.00155821803492, -0.00309049058706, 0.00601188326254, -0.0221199858934, 0.0421909429133, -0.0161463562399], [0.00159499060828, -0.00148683204316, 0.00393125554547, 0.000612794538029, 0.000101747180452, 0.00357921025716, -0.00403923215345, 0.00112301507033, 0.00111490185373, -0.00203086109832, 0.00803834758699, -0.0161463562399, 0.0276818983257]]
    spectral_contrast:
        mean: [-6.12189353433e-07, -1.60155138929e-07, -1.09516633984e-07, -2.04890966415e-07, -1.08938870369e-07, -6.72276954106e-08, -2.76720084003e-06, -2.32678871726e-06, 8.21909395654e-07, -8.81514040429e-07, 1.40139900395e-06, 2.45993328463e-06]
        var: [0.00035979153472, 0.000638811150566, 0.00130887061823, 0.0025184575934, 0.00311204884201, 0.00540122343227, 0.0557308271527, 0.0765236243606, 0.120621427894, 0.177058294415, 0.250272899866, 0.427208662033]

rhythm:
    beats_loudness:
        dmean: 0.00215065735392
        dmean2: 0.00351863680407
        dvar: 1.55547752456e-06
        dvar2: 6.02812224315e-06
        max: 0.00864025019109
        mean: 0.00566726224497
        min: 0.00262245419435
        var: 3.34090941578e-06
    beats_loudness_bass:
        dmean: 0.00794939883053
        dmean2: 0.0140541791916
        dvar: 0.000116934657854
        dvar2: 0.000327345740516
        max: 0.0380258783698
        mean: 0.00578690087423
        min: 0.000745334138628
        var: 7.42077681934e-05
    bpm: 101.262489319
    bpm_confidence: 0
    first_peak_bpm: 101
    first_peak_spread: 0
    first_peak_weight: 0.5
    onset_rate: 1.09659826756
    second_peak_bpm: 120
    second_peak_spread: 0
    second_peak_weight: 0.4375
    beats_position: [0.356521755457, 0.949102759361, 1.54168379307, 2.13426470757, 2.72684574127, 3.31942677498, 3.91200780869, 4.50458908081, 5.0971698761, 5.97979021072, 6.47925138474, 6.97871208191, 7.47817373276, 7.97763538361, 8.47709560394, 8.97655773163, 9.47601890564]
    bpm_estimates: [100.367904663, 103.223304749, 101.205284119, 101.091705322, 100.424232483]
    bpm_intervals: [0.592581033707, 0.592581033707, 0.592580914497, 0.592581033707, 0.592581033707, 0.592581033707, 0.592581272125, 0.592580795288, 0.882620334625, 0.499461174011, 0.499460697174, 0.499461650848, 0.499461650848, 0.499460220337, 0.499462127686, 0.499461174011]
    onset_times: [0.0464399084449, 0.522448956966, 1.81115651131, 3.06503391266, 4.33052158356, 5.60761928558, 5.80498886108, 5.93269824982, 6.14167785645, 8.63782310486, 9.35764217377]
    rubato_start: [6.47925138474]
    rubato_stop: [9.47601890564]
    perceptual_tempo: "unknown"

sfx:
    inharmonicity:
        dmean: 0.0647205933928
        dmean2: 0.117239423096
        dvar: 0.00683952635154
        dvar2: 0.0197980031371
        max: 0.456510812044
        mean: 0.0578426904976
        min: 0
        var: 0.00620622327551
    oddtoevenharmonicenergyratio:
        dmean: 20.2473506927
        dmean2: 39.8329391479
        dvar: 17554.9121094
        dvar2: 52239.6875
        max: 1510.0213623
        mean: 10.7038249969
        min: 0
        var: 9066.22460938
    pitch_after_max_to_before_max_energy_ratio: 27.8399085999
    pitch_centroid: 186.513519287
    pitch_max_to_total: 0.0555555559695
    pitch_min_to_total: 0.414351850748
    tristimulus:
        dmean: [0.247818306088, 0.281814455986, 0.0919944271445]
        dmean2: [0.433770388365, 0.500964105129, 0.167779445648]
        dvar: [0.0442932881415, 0.0631982833147, 0.0137889236212]
        dvar2: [0.125437125564, 0.179799258709, 0.0381714850664]
        max: [1, 0.998700380325, 0.642985522747]
        mean: [0.371773958206, 0.45786011219, 0.0733501091599]
        min: [0.00129964307416, 0, 0]
        var: [0.0715247020125, 0.0929795727134, 0.0120622431859]

tonal:
    chords_changes_rate: 0.0138888889924
    chords_number_rate: 0.0138888889924
    chords_strength:
        dmean: 0.00606424966827
        dmean2: 0.00684083066881
        dvar: 2.31205449381e-05
        dvar2: 2.8164633477e-05
        max: 0.628747820854
        mean: 0.483334362507
        min: 0.320997267962
        var: 0.00457925722003
    key_strength: 0.69642585516
    tuning_diatonic_strength: 0.590781629086
    tuning_equal_tempered_deviation: 0.142183765769
    tuning_frequency: 438.477722168
    tuning_nontempered_energy_ratio: 0.707328975201
    hpcp:
        dmean: [0.155085340142, 0.112389542162, 0.0918846130371, 0.115986332297, 0.198921650648, 0.269438654184, 0.242106005549, 0.112466163933, 0.0171441063285, 0.00589268049225, 0.0250865649432, 0.0692990198731, 0.0782700181007, 0.0743765383959, 0.12497151643, 0.140111446381, 0.137786269188, 0.143433511257, 0.0830001682043, 0.0614787973464, 0.164517760277, 0.197040781379, 0.172958657146, 0.095513664186, 0.0701050236821, 0.0874910950661, 0.14098572731, 0.180231153965, 0.170235976577, 0.135357961059, 0.0848586037755, 0.0620987527072, 0.0891015455127, 0.103442907333, 0.161069363356, 0.185858905315]
        dmean2: [0.270598232746, 0.198923259974, 0.163951948285, 0.203978762031, 0.34484270215, 0.462787270546, 0.414918631315, 0.191751539707, 0.0328101404011, 0.0104767046869, 0.0426983833313, 0.113258093596, 0.128445371985, 0.127989351749, 0.205090194941, 0.231128245592, 0.234170123935, 0.243510484695, 0.138551324606, 0.10539560765, 0.260184526443, 0.344468683004, 0.282076865435, 0.153234198689, 0.118708521128, 0.145146250725, 0.231872722507, 0.301054447889, 0.284854710102, 0.232434466481, 0.151518449187, 0.107651501894, 0.15534876287, 0.178771227598, 0.265746057034, 0.310421019793]
        dvar: [0.0331289507449, 0.025767032057, 0.0276196449995, 0.0303445402533, 0.0551075525582, 0.0613869652152, 0.0558804683387, 0.0134383691475, 0.00181818578858, 0.000132444329211, 0.00143077678513, 0.00917852856219, 0.0135615663603, 0.0112979533151, 0.0202945005149, 0.0222931858152, 0.0206552967429, 0.018704475835, 0.0101427901536, 0.00407202960923, 0.0178716983646, 0.0472805835307, 0.0261288657784, 0.013321371749, 0.0125501733273, 0.0168280173093, 0.0185264293104, 0.0293007399887, 0.0358413122594, 0.0349451825023, 0.016522327438, 0.00811436120421, 0.0124242436141, 0.016990147531, 0.028766779229, 0.0325283892453]
        dvar2: [0.0888401120901, 0.0739282593131, 0.0776242688298, 0.0822878181934, 0.13512121141, 0.167399331927, 0.139721676707, 0.0349018760026, 0.00527841504663, 0.000363711966202, 0.00336210476235, 0.0205664541572, 0.032054245472, 0.0325655788183, 0.0537742935121, 0.0601767189801, 0.0570455342531, 0.0498439930379, 0.0281024798751, 0.0120190149173, 0.048848554492, 0.100584663451, 0.0687550082803, 0.0309256184846, 0.0309121496975, 0.0461815111339, 0.0425202436745, 0.0786025598645, 0.0905903056264, 0.0814309939742, 0.051578361541, 0.0226011704654, 0.0334039144218, 0.0490712448955, 0.0885980427265, 0.0875924527645]
        max: [1, 1, 1, 1, 1, 1, 1, 0.760349214077, 0.373734146357, 0.0850697904825, 0.36389952898, 0.870657622814, 1, 1, 0.998940825462, 1, 1, 1, 0.808477818966, 0.531813144684, 0.96239733696, 1, 1, 0.918416380882, 1, 1, 0.982000589371, 1, 1, 1, 0.996869921684, 0.635763287544, 0.920806527138, 1, 1, 1]
        mean: [0.258387625217, 0.127483874559, 0.0930728316307, 0.106046847999, 0.194181337953, 0.39869722724, 0.401584804058, 0.146947041154, 0.013967551291, 0.00759818824008, 0.03484582901, 0.104413308203, 0.117099396884, 0.101517640054, 0.193094655871, 0.238651305437, 0.229057326913, 0.236791536212, 0.140349090099, 0.0959338024259, 0.442844182253, 0.724195599556, 0.452638298273, 0.161992162466, 0.111941419542, 0.131986007094, 0.252488404512, 0.302686482668, 0.251841843128, 0.226653233171, 0.13978227973, 0.0808042660356, 0.128625020385, 0.160919189453, 0.254698693752, 0.357182770967]
        min: [0.010629166849, 0.00223262538202, 0.00111741572618, 0.000706372084096, 0.00121073087212, 0.0117369256914, 0.0223898347467, 0.0066430629231, 0.000584827212151, 0.000266810267931, 0.00043631833978, 0.00398719822988, 0.00380001007579, 0.00630524661392, 0.0148183219135, 0.0136210024357, 0.0285901259631, 0.0226438026875, 0.00618399120867, 0.00451601669192, 0.0242235995829, 0.052368119359, 0.049856685102, 0.00368148717098, 0.00422190083191, 0.00932866893709, 0.027237419039, 0.0143779562786, 0.00985249504447, 0.00357722467743, 0.0027332380414, 0.00248754839413, 0.00803243648261, 0.00921135488898, 0.0129164606333, 0.0159825924784]
        var: [0.0644437894225, 0.0299415383488, 0.036531727761, 0.0282645802945, 0.0705783516169, 0.102387964725, 0.107982859015, 0.0207619536668, 0.00101656815968, 0.000103261190816, 0.00244601792656, 0.017037184909, 0.0211741775274, 0.0103645874187, 0.0272648129612, 0.0404263548553, 0.0343524366617, 0.0273327119648, 0.0154307838529, 0.00636639678851, 0.046796604991, 0.090655438602, 0.0465632639825, 0.029650233686, 0.0202889684588, 0.0195570476353, 0.0391406565905, 0.0599372424185, 0.047296334058, 0.0756103694439, 0.0376353301108, 0.00868593063205, 0.0139575405046, 0.0223135929555, 0.0509399361908, 0.0894099995494]
    chords_histogram: [18.5185184479, 0, 52.3148155212, 0, 0, 0, 0, 0, 0, 0, 0, 0, 0, 0, 0, 0, 0, 0, 0, 29.1666660309, 0, 0, 0, 0]
    thpcp: [1, 0.625022172928, 0.223685652018, 0.154573455453, 0.182251870632, 0.348646700382, 0.417962342501, 0.34775391221, 0.312972396612, 0.193017303944, 0.111577957869, 0.177610889077, 0.222204044461, 0.351698756218, 0.493213117123, 0.356792598963, 0.176035135984, 0.128518909216, 0.146433979273, 0.268133819103, 0.550538063049, 0.554525315762, 0.202910706401, 0.0192869864404, 0.010491900146, 0.0481165982783, 0.144178330898, 0.161695808172, 0.140179857612, 0.266633301973, 0.329539835453, 0.316292077303, 0.326971799135, 0.193799972534, 0.132469460368, 0.611498057842]
    chords_key: "E"
    chords_scale: "major"
    key_key: "A"
    key_scale: "major"
    chords_progression: ["Em", "Em", "Em", "Em", "Em", "Em", "Em", "Em", "Em", "Em", "Em", "Em", "Em", "Em", "Em", "Em", "Em", "Em", "Em", "Em", "Em", "Em", "Em", "Em", "Em", "Em", "Em", "Em", "Em", "Em", "Em", "Em", "Em", "Em", "Em", "Em", "Em", "Em", "Em", "Em", "Em", "Em", "Em", "Em", "Em", "Em", "Em", "Em", "Em", "Em", "Em", "Em", "Em", "Em", "Em", "Em", "Em", "Em", "Em", "Em", "Em", "Em", "Em", "E", "E", "E", "E", "E", "E", "E", "E", "E", "E", "E", "E", "E", "E", "E", "E", "E", "E", "E", "E", "E", "E", "E", "E", "E", "E", "E", "E", "E", "E", "E", "E", "E", "E", "E", "E", "E", "E", "E", "E", "E", "E", "E", "E", "E", "E", "E", "E", "E", "E", "E", "E", "E", "A", "A", "A", "A", "A", "A", "A", "A", "A", "A", "A", "A", "A", "A", "A", "A", "A", "A", "A", "A", "A", "A", "A", "A", "A", "A", "A", "A", "A", "A", "A", "A", "A", "A", "A", "A", "A", "A", "A", "A", "E", "E", "E", "E", "E", "E", "E", "E", "E", "E", "E", "E", "E", "E", "E", "E", "E", "E", "E", "E", "E", "E", "E", "E", "E", "E", "E", "E", "E", "E", "E", "E", "E", "E", "E", "E", "E", "E", "E", "E", "E", "E", "E", "E", "E", "E", "E", "E", "E", "E", "E", "E", "E", "E", "E", "E", "E", "E", "E", "E"]
