
metadata:
    version:
        essentia: "1.2.2"
    audio_properties:
        analysis_sample_rate: 44100
        bitrate: 128
        channels: 2
        equal_loudness: 1
        length: 9.97877597809
        replay_gain: -11.8488464355
        downmix: "mix"
    tags:
        track: 6
        year: 0
        album: "Splitted by Mp3Splt v. 2.1"
        artist: "From 000.50 To 001.00"
        comment: "http://mp3splt.sf.net"
        genre: ""
        title: "04 Moritat.mp3"

highlevel:
    ballroom:
        all:
            ChaChaCha: 0.0123238712549
            Jive: 0.0814061909914
            Quickstep: 0.758635103703
            Rumba-American: 0.00630601728335
            Rumba-International: 0.0159580670297
            Rumba-Misc: 0.00649071438238
            Samba: 0.0762588381767
            Tango: 0.0252879541367
            VienneseWaltz: 0.00534583674744
            Waltz: 0.0119874281809
        probability: 0.758635103703
        value: "Quickstep"
    culture:
        all:
            non_western: 0.0230711400509
            western: 0.976928889751
        probability: 0.976928889751
        value: "western"
    gender:
        all:
            female: 0.0903477519751
            male: 0.909652233124
        probability: 0.909652233124
        value: "male"
    genre_dortmund:
        all:
            alternative: 0.00438957195729
            blues: 0.0214293990284
            electronic: 0.000525802548509
            folkcountry: 0.0365676991642
            funksoulrnb: 0.0074998321943
            jazz: 0.918930113316
            pop: 0.00715378206223
            raphiphop: 0.000119955155242
            rock: 0.00338383670896
        probability: 0.918930113316
        value: "jazz"
    genre_electronica:
        all:
            ambient: 0.791950762272
            dnb: 0.0818939656019
            house: 0.057642262429
            techno: 0.0123685952276
            trance: 0.0561444051564
        probability: 0.791950762272
        value: "ambient"
    genre_rosamerica:
        all:
            cla: 0.00797958858311
            dan: 0.000810806581285
            hip: 0.000698912830558
            jaz: 0.98311150074
            pop: 0.00174120266456
            rhy: 0.00267921760678
            roc: 0.000898181926459
            spe: 0.00208059209399
        probability: 0.98311150074
        value: "jaz"
    genre_tzanetakis:
        all:
            blu: 0.00140946009196
            cla: 0.00139503180981
            cou: 0.00580247119069
            dis: 0.00172130391002
            hip: 0.000497083645314
            jaz: 0.951011180878
            met: 0.000177662208444
            pop: 0.0242539681494
            reg: 0.00994020048529
            roc: 0.00379166076891
        probability: 0.951011180878
        value: "jaz"
    live_studio:
        all:
            live: 0.917607188225
            studio: 0.0823928415775
        probability: 0.917607188225
        value: "live"
    mood:
        all:
            Cluster1: 0.0864015668631
            Cluster2: 0.496389269829
            Cluster3: 0.110113836825
            Cluster4: 0.276511669159
            Cluster5: 0.0305836666375
        probability: 0.496389269829
        value: "Cluster2"
    mood_acoustic:
        all:
            acoustic: 0.908003866673
            not_acoustic: 0.0919961109757
        probability: 0.908003866673
        value: "acoustic"
    mood_aggressive:
        all:
            aggressive: 0.00427980534732
            not_aggressive: 0.995720207691
        probability: 0.995720207691
        value: "not_aggressive"
    mood_electronic:
        all:
            electronic: 0.100564338267
            not_electronic: 0.899435639381
        probability: 0.899435639381
        value: "not_electronic"
    mood_happy:
        all:
            happy: 0.214999079704
            not_happy: 0.785000920296
        probability: 0.785000920296
        value: "not_happy"
    mood_party:
        all:
            not_party: 0.740673482418
            party: 0.259326517582
        probability: 0.740673482418
        value: "not_party"
    mood_relaxed:
        all:
            not_relaxed: 0.0764451771975
            relaxed: 0.923554837704
        probability: 0.923554837704
        value: "relaxed"
    mood_sad:
        all:
            not_sad: 0.230423897505
            sad: 0.769576072693
        probability: 0.769576072693
        value: "sad"
    rhythm:
        all:
            fast: 0.909853518009
            medium: 0.0406561046839
            slow: 0.0494903959334
        probability: 0.909853518009
        value: "fast"
    speech_music:
        all:
            music: 0.920111000538
            speech: 0.0798889920115
        probability: 0.920111000538
        value: "music"
    timbre:
        all:
            bright: 0.5
            dark: 0.5
        probability: 0.5
        value: "dark"
    voice_instrumental:
        all:
            instrumental: 0.967556416988
            voice: 0.0324435941875
        probability: 0.967556416988
        value: "instrumental"

lowlevel:
    average_loudness: 0.878010332584
    barkbands_kurtosis:
        dmean: 1.80783259869
        dmean2: 2.76371693611
        dvar: 7.46762180328
        dvar2: 15.9629859924
        max: 32.0743522644
        mean: 1.39588105679
        min: -1.82628417015
        var: 15.6785697937
    barkbands_skewness:
        dmean: 0.534837007523
        dmean2: 0.749897778034
        dvar: 0.359810352325
        dvar2: 0.626167953014
        max: 5.17157649994
        mean: 1.08576083183
        min: -3.00810480118
        var: 1.34371006489
    barkbands_spread:
        dmean: 6.070748806
        dmean2: 9.27692317963
        dvar: 45.5088615417
        dvar2: 106.434280396
        max: 66.4859390259
        mean: 28.552936554
        min: 4.39759254456
        var: 205.952346802
    dissonance:
        dmean: 0.0241163037717
        dmean2: 0.0400610789657
        dvar: 0.000548790441826
        dvar2: 0.00141913606785
        max: 0.497770339251
        mean: 0.440832436085
        min: 0.315441012383
        var: 0.00142437312752
    hfc:
        dmean: 1.54512524605
        dmean2: 2.16068267822
        dvar: 12.0835351944
        dvar2: 21.8077487946
        max: 39.5977287292
        mean: 3.58272528648
        min: 0.0340699851513
        var: 35.2440414429
    pitch:
        dmean: 405.574249268
        dmean2: 788.367248535
        dvar: 1264885
        dvar2: 2952633
        max: 4900
        mean: 909.054321289
        min: 76.0344848633
        var: 2178512.5
    pitch_instantaneous_confidence:
        dmean: 0.101563952863
        dmean2: 0.151301115751
        dvar: 0.0128740835935
        dvar2: 0.025044830516
        max: 0.972936153412
        mean: 0.593499541283
        min: 0.157303333282
        var: 0.0528088994324
    pitch_salience:
        dmean: 0.0585345104337
        dmean2: 0.0948173999786
        dvar: 0.00330715440214
        dvar2: 0.00769291259348
        max: 0.860901415348
        mean: 0.629019498825
        min: 0.301091402769
        var: 0.00853216741234
    silence_rate_20dB:
        dmean: 0
        dmean2: 0
        dvar: 0
        dvar2: 0
        max: 1
        mean: 1
        min: 1
        var: 0
    silence_rate_30dB:
        dmean: 0
        dmean2: 0
        dvar: 0
        dvar2: 0
        max: 1
        mean: 1
        min: 1
        var: 0
    silence_rate_60dB:
        dmean: 0.0932400897145
        dmean2: 0.184579432011
        dvar: 0.0845463648438
        dvar2: 0.169201150537
        max: 1
        mean: 0.732558131218
        min: 0
        var: 0.195917025208
    spectral_centroid:
        dmean: 301.897186279
        dmean2: 442.123962402
        dvar: 187754.234375
        dvar2: 321273.1875
        max: 4643.45507812
        mean: 1315.39367676
        min: 356.271820068
        var: 580010.1875
    spectral_complexity:
        dmean: 1.70491802692
        dmean2: 2.61737084389
        dvar: 5.60848093033
        dvar2: 9.67284488678
        max: 23
        mean: 5.29672908783
        min: 0
        var: 22.1619720459
    spectral_crest:
        dmean: 1.91396272182
        dmean2: 3.04941821098
        dvar: 3.18967294693
        dvar2: 7.03783082962
        max: 20.2021579742
        mean: 9.33860397339
        min: 3.11450028419
        var: 9.52836418152
    spectral_decrease:
        dmean: 2.07028408306e-10
        dmean2: 2.88067597554e-10
        dvar: 1.38860153598e-19
        dvar2: 2.29815072598e-19
        max: -8.72414727265e-12
        mean: -6.00695493347e-10
        min: -3.17870951783e-09
        var: 5.0696932976e-19
    spectral_energy:
        dmean: 0.000913029245567
        dmean2: 0.00126613490283
        dvar: 2.86305294139e-06
        dvar2: 4.81447432321e-06
        max: 0.0155888227746
        mean: 0.00259212614037
        min: 3.67165303032e-05
        var: 1.00517627288e-05
    spectral_energyband_high:
        dmean: 6.03047192271e-05
        dmean2: 8.30956923892e-05
        dvar: 1.00036467998e-08
        dvar2: 1.89829698627e-08
        max: 0.000759281567298
        mean: 0.000106656487333
        min: 2.69675069831e-06
        var: 1.89146103224e-08
    spectral_energyband_low:
        dmean: 1.23165928017e-05
        dmean2: 1.76944267878e-05
        dvar: 5.19904896912e-10
        dvar2: 8.79410100296e-10
        max: 0.000322041916661
        mean: 2.37468539126e-05
        min: 2.15458669572e-07
        var: 1.35382427491e-09
    spectral_energyband_middle_high:
        dmean: 0.000454305438325
        dmean2: 0.000636916782241
        dvar: 1.40161239415e-06
        dvar2: 2.5308165732e-06
        max: 0.0135930404067
        mean: 0.000990844680928
        min: 4.18633271693e-06
        var: 4.04629008699e-06
    spectral_energyband_middle_low:
        dmean: 0.000498995766975
        dmean2: 0.000686405750457
        dvar: 6.71690088438e-07
        dvar2: 1.0843432392e-06
        max: 0.00858653523028
        mean: 0.00147087953519
        min: 7.93635808805e-06
        var: 2.98364875562e-06
    spectral_flatness_db:
        dmean: 0.0197760500014
        dmean2: 0.0285924281925
        dvar: 0.000326399662299
        dvar2: 0.000631764822174
        max: 0.29913470149
        mean: 0.185769557953
        min: 0.0889006853104
        var: 0.00145719572902
    spectral_flux:
        dmean: 0.00857284106314
        dmean2: 0.0129796694964
        dvar: 0.000127846171381
        dvar2: 0.000334614218445
        max: 0.0956396535039
        mean: 0.0201827101409
        min: 0.00182379083708
        var: 0.000249664270086
    spectral_kurtosis:
        dmean: 1.0521992445
        dmean2: 1.66543769836
        dvar: 1.54510486126
        dvar2: 4.06874895096
        max: 14.1256065369
        mean: 2.35314774513
        min: -0.392960548401
        var: 4.44807910919
    spectral_rms:
        dmean: 0.000267680181423
        dmean2: 0.000359164754627
        dvar: 1.5609582249e-07
        dvar2: 2.43456838689e-07
        max: 0.00389982154593
        mean: 0.00131641968619
        min: 0.000189264377696
        var: 7.95942582954e-07
    spectral_rolloff:
        dmean: 654.619262695
        dmean2: 1093.08764648
        dvar: 830089.5
        dvar2: 1719496.625
        max: 6050.83007812
        mean: 2528.03857422
        min: 236.865234375
        var: 2350238.25
    spectral_skewness:
        dmean: 0.190306782722
        dmean2: 0.292100578547
        dvar: 0.0339075364172
        dvar2: 0.0816473811865
        max: 2.39931988716
        mean: 1.1785299778
        min: 0.267083317041
        var: 0.162743136287
    spectral_spread:
        dmean: 660929.625
        dmean2: 951846.1875
        dvar: 1.48170224435e+12
        dvar2: 1.75373143245e+12
        max: 24767500
        mean: 5705857
        min: 2447197.5
        var: 3.86231435264e+12
    spectral_strongpeak:
        dmean: 0.249981001019
        dmean2: 0.375307142735
        dvar: 0.442503988743
        dvar2: 0.965722858906
        max: 8.07586956024
        mean: 0.534233510494
        min: 0.00630664499477
        var: 1.03755378723
    zerocrossingrate:
        dmean: 0.0120812449604
        dmean2: 0.013551523909
        dvar: 0.00018021510914
        dvar2: 0.000198105233721
        max: 0.21435546875
        mean: 0.0797073543072
        min: 0.01904296875
        var: 0.00127050722949
    barkbands:
        dmean: [2.1058077504e-09, 2.67139876087e-06, 1.0389477211e-05, 1.9351769879e-05, 0.000131025328301, 0.000142384524224, 7.68236641306e-05, 0.000204230876989, 8.92310636118e-05, 2.53291982517e-05, 3.85870807804e-05, 4.05345854233e-05, 2.41163234023e-05, 1.64974826475e-05, 2.63778947556e-05, 3.06918809656e-05, 7.56773079047e-05, 0.000151361120516, 7.91382408352e-05, 4.63665382995e-05, 2.77861836366e-05, 1.36224816742e-05, 3.48298794961e-06, 1.25927829231e-06, 4.82096425003e-07, 1.50900003604e-08, 6.71130540031e-10]
        dmean2: [3.41267636372e-09, 3.78353502128e-06, 1.55332163558e-05, 3.02536209347e-05, 0.000190141494386, 0.000205546064535, 0.000120166550914, 0.000279935484286, 0.000125767153804, 3.75453164452e-05, 5.03397895955e-05, 5.91141433688e-05, 3.6179793824e-05, 2.63142446784e-05, 3.78973199986e-05, 4.50837942481e-05, 0.000109849010187, 0.00022229552269, 0.000113716079795, 6.57564160065e-05, 3.90097702621e-05, 2.13533403439e-05, 5.05068737766e-06, 1.78744426194e-06, 6.30667102541e-07, 2.02222274481e-08, 7.36448513283e-10]
        dvar: [4.1197935549e-17, 2.27792177482e-11, 3.85961596017e-10, 1.13708320537e-09, 6.31858796396e-08, 5.43159437427e-08, 2.8586072176e-08, 2.56908720075e-07, 1.20610181398e-07, 3.43975004036e-09, 1.11341664777e-08, 1.19946834687e-08, 1.52391663732e-08, 6.42693676056e-09, 3.11865955283e-09, 7.16678671964e-09, 6.02795182658e-08, 1.93416710204e-07, 5.84026516037e-08, 9.41607947169e-09, 2.45762676876e-09, 6.03843974822e-10, 6.13354991796e-11, 9.60696539681e-12, 1.44143020003e-12, 1.76163794788e-15, 1.38565325748e-16]
        dvar2: [5.17620411316e-17, 3.53934555275e-11, 7.17570614039e-10, 2.2871160521e-09, 1.05992384647e-07, 1.07233823599e-07, 7.28794020688e-08, 3.74589831154e-07, 1.9490620673e-07, 6.03285554845e-09, 1.4470786347e-08, 2.02466559074e-08, 2.53109799786e-08, 1.74384240381e-08, 5.75071013031e-09, 1.45117162731e-08, 1.05199298162e-07, 3.52076853005e-07, 1.25036095255e-07, 1.64088085342e-08, 4.52327508782e-09, 1.22701870886e-09, 1.31744837262e-10, 1.96523856216e-11, 2.88442490379e-12, 3.28037479857e-15, 1.34517011186e-16]
        max: [1.26133699041e-07, 6.9879781222e-05, 0.00025965180248, 0.000442492921138, 0.00308966543525, 0.00315847946331, 0.00192413583864, 0.00510509219021, 0.00585154537112, 0.00074657908408, 0.00152887450531, 0.00146917451639, 0.00209518359043, 0.0013543748064, 0.000680833705701, 0.00122865871526, 0.00401648040861, 0.00494441995397, 0.00339938537218, 0.00125375133939, 0.000429505569628, 0.000192595660337, 7.04954436515e-05, 2.68134408543e-05, 1.11008939712e-05, 3.59728346666e-07, 2.47488941341e-07]
        mean: [2.72477818086e-09, 5.23326889379e-06, 1.85112476174e-05, 3.6106659536e-05, 0.000305957684759, 0.000356317817932, 0.00014900478709, 0.00045152095845, 0.000164177676197, 4.79690279462e-05, 6.67657732265e-05, 7.7962744399e-05, 4.70566010335e-05, 2.33669361478e-05, 4.66207020509e-05, 5.23887501913e-05, 0.000155507601448, 0.000296166195767, 0.000130097134388, 8.69001596584e-05, 4.61204253952e-05, 2.09680820262e-05, 5.21209904036e-06, 1.53527821567e-06, 6.39350218989e-07, 1.81994899151e-08, 6.70069444375e-10]
        min: [6.06906712386e-12, 1.5533546005e-08, 9.33350463583e-08, 1.73984176399e-07, 4.56309066976e-07, 1.16939077088e-06, 4.11880279216e-07, 2.34806876165e-07, 5.55057084739e-08, 4.95119358845e-08, 1.33142457059e-08, 9.65758317761e-09, 7.13429226806e-09, 1.05422408581e-08, 3.80025042546e-08, 1.95529867852e-08, 1.31602973852e-07, 1.22337428365e-06, 7.11760833383e-07, 1.51557389927e-06, 5.03604326241e-07, 4.6193534331e-07, 2.05488106531e-07, 3.53366615968e-08, 1.19053895631e-08, 1.39495928697e-10, 1.03288383434e-13]
        var: [4.43483720259e-17, 7.10422207173e-11, 9.25691079345e-10, 3.83536580273e-09, 2.68704809514e-07, 2.45354414119e-07, 6.26295744155e-08, 1.03759839476e-06, 3.68335605572e-07, 1.07216182599e-08, 3.0685914254e-08, 3.45472486174e-08, 5.41730571513e-08, 6.07731331925e-09, 7.74149988558e-09, 1.57453428073e-08, 2.02109390557e-07, 5.36780305538e-07, 1.07834374319e-07, 2.7666635205e-08, 4.56650184333e-09, 8.48789760699e-10, 7.86850376522e-11, 1.23605813085e-11, 2.0251207395e-12, 2.44298892131e-15, 1.42724231049e-16]
    mfcc:
        mean: [-794.432434082, 94.4078674316, -23.1896076202, 53.5815696716, -29.6071033478, -15.4738674164, -17.6903171539, -8.70314121246, -11.5851917267, -13.2497110367, -2.65757441521, -1.96928071976, -5.19788360596]
        cov: [[5210.0078125, 790.768981934, -2506.74658203, -775.157043457, -205.177947998, -271.343353271, -168.568740845, -280.206848145, -34.5928688049, -346.416931152, -201.151580811, -18.3417510986, 51.7968444824], [790.768981934, 976.761779785, -717.765319824, -263.191314697, -53.2153663635, -74.587852478, -80.208152771, -96.7673110962, -55.1542243958, -82.3591308594, -44.5928764343, -19.7170543671, -10.1208486557], [-2506.74658203, -717.765319824, 2081.41162109, 344.832000732, 38.4790306091, 226.82359314, 49.2896156311, 121.065589905, 20.2150878906, 197.33013916, 64.5179748535, -6.27290630341, -28.5144882202], [-775.157043457, -263.191314697, 344.832000732, 291.61340332, 69.5638427734, 27.7504119873, 60.6194572449, 75.4435806274, 32.6595077515, 78.5631713867, 82.5353775024, 30.0689239502, 18.1561203003], [-205.177947998, -53.2153663635, 38.4790306091, 69.5638427734, 124.266418457, 62.8974761963, 48.4303627014, 41.4668235779, 9.73126792908, 7.5860543251, 0.901806235313, -4.52695465088, 5.58462095261], [-271.343353271, -74.587852478, 226.82359314, 27.7504119873, 62.8974761963, 131.089370728, 48.8329696655, 31.3608093262, 9.90175151825, 7.83294773102, -21.4698677063, -14.3007793427, 0.394974082708], [-168.568740845, -80.208152771, 49.2896156311, 60.6194572449, 48.4303627014, 48.8329696655, 95.0812683105, 58.7748413086, 30.0468635559, 20.6612243652, -5.12046527863, -9.00118541718, 4.13391637802], [-280.206848145, -96.7673110962, 121.065589905, 75.4435806274, 41.4668235779, 31.3608093262, 58.7748413086, 100.423835754, 47.6844406128, 31.9536952972, 12.0339765549, -10.8283758163, 1.08391499519], [-34.5928688049, -55.1542243958, 20.2150878906, 32.6595077515, 9.73126792908, 9.90175151825, 30.0468635559, 47.6844406128, 70.3445358276, 27.0641956329, 2.47842621803, -8.14603328705, -10.7379112244], [-346.416931152, -82.3591308594, 197.33013916, 78.5631713867, 7.5860543251, 7.83294773102, 20.6612243652, 31.9536952972, 27.0641956329, 72.1359481812, 42.9694709778, 11.8209095001, -2.38048768044], [-201.151580811, -44.5928764343, 64.5179748535, 82.5353775024, 0.901806235313, -21.4698677063, -5.12046527863, 12.0339765549, 2.47842621803, 42.9694709778, 97.6568984985, 54.351726532, 21.2691860199], [-18.3417510986, -19.7170543671, -6.27290630341, 30.0689239502, -4.52695465088, -14.3007793427, -9.00118541718, -10.8283758163, -8.14603328705, 11.8209095001, 54.351726532, 69.147354126, 37.4491844177], [51.7968444824, -10.1208486557, -28.5144882202, 18.1561203003, 5.58462095261, 0.394974082708, 4.13391637802, 1.08391499519, -10.7379112244, -2.38048768044, 21.2691860199, 37.4491844177, 58.2196311951]]
        icov: [[0.000793497718405, 0.000320841179928, 0.000729172490537, 0.00116038124543, 0.000343733699992, -5.93828481215e-05, 8.29116324894e-05, 0.00106374069583, -0.00136533984914, 0.000926406239159, -0.000266430462943, 0.000599609222263, -0.00121548643801], [0.000320841179928, 0.00181347981561, 0.000860763830133, 0.00146217830479, 0.000134437272209, -0.00052812701324, 0.000800021807663, 0.000306539703161, 0.00047962271492, -0.00065280526178, -0.000595738994889, 0.000955485564191, -0.000411624758272], [0.000729172490537, 0.000860763830133, 0.00212848419324, 3.62294158549e-05, 0.00182451761793, -0.00296543375589, 0.00218403013423, -0.000578721344937, 0.0010072021978, -0.0026714859996, 0.00109290680848, 0.000124276266433, -0.000169789389474], [0.00116038124543, 0.00146217830479, 3.62294158549e-05, 0.0107191251591, -0.00369515549392, 0.002970358124, -0.0031406620983, 0.00144076405559, -0.0028481266927, 0.00016434508143, -0.00657524028793, 0.00303168105893, -0.00363934901543], [0.000343733699992, 0.000134437272209, 0.00182451761793, -0.00369515549392, 0.0152514185756, -0.00802932400256, -0.000256295345025, -0.00363484350964, 0.00309043307789, 3.9423830458e-05, 0.00112747552339, -0.000332971685566, 0.000814780127257], [-5.93828481215e-05, -0.00052812701324, -0.00296543375589, 0.002970358124, -0.00802932400256, 0.0178273487836, -0.00756473885849, 0.00291310832836, -0.00310575612821, 0.00436054589227, 0.00073285686085, 0.000419356103521, -0.00221753981896], [8.29116324894e-05, 0.000800021807663, 0.00218403013423, -0.0031406620983, -0.000256295345025, -0.00756473885849, 0.0238258261234, -0.010279729031, 0.00153988366947, -0.00704297237098, 0.00691093085334, -0.00203569303267, -0.000529319047928], [0.00106374069583, 0.000306539703161, -0.000578721344937, 0.00144076405559, -0.00363484350964, 0.00291310832836, -0.010279729031, 0.0273481868207, -0.0152632007375, 0.00462393416092, -0.00757412891835, 0.0105442889035, -0.00771771743894], [-0.00136533984914, 0.00047962271492, 0.0010072021978, -0.0028481266927, 0.00309043307789, -0.00310575612821, 0.00153988366947, -0.0152632007375, 0.0303033497185, -0.0135881723836, 0.00696755526587, -0.0059133800678, 0.00887083169073], [0.000926406239159, -0.00065280526178, -0.0026714859996, 0.00016434508143, 3.9423830458e-05, 0.00436054589227, -0.00704297237098, 0.00462393416092, -0.0135881723836, 0.0378276184201, -0.015700917691, 0.0048839324154, -0.000281779561192], [-0.000266430462943, -0.000595738994889, 0.00109290680848, -0.00657524028793, 0.00112747552339, 0.00073285686085, 0.00691093085334, -0.00757412891835, 0.00696755526587, -0.015700917691, 0.0346472114325, -0.024227168411, 0.00582588417456], [0.000599609222263, 0.000955485564191, 0.000124276266433, 0.00303168105893, -0.000332971685566, 0.000419356103521, -0.00203569303267, 0.0105442889035, -0.0059133800678, 0.0048839324154, -0.024227168411, 0.0443939901888, -0.0218707155436], [-0.00121548643801, -0.000411624758272, -0.000169789389474, -0.00363934901543, 0.000814780127257, -0.00221753981896, -0.000529319047928, -0.00771771743894, 0.00887083169073, -0.000281779561192, 0.00582588417456, -0.0218707155436, 0.0329204872251]]
    spectral_contrast:
        mean: [3.98640898069e-09, 6.54885141671e-08, 2.43875945216e-07, 3.66801828022e-07, -6.76819098544e-08, 9.92337234607e-08, -7.14420167469e-08, 3.51918089336e-07, -3.04373634208e-06, -5.03227511217e-07, 3.61666502613e-06, 1.19153583e-06]
        var: [0.000236917214352, 0.000700340373442, 0.00165354681667, 0.00439455453306, 0.00581017555669, 0.0131718497723, 0.0283615924418, 0.0688195750117, 0.22028721869, 0.356551408768, 0.409758687019, 1.81993055344]

rhythm:
    beats_loudness:
        dmean: 0.0018454893725
        dmean2: 0.00304553937167
        dvar: 3.92734409616e-06
        dvar2: 4.77885532746e-06
        max: 0.00991714652628
        mean: 0.003197561251
        min: 8.01479909569e-05
        var: 9.90103944787e-06
    beats_loudness_bass:
        dmean: 0.0993707925081
        dmean2: 0.190728843212
        dvar: 0.021777164191
        dvar2: 0.0583575442433
        max: 0.490828335285
        mean: 0.0696710795164
        min: 0.000153868153575
        var: 0.0149327078834
    bpm: 171.133636475
    bpm_confidence: 0
    first_peak_bpm: 171
    first_peak_spread: 0
    first_peak_weight: 0.727272748947
    onset_rate: 4.91042232513
    second_peak_bpm: 93
    second_peak_spread: 0
    second_peak_weight: 0.227272734046
    beats_position: [0.11212746799, 0.462733447552, 0.813339412212, 1.16394543648, 1.51455140114, 1.86515748501, 2.21576356888, 2.56636953354, 2.9169754982, 3.26758146286, 3.6181871891, 3.96879315376, 4.31939888, 4.67000484467, 5.02061080933, 5.37121677399, 5.72182226181, 6.1492600441, 6.79589223862, 7.4425239563, 8.08915615082, 8.73578834534, 9.38242053986]
    bpm_estimates: [171.1146698, 170.495544434, 171.072998047, 171.851303101]
    bpm_intervals: [0.350605964661, 0.350605964661, 0.350606024265, 0.350605964661, 0.35060608387, 0.35060608387, 0.350605964661, 0.350605964661, 0.350605964661, 0.350605726242, 0.350605964661, 0.350605726242, 0.350605964661, 0.350605964661, 0.350605964661, 0.350605487823, 0.427437782288, 0.646632194519, 0.646631717682, 0.646632194519, 0.646632194519, 0.646632194519]
    onset_times: [0.0812698379159, 0.394739240408, 0.824308395386, 1.11455786228, 1.23065757751, 1.50929701328, 1.55573701859, 1.79954648018, 2.02013611794, 2.24072551727, 2.40326523781, 2.49614500999, 2.5890250206, 2.64707493782, 2.73995471001, 2.93732428551, 3.09986400604, 3.32045340538, 3.45977330208, 3.64553284645, 3.94739222527, 4.12154197693, 4.41179132462, 4.52789115906, 4.63238096237, 4.74848079681, 5.0967798233, 5.46829938889, 5.50312948227, 5.8282084465, 6.08362817764, 6.26938772202, 6.53641700745, 6.79183673859, 7.12852621078, 7.2330160141, 7.50004529953, 7.60453510284, 7.85995483398, 8.39401340485, 8.63782310486, 8.95129299164, 9.13705253601, 9.287981987, 9.38086128235, 9.47374153137, 9.54340171814, 9.64789104462, 9.81043052673]
    rubato_start: [6.79589223862]
    rubato_stop: [9.38242053986]
    perceptual_tempo: "unknown"

sfx:
    inharmonicity:
        dmean: 0.0419362895191
        dmean2: 0.0757505446672
        dvar: 0.0036486343015
        dvar2: 0.0102405901998
        max: 0.352620333433
        mean: 0.0392692498863
        min: 0
        var: 0.00352421635762
    oddtoevenharmonicenergyratio:
        dmean: 1.98589539528
        dmean2: 3.661444664
        dvar: 40.4962043762
        dvar2: 116.449615479
        max: 73.7495727539
        mean: 1.70065617561
        min: 0
        var: 23.7723941803
    pitch_after_max_to_before_max_energy_ratio: 5.72252082825
    pitch_centroid: 174.930999756
    pitch_max_to_total: 0.0771028026938
    pitch_min_to_total: 0.815420567989
    tristimulus:
        dmean: [0.188732400537, 0.201955750585, 0.115418516099]
        dmean2: [0.324026376009, 0.33923920989, 0.203857257962]
        dvar: [0.0371307395399, 0.0433841086924, 0.0235742498189]
        dvar2: [0.0993567556143, 0.123238071799, 0.067471653223]
        max: [1, 0.984667479992, 0.866561591625]
        mean: [0.385087519884, 0.465654671192, 0.127439126372]
        min: [0.0029222459998, 0, 0]
        var: [0.0543393008411, 0.0581767968833, 0.0259453076869]

tonal:
    chords_changes_rate: 0.139534890652
    chords_number_rate: 0.037209302187
    chords_strength:
        dmean: 0.0149536766112
        dmean2: 0.0143956253305
        dvar: 0.000123666904983
        dvar2: 0.00015980117314
        max: 0.590599656105
        mean: 0.459506124258
        min: 0.311787515879
        var: 0.00447114137933
    key_strength: 0.821200609207
    tuning_diatonic_strength: 0.496391415596
    tuning_equal_tempered_deviation: 0.122591741383
    tuning_frequency: 436.960693359
    tuning_nontempered_energy_ratio: 0.810456395149
    hpcp:
        dmean: [0.1167928949, 0.0995454490185, 0.103981204331, 0.117683418095, 0.0889322459698, 0.0713667795062, 0.0840846598148, 0.0692570582032, 0.0628156512976, 0.0970706790686, 0.0957189425826, 0.0844366103411, 0.0617738068104, 0.0659195482731, 0.0920225903392, 0.135595694184, 0.130938142538, 0.14222432673, 0.144405841827, 0.10548158735, 0.0568095855415, 0.0697590783238, 0.0697962790728, 0.076203532517, 0.104755632579, 0.096856109798, 0.093701608479, 0.107705198228, 0.115323141217, 0.125787958503, 0.129495382309, 0.125360175967, 0.077693797648, 0.0548419579864, 0.0677298530936, 0.105507850647]
        dmean2: [0.188013598323, 0.16795258224, 0.186244815588, 0.206254139543, 0.152377709746, 0.12045942992, 0.135987207294, 0.113376967609, 0.101968944073, 0.156281352043, 0.161022901535, 0.13905236125, 0.100187309086, 0.110709607601, 0.152835637331, 0.212430968881, 0.213459134102, 0.240993782878, 0.244062662125, 0.165742993355, 0.0969785526395, 0.123371437192, 0.121397092938, 0.132894560695, 0.177765011787, 0.160812050104, 0.153218746185, 0.174841597676, 0.20179516077, 0.211835891008, 0.210507139564, 0.199748262763, 0.12529361248, 0.094877935946, 0.11640817672, 0.170144990087]
        dvar: [0.0346741937101, 0.0262836068869, 0.0383032225072, 0.0471968464553, 0.0320654213428, 0.01747604087, 0.0248169060796, 0.0165154505521, 0.0143828233704, 0.0269847717136, 0.0355543009937, 0.0214910265058, 0.0145505787805, 0.0169861260802, 0.0197739247233, 0.0436239689589, 0.0387928336859, 0.0475169420242, 0.0627820417285, 0.0288858171552, 0.0118928449228, 0.025249376893, 0.0195919144899, 0.0120002217591, 0.0306370854378, 0.0286116339266, 0.0300967153162, 0.03630778566, 0.0388936176896, 0.0404323786497, 0.0451446473598, 0.0413698293269, 0.0231075845659, 0.0172227025032, 0.0186308659613, 0.0290599633008]
        dvar2: [0.0683889687061, 0.0680819675326, 0.106415368617, 0.10147331655, 0.0778566524386, 0.0499222949147, 0.0545296184719, 0.0329854637384, 0.0350190140307, 0.0585136599839, 0.0721001401544, 0.0528433248401, 0.0258852243423, 0.0372477397323, 0.0395056977868, 0.0845328494906, 0.0720845758915, 0.119369089603, 0.123031787574, 0.0611505545676, 0.0300547126681, 0.0654929950833, 0.0523167699575, 0.0299051068723, 0.0646633505821, 0.0624700076878, 0.0697756186128, 0.0684374719858, 0.0886566638947, 0.0971448197961, 0.0917345955968, 0.0892884805799, 0.0580696985126, 0.0386059693992, 0.0461890771985, 0.0623658150434]
        max: [1, 1, 1, 1, 1, 1, 1, 1, 1, 1, 1, 1, 1, 1, 1, 1, 1, 1, 1, 1, 0.836245119572, 1, 1, 0.633594274521, 1, 1, 1, 1, 1, 1, 1, 1, 1, 1, 0.900348901749, 1]
        mean: [0.189694792032, 0.128646358848, 0.128147676587, 0.167818769813, 0.120614893734, 0.0808539912105, 0.100616417825, 0.0910769477487, 0.0803972929716, 0.131213754416, 0.146780207753, 0.112615525723, 0.0999091044068, 0.0911618992686, 0.138011500239, 0.224938213825, 0.198120102286, 0.166238248348, 0.200836464763, 0.131177261472, 0.0722905397415, 0.0919123440981, 0.0763151571155, 0.0890716761351, 0.143101423979, 0.134832113981, 0.124720171094, 0.151080280542, 0.150860354304, 0.191608861089, 0.255497515202, 0.195060014725, 0.0893614143133, 0.0582723207772, 0.066684268415, 0.144380629063]
        min: [0.00134662096389, 0.000580421008635, 0.00031776537071, 0.000545276794583, 0.000434036221122, 0.000540120468941, 0.00115246605128, 0.000654165400192, 0.000435563531937, 0.000625509186648, 0.00128971331287, 0.00129294896033, 0.000730029307306, 0.000354872288881, 0.000734210247174, 0.00130519946106, 0.00133442331571, 0.00055236654589, 0.000267580966465, 0.000295728677884, 0.000489365542307, 0.000255928200204, 0.000272758275969, 0.000369206914911, 0.000161496325745, 0.00015581974003, 0.000649930967484, 0.000536414794624, 0.000821907364298, 0.000461845338577, 0.00043469472439, 0.000268013682216, 0.00020863712416, 0.00019384319603, 7.50556646381e-05, 0.000899580016267]
        var: [0.0814794227481, 0.0344529561698, 0.0424684621394, 0.0771799609065, 0.0488791130483, 0.0194101892412, 0.0303815640509, 0.0235073138028, 0.0184097439051, 0.0460044406354, 0.0661877840757, 0.0338188186288, 0.0359087698162, 0.0279261749238, 0.0400045625865, 0.087577059865, 0.0745567306876, 0.0535721257329, 0.106497496367, 0.0470825955272, 0.0193150881678, 0.0411447621882, 0.0206347871572, 0.0151573680341, 0.0518724471331, 0.043026138097, 0.0384220592678, 0.0693577155471, 0.0567177981138, 0.0804231613874, 0.121475093067, 0.0868698731065, 0.0246504694223, 0.0206952895969, 0.0184183232486, 0.0544980727136]
    chords_histogram: [0.465116292238, 6.97674417496, 16.2790699005, 1.86046516895, 0, 0, 0, 29.7674427032, 6.5116276741, 20, 0, 0, 0, 0, 0, 5.58139514923, 0.465116292238, 0, 0, 0, 0, 0, 11.1627902985, 0.930232584476]
    thpcp: [1, 0.763451695442, 0.349754542112, 0.22807392478, 0.260997712612, 0.565096020699, 0.742452561855, 0.503513157368, 0.50156134367, 0.6568313241, 0.472078531981, 0.31645706296, 0.393805861473, 0.356469005346, 0.314669579268, 0.513561785221, 0.574487805367, 0.440769553185, 0.391037493944, 0.356801509857, 0.540167689323, 0.880392968655, 0.775428712368, 0.650645256042, 0.786060333252, 0.513418912888, 0.282940298319, 0.359738707542, 0.298692375422, 0.348620504141, 0.560089290142, 0.527723789215, 0.488146305084, 0.591318011284, 0.590457201004, 0.749944150448]
    chords_key: "G"
    chords_scale: "major"
    key_key: "G"
    key_scale: "minor"
    chords_progression: ["G", "G", "G", "G", "G", "G", "G", "G", "G", "G", "G", "G", "G", "G", "G", "G", "G", "G", "G", "G", "G", "G", "G", "G", "G", "Bm", "Bm", "Bm", "G", "Cm", "G", "G", "Bm", "G", "Bm", "G", "G", "G", "Cm", "Cm", "Cm", "Cm", "Cm", "Cm", "Cm", "Cm", "Cm", "Cm", "Cm", "Cm", "Cm", "Cm", "Cm", "Cm", "Cm", "Cm", "Cm", "Cm", "Cm", "Cm", "Cm", "Gm", "D#", "D#", "Dm", "Dm", "Dm", "Dm", "Dm", "Dm", "A#", "A#", "A#", "A#", "A#", "A#", "A#", "A#", "A#", "A#", "A#", "A#", "Dm", "Dm", "Dm", "Dm", "Dm", "Dm", "Dm", "Dm", "Dm", "Dm", "A#", "A#", "F", "A#", "F", "Dm", "F", "F", "Dm", "Dm", "D", "D", "D", "D", "D", "Dm", "Dm", "Dm", "Dm", "Dm", "Dm", "Dm", "Dm", "Dm", "Dm", "Dm", "Dm", "Dm", "Dm", "Dm", "Dm", "G", "G", "G", "G", "G", "G", "G", "G", "G", "G", "G", "G", "G", "G", "G", "G", "G", "G", "G", "G", "G", "G", "G", "G", "G", "G", "G", "G", "G", "G", "G", "G", "Bm", "Bm", "Bm", "Bm", "Bm", "Bm", "Bm", "Bm", "Bm", "B", "B", "B", "B", "B", "B", "B", "B", "B", "B", "B", "D", "D", "D", "D", "D", "D#m", "B", "D", "D", "D", "D", "D", "D", "D", "D", "D", "D", "D", "D", "D", "D", "D", "D", "D", "D", "D", "D", "D", "D", "D", "D", "D", "D", "D", "D", "D", "D", "D", "D", "D"]
