
metadata:
    version:
        essentia: "1.2.2"
    audio_properties:
        analysis_sample_rate: 44100
        bitrate: 128
        channels: 2
        equal_loudness: 1
        length: 10.0310201645
        replay_gain: -13.2126216888
        downmix: "mix"
    tags:
        track: 1
        year: 0
        album: "Splitted by Mp3Splt v. 2.1"
        artist: "From 000.00 To 000.10"
        comment: "http://mp3splt.sf.net"
        genre: ""
        title: "09 Work It Out.mp3"

highlevel:
    ballroom:
        all:
            ChaChaCha: 0.675998687744
            Jive: 0.0155153274536
            Quickstep: 0.000734600704163
            Rumba-American: 0.000476826447994
            Rumba-International: 0.00384372868575
            Rumba-Misc: 0.00352613907307
            Samba: 0.299656808376
            Tango: 8.68648276082e-05
            VienneseWaltz: 9.25069325604e-05
            Waltz: 6.84898550389e-05
        probability: 0.675998687744
        value: "ChaChaCha"
    culture:
        all:
            non_western: 0.591484069824
            western: 0.408515900373
        probability: 0.591484069824
        value: "non_western"
    gender:
        all:
            female: 0.254041850567
            male: 0.745958149433
        probability: 0.745958149433
        value: "male"
    genre_dortmund:
        all:
            alternative: 5.40049368283e-05
            blues: 0.000105947714474
            electronic: 0.00749855022877
            folkcountry: 3.83753867936e-05
            funksoulrnb: 0.00125686067622
            jazz: 0.00252077681944
            pop: 0.000559673120733
            raphiphop: 0.987388491631
            rock: 0.000577328260988
        probability: 0.987388491631
        value: "raphiphop"
    genre_electronica:
        all:
            ambient: 0.0275664292276
            dnb: 0.0849873945117
            house: 0.738063454628
            techno: 0.144240751863
            trance: 0.00514195580035
        probability: 0.738063454628
        value: "house"
    genre_rosamerica:
        all:
            cla: 0.00145690899808
            dan: 0.0486705154181
            hip: 0.914811253548
            jaz: 0.00117698428221
            pop: 0.0051109790802
            rhy: 0.0165886990726
            roc: 0.0037761060521
            spe: 0.00840856321156
        probability: 0.914811253548
        value: "hip"
    genre_tzanetakis:
        all:
            blu: 0.00108063884545
            cla: 0.00210918509401
            cou: 0.00157655519433
            dis: 0.0137319685891
            hip: 0.757797122002
            jaz: 0.000775584660005
            met: 0.00830984394997
            pop: 0.0963980332017
            reg: 0.113765083253
            roc: 0.00445595057681
        probability: 0.757797122002
        value: "hip"
    live_studio:
        all:
            live: 0.00747839035466
            studio: 0.992521584034
        probability: 0.992521584034
        value: "studio"
    mood:
        all:
            Cluster1: 0.113191850483
            Cluster2: 0.103840447962
            Cluster3: 0.0484783798456
            Cluster4: 0.072676204145
            Cluster5: 0.661813139915
        probability: 0.661813139915
        value: "Cluster5"
    mood_acoustic:
        all:
            acoustic: 0.024840766564
            not_acoustic: 0.975159227848
        probability: 0.975159227848
        value: "not_acoustic"
    mood_aggressive:
        all:
            aggressive: 0.354883104563
            not_aggressive: 0.645116865635
        probability: 0.645116865635
        value: "not_aggressive"
    mood_electronic:
        all:
            electronic: 0.963636755943
            not_electronic: 0.0363632291555
        probability: 0.963636755943
        value: "electronic"
    mood_happy:
        all:
            happy: 0.162274211645
            not_happy: 0.837725818157
        probability: 0.837725818157
        value: "not_happy"
    mood_party:
        all:
            not_party: 0.120895028114
            party: 0.879104971886
        probability: 0.879104971886
        value: "party"
    mood_relaxed:
        all:
            not_relaxed: 0.603821516037
            relaxed: 0.396178513765
        probability: 0.603821516037
        value: "not_relaxed"
    mood_sad:
        all:
            not_sad: 0.94672870636
            sad: 0.0532713122666
        probability: 0.94672870636
        value: "not_sad"
    rhythm:
        all:
            fast: 0.267940878868
            medium: 0.723225593567
            slow: 0.00883352290839
        probability: 0.723225593567
        value: "medium"
    speech_music:
        all:
            music: 0.340614497662
            speech: 0.659385502338
        probability: 0.659385502338
        value: "speech"
    timbre:
        all:
            bright: 0.0197412464768
            dark: 0.980258762836
        probability: 0.980258762836
        value: "dark"
    voice_instrumental:
        all:
            instrumental: 0.150078132749
            voice: 0.849921882153
        probability: 0.849921882153
        value: "voice"

lowlevel:
    average_loudness: 0.986700892448
    barkbands_kurtosis:
        dmean: 8.85739898682
        dmean2: 14.5426940918
        dvar: 182.24671936
        dvar2: 449.156402588
        max: 104.098419189
        mean: 7.27369403839
        min: -1.89259958267
        var: 209.373352051
    barkbands_skewness:
        dmean: 1.43759608269
        dmean2: 2.12408995628
        dvar: 1.52758860588
        dvar2: 3.63950872421
        max: 7.76041793823
        mean: 1.4723906517
        min: -2.39280414581
        var: 3.92230534554
    barkbands_spread:
        dmean: 13.1524276733
        dmean2: 20.3789806366
        dvar: 130.758163452
        dvar2: 322.875518799
        max: 84.6374053955
        mean: 25.9421539307
        min: 1.10700643063
        var: 299.486694336
    dissonance:
        dmean: 0.0407191738486
        dmean2: 0.0649729222059
        dvar: 0.00188826816157
        dvar2: 0.00479071820155
        max: 0.499998837709
        mean: 0.433791905642
        min: 0.146010696888
        var: 0.00362112885341
    hfc:
        dmean: 3.73526644707
        dmean2: 6.36395359039
        dvar: 64.9998703003
        dvar2: 179.090805054
        max: 49.3161010742
        mean: 3.53487920761
        min: 0.00169075536542
        var: 49.0140800476
    pitch:
        dmean: 939.609191895
        dmean2: 1774.52172852
        dvar: 2072006
        dvar2: 5004349
        max: 5512.5
        mean: 1056.94177246
        min: 73.1343307495
        var: 2270451.5
    pitch_instantaneous_confidence:
        dmean: 0.118626378477
        dmean2: 0.188687115908
        dvar: 0.0110593484715
        dvar2: 0.0264609903097
        max: 0.934174120426
        mean: 0.418479025364
        min: 0.145222246647
        var: 0.0270733740181
    pitch_salience:
        dmean: 0.106938630342
        dmean2: 0.179960459471
        dvar: 0.0087296012789
        dvar2: 0.0230333842337
        max: 0.918684244156
        mean: 0.600956261158
        min: 0.124601982534
        var: 0.0174963604659
    silence_rate_20dB:
        dmean: 0
        dmean2: 0
        dvar: 0
        dvar2: 0
        max: 1
        mean: 1
        min: 1
        var: 0
    silence_rate_30dB:
        dmean: 0
        dmean2: 0
        dvar: 0
        dvar2: 0
        max: 1
        mean: 1
        min: 1
        var: 0
    silence_rate_60dB:
        dmean: 0.234338745475
        dmean2: 0.469767451286
        dvar: 0.179424911737
        dvar2: 0.263038516045
        max: 1
        mean: 0.689814805984
        min: 0
        var: 0.213970258832
    spectral_centroid:
        dmean: 613.181213379
        dmean2: 990.609008789
        dvar: 426561.46875
        dvar2: 911594.0625
        max: 4326.52001953
        mean: 1224.75512695
        min: 116.917251587
        var: 898501.125
    spectral_complexity:
        dmean: 4.1748251915
        dmean2: 6.96495342255
        dvar: 51.706073761
        dvar2: 140.389160156
        max: 36
        mean: 5.42790699005
        min: 0
        var: 47.5471115112
    spectral_crest:
        dmean: 2.75446677208
        dmean2: 4.35139322281
        dvar: 5.06755399704
        dvar2: 11.9457054138
        max: 24.708814621
        mean: 9.22776889801
        min: 3.18954586983
        var: 12.2333259583
    spectral_decrease:
        dmean: 7.93056342818e-10
        dmean2: 1.42221556754e-09
        dvar: 1.7867150862e-18
        dvar2: 4.94551063679e-18
        max: -6.7635719074e-13
        mean: -7.05105640542e-10
        min: -6.78518885522e-09
        var: 1.29408756899e-18
    spectral_energy:
        dmean: 0.00329951150343
        dmean2: 0.00586729124188
        dvar: 2.99040348182e-05
        dvar2: 8.25164825073e-05
        max: 0.0291973352432
        mean: 0.00298185576685
        min: 2.70607188213e-06
        var: 2.21074988076e-05
    spectral_energyband_high:
        dmean: 0.000325124827214
        dmean2: 0.000554596132133
        dvar: 5.42862096609e-07
        dvar2: 1.48255674048e-06
        max: 0.00435731373727
        mean: 0.000280213658698
        min: 5.37555866487e-09
        var: 4.03849867325e-07
    spectral_energyband_low:
        dmean: 0.00080447003711
        dmean2: 0.00150149827823
        dvar: 3.11271969622e-06
        dvar2: 9.06958393898e-06
        max: 0.00806669704616
        mean: 0.00060548010515
        min: 2.44206077582e-09
        var: 2.02167598218e-06
    spectral_energyband_middle_high:
        dmean: 0.000742352800444
        dmean2: 0.0013085079845
        dvar: 3.18058528137e-06
        dvar2: 8.88231807039e-06
        max: 0.0122901136056
        mean: 0.000660398451146
        min: 2.76206062466e-08
        var: 2.31142189477e-06
    spectral_energyband_middle_low:
        dmean: 0.00176646595355
        dmean2: 0.00316074886359
        dvar: 1.01018331407e-05
        dvar2: 2.80066396954e-05
        max: 0.0157579258084
        mean: 0.00143568043131
        min: 1.32514185225e-06
        var: 6.94906293575e-06
    spectral_flatness_db:
        dmean: 0.0471206791699
        dmean2: 0.0712318718433
        dvar: 0.00183684017975
        dvar2: 0.00466953683645
        max: 0.434826105833
        mean: 0.196320995688
        min: 0.0811230316758
        var: 0.00525897275656
    spectral_flux:
        dmean: 0.0217357445508
        dmean2: 0.0339764393866
        dvar: 0.000750058097765
        dvar2: 0.00132478913292
        max: 0.156581953168
        mean: 0.0408060774207
        min: 0.00167520786636
        var: 0.00115812092554
    spectral_kurtosis:
        dmean: 3.4973218441
        dmean2: 5.3167052269
        dvar: 38.0601387024
        dvar2: 94.1061782837
        max: 58.9615058899
        mean: 5.03235244751
        min: -1.2220826149
        var: 58.4906196594
    spectral_rms:
        dmean: 0.000772017345298
        dmean2: 0.00126019550953
        dvar: 9.74279600996e-07
        dvar2: 2.63530728262e-06
        max: 0.00533715309575
        mean: 0.00135331554338
        min: 5.13816121384e-05
        var: 1.07766425117e-06
    spectral_rolloff:
        dmean: 1158.62658691
        dmean2: 1973.76025391
        dvar: 1944051.75
        dvar2: 4021749.25
        max: 8290.28320312
        mean: 2231.63964844
        min: 129.19921875
        var: 3402216.25
    spectral_skewness:
        dmean: 0.546099662781
        dmean2: 0.798765003681
        dvar: 0.446400523186
        dvar2: 1.10014712811
        max: 6.63581514359
        mean: 1.67921900749
        min: 0.0551165938377
        var: 0.971237123013
    spectral_spread:
        dmean: 1728638.25
        dmean2: 2520553.5
        dvar: 2.91159696998e+12
        dvar2: 6.69496220058e+12
        max: 15551503
        mean: 6752052.5
        min: 1114487.625
        var: 7.01565449011e+12
    spectral_strongpeak:
        dmean: 0.144977465272
        dmean2: 0.241214334965
        dvar: 0.0621260590851
        dvar2: 0.154965505004
        max: 2.50311517715
        mean: 0.18452450633
        min: 0.00230089807883
        var: 0.0830366611481
    zerocrossingrate:
        dmean: 0.0218133106828
        dmean2: 0.0235846694559
        dvar: 0.000310235511279
        dvar2: 0.000394578295527
        max: 0.19140625
        mean: 0.0760549157858
        min: 0.00439453125
        var: 0.00177085353062
    barkbands:
        dmean: [1.67427435827e-06, 0.000224029718083, 0.000626725668553, 0.00062636466464, 0.000825268216431, 0.000273435376585, 8.21978755994e-05, 4.90499805892e-05, 3.35852455464e-05, 2.37264448515e-05, 1.68550104718e-05, 1.47482314787e-05, 9.77008858172e-06, 4.09559579566e-05, 0.000182719086297, 6.67458880343e-05, 9.91843771772e-05, 0.000131783555844, 0.000149788509589, 0.000213782899664, 0.000130711880047, 5.07683726028e-05, 9.71614463197e-06, 4.23319670517e-06, 2.83402118839e-06, 2.22927923232e-07, 5.69622038427e-09]
        dmean2: [2.58765635408e-06, 0.00040424085455, 0.00118310179096, 0.00116604438517, 0.00148375413846, 0.000481453636894, 0.000138135466841, 8.64750691107e-05, 5.46410556126e-05, 3.92296315113e-05, 2.91878186545e-05, 2.54363258136e-05, 1.61176158144e-05, 7.80533955549e-05, 0.000353341805749, 0.000115399940114, 0.000167191406945, 0.000230267280131, 0.000252374244155, 0.000379736215109, 0.000212755752727, 8.54463069118e-05, 1.58726325026e-05, 6.54298401059e-06, 4.19287562181e-06, 3.24219826098e-07, 8.78910810798e-09]
        dvar: [6.08305203084e-12, 1.60434609597e-07, 2.18328204937e-06, 2.22869016397e-06, 2.22090307034e-06, 2.25381896257e-07, 8.80908501699e-09, 7.9754061133e-09, 3.02628788695e-09, 2.50096476861e-09, 1.37244671183e-09, 9.57459334039e-10, 5.1081699981e-10, 1.39783757902e-08, 3.00443360857e-07, 3.35561125553e-08, 3.99396249406e-08, 8.64768594511e-08, 1.02549741143e-07, 2.79346494381e-07, 7.13358474513e-08, 1.2838122565e-08, 4.92254403905e-10, 5.54909208861e-11, 4.40117907397e-11, 1.26151083395e-13, 1.88319114627e-16]
        dvar2: [1.33608688349e-11, 4.83449980493e-07, 6.2429639911e-06, 6.24108133707e-06, 5.98070346314e-06, 6.07323954682e-07, 2.2926167631e-08, 1.98251068895e-08, 7.1971948401e-09, 6.5296381635e-09, 3.65153618453e-09, 2.60849142286e-09, 1.24143872959e-09, 4.0148176339e-08, 8.76846115716e-07, 8.97612864037e-08, 1.0535372752e-07, 2.40528578388e-07, 2.68471012532e-07, 7.78024855208e-07, 1.87498486071e-07, 3.42439392398e-08, 1.23333343538e-09, 1.12370786287e-10, 9.85213438609e-11, 2.5131193784e-13, 4.11687367351e-16]
        max: [2.77375202131e-05, 0.00256955390796, 0.00682799145579, 0.00729983579367, 0.00995372235775, 0.00381680810824, 0.000594901561271, 0.000763644115068, 0.000387639534893, 0.00050148461014, 0.00033775344491, 0.000218594621401, 0.000254617945757, 0.000627859961241, 0.00300125894137, 0.00215809978545, 0.00185733987018, 0.00188320619054, 0.0032030872535, 0.00296491920017, 0.00186478917021, 0.000628697976936, 0.000230232137255, 7.78355970397e-05, 9.26510983845e-05, 2.92696927318e-06, 1.1562893576e-07]
        mean: [1.91827916751e-06, 0.000183336378541, 0.000420309661422, 0.000385911378544, 0.000633775838651, 0.000238894514041, 9.10617163754e-05, 4.78493275295e-05, 3.66650128854e-05, 2.0721448891e-05, 1.48820172399e-05, 1.28879310068e-05, 9.36287051445e-06, 2.55161849054e-05, 0.000104834012745, 5.23639719177e-05, 0.000105969091237, 0.000113153015263, 0.000136757676955, 0.000165630699485, 0.000122603785712, 4.02315054089e-05, 8.93906417332e-06, 5.02428611071e-06, 3.01333398056e-06, 2.39146686454e-07, 5.08623276829e-09]
        min: [8.59573870415e-12, 6.45945852362e-10, 1.13046882966e-09, 1.98533722795e-09, 8.3295201847e-09, 2.63831907432e-08, 4.52927517713e-09, 8.25990165154e-10, 1.17960674562e-09, 1.25775556636e-10, 9.51736911503e-10, 3.25559162961e-10, 5.0888293579e-10, 4.70010197429e-10, 1.60923474546e-09, 7.44003969544e-10, 2.63336508155e-09, 1.62379909519e-09, 2.90634116773e-09, 2.63177168947e-09, 2.40046005295e-09, 9.43666034203e-10, 1.79728468219e-10, 1.20225898681e-10, 9.22580831175e-11, 1.0755690609e-11, 4.73265132663e-15]
        var: [8.70619548676e-12, 1.25372324078e-07, 1.33207390718e-06, 1.33074968289e-06, 1.64374046108e-06, 1.70763954088e-07, 1.10323767899e-08, 7.66772156879e-09, 4.04968369949e-09, 2.60791699347e-09, 1.25863652833e-09, 8.69379179758e-10, 6.62960686348e-10, 8.04609445737e-09, 1.68732285033e-07, 2.63973412018e-08, 4.52025048503e-08, 7.07718328385e-08, 9.09768260726e-08, 1.88999024431e-07, 6.30609946484e-08, 9.85443193713e-09, 4.86484463824e-10, 1.03696815024e-10, 5.39361263985e-11, 1.9787146368e-13, 1.88165523731e-16]
    mfcc:
        mean: [-830.945007324, 93.0143737793, 0.258012503386, 66.5144882202, -10.7550382614, -18.0934181213, -12.9427022934, -11.7049398422, -2.73720979691, -13.3963632584, -6.72951507568, -2.4568567276, -4.52939176559]
        cov: [[14781.7949219, -2178.38085938, -1783.89001465, -173.325057983, -312.411346436, -39.9272079468, 52.9261131287, 191.76272583, 5.68195581436, 91.0073242188, -352.990203857, -33.8136711121, -335.498687744], [-2178.38085938, 2315.25488281, 659.260803223, 220.655441284, 343.444610596, 335.457580566, 329.452362061, 263.932067871, 216.823410034, 168.874649048, 181.220901489, 106.379096985, 90.3265838623], [-1783.89001465, 659.260803223, 1633.14770508, 409.222015381, 279.573516846, 163.428268433, 98.0097579956, 81.8671417236, 68.7813034058, 59.9492378235, 203.098846436, 69.9020614624, 136.026992798], [-173.325057983, 220.655441284, 409.222015381, 597.37890625, 316.165283203, 122.223236084, 151.179855347, 92.3610153198, 117.606422424, 121.24029541, 46.0976295471, 66.8361358643, 65.4459075928], [-312.411346436, 343.444610596, 279.573516846, 316.165283203, 566.028564453, 413.572052002, 169.25743103, 90.4510574341, 197.522872925, 220.3646698, 123.001800537, 48.9863510132, 104.038482666], [-39.9272079468, 335.457580566, 163.428268433, 122.223236084, 413.572052002, 701.530944824, 317.961242676, 205.752059937, 229.277862549, 234.636383057, 208.937896729, 73.6370010376, 131.409057617], [52.9261131287, 329.452362061, 98.0097579956, 151.179855347, 169.25743103, 317.961242676, 452.829071045, 306.17364502, 176.793777466, 92.2231140137, 94.2044906616, 123.884963989, 75.8999862671], [191.76272583, 263.932067871, 81.8671417236, 92.3610153198, 90.4510574341, 205.752059937, 306.17364502, 351.985565186, 172.698226929, 68.0913696289, 89.1986694336, 102.816642761, 62.6000175476], [5.68195581436, 216.823410034, 68.7813034058, 117.606422424, 197.522872925, 229.277862549, 176.793777466, 172.698226929, 254.623947144, 156.147857666, 93.9360733032, 74.7375106812, 50.6562690735], [91.0073242188, 168.874649048, 59.9492378235, 121.24029541, 220.3646698, 234.636383057, 92.2231140137, 68.0913696289, 156.147857666, 248.035095215, 118.791793823, 52.4137840271, 48.3339881897], [-352.990203857, 181.220901489, 203.098846436, 46.0976295471, 123.001800537, 208.937896729, 94.2044906616, 89.1986694336, 93.9360733032, 118.791793823, 194.474029541, 68.345451355, 77.2836990356], [-33.8136711121, 106.379096985, 69.9020614624, 66.8361358643, 48.9863510132, 73.6370010376, 123.884963989, 102.816642761, 74.7375106812, 52.4137840271, 68.345451355, 152.98399353, 43.5202064514], [-335.498687744, 90.3265838623, 136.026992798, 65.4459075928, 104.038482666, 131.409057617, 75.8999862671, 62.6000175476, 50.6562690735, 48.3339881897, 77.2836990356, 43.5202064514, 116.736083984]]
        icov: [[0.000102108198917, 9.14151023608e-05, 5.56014747417e-05, -4.33569111919e-05, 4.06703438784e-05, -9.81869015959e-05, 5.69344483665e-05, -0.000220514280954, 0.000102591431641, -0.000189472528291, 0.000183787458809, -5.54398502572e-05, 0.000270682940027], [9.14151023608e-05, 0.000649435794912, -0.000160614523338, 0.000122260084026, -0.000232626844081, 3.89120832551e-05, -0.00024285550171, -0.000341537612258, 4.28690073022e-05, -0.00028198142536, 5.48548086954e-05, -5.53755398869e-06, 0.000447298458312], [5.56014747417e-05, -0.000160614523338, 0.00104292505421, -0.000694616232067, -0.00011380694923, 5.24791830685e-05, 0.00022341911972, -6.29872665741e-05, 0.000146510763443, 0.000640842714347, -0.00115147442557, 0.000108814761916, -0.000218066605157], [-4.33569111919e-05, 0.000122260084026, -0.000694616232067, 0.00336850248277, -0.00205897726119, 0.00133807596285, -0.0010885061929, -2.99625389744e-05, 0.000110881686851, -0.000936863827519, 0.000947124150116, -0.000376668584067, -0.000392559799366], [4.06703438784e-05, -0.000232626844081, -0.00011380694923, -0.00205897726119, 0.00574707752094, -0.00274633523077, 0.000623405911028, 0.00106797111221, -0.00143686623778, -0.00143341708463, 0.00137052731588, 0.000312458432745, -0.00123144732788], [-9.81869015959e-05, 3.89120832551e-05, 5.24791830685e-05, 0.00133807596285, -0.00274633523077, 0.00511803943664, -0.00281065329909, 0.00056015397422, -0.000337398319971, -0.000770143291447, -0.00267853005789, 0.00164948031306, -0.00128665799275], [5.69344483665e-05, -0.00024285550171, 0.00022341911972, -0.0010885061929, 0.000623405911028, -0.00281065329909, 0.00781996641308, -0.00493905460462, 0.000250046490692, 0.000684639904648, 0.00167456455529, -0.00249624648131, 0.000303971552057], [-0.000220514280954, -0.000341537612258, -6.29872665741e-05, -2.99625389744e-05, 0.00106797111221, 0.00056015397422, -0.00493905460462, 0.00928363483399, -0.00404132297263, 0.00181214604527, -0.00168872100767, -9.39307938097e-05, -0.00147234485485], [0.000102591431641, 4.28690073022e-05, 0.000146510763443, 0.000110881686851, -0.00143686623778, -0.000337398319971, 0.000250046490692, -0.00404132297263, 0.0103183621541, -0.00428666640073, 0.00059346150374, -0.00111185538117, 0.00101272121537], [-0.000189472528291, -0.00028198142536, 0.000640842714347, -0.000936863827519, -0.00143341708463, -0.000770143291447, 0.000684639904648, 0.00181214604527, -0.00428666640073, 0.0106678400189, -0.00457755941898, -0.000417835544795, 0.000809147546533], [0.000183787458809, 5.48548086954e-05, -0.00115147442557, 0.000947124150116, 0.00137052731588, -0.00267853005789, 0.00167456455529, -0.00168872100767, 0.00059346150374, -0.00457755941898, 0.0131451841444, -0.00298371165991, -0.00304537941702], [-5.54398502572e-05, -5.53755398869e-06, 0.000108814761916, -0.000376668584067, 0.000312458432745, 0.00164948031306, -0.00249624648131, -9.39307938097e-05, -0.00111185538117, -0.000417835544795, -0.00298371165991, 0.0103541333228, -0.00176186277531], [0.000270682940027, 0.000447298458312, -0.000218066605157, -0.000392559799366, -0.00123144732788, -0.00128665799275, 0.000303971552057, -0.00147234485485, 0.00101272121537, 0.000809147546533, -0.00304537941702, -0.00176186277531, 0.0145086571574]]
    spectral_contrast:
        mean: [-3.7922156082e-08, 1.41890240002e-07, 2.44084475298e-07, -1.79593637739e-08, 1.03892283221e-07, 2.07004845265e-07, -5.63471829196e-08, 1.73005946635e-06, 2.27717464441e-06, 2.02142905437e-06, -2.78256652564e-06, -1.60904812674e-06]
        var: [0.000845545728225, 0.00138460833114, 0.00210858136415, 0.00326015404426, 0.00539958802983, 0.00908897817135, 0.204946368933, 0.239076450467, 0.489873409271, 0.72862380743, 2.51891183853, 8.57274150848]

rhythm:
    beats_loudness:
        dmean: 0.00214260653593
        dmean2: 0.00350116193295
        dvar: 7.97288612375e-06
        dvar2: 1.38456471177e-05
        max: 0.0117726307362
        mean: 0.00372470053844
        min: 0.000845670350827
        var: 7.56923827794e-06
    beats_loudness_bass:
        dmean: 0.446264058352
        dmean2: 0.923738121986
        dvar: 0.028640460223
        dvar2: 0.0519978217781
        max: 0.626860141754
        mean: 0.229300424457
        min: 0.00189330975991
        var: 0.0636294484138
    bpm: 89.4850082397
    bpm_confidence: 0
    first_peak_bpm: 90
    first_peak_spread: 0
    first_peak_weight: 0.928571462631
    onset_rate: 6.08113574982
    second_peak_bpm: 85
    second_peak_spread: 0
    second_peak_weight: 0.0714285746217
    beats_position: [0.0663001090288, 0.736384510994, 1.40646898746, 2.07655334473, 2.74663758278, 3.41672182083, 4.0868062973, 4.75689029694, 5.42697477341, 6.13288831711, 6.8039226532, 7.47495746613, 8.14599227905, 8.81702613831, 9.48806095123]
    bpm_estimates: [89.626701355, 89.4676742554, 89.5246047974, 89.5653915405, 89.3891220093, 89.4164428711, 89.4128723145, 89.444190979, 89.8289337158, 89.7358779907, 89.3560333252, 89.6228179932, 89.3200531006, 89.3301696777, 89.3445739746, 89.3752822876, 89.0603942871, 89.908821106]
    bpm_intervals: [0.670084416866, 0.670084476471, 0.670084357262, 0.670084238052, 0.670084238052, 0.670084476471, 0.670083999634, 0.670084476471, 0.705913543701, 0.67103433609, 0.671034812927, 0.671034812927, 0.671033859253, 0.671034812927]
    onset_times: [0.0696598663926, 0.232199549675, 0.568888902664, 0.731428563595, 0.917188227177, 1.10294783115, 1.17260766029, 1.24226760864, 1.43963718414, 1.57895696163, 1.764716506, 1.88081634045, 2.07818603516, 2.26394557953, 2.43809533119, 2.5890250206, 2.73995471001, 2.92571425438, 3.11147403717, 3.1811337471, 3.25079369545, 3.42494320869, 3.62231302261, 3.79646253586, 3.93578219414, 4.12154197693, 4.27247142792, 4.46984148026, 4.60916090012, 4.74848079681, 4.94585037231, 5.13160991669, 5.28253984451, 5.44507932663, 5.630838871, 5.80498886108, 5.9675283432, 6.11845827103, 6.29260778427, 6.5015873909, 6.54802703857, 6.81505680084, 6.96598625183, 7.14013624191, 7.24462604523, 7.46521520615, 7.66258525848, 7.89478445053, 8.12698459625, 8.32435417175, 8.498503685, 8.66104316711, 8.82358264923, 8.98612213135, 9.16027164459, 9.24154186249, 9.33442211151, 9.52018165588, 9.61306095123, 9.83365058899, 10.0078001022]
    rubato_start: []
    rubato_stop: []
    perceptual_tempo: "unknown"

sfx:
    inharmonicity:
        dmean: 0.0464639775455
        dmean2: 0.0811695307493
        dvar: 0.00378988613375
        dvar2: 0.0102135855705
        max: 0.455566465855
        mean: 0.0412715785205
        min: 0
        var: 0.00372752035037
    oddtoevenharmonicenergyratio:
        dmean: 95.9366531372
        dmean2: 191.899536133
        dvar: 1082694.75
        dvar2: 3249016.5
        max: 14996.8496094
        mean: 48.1772117615
        min: 0
        var: 542393.5625
    pitch_after_max_to_before_max_energy_ratio: 0.39922401309
    pitch_centroid: 231.551086426
    pitch_max_to_total: 0.772092998028
    pitch_min_to_total: 0.281395345926
    tristimulus:
        dmean: [0.284928292036, 0.275768995285, 0.138465493917]
        dmean2: [0.492871582508, 0.481459587812, 0.245809435844]
        dvar: [0.0605800375342, 0.0568757280707, 0.0245929192752]
        dvar2: [0.153617531061, 0.143844857812, 0.068926461041]
        max: [1, 0.988277971745, 0.832135975361]
        mean: [0.488320469856, 0.330396324396, 0.122739851475]
        min: [0.00188723008614, 0, 0]
        var: [0.10855050385, 0.0813058838248, 0.0264676734805]

tonal:
    chords_changes_rate: 0.13425925374
    chords_number_rate: 0.0231481473893
    chords_strength:
        dmean: 0.0160181745887
        dmean2: 0.0208001006395
        dvar: 0.000147537110024
        dvar2: 0.000298340455629
        max: 0.660951435566
        mean: 0.512803375721
        min: 0.310390293598
        var: 0.00838483590633
    key_strength: 0.732136189938
    tuning_diatonic_strength: 0.529448747635
    tuning_equal_tempered_deviation: 0.239313587546
    tuning_frequency: 444.085327148
    tuning_nontempered_energy_ratio: 0.927491366863
    hpcp:
        dmean: [0.269899129868, 0.313374519348, 0.280671477318, 0.172670125961, 0.180664539337, 0.210952863097, 0.221828088164, 0.215056702495, 0.289387434721, 0.249187663198, 0.124049626291, 0.152539893985, 0.176736667752, 0.213839352131, 0.319522917271, 0.359447002411, 0.26626136899, 0.188428774476, 0.14588150382, 0.165548756719, 0.27528527379, 0.287953943014, 0.243174135685, 0.261862069368, 0.262592792511, 0.232112124562, 0.242994055152, 0.161621719599, 0.131547942758, 0.145439296961, 0.150425121188, 0.148248180747, 0.146238327026, 0.166993677616, 0.194948419929, 0.24840465188]
        dmean2: [0.470762699842, 0.554010152817, 0.506382465363, 0.303160965443, 0.31892773509, 0.346766144037, 0.371603310108, 0.360519021749, 0.480804055929, 0.412813663483, 0.206632867455, 0.268296778202, 0.318276673555, 0.374824762344, 0.557667434216, 0.648697555065, 0.443124651909, 0.332127124071, 0.262897998095, 0.297318249941, 0.458353877068, 0.483094334602, 0.417398661375, 0.458217769861, 0.462207078934, 0.418248832226, 0.440249979496, 0.292787998915, 0.237521931529, 0.255044698715, 0.273018658161, 0.268129169941, 0.2662948668, 0.302744060755, 0.334068775177, 0.41565939784]
        dvar: [0.0580978877842, 0.0953134223819, 0.0927729383111, 0.0389601923525, 0.0455070212483, 0.0459931157529, 0.04661282897, 0.0380325317383, 0.0798394232988, 0.056844741106, 0.0220263265073, 0.0397228449583, 0.0498565360904, 0.0480613447726, 0.0865277200937, 0.102272227407, 0.060693398118, 0.0555630289018, 0.0392008014023, 0.0313035137951, 0.0689375475049, 0.0724856033921, 0.0648895204067, 0.0634489655495, 0.0787903815508, 0.0661380514503, 0.0687019899487, 0.0358840897679, 0.0277796834707, 0.0287982970476, 0.0442859679461, 0.0422033779323, 0.0407904349267, 0.0440037921071, 0.0426948219538, 0.0471551977098]
        dvar2: [0.146535620093, 0.251504212618, 0.247095167637, 0.0958633050323, 0.119309477508, 0.115848354995, 0.110283404589, 0.0954728201032, 0.16429117322, 0.125831410289, 0.0603177621961, 0.105614520609, 0.131454095244, 0.118391945958, 0.176967725158, 0.198985263705, 0.1437920928, 0.149765580893, 0.107341974974, 0.085565507412, 0.172782704234, 0.172882184386, 0.167698189616, 0.179098069668, 0.224028721452, 0.178466275334, 0.209342107177, 0.103707909584, 0.0748201161623, 0.0728437826037, 0.121363550425, 0.116882048547, 0.121658608317, 0.120830506086, 0.105270422995, 0.116343848407]
        max: [1, 1, 1, 1, 1, 1, 1, 1, 1, 1, 1, 0.995717048645, 1, 1, 1, 1, 1, 1, 1, 0.931638658047, 1, 1, 1, 1, 1, 1, 1, 1, 0.837842524052, 1, 1, 1, 1, 1, 1, 1]
        mean: [0.332679569721, 0.264875173569, 0.210284128785, 0.150510400534, 0.164005532861, 0.223646134138, 0.236844792962, 0.249624848366, 0.347073554993, 0.271427601576, 0.128376722336, 0.130115136504, 0.14865013957, 0.196182027459, 0.318604648113, 0.350752472878, 0.241749957204, 0.155034914613, 0.116624362767, 0.165876314044, 0.307926297188, 0.317864686251, 0.23067381978, 0.239975810051, 0.232912570238, 0.191074490547, 0.171575173736, 0.128816321492, 0.105934791267, 0.11953677237, 0.121912777424, 0.114950053394, 0.115853920579, 0.147268995643, 0.219188570976, 0.333339631557]
        min: [9.9936100014e-05, 0.000123699894175, 3.98564188799e-05, 1.32830100483e-05, 1.43075149026e-05, 0.000116086514026, 0.000152607011842, 0.00011194988474, 0.000176715562702, 0.000162952273968, 0.000188782723853, 5.52829187654e-05, 5.54257640033e-05, 5.63475259696e-05, 0.000108795065898, 5.73754587094e-05, 1.65207075042e-05, 2.66902998192e-06, 2.06406220968e-05, 0.000145032463479, 0.000296549871564, 0.000312530522933, 5.40562105016e-05, 1.94038329937e-05, 2.73023160844e-05, 6.98572548572e-05, 7.30222891434e-05, 8.10434430605e-05, 8.27598269098e-05, 0.000137323193485, 0.00012728049478, 6.50520960335e-05, 4.3406347686e-05, 0.000100486417068, 8.08699114714e-05, 6.89331209287e-05]
        var: [0.0869823917747, 0.0982632189989, 0.0810639560223, 0.0400192514062, 0.0511899478734, 0.0695959851146, 0.0693641006947, 0.0480150282383, 0.115212678909, 0.080564700067, 0.0213837381452, 0.0353750251234, 0.0443608090281, 0.0542717501521, 0.117474317551, 0.128384739161, 0.0754078999162, 0.0500245429575, 0.0326905921102, 0.0353199057281, 0.0965205207467, 0.100727163255, 0.0692355781794, 0.0776516571641, 0.0828508809209, 0.0615000911057, 0.0574977360666, 0.0306287501007, 0.0225185658783, 0.027905927971, 0.0372405610979, 0.0317304395139, 0.0301429666579, 0.0382508896291, 0.0487268827856, 0.0722064077854]
    chords_histogram: [13.4259262085, 0, 0, 0, 0, 0, 0, 0, 20.8333339691, 1.85185182095, 57.8703689575, 0, 0, 0, 0, 0, 0, 0, 0, 0, 0, 0, 6.01851844788, 0]
    thpcp: [1, 0.689232349396, 0.442006617785, 0.332497626543, 0.472915589809, 0.87790197134, 0.906236469746, 0.657654166222, 0.684174239635, 0.664036870003, 0.544755935669, 0.489163130522, 0.36725705862, 0.302021503448, 0.34080094099, 0.347574949265, 0.327724128962, 0.330301076174, 0.419865876436, 0.624909579754, 0.950355768204, 0.948473930359, 0.755162656307, 0.59952288866, 0.429107159376, 0.467581957579, 0.637618124485, 0.67524766922, 0.711683809757, 0.989511370659, 0.773843705654, 0.366003751755, 0.370959997177, 0.423803538084, 0.559317588806, 0.908346116543]
    chords_key: "G#"
    chords_scale: "minor"
    key_key: "A"
    key_scale: "minor"
    chords_progression: ["Am", "Am", "Am", "Am", "Am", "Am", "Am", "Am", "Am", "E", "E", "E", "Am", "Am", "Am", "Am", "Am", "Am", "Am", "Am", "E", "Am", "Am", "Am", "Am", "Dm", "C#m", "C#m", "C#m", "G#m", "G#m", "G#m", "C#m", "G#m", "C#m", "C#m", "C#m", "C#m", "C#m", "Dm", "Dm", "C#m", "C#m", "Dm", "Dm", "Dm", "Dm", "Dm", "C#m", "C#m", "C#m", "C#m", "C#m", "C#m", "C#m", "C#m", "C#m", "C#m", "C#m", "C#m", "C#m", "C#m", "C#m", "C#m", "C#m", "C#m", "C#m", "C#m", "C#m", "C#m", "C#m", "C#m", "C#m", "C#m", "C#m", "C#m", "C#m", "C#m", "G#m", "G#m", "G#m", "G#m", "G#m", "C#m", "C#m", "G#m", "G#m", "G#m", "G#m", "G#m", "G#m", "G#m", "G#m", "C#m", "C#m", "G#m", "G#m", "G#m", "G#m", "G#m", "G#m", "G#m", "G#m", "Am", "Am", "Am", "G#m", "G#m", "G#m", "G#m", "G#m", "G#m", "G#m", "Am", "Am", "Am", "G#m", "Am", "Am", "G#m", "G#m", "G#m", "G#m", "G#m", "G#m", "G#m", "G#m", "G#m", "G#m", "G#m", "G#m", "G#m", "G#m", "G#m", "G#m", "G#m", "G#m", "G#m", "G#m", "G#m", "G#m", "G#m", "G#m", "G#m", "G#m", "G#m", "G#m", "G#m", "G#m", "G#m", "G#m", "G#m", "G#m", "G#m", "G#m", "G#m", "G#m", "G#m", "G#m", "G#m", "G#m", "G#m", "Dm", "Dm", "Dm", "Dm", "G#m", "G#m", "G#m", "G#m", "G#m", "G#m", "G#m", "G#m", "G#m", "G#m", "G#m", "Dm", "G#m", "G#m", "G#m", "G#m", "G#m", "G#m", "G#m", "G#m", "G#m", "G#m", "G#m", "G#m", "G#m", "G#m", "G#m", "G#m", "G#m", "G#m", "G#m", "G#m", "G#m", "G#m", "G#m", "G#m", "G#m", "G#m", "G#m", "G#m", "G#m", "G#m", "G#m", "G#m", "G#m", "G#m", "G#m", "G#m", "G#m", "G#m"]
