
metadata:
    version:
        essentia: "1.2.2"
    audio_properties:
        analysis_sample_rate: 44100
        bitrate: 128
        channels: 2
        equal_loudness: 1
        length: 10.0310201645
        replay_gain: -4.67512702942
        downmix: "mix"
    tags:
        track: 4
        year: 0
        album: "Splitted by Mp3Splt v. 2.1"
        artist: "From 000.30 To 000.40"
        comment: "http://mp3splt.sf.net"
        genre: ""
        title: "01 The Great Beyond.mp3"

highlevel:
    ballroom:
        all:
            ChaChaCha: 0.0455882288516
            Jive: 0.164413705468
            Quickstep: 0.173782140017
            Rumba-American: 0.0215741228312
            Rumba-International: 0.184061229229
            Rumba-Misc: 0.139627218246
            Samba: 0.12148565799
            Tango: 0.0182351619005
            VienneseWaltz: 0.0887017250061
            Waltz: 0.0425308123231
        probability: 0.184061229229
        value: "Rumba-International"
    culture:
        all:
            non_western: 2.89359093131e-07
            western: 0.999999701977
        probability: 0.999999701977
        value: "western"
    gender:
        all:
            female: 0.391742438078
            male: 0.60825753212
        probability: 0.60825753212
        value: "male"
    genre_dortmund:
        all:
            alternative: 0.0912943854928
            blues: 0.046392314136
            electronic: 0.0207113623619
            folkcountry: 0.189499735832
            funksoulrnb: 0.0425637513399
            jazz: 0.0251080859452
            pop: 0.138126373291
            raphiphop: 0.0654916539788
            rock: 0.380812346935
        probability: 0.380812346935
        value: "rock"
    genre_electronica:
        all:
            ambient: 0.365500122309
            dnb: 0.149647057056
            house: 0.127879977226
            techno: 0.0210727546364
            trance: 0.335900098085
        probability: 0.365500122309
        value: "ambient"
    genre_rosamerica:
        all:
            cla: 0.00493510020897
            dan: 0.033815048635
            hip: 0.0177913121879
            jaz: 0.0102688260376
            pop: 0.70718729496
            rhy: 0.113960437477
            roc: 0.107869647443
            spe: 0.00417232839391
        probability: 0.70718729496
        value: "pop"
    genre_tzanetakis:
        all:
            blu: 0.00187160738278
            cla: 0.00286744791083
            cou: 0.16131542623
            dis: 0.0135926883668
            hip: 0.00160842691548
            jaz: 0.00393644114956
            met: 0.00172922934871
            pop: 0.721243917942
            reg: 0.0346150174737
            roc: 0.057219773531
        probability: 0.721243917942
        value: "pop"
    live_studio:
        all:
            live: 0.17202720046
            studio: 0.827972829342
        probability: 0.827972829342
        value: "studio"
    mood:
        all:
            Cluster1: 0.199393600225
            Cluster2: 0.294188559055
            Cluster3: 0.292685419321
            Cluster4: 0.172700837255
            Cluster5: 0.0410315766931
        probability: 0.294188559055
        value: "Cluster2"
    mood_acoustic:
        all:
            acoustic: 0.480277121067
            not_acoustic: 0.519722878933
        probability: 0.519722878933
        value: "not_acoustic"
    mood_aggressive:
        all:
            aggressive: 0.00440653320402
            not_aggressive: 0.995593488216
        probability: 0.995593488216
        value: "not_aggressive"
    mood_electronic:
        all:
            electronic: 0.0885053351521
            not_electronic: 0.911494672298
        probability: 0.911494672298
        value: "not_electronic"
    mood_happy:
        all:
            happy: 0.87896490097
            not_happy: 0.12103509903
        probability: 0.87896490097
        value: "happy"
    mood_party:
        all:
            not_party: 0.821878790855
            party: 0.178121224046
        probability: 0.821878790855
        value: "not_party"
    mood_relaxed:
        all:
            not_relaxed: 0.763713300228
            relaxed: 0.236286699772
        probability: 0.763713300228
        value: "not_relaxed"
    mood_sad:
        all:
            not_sad: 0.431256830692
            sad: 0.568743169308
        probability: 0.568743169308
        value: "sad"
    rhythm:
        all:
            fast: 0.709272384644
            medium: 0.183952093124
            slow: 0.106775514781
        probability: 0.709272384644
        value: "fast"
    speech_music:
        all:
            music: 0.999999821186
            speech: 1.99460771455e-07
        probability: 0.999999821186
        value: "music"
    timbre:
        all:
            bright: 0.952105879784
            dark: 0.0478941313922
        probability: 0.952105879784
        value: "bright"
    voice_instrumental:
        all:
            instrumental: 0.0650764480233
            voice: 0.934923529625
        probability: 0.934923529625
        value: "voice"

lowlevel:
    average_loudness: 0.971819281578
    barkbands_kurtosis:
        dmean: 0.719991803169
        dmean2: 1.06830120087
        dvar: 0.697820961475
        dvar2: 1.67651128769
        max: 9.28645896912
        mean: -0.0559928454459
        min: -1.77139496803
        var: 3.11860799789
    barkbands_skewness:
        dmean: 0.351725518703
        dmean2: 0.49543556571
        dvar: 0.119611524045
        dvar2: 0.216656222939
        max: 2.66555762291
        mean: 0.338827759027
        min: -2.07807135582
        var: 0.71443259716
    barkbands_spread:
        dmean: 4.19885921478
        dmean2: 6.03824663162
        dvar: 28.2023944855
        dvar2: 49.9764976501
        max: 76.6043243408
        mean: 24.5995864868
        min: 4.24085855484
        var: 178.073181152
    dissonance:
        dmean: 0.0248909909278
        dmean2: 0.0410128384829
        dvar: 0.000520759494975
        dvar2: 0.00143455539364
        max: 0.497754812241
        mean: 0.447087794542
        min: 0.30170828104
        var: 0.00129324500449
    hfc:
        dmean: 1.41489636898
        dmean2: 1.88970589638
        dvar: 2.82978630066
        dvar2: 5.54114961624
        max: 27.6586589813
        mean: 6.28458023071
        min: 0.0569470785558
        var: 17.6209278107
    pitch:
        dmean: 292.54296875
        dmean2: 537.13104248
        dvar: 902998.5625
        dvar2: 2261996.25
        max: 5512.5
        mean: 750.23248291
        min: 112.787727356
        var: 1889370.25
    pitch_instantaneous_confidence:
        dmean: 0.0671283602715
        dmean2: 0.0976930633187
        dvar: 0.00584039371461
        dvar2: 0.0121545391157
        max: 0.934091687202
        mean: 0.647887766361
        min: 0.200592696667
        var: 0.0302716009319
    pitch_salience:
        dmean: 0.0440761186182
        dmean2: 0.0699105858803
        dvar: 0.00140163314063
        dvar2: 0.00348644191399
        max: 0.812014341354
        mean: 0.60363048315
        min: 0.368955761194
        var: 0.00621181167662
    silence_rate_20dB:
        dmean: 0
        dmean2: 0
        dvar: 0
        dvar2: 0
        max: 1
        mean: 1
        min: 1
        var: 0
    silence_rate_30dB:
        dmean: 0
        dmean2: 0
        dvar: 0
        dvar2: 0
        max: 1
        mean: 1
        min: 1
        var: 0
    silence_rate_60dB:
        dmean: 0.106481485069
        dmean2: 0.213457077742
        dvar: 0.0951432734728
        dvar2: 0.18645426631
        max: 1
        mean: 0.325635105371
        min: 0
        var: 0.219597131014
    spectral_centroid:
        dmean: 221.748138428
        dmean2: 309.933837891
        dvar: 120069.414062
        dvar2: 171534.375
        max: 3931.23168945
        mean: 1354.88891602
        min: 503.697998047
        var: 579558.5625
    spectral_complexity:
        dmean: 2.04640364647
        dmean2: 3.09999990463
        dvar: 3.02336931229
        dvar2: 5.73186397552
        max: 24
        mean: 11.1226854324
        min: 0
        var: 16.4270763397
    spectral_crest:
        dmean: 1.8189522028
        dmean2: 2.8653383255
        dvar: 2.67032408714
        dvar2: 7.05455875397
        max: 21.5811576843
        mean: 8.53579044342
        min: 3.38872218132
        var: 10.4051618576
    spectral_decrease:
        dmean: 2.68429473094e-10
        dmean2: 3.67365027287e-10
        dvar: 1.0910428269e-19
        dvar2: 2.2431067676e-19
        max: -9.27206922352e-12
        mean: -1.173246722e-09
        min: -3.78751519037e-09
        var: 4.30960969893e-19
    spectral_energy:
        dmean: 0.00111302686855
        dmean2: 0.00152253173292
        dvar: 1.80518100024e-06
        dvar2: 3.72711338059e-06
        max: 0.0153782162815
        mean: 0.00499813072383
        min: 4.01601537305e-05
        var: 7.30266219762e-06
    spectral_energyband_high:
        dmean: 0.000109981883725
        dmean2: 0.000151413361891
        dvar: 4.97030363533e-08
        dvar2: 9.20998672882e-08
        max: 0.0025717925746
        mean: 0.00027873631916
        min: 4.97986832215e-07
        var: 2.32295889191e-07
    spectral_energyband_low:
        dmean: 0.000135167312692
        dmean2: 0.000195114014787
        dvar: 4.16783905166e-08
        dvar2: 9.41763502738e-08
        max: 0.00226442492567
        mean: 0.000240668130573
        min: 2.9928938261e-07
        var: 6.81864023022e-08
    spectral_energyband_middle_high:
        dmean: 0.00044569716556
        dmean2: 0.000606782152317
        dvar: 3.68257587979e-07
        dvar2: 6.78637547935e-07
        max: 0.00827435869724
        mean: 0.00199359166436
        min: 1.81076102308e-05
        var: 2.73809723694e-06
    spectral_energyband_middle_low:
        dmean: 0.000773441686761
        dmean2: 0.00108264468145
        dvar: 1.07231903712e-06
        dvar2: 2.15288173422e-06
        max: 0.011397164315
        mean: 0.00248477817513
        min: 2.12553768506e-05
        var: 4.10748862123e-06
    spectral_flatness_db:
        dmean: 0.0154040688649
        dmean2: 0.023168342188
        dvar: 0.000242110778345
        dvar2: 0.000525388808455
        max: 0.2652952075
        mean: 0.174162462354
        min: 0.0747505053878
        var: 0.00129900395405
    spectral_flux:
        dmean: 0.00969132874161
        dmean2: 0.0149899367243
        dvar: 9.44079001783e-05
        dvar2: 0.000215048450627
        max: 0.100559696555
        mean: 0.0328388661146
        min: 0.00633720401675
        var: 0.000254845130257
    spectral_kurtosis:
        dmean: 2.40203046799
        dmean2: 3.86532998085
        dvar: 6.87980127335
        dvar2: 15.7784795761
        max: 31.0064315796
        mean: 7.87214660645
        min: -1.07934439182
        var: 32.0500335693
    spectral_rms:
        dmean: 0.000250936311204
        dmean2: 0.000338617624948
        dvar: 7.93937573462e-08
        dvar2: 1.37563048952e-07
        max: 0.00387338851579
        mean: 0.00211542728357
        min: 0.000197941000806
        var: 4.01197382871e-07
    spectral_rolloff:
        dmean: 358.170562744
        dmean2: 578.14074707
        dvar: 368238.84375
        dvar2: 563219.625
        max: 6201.5625
        mean: 2437.33959961
        min: 559.86328125
        var: 1857493.125
    spectral_skewness:
        dmean: 0.263233661652
        dmean2: 0.394829541445
        dvar: 0.0857713297009
        dvar2: 0.150921881199
        max: 3.87672781944
        mean: 1.94092643261
        min: 0.159225344658
        var: 0.65629118681
    spectral_spread:
        dmean: 524538.375
        dmean2: 749899.375
        dvar: 855825383424
        dvar2: 1.36076669747e+12
        max: 14668201
        mean: 4060673.75
        min: 1287172
        var: 4.81221515674e+12
    spectral_strongpeak:
        dmean: 0.479161441326
        dmean2: 0.801681756973
        dvar: 0.49342623353
        dvar2: 1.09272623062
        max: 5.35917758942
        mean: 1.06270539761
        min: 0.00915746949613
        var: 0.888494729996
    zerocrossingrate:
        dmean: 0.00910174380988
        dmean2: 0.0098996181041
        dvar: 0.000185233759112
        dvar2: 0.000164071665495
        max: 0.20458984375
        mean: 0.0753897204995
        min: 0.0263671875
        var: 0.00155996228568
    barkbands:
        dmean: [2.22952644435e-06, 8.49798161653e-05, 5.9272031649e-05, 8.91083473107e-05, 0.00036495985114, 0.000101571240521, 0.000198536159587, 0.000254767161096, 0.00010399146413, 0.000129410123918, 4.896435712e-05, 2.61321310973e-05, 3.2351421396e-05, 9.86868108157e-05, 0.000122605983051, 0.000136279675644, 0.000108457599708, 9.30394016905e-05, 4.90735474159e-05, 6.43543244223e-05, 6.0673290136e-05, 2.26539195864e-05, 3.05146022583e-06, 4.31690205005e-06, 1.80410961548e-06, 2.92327051454e-08, 5.0666487672e-10]
        dmean2: [3.61418506145e-06, 0.000122792320326, 9.23496918404e-05, 0.000146960344864, 0.000598519691266, 0.000158541064593, 0.00029236508999, 0.000337132165441, 0.000135810085339, 0.000189003083506, 6.07853071415e-05, 3.8745765778e-05, 5.04786221427e-05, 0.00014499797544, 0.000168409285834, 0.000208606463275, 0.000154878929607, 0.000144758130773, 7.96450767666e-05, 9.60478791967e-05, 8.9763008873e-05, 3.16379337164e-05, 4.49219396614e-06, 5.8253399402e-06, 2.62600747192e-06, 4.47667432013e-08, 7.01106617207e-10]
        dvar: [1.10782338164e-11, 1.67726703637e-08, 2.08455031014e-08, 2.1857553989e-08, 3.66641188521e-07, 3.05241769638e-08, 1.29549349026e-07, 2.6562469202e-07, 9.03364849592e-08, 9.61767341323e-08, 1.37341213957e-08, 2.69356670302e-09, 4.48101866724e-09, 3.0297911735e-08, 5.42764340139e-08, 1.02800044033e-07, 6.25604315019e-08, 3.16577839499e-08, 9.82623049595e-09, 1.81364168128e-08, 1.57815858159e-08, 2.47815701293e-09, 1.041641981e-10, 1.50180229364e-10, 3.13627665505e-11, 6.18563512721e-15, 3.26964048237e-17]
        dvar2: [2.77325610393e-11, 3.15829211672e-08, 5.29471151367e-08, 5.42963967121e-08, 1.05461413114e-06, 5.947324766e-08, 2.61978499339e-07, 4.3941719241e-07, 1.46111375443e-07, 1.58552950325e-07, 1.77376673349e-08, 5.68763391939e-09, 1.1153910684e-08, 5.83087640393e-08, 9.36398407703e-08, 2.70684040515e-07, 1.43159027743e-07, 7.64435768019e-08, 2.48387070911e-08, 4.06917450846e-08, 3.38020846868e-08, 4.66119010056e-09, 1.95386873347e-10, 2.28945279401e-10, 5.68677396839e-11, 1.3449356849e-14, 3.29988055121e-17]
        max: [2.692164162e-05, 0.00106352823786, 0.00191604159772, 0.00102099496871, 0.00693636294454, 0.00294454325922, 0.00518241804093, 0.0065411683172, 0.00617865007371, 0.00592613359913, 0.00332813360728, 0.0008507843595, 0.000885379849933, 0.00283463601954, 0.00299488543533, 0.00322275329381, 0.00519612524658, 0.00153776351362, 0.00138437352143, 0.0018866811879, 0.00131869211327, 0.000613801763393, 0.000153123648488, 0.000164857905474, 6.95376802469e-05, 1.17709953429e-06, 1.18861642306e-07]
        mean: [3.76588991458e-06, 0.000152142907609, 8.51234362926e-05, 0.000124038255308, 0.000663976825308, 0.000254925369518, 0.000489607336931, 0.00067179906182, 0.00025467548403, 0.000267836730927, 0.00012213793525, 7.01598619344e-05, 0.000108037114842, 0.000357234530384, 0.000263117690338, 0.000262831279542, 0.000224479925237, 0.000190959413885, 9.21600876609e-05, 0.000137561190058, 0.000133003588417, 4.97176115459e-05, 5.59029012948e-06, 9.55328050622e-06, 3.64802667718e-06, 5.4355112411e-08, 4.81249984308e-10]
        min: [1.12451437051e-10, 1.54309191203e-07, 1.42929707181e-07, 1.67905341186e-07, 3.9710148485e-06, 3.55081010639e-06, 8.30535464047e-06, 3.25456903738e-06, 6.7565235895e-07, 2.63199979145e-07, 2.71862944601e-07, 2.10458338756e-07, 9.23616667592e-08, 4.20142676205e-08, 3.35660075734e-07, 1.33042351536e-06, 4.67345216748e-06, 2.42759415414e-06, 5.13861891704e-07, 3.02174271383e-07, 1.8682393943e-07, 4.41764989034e-08, 1.34804678531e-09, 2.21926765853e-09, 4.89564999651e-10, 5.17101257647e-11, 1.26640004364e-13]
        var: [2.15092318956e-11, 4.02345179396e-08, 2.29684484765e-08, 3.60070302463e-08, 4.76134687233e-07, 1.18954829986e-07, 4.9931037438e-07, 1.33460173402e-06, 2.81926929802e-07, 3.95577501422e-07, 1.31092136257e-07, 1.19321503789e-08, 3.29868399263e-08, 2.91792218832e-07, 1.59364176966e-07, 2.11507270365e-07, 2.36513471918e-07, 7.85562264127e-08, 2.63408299617e-08, 5.88683590763e-08, 5.27401375905e-08, 1.06831246072e-08, 3.36350891583e-10, 6.69308553025e-10, 1.07825040563e-10, 1.76113243861e-14, 3.26106824425e-17]
    mfcc:
        mean: [-733.684448242, 142.557327271, -52.2537765503, 40.1435012817, -9.19987678528, -1.15346980095, -11.2717447281, -18.0688095093, 7.04697751999, -0.92291945219, -4.18109941483, -0.760070562363, -8.95556354523]
        cov: [[1651.24523926, -890.598388672, 378.205444336, 154.144271851, -137.37487793, -66.828125, 38.5221443176, 16.0780448914, 160.629470825, 47.8461341858, 69.0426712036, 0.839029729366, -51.5917015076], [-890.598388672, 2238.03417969, -1050.14990234, -239.391220093, 293.389007568, -30.5071163177, 3.86851119995, 170.285568237, -194.642578125, 61.8839454651, 141.710830688, -12.0369663239, -156.867965698], [378.205444336, -1050.14990234, 1031.25195312, 44.8545379639, -27.7589626312, 72.7226867676, -13.8396472931, -118.235282898, 67.0862045288, 62.3778686523, -26.382610321, -26.2484340668, 120.424575806], [154.144271851, -239.391220093, 44.8545379639, 493.802825928, 25.6563587189, -115.174720764, -49.1814308167, 43.2442054749, 140.412750244, -56.7613487244, -115.373565674, 56.626335144, 79.166557312], [-137.37487793, 293.389007568, -27.7589626312, 25.6563587189, 292.806762695, 39.4526748657, -12.0794219971, 23.7391052246, -33.7031326294, 13.5113306046, 23.6072635651, 5.16465520859, 33.4670715332], [-66.828125, -30.5071163177, 72.7226867676, -115.174720764, 39.4526748657, 335.859008789, 101.322090149, -40.5727729797, -72.5016937256, -3.21836447716, 54.104183197, 18.3367919922, 27.4150772095], [38.5221443176, 3.86851119995, -13.8396472931, -49.1814308167, -12.0794219971, 101.322090149, 151.456634521, 33.205532074, -21.0597343445, 29.8112049103, 26.6913089752, -10.4676094055, -3.40992450714], [16.0780448914, 170.285568237, -118.235282898, 43.2442054749, 23.7391052246, -40.5727729797, 33.205532074, 126.011001587, 31.556684494, 7.71609783173, 12.6827869415, -15.4217481613, -14.6091098785], [160.629470825, -194.642578125, 67.0862045288, 140.412750244, -33.7031326294, -72.5016937256, -21.0597343445, 31.556684494, 178.092437744, -7.03521299362, -47.1596832275, 23.4491958618, 7.22003030777], [47.8461341858, 61.8839454651, 62.3778686523, -56.7613487244, 13.5113306046, -3.21836447716, 29.8112049103, 7.71609783173, -7.03521299362, 108.374259949, 31.1144733429, -27.0425624847, -7.92081642151], [69.0426712036, 141.710830688, -26.382610321, -115.373565674, 23.6072635651, 54.104183197, 26.6913089752, 12.6827869415, -47.1596832275, 31.1144733429, 130.309875488, -0.166462659836, -26.3172721863], [0.839029729366, -12.0369663239, -26.2484340668, 56.626335144, 5.16465520859, 18.3367919922, -10.4676094055, -15.4217481613, 23.4491958618, -27.0425624847, -0.166462659836, 110.257751465, 15.1828651428], [-51.5917015076, -156.867965698, 120.424575806, 79.166557312, 33.4670715332, 27.4150772095, -3.40992450714, -14.6091098785, 7.22003030777, -7.92081642151, -26.3172721863, 15.1828651428, 92.6257705688]]
        icov: [[0.00118209165521, 0.000682648795191, 5.74455261813e-05, -0.000622383900918, -0.000172851388925, 0.000145425219671, -0.00019711261848, -0.000205167511012, -0.000296899466775, -0.000645197869744, -0.00146573188249, -1.04931787064e-05, 0.00180482061114], [0.000682648795191, 0.0018744210247, 0.00134418660309, -7.00035598129e-05, -0.00127021025401, -4.18590570916e-05, 0.000663122220431, -0.00106482219417, 0.000628782785498, -0.00175010529347, -0.00097328989068, -0.000271477067145, 0.0017640091246], [5.74455261813e-05, 0.00134418660309, 0.00271523743868, 0.00021247760742, -0.000811700243503, -0.000400699907914, 0.000820424233098, 0.000678287353367, -0.000380016164854, -0.00222511659376, -0.000538475811481, 0.000671237707138, -0.00127788668033], [-0.000622383900918, -7.00035598129e-05, 0.00021247760742, 0.00446921214461, -0.000588618568145, 0.000785077165347, 0.00027059923741, -0.00141613406595, -0.00153196556494, 0.00116344541311, 0.00271341297776, -0.00141580682248, -0.00357242114842], [-0.000172851388925, -0.00127021025401, -0.000811700243503, -0.000588618568145, 0.00513897417113, -0.000812739948742, 0.000964384817053, -0.000655024079606, 0.000413793604821, 4.19295211032e-05, -0.000307082838845, 0.000133679059218, -0.0025109432172], [0.000145425219671, -4.18590570916e-05, -0.000400699907914, 0.000785077165347, -0.000812739948742, 0.00547693250701, -0.00415726425126, 0.00204940256663, 0.000432412169175, 0.00199535815045, -0.00150448165368, -0.000891424773727, -0.00144154799636], [-0.00019711261848, 0.000663122220431, 0.000820424233098, 0.00027059923741, 0.000964384817053, -0.00415726425126, 0.0114993629977, -0.00487302197143, 0.0011536142556, -0.00383552210405, 0.000805499963462, -7.11663642505e-06, 6.42009690637e-05], [-0.000205167511012, -0.00106482219417, 0.000678287353367, -0.00141613406595, -0.000655024079606, 0.00204940256663, -0.00487302197143, 0.0139404730871, -0.00349011085927, 0.00132030376699, -0.00268257921562, 0.00312743475661, -0.000829574244563], [-0.000296899466775, 0.000628782785498, -0.000380016164854, -0.00153196556494, 0.000413793604821, 0.000432412169175, 0.0011536142556, -0.00349011085927, 0.00966635625809, -0.00134031916969, 0.00211603194475, -0.00236472208053, 0.00203819037415], [-0.000645197869744, -0.00175010529347, -0.00222511659376, 0.00116344541311, 4.19295211032e-05, 0.00199535815045, -0.00383552210405, 0.00132030376699, -0.00134031916969, 0.0141922086477, -0.00151310465299, 0.00213319296017, -0.00142491492443], [-0.00146573188249, -0.00097328989068, -0.000538475811481, 0.00271341297776, -0.000307082838845, -0.00150448165368, 0.000805499963462, -0.00268257921562, 0.00211603194475, -0.00151310465299, 0.0137202795595, -0.00246337335557, 8.67400303832e-05], [-1.04931787064e-05, -0.000271477067145, 0.000671237707138, -0.00141580682248, 0.000133679059218, -0.000891424773727, -7.11663642505e-06, 0.00312743475661, -0.00236472208053, 0.00213319296017, -0.00246337335557, 0.0117595791817, -0.00168042175937], [0.00180482061114, 0.0017640091246, -0.00127788668033, -0.00357242114842, -0.0025109432172, -0.00144154799636, 6.42009690637e-05, -0.000829574244563, 0.00203819037415, -0.00142491492443, 8.67400303832e-05, -0.00168042175937, 0.0207283925265]]
    spectral_contrast:
        mean: [3.5278155508e-08, 6.04497358836e-08, 6.38990771407e-09, 1.48132031086e-07, 5.26076519236e-07, 1.569451058e-08, -1.0341819916e-06, -3.33189268531e-06, 6.20191826783e-07, 3.16787645716e-06, -4.59452458301e-08, -5.06501521613e-07]
        var: [0.000792928563897, 0.00118049734738, 0.00232210592367, 0.00412437785417, 0.00618842290714, 0.00841371901333, 0.0813639834523, 0.121264591813, 0.122427307069, 0.368047386408, 0.672009050846, 1.44854485989]

rhythm:
    beats_loudness:
        dmean: 0.00245935516432
        dmean2: 0.0041644689627
        dvar: 1.37618121698e-06
        dvar2: 3.19702030538e-06
        max: 0.0113632529974
        mean: 0.00622071232647
        min: 0.00138317188248
        var: 5.72946601096e-06
    beats_loudness_bass:
        dmean: 0.0939155817032
        dmean2: 0.167649880052
        dvar: 0.00493806833401
        dvar2: 0.015826324001
        max: 0.287731260061
        mean: 0.0987558141351
        min: 0.00946686696261
        var: 0.00562059320509
    bpm: 107.43497467
    bpm_confidence: 0
    first_peak_bpm: 107
    first_peak_spread: 0
    first_peak_weight: 0.555555582047
    onset_rate: 3.68855810165
    second_peak_bpm: 129
    second_peak_spread: 0
    second_peak_weight: 0.388888895512
    beats_position: [0.269371926785, 0.827891945839, 1.3864120245, 1.94493198395, 2.50345206261, 3.06197214127, 3.62049198151, 4.17901229858, 4.73753213882, 5.29605197906, 5.85457229614, 6.4518237114, 6.91750955582, 7.38319587708, 7.84888219833, 8.31456947327, 8.78025531769, 9.24594116211, 9.71162796021]
    bpm_estimates: [107.948150635, 107.580848694, 107.905479431, 106.154640198, 108.753067017, 105.961685181, 107.740951538]
    bpm_intervals: [0.558520019054, 0.558520078659, 0.55851995945, 0.558520078659, 0.558520078659, 0.55851984024, 0.558520317078, 0.55851984024, 0.55851984024, 0.558520317078, 0.597251415253, 0.465685844421, 0.465686321259, 0.465686321259, 0.465687274933, 0.465685844421, 0.465685844421, 0.465686798096]
    onset_times: [0.0464399084449, 0.255419492722, 0.522448956966, 1.04489791393, 1.63700675964, 1.67183673382, 1.81115651131, 1.93886625767, 2.15945577621, 2.50775504112, 2.73995471001, 3.03020405769, 3.33206343651, 3.61070299149, 3.87773251534, 4.37696123123, 4.49306106567, 4.77170085907, 5.06195020676, 5.58439922333, 5.85142850876, 6.14167785645, 6.40870761871, 6.60607719421, 6.9543762207, 7.26784563065, 7.47682523727, 7.54648542404, 7.6858048439, 7.85995483398, 8.08054447174, 8.4172334671, 8.70748329163, 8.93968296051, 9.31120204926, 9.67111110687, 9.99619007111]
    rubato_start: [6.91750955582]
    rubato_stop: [7.38319587708]
    perceptual_tempo: "unknown"

sfx:
    inharmonicity:
        dmean: 0.0399512499571
        dmean2: 0.0708571448922
        dvar: 0.00238344981335
        dvar2: 0.00649308273569
        max: 0.388362050056
        mean: 0.0463680438697
        min: 0
        var: 0.00254275184125
    oddtoevenharmonicenergyratio:
        dmean: 1.96859693527
        dmean2: 3.28044486046
        dvar: 30.3827266693
        dvar2: 59.9588813782
        max: 69.7075805664
        mean: 1.97309815884
        min: 0
        var: 30.6033706665
    pitch_after_max_to_before_max_energy_ratio: 3.04952812195
    pitch_centroid: 267.009979248
    pitch_max_to_total: 0.317129641771
    pitch_min_to_total: 0.472222208977
    tristimulus:
        dmean: [0.175956994295, 0.191047862172, 0.0984410792589]
        dmean2: [0.30424618721, 0.330233186483, 0.174285694957]
        dvar: [0.0310409199446, 0.0352919362485, 0.012654335238]
        dvar2: [0.0835816860199, 0.0983591899276, 0.0353583060205]
        max: [1, 0.969190597534, 0.727218449116]
        mean: [0.349293082952, 0.524278819561, 0.116628780961]
        min: [0.00924082100391, 0, 0]
        var: [0.0438034385443, 0.0496013388038, 0.0176345799118]

tonal:
    chords_changes_rate: 0.0645161271095
    chords_number_rate: 0.0322580635548
    chords_strength:
        dmean: 0.00950057338923
        dmean2: 0.0071541685611
        dvar: 6.09351627645e-05
        dvar2: 4.9284837587e-05
        max: 0.669589340687
        mean: 0.510620951653
        min: 0.343950897455
        var: 0.0065692961216
    key_strength: 0.786923766136
    tuning_diatonic_strength: 0.647509694099
    tuning_equal_tempered_deviation: 0.0247666928917
    tuning_frequency: 453.154663086
    tuning_nontempered_energy_ratio: 0.66367995739
    hpcp:
        dmean: [0.167740181088, 0.178531229496, 0.118075750768, 0.069254592061, 0.0552162416279, 0.0857368782163, 0.107750587165, 0.126192882657, 0.123804844916, 0.103040359914, 0.091789484024, 0.0533229969442, 0.0725114494562, 0.114375129342, 0.16822835803, 0.166186630726, 0.109916239977, 0.0559805631638, 0.0482588857412, 0.0451204366982, 0.0582031048834, 0.0738828107715, 0.0682276859879, 0.0384783670306, 0.026545824483, 0.0296803917736, 0.060826215893, 0.0883229598403, 0.0956254824996, 0.109643213451, 0.0912705510855, 0.109673388302, 0.0638873055577, 0.0603311508894, 0.087690860033, 0.16802367568]
        dmean2: [0.27002364397, 0.281892120838, 0.213340848684, 0.123643696308, 0.097687356174, 0.126962989569, 0.162062317133, 0.206721872091, 0.20167607069, 0.176933258772, 0.157920569181, 0.081231251359, 0.111305974424, 0.197262763977, 0.268306583166, 0.263137549162, 0.176767379045, 0.0963136479259, 0.0812249258161, 0.0830690041184, 0.0961806029081, 0.116389296949, 0.110079325736, 0.0625712350011, 0.0451832562685, 0.0532207116485, 0.0927991196513, 0.140989288688, 0.168165177107, 0.185649111867, 0.150288671255, 0.174117103219, 0.101398557425, 0.0962302237749, 0.147889018059, 0.281038939953]
        dvar: [0.040492169559, 0.0480012223125, 0.04245005548, 0.0257383678108, 0.0134728383273, 0.0174223501235, 0.0294740628451, 0.0389245413244, 0.0320871993899, 0.0325159803033, 0.0267199315131, 0.00704773422331, 0.0162611566484, 0.0296106915921, 0.0351508259773, 0.0419498234987, 0.02021205239, 0.0096977353096, 0.0114295715466, 0.012816474773, 0.00781487580389, 0.0128294480965, 0.011124134995, 0.0054586827755, 0.00211698841304, 0.00496193394065, 0.0111978547648, 0.0288544725627, 0.0270070265979, 0.026867877692, 0.0246026515961, 0.0275333318859, 0.0142818624154, 0.0169373676181, 0.0267259608954, 0.03890068084]
        dvar2: [0.0769353210926, 0.123889036477, 0.116956681013, 0.0800344347954, 0.0374876856804, 0.0371605008841, 0.0643957555294, 0.106211878359, 0.0788748189807, 0.0690260529518, 0.0641844049096, 0.0163652468473, 0.0325195081532, 0.0760425180197, 0.076144695282, 0.0916396752, 0.0549706332386, 0.0216930508614, 0.0290556903929, 0.0369998402894, 0.0197062995285, 0.0277368724346, 0.0296564102173, 0.0135050974786, 0.00557941105217, 0.0143391499296, 0.0234051402658, 0.0653870254755, 0.0648951455951, 0.0711376816034, 0.0576125495136, 0.0692107081413, 0.0340380184352, 0.0319300219417, 0.0733155831695, 0.112844884396]
        max: [1, 1, 1, 1, 0.696315705776, 1, 1, 1, 1, 1, 1, 0.711071789265, 1, 1, 1, 1, 1, 0.942420423031, 0.971437752247, 1, 0.727528750896, 1, 0.841839194298, 0.641712427139, 0.389959663153, 0.609949171543, 1, 1, 0.924421012402, 1, 1, 1, 1, 1, 0.957500040531, 1]
        mean: [0.410733491182, 0.268776684999, 0.103466264904, 0.0615877918899, 0.0502333119512, 0.125859364867, 0.203079134226, 0.165970593691, 0.172608956695, 0.204628571868, 0.121661603451, 0.0944155603647, 0.143396437168, 0.148858547211, 0.280245929956, 0.369370013475, 0.196733504534, 0.0619011819363, 0.0447145327926, 0.0378004647791, 0.115044027567, 0.204532340169, 0.135608926415, 0.0421227701008, 0.0233614724129, 0.0329131409526, 0.117249213159, 0.155306503177, 0.111539162695, 0.191751807928, 0.279996991158, 0.181604802608, 0.113173805177, 0.107980228961, 0.0934675633907, 0.260933756828]
        min: [0.00276555866003, 0.0025045175571, 0.000385742110666, 0.000206401353353, 0.000585450732615, 0.00049596716417, 0.000527730036993, 0.000354738265742, 0.00158037268557, 0.0032318579033, 0.00056420074543, 0.000671198999044, 0.00106354278978, 0.000878397957422, 0.00255281059071, 0.00738916965201, 0.00754090910777, 0.000589524570387, 0.000154246969032, 0.000269189418759, 0.00173428968992, 0.00174689549021, 0.00122985977214, 0.000111175009806, 0.00015403694124, 0.000248647062108, 0.00154724845197, 0.00148062256631, 0.000852096884046, 0.00115500262473, 0.00146610941738, 0.00235873577185, 0.000268046860583, 0.00037580166827, 0.000781985698268, 0.00341152725741]
        var: [0.126191273332, 0.0735215768218, 0.0367284417152, 0.0196370147169, 0.0116001823917, 0.0358932614326, 0.0755404904485, 0.051442656666, 0.0557490438223, 0.0956589654088, 0.0406568720937, 0.0158614162356, 0.0563755370677, 0.0450285598636, 0.0731768906116, 0.112122297287, 0.0355138145387, 0.0123227816075, 0.0120048364624, 0.00754592660815, 0.0203143339604, 0.0743530765176, 0.0298267882317, 0.00663870107383, 0.00211131921969, 0.0037985064555, 0.0334572270513, 0.0574922636151, 0.0291436966509, 0.0709272921085, 0.139591291547, 0.0601154230535, 0.035492952913, 0.0480650626123, 0.024517448619, 0.0613775104284]
    chords_histogram: [26.7281112671, 0, 5.99078321457, 0, 0, 0, 0, 0, 0, 0, 0, 0, 0, 3.22580647469, 0, 0, 0, 0.460829496384, 0, 15.6682024002, 1.84331798553, 0, 40.0921669006, 5.99078321457]
    thpcp: [1, 0.654382169247, 0.251906096935, 0.149945870042, 0.122301474214, 0.306425869465, 0.494430422783, 0.404083430767, 0.42024564743, 0.498202800751, 0.296205699444, 0.22987061739, 0.349122822285, 0.362421244383, 0.68230599165, 0.899293661118, 0.478980928659, 0.1507088691, 0.108865074813, 0.0920316129923, 0.280094087124, 0.497968494892, 0.3301628232, 0.102554991841, 0.0568774454296, 0.0801325961947, 0.285463005304, 0.378119885921, 0.271560907364, 0.466852128506, 0.681699931622, 0.442147552967, 0.275540739298, 0.262896090746, 0.227562561631, 0.635287284851]
    chords_key: "G"
    chords_scale: "major"
    key_key: "D"
    key_scale: "major"
    chords_progression: ["D", "D", "D", "Am", "Am", "Am", "Am", "Am", "Am", "Am", "Am", "Am", "Am", "Am", "Am", "Am", "Am", "Am", "Am", "Am", "Am", "Am", "Am", "Am", "Am", "Am", "Am", "Am", "Am", "Am", "Am", "Am", "Am", "Am", "Am", "Am", "Cm", "Cm", "Cm", "Cm", "C", "C", "C", "C", "Cm", "Cm", "Cm", "G", "G", "G", "G", "G", "G", "G", "G", "G", "G", "G", "G", "G", "G", "G", "G", "G", "G", "G", "G", "G", "G", "G", "G", "G", "G", "G", "G", "Dm", "A", "A", "A", "A", "A", "A", "A", "A", "A", "A", "A", "Am", "A", "A", "D", "D", "D", "D", "D", "D", "D", "D", "D", "D", "D", "D", "D", "D", "D", "D", "D", "D", "D", "D", "D", "D", "D", "D", "D", "D", "D", "D", "D", "D", "D", "D", "D", "D", "D", "D", "D", "D", "D", "D", "D", "D", "D", "D", "D", "D", "D", "D", "D", "D", "D", "D", "D", "D", "G", "G", "G", "G", "G", "G", "G", "G", "G", "G", "G", "G", "G", "G", "G", "G", "G", "G", "G", "G", "G", "G", "G", "G", "G", "G", "G", "G", "G", "G", "G", "G", "G", "G", "G", "G", "G", "G", "G", "G", "G", "G", "G", "G", "G", "G", "G", "G", "G", "G", "G", "G", "G", "G", "G", "G", "G", "G", "G", "Bm", "Bm", "Bm", "Bm", "D", "Bm", "Bm", "Bm", "Bm", "Bm", "Bm", "Bm", "Bm", "Bm"]
