
metadata:
    version:
        essentia: "1.2.2"
    audio_properties:
        analysis_sample_rate: 44100
        bitrate: 128
        channels: 2
        equal_loudness: 1
        length: 9.97877597809
        replay_gain: -9.79332733154
        downmix: "mix"
    tags:
        track: 14
        year: 0
        album: "Splitted by Mp3Splt v. 2.1"
        artist: "From 002.10 To 002.20"
        comment: "http://mp3splt.sf.net"
        genre: ""
        title: "04 Killamanjaro.mp3"

highlevel:
    ballroom:
        all:
            ChaChaCha: 0.241290792823
            Jive: 0.0199235770851
            Quickstep: 0.0010646560695
            Rumba-American: 0.000563920708373
            Rumba-International: 0.00299791060388
            Rumba-Misc: 0.00218133535236
            Samba: 0.731412529945
            Tango: 0.000216130036279
            VienneseWaltz: 0.000212730446947
            Waltz: 0.000136408692924
        probability: 0.731412529945
        value: "Samba"
    culture:
        all:
            non_western: 0.811622440815
            western: 0.188377559185
        probability: 0.811622440815
        value: "non_western"
    gender:
        all:
            female: 0.885567247868
            male: 0.114432752132
        probability: 0.885567247868
        value: "female"
    genre_dortmund:
        all:
            alternative: 0.00986183527857
            blues: 0.00135499658063
            electronic: 0.421257287264
            folkcountry: 0.00205351691693
            funksoulrnb: 0.00822971668094
            jazz: 0.116325490177
            pop: 0.01042761188
            raphiphop: 0.392716616392
            rock: 0.0377729572356
        probability: 0.421257287264
        value: "electronic"
    genre_electronica:
        all:
            ambient: 0.0749107152224
            dnb: 0.114492617548
            house: 0.0514470934868
            techno: 0.723146021366
            trance: 0.0360035821795
        probability: 0.723146021366
        value: "techno"
    genre_rosamerica:
        all:
            cla: 0.00114485924132
            dan: 0.880798339844
            hip: 0.105521209538
            jaz: 0.00143908686005
            pop: 0.00606712000445
            rhy: 0.00155459565576
            roc: 0.00145664694719
            spe: 0.00201811851002
        probability: 0.880798339844
        value: "dan"
    genre_tzanetakis:
        all:
            blu: 0.00255532911979
            cla: 0.00521199405193
            cou: 0.0019506419776
            dis: 0.0448869094253
            hip: 0.329094320536
            jaz: 0.00546281784773
            met: 0.00895139761269
            pop: 0.516714632511
            reg: 0.0774310827255
            roc: 0.00774088874459
        probability: 0.516714632511
        value: "pop"
    live_studio:
        all:
            live: 0.401016145945
            studio: 0.598983883858
        probability: 0.598983883858
        value: "studio"
    mood:
        all:
            Cluster1: 0.0510670691729
            Cluster2: 0.0272897165269
            Cluster3: 0.012282570824
            Cluster4: 0.0181416012347
            Cluster5: 0.89121901989
        probability: 0.89121901989
        value: "Cluster5"
    mood_acoustic:
        all:
            acoustic: 0.0122511312366
            not_acoustic: 0.987748861313
        probability: 0.987748861313
        value: "not_acoustic"
    mood_aggressive:
        all:
            aggressive: 0.19334384799
            not_aggressive: 0.806656181812
        probability: 0.806656181812
        value: "not_aggressive"
    mood_electronic:
        all:
            electronic: 0.937836766243
            not_electronic: 0.0621632486582
        probability: 0.937836766243
        value: "electronic"
    mood_happy:
        all:
            happy: 0.180930376053
            not_happy: 0.819069623947
        probability: 0.819069623947
        value: "not_happy"
    mood_party:
        all:
            not_party: 0.0527663044631
            party: 0.94723367691
        probability: 0.94723367691
        value: "party"
    mood_relaxed:
        all:
            not_relaxed: 0.943788707256
            relaxed: 0.0562112778425
        probability: 0.943788707256
        value: "not_relaxed"
    mood_sad:
        all:
            not_sad: 0.979110836983
            sad: 0.0208891443908
        probability: 0.979110836983
        value: "not_sad"
    rhythm:
        all:
            fast: 0.141470611095
            medium: 0.822179317474
            slow: 0.0363500528038
        probability: 0.822179317474
        value: "medium"
    speech_music:
        all:
            music: 0.99999332428
            speech: 6.67123049425e-06
        probability: 0.99999332428
        value: "music"
    timbre:
        all:
            bright: 0.107720121741
            dark: 0.892279863358
        probability: 0.892279863358
        value: "dark"
    voice_instrumental:
        all:
            instrumental: 0.677963376045
            voice: 0.322036623955
        probability: 0.677963376045
        value: "instrumental"

lowlevel:
    average_loudness: 0.950453102589
    barkbands_kurtosis:
        dmean: 3.84340929985
        dmean2: 5.59081840515
        dvar: 47.4831314087
        dvar2: 81.8745956421
        max: 70.5915298462
        mean: 4.50437450409
        min: -1.82107138634
        var: 126.022254944
    barkbands_skewness:
        dmean: 0.803732514381
        dmean2: 1.11526179314
        dvar: 0.707067012787
        dvar2: 1.18848085403
        max: 7.19358921051
        mean: 0.79059702158
        min: -2.64983153343
        var: 4.18462991714
    barkbands_spread:
        dmean: 8.0761013031
        dmean2: 12.6049747467
        dvar: 81.2481765747
        dvar2: 164.466430664
        max: 74.4250259399
        mean: 24.7337150574
        min: 1.82529819012
        var: 194.487670898
    dissonance:
        dmean: 0.0159148853272
        dmean2: 0.0277005285025
        dvar: 0.000254735699855
        dvar2: 0.000725947262254
        max: 0.49982625246
        mean: 0.47800219059
        min: 0.372957855463
        var: 0.00032742714393
    hfc:
        dmean: 2.68928527832
        dmean2: 4.07246589661
        dvar: 19.0258293152
        dvar2: 40.1829605103
        max: 27.9356193542
        mean: 3.57030248642
        min: 0.0235856678337
        var: 24.2443523407
    pitch:
        dmean: 862.086242676
        dmean2: 1640.57836914
        dvar: 1960388.375
        dvar2: 4157539.25
        max: 4410
        mean: 1291.3572998
        min: 86.8110198975
        var: 2570758.75
    pitch_instantaneous_confidence:
        dmean: 0.105912961066
        dmean2: 0.168331846595
        dvar: 0.00733140017837
        dvar2: 0.0179229620844
        max: 0.801105260849
        mean: 0.416142463684
        min: 0.14402037859
        var: 0.0186211299151
    pitch_salience:
        dmean: 0.0965574458241
        dmean2: 0.148814722896
        dvar: 0.00693175848573
        dvar2: 0.0140256024897
        max: 0.843971908092
        mean: 0.559621810913
        min: 0.114071786404
        var: 0.0266415923834
    silence_rate_20dB:
        dmean: 0
        dmean2: 0
        dvar: 0
        dvar2: 0
        max: 1
        mean: 1
        min: 1
        var: 0
    silence_rate_30dB:
        dmean: 0
        dmean2: 0
        dvar: 0
        dvar2: 0
        max: 1
        mean: 1
        min: 1
        var: 0
    silence_rate_60dB:
        dmean: 0.120930232108
        dmean2: 0.242424249649
        dvar: 0.106306456029
        dvar2: 0.18365457654
        max: 1
        mean: 0.640371203423
        min: 0
        var: 0.230295851827
    spectral_centroid:
        dmean: 420.787506104
        dmean2: 594.297180176
        dvar: 199685.8125
        dvar2: 365165.09375
        max: 4207.87744141
        mean: 1804.36425781
        min: 128.046661377
        var: 1295055.75
    spectral_complexity:
        dmean: 3.63636374474
        dmean2: 5.88785028458
        dvar: 47.4714279175
        dvar2: 94.3051452637
        max: 38
        mean: 4.97209310532
        min: 0
        var: 57.5992088318
    spectral_crest:
        dmean: 2.84559249878
        dmean2: 4.63719081879
        dvar: 5.97964286804
        dvar2: 13.8253126144
        max: 21.01978302
        mean: 9.30261135101
        min: 2.24887776375
        var: 18.2159404755
    spectral_decrease:
        dmean: 3.52081058752e-10
        dmean2: 5.31988286756e-10
        dvar: 2.78735697247e-19
        dvar2: 5.94472785956e-19
        max: -1.43573315129e-12
        mean: -7.09601266635e-10
        min: -4.56094539913e-09
        var: 6.88146544231e-19
    spectral_energy:
        dmean: 0.00155440671369
        dmean2: 0.00234360457398
        dvar: 5.02402735947e-06
        dvar2: 1.07473997559e-05
        max: 0.0174767207354
        mean: 0.00300203775987
        min: 7.5580533121e-06
        var: 1.12066254587e-05
    spectral_energyband_high:
        dmean: 0.000243659000262
        dmean2: 0.000373142625904
        dvar: 1.67643619875e-07
        dvar2: 3.69334145489e-07
        max: 0.00284921051934
        mean: 0.000268458330538
        min: 1.79042092441e-06
        var: 2.03957839062e-07
    spectral_energyband_low:
        dmean: 0.000505443895236
        dmean2: 0.0007575796335
        dvar: 1.07626021872e-06
        dvar2: 2.39976066041e-06
        max: 0.0157610457391
        mean: 0.00118503719568
        min: 8.31840765159e-08
        var: 4.4067401177e-06
    spectral_energyband_middle_high:
        dmean: 0.000505437026732
        dmean2: 0.000772800529376
        dvar: 7.36923936984e-07
        dvar2: 1.52386348873e-06
        max: 0.00629960885271
        mean: 0.000727424398065
        min: 3.83991300623e-06
        var: 1.04567868675e-06
    spectral_energyband_middle_low:
        dmean: 0.000802095863037
        dmean2: 0.00135208526626
        dvar: 2.88900105261e-06
        dvar2: 7.48094998926e-06
        max: 0.0118791935965
        mean: 0.000821116555016
        min: 1.08966446533e-06
        var: 2.69063889391e-06
    spectral_flatness_db:
        dmean: 0.0268518570811
        dmean2: 0.0394742675126
        dvar: 0.000778783811256
        dvar2: 0.00146315258462
        max: 0.349440068007
        mean: 0.153617799282
        min: 0.0640928968787
        var: 0.00321211642586
    spectral_flux:
        dmean: 0.0134706059471
        dmean2: 0.0189596731216
        dvar: 0.000258158514043
        dvar2: 0.000478032627143
        max: 0.119032375515
        mean: 0.0319885201752
        min: 0.00274919136427
        var: 0.000510336831212
    spectral_kurtosis:
        dmean: 0.952801823616
        dmean2: 1.50095593929
        dvar: 1.55327033997
        dvar2: 3.24142169952
        max: 12.6874637604
        mean: 1.88514971733
        min: -0.466566562653
        var: 4.84328746796
    spectral_rms:
        dmean: 0.000437013281044
        dmean2: 0.00063736049924
        dvar: 2.89463713443e-07
        dvar2: 5.79271898005e-07
        max: 0.0041292202659
        mean: 0.00145238765981
        min: 8.58703133417e-05
        var: 8.19387878437e-07
    spectral_rolloff:
        dmean: 648.204162598
        dmean2: 1048.78759766
        dvar: 900882.875
        dvar2: 1697266.375
        max: 5964.69726562
        mean: 2884.74829102
        min: 107.666015625
        var: 3105182
    spectral_skewness:
        dmean: 0.216500431299
        dmean2: 0.32644239068
        dvar: 0.0560643896461
        dvar2: 0.120722405612
        max: 3.04173231125
        mean: 1.35140681267
        min: 0.652158141136
        var: 0.210224181414
    spectral_spread:
        dmean: 1157158.25
        dmean2: 1696586
        dvar: 818589335552
        dvar2: 2.15057956864e+12
        max: 14133143
        mean: 9133493
        min: 3116000
        var: 4.79500225741e+12
    spectral_strongpeak:
        dmean: 0.328442901373
        dmean2: 0.520525753498
        dvar: 0.20086927712
        dvar2: 0.480314731598
        max: 4.59553384781
        mean: 0.53025662899
        min: 0.0131840044633
        var: 0.440740585327
    zerocrossingrate:
        dmean: 0.0168963521719
        dmean2: 0.0177663639188
        dvar: 0.000218911824049
        dvar2: 0.000234259379795
        max: 0.21142578125
        mean: 0.100581392646
        min: 0.00830078125
        var: 0.00259055453353
    barkbands:
        dmean: [3.98895920739e-08, 0.000171173262061, 0.00040540547343, 0.000380365207093, 0.000454114982858, 2.37620206462e-05, 1.01749501482e-05, 3.18329730362e-05, 1.96521505131e-05, 3.76729185518e-05, 3.00675728795e-05, 4.4425145461e-05, 2.90343396046e-05, 1.897394759e-05, 4.44100187451e-05, 5.64146102988e-05, 6.34478128632e-05, 8.84347537067e-05, 0.000125362770632, 0.000172247207956, 9.65573635767e-05, 3.07740920107e-05, 1.26718296087e-05, 2.01399616344e-05, 9.87629209703e-06, 5.60115552162e-07, 5.76987790879e-10]
        dmean2: [4.67625191902e-08, 0.000238778302446, 0.000625090266112, 0.000682128593326, 0.000825392955448, 4.43810604338e-05, 1.69180984813e-05, 5.37805899512e-05, 3.32500858349e-05, 6.17020778009e-05, 5.23571725353e-05, 7.81367925811e-05, 4.98076697113e-05, 3.12756164931e-05, 6.83389371261e-05, 9.21177488635e-05, 0.000102584876004, 0.000141844386235, 0.000202309864108, 0.000283315719571, 0.000152103122673, 4.76913592138e-05, 1.98806301341e-05, 3.02816242765e-05, 1.52195898409e-05, 8.92970433597e-07, 8.99946284161e-10]
        dvar: [2.27348826885e-14, 1.25371144577e-07, 7.89032640114e-07, 8.51048184813e-07, 1.31463627895e-06, 4.75616124263e-09, 2.48932180424e-10, 1.77542291979e-09, 1.25728871758e-09, 6.40534691954e-09, 2.74822764545e-09, 9.63791357833e-09, 1.56234458704e-09, 9.98786275908e-10, 6.56061605042e-09, 7.23684001613e-09, 1.0620729185e-08, 2.1277205775e-08, 3.8163879168e-08, 1.0929859684e-07, 3.13037205046e-08, 2.41803244094e-09, 4.3525286153e-10, 9.33934152236e-10, 1.56765239678e-10, 4.13791695136e-13, 8.74476525232e-19]
        dvar2: [2.28838622314e-14, 2.88128575221e-07, 1.91956519302e-06, 2.31604417422e-06, 3.66123049389e-06, 1.39354279227e-08, 5.79914893883e-10, 4.50760140325e-09, 2.52778376009e-09, 1.57544182144e-08, 7.08747371903e-09, 2.70091629062e-08, 4.14210887811e-09, 2.11754902502e-09, 1.10476827686e-08, 1.86300930238e-08, 2.18531219787e-08, 4.46889920624e-08, 8.14924874248e-08, 2.79030501815e-07, 6.75328948319e-08, 5.18160314655e-09, 9.40722943987e-10, 1.69945668649e-09, 3.0189470368e-10, 1.01211454582e-12, 1.42510243147e-18]
        max: [5.79558127356e-06, 0.00415243953466, 0.0133891645819, 0.00610773265362, 0.00586534570903, 0.000478949048556, 0.000120416632853, 0.000398883887101, 0.000289804796921, 0.000616301433183, 0.000454251596238, 0.000638436235022, 0.000336885859724, 0.000241712230491, 0.000531753059477, 0.00087275961414, 0.00073038606206, 0.00108390289824, 0.0015621597413, 0.00210655899718, 0.0012107451912, 0.000321959232679, 0.000130568645545, 0.000203915056773, 8.32439181977e-05, 3.49474157701e-06, 1.42754172927e-08]
        mean: [2.81761515453e-07, 0.000470705883345, 0.000714050955139, 0.000310700183036, 0.000405851227697, 1.71945266629e-05, 1.07243004095e-05, 4.78807523905e-05, 2.30156110774e-05, 3.82984762837e-05, 3.28661517415e-05, 4.08531195717e-05, 4.18831659772e-05, 2.42178484768e-05, 5.70459997107e-05, 7.91450365796e-05, 6.97499126545e-05, 0.000108927575639, 0.0001618200331, 0.00017258337175, 9.93166613625e-05, 2.99332859868e-05, 1.21122420751e-05, 2.03948202397e-05, 1.1752802493e-05, 7.31628176709e-07, 7.66658181384e-10]
        min: [4.68923268271e-11, 1.70368181784e-08, 7.03119829026e-09, 3.02742222402e-08, 1.02582982109e-08, 6.73718947297e-09, 2.26088765487e-08, 4.93838179239e-08, 2.74227041075e-08, 7.21279391769e-08, 1.70396020849e-07, 8.55748680806e-08, 4.66834535473e-08, 2.08684625136e-08, 2.83999668227e-07, 4.8693084409e-07, 1.8194592144e-07, 2.0938283285e-07, 8.04984495062e-07, 5.1511062793e-07, 2.35105602542e-07, 7.80935138778e-08, 5.51583241304e-08, 9.5113769305e-08, 1.72674120336e-07, 2.12434319025e-08, 5.84351143862e-13]
        var: [1.13527958735e-12, 6.74716943649e-07, 2.19062508222e-06, 6.84948076923e-07, 9.88118927125e-07, 2.7695472582e-09, 2.7738811248e-10, 3.28062133015e-09, 1.53261714431e-09, 5.76984549028e-09, 3.00284530574e-09, 6.92179735751e-09, 3.32489391575e-09, 1.35674449453e-09, 9.7426919865e-09, 1.47233309988e-08, 1.35107560695e-08, 3.16834132263e-08, 5.31615107491e-08, 1.07149205064e-07, 3.4726774345e-08, 2.7898561239e-09, 5.10862518954e-10, 1.37158795432e-09, 2.43055381377e-10, 5.04979142269e-13, 1.06718903184e-18]
    mfcc:
        mean: [-769.995483398, 61.5219230652, -29.7367477417, 30.8854370117, 0.645586252213, -1.94447135925, 19.1905994415, 0.620917081833, 10.5255756378, 2.62467050552, -1.32437646389, -2.53070354462, -5.74399089813]
        cov: [[4256.53955078, -516.163452148, -48.5487289429, 158.039825439, 119.907928467, 52.7924995422, -145.590240479, 63.7330245972, -280.193634033, -123.651260376, -237.252792358, -67.6275939941, -91.5036773682], [-516.163452148, 1365.11157227, 421.788085938, 418.585906982, 661.761413574, 213.808853149, 184.620269775, 56.1883087158, 65.256729126, -36.7450523376, 23.8925628662, 39.9854545593, -88.5612945557], [-48.5487289429, 421.788085938, 1262.1003418, 699.933959961, 475.357452393, 523.286621094, 348.786712646, 117.203926086, 130.977493286, -0.13641525805, -80.0573120117, -81.6060638428, -59.4934272766], [158.039825439, 418.585906982, 699.933959961, 686.692993164, 479.710449219, 391.532348633, 268.08013916, 101.154243469, 56.2099227905, -16.7981586456, -49.0319366455, -66.9609985352, -31.9345474243], [119.907928467, 661.761413574, 475.357452393, 479.710449219, 752.823181152, 378.687194824, 265.260955811, 115.830978394, 36.9404525757, -32.131526947, -37.9071578979, -17.8894062042, -63.9996757507], [52.7924995422, 213.808853149, 523.286621094, 391.532348633, 378.687194824, 406.539581299, 265.356872559, 101.941436768, 64.0369338989, -0.452213466167, -53.7045669556, -51.9311904907, -25.2744216919], [-145.590240479, 184.620269775, 348.786712646, 268.08013916, 265.260955811, 265.356872559, 264.056304932, 98.0720672607, 66.4072952271, 23.1393966675, -23.4031047821, -28.0209770203, -5.14900159836], [63.7330245972, 56.1883087158, 117.203926086, 101.154243469, 115.830978394, 101.941436768, 98.0720672607, 95.8301773071, 46.8373451233, 18.8568630219, -6.22137784958, -4.58095169067, -0.3561860919], [-280.193634033, 65.256729126, 130.977493286, 56.2099227905, 36.9404525757, 64.0369338989, 66.4072952271, 46.8373451233, 131.654067993, 76.9810180664, 44.6397628784, 19.8579559326, 0.0603457465768], [-123.651260376, -36.7450523376, -0.13641525805, -16.7981586456, -32.131526947, -0.452213466167, 23.1393966675, 18.8568630219, 76.9810180664, 94.7609024048, 61.6040992737, 24.6000957489, 13.7803506851], [-237.252792358, 23.8925628662, -80.0573120117, -49.0319366455, -37.9071578979, -53.7045669556, -23.4031047821, -6.22137784958, 44.6397628784, 61.6040992737, 103.536224365, 46.9667510986, 23.0204753876], [-67.6275939941, 39.9854545593, -81.6060638428, -66.9609985352, -17.8894062042, -51.9311904907, -28.0209770203, -4.58095169067, 19.8579559326, 24.6000957489, 46.9667510986, 81.1993942261, 25.8932056427], [-91.5036773682, -88.5612945557, -59.4934272766, -31.9345474243, -63.9996757507, -25.2744216919, -5.14900159836, -0.3561860919, 0.0603457465768, 13.7803506851, 23.0204753876, 25.8932056427, 58.8055305481]]
        icov: [[0.00049556576414, 0.000288916751742, 4.15533540945e-05, -0.000462018098915, -0.000130182335852, -0.000242668800638, 0.00102666951716, -0.0012302713003, 0.00175551697612, -0.0014815380564, 0.00119059404824, -0.00100549729541, 0.00115587096661], [0.000288916751742, 0.00200868374668, -0.000141137948958, -0.000726659956854, -0.00169426470529, 0.00147397851106, -0.000419630552642, 0.000299996056128, -0.00033998649451, 0.00120400742162, -0.000460936716991, -0.00182678864803, 0.00239493208937], [4.15533540945e-05, -0.000141137948958, 0.00261369883083, -0.00189916882664, 0.000845032394864, -0.00195641885512, -0.000193111671251, 0.000865126843564, -0.00165808771271, 0.000518673390616, 0.000957293552347, -0.000644907995593, 0.00132154114544], [-0.000462018098915, -0.000726659956854, -0.00189916882664, 0.00581845315173, -0.00135528261308, -0.000976515992079, -0.000759895949159, 0.000541504647117, -0.000820466433652, 0.00133945094422, -0.0021424847655, 0.00393431494012, -0.00373955722898], [-0.000130182335852, -0.00169426470529, 0.000845032394864, -0.00135528261308, 0.00563736446202, -0.00378711801022, -0.000502603885252, -0.00190218351781, 0.00176168233156, 0.000541671528481, -0.000823286478408, -0.00205112434924, 0.00291356677189], [-0.000242668800638, 0.00147397851106, -0.00195641885512, -0.000976515992079, -0.00378711801022, 0.0141294486821, -0.00760426232591, 0.00132380251307, -0.00313180917874, 0.0020531960763, 0.000936354044825, 0.00189067225438, -0.00105101440568], [0.00102666951716, -0.000419630552642, -0.000193111671251, -0.000759895949159, -0.000502603885252, -0.00760426232591, 0.0168220438063, -0.00818850472569, 0.00408217264339, -0.00740473670885, 0.00417479500175, 6.77255156916e-05, -0.00196750857867], [-0.0012302713003, 0.000299996056128, 0.000865126843564, 0.000541504647117, -0.00190218351781, 0.00132380251307, -0.00818850472569, 0.0232062712312, -0.0109291896224, 0.00459100678563, -0.000382713216823, 0.00186799583025, -0.00410822266713], [0.00175551697612, -0.00033998649451, -0.00165808771271, -0.000820466433652, 0.00176168233156, -0.00313180917874, 0.00408217264339, -0.0109291896224, 0.0283692143857, -0.0206596571952, 0.00299652921967, -0.00629905052483, 0.00737184472382], [-0.0014815380564, 0.00120400742162, 0.000518673390616, 0.00133945094422, 0.000541671528481, 0.0020531960763, -0.00740473670885, 0.00459100678563, -0.0206596571952, 0.0380331166089, -0.0175361540169, 0.00318840751424, -0.00181900162715], [0.00119059404824, -0.000460936716991, 0.000957293552347, -0.0021424847655, -0.000823286478408, 0.000936354044825, 0.00417479500175, -0.000382713216823, 0.00299652921967, -0.0175361540169, 0.0264632850885, -0.00785024091601, -0.00196349830367], [-0.00100549729541, -0.00182678864803, -0.000644907995593, 0.00393431494012, -0.00205112434924, 0.00189067225438, 6.77255156916e-05, 0.00186799583025, -0.00629905052483, 0.00318840751424, -0.00785024091601, 0.0251067131758, -0.0129566472024], [0.00115587096661, 0.00239493208937, 0.00132154114544, -0.00373955722898, 0.00291356677189, -0.00105101440568, -0.00196750857867, -0.00410822266713, 0.00737184472382, -0.00181900162715, -0.00196349830367, -0.0129566472024, 0.0311312153935]]
    spectral_contrast:
        mean: [1.12404137553e-07, 3.61882712241e-07, 3.10628564648e-07, 2.86951319595e-07, -2.7683239523e-07, 2.20398575834e-07, -1.5202650161e-07, -1.20838024031e-06, 3.5606151414e-06, 1.41429347877e-06, -2.74825924862e-06, 1.13574571969e-06]
        var: [0.000226511925575, 0.000871975207701, 0.00125330046285, 0.00185865000822, 0.00330938026309, 0.012802850455, 0.0444927625358, 0.0998497307301, 0.212048053741, 0.304451584816, 1.17578065395, 2.74438142776]

rhythm:
    beats_loudness:
        dmean: 0.00415784167126
        dmean2: 0.00726940855384
        dvar: 1.04218688648e-05
        dvar2: 2.6105568395e-05
        max: 0.0106576737016
        mean: 0.00460940599442
        min: 0.000330212409608
        var: 1.31237829919e-05
    beats_loudness_bass:
        dmean: 0.359636127949
        dmean2: 0.599597394466
        dvar: 0.0781821832061
        dvar2: 0.257102787495
        max: 0.841196596622
        mean: 0.337773710489
        min: 0.00158159912098
        var: 0.0903888940811
    bpm: 89.1679382324
    bpm_confidence: 0
    first_peak_bpm: 89
    first_peak_spread: 0
    first_peak_weight: 0.533333361149
    onset_rate: 6.11297464371
    second_peak_bpm: 119
    second_peak_spread: 0
    second_peak_weight: 0.40000000596
    beats_position: [0.192827135324, 0.865714907646, 1.53860259056, 2.21149039268, 2.88437819481, 3.55726599693, 4.23015356064, 4.90304136276, 5.57592868805, 6.42738389969, 6.9317984581, 7.436211586, 7.94062614441, 8.44503974915, 8.94945430756, 9.45386791229]
    bpm_estimates: [89.2764205933, 89.1575469971, 89.1994018555, 89.2480697632, 89.1146087646, 89.1269607544, 89.129447937, 89.1258850098, 89.177230835, 89.1653442383, 89.1264572144]
    bpm_intervals: [0.672887802124, 0.672887682915, 0.672887802124, 0.672887802124, 0.672887802124, 0.672887563705, 0.672887802124, 0.672887325287, 0.851455211639, 0.504414558411, 0.504413127899, 0.504414558411, 0.504413604736, 0.504414558411, 0.504413604736]
    onset_times: [0.0464399084449, 0.18575963378, 0.348299324512, 0.510838985443, 0.684988677502, 0.847528338432, 1.02167797089, 1.18421769142, 1.35836732388, 1.52090704441, 1.69505667686, 1.8575963974, 2.03174614906, 2.19428563118, 2.36843538284, 2.53097510338, 2.71673464775, 2.89088439941, 3.01859402657, 3.16952371597, 3.21596360207, 3.3785033226, 3.55265307426, 3.72680282593, 3.88934230804, 4.06349229813, 4.22603178024, 4.40018129349, 4.56272125244, 4.73687076569, 4.8994102478, 5.07356023788, 5.24770975113, 5.41024923325, 5.58439922333, 5.74693870544, 5.9094786644, 6.08362817764, 6.25777769089, 6.43192720413, 6.59446716309, 6.76861667633, 6.93115663528, 7.08208608627, 7.26784563065, 7.44199562073, 7.60453510284, 7.77868461609, 7.94122457504, 8.11537456512, 8.28952407837, 8.44045352936, 8.6146030426, 8.78875255585, 8.96290206909, 9.12544250488, 9.29959201813, 9.57823085785, 9.63628101349, 9.79882049561, 9.97297096252]
    rubato_start: [6.9317984581]
    rubato_stop: [9.45386791229]
    perceptual_tempo: "unknown"

sfx:
    inharmonicity:
        dmean: 0.0575950779021
        dmean2: 0.0987989678979
        dvar: 0.00549915805459
        dvar2: 0.0152784241363
        max: 0.42162668705
        mean: 0.0647773966193
        min: 0
        var: 0.00608138041571
    oddtoevenharmonicenergyratio:
        dmean: 3.84839940071
        dmean2: 7.23687648773
        dvar: 63.148639679
        dvar2: 175.783355713
        max: 49.6844825745
        mean: 2.47841715813
        min: 0
        var: 39.0217399597
    pitch_after_max_to_before_max_energy_ratio: 44.6012496948
    pitch_centroid: 213.32170105
    pitch_max_to_total: 0.0465116277337
    pitch_min_to_total: 0.91162788868
    tristimulus:
        dmean: [0.19258441031, 0.269253134727, 0.149976164103]
        dmean2: [0.333360224962, 0.472110360861, 0.264670580626]
        dvar: [0.0391618236899, 0.0582473948598, 0.0274030994624]
        dvar2: [0.0911975726485, 0.158955052495, 0.0648313388228]
        max: [1, 0.96844625473, 0.857109904289]
        mean: [0.357284665108, 0.424339175224, 0.146238714457]
        min: [0.00758623005822, 0, 0]
        var: [0.0927692130208, 0.085916467011, 0.0362161174417]

tonal:
    chords_changes_rate: 0.0555555559695
    chords_number_rate: 0.037037037313
    chords_strength:
        dmean: 0.0109693324193
        dmean2: 0.0119623038918
        dvar: 6.43175080768e-05
        dvar2: 9.70331966528e-05
        max: 0.716146826744
        mean: 0.561401128769
        min: 0.365933895111
        var: 0.00587962055579
    key_strength: 0.632043302059
    tuning_diatonic_strength: 0.579566061497
    tuning_equal_tempered_deviation: 0.274791389704
    tuning_frequency: 449.245300293
    tuning_nontempered_energy_ratio: 0.92940300703
    hpcp:
        dmean: [0.157534614205, 0.170761883259, 0.192168101668, 0.172550916672, 0.174464538693, 0.175817340612, 0.148314416409, 0.154617413878, 0.169279158115, 0.157473310828, 0.180011630058, 0.202709674835, 0.165873914957, 0.16834372282, 0.161422133446, 0.13281725347, 0.107023954391, 0.118110470474, 0.106973223388, 0.076054893434, 0.0893442481756, 0.140211686492, 0.183876156807, 0.205870732665, 0.201692372561, 0.162853211164, 0.144134804606, 0.14268271625, 0.145986333489, 0.156683832407, 0.166300907731, 0.182001590729, 0.182040199637, 0.187831938267, 0.184005528688, 0.175301894546]
        dmean2: [0.267280966043, 0.301806002855, 0.322522968054, 0.276007562876, 0.285112798214, 0.304433077574, 0.255658596754, 0.263041734695, 0.283684700727, 0.239313051105, 0.29250356555, 0.330256193876, 0.277098298073, 0.282601386309, 0.265752583742, 0.215383321047, 0.183401048183, 0.205859705806, 0.183486774564, 0.132217258215, 0.155268132687, 0.249013721943, 0.307991236448, 0.359790593386, 0.342777282, 0.282648414373, 0.260400474072, 0.255348116159, 0.245333448052, 0.263372510672, 0.285870343447, 0.307961046696, 0.307290196419, 0.314606547356, 0.314642995596, 0.306380093098]
        dvar: [0.0388695709407, 0.0448378100991, 0.0448698922992, 0.0388292260468, 0.0432795546949, 0.0563308186829, 0.0423301868141, 0.0392193384469, 0.040419600904, 0.0272280257195, 0.0424611121416, 0.0506898164749, 0.0442931689322, 0.0364894866943, 0.042186640203, 0.0296805500984, 0.0175606124103, 0.024532482028, 0.0160120911896, 0.0109622888267, 0.016270024702, 0.040940195322, 0.0419510006905, 0.0518363304436, 0.0484059005976, 0.0444396845996, 0.0420208238065, 0.0459391847253, 0.0334393158555, 0.0344212092459, 0.0419129319489, 0.0367293655872, 0.0383732281625, 0.040184609592, 0.0403310284019, 0.0446772649884]
        dvar2: [0.102744564414, 0.112267397344, 0.101488426328, 0.0904985293746, 0.103669933975, 0.125914946198, 0.0919017642736, 0.102050110698, 0.103840194643, 0.0624076351523, 0.0845650658011, 0.127579808235, 0.0986383184791, 0.083912409842, 0.0994544774294, 0.0700149685144, 0.041366096586, 0.0585674755275, 0.0405159443617, 0.0288167577237, 0.0424197241664, 0.115349270403, 0.117261461914, 0.133305609226, 0.14114664495, 0.122033491731, 0.12248826772, 0.126249611378, 0.083637021482, 0.0905256345868, 0.111909098923, 0.0932902917266, 0.0862270891666, 0.0965624898672, 0.121934130788, 0.121865965426]
        max: [1, 1, 1, 1, 1, 1, 1, 1, 1, 1, 1, 1, 1, 1, 1, 1, 0.817767858505, 1, 0.625385403633, 0.836149215698, 0.687676370144, 1, 1, 1, 1, 1, 1, 1, 1, 1, 1, 1, 1, 1, 1, 1]
        mean: [0.189962387085, 0.252089291811, 0.293508321047, 0.241533726454, 0.182457372546, 0.169033542275, 0.15768648684, 0.19085970521, 0.256082773209, 0.308604180813, 0.355703115463, 0.317932367325, 0.25415712595, 0.249073714018, 0.245839864016, 0.184741139412, 0.127664908767, 0.123090207577, 0.105771310627, 0.083968795836, 0.0900929793715, 0.134508937597, 0.227008149028, 0.293964892626, 0.253787249327, 0.169267818332, 0.136454463005, 0.154626369476, 0.210192486644, 0.241554349661, 0.228297263384, 0.246268853545, 0.310154736042, 0.306368887424, 0.231615766883, 0.188949719071]
        min: [0.000276122096693, 0.00062919332413, 0.000359791476512, 0.000183647367521, 0.000120618984511, 0.000103880403913, 0, 0.000315639190376, 0.000383243779652, 0.000492128718179, 0.000595966004767, 0.000457722955616, 0.000426357495598, 0.000732097483706, 0.00060703617055, 0.000311073992634, 0.000172145562829, 9.64465216384e-05, 5.90398813074e-05, 4.17973315052e-05, 0.000112145869934, 0.000267484807409, 0.000277649844065, 0.000645437452476, 0, 0.000158149065101, 9.74797585513e-05, 4.28113417001e-05, 5.94389020989e-05, 0.000100707016827, 9.78789757937e-05, 0.000378591939807, 0.000483677897137, 0.000358094926924, 0.000217488515773, 0.000238930093474]
        var: [0.0505406558514, 0.0769680067897, 0.0971363037825, 0.0802642628551, 0.0541708990932, 0.0606704466045, 0.051672603935, 0.0590219907463, 0.0781240463257, 0.0874678939581, 0.125484094024, 0.095170468092, 0.0824145302176, 0.0706598162651, 0.0873941108584, 0.0532522015274, 0.0251538325101, 0.0303710587323, 0.0197191759944, 0.0112730450928, 0.0149090010673, 0.0314715914428, 0.054448582232, 0.0849223658442, 0.0640115588903, 0.0411713421345, 0.0348906889558, 0.0475270599127, 0.0708275735378, 0.0809089541435, 0.067911028862, 0.0665375962853, 0.0908655077219, 0.089965634048, 0.0565224923193, 0.0527469329536]
    chords_histogram: [2.31481480598, 0, 0, 0, 0, 0, 0, 1.85185182095, 43.9814796448, 25, 8.79629611969, 0, 0, 0, 0, 1.38888883591, 0, 6.94444465637, 0, 0, 0, 0, 0, 9.72222232819]
    thpcp: [1, 0.893813848495, 0.714520394802, 0.700229227543, 0.69113779068, 0.519368886948, 0.358908593655, 0.346047580242, 0.297358393669, 0.236064270139, 0.253281384706, 0.378149449825, 0.638195574284, 0.826433300972, 0.713480532169, 0.4758682549, 0.383618980646, 0.434706240892, 0.590921103954, 0.679089784622, 0.6418197155, 0.692343831062, 0.871948301792, 0.861305058002, 0.651149094105, 0.531200647354, 0.534047603607, 0.708707034588, 0.825149714947, 0.679031789303, 0.512948453426, 0.475209623575, 0.443309277296, 0.536570250988, 0.719934046268, 0.867589175701]
    chords_key: "A"
    chords_scale: "minor"
    key_key: "F"
    key_scale: "minor"
    chords_progression: ["Am", "Am", "Am", "A", "A", "A", "Am", "Am", "Am", "Am", "Am", "Am", "Am", "Am", "Am", "Am", "Am", "Am", "Am", "Am", "Am", "Am", "Am", "Am", "Am", "Am", "Am", "Am", "Am", "Am", "Am", "Am", "Am", "Am", "Am", "Am", "Am", "Am", "Am", "Am", "Am", "Am", "Am", "Am", "Am", "Am", "Am", "Am", "Am", "Am", "Am", "Am", "F", "F", "C", "C", "C", "C", "C", "C", "C", "C", "C", "C", "C", "C", "C", "C", "C", "C", "C", "C", "C", "C", "C", "C", "C", "C", "C", "C", "C", "C", "C", "C", "C", "C", "C", "C", "C", "C", "C", "C", "C", "C", "C", "Fm", "Fm", "Fm", "Fm", "Fm", "Am", "Am", "Am", "Am", "Am", "Am", "Am", "Am", "Am", "Am", "Am", "Am", "F", "F", "Am", "Am", "Am", "Am", "Am", "Am", "Am", "Am", "Am", "Am", "Am", "Am", "Am", "Am", "Am", "Am", "Am", "Am", "Am", "Am", "Am", "Am", "Am", "Am", "Am", "Am", "Am", "Am", "Am", "Am", "Am", "Am", "Am", "Am", "C", "C", "C", "C", "C", "C", "C", "C", "C", "C", "C", "C", "C", "C#", "C#", "C#", "C#", "C#", "C#", "C#", "C#", "C#", "C#", "C#", "C#", "C#", "C#", "C#", "C#", "C#", "C#", "C#", "C#", "C#", "Em", "Em", "Em", "Em", "Em", "Em", "Em", "Em", "Em", "Em", "Em", "Em", "Em", "Em", "Em", "Em", "Em", "Em", "Em", "E", "E", "E", "E", "E", "E", "E", "E", "E", "E", "E", "E", "E", "E", "E"]
