
metadata:
    version:
        essentia: "1.2.2"
    audio_properties:
        analysis_sample_rate: 44100
        bitrate: 128
        channels: 2
        equal_loudness: 1
        length: 10.2138776779
        replay_gain: -6.73317146301
        downmix: "mix"
    tags:
        track: 14
        year: 0
        album: "Splitted by Mp3Splt v. 2.1"
        artist: "From 002.10 To 002.20"
        comment: "http://mp3splt.sf.net"
        genre: ""
        title: "09 Outside Woman Blues.mp3"

highlevel:
    ballroom:
        all:
            ChaChaCha: 0.0992355719209
            Jive: 0.24112932384
            Quickstep: 0.223535731435
            Rumba-American: 0.0164333358407
            Rumba-International: 0.0963872298598
            Rumba-Misc: 0.0247737038881
            Samba: 0.20241305232
            Tango: 0.0194985549897
            VienneseWaltz: 0.0476877987385
            Waltz: 0.0289056953043
        probability: 0.24112932384
        value: "Jive"
    culture:
        all:
            non_western: 0.5
            western: 0.5
        probability: 0.5
        value: "non_western"
    gender:
        all:
            female: 7.80378996978e-08
            male: 0.999999940395
        probability: 0.999999940395
        value: "male"
    genre_dortmund:
        all:
            alternative: 0.0317907445133
            blues: 0.514103591442
            electronic: 0.00401271041483
            folkcountry: 0.0833278670907
            funksoulrnb: 0.0431140623987
            jazz: 0.177549228072
            pop: 0.0261919125915
            raphiphop: 0.00634847767651
            rock: 0.113561399281
        probability: 0.514103591442
        value: "blues"
    genre_electronica:
        all:
            ambient: 0.390238404274
            dnb: 0.177906110883
            house: 0.295004695654
            techno: 0.0351728573442
            trance: 0.101677939296
        probability: 0.390238404274
        value: "ambient"
    genre_rosamerica:
        all:
            cla: 0.0298661626875
            dan: 0.0192971471697
            hip: 0.0560925267637
            jaz: 0.120923019946
            pop: 0.0706137865782
            rhy: 0.570194780827
            roc: 0.0928119495511
            spe: 0.0402006208897
        probability: 0.570194780827
        value: "rhy"
    genre_tzanetakis:
        all:
            blu: 0.0327366739511
            cla: 0.00709211314097
            cou: 0.236756280065
            dis: 0.0390987209976
            hip: 0.0478411912918
            jaz: 0.0689910277724
            met: 0.00770870642737
            pop: 0.190848961473
            reg: 0.187577739358
            roc: 0.181348577142
        probability: 0.236756280065
        value: "cou"
    live_studio:
        all:
            live: 0.90081846714
            studio: 0.0991815179586
        probability: 0.90081846714
        value: "live"
    mood:
        all:
            Cluster1: 0.200212582946
            Cluster2: 0.272563248873
            Cluster3: 0.108938671649
            Cluster4: 0.194072812796
            Cluster5: 0.224212706089
        probability: 0.272563248873
        value: "Cluster2"
    mood_acoustic:
        all:
            acoustic: 0.943220555782
            not_acoustic: 0.0567794442177
        probability: 0.943220555782
        value: "acoustic"
    mood_aggressive:
        all:
            aggressive: 0.0405171401799
            not_aggressive: 0.959482848644
        probability: 0.959482848644
        value: "not_aggressive"
    mood_electronic:
        all:
            electronic: 0.0278722904623
            not_electronic: 0.972127735615
        probability: 0.972127735615
        value: "not_electronic"
    mood_happy:
        all:
            happy: 0.822873353958
            not_happy: 0.17712661624
        probability: 0.822873353958
        value: "happy"
    mood_party:
        all:
            not_party: 0.625536441803
            party: 0.374463587999
        probability: 0.625536441803
        value: "not_party"
    mood_relaxed:
        all:
            not_relaxed: 0.753899812698
            relaxed: 0.246100157499
        probability: 0.753899812698
        value: "not_relaxed"
    mood_sad:
        all:
            not_sad: 0.434994637966
            sad: 0.565005362034
        probability: 0.565005362034
        value: "sad"
    rhythm:
        all:
            fast: 0.939703762531
            medium: 0.0543053336442
            slow: 0.00599088426679
        probability: 0.939703762531
        value: "fast"
    speech_music:
        all:
            music: 0.591901659966
            speech: 0.408098369837
        probability: 0.591901659966
        value: "music"
    timbre:
        all:
            bright: 0.0097080655396
            dark: 0.990291953087
        probability: 0.990291953087
        value: "dark"
    voice_instrumental:
        all:
            instrumental: 0.0114976158366
            voice: 0.988502383232
        probability: 0.988502383232
        value: "voice"

lowlevel:
    average_loudness: 0.972365021706
    barkbands_kurtosis:
        dmean: 1.97425878048
        dmean2: 2.90121936798
        dvar: 9.87430477142
        dvar2: 17.7096691132
        max: 54.7149772644
        mean: 2.18069338799
        min: -1.87914836407
        var: 38.3684539795
    barkbands_skewness:
        dmean: 0.50641900301
        dmean2: 0.754745483398
        dvar: 0.282577157021
        dvar2: 0.49209612608
        max: 6.78888654709
        mean: 1.23266947269
        min: -3.82470083237
        var: 1.52363312244
    barkbands_spread:
        dmean: 5.87335109711
        dmean2: 8.93173503876
        dvar: 35.8033027649
        dvar2: 67.5827789307
        max: 54.1817588806
        mean: 26.8121795654
        min: 2.32013463974
        var: 157.47442627
    dissonance:
        dmean: 0.0244107972831
        dmean2: 0.0398121103644
        dvar: 0.000587823160458
        dvar2: 0.00146297109313
        max: 0.499999970198
        mean: 0.446985810995
        min: 0.292868107557
        var: 0.00175129482523
    hfc:
        dmean: 1.34531664848
        dmean2: 1.87675094604
        dvar: 2.89557647705
        dvar2: 4.97574520111
        max: 21.2677402496
        mean: 4.35188627243
        min: 0.0621697120368
        var: 15.0852985382
    pitch:
        dmean: 835.546386719
        dmean2: 1636.3638916
        dvar: 2079683.625
        dvar2: 4575462.5
        max: 4410
        mean: 1331.59899902
        min: 82.2761230469
        var: 2658738.5
    pitch_instantaneous_confidence:
        dmean: 0.0958198159933
        dmean2: 0.145043075085
        dvar: 0.0083963284269
        dvar2: 0.0155176911503
        max: 0.93596971035
        mean: 0.507564663887
        min: 0.133725166321
        var: 0.0400320217013
    pitch_salience:
        dmean: 0.0689062178135
        dmean2: 0.105632312596
        dvar: 0.00490746321157
        dvar2: 0.0114434733987
        max: 0.85055577755
        mean: 0.584370017052
        min: 0.155868068337
        var: 0.0155928004533
    silence_rate_20dB:
        dmean: 0
        dmean2: 0
        dvar: 0
        dvar2: 0
        max: 1
        mean: 1
        min: 1
        var: 0
    silence_rate_30dB:
        dmean: 0
        dmean2: 0
        dvar: 0
        dvar2: 0
        max: 1
        mean: 1
        min: 1
        var: 0
    silence_rate_60dB:
        dmean: 0.140909090638
        dmean2: 0.282460123301
        dvar: 0.121053807437
        dvar2: 0.261900573969
        max: 1
        mean: 0.446712017059
        min: 0
        var: 0.247161522508
    spectral_centroid:
        dmean: 235.472320557
        dmean2: 351.171051025
        dvar: 79752.5859375
        dvar2: 138229.34375
        max: 4330.93164062
        mean: 1102.77807617
        min: 293.402770996
        var: 331211.34375
    spectral_complexity:
        dmean: 2.26195907593
        dmean2: 3.35844755173
        dvar: 6.56690168381
        dvar2: 11.9651269913
        max: 30
        mean: 8.75454521179
        min: 0
        var: 43.0079193115
    spectral_crest:
        dmean: 2.40520453453
        dmean2: 3.83686280251
        dvar: 5.38358163834
        dvar2: 11.491314888
        max: 25.2324256897
        mean: 9.93055438995
        min: 3.14313936234
        var: 23.7444915771
    spectral_decrease:
        dmean: 3.19087839484e-10
        dmean2: 4.56291837647e-10
        dvar: 1.9931661322e-19
        dvar2: 4.13905306994e-19
        max: -1.86371976879e-11
        mean: -9.64688551264e-10
        min: -6.20805984397e-09
        var: 5.82759856783e-19
    spectral_energy:
        dmean: 0.00130620237906
        dmean2: 0.0018476160476
        dvar: 3.22972823597e-06
        dvar2: 6.65268498778e-06
        max: 0.0253597162664
        mean: 0.00403568288311
        min: 7.59799222578e-05
        var: 1.00971674328e-05
    spectral_energyband_high:
        dmean: 8.43387024361e-05
        dmean2: 0.00012780072575
        dvar: 2.36107933205e-08
        dvar2: 4.03905531243e-08
        max: 0.00251399795525
        mean: 0.000176885747351
        min: 2.3460495413e-06
        var: 6.30471461704e-08
    spectral_energyband_low:
        dmean: 0.00013630684407
        dmean2: 0.000200556067284
        dvar: 4.46580621372e-08
        dvar2: 1.0485983637e-07
        max: 0.00273656705394
        mean: 0.000352726958226
        min: 2.43758115914e-08
        var: 1.50067037907e-07
    spectral_energyband_middle_high:
        dmean: 0.000362789869541
        dmean2: 0.000508358061779
        dvar: 2.26153446192e-07
        dvar2: 3.27368297803e-07
        max: 0.00853765569627
        mean: 0.00109426002018
        min: 1.05232684291e-05
        var: 1.35589925776e-06
    spectral_energyband_middle_low:
        dmean: 0.00103828252759
        dmean2: 0.00154827849474
        dvar: 2.47554839916e-06
        dvar2: 5.37525056643e-06
        max: 0.019714217633
        mean: 0.00241180486046
        min: 2.2630132662e-05
        var: 4.96293296237e-06
    spectral_flatness_db:
        dmean: 0.0189695321023
        dmean2: 0.0276653282344
        dvar: 0.000403264159104
        dvar2: 0.00062551908195
        max: 0.40049174428
        mean: 0.204615190625
        min: 0.101431235671
        var: 0.0020763296634
    spectral_flux:
        dmean: 0.0103454943746
        dmean2: 0.0156820286065
        dvar: 0.000110632172436
        dvar2: 0.000236580628552
        max: 0.135531291366
        mean: 0.0335511825979
        min: 0.00631553633139
        var: 0.000313754047966
    spectral_kurtosis:
        dmean: 1.62093794346
        dmean2: 2.74297404289
        dvar: 2.51257371902
        dvar2: 7.38531446457
        max: 14.1317806244
        mean: 4.06836032867
        min: 0.25436425209
        var: 4.59452915192
    spectral_rms:
        dmean: 0.000318145292113
        dmean2: 0.000433775101556
        dvar: 1.17262516142e-07
        dvar2: 2.02969815177e-07
        max: 0.00497405137867
        mean: 0.00182684930041
        min: 0.00027226228849
        var: 5.9987445411e-07
    spectral_rolloff:
        dmean: 557.851989746
        dmean2: 927.501220703
        dvar: 530876.125
        dvar2: 1108730.375
        max: 5318.70117188
        mean: 2317.85424805
        min: 215.33203125
        var: 1796195.375
    spectral_skewness:
        dmean: 0.21588306129
        dmean2: 0.34333127737
        dvar: 0.0362729616463
        dvar2: 0.0920239090919
        max: 2.85752010345
        mean: 1.35397934914
        min: 0.46831086278
        var: 0.167494028807
    spectral_spread:
        dmean: 312133.6875
        dmean2: 454623.5
        dvar: 577865580544
        dvar2: 642301296640
        max: 18932904
        mean: 3822206
        min: 2391287.5
        var: 907596267520
    spectral_strongpeak:
        dmean: 0.240069150925
        dmean2: 0.383223444223
        dvar: 0.187433823943
        dvar2: 0.452995568514
        max: 5.46586608887
        mean: 0.483554452658
        min: 0.00703008845448
        var: 0.292932778597
    zerocrossingrate:
        dmean: 0.0103484485298
        dmean2: 0.0113564413041
        dvar: 9.16508142836e-05
        dvar2: 0.00010665908485
        max: 0.197265625
        mean: 0.070308059454
        min: 0.005859375
        var: 0.000799172965344
    barkbands:
        dmean: [2.82268608487e-08, 2.09062091017e-05, 0.000123305551824, 0.000134204732603, 0.000346642715158, 0.000293269928079, 0.000341136124916, 0.000229408789892, 0.0001494109747, 8.59171996126e-05, 4.84582888021e-05, 4.3296829972e-05, 6.13837328274e-05, 3.37011551892e-05, 4.84430092911e-05, 2.65820217464e-05, 4.58896538476e-05, 6.02721811447e-05, 7.06762439222e-05, 0.000143035445944, 2.75739585049e-05, 9.29352609091e-06, 9.25559561438e-07, 2.26955990001e-07, 1.287526743e-07, 3.67370289744e-09, 4.83476592095e-10]
        dmean2: [3.36934711243e-08, 3.41992126778e-05, 0.000185677898116, 0.000226451273193, 0.000555440841708, 0.000439238589024, 0.000546324474271, 0.000362428982044, 0.000201723843929, 0.00012410216732, 7.45618526707e-05, 6.46219486953e-05, 9.14923730306e-05, 5.39754946658e-05, 7.48565216782e-05, 4.14753521909e-05, 7.5569107139e-05, 9.42533879424e-05, 0.000106192892417, 0.0002267974196, 4.09257081628e-05, 1.35278614835e-05, 1.49121979121e-06, 3.40220225326e-07, 1.90731896055e-07, 5.21187581981e-09, 5.98036120625e-10]
        dvar: [1.85867244989e-13, 2.93727087097e-09, 3.61666820936e-08, 4.6881478255e-08, 4.66792016596e-07, 2.61691354808e-07, 5.98230712967e-07, 7.4963560337e-07, 2.63708159309e-07, 8.85666580075e-08, 1.26977042214e-08, 1.37729827543e-08, 2.9559286574e-08, 6.92800661284e-09, 7.26774507243e-09, 2.24935803317e-09, 5.17748466322e-09, 6.76847555781e-09, 9.90213155916e-09, 4.64331506578e-08, 4.56213689048e-09, 9.78156777798e-10, 1.58850866488e-11, 3.72157057775e-13, 1.0241932763e-13, 1.17121747011e-16, 5.14010826734e-17]
        dvar2: [1.86035160801e-13, 7.52233297874e-09, 8.15223302197e-08, 1.29642629076e-07, 1.20603044707e-06, 4.96572454267e-07, 1.4044320551e-06, 1.88133537904e-06, 4.63111888394e-07, 1.0615588053e-07, 2.87840169477e-08, 2.65908770558e-08, 5.2436714526e-08, 1.65486824244e-08, 1.57503521336e-08, 5.40319922138e-09, 1.31056339114e-08, 1.47796201944e-08, 2.15628368494e-08, 1.0617799262e-07, 6.92508894673e-09, 1.93716687136e-09, 3.80701407898e-11, 8.90647039627e-13, 2.17177241902e-13, 1.67325058923e-16, 5.12806021628e-17]
        max: [9.05833530851e-06, 0.000506567186676, 0.00266515300609, 0.0022946537938, 0.00944875273854, 0.00965536106378, 0.00950051937252, 0.0119314305484, 0.0102109462023, 0.00640433095396, 0.00147407501936, 0.0012927998323, 0.00249220035039, 0.00104298244696, 0.00104663264938, 0.000598197919317, 0.000696265604347, 0.000842550594825, 0.000997677678242, 0.00219725933857, 0.00134298566263, 0.000510239566211, 6.36535551166e-05, 9.42523456615e-06, 4.29009105574e-06, 1.42359454003e-07, 1.50812297761e-07]
        mean: [2.81295573501e-08, 2.39650307776e-05, 0.000328744616127, 0.000196324312128, 0.000598174927291, 0.000584971741773, 0.000469146645628, 0.000302866275888, 0.000252817786532, 0.000136554081109, 7.53845233703e-05, 5.95131969021e-05, 9.16466742638e-05, 3.87032087019e-05, 8.70272197062e-05, 4.89484955324e-05, 9.06189452508e-05, 0.000119234086014, 0.000148164457642, 0.00031561544165, 5.03007504449e-05, 1.50225732796e-05, 1.34104334393e-06, 3.71214468942e-07, 1.95385595703e-07, 6.02468208655e-09, 4.66190475112e-10]
        min: [1.01692855525e-11, 1.24177645944e-08, 5.75794922852e-09, 7.6962521689e-08, 1.34973095101e-06, 8.78034029483e-07, 8.84535609202e-07, 1.01558256915e-07, 2.40851278477e-07, 1.32467377512e-07, 6.13822450646e-08, 8.85787727611e-08, 1.00248328749e-07, 8.62958344783e-08, 8.80372752476e-08, 4.65509657488e-08, 1.02979527128e-07, 2.56250450548e-06, 1.34387846629e-06, 2.20869901568e-06, 2.3038649033e-07, 6.1602186463e-08, 1.83533399589e-09, 5.03192321144e-10, 3.19417770012e-10, 2.55906996982e-11, 7.85128038971e-13]
        var: [1.86218431625e-13, 3.05489500363e-09, 1.34332452717e-07, 6.28159142479e-08, 5.5658938436e-07, 1.30031367007e-06, 8.33979413528e-07, 8.43346413149e-07, 6.51150116937e-07, 2.5822876637e-07, 2.91881203651e-08, 2.59751740117e-08, 7.40488985684e-08, 8.90817464239e-09, 1.95827727367e-08, 4.70391992025e-09, 1.40906575297e-08, 2.03905816676e-08, 3.20719735214e-08, 1.47431308051e-07, 1.01677040121e-08, 1.40414591066e-09, 1.64057257362e-11, 4.58852628202e-13, 1.52979774573e-13, 1.81984181685e-16, 5.15192768568e-17]
    mfcc:
        mean: [-765.520385742, 136.291305542, -51.6701660156, 65.8392791748, -32.4374427795, -13.7040615082, -5.65270519257, -16.8206367493, -9.50528812408, -7.98861265182, -10.3562774658, -9.72350215912, -4.85127353668]
        cov: [[3709.82324219, 90.0904541016, -237.508026123, -23.4794769287, 183.829910278, 249.097366333, 42.7398948669, 66.0900421143, 115.247909546, 247.61579895, 139.312225342, 4.54495334625, -24.2265357971], [90.0904541016, 868.352050781, 23.7801609039, 176.753204346, 116.826507568, 31.9913406372, 86.1182174683, 42.874042511, 35.8965072632, 97.778137207, -20.0287666321, 12.972407341, 54.0453147888], [-237.508026123, 23.7801609039, 267.164306641, 46.0937156677, 38.3891487122, 28.7131156921, 18.5483036041, 12.7949752808, 22.3478336334, -32.9384346008, -8.218708992, -36.1929893494, -4.29325628281], [-23.4794769287, 176.753204346, 46.0937156677, 485.789337158, 252.462768555, 51.8692016602, 44.8197593689, 17.6503067017, 35.898311615, 91.7781448364, -51.6939659119, 14.0841674805, 47.8777008057], [183.829910278, 116.826507568, 38.3891487122, 252.462768555, 292.506195068, 79.7770690918, 31.4715900421, 10.9946708679, 54.6003227234, 99.429473877, -6.4666724205, -0.359043627977, -1.95648264885], [249.097366333, 31.9913406372, 28.7131156921, 51.8692016602, 79.7770690918, 196.351242065, 74.7255630493, 33.5086746216, 57.5029945374, 60.3816680908, 42.5671310425, 6.54378080368, -4.23922348022], [42.7398948669, 86.1182174683, 18.5483036041, 44.8197593689, 31.4715900421, 74.7255630493, 121.244720459, 43.6704483032, 33.2537651062, 28.8382911682, 16.4463863373, 16.5371665955, 26.0187263489], [66.0900421143, 42.874042511, 12.7949752808, 17.6503067017, 10.9946708679, 33.5086746216, 43.6704483032, 95.9849014282, 30.5059165955, 8.61132526398, 12.9282245636, 5.06604862213, -0.772573232651], [115.247909546, 35.8965072632, 22.3478336334, 35.898311615, 54.6003227234, 57.5029945374, 33.2537651062, 30.5059165955, 101.298957825, 58.0799980164, 16.178565979, -18.106546402, -1.01118540764], [247.61579895, 97.778137207, -32.9384346008, 91.7781448364, 99.429473877, 60.3816680908, 28.8382911682, 8.61132526398, 58.0799980164, 116.117027283, 31.9448547363, 18.955997467, 4.04417657852], [139.312225342, -20.0287666321, -8.218708992, -51.6939659119, -6.4666724205, 42.5671310425, 16.4463863373, 12.9282245636, 16.178565979, 31.9448547363, 101.833747864, 38.4616241455, -8.82607936859], [4.54495334625, 12.972407341, -36.1929893494, 14.0841674805, -0.359043627977, 6.54378080368, 16.5371665955, 5.06604862213, -18.106546402, 18.955997467, 38.4616241455, 87.2448043823, 25.701839447], [-24.2265357971, 54.0453147888, -4.29325628281, 47.8777008057, -1.95648264885, -4.23922348022, 26.0187263489, -0.772573232651, -1.01118540764, 4.04417657852, -8.82607936859, 25.701839447, 79.1011886597]]
        icov: [[0.000372606300516, 1.24242787933e-05, 0.000299884268316, 0.000211435210076, -0.000195718646864, -0.000364144914784, 0.000241464862484, -0.00032185940654, 0.000289254647214, -0.00070796336513, -0.000258034531726, 0.000471165549243, -0.000254984566709], [1.24242787933e-05, 0.00148891436402, -0.000314551522024, -2.80639051198e-05, -5.44055110367e-05, 0.000408617634093, -0.000776530883741, -0.000592842814513, 0.000801900401711, -0.00185455183964, 0.000527518684976, 0.000343111867551, -0.000690940767527], [0.000299884268316, -0.000314551522024, 0.00524611910805, -0.000557001912966, -0.00110009533819, -0.00086544721853, -0.000199114700081, 0.000195419939701, -0.00178999931086, 0.00404836051166, -0.00176764617208, 0.00195338763297, -0.000139349431265], [0.000211435210076, -2.80639051198e-05, -0.000557001912966, 0.00500919204205, -0.00365494354628, -9.48173037614e-05, 6.25393004157e-05, -0.00110192142893, 0.00130425335374, -0.0025173460599, 0.00277473963797, -0.000693664595019, -0.00242466921918], [-0.000195718646864, -5.44055110367e-05, -0.00110009533819, -0.00365494354628, 0.00853334460407, -0.00108300510328, 0.000243594418862, 0.00065776280826, -0.000350151123712, -0.00390804838389, 0.000721962773241, -9.94810179691e-05, 0.00251728435978], [-0.000364144914784, 0.000408617634093, -0.00086544721853, -9.48173037614e-05, -0.00108300510328, 0.00913242436945, -0.00475718360394, 0.00017525171279, -0.00156817957759, -0.0011305763619, -0.00204248563386, 0.000229457538808, 0.0013841369655], [0.000241464862484, -0.000776530883741, -0.000199114700081, 6.25393004157e-05, 0.000243594418862, -0.00475718360394, 0.0145397791639, -0.00443829549477, -0.000976430543233, -0.00017665795167, 2.98542204291e-06, -0.00106568261981, -0.00417583575472], [-0.00032185940654, -0.000592842814513, 0.000195419939701, -0.00110192142893, 0.00065776280826, 0.00017525171279, -0.00443829549477, 0.0145069416612, -0.00534846261144, 0.0046679796651, -0.000888842798304, -0.00224450649694, 0.00293436949141], [0.000289254647214, 0.000801900401711, -0.00178999931086, 0.00130425335374, -0.000350151123712, -0.00156817957759, -0.000976430543233, -0.00534846261144, 0.020819792524, -0.0124252839014, -0.000844144728035, 0.00776738394052, -0.00288623035885], [-0.00070796336513, -0.00185455183964, 0.00404836051166, -0.0025173460599, -0.00390804838389, -0.0011305763619, -0.00017665795167, 0.0046679796651, -0.0124252839014, 0.0267674382776, -0.00524288462475, -0.00446609221399, 0.00207890500315], [-0.000258034531726, 0.000527518684976, -0.00176764617208, 0.00277473963797, 0.000721962773241, -0.00204248563386, 2.98542204291e-06, -0.000888842798304, -0.000844144728035, -0.00524288462475, 0.0178938098252, -0.00878616608679, 0.00279254512861], [0.000471165549243, 0.000343111867551, 0.00195338763297, -0.000693664595019, -9.94810179691e-05, 0.000229457538808, -0.00106568261981, -0.00224450649694, 0.00776738394052, -0.00446609221399, -0.00878616608679, 0.0210592430085, -0.00672116829082], [-0.000254984566709, -0.000690940767527, -0.000139349431265, -0.00242466921918, 0.00251728435978, 0.0013841369655, -0.00417583575472, 0.00293436949141, -0.00288623035885, 0.00207890500315, 0.00279254512861, -0.00672116829082, 0.0183869712055]]
    spectral_contrast:
        mean: [-6.37871266918e-08, -6.37193977582e-08, -2.86141442984e-07, -7.32696889827e-08, 7.25923641198e-08, -4.55569136193e-07, 3.3023004562e-06, -2.28610906561e-06, -2.06773938771e-06, 1.43999398006e-06, -3.58440672699e-07, -7.52813434701e-07]
        var: [0.000590989016928, 0.00077375449473, 0.00176680390723, 0.00421246653423, 0.00636624405161, 0.0139326304197, 0.0408309549093, 0.0826538205147, 0.111851163208, 0.228778064251, 0.686283648014, 2.06027626991]

rhythm:
    beats_loudness:
        dmean: 0.00291227572598
        dmean2: 0.00561552401632
        dvar: 4.25797134085e-06
        dvar2: 1.1822673514e-05
        max: 0.00852873176336
        mean: 0.00420809118077
        min: 0.000524397182744
        var: 4.27322993346e-06
    beats_loudness_bass:
        dmean: 0.169744133949
        dmean2: 0.337626338005
        dvar: 0.0091126523912
        dvar2: 0.0267578214407
        max: 0.359641700983
        mean: 0.129438698292
        min: 3.79349658033e-05
        var: 0.0141940563917
    bpm: 115.159179688
    bpm_confidence: 0
    first_peak_bpm: 115
    first_peak_spread: 0
    first_peak_weight: 0.947368383408
    onset_rate: 4.30786466599
    second_peak_bpm: 91
    second_peak_spread: 0
    second_peak_weight: 0.0526315793395
    beats_position: [0.0618007704616, 0.585750043392, 1.10969924927, 1.63364851475, 2.15759778023, 2.6815469265, 3.20549631119, 3.72944545746, 4.25339460373, 4.77734375, 5.30129289627, 5.82524204254, 6.48325872421, 6.99962663651, 7.51599311829, 8.03236103058, 8.54872894287, 9.06509590149, 9.58146286011, 10.0978298187]
    bpm_estimates: [113.590324402, 113.755912781, 114.924102783, 112.906700134, 114.075485229, 117.211006165, 113.221862793, 113.034629822, 116.886314392, 115.738548279, 116.438339233, 115.879096985, 116.968704224, 115.53125, 117.081771851, 115.30279541]
    bpm_intervals: [0.52394926548, 0.523949205875, 0.52394926548, 0.52394926548, 0.523949146271, 0.523949384689, 0.523949146271, 0.523949146271, 0.523949146271, 0.523949146271, 0.523949146271, 0.658016681671, 0.516367912292, 0.516366481781, 0.516367912292, 0.516367912292, 0.516366958618, 0.516366958618, 0.516366958618]
    onset_times: [0.0464399084449, 0.162539675832, 0.417959183455, 0.557278931141, 0.661768734455, 1.05650794506, 1.16099774837, 1.42802715302, 1.62539684772, 1.78793644905, 1.98530614376, 2.35682535172, 2.47292518616, 2.51936507225, 2.69351482391, 2.85605430603, 2.93732428551, 3.04181408882, 3.5758728981, 3.72680282593, 4.09832191467, 4.36535167694, 4.6439909935, 5.05034017563, 5.16644001007, 5.4334692955, 5.54956912994, 5.68888902664, 5.94430828094, 6.1068482399, 6.1648979187, 6.3622674942, 6.74539661407, 7.00081634521, 7.25623559952, 7.63936519623, 7.92961454391, 8.24308395386, 8.85841274261, 9.12544250488, 9.287981987, 9.33442211151, 9.71755123138, 9.9613609314]
    rubato_start: []
    rubato_stop: []
    perceptual_tempo: "unknown"

sfx:
    inharmonicity:
        dmean: 0.0356361791492
        dmean2: 0.0642726868391
        dvar: 0.00188582635019
        dvar2: 0.00512096565217
        max: 0.325323015451
        mean: 0.0409262217581
        min: 0
        var: 0.0022490574047
    oddtoevenharmonicenergyratio:
        dmean: 4.95646238327
        dmean2: 9.00153255463
        dvar: 425.247344971
        dvar2: 1199.88061523
        max: 198.031768799
        mean: 3.09449911118
        min: 0
        var: 232.602859497
    pitch_after_max_to_before_max_energy_ratio: 3.54086923599
    pitch_centroid: 198.391235352
    pitch_max_to_total: 0.184090912342
    pitch_min_to_total: 0.0431818179786
    tristimulus:
        dmean: [0.207506909966, 0.238192737103, 0.125772073865]
        dmean2: [0.364990234375, 0.41243866086, 0.216352596879]
        dvar: [0.0383836366236, 0.0464707128704, 0.0207765493542]
        dvar2: [0.0991645380855, 0.133694067597, 0.055371016264]
        max: [1, 0.986047625542, 0.871589541435]
        mean: [0.391579955816, 0.431181043386, 0.142632246017]
        min: [0.000235394851188, 0, 0]
        var: [0.0594752579927, 0.0649112015963, 0.0240979474038]

tonal:
    chords_changes_rate: 0.0904977396131
    chords_number_rate: 0.0407239831984
    chords_strength:
        dmean: 0.0155854895711
        dmean2: 0.0161714535207
        dvar: 0.000150879917783
        dvar2: 0.00021755931084
        max: 0.653681635857
        mean: 0.496440321207
        min: 0.296266943216
        var: 0.0099108479917
    key_strength: 0.510468423367
    tuning_diatonic_strength: 0.415883511305
    tuning_equal_tempered_deviation: 0.228798821568
    tuning_frequency: 448.467559814
    tuning_nontempered_energy_ratio: 0.877138614655
    hpcp:
        dmean: [0.14832508564, 0.17332854867, 0.200929924846, 0.189472451806, 0.223911911249, 0.251742452383, 0.21978546679, 0.187187850475, 0.120614565909, 0.111462019384, 0.109374396503, 0.113808259368, 0.115475513041, 0.120827876031, 0.122025117278, 0.128141477704, 0.137204125524, 0.101556412876, 0.090765312314, 0.12473706156, 0.163124680519, 0.174084156752, 0.137979090214, 0.11110598594, 0.0988000407815, 0.0962849259377, 0.109480313957, 0.129306077957, 0.126386165619, 0.114582806826, 0.112116664648, 0.116894848645, 0.138138696551, 0.129050761461, 0.122331254184, 0.147587880492]
        dmean2: [0.243268921971, 0.283316969872, 0.334909230471, 0.327181577682, 0.396664857864, 0.442666620016, 0.382051020861, 0.320591539145, 0.201080322266, 0.198143690825, 0.196963533759, 0.204381451011, 0.205889046192, 0.208210378885, 0.211900800467, 0.213867917657, 0.239166900516, 0.181773796678, 0.163932189345, 0.225591719151, 0.275078862906, 0.312471628189, 0.232910081744, 0.201439931989, 0.175525248051, 0.161327466369, 0.185627192259, 0.22412905097, 0.226713448763, 0.199936240911, 0.195381686091, 0.201842233539, 0.252579569817, 0.228928402066, 0.211903467774, 0.24818238616]
        dvar: [0.0391781032085, 0.0476699247956, 0.0610937550664, 0.0556682758033, 0.0593023747206, 0.0602227412164, 0.0578716956079, 0.0473285838962, 0.0346326492727, 0.0412972718477, 0.0421522408724, 0.0391264520586, 0.0447217263281, 0.0388317294419, 0.0356214642525, 0.0461030714214, 0.0480443462729, 0.0291487146169, 0.0296215042472, 0.049733273685, 0.0522844158113, 0.0638948082924, 0.0445817038417, 0.0371177494526, 0.0226304959506, 0.0240604262799, 0.0262201670557, 0.0329033061862, 0.0413605943322, 0.0385092385113, 0.0410061404109, 0.0333425812423, 0.0564778372645, 0.0428068824112, 0.0375460349023, 0.0380332507193]
        dvar2: [0.0977386906743, 0.123140789568, 0.160752683878, 0.133214876056, 0.167372509837, 0.175551727414, 0.146078035235, 0.122917629778, 0.0950237587094, 0.116155058146, 0.118831433356, 0.108504205942, 0.131253346801, 0.116510428488, 0.0946494340897, 0.110794700682, 0.119654111564, 0.078215226531, 0.0848404243588, 0.123744562268, 0.145226210356, 0.182169750333, 0.105903618038, 0.0942829251289, 0.0638951286674, 0.0541732050478, 0.0604404956102, 0.0820115953684, 0.105392858386, 0.0986694693565, 0.106875963509, 0.0959527716041, 0.148182809353, 0.116777054965, 0.0775751620531, 0.0984584763646]
        max: [1, 1, 1, 1, 1, 1, 1, 1, 1, 1, 1, 1, 1, 1, 1, 1, 1, 1, 0.985136449337, 1, 1, 1, 1, 1, 0.792552351952, 1, 1, 1, 1, 1, 1, 1, 1, 1, 1, 1]
        mean: [0.202642410994, 0.215199559927, 0.246587023139, 0.243287235498, 0.253610044718, 0.336077034473, 0.348163306713, 0.232799082994, 0.136307328939, 0.110177442431, 0.104640074074, 0.104350738227, 0.109886474907, 0.121077358723, 0.144414797425, 0.17694196105, 0.15338934958, 0.0937425270677, 0.0800661966205, 0.125899478793, 0.188413918018, 0.189863711596, 0.14401230216, 0.108933530748, 0.0950942113996, 0.123121514916, 0.177219599485, 0.168145567179, 0.114734888077, 0.100286364555, 0.113306067884, 0.123950317502, 0.128593757749, 0.134227469563, 0.154788628221, 0.187789559364]
        min: [0.000494585547131, 0.000850555195939, 0.000717078801244, 0.00169779011048, 0.0014776448952, 0.000773166539147, 0.000588998082094, 0.000317460478982, 0.000703248544596, 0.000700074946508, 0.000381694233511, 0.000310552160954, 0.000361849728506, 0.000369232060621, 0.000369354471331, 0.000228674703976, 0.00032271357486, 0.000294216792099, 0.00016581446107, 8.76388075994e-05, 0.000291273259791, 0.000506492855493, 0.000651726033539, 0.000494786305353, 0.00037801777944, 0.000348257861333, 0.000267253315542, 0.000359498662874, 0.000545003509615, 0.00024359949748, 8.21211651783e-05, 0.000173980501131, 0.00030490901554, 0.000623250729404, 0, 0.000866960850544]
        var: [0.0600480139256, 0.0630236789584, 0.0845083147287, 0.0797462314367, 0.0711319223046, 0.0957226902246, 0.108847081661, 0.0722182616591, 0.036741912365, 0.0343230590224, 0.0368128083646, 0.0369865112007, 0.0405718721449, 0.0421383529902, 0.0469999015331, 0.085236415267, 0.062952645123, 0.025576164946, 0.0206162128597, 0.0474592298269, 0.0718081966043, 0.0770926475525, 0.0558166690171, 0.0326916314662, 0.0206318572164, 0.0266003180295, 0.0413851588964, 0.0407455265522, 0.0335616990924, 0.0342808440328, 0.0452680513263, 0.0366326794028, 0.0492901466787, 0.0469776503742, 0.0552981495857, 0.0581391006708]
    chords_histogram: [0, 1.35746610165, 33.9366531372, 0, 0, 0, 0, 3.16742086411, 11.3122167587, 0, 0, 0, 4.07239818573, 0, 3.61990952492, 0, 18.0995483398, 0, 0, 0, 0, 17.1945705414, 7.23981904984, 0]
    thpcp: [1, 0.668649077415, 0.391504019499, 0.316453337669, 0.300548821688, 0.299717783928, 0.315617620945, 0.347760260105, 0.414790391922, 0.508215427399, 0.44056725502, 0.269248723984, 0.229967355728, 0.361610412598, 0.541165351868, 0.545329451561, 0.413634359837, 0.312880575657, 0.273131042719, 0.353631496429, 0.509012877941, 0.482950270176, 0.329543322325, 0.288044035435, 0.325439423323, 0.356012016535, 0.369348973036, 0.385530203581, 0.444586277008, 0.539372086525, 0.582032620907, 0.61809951067, 0.708251059055, 0.69877332449, 0.728422641754, 0.965285599232]
    chords_key: "A#"
    chords_scale: "minor"
    key_key: "D#"
    key_scale: "minor"
    chords_progression: ["E", "D#", "D#", "E", "E", "D#", "D#", "E", "E", "E", "E", "E", "E", "E", "E", "E", "E", "E", "E", "E", "E", "E", "E", "E", "E", "E", "E", "E", "E", "E", "E", "E", "E", "E", "E", "E", "E", "E", "E", "E", "Am", "Bm", "Bm", "Bm", "Bm", "Bm", "Bm", "Bm", "Bm", "Bm", "Bm", "Bm", "Bm", "Bm", "Bm", "Bm", "Bm", "Bm", "Bm", "Bm", "Bm", "Bm", "Bm", "Bm", "Bm", "Bm", "A#m", "A#m", "A#m", "A#m", "A#m", "A#m", "A#m", "A#m", "A#m", "A#m", "A#m", "A#m", "A#m", "A#m", "A#m", "A#m", "A#m", "A#m", "A#m", "A#m", "A#m", "A#m", "A#m", "A#m", "A#m", "A#m", "A#m", "A#m", "A#m", "A#m", "A#m", "A#m", "A#m", "A#m", "A#m", "A#m", "A#m", "A#m", "A#m", "A#m", "A#m", "A#m", "A#m", "A#m", "A#m", "A#m", "A#m", "A#m", "A#m", "A#m", "A#m", "A#m", "A#m", "A#m", "A#m", "A#m", "F#", "A#m", "A#m", "A#m", "A#m", "A#m", "A#m", "A#m", "A#m", "A#m", "A#m", "A#m", "A#m", "A#m", "A#m", "A#m", "A#m", "F#", "F#", "A#m", "A#m", "A#m", "Bm", "Bm", "Bm", "Bm", "Bm", "Bm", "Bm", "Bm", "Bm", "Bm", "Bm", "Bm", "Bm", "Bm", "Bm", "Gm", "Gm", "Gm", "Gm", "Gm", "Gm", "Gm", "Gm", "Gm", "Gm", "Gm", "Gm", "Gm", "Gm", "Gm", "Gm", "Gm", "Gm", "Gm", "Gm", "Gm", "Gm", "Gm", "Gm", "Gm", "Am", "Am", "Am", "Am", "Am", "Am", "Am", "Am", "G#m", "G#m", "G#m", "G#m", "G#m", "G#m", "G#m", "G#m", "G#m", "G#m", "G#m", "G#m", "G#m", "G#m", "G#m", "Em", "Em", "Em", "Em", "Em", "Em", "Em", "Em", "E", "G#m", "E", "D#", "D#", "D#"]
