
metadata:
    version:
        essentia: "1.2.2"
    audio_properties:
        analysis_sample_rate: 44100
        bitrate: 128
        channels: 2
        equal_loudness: 1
        length: 10.0048980713
        replay_gain: -7.92333602905
        downmix: "mix"
    tags:
        track: 22
        year: 0
        album: "Splitted by Mp3Splt v. 2.1"
        artist: "From 003.30 To 003.40"
        comment: "http://mp3splt.sf.net"
        genre: ""
        title: "05 The Only Mistake.mp3"

highlevel:
    ballroom:
        all:
            ChaChaCha: 0.0396842695773
            Jive: 0.734579622746
            Quickstep: 0.0406422168016
            Rumba-American: 0.0060744988732
            Rumba-International: 0.00587609736249
            Rumba-Misc: 0.00233972817659
            Samba: 0.0359944887459
            Tango: 0.0163988340646
            VienneseWaltz: 0.104467667639
            Waltz: 0.0139425797388
        probability: 0.734579622746
        value: "Jive"
    culture:
        all:
            non_western: 0.0930316075683
            western: 0.906968414783
        probability: 0.906968414783
        value: "western"
    gender:
        all:
            female: 0.20829719305
            male: 0.79170280695
        probability: 0.79170280695
        value: "male"
    genre_dortmund:
        all:
            alternative: 0.077081464231
            blues: 0.024408692494
            electronic: 0.0113132679835
            folkcountry: 0.0274373777211
            funksoulrnb: 0.00488733313978
            jazz: 0.00404094904661
            pop: 0.0192719846964
            raphiphop: 0.00349600007758
            rock: 0.828062951565
        probability: 0.828062951565
        value: "rock"
    genre_electronica:
        all:
            ambient: 0.205316826701
            dnb: 0.611538112164
            house: 0.00809103995562
            techno: 0.0547526851296
            trance: 0.120301350951
        probability: 0.611538112164
        value: "dnb"
    genre_rosamerica:
        all:
            cla: 0.0146537274122
            dan: 0.00449688313529
            hip: 0.00322923576459
            jaz: 0.00744694611058
            pop: 0.0176097210497
            rhy: 0.00848256982863
            roc: 0.942880213261
            spe: 0.00120069854893
        probability: 0.942880213261
        value: "roc"
    genre_tzanetakis:
        all:
            blu: 0.0100056361407
            cla: 0.0222845859826
            cou: 0.216278642416
            dis: 0.151300013065
            hip: 0.0091514820233
            jaz: 0.0249950326979
            met: 0.0458482839167
            pop: 0.0320478193462
            reg: 0.031708125025
            roc: 0.456380397081
        probability: 0.456380397081
        value: "roc"
    live_studio:
        all:
            live: 0.0301118902862
            studio: 0.969888091087
        probability: 0.969888091087
        value: "studio"
    mood:
        all:
            Cluster1: 0.320251017809
            Cluster2: 0.0349674709141
            Cluster3: 0.0235722716898
            Cluster4: 0.0963622033596
            Cluster5: 0.52484703064
        probability: 0.52484703064
        value: "Cluster5"
    mood_acoustic:
        all:
            acoustic: 0.0234723407775
            not_acoustic: 0.976527631283
        probability: 0.976527631283
        value: "not_acoustic"
    mood_aggressive:
        all:
            aggressive: 0.966141343117
            not_aggressive: 0.0338586270809
        probability: 0.966141343117
        value: "aggressive"
    mood_electronic:
        all:
            electronic: 0.134044319391
            not_electronic: 0.865955710411
        probability: 0.865955710411
        value: "not_electronic"
    mood_happy:
        all:
            happy: 0.855060577393
            not_happy: 0.144939422607
        probability: 0.855060577393
        value: "happy"
    mood_party:
        all:
            not_party: 0.331100702286
            party: 0.668899297714
        probability: 0.668899297714
        value: "party"
    mood_relaxed:
        all:
            not_relaxed: 0.959962129593
            relaxed: 0.0400378517807
        probability: 0.959962129593
        value: "not_relaxed"
    mood_sad:
        all:
            not_sad: 0.939574062824
            sad: 0.0604259520769
        probability: 0.939574062824
        value: "not_sad"
    rhythm:
        all:
            fast: 0.941158235073
            medium: 0.0514427162707
            slow: 0.00739906867966
        probability: 0.941158235073
        value: "fast"
    speech_music:
        all:
            music: 0.99999922514
            speech: 7.7736598314e-07
        probability: 0.99999922514
        value: "music"
    timbre:
        all:
            bright: 0.380180001259
            dark: 0.619819998741
        probability: 0.619819998741
        value: "dark"
    voice_instrumental:
        all:
            instrumental: 0.769219875336
            voice: 0.230780124664
        probability: 0.769219875336
        value: "instrumental"

lowlevel:
    average_loudness: 0.974496006966
    barkbands_kurtosis:
        dmean: 0.987465381622
        dmean2: 1.6838208437
        dvar: 1.66432929039
        dvar2: 4.18688154221
        max: 9.82257175446
        mean: 0.112657949328
        min: -1.79355883598
        var: 3.64786958694
    barkbands_skewness:
        dmean: 0.442015856504
        dmean2: 0.686383187771
        dvar: 0.210443645716
        dvar2: 0.423230171204
        max: 1.82202911377
        mean: -0.622489392757
        min: -2.74814867973
        var: 0.786536812782
    barkbands_spread:
        dmean: 5.43981027603
        dmean2: 8.63280010223
        dvar: 24.0736579895
        dvar2: 54.8170013428
        max: 53.9210014343
        mean: 27.3216171265
        min: 6.54928779602
        var: 106.579963684
    dissonance:
        dmean: 0.0129105756059
        dmean2: 0.0223804507405
        dvar: 0.000156640089699
        dvar2: 0.00043652736349
        max: 0.499209284782
        mean: 0.478246688843
        min: 0.40573912859
        var: 0.000243937640334
    hfc:
        dmean: 2.32251358032
        dmean2: 3.64258766174
        dvar: 8.37762546539
        dvar2: 17.7770118713
        max: 32.9838027954
        mean: 8.38992595673
        min: 1.7779583931
        var: 25.6054172516
    pitch:
        dmean: 510.932098389
        dmean2: 992.224975586
        dvar: 751962.75
        dvar2: 1972282.25
        max: 4009.09082031
        mean: 720.065490723
        min: 87.5
        var: 842564.9375
    pitch_instantaneous_confidence:
        dmean: 0.0823649838567
        dmean2: 0.126333609223
        dvar: 0.00509243551642
        dvar2: 0.00970880780369
        max: 0.76119852066
        mean: 0.444453120232
        min: 0.166011452675
        var: 0.0211933087558
    pitch_salience:
        dmean: 0.0657718703151
        dmean2: 0.106912583113
        dvar: 0.00367056042887
        dvar2: 0.00909046269953
        max: 0.802976071835
        mean: 0.608636081219
        min: 0.334296256304
        var: 0.00660749711096
    silence_rate_20dB:
        dmean: 0
        dmean2: 0
        dvar: 0
        dvar2: 0
        max: 1
        mean: 1
        min: 1
        var: 0
    silence_rate_30dB:
        dmean: 0
        dmean2: 0
        dvar: 0
        dvar2: 0
        max: 1
        mean: 1
        min: 1
        var: 0
    silence_rate_60dB:
        dmean: 0.1441860497
        dmean2: 0.286713272333
        dvar: 0.123396776617
        dvar2: 0.23714312911
        max: 1
        mean: 0.28770300746
        min: 0
        var: 0.204929038882
    spectral_centroid:
        dmean: 245.990951538
        dmean2: 379.670227051
        dvar: 72742.0078125
        dvar2: 150189.296875
        max: 2966.99121094
        mean: 1777.17529297
        min: 445.722991943
        var: 195296.203125
    spectral_complexity:
        dmean: 3.56542062759
        dmean2: 5.8992972374
        dvar: 14.6008996964
        dvar2: 38.4324645996
        max: 36
        mean: 14.6806526184
        min: 3
        var: 27.3967990875
    spectral_crest:
        dmean: 2.20822930336
        dmean2: 3.70943689346
        dvar: 4.5309176445
        dvar2: 10.8405981064
        max: 16.5850200653
        mean: 7.25223207474
        min: 2.5833325386
        var: 7.14962625504
    spectral_decrease:
        dmean: 3.27503718589e-10
        dmean2: 5.14724429745e-10
        dvar: 2.01617390245e-19
        dvar2: 4.56222626361e-19
        max: -2.15507819923e-10
        mean: -1.05020192542e-09
        min: -4.31534852297e-09
        var: 3.29261957013e-19
    spectral_energy:
        dmean: 0.00141758297104
        dmean2: 0.00221322663128
        dvar: 3.5246639527e-06
        dvar2: 7.90501053416e-06
        max: 0.017568513751
        mean: 0.00472469301894
        min: 0.00100074417423
        var: 6.46485386824e-06
    spectral_energyband_high:
        dmean: 6.07002039033e-05
        dmean2: 0.000103390084405
        dvar: 1.04954542834e-08
        dvar2: 2.78708061074e-08
        max: 0.00101381866261
        mean: 0.000141350727063
        min: 2.73550267593e-05
        var: 2.38019666199e-08
    spectral_energyband_low:
        dmean: 0.000262684799964
        dmean2: 0.000390885659726
        dvar: 2.87399643639e-07
        dvar2: 6.31240880011e-07
        max: 0.00318868621252
        mean: 0.000336706521921
        min: 8.09971879789e-06
        var: 3.69367768371e-07
    spectral_energyband_middle_high:
        dmean: 0.000905855093151
        dmean2: 0.00143265654333
        dvar: 1.28823523937e-06
        dvar2: 2.53285475083e-06
        max: 0.0134457144886
        mean: 0.00319443712942
        min: 0.000568095012568
        var: 4.37647759099e-06
    spectral_energyband_middle_low:
        dmean: 0.000625006912742
        dmean2: 0.00101902266033
        dvar: 1.58067518896e-06
        dvar2: 4.13665611632e-06
        max: 0.0118238674477
        mean: 0.00105220160913
        min: 7.24448036635e-05
        var: 1.43573072364e-06
    spectral_flatness_db:
        dmean: 0.0148862106726
        dmean2: 0.0231428723782
        dvar: 0.000163513730513
        dvar2: 0.000353969313437
        max: 0.228632047772
        mean: 0.158183291554
        min: 0.0955789983273
        var: 0.000702318910044
    spectral_flux:
        dmean: 0.0109568443149
        dmean2: 0.0177195798606
        dvar: 0.000120247706946
        dvar2: 0.00029291093233
        max: 0.102241307497
        mean: 0.0435428470373
        min: 0.0180529784411
        var: 0.00024754262995
    spectral_kurtosis:
        dmean: 1.29598498344
        dmean2: 2.13074636459
        dvar: 1.56293356419
        dvar2: 4.01452255249
        max: 15.4715309143
        mean: 6.22842693329
        min: 0.227478742599
        var: 7.98151922226
    spectral_rms:
        dmean: 0.000309396564262
        dmean2: 0.000471623672638
        dvar: 1.24595558759e-07
        dvar2: 2.55344360767e-07
        max: 0.00414005015045
        mean: 0.00207702931948
        min: 0.000988097046502
        var: 2.95403424388e-07
    spectral_rolloff:
        dmean: 300.257232666
        dmean2: 493.145446777
        dvar: 140911.59375
        dvar2: 328393.25
        max: 4328.17382812
        mean: 3027.09643555
        min: 1055.12695312
        var: 233026.625
    spectral_skewness:
        dmean: 0.159895002842
        dmean2: 0.259685724974
        dvar: 0.0203842408955
        dvar2: 0.0471493750811
        max: 3.230894804
        mean: 1.85618329048
        min: 0.912074446678
        var: 0.132380232215
    spectral_spread:
        dmean: 442537.46875
        dmean2: 623871
        dvar: 171496194048
        dvar2: 318160142336
        max: 8302391
        mean: 4124928.5
        min: 2250583.75
        var: 1.03020527616e+12
    spectral_strongpeak:
        dmean: 0.711946427822
        dmean2: 1.19678723812
        dvar: 0.669645667076
        dvar2: 1.53281199932
        max: 5.62815666199
        mean: 1.24664378166
        min: 0.0327744409442
        var: 1.49615418911
    zerocrossingrate:
        dmean: 0.00776800699532
        dmean2: 0.00919386744499
        dvar: 5.86996138736e-05
        dvar2: 8.78131031641e-05
        max: 0.14599609375
        mean: 0.0954652428627
        min: 0.04345703125
        var: 0.000276828563074
    barkbands:
        dmean: [5.58384485316e-08, 0.000182990232133, 0.000151746062329, 0.000315162818879, 0.000198342138901, 4.8135581892e-05, 3.42434359482e-05, 9.85797523754e-05, 7.09997038939e-05, 4.03449193982e-05, 4.36187292507e-05, 0.000105068400444, 8.59386636876e-05, 0.000178459711606, 0.000326740962919, 0.000209740042919, 0.000262492452748, 0.000220556714339, 0.000198473862838, 7.73055071477e-05, 2.76000209851e-05, 5.64629317523e-06, 1.86526301604e-06, 1.3989101717e-06, 6.4055149096e-07, 2.3018968065e-08, 3.65516478196e-10]
        dmean2: [8.44374028475e-08, 0.000280407140963, 0.000272141245659, 0.000530964403879, 0.00033794916817, 8.10028868727e-05, 5.50695949642e-05, 0.000141558106407, 0.000112543653813, 6.44902902422e-05, 7.19316958566e-05, 0.000175466950168, 0.000142262579175, 0.000302307365928, 0.000496755412314, 0.000333646486979, 0.000414934387663, 0.000350476213498, 0.000321546540363, 0.000128770436277, 4.81498573208e-05, 8.87770784175e-06, 2.93828384201e-06, 2.16913917939e-06, 9.58129817263e-07, 3.61387364478e-08, 5.69322644584e-10]
        dvar: [1.90629186292e-14, 1.61047893243e-07, 1.27804369754e-07, 6.67957237965e-07, 1.95718996565e-07, 1.23140768693e-08, 4.73655648037e-09, 2.96440667569e-08, 3.76370863364e-08, 2.17651296985e-09, 5.91191628985e-09, 6.056755808e-08, 2.43733015992e-08, 8.00629536002e-08, 2.6064060421e-07, 1.23760855786e-07, 1.41743342397e-07, 1.14679302499e-07, 7.42403898357e-08, 2.09903969761e-08, 1.73176173401e-09, 8.05511837787e-11, 1.72259203429e-11, 1.69734278715e-11, 1.33694292616e-12, 8.00232735792e-16, 4.1259988157e-18]
        dvar2: [4.43412430525e-14, 3.48198710753e-07, 3.59901235925e-07, 1.71478961875e-06, 5.46232570287e-07, 2.88218142686e-08, 1.16622098645e-08, 4.62017766267e-08, 9.6651596948e-08, 5.57171864202e-09, 1.57298565284e-08, 1.49678697881e-07, 5.67254829775e-08, 2.08239356425e-07, 5.57379451038e-07, 2.52658963973e-07, 3.2917154158e-07, 2.60986212197e-07, 1.62488163369e-07, 5.59364252695e-08, 4.97239183161e-09, 1.96829982868e-10, 4.31571896276e-11, 2.95643995396e-11, 2.99099221952e-12, 1.96407416359e-15, 4.2700982279e-18]
        max: [1.37260644806e-06, 0.00221396563575, 0.00243133842014, 0.00759800104424, 0.00456993328407, 0.00177715835162, 0.00100615667179, 0.00300561985932, 0.00268302345648, 0.000417035305873, 0.000897539546713, 0.00291264336556, 0.00182176823728, 0.00395917706192, 0.00513963121921, 0.0047230408527, 0.0035844144877, 0.00380153721198, 0.00339036341757, 0.00128123583272, 0.000358381279511, 0.000144217687193, 7.78495668783e-05, 8.79589933902e-05, 1.74488723133e-05, 3.30430538042e-07, 4.20887467101e-08]
        mean: [5.49723502274e-08, 0.000190584440134, 0.000146067905007, 0.000369257380953, 0.000266432849457, 6.38611018076e-05, 4.51080341008e-05, 0.000176257788553, 0.000118557931273, 6.802756252e-05, 6.45209365757e-05, 0.000166600788361, 0.000129529027618, 0.000294253637549, 0.000559739826713, 0.000388055341318, 0.000519698951393, 0.000500360387377, 0.000441265641712, 0.000136992646731, 5.7024662965e-05, 1.33038311105e-05, 4.32598972111e-06, 3.32606805387e-06, 1.43522345297e-06, 5.41388622821e-08, 4.27609420095e-10]
        min: [1.42010916915e-11, 3.11186681756e-07, 3.41222653333e-06, 3.36069842888e-06, 1.46703350765e-05, 2.28120461543e-06, 1.8130283479e-06, 1.57760553066e-06, 7.44233204841e-07, 4.2516794565e-06, 1.61978880442e-06, 6.24459062237e-06, 9.41772759688e-06, 1.49488114403e-05, 2.90090974886e-05, 2.39524961216e-05, 8.620947483e-06, 2.11472233786e-05, 6.01552674198e-05, 1.79166254384e-05, 7.94497918832e-06, 1.41431780776e-06, 4.14790974901e-07, 3.33993256163e-07, 1.13901394982e-08, 4.10097761305e-10, 1.91233834324e-12]
        var: [2.04806705178e-14, 1.79015486879e-07, 9.13957265425e-08, 5.25031168763e-07, 1.46215981545e-07, 1.55823141057e-08, 7.50468576172e-09, 1.31050967411e-07, 1.23289638054e-07, 3.51697404533e-09, 6.18670892294e-09, 1.1039726644e-07, 3.64691601362e-08, 1.00368993117e-07, 5.55606050057e-07, 2.77262074633e-07, 3.79543251938e-07, 3.3198273286e-07, 1.29911640556e-07, 2.92367925425e-08, 2.66697508522e-09, 2.73163131004e-10, 3.49764071872e-11, 4.77749506622e-11, 2.66579293362e-12, 2.00571684437e-15, 4.15449849653e-18]
    mfcc:
        mean: [-706.589904785, 105.25756073, -69.9914550781, 42.3622932434, 13.3555822372, 1.14805996418, 5.17844867706, -3.31596684456, -4.46513605118, 2.46361589432, -4.49075222015, -8.13196754456, -10.7362995148]
        cov: [[432.630828857, -80.9450759888, -7.5320019722, -1.02840209007, -40.6965904236, -27.8784637451, -51.6828765869, -28.9453697205, -6.09452915192, -9.34397506714, -16.0003395081, -15.1247386932, -40.2975006104], [-80.9450759888, 349.809539795, -51.6496963501, 3.09934473038, -9.77366828918, -65.9516525269, 13.9819374084, 31.8036518097, 4.85741233826, 35.0334739685, 59.7500419617, 48.962146759, 35.0273513794], [-7.5320019722, -51.6496963501, 356.684112549, 82.9759216309, -39.581199646, 149.64276123, 144.806121826, -3.25313925743, -2.53603696823, 51.7632675171, 26.5475597382, -14.5054702759, 47.6127319336], [-1.02840209007, 3.09934473038, 82.9759216309, 170.392211914, 91.0225372314, 47.8336372375, 23.0724201202, 17.8803768158, 44.4150085449, 7.38249015808, 17.1589374542, 0.530106723309, 22.3604831696], [-40.6965904236, -9.77366828918, -39.581199646, 91.0225372314, 227.989334106, -2.59788918495, -46.7284622192, 26.1015872955, 54.9959335327, -22.100353241, -12.3518915176, 2.87725305557, 3.27237796783], [-27.8784637451, -65.9516525269, 149.64276123, 47.8336372375, -2.59788918495, 167.556808472, 63.8586997986, -13.4156007767, 2.49724626541, 24.6313247681, -8.32583713531, -23.5583457947, 18.6991615295], [-51.6828765869, 13.9819374084, 144.806121826, 23.0724201202, -46.7284622192, 63.8586997986, 151.199539185, 14.0827217102, -3.18735599518, 25.7692947388, 28.854970932, 2.93542098999, 30.8116016388], [-28.9453697205, 31.8036518097, -3.25313925743, 17.8803768158, 26.1015872955, -13.4156007767, 14.0827217102, 69.9361495972, 19.6712741852, 7.38404846191, 17.3951301575, 9.11047077179, 5.49275112152], [-6.09452915192, 4.85741233826, -2.53603696823, 44.4150085449, 54.9959335327, 2.49724626541, -3.18735599518, 19.6712741852, 75.0577926636, 15.036614418, 2.33560776711, -0.351533263922, 4.50676774979], [-9.34397506714, 35.0334739685, 51.7632675171, 7.38249015808, -22.100353241, 24.6313247681, 25.7692947388, 7.38404846191, 15.036614418, 77.7717819214, 33.6360092163, 1.33906698227, 11.3023729324], [-16.0003395081, 59.7500419617, 26.5475597382, 17.1589374542, -12.3518915176, -8.32583713531, 28.854970932, 17.3951301575, 2.33560776711, 33.6360092163, 70.3249206543, 24.8001556396, 17.8339672089], [-15.1247386932, 48.962146759, -14.5054702759, 0.530106723309, 2.87725305557, -23.5583457947, 2.93542098999, 9.11047077179, -0.351533263922, 1.33906698227, 24.8001556396, 56.4836120605, 29.2275867462], [-40.2975006104, 35.0273513794, 47.6127319336, 22.3604831696, 3.27237796783, 18.6991615295, 30.8116016388, 5.49275112152, 4.50676774979, 11.3023729324, 17.8339672089, 29.2275867462, 60.3755989075]]
        icov: [[0.00288430321962, 0.000575797748752, -0.000667646003421, -0.000831258890685, 0.000993342837319, 0.000867734313942, 0.00121826166287, 0.000696341390721, -0.00032019088394, -6.43216844765e-05, 6.61263838992e-05, -0.000702307850588, 0.00177417555824], [0.000575797748752, 0.00421169539914, 0.000943829829339, -0.000735782145057, 0.000366847554687, 0.00147105229553, -0.00054404506227, -0.000531752360985, 0.000518686021678, -0.00176647002809, -0.00144718983211, -0.0011250814423, -0.00141632009763], [-0.000667646003421, 0.000943829829339, 0.00768507551402, -0.00245795957744, 0.000565063208342, -0.00316771375947, -0.00466320291162, 0.000295202189591, 0.00171726429835, -0.00243023410439, -0.000382278580219, 0.00176474987529, -0.00325463549234], [-0.000831258890685, -0.000735782145057, -0.00245795957744, 0.0111357616261, -0.00391399068758, -0.00180160650052, 0.000467051460873, -0.000268961361144, -0.00399842485785, 0.00270320381969, -0.00365896057338, 0.00149659940507, -0.00160882109776], [0.000993342837319, 0.000366847554687, 0.000565063208342, -0.00391399068758, 0.00801346357912, -0.000376353273168, 0.00262912805192, -0.00169492862187, -0.00332692498341, 0.00196060584858, 0.000788817298599, -0.000671987130772, -7.75538719608e-05], [0.000867734313942, 0.00147105229553, -0.00316771375947, -0.00180160650052, -0.000376353273168, 0.0119553394616, -0.0015983178746, 0.00185759668238, 0.000908737652935, -0.00313786580227, 0.0031463066116, 0.00258179707453, -0.00180423958227], [0.00121826166287, -0.00054404506227, -0.00466320291162, 0.000467051460873, 0.00262912805192, -0.0015983178746, 0.0137009173632, -0.00272696255706, -0.00113044702448, 0.00220290175639, -0.00314786843956, 0.000592881115153, -0.00144336710218], [0.000696341390721, -0.000531752360985, 0.000295202189591, -0.000268961361144, -0.00169492862187, 0.00185759668238, -0.00272696255706, 0.0181007888168, -0.0034088883549, -1.66621339304e-05, -0.00285917241126, -0.000634795811493, 0.00131097075064], [-0.00032019088394, 0.000518686021678, 0.00171726429835, -0.00399842485785, -0.00332692498341, 0.000908737652935, -0.00113044702448, -0.0034088883549, 0.0202601477504, -0.00677376752719, 0.00330952974036, 0.000480580580188, -0.00105663598515], [-6.43216844765e-05, -0.00176647002809, -0.00243023410439, 0.00270320381969, 0.00196060584858, -0.00313786580227, 0.00220290175639, -1.66621339304e-05, -0.00677376752719, 0.0217020474374, -0.010490886867, 0.00371190113947, -0.000614958582446], [6.61263838992e-05, -0.00144718983211, -0.000382278580219, -0.00365896057338, 0.000788817298599, 0.0031463066116, -0.00314786843956, -0.00285917241126, 0.00330952974036, -0.010490886867, 0.0267520267516, -0.00923929642886, 0.00167714455165], [-0.000702307850588, -0.0011250814423, 0.00176474987529, 0.00149659940507, -0.000671987130772, 0.00258179707453, 0.000592881115153, -0.000634795811493, 0.000480580580188, 0.00371190113947, -0.00923929642886, 0.0326672233641, -0.0165856927633], [0.00177417555824, -0.00141632009763, -0.00325463549234, -0.00160882109776, -7.75538719608e-05, -0.00180423958227, -0.00144336710218, 0.00131097075064, -0.00105663598515, -0.000614958582446, 0.00167714455165, -0.0165856927633, 0.0306393019855]]
    spectral_contrast:
        mean: [5.61138122634e-08, 1.68710499793e-07, 1.14433277076e-07, 1.50522566855e-07, -1.72735369119e-07, 1.28865522697e-07, -3.24546590491e-06, -2.88709134111e-06, -1.03926048212e-07, 5.32586284407e-07, -8.99627181639e-08, -1.10053235858e-06]
        var: [0.000446633610409, 0.000802038994152, 0.0016760303406, 0.00206069764681, 0.00259358715266, 0.0039057713002, 0.0396955311298, 0.0695750340819, 0.077132165432, 0.221267804503, 0.257481276989, 0.396550118923]

rhythm:
    beats_loudness:
        dmean: 0.003089399077
        dmean2: 0.00450255582109
        dvar: 6.11049654253e-06
        dvar2: 2.0077721274e-05
        max: 0.0106509132311
        mean: 0.0058744000271
        min: 0.00151410757098
        var: 7.49700666347e-06
    beats_loudness_bass:
        dmean: 0.211932048202
        dmean2: 0.409505695105
        dvar: 0.0296128094196
        dvar2: 0.0764002203941
        max: 0.704020678997
        mean: 0.171058371663
        min: 0.0103539451957
        var: 0.0319456756115
    bpm: 132.522872925
    bpm_confidence: 0
    first_peak_bpm: 105
    first_peak_spread: 0
    first_peak_weight: 0.555555582047
    onset_rate: 3.79813981056
    second_peak_bpm: 133
    second_peak_spread: 0
    second_peak_weight: 0.388888895512
    beats_position: [0.105259083211, 0.675913393497, 1.24656772614, 1.81722199917, 2.3878762722, 2.95853066444, 3.52918505669, 4.09983921051, 4.67049360275, 5.241147995, 5.81180238724, 6.43114709854, 6.88397598267, 7.33680534363, 7.78963422775, 8.24246406555, 8.69529342651, 9.1481218338, 9.60095119476]
    bpm_estimates: [131.345474243, 132.795028687, 130.639938354, 135.681549072, 132.152313232]
    bpm_intervals: [0.570654332638, 0.570654332638, 0.570654273033, 0.570654273033, 0.570654392242, 0.570654392242, 0.570654153824, 0.570654392242, 0.570654392242, 0.570654392242, 0.619344711304, 0.452828884125, 0.452829360962, 0.452828884125, 0.452829837799, 0.452829360962, 0.452828407288, 0.452829360962]
    onset_times: [0.0580498874187, 0.162539675832, 0.383129239082, 0.592108845711, 0.708208620548, 0.824308395386, 1.11455786228, 1.24226760864, 1.31192743778, 1.52090704441, 1.74149656296, 2.19428563118, 2.36843538284, 2.65868473053, 3.33206343651, 4.66721105576, 4.86458063126, 4.9806804657, 5.79337882996, 6.00235843658, 6.21133804321, 6.32743787766, 6.40870761871, 6.52480745316, 6.65251684189, 6.6989569664, 6.87310647964, 6.90793657303, 7.10530614853, 7.32589578629, 7.56970500946, 7.79029464722, 8.0224943161, 8.06893444061, 8.71909332275, 8.96290206909, 9.38086128235, 9.89170074463]
    rubato_start: [6.88397598267]
    rubato_stop: [7.33680534363]
    perceptual_tempo: "unknown"

sfx:
    inharmonicity:
        dmean: 0.059385754168
        dmean2: 0.102953776717
        dvar: 0.00287066213787
        dvar2: 0.00824910961092
        max: 0.403940290213
        mean: 0.0702596306801
        min: 0.000134424568387
        var: 0.00340100377798
    oddtoevenharmonicenergyratio:
        dmean: 3.43363022804
        dmean2: 6.45604610443
        dvar: 57.4807929993
        dvar2: 167.416305542
        max: 74.3459854126
        mean: 2.32808589935
        min: 0.00252368114889
        var: 34.4979820251
    pitch_after_max_to_before_max_energy_ratio: 4.50278568268
    pitch_centroid: 186.050872803
    pitch_max_to_total: 0.128205135465
    pitch_min_to_total: 0.801864802837
    tristimulus:
        dmean: [0.180955052376, 0.264703512192, 0.155044227839]
        dmean2: [0.316372513771, 0.458819568157, 0.278547972441]
        dvar: [0.0255629327148, 0.0450500994921, 0.0187981128693]
        dvar2: [0.0679452419281, 0.127860888839, 0.0539901927114]
        max: [0.941384255886, 0.977544188499, 0.738478899002]
        mean: [0.287318021059, 0.491912156343, 0.149054795504]
        min: [0.0208463091403, 0, 0]
        var: [0.0318501479924, 0.0641981512308, 0.0219065342098]

tonal:
    chords_changes_rate: 0.037037037313
    chords_number_rate: 0.0231481473893
    chords_strength:
        dmean: 0.0105054164305
        dmean2: 0.0109461378306
        dvar: 6.76897761878e-05
        dvar2: 8.98242069525e-05
        max: 0.732356011868
        mean: 0.503062665462
        min: 0.289257675409
        var: 0.00893917493522
    key_strength: 0.702957391739
    tuning_diatonic_strength: 0.601658463478
    tuning_equal_tempered_deviation: 0.274526387453
    tuning_frequency: 450.544708252
    tuning_nontempered_energy_ratio: 0.943530678749
    hpcp:
        dmean: [0.143455728889, 0.112984679639, 0.105718418956, 0.130337685347, 0.187222748995, 0.222844496369, 0.175449550152, 0.118958815932, 0.133397996426, 0.107778020203, 0.0769251808524, 0.0817010551691, 0.104883477092, 0.173283427954, 0.241532832384, 0.248293638229, 0.208401992917, 0.173002183437, 0.161005437374, 0.137416735291, 0.174815878272, 0.166804745793, 0.209775075316, 0.190505608916, 0.149298250675, 0.152438104153, 0.133828878403, 0.142440825701, 0.190979361534, 0.230264395475, 0.204118520021, 0.154547125101, 0.14385612309, 0.149743542075, 0.163041353226, 0.162413269281]
        dmean2: [0.240258082747, 0.186945155263, 0.175922498107, 0.219953685999, 0.318435609341, 0.392265915871, 0.295244425535, 0.19378246367, 0.219921693206, 0.177620321512, 0.132674321532, 0.145392522216, 0.186255067587, 0.30400288105, 0.42683956027, 0.426155507565, 0.347777724266, 0.307034403086, 0.291402697563, 0.24236318469, 0.292981177568, 0.291293948889, 0.364443093538, 0.331314504147, 0.255535960197, 0.260573893785, 0.234147787094, 0.249020636082, 0.329903244972, 0.396029859781, 0.359009355307, 0.269516140223, 0.252058178186, 0.262431681156, 0.28353947401, 0.264536678791]
        dvar: [0.0213047210127, 0.0182366576046, 0.027480032295, 0.0366099774837, 0.0469285771251, 0.0420123152435, 0.0331718958914, 0.0154713867232, 0.018362717703, 0.0159149896353, 0.0142238270491, 0.014196516946, 0.0191356949508, 0.0343984887004, 0.0602045804262, 0.0534850284457, 0.055602028966, 0.0478308647871, 0.048472430557, 0.0296851806343, 0.0396335721016, 0.0393013209105, 0.0584727227688, 0.0535381548107, 0.0364831164479, 0.0461734980345, 0.0212859641761, 0.0266006309539, 0.0389842502773, 0.0490350238979, 0.036510605365, 0.0301291439682, 0.0361011438072, 0.0348008610308, 0.0272427927703, 0.0228544212878]
        dvar2: [0.0563496425748, 0.0449546128511, 0.0674868822098, 0.0882508456707, 0.127200171351, 0.126951083541, 0.0800488740206, 0.03874803707, 0.0477983765304, 0.042137209326, 0.0395151712, 0.0380483418703, 0.0530523173511, 0.0854591205716, 0.151479050517, 0.138118684292, 0.145312190056, 0.130487293005, 0.137567147613, 0.0835630744696, 0.112102270126, 0.102423265576, 0.166123136878, 0.149521738291, 0.0944767519832, 0.126338258386, 0.0603258684278, 0.0804371535778, 0.116588033736, 0.126274809241, 0.106041505933, 0.0916648134589, 0.103737831116, 0.102121017873, 0.0758346691728, 0.061120223254]
        max: [1, 1, 1, 1, 1, 1, 1, 0.970282673836, 1, 1, 1, 1, 0.986973166466, 1, 1, 1, 1, 1, 1, 1, 1, 1, 1, 1, 1, 1, 1, 1, 1, 1, 1, 1, 1, 1, 1, 1]
        mean: [0.255146801472, 0.16801956296, 0.132395192981, 0.151426255703, 0.261796295643, 0.353457033634, 0.271902024746, 0.189499258995, 0.202416360378, 0.152739360929, 0.0887916535139, 0.0941750630736, 0.11940587312, 0.24223279953, 0.431285440922, 0.398373574018, 0.232393205166, 0.183356583118, 0.172198206186, 0.196060061455, 0.249670401216, 0.243262737989, 0.277819365263, 0.28759008646, 0.208111226559, 0.183470278978, 0.202134504914, 0.194477155805, 0.277899295092, 0.415248900652, 0.362413287163, 0.228089794517, 0.180292189121, 0.197321072221, 0.227897241712, 0.275169044733]
        min: [0.0281977839768, 0.014085621573, 0.00834812968969, 0.00490625342354, 0.00861354917288, 0.0124015463516, 0.00962550193071, 0.0160462111235, 0.0241253841668, 0.0184873063117, 0.00508369645104, 0.00555513752624, 0.00496819196269, 0.0116306506097, 0.0160336531699, 0.015684125945, 0.00699315639213, 0.00396846840158, 0.00292718876153, 0.00968661624938, 0.00902587920427, 0.00975694879889, 0.00784383993596, 0.00846983678639, 0.00558908004314, 0.00524742016569, 0.0117300404236, 0.00972556974739, 0.0139482691884, 0.0302197746933, 0.0336546860635, 0.0150780947879, 0.00944286584854, 0.0161956194788, 0.024775730446, 0.0392108038068]
        var: [0.0461435765028, 0.0312689132988, 0.0285106822848, 0.0433610193431, 0.0683639496565, 0.0749767944217, 0.0606757700443, 0.0307689532638, 0.0382592044771, 0.0272035691887, 0.0151946404949, 0.0134257385507, 0.0196070410311, 0.0482884831727, 0.123031675816, 0.0990268066525, 0.0592039600015, 0.0485636629164, 0.0497046671808, 0.0382935553789, 0.0632985681295, 0.0622087419033, 0.0783363059163, 0.0850405171514, 0.0494666136801, 0.0468448325992, 0.0363034680486, 0.0325212590396, 0.0562819726765, 0.0961487665772, 0.0570109412074, 0.0361131094396, 0.0356374271214, 0.0363574177027, 0.0403734520078, 0.0488220490515]
    chords_histogram: [51.851852417, 0, 0, 0, 0, 0, 0, 0, 0, 0, 0, 0, 0, 0.462962955236, 6.94444465637, 2.31481480598, 0, 0, 0, 14.3518514633, 0, 0, 0.925925910473, 23.148147583]
    thpcp: [1, 0.92368888855, 0.538838505745, 0.425139755011, 0.399267375469, 0.454594671726, 0.578898310661, 0.564041137695, 0.644165873528, 0.666820764542, 0.482537090778, 0.425403356552, 0.468679189682, 0.45092445612, 0.644351184368, 0.962816894054, 0.840309560299, 0.528860390186, 0.418034493923, 0.457518517971, 0.528413951397, 0.638020694256, 0.591596126556, 0.389578551054, 0.306978106499, 0.35110449791, 0.607014000416, 0.81954318285, 0.630445659161, 0.439382463694, 0.469332695007, 0.354149132967, 0.205876767635, 0.218359008431, 0.276860445738, 0.561653077602]
    chords_key: "F#"
    chords_scale: "major"
    key_key: "F#"
    key_scale: "major"
    chords_progression: ["Bm", "Bm", "Bm", "Bm", "Bm", "G", "G", "G", "G", "G", "G", "G", "G", "G", "G", "G", "G", "G", "G", "G", "F#", "F#", "F#", "F#", "F#", "F#", "F#", "F#", "F#", "F#", "F#", "F#", "F#", "F#", "F#", "F#", "F#", "F#", "F#", "F#", "F#", "F#", "F#", "F#", "F#", "F#", "F#", "F#", "F#", "F#", "F#", "F#", "F#", "F#", "F#", "F#", "D#m", "D#m", "D#m", "D#m", "D#m", "D#m", "D#m", "D#m", "D#m", "D#m", "D#m", "D#m", "D#m", "D#m", "D#m", "D#m", "D#m", "D#m", "D#m", "D#m", "D#m", "D#m", "D#m", "D#m", "D#m", "D#m", "D#m", "D#m", "D#m", "D#m", "D#m", "D#m", "D#m", "D#m", "D#m", "D#m", "D#m", "D#m", "D#m", "D#m", "D#m", "D#m", "D#m", "D#m", "D#m", "Em", "F#", "F#", "F#", "F#", "F#", "F#", "F#", "F#", "F#", "F#", "F#", "F#", "F#", "F#", "F#", "F#", "F#", "F#", "F#", "F#", "F#", "F#", "F#", "F#", "F#", "F#", "F#", "F#", "F#", "F#", "F#", "F#", "F#", "F#", "F#", "F#", "F#", "F#", "F#", "F#", "F#", "F#", "F#", "F#", "F#", "F#", "F#", "F#", "F#", "F#", "F#", "F#", "F#", "F#", "F#", "F#", "F#", "F#", "F#", "F#", "F#", "F#", "F#", "F#", "F#", "F#", "F#", "F#", "F#", "F#", "F#", "F#", "F#", "F#", "F#", "F#", "D#m", "D#m", "D#m", "D#m", "D#m", "B", "B", "C#m", "C#m", "C#m", "C#m", "C#m", "C#m", "C#m", "C#m", "C#m", "C#m", "C#m", "C#m", "C#m", "C#m", "C#m", "C#m", "C#m", "C#m", "C#m", "C#m", "C#m", "C#m", "C#m", "C#m", "C#m", "C#m", "C#m", "C#m", "C#m", "C#m", "C#m"]
