
metadata:
    version:
        essentia: "1.2.2"
    audio_properties:
        analysis_sample_rate: 44100
        bitrate: 128
        channels: 2
        equal_loudness: 1
        length: 10.0571432114
        replay_gain: -9.56247138977
        downmix: "mix"
    tags:
        track: 11
        year: 0
        album: "Splitted by Mp3Splt v. 2.1"
        artist: "From 001.40 To 001.50"
        comment: "http://mp3splt.sf.net"
        genre: ""
        title: "04 Track 4.mp3"

highlevel:
    ballroom:
        all:
            ChaChaCha: 0.477435946465
            Jive: 0.128604665399
            Quickstep: 0.0561963878572
            Rumba-American: 0.00209748721682
            Rumba-International: 0.0146137103438
            Rumba-Misc: 0.0038537599612
            Samba: 0.31287047267
            Tango: 0.00147910811938
            VienneseWaltz: 0.00138105778024
            Waltz: 0.00146741152275
        probability: 0.477435946465
        value: "ChaChaCha"
    culture:
        all:
            non_western: 0.687622785568
            western: 0.312377214432
        probability: 0.687622785568
        value: "non_western"
    gender:
        all:
            female: 0.568121731281
            male: 0.431878268719
        probability: 0.568121731281
        value: "female"
    genre_dortmund:
        all:
            alternative: 0.00765281822532
            blues: 0.00234788609669
            electronic: 0.230669140816
            folkcountry: 0.00214642216451
            funksoulrnb: 0.00409829150885
            jazz: 0.147366508842
            pop: 0.00902183447033
            raphiphop: 0.557600975037
            rock: 0.0390960946679
        probability: 0.557600975037
        value: "raphiphop"
    genre_electronica:
        all:
            ambient: 0.0480111390352
            dnb: 0.573115587234
            house: 0.0749149024487
            techno: 0.288968890905
            trance: 0.0149894980714
        probability: 0.573115587234
        value: "dnb"
    genre_rosamerica:
        all:
            cla: 0.00234121223912
            dan: 0.735866546631
            hip: 0.231945350766
            jaz: 0.00424873270094
            pop: 0.00188761844765
            rhy: 0.0106455972418
            roc: 0.00832668878138
            spe: 0.00473826145753
        probability: 0.735866546631
        value: "dan"
    genre_tzanetakis:
        all:
            blu: 0.00395662197843
            cla: 0.0131925819442
            cou: 0.00301326438785
            dis: 0.0260932818055
            hip: 0.52236032486
            jaz: 0.0153079787269
            met: 0.0123453382403
            pop: 0.168641239405
            reg: 0.219545766711
            roc: 0.0155435819179
        probability: 0.52236032486
        value: "hip"
    live_studio:
        all:
            live: 0.0560729689896
            studio: 0.943927049637
        probability: 0.943927049637
        value: "studio"
    mood:
        all:
            Cluster1: 0.150381714106
            Cluster2: 0.24181561172
            Cluster3: 0.0658372044563
            Cluster4: 0.0492176897824
            Cluster5: 0.492747783661
        probability: 0.492747783661
        value: "Cluster5"
    mood_acoustic:
        all:
            acoustic: 0.0531107895076
            not_acoustic: 0.946889221668
        probability: 0.946889221668
        value: "not_acoustic"
    mood_aggressive:
        all:
            aggressive: 0.072083465755
            not_aggressive: 0.927916526794
        probability: 0.927916526794
        value: "not_aggressive"
    mood_electronic:
        all:
            electronic: 0.97520583868
            not_electronic: 0.0247941631824
        probability: 0.97520583868
        value: "electronic"
    mood_happy:
        all:
            happy: 0.129498630762
            not_happy: 0.87050139904
        probability: 0.87050139904
        value: "not_happy"
    mood_party:
        all:
            not_party: 0.0848186463118
            party: 0.915181338787
        probability: 0.915181338787
        value: "party"
    mood_relaxed:
        all:
            not_relaxed: 0.608977138996
            relaxed: 0.391022861004
        probability: 0.608977138996
        value: "not_relaxed"
    mood_sad:
        all:
            not_sad: 0.974258124828
            sad: 0.0257418621331
        probability: 0.974258124828
        value: "not_sad"
    rhythm:
        all:
            fast: 0.198667928576
            medium: 0.753330647945
            slow: 0.0480014160275
        probability: 0.753330647945
        value: "medium"
    speech_music:
        all:
            music: 0.936605513096
            speech: 0.0633944943547
        probability: 0.936605513096
        value: "music"
    timbre:
        all:
            bright: 0.0820883736014
            dark: 0.91791164875
        probability: 0.91791164875
        value: "dark"
    voice_instrumental:
        all:
            instrumental: 0.716449201107
            voice: 0.283550798893
        probability: 0.716449201107
        value: "instrumental"

lowlevel:
    average_loudness: 0.977249920368
    barkbands_kurtosis:
        dmean: 7.87953948975
        dmean2: 10.8999185562
        dvar: 226.837371826
        dvar2: 381.013641357
        max: 181.669937134
        mean: 12.974524498
        min: -1.89349126816
        var: 838.063354492
    barkbands_skewness:
        dmean: 1.10295724869
        dmean2: 1.57514739037
        dvar: 1.40095555782
        dvar2: 2.47780108452
        max: 10.9781980515
        mean: 1.46984863281
        min: -3.64045000076
        var: 8.75463867188
    barkbands_spread:
        dmean: 11.9553184509
        dmean2: 19.6917438507
        dvar: 255.255096436
        dvar2: 628.837036133
        max: 94.9250869751
        mean: 31.136423111
        min: 0.612258255482
        var: 470.819030762
    dissonance:
        dmean: 0.0155497482046
        dmean2: 0.0267843902111
        dvar: 0.000466388213681
        dvar2: 0.00130197755061
        max: 0.499777317047
        mean: 0.471281647682
        min: 0.304058074951
        var: 0.00090649764752
    hfc:
        dmean: 1.91129291058
        dmean2: 2.77110362053
        dvar: 13.1458005905
        dvar2: 21.6692790985
        max: 30.6329021454
        mean: 2.52148771286
        min: 0.000339253892889
        var: 25.4904499054
    pitch:
        dmean: 1059.5333252
        dmean2: 2031.31970215
        dvar: 2587917
        dvar2: 6320361
        max: 5512.5
        mean: 2958.10058594
        min: 70.9003219604
        var: 3791584.75
    pitch_instantaneous_confidence:
        dmean: 0.0802571251988
        dmean2: 0.131944596767
        dvar: 0.00541470851749
        dvar2: 0.0121780987829
        max: 0.97408914566
        mean: 0.422609627247
        min: 0.174998879433
        var: 0.0233052298427
    pitch_salience:
        dmean: 0.0824911743402
        dmean2: 0.135112047195
        dvar: 0.0090306000784
        dvar2: 0.0197230800986
        max: 0.837694704533
        mean: 0.580456495285
        min: 0.128931865096
        var: 0.0288190245628
    silence_rate_20dB:
        dmean: 0
        dmean2: 0
        dvar: 0
        dvar2: 0
        max: 1
        mean: 1
        min: 1
        var: 0
    silence_rate_30dB:
        dmean: 0
        dmean2: 0
        dvar: 0
        dvar2: 0
        max: 1
        mean: 1
        min: 1
        var: 0
    silence_rate_60dB:
        dmean: 0.118811883032
        dmean2: 0.238213405013
        dvar: 0.104695297778
        dvar2: 0.196356967092
        max: 1
        mean: 0.812345683575
        min: 0
        var: 0.152439728379
    spectral_centroid:
        dmean: 707.017211914
        dmean2: 1087.21008301
        dvar: 1156476.75
        dvar2: 2146366
        max: 7050.91162109
        mean: 1913.32275391
        min: 90.6522369385
        var: 3264894.75
    spectral_complexity:
        dmean: 2.44086027145
        dmean2: 3.60107827187
        dvar: 30.4884986877
        dvar2: 49.129234314
        max: 49
        mean: 3.84718489647
        min: 0
        var: 63.4806518555
    spectral_crest:
        dmean: 2.54197716713
        dmean2: 3.95203495026
        dvar: 6.81893157959
        dvar2: 13.2385759354
        max: 25.9574966431
        mean: 10.9022951126
        min: 2.93804812431
        var: 35.0428962708
    spectral_decrease:
        dmean: 4.2444167625e-10
        dmean2: 6.74479971874e-10
        dvar: 7.68593891308e-19
        dvar2: 1.9582824782e-18
        max: -4.99891571009e-14
        mean: -5.3810889078e-10
        min: -5.56218449077e-09
        var: 7.50525113103e-19
    spectral_energy:
        dmean: 0.0017504155403
        dmean2: 0.002743256744
        dvar: 1.2513350157e-05
        dvar2: 3.11270014208e-05
        max: 0.0234211571515
        mean: 0.00225965306163
        min: 2.19441375293e-07
        var: 1.30560765683e-05
    spectral_energyband_high:
        dmean: 0.00016776000848
        dmean2: 0.000238637119764
        dvar: 8.37426412659e-08
        dvar2: 1.51567675744e-07
        max: 0.00234245695174
        mean: 0.000200016831513
        min: 2.72259441658e-08
        var: 1.50988896053e-07
    spectral_energyband_low:
        dmean: 0.000471737264888
        dmean2: 0.000728654151317
        dvar: 1.11351175747e-06
        dvar2: 2.62523872152e-06
        max: 0.00835630856454
        mean: 0.000656008487567
        min: 3.38362693419e-09
        var: 1.42206931741e-06
    spectral_energyband_middle_high:
        dmean: 0.000284600682789
        dmean2: 0.000402153993491
        dvar: 4.98349436384e-07
        dvar2: 7.53925803565e-07
        max: 0.00641596596688
        mean: 0.000392502261093
        min: 5.05640400661e-08
        var: 1.03249851691e-06
    spectral_energyband_middle_low:
        dmean: 0.00107199745253
        dmean2: 0.00192642002366
        dvar: 6.87630745233e-06
        dvar2: 1.93198993657e-05
        max: 0.0160393361002
        mean: 0.00101112283301
        min: 8.84828992298e-08
        var: 4.81363667859e-06
    spectral_flatness_db:
        dmean: 0.0330452360213
        dmean2: 0.0461823791265
        dvar: 0.00144010654185
        dvar2: 0.00253328960389
        max: 0.539630174637
        mean: 0.201629683375
        min: 0.0821246579289
        var: 0.00792053062469
    spectral_flux:
        dmean: 0.0154985729605
        dmean2: 0.0235178507864
        dvar: 0.000586146023124
        dvar2: 0.00123382068705
        max: 0.152074933052
        mean: 0.0266919042915
        min: 0.000608224945609
        var: 0.000889228133019
    spectral_kurtosis:
        dmean: 2.08093452454
        dmean2: 2.95629620552
        dvar: 26.6067867279
        dvar2: 44.8234176636
        max: 72.7483291626
        mean: 2.98533844948
        min: -1.31347417831
        var: 63.3012123108
    spectral_rms:
        dmean: 0.000490562582854
        dmean2: 0.000705534825101
        dvar: 6.01211127105e-07
        dvar2: 1.39738062899e-06
        max: 0.00478015793487
        mean: 0.00113747909199
        min: 1.46317852341e-05
        var: 9.10681535515e-07
    spectral_rolloff:
        dmean: 1102.9395752
        dmean2: 1769.37890625
        dvar: 3072626
        dvar2: 5217695.5
        max: 9969.87304688
        mean: 3390.41259766
        min: 86.1328125
        var: 9005916
    spectral_skewness:
        dmean: 0.370023995638
        dmean2: 0.527983188629
        dvar: 0.25717356801
        dvar2: 0.414428025484
        max: 7.49929094315
        mean: 1.10406780243
        min: -0.276466965675
        var: 1.02950131893
    spectral_spread:
        dmean: 1360487.875
        dmean2: 2075498.25
        dvar: 2.74155936154e+12
        dvar2: 5.19924822835e+12
        max: 14953346
        mean: 7345428.5
        min: 1552610.25
        var: 7.04944380314e+12
    spectral_strongpeak:
        dmean: 0.115419887006
        dmean2: 0.198494449258
        dvar: 0.0350934751332
        dvar2: 0.0972937420011
        max: 1.25619852543
        mean: 0.186007007957
        min: 0.00194731587544
        var: 0.0604803785682
    zerocrossingrate:
        dmean: 0.0273450631648
        dmean2: 0.0296193249524
        dvar: 0.00113757699728
        dvar2: 0.00124940159731
        max: 0.3232421875
        mean: 0.105967506766
        min: 0.0029296875
        var: 0.00602321326733
    barkbands:
        dmean: [8.03619684575e-07, 0.000257943174802, 0.000302730535623, 0.00042326154653, 0.000448226928711, 8.12772414065e-05, 6.54763061902e-05, 7.78920511948e-05, 5.27110605617e-05, 3.12796109938e-05, 1.12836278277e-05, 8.41367364046e-06, 7.65289678384e-06, 8.56273345562e-06, 2.20924284804e-05, 2.15841319005e-05, 2.08090586966e-05, 4.3795658712e-05, 0.000120200988022, 0.00010242270946, 6.7247536208e-05, 2.85387050099e-05, 5.8524196902e-06, 1.23881800391e-05, 9.56750136538e-06, 1.15952914825e-07, 1.14639957249e-10]
        dmean2: [1.17832723845e-06, 0.000385226827348, 0.000550487195142, 0.000795748026576, 0.000841231434606, 0.000147379047121, 0.000125077669509, 0.000130698317662, 9.39639285207e-05, 5.5675584008e-05, 1.98660927708e-05, 1.41822993101e-05, 1.11476083475e-05, 1.21625307656e-05, 3.2853178709e-05, 3.2714306144e-05, 3.10709547193e-05, 6.37407283648e-05, 0.000185265045729, 0.000163619057275, 8.74089455465e-05, 4.59155198769e-05, 8.75085061125e-06, 1.99236801564e-05, 1.46721085912e-05, 1.79389047616e-07, 2.01580835357e-10]
        dvar: [3.52895078611e-12, 2.72807341162e-07, 8.41920780204e-07, 1.54739336722e-06, 1.66876282037e-06, 3.93358057238e-08, 4.68090703976e-08, 6.19387492407e-08, 2.94473991858e-08, 7.89573206816e-09, 7.30119797954e-10, 5.27192955957e-10, 5.66677815783e-10, 5.8833327099e-10, 5.65220892312e-09, 4.50145742903e-09, 3.89225718322e-09, 1.59576671876e-08, 1.51497587808e-07, 4.96116498994e-08, 1.59107216291e-08, 2.01220928808e-09, 7.43028139016e-11, 5.59672086453e-10, 3.05312136684e-10, 3.70940562609e-14, 5.27530105882e-20]
        dvar2: [5.9481950615e-12, 6.07044228218e-07, 2.3348832201e-06, 4.47292677563e-06, 4.78101537738e-06, 1.15137893886e-07, 1.3363535345e-07, 1.32164444722e-07, 8.05537183624e-08, 2.03163583734e-08, 1.88267157419e-09, 1.3462611026e-09, 1.25129906436e-09, 1.13459652784e-09, 1.29687247608e-08, 8.54722603805e-09, 7.8414528204e-09, 3.45072912467e-08, 3.61049245612e-07, 1.00566076355e-07, 2.87574426494e-08, 5.02911046141e-09, 1.53175416795e-10, 1.42151479476e-09, 6.81443179662e-10, 8.72129178229e-14, 1.52758959238e-19]
        max: [1.13204605441e-05, 0.00392413372174, 0.00656236149371, 0.00748520623893, 0.00959547422826, 0.00157525448594, 0.00198519718833, 0.00276227691211, 0.0016602386022, 0.000716035545338, 0.000158076771186, 0.00018676763284, 0.000202097915462, 0.000212910017581, 0.000759915797971, 0.000537859275937, 0.000545816379599, 0.00120990606956, 0.00336554320529, 0.00181406806223, 0.00113309803419, 0.000302808417473, 6.52832677588e-05, 0.000115971110063, 7.43887285353e-05, 1.0175007219e-06, 2.48076914566e-09]
        mean: [8.99635551832e-07, 0.00040380100836, 0.000251311343163, 0.000306782021653, 0.000294273311738, 8.85442059371e-05, 5.75603844482e-05, 0.000203675561352, 4.92265899084e-05, 3.32558265654e-05, 1.06018869701e-05, 8.73354019859e-06, 8.54151767271e-06, 1.18535526781e-05, 2.5236971851e-05, 2.68337607849e-05, 2.91313263006e-05, 5.97462421865e-05, 0.00012291764142, 0.000122444340377, 9.13506519282e-05, 2.83870012936e-05, 6.25432903689e-06, 9.98003815766e-06, 8.20921741251e-06, 1.01883664172e-07, 9.17151216084e-11]
        min: [6.67946947752e-12, 4.9281972947e-10, 1.21452570223e-09, 1.55040058569e-09, 1.59679967027e-08, 2.071566918e-09, 1.28092514373e-09, 3.2646072512e-09, 2.5900908085e-09, 1.76626469006e-09, 8.76319627974e-10, 9.97075644271e-10, 1.21941756692e-09, 5.53106782597e-10, 1.03233277482e-09, 2.48480369613e-09, 2.07318739953e-09, 4.35593339176e-09, 8.9324814212e-09, 1.12594920054e-08, 1.13874021324e-08, 4.50406201224e-09, 7.17116310778e-10, 4.25505519708e-10, 2.39129938073e-10, 2.06399151242e-11, 7.20641469133e-14]
        var: [5.50354987278e-12, 4.73215436614e-07, 5.49547735318e-07, 8.85900874437e-07, 9.7797089893e-07, 4.45159678009e-08, 3.86082064097e-08, 3.42540914744e-07, 2.70039137718e-08, 9.81116432541e-09, 7.2712136312e-10, 5.96559857069e-10, 7.24236837168e-10, 1.07160791352e-09, 7.04499303339e-09, 6.62123866846e-09, 6.24059648402e-09, 2.35130102055e-08, 1.65650718031e-07, 8.18643357547e-08, 3.16945936163e-08, 2.25892837769e-09, 9.76664582542e-11, 4.62608590324e-10, 3.03492703191e-10, 3.5403219256e-14, 4.64987949119e-20]
    mfcc:
        mean: [-855.746704102, 63.8254394531, 6.37121629715, 67.7793579102, -9.86893177032, -1.37176406384, 3.44266796112, -4.28244686127, 5.35920524597, -1.79678630829, 0.797362029552, -3.24650144577, -3.76740407944]
        cov: [[16263.8671875, 291.842498779, -1448.60058594, -801.936584473, -926.053527832, -1040.6472168, -790.682189941, -769.557983398, -366.64163208, -293.439758301, -430.04876709, -390.14730835, -332.164489746], [291.842498779, 2358.71606445, -677.388305664, 577.417053223, 170.027633667, 276.349304199, 155.765975952, 148.140167236, 199.252807617, 184.669830322, 176.82635498, 96.1069793701, 1.84905397892], [-1448.60058594, -677.388305664, 1822.12854004, 432.660461426, 705.299316406, 642.18371582, 545.591552734, 380.717193604, 237.644821167, 56.7077140808, 51.1178398132, 47.9051322937, 119.531974792], [-801.936584473, 577.417053223, 432.660461426, 685.198608398, 438.473510742, 515.494506836, 386.283721924, 272.593048096, 245.896697998, 129.381622314, 118.028022766, 71.0556488037, 64.5858840942], [-926.053527832, 170.027633667, 705.299316406, 438.473510742, 515.121704102, 417.319458008, 346.546905518, 271.149291992, 205.457687378, 119.497573853, 125.255210876, 100.442947388, 67.768447876], [-1040.6472168, 276.349304199, 642.18371582, 515.494506836, 417.319458008, 546.02545166, 394.976196289, 255.081863403, 194.650848389, 64.5127792358, 44.8179397583, 20.2296047211, 59.4213562012], [-790.682189941, 155.765975952, 545.591552734, 386.283721924, 346.546905518, 394.976196289, 335.149749756, 215.313293457, 156.282424927, 64.5370941162, 50.4827194214, 29.1640510559, 54.0357933044], [-769.557983398, 148.140167236, 380.717193604, 272.593048096, 271.149291992, 255.081863403, 215.313293457, 198.540130615, 139.629806519, 85.51927948, 96.033203125, 68.0921936035, 46.4862480164], [-366.64163208, 199.252807617, 237.644821167, 245.896697998, 205.457687378, 194.650848389, 156.282424927, 139.629806519, 137.283615112, 87.061378479, 91.3364181519, 62.6197929382, 34.408821106], [-293.439758301, 184.669830322, 56.7077140808, 129.381622314, 119.497573853, 64.5127792358, 64.5370941162, 85.51927948, 87.061378479, 106.751846313, 113.250465393, 81.7744522095, 32.6837806702], [-430.04876709, 176.82635498, 51.1178398132, 118.028022766, 125.255210876, 44.8179397583, 50.4827194214, 96.033203125, 91.3364181519, 113.250465393, 172.904006958, 123.434539795, 39.6607704163], [-390.14730835, 96.1069793701, 47.9051322937, 71.0556488037, 100.442947388, 20.2296047211, 29.1640510559, 68.0921936035, 62.6197929382, 81.7744522095, 123.434539795, 117.034172058, 42.5612068176], [-332.164489746, 1.84905397892, 119.531974792, 64.5858840942, 67.768447876, 59.4213562012, 54.0357933044, 46.4862480164, 34.408821106, 32.6837806702, 39.6607704163, 42.5612068176, 52.9109916687]]
        icov: [[9.48333108681e-05, -5.97685066168e-05, -7.93361687101e-05, -8.37605039123e-05, -6.00597231823e-05, 0.000398439908167, -0.000131984066684, 0.000575915910304, -0.000535266124643, 0.000115882474347, 4.44107135991e-05, 0.000211017628317, 0.000210648242501], [-5.97685066168e-05, 0.00101021770388, 0.000985069666058, -0.000281161686871, -0.000476199726108, -0.00105166563299, 0.000323861109791, -0.000539303233381, -6.73355452818e-06, -0.000670200155582, -0.000160499505, 0.000194925320102, 2.32329784922e-05], [-7.93361687101e-05, 0.000985069666058, 0.00321708526462, 0.00215299171396, -0.00356491631828, -0.00175706029404, -0.000816261570435, -0.00125252758153, -0.00207076221704, 0.0021102076862, -0.000810529512819, 0.00220605474897, -0.00307887489907], [-8.37605039123e-05, -0.000281161686871, 0.00215299171396, 0.0103445528075, -0.00284292548895, -0.00614493433386, -0.00267468323, 0.00214935536496, -0.00802219472826, 0.000598528597038, -0.00122160639148, 0.0016716736136, -0.00220328848809], [-6.00597231823e-05, -0.000476199726108, -0.00356491631828, -0.00284292548895, 0.0149281024933, -0.000962062506005, -0.00399276008829, -0.00366141460836, 0.00288108270615, -0.00533004337922, 0.00403027748689, -0.0109993359074, 0.00766395870596], [0.000398439908167, -0.00105166563299, -0.00175706029404, -0.00614493433386, -0.000962062506005, 0.0214214343578, -0.0123416353017, 0.00067232461879, -0.00567271281034, 0.00784285180271, 0.000434419896919, 0.00413065869361, -0.00160726183094], [-0.000131984066684, 0.000323861109791, -0.000816261570435, -0.00267468323, -0.00399276008829, -0.0123416353017, 0.0327728278935, -0.0128529518843, 0.00394942937419, -0.00290920399129, 0.00156151398551, 0.0066639771685, -0.0062363720499], [0.000575915910304, -0.000539303233381, -0.00125252758153, 0.00214935536496, -0.00366141460836, 0.00067232461879, -0.0128529518843, 0.0396769605577, -0.0170140005648, 0.00100214418489, -0.00654164329171, -0.000690176850185, 0.00194588466547], [-0.000535266124643, -6.73355452818e-06, -0.00207076221704, -0.00802219472826, 0.00288108270615, -0.00567271281034, 0.00394942937419, -0.0170140005648, 0.0551955699921, -0.0224443227053, -0.000148570121382, -0.00472808768973, 0.00658984994516], [0.000115882474347, -0.000670200155582, 0.0021102076862, 0.000598528597038, -0.00533004337922, 0.00784285180271, -0.00290920399129, 0.00100214418489, -0.0224443227053, 0.0501269251108, -0.0201248154044, 0.00485222460702, -0.00982361100614], [4.44107135991e-05, -0.000160499505, -0.000810529512819, -0.00122160639148, 0.00403027748689, 0.000434419896919, 0.00156151398551, -0.00654164329171, -0.000148570121382, -0.0201248154044, 0.0397623106837, -0.0297448448837, 0.00875905435532], [0.000211017628317, 0.000194925320102, 0.00220605474897, 0.0016716736136, -0.0109993359074, 0.00413065869361, 0.0066639771685, -0.000690176850185, -0.00472808768973, 0.00485222460702, -0.0297448448837, 0.0535779409111, -0.0231807976961], [0.000210648242501, 2.32329784922e-05, -0.00307887489907, -0.00220328848809, 0.00766395870596, -0.00160726183094, -0.0062363720499, 0.00194588466547, 0.00658984994516, -0.00982361100614, 0.00875905435532, -0.0231807976961, 0.0403781794012]]
    spectral_contrast:
        mean: [2.46358553113e-07, -3.01943259728e-07, -3.03426389792e-07, 4.93675855751e-08, -3.43006348658e-07, 5.39318145698e-09, -4.20879905505e-06, -3.24040343003e-06, -1.82129747373e-06, 2.87380680675e-06, 1.72485931671e-06, -1.51744154664e-06]
        var: [0.000201231014216, 0.000385940278647, 0.000577480415814, 0.000774412066676, 0.00846605096012, 0.00924148131162, 0.0384232476354, 0.0734558999538, 0.159573763609, 1.1865799427, 1.57434093952, 8.55198383331]

rhythm:
    beats_loudness:
        dmean: 0.00416869390756
        dmean2: 0.00713184010237
        dvar: 1.55717480084e-05
        dvar2: 3.78571021429e-05
        max: 0.0114225586876
        mean: 0.00370445568115
        min: 0.000135870388476
        var: 1.57729391503e-05
    beats_loudness_bass:
        dmean: 0.509303569794
        dmean2: 0.85921728611
        dvar: 0.0881743729115
        dvar2: 0.333321809769
        max: 0.987781465054
        mean: 0.443224906921
        min: 0.00410746689886
        var: 0.143753349781
    bpm: 113.894393921
    bpm_confidence: 0
    first_peak_bpm: 114
    first_peak_spread: 0
    first_peak_weight: 0.944444417953
    onset_rate: 5.07102251053
    second_peak_bpm: 107
    second_peak_spread: 0
    second_peak_weight: 0.0555555559695
    beats_position: [0.277633905411, 0.804603219032, 1.33157253265, 1.85854196548, 2.3855111599, 2.91248035431, 3.43944978714, 3.96641898155, 4.49338817596, 5.0203576088, 5.54732656479, 6.10937976837, 6.63605213165, 7.16272449493, 7.68939733505, 8.21607017517, 8.74274253845, 9.26941490173, 9.79608726501]
    bpm_estimates: [113.819282532, 113.807159424, 114.019012451, 113.789321899, 114.047012329, 113.816268921, 114.119621277, 113.822929382, 113.808959961]
    bpm_intervals: [0.526969313622, 0.526969313622, 0.526969432831, 0.526969194412, 0.526969194412, 0.526969432831, 0.526969194412, 0.526969194412, 0.526969432831, 0.526968955994, 0.562053203583, 0.526672363281, 0.526672363281, 0.526672840118, 0.526672840118, 0.526672363281, 0.526672363281, 0.526672363281]
    onset_times: [0.0580498874187, 0.267029464245, 0.452789127827, 0.615328788757, 0.801088452339, 0.975238084793, 1.16099774837, 1.32353746891, 1.50929701328, 1.68344676495, 1.8575963974, 2.21750569344, 2.56580495834, 2.75156474113, 2.91410422325, 3.09986400604, 3.27401351929, 3.45977330208, 3.62231302261, 3.79646253586, 3.98222231865, 4.14476203918, 4.33052158356, 4.5046710968, 4.67882108688, 5.0387301445, 5.38702964783, 5.58439922333, 5.74693870544, 5.92108821869, 6.09523820877, 6.28099775314, 6.44353723526, 6.61768722534, 6.81505680084, 6.96598625183, 7.1517457962, 7.32589578629, 7.50004529953, 7.85995483398, 8.20825386047, 8.39401340485, 8.56816291809, 8.74231338501, 8.91646289825, 9.10222244263, 9.26476192474, 9.45052146912, 9.63628101349, 9.78721046448, 9.97297096252]
    rubato_start: []
    rubato_stop: []
    perceptual_tempo: "unknown"

sfx:
    inharmonicity:
        dmean: 0.0526716224849
        dmean2: 0.0931441113353
        dvar: 0.00314659741707
        dvar2: 0.00879393145442
        max: 0.41840288043
        mean: 0.0585881695151
        min: 5.0314370128e-06
        var: 0.00386560475454
    oddtoevenharmonicenergyratio:
        dmean: 10.3299045563
        dmean2: 18.8545799255
        dvar: 9226.125
        dvar2: 19128.5820312
        max: 1427.30212402
        mean: 8.46978855133
        min: 9.3017682957e-05
        var: 8855.42871094
    pitch_after_max_to_before_max_energy_ratio: 44.9696502686
    pitch_centroid: 196.587890625
    pitch_max_to_total: 0.0107238609344
    pitch_min_to_total: 0.249329760671
    tristimulus:
        dmean: [0.223275855184, 0.256452202797, 0.206910118461]
        dmean2: [0.401715785265, 0.449858129025, 0.365020751953]
        dvar: [0.0505425073206, 0.0500690340996, 0.0378461517394]
        dvar2: [0.134231701493, 0.139309316874, 0.101049184799]
        max: [0.971485674381, 0.980931460857, 0.837201356888]
        mean: [0.355749666691, 0.384905695915, 0.225267216563]
        min: [0.00573808513582, 0, 0]
        var: [0.0774861574173, 0.0669419392943, 0.0525360554457]

tonal:
    chords_changes_rate: 0.0900000035763
    chords_number_rate: 0.0299999993294
    chords_strength:
        dmean: 0.0136982882395
        dmean2: 0.0162440147251
        dvar: 0.000127559804241
        dvar2: 0.000144692428876
        max: 0.654537975788
        mean: 0.479684412479
        min: 0.275265336037
        var: 0.00765543617308
    key_strength: 0.548320174217
    tuning_diatonic_strength: 0.422161906958
    tuning_equal_tempered_deviation: 0.225616782904
    tuning_frequency: 436.204162598
    tuning_nontempered_energy_ratio: 0.896815359592
    hpcp:
        dmean: [0.0966534540057, 0.0727265775204, 0.0779005438089, 0.11014777422, 0.131920516491, 0.159199416637, 0.212980285287, 0.228788465261, 0.194279402494, 0.161462411284, 0.127314135432, 0.134735107422, 0.15853394568, 0.189458325505, 0.212257862091, 0.205495178699, 0.196108907461, 0.200384125113, 0.157076150179, 0.133029818535, 0.151569858193, 0.171597108245, 0.18770904839, 0.150986969471, 0.104805856943, 0.0945668593049, 0.123774804175, 0.160157546401, 0.171989962459, 0.182264894247, 0.145016774535, 0.105887204409, 0.102930985391, 0.149166256189, 0.159042745829, 0.122768931091]
        dmean2: [0.166914045811, 0.12186922133, 0.126024886966, 0.193671837449, 0.237673863769, 0.269390285015, 0.373783648014, 0.409902721643, 0.342621654272, 0.272022992373, 0.220570489764, 0.233856484294, 0.274705708027, 0.330756187439, 0.370336294174, 0.361380696297, 0.344542056322, 0.354583263397, 0.260852307081, 0.224974915385, 0.266515433788, 0.289867609739, 0.346906065941, 0.2738892138, 0.193224593997, 0.17269448936, 0.231745421886, 0.268461793661, 0.303120404482, 0.321539312601, 0.252921134233, 0.173061788082, 0.165442317724, 0.243534073234, 0.256850302219, 0.213836744428]
        dvar: [0.0205065477639, 0.0138598335907, 0.0118652572855, 0.0287773571908, 0.0343566574156, 0.0368835628033, 0.0527172461152, 0.0640505626798, 0.0539839267731, 0.0422892160714, 0.0333890132606, 0.032136593014, 0.0407065041363, 0.0354820154607, 0.055228035897, 0.0575019493699, 0.0699759051204, 0.0606864094734, 0.0499292686582, 0.0523993708193, 0.0482326820493, 0.0582543313503, 0.067286580801, 0.0404772497714, 0.0296945311129, 0.0288435127586, 0.0397638641298, 0.0555940717459, 0.0521658286452, 0.0623448975384, 0.0575079545379, 0.0319285430014, 0.024744944647, 0.0374176129699, 0.0385008528829, 0.0283000506461]
        dvar2: [0.0567030385137, 0.039073895663, 0.033212851733, 0.0825539678335, 0.0976818427444, 0.087298758328, 0.139372363687, 0.175406381488, 0.142172843218, 0.110866934061, 0.0943189412355, 0.0944635123014, 0.102145470679, 0.0861387327313, 0.156012102962, 0.141876935959, 0.163124725223, 0.169859662652, 0.136660754681, 0.144082337618, 0.130105182528, 0.156900912523, 0.181023240089, 0.109688714147, 0.0737234205008, 0.0857261717319, 0.126787468791, 0.129857897758, 0.1139575243, 0.160263434052, 0.131427615881, 0.0781892836094, 0.0613912157714, 0.0876149758697, 0.0915661901236, 0.0751297026873]
        max: [0.879837632179, 0.939193546772, 0.75735938549, 1, 1, 1, 1, 1, 1, 1, 1, 1, 1, 1, 1, 1, 1, 1, 1, 1, 1, 1, 1, 1, 1, 1, 1, 1, 1, 1, 1, 1, 1, 1, 1, 0.899911761284]
        mean: [0.1091972664, 0.0935436785221, 0.0993625670671, 0.125320076942, 0.153849691153, 0.211664423347, 0.264020621777, 0.252083003521, 0.254241913557, 0.218368172646, 0.142439171672, 0.203727796674, 0.316926836967, 0.29303252697, 0.232572972775, 0.247778534889, 0.261212915182, 0.237048625946, 0.189635336399, 0.139070928097, 0.143608987331, 0.215123698115, 0.226430699229, 0.153881058097, 0.099154189229, 0.0842837169766, 0.104481428862, 0.180758327246, 0.204077035189, 0.175941616297, 0.154497310519, 0.120568960905, 0.125545307994, 0.176413878798, 0.183371394873, 0.136016517878]
        min: [7.92108221503e-06, 5.72731732973e-06, 8.8140823209e-06, 1.10444952952e-05, 9.70316523308e-06, 1.48715107571e-05, 1.66013069247e-05, 9.03589079826e-06, 7.51228390072e-06, 1.03274005596e-05, 1.12386551336e-05, 0.000163306947798, 0.000178979404154, 0.000182839779882, 0.000458006456029, 6.21720846539e-06, 5.85227462579e-06, 6.89662556397e-06, 9.07102821657e-06, 7.25339441487e-06, 3.05204503093e-06, 3.15832312481e-06, 3.69503823094e-06, 2.28374792641e-05, 1.80735114554e-05, 9.52541086008e-06, 5.11403186465e-06, 5.88303873883e-06, 5.33855290996e-06, 4.77751109429e-06, 5.07433833263e-06, 8.71734755492e-06, 1.84762084245e-05, 9.66655497905e-05, 7.50730905565e-05, 3.95481838495e-05]
        var: [0.0214642733335, 0.0140591831878, 0.0146409245208, 0.028197273612, 0.0354975163937, 0.0606197118759, 0.083620287478, 0.0825255811214, 0.0905976891518, 0.0769415795803, 0.0308945775032, 0.0467226393521, 0.11414308846, 0.068008415401, 0.0644861683249, 0.0748765468597, 0.0989489778876, 0.0812228471041, 0.0664882212877, 0.0435734651983, 0.0412984006107, 0.0951038822532, 0.106146529317, 0.0421379171312, 0.0261988583952, 0.0219845920801, 0.0269659813493, 0.0744376704097, 0.0802446827292, 0.064632460475, 0.0649971961975, 0.0347228273749, 0.0311443656683, 0.058564402163, 0.0660113021731, 0.0318420119584]
    chords_histogram: [19, 0, 0.5, 0, 17.5, 8.5, 40.5, 0, 0, 2.5, 0, 0, 0, 0, 0, 0, 0, 0, 0, 0, 0, 0, 0, 11.5]
    thpcp: [1, 0.924606204033, 0.73383808136, 0.781816184521, 0.824205756187, 0.747960090637, 0.598356842995, 0.438810825348, 0.453129768372, 0.678780317307, 0.714457333088, 0.485541254282, 0.312861442566, 0.265940606594, 0.329670488834, 0.570347189903, 0.643924772739, 0.555149018764, 0.487485736609, 0.38043153286, 0.396133393049, 0.556639134884, 0.578592181206, 0.429173231125, 0.344550400972, 0.295158594847, 0.313518941402, 0.39542272687, 0.485442280769, 0.667865276337, 0.83306491375, 0.795398116112, 0.802210092545, 0.689017593861, 0.449438661337, 0.642822802067]
    chords_key: "G#"
    chords_scale: "minor"
    key_key: "B"
    key_scale: "minor"
    chords_progression: ["F#", "F#", "F#", "F#", "F#", "F#m", "C#m", "C#m", "C#m", "C#m", "C#m", "C#m", "C#m", "C#m", "C#m", "C#m", "C#m", "C#m", "C#m", "C#m", "C#m", "C#m", "C#m", "C#m", "C#m", "C#m", "C#m", "C#m", "C#m", "C#m", "C#m", "C#m", "C#m", "C#m", "C#m", "C#m", "C#m", "C#m", "C#m", "C#m", "C#m", "E", "E", "E", "G#m", "G#m", "G#m", "G#m", "G#m", "G#m", "G#m", "G#m", "G#m", "G#m", "G#m", "G#m", "G#m", "G#m", "G#m", "G#m", "G#m", "E", "E", "E", "E", "E", "E", "E", "E", "E", "E", "E", "E", "E", "E", "G#m", "G#m", "G#m", "G#m", "G#m", "G#m", "G#m", "G#m", "G#m", "G#m", "G#m", "G#m", "G#m", "G#m", "G#m", "G#m", "G#m", "Bm", "G#m", "G#m", "G#m", "G#m", "G#m", "G#m", "G#m", "Bm", "Bm", "Bm", "Bm", "G#m", "G#m", "G#m", "G#m", "G#m", "G#m", "G#m", "G#m", "Bm", "Bm", "Bm", "Bm", "Bm", "Bm", "Bm", "Bm", "Bm", "Bm", "Bm", "Bm", "Bm", "Bm", "Bm", "Bm", "Bm", "Bm", "Bm", "G#m", "G#m", "G#m", "G#m", "G#m", "G#m", "G#m", "G#m", "G#m", "G#m", "G#m", "G#m", "G#m", "G#m", "G#m", "G#m", "G#m", "G", "G", "G#m", "G#m", "G#m", "G#m", "G#m", "G#m", "G#m", "G#m", "G#m", "G", "G", "G#m", "G#m", "G#m", "G#m", "G#m", "G#m", "G", "G", "G", "G", "G", "G", "G", "G", "G", "G", "G", "G", "G", "G", "G", "G", "G", "G", "G", "Bm", "Bm", "Bm", "Bm", "Bm", "Bm", "Bm", "Bm", "Bm", "Bm", "Bm", "Bm", "Bm", "Bm"]
