
metadata:
    version:
        essentia: "1.2.2"
    audio_properties:
        analysis_sample_rate: 44100
        bitrate: 128
        channels: 2
        equal_loudness: 1
        length: 10.0571432114
        replay_gain: -11.0354290009
        downmix: "mix"
    tags:
        track: 12
        year: 0
        album: "Splitted by Mp3Splt v. 2.1"
        artist: "From 001.50 To 002.00"
        comment: "http://mp3splt.sf.net"
        genre: ""
        title: "07 Nectar.mp3"

highlevel:
    ballroom:
        all:
            ChaChaCha: 0.11666457355
            Jive: 0.09301558882
            Quickstep: 0.00159901555162
            Rumba-American: 0.00042897061212
            Rumba-International: 0.00421623047441
            Rumba-Misc: 0.000981320859864
            Samba: 0.782299697399
            Tango: 0.000164443146787
            VienneseWaltz: 0.000466029683594
            Waltz: 0.000164144163136
        probability: 0.782299697399
        value: "Samba"
    culture:
        all:
            non_western: 0.0179553348571
            western: 0.982044637203
        probability: 0.982044637203
        value: "western"
    gender:
        all:
            female: 0.885299026966
            male: 0.114700973034
        probability: 0.885299026966
        value: "female"
    genre_dortmund:
        all:
            alternative: 0.0257448405027
            blues: 0.0216605588794
            electronic: 0.34366312623
            folkcountry: 0.025045633316
            funksoulrnb: 0.0260857902467
            jazz: 0.0695562064648
            pop: 0.0813311114907
            raphiphop: 0.238426715136
            rock: 0.16848602891
        probability: 0.34366312623
        value: "electronic"
    genre_electronica:
        all:
            ambient: 0.0341349206865
            dnb: 0.163018018007
            house: 0.156814783812
            techno: 0.108971200883
            trance: 0.537061095238
        probability: 0.537061095238
        value: "trance"
    genre_rosamerica:
        all:
            cla: 0.00205852556974
            dan: 0.956517934799
            hip: 0.00277777924202
            jaz: 0.00368055864237
            pop: 0.00600792048499
            rhy: 0.0208760183305
            roc: 0.00715362653136
            spe: 0.000927622197196
        probability: 0.956517934799
        value: "dan"
    genre_tzanetakis:
        all:
            blu: 0.00242838240229
            cla: 0.00223815953359
            cou: 0.0215853471309
            dis: 0.553468346596
            hip: 0.0812197700143
            jaz: 0.0165620967746
            met: 0.0676559284329
            pop: 0.158276289701
            reg: 0.0348877608776
            roc: 0.0616779476404
        probability: 0.553468346596
        value: "dis"
    live_studio:
        all:
            live: 2.81586653728e-06
            studio: 0.999997198582
        probability: 0.999997198582
        value: "studio"
    mood:
        all:
            Cluster1: 0.558315873146
            Cluster2: 0.159769162536
            Cluster3: 0.0156265255064
            Cluster4: 0.0552010387182
            Cluster5: 0.211087420583
        probability: 0.558315873146
        value: "Cluster1"
    mood_acoustic:
        all:
            acoustic: 0.00845078192651
            not_acoustic: 0.991549193859
        probability: 0.991549193859
        value: "not_acoustic"
    mood_aggressive:
        all:
            aggressive: 0.775688230991
            not_aggressive: 0.224311754107
        probability: 0.775688230991
        value: "aggressive"
    mood_electronic:
        all:
            electronic: 0.922888934612
            not_electronic: 0.0771110504866
        probability: 0.922888934612
        value: "electronic"
    mood_happy:
        all:
            happy: 0.445224732161
            not_happy: 0.554775297642
        probability: 0.554775297642
        value: "not_happy"
    mood_party:
        all:
            not_party: 0.161254346371
            party: 0.838745653629
        probability: 0.838745653629
        value: "party"
    mood_relaxed:
        all:
            not_relaxed: 0.259623497725
            relaxed: 0.740376472473
        probability: 0.740376472473
        value: "relaxed"
    mood_sad:
        all:
            not_sad: 0.677984178066
            sad: 0.322015792131
        probability: 0.677984178066
        value: "not_sad"
    rhythm:
        all:
            fast: 0.99083584547
            medium: 0.00759561778978
            slow: 0.0015685504768
        probability: 0.99083584547
        value: "fast"
    speech_music:
        all:
            music: 0.94583183527
            speech: 0.0541681535542
        probability: 0.94583183527
        value: "music"
    timbre:
        all:
            bright: 0.991179525852
            dark: 0.00882048066705
        probability: 0.991179525852
        value: "bright"
    voice_instrumental:
        all:
            instrumental: 0.151835128665
            voice: 0.848164856434
        probability: 0.848164856434
        value: "voice"

lowlevel:
    average_loudness: 0.967329204082
    barkbands_kurtosis:
        dmean: 1.26228940487
        dmean2: 2.17080593109
        dvar: 6.28920221329
        dvar2: 16.9884929657
        max: 21.1234321594
        mean: -0.237008824944
        min: -1.85233092308
        var: 7.22016048431
    barkbands_skewness:
        dmean: 0.580678880215
        dmean2: 0.918250024319
        dvar: 0.372438848019
        dvar2: 0.905068933964
        max: 4.46565961838
        mean: 0.462420910597
        min: -2.2637860775
        var: 0.927643299103
    barkbands_spread:
        dmean: 7.24408626556
        dmean2: 11.5360765457
        dvar: 43.8475799561
        dvar2: 98.3593139648
        max: 67.2049407959
        mean: 37.3008460999
        min: 7.97475290298
        var: 110.371734619
    dissonance:
        dmean: 0.0136777954176
        dmean2: 0.0213419552892
        dvar: 0.000583283021115
        dvar2: 0.000686163955834
        max: 0.498604357243
        mean: 0.473873198032
        min: 0
        var: 0.000760966155212
    hfc:
        dmean: 3.67932462692
        dmean2: 5.39222812653
        dvar: 19.9009380341
        dvar2: 45.7473106384
        max: 34.2052268982
        mean: 6.36961746216
        min: 0.000967753992882
        var: 34.7860565186
    pitch:
        dmean: 1189.96032715
        dmean2: 2275.67260742
        dvar: 2286501
        dvar2: 4780180
        max: 4410
        mean: 1772.33557129
        min: 98
        var: 2772569.25
    pitch_instantaneous_confidence:
        dmean: 0.109981939197
        dmean2: 0.182457029819
        dvar: 0.00925615243614
        dvar2: 0.0231215860695
        max: 0.815171003342
        mean: 0.409346431494
        min: 0.0849078893661
        var: 0.0178192555904
    pitch_salience:
        dmean: 0.0894968062639
        dmean2: 0.151940762997
        dvar: 0.00779655715451
        dvar2: 0.0212361551821
        max: 0.934274256229
        mean: 0.62465596199
        min: 0.268719404936
        var: 0.0105272382498
    silence_rate_20dB:
        dmean: 0
        dmean2: 0
        dvar: 0
        dvar2: 0
        max: 1
        mean: 1
        min: 1
        var: 0
    silence_rate_30dB:
        dmean: 0
        dmean2: 0
        dvar: 0
        dvar2: 0
        max: 1
        mean: 1
        min: 1
        var: 0
    silence_rate_60dB:
        dmean: 0.258064508438
        dmean2: 0.517320990562
        dvar: 0.191467061639
        dvar2: 0.32822278142
        max: 1
        mean: 0.505747139454
        min: 0
        var: 0.249967217445
    spectral_centroid:
        dmean: 402.150512695
        dmean2: 617.882263184
        dvar: 184779.8125
        dvar2: 391116.4375
        max: 3686.9453125
        mean: 1556.36328125
        min: 225.58770752
        var: 522803.34375
    spectral_complexity:
        dmean: 5.32101631165
        dmean2: 8.55555534363
        dvar: 43.5389633179
        dvar2: 94.5108108521
        max: 43
        mean: 10.7188940048
        min: 0
        var: 63.8057174683
    spectral_crest:
        dmean: 2.67207479477
        dmean2: 4.23936367035
        dvar: 6.65057992935
        dvar2: 14.8828516006
        max: 22.0788669586
        mean: 8.66241359711
        min: 2.81302261353
        var: 13.3740062714
    spectral_decrease:
        dmean: 4.57036603008e-10
        dmean2: 6.79084566357e-10
        dvar: 3.87457292582e-19
        dvar2: 9.28271492586e-19
        max: -5.26118353798e-14
        mean: -8.7191609488e-10
        min: -4.72960604014e-09
        var: 4.75688977909e-19
    spectral_energy:
        dmean: 0.00202250527218
        dmean2: 0.00297870207578
        dvar: 6.96074857842e-06
        dvar2: 1.66781155713e-05
        max: 0.0209531523287
        mean: 0.00386855448596
        min: 2.86347386691e-07
        var: 9.04976423044e-06
    spectral_energyband_high:
        dmean: 0.000289100891678
        dmean2: 0.00042890975601
        dvar: 1.70488064555e-07
        dvar2: 4.10524080507e-07
        max: 0.00467453710735
        mean: 0.000447146274382
        min: 5.84485917443e-08
        var: 2.97729769727e-07
    spectral_energyband_low:
        dmean: 0.000468033773359
        dmean2: 0.000775690248702
        dvar: 1.19186938718e-06
        dvar2: 3.12667680191e-06
        max: 0.00673170899972
        mean: 0.000509958772454
        min: 3.44910033867e-09
        var: 9.75785951596e-07
    spectral_energyband_middle_high:
        dmean: 0.000824828341138
        dmean2: 0.00126869708765
        dvar: 1.13581938876e-06
        dvar2: 2.72313900496e-06
        max: 0.00902509875596
        mean: 0.0013761803275
        min: 1.95721028717e-07
        var: 1.57963745551e-06
    spectral_energyband_middle_low:
        dmean: 0.000972765148617
        dmean2: 0.0016644638963
        dvar: 2.68900635092e-06
        dvar2: 7.55574774303e-06
        max: 0.00994937587529
        mean: 0.00153526139911
        min: 2.80011267506e-08
        var: 2.15275599658e-06
    spectral_flatness_db:
        dmean: 0.0224233251065
        dmean2: 0.0355240665376
        dvar: 0.000447825936135
        dvar2: 0.00119713193271
        max: 0.255930244923
        mean: 0.144465297461
        min: 0.059594232589
        var: 0.000848561059684
    spectral_flux:
        dmean: 0.0150509383529
        dmean2: 0.0216653347015
        dvar: 0.000252535421168
        dvar2: 0.000432675384218
        max: 0.115515060723
        mean: 0.0398237854242
        min: 0.0040629664436
        var: 0.000482900533825
    spectral_kurtosis:
        dmean: 1.0464785099
        dmean2: 1.79245710373
        dvar: 1.70235812664
        dvar2: 4.45502710342
        max: 11.076461792
        mean: 2.27332687378
        min: -0.0211062431335
        var: 2.28077459335
    spectral_rms:
        dmean: 0.000481533410493
        dmean2: 0.000683533900883
        dvar: 2.69793787311e-07
        dvar2: 6.27215229088e-07
        max: 0.00452129403129
        mean: 0.00182237324771
        min: 1.67141643033e-05
        var: 4.53154513025e-07
    spectral_rolloff:
        dmean: 652.858459473
        dmean2: 1048.44775391
        dvar: 563628
        dvar2: 1222581.875
        max: 5103.36914062
        mean: 3179.52124023
        min: 150.732421875
        var: 1520673
    spectral_skewness:
        dmean: 0.196168333292
        dmean2: 0.323345541954
        dvar: 0.0460915416479
        dvar2: 0.107490211725
        max: 2.55163311958
        mean: 1.17857992649
        min: 0.448209315538
        var: 0.0982894450426
    spectral_spread:
        dmean: 831516.875
        dmean2: 1234264.25
        dvar: 1.01413807718e+12
        dvar2: 1.63889073357e+12
        max: 23985884
        mean: 5758525
        min: 3359596
        var: 2.47681594163e+12
    spectral_strongpeak:
        dmean: 0.400448769331
        dmean2: 0.708374261856
        dvar: 0.586666345596
        dvar2: 1.53871762753
        max: 5.15807628632
        mean: 0.484248876572
        min: 0.00168122805189
        var: 0.594937086105
    zerocrossingrate:
        dmean: 0.0144319245592
        dmean2: 0.0163562912494
        dvar: 0.000156046255142
        dvar2: 0.000212889106479
        max: 0.17529296875
        mean: 0.0918486267328
        min: 0.0107421875
        var: 0.000974751950707
    barkbands:
        dmean: [1.07874006972e-06, 0.000189887083252, 0.000334690819727, 0.000350143382093, 0.000466981844511, 0.000222320348257, 0.00010239364201, 6.29772403045e-05, 5.06295255036e-05, 3.33331954607e-05, 4.05584105465e-05, 5.47315648873e-05, 5.34502723895e-05, 7.37550726626e-05, 8.29279742902e-05, 8.00059351604e-05, 0.000122520941659, 0.00014906655997, 0.000152372405864, 0.000309274182655, 0.000106432300527, 5.97445105086e-05, 1.83226857189e-05, 7.1334588938e-06, 3.66438939636e-06, 1.48646620346e-07, 4.73476546858e-09]
        dmean2: [9.32066882342e-07, 0.000289517309284, 0.00060494808713, 0.000661232625134, 0.000785370764788, 0.000332515657647, 0.000161825853866, 9.74110807874e-05, 8.40348366182e-05, 5.34107966814e-05, 6.88842919772e-05, 8.29392884043e-05, 8.52663142723e-05, 0.000126017956063, 0.000149758867337, 0.000133679583087, 0.000187974408618, 0.000235593164689, 0.000235863088164, 0.000477016845252, 0.000161644420587, 8.58696366777e-05, 2.81782849925e-05, 1.00854722405e-05, 5.2120408327e-06, 2.1540309092e-07, 7.23338722253e-09]
        dvar: [2.11122699184e-12, 1.68587334315e-07, 7.55567043598e-07, 7.53998961045e-07, 5.54658129204e-07, 1.04399411782e-07, 1.9271672258e-08, 9.00155061601e-09, 7.62108598451e-09, 3.39504535596e-09, 6.38047836787e-09, 9.8319530295e-09, 9.20210219135e-09, 1.90067890316e-08, 3.33049676726e-08, 2.04805541415e-08, 4.00527220279e-08, 5.45030971466e-08, 5.6117155367e-08, 2.32712139336e-07, 2.21528733135e-08, 8.43874037315e-09, 9.97345428466e-10, 1.36243155646e-10, 4.43298800445e-11, 8.53421540793e-14, 3.93104009766e-15]
        dvar2: [1.88531850721e-12, 4.02140926781e-07, 2.13985435948e-06, 2.15975364881e-06, 1.37603717576e-06, 1.91268711092e-07, 4.57959465905e-08, 1.94711429202e-08, 1.87473485624e-08, 7.29989446668e-09, 1.59739936834e-08, 2.03128678322e-08, 2.17729159147e-08, 4.90754032967e-08, 8.98493084378e-08, 5.17138403211e-08, 7.86540965692e-08, 1.3135138488e-07, 1.31577309048e-07, 5.39245718301e-07, 5.51267405058e-08, 1.90255260435e-08, 2.31874852652e-09, 2.94752888763e-10, 9.46069819707e-11, 1.89900599044e-13, 9.84194178249e-15]
        max: [1.26783843371e-05, 0.00208864780143, 0.00526765407994, 0.00454944372177, 0.00517312763259, 0.00359794846736, 0.00117378681898, 0.00108823389746, 0.000976673793048, 0.000751548621338, 0.000915522512514, 0.000993355643004, 0.000851366261486, 0.00099362898618, 0.00111518742051, 0.00109596224502, 0.00274325418286, 0.00257904245518, 0.00249449396506, 0.00562669336796, 0.00182910251897, 0.000767852994613, 0.00018315842317, 7.02555189491e-05, 3.62511236744e-05, 1.79944618139e-06, 9.26807672386e-07]
        mean: [2.50100879384e-06, 0.000230699646636, 0.00027676881291, 0.000249660224654, 0.000542052730452, 0.000447786384029, 0.000149167011841, 7.34680070309e-05, 6.24389504083e-05, 4.2348397983e-05, 5.2092174883e-05, 7.98092369223e-05, 6.27317567705e-05, 8.84268229129e-05, 7.8110882896e-05, 0.000100172823295, 0.000165828707395, 0.000206219527172, 0.000228233067901, 0.000447300786618, 0.000166738798725, 8.15543608041e-05, 2.05169562832e-05, 9.29582438403e-06, 4.46160174761e-06, 1.7103184291e-07, 2.5366173606e-09]
        min: [1.15217557717e-10, 1.449601994e-09, 1.68104752341e-09, 2.40276154528e-09, 8.41388647643e-09, 7.50489981272e-09, 2.34444441638e-09, 5.24237930843e-10, 5.90695847791e-09, 2.95391688887e-09, 5.59660140453e-09, 2.7106153766e-08, 8.26663892894e-09, 4.15395229325e-09, 1.3451888492e-09, 3.27655835797e-09, 5.52620171845e-09, 2.09345643043e-08, 3.18070121352e-08, 9.98767930582e-08, 1.40316167574e-08, 1.16307337095e-08, 7.92766918778e-09, 6.30172003468e-09, 1.72022385225e-09, 7.50287262874e-11, 5.39234049123e-14]
        var: [1.22734626282e-11, 1.80712859787e-07, 4.74268006201e-07, 4.46571732482e-07, 6.53519748539e-07, 2.70440693839e-07, 2.71144511288e-08, 1.29593011877e-08, 7.84461828829e-09, 5.59280532997e-09, 1.14051852407e-08, 2.02711465391e-08, 1.39119791243e-08, 2.48865266173e-08, 2.8138362751e-08, 2.67359467898e-08, 7.91611398654e-08, 8.39562943611e-08, 8.81787300955e-08, 3.63646819324e-07, 4.02629503071e-08, 1.23288570464e-08, 1.08893860595e-09, 1.92403523669e-10, 5.98807531338e-11, 1.01476647723e-13, 1.97353446282e-15]
    mfcc:
        mean: [-717.375, 92.0925827026, -20.9062767029, 59.9406852722, -13.9804210663, -1.16285252571, -2.42480874062, -7.50124979019, -9.61555957794, -6.03312397003, -5.31306886673, -0.305375248194, -1.65338528156]
        cov: [[2937.34912109, -881.950500488, -168.675842285, -77.0300979614, 105.697998047, 10.3185081482, -120.381011963, -160.776168823, -17.3276233673, 6.7899889946, -0.64951300621, -89.3611068726, -27.9924964905], [-881.950500488, 1067.33911133, -152.645187378, 13.2508897781, 46.3749427795, 97.5692825317, 148.721939087, 185.943267822, 85.6537475586, 33.8464355469, 15.0067367554, 79.9786987305, 38.0137405396], [-168.675842285, -152.645187378, 330.511627197, 59.1331748962, -73.9198455811, -63.5995597839, -34.5936813354, -2.62745475769, 7.51428318024, 11.6604719162, 10.1290435791, -10.9181718826, -14.0927619934], [-77.0300979614, 13.2508897781, 59.1331748962, 148.505310059, 38.0550041199, -4.55646419525, -18.2940979004, -2.22282505035, 42.8869934082, 27.0471115112, 16.199842453, 28.7788848877, -1.96435809135], [105.697998047, 46.3749427795, -73.9198455811, 38.0550041199, 141.887969971, 67.5293502808, 20.7572021484, 10.2572946548, 28.3364639282, 33.3851280212, 18.5922470093, 17.9072875977, 5.53412771225], [10.3185081482, 97.5692825317, -63.5995597839, -4.55646419525, 67.5293502808, 107.44594574, 67.8466262817, 32.4928207397, 11.9308929443, 21.3093833923, 21.991519928, 21.769651413, 16.8463554382], [-120.381011963, 148.721939087, -34.5936813354, -18.2940979004, 20.7572021484, 67.8466262817, 104.713645935, 67.4279251099, 10.87134552, 9.14483833313, 36.3488578796, 36.6152305603, 27.3073062897], [-160.776168823, 185.943267822, -2.62745475769, -2.22282505035, 10.2572946548, 32.4928207397, 67.4279251099, 127.763221741, 69.8077926636, -5.39065790176, -2.6860871315, 56.0862884521, 39.0056915283], [-17.3276233673, 85.6537475586, 7.51428318024, 42.8869934082, 28.3364639282, 11.9308929443, 10.87134552, 69.8077926636, 132.029693604, 16.219865799, -50.4160728455, 41.3656539917, 57.4614906311], [6.7899889946, 33.8464355469, 11.6604719162, 27.0471115112, 33.3851280212, 21.3093833923, 9.14483833313, -5.39065790176, 16.219865799, 131.358200073, 32.6233253479, -47.032875061, -1.06753325462], [-0.64951300621, 15.0067367554, 10.1290435791, 16.199842453, 18.5922470093, 21.991519928, 36.3488578796, -2.6860871315, -50.4160728455, 32.6233253479, 159.623062134, 50.8522567749, -48.8943595886], [-89.3611068726, 79.9786987305, -10.9181718826, 28.7788848877, 17.9072875977, 21.769651413, 36.6152305603, 56.0862884521, 41.3656539917, -47.032875061, 50.8522567749, 150.947677612, 41.4104537964], [-27.9924964905, 38.0137405396, -14.0927619934, -1.96435809135, 5.53412771225, 16.8463554382, 27.3073062897, 39.0056915283, 57.4614906311, -1.06753325462, -48.8943595886, 41.4104537964, 109.435157776]]
        icov: [[0.000575665500946, 0.000531501951627, 0.000448748935014, 0.000332527648425, -0.000253964302829, -0.000334597367328, 0.000482987466967, 4.13955312979e-05, -0.000749993079808, 0.000232674792642, -0.000617884565145, 0.000490482896566, -0.000110132430564], [0.000531501951627, 0.00202268804424, 0.00122589757666, -0.000352397124516, 0.000217191322008, -0.000245090021053, -0.000766239012592, -0.00184116116725, -0.00027948449133, -0.000715101195965, 0.00027928390773, -0.000179070382728, 0.000791388913058], [0.000448748935014, 0.00122589757666, 0.00505813211203, -0.00231044529937, 0.0025726063177, 0.000509153876919, 0.000623262720183, -0.00200895522721, -0.000602101848926, -0.00043330839253, -0.00116875686217, 0.00105107773561, 4.29073734267e-05], [0.000332527648425, -0.000352397124516, -0.00231044529937, 0.0111906258389, -0.00373148056678, 0.00117964111269, 0.00109124241862, 0.00352189363912, -0.00439149513841, -0.00148177903611, -0.000574853736907, -0.00273810629733, 0.00166098575573], [-0.000253964302829, 0.000217191322008, 0.0025726063177, -0.00373148056678, 0.0142835061997, -0.00937440246344, 0.00389077374712, -0.000729808292817, -0.00166479335167, -0.00152859382797, -0.00102764042094, -0.000226980046136, 0.000619918806478], [-0.000334597367328, -0.000245090021053, 0.000509153876919, 0.00117964111269, -0.00937440246344, 0.0256351847202, -0.0173997320235, 0.00359439221211, 0.000601995794568, -0.00253057060763, 0.00360429799184, -0.00265896669589, 0.00195044046268], [0.000482987466967, -0.000766239012592, 0.000623262720183, 0.00109124241862, 0.00389077374712, -0.0173997320235, 0.0343932546675, -0.0138384466991, 0.00372246559709, 0.00233569159172, -0.00968328118324, 0.00474077835679, -0.00873051024973], [4.13955312979e-05, -0.00184116116725, -0.00200895522721, 0.00352189363912, -0.000729808292817, 0.00359439221211, -0.0138384466991, 0.0240230020136, -0.0114856399596, 0.00154776778072, 0.000920817430597, -0.0031813106034, 0.00249001011252], [-0.000749993079808, -0.00027948449133, -0.000602101848926, -0.00439149513841, -0.00166479335167, 0.000601995794568, 0.00372246559709, -0.0114856399596, 0.0233620870858, -0.00764702120796, 0.0104719921947, -0.00784929096699, -0.00178713037167], [0.000232674792642, -0.000715101195965, -0.00043330839253, -0.00148177903611, -0.00152859382797, -0.00253057060763, 0.00233569159172, 0.00154776778072, -0.00764702120796, 0.0177601240575, -0.0123591655865, 0.0138949668035, -0.00703343376517], [-0.000617884565145, 0.00027928390773, -0.00116875686217, -0.000574853736907, -0.00102764042094, 0.00360429799184, -0.00968328118324, 0.000920817430597, 0.0104719921947, -0.0123591655865, 0.0231201425195, -0.0167402997613, 0.01221453771], [0.000490482896566, -0.000179070382728, 0.00105107773561, -0.00273810629733, -0.000226980046136, -0.00265896669589, 0.00474077835679, -0.0031813106034, -0.00784929096699, 0.0138949668035, -0.0167402997613, 0.0232958849519, -0.0113919684663], [-0.000110132430564, 0.000791388913058, 4.29073734267e-05, 0.00166098575573, 0.000619918806478, 0.00195044046268, -0.00873051024973, 0.00249001011252, -0.00178713037167, -0.00703343376517, 0.01221453771, -0.0113919684663, 0.0204673334956]]
    spectral_contrast:
        mean: [2.95018960372e-08, -9.78232037596e-08, -1.99603462647e-07, -1.37629740493e-07, 1.05406833484e-07, -3.91194106442e-07, 1.25540566387e-06, 1.37983374771e-06, 2.01062675842e-07, 3.67735947293e-06, -1.07563039364e-06, -2.66765118795e-06]
        var: [0.000248438911512, 0.00085957616102, 0.00188698701095, 0.00259813340381, 0.0034531916026, 0.00545381242409, 0.0457408279181, 0.0836288928986, 0.219751685858, 0.337352186441, 0.56834346056, 1.55521166325]

rhythm:
    beats_loudness:
        dmean: 0.00286948075518
        dmean2: 0.00554199656472
        dvar: 2.81484221887e-06
        dvar2: 9.91352135316e-06
        max: 0.0122284730896
        mean: 0.00887160375714
        min: 0.00560701359063
        var: 4.51619507658e-06
    beats_loudness_bass:
        dmean: 0.367169320583
        dmean2: 0.727953672409
        dvar: 0.0263324100524
        dvar2: 0.089437879622
        max: 0.896091401577
        mean: 0.560662865639
        min: 0.249385386705
        var: 0.0448674559593
    bpm: 133.817428589
    bpm_confidence: 0
    first_peak_bpm: 134
    first_peak_spread: 0
    first_peak_weight: 0.952380955219
    onset_rate: 6.46306848526
    second_peak_bpm: 124
    second_peak_spread: 0
    second_peak_weight: 0.047619048506
    beats_position: [0.344779849052, 0.793088674545, 1.24139750004, 1.68970620632, 2.13801503181, 2.58632397652, 3.03463292122, 3.48294186592, 3.9312505722, 4.37955951691, 4.82786846161, 5.27617740631, 5.72448635101, 6.2070555687, 6.65549230576, 7.10392856598, 7.55236530304, 8.00080108643, 8.44923782349, 8.89767456055, 9.34611129761, 9.79454803467]
    bpm_estimates: [133.904769897, 133.860275269, 134.067047119, 133.848968506, 133.70111084, 133.658981323, 133.702667236, 133.888366699, 133.820755005, 133.918945312, 133.828842163, 134.087127686, 133.913635254, 133.851531982, 133.770935059, 133.504135132, 133.616653442, 133.611495972, 133.902618408, 133.887298584, 133.931610107, 133.705612183]
    bpm_intervals: [0.448308825493, 0.448308825493, 0.448308706284, 0.448308825493, 0.448308944702, 0.448308944702, 0.448308944702, 0.448308706284, 0.448308944702, 0.448308944702, 0.448308944702, 0.448308944702, 0.482569217682, 0.448436737061, 0.448436260223, 0.448436737061, 0.448435783386, 0.448436737061, 0.448436737061, 0.448436737061, 0.448436737061]
    onset_times: [0.0464399084449, 0.348299324512, 0.476009070873, 0.557278931141, 0.789478480816, 0.940408170223, 1.02167797089, 1.25387752056, 1.38158726692, 1.46285712719, 1.69505667686, 1.91564631462, 2.06657600403, 2.15945577621, 2.27555561066, 2.36843538284, 2.5890250206, 2.82122445107, 3.04181408882, 3.16952371597, 3.27401351929, 3.42494320869, 3.49460315704, 3.7151927948, 3.86612248421, 3.95900225639, 4.08671188354, 4.1679816246, 4.40018129349, 4.55111122131, 4.62077093124, 4.85297060013, 4.9806804657, 5.08517026901, 5.20126962662, 5.30575942993, 5.4334692955, 5.53795909882, 5.66566896439, 5.7701587677, 5.97913837433, 6.19972801208, 6.35065746307, 6.43192720413, 6.78022670746, 6.88471651077, 7.11691617966, 7.33750581741, 7.47682523727, 7.69741487503, 7.77868461609, 8.01088428497, 8.15020370483, 8.23147392273, 8.38240337372, 8.47528362274, 8.59138298035, 8.68426322937, 8.91646289825, 9.13705253601, 9.287981987, 9.49696159363, 9.58984088898, 9.81043052673, 10.0310201645]
    rubato_start: []
    rubato_stop: []
    perceptual_tempo: "unknown"

sfx:
    inharmonicity:
        dmean: 0.0527807846665
        dmean2: 0.0910086333752
        dvar: 0.00361516163684
        dvar2: 0.00978404842317
        max: 0.359374135733
        mean: 0.0529711320996
        min: 0
        var: 0.00388095504604
    oddtoevenharmonicenergyratio:
        dmean: 3.56673502922
        dmean2: 6.72626638412
        dvar: 169.060211182
        dvar2: 492.934417725
        max: 116.157302856
        mean: 2.51907277107
        min: 0
        var: 95.4004898071
    pitch_after_max_to_before_max_energy_ratio: 13.4497098923
    pitch_centroid: 227.919067383
    pitch_max_to_total: 0.0529953911901
    pitch_min_to_total: 0.115207374096
    tristimulus:
        dmean: [0.202832341194, 0.261830121279, 0.165318191051]
        dmean2: [0.356404036283, 0.46017703414, 0.291271269321]
        dvar: [0.033470403403, 0.052012309432, 0.0290838703513]
        dvar2: [0.0781392157078, 0.140932127833, 0.0695022195578]
        max: [1, 0.992114961147, 0.817876696587]
        mean: [0.342154920101, 0.427757114172, 0.160059347749]
        min: [0.00788508169353, 0, 0]
        var: [0.0559958964586, 0.064807459712, 0.0341415256262]

tonal:
    chords_changes_rate: 0.119266055524
    chords_number_rate: 0.0275229364634
    chords_strength:
        dmean: 0.00997802428901
        dmean2: 0.0118205146864
        dvar: 5.92622272961e-05
        dvar2: 9.53918133746e-05
        max: 0.626619040966
        mean: 0.50043118
        min: 0.399336069822
        var: 0.00309458677657
    key_strength: 0.726305544376
    tuning_diatonic_strength: 0.647268116474
    tuning_equal_tempered_deviation: 0.183177024126
    tuning_frequency: 441.782684326
    tuning_nontempered_energy_ratio: 0.824493587017
    hpcp:
        dmean: [0.286530643702, 0.215064510703, 0.180480182171, 0.178129628301, 0.173760637641, 0.190821111202, 0.228835001588, 0.181840419769, 0.112254470587, 0.0974128842354, 0.105499811471, 0.119555287063, 0.118602566421, 0.128763139248, 0.159615799785, 0.155628472567, 0.136579692364, 0.114668808877, 0.114166900516, 0.173504695296, 0.296299308538, 0.306995362043, 0.180482208729, 0.154623299837, 0.128065109253, 0.110472865403, 0.112442389131, 0.12262634933, 0.155216515064, 0.211356237531, 0.210444554687, 0.15638448298, 0.145317196846, 0.162519991398, 0.243854507804, 0.329018741846]
        dmean2: [0.482809573412, 0.391142398119, 0.337559491396, 0.317240566015, 0.299278885126, 0.332655102015, 0.407139897346, 0.322826236486, 0.198852658272, 0.178979322314, 0.187530502677, 0.204826533794, 0.211195394397, 0.242409735918, 0.290657103062, 0.277535676956, 0.239100083709, 0.211817964911, 0.211146041751, 0.302275508642, 0.498085141182, 0.505701184273, 0.314467310905, 0.282539576292, 0.229062870145, 0.197611108422, 0.202147275209, 0.223412483931, 0.285870939493, 0.366608649492, 0.366107821465, 0.27280792594, 0.267657309771, 0.298470646143, 0.415907889605, 0.554121315479]
        dvar: [0.0611432157457, 0.0585821643472, 0.0476400330663, 0.0395384579897, 0.0344881340861, 0.0379065573215, 0.057571336627, 0.038137562573, 0.01586888358, 0.0152161754668, 0.016495289281, 0.0186388716102, 0.0198366250843, 0.0261660255492, 0.0470796823502, 0.0414286665618, 0.0259150080383, 0.0218214597553, 0.0246987715364, 0.0428383946419, 0.0740437954664, 0.0713848471642, 0.0322582535446, 0.0472268909216, 0.0341634824872, 0.0274671632797, 0.0265587493777, 0.0331127233803, 0.0347756035626, 0.0532072260976, 0.0545813255012, 0.029055962339, 0.0361134521663, 0.0406838431954, 0.0553389824927, 0.079115986824]
        dvar2: [0.143544152379, 0.167489349842, 0.131623476744, 0.107356876135, 0.0886309444904, 0.090611666441, 0.140412196517, 0.102673180401, 0.0429605804384, 0.0403793491423, 0.0449381396174, 0.0472796037793, 0.0522384494543, 0.076010607183, 0.138549819589, 0.111447878182, 0.0694290921092, 0.0572827421129, 0.063395626843, 0.108354710042, 0.138672322035, 0.122903645039, 0.0867044106126, 0.129376724362, 0.0972151756287, 0.068836890161, 0.0712436288595, 0.0912119746208, 0.0958630219102, 0.130482688546, 0.114346973598, 0.0835666805506, 0.11016958952, 0.11849810183, 0.140606462955, 0.172636806965]
        max: [1, 1, 1, 1, 0.96235203743, 1, 1, 1, 0.879270374775, 1, 0.829926967621, 1, 0.92766559124, 1, 1, 1, 0.905451893806, 0.862555742264, 0.866257309914, 1, 1, 1, 1, 1, 1, 1, 1, 1, 0.8887591362, 1, 1, 1, 1, 1, 1, 1]
        mean: [0.459284722805, 0.226918175817, 0.147916659713, 0.171227201819, 0.179230317473, 0.229410514235, 0.276063978672, 0.199539244175, 0.13024815917, 0.109732374549, 0.116551101208, 0.139900967479, 0.136696055532, 0.129105731845, 0.152022227645, 0.163566827774, 0.148704558611, 0.122119657695, 0.107346720994, 0.189309358597, 0.406473487616, 0.424869269133, 0.220391303301, 0.135383546352, 0.116970025003, 0.104590766132, 0.109616167843, 0.115421541035, 0.151139512658, 0.24935901165, 0.254923254251, 0.161221459508, 0.137752398849, 0.172874748707, 0.315188676119, 0.521969139576]
        min: [0.0179471634328, 0.00544285774231, 0.00319541944191, 0.00423758709803, 0.00423251418397, 0.00529467780143, 0.00625342037529, 0.00500668724999, 0.00429551536217, 0.0036509509664, 0.00647221691906, 0.00999281741679, 0.00718775391579, 0.00244143442251, 0.0029175139498, 0.00453843083233, 0.00323898810893, 0.00278815464117, 0.00189965392929, 0.00332983396947, 0.0157790202647, 0.0127787999809, 0.00545977521688, 0.002713636728, 0.00332208024338, 0.0041554342024, 0.00386872794479, 0.00258752377704, 0.00489416951314, 0.00851051323116, 0.00635091494769, 0.0038399733603, 0.00130448688287, 0.00211465754546, 0.00751110212877, 0.0130983619019]
        var: [0.112428851426, 0.0543650835752, 0.0357564762235, 0.0391798727214, 0.0388618931174, 0.0503587946296, 0.07551779598, 0.0420868583024, 0.0191176868975, 0.0152263632044, 0.016136014834, 0.0228385012597, 0.0226311907172, 0.0240172296762, 0.0425682738423, 0.0430875830352, 0.0292288996279, 0.0224681049585, 0.0227895155549, 0.045447923243, 0.107286736369, 0.117523357272, 0.0429018326104, 0.0454609431326, 0.0298747271299, 0.0266251470894, 0.024680506438, 0.0273543260992, 0.0350476130843, 0.0739453881979, 0.0768745690584, 0.0299306549132, 0.0348480828106, 0.050766993314, 0.0737624391913, 0.128006264567]
    chords_histogram: [33.9449539185, 0, 2.75229358673, 44.0366973877, 0, 0, 0, 0, 0, 0, 4.58715581894, 0, 0, 0, 0, 0, 0, 10.5504589081, 0, 4.1284403801, 0, 0, 0, 0]
    thpcp: [1, 0.879907786846, 0.434734851122, 0.283381998539, 0.328040838242, 0.343373388052, 0.43950971961, 0.528889477253, 0.382281690836, 0.249532297254, 0.210227698088, 0.223291173577, 0.268025368452, 0.26188531518, 0.247343614697, 0.291247546673, 0.313364952803, 0.284891486168, 0.233959540725, 0.205657213926, 0.362683057785, 0.778730869293, 0.813973903656, 0.422230511904, 0.259370774031, 0.224093750119, 0.200377300382, 0.210005074739, 0.221127137542, 0.289556413889, 0.477727502584, 0.488387584686, 0.308871626854, 0.263909071684, 0.33119726181, 0.6038454175]
    chords_key: "G#"
    chords_scale: "minor"
    key_key: "A"
    key_scale: "major"
    chords_progression: ["G#m", "G#m", "G#m", "G#m", "G#m", "G#m", "G#m", "G#m", "G#m", "G#m", "G#m", "G#m", "G#m", "G#m", "G#m", "G#m", "G#m", "G#m", "G#m", "G#m", "G#m", "G#m", "Am", "Am", "G#m", "G#m", "G#m", "G#m", "G#m", "G#m", "G#m", "G#m", "G#m", "G#m", "G#m", "G#m", "Am", "A", "A", "A", "A", "A", "A", "A", "A", "A", "A", "A", "A", "G#", "A", "A", "A", "A", "A", "A", "A", "A", "A", "A", "A", "A", "A", "A", "A", "A", "A", "A", "A", "A", "A", "A", "A", "A", "A", "Am", "Am", "Am", "Em", "Am", "Am", "Am", "G#m", "G#m", "G#m", "G#m", "Em", "Em", "G#m", "G#m", "Em", "Em", "Em", "Em", "Em", "Em", "G#", "G#", "G#", "G#", "G#", "G#", "G#", "G#", "G#m", "G#", "G#m", "G#m", "G#m", "G#m", "G#m", "G#m", "G#m", "G#m", "G#m", "G#m", "E", "E", "E", "E", "G#m", "G#m", "G#m", "G#m", "G#m", "E", "E", "G#m", "G#m", "G#m", "G#m", "G#m", "G#m", "A", "A", "A", "A", "A", "A", "A", "G#m", "G#m", "G#m", "G#m", "G#m", "G#m", "Am", "Am", "Am", "Am", "Am", "Am", "Am", "Am", "Am", "Am", "Am", "Am", "Am", "Am", "G#m", "G#m", "G#m", "G#m", "G#m", "G#m", "G#m", "G#m", "G#m", "G#m", "G#m", "G#m", "G#m", "G#m", "G#m", "G#m", "G#m", "G#m", "G#m", "G#m", "G#m", "G#m", "G#m", "G#m", "G#m", "G#m", "G#m", "G#m", "A", "A", "A", "A", "A", "A", "A", "A", "A", "A", "A", "A", "A", "A", "A", "A", "A", "A", "A", "A", "A", "A", "A", "A", "A", "A", "A", "A", "A", "A"]
