
metadata:
    version:
        essentia: "1.2.2"
    audio_properties:
        analysis_sample_rate: 44100
        bitrate: 128
        channels: 2
        equal_loudness: 1
        length: 10.0310201645
        replay_gain: -6.83929634094
        downmix: "mix"
    tags:
        track: 22
        year: 0
        album: "Splitted by Mp3Splt v. 2.1"
        artist: "From 003.30 To 003.40"
        comment: "http://mp3splt.sf.net"
        genre: ""
        title: "04 Transit Ride.mp3"

highlevel:
    ballroom:
        all:
            ChaChaCha: 0.480051219463
            Jive: 0.102091796696
            Quickstep: 0.0192725975066
            Rumba-American: 0.00165377568919
            Rumba-International: 0.00359772937372
            Rumba-Misc: 0.00240839971229
            Samba: 0.386579424143
            Tango: 0.00221882085316
            VienneseWaltz: 0.00119983998593
            Waltz: 0.000926386681385
        probability: 0.480051219463
        value: "ChaChaCha"
    culture:
        all:
            non_western: 0.363420069218
            western: 0.636579930782
        probability: 0.636579930782
        value: "western"
    gender:
        all:
            female: 0.338217943907
            male: 0.661782085896
        probability: 0.661782085896
        value: "male"
    genre_dortmund:
        all:
            alternative: 0.0110345417634
            blues: 0.0128592262045
            electronic: 0.0978603512049
            folkcountry: 0.00827474985272
            funksoulrnb: 0.0213466882706
            jazz: 0.550179958344
            pop: 0.0181133691221
            raphiphop: 0.223674163222
            rock: 0.0566569492221
        probability: 0.550179958344
        value: "jazz"
    genre_electronica:
        all:
            ambient: 0.0565199553967
            dnb: 0.104737184942
            house: 0.0657134875655
            techno: 0.0114257363603
            trance: 0.761603653431
        probability: 0.761603653431
        value: "trance"
    genre_rosamerica:
        all:
            cla: 0.0222406089306
            dan: 0.525762975216
            hip: 0.182359710336
            jaz: 0.0518131889403
            pop: 0.0544381514192
            rhy: 0.118007905781
            roc: 0.0319870114326
            spe: 0.0133904637769
        probability: 0.525762975216
        value: "dan"
    genre_tzanetakis:
        all:
            blu: 0.00876294728369
            cla: 0.00467567332089
            cou: 0.00743904570118
            dis: 0.0366893969476
            hip: 0.172492191195
            jaz: 0.0245107095689
            met: 0.00739005859941
            pop: 0.425311893225
            reg: 0.291001915932
            roc: 0.0217261686921
        probability: 0.425311893225
        value: "pop"
    live_studio:
        all:
            live: 0.160468176007
            studio: 0.839531838894
        probability: 0.839531838894
        value: "studio"
    mood:
        all:
            Cluster1: 0.0700532644987
            Cluster2: 0.294344723225
            Cluster3: 0.016965771094
            Cluster4: 0.162940770388
            Cluster5: 0.455695450306
        probability: 0.455695450306
        value: "Cluster5"
    mood_acoustic:
        all:
            acoustic: 0.00300961919129
            not_acoustic: 0.996990382671
        probability: 0.996990382671
        value: "not_acoustic"
    mood_aggressive:
        all:
            aggressive: 0.368911445141
            not_aggressive: 0.631088554859
        probability: 0.631088554859
        value: "not_aggressive"
    mood_electronic:
        all:
            electronic: 0.929575264454
            not_electronic: 0.0704247057438
        probability: 0.929575264454
        value: "electronic"
    mood_happy:
        all:
            happy: 0.920163452625
            not_happy: 0.079836525023
        probability: 0.920163452625
        value: "happy"
    mood_party:
        all:
            not_party: 0.109158076346
            party: 0.890841901302
        probability: 0.890841901302
        value: "party"
    mood_relaxed:
        all:
            not_relaxed: 0.893447935581
            relaxed: 0.106552086771
        probability: 0.893447935581
        value: "not_relaxed"
    mood_sad:
        all:
            not_sad: 0.968328654766
            sad: 0.0316713154316
        probability: 0.968328654766
        value: "not_sad"
    rhythm:
        all:
            fast: 0.571887016296
            medium: 0.3515843153
            slow: 0.0765286535025
        probability: 0.571887016296
        value: "fast"
    speech_music:
        all:
            music: 0.999964416027
            speech: 3.55705124093e-05
        probability: 0.999964416027
        value: "music"
    timbre:
        all:
            bright: 0.824416041374
            dark: 0.175583973527
        probability: 0.824416041374
        value: "bright"
    voice_instrumental:
        all:
            instrumental: 0.814063072205
            voice: 0.185936957598
        probability: 0.814063072205
        value: "instrumental"

lowlevel:
    average_loudness: 0.974582016468
    barkbands_kurtosis:
        dmean: 1.33661139011
        dmean2: 2.21474313736
        dvar: 14.84192276
        dvar2: 30.3680686951
        max: 57.9181442261
        mean: 0.131751269102
        min: -1.88730788231
        var: 18.4337882996
    barkbands_skewness:
        dmean: 0.573900341988
        dmean2: 0.887730836868
        dvar: 0.41989710927
        dvar2: 0.891153991222
        max: 6.92633199692
        mean: -0.216768234968
        min: -2.79715466499
        var: 1.2402305603
    barkbands_spread:
        dmean: 7.57670497894
        dmean2: 11.7061128616
        dvar: 77.961730957
        dvar2: 188.359466553
        max: 96.6282501221
        mean: 31.0651092529
        min: 3.3986852169
        var: 163.346908569
    dissonance:
        dmean: 0.0223969649523
        dmean2: 0.037940390408
        dvar: 0.000408711930504
        dvar2: 0.00108386669308
        max: 0.498858630657
        mean: 0.458981275558
        min: 0.338897287846
        var: 0.000771281309426
    hfc:
        dmean: 3.39494252205
        dmean2: 4.55356788635
        dvar: 23.0369358063
        dvar2: 43.3068962097
        max: 47.2109527588
        mean: 8.84547996521
        min: 0.061167947948
        var: 78.60131073
    pitch:
        dmean: 519.521972656
        dmean2: 1012.88989258
        dvar: 1372372.5
        dvar2: 3112154.25
        max: 4410
        mean: 1037.17407227
        min: 92.8421020508
        var: 1994533.75
    pitch_instantaneous_confidence:
        dmean: 0.118430458009
        dmean2: 0.176470041275
        dvar: 0.0141299627721
        dvar2: 0.0320788547397
        max: 0.976237654686
        mean: 0.602334022522
        min: 0.165885925293
        var: 0.0463089048862
    pitch_salience:
        dmean: 0.0688080862164
        dmean2: 0.108990460634
        dvar: 0.00409634923562
        dvar2: 0.00992862228304
        max: 0.841912388802
        mean: 0.623089671135
        min: 0.28451988101
        var: 0.00967176351696
    silence_rate_20dB:
        dmean: 0
        dmean2: 0
        dvar: 0
        dvar2: 0
        max: 1
        mean: 1
        min: 1
        var: 0
    silence_rate_30dB:
        dmean: 0
        dmean2: 0
        dvar: 0
        dvar2: 0
        max: 1
        mean: 1
        min: 1
        var: 0
    silence_rate_60dB:
        dmean: 0.162412986159
        dmean2: 0.325581401587
        dvar: 0.136035472155
        dvar2: 0.238182723522
        max: 1
        mean: 0.543981492519
        min: 0
        var: 0.248066022992
    spectral_centroid:
        dmean: 483.845123291
        dmean2: 772.914001465
        dvar: 314624.84375
        dvar2: 758392.8125
        max: 6029.94482422
        mean: 2355.26782227
        min: 177.538574219
        var: 774212.3125
    spectral_complexity:
        dmean: 3.89743590355
        dmean2: 5.62850475311
        dvar: 23.8077106476
        dvar2: 38.7614555359
        max: 44
        mean: 9.8255815506
        min: 0
        var: 61.7766113281
    spectral_crest:
        dmean: 1.83531475067
        dmean2: 2.8941385746
        dvar: 2.6239593029
        dvar2: 6.54401397705
        max: 16.606388092
        mean: 7.48067998886
        min: 3.00905799866
        var: 6.47675514221
    spectral_decrease:
        dmean: 4.27576196671e-10
        dmean2: 6.71647737427e-10
        dvar: 4.20890356128e-19
        dvar2: 1.00029007602e-18
        max: -9.88321750828e-12
        mean: -7.97537758057e-10
        min: -4.39094760551e-09
        var: 6.13615916679e-19
    spectral_energy:
        dmean: 0.00187399215065
        dmean2: 0.0028887221124
        dvar: 7.43484724808e-06
        dvar2: 1.66912286659e-05
        max: 0.0194460116327
        mean: 0.00381240062416
        min: 4.85249875055e-05
        var: 1.30571233967e-05
    spectral_energyband_high:
        dmean: 0.000444030418294
        dmean2: 0.000621912302449
        dvar: 4.64973169301e-07
        dvar2: 9.99039457383e-07
        max: 0.00726460525766
        mean: 0.00105672213249
        min: 3.04385753225e-06
        var: 1.44173839089e-06
    spectral_energyband_low:
        dmean: 0.00038914711331
        dmean2: 0.00068051222479
        dvar: 8.06131424724e-07
        dvar2: 2.12298823499e-06
        max: 0.00461153592914
        mean: 0.000380799348932
        min: 1.5308140533e-08
        var: 7.48773345549e-07
    spectral_energyband_middle_high:
        dmean: 0.000520052213687
        dmean2: 0.000731369887944
        dvar: 6.93945480634e-07
        dvar2: 1.23016820908e-06
        max: 0.00915940664709
        mean: 0.00138337502722
        min: 7.2936700235e-06
        var: 1.88743217677e-06
    spectral_energyband_middle_low:
        dmean: 0.000871049356647
        dmean2: 0.00150221330114
        dvar: 2.5473129881e-06
        dvar2: 6.99693146089e-06
        max: 0.00730616878718
        mean: 0.000991500448436
        min: 9.37761797104e-06
        var: 2.09895620173e-06
    spectral_flatness_db:
        dmean: 0.0240842271596
        dmean2: 0.0376032218337
        dvar: 0.000628535519354
        dvar2: 0.00122064130846
        max: 0.309925764799
        mean: 0.170563429594
        min: 0.072480045259
        var: 0.00204380857758
    spectral_flux:
        dmean: 0.014729809016
        dmean2: 0.0210316944867
        dvar: 0.000243067755946
        dvar2: 0.000535048777238
        max: 0.11736433953
        mean: 0.0375475548208
        min: 0.00278822495602
        var: 0.000533403479494
    spectral_kurtosis:
        dmean: 0.911088049412
        dmean2: 1.53790068626
        dvar: 0.936328530312
        dvar2: 2.45216822624
        max: 10.0617103577
        mean: 1.97923529148
        min: -1.21516728401
        var: 1.17804849148
    spectral_rms:
        dmean: 0.000442936056061
        dmean2: 0.000647992361337
        dvar: 3.02528604834e-07
        dvar2: 6.64349670387e-07
        max: 0.00435565365478
        mean: 0.0017289245734
        min: 0.000217580905883
        var: 7.30234660296e-07
    spectral_rolloff:
        dmean: 598.913635254
        dmean2: 1028.96447754
        dvar: 1073633.625
        dvar2: 2680160.25
        max: 10012.9394531
        mean: 4217.70507812
        min: 129.19921875
        var: 1518063
    spectral_skewness:
        dmean: 0.218214482069
        dmean2: 0.352157920599
        dvar: 0.0502073615789
        dvar2: 0.111857444048
        max: 2.41692638397
        mean: 0.936073958874
        min: 0.0370376482606
        var: 0.107768900692
    spectral_spread:
        dmean: 1073726.875
        dmean2: 1735994
        dvar: 2.61830239846e+12
        dvar2: 6.00635185562e+12
        max: 16776738
        mean: 5207649.5
        min: 2721349.5
        var: 3.04164739482e+12
    spectral_strongpeak:
        dmean: 0.704890668392
        dmean2: 1.20865833759
        dvar: 1.47855770588
        dvar2: 3.3778321743
        max: 10.7555131912
        mean: 1.20442986488
        min: 0.00663825962692
        var: 2.85576438904
    zerocrossingrate:
        dmean: 0.0141339777038
        dmean2: 0.0162216611207
        dvar: 0.00018060329603
        dvar2: 0.00020729273092
        max: 0.2099609375
        mean: 0.128327131271
        min: 0.01953125
        var: 0.00104426045436
    barkbands:
        dmean: [5.56858879008e-07, 7.53006679588e-05, 0.000336206314387, 0.000229154480621, 0.00031423024484, 0.000134869769681, 0.000112392532174, 5.854230767e-05, 0.00010763406317, 7.02422476024e-05, 4.35623041994e-05, 5.58694664505e-05, 5.36116422154e-05, 3.91814573959e-05, 4.83672847622e-05, 0.000117987539852, 6.86672938173e-05, 0.000104274433397, 0.000113167850941, 0.000198484267457, 0.000273163605016, 7.31053369236e-05, 9.39394885791e-06, 1.56019598307e-06, 7.39685765438e-06, 6.1664785278e-08, 5.38670441586e-10]
        dmean2: [7.52207654386e-07, 0.000117877483717, 0.000609793758485, 0.000426296697697, 0.000584381457884, 0.000224453062401, 0.000171425504959, 9.79036049102e-05, 0.000169538514456, 0.000121668010252, 7.46403602534e-05, 9.17571960599e-05, 8.06585594546e-05, 6.11313953414e-05, 7.02085380908e-05, 0.000177745023393, 0.000100620440207, 0.000155701723997, 0.000172813379322, 0.000282153428998, 0.00039912990178, 0.000102870821138, 1.36864400702e-05, 2.25174062507e-06, 1.2532740584e-05, 8.59304449818e-08, 8.66877347683e-10]
        dvar: [1.36663488685e-12, 2.44343656419e-08, 6.44214765089e-07, 3.39877715305e-07, 4.71593381235e-07, 1.60981841191e-07, 4.34744364952e-08, 1.1015661272e-08, 2.84601533451e-08, 3.89172924997e-08, 1.08207256488e-08, 1.08274083033e-08, 8.62812044033e-09, 6.30900576226e-09, 6.56621956807e-09, 7.42405745768e-08, 1.98899261505e-08, 2.62993111733e-08, 2.63455390836e-08, 8.09200102481e-08, 2.07784637496e-07, 1.29690214123e-08, 3.25948518176e-10, 4.42626404279e-12, 2.51232312731e-10, 1.12912930823e-14, 7.43404483897e-19]
        dvar2: [2.53498849516e-12, 5.11478575049e-08, 1.75034517724e-06, 9.6573501196e-07, 1.37619531415e-06, 4.26364522355e-07, 7.91927377009e-08, 2.91922681583e-08, 6.30624796827e-08, 1.04414368707e-07, 2.76277827282e-08, 2.51342910929e-08, 1.60632911417e-08, 1.34405953034e-08, 1.33282380688e-08, 1.6312165485e-07, 3.74479078857e-08, 5.1342862406e-08, 5.59120572063e-08, 1.72070144799e-07, 4.62844127469e-07, 2.77638640966e-08, 7.37540861717e-10, 9.60450902837e-12, 6.80224543359e-10, 2.5418838719e-14, 1.74326163426e-18]
        max: [1.58987604664e-05, 0.00129367865156, 0.00403292523697, 0.0027141768951, 0.00327793625183, 0.00316940015182, 0.0019675840158, 0.00103695632424, 0.00185408210382, 0.00163792888634, 0.000984226004221, 0.0012345291907, 0.00142495916225, 0.000760569586419, 0.000910103437491, 0.00362710212357, 0.00233094836585, 0.00136202713475, 0.00145653309301, 0.00256287446246, 0.00596838723868, 0.00117277121171, 0.000150225620018, 2.29303914239e-05, 8.28271004139e-05, 7.49033290504e-07, 6.40139052877e-09]
        mean: [9.05069441615e-07, 9.55267969402e-05, 0.000284373993054, 0.000152801672812, 0.000229891913477, 0.000111063061922, 0.000161820964422, 8.43436646392e-05, 0.000246826151852, 5.77636928938e-05, 4.64470758743e-05, 0.000105306928162, 9.0618566901e-05, 5.33698948857e-05, 8.39312560856e-05, 0.000287656584987, 0.000139785814099, 0.000218773580855, 0.000188125704881, 0.000368073611753, 0.00062524859095, 0.000157843795023, 1.26456407088e-05, 3.13004170494e-06, 6.05154218647e-06, 7.74819497451e-08, 6.23729012883e-10]
        min: [1.88352046633e-12, 8.80792239144e-09, 1.78959513875e-09, 1.62146012173e-08, 1.40385424174e-07, 9.72381108966e-09, 7.03838409777e-08, 1.95821542093e-07, 8.28751041126e-08, 1.4105344448e-08, 7.97210688575e-08, 1.69150851548e-07, 1.20283800698e-07, 5.50298437929e-08, 8.17315708446e-08, 2.09473171253e-07, 1.87968645093e-08, 4.12977641417e-07, 6.73969964282e-07, 1.50131791088e-06, 1.21085645333e-06, 1.42022315686e-07, 3.06633252123e-09, 5.82191794773e-10, 4.12882533718e-10, 4.39563004051e-11, 1.47940131825e-13]
        var: [2.86202984055e-12, 3.61317020747e-08, 5.29187616394e-07, 2.18451162937e-07, 2.98678116906e-07, 1.21567651945e-07, 7.4935080363e-08, 1.57875490459e-08, 1.34734094104e-07, 2.91940178698e-08, 1.24274128765e-08, 3.0817453478e-08, 2.64761190749e-08, 1.12087361614e-08, 1.4434402118e-08, 3.15383772431e-07, 5.04291577386e-08, 7.60285843171e-08, 5.10636262163e-08, 1.87335302826e-07, 6.37007133264e-07, 3.80059468341e-08, 4.55599197258e-10, 1.28447408959e-11, 1.89801147021e-10, 1.58291738414e-14, 9.4643844679e-19]
    mfcc:
        mean: [-741.548095703, 69.8935852051, -47.0998153687, 52.7964057922, -35.1113548279, 0.898824155331, -6.62175989151, -14.6931610107, 8.87781429291, -6.71389818192, 3.10086989403, 5.89496660233, -3.50145936012]
        cov: [[4683.86523438, -541.024841309, 180.91885376, -96.5935974121, 89.3841171265, 1.14521157742, -31.8182697296, 114.969467163, 154.184738159, -67.6572418213, -31.0950298309, -112.878372192, -89.1975250244], [-541.024841309, 1299.90515137, 341.144592285, 334.013305664, 142.599716187, 181.194564819, 133.16960144, 74.1197433472, -92.3852310181, 86.4945907593, -59.8748207092, -124.153236389, -64.8891677856], [180.91885376, 341.144592285, 728.275634766, 157.732971191, 305.143157959, 68.3044586182, 306.793182373, 87.9793319702, 59.0014343262, 89.1956710815, 69.493019104, -94.7366256714, -6.36525011063], [-96.5935974121, 334.013305664, 157.732971191, 313.259155273, 65.4541549683, 149.360015869, 74.3853530884, 111.710151672, -15.548532486, 94.2886505127, 21.0181903839, 27.4615135193, -20.1713066101], [89.3841171265, 142.599716187, 305.143157959, 65.4541549683, 271.367584229, 73.0187530518, 150.658187866, 63.1042518616, 96.9410018921, 33.9598045349, 51.9908256531, 7.93517446518, 30.7910518646], [1.14521157742, 181.194564819, 68.3044586182, 149.360015869, 73.0187530518, 174.249832153, 64.05859375, 88.2720870972, 29.353269577, 44.1744651794, 13.7522926331, 40.4805297852, 20.1186790466], [-31.8182697296, 133.16960144, 306.793182373, 74.3853530884, 150.658187866, 64.05859375, 222.451812744, 55.1949920654, 63.5343551636, 47.5066184998, 51.1131782532, -14.1964464188, 26.4746494293], [114.969467163, 74.1197433472, 87.9793319702, 111.710151672, 63.1042518616, 88.2720870972, 55.1949920654, 138.759994507, 47.7607116699, 52.3514518738, 41.828868866, 36.7225456238, 4.55155420303], [154.184738159, -92.3852310181, 59.0014343262, -15.548532486, 96.9410018921, 29.353269577, 63.5343551636, 47.7607116699, 186.374435425, 11.1205720901, 50.910533905, 47.5466804504, 2.78586483002], [-67.6572418213, 86.4945907593, 89.1956710815, 94.2886505127, 33.9598045349, 44.1744651794, 47.5066184998, 52.3514518738, 11.1205720901, 150.069396973, 45.5872955322, 6.00309944153, 8.90342998505], [-31.0950298309, -59.8748207092, 69.493019104, 21.0181903839, 51.9908256531, 13.7522926331, 51.1131782532, 41.828868866, 50.910533905, 45.5872955322, 99.0439529419, 60.0047073364, 9.62577629089], [-112.878372192, -124.153236389, -94.7366256714, 27.4615135193, 7.93517446518, 40.4805297852, -14.1964464188, 36.7225456238, 47.5466804504, 6.00309944153, 60.0047073364, 165.204788208, 34.5194511414], [-89.1975250244, -64.8891677856, -6.36525011063, -20.1713066101, 30.7910518646, 20.1186790466, 26.4746494293, 4.55155420303, 2.78586483002, 8.90342998505, 9.62577629089, 34.5194511414, 131.033721924]]
        icov: [[0.000279792409856, 0.00020545143343, -0.000244249327807, 7.54128050175e-05, -2.82190303551e-05, -0.000229695957387, 0.000380959827453, -0.000372616108507, -0.000173485968844, 0.000114714086521, 0.000213774546864, 0.00029847965925, 0.000171375490027], [0.00020545143343, 0.00158463115804, -0.000229443205171, -0.00104793696664, -0.000672954542097, -0.000928323017433, 7.80380360084e-05, 0.00012333036284, 0.000539113185368, -5.40161890967e-05, 0.000871229101904, 0.000997428200208, 0.000698177318554], [-0.000244249327807, -0.000229443205171, 0.00650638760999, -0.00181293720379, -0.00444901967421, 0.00259341672063, -0.00584718538448, -0.00035692108213, 0.00163441873156, -0.000232559177675, -0.00179840449709, 0.00283814314753, 0.000963633414358], [7.54128050175e-05, -0.00104793696664, -0.00181293720379, 0.00951464567333, 0.00113403610885, -0.00473872385919, 0.000514197803568, -0.00309696979821, 0.00202421355061, -0.0028733452782, 0.00167282263283, -0.00306564988568, 0.00221070740372], [-2.82190303551e-05, -0.000672954542097, -0.00444901967421, 0.00113403610885, 0.0105319926515, -0.00234659411944, 0.000845576869324, 0.000250138924457, -0.00373429735191, 0.000946345797274, -0.000725965364836, -0.00140452187043, -0.00224969140254], [-0.000229695957387, -0.000928323017433, 0.00259341672063, -0.00473872385919, -0.00234659411944, 0.0146359000355, -0.00350512028672, -0.00407866900787, -0.000612993550021, -6.1941173044e-05, 0.00300647341646, -0.00199694558978, -0.00174299906939], [0.000380959827453, 7.80380360084e-05, -0.00584718538448, 0.000514197803568, 0.000845576869324, -0.00350512028672, 0.0144173745066, 0.000402448844397, -0.00285575073212, 0.000531599100213, -0.00262597994879, 0.00114316819236, -0.00257802754641], [-0.000372616108507, 0.00012333036284, -0.00035692108213, -0.00309696979821, 0.000250138924457, -0.00407866900787, 0.000402448844397, 0.0146642774343, -0.00211846805178, -0.000944039435126, -0.00347541412339, -0.000117424715427, -0.000314469070872], [-0.000173485968844, 0.000539113185368, 0.00163441873156, 0.00202421355061, -0.00373429735191, -0.000612993550021, -0.00285575073212, -0.00211846805178, 0.00961246341467, -0.000469441030873, -0.000964477658272, -0.00146801723167, 0.00244719511829], [0.000114714086521, -5.40161890967e-05, -0.000232559177675, -0.0028733452782, 0.000946345797274, -6.1941173044e-05, 0.000531599100213, -0.000944039435126, -0.000469441030873, 0.0103942770511, -0.00564318243414, 0.00276985554956, -0.00170118757524], [0.000213774546864, 0.000871229101904, -0.00179840449709, 0.00167282263283, -0.000725965364836, 0.00300647341646, -0.00262597994879, -0.00347541412339, -0.000964477658272, -0.00564318243414, 0.0226304382086, -0.00885648932308, 0.00218203989789], [0.00029847965925, 0.000997428200208, 0.00283814314753, -0.00306564988568, -0.00140452187043, -0.00199694558978, 0.00114316819236, -0.000117424715427, -0.00146801723167, 0.00276985554956, -0.00885648932308, 0.0138619262725, -0.00238535297103], [0.000171375490027, 0.000698177318554, 0.000963633414358, 0.00221070740372, -0.00224969140254, -0.00174299906939, -0.00257802754641, -0.000314469070872, 0.00244719511829, -0.00170118757524, 0.00218203989789, -0.00238535297103, 0.0103408806026]]
    spectral_contrast:
        mean: [-5.20085166045e-07, -3.43601726627e-07, 1.51073521693e-07, -1.34456982437e-07, 7.12310139761e-08, -1.2205090627e-07, -1.16237720249e-06, -4.55019107903e-06, 2.86254771709e-06, -7.19622107681e-07, 1.07239850422e-06, -4.24107838626e-06]
        var: [0.000297991646221, 0.00128945184406, 0.00197141896933, 0.00316547509283, 0.00594490673393, 0.0121495183557, 0.0424071252346, 0.08609008044, 0.16358782351, 0.491400122643, 0.968798995018, 3.89391446114]

rhythm:
    beats_loudness:
        dmean: 0.00450178189203
        dmean2: 0.0086347097531
        dvar: 1.66207082657e-05
        dvar2: 5.69751318835e-05
        max: 0.0166829377413
        mean: 0.00687789916992
        min: 0.000954899762291
        var: 1.73419412022e-05
    beats_loudness_bass:
        dmean: 0.194523364305
        dmean2: 0.357829898596
        dvar: 0.0137860625982
        dvar2: 0.0340094380081
        max: 0.422740340233
        mean: 0.104666627944
        min: 0.00046167941764
        var: 0.0185736697167
    bpm: 93.3280639648
    bpm_confidence: 0
    first_peak_bpm: 93
    first_peak_spread: 0
    first_peak_weight: 0.928571403027
    onset_rate: 5.2836098671
    second_peak_bpm: 63
    second_peak_spread: 0
    second_peak_weight: 0.0714285746217
    beats_position: [0.5427044034, 1.18579006195, 1.82887578011, 2.47196149826, 3.115046978, 3.75813269615, 4.40121841431, 5.04430389404, 5.98971128464, 6.63233757019, 7.27496433258, 7.91759061813, 8.56021690369, 9.20284366608, 9.84547042847]
    bpm_estimates: [93.3338928223, 93.3929977417, 93.3905563354, 93.508102417, 92.7383880615, 93.1263275146, 93.3883132935, 93.4643173218, 93.3305587769, 93.3329696655, 93.5887069702, 93.4514923096, 93.6494750977, 93.24193573, 93.0170059204, 93.3067474365, 93.3154830933]
    bpm_intervals: [0.64308565855, 0.643085718155, 0.643085718155, 0.643085479736, 0.643085718155, 0.643085718155, 0.643085479736, 0.945407390594, 0.642626285553, 0.64262676239, 0.642626285553, 0.642626285553, 0.64262676239, 0.64262676239]
    onset_times: [0.0580498874187, 0.208979591727, 0.406349211931, 0.53405892849, 0.731428563595, 0.835918366909, 1.05650794506, 1.16099774837, 1.38158726692, 1.47446715832, 1.81115651131, 2.03174614906, 2.15945577621, 2.33360552788, 2.46131515503, 2.65868473053, 2.76317453384, 2.99537420273, 3.11147403717, 3.34367346764, 3.43655323982, 3.72680282593, 4.04027223587, 4.38857126236, 4.72526073456, 4.8994102478, 5.0387301445, 5.24770975113, 5.36380958557, 5.58439922333, 5.67727899551, 5.88625860214, 5.99074840546, 6.3042178154, 6.53641700745, 6.64090681076, 6.86149644852, 6.96598625183, 7.19818592072, 7.26784563065, 7.4884352684, 7.61614513397, 7.81351470947, 7.94122457504, 8.16181373596, 8.25469398499, 8.56816291809, 8.87002277374, 9.10222244263, 9.2067117691, 9.43891143799, 9.53179168701, 9.84526062012]
    rubato_start: []
    rubato_stop: []
    perceptual_tempo: "unknown"

sfx:
    inharmonicity:
        dmean: 0.0641317665577
        dmean2: 0.111755870283
        dvar: 0.00491435779259
        dvar2: 0.0130224376917
        max: 0.390315115452
        mean: 0.0628198385239
        min: 0
        var: 0.00548978243023
    oddtoevenharmonicenergyratio:
        dmean: 2.66206789017
        dmean2: 5.06987667084
        dvar: 98.5851974487
        dvar2: 297.655456543
        max: 140.164245605
        mean: 1.90364909172
        min: 0
        var: 52.0968017578
    pitch_after_max_to_before_max_energy_ratio: 57.0265426636
    pitch_centroid: 224.219009399
    pitch_max_to_total: 0.0534883737564
    pitch_min_to_total: 0.327906966209
    tristimulus:
        dmean: [0.186222240329, 0.259310334921, 0.165435805917]
        dmean2: [0.32240024209, 0.449729174376, 0.296691149473]
        dvar: [0.0303359739482, 0.0509402044117, 0.0267659910023]
        dvar2: [0.0803378969431, 0.155022040009, 0.0720661431551]
        max: [1, 0.994780421257, 0.820776462555]
        mean: [0.270919442177, 0.486171334982, 0.188646018505]
        min: [0.000944840605371, 0, 0]
        var: [0.0492193736136, 0.0653626471758, 0.0347340218723]

tonal:
    chords_changes_rate: 0.101851850748
    chords_number_rate: 0.0231481473893
    chords_strength:
        dmean: 0.011928204447
        dmean2: 0.0126413311809
        dvar: 8.2181293692e-05
        dvar2: 0.000101258789073
        max: 0.734357535839
        mean: 0.546034753323
        min: 0.403675764799
        var: 0.00576672609895
    key_strength: 0.569008171558
    tuning_diatonic_strength: 0.54037129879
    tuning_equal_tempered_deviation: 0.177858605981
    tuning_frequency: 446.142181396
    tuning_nontempered_energy_ratio: 0.865745604038
    hpcp:
        dmean: [0.165497213602, 0.186908662319, 0.209934219718, 0.220903083682, 0.209176406264, 0.144091233611, 0.178421318531, 0.183215618134, 0.168543219566, 0.144584074616, 0.140384450555, 0.1658590734, 0.187333524227, 0.16153806448, 0.149381682277, 0.149155899882, 0.120959661901, 0.173742309213, 0.145147442818, 0.0859554111958, 0.0711067393422, 0.0896078497171, 0.101501658559, 0.140610545874, 0.149726703763, 0.121252767742, 0.0853015929461, 0.0662919208407, 0.0569099038839, 0.0684607848525, 0.0689870789647, 0.0709402784705, 0.0866817384958, 0.11265899986, 0.10615939647, 0.114710442722]
        dmean2: [0.286605000496, 0.328164935112, 0.352159112692, 0.377779513597, 0.370518565178, 0.25040769577, 0.317529797554, 0.321241676807, 0.290935844183, 0.225173026323, 0.225633457303, 0.269432455301, 0.299514293671, 0.257526636124, 0.248925730586, 0.250526607037, 0.186216816306, 0.278402656317, 0.245432838798, 0.143208175898, 0.12145613879, 0.160320669413, 0.179451137781, 0.233122482896, 0.255683839321, 0.213564187288, 0.142935663462, 0.111183844507, 0.0950862243772, 0.113964036107, 0.111356116831, 0.120774410665, 0.144380658865, 0.182482406497, 0.176365435123, 0.18275770545]
        dvar: [0.0516652092338, 0.0540988482535, 0.0535880364478, 0.048528727144, 0.0566456727684, 0.0314799323678, 0.0516327135265, 0.0539827346802, 0.0493789613247, 0.0301280766726, 0.0324905589223, 0.0368967801332, 0.0422456748784, 0.0309206731617, 0.0297035742551, 0.0329057574272, 0.0185534153134, 0.0389813929796, 0.0355110056698, 0.0273322016001, 0.0209513921291, 0.0285464357585, 0.0298652462661, 0.0334505289793, 0.0455573163927, 0.0287587717175, 0.0138953961432, 0.0147752454504, 0.00838993303478, 0.00717931753024, 0.00857456028461, 0.00666756974533, 0.00952799897641, 0.0266371574253, 0.0252943057567, 0.0216188747436]
        dvar2: [0.133594229817, 0.147910058498, 0.120970696211, 0.117279298604, 0.157113492489, 0.0863010287285, 0.150180697441, 0.153335154057, 0.130465164781, 0.065705999732, 0.0644764751196, 0.0894969925284, 0.0927450880408, 0.0675365328789, 0.0684356167912, 0.0870949849486, 0.0467669218779, 0.0930668115616, 0.0810399129987, 0.0628791376948, 0.0518549308181, 0.0704820677638, 0.083825185895, 0.089409686625, 0.118842504919, 0.0786635354161, 0.0368904359639, 0.0401401370764, 0.020727828145, 0.0152367344126, 0.0186052396894, 0.0186387263238, 0.0227708667517, 0.0659165605903, 0.0622424036264, 0.0496290922165]
        max: [1, 1, 1, 1, 1, 1, 1, 1, 1, 1, 1, 1, 1, 1, 1, 1, 1, 1, 1, 1, 1, 1, 1, 1, 1, 1, 0.671459972858, 1, 0.787841677666, 0.65293776989, 1, 0.492895364761, 0.554957568645, 1, 1, 1]
        mean: [0.172222331166, 0.202386572957, 0.372258752584, 0.416103482246, 0.241471633315, 0.158579856157, 0.174177855253, 0.189623937011, 0.218848034739, 0.248571097851, 0.269559234381, 0.289112299681, 0.270644187927, 0.230454534292, 0.216722235084, 0.192166119814, 0.201637357473, 0.293686509132, 0.235987737775, 0.0968823134899, 0.0772639289498, 0.0957774445415, 0.119461633265, 0.212016165257, 0.25089097023, 0.159392282367, 0.0888168662786, 0.0651659891009, 0.0704729706049, 0.0961552634835, 0.0905502140522, 0.088488586247, 0.131917849183, 0.14869774878, 0.129068061709, 0.14871199429]
        min: [0.000374262686819, 0.0006941286847, 0.000344144500559, 0.000354102434358, 0.000256648752838, 0.000250024226261, 0.000420758588007, 0.000578433275223, 0.00074770586798, 0.00083246914437, 0.000874229765031, 0.00175809161738, 0.00234193145297, 0.000552863755729, 0.000838882988319, 0.000909544643946, 0.000818923988845, 0.000618210993707, 0.000497008732054, 0.000160045485245, 6.88087238814e-05, 0.000164916011272, 0.000558740051929, 0.000676316558383, 0.00141074578278, 0.00061215920141, 0.000262137706159, 0.000216929649469, 0.000318848440656, 0.000344706641044, 0.000254960294114, 0.000269817101071, 0.000313034077408, 0.000395175593439, 0.000395734183257, 0.000378595723305]
        var: [0.0514958538115, 0.0563838556409, 0.11270775646, 0.109584279358, 0.065685287118, 0.037511985749, 0.0536619611084, 0.0580761879683, 0.0633279979229, 0.0704223141074, 0.0823935121298, 0.0899981632829, 0.0781140252948, 0.0582862049341, 0.0620536543429, 0.0483052916825, 0.0387462042272, 0.0847792029381, 0.0770497992635, 0.0342137366533, 0.0302020553499, 0.0459528826177, 0.0414914041758, 0.0599578283727, 0.0935863181949, 0.0374854579568, 0.015411564149, 0.0129980314523, 0.0093063544482, 0.0133773433045, 0.0145803447813, 0.00961879268289, 0.0172582771629, 0.0349859036505, 0.0312270019203, 0.0339314714074]
    chords_histogram: [42.1296310425, 0, 0, 0, 0, 0, 0, 14.3518514633, 8.79629611969, 0, 25.4629631042, 0, 0, 0, 0, 0, 0, 0.925925910473, 0, 0, 0, 0, 7.40740728378, 0.925925910473]
    thpcp: [1, 0.580316305161, 0.381106764078, 0.418592631817, 0.455713421106, 0.525946199894, 0.597378075123, 0.647817790508, 0.694808661938, 0.650425195694, 0.553839504719, 0.520837366581, 0.461822897196, 0.484584629536, 0.705801606178, 0.567137122154, 0.232832252979, 0.185684412718, 0.230176985264, 0.287095963955, 0.509527504444, 0.602953314781, 0.383059233427, 0.213448986411, 0.156610056758, 0.169364050031, 0.23108497262, 0.217614650726, 0.212660044432, 0.317031353712, 0.357357621193, 0.310182601213, 0.357391864061, 0.413893043995, 0.486385196447, 0.894630253315]
    chords_key: "A#"
    chords_scale: "minor"
    key_key: "A#"
    key_scale: "minor"
    chords_progression: ["A#m", "A#m", "A#m", "A#m", "A#m", "A#m", "A#m", "A#m", "A#m", "A#m", "A#m", "A#m", "A#m", "A#m", "A#m", "A#m", "Am", "Am", "Am", "Am", "Am", "A#m", "A#m", "A#m", "A#m", "Am", "Am", "Am", "Am", "Am", "Am", "Am", "Am", "Am", "Am", "Am", "Am", "Am", "Am", "Am", "Am", "Am", "Am", "Am", "Am", "Am", "Am", "Am", "Am", "Am", "Am", "A#m", "A#m", "A#m", "A#m", "A#m", "A#m", "A#m", "A#m", "A#m", "A#m", "A#m", "A#m", "A#m", "A#m", "A#m", "A#m", "A#m", "A#m", "A#m", "A#m", "A#m", "A#m", "A#m", "A#m", "A#", "A#", "A#", "A#", "A#", "A#m", "A#m", "A#m", "A#m", "A#m", "A#m", "A#m", "A#m", "A#m", "A#m", "A#m", "A#m", "A#m", "A#m", "A#m", "A#m", "A", "A", "A#", "A#", "A#", "A#", "A#m", "A#m", "A#", "A#", "A#", "A#", "A#m", "A#m", "F#", "F#", "Dm", "D#m", "D#m", "D#m", "Dm", "D#m", "D#m", "D#m", "D#m", "D#m", "D#m", "D#m", "D#m", "D#m", "D#m", "D#m", "D#m", "D#m", "Dm", "Dm", "Dm", "Dm", "Dm", "Dm", "Dm", "Dm", "Dm", "Dm", "Dm", "Dm", "Dm", "Dm", "Dm", "Dm", "Dm", "A#", "A#", "A#", "A#", "A#", "A#", "A#", "A#", "A#", "A#", "A#", "A#", "A#", "A#", "A#", "A#", "A#", "A#", "Am", "Am", "Am", "Am", "Am", "Am", "Am", "A#m", "A#m", "A#m", "A#m", "A#m", "A#m", "A#m", "A#m", "A#m", "A#m", "A#m", "A#m", "Am", "Am", "Am", "Am", "Am", "Am", "Am", "Am", "Am", "Am", "Am", "Am", "Am", "Am", "Am", "Am", "Am", "A#m", "A#m", "A#m", "A#m", "A#m", "A#m", "A#m", "A#m", "A#m", "A#m", "A#m", "A#m", "A#m", "A#m", "A#m"]
