
metadata:
    version:
        essentia: "1.2.2"
    audio_properties:
        analysis_sample_rate: 44100
        bitrate: 128
        channels: 2
        equal_loudness: 1
        length: 10.0310201645
        replay_gain: -7.4227809906
        downmix: "mix"
    tags:
        track: 1
        year: 0
        album: "Splitted by Mp3Splt v. 2.1"
        artist: "From 000.00 To 000.10"
        comment: "http://mp3splt.sf.net"
        genre: ""
        title: "04 Ambition.mp3"

highlevel:
    ballroom:
        all:
            ChaChaCha: 0.0932131037116
            Jive: 0.12276198715
            Quickstep: 0.249145910144
            Rumba-American: 0.00908146891743
            Rumba-International: 0.0943259000778
            Rumba-Misc: 0.0746813938022
            Samba: 0.077347740531
            Tango: 0.0939284414053
            VienneseWaltz: 0.0932047665119
            Waltz: 0.0923092961311
        probability: 0.249145910144
        value: "Quickstep"
    culture:
        all:
            non_western: 0.471272915602
            western: 0.528727114201
        probability: 0.528727114201
        value: "western"
    gender:
        all:
            female: 0.43028101325
            male: 0.569718956947
        probability: 0.569718956947
        value: "male"
    genre_dortmund:
        all:
            alternative: 0.132327795029
            blues: 0.00610281666741
            electronic: 0.45725029707
            folkcountry: 0.0768642947078
            funksoulrnb: 0.00501965964213
            jazz: 0.116714045405
            pop: 0.148891910911
            raphiphop: 0.015816161409
            rock: 0.0410130098462
        probability: 0.45725029707
        value: "electronic"
    genre_electronica:
        all:
            ambient: 0.626709401608
            dnb: 0.0652194693685
            house: 0.167323350906
            techno: 0.0195838306099
            trance: 0.12116394937
        probability: 0.626709401608
        value: "ambient"
    genre_rosamerica:
        all:
            cla: 0.176712840796
            dan: 0.117037720978
            hip: 0.018844967708
            jaz: 0.0936287045479
            pop: 0.411405742168
            rhy: 0.0561930797994
            roc: 0.119591273367
            spe: 0.00658565200865
        probability: 0.411405742168
        value: "pop"
    genre_tzanetakis:
        all:
            blu: 0.0134651940316
            cla: 0.0713196992874
            cou: 0.0642692670226
            dis: 0.0530565865338
            hip: 0.0114267533645
            jaz: 0.117920577526
            met: 0.0167195741087
            pop: 0.257173717022
            reg: 0.0761794671416
            roc: 0.318469166756
        probability: 0.318469166756
        value: "roc"
    live_studio:
        all:
            live: 0.00310500548221
            studio: 0.99689501524
        probability: 0.99689501524
        value: "studio"
    mood:
        all:
            Cluster1: 0.364688426256
            Cluster2: 0.234444826841
            Cluster3: 0.255933433771
            Cluster4: 0.103627331555
            Cluster5: 0.0413059964776
        probability: 0.364688426256
        value: "Cluster1"
    mood_acoustic:
        all:
            acoustic: 0.373899102211
            not_acoustic: 0.626100897789
        probability: 0.626100897789
        value: "not_acoustic"
    mood_aggressive:
        all:
            aggressive: 0.021148853004
            not_aggressive: 0.978851139545
        probability: 0.978851139545
        value: "not_aggressive"
    mood_electronic:
        all:
            electronic: 0.752748072147
            not_electronic: 0.247251912951
        probability: 0.752748072147
        value: "electronic"
    mood_happy:
        all:
            happy: 0.231594964862
            not_happy: 0.768405020237
        probability: 0.768405020237
        value: "not_happy"
    mood_party:
        all:
            not_party: 0.886479854584
            party: 0.113520130515
        probability: 0.886479854584
        value: "not_party"
    mood_relaxed:
        all:
            not_relaxed: 0.156422883272
            relaxed: 0.84357714653
        probability: 0.84357714653
        value: "relaxed"
    mood_sad:
        all:
            not_sad: 0.136579081416
            sad: 0.863420903683
        probability: 0.863420903683
        value: "sad"
    rhythm:
        all:
            fast: 0.404840856791
            medium: 0.368442505598
            slow: 0.22671662271
        probability: 0.404840856791
        value: "fast"
    speech_music:
        all:
            music: 0.974629878998
            speech: 0.0253701135516
        probability: 0.974629878998
        value: "music"
    timbre:
        all:
            bright: 0.408662676811
            dark: 0.591337323189
        probability: 0.591337323189
        value: "dark"
    voice_instrumental:
        all:
            instrumental: 0.973838627338
            voice: 0.0261613987386
        probability: 0.973838627338
        value: "instrumental"

lowlevel:
    average_loudness: 0.95992064476
    barkbands_kurtosis:
        dmean: 1.30149209499
        dmean2: 2.19329285622
        dvar: 2.7450606823
        dvar2: 7.52360010147
        max: 19.5749721527
        mean: 1.23066878319
        min: -1.75942528248
        var: 5.93426132202
    barkbands_skewness:
        dmean: 0.363808810711
        dmean2: 0.605372548103
        dvar: 0.142679989338
        dvar2: 0.42036151886
        max: 3.8653550148
        mean: 1.29343521595
        min: -0.185774445534
        var: 0.346219748259
    barkbands_spread:
        dmean: 4.32179450989
        dmean2: 6.95577096939
        dvar: 30.5821228027
        dvar2: 77.9831848145
        max: 52.2557983398
        mean: 20.6937866211
        min: 3.79423618317
        var: 72.2796096802
    dissonance:
        dmean: 0.01990018785
        dmean2: 0.0312422513962
        dvar: 0.000308039190713
        dvar2: 0.000785309704952
        max: 0.497703582048
        mean: 0.443638026714
        min: 0.353682637215
        var: 0.000651009380817
    hfc:
        dmean: 1.24179565907
        dmean2: 1.81267654896
        dvar: 13.6218900681
        dvar2: 31.832452774
        max: 32.6747436523
        mean: 2.01703715324
        min: 0.11037145555
        var: 14.2283620834
    pitch:
        dmean: 208.834991455
        dmean2: 407.524963379
        dvar: 537014.6875
        dvar2: 1563551.5
        max: 4410
        mean: 254.407394409
        min: 73.3777008057
        var: 296425.71875
    pitch_instantaneous_confidence:
        dmean: 0.0653290301561
        dmean2: 0.0982592478395
        dvar: 0.00405612587929
        dvar2: 0.00838649552315
        max: 0.872736871243
        mean: 0.422058820724
        min: 0.157097041607
        var: 0.0158958453685
    pitch_salience:
        dmean: 0.0590740665793
        dmean2: 0.0967162773013
        dvar: 0.00255055120215
        dvar2: 0.00655385712162
        max: 0.884318947792
        mean: 0.626465260983
        min: 0.37940326333
        var: 0.0063780574128
    silence_rate_20dB:
        dmean: 0
        dmean2: 0
        dvar: 0
        dvar2: 0
        max: 1
        mean: 1
        min: 1
        var: 0
    silence_rate_30dB:
        dmean: 0
        dmean2: 0
        dvar: 0
        dvar2: 0
        max: 1
        mean: 1
        min: 1
        var: 0
    silence_rate_60dB:
        dmean: 0.0883720964193
        dmean2: 0.177156180143
        dvar: 0.0805620849133
        dvar2: 0.16908159852
        max: 1
        mean: 0.860788881779
        min: 0
        var: 0.11983127892
    spectral_centroid:
        dmean: 153.340042114
        dmean2: 252.834945679
        dvar: 46869.7734375
        dvar2: 126819.703125
        max: 2123.08496094
        mean: 831.226928711
        min: 310.794494629
        var: 107604.140625
    spectral_complexity:
        dmean: 2.22950816154
        dmean2: 3.50234746933
        dvar: 21.2635116577
        dvar2: 46.8274459839
        max: 41
        mean: 6.70794391632
        min: 1
        var: 27.1646671295
    spectral_crest:
        dmean: 1.91778504848
        dmean2: 3.20629358292
        dvar: 2.90457606316
        dvar2: 7.72029209137
        max: 15.9621372223
        mean: 7.96208047867
        min: 3.65266680717
        var: 5.39452075958
    spectral_decrease:
        dmean: 2.41083764063e-10
        dmean2: 3.5362757167e-10
        dvar: 2.56298423131e-19
        dvar2: 5.2016161976e-19
        max: -4.07294684091e-11
        mean: -5.37776545517e-10
        min: -5.66116131751e-09
        var: 4.56654983327e-19
    spectral_energy:
        dmean: 0.000995320733637
        dmean2: 0.00144557328895
        dvar: 4.56369207313e-06
        dvar2: 8.9614350145e-06
        max: 0.0222691018134
        mean: 0.00221264269203
        min: 0.00016954903549
        var: 8.08901495475e-06
    spectral_energyband_high:
        dmean: 0.000106236038846
        dmean2: 0.000163773802342
        dvar: 1.41906099316e-07
        dvar2: 3.51085134298e-07
        max: 0.00339296530001
        mean: 9.62567646638e-05
        min: 3.76090056875e-08
        var: 1.21007147413e-07
    spectral_energyband_low:
        dmean: 0.000105625906144
        dmean2: 0.000162380179972
        dvar: 7.17976149645e-08
        dvar2: 1.36798632866e-07
        max: 0.00233779521659
        mean: 0.0001874488662
        min: 1.44857244777e-06
        var: 1.21405435038e-07
    spectral_energyband_middle_high:
        dmean: 0.000219373745495
        dmean2: 0.000342929590261
        dvar: 4.02322740456e-07
        dvar2: 9.80330014499e-07
        max: 0.00547262560576
        mean: 0.000436879927292
        min: 1.50338901221e-05
        var: 4.10213345958e-07
    spectral_energyband_middle_low:
        dmean: 0.000737952359486
        dmean2: 0.00116585264914
        dvar: 2.68156941274e-06
        dvar2: 6.39816153125e-06
        max: 0.0203527677804
        mean: 0.00149202777538
        min: 0.00010134508193
        var: 4.02106024922e-06
    spectral_flatness_db:
        dmean: 0.0221106614918
        dmean2: 0.0323132388294
        dvar: 0.00059130100999
        dvar2: 0.00108097551856
        max: 0.309378862381
        mean: 0.185169249773
        min: 0.0986332669854
        var: 0.00199044425972
    spectral_flux:
        dmean: 0.00740775978193
        dmean2: 0.0102762626484
        dvar: 0.000122717028717
        dvar2: 0.000216077751247
        max: 0.109906882048
        mean: 0.022046783939
        min: 0.00297068199143
        var: 0.000340446655173
    spectral_kurtosis:
        dmean: 3.94888615608
        dmean2: 6.36959457397
        dvar: 29.2051830292
        dvar2: 77.5915756226
        max: 39.7177085876
        mean: 8.89630413055
        min: 0.724829912186
        var: 48.4563026428
    spectral_rms:
        dmean: 0.000263389229076
        dmean2: 0.000367891596397
        dvar: 1.61272993182e-07
        dvar2: 2.73742102763e-07
        max: 0.00466111069545
        mean: 0.00130825932138
        min: 0.000406710838433
        var: 4.47133913895e-07
    spectral_rolloff:
        dmean: 470.099304199
        dmean2: 806.888061523
        dvar: 421567.25
        dvar2: 1108613
        max: 4758.83789062
        mean: 1649.85595703
        min: 301.46484375
        var: 873497.1875
    spectral_skewness:
        dmean: 0.369137555361
        dmean2: 0.590219080448
        dvar: 0.187354773283
        dvar2: 0.471770554781
        max: 4.96085309982
        mean: 2.10619330406
        min: 0.779786288738
        var: 0.461612552404
    spectral_spread:
        dmean: 828301.1875
        dmean2: 992891.4375
        dvar: 1.43552400589e+12
        dvar2: 2.05333056717e+12
        max: 22207424
        mean: 4154785.5
        min: 1346734.375
        var: 4.6406869975e+12
    spectral_strongpeak:
        dmean: 0.104584686458
        dmean2: 0.182008102536
        dvar: 0.0152345607057
        dvar2: 0.0360047332942
        max: 0.890266299248
        mean: 0.252245992422
        min: 0.0303171016276
        var: 0.0343464501202
    zerocrossingrate:
        dmean: 0.00646543828771
        dmean2: 0.00814145989716
        dvar: 5.56369450351e-05
        dvar2: 7.94055304141e-05
        max: 0.12109375
        mean: 0.0540052764118
        min: 0.0166015625
        var: 0.000333630101522
    barkbands:
        dmean: [6.55557073515e-07, 4.3765627197e-05, 7.58640962886e-05, 0.000247738382313, 0.000319790909998, 0.000202354145586, 8.70255826158e-05, 0.000122977202409, 4.41191878053e-05, 1.77492656803e-05, 1.64342036442e-05, 9.53665494308e-06, 1.17111949294e-05, 1.90244700207e-05, 2.60419346887e-05, 2.44378061325e-05, 1.53403707372e-05, 7.15268834028e-05, 4.48745413451e-05, 6.00783896516e-05, 4.69676306238e-05, 2.23008610192e-05, 4.89483909405e-06, 1.28444219172e-06, 7.72478529143e-07, 5.8668554459e-08, 1.20094345579e-09]
        dmean2: [1.00290424143e-06, 6.73451213515e-05, 0.000112002890091, 0.000440325122327, 0.000504954659846, 0.000347880471963, 0.000144802994328, 0.000189389538718, 7.06625651219e-05, 2.90429707093e-05, 2.60056094703e-05, 1.45435151353e-05, 1.85145909199e-05, 3.18588608934e-05, 4.36703630839e-05, 4.01429206249e-05, 2.39369073824e-05, 0.000123111676658, 7.14354973752e-05, 9.4176393759e-05, 7.64425276429e-05, 3.46280212398e-05, 7.45561101212e-06, 1.9260614863e-06, 1.11890938115e-06, 8.28487429771e-08, 1.29508492819e-09]
        dvar: [6.04947689165e-12, 1.64982090212e-08, 3.13988408607e-08, 4.60559220983e-07, 8.30716032851e-07, 1.3432385515e-07, 2.33915944392e-08, 3.50142421723e-08, 7.2572468035e-09, 1.53013712811e-09, 6.65126453914e-10, 2.05450420565e-10, 6.3352839641e-10, 1.3710671487e-09, 2.81173861971e-09, 2.71104805272e-09, 1.27233024116e-09, 6.09478689739e-08, 1.77745214103e-08, 3.87579497385e-08, 3.29928262488e-08, 6.9658971924e-09, 2.81818735015e-10, 1.56245329175e-11, 4.11943265957e-12, 1.21690199624e-14, 4.96275439126e-16]
        dvar2: [1.40649011535e-11, 3.79522795413e-08, 6.17354700694e-08, 1.3154382259e-06, 2.06945060199e-06, 3.61501690804e-07, 5.98155125431e-08, 9.08250754605e-08, 1.84225665834e-08, 3.34226646359e-09, 1.49901424606e-09, 4.75819106338e-10, 1.62248192659e-09, 3.55445850531e-09, 7.64651808538e-09, 6.74731559513e-09, 3.08415160077e-09, 1.67682827623e-07, 4.24451407355e-08, 9.62975903462e-08, 8.4894139718e-08, 1.69178999698e-08, 6.76344036332e-10, 3.27456013693e-11, 8.6249557843e-12, 2.60203591665e-14, 4.97270067564e-16]
        max: [1.75837012648e-05, 0.00114463071804, 0.00187709415331, 0.00732228672132, 0.0103924581781, 0.00370399281383, 0.00116644822992, 0.00154722551815, 0.000765522418078, 0.000376743759261, 0.000223607756197, 0.000126941682538, 0.000260991946561, 0.00032409231062, 0.000522629066836, 0.000555361504667, 0.000378629774787, 0.00238044885918, 0.00117339100689, 0.00149953877553, 0.00179911695886, 0.000687036197633, 0.000124524070998, 3.25550463458e-05, 1.74361666723e-05, 9.52526477249e-07, 4.61196719925e-07]
        mean: [5.82291193041e-07, 7.22500190022e-05, 0.000114648522867, 0.000243769813096, 0.000458398513729, 0.000302998581901, 0.00012087621144, 0.000303949200315, 5.97451471549e-05, 2.52573445323e-05, 2.68175735982e-05, 1.80367496796e-05, 2.30104014918e-05, 4.19930729549e-05, 5.27552074345e-05, 4.86843964609e-05, 2.67375398835e-05, 8.96408528206e-05, 5.86677597312e-05, 5.93020304223e-05, 3.92247820855e-05, 1.85366134247e-05, 4.38303322881e-06, 1.3697816712e-06, 9.38453069921e-07, 6.98588138448e-08, 1.18194509735e-09]
        min: [1.30724155459e-11, 4.97917724829e-08, 1.28033860847e-07, 1.61846094215e-06, 1.45876556417e-05, 1.9805118427e-05, 3.75187710233e-07, 8.69892119226e-06, 7.95431958522e-07, 1.14482695324e-07, 1.40220976164e-07, 7.93316985437e-08, 1.00397335245e-06, 1.22616745557e-06, 2.19587050765e-07, 4.74938957495e-07, 9.7030977031e-08, 2.56304577562e-08, 2.13954045591e-08, 1.80057533328e-08, 1.41668845544e-08, 1.4638760204e-09, 4.43559605712e-10, 7.55241480466e-10, 7.00885849358e-10, 5.27819975227e-11, 3.76842840651e-15]
        var: [5.97895344345e-12, 2.00991365773e-08, 5.12659674712e-08, 4.26289318511e-07, 8.74748195656e-07, 1.64557420135e-07, 2.59172754369e-08, 7.68038503907e-08, 8.8135214682e-09, 2.03264183263e-09, 1.24481425168e-09, 4.37086838945e-10, 8.22708068338e-10, 1.830411267e-09, 3.68912478343e-09, 3.92089472001e-09, 1.61064606097e-09, 4.24540793631e-08, 1.72903522611e-08, 3.31585319202e-08, 2.5666189174e-08, 6.00622174218e-09, 2.57428828254e-10, 1.77484485442e-11, 5.08424162146e-12, 1.73581716492e-14, 4.95616606312e-16]
    mfcc:
        mean: [-800.867858887, 164.617950439, -47.5702705383, 48.7753067017, -4.2361536026, -18.0551223755, -12.1731081009, -17.8167705536, -7.58776855469, 0.140573576093, 0.334572762251, -4.20683526993, -4.74800920486]
        cov: [[5461.29443359, -2794.05981445, 1125.15576172, -33.3609008789, -465.420440674, 334.390411377, 64.2002563477, 220.081771851, 55.6948318481, -190.019577026, -113.691444397, -159.823181152, -66.7787399292], [-2794.05981445, 2426.4921875, -1112.859375, 236.798934937, 367.431030273, -240.228393555, 114.903465271, -80.3942947388, 15.1076507568, 179.667221069, 17.9987678528, 93.5644302368, 49.0744628906], [1125.15576172, -1112.859375, 976.888244629, -184.409744263, -106.632408142, 310.920593262, -63.5995254517, 71.7582168579, 19.6474819183, -60.2054748535, 35.3303337097, -52.850605011, -18.4439182281], [-33.3609008789, 236.798934937, -184.409744263, 196.005020142, 82.4317016602, -16.4209423065, 58.4246520996, 25.8632316589, 32.6343231201, 35.7735023499, -5.77062940598, 23.995759964, 19.3526554108], [-465.420440674, 367.431030273, -106.632408142, 82.4317016602, 215.979064941, 4.37414646149, 23.4561424255, 19.3602733612, 28.5638217926, 48.4788818359, 13.9426584244, 21.5801048279, 30.2588233948], [334.390411377, -240.228393555, 310.920593262, -16.4209423065, 4.37414646149, 217.828475952, 19.6201019287, 28.4238300323, 22.4246711731, -1.86271774769, 8.70705795288, -19.1882839203, 3.85620570183], [64.2002563477, 114.903465271, -63.5995254517, 58.4246520996, 23.4561424255, 19.6201019287, 129.39805603, 30.584197998, 12.5441770554, 23.0164413452, -7.14914941788, 7.84596776962, -2.62592864037], [220.081771851, -80.3942947388, 71.7582168579, 25.8632316589, 19.3602733612, 28.4238300323, 30.584197998, 78.2893981934, 30.0134735107, 9.11393260956, 10.1574859619, 3.14678931236, 9.33998775482], [55.6948318481, 15.1076507568, 19.6474819183, 32.6343231201, 28.5638217926, 22.4246711731, 12.5441770554, 30.0134735107, 59.6268234253, 24.1847400665, 2.88304400444, 18.486289978, 27.1993770599], [-190.019577026, 179.667221069, -60.2054748535, 35.7735023499, 48.4788818359, -1.86271774769, 23.0164413452, 9.11393260956, 24.1847400665, 62.2503814697, 24.7851696014, 21.1370029449, 17.3579139709], [-113.691444397, 17.9987678528, 35.3303337097, -5.77062940598, 13.9426584244, 8.70705795288, -7.14914941788, 10.1574859619, 2.88304400444, 24.7851696014, 55.7331962585, 21.3406219482, 7.66295862198], [-159.823181152, 93.5644302368, -52.850605011, 23.995759964, 21.5801048279, -19.1882839203, 7.84596776962, 3.14678931236, 18.486289978, 21.1370029449, 21.3406219482, 57.961856842, 31.9159908295], [-66.7787399292, 49.0744628906, -18.4439182281, 19.3526554108, 30.2588233948, 3.85620570183, -2.62592864037, 9.33998775482, 27.1993770599, 17.3579139709, 7.66295862198, 31.9159908295, 59.4091873169]]
        icov: [[0.000708035891876, 0.000836972612888, 0.00020870139997, -0.000665587373078, 0.000580814841669, -0.000290344032692, -0.000453699351056, -0.000938664306886, -0.00031974905869, -0.000285886228085, 0.000829936936498, 0.000809183635283, -7.52039049985e-05], [0.000836972612888, 0.0024282624945, 0.00200243340805, -6.12153307884e-05, -0.00084160710685, -0.00129179051146, -0.000677208823618, -0.000542925088666, -0.000335313437972, -0.00201165303588, 0.000703421945218, 0.00055364286527, 0.000497596745845], [0.00020870139997, 0.00200243340805, 0.0056131426245, 0.00277551054023, -0.000985922291875, -0.00550789944828, 0.00119323958643, -0.00224728370085, -0.00126236560754, 2.49979184446e-05, -0.00202995864674, 0.000172987798578, 0.00142427091487], [-0.000665587373078, -6.12153307884e-05, 0.00277551054023, 0.00994313228875, -0.00294997030869, -0.00197696732357, -0.00102133059409, -0.00135884969495, -0.00210962444544, -0.000906746718101, 0.000390893372241, -0.00249110278673, 0.00124304904602], [0.000580814841669, -0.00084160710685, -0.000985922291875, -0.00294997030869, 0.00866010133177, -0.000386559870094, 0.000604289118201, -0.00253048865125, 6.6082655394e-05, -0.0018785422435, 0.000711031898391, 0.00174827501178, -0.00247058831155], [-0.000290344032692, -0.00129179051146, -0.00550789944828, -0.00197696732357, -0.000386559870094, 0.0117755522951, -0.00321885105222, 0.00312668923289, -0.0016843220219, 0.000553416495677, -0.000734007684514, 0.00347579247318, -0.00268969708122], [-0.000453699351056, -0.000677208823618, 0.00119323958643, -0.00102133059409, 0.000604289118201, -0.00321885105222, 0.0123619623482, -0.00548873003572, 0.00311820651405, -0.00454807793722, 0.00436631590128, -0.0043000523001, 0.00371115701273], [-0.000938664306886, -0.000542925088666, -0.00224728370085, -0.00135884969495, -0.00253048865125, 0.00312668923289, -0.00548873003572, 0.023292157799, -0.00980799738318, 0.00404538959265, -0.007690386381, 0.00340842804871, -0.00121092074551], [-0.00031974905869, -0.000335313437972, -0.00126236560754, -0.00210962444544, 6.6082655394e-05, -0.0016843220219, 0.00311820651405, -0.00980799738318, 0.0336972177029, -0.0124846817926, 0.0099263433367, -0.00686114141718, -0.00740598002449], [-0.000285886228085, -0.00201165303588, 2.49979184446e-05, -0.000906746718101, -0.0018785422435, 0.000553416495677, -0.00454807793722, 0.00404538959265, -0.0124846817926, 0.0353467613459, -0.0167397204787, 0.00254232017323, -0.0020908403676], [0.000829936936498, 0.000703421945218, -0.00202995864674, 0.000390893372241, 0.000711031898391, -0.000734007684514, 0.00436631590128, -0.007690386381, 0.0099263433367, -0.0167397204787, 0.0341125614941, -0.0132145462558, 0.00372727913782], [0.000809183635283, 0.00055364286527, 0.000172987798578, -0.00249110278673, 0.00174827501178, 0.00347579247318, -0.0043000523001, 0.00340842804871, -0.00686114141718, 0.00254232017323, -0.0132145462558, 0.0352637991309, -0.0153661593795], [-7.52039049985e-05, 0.000497596745845, 0.00142427091487, 0.00124304904602, -0.00247058831155, -0.00268969708122, 0.00371115701273, -0.00121092074551, -0.00740598002449, -0.0020908403676, 0.00372727913782, -0.0153661593795, 0.0299373008311]]
    spectral_contrast:
        mean: [-5.81510846587e-07, 1.1152587831e-07, -1.18808909377e-08, -2.89703336875e-07, 3.02410001041e-07, 2.15370519641e-07, -3.95998358727e-06, -1.97308963834e-06, 1.91472963706e-06, -3.45720854966e-06, 2.17250573087e-08, 3.63532626579e-06]
        var: [0.000409894739278, 0.00068281480344, 0.000920109741855, 0.001272554975, 0.00167254521511, 0.00411302782595, 0.0395969599485, 0.0751347392797, 0.186885938048, 0.468284785748, 0.641285955906, 3.40988016129]

rhythm:
    beats_loudness:
        dmean: 0.00675843982026
        dmean2: 0.0141842141747
        dvar: 9.86357008514e-06
        dvar2: 2.91585129162e-05
        max: 0.012413023971
        mean: 0.00592730520293
        min: 0.00109301018529
        var: 1.45721942317e-05
    beats_loudness_bass:
        dmean: 0.209786251187
        dmean2: 0.341571599245
        dvar: 0.0356719009578
        dvar2: 0.0688462853432
        max: 0.714478433132
        mean: 0.216528519988
        min: 0.00370900915004
        var: 0.0421985909343
    bpm: 110.248146057
    bpm_confidence: 0
    first_peak_bpm: 109
    first_peak_spread: 0.375
    first_peak_weight: 0.588235318661
    onset_rate: 3.68855810165
    second_peak_bpm: 98
    second_peak_spread: 0
    second_peak_weight: 0.0588235296309
    beats_position: [0.118086822331, 0.666255891323, 1.21442496777, 1.7625939846, 2.31076312065, 2.8589322567, 3.40710139275, 3.95527029037, 4.50343942642, 5.05160808563, 5.59977722168, 6.21392297745, 6.75427055359, 7.29461956024, 7.83496713638, 8.3753156662, 8.91566467285, 9.45601272583]
    bpm_estimates: [109.592720032, 109.590751648, 109.362922668, 109.509689331, 109.120376587, 109.273155212, 109.354431152, 109.544807434, 109.688194275, 109.363471985, 109.610275269, 111.125991821, 111.070602417, 110.976005554, 111.90978241, 110.477859497, 110.560844421, 110.814933777, 111.1769104, 111.459724426, 110.882896423, 110.993171692]
    bpm_intervals: [0.548169076443, 0.548169076443, 0.548169016838, 0.548169136047, 0.548169136047, 0.548169136047, 0.548168897629, 0.548169136047, 0.54816865921, 0.548169136047, 0.614145755768, 0.540347576141, 0.540349006653, 0.540347576141, 0.540348529816, 0.540349006653, 0.540348052979]
    onset_times: [0.104489795864, 0.383129239082, 0.661768734455, 0.9287981987, 1.14938771725, 1.46285712719, 1.74149656296, 2.00852608681, 2.27555561066, 2.55419492722, 2.84444451332, 3.12308382988, 3.40172338486, 3.66875290871, 3.94739222527, 4.22603178024, 4.5046710968, 4.7833108902, 5.07356023788, 5.35219955444, 5.630838871, 5.89786863327, 6.17650794983, 6.45514726639, 6.72217702866, 6.98920631409, 7.26784563065, 7.55809545517, 7.8251247406, 8.09215450287, 8.35918331146, 8.63782310486, 8.88163280487, 9.16027164459, 9.43891143799, 9.70594120026, 9.98458003998]
    rubato_start: []
    rubato_stop: []
    perceptual_tempo: "unknown"

sfx:
    inharmonicity:
        dmean: 0.0445750765502
        dmean2: 0.0800971984863
        dvar: 0.00323173054494
        dvar2: 0.00900052580982
        max: 0.369865059853
        mean: 0.0440444722772
        min: 6.48219647701e-05
        var: 0.0033441381529
    oddtoevenharmonicenergyratio:
        dmean: 3.17448186874
        dmean2: 5.96665477753
        dvar: 110.75100708
        dvar2: 323.088226318
        max: 109.863212585
        mean: 2.08899760246
        min: 0.000417934468715
        var: 61.7287979126
    pitch_after_max_to_before_max_energy_ratio: 0.139269590378
    pitch_centroid: 218.947967529
    pitch_max_to_total: 0.939252316952
    pitch_min_to_total: 0.070093460381
    tristimulus:
        dmean: [0.224204093218, 0.226867958903, 0.0871918275952]
        dmean2: [0.396504193544, 0.396250724792, 0.151008546352]
        dvar: [0.0384423173964, 0.0380715690553, 0.00664326222613]
        dvar2: [0.103083372116, 0.112294338644, 0.0191011447459]
        max: [0.952563107014, 0.968422412872, 0.633471667767]
        mean: [0.443838238716, 0.450971126556, 0.090541601181]
        min: [0.00212445785291, 0, 0]
        var: [0.0585641860962, 0.0541483201087, 0.00842008553445]

tonal:
    chords_changes_rate: 0.0186915881932
    chords_number_rate: 0.0186915881932
    chords_strength:
        dmean: 0.00665302947164
        dmean2: 0.00418936600909
        dvar: 4.74281005154e-05
        dvar2: 2.03169438464e-05
        max: 0.61283326149
        mean: 0.529839932919
        min: 0.295892685652
        var: 0.00630535744131
    key_strength: 0.655352592468
    tuning_diatonic_strength: 0.417218834162
    tuning_equal_tempered_deviation: 0.0337603166699
    tuning_frequency: 438.477722168
    tuning_nontempered_energy_ratio: 0.617821514606
    hpcp:
        dmean: [0.0868918001652, 0.0656197369099, 0.0521888248622, 0.0424864292145, 0.0483341068029, 0.074849203229, 0.083393111825, 0.0694146007299, 0.049498334527, 0.0342552810907, 0.0433549918234, 0.10373006016, 0.130081325769, 0.138223797083, 0.104591190815, 0.118075601757, 0.10677152127, 0.0562367849052, 0.0478130169213, 0.0682877078652, 0.0951237082481, 0.104134596884, 0.089340120554, 0.0773108750582, 0.0978609621525, 0.088054522872, 0.144890531898, 0.173658937216, 0.152845188975, 0.175427928567, 0.14824616909, 0.117148779333, 0.0817448496819, 0.0874285101891, 0.0951914563775, 0.0915099829435]
        dmean2: [0.142070218921, 0.115524664521, 0.0903687477112, 0.0704216882586, 0.0835627689958, 0.129247605801, 0.144641503692, 0.12471177429, 0.0896096602082, 0.0581721104681, 0.0762571915984, 0.178891673684, 0.211297497153, 0.241948887706, 0.175924301147, 0.202770203352, 0.1867505759, 0.0965676307678, 0.0834561139345, 0.128472462296, 0.180450797081, 0.186706230044, 0.153840094805, 0.127237051725, 0.170781388879, 0.147798448801, 0.243389368057, 0.288541913033, 0.274956315756, 0.306841284037, 0.24899213016, 0.210539013147, 0.152509629726, 0.155236497521, 0.1671731323, 0.161546036601]
        dvar: [0.0180100817233, 0.0145509298891, 0.0138887912035, 0.0059131574817, 0.0165689121932, 0.0199468452483, 0.0116143617779, 0.0209515560418, 0.0128282606602, 0.00207586609758, 0.00490380497649, 0.0147636933252, 0.0382038317621, 0.0329568684101, 0.0146404262632, 0.0360812619328, 0.0304285567254, 0.0060620829463, 0.00405089231208, 0.0181341730058, 0.0401856042445, 0.0351650565863, 0.0306302439421, 0.0233908239752, 0.0417629554868, 0.0258940793574, 0.0278149805963, 0.0420866459608, 0.0324353687465, 0.0449640825391, 0.0522333569825, 0.0378215014935, 0.0291740912944, 0.0257012583315, 0.0280871316791, 0.0178779046983]
        dvar2: [0.049302559346, 0.0420064479113, 0.0384329408407, 0.0137774394825, 0.0399397276342, 0.0569951944053, 0.0311855375767, 0.0638184994459, 0.0371980071068, 0.00546676944941, 0.0138343255967, 0.0396070666611, 0.0828988626599, 0.0852534472942, 0.041544508189, 0.0916272029281, 0.0863389149308, 0.0158621929586, 0.0111155332997, 0.0521468408406, 0.115524411201, 0.10329797864, 0.0921958461404, 0.0572075918317, 0.113756239414, 0.0643508285284, 0.0748214274645, 0.103213846684, 0.0850020349026, 0.131222188473, 0.116621091962, 0.110161356628, 0.083260089159, 0.0684665292501, 0.0775263085961, 0.045054603368]
        max: [1, 0.897099494934, 1, 0.638355374336, 1, 1, 0.806160092354, 1, 0.896457195282, 0.250000953674, 0.484668374062, 1, 1, 1, 0.799019992352, 1, 1, 0.433044403791, 0.397303551435, 0.961365520954, 1, 1, 1, 1, 1, 0.947185814381, 1, 1, 1, 1, 1, 1, 0.95664203167, 1, 1, 1]
        mean: [0.141372293234, 0.085661418736, 0.0630608126521, 0.0570791177452, 0.0517221614718, 0.117589004338, 0.163163438439, 0.108002826571, 0.0534319244325, 0.0375745370984, 0.0569737963378, 0.218535840511, 0.424615055323, 0.288753658533, 0.219978958368, 0.409518808126, 0.264203310013, 0.0574090220034, 0.0510504208505, 0.0571391656995, 0.0902464911342, 0.118586376309, 0.09810718894, 0.0903248414397, 0.0918345525861, 0.0943744853139, 0.306916505098, 0.454747647047, 0.268607765436, 0.274117290974, 0.333833903074, 0.157305210829, 0.0763182118535, 0.10276877135, 0.0986461937428, 0.124595090747]
        min: [0.000440002710093, 0.000422800105298, 0.00156932650134, 0.00134267949034, 0.000749929284211, 0.000189096317627, 0.00356464716606, 0.00481115002185, 0.00189257832244, 0.00104760425165, 0.000846353243105, 0.0132370069623, 0.00693372311071, 0.00203364575282, 0.000186616642168, 0.000340737402439, 0.000604035914876, 0.000590163632296, 0.000517093169037, 0.000784767791629, 0.00267336796969, 0.00125093094539, 6.28692287137e-05, 0.000518119952176, 0.000800006440841, 0.000779475900345, 0.011752593331, 0.0223211161792, 0.0203131493181, 0.00010088752606, 0.000173231543158, 0.000287438073428, 0.00354365631938, 0.00511140935123, 0.00481889722869, 0.000510297424626]
        var: [0.0279176104814, 0.0120957903564, 0.0109099252149, 0.00702289538458, 0.0114097483456, 0.0166079606861, 0.0193366911262, 0.0149721987545, 0.00852981302887, 0.00195258669555, 0.0052129025571, 0.0289245080203, 0.163749501109, 0.0839901939034, 0.0356501564384, 0.183830276132, 0.0750322937965, 0.00522434106097, 0.00442104972899, 0.0114529943094, 0.0291272643954, 0.0405303388834, 0.0271128099412, 0.024019068107, 0.0353869795799, 0.0249054171145, 0.0600449629128, 0.113806605339, 0.0435353480279, 0.0837517157197, 0.148101404309, 0.040714174509, 0.0190107841045, 0.0218049548566, 0.0214529111981, 0.0250581242144]
    chords_histogram: [54.6728973389, 0, 0, 0, 0, 0, 0, 1.40186917782, 0, 0, 0, 0, 0, 0, 0, 0, 0, 0, 0, 0, 0, 41.1214942932, 0, 2.80373835564]
    thpcp: [1, 0.590674340725, 0.602789878845, 0.734108030796, 0.345917582512, 0.16782541573, 0.225990772247, 0.216925129294, 0.273987323046, 0.310880750418, 0.1883713305, 0.138672098517, 0.125518232584, 0.113738164306, 0.258580774069, 0.35879996419, 0.237500578165, 0.117497965693, 0.0826272293925, 0.125286623836, 0.480565071106, 0.933737754822, 0.634975612164, 0.483738541603, 0.9005407691, 0.580988824368, 0.126243695617, 0.112260989845, 0.125650271773, 0.198454007506, 0.26077401638, 0.21573984623, 0.198626294732, 0.201946184039, 0.207531556487, 0.674916088581]
    chords_key: "F#"
    chords_scale: "minor"
    key_key: "F#"
    key_scale: "minor"
    chords_progression: ["F#m", "F#m", "F#m", "F#m", "F#m", "F#m", "F#m", "F#m", "F#m", "F#m", "F#m", "F#m", "F#m", "F#m", "F#m", "F#m", "F#m", "F#m", "F#m", "F#m", "F#m", "F#m", "F#m", "F#m", "F#m", "F#m", "F#m", "F#m", "F#m", "F#m", "F#m", "F#m", "F#m", "F#m", "F#m", "F#m", "F#m", "F#m", "F#m", "F#m", "F#m", "F#m", "F#m", "F#m", "F#m", "F#m", "F#m", "F#m", "F#m", "F#m", "F#m", "F#m", "F#m", "F#m", "F#m", "F#m", "F#m", "F#m", "F#m", "F#m", "F#m", "F#m", "F#m", "F#m", "F#m", "F#m", "F#m", "F#m", "F#m", "F#m", "F#m", "F#m", "F#m", "F#m", "F#m", "F#m", "F#m", "F#m", "F#m", "F#m", "F#m", "F#m", "F#m", "F#m", "F#m", "F#m", "F#m", "F#m", "F#m", "F#m", "F#m", "F#m", "F#m", "F#m", "F#m", "D", "D", "D", "D", "D", "D", "G", "G", "G", "G", "G", "G", "G", "G", "G", "G", "G", "G", "G", "G", "G", "G", "G", "G", "G", "G", "G", "G", "G", "G", "G", "G", "G", "G", "G", "G", "G", "G", "G", "G", "G", "G", "G", "G", "G", "G", "G", "G", "G", "G", "G", "G", "G", "G", "G", "G", "G", "G", "G", "G", "G", "G", "G", "G", "G", "G", "G", "G", "G", "G", "G", "G", "G", "G", "G", "G", "G", "G", "G", "G", "G", "G", "G", "G", "G", "G", "G", "G", "G", "G", "G", "G", "G", "G", "F#", "F#", "F#", "F#m", "F#m", "F#m", "F#m", "F#m", "F#m", "F#m", "F#m", "F#m", "F#m", "F#m", "F#m", "F#m", "F#m", "F#m", "F#m", "F#m", "F#m", "F#m", "F#m", "F#m", "F#m"]
