
metadata:
    version:
        essentia: "1.2.2"
    audio_properties:
        analysis_sample_rate: 44100
        bitrate: 128
        channels: 2
        equal_loudness: 1
        length: 10.0048980713
        replay_gain: -8.95897865295
        downmix: "mix"
    tags:
        track: 27
        year: 0
        album: "Splitted by Mp3Splt v. 2.1"
        artist: "From 004.20 To 004.30"
        comment: "http://mp3splt.sf.net"
        genre: ""
        title: "03 Wardrobe.mp3"

highlevel:
    ballroom:
        all:
            ChaChaCha: 0.0142786055803
            Jive: 0.00185435707681
            Quickstep: 0.00125018612016
            Rumba-American: 0.00176520308014
            Rumba-International: 0.000754394277465
            Rumba-Misc: 0.000321072060615
            Samba: 0.000842990819365
            Tango: 0.96775841713
            VienneseWaltz: 0.00436084717512
            Waltz: 0.00681391591206
        probability: 0.96775841713
        value: "Tango"
    culture:
        all:
            non_western: 0.855559587479
            western: 0.144440412521
        probability: 0.855559587479
        value: "non_western"
    gender:
        all:
            female: 0.696209788322
            male: 0.30379024148
        probability: 0.696209788322
        value: "female"
    genre_dortmund:
        all:
            alternative: 0.129208490252
            blues: 0.0162391047925
            electronic: 0.390379577875
            folkcountry: 0.0907691419125
            funksoulrnb: 0.0301943309605
            jazz: 0.0983231589198
            pop: 0.0470039211214
            raphiphop: 0.00339002581313
            rock: 0.194492265582
        probability: 0.390379577875
        value: "electronic"
    genre_electronica:
        all:
            ambient: 0.914014697075
            dnb: 0.0220654066652
            house: 0.027651950717
            techno: 0.0130468280986
            trance: 0.0232211407274
        probability: 0.914014697075
        value: "ambient"
    genre_rosamerica:
        all:
            cla: 0.789538562298
            dan: 0.0127392113209
            hip: 0.00750872539356
            jaz: 0.0209235399961
            pop: 0.0458145067096
            rhy: 0.0351657383144
            roc: 0.0820329263806
            spe: 0.0062767798081
        probability: 0.789538562298
        value: "cla"
    genre_tzanetakis:
        all:
            blu: 0.0141684478149
            cla: 0.861038923264
            cou: 0.0206233412027
            dis: 0.0179402343929
            hip: 0.00435637449846
            jaz: 0.0149209974334
            met: 0.00867169629782
            pop: 0.0144953420386
            reg: 0.0182329993695
            roc: 0.0255516730249
        probability: 0.861038923264
        value: "cla"
    live_studio:
        all:
            live: 0.178090006113
            studio: 0.821909964085
        probability: 0.821909964085
        value: "studio"
    mood:
        all:
            Cluster1: 0.154588267207
            Cluster2: 0.252088546753
            Cluster3: 0.223551258445
            Cluster4: 0.276290357113
            Cluster5: 0.0934815779328
        probability: 0.276290357113
        value: "Cluster4"
    mood_acoustic:
        all:
            acoustic: 0.173258125782
            not_acoustic: 0.826741874218
        probability: 0.826741874218
        value: "not_acoustic"
    mood_aggressive:
        all:
            aggressive: 0.0800714194775
            not_aggressive: 0.91992855072
        probability: 0.91992855072
        value: "not_aggressive"
    mood_electronic:
        all:
            electronic: 0.691111862659
            not_electronic: 0.308888137341
        probability: 0.691111862659
        value: "electronic"
    mood_happy:
        all:
            happy: 0.55091124773
            not_happy: 0.44908875227
        probability: 0.55091124773
        value: "happy"
    mood_party:
        all:
            not_party: 0.623357713223
            party: 0.376642286777
        probability: 0.623357713223
        value: "not_party"
    mood_relaxed:
        all:
            not_relaxed: 0.353967636824
            relaxed: 0.646032392979
        probability: 0.646032392979
        value: "relaxed"
    mood_sad:
        all:
            not_sad: 0.66640907526
            sad: 0.33359092474
        probability: 0.66640907526
        value: "not_sad"
    rhythm:
        all:
            fast: 0.278736263514
            medium: 0.676078021526
            slow: 0.0451856814325
        probability: 0.676078021526
        value: "medium"
    speech_music:
        all:
            music: 0.995691537857
            speech: 0.0043084374629
        probability: 0.995691537857
        value: "music"
    timbre:
        all:
            bright: 0.994656920433
            dark: 0.00534310843796
        probability: 0.994656920433
        value: "bright"
    voice_instrumental:
        all:
            instrumental: 0.999990403652
            voice: 9.61029945756e-06
        probability: 0.999990403652
        value: "instrumental"

lowlevel:
    average_loudness: 0.787595033646
    barkbands_kurtosis:
        dmean: 1.91684854031
        dmean2: 2.80828642845
        dvar: 7.55674028397
        dvar2: 14.0286750793
        max: 47.300743103
        mean: 2.43916273117
        min: -1.71661806107
        var: 23.3089084625
    barkbands_skewness:
        dmean: 0.568875789642
        dmean2: 0.849000394344
        dvar: 0.246037989855
        dvar2: 0.555496692657
        max: 1.09503614902
        mean: -1.08979415894
        min: -5.98537063599
        var: 0.996900558472
    barkbands_spread:
        dmean: 4.10578393936
        dmean2: 6.32093000412
        dvar: 26.3709526062
        dvar2: 65.8623428345
        max: 37.3951683044
        mean: 12.1686048508
        min: 1.07401406765
        var: 81.4817810059
    dissonance:
        dmean: 0.0188007038087
        dmean2: 0.0328255221248
        dvar: 0.000337974983267
        dvar2: 0.000820914283395
        max: 0.499340444803
        mean: 0.470899969339
        min: 0.318195879459
        var: 0.000519644177984
    hfc:
        dmean: 2.89012718201
        dmean2: 3.87720537186
        dvar: 14.7499771118
        dvar2: 28.09623909
        max: 48.4243927002
        mean: 6.72759866714
        min: 0.00573619874194
        var: 48.7377090454
    pitch:
        dmean: 322.01864624
        dmean2: 618.174682617
        dvar: 424701.1875
        dvar2: 1125829.875
        max: 2756.25
        mean: 451.433654785
        min: 97.7827072144
        var: 306931.84375
    pitch_instantaneous_confidence:
        dmean: 0.0937561988831
        dmean2: 0.134354874492
        dvar: 0.00785764958709
        dvar2: 0.0144681939855
        max: 0.91975402832
        mean: 0.605694055557
        min: 0.16229891777
        var: 0.0358819402754
    pitch_salience:
        dmean: 0.0700419321656
        dmean2: 0.109173238277
        dvar: 0.00343871768564
        dvar2: 0.00744786765426
        max: 0.806936919689
        mean: 0.552133858204
        min: 0.299715638161
        var: 0.0108955753967
    silence_rate_20dB:
        dmean: 0
        dmean2: 0
        dvar: 0
        dvar2: 0
        max: 1
        mean: 1
        min: 1
        var: 0
    silence_rate_30dB:
        dmean: 0
        dmean2: 0
        dvar: 0
        dvar2: 0
        max: 1
        mean: 1
        min: 1
        var: 0
    silence_rate_60dB:
        dmean: 0.136363640428
        dmean2: 0.273417711258
        dvar: 0.117769338191
        dvar2: 0.223978370428
        max: 1
        mean: 0.607052922249
        min: 0
        var: 0.238538578153
    spectral_centroid:
        dmean: 208.838882446
        dmean2: 345.023803711
        dvar: 43626.28125
        dvar2: 121306.484375
        max: 2640.14794922
        mean: 2035.52075195
        min: 1071.89794922
        var: 117072.539062
    spectral_complexity:
        dmean: 3.32777786255
        dmean2: 5.1532034874
        dvar: 19.8148078918
        dvar2: 40.9765510559
        max: 32
        mean: 8.25484752655
        min: 0
        var: 42.5721549988
    spectral_crest:
        dmean: 2.96572852135
        dmean2: 4.59139919281
        dvar: 5.09940576553
        dvar2: 12.8410987854
        max: 24.6223659515
        mean: 10.877614975
        min: 2.61167407036
        var: 19.8523979187
    spectral_decrease:
        dmean: 3.57634671877e-10
        dmean2: 5.24105092659e-10
        dvar: 2.58609022926e-19
        dvar2: 6.17022815128e-19
        max: -6.40772753868e-13
        mean: -7.32982008422e-10
        min: -4.96163465868e-09
        var: 5.61043573969e-19
    spectral_energy:
        dmean: 0.00160429207608
        dmean2: 0.00230388063937
        dvar: 4.94652067573e-06
        dvar2: 1.14223030323e-05
        max: 0.023118596524
        mean: 0.00337665574625
        min: 2.97876272271e-06
        var: 1.18078141895e-05
    spectral_energyband_high:
        dmean: 0.000110776163638
        dmean2: 0.000175885375938
        dvar: 3.41858523711e-08
        dvar2: 8.15192677805e-08
        max: 0.00105021626223
        mean: 0.000105972299934
        min: 5.94634119722e-10
        var: 3.67183368155e-08
    spectral_energyband_low:
        dmean: 2.04816683436e-06
        dmean2: 3.77046194444e-06
        dvar: 1.83051993702e-11
        dvar2: 4.87918525027e-11
        max: 2.94661003863e-05
        mean: 1.848951797e-06
        min: 2.5476984411e-10
        var: 1.84002604819e-11
    spectral_energyband_middle_high:
        dmean: 0.000965743500274
        dmean2: 0.00120634271298
        dvar: 1.8019034087e-06
        dvar2: 2.9911495858e-06
        max: 0.0194801799953
        mean: 0.00253125606105
        min: 2.81644565803e-06
        var: 6.97817768014e-06
    spectral_energyband_middle_low:
        dmean: 0.000722637749277
        dmean2: 0.00130923534743
        dvar: 2.11004476114e-06
        dvar2: 5.83644032304e-06
        max: 0.00827375706285
        mean: 0.000737581576686
        min: 2.00992857913e-08
        var: 1.6553436808e-06
    spectral_flatness_db:
        dmean: 0.0276830755174
        dmean2: 0.0379464142025
        dvar: 0.000592879659962
        dvar2: 0.00103110691998
        max: 0.446176856756
        mean: 0.268037110567
        min: 0.127712965012
        var: 0.00793264340609
    spectral_flux:
        dmean: 0.0106540732086
        dmean2: 0.0156315956265
        dvar: 0.000163100325153
        dvar2: 0.000276192411548
        max: 0.110942967236
        mean: 0.0308168530464
        min: 0.00113553728443
        var: 0.000479329086374
    spectral_kurtosis:
        dmean: 9.11537456512
        dmean2: 15.7480592728
        dvar: 116.065589905
        dvar2: 365.207702637
        max: 70.7277526855
        mean: 17.5988731384
        min: 1.05959558487
        var: 294.325408936
    spectral_rms:
        dmean: 0.00038453497109
        dmean2: 0.000519587774761
        dvar: 1.79998195904e-07
        dvar2: 3.83221760103e-07
        max: 0.00474918168038
        mean: 0.00156643334776
        min: 5.39083484909e-05
        var: 8.40585471451e-07
    spectral_rolloff:
        dmean: 229.627609253
        dmean2: 384.358673096
        dvar: 85719.078125
        dvar2: 192130.890625
        max: 4306.640625
        mean: 2803.66723633
        min: 1765.72265625
        var: 108722.3125
    spectral_skewness:
        dmean: 0.699562489986
        dmean2: 1.20012021065
        dvar: 0.55577725172
        dvar2: 1.78567290306
        max: 6.08858823776
        mean: 2.29472160339
        min: 1.07873642445
        var: 0.944447517395
    spectral_spread:
        dmean: 849894.125
        dmean2: 1130464.875
        dvar: 957181919232
        dvar2: 2.00386858189e+12
        max: 7276181
        mean: 2789472.5
        min: 789538.3125
        var: 3.1167479808e+12
    spectral_strongpeak:
        dmean: 0.808148264885
        dmean2: 1.16903412342
        dvar: 0.8728697896
        dvar2: 2.05102086067
        max: 9.44195842743
        mean: 1.89950048923
        min: 0.0426824912429
        var: 3.08958888054
    zerocrossingrate:
        dmean: 0.00575086800382
        dmean2: 0.00698963040486
        dvar: 2.98607392324e-05
        dvar2: 4.71055318485e-05
        max: 0.123046875
        mean: 0.101122908294
        min: 0.05078125
        var: 0.000123896053992
    barkbands:
        dmean: [7.52487738787e-10, 1.21861205571e-07, 1.9550629986e-06, 1.00377747003e-05, 7.94385850895e-05, 0.00047856461606, 5.50073200429e-05, 0.00014623568859, 6.7918561399e-05, 5.12973310833e-05, 2.55584745901e-05, 2.42347232415e-05, 4.45736150141e-05, 6.47195993224e-05, 0.000301188032608, 6.94691771059e-05, 0.00051006913418, 0.000228087854339, 8.46107286634e-05, 6.85743216309e-05, 4.97888977407e-05, 2.00943068194e-05, 6.98078929418e-06, 3.47878562934e-06, 1.61316609137e-06, 7.48963771002e-08, 1.25399218787e-10]
        dmean2: [1.28501531638e-09, 2.20964608388e-07, 3.60905551133e-06, 1.63249715115e-05, 0.000148204577272, 0.000904964632355, 9.60603356361e-05, 0.000254671729635, 0.000115914845082, 8.09457123978e-05, 4.10750690207e-05, 3.92438196286e-05, 6.82115714881e-05, 0.000102242491266, 0.000409653934184, 0.000106333791337, 0.000674208684359, 0.000350619462552, 0.000130189291667, 0.000100995763205, 7.88287215983e-05, 3.17378980981e-05, 1.18835441754e-05, 5.58301417186e-06, 2.69028259936e-06, 1.26605513628e-07, 2.30820931812e-10]
        dvar: [1.31193657565e-18, 6.73521229565e-14, 1.6773481909e-11, 5.35352484565e-10, 2.87878840766e-08, 1.14334397949e-06, 1.08458229064e-08, 5.5660660081e-08, 1.5596542724e-08, 5.9600058222e-09, 1.75048819884e-09, 1.85425375054e-09, 3.59334340061e-09, 1.07769739799e-08, 2.71523134643e-07, 1.36765061498e-08, 6.77918933434e-07, 1.24625302078e-07, 2.19647748878e-08, 1.23048762291e-08, 6.69742972192e-09, 1.37343536544e-09, 1.62210564425e-10, 3.38607683559e-11, 8.0892870527e-12, 1.88064573815e-14, 4.06319582563e-20]
        dvar2: [3.40748471342e-18, 1.90217863704e-13, 4.44947204081e-11, 1.13434517335e-09, 8.19206675828e-08, 3.20228673445e-06, 2.91028836585e-08, 1.53677376602e-07, 4.15048475588e-08, 1.40843994245e-08, 4.22373958031e-09, 4.35067981641e-09, 7.84539100351e-09, 2.49425848864e-08, 4.61995142587e-07, 2.88581976093e-08, 1.09803738724e-06, 2.83677820789e-07, 5.21921101893e-08, 2.73651963312e-08, 1.61474531524e-08, 3.56184726158e-09, 4.20662227274e-10, 8.57254683906e-11, 2.09732925471e-11, 5.03419158302e-14, 1.11362821805e-19]
        max: [8.56812221173e-09, 1.69071483924e-06, 2.93399280054e-05, 0.000270146003459, 0.000857379171066, 0.00548621173948, 0.000739737180993, 0.00222880230285, 0.000883821223397, 0.000839679676574, 0.000318419159157, 0.000363628554624, 0.000520108675119, 0.00106021901593, 0.00780675234273, 0.00091998942662, 0.00934277195483, 0.00326003460214, 0.00158000283409, 0.000889299146365, 0.000487377023092, 0.00028214242775, 8.63827808644e-05, 3.19188511639e-05, 1.84425643965e-05, 8.02355145879e-07, 1.82403370186e-09]
        mean: [1.15545006896e-09, 9.59971515613e-08, 1.75193429186e-06, 1.03045977085e-05, 5.98176302447e-05, 0.000309313239995, 5.85631642025e-05, 0.000191296479898, 8.00477500889e-05, 9.50879839365e-05, 3.8541664253e-05, 3.387198376e-05, 7.38827875466e-05, 9.45989158936e-05, 0.000555595499463, 0.000115872760944, 0.00104547129013, 0.000343776831869, 0.000112682850158, 8.2476544776e-05, 4.68398611702e-05, 1.73694988916e-05, 5.30168199475e-06, 2.84040174847e-06, 1.20199365483e-06, 5.42854827756e-08, 1.13859817408e-10]
        min: [1.57953910368e-11, 7.45681710823e-11, 8.11668354056e-12, 1.77675131552e-11, 5.80407319428e-11, 1.70389639897e-11, 3.71314812231e-10, 5.55933388213e-09, 3.06910896697e-09, 6.75836719921e-09, 2.5412374427e-09, 1.31939084658e-10, 3.01780289647e-08, 3.46482664781e-08, 2.36072253301e-07, 6.86242707104e-09, 4.72877502489e-07, 6.82269600816e-08, 1.70533294153e-08, 4.82531792301e-09, 4.34908969948e-10, 7.1110652089e-11, 9.76363781491e-12, 3.75935914343e-12, 2.32354500224e-12, 3.05737084413e-14, 1.62116028643e-15]
        var: [1.5151515877e-18, 4.59792252015e-14, 1.72860337155e-11, 7.42956141053e-10, 1.9492084391e-08, 6.9886334586e-07, 9.94499504969e-09, 8.11986993199e-08, 1.47340735168e-08, 1.69189053878e-08, 2.90816903892e-09, 2.69898503547e-09, 6.55618181966e-09, 1.52220582805e-08, 6.40351458969e-07, 2.87020132106e-08, 2.27609780268e-06, 2.58579461843e-07, 2.64486832435e-08, 1.71263891957e-08, 7.20228721107e-09, 1.2159179219e-09, 1.29316266029e-10, 3.18547306588e-11, 6.62645936386e-12, 1.45576757436e-14, 4.86238800667e-20]
    mfcc:
        mean: [-839.833374023, 102.257705688, -141.409988403, 20.4600448608, -19.2515640259, -31.7302379608, -29.9546585083, -13.4406051636, 3.7760925293, -0.0338966064155, 4.74139499664, -3.8029654026, -15.0261354446]
        cov: [[23111.09375, -2416.99438477, 7357.29980469, -1029.24145508, -1528.0480957, 146.029373169, -956.838012695, -877.510131836, -2307.69921875, -1857.42224121, -2507.89746094, -784.404846191, 396.614074707], [-2416.99438477, 767.221191406, -905.183349609, 173.96005249, 155.520248413, -23.3428115845, 102.31136322, 104.161231995, 229.981170654, 149.354034424, 228.069900513, 59.3707885742, -62.7777137756], [7357.29980469, -905.183349609, 3437.1875, -489.426605225, -416.122406006, 106.667045593, -253.621505737, -394.482025146, -913.702087402, -736.13092041, -1022.14929199, -352.893280029, 118.432487488], [-1029.24145508, 173.96005249, -489.426605225, 227.679580688, 97.7404098511, -2.83098769188, 36.3128890991, 45.8359985352, 121.490112305, 82.8248214722, 170.22618103, 64.0903091431, -33.7722511292], [-1528.0480957, 155.520248413, -416.122406006, 97.7404098511, 274.65814209, 9.74893760681, 37.3090591431, 49.9343032837, 134.683868408, 102.195358276, 152.153121948, 61.330657959, -66.7762832642], [146.029373169, -23.3428115845, 106.667045593, -2.83098769188, 9.74893760681, 98.371963501, 19.4444770813, -7.46789121628, -16.9378376007, -16.5729045868, -29.767206192, -40.8604011536, -6.4883146286], [-956.838012695, 102.31136322, -253.621505737, 36.3128890991, 37.3090591431, 19.4444770813, 145.812652588, 39.190612793, 86.580368042, 68.7423934937, 93.3453445435, 11.8133058548, -19.9787769318], [-877.510131836, 104.161231995, -394.482025146, 45.8359985352, 49.9343032837, -7.46789121628, 39.190612793, 130.128250122, 109.43611145, 67.4476699829, 115.055557251, 46.0705413818, -17.2263526917], [-2307.69921875, 229.981170654, -913.702087402, 121.490112305, 134.683868408, -16.9378376007, 86.580368042, 109.43611145, 346.585144043, 230.766433716, 290.224060059, 77.2832870483, -41.3975372314], [-1857.42224121, 149.354034424, -736.13092041, 82.8248214722, 102.195358276, -16.5729045868, 68.7423934937, 67.4476699829, 230.766433716, 254.853408813, 265.89453125, 72.1075744629, -21.6634788513], [-2507.89746094, 228.069900513, -1022.14929199, 170.22618103, 152.153121948, -29.767206192, 93.3453445435, 115.055557251, 290.224060059, 265.89453125, 419.983978271, 140.955001831, -53.7339019775], [-784.404846191, 59.3707885742, -352.893280029, 64.0903091431, 61.330657959, -40.8604011536, 11.8133058548, 46.0705413818, 77.2832870483, 72.1075744629, 140.955001831, 125.643806458, -5.92642021179], [396.614074707, -62.7777137756, 118.432487488, -33.7722511292, -66.7762832642, -6.4883146286, -19.9787769318, -17.2263526917, -41.3975372314, -21.6634788513, -53.7339019775, -5.92642021179, 80.9916152954]]
        icov: [[0.000336148223141, 0.000308205519104, -0.000104355116491, -0.00029984061257, 0.000848550407682, -0.000190791164641, 0.000820471846964, 3.83319165849e-05, 0.000646789441817, 0.000304480548948, 0.000583251821809, 3.33897260134e-05, 0.000316667486914], [0.000308205519104, 0.00250673550181, 0.000752815627493, -0.000840871827677, 0.000291033094982, 0.000356354896212, -2.84632224066e-05, 0.000142260498251, 0.000804939831141, 0.000952801143285, 0.00119021127466, 0.000867559341714, 0.000793421233539], [-0.000104355116491, 0.000752815627493, 0.00232660002075, 0.00104991381522, -0.000516752945259, -0.00047809939133, -0.000533762446139, 0.00175739231054, 0.00193271564785, 0.00161046767607, 0.00140640034806, 0.000818667933345, 0.000319581886288], [-0.00029984061257, -0.000840871827677, 0.00104991381522, 0.00814070925117, -0.00170174718369, -0.00106439203955, -0.000434912042692, 0.00158478296362, -0.000410440959968, 0.0030103912577, -0.00339087145403, -0.000417685048888, -0.000267535127932], [0.000848550407682, 0.000291033094982, -0.000516752945259, -0.00170174718369, 0.00825729034841, -0.00209782388993, 0.00254141283222, -3.00849751511e-06, 0.000497760775033, -0.000614015909377, 0.00211377348751, -0.00247775786556, 0.00469376472756], [-0.000190791164641, 0.000356354896212, -0.00047809939133, -0.00106439203955, -0.00209782388993, 0.0134456474334, -0.00268063787371, -0.0010266880272, -9.02203901205e-05, -0.000224538351176, -0.00110340851825, 0.00526347896084, -0.000519388180692], [0.000820471846964, -2.84632224066e-05, -0.000533762446139, -0.000434912042692, 0.00254141283222, -0.00268063787371, 0.0111955925822, -0.00100389425643, 0.000693027745001, 7.75633816374e-05, -0.000179272246896, 0.000853516045026, 0.00130653835367], [3.83319165849e-05, 0.000142260498251, 0.00175739231054, 0.00158478296362, -3.00849751511e-06, -0.0010266880272, -0.00100389425643, 0.0130851222202, -0.00136245926842, 0.00375587609597, -0.00058035471011, -0.00138928601518, 0.000285854301183], [0.000646789441817, 0.000804939831141, 0.00193271564785, -0.000410440959968, 0.000497760775033, -9.02203901205e-05, 0.000693027745001, -0.00136245926842, 0.0132591929287, -0.00318623986095, 0.00041717334534, 0.00271629984491, 0.00114412733819], [0.000304480548948, 0.000952801143285, 0.00161046767607, 0.0030103912577, -0.000614015909377, -0.000224538351176, 7.75633816374e-05, 0.00375587609597, -0.00318623986095, 0.0180612485856, -0.00754300085828, 0.00318971066736, -0.00312703754753], [0.000583251821809, 0.00119021127466, 0.00140640034806, -0.00339087145403, 0.00211377348751, -0.00110340851825, -0.000179272246896, -0.00058035471011, 0.00041717334534, -0.00754300085828, 0.0168301649392, -0.00697835534811, 0.0049335937947], [3.33897260134e-05, 0.000867559341714, 0.000818667933345, -0.000417685048888, -0.00247775786556, 0.00526347896084, 0.000853516045026, -0.00138928601518, 0.00271629984491, 0.00318971066736, -0.00697835534811, 0.017775233835, -0.00365604972467], [0.000316667486914, 0.000793421233539, 0.000319581886288, -0.000267535127932, 0.00469376472756, -0.000519388180692, 0.00130653835367, 0.000285854301183, 0.00114412733819, -0.00312703754753, 0.0049335937947, -0.00365604972467, 0.0177978333086]]
    spectral_contrast:
        mean: [1.28042671577e-07, -1.74325009539e-07, 2.55713832331e-08, 7.51559241507e-08, 1.14965452269e-07, -2.32041216464e-07, 3.04792735051e-07, -3.11892449645e-07, 2.24755740419e-06, 5.76282809561e-06, -2.7685614441e-06, 9.58957798503e-07]
        var: [0.000363579427358, 0.00116277078632, 0.00149881117977, 0.00199252250604, 0.00413510156795, 0.00637389859185, 0.0398804098368, 0.0905800312757, 0.192832559347, 0.196508809924, 0.496953397989, 17.2211303711]

rhythm:
    beats_loudness:
        dmean: 0.00253559765406
        dmean2: 0.00407356442884
        dvar: 6.38898609395e-06
        dvar2: 1.81325503945e-05
        max: 0.0124607896432
        mean: 0.00490108085796
        min: 3.54324874934e-05
        var: 1.07150062831e-05
    beats_loudness_bass:
        dmean: 0.0113192079589
        dmean2: 0.023468175903
        dvar: 0.00048449850874
        dvar2: 0.00143942714203
        max: 0.0690127313137
        mean: 0.00557406293228
        min: 5.25140649188e-06
        var: 0.000260908796918
    bpm: 120.655380249
    bpm_confidence: 0
    first_peak_bpm: 121
    first_peak_spread: 0
    first_peak_weight: 0.6875
    onset_rate: 3.99804162979
    second_peak_bpm: 134
    second_peak_spread: 0
    second_peak_weight: 0.25
    beats_position: [0.07745423913, 0.574739158154, 1.07202410698, 1.56930911541, 2.06659388542, 2.56387901306, 3.06116390228, 3.5584487915, 4.05573368073, 4.55301856995, 5.05030345917, 5.54758834839, 6.24660158157, 6.69398498535, 7.14136838913, 7.58875179291, 8.03613567352]
    bpm_estimates: [120.915290833, 120.638763428, 120.756317139, 120.40422821, 120.776405334, 120.539367676, 120.557266235]
    bpm_intervals: [0.497284919024, 0.497284948826, 0.49728500843, 0.497284770012, 0.49728512764, 0.497284889221, 0.497284889221, 0.497284889221, 0.497284889221, 0.497284889221, 0.497284889221, 0.699013233185, 0.447383403778, 0.447383403778, 0.447383403778, 0.447383880615]
    onset_times: [0.0464399084449, 0.232199549675, 0.394739240408, 0.557278931141, 0.731428563595, 0.893968224525, 1.09133791924, 1.40480720997, 1.5673469305, 1.72988665104, 1.88081634045, 2.06657600403, 2.21750569344, 2.40326523781, 2.55419492722, 2.72834467888, 2.89088439941, 3.05342411995, 3.22757363319, 3.39011335373, 3.55265307426, 3.75002264977, 3.90095233917, 4.01705217361, 4.06349229813, 4.22603178024, 4.40018129349, 4.57433128357, 4.72526073456, 4.88780021667, 5.06195020676, 5.35219955444, 5.46829938889, 5.80498886108, 5.9675283432, 6.24616765976, 6.68734693527, 6.82666683197, 7.14013624191, 7.61614513397]
    rubato_start: [6.69398498535]
    rubato_stop: [8.03613567352]
    perceptual_tempo: "unknown"

sfx:
    inharmonicity:
        dmean: 0.0972490385175
        dmean2: 0.177300781012
        dvar: 0.00877393502742
        dvar2: 0.0240457504988
        max: 0.416230559349
        mean: 0.10514652729
        min: 0
        var: 0.0101423021406
    oddtoevenharmonicenergyratio:
        dmean: 229.359268188
        dmean2: 430.802612305
        dvar: 696908.3125
        dvar2: 1951558.25
        max: 7729.06152344
        mean: 141.821365356
        min: 0
        var: 447057.5625
    pitch_after_max_to_before_max_energy_ratio: 16.6714172363
    pitch_centroid: 190.777679443
    pitch_max_to_total: 0.108033239841
    pitch_min_to_total: 0.470914125443
    tristimulus:
        dmean: [0.159443303943, 0.325672358274, 0.186373919249]
        dmean2: [0.287887245417, 0.576146364212, 0.347592622042]
        dvar: [0.0394770689309, 0.0840729624033, 0.0485911332071]
        dvar2: [0.108041547239, 0.215042516589, 0.130703896284]
        max: [1, 0.998926877975, 0.898597300053]
        mean: [0.174879148602, 0.597908139229, 0.138261124492]
        min: [0.00107303599361, 0, 0]
        var: [0.0431104935706, 0.102611549199, 0.0391307584941]

tonal:
    chords_changes_rate: 0.0331491716206
    chords_number_rate: 0.022099448368
    chords_strength:
        dmean: 0.00649552233517
        dmean2: 0.00724355550483
        dvar: 3.7406811316e-05
        dvar2: 3.90140594391e-05
        max: 0.659812271595
        mean: 0.531990349293
        min: 0.389200389385
        var: 0.00521854590625
    key_strength: 0.617893457413
    tuning_diatonic_strength: 0.550245463848
    tuning_equal_tempered_deviation: 0.0731035098433
    tuning_frequency: 441.017791748
    tuning_nontempered_energy_ratio: 0.635182857513
    hpcp:
        dmean: [0.205016091466, 0.134669110179, 0.0608496144414, 0.0482253283262, 0.0519712641835, 0.143986582756, 0.220789372921, 0.143105447292, 0.0501874350011, 0.0335055626929, 0.0363197289407, 0.0544725321233, 0.0643542557955, 0.118182487786, 0.178571864963, 0.17691706121, 0.110463991761, 0.164391249418, 0.183782413602, 0.13991497457, 0.266918003559, 0.295977920294, 0.138246193528, 0.0578225292265, 0.0557461418211, 0.0678796619177, 0.17399585247, 0.231300920248, 0.134658142924, 0.107653386891, 0.113551683724, 0.0831258967519, 0.0966564267874, 0.0850933045149, 0.0482535101473, 0.118864685297]
        dmean2: [0.311567485332, 0.209288358688, 0.100298218429, 0.0775009319186, 0.0832044258714, 0.222706541419, 0.371662467718, 0.236180335283, 0.0797865763307, 0.0506017580628, 0.0586845688522, 0.0930951535702, 0.115781754255, 0.197542250156, 0.299030840397, 0.289930254221, 0.182742536068, 0.27636680007, 0.304463744164, 0.250955373049, 0.463724672794, 0.51187479496, 0.233649179339, 0.101024843752, 0.0911327451468, 0.114830158651, 0.288235932589, 0.38302642107, 0.212014913559, 0.184688016772, 0.175767362118, 0.12734632194, 0.160128682852, 0.142140269279, 0.0773959085345, 0.178413063288]
        dvar: [0.0449572987854, 0.0212681535631, 0.012280235067, 0.00737884454429, 0.00603931676596, 0.0201840475202, 0.0566472224891, 0.0185384340584, 0.00770368054509, 0.00279312836938, 0.00287650432438, 0.00839525554329, 0.0177686009556, 0.0344596393406, 0.040503423661, 0.0388001166284, 0.0142932906747, 0.030380686745, 0.0405912213027, 0.0306221004575, 0.0604926906526, 0.0644220635295, 0.0219163559377, 0.0158197041601, 0.0092799346894, 0.0133019676432, 0.0288793407381, 0.0485591776669, 0.0210882350802, 0.0225950479507, 0.0252714212984, 0.0159510970116, 0.0174272283912, 0.0123933590949, 0.00691840192303, 0.0140971289948]
        dvar2: [0.0987811386585, 0.0446307733655, 0.0279603004456, 0.0179442409426, 0.0130892535672, 0.041626997292, 0.107285343111, 0.0424428880215, 0.0144550427794, 0.00458452338353, 0.00635348400101, 0.0200583003461, 0.0447392985225, 0.0902303755283, 0.104968309402, 0.0947407484055, 0.0389364808798, 0.0846425890923, 0.117904655635, 0.0855361074209, 0.17369478941, 0.164557352662, 0.0547076240182, 0.0414300486445, 0.0192309971899, 0.0335435308516, 0.0679323971272, 0.0967894420028, 0.0428493954241, 0.0591276213527, 0.0586878582835, 0.0391040295362, 0.0444731153548, 0.0317435264587, 0.0191852636635, 0.030757104978]
        max: [1, 1, 0.665431797504, 0.585106909275, 0.670601308346, 0.942395091057, 1, 0.987480580807, 0.757152855396, 0.408376723528, 0.452957361937, 0.536426484585, 0.998719632626, 1, 1, 1, 1, 1, 1, 0.770638585091, 1, 1, 1, 0.955507695675, 0.743613004684, 0.770591318607, 1, 1, 1, 0.96589499712, 1, 0.984236717224, 0.784936964512, 0.682867646217, 0.819641292095, 0.755313456059]
        mean: [0.293525010347, 0.193633288145, 0.0735170021653, 0.0521718449891, 0.0556870289147, 0.292061239481, 0.500045537949, 0.272596746683, 0.0587591081858, 0.0465051308274, 0.0463300682604, 0.0575112253428, 0.0785394385457, 0.133078292012, 0.309769541025, 0.389336675406, 0.213744446635, 0.186008766294, 0.207595363259, 0.142724141479, 0.406433850527, 0.546699881554, 0.241122439504, 0.0569102391601, 0.065900593996, 0.0848415493965, 0.285252541304, 0.42646330595, 0.238120570779, 0.133023738861, 0.149144455791, 0.102943733335, 0.104527004063, 0.0963717848063, 0.0579456873238, 0.17307806015]
        min: [0.000759446527809, 0.000490619335324, 2.36128016695e-05, 3.93889895349e-05, 0.000220742847887, 0.00308723305352, 0.00607495568693, 0.00327686499804, 0.000460448034573, 0.000310856587021, 0.000109678367153, 0.000106992658402, 0.000113129870442, 0.000272580538876, 0.0112986173481, 0.0173362828791, 0.0101692816243, 0.0035153075587, 0.00390179571696, 0.00138191238511, 0.00174616568256, 0.00175907765515, 0.00085430330364, 0.000315156037686, 0.000317043188261, 0.000658369681332, 0.0227572917938, 0.0306472685188, 0.0130902305245, 0.00139779236633, 0.00103601696901, 0.0026395523455, 0.00121108605526, 0.00100488087628, 0.000504498137161, 0.000561697874218]
        var: [0.091043010354, 0.0414615944028, 0.0180725511163, 0.00971547234803, 0.00880756881088, 0.0505594536662, 0.14696611464, 0.0477575175464, 0.0112412068993, 0.00565176131204, 0.00523825827986, 0.0106559004635, 0.0208218209445, 0.0456678234041, 0.0728414952755, 0.103143028915, 0.0265241730958, 0.0369453914464, 0.0486400835216, 0.0277372058481, 0.0739052146673, 0.125681772828, 0.0316435284913, 0.013484348543, 0.0141259506345, 0.017288133502, 0.0432936623693, 0.100225172937, 0.039345074445, 0.0281406082213, 0.0378505885601, 0.0210230071098, 0.0195312369615, 0.0141109153628, 0.00780943920836, 0.0303498823196]
    chords_histogram: [61.3259658813, 12.7071819305, 0, 2.20994472504, 0, 0, 0, 23.7569065094, 0, 0, 0, 0, 0, 0, 0, 0, 0, 0, 0, 0, 0, 0, 0, 0]
    thpcp: [1, 0.441050827503, 0.104097768664, 0.120542541146, 0.155188530684, 0.521771728992, 0.780068397522, 0.43555995822, 0.243321329355, 0.272808641195, 0.188300266862, 0.191196322441, 0.176279142499, 0.105991765857, 0.316586971283, 0.536903381348, 0.354185700417, 0.134474143386, 0.0954305008054, 0.101860329509, 0.5342258811, 0.914661884308, 0.498622298241, 0.107479646802, 0.0850651934743, 0.0847449749708, 0.105197072029, 0.143660977483, 0.243421107531, 0.566617190838, 0.712157964706, 0.390972197056, 0.34023925662, 0.379724532366, 0.261064887047, 0.743431389332]
    chords_key: "E"
    chords_scale: "minor"
    key_key: "E"
    key_scale: "minor"
    chords_progression: ["D", "D", "D", "D", "G", "Em", "Em", "Em", "Em", "Em", "Em", "Em", "Em", "Em", "Em", "Em", "Em", "Em", "Em", "Em", "Em", "Em", "Em", "Em", "Em", "Em", "Em", "Em", "Em", "Em", "Em", "Em", "Em", "Em", "Em", "Em", "Em", "Em", "Em", "Em", "Em", "Em", "Em", "Em", "Em", "Em", "Em", "Em", "Em", "Em", "Em", "Em", "Em", "Em", "Em", "Em", "Em", "Em", "Em", "Em", "Em", "Em", "Em", "Em", "Em", "Em", "Em", "Em", "Em", "Em", "Em", "Em", "Em", "Em", "Em", "Em", "Em", "G", "G", "G", "G", "G", "G", "G", "G", "G", "G", "G", "G", "G", "G", "G", "G", "G", "G", "G", "G", "G", "G", "Em", "Em", "Em", "Em", "Em", "Em", "Em", "Em", "Em", "Em", "Em", "Em", "Em", "Em", "Em", "Em", "Em", "Em", "Em", "Em", "Em", "Em", "Em", "Em", "Em", "Em", "Em", "Em", "Em", "Em", "Em", "Em", "Em", "Em", "E", "E", "E", "E", "E", "E", "E", "E", "E", "E", "E", "E", "E", "E", "E", "E", "E", "E", "E", "E", "E", "E", "E", "E", "E", "E", "E", "E", "E", "E", "E", "E", "E", "E", "E", "E", "E", "E", "E", "E", "E", "E", "E", "Em", "Em", "Em", "Em", "Em"]
