
metadata:
    version:
        essentia: "1.2.2"
    audio_properties:
        analysis_sample_rate: 44100
        bitrate: 128
        channels: 2
        equal_loudness: 1
        length: 10.0048980713
        replay_gain: -11.2752342224
        downmix: "mix"
    tags:
        track: 23
        year: 0
        album: "Splitted by Mp3Splt v. 2.1"
        artist: "From 003.40 To 003.50"
        comment: "http://mp3splt.sf.net"
        genre: ""
        title: "04 A04 Extremis [Quattara Remi"

highlevel:
    ballroom:
        all:
            ChaChaCha: 0.00605563865975
            Jive: 0.00967364385724
            Quickstep: 0.0698035433888
            Rumba-American: 0.0126618947834
            Rumba-International: 0.361419320107
            Rumba-Misc: 0.159754395485
            Samba: 0.00859037972987
            Tango: 0.026897996664
            VienneseWaltz: 0.228247180581
            Waltz: 0.116896003485
        probability: 0.361419320107
        value: "Rumba-International"
    culture:
        all:
            non_western: 0.757669389248
            western: 0.242330610752
        probability: 0.757669389248
        value: "non_western"
    gender:
        all:
            female: 0.638366043568
            male: 0.36163392663
        probability: 0.638366043568
        value: "female"
    genre_dortmund:
        all:
            alternative: 0.187950193882
            blues: 0.0099669881165
            electronic: 0.0774502232671
            folkcountry: 0.0724316164851
            funksoulrnb: 0.0418269224465
            jazz: 0.383559763432
            pop: 0.0701035186648
            raphiphop: 0.0108044082299
            rock: 0.145906373858
        probability: 0.383559763432
        value: "jazz"
    genre_electronica:
        all:
            ambient: 0.777972400188
            dnb: 0.0200746636838
            house: 0.00753712793812
            techno: 0.00337708648294
            trance: 0.191038697958
        probability: 0.777972400188
        value: "ambient"
    genre_rosamerica:
        all:
            cla: 0.0675784349442
            dan: 0.0267367418855
            hip: 0.00977192260325
            jaz: 0.409888267517
            pop: 0.141236111522
            rhy: 0.0345109440386
            roc: 0.304826438427
            spe: 0.00545114092529
        probability: 0.409888267517
        value: "jaz"
    genre_tzanetakis:
        all:
            blu: 0.0105617437512
            cla: 0.109175644815
            cou: 0.0924567058682
            dis: 0.0118388226256
            hip: 0.00412209425122
            jaz: 0.585951685905
            met: 0.0081183668226
            pop: 0.0841588750482
            reg: 0.0253617428243
            roc: 0.0682543441653
        probability: 0.585951685905
        value: "jaz"
    live_studio:
        all:
            live: 0.354080438614
            studio: 0.645919561386
        probability: 0.645919561386
        value: "studio"
    mood:
        all:
            Cluster1: 0.2465133816
            Cluster2: 0.155960932374
            Cluster3: 0.301695168018
            Cluster4: 0.116835296154
            Cluster5: 0.178995236754
        probability: 0.301695168018
        value: "Cluster3"
    mood_acoustic:
        all:
            acoustic: 0.489763855934
            not_acoustic: 0.510236144066
        probability: 0.510236144066
        value: "not_acoustic"
    mood_aggressive:
        all:
            aggressive: 0.0942627266049
            not_aggressive: 0.905737280846
        probability: 0.905737280846
        value: "not_aggressive"
    mood_electronic:
        all:
            electronic: 0.967974662781
            not_electronic: 0.0320253297687
        probability: 0.967974662781
        value: "electronic"
    mood_happy:
        all:
            happy: 0.294907212257
            not_happy: 0.705092787743
        probability: 0.705092787743
        value: "not_happy"
    mood_party:
        all:
            not_party: 0.961160838604
            party: 0.0388391911983
        probability: 0.961160838604
        value: "not_party"
    mood_relaxed:
        all:
            not_relaxed: 0.0161198042333
            relaxed: 0.983880221844
        probability: 0.983880221844
        value: "relaxed"
    mood_sad:
        all:
            not_sad: 0.147365003824
            sad: 0.852634966373
        probability: 0.852634966373
        value: "sad"
    rhythm:
        all:
            fast: 0.0689918249846
            medium: 0.41346052289
            slow: 0.517547667027
        probability: 0.517547667027
        value: "slow"
    speech_music:
        all:
            music: 0.992037296295
            speech: 0.00796269532293
        probability: 0.992037296295
        value: "music"
    timbre:
        all:
            bright: 0.0440256521106
            dark: 0.955974340439
        probability: 0.955974340439
        value: "dark"
    voice_instrumental:
        all:
            instrumental: 0.901537001133
            voice: 0.0984630286694
        probability: 0.901537001133
        value: "instrumental"

lowlevel:
    average_loudness: 0.971363723278
    barkbands_kurtosis:
        dmean: 2.67684340477
        dmean2: 4.59856653214
        dvar: 16.3432540894
        dvar2: 52.5022659302
        max: 37.1408233643
        mean: 5.57023096085
        min: -0.928305149078
        var: 31.1959228516
    barkbands_skewness:
        dmean: 0.398697316647
        dmean2: 0.663309514523
        dvar: 0.190775826573
        dvar2: 0.600596308708
        max: 5.47272777557
        mean: 1.91791665554
        min: 0.24114510417
        var: 0.711000621319
    barkbands_spread:
        dmean: 2.95654177666
        dmean2: 4.95053243637
        dvar: 8.23260498047
        dvar2: 23.6729316711
        max: 41.3065757751
        mean: 11.4885873795
        min: 3.54720711708
        var: 28.2517738342
    dissonance:
        dmean: 0.0289818476886
        dmean2: 0.0486913733184
        dvar: 0.000562171742786
        dvar2: 0.00158308097161
        max: 0.495948046446
        mean: 0.422995150089
        min: 0.294820010662
        var: 0.001583906007
    hfc:
        dmean: 0.807754278183
        dmean2: 1.20351374149
        dvar: 0.524914205074
        dvar2: 1.24753439426
        max: 10.488401413
        mean: 3.14013791084
        min: 0.492208182812
        var: 1.79094815254
    pitch:
        dmean: 196.7915802
        dmean2: 380.697814941
        dvar: 403020.03125
        dvar2: 1250636.5
        max: 4410
        mean: 368.793426514
        min: 60.1637115479
        var: 261834.71875
    pitch_instantaneous_confidence:
        dmean: 0.0896968394518
        dmean2: 0.144043803215
        dvar: 0.00601641088724
        dvar2: 0.0156032228842
        max: 0.842552244663
        mean: 0.499821096659
        min: 0.117693901062
        var: 0.017891375348
    pitch_salience:
        dmean: 0.0674751996994
        dmean2: 0.11163366586
        dvar: 0.00359928444959
        dvar2: 0.0100591257215
        max: 0.839854180813
        mean: 0.601153492928
        min: 0.381500095129
        var: 0.00671161152422
    silence_rate_20dB:
        dmean: 0
        dmean2: 0
        dvar: 0
        dvar2: 0
        max: 1
        mean: 1
        min: 1
        var: 0
    silence_rate_30dB:
        dmean: 0
        dmean2: 0
        dvar: 0
        dvar2: 0
        max: 1
        mean: 1
        min: 1
        var: 0
    silence_rate_60dB:
        dmean: 0.102325581014
        dmean2: 0.202797204256
        dvar: 0.091855481267
        dvar2: 0.194304138422
        max: 1
        mean: 0.150812059641
        min: 0
        var: 0.128067597747
    spectral_centroid:
        dmean: 72.9526977539
        dmean2: 116.39541626
        dvar: 4453.09619141
        dvar2: 11434.328125
        max: 1135.37927246
        mean: 614.61151123
        min: 289.425872803
        var: 24751.484375
    spectral_complexity:
        dmean: 2.01168227196
        dmean2: 3.07025766373
        dvar: 2.53023433685
        dvar2: 6.28546619415
        max: 19
        mean: 9.80419540405
        min: 2
        var: 8.08752536774
    spectral_crest:
        dmean: 2.34138226509
        dmean2: 3.73777961731
        dvar: 4.43161964417
        dvar2: 13.2684297562
        max: 19.748790741
        mean: 10.2311735153
        min: 4.45327854156
        var: 8.62676620483
    spectral_decrease:
        dmean: 3.25706822624e-10
        dmean2: 5.15388343114e-10
        dvar: 1.15976447521e-19
        dvar2: 3.20463391934e-19
        max: -1.77595202433e-10
        mean: -1.32200106417e-09
        min: -4.13693790335e-09
        var: 3.37516676689e-19
    spectral_energy:
        dmean: 0.00129505363293
        dmean2: 0.00204366981052
        dvar: 1.79077028406e-06
        dvar2: 4.91190439789e-06
        max: 0.0165650844574
        mean: 0.00527435401455
        min: 0.000714937516022
        var: 5.24177630723e-06
    spectral_energyband_high:
        dmean: 1.98157376872e-05
        dmean2: 3.05080920953e-05
        dvar: 1.48838019687e-09
        dvar2: 3.85566334415e-09
        max: 0.000800761976279
        mean: 4.99325651617e-05
        min: 1.4856980215e-06
        var: 9.30337851202e-09
    spectral_energyband_low:
        dmean: 0.000291453819955
        dmean2: 0.000521932845004
        dvar: 4.26014594268e-07
        dvar2: 1.57032377501e-06
        max: 0.00557593628764
        mean: 0.000441750191385
        min: 4.62873231299e-06
        var: 3.58065250339e-07
    spectral_energyband_middle_high:
        dmean: 0.000192872306798
        dmean2: 0.000289421906928
        dvar: 3.76152584636e-08
        dvar2: 9.16381353022e-08
        max: 0.00242910487577
        mean: 0.000575935875531
        min: 5.01881804666e-05
        var: 1.20236705925e-07
    spectral_energyband_middle_low:
        dmean: 0.00128689687699
        dmean2: 0.00206293724477
        dvar: 2.04973321161e-06
        dvar2: 6.45524414722e-06
        max: 0.0150427659974
        mean: 0.00420673005283
        min: 0.000556836312171
        var: 4.10826896768e-06
    spectral_flatness_db:
        dmean: 0.0186002925038
        dmean2: 0.0317621529102
        dvar: 0.000285169691779
        dvar2: 0.000852197641507
        max: 0.291288673878
        mean: 0.216394796968
        min: 0.118966326118
        var: 0.000950386631303
    spectral_flux:
        dmean: 0.00881500169635
        dmean2: 0.0142553625628
        dvar: 6.44554093014e-05
        dvar2: 0.000155777321197
        max: 0.102729335427
        mean: 0.0316917933524
        min: 0.0106614409015
        var: 0.000285562244244
    spectral_kurtosis:
        dmean: 4.25122451782
        dmean2: 7.19499969482
        dvar: 18.3873653412
        dvar2: 55.6255226135
        max: 40.7574653625
        mean: 12.1176328659
        min: 0.792770624161
        var: 49.1665000916
    spectral_rms:
        dmean: 0.000268544303253
        dmean2: 0.000416944763856
        dvar: 5.6731359166e-08
        dvar2: 1.4813376481e-07
        max: 0.004020081833
        mean: 0.00222029606812
        min: 0.00083516468294
        var: 2.15992969288e-07
    spectral_rolloff:
        dmean: 175.988540649
        dmean2: 301.313293457
        dvar: 79803.828125
        dvar2: 208072.28125
        max: 3359.1796875
        mean: 771.380737305
        min: 301.46484375
        var: 158877.234375
    spectral_skewness:
        dmean: 0.374962955713
        dmean2: 0.614626765251
        dvar: 0.111914105713
        dvar2: 0.318612068892
        max: 4.73695993423
        mean: 2.57949709892
        min: 0.980614066124
        var: 0.404572606087
    spectral_spread:
        dmean: 271410.53125
        dmean2: 466391
        dvar: 94765096960
        dvar2: 252900868096
        max: 6938980.5
        mean: 3031279.5
        min: 1550057.5
        var: 1.27012673946e+12
    spectral_strongpeak:
        dmean: 0.222233459353
        dmean2: 0.357590854168
        dvar: 0.0557847879827
        dvar2: 0.13030603528
        max: 2.22019934654
        mean: 0.687415719032
        min: 0.0371979027987
        var: 0.15685684979
    zerocrossingrate:
        dmean: 0.00419032014906
        dmean2: 0.00566154671833
        dvar: 1.10720575321e-05
        dvar2: 1.93822124857e-05
        max: 0.07666015625
        mean: 0.0383420288563
        min: 0.0146484375
        var: 8.50976139191e-05
    barkbands:
        dmean: [2.0832322889e-07, 5.31630248588e-05, 0.000268892559689, 0.000215826396015, 0.000645080173854, 0.000397642084863, 0.000260855071247, 0.000306638510665, 0.000233461381868, 9.32855691644e-05, 2.36383293668e-05, 3.02314383589e-05, 1.8064654796e-05, 2.22786566155e-05, 2.3316433726e-05, 1.53759883688e-05, 3.5437529732e-05, 3.89152555726e-05, 2.60001015704e-05, 2.59501593973e-05, 7.4136000876e-06, 1.8771820578e-06, 3.33926237772e-07, 1.63868776326e-07, 4.73943018164e-08, 1.33495847709e-09, 2.50283904712e-10]
        dmean2: [3.57480473667e-07, 9.28280496737e-05, 0.000490530394018, 0.000389021704905, 0.00115663011093, 0.000656838237774, 0.000415996299125, 0.000431125867181, 0.000304904591758, 0.000131719265482, 3.42918829119e-05, 4.47772872576e-05, 2.76684022538e-05, 3.49514812115e-05, 3.89324086427e-05, 2.50848261203e-05, 5.26332914887e-05, 5.89725714235e-05, 4.20424003096e-05, 4.1953575419e-05, 1.23795616673e-05, 3.40684346156e-06, 5.58008139251e-07, 2.81108242461e-07, 8.31699438208e-08, 2.38361397287e-09, 4.44885073225e-10]
        dvar: [1.09865695914e-13, 8.45233394386e-09, 3.91467352756e-07, 2.69441045475e-07, 1.76189507783e-06, 1.89650236848e-07, 9.30722166004e-08, 3.66399149243e-07, 1.15183766525e-07, 5.96308993295e-08, 1.4153974659e-09, 1.69698521901e-09, 7.61083029932e-10, 1.55218660147e-09, 8.13254519283e-10, 4.99889685202e-10, 1.60184121523e-09, 1.88906335019e-09, 7.26196602852e-10, 1.68461777861e-09, 3.44761080795e-10, 3.29380966946e-11, 1.10159624478e-12, 2.46726006596e-13, 1.94134886254e-14, 1.20263441843e-17, 2.66282622372e-19]
        dvar2: [3.6971435028e-13, 2.7091667576e-08, 1.45112915106e-06, 9.26395216538e-07, 6.04257138548e-06, 5.79827371894e-07, 2.34314356362e-07, 7.09746529992e-07, 1.82432415841e-07, 1.22383497114e-07, 2.66338995303e-09, 4.05083522281e-09, 1.90793492116e-09, 3.83835585538e-09, 2.35488384348e-09, 1.38427214136e-09, 3.89470322659e-09, 4.69535033076e-09, 1.71522052117e-09, 4.6684611732e-09, 1.03005637353e-09, 9.92309359682e-11, 2.70377405361e-12, 7.05538980104e-13, 5.2690714476e-14, 3.55864382264e-17, 4.61523148027e-19]
        max: [3.15607758239e-06, 0.000854626996443, 0.00496378727257, 0.00422843359411, 0.00980233214796, 0.0033101788722, 0.00419972883537, 0.00840744655579, 0.00330843683332, 0.00307576311752, 0.000388493936043, 0.00037703232374, 0.000247039744863, 0.000424033321906, 0.000275856058579, 0.000276789913187, 0.000391969224438, 0.000420301483246, 0.000338709738571, 0.000606845482253, 0.000303923530737, 7.5014300819e-05, 1.58662642207e-05, 8.86143516254e-06, 3.11758458338e-06, 7.50778710312e-08, 8.89953977179e-09]
        mean: [4.96482527979e-07, 0.0001076426488, 0.000333622650942, 0.000285900867311, 0.000848083756864, 0.000979427946731, 0.000672857044265, 0.000782248564065, 0.000547071453184, 0.000196955457795, 4.79993977933e-05, 6.5318425186e-05, 3.40760416293e-05, 3.75288873329e-05, 4.16581424361e-05, 2.63748279394e-05, 7.2646587796e-05, 6.93850961397e-05, 5.52675155632e-05, 4.55284134659e-05, 1.84586351679e-05, 4.14828991779e-06, 9.75353373178e-07, 4.84717816107e-07, 1.99174166937e-07, 3.8267735647e-09, 2.12424897117e-10]
        min: [2.90238366674e-09, 9.69252710092e-07, 3.24759207615e-06, 1.52048210111e-06, 1.8919701688e-05, 3.13481577905e-05, 1.33389594339e-05, 6.85587428961e-06, 2.94695519187e-06, 7.20874311355e-07, 1.37612573781e-07, 1.95228426492e-06, 4.4229489049e-07, 9.21085131722e-07, 2.58084128291e-06, 1.10584608137e-06, 1.46282684454e-06, 1.97645135813e-06, 2.12391569221e-06, 1.46242007304e-06, 3.04413276808e-07, 9.7855398451e-08, 2.02027496954e-08, 5.08636999186e-09, 2.4154864775e-09, 3.75986256018e-11, 5.58304115016e-14]
        var: [1.91920589664e-13, 9.70526059518e-09, 3.03574807958e-07, 2.70787893442e-07, 1.58330601607e-06, 4.19450145728e-07, 5.34372134098e-07, 1.14957424557e-06, 4.85906753056e-07, 1.497269011e-07, 4.07342204412e-09, 3.30586447106e-09, 1.38249522941e-09, 2.64376831538e-09, 1.23322096979e-09, 1.1840555203e-09, 3.35589800393e-09, 4.12666656402e-09, 1.71679803707e-09, 4.62118565636e-09, 1.44886702635e-09, 9.13323236484e-11, 4.94629510961e-12, 1.3534314728e-12, 2.17583844822e-13, 8.01932744152e-17, 2.53207404279e-19]
    mfcc:
        mean: [-761.029846191, 181.673599243, -40.9668617249, 52.6511497498, -18.3886737823, -19.5587387085, -10.4423217773, -10.7640581131, -5.32717180252, -2.14896607399, 0.903128743172, 2.1094686985, -4.64101409912]
        cov: [[1003.33935547, -620.289794922, 211.76423645, 13.0107145309, -17.1019268036, 161.873382568, 78.8613739014, 9.70460891724, 34.3404502869, -91.8628005981, -106.040557861, -98.4998931885, -24.0253982544], [-620.289794922, 938.276306152, -455.871459961, 48.3561477661, -10.3455657959, -157.953598022, -73.1872406006, 80.0123291016, -4.64647102356, 103.236991882, 130.329086304, 88.8871994019, 49.4952735901], [211.76423645, -455.871459961, 499.232269287, 51.2323112488, 57.6748886108, 189.047073364, 39.6753807068, -60.5413894653, -28.5929813385, -95.8175201416, -126.881744385, -77.0912780762, -16.9949798584], [13.0107145309, 48.3561477661, 51.2323112488, 168.436904907, 19.9481124878, 81.0390777588, 40.4534568787, -4.60188484192, 2.37660002708, -17.8488044739, -36.3225860596, -15.797665596, -7.07094907761], [-17.1019268036, -10.3455657959, 57.6748886108, 19.9481124878, 75.388671875, 47.2733688354, 5.42710113525, -2.76202774048, -20.4431476593, -21.9703083038, -28.7106266022, -14.0898599625, 3.75407576561], [161.873382568, -157.953598022, 189.047073364, 81.0390777588, 47.2733688354, 240.449615479, 71.2344360352, 13.4758586884, -22.8242797852, -75.4738235474, -102.868522644, -81.6853256226, -19.3390426636], [78.8613739014, -73.1872406006, 39.6753807068, 40.4534568787, 5.42710113525, 71.2344360352, 84.7056427002, 17.3863258362, 18.6962394714, 0.804642677307, -30.6759338379, -26.8434391022, -32.0433387756], [9.70460891724, 80.0123291016, -60.5413894653, -4.60188484192, -2.76202774048, 13.4758586884, 17.3863258362, 73.997428894, 13.0705461502, 3.90775442123, 10.1085424423, -7.95557785034, -5.76059627533], [34.3404502869, -4.64647102356, -28.5929813385, 2.37660002708, -20.4431476593, -22.8242797852, 18.6962394714, 13.0705461502, 66.7075500488, 44.2118911743, 22.1636695862, 7.82413196564, -24.0490131378], [-91.8628005981, 103.236991882, -95.8175201416, -17.8488044739, -21.9703083038, -75.4738235474, 0.804642677307, 3.90775442123, 44.2118911743, 109.237457275, 77.6957168579, 35.6639518738, -16.3802757263], [-106.040557861, 130.329086304, -126.881744385, -36.3225860596, -28.7106266022, -102.868522644, -30.6759338379, 10.1085424423, 22.1636695862, 77.6957168579, 117.825798035, 57.3588600159, 17.2765598297], [-98.4998931885, 88.8871994019, -77.0912780762, -15.797665596, -14.0898599625, -81.6853256226, -26.8434391022, -7.95557785034, 7.82413196564, 35.6639518738, 57.3588600159, 72.0295562744, 26.5748271942], [-24.0253982544, 49.4952735901, -16.9949798584, -7.07094907761, 3.75407576561, -19.3390426636, -32.0433387756, -5.76059627533, -24.0490131378, -16.3802757263, 17.2765598297, 26.5748271942, 79.3210983276]]
        icov: [[0.00234896107577, 0.00210693338886, 0.00116209476255, -0.000956161238719, 0.000563204288483, -0.000509573845193, 0.000571906799451, -0.00144289562013, -0.00140135420952, 0.000412749155657, 0.000126130282297, 0.00158188049681, -0.00136120605748], [0.00210693338886, 0.00487344106659, 0.0032928569708, -0.00321320537478, -0.000440042000264, -0.000509999867063, 0.00327796977945, -0.00396010419354, 0.000833562982734, -0.00232457369566, 0.000977368443273, 0.000728733022697, -0.00173496699426], [0.00116209476255, 0.0032928569708, 0.00620122998953, -0.00164193566889, -0.00151181174442, -0.0027964306064, 0.00244082883, 0.00108468765393, -0.000575100712012, -0.000477194116684, 0.00145302852616, 0.000853907957207, -0.000941343372688], [-0.000956161238719, -0.00321320537478, -0.00164193566889, 0.0100528756157, -0.000349717389327, -0.00261288438924, -0.00456128874794, 0.00450666015968, -0.00237993174233, 0.00209492002614, 0.000158139548148, -0.00223595206626, 0.000549634860363], [0.000563204288483, -0.000440042000264, -0.00151181174442, -0.000349717389327, 0.0173527002335, -0.00232797930948, 0.000695784343407, -0.00105917360634, 0.00378483999521, -0.00190568086691, 0.00284093315713, -0.00098219094798, -0.000630339316558], [-0.000509573845193, -0.000509999867063, -0.0027964306064, -0.00261288438924, -0.00232797930948, 0.0131517937407, -0.00628433376551, -0.00292166485451, 0.0023707577493, 0.00170661695302, 0.0012417268008, 0.00663203420117, -0.00152353825979], [0.000571906799451, 0.00327796977945, 0.00244082883, -0.00456128874794, 0.000695784343407, -0.00628433376551, 0.0249515045434, -0.00652509182692, -0.00195546890609, -0.0072384653613, 0.00538054993376, -0.00190341530833, 0.00366298435256], [-0.00144289562013, -0.00396010419354, 0.00108468765393, 0.00450666015968, -0.00105917360634, -0.00292166485451, -0.00652509182692, 0.0231307651848, -0.00592991150916, 0.00699333986267, -0.00613777991384, 0.00340571068227, 0.00089199555805], [-0.00140135420952, 0.000833562982734, -0.000575100712012, -0.00237993174233, 0.00378483999521, 0.0023707577493, -0.00195546890609, -0.00592991150916, 0.0282770674676, -0.012180916965, 0.00304166227579, -0.00309790694155, 0.00433148257434], [0.000412749155657, -0.00232457369566, -0.000477194116684, 0.00209492002614, -0.00190568086691, 0.00170661695302, -0.0072384653613, 0.00699333986267, -0.012180916965, 0.0297585614026, -0.0171061847359, 0.0011900466634, 0.00552942184731], [0.000126130282297, 0.000977368443273, 0.00145302852616, 0.000158139548148, 0.00284093315713, 0.0012417268008, 0.00538054993376, -0.00613777991384, 0.00304166227579, -0.0171061847359, 0.0287012942135, -0.00936571042985, -0.00407398166135], [0.00158188049681, 0.000728733022697, 0.000853907957207, -0.00223595206626, -0.00098219094798, 0.00663203420117, -0.00190341530833, 0.00340571068227, -0.00309790694155, 0.0011900466634, -0.00936571042985, 0.0329199396074, -0.00853282306343], [-0.00136120605748, -0.00173496699426, -0.000941343372688, 0.000549634860363, -0.000630339316558, -0.00152353825979, 0.00366298435256, 0.00089199555805, 0.00433148257434, 0.00552942184731, -0.00407398166135, -0.00853282306343, 0.0205286704004]]
    spectral_contrast:
        mean: [-2.68759290378e-08, -2.1446470555e-07, 4.57119824659e-07, 6.68051370667e-07, 6.20708036081e-08, -1.19382960406e-07, -3.35515801453e-06, 1.58890145485e-06, 6.59402417114e-07, -2.70166037808e-06, 6.0643208144e-07, 4.93648713018e-07]
        var: [0.000270176155027, 0.000430397922173, 0.00121071736794, 0.00227533583529, 0.00249499408528, 0.00644526677206, 0.0396449044347, 0.0708119720221, 0.170008033514, 0.249167874455, 0.342745929956, 1.63013124466]

rhythm:
    beats_loudness:
        dmean: 0.00152125884779
        dmean2: 0.00227122846991
        dvar: 1.13552289349e-06
        dvar2: 2.22797507377e-06
        max: 0.00782798789442
        mean: 0.00523099675775
        min: 0.00246329582296
        var: 2.35885568145e-06
    beats_loudness_bass:
        dmean: 0.0543636977673
        dmean2: 0.0776379853487
        dvar: 0.00330355088226
        dvar2: 0.00627187918872
        max: 0.389990121126
        mean: 0.12107052654
        min: 0.00412584142759
        var: 0.0080295316875
    bpm: 136.510940552
    bpm_confidence: 0
    first_peak_bpm: 136
    first_peak_spread: 0
    first_peak_weight: 0.952381014824
    onset_rate: 5.39735603333
    second_peak_bpm: 116
    second_peak_spread: 0
    second_peak_weight: 0.047619048506
    beats_position: [0.171282440424, 0.610972046852, 1.05066168308, 1.49035131931, 1.93004083633, 2.36973047256, 2.8094201088, 3.24910998344, 3.68879961967, 4.12848901749, 4.56817865372, 5.00786828995, 5.44755792618, 5.88724756241, 6.4038772583, 6.8432674408, 7.28265810013, 7.72204780579, 8.16143798828, 8.60082912445, 9.04021835327, 9.47960853577]
    bpm_estimates: [136.314056396, 136.979446411, 136.319992065, 136.245162964, 136.443450928, 136.541015625, 136.795059204, 136.385604858, 136.515975952, 136.385009766, 136.695602417]
    bpm_intervals: [0.439689606428, 0.43968963623, 0.43968963623, 0.439689517021, 0.43968963623, 0.43968963623, 0.439689874649, 0.43968963623, 0.439689397812, 0.43968963623, 0.43968963623, 0.43968963623, 0.43968963623, 0.516629695892, 0.439390182495, 0.439390659332, 0.439389705658, 0.439390182495, 0.439391136169, 0.439389228821, 0.439390182495]
    onset_times: [0.0580498874187, 0.232199549675, 0.568888902664, 0.696598649025, 1.01006805897, 1.1261677742, 1.55573701859, 2.36843538284, 2.47292518616, 2.55419492722, 2.7863945961, 3.19274377823, 3.22757363319, 3.33206343651, 3.45977330208, 3.64553284645, 3.77324271202, 3.87773251534, 4.00544214249, 4.20281171799, 4.3073015213, 4.52789115906, 4.76009082794, 4.96907043457, 5.0967798233, 5.20126962662, 5.32897949219, 5.42185926437, 5.52634906769, 5.86303853989, 5.99074840546, 6.08362817764, 6.29260778427, 6.51319742203, 6.73378705978, 6.86149644852, 7.19818592072, 7.41877555847, 7.63936519623, 7.83673477173, 8.09215450287, 8.18503379822, 8.3011341095, 8.498503685, 8.6146030426, 8.74231338501, 8.95129299164, 9.17188167572, 9.287981987, 9.4040813446, 9.50857162476, 9.61306095123, 9.82204055786, 9.94975090027]
    rubato_start: []
    rubato_stop: []
    perceptual_tempo: "unknown"

sfx:
    inharmonicity:
        dmean: 0.0267628729343
        dmean2: 0.04709758237
        dvar: 0.00147308595479
        dvar2: 0.00409353757277
        max: 0.337588310242
        mean: 0.0242161657661
        min: 2.35559964494e-05
        var: 0.00123697228264
    oddtoevenharmonicenergyratio:
        dmean: 3.15891671181
        dmean2: 6.00550556183
        dvar: 42.0858917236
        dvar2: 123.204414368
        max: 42.261302948
        mean: 1.99465632439
        min: 0.000102211837657
        var: 25.5317897797
    pitch_after_max_to_before_max_energy_ratio: 7.89178419113
    pitch_centroid: 201.217880249
    pitch_max_to_total: 0.135198131204
    pitch_min_to_total: 0.0536130517721
    tristimulus:
        dmean: [0.249512791634, 0.253294348717, 0.055592790246]
        dmean2: [0.447552531958, 0.459601581097, 0.0992830172181]
        dvar: [0.0441740714014, 0.0494900234044, 0.0044460860081]
        dvar2: [0.108364857733, 0.123373113573, 0.0126636335626]
        max: [0.963299453259, 0.956220805645, 0.62797087431]
        mean: [0.51054340601, 0.420229941607, 0.0518832653761]
        min: [0.0139902783558, 0, 0]
        var: [0.0643850192428, 0.0687387213111, 0.00429139845073]

tonal:
    chords_changes_rate: 0.037037037313
    chords_number_rate: 0.0185185186565
    chords_strength:
        dmean: 0.00727544818074
        dmean2: 0.00657708616927
        dvar: 2.77944509435e-05
        dvar2: 2.96503076243e-05
        max: 0.654745459557
        mean: 0.526644766331
        min: 0.405918121338
        var: 0.00285055907443
    key_strength: 0.724958300591
    tuning_diatonic_strength: 0.578215241432
    tuning_equal_tempered_deviation: 0.0479268990457
    tuning_frequency: 441.272583008
    tuning_nontempered_energy_ratio: 0.626775145531
    hpcp:
        dmean: [0.0324218831956, 0.0643263235688, 0.121024303138, 0.132834747434, 0.0941981226206, 0.0396816842258, 0.0350264012814, 0.0515745021403, 0.105321243405, 0.142067745328, 0.0884514898062, 0.0324970781803, 0.0193139389157, 0.0344281233847, 0.138381972909, 0.167687669396, 0.19728140533, 0.160237178206, 0.17741625011, 0.103886403143, 0.0395464636385, 0.0261782854795, 0.017283866182, 0.0678918585181, 0.115258298814, 0.0709614679217, 0.0112827476114, 0.0126667935401, 0.0574482381344, 0.186035454273, 0.221823826432, 0.193868383765, 0.119608238339, 0.0837850421667, 0.0477414317429, 0.0266364756972]
        dmean2: [0.0558123402297, 0.120541989803, 0.202546611428, 0.205232858658, 0.148986056447, 0.0679729357362, 0.0663694813848, 0.0934891849756, 0.170235350728, 0.235891088843, 0.145135372877, 0.0539097040892, 0.0332312732935, 0.063114233315, 0.220007151365, 0.276325672865, 0.336703270674, 0.259136587381, 0.283355534077, 0.16052262485, 0.0705448910594, 0.0426464565098, 0.0295396670699, 0.106700763106, 0.168972551823, 0.100243836641, 0.0186815802008, 0.0213161967695, 0.10465143621, 0.293520778418, 0.356216400862, 0.334516376257, 0.222745627165, 0.142684355378, 0.0771254301071, 0.0452912449837]
        dvar: [0.00804901868105, 0.0302826091647, 0.0283333975822, 0.030740680173, 0.01574209705, 0.00996197760105, 0.0142449392006, 0.0110432477668, 0.0187051091343, 0.0399971678853, 0.0207594968379, 0.010021943599, 0.00729397404939, 0.00493877427652, 0.0247701425105, 0.0480288825929, 0.0504334382713, 0.0299066230655, 0.0535879395902, 0.0165717862546, 0.012805798091, 0.00378859066404, 0.0016129584983, 0.0108646089211, 0.0391364730895, 0.0108144087717, 0.000455239409348, 0.000464333657874, 0.0117359273136, 0.0323590673506, 0.0475082844496, 0.0336487032473, 0.0350166037679, 0.0259856916964, 0.00872468482703, 0.00384326488711]
        dvar2: [0.0225029923022, 0.0885060951114, 0.0680575072765, 0.0537610277534, 0.0356140471995, 0.0267823059112, 0.0427151806653, 0.0293703395873, 0.0461166873574, 0.0773704275489, 0.0473416373134, 0.0221465397626, 0.0153540112078, 0.0166318956763, 0.0665452256799, 0.0807432979345, 0.151122242212, 0.0665200203657, 0.0987868085504, 0.0303911007941, 0.0388407744467, 0.0110970037058, 0.00448270188645, 0.0195617135614, 0.0594601370394, 0.0155023513362, 0.00115232670214, 0.00121696223505, 0.036620657891, 0.0802983343601, 0.079636245966, 0.0866786688566, 0.0913724079728, 0.0670012235641, 0.0184369180351, 0.0103403171524]
        max: [0.685342609882, 1, 1, 1, 0.828848361969, 1, 0.953976213932, 1, 1, 1, 1, 1, 1, 0.463865697384, 1, 1, 1, 1, 1, 0.76439666748, 0.775800943375, 0.498472571373, 0.313639491796, 0.701548337936, 1, 0.611718535423, 0.197777867317, 0.133204206824, 0.671192169189, 1, 1, 1, 1, 1, 0.875363051891, 0.480430066586]
        mean: [0.0360170155764, 0.0547290034592, 0.167419791222, 0.245633780956, 0.136071234941, 0.0382086224854, 0.0298564173281, 0.053928066045, 0.172827214003, 0.244415819645, 0.129629388452, 0.034619063139, 0.0207210909575, 0.0303768478334, 0.239978715777, 0.41979008913, 0.272314727306, 0.238761484623, 0.297550439835, 0.146894112229, 0.0376214534044, 0.0293548684567, 0.0186724048108, 0.130918726325, 0.245226576924, 0.131206914783, 0.0154720852152, 0.0141798602417, 0.0501758791506, 0.348297744989, 0.570081114769, 0.320093870163, 0.132772445679, 0.128258019686, 0.0649850815535, 0.0277261398733]
        min: [0.00164591660723, 0.00125398871023, 0.00414162315428, 0.00355876004323, 0.00116506393533, 0.000269713171292, 7.16228532838e-05, 0.000115167313197, 0.00140617694706, 0.00201759487391, 0.0015752526233, 4.89668200316e-05, 4.09826097894e-05, 3.24089414789e-05, 0.00309566338547, 0.00281479815021, 0.00667174207047, 0.00168079929426, 0.00290164351463, 0.00179512542672, 0.000357102340786, 3.26995286741e-05, 6.01476931479e-05, 0.00242826784961, 0.00263941078447, 0.00289305206388, 0.000237635511439, 7.81633716542e-05, 0.000102359364973, 0.00992569606751, 0.026001105085, 0.00945117883384, 0.000335563061526, 3.8270274672e-05, 6.3682666223e-05, 0.000745783618186]
        var: [0.00623659836128, 0.0180378127843, 0.0458196401596, 0.0790120959282, 0.0239541567862, 0.00815798155963, 0.00894306227565, 0.0137595226988, 0.037786975503, 0.082608141005, 0.0331686288118, 0.0125437304378, 0.00779078528285, 0.00427356828004, 0.0506202019751, 0.123407714069, 0.0612569265068, 0.0552037917078, 0.102091498673, 0.0289544928819, 0.00863560754806, 0.00374711491168, 0.00153543276247, 0.0279811378568, 0.106679335237, 0.0290874950588, 0.000479216658277, 0.000464279873995, 0.00863406714052, 0.0613745674491, 0.117568627, 0.049742963165, 0.045478336513, 0.0476713255048, 0.0138969123363, 0.0035249684006]
    chords_histogram: [61.5740737915, 11.5740737915, 16.2037029266, 0, 0, 0, 0, 0, 0, 0, 0, 0, 0, 0, 0, 0, 0, 0, 0, 0, 0, 0, 0, 10.6481485367]
    thpcp: [1, 0.56148827076, 0.232900977135, 0.224982053041, 0.11399269104, 0.048635430634, 0.063178755343, 0.0960021317005, 0.293677151203, 0.430875152349, 0.238687500358, 0.0670231357217, 0.0523722283542, 0.0945971831679, 0.303162485361, 0.428738683462, 0.227387621999, 0.060726556927, 0.0363476201892, 0.0532851330936, 0.420955389738, 0.736369073391, 0.477677166462, 0.418820202351, 0.521944046021, 0.257672309875, 0.0659931600094, 0.0514924414456, 0.032753944397, 0.229649290442, 0.430160850286, 0.230154812336, 0.0271401461214, 0.0248734075576, 0.088015332818, 0.610961735249]
    chords_key: "C"
    chords_scale: "minor"
    key_key: "C"
    key_scale: "minor"
    chords_progression: ["Cm", "Cm", "Cm", "Cm", "Cm", "Cm", "Cm", "Cm", "Cm", "Cm", "Cm", "Cm", "Cm", "Cm", "Cm", "Cm", "Cm", "Cm", "Cm", "Cm", "Cm", "Cm", "Cm", "Cm", "Cm", "Cm", "Cm", "Cm", "Cm", "Cm", "Cm", "Cm", "Cm", "Cm", "Cm", "Cm", "Cm", "Cm", "Cm", "Cm", "Cm", "Cm", "Cm", "Cm", "Cm", "Cm", "Cm", "Cm", "Cm", "Cm", "Cm", "Cm", "Cm", "Cm", "Cm", "Cm", "Cm", "Cm", "Cm", "Cm", "Cm", "Cm", "Cm", "Cm", "Cm", "Gm", "D#", "Gm", "D#", "Gm", "Gm", "Gm", "Gm", "Gm", "Gm", "Gm", "Gm", "Gm", "Gm", "Gm", "Gm", "Gm", "Gm", "Gm", "Gm", "Gm", "Gm", "Gm", "Gm", "Gm", "Gm", "Gm", "Gm", "Gm", "Gm", "Gm", "Gm", "Gm", "Gm", "Gm", "Gm", "Gm", "D#", "D#", "D#", "D#", "D#", "D#", "D#", "D#", "D#", "D#", "D#", "D#", "D#", "D#", "D#", "D#", "D#", "D#", "D#", "D#", "D#", "D#", "D#", "G#", "G#", "G#", "G#", "G#", "G#", "G#", "G#", "G#", "G#", "G#", "G#", "G#", "G#", "G#", "G#", "G#", "G#", "G#", "G#", "G#", "G#", "G#", "Cm", "Cm", "Cm", "Cm", "Cm", "Cm", "Cm", "Cm", "Cm", "Cm", "Cm", "Cm", "Cm", "Cm", "Cm", "Cm", "Cm", "Cm", "Cm", "Cm", "Cm", "Cm", "Cm", "Cm", "Cm", "Cm", "Cm", "Cm", "Cm", "Cm", "Cm", "Cm", "Cm", "Cm", "Cm", "Cm", "Cm", "Cm", "Cm", "Cm", "Cm", "Cm", "Cm", "Cm", "Cm", "Cm", "Cm", "Cm", "Cm", "Cm", "Cm", "Cm", "Cm", "Cm", "Cm", "Cm", "Cm", "Cm", "Cm", "Cm", "Cm", "Cm", "Cm", "Cm", "Cm", "Cm", "Cm", "Cm"]
