
metadata:
    version:
        essentia: "1.2.2"
    audio_properties:
        analysis_sample_rate: 44100
        bitrate: 128
        channels: 2
        equal_loudness: 1
        length: 9.95265293121
        replay_gain: -7.47417640686
        downmix: "mix"
    tags:
        track: 14
        year: 0
        album: "Splitted by Mp3Splt v. 2.1"
        artist: "From 002.10 To 002.20"
        comment: "http://mp3splt.sf.net"
        genre: ""
        title: "10 What You Want.mp3"

highlevel:
    ballroom:
        all:
            ChaChaCha: 0.0415718890727
            Jive: 0.513213694096
            Quickstep: 0.0236296840012
            Rumba-American: 0.00636519724503
            Rumba-International: 0.0138657251373
            Rumba-Misc: 0.0120247760788
            Samba: 0.043365880847
            Tango: 0.0137373059988
            VienneseWaltz: 0.2862187922
            Waltz: 0.0460070669651
        probability: 0.513213694096
        value: "Jive"
    culture:
        all:
            non_western: 0.0583299174905
            western: 0.941670060158
        probability: 0.941670060158
        value: "western"
    gender:
        all:
            female: 0.633333384991
            male: 0.366666615009
        probability: 0.633333384991
        value: "female"
    genre_dortmund:
        all:
            alternative: 0.209186196327
            blues: 0.00364167289808
            electronic: 0.0620061121881
            folkcountry: 0.0152107691392
            funksoulrnb: 0.0374086797237
            jazz: 0.00467113219202
            pop: 0.0308893695474
            raphiphop: 0.00123787752818
            rock: 0.635748207569
        probability: 0.635748207569
        value: "rock"
    genre_electronica:
        all:
            ambient: 0.51123803854
            dnb: 0.162956684828
            house: 0.00827394519001
            techno: 0.0385069847107
            trance: 0.279024362564
        probability: 0.51123803854
        value: "ambient"
    genre_rosamerica:
        all:
            cla: 0.0806171447039
            dan: 0.018267640844
            hip: 0.00718694925308
            jaz: 0.00703244702891
            pop: 0.00967076420784
            rhy: 0.0040582777001
            roc: 0.870823979378
            spe: 0.00234279059805
        probability: 0.870823979378
        value: "roc"
    genre_tzanetakis:
        all:
            blu: 0.0597313195467
            cla: 0.118486754596
            cou: 0.0545039363205
            dis: 0.0410202518106
            hip: 0.0309072211385
            jaz: 0.0516134910285
            met: 0.430608212948
            pop: 0.0288910530508
            reg: 0.0426675640047
            roc: 0.141570195556
        probability: 0.430608212948
        value: "met"
    live_studio:
        all:
            live: 0.0892416313291
            studio: 0.910758376122
        probability: 0.910758376122
        value: "studio"
    mood:
        all:
            Cluster1: 0.502608060837
            Cluster2: 0.0755537226796
            Cluster3: 0.0200331639498
            Cluster4: 0.073698297143
            Cluster5: 0.328106760979
        probability: 0.502608060837
        value: "Cluster1"
    mood_acoustic:
        all:
            acoustic: 0.0553224124014
            not_acoustic: 0.944677591324
        probability: 0.944677591324
        value: "not_acoustic"
    mood_aggressive:
        all:
            aggressive: 0.999659180641
            not_aggressive: 0.00034080867772
        probability: 0.999659180641
        value: "aggressive"
    mood_electronic:
        all:
            electronic: 0.310839235783
            not_electronic: 0.689160764217
        probability: 0.689160764217
        value: "not_electronic"
    mood_happy:
        all:
            happy: 0.0469586513937
            not_happy: 0.953041374683
        probability: 0.953041374683
        value: "not_happy"
    mood_party:
        all:
            not_party: 0.475217700005
            party: 0.524782299995
        probability: 0.524782299995
        value: "party"
    mood_relaxed:
        all:
            not_relaxed: 0.706301867962
            relaxed: 0.293698132038
        probability: 0.706301867962
        value: "not_relaxed"
    mood_sad:
        all:
            not_sad: 0.999451041222
            sad: 0.000548939569853
        probability: 0.999451041222
        value: "not_sad"
    rhythm:
        all:
            fast: 0.201755777001
            medium: 0.0502227470279
            slow: 0.748021483421
        probability: 0.748021483421
        value: "slow"
    speech_music:
        all:
            music: 0.999974250793
            speech: 2.5727224056e-05
        probability: 0.999974250793
        value: "music"
    timbre:
        all:
            bright: 0.516869485378
            dark: 0.483130544424
        probability: 0.516869485378
        value: "bright"
    voice_instrumental:
        all:
            instrumental: 0.989179193974
            voice: 0.0108207976446
        probability: 0.989179193974
        value: "instrumental"

lowlevel:
    average_loudness: 0.989035248756
    barkbands_kurtosis:
        dmean: 1.64718854427
        dmean2: 2.7342414856
        dvar: 1.92126488686
        dvar2: 5.31902933121
        max: 10.6659593582
        mean: 2.05931544304
        min: -1.81658363342
        var: 5.37975692749
    barkbands_skewness:
        dmean: 0.371447533369
        dmean2: 0.614096164703
        dvar: 0.0812505409122
        dvar2: 0.238024652004
        max: -0.0375660099089
        mean: -1.62328517437
        min: -2.96575522423
        var: 0.239656895399
    barkbands_spread:
        dmean: 5.48409700394
        dmean2: 9.36602115631
        dvar: 22.1411170959
        dvar2: 63.6053848267
        max: 45.6174163818
        mean: 21.1454811096
        min: 5.99048662186
        var: 49.4820137024
    dissonance:
        dmean: 0.00552477641031
        dmean2: 0.00900077447295
        dvar: 5.92446740484e-05
        dvar2: 9.87778112176e-05
        max: 0.499937206507
        mean: 0.489618986845
        min: 0.362427949905
        var: 7.2987852036e-05
    hfc:
        dmean: 3.65380120277
        dmean2: 6.37704992294
        dvar: 8.77388286591
        dvar2: 25.073217392
        max: 32.3652572632
        mean: 18.4749603271
        min: 6.0292040871e-06
        var: 17.0780582428
    pitch:
        dmean: 414.079986572
        dmean2: 802.589294434
        dvar: 640986.625
        dvar2: 1765526
        max: 3392.30761719
        mean: 2823.79394531
        min: 147
        var: 511658.5625
    pitch_instantaneous_confidence:
        dmean: 0.0816571414471
        dmean2: 0.142353340983
        dvar: 0.00358158815652
        dvar2: 0.0101310936734
        max: 0.69429910183
        mean: 0.433698922396
        min: 0.230367422104
        var: 0.00617412477732
    pitch_salience:
        dmean: 0.0416140966117
        dmean2: 0.0708276480436
        dvar: 0.00117061333731
        dvar2: 0.00295230909251
        max: 0.959585487843
        mean: 0.704163551331
        min: 0.578576862812
        var: 0.00198388937861
    silence_rate_20dB:
        dmean: 0
        dmean2: 0
        dvar: 0
        dvar2: 0
        max: 1
        mean: 1
        min: 1
        var: 0
    silence_rate_30dB:
        dmean: 0
        dmean2: 0
        dvar: 0
        dvar2: 0
        max: 1
        mean: 1
        min: 1
        var: 0
    silence_rate_60dB:
        dmean: 0.00466200476512
        dmean2: 0.00700934557244
        dvar: 0.00464029191062
        dvar2: 0.0069601982832
        max: 1
        mean: 0.00930232554674
        min: 0
        var: 0.00921580474824
    spectral_centroid:
        dmean: 144.842651367
        dmean2: 236.642303467
        dvar: 12867.9677734
        dvar2: 35853.8085938
        max: 2937.75317383
        mean: 2509.80273438
        min: 1674.84033203
        var: 39151.2617188
    spectral_complexity:
        dmean: 3.16355133057
        dmean2: 5.21779870987
        dvar: 6.61344194412
        dvar2: 14.9806594849
        max: 36
        mean: 26.2517490387
        min: 0
        var: 18.3468608856
    spectral_crest:
        dmean: 1.54852676392
        dmean2: 2.71390318871
        dvar: 1.56885445118
        dvar2: 4.4703502655
        max: 13.0589733124
        mean: 7.19110918045
        min: 4.22572565079
        var: 2.36722540855
    spectral_decrease:
        dmean: 2.6300708833e-10
        dmean2: 4.52056614364e-10
        dvar: 4.06347758402e-20
        dvar2: 1.11407567106e-19
        max: -5.41213819231e-16
        mean: -1.50093870666e-09
        min: -2.40996267387e-09
        var: 8.53946949329e-20
    spectral_energy:
        dmean: 0.00130463053938
        dmean2: 0.00225316965953
        dvar: 1.03392812889e-06
        dvar2: 2.87807733912e-06
        max: 0.011903885752
        mean: 0.00734062120318
        min: 2.58953125609e-09
        var: 2.09487438951e-06
    spectral_energyband_high:
        dmean: 0.000159103539772
        dmean2: 0.000264731206698
        dvar: 1.86026287707e-08
        dvar2: 4.53750885754e-08
        max: 0.00144425220788
        mean: 0.000567723705899
        min: 2.07244832406e-10
        var: 4.54871305067e-08
    spectral_energyband_low:
        dmean: 9.13167532417e-05
        dmean2: 0.000168737169588
        dvar: 1.75532246516e-08
        dvar2: 5.09707511753e-08
        max: 0.000932669267058
        mean: 0.00010910963465
        min: 1.08666589616e-10
        var: 1.38840174913e-08
    spectral_energyband_middle_high:
        dmean: 0.00121439783834
        dmean2: 0.00210597109981
        dvar: 9.02373528788e-07
        dvar2: 2.63951756097e-06
        max: 0.0100717414171
        mean: 0.00574637250975
        min: 1.71512049008e-09
        var: 1.74624824467e-06
    spectral_energyband_middle_low:
        dmean: 0.000329836504534
        dmean2: 0.000536739942618
        dvar: 9.6186354881e-08
        dvar2: 2.55442586194e-07
        max: 0.00432312628254
        mean: 0.000917417870369
        min: 5.43819211885e-10
        var: 2.43524596044e-07
    spectral_flatness_db:
        dmean: 0.0144609827548
        dmean2: 0.0235505718738
        dvar: 0.000143141776789
        dvar2: 0.000363921630196
        max: 0.211185410619
        mean: 0.165429756045
        min: 0.0730641484261
        var: 0.000368344888557
    spectral_flux:
        dmean: 0.00599273620173
        dmean2: 0.00940090231597
        dvar: 2.54355909419e-05
        dvar2: 5.35081162525e-05
        max: 0.0755800902843
        mean: 0.0519814006984
        min: 5.08874363732e-05
        var: 5.23904127476e-05
    spectral_kurtosis:
        dmean: 0.819170057774
        dmean2: 1.40637683868
        dvar: 0.555837631226
        dvar2: 1.52860081196
        max: 10.1399469376
        mean: 4.40131092072
        min: 2.08320951462
        var: 1.01505291462
    spectral_rms:
        dmean: 0.000241378060309
        dmean2: 0.000410687702242
        dvar: 4.07177331851e-08
        dvar2: 9.45312237377e-08
        max: 0.00340786552988
        mean: 0.00265961117111
        min: 1.58945647399e-06
        var: 8.80457520225e-08
    spectral_rolloff:
        dmean: 182.730377197
        dmean2: 306.05380249
        dvar: 21390.8886719
        dvar2: 56268.6796875
        max: 4112.84179688
        mean: 3440.39355469
        min: 3036.18164062
        var: 43736.7460938
    spectral_skewness:
        dmean: 0.13903811574
        dmean2: 0.231071561575
        dvar: 0.0175143349916
        dvar2: 0.0430280789733
        max: 2.58130192757
        mean: 1.48006010056
        min: 1.00773894787
        var: 0.0275644715875
    spectral_spread:
        dmean: 375052.34375
        dmean2: 544364
        dvar: 464789962752
        dvar2: 584940322816
        max: 14030701
        mean: 4023399.75
        min: 2826654.25
        var: 726109782016
    spectral_strongpeak:
        dmean: 1.07314360142
        dmean2: 1.83745777607
        dvar: 0.767265737057
        dvar2: 2.1779294014
        max: 5.33031988144
        mean: 1.9317561388
        min: 7.40500327083e-05
        var: 1.22708559036
    zerocrossingrate:
        dmean: 0.00427474267781
        dmean2: 0.00547515368089
        dvar: 2.62055800704e-05
        dvar2: 3.1708907045e-05
        max: 0.142578125
        mean: 0.124387659132
        min: 0.033203125
        var: 7.65847580624e-05
    barkbands:
        dmean: [1.11897215049e-07, 1.7292541088e-05, 7.76414017309e-05, 7.62238341849e-05, 0.000247271498665, 8.28652700875e-05, 3.29418799083e-05, 1.72282179847e-05, 3.20145372825e-05, 3.15939796565e-05, 2.25733674597e-05, 3.78614313377e-05, 4.43905155407e-05, 7.82437782618e-05, 9.07503781491e-05, 0.000283092987956, 0.000651380512863, 0.000670163659379, 0.000411170272855, 0.000159144517966, 0.000102677375253, 1.50160831254e-05, 4.01487250201e-06, 1.68954363744e-06, 1.47360742631e-06, 1.04123699884e-07, 9.30440835489e-10]
        dmean2: [1.86679997682e-07, 3.04520690406e-05, 0.000144707271829, 0.00013276952086, 0.000429134030128, 0.000125606587972, 5.1155948313e-05, 2.75835918728e-05, 5.06803589815e-05, 4.69860533485e-05, 3.81112586183e-05, 6.28923371551e-05, 7.31316031306e-05, 0.000127857725602, 0.000156945694471, 0.000476879969938, 0.00114984204993, 0.00117583794054, 0.000728434766643, 0.000263688067207, 0.000175025110366, 2.41467096203e-05, 6.49322919344e-06, 2.70821124104e-06, 2.24604968935e-06, 1.60246386827e-07, 1.10473508119e-09]
        dvar: [4.46913692035e-14, 1.07997955023e-09, 1.14358256198e-08, 7.74411113014e-09, 7.49414539314e-08, 1.41012286292e-08, 1.4212068189e-09, 5.5336202287e-10, 2.52658050037e-09, 3.51636475493e-09, 8.46543446453e-10, 1.77259817935e-09, 3.62187813074e-09, 6.48929532332e-09, 1.90249380694e-08, 5.42501474854e-08, 2.86927701154e-07, 3.45856960848e-07, 1.37023334901e-07, 1.73000334058e-08, 6.53708998044e-09, 3.55438539712e-10, 1.58005084711e-11, 2.71631545382e-12, 2.8668324225e-12, 2.80313492145e-14, 1.25258451381e-16]
        dvar2: [1.09164440725e-13, 2.94569413306e-09, 3.37829391128e-08, 2.26149197147e-08, 2.07724227153e-07, 2.77007039529e-08, 3.42217076899e-09, 1.5248543539e-09, 5.67106939187e-09, 6.75373623693e-09, 2.38151187659e-09, 4.45655112813e-09, 9.86656356616e-09, 1.62881619303e-08, 5.53956738258e-08, 1.46670529944e-07, 8.44405292355e-07, 1.00460079011e-06, 3.97047841716e-07, 4.69155061467e-08, 1.7360298088e-08, 7.57397811135e-10, 3.86847325007e-11, 6.07373309633e-12, 6.46334027965e-12, 6.8240836701e-14, 9.00699035733e-17]
        max: [1.37515735332e-06, 0.00018996084691, 0.000777763081715, 0.000583629589528, 0.00302316038869, 0.00128647789825, 0.000424694502726, 0.000296452373732, 0.000553787685931, 0.000713080458809, 0.000304152985336, 0.000504639523569, 0.000649985915516, 0.00104429305065, 0.00164710124955, 0.00214677350596, 0.00395265268162, 0.00496686249971, 0.00363957299851, 0.00121539190877, 0.000660630059429, 0.000168011072674, 4.61401359644e-05, 1.86951438081e-05, 2.68523308478e-05, 1.46624461195e-06, 2.65364093366e-07]
        mean: [1.15707415205e-07, 1.96348755708e-05, 8.93610995263e-05, 0.00010712556832, 0.000452682783362, 0.000189066980965, 6.80254015606e-05, 3.24710308632e-05, 5.54193247808e-05, 5.31878176844e-05, 3.68987130059e-05, 7.50417457311e-05, 8.44762689667e-05, 0.000150735198986, 0.00016022688942, 0.000684372615069, 0.00157868652605, 0.00160385493655, 0.00109594711103, 0.000458125636214, 0.000282561086351, 3.76324314857e-05, 1.40194724736e-05, 6.273494364e-06, 4.55413555756e-06, 1.27882699985e-07, 1.00265096226e-09]
        min: [2.89810328513e-11, 5.23554186116e-11, 4.16270663772e-11, 4.31856633787e-11, 1.07494901869e-10, 1.1076579931e-10, 9.54387263663e-11, 7.70037505982e-11, 1.00359408284e-10, 3.90711456244e-11, 3.58257304031e-12, 1.2087331136e-11, 2.11274660961e-11, 3.33664415542e-11, 4.72841869825e-11, 1.25414276186e-10, 2.42747877355e-10, 8.61030247101e-10, 2.61096394505e-10, 1.95888361088e-10, 2.74220212509e-11, 3.90809815065e-11, 1.14090351749e-11, 6.8787011677e-12, 2.10676203045e-12, 1.35377527331e-12, 4.16792319516e-14]
        var: [4.13529277553e-14, 8.23442369846e-10, 9.52588496972e-09, 8.48560954836e-09, 1.34707505595e-07, 4.8149665588e-08, 2.87211587846e-09, 1.43506229122e-09, 5.18413179051e-09, 8.17709278067e-09, 1.79003512013e-09, 3.34800565049e-09, 7.3398531697e-09, 1.50928265441e-08, 2.70153304172e-08, 9.64924069535e-08, 4.56318559827e-07, 4.35820368239e-07, 1.90860518501e-07, 3.3893059026e-08, 1.24849526273e-08, 7.12360226363e-10, 5.55850573902e-11, 9.10680905686e-12, 8.72883362812e-12, 4.17530593433e-14, 1.66380378958e-16]
    mfcc:
        mean: [-674.098999023, 67.8684234619, -67.1797485352, 61.5218429565, 9.37739753723, -12.7498779297, -3.62038946152, -5.75149822235, -8.87735939026, -15.8364830017, -11.371219635, -3.38133120537, -8.58352565765]
        cov: [[1645.62023926, -29.1223945618, -33.1480331421, -23.0407733917, -9.1656332016, 41.3796272278, 41.3763999939, -11.8784456253, -16.2953720093, -39.1170196533, -22.9760189056, -13.7897262573, -15.5199155807], [-29.1223945618, 147.087432861, 7.45145654678, -13.2042074203, -18.2139606476, -26.1968250275, 11.6334514618, 7.10632133484, 0.669143617153, 0.446666777134, 2.48502993584, 6.01350307465, -7.20698595047], [-33.1480331421, 7.45145654678, 78.7683410645, 20.5699176788, 12.2443323135, 1.68730735779, -0.912462770939, 4.91682386398, -7.5559887886, -1.80099499226, 4.25432872772, 11.3141107559, 9.22722911835], [-23.0407733917, -13.2042074203, 20.5699176788, 83.7042312622, 37.4618835449, 9.07428836823, -10.869436264, -6.44489765167, 3.02840852737, -4.02464103699, -6.27476978302, 4.4931678772, 14.5682649612], [-9.1656332016, -18.2139606476, 12.2443323135, 37.4618835449, 55.6658477783, 15.4176235199, -0.719907939434, -9.35012531281, -5.1527338028, -1.11509644985, -7.20043754578, 6.6480345726, 12.3392744064], [41.3796272278, -26.1968250275, 1.68730735779, 9.07428836823, 15.4176235199, 51.0595626831, 19.1458415985, 4.49711036682, 3.07694649696, 1.65369284153, 5.45105361938, -2.11263799667, -0.361782103777], [41.3763999939, 11.6334514618, -0.912462770939, -10.869436264, -0.719907939434, 19.1458415985, 45.1036949158, 27.0163803101, 12.7470836639, 4.92203569412, 8.35164833069, 6.37848806381, -1.16898846626], [-11.8784456253, 7.10632133484, 4.91682386398, -6.44489765167, -9.35012531281, 4.49711036682, 27.0163803101, 53.1226959229, 30.4377002716, 10.6842660904, 8.39123439789, 3.18240380287, -0.062671110034], [-16.2953720093, 0.669143617153, -7.5559887886, 3.02840852737, -5.1527338028, 3.07694649696, 12.7470836639, 30.4377002716, 58.4761352539, 26.8159255981, 18.506942749, -1.05450546741, 1.82346904278], [-39.1170196533, 0.446666777134, -1.80099499226, -4.02464103699, -1.11509644985, 1.65369284153, 4.92203569412, 10.6842660904, 26.8159255981, 46.5528793335, 28.9406070709, 8.16030025482, -2.01378798485], [-22.9760189056, 2.48502993584, 4.25432872772, -6.27476978302, -7.20043754578, 5.45105361938, 8.35164833069, 8.39123439789, 18.506942749, 28.9406070709, 47.2447128296, 15.0316514969, -2.48133659363], [-13.7897262573, 6.01350307465, 11.3141107559, 4.4931678772, 6.6480345726, -2.11263799667, 6.37848806381, 3.18240380287, -1.05450546741, 8.16030025482, 15.0316514969, 39.2521209717, 18.8636035919], [-15.5199155807, -7.20698595047, 9.22722911835, 14.5682649612, 12.3392744064, -0.361782103777, -1.16898846626, -0.062671110034, 1.82346904278, -2.01378798485, -2.48133659363, 18.8636035919, 38.7485580444]]
        icov: [[0.000665862637106, 0.000163290183991, 0.000134179848828, 3.57841418008e-05, 0.000268115778454, -0.00029564963188, -0.000913809228223, 0.00065551494481, -0.000246152078034, 0.000556718325242, 0.000241773173911, -0.000140375763294, 0.000261350418441], [0.000163290183991, 0.00865761004388, -0.00134379428346, -0.000620162521955, 0.00191653158981, 0.00586956320331, -0.00598492193967, 0.00202098302543, -0.000444049219368, 0.000178034577402, 0.000588730850723, -0.00135320064146, 0.00222264463082], [0.000134179848828, -0.00134379428346, 0.0155517281964, -0.00324805220589, -0.00177644903306, -0.000752524763811, 0.00276181311347, -0.00587321585044, 0.00538435718045, 0.000759752641898, -0.00357278762385, -0.00133053085301, -0.00184083601926], [3.57841418008e-05, -0.000620162521955, -0.00324805220589, 0.0200463943183, -0.0121064856648, -0.0026256183628, 0.007134902291, -0.000337772566127, -0.00548225035891, 0.00387294683605, 5.40032815479e-05, -0.000410666252719, -0.00215629534796], [0.000268115778454, 0.00191653158981, -0.00177644903306, -0.0121064856648, 0.0322590731084, -0.00637940503657, -0.00526706315577, 0.0067173121497, 0.00154115038458, -0.00646549556404, 0.00856932159513, -0.00435714563355, -0.00278042512946], [-0.00029564963188, 0.00586956320331, -0.000752524763811, -0.0026256183628, -0.00637940503657, 0.0327907763422, -0.0187364351004, 0.00423615705222, 0.0010942624649, 0.00121432368178, -0.0064349505119, 0.00732500152662, -4.75420420116e-05], [-0.000913809228223, -0.00598492193967, 0.00276181311347, 0.007134902291, -0.00526706315577, -0.0187364351004, 0.0492663346231, -0.0234941802919, 0.000897323829122, 0.00306958775036, -0.00220427499153, -0.00795602239668, 0.00198059109971], [0.00065551494481, 0.00202098302543, -0.00587321585044, -0.000337772566127, 0.0067173121497, 0.00423615705222, -0.0234941802919, 0.0422366335988, -0.0196937341243, 0.00144842639565, 0.00577963329852, -0.00298955920152, 0.0022515472956], [-0.000246152078034, -0.000444049219368, 0.00538435718045, -0.00548225035891, 0.00154115038458, 0.0010942624649, 0.000897323829122, -0.0196937341243, 0.038233526051, -0.0160199180245, -0.00714353146031, 0.0115262586623, -0.00858801137656], [0.000556718325242, 0.000178034577402, 0.000759752641898, 0.00387294683605, -0.00646549556404, 0.00121432368178, 0.00306958775036, 0.00144842639565, -0.0160199180245, 0.0444158092141, -0.0207214336842, -0.00377203919925, 0.00435582594946], [0.000241773173911, 0.000588730850723, -0.00357278762385, 5.40032815479e-05, 0.00856932159513, -0.0064349505119, -0.00220427499153, 0.00577963329852, -0.00714353146031, -0.0207214336842, 0.0448260828853, -0.0183983650059, 0.00927722733468], [-0.000140375763294, -0.00135320064146, -0.00133053085301, -0.000410666252719, -0.00435714563355, 0.00732500152662, -0.00795602239668, -0.00298955920152, 0.0115262586623, -0.00377203919925, -0.0183983650059, 0.0484728217125, -0.0241398308426], [0.000261350418441, 0.00222264463082, -0.00184083601926, -0.00215629534796, -0.00278042512946, -4.75420420116e-05, 0.00198059109971, 0.0022515472956, -0.00858801137656, 0.00435582594946, 0.00927722733468, -0.0241398308426, 0.0414992831647]]
    spectral_contrast:
        mean: [8.92832261457e-08, -1.63079135973e-07, 3.19028998774e-07, -9.89937305462e-08, -8.7704968621e-08, 1.89894279856e-07, 1.28929775656e-06, 1.28740475702e-06, -1.27503926706e-06, 7.7055329939e-07, -1.47830633068e-07, -1.02481089925e-06]
        var: [0.000195744723896, 0.00036521430593, 0.000733732536901, 0.00143932190258, 0.00203303876333, 0.00301711284555, 0.0231128260493, 0.0373808443546, 0.0730491951108, 0.10700789839, 0.181469172239, 0.729860544205]

rhythm:
    beats_loudness:
        dmean: 0.00175202672835
        dmean2: 0.00284067844041
        dvar: 8.69179984875e-07
        dvar2: 4.19973639509e-06
        max: 0.0102378381416
        mean: 0.00753460358828
        min: 0.00546943582594
        var: 1.82609039712e-06
    beats_loudness_bass:
        dmean: 0.0222894828767
        dmean2: 0.0411326400936
        dvar: 0.000953791197389
        dvar2: 0.00269200396724
        max: 0.115893065929
        mean: 0.0216562002897
        min: 0.00299273151904
        var: 0.000602509593591
    bpm: 134.677276611
    bpm_confidence: 0
    first_peak_bpm: 135
    first_peak_spread: 0
    first_peak_weight: 0.952380955219
    onset_rate: 1.40666019917
    second_peak_bpm: 129
    second_peak_spread: 0
    second_peak_weight: 0.047619048506
    beats_position: [0.277889549732, 0.723818719387, 1.16974782944, 1.61567699909, 2.06160616875, 2.50753545761, 2.95346450806, 3.39939379692, 3.84532308578, 4.29125213623, 4.73718118668, 5.18311023712, 5.62903881073, 6.09339284897, 6.53867387772, 6.9839553833, 7.42923688889, 7.87451791763, 8.31979942322, 8.76508045197, 9.21036148071, 9.65564346313]
    bpm_estimates: [134.648147583, 134.510284424, 134.514343262, 134.529388428, 134.401367188, 134.222671509, 136.376724243, 134.481536865, 134.453552246, 134.517089844, 134.795059204]
    bpm_intervals: [0.445929169655, 0.44592911005, 0.445929169655, 0.445929169655, 0.445929288864, 0.445929050446, 0.445929288864, 0.445929288864, 0.445929050446, 0.445929050446, 0.445929050446, 0.445928573608, 0.464354038239, 0.445281028748, 0.445281505585, 0.445281505585, 0.445281028748, 0.445281505585, 0.445281028748, 0.445281028748, 0.445281982422]
    onset_times: [0.0464399084449, 0.255419492722, 0.9287981987, 1.60217690468, 2.06657600403, 2.94893431664, 4.07510185242, 4.51628112793, 4.74848079681, 6.53641700745, 6.97759628296, 7.45360565186, 9.25315189362, 9.7639913559]
    rubato_start: []
    rubato_stop: []
    perceptual_tempo: "unknown"

sfx:
    inharmonicity:
        dmean: 0.0814795792103
        dmean2: 0.14595721662
        dvar: 0.00613180687651
        dvar2: 0.0180277526379
        max: 0.433916181326
        mean: 0.0901866927743
        min: 0
        var: 0.00634911190718
    oddtoevenharmonicenergyratio:
        dmean: 10.0532093048
        dmean2: 19.4289283752
        dvar: 3575.45263672
        dvar2: 10652.2919922
        max: 660.592346191
        mean: 5.84334421158
        min: 0
        var: 1823.59924316
    pitch_after_max_to_before_max_energy_ratio: 33.0552330017
    pitch_centroid: 213.166778564
    pitch_max_to_total: 0.0256410259753
    pitch_min_to_total: 0.606060624123
    tristimulus:
        dmean: [0.146288216114, 0.393187016249, 0.190341770649]
        dmean2: [0.26458260417, 0.71250140667, 0.355083554983]
        dvar: [0.028822503984, 0.100320726633, 0.0435669347644]
        dvar2: [0.0826768130064, 0.261281758547, 0.110645741224]
        max: [1, 0.983728706837, 0.803804636002]
        mean: [0.174898281693, 0.452287226915, 0.146096631885]
        min: [0.00874752458185, 0, 0]
        var: [0.0243833158165, 0.133321896195, 0.0443101152778]

tonal:
    chords_changes_rate: 0.0418604649603
    chords_number_rate: 0.0186046510935
    chords_strength:
        dmean: 0.00699721230194
        dmean2: 0.00734654674307
        dvar: 3.01733325614e-05
        dvar2: 3.9855207433e-05
        max: 0.752447903156
        mean: 0.541973948479
        min: 0.334616780281
        var: 0.0105245765299
    key_strength: 0.677511870861
    tuning_diatonic_strength: 0.720565021038
    tuning_equal_tempered_deviation: 0.113380841911
    tuning_frequency: 441.782684326
    tuning_nontempered_energy_ratio: 0.77802246809
    hpcp:
        dmean: [0.139514252543, 0.114772222936, 0.0692040398717, 0.0635494664311, 0.0754773914814, 0.100219093263, 0.130700096488, 0.128963381052, 0.146127253771, 0.133909195662, 0.121434345841, 0.170397877693, 0.165489926934, 0.116084083915, 0.129583448172, 0.203576892614, 0.213355824351, 0.232689380646, 0.206062301993, 0.171060264111, 0.124673657119, 0.135428160429, 0.129468813539, 0.121008723974, 0.108116231859, 0.0967351868749, 0.137371823192, 0.198017150164, 0.203960686922, 0.199197024107, 0.203836962581, 0.177140831947, 0.143389850855, 0.0962769687176, 0.0964588969946, 0.117675587535]
        dmean2: [0.226890295744, 0.1923532933, 0.117230847478, 0.109517678618, 0.12959356606, 0.171904444695, 0.219080924988, 0.211185619235, 0.241278022528, 0.209335878491, 0.198011860251, 0.278666168451, 0.277920454741, 0.19903704524, 0.219919189811, 0.332017987967, 0.355519920588, 0.392218410969, 0.337897896767, 0.291232764721, 0.213350340724, 0.229829058051, 0.222896099091, 0.197110846639, 0.181537955999, 0.162469834089, 0.229018867016, 0.332960277796, 0.343356847763, 0.330962300301, 0.338722467422, 0.285398393869, 0.246654480696, 0.163848504424, 0.167184606194, 0.20414724946]
        dvar: [0.0175675433129, 0.0130205079913, 0.00689023686573, 0.00540985353291, 0.0101711647585, 0.0155786918476, 0.0211552120745, 0.0127953952178, 0.0226908717304, 0.0138872647658, 0.0136268241331, 0.0221659131348, 0.0246196947992, 0.0118651743978, 0.0163169223815, 0.0277238991112, 0.0240773726255, 0.0311463121325, 0.0332213640213, 0.0226134452969, 0.0132213570178, 0.01681352593, 0.0176988355815, 0.0137070436031, 0.0123188206926, 0.00934769492596, 0.0147918649018, 0.0250466819853, 0.0258325636387, 0.0236912593246, 0.028706241399, 0.0208518300205, 0.020449038595, 0.0148107344285, 0.0114154741168, 0.0137569960207]
        dvar2: [0.0476291552186, 0.0350585840642, 0.0164578296244, 0.0138633903116, 0.0274827647954, 0.0418211519718, 0.0423517711461, 0.0328896231949, 0.0533985160291, 0.040464296937, 0.0406655147672, 0.05978147313, 0.0654593706131, 0.0323892235756, 0.0433411300182, 0.0631042420864, 0.0556110627949, 0.072008498013, 0.0788120552897, 0.0592240020633, 0.0392220728099, 0.0430578030646, 0.0425823703408, 0.0352532416582, 0.0291351154447, 0.0195849090815, 0.0389295704663, 0.0751713961363, 0.0768034011126, 0.0600290596485, 0.0731477886438, 0.0567815415561, 0.0540970228612, 0.0418345443904, 0.0305857956409, 0.0374265760183]
        max: [1, 1, 0.653661966324, 0.599572718143, 0.899393618107, 1, 1, 0.893143177032, 1, 1, 0.904830992222, 1, 1, 0.799353420734, 1, 1, 1, 1, 1, 1, 0.886770188808, 1, 1, 1, 0.762950837612, 0.849571585655, 0.916992127895, 1, 1, 1, 1, 1, 1, 0.90236312151, 0.866655826569, 0.912380874157]
        mean: [0.333474069834, 0.257546544075, 0.146787375212, 0.124332718551, 0.139098867774, 0.208273619413, 0.299822241068, 0.295699477196, 0.312467634678, 0.300339788198, 0.271156549454, 0.347020477057, 0.346569538116, 0.24079169333, 0.280139148235, 0.513850092888, 0.578343093395, 0.591758310795, 0.57107925415, 0.364568918943, 0.247247055173, 0.300182968378, 0.319537162781, 0.246671408415, 0.196011394262, 0.190879628062, 0.318659484386, 0.515298902988, 0.579117596149, 0.66037106514, 0.683628797531, 0.482013195753, 0.281762897968, 0.180154204369, 0.170150279999, 0.255299478769]
        min: [0.0671596452594, 0.0586231462657, 0.0257696714252, 0.0218962840736, 0.0231950860471, 0.0351763851941, 0.0395958758891, 0.0732827708125, 0.0635171085596, 0.0440065413713, 0.055636074394, 0.0547893866897, 0.0800883844495, 0.0439207814634, 0.0662553533912, 0.0748159736395, 0.117825932801, 0.0954029262066, 0.0472357831895, 0.0730745568871, 0.0408432222903, 0.0492824167013, 0.066893287003, 0.0560658946633, 0.0343536771834, 0.0307456180453, 0.0397589802742, 0.0641617402434, 0.081939458847, 0.128558158875, 0.203061774373, 0.136776000261, 0.0559027194977, 0.0341190509498, 0.0303195491433, 0.048707768321]
        var: [0.0376482568681, 0.0239233355969, 0.00866281054914, 0.00609344383702, 0.0095696086064, 0.0209634397179, 0.0541494041681, 0.0317481979728, 0.0413225628436, 0.0353038832545, 0.0334619767964, 0.0458405017853, 0.0366177596152, 0.0182487498969, 0.0250626169145, 0.068054497242, 0.0638993084431, 0.0596465840936, 0.080929890275, 0.0416605621576, 0.0177889987826, 0.0327401198447, 0.0378570370376, 0.0221726559103, 0.0167459920049, 0.0131207387894, 0.0274691954255, 0.0549016483128, 0.050081115216, 0.0494602657855, 0.0559172518551, 0.0369591787457, 0.0249925237149, 0.0136993844062, 0.0121550867334, 0.022182751447]
    chords_histogram: [40, 39.5348854065, 3.72093033791, 0, 0, 0, 0, 0, 0, 0, 0, 0, 0, 0, 0, 16.2790699005, 0, 0, 0, 0, 0, 0, 0.465116292238, 0]
    thpcp: [1, 0.705080270767, 0.412157744169, 0.26352635026, 0.24889279902, 0.37344750762, 0.487799912691, 0.376734495163, 0.214717954397, 0.181871682405, 0.20347134769, 0.304658919573, 0.438574612141, 0.432543903589, 0.457072079182, 0.439331680536, 0.396642953157, 0.50761538744, 0.506955742836, 0.352225780487, 0.40978255868, 0.751650750637, 0.845989942551, 0.865613520145, 0.83536452055, 0.533284902573, 0.361668586731, 0.439102292061, 0.467413246632, 0.360826522112, 0.286721974611, 0.279215306044, 0.466129392385, 0.753770053387, 0.847122907639, 0.965978980064]
    chords_key: "G"
    chords_scale: "major"
    key_key: "G"
    key_scale: "major"
    chords_progression: ["Bm", "Bm", "Bm", "Bm", "Bm", "Bm", "Bm", "Bm", "Bm", "Bm", "Bm", "Bm", "Bm", "Bm", "Bm", "Bm", "Bm", "Bm", "Bm", "Bm", "Bm", "Bm", "Bm", "Bm", "Bm", "Bm", "Bm", "Bm", "Bm", "Bm", "Bm", "Bm", "Bm", "Bm", "Bm", "Bm", "Bm", "Bm", "Bm", "Bm", "Bm", "Bm", "Bm", "Bm", "Bm", "Bm", "Bm", "Bm", "Bm", "Bm", "Bm", "Bm", "Bm", "Bm", "Bm", "Bm", "Bm", "Bm", "Bm", "Bm", "Bm", "Bm", "Bm", "Bm", "Bm", "Bm", "Bm", "Bm", "Bm", "D", "G", "G", "G", "G", "G", "G", "G", "G", "G", "G", "G", "G", "G", "G", "G", "G", "G", "G", "G", "G", "G", "G", "G", "G", "G", "G", "G", "G", "G", "G", "G", "G", "Bm", "Bm", "Bm", "C", "Bm", "Bm", "Bm", "Bm", "Bm", "Bm", "Bm", "Bm", "Bm", "Bm", "Bm", "Bm", "Bm", "D", "D", "D", "D", "D", "D", "D", "G", "G", "G", "G", "G", "G", "G", "G", "G", "G", "G", "G", "G", "G", "G", "G", "G", "G", "G", "G", "G", "G", "G", "G", "G", "G", "G", "G", "G", "G", "G", "G", "G", "Cm", "Cm", "Cm", "Cm", "Cm", "Cm", "Cm", "Cm", "Cm", "Cm", "Cm", "Cm", "Cm", "Cm", "Cm", "Cm", "Cm", "Cm", "Cm", "Cm", "Cm", "Cm", "Cm", "Cm", "Cm", "Cm", "Cm", "Cm", "Cm", "Cm", "Cm", "Cm", "Cm", "Cm", "Cm", "G", "G", "G", "G", "G", "G", "G", "G", "G", "G", "G", "G", "G", "G", "G", "G", "G", "G", "G", "G", "G"]
