
metadata:
    version:
        essentia: "1.2.2"
    audio_properties:
        analysis_sample_rate: 44100
        bitrate: 128
        channels: 2
        equal_loudness: 1
        length: 10.0048980713
        replay_gain: -11.3221187592
        downmix: "mix"
    tags:
        track: 33
        year: 0
        album: "Splitted by Mp3Splt v. 2.1"
        artist: "From 005.20 To 005.30"
        comment: "http://mp3splt.sf.net"
        genre: ""
        title: "11 165..... Drop.mp3"

highlevel:
    ballroom:
        all:
            ChaChaCha: 0.0546477474272
            Jive: 0.277843803167
            Quickstep: 0.044093362987
            Rumba-American: 0.0334111228585
            Rumba-International: 0.152629643679
            Rumba-Misc: 0.103575065732
            Samba: 0.0942252650857
            Tango: 0.0192845594138
            VienneseWaltz: 0.0880512669683
            Waltz: 0.132238179445
        probability: 0.277843803167
        value: "Jive"
    culture:
        all:
            non_western: 0.3547783494
            western: 0.6452216506
        probability: 0.6452216506
        value: "western"
    gender:
        all:
            female: 0.397107839584
            male: 0.602892160416
        probability: 0.602892160416
        value: "male"
    genre_dortmund:
        all:
            alternative: 0.0359637476504
            blues: 0.0058118160814
            electronic: 0.468867212534
            folkcountry: 0.0167206563056
            funksoulrnb: 0.0268976408988
            jazz: 0.0861562713981
            pop: 0.0581312961876
            raphiphop: 0.173088163137
            rock: 0.128363206983
        probability: 0.468867212534
        value: "electronic"
    genre_electronica:
        all:
            ambient: 0.101694054902
            dnb: 0.615392029285
            house: 0.08635122329
            techno: 0.124032303691
            trance: 0.0725304186344
        probability: 0.615392029285
        value: "dnb"
    genre_rosamerica:
        all:
            cla: 0.0112288016826
            dan: 0.801193475723
            hip: 0.0270931534469
            jaz: 0.0143634043634
            pop: 0.0273816809058
            rhy: 0.0590760074556
            roc: 0.0564121231437
            spe: 0.00325137889013
        probability: 0.801193475723
        value: "dan"
    genre_tzanetakis:
        all:
            blu: 0.00246472586878
            cla: 0.00367651460692
            cou: 0.00960849691182
            dis: 0.0547882169485
            hip: 0.0499271638691
            jaz: 0.0147822182626
            met: 0.0243935100734
            pop: 0.361781358719
            reg: 0.410844832659
            roc: 0.0677329674363
        probability: 0.410844832659
        value: "reg"
    live_studio:
        all:
            live: 0.0265734158456
            studio: 0.973426580429
        probability: 0.973426580429
        value: "studio"
    mood:
        all:
            Cluster1: 0.238549813628
            Cluster2: 0.0549693480134
            Cluster3: 0.110083892941
            Cluster4: 0.065777182579
            Cluster5: 0.530619740486
        probability: 0.530619740486
        value: "Cluster5"
    mood_acoustic:
        all:
            acoustic: 0.15961201489
            not_acoustic: 0.840388000011
        probability: 0.840388000011
        value: "not_acoustic"
    mood_aggressive:
        all:
            aggressive: 0.090880073607
            not_aggressive: 0.909119904041
        probability: 0.909119904041
        value: "not_aggressive"
    mood_electronic:
        all:
            electronic: 0.894179344177
            not_electronic: 0.105820678174
        probability: 0.894179344177
        value: "electronic"
    mood_happy:
        all:
            happy: 0.424285173416
            not_happy: 0.575714826584
        probability: 0.575714826584
        value: "not_happy"
    mood_party:
        all:
            not_party: 0.587516188622
            party: 0.412483811378
        probability: 0.587516188622
        value: "not_party"
    mood_relaxed:
        all:
            not_relaxed: 0.259623497725
            relaxed: 0.740376472473
        probability: 0.740376472473
        value: "relaxed"
    mood_sad:
        all:
            not_sad: 3.00000096379e-14
            sad: 1
        probability: 1
        value: "sad"
    rhythm:
        all:
            fast: 0.990339875221
            medium: 0.00793808698654
            slow: 0.00172206317075
        probability: 0.990339875221
        value: "fast"
    speech_music:
        all:
            music: 3.00000096379e-14
            speech: 1
        probability: 1
        value: "speech"
    timbre:
        all:
            bright: 0.267708957195
            dark: 0.732291042805
        probability: 0.732291042805
        value: "dark"
    voice_instrumental:
        all:
            instrumental: 0.782952904701
            voice: 0.217047125101
        probability: 0.782952904701
        value: "instrumental"

lowlevel:
    average_loudness: 0.96604269743
    barkbands_kurtosis:
        dmean: 2.66757035255
        dmean2: 4.3800239563
        dvar: 14.4289216995
        dvar2: 35.1117553711
        max: 39.3593101501
        mean: 2.19324278831
        min: -1.80920410156
        var: 21.36054039
    barkbands_skewness:
        dmean: 0.723853647709
        dmean2: 1.11945223808
        dvar: 0.44211935997
        dvar2: 0.962513327599
        max: 5.72276258469
        mean: 1.21646535397
        min: -1.67140233517
        var: 1.11474692822
    barkbands_spread:
        dmean: 8.69683933258
        dmean2: 13.7282085419
        dvar: 62.5338439941
        dvar2: 130.68951416
        max: 66.6394882202
        mean: 24.0424938202
        min: 2.98909878731
        var: 144.216888428
    dissonance:
        dmean: 0.0274338256568
        dmean2: 0.0439908765256
        dvar: 0.000755304587074
        dvar2: 0.00155183055904
        max: 0.497609615326
        mean: 0.451684296131
        min: 0.199738278985
        var: 0.00142246985342
    hfc:
        dmean: 2.14455032349
        dmean2: 3.20118618011
        dvar: 9.18287372589
        dvar2: 19.4476165771
        max: 21.057477951
        mean: 2.96704244614
        min: 0.0175434313715
        var: 12.5235624313
    pitch:
        dmean: 618.609436035
        dmean2: 1207.13867188
        dvar: 1687994.375
        dvar2: 3956646.75
        max: 4900
        mean: 670.067626953
        min: 74.6192855835
        var: 1534435
    pitch_instantaneous_confidence:
        dmean: 0.104848243296
        dmean2: 0.166058585048
        dvar: 0.00809145905077
        dvar2: 0.0173848774284
        max: 0.799497723579
        mean: 0.370232135057
        min: 0.103548586369
        var: 0.0200315658003
    pitch_salience:
        dmean: 0.0772168859839
        dmean2: 0.123996734619
        dvar: 0.00441612303257
        dvar2: 0.0099733537063
        max: 0.865537881851
        mean: 0.625707685947
        min: 0.281448066235
        var: 0.0114114126191
    silence_rate_20dB:
        dmean: 0
        dmean2: 0
        dvar: 0
        dvar2: 0
        max: 1
        mean: 1
        min: 1
        var: 0
    silence_rate_30dB:
        dmean: 0
        dmean2: 0
        dvar: 0
        dvar2: 0
        max: 1
        mean: 1
        min: 1
        var: 0
    silence_rate_60dB:
        dmean: 0.194895595312
        dmean2: 0.390697687864
        dvar: 0.15691113472
        dvar2: 0.279912471771
        max: 1
        mean: 0.671296298504
        min: 0
        var: 0.220657885075
    spectral_centroid:
        dmean: 342.780914307
        dmean2: 528.517028809
        dvar: 137422.75
        dvar2: 290266.65625
        max: 3109.98803711
        mean: 933.302490234
        min: 160.955245972
        var: 285900.03125
    spectral_complexity:
        dmean: 3.94651174545
        dmean2: 5.95338010788
        dvar: 27.3855190277
        dvar2: 55.0980072021
        max: 38
        mean: 7.53828287125
        min: 0
        var: 42.2067947388
    spectral_crest:
        dmean: 2.91209435463
        dmean2: 4.78430223465
        dvar: 5.993496418
        dvar2: 15.5761127472
        max: 20.5845050812
        mean: 8.44143867493
        min: 2.9696149826
        var: 11.2747983932
    spectral_decrease:
        dmean: 4.65406047034e-10
        dmean2: 6.793277052e-10
        dvar: 4.58407882443e-19
        dvar2: 9.16919989643e-19
        max: -5.870272584e-12
        mean: -7.7663642184e-10
        min: -5.11595299457e-09
        var: 6.94337163936e-19
    spectral_energy:
        dmean: 0.00192464701831
        dmean2: 0.00282161775976
        dvar: 7.29400835553e-06
        dvar2: 1.42953131217e-05
        max: 0.0202800221741
        mean: 0.00320032262243
        min: 2.37468266278e-05
        var: 1.13087789941e-05
    spectral_energyband_high:
        dmean: 0.000113373935164
        dmean2: 0.000168981889146
        dvar: 3.57617224722e-08
        dvar2: 7.57492841785e-08
        max: 0.00119120639283
        mean: 0.000133866051328
        min: 5.00878002185e-07
        var: 4.64862210947e-08
    spectral_energyband_low:
        dmean: 0.000639744161163
        dmean2: 0.000998259522021
        dvar: 1.96616952053e-06
        dvar2: 4.85320651933e-06
        max: 0.00838457606733
        mean: 0.000672270252835
        min: 2.16436944811e-07
        var: 1.9028279894e-06
    spectral_energyband_middle_high:
        dmean: 0.000627492612693
        dmean2: 0.000940792146139
        dvar: 8.56314613884e-07
        dvar2: 1.90034540992e-06
        max: 0.00640933355317
        mean: 0.000839978107251
        min: 5.56969553145e-06
        var: 1.21336461234e-06
    spectral_energyband_middle_low:
        dmean: 0.00118382100482
        dmean2: 0.0020066795405
        dvar: 5.48606021766e-06
        dvar2: 1.49323104779e-05
        max: 0.0142982099205
        mean: 0.00155392987654
        min: 1.73794414877e-05
        var: 4.33770765085e-06
    spectral_flatness_db:
        dmean: 0.0278632231057
        dmean2: 0.0439071133733
        dvar: 0.000579593528528
        dvar2: 0.00112705561332
        max: 0.288449108601
        mean: 0.15006031096
        min: 0.0652873590589
        var: 0.0017028641887
    spectral_flux:
        dmean: 0.0144038777798
        dmean2: 0.0204445589334
        dvar: 0.000246398558374
        dvar2: 0.000395630137064
        max: 0.128975957632
        mean: 0.0363037623465
        min: 0.00487307179719
        var: 0.000558141269721
    spectral_kurtosis:
        dmean: 2.22921586037
        dmean2: 3.5927939415
        dvar: 8.68987751007
        dvar2: 20.2875480652
        max: 23.9012584686
        mean: 5.59983539581
        min: 0.0508065223694
        var: 19.896270752
    spectral_rms:
        dmean: 0.000483200681629
        dmean2: 0.0006852853694
        dvar: 2.99794066905e-07
        dvar2: 5.55478891329e-07
        max: 0.0044480767101
        mean: 0.00158176012337
        min: 0.000152209177031
        var: 6.20301648269e-07
    spectral_rolloff:
        dmean: 827.174926758
        dmean2: 1289.23132324
        dvar: 736035.25
        dvar2: 1421685.375
        max: 5038.76953125
        mean: 1757.07775879
        min: 172.265625
        var: 1588665.75
    spectral_skewness:
        dmean: 0.341688930988
        dmean2: 0.531123220921
        dvar: 0.142265617847
        dvar2: 0.316761910915
        max: 3.98771810532
        mean: 1.83046686649
        min: 0.665316581726
        var: 0.365713000298
    spectral_spread:
        dmean: 855280.9375
        dmean2: 1234093.875
        dvar: 1.40649929114e+12
        dvar2: 2.02221590938e+12
        max: 25756494
        mean: 5245233.5
        min: 2163749
        var: 4.09990909133e+12
    spectral_strongpeak:
        dmean: 0.189201653004
        dmean2: 0.322740733624
        dvar: 0.110489793122
        dvar2: 0.291757315397
        max: 2.50785064697
        mean: 0.31048604846
        min: 0.0124394260347
        var: 0.138530194759
    zerocrossingrate:
        dmean: 0.0132017619908
        dmean2: 0.0155396359041
        dvar: 0.000126704137074
        dvar2: 0.00016663504357
        max: 0.1572265625
        mean: 0.0604313202202
        min: 0.0126953125
        var: 0.000604099419434
    barkbands:
        dmean: [4.49934032076e-06, 0.000225938681979, 0.000481855444377, 0.000449225248303, 0.000599076447543, 0.000170745712239, 7.81873895903e-05, 8.18149201223e-05, 7.19329254935e-05, 4.86840872327e-05, 9.41194230109e-05, 4.89161284349e-05, 3.91449430026e-05, 4.78993097204e-05, 5.08579651068e-05, 6.59507568344e-05, 0.00011415566405, 0.000116399503895, 0.00010001227929, 7.67420060583e-05, 6.23044252279e-05, 1.56153764692e-05, 4.34285539086e-06, 1.76171261046e-06, 1.26942052248e-06, 7.61513803127e-08, 8.32285884655e-09]
        dmean2: [5.95338951825e-06, 0.000364380015526, 0.000826753152069, 0.000826666480862, 0.00110327033326, 0.000275541096926, 0.000124692174722, 0.000110517969006, 0.000115072725748, 7.37610534998e-05, 0.000152239430463, 7.82805582276e-05, 6.06895264355e-05, 7.82238566899e-05, 7.70377882873e-05, 0.000105105056718, 0.000185253506061, 0.000183897151146, 0.000161499890964, 0.000123271689517, 9.25641143112e-05, 2.303749352e-05, 6.40376174488e-06, 2.46165973294e-06, 1.8433582909e-06, 1.05643586323e-07, 8.50964898547e-09]
        dvar: [3.13722589573e-11, 1.94421502897e-07, 1.49264747051e-06, 1.25470830881e-06, 1.98200791601e-06, 7.66207151059e-08, 1.38090001656e-08, 2.39405988367e-08, 1.44372851452e-08, 5.58879253987e-09, 4.48564101418e-08, 8.82068196262e-09, 5.64698598993e-09, 7.0158616694e-09, 7.5491977114e-09, 1.29359536416e-08, 5.99667728807e-08, 4.98752932288e-08, 2.99500477752e-08, 2.22007798811e-08, 1.37840485692e-08, 7.60560114887e-10, 5.70830778479e-11, 8.18808389147e-12, 4.58288485286e-12, 3.71843770781e-14, 2.75761943662e-14]
        dvar2: [7.40522781983e-11, 4.16878862097e-07, 3.8710059016e-06, 3.49542938238e-06, 5.59706950298e-06, 1.87031389487e-07, 3.64793635299e-08, 3.05706855386e-08, 3.49352546891e-08, 1.09694875405e-08, 1.19810309229e-07, 1.85609483339e-08, 1.03822310749e-08, 1.70452647552e-08, 1.46486192065e-08, 3.05391587574e-08, 1.45340408153e-07, 1.15930781419e-07, 7.52244986302e-08, 5.54289947274e-08, 3.03170466509e-08, 1.72667968812e-09, 1.28094868046e-10, 1.64485005477e-11, 9.01540474219e-12, 5.84883026343e-14, 2.75992082514e-14]
        max: [5.36039988219e-05, 0.00276268459857, 0.00711917458102, 0.00860251206905, 0.009387598373, 0.00363075081259, 0.00111129018478, 0.00244241859764, 0.00115254183766, 0.000808684621006, 0.00252093560994, 0.000664877530653, 0.00098924478516, 0.000727388483938, 0.001025002799, 0.000975806033239, 0.00254665268585, 0.00222525163554, 0.00120761524886, 0.00138870056253, 0.000777347886469, 0.000216702435864, 4.41016636614e-05, 2.32643833442e-05, 1.55597317644e-05, 3.22627192872e-06, 3.45230432686e-06]
        mean: [9.53576454776e-06, 0.000284260400804, 0.000378753728, 0.000335894175805, 0.000518073851708, 0.000284839741653, 0.000119229393022, 0.000163748060004, 0.00011152037041, 6.64527324261e-05, 0.000147201673826, 6.12636649748e-05, 5.20513603988e-05, 5.64591173315e-05, 5.7388577261e-05, 6.29188507446e-05, 0.000108596599603, 0.000112832014565, 9.32195762289e-05, 7.47836893424e-05, 7.4569703429e-05, 1.81839950528e-05, 4.77321782455e-06, 2.19484945774e-06, 1.48880076267e-06, 8.22734733674e-08, 8.31036750526e-09]
        min: [2.33805863559e-10, 1.36589363819e-07, 7.43948191939e-08, 5.41485825067e-08, 8.20788500278e-07, 5.28212694917e-06, 2.03365084417e-06, 8.62034823967e-07, 1.36437995479e-06, 6.88896875545e-07, 3.9932223217e-07, 9.44851805684e-08, 4.1047407251e-08, 1.55206521413e-07, 2.79396516589e-07, 6.29229077731e-08, 1.24009034153e-07, 4.82653810252e-08, 1.11474648179e-07, 4.94101648485e-08, 3.04093703107e-07, 5.38310231946e-08, 1.49203192024e-08, 5.54037971057e-09, 2.0755985819e-09, 2.30729255146e-10, 3.99900734272e-13]
        var: [7.92639009983e-11, 2.4200735993e-07, 1.1019210433e-06, 7.93736830929e-07, 1.23470817925e-06, 1.1954629997e-07, 2.54913246067e-08, 9.72403952915e-08, 2.17593481011e-08, 1.09594626707e-08, 9.10335629101e-08, 1.24784138578e-08, 9.42358280298e-09, 9.18529607929e-09, 1.28214487916e-08, 1.33117517009e-08, 5.32391943864e-08, 4.9546908798e-08, 2.75931739679e-08, 2.0482806562e-08, 1.67974132381e-08, 8.88067563931e-10, 6.72026115311e-11, 1.17505692676e-11, 6.12295934441e-12, 4.16906736727e-14, 2.75841954394e-14]
    mfcc:
        mean: [-758.468688965, 131.410308838, -25.8161392212, 45.2751998901, -10.9035892487, -0.968889176846, 1.11672067642, -4.82022094727, -0.692378938198, -7.74704885483, -2.66206145287, -2.5015912056, -5.38330078125]
        cov: [[3926.69799805, -1118.99743652, -278.024963379, -29.6525249481, 52.89686203, 63.8330116272, -42.7213668823, -7.58903121948, 53.6633300781, -19.3147068024, 10.9571323395, 38.9362754822, 77.0815582275], [-1118.99743652, 1415.67932129, -347.118133545, -32.7042007446, 138.954406738, -158.071868896, 64.3383331299, 128.081253052, -15.6439437866, 117.152618408, 73.7495269775, 3.31281065941, 36.3928871155], [-278.024963379, -347.118133545, 759.537231445, 157.951629639, -75.8354797363, 207.403564453, 29.1541996002, -54.1632003784, 35.9363708496, -36.8421096802, -23.5045471191, 18.1939678192, -23.1302490234], [-29.6525249481, -32.7042007446, 157.951629639, 304.55871582, 204.633453369, 103.812767029, 40.841053009, 31.4015426636, 25.6395530701, 27.1522407532, 16.3417396545, -6.30950450897, -18.3715934753], [52.89686203, 138.954406738, -75.8354797363, 204.633453369, 298.272247314, 82.8117523193, 44.9207077026, 60.0961837769, 20.3242874146, 39.7656402588, 31.6644878387, -6.69376945496, -2.72124361992], [63.8330116272, -158.071868896, 207.403564453, 103.812767029, 82.8117523193, 172.164901733, 63.2110748291, 20.2394294739, 18.0079040527, -6.00416183472, 1.68327045441, 12.3415174484, 0.534476220608], [-42.7213668823, 64.3383331299, 29.1541996002, 40.841053009, 44.9207077026, 63.2110748291, 92.3493881226, 53.242023468, -3.8438680172, 10.9530353546, 9.82601642609, 5.36755084991, 12.5980501175], [-7.58903121948, 128.081253052, -54.1632003784, 31.4015426636, 60.0961837769, 20.2394294739, 53.242023468, 84.3100814819, 24.4667816162, 26.119392395, 10.3460388184, -2.79406929016, 12.7365188599], [53.6633300781, -15.6439437866, 35.9363708496, 25.6395530701, 20.3242874146, 18.0079040527, -3.8438680172, 24.4667816162, 69.5762710571, 32.2788734436, 12.9028806686, 4.79952287674, -0.0917653292418], [-19.3147068024, 117.152618408, -36.8421096802, 27.1522407532, 39.7656402588, -6.00416183472, 10.9530353546, 26.119392395, 32.2788734436, 71.6516036987, 44.5764656067, 9.58674907684, -1.22336399555], [10.9571323395, 73.7495269775, -23.5045471191, 16.3417396545, 31.6644878387, 1.68327045441, 9.82601642609, 10.3460388184, 12.9028806686, 44.5764656067, 62.126373291, 24.1266555786, -0.915489137173], [38.9362754822, 3.31281065941, 18.1939678192, -6.30950450897, -6.69376945496, 12.3415174484, 5.36755084991, -2.79406929016, 4.79952287674, 9.58674907684, 24.1266555786, 52.4582710266, 21.6594562531], [77.0815582275, 36.3928871155, -23.1302490234, -18.3715934753, -2.72124361992, 0.534476220608, 12.5980501175, 12.7365188599, -0.0917653292418, -1.22336399555, -0.915489137173, 21.6594562531, 65.7399902344]]
        icov: [[0.00043926233775, 0.00050602434203, 0.000299461564282, 0.000101556011941, -0.000209441117477, -1.65615874721e-05, 0.000128932428197, -0.000293860241072, -0.000109914944915, -0.000151976608322, -0.000308269867674, -6.4101863245e-05, -0.000623894040473], [0.00050602434203, 0.00195505726151, -0.000371305999579, 0.00118097860832, -0.00193632778246, 0.00261113792658, -0.000774345069658, -0.00196887273341, 0.00134398241062, -0.00202369084582, -0.000185508833965, -0.000387297914131, -0.000958530697972], [0.000299461564282, -0.000371305999579, 0.00483131874353, -0.00413429178298, 0.00534744607285, -0.00658969720826, 0.000607288384344, 0.00303170201369, -0.00281762634404, 0.00152763794176, -0.000417282513808, 0.000156762849656, -6.28438210697e-05], [0.000101556011941, 0.00118097860832, -0.00413429178298, 0.0111092971638, -0.00982374325395, 0.00463657313958, -0.00188931170851, -0.00130269431975, 0.00149681069888, -0.00331107387319, 0.0017274065176, -0.000398570933612, 0.00114305515308], [-0.000209441117477, -0.00193632778246, 0.00534744607285, -0.00982374325395, 0.0151533205062, -0.0110892970115, 0.00456108059734, -0.000766043434851, -0.000924551917706, 0.001953773899, -0.00335519574583, 0.00274097011425, -0.000469316379167], [-1.65615874721e-05, 0.00261113792658, -0.00658969720826, 0.00463657313958, -0.0110892970115, 0.0241275113076, -0.0134832644835, 0.00052991748089, -0.00225830916315, 0.00143114093225, 0.00119427463505, -0.00388501374982, 0.000697218289133], [0.000128932428197, -0.000774345069658, 0.000607288384344, -0.00188931170851, 0.00456108059734, -0.0134832644835, 0.0322246141732, -0.0202096160501, 0.0131164044142, -0.00323345279321, -0.00267187412828, 0.000432025117334, -0.00221972959116], [-0.000293860241072, -0.00196887273341, 0.00303170201369, -0.00130269431975, -0.000766043434851, 0.00052991748089, -0.0202096160501, 0.0347993597388, -0.0157470051199, 0.000839726417325, 0.00290872808546, 0.00357161019929, -0.00191066530533], [-0.000109914944915, 0.00134398241062, -0.00281762634404, 0.00149681069888, -0.000924551917706, -0.00225830916315, 0.0131164044142, -0.0157470051199, 0.0294552687556, -0.0156697425991, 0.00404384173453, -0.00225413078442, -0.000122331824969], [-0.000151976608322, -0.00202369084582, 0.00152763794176, -0.00331107387319, 0.001953773899, 0.00143114093225, -0.00323345279321, 0.000839726417325, -0.0156697425991, 0.0397791489959, -0.0238596778363, 0.004613163881, 0.000303070119116], [-0.000308269867674, -0.000185508833965, -0.000417282513808, 0.0017274065176, -0.00335519574583, 0.00119427463505, -0.00267187412828, 0.00290872808546, 0.00404384173453, -0.0238596778363, 0.0402720682323, -0.0168035086244, 0.006258697249], [-6.4101863245e-05, -0.000387297914131, 0.000156762849656, -0.000398570933612, 0.00274097011425, -0.00388501374982, 0.000432025117334, 0.00357161019929, -0.00225413078442, 0.004613163881, -0.0168035086244, 0.0321308001876, -0.0111338635907], [-0.000623894040473, -0.000958530697972, -6.28438210697e-05, 0.00114305515308, -0.000469316379167, 0.000697218289133, -0.00221972959116, -0.00191066530533, -0.000122331824969, 0.000303070119116, 0.006258697249, -0.0111338635907, 0.0213023014367]]
    spectral_contrast:
        mean: [-2.82638040972e-07, -5.29751844169e-07, -7.84929909514e-07, 4.07638367506e-07, -9.49646477011e-08, 3.02318966305e-07, 5.38383119419e-06, 3.31061619363e-06, -2.93971220344e-06, -9.1356912435e-07, 1.37090682983e-06, -5.45154307474e-07]
        var: [0.000243247079197, 0.000461364717921, 0.00146395037882, 0.00206334795803, 0.00495212525129, 0.00526823615655, 0.0431820973754, 0.102537743747, 0.191541135311, 0.487876206636, 0.558123230934, 1.94454443455]

rhythm:
    beats_loudness:
        dmean: 0.00257014203817
        dmean2: 0.00490384967998
        dvar: 1.07679579742e-05
        dvar2: 2.36358064285e-05
        max: 0.0123196225613
        mean: 0.00393511867151
        min: 0.000502952374518
        var: 1.47389873746e-05
    beats_loudness_bass:
        dmean: 0.183478921652
        dmean2: 0.325095772743
        dvar: 0.0165523849428
        dvar2: 0.0488261245191
        max: 0.870583593845
        mean: 0.232801988721
        min: 0.00702315149829
        var: 0.054081004113
    bpm: 128.933441162
    bpm_confidence: 0
    first_peak_bpm: 129
    first_peak_spread: 0
    first_peak_weight: 0.949999988079
    onset_rate: 6.09701395035
    second_peak_bpm: 76
    second_peak_spread: 0
    second_peak_weight: 0.0500000007451
    beats_position: [0.120457500219, 0.585700571537, 1.05094373226, 1.51618671417, 1.98142981529, 2.44667291641, 2.91191577911, 3.37715911865, 3.84240221977, 4.30764532089, 4.77288818359, 5.2381310463, 5.70337438583, 6.48832893372, 6.95381355286, 7.41929769516, 7.8847823143, 8.35026741028, 8.81575107574, 9.28123569489, 9.74672031403]
    bpm_estimates: [129.041229248, 128.978286743, 129.129348755, 128.838394165, 128.947738647, 128.95904541, 128.900115967, 128.930984497, 128.95880127, 129.077819824, 128.894500732, 128.979476929, 128.755386353, 128.850082397, 128.879577637, 128.851455688, 128.895675659]
    bpm_intervals: [0.465243071318, 0.465243160725, 0.465242981911, 0.46524310112, 0.46524310112, 0.465242862701, 0.465243339539, 0.46524310112, 0.46524310112, 0.465242862701, 0.465242862701, 0.465243339539, 0.784954547882, 0.465484619141, 0.465484142303, 0.465484619141, 0.465485095978, 0.465483665466, 0.465484619141, 0.465484619141]
    onset_times: [0.0464399084449, 0.162539675832, 0.406349211931, 0.557278931141, 0.638548731804, 0.870748281479, 1.10294783115, 1.33514738083, 1.57895696163, 1.71827661991, 1.81115651131, 2.04335594177, 2.26394557953, 2.4497051239, 2.50775504112, 2.73995471001, 2.97215414047, 3.21596360207, 3.33206343651, 3.45977330208, 3.58748292923, 3.68036270142, 3.9125623703, 4.14476203918, 4.38857126236, 4.60916090012, 4.85297060013, 5.08517026901, 5.24770975113, 5.31736946106, 5.45668935776, 5.56117916107, 5.78176879883, 5.93269824982, 6.01396846771, 6.18811798096, 6.26938772202, 6.47836732864, 6.72217702866, 6.9543762207, 7.08208608627, 7.22140598297, 7.32589578629, 7.4303855896, 7.56970500946, 7.66258525848, 7.80190467834, 7.89478445053, 8.04571437836, 8.13859367371, 8.35918331146, 8.59138298035, 8.75392246246, 8.83519268036, 9.06739234924, 9.2067117691, 9.31120204926, 9.53179168701, 9.682721138, 9.7639913559, 9.92653083801]
    rubato_start: []
    rubato_stop: []
    perceptual_tempo: "unknown"

sfx:
    inharmonicity:
        dmean: 0.0390806235373
        dmean2: 0.0699816644192
        dvar: 0.00283474870957
        dvar2: 0.00792792998254
        max: 0.38572332263
        mean: 0.0352558456361
        min: 9.16478893487e-05
        var: 0.00243048998527
    oddtoevenharmonicenergyratio:
        dmean: 2.94722676277
        dmean2: 5.70138168335
        dvar: 532.941650391
        dvar2: 1595.69799805
        max: 337.537261963
        mean: 1.6943166256
        min: 0.000205984557397
        var: 268.518951416
    pitch_after_max_to_before_max_energy_ratio: 12.3558206558
    pitch_centroid: 202.248321533
    pitch_max_to_total: 0.0881670564413
    pitch_min_to_total: 0.890951275826
    tristimulus:
        dmean: [0.221790134907, 0.219660878181, 0.0980600342155]
        dmean2: [0.373116612434, 0.375082194805, 0.169951990247]
        dvar: [0.0307200681418, 0.0335903689265, 0.00971445348114]
        dvar2: [0.0800849571824, 0.0842706337571, 0.023770596832]
        max: [0.967483341694, 0.93581032753, 0.610870063305]
        mean: [0.506326317787, 0.357494175434, 0.100378088653]
        min: [0.0175910927355, 0, 0]
        var: [0.0571524165571, 0.0540392659605, 0.0128825986758]

tonal:
    chords_changes_rate: 0.0138248847798
    chords_number_rate: 0.00921658985317
    chords_strength:
        dmean: 0.0102299032733
        dmean2: 0.0105856377631
        dvar: 6.62776001263e-05
        dvar2: 6.70816953061e-05
        max: 0.799280107021
        mean: 0.606546163559
        min: 0.355398088694
        var: 0.00993096455932
    key_strength: 0.70685505867
    tuning_diatonic_strength: 0.652145981789
    tuning_equal_tempered_deviation: 0.0823295935988
    tuning_frequency: 442.548919678
    tuning_nontempered_energy_ratio: 0.766646742821
    hpcp:
        dmean: [0.181071355939, 0.173563927412, 0.153437390924, 0.136002585292, 0.1284802109, 0.207475721836, 0.242082700133, 0.182396486402, 0.0898722335696, 0.0566721595824, 0.0513961017132, 0.0905172973871, 0.110906943679, 0.127902209759, 0.235078543425, 0.293601214886, 0.237311303616, 0.14233776927, 0.116545401514, 0.158434525132, 0.232194542885, 0.2219004035, 0.167709350586, 0.128140315413, 0.101940780878, 0.0757772028446, 0.122414320707, 0.148130193353, 0.146006181836, 0.202106609941, 0.214278951287, 0.19183588028, 0.159767240286, 0.141897588968, 0.184377968311, 0.187484771013]
        dmean2: [0.314820468426, 0.315409272909, 0.276738911867, 0.255435615778, 0.231969818473, 0.339375406504, 0.414941519499, 0.324312835932, 0.165614411235, 0.102754257619, 0.0905632898211, 0.169342294335, 0.20329092443, 0.220925748348, 0.411846011877, 0.507898747921, 0.415848821402, 0.246863678098, 0.209619417787, 0.288772076368, 0.401031434536, 0.377875298262, 0.288187205791, 0.224758252501, 0.176696404815, 0.134767964482, 0.216451987624, 0.269466936588, 0.267063528299, 0.347597330809, 0.346412152052, 0.310143887997, 0.279378414154, 0.252053111792, 0.329512774944, 0.321544736624]
        dvar: [0.0406476669014, 0.0539502240717, 0.0479912981391, 0.0410858541727, 0.0241845995188, 0.0373260341585, 0.0602919608355, 0.0408168397844, 0.0182747766376, 0.015223168768, 0.00587135460228, 0.0300518982112, 0.0367505699396, 0.0196503922343, 0.0460666008294, 0.066770799458, 0.0591676719487, 0.0336650311947, 0.0284014903009, 0.0374601371586, 0.0604114755988, 0.0538320541382, 0.0346376225352, 0.0387917496264, 0.02576383017, 0.0134537629783, 0.0310881305486, 0.0427859984338, 0.0476575344801, 0.0495284050703, 0.0505947507918, 0.0410956852138, 0.0480234697461, 0.0436511710286, 0.0517010763288, 0.0502613149583]
        dvar2: [0.108875304461, 0.145276367664, 0.127412036061, 0.120963089168, 0.0657215043902, 0.0918502733111, 0.123377002776, 0.10725620389, 0.0509999506176, 0.0440657325089, 0.0167267471552, 0.0901997759938, 0.108856655657, 0.0521827600896, 0.114905275404, 0.157185256481, 0.150951579213, 0.0945196077228, 0.0761581659317, 0.105539992452, 0.152543246746, 0.11543481797, 0.0947926491499, 0.103221260011, 0.0681341290474, 0.0384878590703, 0.0838922336698, 0.123033262789, 0.132749021053, 0.136658579111, 0.119095467031, 0.0998271331191, 0.127898946404, 0.119065761566, 0.132935404778, 0.116297036409]
        max: [1, 1, 1, 1, 0.984627902508, 1, 1, 1, 1, 1, 0.63536387682, 1, 1, 1, 1, 1, 1, 1, 1, 1, 1, 1, 1, 1, 1, 0.719437420368, 1, 1, 1, 1, 1, 1, 1, 1, 1, 1]
        mean: [0.194155156612, 0.149595424533, 0.119924783707, 0.0996978059411, 0.13008505106, 0.309638410807, 0.408327996731, 0.2316416502, 0.078116774559, 0.0527687482536, 0.0524266883731, 0.0752509310842, 0.0995555967093, 0.144113048911, 0.319321662188, 0.440694332123, 0.298197388649, 0.136720150709, 0.108306996524, 0.146741762757, 0.264081418514, 0.325285941362, 0.220395818353, 0.136051729321, 0.100715011358, 0.0754997506738, 0.116799250245, 0.129208371043, 0.124688282609, 0.242821156979, 0.342945814133, 0.259600967169, 0.152746573091, 0.128734841943, 0.157033994794, 0.203759536147]
        min: [0.00262209540233, 0.000838565756567, 5.53279242013e-05, 0.00125772925094, 0.00321475672536, 0.00224185036495, 0.00562432035804, 0.00416834838688, 0.000845612667035, 0.000814472266939, 0.00136088381987, 0.00250603724271, 0.00116480712313, 0.00447022961453, 0.00447975052521, 0.00533522944897, 0.00526972627267, 0.00259080901742, 0.00010807889339, 0, 2.5354380341e-05, 0.00710147619247, 0.00169803481549, 0.00106298213359, 0.00120051321574, 0, 0.00122183270287, 0.00438021775335, 0.00334777822718, 0.00606293883175, 0.0065133953467, 0.00549778854474, 0.00370774720795, 0, 1.66115132743e-05, 0.00370370363817]
        var: [0.0593301877379, 0.0447561703622, 0.0379298105836, 0.0284973997623, 0.0262103322893, 0.0685672461987, 0.118411786854, 0.051188133657, 0.0135990008712, 0.00935507472605, 0.00467305304483, 0.0189150944352, 0.0255526676774, 0.0232061576098, 0.0658030733466, 0.117420867085, 0.0833583772182, 0.0307503137738, 0.0233947057277, 0.0353260561824, 0.0758652314544, 0.0962103158236, 0.0507608987391, 0.038264837116, 0.0242397952825, 0.0108259450644, 0.0278674289584, 0.0335734263062, 0.0348888970912, 0.0637732893229, 0.103950597346, 0.0635722354054, 0.0445075370371, 0.0378495678306, 0.0487489290535, 0.0711017921567]
    chords_histogram: [66.3594436646, 0, 0, 0, 0, 0, 0, 0, 0, 0, 0, 0, 0, 0, 0, 0, 0, 0, 0, 0, 0, 0, 0, 33.6405525208]
    thpcp: [1, 0.676653563976, 0.310238063335, 0.245764434338, 0.332978546619, 0.59923940897, 0.738121449947, 0.500110387802, 0.30872130394, 0.228537112474, 0.17131999135, 0.265034615993, 0.293192714453, 0.282935976982, 0.550996780396, 0.778194308281, 0.589072644711, 0.346604347229, 0.292118221521, 0.356333136559, 0.462360233068, 0.44056648016, 0.339453935623, 0.272126913071, 0.226228922606, 0.295182049274, 0.70261490345, 0.926556050777, 0.525628864765, 0.177258402109, 0.119740016758, 0.118963837624, 0.170755386353, 0.22590623796, 0.327013611794, 0.724587619305]
    chords_key: "G"
    chords_scale: "major"
    key_key: "G"
    key_scale: "major"
    chords_progression: ["G", "G", "G", "G", "G", "G", "G", "G", "G", "G", "G", "G", "G", "G", "G", "G", "G", "G", "G", "G", "G", "G", "G", "G", "G", "G", "G", "G", "G", "G", "G", "G", "G", "G", "G", "G", "G", "G", "G", "G", "G", "G", "G", "G", "G", "G", "G", "G", "G", "G", "G", "G", "G", "G", "G", "G", "G", "G", "G", "G", "G", "G", "G", "G", "G", "G", "G", "G", "G", "G", "G", "G", "G", "G", "G", "G", "G", "G", "G", "G", "G", "G", "G", "G", "G", "G", "G", "G", "G", "G", "G", "G", "G", "G", "G", "G", "G", "G", "Em", "Em", "Em", "Em", "Em", "Em", "Em", "Em", "Em", "Em", "Em", "Em", "Em", "Em", "Em", "Em", "Em", "Em", "Em", "Em", "Em", "Em", "Em", "Em", "Em", "Em", "Em", "Em", "Em", "Em", "Em", "Em", "Em", "Em", "Em", "Em", "Em", "Em", "Em", "Em", "G", "G", "G", "G", "G", "G", "G", "G", "G", "G", "G", "G", "G", "G", "G", "G", "G", "G", "G", "G", "G", "G", "G", "G", "G", "G", "G", "G", "G", "G", "G", "G", "G", "G", "G", "G", "G", "G", "G", "G", "G", "G", "G", "G", "G", "G", "Em", "Em", "Em", "Em", "Em", "Em", "Em", "Em", "Em", "Em", "Em", "Em", "Em", "Em", "Em", "Em", "Em", "Em", "Em", "Em", "Em", "Em", "Em", "Em", "Em", "Em", "Em", "Em", "Em", "Em", "Em", "Em", "Em"]
