
metadata:
    version:
        essentia: "1.2.2"
    audio_properties:
        analysis_sample_rate: 44100
        bitrate: 128
        channels: 2
        equal_loudness: 1
        length: 5.27673482895
        replay_gain: 2.81308174133
        downmix: "mix"
    tags:
        track: 41
        year: 0
        album: "Splitted by Mp3Splt v. 2.1"
        artist: "From 006.40 To 006.50"
        comment: "http://mp3splt.sf.net"
        genre: ""
        title: "09 Home [Navdeep's Pressure Mi"

highlevel:
    ballroom:
        all:
            ChaChaCha: 0.000639390025754
            Jive: 0.000603869149927
            Quickstep: 0.00137960864231
            Rumba-American: 0.00112062494736
            Rumba-International: 0.0112766241655
            Rumba-Misc: 0.0723072886467
            Samba: 0.00101538095623
            Tango: 0.0177681352943
            VienneseWaltz: 0.0227849818766
            Waltz: 0.871104121208
        probability: 0.871104121208
        value: "Waltz"
    culture:
        all:
            non_western: 0.965302407742
            western: 0.0346976146102
        probability: 0.965302407742
        value: "non_western"
    gender:
        all:
            female: 0.731730520725
            male: 0.268269479275
        probability: 0.731730520725
        value: "female"
    genre_dortmund:
        all:
            alternative: 0.326518684626
            blues: 0.00223710481077
            electronic: 0.496409147978
            folkcountry: 0.0773978680372
            funksoulrnb: 0.00223058462143
            jazz: 0.0131428968161
            pop: 0.0624976865947
            raphiphop: 0.0015597055899
            rock: 0.0180063154548
        probability: 0.496409147978
        value: "electronic"
    genre_electronica:
        all:
            ambient: 0.997027397156
            dnb: 0.000247862451943
            house: 0.00106661114842
            techno: 0.00117335212417
            trance: 0.000484798103571
        probability: 0.997027397156
        value: "ambient"
    genre_rosamerica:
        all:
            cla: 0.925266206264
            dan: 0.0127379028127
            hip: 0.00375294708647
            jaz: 0.021990025416
            pop: 0.00368811516091
            rhy: 0.013147351332
            roc: 0.01691509597
            spe: 0.00250233686529
        probability: 0.925266206264
        value: "cla"
    genre_tzanetakis:
        all:
            blu: 0.0884180292487
            cla: 0.616984069347
            cou: 0.0287115741521
            dis: 0.0263972152025
            hip: 0.0214005578309
            jaz: 0.0767108723521
            met: 0.0205318760127
            pop: 0.0269993375987
            reg: 0.0552049055696
            roc: 0.0386415868998
        probability: 0.616984069347
        value: "cla"
    live_studio:
        all:
            live: 0.383877575397
            studio: 0.616122424603
        probability: 0.616122424603
        value: "studio"
    mood:
        all:
            Cluster1: 0.0217880588025
            Cluster2: 0.00705904280767
            Cluster3: 0.96693277359
            Cluster4: 0.00213199225254
            Cluster5: 0.00208811811171
        probability: 0.96693277359
        value: "Cluster3"
    mood_acoustic:
        all:
            acoustic: 0.249035462737
            not_acoustic: 0.750964522362
        probability: 0.750964522362
        value: "not_acoustic"
    mood_aggressive:
        all:
            aggressive: 1.58041348186e-06
            not_aggressive: 0.999998390675
        probability: 0.999998390675
        value: "not_aggressive"
    mood_electronic:
        all:
            electronic: 0.641734540462
            not_electronic: 0.358265429735
        probability: 0.641734540462
        value: "electronic"
    mood_happy:
        all:
            happy: 0.0501681193709
            not_happy: 0.949831902981
        probability: 0.949831902981
        value: "not_happy"
    mood_party:
        all:
            not_party: 0.988352060318
            party: 0.0116479387507
        probability: 0.988352060318
        value: "not_party"
    mood_relaxed:
        all:
            not_relaxed: 0.130810856819
            relaxed: 0.869189143181
        probability: 0.869189143181
        value: "relaxed"
    mood_sad:
        all:
            not_sad: 0.0392087288201
            sad: 0.960791289806
        probability: 0.960791289806
        value: "sad"
    rhythm:
        all:
            fast: 0.00949592236429
            medium: 0.710518598557
            slow: 0.279985487461
        probability: 0.710518598557
        value: "medium"
    speech_music:
        all:
            music: 0.517586052418
            speech: 0.482413947582
        probability: 0.517586052418
        value: "music"
    timbre:
        all:
            bright: 0.472699731588
            dark: 0.527300298214
        probability: 0.527300298214
        value: "dark"
    voice_instrumental:
        all:
            instrumental: 0.986197948456
            voice: 0.0138020403683
        probability: 0.986197948456
        value: "instrumental"

lowlevel:
    average_loudness: 0.0260371919721
    barkbands_kurtosis:
        dmean: 8.48696708679
        dmean2: 14.0579013824
        dvar: 117.200073242
        dvar2: 313.708068848
        max: 76.6613388062
        mean: 20.1118888855
        min: -0.326278686523
        var: 390.36126709
    barkbands_skewness:
        dmean: 0.770933449268
        dmean2: 1.26324045658
        dvar: 0.568422853947
        dvar2: 1.42614579201
        max: 6.32508230209
        mean: 3.08102703094
        min: 0.325353085995
        var: 2.72757005692
    barkbands_spread:
        dmean: 1.67623770237
        dmean2: 2.46393847466
        dvar: 4.39837741852
        dvar2: 8.80682277679
        max: 17.076757431
        mean: 6.04881191254
        min: 0.750971317291
        var: 21.8091926575
    dissonance:
        dmean: 0.0369308032095
        dmean2: 0.053567212075
        dvar: 0.00131478789262
        dvar2: 0.00241857604124
        max: 0.482374638319
        mean: 0.28966408968
        min: 0.201828300953
        var: 0.00250881072134
    hfc:
        dmean: 0.113497138023
        dmean2: 0.13958978653
        dvar: 0.123814426363
        dvar2: 0.175029411912
        max: 3.47356438637
        mean: 0.326834559441
        min: 1.43731676872e-06
        var: 0.528492510319
    pitch:
        dmean: 29.3185977936
        dmean2: 55.7266235352
        dvar: 4536.03027344
        dvar2: 9646.95019531
        max: 445.454559326
        mean: 160.770126343
        min: 108.353805542
        var: 5765.39453125
    pitch_instantaneous_confidence:
        dmean: 0.0461394488811
        dmean2: 0.0661789625883
        dvar: 0.00432772841305
        dvar2: 0.00616115611047
        max: 0.865649223328
        mean: 0.693656802177
        min: 0.099093735218
        var: 0.00931830983609
    pitch_salience:
        dmean: 0.0633634179831
        dmean2: 0.0949614793062
        dvar: 0.00285477703437
        dvar2: 0.00698975007981
        max: 0.912683844566
        mean: 0.585568726063
        min: 0.396306812763
        var: 0.00589408073574
    silence_rate_20dB:
        dmean: 0
        dmean2: 0
        dvar: 0
        dvar2: 0
        max: 1
        mean: 1
        min: 1
        var: 0
    silence_rate_30dB:
        dmean: 0
        dmean2: 0
        dvar: 0
        dvar2: 0
        max: 1
        mean: 1
        min: 1
        var: 0
    silence_rate_60dB:
        dmean: 0.0129032256082
        dmean2: 0.0259740259498
        dvar: 0.0127367721871
        dvar2: 0.0252994447947
        max: 1
        mean: 0.961538434029
        min: 0
        var: 0.0369821153581
    spectral_centroid:
        dmean: 66.9644317627
        dmean2: 92.6844024658
        dvar: 9006.93554688
        dvar2: 19634.0351562
        max: 1067.79638672
        mean: 474.767944336
        min: 312.47845459
        var: 33417.6484375
    spectral_complexity:
        dmean: 0.5
        dmean2: 0.784810125828
        dvar: 0.625
        dvar2: 0.928378045559
        max: 8
        mean: 1.61728394032
        min: 0
        var: 3.52019309998
    spectral_crest:
        dmean: 2.57921457291
        dmean2: 4.33001756668
        dvar: 6.17066049576
        dvar2: 16.3078403473
        max: 22.1220588684
        mean: 13.8055934906
        min: 5.13450956345
        var: 15.3981599808
    spectral_decrease:
        dmean: 8.81540049291e-11
        dmean2: 1.04667406686e-10
        dvar: 8.42638937991e-20
        dvar2: 1.31276600516e-19
        max: -8.74234192746e-16
        mean: -2.24550933403e-10
        min: -2.84656453964e-09
        var: 3.0352268129e-19
    spectral_energy:
        dmean: 0.000342647370417
        dmean2: 0.000407528306823
        dvar: 1.27077214529e-06
        dvar2: 1.97381700673e-06
        max: 0.011058636941
        mean: 0.00087715103291
        min: 3.42993078384e-09
        var: 4.6005357035e-06
    spectral_energyband_high:
        dmean: 3.11596636493e-07
        dmean2: 5.22354071109e-07
        dvar: 3.98978810059e-13
        dvar2: 9.80795739763e-13
        max: 6.6846541813e-06
        mean: 9.28285544433e-07
        min: 4.91285970239e-11
        var: 2.06345834516e-12
    spectral_energyband_low:
        dmean: 3.21962875205e-06
        dmean2: 5.0650319281e-06
        dvar: 1.14214346314e-10
        dvar2: 2.46135972715e-10
        max: 9.17371653486e-05
        mean: 6.16796887698e-06
        min: 6.98734070603e-10
        var: 2.96808688738e-10
    spectral_energyband_middle_high:
        dmean: 1.42711196531e-05
        dmean2: 2.00348367798e-05
        dvar: 6.55863641175e-10
        dvar2: 9.84866854736e-10
        max: 0.000307356531266
        mean: 4.16626062361e-05
        min: 1.54888116222e-10
        var: 5.22570253736e-09
    spectral_energyband_middle_low:
        dmean: 0.000338499085046
        dmean2: 0.000400462799007
        dvar: 1.22095593724e-06
        dvar2: 1.92144534594e-06
        max: 0.0108199566603
        mean: 0.000828393618576
        min: 2.42119035931e-09
        var: 4.28191333413e-06
    spectral_flatness_db:
        dmean: 0.0250296406448
        dmean2: 0.0303868222982
        dvar: 0.000916713732295
        dvar2: 0.00146025733557
        max: 0.420520424843
        mean: 0.311578929424
        min: 0.124828189611
        var: 0.00356257008389
    spectral_flux:
        dmean: 0.00358776235953
        dmean2: 0.00501847127452
        dvar: 6.30390277365e-05
        dvar2: 8.57834384078e-05
        max: 0.0694996640086
        mean: 0.00772595638409
        min: 5.85656125622e-05
        var: 0.000119634685689
    spectral_kurtosis:
        dmean: 7.90744400024
        dmean2: 12.1519327164
        dvar: 67.483253479
        dvar2: 131.424682617
        max: 66.8983306885
        mean: 22.7044448853
        min: 4.77521848679
        var: 249.747680664
    spectral_rms:
        dmean: 0.000139114112244
        dmean2: 0.000125817590742
        dvar: 8.14322831388e-08
        dvar2: 6.87293706392e-08
        max: 0.0032846480608
        mean: 0.000612832780462
        min: 1.82928238246e-06
        var: 4.80192625218e-07
    spectral_rolloff:
        dmean: 111.434326172
        dmean2: 188.074813843
        dvar: 32454.8808594
        dvar2: 65463.328125
        max: 1313.52539062
        mean: 616.221862793
        min: 344.53125
        var: 112422.914062
    spectral_skewness:
        dmean: 0.58779489994
        dmean2: 0.912458002567
        dvar: 0.311294555664
        dvar2: 0.578946828842
        max: 6.54411268234
        mean: 3.50158643723
        min: 1.85715281963
        var: 1.48043441772
    spectral_spread:
        dmean: 562233.6875
        dmean2: 722617.5625
        dvar: 4.39724802048e+12
        dvar2: 4.51412230144e+12
        max: 20991098
        mean: 2748899.25
        min: 1212550.625
        var: 4.61487420211e+12
    spectral_strongpeak:
        dmean: 0.0583582036197
        dmean2: 0.0760962590575
        dvar: 0.0120828775689
        dvar2: 0.0167070925236
        max: 1.04392588139
        mean: 0.179701551795
        min: 0
        var: 0.0546242557466
    zerocrossingrate:
        dmean: 0.00502319354564
        dmean2: 0.00676794908941
        dvar: 5.70904885535e-05
        dvar2: 0.000108536158223
        max: 0.07275390625
        mean: 0.0293752402067
        min: 0.0146484375
        var: 0.000206131764571
    barkbands:
        dmean: [1.82198200971e-09, 5.82083828249e-07, 2.84272346107e-06, 3.66933522855e-06, 0.000147665035911, 0.000178925722139, 3.83879014407e-05, 1.06162281099e-06, 3.64864172298e-05, 2.47714433499e-06, 1.17525223686e-06, 8.69401355885e-06, 1.06485504148e-05, 1.60708665931e-07, 1.58477291734e-07, 1.70351526663e-07, 8.90949024779e-07, 2.66177437425e-07, 8.38722996832e-07, 1.04264665879e-06, 1.21378150197e-07, 4.91742753184e-08, 1.75098158195e-09, 1.58026924879e-09, 6.45494657725e-10, 4.47321624186e-11, 2.61886432679e-11]
        dmean2: [3.08650993652e-09, 8.69697998951e-07, 4.33812829215e-06, 5.46073533769e-06, 0.000199397982215, 0.000190432401723, 6.56472038827e-05, 1.80172276032e-06, 6.013462189e-05, 3.43996566698e-06, 1.75821821813e-06, 1.33950516101e-05, 1.91828748939e-05, 2.47965459721e-07, 2.48451527796e-07, 2.32882172213e-07, 1.54068789016e-06, 3.75627081439e-07, 1.44222838117e-06, 1.62298874784e-06, 1.96227858851e-07, 8.67359943868e-08, 2.48845166695e-09, 2.79919998292e-09, 9.6787033943e-10, 6.96514720899e-11, 4.00795750755e-11]
        dvar: [2.82287924092e-17, 3.79175206858e-12, 8.13763917362e-11, 3.88120813266e-10, 2.55550560269e-07, 3.48404881834e-07, 1.24607950625e-08, 4.23081751924e-12, 5.92878057759e-09, 2.69146979009e-11, 4.39096242005e-12, 4.23559354257e-10, 4.04092759254e-10, 1.03320801079e-13, 1.27522815983e-13, 1.18558618869e-13, 4.40746137503e-12, 2.76833135408e-13, 3.08465471048e-12, 3.51904378033e-12, 5.14588642964e-14, 1.722743889e-14, 1.41863096327e-17, 9.16593542814e-18, 2.33391884284e-18, 1.08932020712e-20, 2.82978103852e-21]
        dvar2: [8.20902311704e-17, 8.15777046609e-12, 1.77440589999e-10, 9.52595224923e-10, 5.81534095545e-07, 3.09443748847e-07, 3.64489913807e-08, 1.29698109891e-11, 1.43566589728e-08, 4.45732166454e-11, 1.04977962087e-11, 7.83564324536e-10, 1.23070964531e-09, 1.96299817764e-13, 2.91771083205e-13, 2.55842981349e-13, 1.441447222e-11, 6.1055609353e-13, 8.5239064071e-12, 9.74972966944e-12, 1.10037745246e-13, 4.52590506847e-14, 2.66511654208e-17, 2.29767067171e-17, 3.48587310456e-18, 3.07121369319e-20, 6.57721354962e-21]
        max: [4.46687664635e-08, 1.63942713698e-05, 7.95476007625e-05, 0.000130179949338, 0.00457647768781, 0.00590737629682, 0.000859558116645, 1.43661509355e-05, 0.000510351266712, 5.37524138053e-05, 1.83119555004e-05, 0.0001714926766, 0.00012166005763, 2.84580119114e-06, 2.65095718532e-06, 3.04255445371e-06, 1.43693468999e-05, 4.73572026749e-06, 1.51636904775e-05, 1.49187480929e-05, 2.34233516494e-06, 1.0512769677e-06, 3.88131624618e-08, 3.2461208832e-08, 1.67312350641e-08, 8.6878909622e-10, 4.2515990728e-10]
        mean: [2.37143371606e-09, 1.03750323888e-06, 5.128347766e-06, 2.1145788196e-06, 0.000257994164713, 0.000480803981191, 4.09233434766e-05, 1.33980006467e-06, 4.5116426918e-05, 5.31884325028e-06, 1.95004372472e-06, 1.75219502125e-05, 1.1275838915e-05, 2.81918374867e-07, 1.9995366074e-07, 3.51118984554e-07, 1.35369543841e-06, 4.98629390222e-07, 1.41172847634e-06, 2.0943743948e-06, 3.237263968e-07, 9.90634632103e-08, 3.78810316448e-09, 4.74045958043e-09, 2.85513479525e-09, 1.06998056248e-10, 2.92482045527e-11]
        min: [1.86447558781e-12, 2.07292183418e-10, 2.47813325416e-10, 2.52333320905e-10, 6.43076758511e-10, 6.52184029004e-10, 5.20202769749e-10, 2.8967866994e-10, 6.14096898333e-11, 3.08369822732e-11, 2.14353621658e-11, 3.30691099504e-11, 3.83890350064e-11, 4.33866267566e-12, 2.11382474025e-12, 2.34640670609e-12, 7.72033565549e-12, 7.45705407146e-12, 2.29221004157e-12, 2.6537683509e-11, 1.17395078034e-11, 7.04952762831e-12, 2.62271888235e-12, 3.12539490815e-12, 2.58910471188e-12, 3.01042448348e-13, 1.49055894445e-14]
        var: [4.60182445419e-17, 8.42273126245e-12, 2.0985833904e-10, 2.06624772847e-10, 4.5844197416e-07, 1.67932114437e-06, 1.32239659223e-08, 6.30232151189e-12, 9.38779631809e-09, 1.47709094955e-10, 1.25150341479e-11, 1.11712850082e-09, 5.23750431913e-10, 2.68114306798e-13, 1.76417989375e-13, 4.47118037039e-13, 6.60318024218e-12, 8.47718650918e-13, 6.00490100353e-12, 1.13588643699e-11, 2.68348792623e-13, 3.01591434118e-14, 4.37043159661e-17, 5.3406671404e-17, 1.84254994298e-17, 3.3824281202e-20, 5.71682212015e-21]
    mfcc:
        mean: [-1024.90710449, 201.45475769, -30.9347724915, 41.4792785645, -43.0177459717, -24.6228427887, 7.34498882294, -24.4092388153, -21.0325679779, -33.5026435852, -22.8383197784, 1.64152956009, -1.06324481964]
        cov: [[13199.9765625, -17.4057807922, -815.963623047, -80.1629257202, -304.828369141, 81.2188186646, 231.073242188, -251.515625, 21.2533836365, -223.780075073, -159.279327393, -10.4338321686, 59.2285270691], [-17.4057807922, 842.358276367, 403.184692383, 344.359710693, 210.832717896, -93.7729644775, -107.193969727, 19.2021465302, -39.4523544312, -29.9730834961, -4.28031682968, -61.9656562805, 8.84683799744], [-815.963623047, 403.184692383, 406.157623291, 202.568984985, 151.056015015, 4.6850976944, -57.1508789062, 26.682138443, -5.46436405182, 13.5741300583, 5.42271900177, -14.5248622894, 27.6697273254], [-80.1629257202, 344.359710693, 202.568984985, 214.938156128, 129.639297485, -50.9383773804, -62.4999809265, 24.1412086487, -9.47810554504, -2.52716350555, 9.5627822876, -26.8176879883, 6.43636846542], [-304.828369141, 210.832717896, 151.056015015, 129.639297485, 136.207351685, 0.81136405468, -46.8397293091, 6.64084005356, -7.30425405502, -3.5135102272, 18.1148319244, -6.81981801987, -5.92267513275], [81.2188186646, -93.7729644775, 4.6850976944, -50.9383773804, 0.81136405468, 109.484008789, 24.9293842316, -25.3865470886, -5.58978033066, -18.1465110779, -24.3586788177, 26.3995571136, 14.8887205124], [231.073242188, -107.193969727, -57.1508789062, -62.4999809265, -46.8397293091, 24.9293842316, 62.860332489, 9.33787250519, 3.04303145409, 1.21366620064, -6.84601449966, 2.21171522141, -5.89075708389], [-251.515625, 19.2021465302, 26.682138443, 24.1412086487, 6.64084005356, -25.3865470886, 9.33787250519, 58.9745254517, 13.2123622894, 19.0655994415, 5.59997320175, -14.8487110138, 2.07813501358], [21.2533836365, -39.4523544312, -5.46436405182, -9.47810554504, -7.30425405502, -5.58978033066, 3.04303145409, 13.2123622894, 33.4155921936, 14.8004016876, -0.565826654434, -2.14573168755, -4.42884731293], [-223.780075073, -29.9730834961, 13.5741300583, -2.52716350555, -3.5135102272, -18.1465110779, 1.21366620064, 19.0655994415, 14.8004016876, 40.3304824829, 26.2875099182, -2.04445815086, -8.65133190155], [-159.279327393, -4.28031682968, 5.42271900177, 9.5627822876, 18.1148319244, -24.3586788177, -6.84601449966, 5.59997320175, -0.565826654434, 26.2875099182, 57.6796760559, 13.0501174927, -15.6384840012], [-10.4338321686, -61.9656562805, -14.5248622894, -26.8176879883, -6.81981801987, 26.3995571136, 2.21171522141, -14.8487110138, -2.14573168755, -2.04445815086, 13.0501174927, 32.8185882568, 14.7886400223], [59.2285270691, 8.84683799744, 27.6697273254, 6.43636846542, -5.92267513275, 14.8887205124, -5.89075708389, 2.07813501358, -4.42884731293, -8.65133190155, -15.6384840012, 14.7886400223, 64.1699905396]]
        icov: [[0.000192041872651, -0.000365655956557, 0.000861560169142, -0.00115176441614, 0.00074065575609, -0.000737546826713, -0.00115119758993, 0.00122677837498, -0.00137553166132, 0.000539679662324, -0.000803271366749, 0.000761089264415, -0.000682078185491], [-0.000365655956557, 0.00628434680402, -0.00513195060194, -0.00188862916548, -0.0017761917552, 0.00455750338733, 0.00220258813351, -0.000556458195206, 0.00505913095549, 0.00450772186741, 0.000626093475148, 0.00331308459863, 0.00121819262858], [0.000861560169142, -0.00513195060194, 0.0124371601269, -0.00780653534457, 0.000984241603874, -0.00826918613166, -0.00516667403281, 0.00433769682422, -0.00668660365045, -0.00714489258826, -0.00107874360401, 0.000734861474484, -0.00512984022498], [-0.00115176441614, -0.00188862916548, -0.00780653534457, 0.0327690243721, -0.0193854179233, 0.0129748247564, 0.00923333130777, -0.0107794459909, 0.00914767477661, -0.0028374446556, 0.00819084607065, -0.0038282610476, 0.000927075860091], [0.00074065575609, -0.0017761917552, 0.000984241603874, -0.0193854179233, 0.035055000335, -0.018967801705, 0.00717835500836, 0.000372127018636, -0.00974747166038, 0.0141228502616, -0.0214962754399, 0.0112481079996, 0.00276484480128], [-0.000737546826713, 0.00455750338733, -0.00826918613166, 0.0129748247564, -0.018967801705, 0.0333025977015, -0.00813305191696, 0.00177313270979, 0.0114074647427, -0.00548433652148, 0.0253482200205, -0.0256189033389, 0.00416461704299], [-0.00115119758993, 0.00220258813351, -0.00516667403281, 0.00923333130777, 0.00717835500836, -0.00813305191696, 0.039727024734, -0.0199349224567, 0.00943073257804, 0.00326523231342, -0.00303001212887, 0.00361829507165, 0.00842147693038], [0.00122677837498, -0.000556458195206, 0.00433769682422, -0.0107794459909, 0.000372127018636, 0.00177313270979, -0.0199349224567, 0.0389334261417, -0.0153272245079, -0.00523304985836, -0.00559843797237, 0.0164727028459, -0.0122367311269], [-0.00137553166132, 0.00505913095549, -0.00668660365045, 0.00914767477661, -0.00974747166038, 0.0114074647427, 0.00943073257804, -0.0153272245079, 0.0550509318709, -0.0249741077423, 0.0252102278173, -0.0181279815733, 0.0111076133326], [0.000539679662324, 0.00450772186741, -0.00714489258826, -0.0028374446556, 0.0141228502616, -0.00548433652148, 0.00326523231342, -0.00523304985836, -0.0249741077423, 0.0734594017267, -0.0448039732873, 0.0307648573071, -0.00453787622973], [-0.000803271366749, 0.000626093475148, -0.00107874360401, 0.00819084607065, -0.0214962754399, 0.0253482200205, -0.00303001212887, -0.00559843797237, 0.0252102278173, -0.0448039732873, 0.0701702013612, -0.0573608651757, 0.018356198445], [0.000761089264415, 0.00331308459863, 0.000734861474484, -0.0038282610476, 0.0112481079996, -0.0256189033389, 0.00361829507165, 0.0164727028459, -0.0181279815733, 0.0307648573071, -0.0573608651757, 0.10075391084, -0.0286134928465], [-0.000682078185491, 0.00121819262858, -0.00512984022498, 0.000927075860091, 0.00276484480128, 0.00416461704299, 0.00842147693038, -0.0122367311269, 0.0111076133326, -0.00453787622973, 0.018356198445, -0.0286134928465, 0.0298450496048]]
    spectral_contrast:
        mean: [-7.19302946095e-08, 2.05143919629e-07, -6.61813928104e-08, 1.99463997319e-07, 1.93623108657e-08, 8.86711077897e-08, -6.9391580837e-07, 2.23149481826e-06, -2.95815652862e-07, -4.1576078047e-07, -8.45502938773e-07, 2.78155016531e-06]
        var: [0.000110882159788, 0.000248649099376, 0.000498658511788, 0.00085572944954, 0.00113007752225, 0.00495620863512, 0.0245668999851, 0.0492908731103, 0.063225068152, 0.125848740339, 0.763919353485, 5.82818603516]

rhythm:
    beats_loudness:
        dmean: 0.00314582162537
        dmean2: 0.00488412706181
        dvar: 1.48598555825e-05
        dvar2: 1.63464737852e-05
        max: 0.00879400037229
        mean: 0.00238451804034
        min: 1.81130908459e-05
        var: 1.37273209475e-05
    beats_loudness_bass:
        dmean: 0.00465087918565
        dmean2: 0.0056993314065
        dvar: 4.06194112657e-06
        dvar2: 1.78577756742e-05
        max: 0.00947226304561
        mean: 0.00622771307826
        min: 0.00210105977021
        var: 9.01390922081e-06
    bpm: 111.153419495
    bpm_confidence: 0
    first_peak_bpm: 111
    first_peak_spread: 0
    first_peak_weight: 1
    onset_rate: 0.758044540882
    second_peak_bpm: 0
    second_peak_spread: 0
    second_peak_weight: 0
    beats_position: [0.0534668937325, 0.593261361122, 1.13305580616, 1.6728502512]
    bpm_estimates: [111.153419495]
    bpm_intervals: [0.539794445038, 0.539794445038, 0.539794445038]
    onset_times: [0.0464399084449, 1.14938771725, 1.43963718414, 1.71827661991]
    rubato_start: []
    rubato_stop: []
    perceptual_tempo: "unknown"

sfx:
    inharmonicity:
        dmean: 0.0289381798357
        dmean2: 0.0502526350319
        dvar: 0.0010056362953
        dvar2: 0.0029003159143
        max: 0.166505396366
        mean: 0.027038352564
        min: 0.000231200552662
        var: 0.00094211549731
    oddtoevenharmonicenergyratio:
        dmean: 9.84543037415
        dmean2: 17.6424102783
        dvar: 146.905838013
        dvar2: 389.036468506
        max: 56.6692085266
        mean: 8.27004432678
        min: 0.00338899972849
        var: 134.820800781
    pitch_after_max_to_before_max_energy_ratio: 12.9043560028
    pitch_centroid: 37.6903114319
    pitch_max_to_total: 0
    pitch_min_to_total: 0.345679014921
    tristimulus:
        dmean: [0.197253376245, 0.202208042145, 0.0395029559731]
        dmean2: [0.358929276466, 0.348048985004, 0.0686453133821]
        dvar: [0.0660325959325, 0.0572304241359, 0.00136411446147]
        dvar2: [0.139700353146, 0.122197695076, 0.00431334087625]
        max: [0.884324133396, 0.952313423157, 0.17553627491]
        mean: [0.237765863538, 0.706402957439, 0.0538311824203]
        min: [0.00313796079718, 0, 0]
        var: [0.0728813186288, 0.0709831044078, 0.00185160490219]

tonal:
    chords_changes_rate: 0.0250000003725
    chords_number_rate: 0.0500000007451
    chords_strength:
        dmean: 0.00576907396317
        dmean2: 0.00435601407662
        dvar: 2.55053018918e-05
        dvar2: 2.67556933977e-05
        max: 0.796035885811
        mean: 0.730160593987
        min: 0.649206519127
        var: 0.00147702696268
    key_strength: 0.781817555428
    tuning_diatonic_strength: 0.690883815289
    tuning_equal_tempered_deviation: 0.1968036443
    tuning_frequency: 441.527557373
    tuning_nontempered_energy_ratio: 0.794425904751
    hpcp:
        dmean: [0.175552114844, 0.116672195494, 0.0472781173885, 0.00469773868099, 0.00374386413023, 0.00505694141611, 0.00350140035152, 0.00168645940721, 0.00232685334049, 0.00840365421027, 0.0671561360359, 0.0863311737776, 0.0275234039873, 0.0013889092952, 0.00308233010583, 0.00403448846191, 0.0037279559765, 0.00591346621513, 0.0438013859093, 0.152489900589, 0.18527135253, 0.14397251606, 0.0936630219221, 0.0204514563084, 0.00121620832942, 0.00118931487668, 0.000987764215097, 0.00152471743058, 0.00183514959645, 0.00138812698424, 0.00075862754602, 0.000643500708975, 0.00134641421027, 0.0288348048925, 0.154263347387, 0.20313334465]
        dmean2: [0.292347848415, 0.203526467085, 0.0955758318305, 0.00866701174527, 0.00651673879474, 0.00839941482991, 0.00596772925928, 0.00274766888469, 0.00391097273678, 0.0144360437989, 0.105044148862, 0.129290342331, 0.0434854999185, 0.00261426949874, 0.00475846836343, 0.00619603507221, 0.00658503780141, 0.0101240361109, 0.0831845402718, 0.204824090004, 0.268978476524, 0.262032479048, 0.14582811296, 0.0342286527157, 0.00223853508942, 0.00205442425795, 0.0016119517386, 0.00292332470417, 0.00345266843215, 0.00251444289461, 0.00140630220994, 0.00124708504882, 0.00258812610991, 0.0436758100986, 0.250178277493, 0.35977140069]
        dvar: [0.0356736108661, 0.0416584797204, 0.0265345629305, 0.00010426666995, 2.27089003602e-05, 6.55746262055e-05, 3.33785610565e-05, 3.80954634238e-06, 7.19887339073e-06, 0.000259876571363, 0.0118882507086, 0.015985282138, 0.00146550696809, 3.31008163812e-06, 2.72540055448e-05, 2.68493076874e-05, 3.90798668377e-05, 6.91027089488e-05, 0.00447873445228, 0.033519025892, 0.0246970001608, 0.0213413145393, 0.0114768408239, 0.00243349280208, 3.07192340188e-06, 2.30576847571e-06, 1.99048781724e-06, 7.25088511899e-06, 8.44327587401e-06, 3.39929715665e-06, 1.06827894797e-06, 2.32177421822e-06, 2.12114878195e-06, 0.00291625550017, 0.0316242873669, 0.0608146674931]
        dvar2: [0.0784181579947, 0.117970488966, 0.0794493928552, 0.000299092091154, 5.71511627641e-05, 0.000182768475497, 9.43789855228e-05, 8.62904744281e-06, 1.5304196495e-05, 0.000688799889758, 0.023834105581, 0.0301685053855, 0.00292052980512, 9.29472662392e-06, 6.85009072185e-05, 5.84893132327e-05, 0.000107751569885, 0.000138957446325, 0.0123439999297, 0.0685638040304, 0.0515577159822, 0.0512295253575, 0.0188311841339, 0.00372125487775, 8.59322881297e-06, 5.96930703978e-06, 5.52768597117e-06, 2.01362854568e-05, 2.29467659665e-05, 8.8197630248e-06, 3.14110002364e-06, 6.93882475389e-06, 6.54667246636e-06, 0.00574724934995, 0.0540812388062, 0.128067135811]
        max: [1, 1, 0.748099446297, 0.05186798051, 0.0269277319312, 0.0397536419332, 0.0305351186544, 0.0102742668241, 0.0134070515633, 0.0896263122559, 0.539977669716, 0.686620235443, 0.226592928171, 0.00801704544574, 0.0238995123655, 0.0301551166922, 0.0221115294844, 0.0479136668146, 0.266362637281, 0.898321807384, 1, 1, 1, 0.27041259408, 0.00788681395352, 0.00666248751804, 0.00639348756522, 0.00898093357682, 0.0115029970184, 0.00670418376103, 0.00409825984389, 0.00709859840572, 0.00546307815239, 0.258982002735, 0.980117321014, 1]
        mean: [0.446018993855, 0.133339315653, 0.0273144878447, 0.00613125180826, 0.00465048197657, 0.00642901193351, 0.00461264047772, 0.00288957287557, 0.00458880420774, 0.00961429160088, 0.0826423093677, 0.114002488554, 0.038937728852, 0.00156448292546, 0.00321693229489, 0.00444328179583, 0.00359590607695, 0.0053998073563, 0.038602001965, 0.197764262557, 0.569454550743, 0.754432082176, 0.361872911453, 0.0142491776496, 0.00137340195943, 0.00142891320866, 0.000991125358269, 0.00131354224868, 0.00160027411766, 0.00123828963842, 0.000632614362985, 0.000442699471023, 0.00114931596909, 0.0353753492236, 0.301685392857, 0.602881908417]
        min: [0.0369919314981, 0.00227082474157, 0.000171109932126, 0.000119755168271, 0.000202729628654, 0.000414317910327, 0.000396021874622, 0.000192607520148, 0.000105575600173, 0.000177952810191, 0.000927799963392, 0.00148190220352, 0.00102048786357, 5.63938447158e-05, 7.18686424079e-05, 9.84768557828e-05, 8.03686052677e-05, 0.000120303804579, 9.1236026492e-05, 0.000384385552024, 0.0754814147949, 0.144096374512, 0.00777773279697, 4.71358907816e-05, 4.48055252491e-05, 4.28306193498e-05, 2.48145970545e-05, 5.75280173507e-05, 0.000141639407957, 0.000146185018821, 5.68714058318e-05, 9.29548787099e-06, 6.60226396576e-06, 1.63393233379e-05, 0.000550664146431, 0.0181027241051]
        var: [0.0479058437049, 0.0320532731712, 0.0136118428782, 8.32515070215e-05, 3.19516802847e-05, 7.07896688255e-05, 3.16570840369e-05, 6.35579863228e-06, 2.00413469429e-05, 0.000267203489784, 0.018670398742, 0.0305295623839, 0.00295180967078, 3.83679389415e-06, 2.94072287943e-05, 3.97505100409e-05, 2.92351505777e-05, 9.34411436901e-05, 0.00399119127542, 0.0690884813666, 0.0466669723392, 0.0799099728465, 0.0462672673166, 0.00213146209717, 2.93134507956e-06, 2.87845364255e-06, 1.74655235696e-06, 4.78382889924e-06, 5.85438374401e-06, 2.57994747699e-06, 7.52518872105e-07, 1.25680344354e-06, 2.09257086681e-06, 0.00369741208851, 0.102295123041, 0.124022267759]
    chords_histogram: [5, 0, 0, 0, 0, 0, 0, 0, 0, 0, 95, 0, 0, 0, 0, 0, 0, 0, 0, 0, 0, 0, 0, 0]
    thpcp: [1, 0.479662686586, 0.0188872907311, 0.0018204448279, 0.00189402501564, 0.00131373701151, 0.00174110068474, 0.0021211639978, 0.00164135335945, 0.000838530540932, 0.000586798298173, 0.00152341870125, 0.0468900389969, 0.399884104729, 0.799120187759, 0.591198325157, 0.176741316915, 0.0362053625286, 0.0081269768998, 0.00616421550512, 0.00852165743709, 0.00611405679956, 0.00383012997918, 0.00608246168122, 0.0127437468618, 0.109542414546, 0.151110336185, 0.0516119748354, 0.00207372265868, 0.00426404504105, 0.0058895717375, 0.00476637482643, 0.00715744681656, 0.0511669665575, 0.262136608362, 0.754812240601]
    chords_key: "G#"
    chords_scale: "major"
    key_key: "A"
    key_scale: "major"
    chords_progression: ["G#", "G#", "G#", "G#", "G#", "G#", "G#", "G#", "G#", "G#", "G#", "G#", "G#", "G#", "G#", "G#", "G#", "G#", "G#", "G#", "G#", "G#", "G#", "G#", "G#", "G#", "G#", "G#", "G#", "G#", "G#", "G#", "G#", "G#", "G#", "G#", "G#", "G#", "A", "A"]
