
metadata:
    version:
        essentia: "1.2.2"
    audio_properties:
        analysis_sample_rate: 44100
        bitrate: 128
        channels: 2
        equal_loudness: 1
        length: 9.97877597809
        replay_gain: 3.93667411804
        downmix: "mix"
    tags:
        track: 7
        year: 0
        album: "Splitted by Mp3Splt v. 2.1"
        artist: "From 001.00 To 001.10"
        comment: "http://mp3splt.sf.net"
        genre: ""
        title: "02 My One and Only Love.mp3"

highlevel:
    ballroom:
        all:
            ChaChaCha: 0.000549135787878
            Jive: 0.000504684285261
            Quickstep: 0.00219836272299
            Rumba-American: 0.0118199335411
            Rumba-International: 0.0837570875883
            Rumba-Misc: 0.0517339333892
            Samba: 0.000822533736937
            Tango: 0.0257769823074
            VienneseWaltz: 0.0753993690014
            Waltz: 0.747437953949
        probability: 0.747437953949
        value: "Waltz"
    culture:
        all:
            non_western: 0.083836466074
            western: 0.916163563728
        probability: 0.916163563728
        value: "western"
    gender:
        all:
            female: 0.483416199684
            male: 0.516583800316
        probability: 0.516583800316
        value: "male"
    genre_dortmund:
        all:
            alternative: 0.00634477613494
            blues: 0.0201929695904
            electronic: 0.00189493724611
            folkcountry: 0.0280956029892
            funksoulrnb: 0.00320838857442
            jazz: 0.933142006397
            pop: 0.00487894192338
            raphiphop: 0.000203179311939
            rock: 0.00203919177875
        probability: 0.933142006397
        value: "jazz"
    genre_electronica:
        all:
            ambient: 0.939734458923
            dnb: 0.00765323406085
            house: 0.0263050198555
            techno: 0.00477615231648
            trance: 0.0215311255306
        probability: 0.939734458923
        value: "ambient"
    genre_rosamerica:
        all:
            cla: 0.0161714050919
            dan: 0.00100315897726
            hip: 0.000377298507374
            jaz: 0.976110041142
            pop: 0.001181027852
            rhy: 0.00387638458051
            roc: 0.00103699194733
            spe: 0.000243718051934
        probability: 0.976110041142
        value: "jaz"
    genre_tzanetakis:
        all:
            blu: 0.00214639655314
            cla: 0.0129268942401
            cou: 0.00330185191706
            dis: 0.000476369983517
            hip: 0.000310143339448
            jaz: 0.970331907272
            met: 0.000306860398268
            pop: 0.00221570278518
            reg: 0.0058920267038
            roc: 0.00209185038693
        probability: 0.970331907272
        value: "jaz"
    live_studio:
        all:
            live: 0.114806294441
            studio: 0.885193705559
        probability: 0.885193705559
        value: "studio"
    mood:
        all:
            Cluster1: 0.0486402101815
            Cluster2: 0.0356458202004
            Cluster3: 0.863577246666
            Cluster4: 0.0404832214117
            Cluster5: 0.0116534810513
        probability: 0.863577246666
        value: "Cluster3"
    mood_acoustic:
        all:
            acoustic: 0.990940988064
            not_acoustic: 0.0090590165928
        probability: 0.990940988064
        value: "acoustic"
    mood_aggressive:
        all:
            aggressive: 1.05805986195e-08
            not_aggressive: 1
        probability: 1
        value: "not_aggressive"
    mood_electronic:
        all:
            electronic: 0.119291290641
            not_electronic: 0.880708694458
        probability: 0.880708694458
        value: "not_electronic"
    mood_happy:
        all:
            happy: 0.00939005147666
            not_happy: 0.990609943867
        probability: 0.990609943867
        value: "not_happy"
    mood_party:
        all:
            not_party: 0.991695761681
            party: 0.00830422062427
        probability: 0.991695761681
        value: "not_party"
    mood_relaxed:
        all:
            not_relaxed: 0.0150100309402
            relaxed: 0.98498994112
        probability: 0.98498994112
        value: "relaxed"
    mood_sad:
        all:
            not_sad: 0.0683264285326
            sad: 0.931673586369
        probability: 0.931673586369
        value: "sad"
    rhythm:
        all:
            fast: 0.0363833457232
            medium: 0.0993980467319
            slow: 0.864218592644
        probability: 0.864218592644
        value: "slow"
    speech_music:
        all:
            music: 0.999347686768
            speech: 0.000652338028885
        probability: 0.999347686768
        value: "music"
    timbre:
        all:
            bright: 0.769431889057
            dark: 0.230568096042
        probability: 0.769431889057
        value: "bright"
    voice_instrumental:
        all:
            instrumental: 0.937193870544
            voice: 0.0628061592579
        probability: 0.937193870544
        value: "instrumental"

lowlevel:
    average_loudness: 0.92730897665
    barkbands_kurtosis:
        dmean: 4.09807014465
        dmean2: 5.57131814957
        dvar: 53.8787269592
        dvar2: 75.3355712891
        max: 105.276153564
        mean: 17.3215351105
        min: -1.75775778294
        var: 462.35055542
    barkbands_skewness:
        dmean: 0.422948151827
        dmean2: 0.582401931286
        dvar: 0.345481187105
        dvar2: 0.562353074551
        max: 8.86134243011
        mean: 2.83437228203
        min: -1.67927181721
        var: 3.84737110138
    barkbands_spread:
        dmean: 1.71338260174
        dmean2: 2.32379102707
        dvar: 10.1973934174
        dvar2: 18.0973682404
        max: 44.8078079224
        mean: 9.83694553375
        min: 1.07638311386
        var: 88.8186416626
    dissonance:
        dmean: 0.0320814326406
        dmean2: 0.0546326041222
        dvar: 0.000638632278424
        dvar2: 0.00171355891507
        max: 0.488439261913
        mean: 0.384637773037
        min: 0.261315137148
        var: 0.00188205053564
    hfc:
        dmean: 0.497926235199
        dmean2: 0.613411843777
        dvar: 3.65049552917
        dvar2: 5.62766170502
        max: 32.2514839172
        mean: 2.09783005714
        min: 0.00354654481634
        var: 19.8907051086
    pitch:
        dmean: 26.9028759003
        dmean2: 43.8032722473
        dvar: 32163.4863281
        dvar2: 37703.2617188
        max: 3675
        mean: 229.255020142
        min: 88.1999969482
        var: 33627.5273438
    pitch_instantaneous_confidence:
        dmean: 0.0385799705982
        dmean2: 0.0542291365564
        dvar: 0.00417017377913
        dvar2: 0.00762010458857
        max: 0.955963730812
        mean: 0.782035470009
        min: 0.253821194172
        var: 0.018536740914
    pitch_salience:
        dmean: 0.0435629524291
        dmean2: 0.0609475523233
        dvar: 0.00256890943274
        dvar2: 0.00468122260645
        max: 0.796263694763
        mean: 0.419670790434
        min: 0.135448470712
        var: 0.0228323861957
    silence_rate_20dB:
        dmean: 0
        dmean2: 0
        dvar: 0
        dvar2: 0
        max: 1
        mean: 1
        min: 1
        var: 0
    silence_rate_30dB:
        dmean: 0
        dmean2: 0
        dvar: 0
        dvar2: 0
        max: 1
        mean: 1
        min: 1
        var: 0
    silence_rate_60dB:
        dmean: 0.0326340310276
        dmean2: 0.0654205605388
        dvar: 0.0315691158175
        dvar2: 0.0611407794058
        max: 1
        mean: 0.767441868782
        min: 0
        var: 0.178475290537
    spectral_centroid:
        dmean: 61.1729545593
        dmean2: 80.6002044678
        dvar: 13330.2392578
        dvar2: 22020.6933594
        max: 2603.14208984
        mean: 536.54498291
        min: 167.694091797
        var: 150434.3125
    spectral_complexity:
        dmean: 0.70960187912
        dmean2: 1.14319252968
        dvar: 1.89693880081
        dvar2: 3.305788517
        max: 18
        mean: 4.19626188278
        min: 0
        var: 18.1998710632
    spectral_crest:
        dmean: 1.4345843792
        dmean2: 2.05599856377
        dvar: 3.71552610397
        dvar2: 6.81417226791
        max: 24.4061260223
        mean: 15.3358621597
        min: 4.80386018753
        var: 24.0449886322
    spectral_decrease:
        dmean: 1.28646385211e-10
        dmean2: 1.68384611809e-10
        dvar: 1.06162679798e-19
        dvar2: 1.73199483978e-19
        max: -7.08880328569e-13
        mean: -6.29255647588e-10
        min: -5.17366505193e-09
        var: 6.34120948583e-19
    spectral_energy:
        dmean: 0.000527046562638
        dmean2: 0.000683151767589
        dvar: 1.9204057935e-06
        dvar2: 3.11707526635e-06
        max: 0.0224518831819
        mean: 0.00256523350254
        min: 2.99716339214e-06
        var: 1.13360474643e-05
    spectral_energyband_high:
        dmean: 1.01569339677e-05
        dmean2: 1.47832924995e-05
        dvar: 1.45303991061e-09
        dvar2: 3.29590554848e-09
        max: 0.000513166189194
        mean: 2.71346798399e-05
        min: 1.74019675114e-07
        var: 4.73991201844e-09
    spectral_energyband_low:
        dmean: 0.000110220120405
        dmean2: 0.000131076798425
        dvar: 9.98836071631e-08
        dvar2: 1.33817792403e-07
        max: 0.00443168263882
        mean: 0.000182443880476
        min: 9.4181459076e-08
        var: 2.70570808425e-07
    spectral_energyband_middle_high:
        dmean: 0.000148474719026
        dmean2: 0.000176446919795
        dvar: 3.08044036501e-07
        dvar2: 4.51026778592e-07
        max: 0.00914235413074
        mean: 0.000569004449062
        min: 8.18835076188e-07
        var: 1.71635826973e-06
    spectral_energyband_middle_low:
        dmean: 0.000343621999491
        dmean2: 0.000494054402225
        dvar: 7.60571083447e-07
        dvar2: 1.43842441958e-06
        max: 0.0129951564595
        mean: 0.00178665341809
        min: 1.27098940084e-06
        var: 4.4325415729e-06
    spectral_flatness_db:
        dmean: 0.0156400371343
        dmean2: 0.0221581161022
        dvar: 0.00037013614201
        dvar2: 0.000622081570327
        max: 0.402297645807
        mean: 0.271788924932
        min: 0.0649747699499
        var: 0.00261109205894
    spectral_flux:
        dmean: 0.00442688819021
        dmean2: 0.00685304868966
        dvar: 6.00834064244e-05
        dvar2: 0.000151225336595
        max: 0.107363887131
        mean: 0.0117940604687
        min: 0.00128195574507
        var: 0.000205459597055
    spectral_kurtosis:
        dmean: 3.05352306366
        dmean2: 5.20518875122
        dvar: 7.35577344894
        dvar2: 21.1299037933
        max: 29.199005127
        mean: 9.5740404129
        min: 1.72219562531
        var: 21.0512275696
    spectral_rms:
        dmean: 0.000141934593557
        dmean2: 0.000176230547368
        dvar: 6.55629435187e-08
        dvar2: 9.08660595655e-08
        max: 0.00468020047992
        mean: 0.0013403010089
        min: 5.40745968465e-05
        var: 7.06261232608e-07
    spectral_rolloff:
        dmean: 112.91065979
        dmean2: 184.599090576
        dvar: 103755.898438
        dvar2: 179013.28125
        max: 3660.64453125
        mean: 885.279541016
        min: 193.798828125
        var: 944754.625
    spectral_skewness:
        dmean: 0.292405039072
        dmean2: 0.480894327164
        dvar: 0.0659000128508
        dvar2: 0.164384424686
        max: 4.20005846024
        mean: 2.40178513527
        min: 0.830705523491
        var: 0.43434548378
    spectral_spread:
        dmean: 365031.15625
        dmean2: 508889.6875
        dvar: 683043782656
        dvar2: 696253022208
        max: 20427580
        mean: 3429980.75
        min: 2114038.25
        var: 1.46653537894e+12
    spectral_strongpeak:
        dmean: 0.0821227058768
        dmean2: 0.123642943799
        dvar: 0.041256878525
        dvar2: 0.0882970839739
        max: 3.62731170654
        mean: 0.383715301752
        min: 0.00101559155155
        var: 0.112544842064
    zerocrossingrate:
        dmean: 0.00326245068572
        dmean2: 0.0037469281815
        dvar: 2.05178021133e-05
        dvar2: 2.3874154067e-05
        max: 0.103515625
        mean: 0.0280921440572
        min: 0.0078125
        var: 0.000394672737457
    barkbands:
        dmean: [8.06265010311e-09, 4.14125752286e-05, 7.0530019002e-05, 3.47122295352e-05, 0.000179611204658, 6.24488966423e-05, 2.12157283386e-05, 9.4797804195e-05, 3.00373030768e-05, 4.63561218567e-06, 1.19715887195e-05, 2.65699909505e-05, 9.11866573006e-06, 6.99894599165e-06, 9.14739121072e-06, 1.43017641676e-05, 1.32435825435e-05, 4.19256430177e-05, 5.23071721545e-05, 2.03117397177e-05, 3.83976203011e-06, 1.71234830759e-06, 1.68299735037e-07, 2.67937956266e-08, 1.24693562142e-08, 7.14391323875e-10, 1.11455948637e-10]
        dmean2: [1.2144653283e-08, 4.77239118482e-05, 8.92767056939e-05, 5.8310222812e-05, 0.000243176749791, 8.33257872728e-05, 2.86538997898e-05, 0.000147133861901, 3.90399800381e-05, 5.70155361856e-06, 1.60819690791e-05, 3.21294173773e-05, 1.41541058838e-05, 7.23518451196e-06, 1.29811660372e-05, 2.1643263608e-05, 1.8271333829e-05, 5.76895181439e-05, 7.14864800102e-05, 2.60525994236e-05, 5.89607407164e-06, 2.31682111007e-06, 2.18686849962e-07, 3.75761608495e-08, 1.74466947556e-08, 1.0363051528e-09, 2.03814853883e-10]
        dvar: [3.65313266401e-16, 1.73971415052e-08, 3.85714216122e-08, 5.25813037555e-09, 2.3741048949e-07, 3.18926574039e-08, 2.1743935541e-09, 4.00109655629e-07, 1.9964952358e-08, 5.61341008398e-11, 1.20915777391e-09, 4.93781504574e-09, 3.28708060771e-09, 5.06673591971e-10, 1.25408905483e-09, 4.18544710001e-09, 2.18612949965e-09, 2.48069031983e-08, 7.93949084255e-08, 4.23914769954e-09, 1.47706596954e-10, 3.29945376576e-11, 2.92524603715e-13, 7.54908542768e-15, 1.15781304137e-15, 4.70298996659e-18, 1.0070883245e-19]
        dvar2: [7.96946618534e-16, 2.42238922255e-08, 5.49640368774e-08, 1.55308104155e-08, 3.259360426e-07, 5.76974947819e-08, 4.00288469038e-09, 9.0803752073e-07, 3.56094247422e-08, 8.46508557695e-11, 2.38943553832e-09, 7.08785119485e-09, 5.48839151904e-09, 4.45826625617e-10, 2.4165855983e-09, 7.4875980971e-09, 3.49570772329e-09, 4.04470732462e-08, 1.4115897784e-07, 6.41921893418e-09, 3.4673300342e-10, 4.95383595256e-11, 4.74825961969e-13, 1.65728687691e-14, 2.37074844585e-15, 1.0159907085e-17, 2.89529887253e-19]
        max: [1.97078193764e-07, 0.00218135979958, 0.00239385291934, 0.00108705204912, 0.0101385563612, 0.00337769393809, 0.000962243939284, 0.0124672120437, 0.00240989169106, 0.000130186846945, 0.000524482224137, 0.00132000353187, 0.00109423615504, 0.000846566923428, 0.000460455252323, 0.00105465005618, 0.000768775003962, 0.00297930557281, 0.00438126642257, 0.000821237801574, 0.000130889064167, 8.82847743924e-05, 8.61264379637e-06, 1.2731482002e-06, 3.82012103728e-07, 2.72754281383e-08, 3.10965897476e-09]
        mean: [9.4526431127e-09, 6.56384945614e-05, 0.000116796640214, 0.00014711546828, 0.000936855736654, 0.000258406507783, 6.62678285153e-05, 0.000283721194137, 9.13130788831e-05, 1.34535366669e-05, 2.75053243968e-05, 9.18989971979e-05, 1.65245510289e-05, 2.91070300591e-05, 2.02738265216e-05, 3.81677091355e-05, 3.61304373655e-05, 0.000119417891256, 0.000135086796945, 5.76233687752e-05, 8.96225992619e-06, 4.52707809018e-06, 3.52124772007e-07, 5.39627542651e-08, 2.57554262362e-08, 1.10573539214e-09, 8.80808689874e-11]
        min: [8.40077139797e-12, 7.1489054676e-09, 6.10702812764e-08, 1.97652354927e-07, 2.81027269011e-07, 1.22135674019e-07, 6.37865582576e-08, 5.7106518625e-08, 4.70359999838e-08, 6.66951507355e-08, 3.58985352555e-09, 2.86270118721e-08, 9.60481116863e-09, 1.23818653108e-08, 2.29951737651e-08, 9.66412105896e-09, 4.58476563381e-08, 9.2272330221e-08, 1.2337801536e-07, 1.26770004272e-07, 6.31823340314e-08, 1.48802259403e-08, 4.6692636424e-09, 2.5613571264e-09, 1.55067236829e-09, 4.6707377549e-11, 4.00517936687e-14]
        var: [5.16741608016e-16, 4.87453029052e-08, 9.56590540113e-08, 3.89102332576e-08, 3.02476496472e-06, 3.13227445758e-07, 1.14476712554e-08, 9.09700133889e-07, 9.08082711248e-08, 3.87802095991e-10, 2.96446045489e-09, 4.26350688087e-08, 6.98816915445e-09, 1.07418918205e-08, 2.93105251181e-09, 1.11240145984e-08, 1.11442872708e-08, 1.20854167562e-07, 2.06333609754e-07, 2.37107879997e-08, 4.95986807181e-10, 1.47176007492e-10, 9.80719628771e-13, 1.39077549865e-14, 2.25400168297e-15, 6.06905434639e-18, 7.37409091742e-20]
    mfcc:
        mean: [-869.691223145, 167.034500122, -32.0098876953, 53.9029312134, -22.5092525482, -5.79676103592, -4.90955162048, -9.71739673615, -10.0804519653, -16.0797748566, -4.28896331787, -4.6714963913, -2.68000555038]
        cov: [[6285.54589844, -872.419372559, -2292.62036133, 417.7996521, -62.7717666626, -19.945810318, -106.942062378, 97.250328064, -315.354980469, -180.226547241, 163.148590088, -192.826721191, 122.627792358], [-872.419372559, 584.48425293, 367.264862061, -109.569198608, 93.026473999, 75.5639801025, 73.0098724365, 43.6337051392, 119.314331055, 18.6039028168, -22.6477909088, 104.084068298, 23.89021492], [-2292.62036133, 367.264862061, 1400.89880371, -90.1226043701, 103.898269653, 132.854019165, 168.383651733, 8.59076690674, 169.443695068, 116.366317749, -82.96875, 43.8770828247, -56.3736724854], [417.7996521, -109.569198608, -90.1226043701, 274.702178955, 88.106590271, 77.3693313599, 44.4933853149, 30.4832057953, -24.6748867035, -29.9454174042, 7.73265123367, -41.611946106, 0.210284352303], [-62.7717666626, 93.026473999, 103.898269653, 88.106590271, 166.108093262, 107.64352417, 79.8045120239, 43.4097862244, 25.2177410126, -8.74342060089, -19.6425247192, 15.4950256348, -10.7388486862], [-19.945810318, 75.5639801025, 132.854019165, 77.3693313599, 107.64352417, 196.200546265, 98.1668548584, 39.9946136475, 45.9522514343, -10.3003425598, -33.0778160095, -17.538860321, 7.09131193161], [-106.942062378, 73.0098724365, 168.383651733, 44.4933853149, 79.8045120239, 98.1668548584, 123.678153992, 52.448009491, 27.1851654053, 0.232257634401, -25.3953723907, -6.49597406387, -17.6657924652], [97.250328064, 43.6337051392, 8.59076690674, 30.4832057953, 43.4097862244, 39.9946136475, 52.448009491, 77.8852844238, 51.982460022, 18.6582393646, 9.42043399811, 12.268157959, 14.2660694122], [-315.354980469, 119.314331055, 169.443695068, -24.6748867035, 25.2177410126, 45.9522514343, 27.1851654053, 51.982460022, 148.609390259, 90.0263290405, 32.0887794495, 53.9600448608, 46.7137107849], [-180.226547241, 18.6039028168, 116.366317749, -29.9454174042, -8.74342060089, -10.3003425598, 0.232257634401, 18.6582393646, 90.0263290405, 138.100067139, 83.0501022339, 38.5406532288, 39.8125686646], [163.148590088, -22.6477909088, -82.96875, 7.73265123367, -19.6425247192, -33.0778160095, -25.3953723907, 9.42043399811, 32.0887794495, 83.0501022339, 114.923500061, 47.23179245, 48.3120155334], [-192.826721191, 104.084068298, 43.8770828247, -41.611946106, 15.4950256348, -17.538860321, -6.49597406387, 12.268157959, 53.9600448608, 38.5406532288, 47.23179245, 117.524902344, 69.1315155029], [122.627792358, 23.89021492, -56.3736724854, 0.210284352303, -10.7388486862, 7.09131193161, -17.6657924652, 14.2660694122, 46.7137107849, 39.8125686646, 48.3120155334, 69.1315155029, 114.372764587]]
        icov: [[0.000575631391257, 0.000250735785812, 0.00080290925689, -7.0606416557e-05, -8.11909485492e-05, -0.000256364990491, -0.000426022044849, -0.000774226908106, 0.000576553225983, 1.82878884516e-05, -0.000486528180772, 0.000793793180492, -0.00075076892972], [0.000250735785812, 0.00338437641039, -0.000171129198861, 0.00161046441644, -0.00164384557866, -0.000104481121525, -0.00079413066851, -0.000157649978064, -0.00222290656529, 0.00288169179112, -0.00133902800735, -0.00103684701025, -0.00021679890051], [0.00080290925689, -0.000171129198861, 0.00273819966242, -0.00042480364209, 0.000249860604526, -0.000364041276043, -0.00275776977651, 0.00128166854847, -4.58835493191e-05, -0.002693106886, 0.00197684997693, -4.69529404654e-05, 0.000135053356644], [-7.0606416557e-05, 0.00161046441644, -0.00042480364209, 0.0071526626125, -0.00485381530598, 0.000184708682355, -0.000846846727654, -0.000208762954571, -0.00139627663884, 0.00487510859966, -0.00515640433878, 0.00451296800748, -0.00273160682991], [-8.11909485492e-05, -0.00164384557866, 0.000249860604526, -0.00485381530598, 0.0160702522844, -0.00714951520786, 3.3284737583e-05, -0.00458142906427, 0.00469378335401, -0.00543375592679, 0.00510153081268, -0.0095492079854, 0.00668262690306], [-0.000256364990491, -0.000104481121525, -0.000364041276043, 0.000184708682355, -0.00714951520786, 0.0156283639371, -0.00971562508494, 0.00738993892446, -0.0088920565322, 0.00648961728439, -0.00232557067648, 0.00878962222487, -0.00690343277529], [-0.000426022044849, -0.00079413066851, -0.00275776977651, -0.000846846727654, 3.3284737583e-05, -0.00971562508494, 0.0263341963291, -0.0167352277786, 0.00925981067121, -0.00546015426517, 0.0039755133912, -0.00469575030729, 0.00530303502455], [-0.000774226908106, -0.000157649978064, 0.00128166854847, -0.000208762954571, -0.00458142906427, 0.00738993892446, -0.0167352277786, 0.0341527834535, -0.0175214689225, 0.00686145108193, -0.00398469250649, 0.00435157492757, -0.00241725402884], [0.000576553225983, -0.00222290656529, -4.58835493191e-05, -0.00139627663884, 0.00469378335401, -0.0088920565322, 0.00925981067121, -0.0175214689225, 0.0285001918674, -0.0196198932827, 0.0099155344069, -0.007942404598, 0.000235348066781], [1.82878884516e-05, 0.00288169179112, -0.002693106886, 0.00487510859966, -0.00543375592679, 0.00648961728439, -0.00546015426517, 0.00686145108193, -0.0196198932827, 0.0358663126826, -0.0255234483629, 0.0114152943715, -0.00515968771651], [-0.000486528180772, -0.00133902800735, 0.00197684997693, -0.00515640433878, 0.00510153081268, -0.00232557067648, 0.0039755133912, -0.00398469250649, 0.0099155344069, -0.0255234483629, 0.0323081277311, -0.0133654419333, 0.00278559094295], [0.000793793180492, -0.00103684701025, -4.69529404654e-05, 0.00451296800748, -0.0095492079854, 0.00878962222487, -0.00469575030729, 0.00435157492757, -0.007942404598, 0.0114152943715, -0.0133654419333, 0.0288157407194, -0.0158769916743], [-0.00075076892972, -0.00021679890051, 0.000135053356644, -0.00273160682991, 0.00668262690306, -0.00690343277529, 0.00530303502455, -0.00241725402884, 0.000235348066781, -0.00515968771651, 0.00278559094295, -0.0158769916743, 0.0219612326473]]
    spectral_contrast:
        mean: [2.31786174254e-07, -1.81007322908e-07, -3.61527241921e-07, 2.71215068182e-08, -4.2308155912e-07, -2.41621638253e-08, 1.35471748308e-06, 3.62119112651e-06, 1.25267234807e-07, 1.72379975538e-06, -9.70664402189e-08, 9.9266799225e-07]
        var: [0.000343734165654, 0.000748332124203, 0.00245361798443, 0.0028417063877, 0.00811845250428, 0.011579643935, 0.0320476256311, 0.0813962742686, 0.100868590176, 0.204059809446, 0.509922206402, 1.7850663662]

rhythm:
    beats_loudness:
        dmean: 0.00253403768875
        dmean2: 0.00435860967264
        dvar: 5.06469632455e-06
        dvar2: 1.14539398055e-05
        max: 0.00805884320289
        mean: 0.00257804128341
        min: 0.000250510463957
        var: 6.03094395046e-06
    beats_loudness_bass:
        dmean: 0.0913364440203
        dmean2: 0.146506533027
        dvar: 0.014049350284
        dvar2: 0.0316115729511
        max: 0.480755865574
        mean: 0.1427115798
        min: 0.00332695129327
        var: 0.0237017385662
    bpm: 99.5770645142
    bpm_confidence: 0
    first_peak_bpm: 100
    first_peak_spread: 0
    first_peak_weight: 0.5625
    onset_rate: 2.40510463715
    second_peak_bpm: 121
    second_peak_spread: 0
    second_peak_weight: 0.375
    beats_position: [0.370747119188, 0.973298788071, 1.57585036755, 2.17840194702, 2.78095364571, 3.38350558281, 3.98605728149, 4.58860874176, 5.19116067886, 5.79371213913, 6.52629089355, 7.02417135239, 7.52205133438, 8.01993179321, 8.51781177521, 9.0156917572, 9.51357269287]
    bpm_estimates: [99.8010177612, 99.3450317383, 99.5444030762, 99.8809051514, 99.3139572144]
    bpm_intervals: [0.602551698685, 0.602551579475, 0.602551579475, 0.602551698685, 0.602551937103, 0.602551698685, 0.602551460266, 0.602551937103, 0.602551460266, 0.732578754425, 0.497880458832, 0.497879981995, 0.497880458832, 0.497879981995, 0.497879981995, 0.497880935669]
    onset_times: [0.0812698379159, 0.255419492722, 0.359909296036, 1.16099774837, 1.34675741196, 1.46285712719, 2.57741498947, 2.9837641716, 3.34367346764, 3.49460315704, 3.76163268089, 4.88780021667, 5.32897949219, 5.60761928558, 6.1648979187, 6.28099775314, 6.65251684189, 6.80344676971, 7.11691617966, 7.51165533066, 7.6277551651, 8.3011341095, 8.6958732605, 9.38086128235]
    rubato_start: [7.02417135239]
    rubato_stop: [9.51357269287]
    perceptual_tempo: "unknown"

sfx:
    inharmonicity:
        dmean: 0.0100882956758
        dmean2: 0.0182222649455
        dvar: 0.00066950643668
        dvar2: 0.00189658231102
        max: 0.312942355871
        mean: 0.00925380177796
        min: 1.18431953524e-05
        var: 0.000488250894705
    oddtoevenharmonicenergyratio:
        dmean: 3.44043946266
        dmean2: 6.52458381653
        dvar: 703.622314453
        dvar2: 2103.93457031
        max: 383.863098145
        mean: 3.11796522141
        min: 3.14750577672e-05
        var: 368.625488281
    pitch_after_max_to_before_max_energy_ratio: 0.366131275892
    pitch_centroid: 215.71635437
    pitch_max_to_total: 0.997663557529
    pitch_min_to_total: 0.757009327412
    tristimulus:
        dmean: [0.116903670132, 0.121249064803, 0.0239782743156]
        dmean2: [0.208503752947, 0.216774374247, 0.0425770916045]
        dvar: [0.0389399304986, 0.0407310761511, 0.00256760860793]
        dvar2: [0.104797571898, 0.111364103854, 0.00793101172894]
        max: [0.993533730507, 0.973683297634, 0.649412333965]
        mean: [0.582978665829, 0.376339018345, 0.0347828418016]
        min: [0.000814380298834, 0, 0]
        var: [0.0663405433297, 0.0662134960294, 0.00229881168343]

tonal:
    chords_changes_rate: 0.0558139532804
    chords_number_rate: 0.037209302187
    chords_strength:
        dmean: 0.0109203923494
        dmean2: 0.0067177824676
        dvar: 6.74871989759e-05
        dvar2: 6.20360733592e-05
        max: 0.708426475525
        mean: 0.523453235626
        min: 0.271339923143
        var: 0.0108555490151
    key_strength: 0.680573761463
    tuning_diatonic_strength: 0.55488049984
    tuning_equal_tempered_deviation: 0.0490174815059
    tuning_frequency: 437.718536377
    tuning_nontempered_energy_ratio: 0.663248300552
    hpcp:
        dmean: [0.0193627774715, 0.0321139469743, 0.049377836287, 0.0418041311204, 0.0345659740269, 0.0270394813269, 0.019214514643, 0.0287708230317, 0.0467841215432, 0.0377785339952, 0.0460790768266, 0.0337059572339, 0.0167025048286, 0.0142843667418, 0.0339282639325, 0.0330854430795, 0.0482627339661, 0.038256585598, 0.0320582725108, 0.0324037782848, 0.0197941567749, 0.0146214049309, 0.0236281454563, 0.0545447841287, 0.0526706241071, 0.0576979033649, 0.0201189219952, 0.0136739863083, 0.0165995843709, 0.0587394349277, 0.0567370429635, 0.079831302166, 0.0793186724186, 0.053269572556, 0.0484976992011, 0.0308331269771]
        dmean2: [0.0287282336503, 0.0555211380124, 0.0867399349809, 0.0660235881805, 0.0556838698685, 0.0487633608282, 0.0305103939027, 0.04645094648, 0.067092679441, 0.0561577752233, 0.0728844106197, 0.0526058077812, 0.0306876469404, 0.0254164896905, 0.046391826123, 0.0528629906476, 0.0637173429132, 0.054589945823, 0.0451096817851, 0.0467102155089, 0.0264688096941, 0.0197728518397, 0.035830590874, 0.0728364139795, 0.0890445560217, 0.0877500101924, 0.0336794704199, 0.0229787491262, 0.0270627420396, 0.0988982990384, 0.091430567205, 0.130153521895, 0.127483159304, 0.0862300693989, 0.0798250809312, 0.0511553324759]
        dvar: [0.0063478210941, 0.0118327364326, 0.0223359446973, 0.0106953382492, 0.00939615722746, 0.0122332395986, 0.00666218344122, 0.00769828725606, 0.0123180355877, 0.0118515780196, 0.0163077302277, 0.0115099688992, 0.00613728631288, 0.00735277542844, 0.0107226753607, 0.0134334620088, 0.0123409125954, 0.00944046676159, 0.0113845365122, 0.0110548622906, 0.00449571199715, 0.00322743505239, 0.00512669142336, 0.0118232872337, 0.0207910016179, 0.0132050011307, 0.00865698326379, 0.00340506667271, 0.00149864098057, 0.0191813502461, 0.0234183464199, 0.0225050710142, 0.0324825942516, 0.0223051849753, 0.0172526165843, 0.0131523823366]
        dvar2: [0.0146612552926, 0.033587820828, 0.0632206276059, 0.0221365727484, 0.0237941481173, 0.0350224561989, 0.0118942754343, 0.0145633332431, 0.0267998408526, 0.0216767583042, 0.0322754792869, 0.0234350599349, 0.0170850474387, 0.0198947638273, 0.0216784626245, 0.0238093286753, 0.0190709382296, 0.0126907695085, 0.0202662032098, 0.0218989420682, 0.00823370646685, 0.00449985545129, 0.00941045302898, 0.0212711468339, 0.0458491109312, 0.0302491169423, 0.0234976373613, 0.00921225640923, 0.00356763135642, 0.0531070418656, 0.0435541942716, 0.0465650632977, 0.0730358436704, 0.0384892113507, 0.0490391068161, 0.0372353307903]
        max: [1, 0.66162353754, 1, 1, 0.842064857483, 1, 1, 1, 1, 1, 1, 1, 1, 1, 0.933650910854, 1, 1, 1, 1, 1, 1, 1, 1, 1, 1, 1, 1, 0.622303664684, 0.289109885693, 1, 1, 1, 1, 1, 1, 1]
        mean: [0.0220317840576, 0.0245701428503, 0.0552013590932, 0.0857710018754, 0.0585225820541, 0.0280048344284, 0.0436683110893, 0.0438358560205, 0.099725432694, 0.186849817634, 0.136259973049, 0.0446696691215, 0.0167802255601, 0.010555639863, 0.0596979446709, 0.125409930944, 0.0982249975204, 0.0710194259882, 0.0887778624892, 0.0618581324816, 0.0347752980888, 0.0329440459609, 0.0441343784332, 0.158114761114, 0.226055622101, 0.107328154147, 0.0185282900929, 0.0128558082506, 0.0194883011281, 0.120170772076, 0.212330758572, 0.153673484921, 0.148223355412, 0.166179746389, 0.0826304331422, 0.0312456507236]
        min: [4.94588748552e-05, 6.45892723696e-05, 0.00019923497166, 0.000216933374759, 0.000129396721604, 9.9788812804e-05, 0.000125151505927, 0.000127239676658, 0.000273918587482, 0.000129386768094, 0.000194088395801, 0.00012431050709, 6.40000362182e-05, 2.37584681599e-05, 0.000137946466566, 9.97936804197e-05, 0.000155207424541, 8.11134304968e-05, 7.65980003052e-05, 5.21641559317e-05, 3.24092434312e-05, 3.39264988725e-05, 4.4497061026e-05, 0.000104825485323, 0.000155163812451, 5.20316571055e-05, 3.14942735713e-05, 4.1919418436e-05, 3.90258646803e-05, 6.31440198049e-05, 5.98750339122e-05, 0.000104359074612, 5.17060725542e-05, 3.5613476939e-05, 3.44895961462e-05, 8.40033753775e-05]
        var: [0.00754027301446, 0.00817046873271, 0.0201911386102, 0.0296630654484, 0.0154605600983, 0.0102654956281, 0.0286614485085, 0.0173167586327, 0.0412728413939, 0.121531918645, 0.0784083008766, 0.0200707390904, 0.00603659776971, 0.00494648888707, 0.0251146052033, 0.0854822769761, 0.0468688346446, 0.0348824560642, 0.0602028742433, 0.0349783077836, 0.0188717991114, 0.0207370705903, 0.0226981602609, 0.0784401148558, 0.131729111075, 0.0342126823962, 0.00576262269169, 0.00235126097687, 0.00187619647477, 0.0433379597962, 0.132259398699, 0.0618200711906, 0.0716638341546, 0.0982799828053, 0.0271773673594, 0.0135973291472]
    chords_histogram: [35.8139533997, 8.83720970154, 9.76744174957, 0, 15.3488368988, 7.90697669983, 12.0930233002, 7.44186067581, 0, 0, 0.930232584476, 1.86046516895, 0, 0, 0, 0, 0, 0, 0, 0, 0, 0, 0, 0]
    thpcp: [1, 0.474786490202, 0.0819634124637, 0.056870110333, 0.086210206151, 0.531598269939, 0.939285457134, 0.679803848267, 0.655694186687, 0.735127687454, 0.365531414747, 0.13822107017, 0.0974617823958, 0.108690693974, 0.244193702936, 0.379424333572, 0.258885771036, 0.123884707689, 0.193175077438, 0.193916246295, 0.441154390574, 0.826565682888, 0.602771878242, 0.197604775429, 0.0742305144668, 0.0466948784888, 0.264085203409, 0.554774641991, 0.434516936541, 0.314167916775, 0.392725735903, 0.273641198874, 0.153835132718, 0.145734250546, 0.195236802101, 0.699450671673]
    chords_key: "F"
    chords_scale: "minor"
    key_key: "F"
    key_scale: "minor"
    chords_progression: ["Cm", "Cm", "Cm", "Cm", "Cm", "Cm", "Cm", "Em", "Em", "Fm", "Fm", "Fm", "Fm", "Fm", "Fm", "Fm", "Fm", "Fm", "Fm", "Fm", "Fm", "Fm", "A#", "A#", "A#", "A#", "A#", "A#", "Dm", "Dm", "Dm", "Dm", "Dm", "Dm", "Dm", "Dm", "Dm", "Dm", "Dm", "Dm", "Dm", "Dm", "Dm", "Dm", "Dm", "Dm", "Dm", "Dm", "Dm", "Dm", "Dm", "Dm", "Dm", "Dm", "A#", "A#", "A#", "A#", "A#", "A#", "A#", "A#", "A#", "A#", "A#", "Fm", "Fm", "Fm", "Fm", "Fm", "Fm", "Fm", "Fm", "Fm", "Fm", "Fm", "Fm", "Fm", "G", "G", "G", "G", "Gm", "Gm", "Gm", "Gm", "Gm", "Gm", "Gm", "Gm", "Gm", "Gm", "Gm", "Gm", "Gm", "Gm", "Gm", "Gm", "Gm", "Gm", "Gm", "Gm", "Gm", "Gm", "Gm", "Gm", "Gm", "Gm", "Gm", "Gm", "Gm", "Gm", "Gm", "Gm", "Gm", "Cm", "Cm", "Cm", "Cm", "Cm", "Cm", "Cm", "Cm", "Cm", "Cm", "Cm", "Cm", "Cm", "Cm", "G#", "G#", "G#", "G#", "G#", "G#", "G#", "G#", "G#", "G#", "G#", "G#", "G#", "G#", "G#", "G#", "G#", "G#", "G#", "Fm", "Fm", "Fm", "Fm", "Fm", "Fm", "Fm", "Fm", "Fm", "Fm", "Fm", "Fm", "Fm", "Fm", "Fm", "Fm", "Fm", "Fm", "Fm", "Fm", "Fm", "Fm", "Fm", "Fm", "Fm", "Fm", "Fm", "Fm", "Fm", "Fm", "Fm", "Fm", "Fm", "Fm", "Fm", "Fm", "Fm", "Fm", "Fm", "Fm", "Fm", "Fm", "Fm", "Fm", "Fm", "Fm", "Fm", "Fm", "Fm", "Fm", "Fm", "F", "F", "F", "F", "F", "F", "F", "F", "F", "F", "F", "F", "F", "F", "F", "F"]
