
metadata:
    version:
        essentia: "1.2.2"
    audio_properties:
        analysis_sample_rate: 44100
        bitrate: 128
        channels: 2
        equal_loudness: 1
        length: 10.0310201645
        replay_gain: -9.88012886047
        downmix: "mix"
    tags:
        track: 16
        year: 0
        album: "Splitted by Mp3Splt v. 2.1"
        artist: "From 002.30 To 002.40"
        comment: "http://mp3splt.sf.net"
        genre: ""
        title: "01 Jardin de Cecile.mp3"

highlevel:
    ballroom:
        all:
            ChaChaCha: 0.14887137711
            Jive: 0.0202770512551
            Quickstep: 0.0113838352263
            Rumba-American: 0.0233758687973
            Rumba-International: 0.520853281021
            Rumba-Misc: 0.112767055631
            Samba: 0.0764865875244
            Tango: 0.0294613894075
            VienneseWaltz: 0.037219747901
            Waltz: 0.0193037893623
        probability: 0.520853281021
        value: "Rumba-International"
    culture:
        all:
            non_western: 0.890452921391
            western: 0.109547100961
        probability: 0.890452921391
        value: "non_western"
    gender:
        all:
            female: 0.5
            male: 0.5
        probability: 0.5
        value: "female"
    genre_dortmund:
        all:
            alternative: 0.0492196530104
            blues: 0.0256462171674
            electronic: 0.46238848567
            folkcountry: 0.0651353895664
            funksoulrnb: 0.0163347925991
            jazz: 0.112938500941
            pop: 0.0625091940165
            raphiphop: 0.131538569927
            rock: 0.0742892026901
        probability: 0.46238848567
        value: "electronic"
    genre_electronica:
        all:
            ambient: 0.144813999534
            dnb: 0.00989249441773
            house: 0.364245951176
            techno: 0.323446273804
            trance: 0.157601267099
        probability: 0.364245951176
        value: "house"
    genre_rosamerica:
        all:
            cla: 0.0173206552863
            dan: 0.395743966103
            hip: 0.135449796915
            jaz: 0.0346216410398
            pop: 0.0322883911431
            rhy: 0.338417738676
            roc: 0.0345267280936
            spe: 0.0116310836747
        probability: 0.395743966103
        value: "dan"
    genre_tzanetakis:
        all:
            blu: 0.0210100933909
            cla: 0.0289220828563
            cou: 0.0273091960698
            dis: 0.0245778989047
            hip: 0.0364013202488
            jaz: 0.0223585367203
            met: 0.00638144928962
            pop: 0.150638148189
            reg: 0.641644835472
            roc: 0.0407564304769
        probability: 0.641644835472
        value: "reg"
    live_studio:
        all:
            live: 0.0116441501305
            studio: 0.988355875015
        probability: 0.988355875015
        value: "studio"
    mood:
        all:
            Cluster1: 0.483941406012
            Cluster2: 0.112657874823
            Cluster3: 0.207934439182
            Cluster4: 0.102345429361
            Cluster5: 0.0931208506227
        probability: 0.483941406012
        value: "Cluster1"
    mood_acoustic:
        all:
            acoustic: 0.643515527248
            not_acoustic: 0.356484502554
        probability: 0.643515527248
        value: "acoustic"
    mood_aggressive:
        all:
            aggressive: 0.00746202655137
            not_aggressive: 0.992537975311
        probability: 0.992537975311
        value: "not_aggressive"
    mood_electronic:
        all:
            electronic: 0.904286503792
            not_electronic: 0.0957134738564
        probability: 0.904286503792
        value: "electronic"
    mood_happy:
        all:
            happy: 0.126577988267
            not_happy: 0.873422026634
        probability: 0.873422026634
        value: "not_happy"
    mood_party:
        all:
            not_party: 0.87288749218
            party: 0.12711250782
        probability: 0.87288749218
        value: "not_party"
    mood_relaxed:
        all:
            not_relaxed: 0.123319394886
            relaxed: 0.876680612564
        probability: 0.876680612564
        value: "relaxed"
    mood_sad:
        all:
            not_sad: 0.264321833849
            sad: 0.735678195953
        probability: 0.735678195953
        value: "sad"
    rhythm:
        all:
            fast: 0.910704135895
            medium: 0.0681953579187
            slow: 0.0211005136371
        probability: 0.910704135895
        value: "fast"
    speech_music:
        all:
            music: 0.991058349609
            speech: 0.00894165504724
        probability: 0.991058349609
        value: "music"
    timbre:
        all:
            bright: 0.259139597416
            dark: 0.740860402584
        probability: 0.740860402584
        value: "dark"
    voice_instrumental:
        all:
            instrumental: 0.955684483051
            voice: 0.0443155393004
        probability: 0.955684483051
        value: "instrumental"

lowlevel:
    average_loudness: 0.968676030636
    barkbands_kurtosis:
        dmean: 3.62787747383
        dmean2: 6.04231786728
        dvar: 35.2333755493
        dvar2: 81.2334365845
        max: 56.7680244446
        mean: 3.38568425179
        min: -1.82413911819
        var: 39.2386474609
    barkbands_skewness:
        dmean: 0.795331180096
        dmean2: 1.22661375999
        dvar: 0.616914272308
        dvar2: 1.37311661243
        max: 6.96861505508
        mean: 1.4089782238
        min: -2.42485952377
        var: 1.16407263279
    barkbands_spread:
        dmean: 5.9502415657
        dmean2: 9.60725021362
        dvar: 41.6049423218
        dvar2: 112.666923523
        max: 58.7395591736
        mean: 15.5916929245
        min: 2.07914948463
        var: 85.8998565674
    dissonance:
        dmean: 0.0336194895208
        dmean2: 0.0544522367418
        dvar: 0.000836919993162
        dvar2: 0.0019853094127
        max: 0.497268646955
        mean: 0.432086229324
        min: 0.249022126198
        var: 0.00168838654645
    hfc:
        dmean: 0.82509803772
        dmean2: 1.25519776344
        dvar: 0.779604911804
        dvar2: 1.83880662918
        max: 8.82285308838
        mean: 1.89577281475
        min: 0.00294530414976
        var: 1.60573601723
    pitch:
        dmean: 233.591018677
        dmean2: 440.635650635
        dvar: 358667.09375
        dvar2: 886550.5
        max: 4410
        mean: 453.526763916
        min: 97.7827072144
        var: 488654.5625
    pitch_instantaneous_confidence:
        dmean: 0.136447623372
        dmean2: 0.227875992656
        dvar: 0.0118244942278
        dvar2: 0.0307661406696
        max: 0.951942682266
        mean: 0.545246064663
        min: 0.162291109562
        var: 0.0382563881576
    pitch_salience:
        dmean: 0.107474185526
        dmean2: 0.172883734107
        dvar: 0.00845820456743
        dvar2: 0.020275939256
        max: 0.826412200928
        mean: 0.486539721489
        min: 0.0823610946536
        var: 0.0191228613257
    silence_rate_20dB:
        dmean: 0
        dmean2: 0
        dvar: 0
        dvar2: 0
        max: 1
        mean: 1
        min: 1
        var: 0
    silence_rate_30dB:
        dmean: 0
        dmean2: 0
        dvar: 0
        dvar2: 0
        max: 1
        mean: 1
        min: 1
        var: 0
    silence_rate_60dB:
        dmean: 0.226851850748
        dmean2: 0.454756379128
        dvar: 0.175389483571
        dvar2: 0.331478565931
        max: 1
        mean: 0.572748243809
        min: 0
        var: 0.244707286358
    spectral_centroid:
        dmean: 219.768707275
        dmean2: 325.042175293
        dvar: 63701.671875
        dvar2: 140989.90625
        max: 3183.8671875
        mean: 665.319641113
        min: 156.91696167
        var: 126768.304688
    spectral_complexity:
        dmean: 2.07888627052
        dmean2: 3.11395359039
        dvar: 3.52974200249
        dvar2: 8.57538127899
        max: 18
        mean: 5.60185194016
        min: 0
        var: 7.29981040955
    spectral_crest:
        dmean: 3.60666394234
        dmean2: 6.04774188995
        dvar: 8.85723114014
        dvar2: 22.3483448029
        max: 23.9401054382
        mean: 11.3150148392
        min: 2.74032592773
        var: 21.9478473663
    spectral_decrease:
        dmean: 5.42369371637e-10
        dmean2: 7.92967191909e-10
        dvar: 4.26131863628e-19
        dvar2: 9.21918745482e-19
        max: -2.01121953293e-12
        mean: -8.97722340909e-10
        min: -5.38935207572e-09
        var: 6.57141023138e-19
    spectral_energy:
        dmean: 0.00210890988819
        dmean2: 0.00308629358187
        dvar: 6.35679862171e-06
        dvar2: 1.37493061629e-05
        max: 0.0209445469081
        mean: 0.00356016331352
        min: 7.85794327385e-06
        var: 9.89368891169e-06
    spectral_energyband_high:
        dmean: 1.45496978803e-05
        dmean2: 2.39143882936e-05
        dvar: 1.93369475987e-09
        dvar2: 4.44517178622e-09
        max: 0.000679043412674
        mean: 2.00670601771e-05
        min: 8.20117396216e-09
        var: 3.06265612871e-09
    spectral_energyband_low:
        dmean: 0.00077578733908
        dmean2: 0.00120581523515
        dvar: 1.06767959096e-06
        dvar2: 2.34378399e-06
        max: 0.00538598094136
        mean: 0.000835016486235
        min: 1.97339340957e-06
        var: 1.38117582082e-06
    spectral_energyband_middle_high:
        dmean: 0.000219111447223
        dmean2: 0.000346024084138
        dvar: 5.66384947831e-08
        dvar2: 1.34532143647e-07
        max: 0.00168622273486
        mean: 0.000517493230291
        min: 3.79712162157e-07
        var: 1.25304325138e-07
    spectral_energyband_middle_low:
        dmean: 0.00166681106202
        dmean2: 0.00266597908922
        dvar: 6.79279037286e-06
        dvar2: 1.57124304678e-05
        max: 0.0198286734521
        mean: 0.00218742480502
        min: 5.49663991478e-06
        var: 7.34036120775e-06
    spectral_flatness_db:
        dmean: 0.0365597382188
        dmean2: 0.0590396225452
        dvar: 0.00135607726406
        dvar2: 0.00309232086875
        max: 0.38799071312
        mean: 0.223962888122
        min: 0.059803403914
        var: 0.00321693322621
    spectral_flux:
        dmean: 0.0166664551944
        dmean2: 0.0255909971893
        dvar: 0.00025365233887
        dvar2: 0.000481412134832
        max: 0.122981205583
        mean: 0.0393795110285
        min: 0.00280320225284
        var: 0.000607323308941
    spectral_kurtosis:
        dmean: 7.85849237442
        dmean2: 12.8707265854
        dvar: 62.7326049805
        dvar2: 156.739364624
        max: 66.3926467896
        mean: 15.7169599533
        min: 0.248907566071
        var: 127.115516663
    spectral_rms:
        dmean: 0.000524840608705
        dmean2: 0.00074470078107
        dvar: 2.64597332489e-07
        dvar2: 5.53857034902e-07
        max: 0.00452036550269
        mean: 0.00170576851815
        min: 8.75573314261e-05
        var: 5.63681453514e-07
    spectral_rolloff:
        dmean: 448.050170898
        dmean2: 763.37713623
        dvar: 331724.4375
        dvar2: 716422.75
        max: 4672.70507812
        mean: 1104.87487793
        min: 129.19921875
        var: 616305.0625
    spectral_skewness:
        dmean: 0.634995818138
        dmean2: 1.05023741722
        dvar: 0.30470508337
        dvar2: 0.801467835903
        max: 5.93045663834
        mean: 2.62127041817
        min: 0.619517862797
        var: 0.779584109783
    spectral_spread:
        dmean: 904321.875
        dmean2: 1492618.625
        dvar: 2.81073523098e+12
        dvar2: 5.67156985037e+12
        max: 22348254
        mean: 2962323
        min: 1058844.5
        var: 3.88300432998e+12
    spectral_strongpeak:
        dmean: 0.231190189719
        dmean2: 0.386148005724
        dvar: 0.0728966146708
        dvar2: 0.178013473749
        max: 1.92717158794
        mean: 0.418141543865
        min: 0.00256822421215
        var: 0.144083380699
    zerocrossingrate:
        dmean: 0.00873015169054
        dmean2: 0.0107807954773
        dvar: 6.7478424171e-05
        dvar2: 0.000122349403682
        max: 0.14599609375
        mean: 0.040310330689
        min: 0.009765625
        var: 0.000319696380757
    barkbands:
        dmean: [2.01599527827e-06, 0.000156195063028, 0.000746311969124, 0.000740076997317, 0.000746039615478, 0.000123543068185, 0.000218979184865, 0.000330475042574, 3.03307060676e-05, 3.5678192944e-05, 4.58999638795e-05, 3.1165254768e-05, 2.4766106435e-05, 4.51048435934e-05, 3.75748968509e-05, 2.96953821817e-05, 2.65034996119e-05, 3.87667460018e-05, 2.00017530005e-05, 1.65314850165e-05, 6.23331379757e-06, 1.38019515816e-06, 2.91460594326e-07, 3.33339215786e-07, 3.29458714532e-07, 4.12394065563e-08, 6.42856046174e-10]
        dmean2: [3.0395660815e-06, 0.000228038275964, 0.00121783290524, 0.00128747639246, 0.00137856195215, 0.000214086365304, 0.000313950877171, 0.000524011615198, 5.09280107508e-05, 5.10104619025e-05, 7.60142793297e-05, 5.508540562e-05, 4.21108452429e-05, 7.2569695476e-05, 6.25046741334e-05, 4.80195230921e-05, 4.38450515503e-05, 6.72264577588e-05, 3.26755725837e-05, 2.62460416707e-05, 1.05654844447e-05, 2.33975288211e-06, 5.28712121195e-07, 6.31749060176e-07, 6.0121436718e-07, 7.4854874299e-08, 7.91161358649e-10]
        dvar: [7.24473389266e-12, 3.56473108809e-08, 1.20676679671e-06, 2.61091417997e-06, 3.75904164684e-06, 1.95640303957e-08, 2.45874417715e-07, 3.68844297327e-07, 1.48266043887e-09, 3.43875927733e-09, 4.53208715001e-09, 3.37691030694e-09, 1.23049359591e-09, 3.69900887698e-09, 4.09459266493e-09, 1.86154314186e-09, 9.43492173278e-10, 6.94156021552e-09, 2.40375541694e-09, 1.91593962917e-09, 4.61698596022e-10, 2.37238007017e-11, 7.09415924442e-13, 9.06294950111e-13, 7.58534077563e-13, 1.18812320483e-14, 9.07559737908e-17]
        dvar2: [1.75977097477e-11, 7.3326440031e-08, 2.67755967798e-06, 6.82555719322e-06, 1.06081288322e-05, 4.71667149782e-08, 4.94856578825e-07, 8.55439623137e-07, 3.71766595286e-09, 6.84015910579e-09, 9.40658129167e-09, 9.80957715058e-09, 3.10613423871e-09, 8.4308240389e-09, 1.16827134633e-08, 4.65286564832e-09, 2.58351096072e-09, 1.90134148426e-08, 6.91224188998e-09, 4.10493816716e-09, 1.11758780008e-09, 5.78421581465e-11, 1.71487596259e-12, 2.61437334455e-12, 2.14071902566e-12, 3.33674196129e-14, 9.08682850657e-17]
        max: [2.65119197138e-05, 0.00110648793634, 0.005303140264, 0.00907685235143, 0.0134451212361, 0.00094691500999, 0.00658697495237, 0.00632728682831, 0.000348682486219, 0.000608692760579, 0.000538793101441, 0.000474487285828, 0.000304568384308, 0.000514945888426, 0.000702465127688, 0.000444656499894, 0.000246829120442, 0.000659290992189, 0.000664367631543, 0.000772805477027, 0.000314680917654, 6.819509872e-05, 9.97910046863e-06, 6.93230413162e-06, 6.12706617176e-06, 5.50365655272e-07, 1.98222437575e-07]
        mean: [3.66281324204e-06, 0.000203360163141, 0.000628157809842, 0.000519297842402, 0.000542830734048, 0.000141826472827, 0.000340909085935, 0.000596228870563, 4.43199496658e-05, 5.84004446864e-05, 0.000100562399894, 3.28758906107e-05, 3.22989835695e-05, 6.63991668262e-05, 5.45790608157e-05, 4.1364779463e-05, 3.66988060705e-05, 5.61063025089e-05, 2.55908271356e-05, 2.36513296841e-05, 8.43758334668e-06, 1.81778136721e-06, 2.71414904773e-07, 2.17625526489e-07, 2.66712106622e-07, 3.31199849768e-08, 6.18101181349e-10]
        min: [1.39868050475e-09, 3.95769603756e-07, 4.36484093314e-08, 5.31316430852e-08, 7.50668618821e-07, 3.56999635187e-07, 3.49297835101e-07, 1.10244025109e-06, 1.09613793597e-07, 1.080453913e-07, 1.69248828286e-08, 2.48778011525e-08, 2.96000539635e-08, 4.72433505649e-08, 3.22830828736e-08, 5.47788587824e-08, 3.49964546231e-09, 7.11999845748e-08, 1.438398467e-08, 1.87991453515e-08, 2.45618703154e-09, 3.86485787818e-10, 1.53458967755e-10, 1.65826657961e-11, 3.34535697755e-12, 4.98755171278e-13, 7.89175040421e-14]
        var: [2.30133932744e-11, 6.34320258541e-08, 1.26091981656e-06, 1.85995213542e-06, 2.25186545322e-06, 3.04607112867e-08, 5.18890658441e-07, 8.78983371422e-07, 2.77373235491e-09, 9.85772441453e-09, 1.23000907237e-08, 2.88658696945e-09, 1.66317426498e-09, 6.92397250646e-09, 6.11894179769e-09, 2.63845945092e-09, 1.4487950839e-09, 9.03487684667e-09, 3.0981992527e-09, 3.16191717253e-09, 5.9428012511e-10, 2.95628452274e-11, 6.83981300417e-13, 5.08128370109e-13, 5.61779409883e-13, 8.57183281874e-15, 9.06514512486e-17]
    mfcc:
        mean: [-818.110168457, 197.81149292, -63.8900489807, 50.4757537842, -5.90849590302, -4.8384771347, 1.98108386993, -5.16240024567, 1.55554556847, 4.73308515549, 3.51726984978, 0.902240097523, 3.46670508385]
        cov: [[2979.07275391, -1088.76721191, 482.595855713, 162.438537598, -154.517456055, 112.416542053, 38.3966255188, -63.0756797791, -180.04486084, -380.771179199, -148.62008667, -220.166442871, -190.364303589], [-1088.76721191, 1524.10388184, -526.573242188, 176.645721436, 155.986114502, 56.5588302612, -64.0596313477, 58.4457511902, 40.5696334839, 246.861236572, 49.3408737183, 125.429283142, 68.7587432861], [482.595855713, -526.573242188, 845.266906738, -20.0981960297, 70.4516983032, -27.1110401154, 145.157684326, -6.71980524063, 2.89362311363, -202.581497192, -77.2742462158, -135.146102905, -63.7485351562], [162.438537598, 176.645721436, -20.0981960297, 459.199249268, -69.066986084, 73.1744842529, -28.6730308533, 84.2534713745, -30.408449173, 58.5033187866, 13.813747406, 5.45879650116, -51.7286148071], [-154.517456055, 155.986114502, 70.4516983032, -69.066986084, 317.826965332, 36.9687042236, 73.0203704834, -29.8462142944, 49.0480575562, 32.1034202576, 0.567733883858, 35.4655151367, 35.065536499], [112.416542053, 56.5588302612, -27.1110401154, 73.1744842529, 36.9687042236, 202.754638672, 68.545211792, 12.1296415329, -0.0599558353424, -10.3096427917, -32.2653198242, -19.6222267151, 31.8759040833], [38.3966255188, -64.0596313477, 145.157684326, -28.6730308533, 73.0203704834, 68.545211792, 212.5650177, 33.7410964966, 73.0617828369, -46.1532783508, -60.425327301, -53.0655632019, 12.7226381302], [-63.0756797791, 58.4457511902, -6.71980524063, 84.2534713745, -29.8462142944, 12.1296415329, 33.7410964966, 102.10093689, 30.9503593445, 28.4606456757, 0.823723256588, 0.349539428949, -4.05497169495], [-180.04486084, 40.5696334839, 2.89362311363, -30.408449173, 49.0480575562, -0.0599558353424, 73.0617828369, 30.9503593445, 130.379699707, 63.3102493286, 22.6431484222, 17.6728057861, 23.1589183807], [-380.771179199, 246.861236572, -202.581497192, 58.5033187866, 32.1034202576, -10.3096427917, -46.1532783508, 28.4606456757, 63.3102493286, 214.669692993, 92.4846191406, 106.954277039, 40.1102676392], [-148.62008667, 49.3408737183, -77.2742462158, 13.813747406, 0.567733883858, -32.2653198242, -60.425327301, 0.823723256588, 22.6431484222, 92.4846191406, 115.002250671, 70.9108123779, 30.3828964233], [-220.166442871, 125.429283142, -135.146102905, 5.45879650116, 35.4655151367, -19.6222267151, -53.0655632019, 0.349539428949, 17.6728057861, 106.954277039, 70.9108123779, 117.121032715, 50.8082275391], [-190.364303589, 68.7587432861, -63.7485351562, -51.7286148071, 35.065536499, 31.8759040833, 12.7226381302, -4.05497169495, 23.1589183807, 40.1102676392, 30.3828964233, 50.8082275391, 115.853813171]]
        icov: [[0.000637934019323, 0.000397038471419, 5.46260307601e-05, -0.000373774149921, -7.69678154029e-05, -0.000410989974625, 5.68931900489e-05, 0.000264778907876, 0.000189983693417, 0.000671588757541, -7.21723117749e-05, -1.09379425339e-05, 0.000568371964619], [0.000397038471419, 0.00136059802026, 0.00065660540713, -0.000672678113915, -0.000892647658475, -5.30934012204e-05, 0.000314694829285, -0.000270497053862, 0.000202760405955, -0.000346574088326, 0.000594170938712, 0.00046772978385, -0.00013490152196], [5.46260307601e-05, 0.00065660540713, 0.00232382654212, -0.000735394423828, -0.0011624553008, 0.000985154067166, -0.000886018329766, -0.000108598789666, -0.000148953913595, 0.00145526812412, -0.000726620957721, 0.00139534310438, -7.07528815838e-05], [-0.000373774149921, -0.000672678113915, -0.000735394423828, 0.00405006157234, 0.000865147332661, -0.0018215959426, 0.000338294717949, -0.00274846027605, 0.00145280722063, -0.00173784571234, -0.000541519024409, -0.000602568266913, 0.00201228237711], [-7.69678154029e-05, -0.000892647658475, -0.0011624553008, 0.000865147332661, 0.00512962695211, -0.00102957664058, -0.00171242712531, 0.00223085144535, -0.000626505818218, -0.000523617432918, 0.000415695423726, -0.00305434083566, 0.000683783146087], [-0.000410989974625, -5.30934012204e-05, 0.000985154067166, -0.0018215959426, -0.00102957664058, 0.00795748457313, -0.00257417676039, 0.000596847559791, 0.00116440549027, -0.000609703129157, 0.001054297667, 0.00238933833316, -0.00383530068211], [5.68931900489e-05, 0.000314694829285, -0.000886018329766, 0.000338294717949, -0.00171242712531, -0.00257417676039, 0.0115975979716, -0.00302094989456, -0.0063066277653, 0.00111373804975, 0.00409643072635, 0.00231709796935, -0.00179793557618], [0.000264778907876, -0.000270497053862, -0.000108598789666, -0.00274846027605, 0.00223085144535, 0.000596847559791, -0.00302094989456, 0.0149513799697, -0.00257409038022, -0.000765200995374, 0.000588865252212, -0.000550843251403, 0.000190919468878], [0.000189983693417, 0.000202760405955, -0.000148953913595, 0.00145280722063, -0.000626505818218, 0.00116440549027, -0.0063066277653, -0.00257409038022, 0.0155662242323, -0.00565199693665, -0.0027991370298, 0.00196547526866, -5.24643473909e-05], [0.000671588757541, -0.000346574088326, 0.00145526812412, -0.00173784571234, -0.000523617432918, -0.000609703129157, 0.00111373804975, -0.000765200995374, -0.00565199693665, 0.0154323615134, -0.00469646975398, -0.00716448202729, 0.00167175836395], [-7.21723117749e-05, 0.000594170938712, -0.000726620957721, -0.000541519024409, 0.000415695423726, 0.001054297667, 0.00409643072635, 0.000588865252212, -0.0027991370298, -0.00469646975398, 0.0184849146754, -0.00513295968994, -0.00236907484941], [-1.09379425339e-05, 0.00046772978385, 0.00139534310438, -0.000602568266913, -0.00305434083566, 0.00238933833316, 0.00231709796935, -0.000550843251403, 0.00196547526866, -0.00716448202729, -0.00513295968994, 0.0244649089873, -0.00709902029485], [0.000568371964619, -0.00013490152196, -7.07528815838e-05, 0.00201228237711, 0.000683783146087, -0.00383530068211, -0.00179793557618, 0.000190919468878, -5.24643473909e-05, 0.00167175836395, -0.00236907484941, -0.00709902029485, 0.0147238057107]]
    spectral_contrast:
        mean: [1.23219152215e-07, -2.32149403701e-07, 9.62366684121e-08, -1.34530836249e-07, -1.40112305758e-07, -2.42885477064e-07, -8.11699351289e-07, 3.644989647e-06, -1.48404524225e-06, 6.63929540679e-07, 8.54333222833e-07, 1.01162322608e-06]
        var: [0.000577408762183, 0.000930746784434, 0.00133224064484, 0.00279111741111, 0.0077239414677, 0.0112429773435, 0.102912865579, 0.180456861854, 0.228847503662, 0.485443115234, 0.81652122736, 2.17583346367]

rhythm:
    beats_loudness:
        dmean: 0.00171044364106
        dmean2: 0.00259543349966
        dvar: 1.80354038548e-06
        dvar2: 4.41364272774e-06
        max: 0.00955304410309
        mean: 0.00733390124515
        min: 0.00364660820924
        var: 2.50919015343e-06
    beats_loudness_bass:
        dmean: 0.106096677482
        dmean2: 0.205406159163
        dvar: 0.0102831637487
        dvar2: 0.0267073567957
        max: 0.965423285961
        mean: 0.736257314682
        min: 0.434489607811
        var: 0.0147738019004
    bpm: 140.650726318
    bpm_confidence: 0
    first_peak_bpm: 141
    first_peak_spread: 0
    first_peak_weight: 0.95454543829
    onset_rate: 5.98144578934
    second_peak_bpm: 131
    second_peak_spread: 0
    second_peak_weight: 0.0454545468092
    beats_position: [0.224028497934, 0.650744736195, 1.07746100426, 1.50417721272, 1.93089354038, 2.35760974884, 2.78432607651, 3.21104240417, 3.63775849342, 4.06447505951, 4.49119091034, 4.91790723801, 5.34462356567, 5.77133989334, 6.22971439362, 6.65621566772, 7.08271789551, 7.50922060013, 7.93572282791, 8.36222457886, 8.78872680664, 9.21522903442, 9.64173126221]
    bpm_estimates: [140.807754517, 141.162765503, 140.991989136, 140.316162109, 140.240142822, 140.256820679, 140.554199219, 140.545455933, 140.875152588, 140.811065674, 140.804702759, 140.916427612, 139.386001587, 141.325653076, 140.953414917, 140.83821106, 140.448516846, 140.569259644, 140.56022644]
    bpm_intervals: [0.42671623826, 0.426716268063, 0.426716208458, 0.426716327667, 0.426716208458, 0.426716327667, 0.426716327667, 0.426716089249, 0.426716566086, 0.42671585083, 0.426716327667, 0.426716327667, 0.426716327667, 0.458374500275, 0.426501274109, 0.426502227783, 0.42650270462, 0.426502227783, 0.426501750946, 0.426502227783, 0.426502227783, 0.426502227783]
    onset_times: [0.0464399084449, 0.232199549675, 0.441179126501, 0.580498874187, 0.650158703327, 0.777868509293, 0.870748281479, 0.99845802784, 1.07972788811, 1.2190476656, 1.31192743778, 1.50929701328, 1.72988665104, 1.86920630932, 1.93886625767, 2.06657600403, 2.17106580734, 2.36843538284, 2.5890250206, 2.7863945961, 3.01859402657, 3.12308382988, 3.20435380936, 3.39011335373, 3.45977330208, 3.65714287758, 3.77324271202, 3.86612248421, 4.07510185242, 4.33052158356, 4.5046710968, 4.72526073456, 4.86458063126, 4.94585037231, 5.16644001007, 5.36380958557, 5.49151945114, 5.79337882996, 6.01396846771, 6.22294807434, 6.33904743195, 6.64090681076, 6.87310647964, 6.90793657303, 7.08208608627, 7.27945566177, 7.44199562073, 7.51165533066, 7.61614513397, 7.94122457504, 8.15020370483, 8.35918331146, 8.48689365387, 8.59138298035, 8.78875255585, 9.21832180023, 9.43891143799, 9.64789104462, 9.89170074463, 10.0078001022]
    rubato_start: []
    rubato_stop: []
    perceptual_tempo: "unknown"

sfx:
    inharmonicity:
        dmean: 0.0324624069035
        dmean2: 0.0590709298849
        dvar: 0.00247713387944
        dvar2: 0.00699082063511
        max: 0.347302764654
        mean: 0.0254006292671
        min: 2.79417872662e-05
        var: 0.00199622521177
    oddtoevenharmonicenergyratio:
        dmean: 10.2859916687
        dmean2: 20.0135536194
        dvar: 1971.44030762
        dvar2: 5838.74755859
        max: 563.952941895
        mean: 5.67038536072
        min: 0.000232722130022
        var: 1032.25610352
    pitch_after_max_to_before_max_energy_ratio: 0.939314901829
    pitch_centroid: 194.518966675
    pitch_max_to_total: 0.349537044764
    pitch_min_to_total: 0.472222208977
    tristimulus:
        dmean: [0.264815479517, 0.25574657321, 0.0624971054494]
        dmean2: [0.462449580431, 0.446206629276, 0.111906424165]
        dvar: [0.0545651391149, 0.0515555106103, 0.00499626807868]
        dvar2: [0.128526687622, 0.133037447929, 0.0144418450072]
        max: [0.97313195467, 0.977786958218, 0.498962491751]
        mean: [0.556960523129, 0.365111976862, 0.0590080954134]
        min: [0.0106433499604, 0, 0]
        var: [0.0816984772682, 0.0712777450681, 0.00463999388739]

tonal:
    chords_changes_rate: 0.00921658985317
    chords_number_rate: 0.00921658985317
    chords_strength:
        dmean: 0.00756622478366
        dmean2: 0.010096761398
        dvar: 4.11964283558e-05
        dvar2: 6.66324922349e-05
        max: 0.711416363716
        mean: 0.55541318655
        min: 0.416558653116
        var: 0.0061099100858
    key_strength: 0.631770014763
    tuning_diatonic_strength: 0.52601224184
    tuning_equal_tempered_deviation: 0.0891563743353
    tuning_frequency: 443.572570801
    tuning_nontempered_energy_ratio: 0.678314864635
    hpcp:
        dmean: [0.178669139743, 0.116358809173, 0.0801825076342, 0.103451266885, 0.146154731512, 0.245799377561, 0.25962755084, 0.284869164228, 0.237079441547, 0.142915278673, 0.0884364172816, 0.111589260399, 0.139790773392, 0.104996100068, 0.168595775962, 0.23816972971, 0.198142811656, 0.0809260830283, 0.0649753883481, 0.0578300766647, 0.0660961270332, 0.0723410025239, 0.0600569434464, 0.0719404816628, 0.0863234475255, 0.096618309617, 0.147609084845, 0.193903461099, 0.193118751049, 0.130490958691, 0.0861634835601, 0.0713613256812, 0.0891812965274, 0.0703983083367, 0.0470791496336, 0.113651119173]
        dmean2: [0.32600620389, 0.21420417726, 0.155209988356, 0.199495270848, 0.266658514738, 0.414434820414, 0.443169891834, 0.497384220362, 0.442119061947, 0.256915837526, 0.161720007658, 0.199495479465, 0.25316619873, 0.184232845902, 0.278658360243, 0.432066559792, 0.358242630959, 0.146822750568, 0.120517730713, 0.10832605511, 0.127550154924, 0.13979691267, 0.11701221019, 0.139048308134, 0.167461514473, 0.177584409714, 0.259157538414, 0.328263580799, 0.344271928072, 0.249575152993, 0.16831497848, 0.137356162071, 0.173485085368, 0.132756829262, 0.0868763923645, 0.204188719392]
        dvar: [0.0628194138408, 0.0406563431025, 0.0327758379281, 0.0400957167149, 0.0490631498396, 0.0459308214486, 0.0687975138426, 0.0676223784685, 0.0790711790323, 0.0524963475764, 0.0263039395213, 0.0398822128773, 0.0573332309723, 0.0209030862898, 0.0332778804004, 0.0810698866844, 0.0501076877117, 0.0181168615818, 0.0210155975074, 0.021301638335, 0.0313864313066, 0.0333614684641, 0.023722819984, 0.0280069727451, 0.0455006919801, 0.0294962488115, 0.0476659610868, 0.0525439530611, 0.0527374185622, 0.0521778650582, 0.0313001461327, 0.0189986657351, 0.040105573833, 0.0227373447269, 0.00840195920318, 0.0243024341762]
        dvar2: [0.175203531981, 0.118448056281, 0.101582691073, 0.11752025038, 0.135550186038, 0.135735958815, 0.163142859936, 0.174893990159, 0.214240536094, 0.142232447863, 0.0722474455833, 0.113487564027, 0.145577669144, 0.0540072359145, 0.0885948613286, 0.21488237381, 0.146474793553, 0.049722135067, 0.062727689743, 0.0643249005079, 0.0941598191857, 0.103998288512, 0.0712634250522, 0.0818117037416, 0.132748693228, 0.0822625979781, 0.132245019078, 0.135084107518, 0.128389939666, 0.149008870125, 0.0909096002579, 0.0569832511246, 0.118691973388, 0.0665823966265, 0.0254711527377, 0.0651736706495]
        max: [1, 1, 1, 1, 1, 1, 1, 1, 1, 1, 1, 1, 1, 0.817948102951, 1, 1, 1, 1, 1, 1, 1, 1, 1, 1, 1, 0.824557483196, 1, 1, 1, 1, 1, 1, 1, 1, 0.701806306839, 0.740742743015]
        mean: [0.180793270469, 0.102000541985, 0.0539094768465, 0.0682766735554, 0.102091521025, 0.327117741108, 0.535792589188, 0.377588301897, 0.172083541751, 0.103143982589, 0.0657691732049, 0.0959103927016, 0.142877534032, 0.116499230266, 0.237155720592, 0.393423616886, 0.236953422427, 0.0692881941795, 0.0556347444654, 0.0444966517389, 0.0457549877465, 0.0501608625054, 0.0405052192509, 0.0464165173471, 0.056633874774, 0.0693405866623, 0.135290130973, 0.222740769386, 0.192278832197, 0.0991115644574, 0.0560962036252, 0.0506078265607, 0.0624557174742, 0.0528670810163, 0.041647285223, 0.124732762575]
        min: [0.00073641911149, 0.000195960863493, 8.22141519166e-05, 6.97459909134e-05, 0.000139339390444, 0.00153506593779, 0.00271971034817, 0.00192146212794, 0.000487987708766, 0.000306130765239, 0.000206045864616, 0.000484993302962, 0.000346070562955, 0, 0, 0, 0.000448182836408, 0.000664743711241, 0.000172277053935, 0.000111669083708, 0, 0, 0, 0, 0.000522737915162, 0.00033803252154, 0.00392992887646, 0.00152119377162, 0.00250513292849, 0.000318632111885, 0.000145214915392, 0, 0.000652328482829, 0.000477011402836, 0.000639215286355, 0.0012230790453]
        var: [0.0689861476421, 0.0293976739049, 0.0199489463121, 0.0255257450044, 0.03491236642, 0.0757142677903, 0.137508139014, 0.0953259766102, 0.0654620826244, 0.0387221388519, 0.0181375499815, 0.0301886126399, 0.0654303506017, 0.0262576378882, 0.0633012205362, 0.159317970276, 0.0668981820345, 0.0126603450626, 0.0128050865605, 0.0122352261096, 0.0172731541097, 0.0180980265141, 0.0131390206516, 0.0162096209824, 0.0254249051213, 0.0196209810674, 0.03948591277, 0.0703879594803, 0.063479244709, 0.0337776467204, 0.0181207265705, 0.0118999583647, 0.0231726858765, 0.0136520564556, 0.005276190117, 0.0293586682528]
    chords_histogram: [75.1152038574, 0, 0, 0, 0, 0, 0, 24.8847923279, 0, 0, 0, 0, 0, 0, 0, 0, 0, 0, 0, 0, 0, 0, 0, 0]
    thpcp: [1, 0.704728484154, 0.321175664663, 0.192507296801, 0.122751183808, 0.179006561637, 0.266665756702, 0.217433452606, 0.442625969648, 0.734283447266, 0.442248404026, 0.129319056869, 0.103836342692, 0.0830482766032, 0.0853968262672, 0.0936199277639, 0.0755986943841, 0.0866315066814, 0.105701118708, 0.129416838288, 0.25250467658, 0.41572201252, 0.358868032694, 0.18498121202, 0.104697607458, 0.0944541394711, 0.116566970944, 0.0986707955599, 0.0777302384377, 0.232800468802, 0.337431460619, 0.190373182297, 0.100616313517, 0.127431169152, 0.190542981029, 0.610530555248]
    chords_key: "B"
    chords_scale: "minor"
    key_key: "B"
    key_scale: "minor"
    chords_progression: ["Bm", "Bm", "Bm", "Bm", "B", "B", "B", "B", "B", "B", "B", "B", "B", "B", "B", "B", "B", "B", "B", "B", "B", "B", "B", "B", "B", "B", "B", "B", "B", "B", "B", "B", "B", "B", "B", "B", "B", "B", "B", "B", "B", "B", "B", "B", "B", "B", "B", "B", "B", "B", "B", "B", "B", "B", "B", "B", "B", "B", "Bm", "Bm", "Bm", "Bm", "Bm", "Bm", "Bm", "Bm", "Bm", "Bm", "Bm", "Bm", "Bm", "Bm", "Bm", "Bm", "Bm", "Bm", "Bm", "Bm", "Bm", "Bm", "Bm", "Bm", "Bm", "Bm", "Bm", "Bm", "Bm", "Bm", "Bm", "Bm", "Bm", "Bm", "Bm", "Bm", "Bm", "Bm", "Bm", "Bm", "Bm", "Bm", "Bm", "Bm", "Bm", "Bm", "Bm", "Bm", "Bm", "Bm", "Bm", "Bm", "Bm", "Bm", "Bm", "Bm", "Bm", "Bm", "Bm", "Bm", "Bm", "Bm", "Bm", "Bm", "Bm", "Bm", "Bm", "Bm", "Bm", "Bm", "Bm", "Bm", "Bm", "Bm", "Bm", "Bm", "Bm", "Bm", "Bm", "Bm", "Bm", "Bm", "Bm", "Bm", "Bm", "Bm", "Bm", "Bm", "Bm", "Bm", "Bm", "Bm", "Bm", "Bm", "Bm", "Bm", "Bm", "Bm", "Bm", "Bm", "Bm", "Bm", "Bm", "Bm", "Bm", "Bm", "Bm", "Bm", "Bm", "Bm", "Bm", "Bm", "Bm", "Bm", "Bm", "Bm", "Bm", "Bm", "Bm", "Bm", "Bm", "Bm", "Bm", "Bm", "Bm", "Bm", "Bm", "Bm", "Bm", "Bm", "Bm", "Bm", "Bm", "Bm", "Bm", "Bm", "Bm", "Bm", "Bm", "Bm", "Bm", "Bm", "Bm", "Bm", "Bm", "Bm", "Bm", "Bm", "Bm", "Bm", "Bm", "Bm", "Bm", "Bm", "Bm", "Bm", "Bm", "Bm", "Bm"]
