
metadata:
    version:
        essentia: "1.2.2"
    audio_properties:
        analysis_sample_rate: 44100
        bitrate: 128
        channels: 2
        equal_loudness: 1
        length: 10.0048980713
        replay_gain: -6.74480056763
        downmix: "mix"
    tags:
        track: 24
        year: 0
        album: "Splitted by Mp3Splt v. 2.1"
        artist: "From 003.50 To 004.00"
        comment: "http://mp3splt.sf.net"
        genre: ""
        title: "06 Echoes of Primitive Ohio an"

highlevel:
    ballroom:
        all:
            ChaChaCha: 0.0432130806148
            Jive: 0.157461389899
            Quickstep: 0.142805740237
            Rumba-American: 0.284183382988
            Rumba-International: 0.0884162560105
            Rumba-Misc: 0.0465590506792
            Samba: 0.0667930319905
            Tango: 0.0402012877166
            VienneseWaltz: 0.0892247483134
            Waltz: 0.041142039001
        probability: 0.284183382988
        value: "Rumba-American"
    culture:
        all:
            non_western: 0.449459701777
            western: 0.550540268421
        probability: 0.550540268421
        value: "western"
    gender:
        all:
            female: 0.535569250584
            male: 0.464430749416
        probability: 0.535569250584
        value: "female"
    genre_dortmund:
        all:
            alternative: 0.0422151200473
            blues: 0.27143022418
            electronic: 0.0173494145274
            folkcountry: 0.142663583159
            funksoulrnb: 0.0266836378723
            jazz: 0.136278361082
            pop: 0.0648621618748
            raphiphop: 0.0265845041722
            rock: 0.271933019161
        probability: 0.271933019161
        value: "rock"
    genre_electronica:
        all:
            ambient: 0.864399790764
            dnb: 0.0736353844404
            house: 0.0238995086402
            techno: 0.00829008501023
            trance: 0.0297752283514
        probability: 0.864399790764
        value: "ambient"
    genre_rosamerica:
        all:
            cla: 0.0228824000806
            dan: 0.0297372210771
            hip: 0.0140707138926
            jaz: 0.0412264540792
            pop: 0.0417078062892
            rhy: 0.822127521038
            roc: 0.0239126253873
            spe: 0.0043352432549
        probability: 0.822127521038
        value: "rhy"
    genre_tzanetakis:
        all:
            blu: 0.0480875074863
            cla: 0.010911077261
            cou: 0.232548892498
            dis: 0.140089765191
            hip: 0.0356625691056
            jaz: 0.142183855176
            met: 0.00476322323084
            pop: 0.150366172194
            reg: 0.192458823323
            roc: 0.042928121984
        probability: 0.232548892498
        value: "cou"
    live_studio:
        all:
            live: 0.0267343465239
            studio: 0.973265647888
        probability: 0.973265647888
        value: "studio"
    mood:
        all:
            Cluster1: 0.103168100119
            Cluster2: 0.294652819633
            Cluster3: 0.1963634938
            Cluster4: 0.166923806071
            Cluster5: 0.238891765475
        probability: 0.294652819633
        value: "Cluster2"
    mood_acoustic:
        all:
            acoustic: 0.442332476377
            not_acoustic: 0.557667553425
        probability: 0.557667553425
        value: "not_acoustic"
    mood_aggressive:
        all:
            aggressive: 0.0153613658622
            not_aggressive: 0.984638631344
        probability: 0.984638631344
        value: "not_aggressive"
    mood_electronic:
        all:
            electronic: 0.0594897195697
            not_electronic: 0.94051027298
        probability: 0.94051027298
        value: "not_electronic"
    mood_happy:
        all:
            happy: 0.472629100084
            not_happy: 0.527370929718
        probability: 0.527370929718
        value: "not_happy"
    mood_party:
        all:
            not_party: 0.81237077713
            party: 0.187629237771
        probability: 0.81237077713
        value: "not_party"
    mood_relaxed:
        all:
            not_relaxed: 0.439598917961
            relaxed: 0.560401082039
        probability: 0.560401082039
        value: "relaxed"
    mood_sad:
        all:
            not_sad: 0.395494967699
            sad: 0.604505062103
        probability: 0.604505062103
        value: "sad"
    rhythm:
        all:
            fast: 0.828618466854
            medium: 0.167411237955
            slow: 0.00397030916065
        probability: 0.828618466854
        value: "fast"
    speech_music:
        all:
            music: 0.99997395277
            speech: 2.60681626969e-05
        probability: 0.99997395277
        value: "music"
    timbre:
        all:
            bright: 0.948953092098
            dark: 0.0510469004512
        probability: 0.948953092098
        value: "bright"
    voice_instrumental:
        all:
            instrumental: 0.032875072211
            voice: 0.967124938965
        probability: 0.967124938965
        value: "voice"

lowlevel:
    average_loudness: 0.920333385468
    barkbands_kurtosis:
        dmean: 2.44010210037
        dmean2: 3.90975451469
        dvar: 18.0457057953
        dvar2: 43.8505821228
        max: 44.2291297913
        mean: 2.43437600136
        min: -1.72730958462
        var: 36.9695053101
    barkbands_skewness:
        dmean: 0.568051218987
        dmean2: 0.857258379459
        dvar: 0.317542165518
        dvar2: 0.739323139191
        max: 5.48325634003
        mean: 0.954074323177
        min: -3.58849191666
        var: 1.91150867939
    barkbands_spread:
        dmean: 4.82815361023
        dmean2: 7.54968881607
        dvar: 24.4551372528
        dvar2: 53.3914871216
        max: 61.9475402832
        mean: 19.7179088593
        min: 2.26035094261
        var: 86.8767776489
    dissonance:
        dmean: 0.0308408997953
        dmean2: 0.0528580695391
        dvar: 0.000898347992916
        dvar2: 0.00258806766942
        max: 0.499143719673
        mean: 0.442999452353
        min: 0.267425209284
        var: 0.00136134261265
    hfc:
        dmean: 1.62919211388
        dmean2: 2.24900531769
        dvar: 7.53540420532
        dvar2: 13.7162771225
        max: 32.3105583191
        mean: 4.20403766632
        min: 0.0763255357742
        var: 29.860042572
    pitch:
        dmean: 283.059936523
        dmean2: 536.676818848
        dvar: 632716.25
        dvar2: 1650820.5
        max: 4410
        mean: 459.239074707
        min: 78.1914901733
        var: 488841.5625
    pitch_instantaneous_confidence:
        dmean: 0.101615265012
        dmean2: 0.151763767004
        dvar: 0.00933283753693
        dvar2: 0.0198821872473
        max: 0.963690876961
        mean: 0.571355879307
        min: 0.152232408524
        var: 0.044162556529
    pitch_salience:
        dmean: 0.0719807371497
        dmean2: 0.116710700095
        dvar: 0.00417040614411
        dvar2: 0.0102613577619
        max: 0.841018080711
        mean: 0.56361579895
        min: 0.265515565872
        var: 0.010525633581
    silence_rate_20dB:
        dmean: 0
        dmean2: 0
        dvar: 0
        dvar2: 0
        max: 1
        mean: 1
        min: 1
        var: 0
    silence_rate_30dB:
        dmean: 0
        dmean2: 0
        dvar: 0
        dvar2: 0
        max: 1
        mean: 1
        min: 1
        var: 0
    silence_rate_60dB:
        dmean: 0.120649650693
        dmean2: 0.241860464215
        dvar: 0.106093496084
        dvar2: 0.220573395491
        max: 1
        mean: 0.615740716457
        min: 0
        var: 0.236603081226
    spectral_centroid:
        dmean: 192.609664917
        dmean2: 297.564178467
        dvar: 38723.84375
        dvar2: 89104.0546875
        max: 2353.91210938
        mean: 957.097290039
        min: 227.488464355
        var: 178981.140625
    spectral_complexity:
        dmean: 2.09069776535
        dmean2: 3.21678328514
        dvar: 5.84991931915
        dvar2: 11.9133529663
        max: 25
        mean: 7.28074264526
        min: 0
        var: 16.2900810242
    spectral_crest:
        dmean: 2.8917901516
        dmean2: 4.76531648636
        dvar: 6.81330680847
        dvar2: 15.5077438354
        max: 24.5785331726
        mean: 10.9289045334
        min: 2.81227374077
        var: 19.0701999664
    spectral_decrease:
        dmean: 3.22700310917e-10
        dmean2: 4.75613104456e-10
        dvar: 1.61911027707e-19
        dvar2: 3.08517042732e-19
        max: -2.55551621531e-11
        mean: -8.71231919941e-10
        min: -4.25218749101e-09
        var: 5.8393714159e-19
    spectral_energy:
        dmean: 0.00135357351974
        dmean2: 0.00197150371969
        dvar: 3.02011403619e-06
        dvar2: 5.66941116631e-06
        max: 0.0189793948084
        mean: 0.00366954621859
        min: 0.000110257176857
        var: 1.12501647891e-05
    spectral_energyband_high:
        dmean: 3.45505031873e-05
        dmean2: 4.95618223795e-05
        dvar: 2.52836662717e-09
        dvar2: 5.0230730686e-09
        max: 0.000623747007921
        mean: 6.72645182931e-05
        min: 1.55640464072e-07
        var: 7.22453075142e-09
    spectral_energyband_low:
        dmean: 0.000150889900397
        dmean2: 0.000256753177382
        dvar: 9.36182331657e-08
        dvar2: 2.63195460093e-07
        max: 0.00209813984111
        mean: 0.000203300223802
        min: 2.140511981e-07
        var: 7.42056442959e-08
    spectral_energyband_middle_high:
        dmean: 0.000734826899134
        dmean2: 0.000989294843748
        dvar: 1.87598777757e-06
        dvar2: 3.28744090439e-06
        max: 0.0181635003537
        mean: 0.00183460651897
        min: 1.31571150632e-05
        var: 8.22201309347e-06
    spectral_energyband_middle_low:
        dmean: 0.000750072533265
        dmean2: 0.00119683379307
        dvar: 7.4753569379e-07
        dvar2: 1.71006138316e-06
        max: 0.00613081641495
        mean: 0.0015643730294
        min: 3.86585015804e-05
        var: 1.3880271581e-06
    spectral_flatness_db:
        dmean: 0.0262202080339
        dmean2: 0.0364964865148
        dvar: 0.000563048233744
        dvar2: 0.00117713725194
        max: 0.34395685792
        mean: 0.184637725353
        min: 0.0779543370008
        var: 0.00260457140394
    spectral_flux:
        dmean: 0.0116234933957
        dmean2: 0.0175213553011
        dvar: 0.000136278700666
        dvar2: 0.000292062148219
        max: 0.106746323407
        mean: 0.0324332565069
        min: 0.00564318150282
        var: 0.000399195356295
    spectral_kurtosis:
        dmean: 2.61327266693
        dmean2: 4.26804447174
        dvar: 11.9774103165
        dvar2: 29.9621047974
        max: 35.8109474182
        mean: 6.92322349548
        min: 0.61844420433
        var: 28.7205123901
    spectral_rms:
        dmean: 0.000352011440555
        dmean2: 0.000509181583766
        dvar: 1.43655526585e-07
        dvar2: 2.63421640057e-07
        max: 0.00430307816714
        mean: 0.00172831420787
        min: 0.000327975576511
        var: 5.92975709424e-07
    spectral_rolloff:
        dmean: 416.14151001
        dmean2: 696.089233398
        dvar: 335828.8125
        dvar2: 737353.1875
        max: 4844.97070312
        mean: 1642.46899414
        min: 193.798828125
        var: 764375.375
    spectral_skewness:
        dmean: 0.291387677193
        dmean2: 0.471701622009
        dvar: 0.089117243886
        dvar2: 0.227625757456
        max: 4.7592549324
        mean: 2.00345396996
        min: 0.865881562233
        var: 0.278347283602
    spectral_spread:
        dmean: 795365.9375
        dmean2: 1128479.75
        dvar: 745107357696
        dvar2: 1.4620548137e+12
        max: 9730253
        mean: 4791535
        min: 1177368.75
        var: 3.28837024973e+12
    spectral_strongpeak:
        dmean: 0.380374222994
        dmean2: 0.582000255585
        dvar: 0.41891336441
        dvar2: 0.831670582294
        max: 8.56832408905
        mean: 0.85066151619
        min: 0.00962036568671
        var: 1.50653934479
    zerocrossingrate:
        dmean: 0.00779660232365
        dmean2: 0.00926596205682
        dvar: 5.28033306182e-05
        dvar2: 7.10185486241e-05
        max: 0.13916015625
        mean: 0.0590242519975
        min: 0.0107421875
        var: 0.000437230279204
    barkbands:
        dmean: [1.08964755441e-07, 4.08773121308e-05, 0.000116445306048, 0.000158189213835, 0.000315779587254, 0.000158300332259, 9.2485883215e-05, 2.88921673928e-05, 0.000244931055931, 5.80995110795e-05, 6.0661113821e-05, 8.82278254721e-05, 0.000151888176333, 0.00019360553415, 0.000272676581517, 0.000136270013172, 9.20382590266e-05, 4.44495490228e-05, 3.70947600459e-05, 3.68498658645e-05, 1.56664627866e-05, 5.77261334911e-06, 1.5664924149e-06, 9.70460632743e-07, 4.7995240493e-07, 4.09633145182e-08, 3.36383337851e-10]
        dmean2: [1.76358625481e-07, 6.75524206599e-05, 0.000200675582164, 0.000275313563179, 0.000523993687239, 0.000244859693339, 0.000145623183926, 4.53572429251e-05, 0.000423363380833, 8.49966600072e-05, 9.62322737905e-05, 0.000125127276988, 0.000188637219253, 0.000291100615868, 0.000412832596339, 0.000207121556741, 0.00014564342564, 6.6840708314e-05, 5.77698046982e-05, 5.6488217524e-05, 2.42656169576e-05, 7.80005393608e-06, 2.24402401727e-06, 1.33507069222e-06, 6.78804383369e-07, 5.67565265897e-08, 5.51706513807e-10]
        dvar: [7.82844045122e-14, 6.01680305579e-09, 5.88175410599e-08, 7.85740112974e-08, 1.79040824833e-07, 5.40438804819e-08, 3.43731976216e-08, 2.10865747086e-09, 2.79015068827e-07, 3.93889756367e-08, 1.94933651443e-08, 9.77553682446e-08, 2.19822936742e-07, 6.33374838799e-07, 5.28135387867e-07, 1.78761155212e-07, 5.50910215225e-08, 1.46909275855e-08, 3.50431883511e-09, 3.03591085604e-09, 5.51319712105e-10, 9.27217955193e-11, 6.64328748262e-12, 3.15830933455e-12, 6.561951503e-13, 4.99341973681e-15, 2.74503272546e-19]
        dvar2: [1.70571754421e-13, 1.68135105838e-08, 1.65152286513e-07, 2.25978439516e-07, 4.47436917739e-07, 1.32734967906e-07, 8.08246767292e-08, 4.7904253897e-09, 7.43742475606e-07, 6.80471430314e-08, 5.02513195499e-08, 1.60361253165e-07, 2.87643615593e-07, 1.10166354261e-06, 1.20019967653e-06, 4.55489526985e-07, 1.34933273443e-07, 2.78184870695e-08, 8.22171486448e-09, 7.41294980955e-09, 1.27617516554e-09, 1.85617313186e-10, 1.35223022016e-11, 5.6255130762e-12, 1.35810113155e-12, 1.02153723509e-14, 6.16308027682e-19]
        max: [2.80178346657e-06, 0.000638644618448, 0.00173808960244, 0.00242185778916, 0.00456428620964, 0.00218924228102, 0.0026164969895, 0.000465749704745, 0.00429412024096, 0.00273047829978, 0.0013331330847, 0.00532628083602, 0.00670735351741, 0.0148923527449, 0.00842181406915, 0.00512589560822, 0.0026867936831, 0.00178972433787, 0.000522518996149, 0.00036553866812, 0.00027856224915, 0.000182022049557, 3.23724343616e-05, 3.03244432871e-05, 1.17928748296e-05, 1.09706002149e-06, 5.64846125428e-09]
        mean: [1.24162255588e-07, 6.36864715489e-05, 0.000139495648909, 0.000216376734897, 0.000563882873394, 0.000282527238596, 0.000200439186301, 4.31921944255e-05, 0.000245525123319, 8.90954979695e-05, 8.76182020875e-05, 0.000143103694427, 0.000312507268973, 0.000324837194057, 0.000426011858508, 0.000183770374861, 0.000115336828458, 7.29544117348e-05, 5.87515241932e-05, 5.69479780097e-05, 2.78804163827e-05, 1.03456904981e-05, 2.56559951595e-06, 1.66124959833e-06, 8.47205740229e-07, 6.49701590305e-08, 4.17516993201e-10]
        min: [5.03534297591e-11, 6.9983997264e-08, 7.42454489e-08, 1.71688625983e-07, 1.14827416837e-05, 1.47839114106e-06, 1.95721796103e-07, 2.0700210257e-07, 5.99790610067e-07, 3.88349405966e-07, 3.20239024632e-07, 1.63891897387e-07, 1.86557599591e-07, 1.45786984262e-07, 5.67283905184e-07, 7.51731334958e-08, 3.4724629927e-07, 3.72446038455e-07, 2.98931212228e-07, 1.49433972751e-07, 5.18414289274e-08, 1.34372371008e-08, 1.30156196931e-09, 6.13275263905e-10, 4.82186235384e-10, 3.80030243385e-11, 5.23140016549e-13]
        var: [7.4933081387e-14, 6.89990020675e-09, 4.67669849513e-08, 1.01044200562e-07, 4.56347237332e-07, 1.15866626516e-07, 1.64672087521e-07, 4.1716887722e-09, 3.33012678766e-07, 8.7528661652e-08, 2.71038711475e-08, 3.01487517618e-07, 1.03203672097e-06, 1.8883699795e-06, 1.23696406717e-06, 2.74805586287e-07, 7.57340643531e-08, 2.30994547934e-08, 6.13702821894e-09, 5.15401099577e-09, 1.42097011935e-09, 2.62349086899e-10, 1.62994878011e-11, 9.09629489787e-12, 1.58918722366e-12, 1.10451825773e-14, 3.88757853149e-19]
    mfcc:
        mean: [-765.427062988, 137.618728638, -39.3154945374, 43.0534133911, -4.66410112381, 4.58148670197, -5.24921226501, -13.677605629, -4.93042516708, -6.67521190643, -8.0493927002, -9.48519992828, -5.30231666565]
        cov: [[3592.21899414, -1168.87304688, -94.441368103, -393.71963501, 127.483627319, -218.453948975, -168.073242188, 28.1912784576, 112.553222656, 185.600494385, 88.6373825073, -10.9511260986, 26.1508979797], [-1168.87304688, 1266.09814453, -514.679931641, 190.1534729, 43.8513641357, 56.1553955078, 1.76069796085, -61.780796051, -53.0591506958, -64.9684906006, -69.1478118896, -27.7830314636, -1.14196896553], [-94.441368103, -514.679931641, 990.797973633, 132.502548218, -77.8529891968, 39.8894958496, 125.890335083, 103.381141663, 26.5269393921, 36.8480110168, 82.9275054932, 71.0117797852, -23.7468929291], [-393.71963501, 190.1534729, 132.502548218, 314.885650635, 47.9131736755, 30.8957462311, 43.9915466309, 11.8281269073, -14.5700902939, 14.262796402, 42.5274353027, 18.9547309875, -7.67437028885], [127.483627319, 43.8513641357, -77.8529891968, 47.9131736755, 261.395874023, 94.0391464233, -30.616399765, -37.8082427979, 1.63437020779, 31.4471969604, -6.89370441437, -4.7104845047, 3.38450479507], [-218.453948975, 56.1553955078, 39.8894958496, 30.8957462311, 94.0391464233, 167.666992188, 69.531791687, -17.930109024, -16.3795928955, 3.66129016876, 11.6260795593, 14.0614528656, -5.53749418259], [-168.073242188, 1.76069796085, 125.890335083, 43.9915466309, -30.616399765, 69.531791687, 150.078262329, 47.9566345215, -26.9515857697, 1.87384402752, 23.9304695129, 16.9981689453, -14.4585018158], [28.1912784576, -61.780796051, 103.381141663, 11.8281269073, -37.8082427979, -17.930109024, 47.9566345215, 91.7040939331, 27.2706642151, 1.90811979771, 1.39044737816, 1.20536565781, -6.27665710449], [112.553222656, -53.0591506958, 26.5269393921, -14.5700902939, 1.63437020779, -16.3795928955, -26.9515857697, 27.2706642151, 89.3940582275, 45.7934608459, -2.07668733597, -10.567946434, -0.984946429729], [185.600494385, -64.9684906006, 36.8480110168, 14.262796402, 31.4471969604, 3.66129016876, 1.87384402752, 1.90811979771, 45.7934608459, 97.154006958, 49.0590248108, 13.7493429184, -1.81961345673], [88.6373825073, -69.1478118896, 82.9275054932, 42.5274353027, -6.89370441437, 11.6260795593, 23.9304695129, 1.39044737816, -2.07668733597, 49.0590248108, 110.394294739, 66.5872802734, 3.36523747444], [-10.9511260986, -27.7830314636, 71.0117797852, 18.9547309875, -4.7104845047, 14.0614528656, 16.9981689453, 1.20536565781, -10.567946434, 13.7493429184, 66.5872802734, 104.989234924, 41.6546783447], [26.1508979797, -1.14196896553, -23.7468929291, -7.67437028885, 3.38450479507, -5.53749418259, -14.4585018158, -6.27665710449, -0.984946429729, -1.81961345673, 3.36523747444, 41.6546783447, 84.5176315308]]
        icov: [[0.000649058085401, 0.000544562877622, 0.000263446359895, 0.00050858623581, -0.0007584496052, 0.000967351195868, -8.53142919368e-05, -0.000302269472741, 0.000111958011985, -0.000619360536803, -0.000638256315142, 0.000365382933524, -0.000183255207958], [0.000544562877622, 0.00196339562535, 0.00122704473324, -0.00104645150714, -3.66440362995e-05, 8.87921487447e-05, -0.000215810621739, 4.72949905088e-05, 1.80054066732e-05, -0.000380963843782, 0.000899071455933, -0.000717646849807, 0.000391557608964], [0.000263446359895, 0.00122704473324, 0.00215299893171, -0.00122958456632, 0.00056652870262, -0.000547955278307, -0.000350922375219, -0.00105275155511, -0.000269920245046, -0.00041668250924, 0.000613053620327, -0.00143342278898, 0.000901480321772], [0.00050858623581, -0.00104645150714, -0.00122958456632, 0.00567053770646, -0.00252488837577, 0.00219347910024, -0.00113752030302, -0.000345260486938, 0.000296862126561, 0.000183078111149, -0.00378772127442, 0.00211519561708, -0.000861757958774], [-0.0007584496052, -3.66440362995e-05, 0.00056652870262, -0.00252488837577, 0.00852152053267, -0.00759784597903, 0.00540311494842, -0.0017332987627, 0.0030940095894, -0.00430013844743, 0.00416309200227, -0.00148740515579, 0.00063142523868], [0.000967351195868, 8.87921487447e-05, -0.000547955278307, 0.00219347910024, -0.00759784597903, 0.016133768484, -0.0110340062529, 0.00738030578941, -0.00519855087623, 0.00396296940744, -0.00304970075376, 0.000279248313745, -0.000222540402319], [-8.53142919368e-05, -0.000215810621739, -0.000350922375219, -0.00113752030302, 0.00540311494842, -0.0110340062529, 0.0195668395609, -0.0128769157454, 0.0113240517676, -0.00726994127035, 0.00177201943006, -0.000525286479387, 0.00143709185068], [-0.000302269472741, 4.72949905088e-05, -0.00105275155511, -0.000345260486938, -0.0017332987627, 0.00738030578941, -0.0128769157454, 0.0234310682863, -0.0129099227488, 0.00752232735977, -0.000444412464276, -0.0005627576611, 0.000163767035701], [0.000111958011985, 1.80054066732e-05, -0.000269920245046, 0.000296862126561, 0.0030940095894, -0.00519855087623, 0.0113240517676, -0.0129099227488, 0.0260244756937, -0.0162701196969, 0.006073679775, 0.000170540908584, 5.77919017815e-05], [-0.000619360536803, -0.000380963843782, -0.00041668250924, 0.000183078111149, -0.00430013844743, 0.00396296940744, -0.00726994127035, 0.00752232735977, -0.0162701196969, 0.0263256989419, -0.0132911494002, 0.00435244338587, -0.00140587356873], [-0.000638256315142, 0.000899071455933, 0.000613053620327, -0.00378772127442, 0.00416309200227, -0.00304970075376, 0.00177201943006, -0.000444412464276, 0.006073679775, -0.0132911494002, 0.0274663772434, -0.0171189680696, 0.0070696817711], [0.000365382933524, -0.000717646849807, -0.00143342278898, 0.00211519561708, -0.00148740515579, 0.000279248313745, -0.000525286479387, -0.0005627576611, 0.000170540908584, 0.00435244338587, -0.0171189680696, 0.024982932955, -0.0119227981195], [-0.000183255207958, 0.000391557608964, 0.000901480321772, -0.000861757958774, 0.00063142523868, -0.000222540402319, 0.00143709185068, 0.000163767035701, 5.77919017815e-05, -0.00140587356873, 0.0070696817711, -0.0119227981195, 0.0178521089256]]
    spectral_contrast:
        mean: [3.84474162729e-07, -1.32053330049e-07, 5.89477480162e-08, 3.40513992114e-07, 1.61976654312e-08, -7.19127939419e-08, -3.35735944645e-06, -4.28157733268e-07, 2.69389488494e-06, -1.91661433746e-06, -2.70972941507e-06, 4.95091944686e-06]
        var: [0.00044713972602, 0.000995030393824, 0.00370337092318, 0.00447362614796, 0.00580913526937, 0.0102529348806, 0.0637541487813, 0.0971644073725, 0.152128040791, 0.540099859238, 0.58616232872, 2.09932637215]

rhythm:
    beats_loudness:
        dmean: 0.00419113086537
        dmean2: 0.00744388159364
        dvar: 2.05167325475e-05
        dvar2: 6.77093485137e-05
        max: 0.020361257717
        mean: 0.00571651244536
        min: 0.00121633650269
        var: 1.8551825633e-05
    beats_loudness_bass:
        dmean: 0.0655681341887
        dmean2: 0.0955728217959
        dvar: 0.00449170451611
        dvar2: 0.0100287124515
        max: 0.405546754599
        mean: 0.0813406333327
        min: 0.00181136338506
        var: 0.0107307620347
    bpm: 137.598312378
    bpm_confidence: 0
    first_peak_bpm: 138
    first_peak_spread: 0.0454545617104
    first_peak_weight: 0.95454543829
    onset_rate: 4.79764986038
    second_peak_bpm: 0
    second_peak_spread: 0
    second_peak_weight: 0
    beats_position: [0.0241607818753, 0.460197687149, 0.896234571934, 1.33227145672, 1.7683082819, 2.20434522629, 2.64038205147, 3.07641887665, 3.51245594025, 3.94849300385, 4.38453006744, 4.82056713104, 5.25660419464, 5.69264125824, 6.13624572754, 6.57231283188, 7.00838136673, 7.44444847107, 7.88051700592, 8.3165845871, 8.75265312195, 9.18871974945, 9.6247882843]
    bpm_estimates: [137.71987915, 137.69052124, 137.121582031, 137.685409546, 137.936843872, 137.466674805, 137.45602417, 137.020065308, 137.710632324, 137.254684448, 137.439102173, 138.471359253, 137.584899902, 137.818893433]
    bpm_intervals: [0.436036914587, 0.436036884785, 0.436036884785, 0.43603682518, 0.436036944389, 0.43603682518, 0.43603682518, 0.436037063599, 0.436037063599, 0.436037063599, 0.436037063599, 0.436037063599, 0.436037063599, 0.443604469299, 0.43606710434, 0.436068534851, 0.43606710434, 0.436068534851, 0.436067581177, 0.436068534851, 0.436066627502, 0.436068534851]
    onset_times: [0.0348299331963, 0.208979591727, 0.383129239082, 0.429569154978, 0.661768734455, 0.882358253002, 1.10294783115, 1.31192743778, 1.53251695633, 1.764716506, 1.98530614376, 2.20589566231, 2.32199549675, 2.43809533119, 2.63546490669, 2.85605430603, 3.05342411995, 3.27401351929, 3.50621318817, 3.76163268089, 3.94739222527, 4.1679816246, 4.40018129349, 4.60916090012, 4.82975053787, 5.0387301445, 5.27092981339, 5.50312948227, 5.71210861206, 5.83981847763, 5.92108821869, 6.15328788757, 6.57124710083, 6.81505680084, 6.97759628296, 7.02403640747, 7.2330160141, 7.58131504059, 7.66258525848, 7.90639448166, 8.08054447174, 8.11537456512, 8.37079334259, 8.55655288696, 8.78875255585, 9.42730140686, 9.682721138, 9.90331077576]
    rubato_start: []
    rubato_stop: []
    perceptual_tempo: "unknown"

sfx:
    inharmonicity:
        dmean: 0.0316357500851
        dmean2: 0.0582237169147
        dvar: 0.0020666862838
        dvar2: 0.00557750696316
        max: 0.352163851261
        mean: 0.0302182100713
        min: 2.30458717851e-05
        var: 0.00180830468889
    oddtoevenharmonicenergyratio:
        dmean: 5.3054728508
        dmean2: 9.61962223053
        dvar: 341.093322754
        dvar2: 988.320129395
        max: 186.452697754
        mean: 3.83882260323
        min: 0.000264919275651
        var: 210.701522827
    pitch_after_max_to_before_max_energy_ratio: 1.8709911108
    pitch_centroid: 233.304702759
    pitch_max_to_total: 0.257540613413
    pitch_min_to_total: 0.201856151223
    tristimulus:
        dmean: [0.227705419064, 0.247262701392, 0.0653770118952]
        dmean2: [0.406006753445, 0.443663835526, 0.11770927161]
        dvar: [0.0446368195117, 0.051173787564, 0.0062277787365]
        dvar2: [0.125174805522, 0.141433045268, 0.0178304668516]
        max: [0.958177804947, 0.966115474701, 0.43472713232]
        mean: [0.413370251656, 0.496447712183, 0.0693606212735]
        min: [0.0149911819026, 0, 0]
        var: [0.0573103241622, 0.0628557950258, 0.00578293390572]

tonal:
    chords_changes_rate: 0.0276497695595
    chords_number_rate: 0.0276497695595
    chords_strength:
        dmean: 0.00845281314105
        dmean2: 0.00906614214182
        dvar: 5.00553251186e-05
        dvar2: 7.17349539627e-05
        max: 0.74566167593
        mean: 0.584541797638
        min: 0.46971014142
        var: 0.00453760800883
    key_strength: 0.607685744762
    tuning_diatonic_strength: 0.516275644302
    tuning_equal_tempered_deviation: 0.332363754511
    tuning_frequency: 446.657836914
    tuning_nontempered_energy_ratio: 0.96151971817
    hpcp:
        dmean: [0.126743808389, 0.143207535148, 0.16267350316, 0.138274252415, 0.123620927334, 0.0887738540769, 0.0638347268105, 0.0762559324503, 0.094842620194, 0.0882552340627, 0.0742781758308, 0.0965851917863, 0.0966093540192, 0.0801225751638, 0.0670957490802, 0.0506267994642, 0.0533016473055, 0.0944885313511, 0.108518317342, 0.089363001287, 0.0831323042512, 0.122937262058, 0.192700982094, 0.184328719974, 0.155970513821, 0.0896990224719, 0.0587553419173, 0.0508224405348, 0.0770468711853, 0.106276758015, 0.0858503803611, 0.131393328309, 0.168702974916, 0.147698357701, 0.168933257461, 0.135691583157]
        dmean2: [0.222453400493, 0.240984678268, 0.267201125622, 0.234436511993, 0.209847047925, 0.152246147394, 0.111195713282, 0.128945291042, 0.161007702351, 0.154370218515, 0.131915971637, 0.165243774652, 0.17065423727, 0.138174831867, 0.11327393353, 0.086128666997, 0.0936495140195, 0.145293563604, 0.176922246814, 0.153670221567, 0.138682574034, 0.213002681732, 0.319496721029, 0.304924309254, 0.270222067833, 0.158337160945, 0.104964390397, 0.0903627723455, 0.131810873747, 0.177217468619, 0.148586213589, 0.23040266335, 0.292217463255, 0.249144688249, 0.300668984652, 0.243745908141]
        dvar: [0.038605093956, 0.0452725328505, 0.0506396926939, 0.0335017889738, 0.0392790064216, 0.0216069538146, 0.0188657976687, 0.0167902186513, 0.029106201604, 0.0234533436596, 0.0176146123558, 0.0299450773746, 0.0225898418576, 0.0179982930422, 0.0131354760379, 0.00687930779532, 0.0118609173223, 0.029295001179, 0.0393022708595, 0.0274883136153, 0.0287168771029, 0.0341043509543, 0.0465683303773, 0.0440038144588, 0.0405657961965, 0.0264412723482, 0.0164617076516, 0.0156091237441, 0.0218704845756, 0.037555668503, 0.0227972697467, 0.0442903377116, 0.0595591403544, 0.0411291196942, 0.0605111084878, 0.0520109832287]
        dvar2: [0.107903629541, 0.108372434974, 0.112418293953, 0.0909657552838, 0.0910072401166, 0.0481437891722, 0.0532835461199, 0.0468140505254, 0.0796607583761, 0.0629993453622, 0.043312240392, 0.0653834566474, 0.0524063631892, 0.0441826358438, 0.0343841612339, 0.0177866350859, 0.0336478948593, 0.0686017870903, 0.0882062986493, 0.0743737518787, 0.0685711428523, 0.080982632935, 0.107212893665, 0.0912004187703, 0.101632274687, 0.0710368677974, 0.0454405136406, 0.0414293333888, 0.0574452318251, 0.100116513669, 0.0634777098894, 0.116177275777, 0.144466340542, 0.101081289351, 0.166533753276, 0.137609034777]
        max: [1, 1, 1, 1, 1, 1, 1, 0.970292389393, 1, 0.888938307762, 1, 1, 1, 1, 0.879864990711, 0.554890871048, 1, 1, 1, 1, 1, 1, 1, 1, 1, 1, 1, 1, 1, 1, 0.96234357357, 1, 1, 1, 1, 1]
        mean: [0.136164754629, 0.223259970546, 0.27340978384, 0.198822811246, 0.135981187224, 0.103563562036, 0.065933868289, 0.0779068470001, 0.105776898563, 0.0868981480598, 0.0753236711025, 0.111291654408, 0.113762289286, 0.0812245681882, 0.0679575875401, 0.0522711165249, 0.0535374470055, 0.105596266687, 0.117580920458, 0.0892543643713, 0.0932771712542, 0.15641027689, 0.344404518604, 0.407362401485, 0.217846497893, 0.0706626474857, 0.0423706173897, 0.0406302735209, 0.0783981010318, 0.113805681467, 0.0895541906357, 0.131986886263, 0.23502381146, 0.230004221201, 0.192740887403, 0.158092334867]
        min: [0.000552092446014, 0.00146633782424, 0.000474162632599, 0.000749824335799, 0.000859007064719, 0.00039238599129, 0.000263691938017, 0.000373649090761, 0.00089853029931, 0.00103185896296, 0.000607767084148, 0.000315868004691, 0.000388166547054, 0.000583734828979, 0.000291030097287, 0.000414917769376, 0.000592838565353, 0.000911369163077, 0.000673426256981, 0.000506520911586, 0.000231360580074, 0.000275748985587, 0.00100899219979, 0.0044987751171, 0.00155428529251, 0.000370676396415, 0.000412729685195, 0.000505944015458, 0.000433425127994, 0.000450356514193, 0.000686449639034, 0.000792712846305, 0.000901087594684, 0.00122093234677, 0.000382266211091, 0.000392484973418]
        var: [0.0483878105879, 0.0974452644587, 0.107169352472, 0.0658781006932, 0.0493109375238, 0.0385953895748, 0.0157608482987, 0.0143472133204, 0.0260668992996, 0.0194993522018, 0.0188982747495, 0.0383618213236, 0.0348126366735, 0.0211355164647, 0.0118821179494, 0.00587650388479, 0.00885548442602, 0.0357807390392, 0.0460226908326, 0.0348604880273, 0.0450576320291, 0.060047712177, 0.113372132182, 0.130822047591, 0.0598828941584, 0.0192930791527, 0.010768241249, 0.0106968386099, 0.0204416178167, 0.0400879532099, 0.0204161163419, 0.0449535511434, 0.0988540202379, 0.0861679464579, 0.0786590576172, 0.0738077759743]
    chords_histogram: [41.4746551514, 6.91244220734, 29.9539165497, 0, 0, 0, 0, 0, 2.30414748192, 9.67741966248, 0, 0, 0, 0, 0, 9.67741966248, 0, 0, 0, 0, 0, 0, 0, 0]
    thpcp: [1, 0.534773230553, 0.173463836312, 0.104012094438, 0.0997398719192, 0.192452967167, 0.279372066259, 0.21983911097, 0.324003607035, 0.576940357685, 0.564618170261, 0.473143547773, 0.388087689877, 0.33425951004, 0.548062264919, 0.671170890331, 0.488073557615, 0.333808869123, 0.254229545593, 0.161855563521, 0.191247031093, 0.259662896395, 0.213319018483, 0.184905797243, 0.273200601339, 0.279265552759, 0.199391424656, 0.166823416948, 0.128316000104, 0.131424620748, 0.25921946764, 0.288639605045, 0.219103097916, 0.228978350759, 0.383958548307, 0.845449924469]
    chords_key: "A"
    chords_scale: "minor"
    key_key: "A"
    key_scale: "minor"
    chords_progression: ["Em", "Em", "Em", "Em", "Em", "Em", "Em", "Em", "Em", "Em", "Em", "Em", "Em", "Em", "Em", "Em", "Em", "Em", "Em", "Em", "Em", "Em", "Em", "Em", "Em", "Em", "Em", "Em", "Em", "Em", "Em", "Em", "Em", "Em", "Em", "Em", "Em", "Em", "Em", "Em", "Em", "Em", "Em", "Em", "Em", "Em", "Em", "Em", "Em", "Em", "Em", "Em", "Em", "Em", "Em", "Em", "Em", "Em", "Em", "Em", "Em", "Em", "Em", "Em", "Em", "E", "E", "E", "E", "E", "E", "E", "E", "E", "E", "E", "E", "E", "E", "E", "E", "E", "E", "E", "E", "E", "Am", "Am", "Am", "Am", "Am", "Am", "Am", "Am", "Am", "Am", "Am", "Am", "Am", "Am", "Am", "Am", "Am", "Am", "Am", "Am", "Am", "Am", "Am", "Am", "Am", "Am", "Am", "Am", "Am", "Am", "Am", "Am", "Am", "Am", "Am", "Am", "Am", "C", "C", "C", "C", "C", "C", "C", "C", "C", "C", "C", "C", "C", "C", "C", "Am", "Am", "Am", "Am", "Am", "Am", "Am", "Am", "Am", "Am", "Am", "Am", "Am", "Am", "Am", "Am", "Am", "Am", "Am", "Am", "Am", "Am", "Am", "Am", "Am", "Am", "Am", "Am", "Am", "Am", "Am", "Am", "Am", "Am", "Am", "Am", "Am", "Am", "Am", "Am", "Am", "Am", "Am", "Am", "Am", "Am", "Am", "Am", "Am", "Am", "Am", "Am", "Am", "C#", "C#", "C#", "C#", "C#", "C#", "C#", "C#", "C#", "C#", "C#", "C#", "C#", "C#", "C#", "C#", "C#", "C#", "C#", "C#", "C#", "C#m", "C#m", "C#m", "C#m", "C#m"]
