
metadata:
    version:
        essentia: "1.2.2"
    audio_properties:
        analysis_sample_rate: 44100
        bitrate: 128
        channels: 2
        equal_loudness: 1
        length: 10.0310201645
        replay_gain: -11.9160137177
        downmix: "mix"
    tags:
        track: 13
        year: 0
        album: "Splitted by Mp3Splt v. 2.1"
        artist: "From 002.00 To 002.10"
        comment: "http://mp3splt.sf.net"
        genre: ""
        title: "14 Famous.mp3"

highlevel:
    ballroom:
        all:
            ChaChaCha: 0.0350388474762
            Jive: 0.166861310601
            Quickstep: 0.284607261419
            Rumba-American: 0.0294542647898
            Rumba-International: 0.182186231017
            Rumba-Misc: 0.0449218302965
            Samba: 0.0969349518418
            Tango: 0.0480152145028
            VienneseWaltz: 0.0765233635902
            Waltz: 0.035456713289
        probability: 0.284607261419
        value: "Quickstep"
    culture:
        all:
            non_western: 0.00278528104536
            western: 0.997214734554
        probability: 0.997214734554
        value: "western"
    gender:
        all:
            female: 0.536706268787
            male: 0.463293731213
        probability: 0.536706268787
        value: "female"
    genre_dortmund:
        all:
            alternative: 0.0261370837688
            blues: 0.0645687654614
            electronic: 0.0113627538085
            folkcountry: 0.386068224907
            funksoulrnb: 0.0176968667656
            jazz: 0.0479724146426
            pop: 0.189009279013
            raphiphop: 0.00425703031942
            rock: 0.252927571535
        probability: 0.386068224907
        value: "folkcountry"
    genre_electronica:
        all:
            ambient: 0.51906055212
            dnb: 0.194179624319
            house: 0.0100226681679
            techno: 0.00723530165851
            trance: 0.269501835108
        probability: 0.51906055212
        value: "ambient"
    genre_rosamerica:
        all:
            cla: 0.00989828072488
            dan: 0.00943118706346
            hip: 0.0123926587403
            jaz: 0.0636516138911
            pop: 0.655409276485
            rhy: 0.204665139318
            roc: 0.0424367152154
            spe: 0.00211513764225
        probability: 0.655409276485
        value: "pop"
    genre_tzanetakis:
        all:
            blu: 0.0113284150138
            cla: 0.00938077736646
            cou: 0.185403957963
            dis: 0.0129796406254
            hip: 0.00342920189723
            jaz: 0.124763719738
            met: 0.00384038500488
            pop: 0.571296334267
            reg: 0.0385275371373
            roc: 0.0390500202775
        probability: 0.571296334267
        value: "pop"
    live_studio:
        all:
            live: 0.0560264587402
            studio: 0.94397354126
        probability: 0.94397354126
        value: "studio"
    mood:
        all:
            Cluster1: 0.0927435979247
            Cluster2: 0.413204342127
            Cluster3: 0.239694997668
            Cluster4: 0.209342449903
            Cluster5: 0.0450146049261
        probability: 0.413204342127
        value: "Cluster2"
    mood_acoustic:
        all:
            acoustic: 0.539816021919
            not_acoustic: 0.460184007883
        probability: 0.539816021919
        value: "acoustic"
    mood_aggressive:
        all:
            aggressive: 0.0242543648928
            not_aggressive: 0.975745618343
        probability: 0.975745618343
        value: "not_aggressive"
    mood_electronic:
        all:
            electronic: 0.272075802088
            not_electronic: 0.727924227715
        probability: 0.727924227715
        value: "not_electronic"
    mood_happy:
        all:
            happy: 0.465327382088
            not_happy: 0.534672617912
        probability: 0.534672617912
        value: "not_happy"
    mood_party:
        all:
            not_party: 0.894660174847
            party: 0.105339854956
        probability: 0.894660174847
        value: "not_party"
    mood_relaxed:
        all:
            not_relaxed: 0.258838415146
            relaxed: 0.741161584854
        probability: 0.741161584854
        value: "relaxed"
    mood_sad:
        all:
            not_sad: 0.187549456954
            sad: 0.812450528145
        probability: 0.812450528145
        value: "sad"
    rhythm:
        all:
            fast: 0.918048322201
            medium: 0.0524579361081
            slow: 0.029493747279
        probability: 0.918048322201
        value: "fast"
    speech_music:
        all:
            music: 0.999936103821
            speech: 6.38947967673e-05
        probability: 0.999936103821
        value: "music"
    timbre:
        all:
            bright: 0.982538282871
            dark: 0.0174616966397
        probability: 0.982538282871
        value: "bright"
    voice_instrumental:
        all:
            instrumental: 0.859368085861
            voice: 0.140631914139
        probability: 0.859368085861
        value: "instrumental"

lowlevel:
    average_loudness: 0.950102686882
    barkbands_kurtosis:
        dmean: 1.08368861675
        dmean2: 1.63997530937
        dvar: 2.98115324974
        dvar2: 7.04306745529
        max: 19.3773880005
        mean: 0.624864578247
        min: -1.86236023903
        var: 9.41883468628
    barkbands_skewness:
        dmean: 0.39177069068
        dmean2: 0.548960089684
        dvar: 0.166665688157
        dvar2: 0.321047753096
        max: 4.0613527298
        mean: 0.764897465706
        min: -2.98721003532
        var: 0.972519040108
    barkbands_spread:
        dmean: 4.74960851669
        dmean2: 6.86593675613
        dvar: 26.3369293213
        dvar2: 56.1553688049
        max: 63.7770767212
        mean: 27.2091236115
        min: 5.52166748047
        var: 130.189285278
    dissonance:
        dmean: 0.0222254693508
        dmean2: 0.0356075726449
        dvar: 0.000406979757827
        dvar2: 0.00102713704109
        max: 0.496381044388
        mean: 0.443647831678
        min: 0.287795573473
        var: 0.00121111725457
    hfc:
        dmean: 1.37586665154
        dmean2: 1.91503238678
        dvar: 4.51839876175
        dvar2: 7.31826019287
        max: 23.2090339661
        mean: 5.52868080139
        min: 0.0227720085531
        var: 25.6473903656
    pitch:
        dmean: 141.425338745
        dmean2: 274.829498291
        dvar: 400133.46875
        dvar2: 1024145.8125
        max: 4900
        mean: 417.924438477
        min: 73.6227035522
        var: 533324.9375
    pitch_instantaneous_confidence:
        dmean: 0.0811127573252
        dmean2: 0.118989236653
        dvar: 0.00828496180475
        dvar2: 0.0141103975475
        max: 0.915769636631
        mean: 0.644404351711
        min: 0.195017039776
        var: 0.0408119931817
    pitch_salience:
        dmean: 0.0527854822576
        dmean2: 0.0846112966537
        dvar: 0.00301710050553
        dvar2: 0.0065731224604
        max: 0.791903018951
        mean: 0.537114918232
        min: 0.247360065579
        var: 0.00970487203449
    silence_rate_20dB:
        dmean: 0
        dmean2: 0
        dvar: 0
        dvar2: 0
        max: 1
        mean: 1
        min: 1
        var: 0
    silence_rate_30dB:
        dmean: 0
        dmean2: 0
        dvar: 0
        dvar2: 0
        max: 1
        mean: 1
        min: 1
        var: 0
    silence_rate_60dB:
        dmean: 0.101851850748
        dmean2: 0.201856151223
        dvar: 0.0914781093597
        dvar2: 0.184312149882
        max: 1
        mean: 0.429561197758
        min: 0
        var: 0.245039477944
    spectral_centroid:
        dmean: 207.571060181
        dmean2: 298.643218994
        dvar: 67932.34375
        dvar2: 133847.859375
        max: 3969.93286133
        mean: 1222.22705078
        min: 326.766815186
        var: 302750.0625
    spectral_complexity:
        dmean: 1.74477958679
        dmean2: 2.70697665215
        dvar: 2.75156593323
        dvar2: 5.55134105682
        max: 18
        mean: 8.46296310425
        min: 0
        var: 14.5356645584
    spectral_crest:
        dmean: 2.12511920929
        dmean2: 3.34867954254
        dvar: 4.57202672958
        dvar2: 10.0461244583
        max: 21.5120124817
        mean: 9.89728450775
        min: 3.13928031921
        var: 14.3768024445
    spectral_decrease:
        dmean: 2.16498263761e-10
        dmean2: 3.03425867765e-10
        dvar: 6.66406557523e-20
        dvar2: 1.13715814605e-19
        max: -8.93906823562e-12
        mean: -9.77297021088e-10
        min: -2.87842616409e-09
        var: 4.18799450335e-19
    spectral_energy:
        dmean: 0.000918077479582
        dmean2: 0.00128334749024
        dvar: 1.24547511859e-06
        dvar2: 2.07192260859e-06
        max: 0.0122333951294
        mean: 0.00419000629336
        min: 3.58034085366e-05
        var: 7.96727363195e-06
    spectral_energyband_high:
        dmean: 0.000106693179987
        dmean2: 0.000143980185385
        dvar: 5.27506927028e-08
        dvar2: 1.07784828174e-07
        max: 0.00278415740468
        mean: 0.000260306725977
        min: 1.04571961401e-06
        var: 1.67600347822e-07
    spectral_energyband_low:
        dmean: 7.51012630644e-05
        dmean2: 0.000129724168801
        dvar: 4.68528646991e-08
        dvar2: 1.32172957024e-07
        max: 0.00269152130932
        mean: 0.000171296138433
        min: 3.54139984893e-07
        var: 3.55344305092e-08
    spectral_energyband_middle_high:
        dmean: 0.000459915259853
        dmean2: 0.000621331506409
        dvar: 5.80913194881e-07
        dvar2: 9.07529056349e-07
        max: 0.00929529033601
        mean: 0.00155517924577
        min: 3.58779720955e-06
        var: 2.6445147796e-06
    spectral_energyband_middle_low:
        dmean: 0.000627678819001
        dmean2: 0.000928077439312
        dvar: 5.71040118302e-07
        dvar2: 1.08590904802e-06
        max: 0.00894975941628
        mean: 0.00220318604261
        min: 3.0815415812e-05
        var: 2.7289843274e-06
    spectral_flatness_db:
        dmean: 0.015561263077
        dmean2: 0.0221621803939
        dvar: 0.000226647316595
        dvar2: 0.000483496696688
        max: 0.250417500734
        mean: 0.150176808238
        min: 0.0650211647153
        var: 0.000949276553001
    spectral_flux:
        dmean: 0.0101857092232
        dmean2: 0.0165765583515
        dvar: 0.000117260147817
        dvar2: 0.000276717793895
        max: 0.0970876589417
        mean: 0.0298155229539
        min: 0.005983594805
        var: 0.000280128355371
    spectral_kurtosis:
        dmean: 1.01607871056
        dmean2: 1.53581392765
        dvar: 0.939108729362
        dvar2: 2.38903069496
        max: 11.3923778534
        mean: 3.90137004852
        min: -0.676716566086
        var: 3.47512626648
    spectral_rms:
        dmean: 0.000229562137974
        dmean2: 0.000316082005156
        dvar: 7.18926145282e-08
        dvar2: 1.13000723445e-07
        max: 0.00345470989123
        mean: 0.00189330859575
        min: 0.000186896097148
        var: 5.03195565216e-07
    spectral_rolloff:
        dmean: 446.451049805
        dmean2: 731.027160645
        dvar: 351490.21875
        dvar2: 681397.1875
        max: 4909.5703125
        mean: 2311.33105469
        min: 258.3984375
        var: 1168868.375
    spectral_skewness:
        dmean: 0.167676508427
        dmean2: 0.239891991019
        dvar: 0.0209973435849
        dvar2: 0.046016022563
        max: 2.67996835709
        mean: 1.69392943382
        min: 0.622342586517
        var: 0.120501384139
    spectral_spread:
        dmean: 631936.875
        dmean2: 867347.875
        dvar: 771850174464
        dvar2: 1.14262369894e+12
        max: 16249339
        mean: 5932374.5
        min: 2831649
        var: 2.58161744282e+12
    spectral_strongpeak:
        dmean: 0.402247428894
        dmean2: 0.650620698929
        dvar: 0.70127093792
        dvar2: 1.47511184216
        max: 9.23337268829
        mean: 0.937447249889
        min: 0.0120616992936
        var: 1.51113522053
    zerocrossingrate:
        dmean: 0.00880379043519
        dmean2: 0.00964980013669
        dvar: 8.52435478009e-05
        dvar2: 9.03394538909e-05
        max: 0.19140625
        mean: 0.0720203518867
        min: 0.0185546875
        var: 0.000709890271537
    barkbands:
        dmean: [3.62495342188e-07, 4.04138663725e-05, 4.91357241117e-05, 4.21337463195e-05, 0.000259056338109, 0.00024061887234, 0.000105745260953, 0.000149508894538, 0.000106476611109, 8.33249505376e-05, 4.81631941511e-05, 2.44567600021e-05, 1.81046762009e-05, 6.17138430243e-05, 0.00010156314238, 9.96715316433e-05, 0.000126066763187, 8.68935749168e-05, 0.000101134319266, 4.18308227381e-05, 8.66216942086e-05, 8.2955994003e-06, 3.65092409993e-06, 1.74918250195e-06, 1.62196272413e-06, 1.19871288007e-07, 1.90841387138e-09]
        dmean2: [4.32266915595e-07, 6.94349655532e-05, 8.59297433635e-05, 6.75098635838e-05, 0.000403418962378, 0.000351414666511, 0.000158024617122, 0.000200687267352, 0.000151192827616, 0.000111907327664, 7.16065478628e-05, 3.8323487388e-05, 2.70736381935e-05, 7.49281171011e-05, 0.000153992601554, 0.000134439440444, 0.000187200712389, 0.000139491748996, 0.000149524901644, 6.31085786154e-05, 0.000121334531286, 1.146492923e-05, 5.04622266817e-06, 2.56144267041e-06, 2.48000719694e-06, 1.75629338628e-07, 2.12552353496e-09]
        dvar: [4.36475101938e-13, 1.51660248804e-08, 1.55057282569e-08, 6.68539001936e-09, 1.79737355666e-07, 1.94952349375e-07, 1.48040612657e-07, 1.25117992411e-07, 1.06221570206e-07, 1.11199845776e-07, 1.0535470274e-08, 4.30770130677e-09, 2.35290720241e-09, 3.17828252605e-08, 9.81974750403e-08, 7.07546519152e-08, 1.08517433262e-07, 4.16476169107e-08, 4.55194673066e-08, 2.45652316266e-08, 4.47053452035e-08, 1.63207072856e-10, 2.09801204187e-11, 1.01174060449e-11, 8.32425534752e-12, 4.20458447518e-14, 1.11614209086e-15]
        dvar2: [8.09336105079e-13, 4.34409948014e-08, 4.65109231129e-08, 1.88193958195e-08, 4.59991412072e-07, 3.90785942272e-07, 2.66976144303e-07, 2.10926785371e-07, 2.20941075213e-07, 1.45830455267e-07, 2.26039702511e-08, 1.11113918067e-08, 5.2982316312e-09, 3.92370012037e-08, 2.30512739563e-07, 1.03421520237e-07, 2.2999560656e-07, 9.92094157937e-08, 7.97843497935e-08, 6.2464366124e-08, 9.38041182508e-08, 3.68067770706e-10, 3.99101376947e-11, 2.15623907618e-11, 1.90204033079e-11, 9.26711168198e-14, 1.11839233976e-15]
        max: [6.67888434691e-06, 0.00125275133178, 0.00143651734106, 0.000762354175095, 0.0043641878292, 0.00460967421532, 0.00648696254939, 0.00577470380813, 0.00391704589128, 0.00709482468665, 0.00138034205884, 0.00119865022134, 0.000786355987657, 0.00328202289529, 0.00398519821465, 0.0043932730332, 0.00393170537427, 0.00232474273071, 0.00280581507832, 0.0025817907881, 0.00271247304045, 0.000145625293953, 4.73570107715e-05, 4.97941728099e-05, 3.60211924999e-05, 1.93119308278e-06, 6.94668926826e-07]
        mean: [1.25000246953e-06, 7.81698690844e-05, 9.19228550629e-05, 0.000110440611024, 0.000557459541596, 0.000644389830995, 0.000242250709562, 0.000416524155298, 0.000167089849128, 0.000183649419341, 0.000113224530651, 4.28028542956e-05, 3.4447395592e-05, 0.000106087609311, 0.000248817668762, 0.000184543678188, 0.000295280246064, 0.000179258917342, 0.000208513360121, 6.64518156555e-05, 0.000184186341357, 1.56497244461e-05, 9.95532445813e-06, 3.87353020415e-06, 3.5447051232e-06, 2.27083376103e-07, 1.97435490179e-09]
        min: [9.66909219358e-10, 2.80261289731e-08, 1.03252261852e-07, 1.58782512472e-07, 1.87652221939e-05, 3.39156395057e-06, 4.1198541112e-07, 6.11351765656e-07, 1.18998877952e-06, 1.67021255493e-07, 4.35194777992e-07, 4.1650963567e-08, 1.00330943553e-07, 1.25404278606e-06, 6.44529478677e-08, 1.44188021522e-07, 3.11471410441e-07, 4.21657375682e-07, 6.08307857419e-07, 1.41725237768e-07, 8.01889200375e-07, 3.38508421294e-08, 8.03462896215e-08, 2.48804976621e-08, 8.66663185661e-09, 5.64874313991e-10, 1.08671101631e-13]
        var: [2.40500761667e-12, 9.86101955647e-09, 1.21095888872e-08, 1.25767840586e-08, 3.69576554249e-07, 8.22720267024e-07, 5.67119059269e-07, 1.00920169643e-06, 2.36623151295e-07, 2.90664644353e-07, 4.62052618388e-08, 5.31984989394e-09, 3.56459994855e-09, 9.27304100173e-08, 4.54821361018e-07, 2.40185244138e-07, 3.43886853216e-07, 8.62551772229e-08, 1.33807915859e-07, 2.77485714406e-08, 1.23597629909e-07, 4.09687811453e-10, 1.24096677379e-10, 2.57749134536e-11, 2.42618303919e-11, 1.12564430975e-13, 1.11357367521e-15]
    mfcc:
        mean: [-728.670471191, 113.264839172, -31.4969158173, 41.7288131714, -3.25977635384, -4.69300889969, -5.74068832397, -2.44045829773, -0.0744455307722, -7.61068725586, -8.40463924408, -4.77779436111, -6.87807893753]
        cov: [[1827.05847168, -639.455383301, 38.1062393188, -64.0112075806, 41.632598877, -56.0012969971, -107.390663147, -126.168777466, 98.0067062378, -16.2215309143, -64.506477356, -25.7519054413, -73.3536682129], [-639.455383301, 711.307861328, -108.57585907, -100.044395447, -94.0473937988, -15.1359214783, 6.45144081116, 75.6686019897, -63.0795555115, 72.2705535889, 54.1396141052, 16.8664836884, 35.3233680725], [38.1062393188, -108.57585907, 249.842102051, -8.84090518951, -19.9165420532, 8.74390602112, 46.8737487793, -42.621257782, -14.481259346, -17.0592250824, -17.3445777893, -14.0254831314, 2.23859524727], [-64.0112075806, -100.044395447, -8.84090518951, 280.72833252, 116.835861206, 40.0819282532, -58.5285263062, 38.7862815857, -2.69725656509, -87.1038970947, -44.0187263489, 32.1865386963, -1.26365423203], [41.632598877, -94.0473937988, -19.9165420532, 116.835861206, 247.081298828, 9.57806015015, -48.4316940308, 20.740278244, 38.726890564, -79.0749740601, -35.6736450195, 0.68247616291, -6.72114086151], [-56.0012969971, -15.1359214783, 8.74390602112, 40.0819282532, 9.57806015015, 164.82699585, 24.2847309113, -30.3967056274, -9.06894302368, 13.9816160202, -17.2311058044, -20.4024906158, -21.1122932434], [-107.390663147, 6.45144081116, 46.8737487793, -58.5285263062, -48.4316940308, 24.2847309113, 161.289962769, -3.1703209877, -7.8177895546, 15.6990022659, 18.1754226685, -23.6910476685, -5.15508890152], [-126.168777466, 75.6686019897, -42.621257782, 38.7862815857, 20.740278244, -30.3967056274, -3.1703209877, 138.369812012, -12.8376531601, -44.7460212708, 3.52344751358, 26.5352478027, 15.0295181274], [98.0067062378, -63.0795555115, -14.481259346, -2.69725656509, 38.726890564, -9.06894302368, -7.8177895546, -12.8376531601, 93.5912780762, 3.09836316109, 0.900245189667, -19.9285469055, -11.0244207382], [-16.2215309143, 72.2705535889, -17.0592250824, -87.1038970947, -79.0749740601, 13.9816160202, 15.6990022659, -44.7460212708, 3.09836316109, 140.560195923, 29.923374176, -15.3615646362, -0.493291914463], [-64.506477356, 54.1396141052, -17.3445777893, -44.0187263489, -35.6736450195, -17.2311058044, 18.1754226685, 3.52344751358, 0.900245189667, 29.923374176, 79.6265716553, 7.32115650177, 5.2563586235], [-25.7519054413, 16.8664836884, -14.0254831314, 32.1865386963, 0.68247616291, -20.4024906158, -23.6910476685, 26.5352478027, -19.9285469055, -15.3615646362, 7.32115650177, 91.3758087158, 31.3414878845], [-73.3536682129, 35.3233680725, 2.23859524727, -1.26365423203, -6.72114086151, -21.1122932434, -5.15508890152, 15.0295181274, -11.0244207382, -0.493291914463, 5.2563586235, 31.3414878845, 70.3178863525]]
        icov: [[0.00102969980799, 0.000943275692407, 0.000179431444849, 0.000731823616661, 0.000119453565276, 0.000277701707091, 0.000764787255321, 0.0002720807679, -0.000295629812172, 1.17287845569e-05, 0.000540345557965, -0.000295230594929, 0.000745388213545], [0.000943275692407, 0.00285012740642, 0.000824377173558, 0.00121831439901, 0.00026643028832, 2.78430488834e-05, 0.000911746756174, -0.000960531877354, 0.000968070526142, -0.00075830402784, -9.06265922822e-05, 5.33139209438e-05, -1.66457302839e-05], [0.000179431444849, 0.000824377173558, 0.0051238136366, 0.000173900465597, 0.00049062538892, 0.000307732145302, -0.00131396891084, 0.00162098265719, 0.00107135158032, 0.00106941966806, 0.000905283784959, 0.000493442814332, -0.000802571070381], [0.000731823616661, 0.00121831439901, 0.000173900465597, 0.00661888998002, -0.00144075090066, -0.00179425405804, 0.00203011953272, -0.00105574098416, 0.000335455144523, 0.00187413650565, 0.00142460921779, -0.00186458928511, 0.000753201369662], [0.000119453565276, 0.00026643028832, 0.00049062538892, -0.00144075090066, 0.00635202415287, -0.000338885030942, 0.000985404476523, -3.08159142151e-05, -0.00248105451465, 0.0024698774796, 0.000832648365758, 0.000568819697946, -0.000153940171003], [0.000277701707091, 2.78430488834e-05, 0.000307732145302, -0.00179425405804, -0.000338885030942, 0.00784388929605, -0.00158459763043, 0.00180017016828, 0.0011618178105, -0.00151678978, 0.00147227616981, 0.000858262646943, 0.00173431262374], [0.000764787255321, 0.000911746756174, -0.00131396891084, 0.00203011953272, 0.000985404476523, -0.00158459763043, 0.00862161815166, -0.00118014239706, 8.00287398306e-06, 0.000531252357177, -0.00133699644357, 0.00140909571201, 0.000397713854909], [0.0002720807679, -0.000960531877354, 0.00162098265719, -0.00105574098416, -3.08159142151e-05, 0.00180017016828, -0.00118014239706, 0.0105644911528, 0.000394196656998, 0.00327151548117, -0.000266042683506, -0.00129201926757, -0.000430729676737], [-0.000295629812172, 0.000968070526142, 0.00107135158032, 0.000335455144523, -0.00248105451465, 0.0011618178105, 8.00287398306e-06, 0.000394196656998, 0.0136812962592, -0.00130749179516, -0.00128801877145, 0.00274344603531, 0.000214516199776], [1.17287845569e-05, -0.00075830402784, 0.00106941966806, 0.00187413650565, 0.0024698774796, -0.00151678978, 0.000531252357177, 0.00327151548117, -0.00130749179516, 0.0118690561503, -0.00214755162597, 0.000606507994235, -0.000718347728252], [0.000540345557965, -9.06265922822e-05, 0.000905283784959, 0.00142460921779, 0.000832648365758, 0.00147227616981, -0.00133699644357, -0.000266042683506, -0.00128801877145, -0.00214755162597, 0.0160389263183, -0.00230747042224, 0.00069898320362], [-0.000295230594929, 5.33139209438e-05, 0.000493442814332, -0.00186458928511, 0.000568819697946, 0.000858262646943, 0.00140909571201, -0.00129201926757, 0.00274344603531, 0.000606507994235, -0.00230747042224, 0.0154437543824, -0.00596906570718], [0.000745388213545, -1.66457302839e-05, -0.000802571070381, 0.000753201369662, -0.000153940171003, 0.00173431262374, 0.000397713854909, -0.000430729676737, 0.000214516199776, -0.000718347728252, 0.00069898320362, -0.00596906570718, 0.0183101892471]]
    spectral_contrast:
        mean: [1.49882566802e-07, -1.74118511609e-07, -5.08346893469e-08, -8.27842294715e-10, 1.8391681067e-07, 4.10471798773e-08, -4.45520572612e-06, 7.8344925214e-07, 1.20230299672e-06, 1.71115004832e-06, 2.12369150177e-06, 3.15407919516e-06]
        var: [0.000546756840777, 0.00147668190766, 0.00259263790213, 0.00291991676204, 0.0031463385094, 0.0130855757743, 0.048581276089, 0.076436072588, 0.110751740634, 0.191805273294, 0.261681377888, 0.752934038639]

rhythm:
    beats_loudness:
        dmean: 0.0027326780837
        dmean2: 0.00497424975038
        dvar: 2.57128726844e-06
        dvar2: 7.66111770645e-06
        max: 0.0115646729246
        mean: 0.00575811043382
        min: 0.000715958012734
        var: 9.09835398488e-06
    beats_loudness_bass:
        dmean: 0.0541180185974
        dmean2: 0.107131294906
        dvar: 0.00327857746743
        dvar2: 0.00937155261636
        max: 0.268483757973
        mean: 0.0612933188677
        min: 0.00752412294969
        var: 0.00321658933535
    bpm: 153.887451172
    bpm_confidence: 0
    first_peak_bpm: 155
    first_peak_spread: 0.391304373741
    first_peak_weight: 0.583333313465
    onset_rate: 3.88793945312
    second_peak_bpm: 134
    second_peak_spread: 0
    second_peak_weight: 0.0416666679084
    beats_position: [0.398992300034, 0.78485250473, 1.17071270943, 1.55657291412, 1.94243311882, 2.32829332352, 2.71415376663, 3.10001373291, 3.48587393761, 3.87173438072, 4.25759458542, 4.6434545517, 5.02931499481, 5.41517543793, 5.80103540421, 6.24962949753, 6.64369726181, 7.03776550293, 7.43183374405, 7.82590198517, 8.21996974945, 8.61403846741, 9.00810623169, 9.40217494965, 9.79624271393]
    bpm_estimates: [154.743423462, 155.58001709, 156.173446655, 153.925704956, 152.882980347, 150.019119263]
    bpm_intervals: [0.385860204697, 0.385860204697, 0.385860204697, 0.385860204697, 0.385860204697, 0.385860443115, 0.385859966278, 0.385860204697, 0.385860443115, 0.385860204697, 0.385859966278, 0.385860443115, 0.385860443115, 0.385859966278, 0.448594093323, 0.394067764282, 0.394068241119, 0.394068241119, 0.394068241119, 0.394067764282, 0.394068717957, 0.394067764282, 0.394068717957, 0.394067764282]
    onset_times: [0.0348299331963, 0.220589563251, 0.429569154978, 0.975238084793, 1.05650794506, 1.18421769142, 1.38158726692, 1.45124721527, 1.69505667686, 1.89242625237, 2.06657600403, 2.24072551727, 2.49614500999, 2.71673464775, 3.04181408882, 3.36689352989, 3.48299312592, 3.93578219414, 4.27247142792, 4.43501138687, 4.56272125244, 4.69043064117, 4.92263031006, 5.0387301445, 5.4334692955, 5.68888902664, 5.81659841537, 6.15328788757, 6.22294807434, 7.02403640747, 7.2330160141, 7.34911584854, 7.74385499954, 8.24308395386, 8.51011371613, 8.82358264923, 9.34603214264, 9.62467098236, 9.99619007111]
    rubato_start: []
    rubato_stop: []
    perceptual_tempo: "unknown"

sfx:
    inharmonicity:
        dmean: 0.0364987105131
        dmean2: 0.0655517727137
        dvar: 0.00227793189697
        dvar2: 0.00607296498492
        max: 0.296440929174
        mean: 0.0389743559062
        min: 2.14272022276e-05
        var: 0.00253157736734
    oddtoevenharmonicenergyratio:
        dmean: 2.5297062397
        dmean2: 4.75386428833
        dvar: 105.873474121
        dvar2: 317.243347168
        max: 142.481170654
        mean: 1.97989726067
        min: 0.000466837838758
        var: 56.643081665
    pitch_after_max_to_before_max_energy_ratio: 8.7490606308
    pitch_centroid: 217.056106567
    pitch_max_to_total: 0.141203701496
    pitch_min_to_total: 0.537037014961
    tristimulus:
        dmean: [0.182296946645, 0.188099816442, 0.094241566956]
        dmean2: [0.319869846106, 0.328877687454, 0.166443988681]
        dvar: [0.0335195846856, 0.031541544944, 0.0109975375235]
        dvar2: [0.088671028614, 0.089775942266, 0.0292330048978]
        max: [0.960333704948, 0.920082271099, 0.743619799614]
        mean: [0.400682330132, 0.466285139322, 0.120518878102]
        min: [0.00383394723758, 0, 0]
        var: [0.0550790093839, 0.0482611879706, 0.0160039942712]

tonal:
    chords_changes_rate: 0.0506912432611
    chords_number_rate: 0.0184331797063
    chords_strength:
        dmean: 0.00994901265949
        dmean2: 0.00867263786495
        dvar: 5.56722734473e-05
        dvar2: 6.39406134724e-05
        max: 0.757933855057
        mean: 0.485556215048
        min: 0.301540404558
        var: 0.011963268742
    key_strength: 0.74349796772
    tuning_diatonic_strength: 0.646620154381
    tuning_equal_tempered_deviation: 0.223237425089
    tuning_frequency: 434.444000244
    tuning_nontempered_energy_ratio: 0.939999938011
    hpcp:
        dmean: [0.0890775620937, 0.117998458445, 0.0861302241683, 0.0469173267484, 0.0467590279877, 0.0672952905297, 0.0846474096179, 0.0949909090996, 0.0973532572389, 0.134530052543, 0.133681192994, 0.103717386723, 0.0642911195755, 0.0678886920214, 0.141784444451, 0.190076217055, 0.184676915407, 0.171390265226, 0.122026123106, 0.056705147028, 0.0583621934056, 0.0838547572494, 0.0758775770664, 0.0695374086499, 0.0709199383855, 0.0851368755102, 0.0865559130907, 0.0530185215175, 0.0557833872736, 0.069351002574, 0.119411028922, 0.131192073226, 0.0903109610081, 0.0647816136479, 0.0707481279969, 0.0637144520879]
        dmean2: [0.153808504343, 0.20374058187, 0.153761252761, 0.0779372379184, 0.0808118954301, 0.120670922101, 0.132949203253, 0.159947857261, 0.164187043905, 0.222012490034, 0.213898554444, 0.175553694367, 0.117614738643, 0.119622580707, 0.24194970727, 0.311971843243, 0.312532782555, 0.276196300983, 0.215206429362, 0.09681738168, 0.104189477861, 0.131186336279, 0.119597256184, 0.123236708343, 0.117294855416, 0.146887093782, 0.152025744319, 0.0942367613316, 0.0971890538931, 0.115613043308, 0.204750999808, 0.212583303452, 0.15644647181, 0.112767927349, 0.123702503741, 0.115451209247]
        dvar: [0.0210273116827, 0.0344664119184, 0.0277521144599, 0.0124684637412, 0.0217337459326, 0.0248934589326, 0.0261515341699, 0.0349528826773, 0.0295566953719, 0.0406553037465, 0.0403626598418, 0.0275721661747, 0.0252489969134, 0.0211129188538, 0.0530207827687, 0.0508905611932, 0.0523862615228, 0.0490670539439, 0.0394536443055, 0.0137508437037, 0.0229604169726, 0.0289361849427, 0.0233392193913, 0.0190331805497, 0.0179750528187, 0.025579540059, 0.0332591459155, 0.00702092936262, 0.0182934720069, 0.0214883442968, 0.0372881740332, 0.0385860204697, 0.0237996373326, 0.0229462496936, 0.0338279753923, 0.0225985534489]
        dvar2: [0.0527979470789, 0.095095269382, 0.0779516920447, 0.0302571672946, 0.0597962588072, 0.0718531832099, 0.0572478994727, 0.0885801836848, 0.0756482928991, 0.102128066123, 0.0826254934072, 0.07550342381, 0.0711725279689, 0.0516694784164, 0.12920960784, 0.103518046439, 0.133844524622, 0.0967789441347, 0.0963998362422, 0.0366172865033, 0.05790861696, 0.0638029798865, 0.0523057803512, 0.0533657595515, 0.0489724725485, 0.056743722409, 0.105365373194, 0.0197727270424, 0.0469219833612, 0.0519047006965, 0.0914497748017, 0.084028609097, 0.0626413971186, 0.0627377107739, 0.0986070781946, 0.06131112203]
        max: [1, 1, 1, 1, 1, 1, 1, 1, 1, 1, 1, 0.986675977707, 1, 0.814888119698, 1, 1, 1, 1, 1, 0.868652820587, 1, 1, 1, 0.85850328207, 1, 1, 1, 0.581613600254, 1, 1, 1, 1, 1, 1, 1, 1]
        mean: [0.132673829794, 0.166922181845, 0.0939360111952, 0.0405897945166, 0.0334915965796, 0.0686878412962, 0.138717263937, 0.13720202446, 0.115171089768, 0.212913766503, 0.231608211994, 0.116403795779, 0.0592439137399, 0.0616796202958, 0.142304748297, 0.360115110874, 0.431709170341, 0.261612772942, 0.121691912413, 0.0546400360763, 0.050304196775, 0.113991387188, 0.120445966721, 0.0648163929582, 0.104541830719, 0.144146665931, 0.0888560265303, 0.060972314328, 0.064323194325, 0.0774649083614, 0.186579406261, 0.22218772769, 0.111930757761, 0.0593470148742, 0.0551885180175, 0.059024296701]
        min: [0.00106629985385, 0.00146646075882, 0.00127025367692, 0.000373251124984, 0.000314801349305, 0.000794780324213, 0.000794422754552, 0.000425611331593, 0.00203112652525, 0.000288629060378, 0.000292545795674, 0.000332982890541, 0.00100249249954, 0.000771175429691, 0.00271382252686, 0.00567785650492, 0.00724692642689, 0.00257869064808, 0.00100896169897, 0.000671501737088, 0.000279404746834, 0.000250229088124, 0.000401279859943, 0.0010241427226, 0.000638955680188, 0.000305859168293, 0.000174842120032, 0.000903358508367, 0.000960323784966, 0.00122920295689, 0.00166855379939, 0.00229533365928, 0.00168922136072, 0.000451668602182, 0.000185937329661, 0.00084424886154]
        var: [0.031288228929, 0.0422714911401, 0.0242548752576, 0.0121168149635, 0.0131211932749, 0.0248375572264, 0.0623683519661, 0.051769785583, 0.0365803278983, 0.0855856761336, 0.0933431833982, 0.0318576395512, 0.020322335884, 0.018072931096, 0.0514330491424, 0.113010361791, 0.138578936458, 0.084589459002, 0.0442330241203, 0.0123899755999, 0.0192534569651, 0.0473773367703, 0.0455150604248, 0.0156109323725, 0.038581289351, 0.0669334977865, 0.029031297192, 0.00571481650695, 0.0140094775707, 0.0218764916062, 0.0739760696888, 0.0779644921422, 0.0232111830264, 0.0193692147732, 0.0258083660156, 0.0224907044321]
    chords_histogram: [64.0552978516, 0, 0, 0, 0, 0, 0, 0, 0, 0, 0, 0, 0, 0, 0, 0.460829496384, 0, 1.38248848915, 0, 30.4147472382, 0, 0.460829496384, 3.22580647469, 0]
    thpcp: [1, 0.60599309206, 0.281884014606, 0.126566767693, 0.116523347795, 0.264046698809, 0.278997927904, 0.150139018893, 0.242158010602, 0.33389762044, 0.205823808908, 0.141234695911, 0.148996591568, 0.179437711835, 0.432187736034, 0.514669954777, 0.259273529053, 0.137469902635, 0.127837255597, 0.136722356081, 0.307322233915, 0.386654227972, 0.21759095788, 0.0940211564302, 0.0775790736079, 0.159106746316, 0.321321099997, 0.317811220884, 0.266779333353, 0.493187963963, 0.536491274834, 0.269634753466, 0.137231081724, 0.142873078585, 0.329631060362, 0.83416134119]
    chords_key: "G"
    chords_scale: "major"
    key_key: "G"
    key_scale: "major"
    chords_progression: ["G", "G", "G", "G", "G", "G", "G", "G", "G", "G", "G", "G", "G", "Gm", "Gm", "Gm", "G", "G", "G", "Dm", "Dm", "Dm", "Dm", "Dm", "Dm", "Dm", "Dm", "Dm", "Dm", "Dm", "Dm", "Dm", "Dm", "Dm", "Dm", "Dm", "Dm", "Dm", "Dm", "Dm", "Dm", "Dm", "Dm", "Dm", "Dm", "Dm", "Dm", "Dm", "Dm", "Dm", "Dm", "Dm", "Dm", "Dm", "Dm", "Dm", "Dm", "Dm", "Dm", "Dm", "Dm", "Dm", "Dm", "Dm", "Dm", "Dm", "Dm", "Dm", "Dm", "Dm", "Dm", "Dm", "Dm", "Dm", "Dm", "Dm", "Dm", "Dm", "G", "G", "G", "G", "G", "G", "G", "G", "C", "C", "C", "C", "C", "C", "C", "Am", "G", "G", "G", "G", "G", "G", "G", "G", "G", "G", "G", "G", "G", "G", "G", "G", "G", "G", "G", "G", "Dm", "Dm", "Dm", "Dm", "Dm", "Dm", "Dm", "G", "G", "G", "G", "G", "G", "G", "G", "G", "G", "G", "G", "G", "G", "G", "G", "G", "G", "G", "G", "G", "G", "G", "G", "G", "G", "G", "G", "G", "G", "G", "G", "G", "G", "G", "G", "G", "G", "G", "G", "G", "G", "G", "G", "G", "G", "G", "G", "G", "G", "G", "G", "G", "G", "G", "G", "G", "G", "G", "G", "G", "G", "G", "G", "G", "G", "G", "G", "G", "G", "G", "G", "G", "G", "G", "G", "G", "G", "G", "G", "G", "G", "G", "G", "G", "G", "G", "G", "Cm", "G", "G", "G", "G", "G", "G", "G"]
