
metadata:
    version:
        essentia: "1.2.2"
    audio_properties:
        analysis_sample_rate: 44100
        bitrate: 128
        channels: 2
        equal_loudness: 1
        length: 9.97877597809
        replay_gain: -8.28064155579
        downmix: "mix"
    tags:
        track: 10
        year: 0
        album: "Splitted by Mp3Splt v. 2.1"
        artist: "From 001.30 To 001.40"
        comment: "http://mp3splt.sf.net"
        genre: ""
        title: "02 Oirectine.mp3"

highlevel:
    ballroom:
        all:
            ChaChaCha: 0.0450768582523
            Jive: 0.0580701343715
            Quickstep: 0.227517470717
            Rumba-American: 0.0130101144314
            Rumba-International: 0.0313723236322
            Rumba-Misc: 0.01776406914
            Samba: 0.152584537864
            Tango: 0.287152796984
            VienneseWaltz: 0.135069295764
            Waltz: 0.0323823876679
        probability: 0.287152796984
        value: "Tango"
    culture:
        all:
            non_western: 0.790387034416
            western: 0.209612950683
        probability: 0.790387034416
        value: "non_western"
    gender:
        all:
            female: 0.802758574486
            male: 0.197241425514
        probability: 0.802758574486
        value: "female"
    genre_dortmund:
        all:
            alternative: 0.0519535653293
            blues: 0.00369549239986
            electronic: 0.581403195858
            folkcountry: 0.00586910359561
            funksoulrnb: 0.0195926129818
            jazz: 0.0757865086198
            pop: 0.0147865228355
            raphiphop: 0.225073188543
            rock: 0.0218398179859
        probability: 0.581403195858
        value: "electronic"
    genre_electronica:
        all:
            ambient: 0.379539221525
            dnb: 0.23877364397
            house: 0.0730325803161
            techno: 0.0329280085862
            trance: 0.275726526976
        probability: 0.379539221525
        value: "ambient"
    genre_rosamerica:
        all:
            cla: 0.0701382830739
            dan: 0.156000137329
            hip: 0.148617655039
            jaz: 0.17179492116
            pop: 0.194654032588
            rhy: 0.0958719551563
            roc: 0.155356928706
            spe: 0.00756607111543
        probability: 0.194654032588
        value: "pop"
    genre_tzanetakis:
        all:
            blu: 0.00963337998837
            cla: 0.0887100175023
            cou: 0.0130839021876
            dis: 0.0670376569033
            hip: 0.0424372255802
            jaz: 0.0949546769261
            met: 0.0102281477302
            pop: 0.360599637032
            reg: 0.262196302414
            roc: 0.051119055599
        probability: 0.360599637032
        value: "pop"
    live_studio:
        all:
            live: 0.0597732588649
            studio: 0.940226733685
        probability: 0.940226733685
        value: "studio"
    mood:
        all:
            Cluster1: 0.315684705973
            Cluster2: 0.0978556573391
            Cluster3: 0.113341614604
            Cluster4: 0.0690574944019
            Cluster5: 0.404060512781
        probability: 0.404060512781
        value: "Cluster5"
    mood_acoustic:
        all:
            acoustic: 0.0453521721065
            not_acoustic: 0.954647839069
        probability: 0.954647839069
        value: "not_acoustic"
    mood_aggressive:
        all:
            aggressive: 0.467542052269
            not_aggressive: 0.532457947731
        probability: 0.532457947731
        value: "not_aggressive"
    mood_electronic:
        all:
            electronic: 0.929997384548
            not_electronic: 0.0700026154518
        probability: 0.929997384548
        value: "electronic"
    mood_happy:
        all:
            happy: 0.264338701963
            not_happy: 0.735661268234
        probability: 0.735661268234
        value: "not_happy"
    mood_party:
        all:
            not_party: 0.5
            party: 0.5
        probability: 0.5
        value: "not_party"
    mood_relaxed:
        all:
            not_relaxed: 0.187577337027
            relaxed: 0.812422692776
        probability: 0.812422692776
        value: "relaxed"
    mood_sad:
        all:
            not_sad: 0.530083060265
            sad: 0.469916939735
        probability: 0.530083060265
        value: "not_sad"
    rhythm:
        all:
            fast: 0.534176051617
            medium: 0.0881911218166
            slow: 0.377632856369
        probability: 0.534176051617
        value: "fast"
    speech_music:
        all:
            music: 0.965455949306
            speech: 0.0345440655947
        probability: 0.965455949306
        value: "music"
    timbre:
        all:
            bright: 0.0453224591911
            dark: 0.954677522182
        probability: 0.954677522182
        value: "dark"
    voice_instrumental:
        all:
            instrumental: 0.994245529175
            voice: 0.00575449783355
        probability: 0.994245529175
        value: "instrumental"

lowlevel:
    average_loudness: 0.987488687038
    barkbands_kurtosis:
        dmean: 2.57554078102
        dmean2: 4.09651947021
        dvar: 6.39946079254
        dvar2: 16.8748283386
        max: 19.0028858185
        mean: 3.22682952881
        min: -1.64972305298
        var: 10.246134758
    barkbands_skewness:
        dmean: 0.705906152725
        dmean2: 1.00389528275
        dvar: 0.379416704178
        dvar2: 0.769834220409
        max: 4.16277074814
        mean: -0.145225271583
        min: -2.52508568764
        var: 1.06458199024
    barkbands_spread:
        dmean: 5.21331071854
        dmean2: 7.77992296219
        dvar: 31.3596305847
        dvar2: 65.5379257202
        max: 42.9961509705
        mean: 11.1228485107
        min: 1.68538057804
        var: 74.3693618774
    dissonance:
        dmean: 0.0487910434604
        dmean2: 0.0824459046125
        dvar: 0.00204408331774
        dvar2: 0.00502237537876
        max: 0.499437153339
        mean: 0.421169430017
        min: 0.10376111418
        var: 0.00409941934049
    hfc:
        dmean: 2.63845038414
        dmean2: 3.39213967323
        dvar: 34.5541534424
        dvar2: 53.8223495483
        max: 59.736782074
        mean: 4.41968631744
        min: 0.0177335049957
        var: 65.5875244141
    pitch:
        dmean: 364.756835938
        dmean2: 698.502380371
        dvar: 498493.28125
        dvar2: 1222336.125
        max: 4009.09082031
        mean: 538.863342285
        min: 93.4322052002
        var: 463396.75
    pitch_instantaneous_confidence:
        dmean: 0.112901911139
        dmean2: 0.174928203225
        dvar: 0.00819540582597
        dvar2: 0.016918964684
        max: 0.830273270607
        mean: 0.517542541027
        min: 0.176056206226
        var: 0.0214106086642
    pitch_salience:
        dmean: 0.0728639289737
        dmean2: 0.115351885557
        dvar: 0.00442709075287
        dvar2: 0.00845882110298
        max: 0.846395909786
        mean: 0.575385212898
        min: 0.200237751007
        var: 0.0100709795952
    silence_rate_20dB:
        dmean: 0
        dmean2: 0
        dvar: 0
        dvar2: 0
        max: 1
        mean: 1
        min: 1
        var: 0
    silence_rate_30dB:
        dmean: 0
        dmean2: 0
        dvar: 0
        dvar2: 0
        max: 1
        mean: 1
        min: 1
        var: 0
    silence_rate_60dB:
        dmean: 0.162790700793
        dmean2: 0.326340317726
        dvar: 0.136289864779
        dvar2: 0.25247707963
        max: 1
        mean: 0.728538274765
        min: 0
        var: 0.197771012783
    spectral_centroid:
        dmean: 194.990112305
        dmean2: 243.695800781
        dvar: 49874.3554688
        dvar2: 58400.7070312
        max: 3019.56054688
        mean: 1090.72241211
        min: 204.890853882
        var: 226970.109375
    spectral_complexity:
        dmean: 2.7948718071
        dmean2: 4.02336454391
        dvar: 24.7365283966
        dvar2: 31.775144577
        max: 48
        mean: 8.39999961853
        min: 0
        var: 67.5609817505
    spectral_crest:
        dmean: 3.16909718513
        dmean2: 5.16464281082
        dvar: 6.65270662308
        dvar2: 16.6359405518
        max: 21.2932472229
        mean: 10.3593254089
        min: 3.40584445
        var: 13.1751728058
    spectral_decrease:
        dmean: 3.82237186347e-10
        dmean2: 5.49362610958e-10
        dvar: 3.02486973615e-19
        dvar2: 5.97493546155e-19
        max: -4.04740390508e-12
        mean: -7.80625453167e-10
        min: -4.36212754806e-09
        var: 4.84748415074e-19
    spectral_energy:
        dmean: 0.00166329590138
        dmean2: 0.0023528165184
        dvar: 6.02947693551e-06
        dvar2: 1.10636565296e-05
        max: 0.0205370038748
        mean: 0.00334713840857
        min: 1.68842070707e-05
        var: 1.05222425191e-05
    spectral_energyband_high:
        dmean: 0.000192407547729
        dmean2: 0.000222930830205
        dvar: 2.84807498474e-07
        dvar2: 4.34693077977e-07
        max: 0.00523346755654
        mean: 0.000227969328989
        min: 3.59449813914e-07
        var: 5.49196215616e-07
    spectral_energyband_low:
        dmean: 0.000464739598101
        dmean2: 0.00071918143658
        dvar: 2.21019467972e-06
        dvar2: 5.46739829588e-06
        max: 0.0100814802572
        mean: 0.000398475211114
        min: 9.53831857942e-08
        var: 1.97228541765e-06
    spectral_energyband_middle_high:
        dmean: 0.000947388762143
        dmean2: 0.00136509980075
        dvar: 1.40120789638e-06
        dvar2: 2.47303796641e-06
        max: 0.0123408399522
        mean: 0.00198681070469
        min: 9.8354075817e-06
        var: 2.99870794152e-06
    spectral_energyband_middle_low:
        dmean: 0.00042469004984
        dmean2: 0.000677278963849
        dvar: 5.71486395984e-07
        dvar2: 1.31339913878e-06
        max: 0.00681066699326
        mean: 0.000733872526325
        min: 6.59374791212e-06
        var: 6.57986959141e-07
    spectral_flatness_db:
        dmean: 0.0300440657884
        dmean2: 0.0452221222222
        dvar: 0.000749240338337
        dvar2: 0.0013950538123
        max: 0.334885120392
        mean: 0.213336914778
        min: 0.115531943738
        var: 0.00215778523125
    spectral_flux:
        dmean: 0.0109238475561
        dmean2: 0.0168213881552
        dvar: 0.000172513260623
        dvar2: 0.000268999865511
        max: 0.104490831494
        mean: 0.0333549268544
        min: 0.00410903990269
        var: 0.000418656069087
    spectral_kurtosis:
        dmean: 5.63405656815
        dmean2: 8.42832183838
        dvar: 42.6827049255
        dvar2: 86.691619873
        max: 54.2022132874
        mean: 13.0682401657
        min: 1.33896589279
        var: 121.723937988
    spectral_rms:
        dmean: 0.000392805581214
        dmean2: 0.000546759518329
        dvar: 1.85139214182e-07
        dvar2: 3.25164222659e-07
        max: 0.00447617052123
        mean: 0.00168386963196
        min: 0.000128344836412
        var: 4.30085378866e-07
    spectral_rolloff:
        dmean: 361.446166992
        dmean2: 601.268798828
        dvar: 468976.5
        dvar2: 868321.375
        max: 4651.171875
        mean: 1554.34509277
        min: 107.666015625
        var: 995338.1875
    spectral_skewness:
        dmean: 0.574463009834
        dmean2: 0.791695833206
        dvar: 0.338952749968
        dvar2: 0.597402155399
        max: 5.61510562897
        mean: 2.65006279945
        min: 0.808697462082
        var: 1.31142389774
    spectral_spread:
        dmean: 699034.0625
        dmean2: 926810.1875
        dvar: 634968801280
        dvar2: 1.0322549801e+12
        max: 9432675
        mean: 3237964.5
        min: 1259450.25
        var: 1.60263503872e+12
    spectral_strongpeak:
        dmean: 0.441060692072
        dmean2: 0.701495945454
        dvar: 0.192048862576
        dvar2: 0.532749831676
        max: 4.10756635666
        mean: 0.894416034222
        min: 0.0211450066417
        var: 0.289811700583
    zerocrossingrate:
        dmean: 0.00910661648959
        dmean2: 0.0087890625
        dvar: 9.35243442655e-05
        dvar2: 6.86021594447e-05
        max: 0.1552734375
        mean: 0.0572617650032
        min: 0.01806640625
        var: 0.000615807657596
    barkbands:
        dmean: [4.89506419399e-07, 0.000251514749834, 0.000271856901236, 0.000175653389306, 7.85047959653e-05, 6.33886593278e-05, 5.04734634887e-05, 5.93821896473e-05, 0.000164573531947, 0.000135936657898, 0.000392587011447, 0.000382819620427, 3.96681316488e-05, 1.7096495867e-05, 2.53739253822e-05, 5.56834020244e-05, 8.19830529508e-05, 8.14642407931e-05, 0.00010891744023, 0.000128569750814, 0.000120545024402, 1.83716838364e-05, 3.20621211358e-06, 9.33348189847e-07, 5.44865656593e-07, 1.03890922531e-08, 2.27106222717e-10]
        dmean2: [8.60193097196e-07, 0.000380413897801, 0.000499577377923, 0.000316207995638, 0.000143300261698, 0.000110944245534, 8.20032510092e-05, 8.03514776635e-05, 0.000244163849857, 0.000206430384424, 0.000628045410849, 0.000620975682978, 6.22711813776e-05, 2.83338558802e-05, 4.10873653891e-05, 8.42947993078e-05, 0.000122894882225, 0.000117652372865, 0.000138183037052, 0.000167645368492, 0.000143305122037, 2.34339131566e-05, 3.88602893509e-06, 1.1426633364e-06, 7.02118882145e-07, 1.50284815703e-08, 3.39772043834e-10]
        dvar: [1.58321836544e-12, 6.46758564926e-07, 1.06917184439e-06, 2.33951837458e-07, 4.12018614782e-08, 4.19783674488e-08, 2.91782260575e-08, 6.12683503931e-09, 2.9436209914e-08, 2.3614186162e-08, 1.58163445008e-07, 1.68280038793e-07, 3.63235042045e-09, 1.64977465023e-09, 4.20540224866e-09, 3.38470691474e-08, 8.54736725842e-08, 5.41012212807e-08, 9.31308292706e-08, 1.36856925792e-07, 1.28434180624e-07, 3.04072722557e-09, 8.48683623378e-11, 5.92385472273e-12, 1.94726721726e-12, 4.79695033881e-16, 3.80895330821e-18]
        dvar2: [4.46107647351e-12, 1.50045366354e-06, 3.05640560327e-06, 6.17428838723e-07, 1.16118791027e-07, 1.15231593156e-07, 7.50035766828e-08, 1.10724585056e-08, 5.90396993516e-08, 5.2123979799e-08, 3.85475971143e-07, 3.95946983645e-07, 8.1720745726e-09, 4.36408553739e-09, 1.05443804799e-08, 7.35845731015e-08, 1.99579929472e-07, 1.11078527709e-07, 1.60944125582e-07, 2.63230163e-07, 2.22908838055e-07, 4.08191169754e-09, 1.26072485784e-10, 1.05582704038e-11, 2.85224730119e-12, 8.77798348569e-16, 3.82464161571e-18]
        max: [7.26988218958e-06, 0.00543913757429, 0.00682451203465, 0.00353162223473, 0.00147828960326, 0.00177351408638, 0.00163748196792, 0.000845501490403, 0.00161583453882, 0.00179820880294, 0.00406052963808, 0.00367357302457, 0.000558299128897, 0.000406830338761, 0.000529329758137, 0.00210394407623, 0.00277069094591, 0.00209476915188, 0.00317045394331, 0.00321909226477, 0.00348732620478, 0.000548120355234, 8.96729179658e-05, 2.25849289563e-05, 1.24087282529e-05, 1.88479958751e-07, 4.1034788012e-08]
        mean: [5.49829962893e-07, 0.000217315449845, 0.000180623421329, 0.00013043526269, 7.83036375651e-05, 7.06672435626e-05, 5.24724127899e-05, 0.000123388483189, 0.000255534512689, 0.000261190987658, 0.000658340228256, 0.000573579396587, 5.6391574617e-05, 2.18305176531e-05, 2.78778552456e-05, 5.02417169628e-05, 7.71463819547e-05, 9.11030801944e-05, 0.000117354087706, 0.000134228670504, 0.000138578616315, 2.43214926741e-05, 3.87492173104e-06, 1.06194158889e-06, 7.17784814697e-07, 1.18614318367e-08, 1.98928276629e-10]
        min: [3.07050149195e-11, 8.87790907456e-09, 8.57837818558e-08, 5.33997273067e-08, 2.95619656754e-07, 1.48604485162e-07, 1.20345305277e-07, 1.40103338708e-06, 4.36675736637e-06, 3.67513592892e-07, 3.06877427647e-06, 5.72972749069e-06, 1.34806668939e-07, 1.78046093424e-07, 3.70216000078e-08, 4.12210425793e-08, 1.13082627706e-07, 8.64301270553e-08, 1.7569887234e-07, 2.30364889831e-07, 1.98374735305e-07, 3.25182263339e-08, 6.16434681078e-09, 1.49970591501e-09, 1.45577305766e-09, 8.58146123606e-11, 7.44721870435e-14]
        var: [1.94368631433e-12, 6.1674893459e-07, 6.30961210391e-07, 1.64832215432e-07, 2.60774513094e-08, 2.92343731445e-08, 2.3954727979e-08, 2.12023412161e-08, 5.79890873098e-08, 6.87836561042e-08, 3.13717151812e-07, 2.56322181258e-07, 6.63738752849e-09, 1.66157421155e-09, 4.06074107673e-09, 3.69152672874e-08, 8.54984989473e-08, 8.28862880553e-08, 1.51173196627e-07, 1.96499570393e-07, 2.25360309969e-07, 6.29369889538e-09, 1.61599622572e-10, 1.08732302675e-11, 4.20403165405e-12, 8.12524348527e-16, 3.93385261762e-18]
    mfcc:
        mean: [-787.024291992, 160.141418457, -51.7090606689, 13.1365756989, -43.3229064941, 3.02074933052, 21.6645793915, 10.1618413925, 5.7063832283, -12.2409734726, -7.61547279358, -1.22772073746, 2.1131477356]
        cov: [[4194.12304688, -2543.14770508, 141.949203491, 1008.07049561, 124.945739746, -49.4681854248, -210.517501831, -99.0781173706, -32.4489517212, -46.5751647949, -90.8583374023, -1.25731158257, -102.063941956], [-2543.14770508, 1874.90332031, -125.806419373, -650.515380859, -5.59507274628, 29.881231308, 108.347640991, 44.0573005676, 4.64410686493, 20.2988605499, 50.4397773743, -0.439993023872, 71.8370437622], [141.949203491, -125.806419373, 182.755996704, 115.562828064, 35.310798645, 54.9090881348, 58.1883850098, 42.6372375488, 44.5656585693, 37.4430465698, 24.3942451477, 24.8440914154, 17.7091407776], [1008.07049561, -650.515380859, 115.562828064, 387.579956055, 97.0198516846, 40.1197052002, -0.671448051929, 22.6648578644, 28.9953670502, 27.2116584778, 2.9341108799, 19.4814186096, -17.3921337128], [124.945739746, -5.59507274628, 35.310798645, 97.0198516846, 141.946136475, 57.9981689453, 27.5449829102, 17.529624939, 3.95006108284, 8.23198890686, 12.6273059845, 7.19489574432, 4.23119592667], [-49.4681854248, 29.881231308, 54.9090881348, 40.1197052002, 57.9981689453, 100.320732117, 79.1225814819, 43.1760177612, 21.1717910767, 16.3657035828, 16.3473949432, 18.0501651764, 19.4940338135], [-210.517501831, 108.347640991, 58.1883850098, -0.671448051929, 27.5449829102, 79.1225814819, 123.67276001, 77.0960845947, 38.3625144958, 19.7013473511, 9.4009180069, 9.97234344482, 17.7088985443], [-99.0781173706, 44.0573005676, 42.6372375488, 22.6648578644, 17.529624939, 43.1760177612, 77.0960845947, 84.2707595825, 48.459980011, 20.3930835724, 2.11334848404, -0.62012887001, 5.70756483078], [-32.4489517212, 4.64410686493, 44.5656585693, 28.9953670502, 3.95006108284, 21.1717910767, 38.3625144958, 48.459980011, 59.7837753296, 36.9305763245, 10.4844398499, 2.31048464775, 4.85291910172], [-46.5751647949, 20.2988605499, 37.4430465698, 27.2116584778, 8.23198890686, 16.3657035828, 19.7013473511, 20.3930835724, 36.9305763245, 55.7576637268, 25.0373287201, 9.39433383942, 3.56112384796], [-90.8583374023, 50.4397773743, 24.3942451477, 2.9341108799, 12.6273059845, 16.3473949432, 9.4009180069, 2.11334848404, 10.4844398499, 25.0373287201, 49.8210868835, 29.8533287048, 15.7022857666], [-1.25731158257, -0.439993023872, 24.8440914154, 19.4814186096, 7.19489574432, 18.0501651764, 9.97234344482, -0.62012887001, 2.31048464775, 9.39433383942, 29.8533287048, 51.6473312378, 31.8535823822], [-102.063941956, 71.8370437622, 17.7091407776, -17.3921337128, 4.23119592667, 19.4940338135, 17.7088985443, 5.70756483078, 4.85291910172, 3.56112384796, 15.7022857666, 31.8535823822, 51.9248886108]]
        icov: [[0.00202101725154, 0.00201698485762, 0.000440391624579, -0.00179200083949, -0.00110733078327, 0.000163968157722, 0.00104058906436, 0.000921542872675, -0.000605388020631, 0.000692936417181, 0.00167042913381, -0.000520401634276, -0.000172712607309], [0.00201698485762, 0.00421937741339, 0.000406574545195, 0.00273772375658, -0.00393146509305, 0.000852244382259, 0.000561964174267, -0.000478222791571, -9.26493521547e-05, -0.00144427956548, 0.00124453869648, -0.000858819519635, -0.000974971917458], [0.000440391624579, 0.000406574545195, 0.00973789952695, -0.00329247349873, 0.000558886968065, -0.000913532509003, -0.00357129238546, 0.00259672128595, -0.00417637405917, -0.000569459225517, -0.00168036704417, 6.59296460981e-07, -0.00195369683206], [-0.00179200083949, 0.00273772375658, -0.00329247349873, 0.015819247812, -0.00762334652245, -1.99557744054e-05, 0.00207678298466, -0.00573437707499, 0.000885093177203, -0.00611751619726, 0.00169775774702, -0.00546198990196, 0.00283641624264], [-0.00110733078327, -0.00393146509305, 0.000558886968065, -0.00762334652245, 0.0159581340849, -0.00842802412808, 0.00212307227775, -0.000653651950415, 0.00315530109219, 0.0024761154782, -0.00429635867476, 0.00508489785716, -0.000554829020984], [0.000163968157722, 0.000852244382259, -0.000913532509003, -1.99557744054e-05, -0.00842802412808, 0.0297178607434, -0.019225589931, 0.00433589750901, 0.000901254999917, -0.00108246214222, -0.00186427799053, -0.00168750213925, -0.00335278455168], [0.00104058906436, 0.000561964174267, -0.00357129238546, 0.00207678298466, 0.00212307227775, -0.019225589931, 0.0371038392186, -0.0257790181786, 0.00654565729201, -0.00193878903519, 0.00373600097373, -0.00232209893875, 0.000221696289373], [0.000921542872675, -0.000478222791571, 0.00259672128595, -0.00573437707499, -0.000653651950415, 0.00433589750901, -0.0257790181786, 0.0504671372473, -0.0320322029293, 0.0113925952464, 0.00172082125209, 0.00255705113523, 0.00146007037256], [-0.000605388020631, -9.26493521547e-05, -0.00417637405917, 0.000885093177203, 0.00315530109219, 0.000901254999917, 0.00654565729201, -0.0320322029293, 0.0582807809114, -0.0290480442345, 0.0013834774727, 0.00432418147102, -0.00517366407439], [0.000692936417181, -0.00144427956548, -0.000569459225517, -0.00611751619726, 0.0024761154782, -0.00108246214222, -0.00193878903519, 0.0113925952464, -0.0290480442345, 0.0448074750602, -0.0168458204716, 0.00387035100721, 0.0034807047341], [0.00167042913381, 0.00124453869648, -0.00168036704417, 0.00169775774702, -0.00429635867476, -0.00186427799053, 0.00373600097373, 0.00172082125209, 0.0013834774727, -0.0168458204716, 0.0454592294991, -0.0258543118834, 0.00542949140072], [-0.000520401634276, -0.000858819519635, 6.59296460981e-07, -0.00546198990196, 0.00508489785716, -0.00168750213925, -0.00232209893875, 0.00255705113523, 0.00432418147102, 0.00387035100721, -0.0258543118834, 0.0514383241534, -0.025340622291], [-0.000172712607309, -0.000974971917458, -0.00195369683206, 0.00283641624264, -0.000554829020984, -0.00335278455168, 0.000221696289373, 0.00146007037256, -0.00517366407439, 0.0034807047341, 0.00542949140072, -0.025340622291, 0.0371004119515]]
    spectral_contrast:
        mean: [3.51909967833e-08, 6.34512247188e-08, 2.78876967741e-07, -1.92328940329e-07, 1.74672791786e-07, -3.27565636837e-08, 4.65470691324e-07, 2.32596721617e-06, 1.22979633943e-06, -1.5705130636e-06, -9.25786594053e-07, -2.23018400902e-06]
        var: [0.000191208731849, 0.000293224991765, 0.00170056079514, 0.00253212731332, 0.00292828981765, 0.00503014167771, 0.0341006666422, 0.0762398317456, 0.169548004866, 0.196432963014, 0.251664489508, 2.4070019722]

rhythm:
    beats_loudness:
        dmean: 0.00718869781122
        dmean2: 0.0150229716673
        dvar: 2.97317637887e-05
        dvar2: 0.00010179693345
        max: 0.0184025578201
        mean: 0.00673035904765
        min: 0.00149358401541
        var: 2.77341550827e-05
    beats_loudness_bass:
        dmean: 0.265772402287
        dmean2: 0.495516389608
        dvar: 0.121766790748
        dvar2: 0.282103747129
        max: 0.902550458908
        mean: 0.186800926924
        min: 0.00462132133543
        var: 0.0932433381677
    bpm: 106.715583801
    bpm_confidence: 0
    first_peak_bpm: 107
    first_peak_spread: 0
    first_peak_weight: 0.9375
    onset_rate: 5.31127309799
    second_peak_bpm: 112
    second_peak_spread: 0
    second_peak_weight: 0.0625
    beats_position: [0.464949369431, 1.02715969086, 1.58937001228, 2.15158033371, 2.71379065514, 3.27600121498, 3.83821129799, 4.40042161942, 4.96263170242, 5.52484178543, 6.06201934814, 6.6243019104, 7.18658447266, 7.74886655807, 8.31114959717, 8.87343120575, 9.43571376801]
    bpm_estimates: [106.771347046, 106.680305481, 106.722473145, 106.695526123, 106.697540283, 106.763824463, 106.725868225, 106.818069458, 106.662567139, 106.678871155, 106.766960144, 106.638282776, 106.88936615, 106.621139526, 106.684272766, 106.710449219, 106.703170776, 106.650444031]
    bpm_intervals: [0.562210321426, 0.562210321426, 0.562210321426, 0.562210321426, 0.562210559845, 0.562210083008, 0.562210321426, 0.562210083008, 0.562210083008, 0.537177562714, 0.562282562256, 0.562282562256, 0.562282085419, 0.562283039093, 0.562281608582, 0.562282562256]
    onset_times: [0.0464399084449, 0.162539675832, 0.359909296036, 0.46439909935, 0.650158703327, 0.743038535118, 0.882358253002, 1.03328800201, 1.28870749474, 1.48607707024, 1.62539684772, 1.75310659409, 1.88081634045, 2.13623571396, 2.43809533119, 2.61224484444, 2.72834467888, 3.00698423386, 3.28562355042, 3.56426310539, 3.72680282593, 3.86612248421, 4.13315200806, 4.42340135574, 4.7020406723, 4.87619066238, 4.99229001999, 5.23609972, 5.27092981339, 5.54956912994, 5.8282084465, 6.01396846771, 6.17650794983, 6.31582784653, 6.39709758759, 6.66412687302, 6.96598625183, 7.11691617966, 7.25623559952, 7.52326536179, 7.73224496841, 8.103764534, 8.27791404724, 8.39401340485, 8.54494285583, 8.67265319824, 8.93968296051, 9.2067117691, 9.39247131348, 9.52018165588, 9.67111110687, 9.79882049561, 9.9613609314]
    rubato_start: []
    rubato_stop: []
    perceptual_tempo: "unknown"

sfx:
    inharmonicity:
        dmean: 0.0518392622471
        dmean2: 0.092384390533
        dvar: 0.00454162945971
        dvar2: 0.0125209707767
        max: 0.451861530542
        mean: 0.0505751818419
        min: 4.79760910821e-06
        var: 0.00430212868378
    oddtoevenharmonicenergyratio:
        dmean: 15.0747718811
        dmean2: 28.3496322632
        dvar: 1956.14257812
        dvar2: 5452.29199219
        max: 480.866271973
        mean: 8.94779777527
        min: 0.000326906796545
        var: 1282.21875
    pitch_after_max_to_before_max_energy_ratio: 13.4237184525
    pitch_centroid: 215.469497681
    pitch_max_to_total: 0.104651160538
    pitch_min_to_total: 0.786046504974
    tristimulus:
        dmean: [0.272551953793, 0.285898566246, 0.0851530060172]
        dmean2: [0.480292022228, 0.504264891148, 0.147248119116]
        dvar: [0.0547386594117, 0.0555330552161, 0.00830867420882]
        dvar2: [0.143745437264, 0.149901822209, 0.0226656775922]
        max: [0.968338906765, 0.971702516079, 0.62852036953]
        mean: [0.403766483068, 0.490339547396, 0.0882489904761]
        min: [0.0282974690199, 0, 0]
        var: [0.0796855464578, 0.0772339999676, 0.0111080212519]

tonal:
    chords_changes_rate: 0.087962962687
    chords_number_rate: 0.0416666679084
    chords_strength:
        dmean: 0.00929017644376
        dmean2: 0.00932165328413
        dvar: 4.49394465249e-05
        dvar2: 6.57541604596e-05
        max: 0.639939069748
        mean: 0.481250494719
        min: 0.368303090334
        var: 0.00360829546116
    key_strength: 0.360417991877
    tuning_diatonic_strength: 0.37005674839
    tuning_equal_tempered_deviation: 0.156485497952
    tuning_frequency: 443.828887939
    tuning_nontempered_energy_ratio: 0.776537597179
    hpcp:
        dmean: [0.098766990006, 0.0927063152194, 0.142519712448, 0.137664481997, 0.134824797511, 0.201946571469, 0.191491559148, 0.157454386353, 0.220476940274, 0.206805244088, 0.104077160358, 0.0718108490109, 0.098441414535, 0.122553214431, 0.227436989546, 0.246394440532, 0.161205410957, 0.159639954567, 0.203055009246, 0.170235797763, 0.179889664054, 0.0885053798556, 0.0587560385466, 0.108752302825, 0.122787691653, 0.0790186747909, 0.065903455019, 0.059488967061, 0.0503273271024, 0.0911283195019, 0.108640730381, 0.0803750678897, 0.120405256748, 0.179412990808, 0.138874575496, 0.113792449236]
        dmean2: [0.169955208898, 0.160114124417, 0.256206929684, 0.241531282663, 0.230386942625, 0.347800552845, 0.318378210068, 0.263887107372, 0.38163036108, 0.353843271732, 0.178782761097, 0.119528256357, 0.162311837077, 0.194316953421, 0.377675205469, 0.449029147625, 0.281914263964, 0.272319078445, 0.352012306452, 0.29276445508, 0.321145743132, 0.156038761139, 0.0965884923935, 0.182039692998, 0.213564172387, 0.134574577212, 0.110171318054, 0.100721649826, 0.0850840508938, 0.161724671721, 0.192381516099, 0.140016585588, 0.212783709168, 0.317634642124, 0.237338483334, 0.19710020721]
        dvar: [0.0170296579599, 0.0201208069921, 0.039502158761, 0.0294829942286, 0.0219819340855, 0.0538623705506, 0.0457444451749, 0.0353169925511, 0.0470416769385, 0.0519891306758, 0.0150800989941, 0.0129695041105, 0.0237350668758, 0.017979376018, 0.0457138866186, 0.0771622881293, 0.0339686870575, 0.0285250749439, 0.0508829429746, 0.0373299792409, 0.0592400245368, 0.0157665666193, 0.00967863481492, 0.0228391736746, 0.032531555742, 0.0129407709464, 0.00913002248853, 0.0116619672626, 0.00404825527221, 0.0112220402807, 0.0197919737548, 0.0143139092252, 0.0257021989673, 0.0498660579324, 0.0357185304165, 0.0313429534435]
        dvar2: [0.0501176156104, 0.055457174778, 0.106103502214, 0.0767846778035, 0.0622962154448, 0.141493365169, 0.122946567833, 0.101630240679, 0.139943674207, 0.152580231428, 0.0396988280118, 0.0252192672342, 0.0573009774089, 0.0456850603223, 0.115421690047, 0.197647631168, 0.0935311540961, 0.0764859840274, 0.142404809594, 0.101938553154, 0.159817099571, 0.0395518541336, 0.024755043909, 0.0595503747463, 0.0866702720523, 0.0382622480392, 0.0244491714984, 0.033401671797, 0.0106753790751, 0.0312381200492, 0.0518017746508, 0.0343321040273, 0.0681218653917, 0.135622829199, 0.102247320116, 0.0984274595976]
        max: [0.988840341568, 1, 1, 1, 0.86702889204, 1, 1, 1, 1, 1, 1, 0.931202590466, 1, 1, 1, 1, 1, 1, 1, 1, 1, 0.768669843674, 0.646680057049, 1, 1, 0.617984473705, 0.712331831455, 1, 0.351292878389, 0.779922187328, 0.949972808361, 1, 1, 1, 1, 1]
        mean: [0.130544453859, 0.111528977752, 0.203823760152, 0.210866630077, 0.171646937728, 0.3031912148, 0.282148420811, 0.21169026196, 0.329258352518, 0.326543956995, 0.157760500908, 0.0834827721119, 0.14557030797, 0.195518746972, 0.412693202496, 0.495189130306, 0.247290343046, 0.281502336264, 0.340994656086, 0.232059374452, 0.180050075054, 0.0874786525965, 0.0579942986369, 0.118405617774, 0.13918197155, 0.087577752769, 0.0651157349348, 0.0650418698788, 0.0552618838847, 0.105477571487, 0.135024949908, 0.0954434350133, 0.15438054502, 0.224275693297, 0.164463624358, 0.137929737568]
        min: [0.000586789508816, 0.00189176015556, 0.000409233587561, 0.000517735315952, 0.00664620148018, 0.000650038884487, 0.000567589537241, 0.00147543777712, 0.00280381808989, 0.00120598392095, 0.00126954505686, 0.000414951064158, 0.000211540609598, 0.00208014785312, 0.0116796512157, 0.00468606268987, 0.00308170681819, 0.00208831089549, 0.00223595811985, 0.00531644746661, 0.00146391929593, 0.000507914519403, 0.000374142226065, 0.000650919333566, 0.00132884760387, 0.000510871002916, 0.000550181022845, 0.000542764260899, 0.000747758080252, 0.00279280357063, 0.00321678444743, 0.00161524617579, 0.00215725391172, 0.0031868244987, 0.0025779872667, 0.000503145856783]
        var: [0.0258696284145, 0.0219602566212, 0.0745827481151, 0.065521992743, 0.028905602172, 0.113796129823, 0.0964916571975, 0.0638992860913, 0.0870853811502, 0.0950890854001, 0.0390846505761, 0.0180385448039, 0.0534741021693, 0.0561465471983, 0.091335631907, 0.147708564997, 0.0467858798802, 0.0840733721852, 0.114154353738, 0.0513523183763, 0.0685962066054, 0.0187999438494, 0.0110212629661, 0.0275354217738, 0.0398180037737, 0.016160055995, 0.00994761008769, 0.0119867045432, 0.00443847291172, 0.0152179831639, 0.0285859238356, 0.0175461769104, 0.0333610363305, 0.0798990800977, 0.0405525006354, 0.0374075621367]
    chords_histogram: [0, 5.09259271622, 3.70370364189, 0, 0.925925910473, 0, 0, 0, 50.4629631042, 0, 0, 0.925925910473, 0, 0, 0, 1.38888883591, 0, 0, 7.40740728378, 13.8888893127, 3.70370364189, 4.16666650772, 8.33333301544, 0]
    thpcp: [1, 0.499385654926, 0.568474411964, 0.688614964485, 0.468627750874, 0.363598614931, 0.176657050848, 0.117115452886, 0.239111915231, 0.28106829524, 0.176857173443, 0.131496697664, 0.131347537041, 0.111597530544, 0.213004618883, 0.272673487663, 0.192741379142, 0.311760783195, 0.452909171581, 0.332122862339, 0.278539508581, 0.263625442982, 0.225225016475, 0.411607891321, 0.425830483437, 0.346629053354, 0.612273573875, 0.569779098034, 0.427493751049, 0.664914309978, 0.659432828426, 0.318586349487, 0.168587654829, 0.293969124556, 0.394836515188, 0.833405196667]
    chords_key: "G"
    chords_scale: "major"
    key_key: "D#"
    key_scale: "major"
    chords_progression: ["F", "F", "Fm", "Fm", "Fm", "Fm", "Fm", "Fm", "Fm", "Fm", "Fm", "G#", "G#", "G#", "G#", "G#", "G#", "G#", "G#", "G#", "G#", "G#", "G#", "G#", "G#", "G#", "G#", "G#", "G#", "G", "G", "G", "G", "G", "G", "G", "G", "G", "G", "G#m", "G", "G#m", "G", "G#m", "G", "G", "Gm", "Gm", "G", "Gm", "Gm", "Gm", "Gm", "Gm", "Gm", "Gm", "Gm", "Gm", "G", "G", "G", "G", "G", "G", "G", "G", "G", "G", "G", "G", "G", "G", "G", "G", "G", "G", "G", "G", "G", "G", "G", "G", "G", "G", "G", "G", "G", "G", "G", "G", "G", "G", "G", "G", "G", "G", "G", "G", "G", "G", "G", "G", "G", "G", "G", "G", "G", "G", "G", "G", "G", "G", "G", "G", "G", "G", "G", "G", "G", "G", "G", "G", "G", "G", "G", "G", "G", "G", "G", "G", "G", "G", "G", "G", "G", "G", "G", "G", "G", "G", "G", "G", "G", "G", "G", "G", "G", "G", "G", "G", "G", "G", "F#", "F#", "F#", "F#", "F#", "F#", "F#", "F#", "F#", "F#", "F#", "F#", "F#m", "F#m", "F#", "F#", "F#", "F#", "C#", "C#", "C#", "C#", "C#", "C#", "C#", "C#", "A#m", "A#m", "A#m", "A#m", "A#m", "A#m", "A#m", "A#m", "A#m", "A#m", "A#m", "A#m", "A#m", "A#m", "A#m", "A#m", "A#m", "A#m", "A#m", "A#m", "A#m", "A#m", "A#m", "A#m", "A#m", "A#m", "A#m", "A#m", "A#m", "A#m", "A#", "A#", "A#", "A#", "A#", "A#", "A#", "A#"]
