
metadata:
    version:
        essentia: "1.2.2"
    audio_properties:
        analysis_sample_rate: 44100
        bitrate: 128
        channels: 2
        equal_loudness: 1
        length: 10.2138776779
        replay_gain: -12.6072540283
        downmix: "mix"
    tags:
        track: 13
        year: 0
        album: "Splitted by Mp3Splt v. 2.1"
        artist: "From 002.00 To 002.10"
        comment: "http://mp3splt.sf.net"
        genre: ""
        title: "13 Da Villa.mp3"

highlevel:
    ballroom:
        all:
            ChaChaCha: 0.241324529052
            Jive: 0.0616355985403
            Quickstep: 0.0447383485734
            Rumba-American: 0.0091745024547
            Rumba-International: 0.0393018200994
            Rumba-Misc: 0.118045911193
            Samba: 0.474305897951
            Tango: 0.00339729012921
            VienneseWaltz: 0.0039231851697
            Waltz: 0.00415290426463
        probability: 0.474305897951
        value: "Samba"
    culture:
        all:
            non_western: 0.320279538631
            western: 0.679720461369
        probability: 0.679720461369
        value: "western"
    gender:
        all:
            female: 0.631479859352
            male: 0.368520140648
        probability: 0.631479859352
        value: "female"
    genre_dortmund:
        all:
            alternative: 0.00144143670332
            blues: 0.000674933835398
            electronic: 0.0266670268029
            folkcountry: 0.000587494112551
            funksoulrnb: 0.0104968901724
            jazz: 0.00288680917583
            pop: 0.00773502048105
            raphiphop: 0.947317361832
            rock: 0.00219301669858
        probability: 0.947317361832
        value: "raphiphop"
    genre_electronica:
        all:
            ambient: 0.100581303239
            dnb: 0.0179624073207
            house: 0.824359178543
            techno: 0.0455900989473
            trance: 0.0115069812164
        probability: 0.824359178543
        value: "house"
    genre_rosamerica:
        all:
            cla: 0.00105135166086
            dan: 0.0177342556417
            hip: 0.450432538986
            jaz: 0.00142003875226
            pop: 0.000660998397507
            rhy: 0.520977139473
            roc: 0.000837422674522
            spe: 0.00688625080511
        probability: 0.520977139473
        value: "rhy"
    genre_tzanetakis:
        all:
            blu: 0.00485212216154
            cla: 0.00300485827029
            cou: 0.00300946948119
            dis: 0.0111638009548
            hip: 0.349519789219
            jaz: 0.00122914544772
            met: 0.00490809511393
            pop: 0.228562772274
            reg: 0.382957726717
            roc: 0.0107922097668
        probability: 0.382957726717
        value: "reg"
    live_studio:
        all:
            live: 0.0233699195087
            studio: 0.976630091667
        probability: 0.976630091667
        value: "studio"
    mood:
        all:
            Cluster1: 0.234941586852
            Cluster2: 0.327864319086
            Cluster3: 0.189808115363
            Cluster4: 0.098298445344
            Cluster5: 0.149087533355
        probability: 0.327864319086
        value: "Cluster2"
    mood_acoustic:
        all:
            acoustic: 0.10135538131
            not_acoustic: 0.898644626141
        probability: 0.898644626141
        value: "not_acoustic"
    mood_aggressive:
        all:
            aggressive: 6.28116652024e-07
            not_aggressive: 0.999999344349
        probability: 0.999999344349
        value: "not_aggressive"
    mood_electronic:
        all:
            electronic: 0.798576772213
            not_electronic: 0.201423197985
        probability: 0.798576772213
        value: "electronic"
    mood_happy:
        all:
            happy: 0.149309486151
            not_happy: 0.850690543652
        probability: 0.850690543652
        value: "not_happy"
    mood_party:
        all:
            not_party: 0.352648854256
            party: 0.647351145744
        probability: 0.647351145744
        value: "party"
    mood_relaxed:
        all:
            not_relaxed: 0.143408298492
            relaxed: 0.856591701508
        probability: 0.856591701508
        value: "relaxed"
    mood_sad:
        all:
            not_sad: 0.698103666306
            sad: 0.301896303892
        probability: 0.698103666306
        value: "not_sad"
    rhythm:
        all:
            fast: 0.146929040551
            medium: 0.78078520298
            slow: 0.0722857788205
        probability: 0.78078520298
        value: "medium"
    speech_music:
        all:
            music: 0.998495697975
            speech: 0.00150429888163
        probability: 0.998495697975
        value: "music"
    timbre:
        all:
            bright: 0.0173762403429
            dark: 0.982623755932
        probability: 0.982623755932
        value: "dark"
    voice_instrumental:
        all:
            instrumental: 0.00586722465232
            voice: 0.994132757187
        probability: 0.994132757187
        value: "voice"

lowlevel:
    average_loudness: 0.976280808449
    barkbands_kurtosis:
        dmean: 9.88237667084
        dmean2: 16.0700397491
        dvar: 449.947784424
        dvar2: 915.365356445
        max: 294.981628418
        mean: 9.00141525269
        min: -1.95596766472
        var: 630.698913574
    barkbands_skewness:
        dmean: 1.35769927502
        dmean2: 1.93425512314
        dvar: 2.16063046455
        dvar2: 4.46497344971
        max: 15.4205951691
        mean: 1.48082756996
        min: -5.12615776062
        var: 5.32735204697
    barkbands_spread:
        dmean: 12.2281770706
        dmean2: 19.7398834229
        dvar: 186.285552979
        dvar2: 489.700561523
        max: 91.1666183472
        mean: 25.4417896271
        min: 0.717425107956
        var: 381.445281982
    dissonance:
        dmean: 0.0513317473233
        dmean2: 0.0802140012383
        dvar: 0.00325597939081
        dvar2: 0.00737458234653
        max: 0.49906462431
        mean: 0.412772208452
        min: 0.136521086097
        var: 0.00658327061683
    hfc:
        dmean: 2.45945596695
        dmean2: 3.15406322479
        dvar: 24.8114376068
        dvar2: 34.6732368469
        max: 47.1802520752
        mean: 3.9599571228
        min: 0.0142336077988
        var: 67.7465133667
    pitch:
        dmean: 776.310424805
        dmean2: 1485.2845459
        dvar: 2045526.5
        dvar2: 4144077.25
        max: 6300
        mean: 1414.80212402
        min: 53.0685920715
        var: 3462634.25
    pitch_instantaneous_confidence:
        dmean: 0.136968672276
        dmean2: 0.223650217056
        dvar: 0.0152407847345
        dvar2: 0.0355316288769
        max: 0.912969112396
        mean: 0.553791940212
        min: 0.205493569374
        var: 0.0298946183175
    pitch_salience:
        dmean: 0.0997196137905
        dmean2: 0.159082710743
        dvar: 0.00759496213868
        dvar2: 0.018947634846
        max: 0.848964333534
        mean: 0.513427853584
        min: 0.149921476841
        var: 0.0186012592167
    silence_rate_20dB:
        dmean: 0
        dmean2: 0
        dvar: 0
        dvar2: 0
        max: 1
        mean: 1
        min: 1
        var: 0
    silence_rate_30dB:
        dmean: 0
        dmean2: 0
        dvar: 0
        dvar2: 0
        max: 1
        mean: 1
        min: 1
        var: 0
    silence_rate_60dB:
        dmean: 0.131818175316
        dmean2: 0.261958986521
        dvar: 0.114442035556
        dvar2: 0.211559131742
        max: 1
        mean: 0.802721083164
        min: 0
        var: 0.158359438181
    spectral_centroid:
        dmean: 490.553924561
        dmean2: 671.315185547
        dvar: 390090.21875
        dvar2: 624936.6875
        max: 5236.54248047
        mean: 1162.99926758
        min: 127.799499512
        var: 1291223
    spectral_complexity:
        dmean: 2.51025056839
        dmean2: 3.71232867241
        dvar: 17.4161281586
        dvar2: 28.3464508057
        max: 45
        mean: 5.44545459747
        min: 0
        var: 43.9788131714
    spectral_crest:
        dmean: 3.65759110451
        dmean2: 5.878718853
        dvar: 9.17746639252
        dvar2: 24.7184028625
        max: 24.471988678
        mean: 11.6472072601
        min: 3.69344353676
        var: 20.4718704224
    spectral_decrease:
        dmean: 5.32160704392e-10
        dmean2: 8.4722123761e-10
        dvar: 1.26598576204e-18
        dvar2: 3.12505919611e-18
        max: -2.12806833787e-12
        mean: -6.56753207373e-10
        min: -8.82417339199e-09
        var: 1.30025833636e-18
    spectral_energy:
        dmean: 0.00219747982919
        dmean2: 0.00339861446992
        dvar: 2.00668873731e-05
        dvar2: 4.84263327962e-05
        max: 0.0366862975061
        mean: 0.00283791776747
        min: 9.32285001909e-06
        var: 2.34118306253e-05
    spectral_energyband_high:
        dmean: 0.000291873526294
        dmean2: 0.000326702051098
        dvar: 4.95780682286e-07
        dvar2: 6.81570440975e-07
        max: 0.00736240111291
        mean: 0.000423378020059
        min: 3.31711440538e-08
        var: 1.27986606913e-06
    spectral_energyband_low:
        dmean: 0.000549071817659
        dmean2: 0.000928683963139
        dvar: 2.91976448352e-06
        dvar2: 7.87689259596e-06
        max: 0.011177552864
        mean: 0.000623307249043
        min: 1.5742334103e-09
        var: 2.20172864829e-06
    spectral_energyband_middle_high:
        dmean: 0.00039589550579
        dmean2: 0.00057686312357
        dvar: 3.77543670993e-07
        dvar2: 7.26753057734e-07
        max: 0.00524726044387
        mean: 0.000568825867958
        min: 2.29978013522e-07
        var: 8.12306609532e-07
    spectral_energyband_middle_low:
        dmean: 0.0013164402917
        dmean2: 0.00222656782717
        dvar: 1.19001733765e-05
        dvar2: 2.91012329399e-05
        max: 0.0286454819143
        mean: 0.00122240104247
        min: 9.46005457081e-07
        var: 1.02195499494e-05
    spectral_flatness_db:
        dmean: 0.0375269576907
        dmean2: 0.0589420571923
        dvar: 0.0010386510985
        dvar2: 0.00237697083503
        max: 0.393761396408
        mean: 0.218279764056
        min: 0.111712954938
        var: 0.00280225486495
    spectral_flux:
        dmean: 0.0152311511338
        dmean2: 0.0246533360332
        dvar: 0.000417700328398
        dvar2: 0.000838892243337
        max: 0.167532354593
        mean: 0.0348956733942
        min: 0.00232247449458
        var: 0.000807616743259
    spectral_kurtosis:
        dmean: 2.91513609886
        dmean2: 4.25450563431
        dvar: 15.0381469727
        dvar2: 31.9493923187
        max: 46.9017028809
        mean: 5.11106681824
        min: -0.480055570602
        var: 34.5585289001
    spectral_rms:
        dmean: 0.000511163205374
        dmean2: 0.00074552942533
        dvar: 4.89052354169e-07
        dvar2: 1.11651172574e-06
        max: 0.00598260061815
        mean: 0.0013833460398
        min: 9.53701382969e-05
        var: 8.55053713167e-07
    spectral_rolloff:
        dmean: 913.910583496
        dmean2: 1495.03369141
        dvar: 1426085.125
        dvar2: 2992647.25
        max: 7192.08984375
        mean: 2058.47729492
        min: 107.666015625
        var: 3669516.25
    spectral_skewness:
        dmean: 0.492770135403
        dmean2: 0.673178732395
        dvar: 0.260498285294
        dvar2: 0.522979259491
        max: 6.00779390335
        mean: 1.67027032375
        min: -0.306581616402
        var: 0.993188202381
    spectral_spread:
        dmean: 1295779.625
        dmean2: 1799832.25
        dvar: 1.72510111334e+12
        dvar2: 2.87254799974e+12
        max: 12728251
        mean: 5826289.5
        min: 2108428.25
        var: 5.05894351667e+12
    spectral_strongpeak:
        dmean: 0.263378739357
        dmean2: 0.446362197399
        dvar: 0.222194179893
        dvar2: 0.618616104126
        max: 2.80416083336
        mean: 0.323589712381
        min: 0.0140703553334
        var: 0.204971969128
    zerocrossingrate:
        dmean: 0.0193165838718
        dmean2: 0.0199136249721
        dvar: 0.000471746141557
        dvar2: 0.000462917640107
        max: 0.27001953125
        mean: 0.065903544426
        min: 0.00634765625
        var: 0.00266648945399
    barkbands:
        dmean: [9.10901178486e-07, 0.000179465772817, 0.000432720291428, 0.00023830102873, 0.000788530916907, 8.08448530734e-05, 0.000230896752328, 2.60954511759e-05, 8.95993507584e-05, 5.82323918934e-05, 5.81867097935e-05, 4.49098843092e-05, 3.10324794555e-05, 2.86201520794e-05, 2.1481549993e-05, 3.55495685653e-05, 3.25832770613e-05, 4.48459468316e-05, 0.000112168738269, 0.000141600408824, 0.00011834839097, 7.47624362702e-05, 2.2282187274e-05, 4.89981130158e-06, 2.11678684536e-06, 1.41466443893e-07, 4.2942821521e-10]
        dmean2: [1.38735538258e-06, 0.000257967360085, 0.000804214098025, 0.000454182794783, 0.00129728403408, 0.000141357420944, 0.000362559134373, 4.61100025859e-05, 0.000145804879139, 8.73955432326e-05, 9.11507740966e-05, 7.21625910955e-05, 5.20830653841e-05, 4.98514418723e-05, 3.467089482e-05, 5.32117992407e-05, 5.04825584358e-05, 6.84450933477e-05, 0.000175170382136, 0.000193025902263, 0.000152013599291, 9.91853157757e-05, 3.21789411828e-05, 7.06983564669e-06, 3.00198666991e-06, 1.86400711755e-07, 6.35650920788e-10]
        dvar: [8.27078856791e-12, 2.73650641702e-07, 2.10575603887e-06, 6.99893234923e-07, 8.97124937183e-06, 6.30933953971e-08, 1.38756362844e-07, 4.94188245881e-09, 4.57107631746e-08, 3.51538602672e-08, 3.35425625053e-08, 1.69524430049e-08, 7.39185868071e-09, 6.72259314882e-09, 2.09450656818e-09, 5.83387382846e-09, 2.86915580183e-09, 8.03301158925e-09, 7.00821232158e-08, 1.60290511531e-07, 8.23638615088e-08, 3.50798572413e-08, 2.90392798696e-09, 1.43070444381e-10, 2.20827921921e-11, 8.92895512302e-14, 6.92787751251e-19]
        dvar2: [1.83669902204e-11, 5.86269834457e-07, 6.15060889686e-06, 2.04919206226e-06, 2.16489806917e-05, 1.76063238655e-07, 3.05011724322e-07, 1.3699446022e-08, 1.1346177331e-07, 6.52825562497e-08, 6.5004201133e-08, 3.82893041717e-08, 1.75454406559e-08, 1.87033624144e-08, 4.43413439299e-09, 1.18221219481e-08, 5.88919712996e-09, 1.6150652371e-08, 1.70631722085e-07, 2.67585932079e-07, 1.32638874106e-07, 6.65625989882e-08, 5.11950659643e-09, 2.69937433517e-10, 4.08563946563e-11, 1.6965423478e-13, 1.16562124999e-18]
        max: [2.12137838389e-05, 0.00365555216558, 0.00881780311465, 0.00552586605772, 0.0247958842665, 0.00206680223346, 0.00364825804718, 0.000572985387407, 0.00225132214837, 0.00265051191673, 0.00290227402002, 0.00110663659871, 0.000724854937289, 0.00094349461142, 0.000365441315807, 0.000847078044899, 0.00043375606765, 0.000856214668602, 0.00236262241378, 0.00422570109367, 0.00243264436722, 0.00171280489303, 0.000522561662365, 0.000126607425045, 5.29972749064e-05, 3.12501902044e-06, 1.01166603983e-08]
        mean: [7.69150915403e-07, 0.00019380201411, 0.000428742991062, 0.000171197229065, 0.000644105311949, 6.98946168995e-05, 0.000234119113884, 1.86260094779e-05, 8.12612197478e-05, 5.96530444454e-05, 5.41201079614e-05, 3.87523323298e-05, 2.99177845591e-05, 2.20412839553e-05, 2.11693768506e-05, 3.91846879211e-05, 4.28450912295e-05, 5.52113706362e-05, 0.000130857224576, 0.000195757616893, 0.00016703667643, 9.74106878857e-05, 3.15539546136e-05, 6.72638952892e-06, 2.97408632832e-06, 1.89363476011e-07, 5.0702214649e-10]
        min: [4.81972404695e-12, 4.01890881685e-10, 3.32255278845e-10, 4.89837725937e-09, 3.60590263426e-07, 5.48467085082e-08, 7.08525220716e-08, 3.94756538569e-09, 5.28338706118e-09, 5.11065323394e-09, 2.92619573017e-09, 1.23116397077e-08, 7.07737290995e-09, 3.52348794586e-09, 3.25473759055e-10, 5.86469095509e-09, 9.59158263925e-09, 1.76836572052e-08, 1.23142074315e-08, 4.09144584879e-09, 1.12020472898e-08, 7.17696568842e-09, 2.19012075142e-09, 1.63661051378e-09, 1.21197663017e-09, 8.53745754648e-11, 1.41879303445e-12]
        var: [8.20490463765e-12, 3.17857484333e-07, 1.18405489502e-06, 3.79761786462e-07, 7.56915096645e-06, 4.72668624241e-08, 1.8523313372e-07, 3.24130300378e-09, 4.17475760628e-08, 5.89978803589e-08, 5.4729763832e-08, 1.60887427825e-08, 8.03624544687e-09, 4.69051952834e-09, 2.41708786319e-09, 8.6809137656e-09, 5.62106139412e-09, 1.49224614887e-08, 1.03738940993e-07, 3.56160938964e-07, 1.97550036773e-07, 6.76863294302e-08, 6.23179996495e-09, 2.90293178384e-10, 4.66795838094e-11, 1.76683158121e-13, 1.24897903205e-18]
    mfcc:
        mean: [-822.860961914, 105.288131714, 4.52918052673, 60.6040267944, -7.9094209671, 4.76632595062, -1.44896757603, 4.62609815598, -2.21797966957, -7.51954555511, -1.21439838409, -5.59972667694, -4.42557811737]
        cov: [[7936.57910156, -2257.20483398, -1038.78137207, 66.3778457642, -299.302734375, -65.9418258667, -170.579238892, -216.772155762, -153.357589722, 13.2158584595, -42.9700279236, -29.0282287598, -19.8820896149], [-2257.20483398, 3608.15527344, -777.927307129, -1171.26489258, -67.8711013794, -241.37298584, 100.715545654, 288.480194092, 161.538208008, -41.0472602844, 379.392303467, 226.578201294, -65.5606689453], [-1038.78137207, -777.927307129, 1795.08105469, 753.425964355, 3.90074706078, 299.576812744, 278.332397461, 111.74066925, 2.19591283798, 29.4838829041, 12.5981254578, 47.9898414612, 148.201950073], [66.3778457642, -1171.26489258, 753.425964355, 1185.72851562, 146.074554443, 76.6217041016, -32.1017684937, -4.4806895256, -90.7995147705, -1.8915989399, -134.911834717, -56.0747032166, 109.426177979], [-299.302734375, -67.8711013794, 3.90074706078, 146.074554443, 426.093841553, 70.0933990479, -131.418960571, -46.5051460266, 31.5108795166, 72.0176315308, -54.0743865967, 25.8297691345, 23.0446624756], [-65.9418258667, -241.37298584, 299.576812744, 76.6217041016, 70.0933990479, 424.173828125, 215.75680542, -51.7555999756, -1.95300197601, 37.1758270264, 16.3833408356, 11.5677947998, -0.0190781783313], [-170.579238892, 100.715545654, 278.332397461, -32.1017684937, -131.418960571, 215.75680542, 510.876220703, 116.097999573, 11.2953910828, 11.9713516235, 85.7345275879, 24.8366966248, -8.92962837219], [-216.772155762, 288.480194092, 111.74066925, -4.4806895256, -46.5051460266, -51.7555999756, 116.097999573, 298.700195312, 59.0422096252, -36.2170333862, 69.0207672119, 34.9406661987, 15.1956691742], [-153.357589722, 161.538208008, 2.19591283798, -90.7995147705, 31.5108795166, -1.95300197601, 11.2953910828, 59.0422096252, 150.45375061, 47.4634513855, 18.3317337036, 11.8182325363, -17.3659248352], [13.2158584595, -41.0472602844, 29.4838829041, -1.8915989399, 72.0176315308, 37.1758270264, 11.9713516235, -36.2170333862, 47.4634513855, 142.659683228, 8.27107524872, -16.7036323547, -6.54580593109], [-42.9700279236, 379.392303467, 12.5981254578, -134.911834717, -54.0743865967, 16.3833408356, 85.7345275879, 69.0207672119, 18.3317337036, 8.27107524872, 191.120819092, 76.3771438599, -9.51963424683], [-29.0282287598, 226.578201294, 47.9898414612, -56.0747032166, 25.8297691345, 11.5677947998, 24.8366966248, 34.9406661987, 11.8182325363, -16.7036323547, 76.3771438599, 181.40296936, 43.9503059387], [-19.8820896149, -65.5606689453, 148.201950073, 109.426177979, 23.0446624756, -0.0190781783313, -8.92962837219, 15.1956691742, -17.3659248352, -6.54580593109, -9.51963424683, 43.9503059387, 114.771774292]]
        icov: [[0.000241745219682, 0.000265211740043, 0.000276274106, 2.16234475374e-05, 0.000217639055336, -4.59900620626e-05, 3.92201945942e-05, -9.66267616604e-05, 4.73926447739e-05, -0.000159909875947, -0.000307582929963, -0.000224995164899, -0.000153152912389], [0.000265211740043, 0.000853034958709, 0.000365860265447, 0.000462415569928, -4.34264620708e-05, 0.00023747367959, -8.87816422619e-05, -0.000362257211236, -0.000106624880573, 6.55179392197e-05, -0.00104790006299, -0.000380989804398, -0.000283690053038], [0.000276274106, 0.000365860265447, 0.00136954779737, -0.000579577987082, 0.000530848396011, -0.000590865267441, -0.000176350527909, -0.000364885927411, -0.000343011546647, -0.000349669426214, -0.000584644440096, -0.000421539647505, -0.000990040018223], [2.16234475374e-05, 0.000462415569928, -0.000579577987082, 0.00187551509589, -0.00070681568468, 0.000348713132553, 5.46001720068e-05, -0.000435505498899, 0.000827503798064, 0.00016410992248, 8.64908943186e-05, 0.000376796582714, -0.000570538279135], [0.000217639055336, -4.34264620708e-05, 0.000530848396011, -0.00070681568468, 0.00400389544666, -0.00152874493506, 0.00148267147597, -0.00050538306823, -0.000286570313619, -0.00217035599053, 0.00107491831295, -0.00144687842112, -0.000144517500303], [-4.59900620626e-05, 0.00023747367959, -0.000590865267441, 0.000348713132553, -0.00152874493506, 0.0043862555176, -0.00222583999857, 0.00156723044347, -0.000220148795052, 0.000553970807232, -0.000608190253843, 0.000129509731778, 0.000383430568036], [3.92201945942e-05, -8.87816422619e-05, -0.000176350527909, 5.46001720068e-05, 0.00148267147597, -0.00222583999857, 0.0038540023379, -0.00170016638003, 0.000667301297653, -0.00114158540964, -0.000139700685395, -0.000298949453281, 0.000497374683619], [-9.66267616604e-05, -0.000362257211236, -0.000364885927411, -0.000435505498899, -0.00050538306823, 0.00156723044347, -0.00170016638003, 0.005699519068, -0.002690452151, 0.0024203681387, -0.00129327189643, 0.000627641216852, -0.000739096954931], [4.73926447739e-05, -0.000106624880573, -0.000343011546647, 0.000827503798064, -0.000286570313619, -0.000220148795052, 0.000667301297653, -0.002690452151, 0.00971873477101, -0.00381541019306, 0.00112652860116, -0.000917311816011, 0.00176452891901], [-0.000159909875947, 6.55179392197e-05, -0.000349669426214, 0.00016410992248, -0.00217035599053, 0.000553970807232, -0.00114158540964, 0.0024203681387, -0.00381541019306, 0.0103993732482, -0.00206381618045, 0.0022398813162, -0.000681732199155], [-0.000307582929963, -0.00104790006299, -0.000584644440096, 8.64908943186e-05, 0.00107491831295, -0.000608190253843, -0.000139700685395, -0.00129327189643, 0.00112652860116, -0.00206381618045, 0.00959067698568, -0.00320041365921, 0.00203882320784], [-0.000224995164899, -0.000380989804398, -0.000421539647505, 0.000376796582714, -0.00144687842112, 0.000129509731778, -0.000298949453281, 0.000627641216852, -0.000917311816011, 0.0022398813162, -0.00320041365921, 0.00876460503787, -0.00352014554664], [-0.000153152912389, -0.000283690053038, -0.000990040018223, -0.000570538279135, -0.000144517500303, 0.000383430568036, 0.000497374683619, -0.000739096954931, 0.00176452891901, -0.000681732199155, 0.00203882320784, -0.00352014554664, 0.0122575815767]]
    spectral_contrast:
        mean: [-2.81259424639e-08, -8.36158307038e-08, 6.01062879468e-08, 3.48822637442e-09, -3.02539092445e-07, -6.16366202522e-09, -1.01544640074e-06, -9.63190700531e-07, -6.09254300343e-07, -1.14810063678e-06, -4.31402168033e-06, -6.28558098015e-07]
        var: [0.000891942356247, 0.00238635507412, 0.00277344416827, 0.0036398563534, 0.00575140165165, 0.0165885258466, 0.203725412488, 0.274310439825, 0.311782866716, 0.959396898746, 1.32559847832, 4.24648761749]

rhythm:
    beats_loudness:
        dmean: 0.0128397634253
        dmean2: 0.0256869439036
        dvar: 2.03941726795e-05
        dvar2: 7.59752001613e-05
        max: 0.022901892662
        mean: 0.0105011966079
        min: 0.000702612334862
        var: 5.83379805903e-05
    beats_loudness_bass:
        dmean: 0.707077085972
        dmean2: 1.39678823948
        dvar: 0.0648050159216
        dvar2: 0.304823607206
        max: 0.895131349564
        mean: 0.391736596823
        min: 0.00390518922359
        var: 0.151349112391
    bpm: 94.9698486328
    bpm_confidence: 0
    first_peak_bpm: 95
    first_peak_spread: 0.066666662693
    first_peak_weight: 0.933333337307
    onset_rate: 5.5806427002
    second_peak_bpm: 0
    second_peak_spread: 0
    second_peak_weight: 0
    beats_position: [0.591683864594, 1.22334444523, 1.85500514507, 2.48666572571, 3.11832618713, 3.74998688698, 4.38164758682, 5.01330804825, 5.64496850967, 6.29888248444, 6.93076181412, 7.56264019012, 8.19451904297, 8.82639789581, 9.45827674866, 10.0901556015]
    bpm_estimates: [94.9807739258, 94.9764785767, 95.3134155273, 95.1597213745, 95.0390853882, 94.9808502197, 94.915397644, 94.6538696289, 94.8727111816, 94.8958206177, 94.9703445435, 94.9421920776, 95.0248794556, 94.9815826416, 94.9584579468, 95.0591812134, 94.9881515503, 94.9430923462, 94.8845596313, 94.8562698364]
    bpm_intervals: [0.631660580635, 0.631660699844, 0.631660580635, 0.631660461426, 0.631660699844, 0.631660699844, 0.631660461426, 0.631660461426, 0.653913974762, 0.631879329681, 0.631878376007, 0.631878852844, 0.631878852844, 0.631878852844, 0.631878852844]
    onset_times: [0.0464399084449, 0.18575963378, 0.394739240408, 0.568888902664, 0.835918366909, 0.975238084793, 1.11455786228, 1.26548755169, 1.46285712719, 1.59056687355, 1.79954648018, 2.02013611794, 2.14784574509, 2.27555561066, 2.42648530006, 2.80961441994, 3.03020405769, 3.12308382988, 3.27401351929, 3.3785033226, 3.70358276367, 4.07510185242, 4.23764181137, 4.56272125244, 4.71365070343, 4.841360569, 5.02712011337, 5.27092981339, 5.35219955444, 5.47990942001, 5.58439922333, 5.65405893326, 5.86303853989, 5.9675283432, 6.11845827103, 6.22294807434, 6.47836732864, 6.61768722534, 6.90793657303, 7.04725646973, 7.2330160141, 7.47682523727, 7.74385499954, 7.84834480286, 8.19664382935, 8.34757328033, 8.52172374725, 8.68426322937, 8.83519268036, 9.07900238037, 9.27637195587, 9.46213150024, 9.61306095123, 9.77560043335, 9.92653083801, 10.0078001022, 10.1006803513]
    rubato_start: []
    rubato_stop: []
    perceptual_tempo: "unknown"

sfx:
    inharmonicity:
        dmean: 0.0388386771083
        dmean2: 0.0652722120285
        dvar: 0.00223070313223
        dvar2: 0.00578905176371
        max: 0.353973716497
        mean: 0.0394868329167
        min: 0
        var: 0.00280881114304
    oddtoevenharmonicenergyratio:
        dmean: 24.0632896423
        dmean2: 47.9656906128
        dvar: 92520.546875
        dvar2: 277627.3125
        max: 4513.82324219
        mean: 12.398229599
        min: 0
        var: 46302.3632812
    pitch_after_max_to_before_max_energy_ratio: 0.265083819628
    pitch_centroid: 233.990829468
    pitch_max_to_total: 0.781818211079
    pitch_min_to_total: 0.561363637447
    tristimulus:
        dmean: [0.253157913685, 0.294832646847, 0.140101343393]
        dmean2: [0.439181357622, 0.524902820587, 0.246824502945]
        dvar: [0.058947969228, 0.0604437738657, 0.0391356125474]
        dvar2: [0.152335643768, 0.17426776886, 0.101326651871]
        max: [1, 0.994412660599, 0.957646965981]
        mean: [0.482697308064, 0.34814247489, 0.124575413764]
        min: [0.00189817522187, 0, 0]
        var: [0.111311979592, 0.0887817591429, 0.0442774929106]

tonal:
    chords_changes_rate: 0.185520365834
    chords_number_rate: 0.0497737564147
    chords_strength:
        dmean: 0.0138538219035
        dmean2: 0.0162088237703
        dvar: 9.32315524551e-05
        dvar2: 0.000156445341418
        max: 0.715205729008
        mean: 0.472221374512
        min: 0.263901293278
        var: 0.0104024587199
    key_strength: 0.447421610355
    tuning_diatonic_strength: 0.382433027029
    tuning_equal_tempered_deviation: 0.200308904052
    tuning_frequency: 431.692352295
    tuning_nontempered_energy_ratio: 0.835243344307
    hpcp:
        dmean: [0.216404512525, 0.241713345051, 0.260331124067, 0.227921128273, 0.258569568396, 0.27777788043, 0.229591608047, 0.177680760622, 0.138731524348, 0.135496273637, 0.111969530582, 0.0966490581632, 0.10357272625, 0.106544159353, 0.101225279272, 0.0845452547073, 0.0762012153864, 0.0819433555007, 0.0843359529972, 0.0691172033548, 0.0850100442767, 0.0992492362857, 0.0834181085229, 0.0657295808196, 0.0840178281069, 0.0921610891819, 0.110215604305, 0.107896439731, 0.0828924179077, 0.0630535781384, 0.0749861821532, 0.0970696359873, 0.119547270238, 0.121707066894, 0.135318890214, 0.179481506348]
        dmean2: [0.370915591717, 0.423028320074, 0.486548811197, 0.409815460443, 0.447108626366, 0.493241876364, 0.397610872984, 0.316769301891, 0.240199178457, 0.233465984464, 0.194260075688, 0.17001581192, 0.181387796998, 0.185898035765, 0.177906513214, 0.146122887731, 0.129940733314, 0.140301987529, 0.143954455853, 0.119765758514, 0.146411553025, 0.172052353621, 0.145304352045, 0.111643455923, 0.146641045809, 0.166963770986, 0.183380395174, 0.186606407166, 0.143169119954, 0.111388444901, 0.134868919849, 0.174518615007, 0.214355185628, 0.222334265709, 0.237975373864, 0.321820855141]
        dvar: [0.0718291178346, 0.0762005895376, 0.0913885980844, 0.0682281255722, 0.0805362090468, 0.0847862586379, 0.0872450992465, 0.0538558326662, 0.0556578636169, 0.053318656981, 0.0362841188908, 0.0288124345243, 0.0337723270059, 0.0370536446571, 0.031204810366, 0.0223915688694, 0.0154140880331, 0.0175769478083, 0.0183890610933, 0.0131340902299, 0.0245640594512, 0.0291742645204, 0.0261621288955, 0.0178931299597, 0.0327999889851, 0.0296408422291, 0.0305389426649, 0.0335704870522, 0.0152484178543, 0.0138115445152, 0.0197955276817, 0.0302475746721, 0.0373847186565, 0.0370965711772, 0.0437542572618, 0.0531948432326]
        dvar2: [0.171321541071, 0.20345748961, 0.24629548192, 0.165354624391, 0.20768854022, 0.188554316759, 0.213977918029, 0.14738021791, 0.13921931386, 0.1353918612, 0.0912120714784, 0.0677672997117, 0.0903492122889, 0.101853221655, 0.0828823074698, 0.0595492571592, 0.0418012104928, 0.0452245548368, 0.0472501516342, 0.0325788483024, 0.0637249648571, 0.0824247002602, 0.0708882510662, 0.0459408685565, 0.0868449881673, 0.0765870586038, 0.0791409164667, 0.0830477550626, 0.0434983633459, 0.0381005778909, 0.0581580214202, 0.0865103602409, 0.101353280246, 0.103070512414, 0.120283782482, 0.152249887586]
        max: [1, 1, 1, 1, 1, 1, 1, 1, 1, 1, 1, 1, 1, 1, 1, 0.981219410896, 0.759009599686, 1, 0.829059898853, 0.776413500309, 1, 1, 1, 0.965935826302, 1, 1, 1, 1, 0.78940820694, 1, 1, 1, 1, 1, 1, 1]
        mean: [0.271087288857, 0.240836948156, 0.192648425698, 0.198630079627, 0.243488639593, 0.407721251249, 0.414316475391, 0.201375246048, 0.11228620261, 0.101986795664, 0.0877140536904, 0.0812723338604, 0.0811098739505, 0.0798256993294, 0.0798702687025, 0.0707993879914, 0.0645427256823, 0.070281714201, 0.0708552375436, 0.0623579584062, 0.076901063323, 0.091469399631, 0.0730919092894, 0.0577102676034, 0.0678887963295, 0.0939491167665, 0.1457131356, 0.147168397903, 0.0806813985109, 0.0487399473786, 0.054050128907, 0.079909183085, 0.104872018099, 0.102945171297, 0.106384277344, 0.190523281693]
        min: [0.000422190292738, 0.000482159259263, 0.000410124514019, 0.00013466020755, 7.73822612246e-05, 0.000203427538509, 0.000114478869364, 8.97738718777e-05, 8.26184768812e-05, 7.94188235886e-05, 5.18007582286e-05, 0.000150934152771, 0.000147653510794, 0.000131911365315, 0.000112921006803, 5.0308452046e-05, 0.00013632462651, 8.19391862024e-05, 8.79300496308e-05, 0.000101235265902, 5.92307660554e-05, 8.98154830793e-05, 7.66114171711e-05, 5.74518489884e-05, 2.90028037853e-05, 4.95712083648e-05, 0.000175080742338, 0.000180913586519, 7.02913894202e-05, 6.06581779721e-05, 6.09399066889e-05, 9.10909147933e-05, 8.4126884758e-05, 0.000167502847034, 8.83232787601e-05, 0.000322286708979]
        var: [0.121900878847, 0.0893489196897, 0.079186193645, 0.0779064595699, 0.0915217846632, 0.142770275474, 0.174919173121, 0.0566328801215, 0.0478241592646, 0.0438871383667, 0.0304803382605, 0.0273671019822, 0.026999078691, 0.0268001612276, 0.0245895702392, 0.0185065120459, 0.0135296434164, 0.0155037902296, 0.0151406610385, 0.0134474867955, 0.0218661483377, 0.027276750654, 0.0225234031677, 0.018958626315, 0.0266012065113, 0.0325040221214, 0.066407546401, 0.0658867657185, 0.0165030173957, 0.0107271354645, 0.0139202792197, 0.0254688840359, 0.0409953445196, 0.0350514315069, 0.0360506139696, 0.0655880719423]
    chords_histogram: [0, 0, 12.2171945572, 0, 1.35746610165, 0, 0, 0, 0.904977381229, 5.88235282898, 0, 10.4072399139, 7.23981904984, 0, 0, 13.1221723557, 15.3846149445, 0, 9.50226211548, 1.80995476246, 0, 4.07239818573, 17.6470584869, 0.452488690615]
    thpcp: [1, 0.48604208231, 0.271015524864, 0.24615675211, 0.211707860231, 0.196160033345, 0.19576792419, 0.192668423057, 0.192775994539, 0.170882388949, 0.15578122437, 0.169632926583, 0.171017184854, 0.150508031249, 0.185609474778, 0.220771819353, 0.176415652037, 0.139290302992, 0.163857340813, 0.226756900549, 0.351695239544, 0.355207681656, 0.194733738899, 0.117639414966, 0.130456134677, 0.192869916558, 0.253120571375, 0.248469889164, 0.256770581007, 0.459849625826, 0.654300034046, 0.581287384033, 0.464978903532, 0.479416310787, 0.587687551975, 0.984081685543]
    chords_key: "G#"
    chords_scale: "minor"
    key_key: "D#"
    key_scale: "minor"
    chords_progression: ["Am", "A", "A", "A", "A", "F#m", "F#m", "F#m", "F#m", "F#m", "F#m", "F#m", "F#m", "F#m", "Am", "Am", "Am", "Am", "Am", "Am", "Am", "Am", "Am", "Am", "Am", "F#m", "F#m", "F#m", "F#m", "F#m", "F#m", "F#m", "F#m", "F#m", "F#m", "F#m", "Fm", "Fm", "Fm", "F#m", "A#", "Bm", "Bm", "B", "Bm", "G#m", "Bm", "G#m", "G#m", "G", "G", "G", "G", "G", "G", "G#m", "G", "G", "G", "G", "G#m", "G", "G", "G", "G", "G", "G", "G", "Bm", "Bm", "Bm", "G", "G", "G#m", "G", "G", "G", "G", "G", "G", "G", "G", "G", "G", "Bm", "Bm", "Bm", "Bm", "Bm", "Bm", "Bm", "Bm", "Bm", "Bm", "Bm", "Bm", "Bm", "Bm", "Bm", "Bm", "Bm", "Bm", "Bm", "A#m", "A#m", "A#m", "A#m", "A#m", "A#m", "A#m", "A#m", "A#m", "A#m", "A#m", "A#m", "A#m", "F", "F", "F", "A#m", "A#m", "F", "F", "F", "F", "F", "F", "F", "F", "F", "F", "F", "F", "F", "F", "F", "F", "F", "F", "F", "F", "A#m", "A#m", "A#m", "A#m", "A#m", "A#m", "A#m", "A#m", "A#m", "A#m", "A#m", "Bm", "Bm", "Bm", "A#m", "A#", "A#", "A#", "A#", "A#", "A#", "A#", "A#", "A#", "A#", "A#", "A#", "G#m", "G#m", "G#m", "G#m", "G#m", "G#m", "G#m", "G#m", "G#m", "G#m", "G#m", "G#m", "G#m", "Bm", "Bm", "Bm", "Bm", "Bm", "G#m", "G#m", "G#m", "G#m", "G#m", "G#m", "G#m", "G#m", "Gm", "Gm", "G#m", "G#m", "G#m", "E", "E", "E", "E", "E", "E", "E", "G#m", "G#m", "G#m", "G#m", "G#m", "G#m", "G#m", "E", "E", "G#m", "G#m", "Am", "Am", "Am", "Am"]
