
metadata:
    version:
        essentia: "1.2.2"
    audio_properties:
        analysis_sample_rate: 44100
        bitrate: 128
        channels: 2
        equal_loudness: 1
        length: 9.97877597809
        replay_gain: -9.30184745789
        downmix: "mix"
    tags:
        track: 9
        year: 0
        album: "Splitted by Mp3Splt v. 2.1"
        artist: "From 001.20 To 001.30"
        comment: "http://mp3splt.sf.net"
        genre: ""
        title: "03 Weird Divide.mp3"

highlevel:
    ballroom:
        all:
            ChaChaCha: 0.00557460170239
            Jive: 0.00653297221288
            Quickstep: 0.00413364404812
            Rumba-American: 0.0327949337661
            Rumba-International: 0.497537493706
            Rumba-Misc: 0.320730149746
            Samba: 0.00676857074723
            Tango: 0.00161156069953
            VienneseWaltz: 0.0517086721957
            Waltz: 0.0726074129343
        probability: 0.497537493706
        value: "Rumba-International"
    culture:
        all:
            non_western: 0.659370005131
            western: 0.340629994869
        probability: 0.659370005131
        value: "non_western"
    gender:
        all:
            female: 0.537765920162
            male: 0.462234050035
        probability: 0.537765920162
        value: "female"
    genre_dortmund:
        all:
            alternative: 0.244524344802
            blues: 0.0231555383652
            electronic: 0.0137461088598
            folkcountry: 0.403275072575
            funksoulrnb: 0.00618458492681
            jazz: 0.0768394172192
            pop: 0.156032398343
            raphiphop: 0.00382694322616
            rock: 0.0724156051874
        probability: 0.403275072575
        value: "folkcountry"
    genre_electronica:
        all:
            ambient: 0.909475445747
            dnb: 0.0135907791555
            house: 0.0418711826205
            techno: 0.0232054088265
            trance: 0.0118571715429
        probability: 0.909475445747
        value: "ambient"
    genre_rosamerica:
        all:
            cla: 0.0761013105512
            dan: 0.054647590965
            hip: 0.0405846461654
            jaz: 0.244328707457
            pop: 0.121819280088
            rhy: 0.369117945433
            roc: 0.0750218853354
            spe: 0.0183786544949
        probability: 0.369117945433
        value: "rhy"
    genre_tzanetakis:
        all:
            blu: 0.159357860684
            cla: 0.0341816134751
            cou: 0.106984868646
            dis: 0.0289876647294
            hip: 0.0509042814374
            jaz: 0.0374215431511
            met: 0.0201709214598
            pop: 0.140521168709
            reg: 0.1085761711
            roc: 0.312893927097
        probability: 0.312893927097
        value: "roc"
    live_studio:
        all:
            live: 0.35544899106
            studio: 0.644550979137
        probability: 0.644550979137
        value: "studio"
    mood:
        all:
            Cluster1: 0.0921528115869
            Cluster2: 0.0194646213204
            Cluster3: 0.873783528805
            Cluster4: 0.00756710022688
            Cluster5: 0.00703196041286
        probability: 0.873783528805
        value: "Cluster3"
    mood_acoustic:
        all:
            acoustic: 0.988085746765
            not_acoustic: 0.0119142290205
        probability: 0.988085746765
        value: "acoustic"
    mood_aggressive:
        all:
            aggressive: 4.72757989201e-07
            not_aggressive: 0.999999523163
        probability: 0.999999523163
        value: "not_aggressive"
    mood_electronic:
        all:
            electronic: 0.0456917956471
            not_electronic: 0.954308211803
        probability: 0.954308211803
        value: "not_electronic"
    mood_happy:
        all:
            happy: 0.0272596925497
            not_happy: 0.972740292549
        probability: 0.972740292549
        value: "not_happy"
    mood_party:
        all:
            not_party: 0.96813762188
            party: 0.0318623743951
        probability: 0.96813762188
        value: "not_party"
    mood_relaxed:
        all:
            not_relaxed: 0.174485206604
            relaxed: 0.825514793396
        probability: 0.825514793396
        value: "relaxed"
    mood_sad:
        all:
            not_sad: 0.0696614012122
            sad: 0.93033862114
        probability: 0.93033862114
        value: "sad"
    rhythm:
        all:
            fast: 0.300486028194
            medium: 0.280764192343
            slow: 0.41874974966
        probability: 0.41874974966
        value: "slow"
    speech_music:
        all:
            music: 0.999998509884
            speech: 1.50492564899e-06
        probability: 0.999998509884
        value: "music"
    timbre:
        all:
            bright: 0.526910424232
            dark: 0.473089575768
        probability: 0.526910424232
        value: "bright"
    voice_instrumental:
        all:
            instrumental: 0.140683084726
            voice: 0.859316945076
        probability: 0.859316945076
        value: "voice"

lowlevel:
    average_loudness: 0.899642944336
    barkbands_kurtosis:
        dmean: 12.8141069412
        dmean2: 19.4504013062
        dvar: 332.888366699
        dvar2: 737.937866211
        max: 225.782333374
        mean: 23.7166900635
        min: -1.83244419098
        var: 1042.05700684
    barkbands_skewness:
        dmean: 1.11895811558
        dmean2: 1.66441702843
        dvar: 1.15007853508
        dvar2: 2.45396089554
        max: 12.1640920639
        mean: 3.66716766357
        min: -0.821738958359
        var: 4.76435709
    barkbands_spread:
        dmean: 5.1310710907
        dmean2: 7.70619535446
        dvar: 44.5876502991
        dvar2: 90.6725082397
        max: 57.0025634766
        mean: 12.9313774109
        min: 0.502029418945
        var: 153.394607544
    dissonance:
        dmean: 0.0232681613415
        dmean2: 0.0373760983348
        dvar: 0.000521225330885
        dvar2: 0.00118054961786
        max: 0.494938075542
        mean: 0.428888857365
        min: 0.273110330105
        var: 0.00191381201148
    hfc:
        dmean: 0.619132637978
        dmean2: 0.950535953045
        dvar: 1.49588119984
        dvar2: 3.42458724976
        max: 13.0675287247
        mean: 1.51408720016
        min: 0.00552432937548
        var: 2.63412809372
    pitch:
        dmean: 300.026702881
        dmean2: 592.371948242
        dvar: 972919.4375
        dvar2: 2519814.25
        max: 4900
        mean: 515.995056152
        min: 82.4299087524
        var: 1139209.125
    pitch_instantaneous_confidence:
        dmean: 0.0828583985567
        dmean2: 0.128247275949
        dvar: 0.00613552890718
        dvar2: 0.0140381148085
        max: 0.896797657013
        mean: 0.637878537178
        min: 0.217641890049
        var: 0.0221465881914
    pitch_salience:
        dmean: 0.0819439589977
        dmean2: 0.124503351748
        dvar: 0.0045417654328
        dvar2: 0.011306906119
        max: 0.771516978741
        mean: 0.402702182531
        min: 0.0830562487245
        var: 0.0158203486353
    silence_rate_20dB:
        dmean: 0
        dmean2: 0
        dvar: 0
        dvar2: 0
        max: 1
        mean: 1
        min: 1
        var: 0
    silence_rate_30dB:
        dmean: 0
        dmean2: 0
        dvar: 0
        dvar2: 0
        max: 1
        mean: 1
        min: 1
        var: 0
    silence_rate_60dB:
        dmean: 0.120930232108
        dmean2: 0.242424249649
        dvar: 0.106306694448
        dvar2: 0.216288611293
        max: 1
        mean: 0.603248238564
        min: 0
        var: 0.239339396358
    spectral_centroid:
        dmean: 157.773849487
        dmean2: 245.485290527
        dvar: 71757.3203125
        dvar2: 159463.234375
        max: 3398.4284668
        mean: 506.21105957
        min: 180.729400635
        var: 150187.78125
    spectral_complexity:
        dmean: 1.09090912342
        dmean2: 1.80841124058
        dvar: 2.34371161461
        dvar2: 5.27638196945
        max: 21
        mean: 3.74883723259
        min: 0
        var: 5.65320158005
    spectral_crest:
        dmean: 3.08376932144
        dmean2: 4.78251314163
        dvar: 6.91581773758
        dvar2: 16.2960338593
        max: 26.4501438141
        mean: 16.0601234436
        min: 4.52696037292
        var: 30.5989322662
    spectral_decrease:
        dmean: 3.8253339385e-10
        dmean2: 5.83574522039e-10
        dvar: 3.54412642032e-19
        dvar2: 1.03982258845e-18
        max: -5.51719434028e-12
        mean: -8.77148242928e-10
        min: -7.63259233594e-09
        var: 7.50125222976e-19
    spectral_energy:
        dmean: 0.00149106851313
        dmean2: 0.00227423617616
        dvar: 5.28607142769e-06
        dvar2: 1.54948374984e-05
        max: 0.0295064914972
        mean: 0.00344789214432
        min: 2.13241819438e-05
        var: 1.13098831207e-05
    spectral_energyband_high:
        dmean: 4.29616629845e-05
        dmean2: 6.78785727359e-05
        dvar: 2.4774559293e-08
        dvar2: 5.71010581041e-08
        max: 0.00239789579064
        mean: 5.48909993086e-05
        min: 9.20389719994e-09
        var: 2.61088608511e-08
    spectral_energyband_low:
        dmean: 9.06261630007e-05
        dmean2: 0.000135977985337
        dvar: 2.63972221859e-08
        dvar2: 6.31215684166e-08
        max: 0.00174224039074
        mean: 0.000174553104443
        min: 1.27409475681e-06
        var: 6.81489851218e-08
    spectral_energyband_middle_high:
        dmean: 9.24180058064e-05
        dmean2: 0.000138775256346
        dvar: 5.16400788797e-08
        dvar2: 1.27945057216e-07
        max: 0.00220501609147
        mean: 0.000213437713683
        min: 6.88353551936e-08
        var: 8.7023501294e-08
    spectral_energyband_middle_low:
        dmean: 0.00141158036422
        dmean2: 0.00216780416667
        dvar: 4.82648283651e-06
        dvar2: 1.40039883263e-05
        max: 0.0274544991553
        mean: 0.00300500984304
        min: 1.99718651857e-05
        var: 9.92794502963e-06
    spectral_flatness_db:
        dmean: 0.0321714803576
        dmean2: 0.0474376939237
        dvar: 0.000749779166654
        dvar2: 0.00158597901464
        max: 0.38106316328
        mean: 0.230995297432
        min: 0.101270310581
        var: 0.00343368574977
    spectral_flux:
        dmean: 0.00865778140724
        dmean2: 0.0144254099578
        dvar: 8.1538928498e-05
        dvar2: 0.000214979590965
        max: 0.126654788852
        mean: 0.0230813957751
        min: 0.00273592351004
        var: 0.00020984801813
    spectral_kurtosis:
        dmean: 2.46673798561
        dmean2: 3.7145242691
        dvar: 8.3341588974
        dvar2: 16.9657402039
        max: 28.616312027
        mean: 6.06666517258
        min: -0.552141904831
        var: 22.1754817963
    spectral_rms:
        dmean: 0.000361393205822
        dmean2: 0.000533306447323
        dvar: 1.33623373699e-07
        dvar2: 3.58926058652e-07
        max: 0.00536533491686
        mean: 0.00166931876447
        min: 0.000144236197229
        var: 5.77174716909e-07
    spectral_rolloff:
        dmean: 357.129669189
        dmean2: 620.689025879
        dvar: 648919.0625
        dvar2: 1430907.25
        max: 5167.96875
        mean: 775.495910645
        min: 172.265625
        var: 1106105.125
    spectral_skewness:
        dmean: 0.373135656118
        dmean2: 0.558557331562
        dvar: 0.167327016592
        dvar2: 0.304971754551
        max: 4.71690177917
        mean: 2.09914827347
        min: 0.365390360355
        var: 0.555857121944
    spectral_spread:
        dmean: 1599461.25
        dmean2: 2241053.5
        dvar: 4.23185167155e+12
        dvar2: 6.96356071014e+12
        max: 22482658
        mean: 6479476.5
        min: 2868362
        var: 7.86251644928e+12
    spectral_strongpeak:
        dmean: 0.142254680395
        dmean2: 0.227262213826
        dvar: 0.0816100984812
        dvar2: 0.28237336874
        max: 3.407289505
        mean: 0.31607607007
        min: 0.00814555212855
        var: 0.0689953044057
    zerocrossingrate:
        dmean: 0.00876174587756
        dmean2: 0.0101763289422
        dvar: 9.62203339441e-05
        dvar2: 0.00011540750711
        max: 0.1494140625
        mean: 0.036125998944
        min: 0.00341796875
        var: 0.00055968464585
    barkbands:
        dmean: [5.67802445062e-08, 2.04623465834e-05, 7.7969772974e-05, 0.000558272353373, 0.000902380503248, 0.000113989219244, 7.0650879934e-05, 1.55589605129e-05, 4.06458821089e-05, 4.14807027482e-06, 5.92342257733e-06, 1.08104677565e-05, 1.52588836499e-05, 1.00364950413e-05, 1.21086750369e-05, 8.26783980301e-06, 1.26329487102e-05, 1.22571773318e-05, 1.78959089681e-05, 3.34044671035e-05, 2.35587103816e-05, 7.32586931917e-06, 1.37938741318e-06, 1.49913205405e-06, 2.68717030849e-06, 4.43262102579e-08, 5.11390374491e-10]
        dmean2: [9.0329898228e-08, 3.08366215904e-05, 0.000119156102301, 0.000897172198165, 0.00134563574102, 0.000169996725162, 0.000105970299046, 2.41455200012e-05, 6.18861449766e-05, 6.93413812769e-06, 1.01902378447e-05, 1.70554085344e-05, 2.56563653238e-05, 1.64044759003e-05, 2.04974567168e-05, 1.29718755488e-05, 2.10861635423e-05, 2.03719573619e-05, 2.74765025097e-05, 5.36702573299e-05, 3.82578291465e-05, 1.14893991849e-05, 2.30335899687e-06, 2.39282462644e-06, 4.2795495574e-06, 6.72401583302e-08, 7.72340413846e-10]
        dvar: [1.50362154775e-14, 1.68564884273e-09, 2.15237179191e-08, 2.03232775675e-06, 1.35609695917e-06, 6.55450449472e-08, 1.38359714796e-08, 9.33723209862e-10, 1.18155245588e-08, 7.15506959237e-11, 1.51254508918e-10, 4.09789036038e-10, 2.76469558358e-09, 1.18016119099e-09, 7.79577735699e-10, 5.19195075821e-10, 1.45021950004e-09, 1.0310587939e-09, 2.16954187948e-09, 1.23153318654e-08, 8.82594619611e-09, 1.07097375412e-09, 4.18775916722e-11, 1.02571727154e-11, 1.90273387324e-11, 4.74772851309e-15, 7.16993620234e-18]
        dvar2: [3.60686110699e-14, 3.29690963419e-09, 5.37626334562e-08, 6.20420587438e-06, 3.3601531868e-06, 1.65264424368e-07, 2.77678289251e-08, 2.11313255782e-09, 2.95897812919e-08, 1.90865448446e-10, 4.14874939958e-10, 8.68350502614e-10, 7.46266426432e-09, 3.11872594416e-09, 2.09147321684e-09, 1.35148048308e-09, 3.69077923779e-09, 2.80662781904e-09, 4.47540493553e-09, 2.74401266154e-08, 1.9415880459e-08, 2.7682958148e-09, 1.13965795134e-10, 2.62920275829e-11, 4.47104332724e-11, 1.08075076734e-14, 7.27404763578e-18]
        max: [1.61223169926e-06, 0.000597759208176, 0.00138602929655, 0.0175125300884, 0.009022757411, 0.00275202072226, 0.00102929095738, 0.000344573287293, 0.00156142190099, 9.92501372821e-05, 0.000100106677564, 0.000222262140596, 0.000661887810566, 0.000475894426927, 0.000299734703731, 0.000306354020722, 0.00048518445692, 0.000313730794005, 0.000836098799482, 0.00124160724226, 0.00146996486001, 0.000407149840612, 9.6526418929e-05, 4.13367524743e-05, 2.26629927056e-05, 4.58109525425e-07, 5.59395907374e-08]
        mean: [1.12667940755e-07, 3.40622318618e-05, 0.000140381671372, 0.000849072937854, 0.00173594045918, 0.000202908326173, 0.000115188340715, 2.38534848904e-05, 7.6721808e-05, 6.46655644232e-06, 9.51952279138e-06, 1.99563437491e-05, 2.71345124929e-05, 1.42515009429e-05, 1.92010229512e-05, 1.30183116198e-05, 1.94883978111e-05, 1.8760221792e-05, 3.84336453862e-05, 4.17587580159e-05, 2.87517523248e-05, 7.62096169638e-06, 1.42815986237e-06, 1.4414558791e-06, 2.37633685174e-06, 4.57593785086e-08, 4.79766226746e-10]
        min: [3.07093295238e-10, 1.0222771607e-07, 1.06299171421e-06, 8.04260821496e-07, 1.51370677486e-05, 1.05991466626e-06, 4.04763333961e-08, 1.1339110273e-07, 3.24306270727e-08, 2.28872387709e-08, 2.32958941027e-09, 2.50158116444e-09, 2.71310418576e-09, 6.03464278548e-10, 5.61474244876e-09, 3.30942784288e-09, 7.53973772305e-09, 7.05888059116e-09, 2.45651832209e-09, 6.66768729118e-09, 4.30896607284e-09, 2.72963252002e-09, 3.52710777252e-10, 2.76332429161e-10, 4.23164892016e-10, 3.77072192914e-11, 1.5695345414e-12]
        var: [2.9765984599e-14, 3.12540837655e-09, 5.09562383399e-08, 3.45925627698e-06, 3.45499961441e-06, 1.5795033903e-07, 2.6383473184e-08, 1.68997749128e-09, 2.86364461033e-08, 1.18149837136e-10, 2.5104612833e-10, 9.48171208215e-10, 4.04437860979e-09, 1.38694111751e-09, 1.09796272074e-09, 7.47834405512e-10, 1.70792968657e-09, 1.14133269502e-09, 6.46943343341e-09, 1.37073925544e-08, 9.88894122145e-09, 8.66121452336e-10, 2.88941197357e-11, 8.85547017659e-12, 1.92871933702e-11, 5.50559641957e-15, 7.40946123796e-18]
    mfcc:
        mean: [-813.607055664, 133.638565063, -0.671403348446, 52.9044685364, 3.21950292587, -4.94252872467, 5.34417486191, -19.5009975433, -8.37101745605, -15.3781099319, -9.70822715759, -11.6561203003, -6.36387872696]
        cov: [[3740.49414062, -816.529846191, -709.446044922, 78.722038269, -343.023040771, 177.341430664, -78.2818527222, -54.2217330933, 48.969745636, 66.3677368164, 88.28074646, -59.3066902161, -47.069278717], [-816.529846191, 870.186401367, 42.0080223083, -118.1173172, 83.0209579468, -24.3023433685, -54.860168457, 26.0521354675, -48.5281677246, 42.313243866, 3.60190725327, 31.1219730377, -41.4066581726], [-709.446044922, 42.0080223083, 682.81262207, -19.1636695862, 157.973739624, -104.854103088, 61.8440704346, -49.0596618652, 92.5554885864, -34.1903839111, 19.6410160065, 32.7084884644, 1.91687989235], [78.722038269, -118.1173172, -19.1636695862, 264.320983887, -40.249961853, 25.8209056854, -40.1817893982, 34.3925819397, -2.75914263725, 25.0947723389, -42.1982955933, -8.32354927063, 27.8534202576], [-343.023040771, 83.0209579468, 157.973739624, -40.249961853, 236.333267212, -69.2799301147, 36.0143470764, -35.9657936096, -5.23862504959, -23.3747520447, -8.45595169067, 8.96387672424, 30.1249256134], [177.341430664, -24.3023433685, -104.854103088, 25.8209056854, -69.2799301147, 116.43674469, 1.89491677284, 24.5647449493, -8.83170986176, 14.9185037613, -0.0078061465174, -3.62812328339, -7.23538017273], [-78.2818527222, -54.860168457, 61.8440704346, -40.1817893982, 36.0143470764, 1.89491677284, 152.309646606, 21.3020496368, 10.7531785965, -19.3946838379, 5.15038299561, -0.389213085175, 16.9464244843], [-54.2217330933, 26.0521354675, -49.0596618652, 34.3925819397, -35.9657936096, 24.5647449493, 21.3020496368, 88.0986785889, 15.3616056442, 20.5913162231, 4.15951013565, -3.17288184166, -2.9834253788], [48.969745636, -48.5281677246, 92.5554885864, -2.75914263725, -5.23862504959, -8.83170986176, 10.7531785965, 15.3616056442, 122.420700073, 13.142999649, 26.0367069244, 1.20356249809, -37.7898025513], [66.3677368164, 42.313243866, -34.1903839111, 25.0947723389, -23.3747520447, 14.9185037613, -19.3946838379, 20.5913162231, 13.142999649, 70.7147750854, 15.0793895721, -1.75551760197, -6.11757898331], [88.28074646, 3.60190725327, 19.6410160065, -42.1982955933, -8.45595169067, -0.0078061465174, 5.15038299561, 4.15951013565, 26.0367069244, 15.0793895721, 68.94115448, 10.1733503342, -21.5004692078], [-59.3066902161, 31.1219730377, 32.7084884644, -8.32354927063, 8.96387672424, -3.62812328339, -0.389213085175, -3.17288184166, 1.20356249809, -1.75551760197, 10.1733503342, 58.2121353149, 20.8031234741], [-47.069278717, -41.4066581726, 1.91687989235, 27.8534202576, 30.1249256134, -7.23538017273, 16.9464244843, -2.9834253788, -37.7898025513, -6.11757898331, -21.5004692078, 20.8031234741, 105.742332458]]
        icov: [[0.000543087837286, 0.000405901751947, 0.000560785876587, -8.36606268422e-05, 0.000248407421168, -0.000247498450335, -2.81178103023e-07, 0.000922313774936, -0.000409211264923, -0.000348576693796, -0.000738376285881, 0.000129642823595, 8.87639816938e-06], [0.000405901751947, 0.00208124727942, 6.75141418469e-05, 0.00111464073416, -0.000620836624876, -0.000180328672286, 0.00104157812893, -0.00101517047733, 0.00113655172754, -0.00180646509398, 0.000485728727654, -0.00116926000919, 0.0013002527412], [0.000560785876587, 6.75141418469e-05, 0.00299331685528, -0.000887143774889, -0.000570226286072, 0.000938940094784, -0.00106464989949, 0.00243943673559, -0.00242696003988, 0.000528451404534, -0.0013739875285, -0.000672900641803, -6.21270010015e-05], [-8.36606268422e-05, 0.00111464073416, -0.000887143774889, 0.00611127028242, 3.54131771019e-05, -0.000802263151854, 0.00240635522641, -0.00336062069982, 0.000562955450732, -0.00242580566555, 0.00413489621133, -4.21989680035e-05, -0.000830001721624], [0.000248407421168, -0.000620836624876, -0.000570226286072, 3.54131771019e-05, 0.00670840637758, 0.00233506364748, -0.00154458335601, 0.00238839816302, -0.000222453978495, 0.000356974254828, 2.86322028842e-05, 0.00078789703548, -0.00177601445466], [-0.000247498450335, -0.000180328672286, 0.000938940094784, -0.000802263151854, 0.00233506364748, 0.0118217300624, -0.00160961330403, -0.00116851367056, 0.000848294002935, -0.000920473423321, 0.000336674653227, -0.000913996249437, 0.000880348496139], [-2.81178103023e-07, 0.00104157812893, -0.00106464989949, 0.00240635522641, -0.00154458335601, -0.00160961330403, 0.00942031480372, -0.00473856786266, 0.000186071774806, 0.00164043577388, 7.81277412898e-05, 0.000902771076653, -0.0015206442913], [0.000922313774936, -0.00101517047733, 0.00243943673559, -0.00336062069982, 0.00238839816302, -0.00116851367056, -0.00473856786266, 0.0187222398818, -0.00408039288595, -0.00231082621031, -0.00277247745544, 0.00102754647378, -0.000976523908321], [-0.000409211264923, 0.00113655172754, -0.00242696003988, 0.000562955450732, -0.000222453978495, 0.000848294002935, 0.000186071774806, -0.00408039288595, 0.0131577635184, -0.00254537700675, -0.000968478387222, -0.00161308341194, 0.00481052370742], [-0.000348576693796, -0.00180646509398, 0.000528451404534, -0.00242580566555, 0.000356974254828, -0.000920473423321, 0.00164043577388, -0.00231082621031, -0.00254537700675, 0.0195759441704, -0.005264359992, 0.00200587138534, -0.00196805712767], [-0.000738376285881, 0.000485728727654, -0.0013739875285, 0.00413489621133, 2.86322028842e-05, 0.000336674653227, 7.81277412898e-05, -0.00277247745544, -0.000968478387222, -0.005264359992, 0.021856835112, -0.00499083148316, 0.00349672301672], [0.000129642823595, -0.00116926000919, -0.000672900641803, -4.21989680035e-05, 0.00078789703548, -0.000913996249437, 0.000902771076653, 0.00102754647378, -0.00161308341194, 0.00200587138534, -0.00499083148316, 0.0214730836451, -0.00647922884673], [8.87639816938e-06, 0.0013002527412, -6.21270010015e-05, -0.000830001721624, -0.00177601445466, 0.000880348496139, -0.0015206442913, -0.000976523908321, 0.00481052370742, -0.00196805712767, 0.00349672301672, -0.00647922884673, 0.0145631441846]]
    spectral_contrast:
        mean: [5.8609430198e-07, 2.67042679525e-07, -2.96619731444e-07, 5.01588658608e-07, -6.64920989379e-08, -4.27628670252e-08, -1.14546617169e-06, 3.71939904653e-07, 1.40355075473e-06, 5.30550643418e-08, -1.92536867871e-06, -1.03684362784e-06]
        var: [0.000562543980777, 0.00100815924816, 0.00185564649291, 0.00316330837086, 0.00453159259632, 0.00685245636851, 0.0621432177722, 0.101594850421, 0.173858016729, 0.230170756578, 0.349458664656, 1.86285483837]

rhythm:
    beats_loudness:
        dmean: 0.00308232428506
        dmean2: 0.00553644774482
        dvar: 7.57810357754e-06
        dvar2: 2.12241357076e-05
        max: 0.0106480736285
        mean: 0.00365536590107
        min: 0.000278370251181
        var: 8.03593684395e-06
    beats_loudness_bass:
        dmean: 0.116561248899
        dmean2: 0.180830046535
        dvar: 0.0123247932643
        dvar2: 0.0298816096038
        max: 0.693045854568
        mean: 0.190669968724
        min: 0.00602977024391
        var: 0.042725790292
    bpm: 127.285644531
    bpm_confidence: 0
    first_peak_bpm: 127
    first_peak_spread: 0
    first_peak_weight: 0.949999988079
    onset_rate: 4.70999670029
    second_peak_bpm: 82
    second_peak_spread: 0
    second_peak_weight: 0.0500000007451
    beats_position: [0.0530225597322, 0.52466917038, 0.996315896511, 1.46796250343, 1.93960916996, 2.41125583649, 2.8829023838, 3.35454916954, 3.8261961937, 4.29784297943, 4.76948976517, 5.2411365509, 5.96985387802, 6.4409160614, 6.91197824478, 7.38304042816, 7.85410261154, 8.32516479492, 8.79622745514, 9.26728916168, 9.7383518219]
    bpm_estimates: [127.359436035, 127.147605896, 127.385551453, 127.026062012, 127.151496887, 127.080757141, 128.521652222, 126.928604126, 126.969642639]
    bpm_intervals: [0.471646606922, 0.471646726131, 0.471646606922, 0.471646666527, 0.471646666527, 0.471646547318, 0.471646785736, 0.471647024155, 0.471646785736, 0.471646785736, 0.471646785736, 0.728717327118, 0.47106218338, 0.47106218338, 0.47106218338, 0.47106218338, 0.47106218338, 0.471062660217, 0.471061706543, 0.471062660217]
    onset_times: [0.0464399084449, 0.325079351664, 0.557278931141, 0.812698423862, 0.893968224525, 0.986848056316, 1.2190476656, 1.31192743778, 1.45124721527, 1.72988665104, 1.8575963974, 2.02013611794, 2.24072551727, 2.40326523781, 2.47292518616, 2.68190479279, 2.89088439941, 3.05342411995, 3.15791392326, 3.41333341599, 3.66875290871, 3.84290242195, 4.12154197693, 4.37696123123, 4.59755086899, 4.82975053787, 5.08517026901, 5.56117916107, 5.79337882996, 5.99074840546, 6.25777769089, 6.51319742203, 6.6989569664, 6.96598625183, 7.4303855896, 7.70902490616, 8.06893444061, 8.16181373596, 8.32435417175, 8.42884349823, 8.54494285583, 9.12544250488, 9.49696159363, 9.57823085785, 9.61306095123, 9.72916126251, 9.83365058899]
    rubato_start: []
    rubato_stop: []
    perceptual_tempo: "unknown"

sfx:
    inharmonicity:
        dmean: 0.0118484832346
        dmean2: 0.0207877475768
        dvar: 0.00061741360696
        dvar2: 0.0015419969568
        max: 0.276946932077
        mean: 0.00998245831579
        min: 3.34078897879e-09
        var: 0.000531260971911
    oddtoevenharmonicenergyratio:
        dmean: 6.88041257858
        dmean2: 13.5818328857
        dvar: 3129.12939453
        dvar2: 9363.62988281
        max: 795.729797363
        mean: 3.60666108131
        min: 2.75789943771e-07
        var: 1575.7791748
    pitch_after_max_to_before_max_energy_ratio: 7.19541501999
    pitch_centroid: 229.768783569
    pitch_max_to_total: 0.130232557654
    pitch_min_to_total: 0.672093033791
    tristimulus:
        dmean: [0.196648001671, 0.18526853621, 0.0481322854757]
        dmean2: [0.350620657206, 0.331678241491, 0.0834665596485]
        dvar: [0.046229287982, 0.042878344655, 0.00891361571848]
        dvar2: [0.115928046405, 0.115548759699, 0.0239920709282]
        max: [0.999475121498, 0.973974168301, 0.841481626034]
        mean: [0.689309358597, 0.244643330574, 0.0532222129405]
        min: [0.0134478183463, 0, 0]
        var: [0.0578223690391, 0.0440929271281, 0.00875907298177]

tonal:
    chords_changes_rate: 0.0277777779847
    chords_number_rate: 0.0277777779847
    chords_strength:
        dmean: 0.00986475497484
        dmean2: 0.00822426937521
        dvar: 5.93609074713e-05
        dvar2: 5.69056865061e-05
        max: 0.710172116756
        mean: 0.589636683464
        min: 0.360497355461
        var: 0.00620422977954
    key_strength: 0.687014520168
    tuning_diatonic_strength: 0.586142003536
    tuning_equal_tempered_deviation: 0.126049920917
    tuning_frequency: 440.508575439
    tuning_nontempered_energy_ratio: 0.762206912041
    hpcp:
        dmean: [0.094461530447, 0.0923632830381, 0.0596614964306, 0.0324026867747, 0.0624190047383, 0.0971404388547, 0.108973555267, 0.10566444695, 0.042489990592, 0.0279275812209, 0.0423041470349, 0.0499219335616, 0.0352363027632, 0.0327383093536, 0.0240525882691, 0.0352701544762, 0.0655516013503, 0.0835851430893, 0.0779967084527, 0.0974065810442, 0.1095963642, 0.0958088561893, 0.0604383908212, 0.0296383686364, 0.025780627504, 0.0489613339305, 0.0960461571813, 0.107262372971, 0.0964133888483, 0.082445576787, 0.0560934282839, 0.104236148298, 0.148287460208, 0.145763799548, 0.1751550138, 0.138662412763]
        dmean2: [0.159803509712, 0.163053944707, 0.108072854578, 0.0596331246197, 0.112513542175, 0.155624032021, 0.185994833708, 0.174185499549, 0.0728765800595, 0.046696420759, 0.0775563940406, 0.0854987353086, 0.0533817745745, 0.0521575249732, 0.0395822785795, 0.0600963309407, 0.111006446183, 0.134811118245, 0.139193385839, 0.163794949651, 0.188047707081, 0.154830098152, 0.103822380304, 0.0535411648452, 0.0483863167465, 0.092245593667, 0.171071246266, 0.195985332131, 0.178971424699, 0.152725189924, 0.0923179388046, 0.184582024813, 0.27019944787, 0.250659257174, 0.298017650843, 0.249149888754]
        dvar: [0.0339799113572, 0.0430629551411, 0.0205261763185, 0.00795591715723, 0.0225826725364, 0.0301434732974, 0.0375528298318, 0.0353825613856, 0.0130505310372, 0.012041317299, 0.0188201013952, 0.0232801772654, 0.0113757131621, 0.00728590041399, 0.00284176738933, 0.00461927754804, 0.0196961779147, 0.0375636480749, 0.0307861678302, 0.0393079034984, 0.0340252071619, 0.0252687018365, 0.0185240320861, 0.0102617815137, 0.0109535641968, 0.0189133472741, 0.0423693917692, 0.0516330450773, 0.0409219749272, 0.0342769362032, 0.0174937732518, 0.0345236696303, 0.0654477775097, 0.0498236976564, 0.0672580823302, 0.0516806393862]
        dvar2: [0.0746761262417, 0.102777257562, 0.0512786135077, 0.0227373447269, 0.0657598525286, 0.0693350285292, 0.0871399566531, 0.0969184115529, 0.0292977020144, 0.0306783746928, 0.0539250150323, 0.0568384677172, 0.0200655311346, 0.0188553854823, 0.00641265697777, 0.0130234947428, 0.0440202653408, 0.0913290679455, 0.0780428946018, 0.0968339666724, 0.0789972990751, 0.0573984161019, 0.0526663437486, 0.0284078232944, 0.0256256647408, 0.0588870644569, 0.117403261364, 0.137277513742, 0.122933156788, 0.103137381375, 0.0370657332242, 0.0964934378862, 0.186072006822, 0.133827209473, 0.170977756381, 0.131716445088]
        max: [1, 1, 0.968350291252, 0.668936908245, 0.894542872906, 1, 1, 1, 1, 1, 0.965446591377, 1, 1, 1, 0.394008606672, 0.506232321262, 0.920293211937, 1, 1, 1, 1, 1, 1, 1, 1, 1, 1, 1, 1, 1, 1, 1, 1, 1, 1, 1]
        mean: [0.124865084887, 0.0906524211168, 0.0436804480851, 0.0230377167463, 0.0423946194351, 0.156808301806, 0.244961515069, 0.139529570937, 0.0341951735318, 0.0253166034818, 0.0337162464857, 0.0678266957402, 0.0859638154507, 0.0522413775325, 0.0265793092549, 0.0344492122531, 0.0670631453395, 0.116979323328, 0.113518677652, 0.101174026728, 0.160170212388, 0.151261046529, 0.060422308743, 0.0229090545326, 0.024496819824, 0.0456815101206, 0.114186100662, 0.137374356389, 0.0852612555027, 0.0565028004348, 0.0570811927319, 0.105212956667, 0.252805113792, 0.278087973595, 0.164989113808, 0.131305217743]
        min: [4.65383964183e-05, 2.04173575185e-05, 4.50213738077e-05, 9.17902252695e-06, 0, 0, 0, 0.000656516465824, 6.41733204247e-05, 3.06520159938e-05, 3.6459252442e-05, 7.10456370143e-05, 6.23941814411e-05, 0.000193211657461, 0, 0, 0, 0, 3.91159682422e-09, 0.000123366291518, 0.000190668244613, 8.79567669472e-05, 0, 0, 3.41192899214e-05, 1.92876850633e-05, 8.12616199255e-05, 0.000134493486257, 0, 0, 1.35240070449e-05, 0.00017023649707, 8.54700047057e-05, 2.88056387632e-08, 0, 0]
        var: [0.0612195022404, 0.0449657104909, 0.0172571409494, 0.00477004423738, 0.0147526478395, 0.0652036145329, 0.124393031001, 0.050859246403, 0.0107153318822, 0.00821561645716, 0.0127324275672, 0.0391772128642, 0.0579473003745, 0.0202503651381, 0.0034839946311, 0.00560949230567, 0.0245767682791, 0.0676798671484, 0.058561462909, 0.045766711235, 0.0736405029893, 0.0651214644313, 0.017562314868, 0.00692131184042, 0.0103315543383, 0.0161746516824, 0.0655226632953, 0.0805882588029, 0.0385630466044, 0.0233129970729, 0.0244697574526, 0.0375153012574, 0.14065797627, 0.140106379986, 0.0778424069285, 0.0600603371859]
    chords_histogram: [0, 42.1296310425, 37.9629631042, 0, 0, 3.70370364189, 0, 0, 0, 0, 0, 0, 0, 0, 0, 0, 0, 0, 0, 4.16666650772, 0, 6.48148155212, 5.55555534363, 0]
    thpcp: [1, 0.593298256397, 0.472171515226, 0.449012905359, 0.325984686613, 0.157074213028, 0.0828432664275, 0.15245038271, 0.563880205154, 0.880877792835, 0.501746177673, 0.122965306044, 0.091038107872, 0.121243096888, 0.243903741241, 0.309124529362, 0.187859177589, 0.0955787822604, 0.123878829181, 0.241158023477, 0.420655816793, 0.408211380243, 0.363820225, 0.575969576836, 0.543932378292, 0.217277675867, 0.0823806002736, 0.0880901813507, 0.16426999867, 0.41061142087, 0.493996024132, 0.306598126888, 0.203183189034, 0.205263078213, 0.378344148397, 0.909083247185]
    chords_key: "G#"
    chords_scale: "minor"
    key_key: "E"
    key_scale: "major"
    chords_progression: ["A", "A", "A", "A", "A", "A", "A", "A", "A", "A", "A", "A", "F#m", "F#m", "F#m", "F#m", "F#m", "F#m", "F#m", "F#m", "F#m", "F#m", "F#m", "F#m", "F#m", "F#m", "A#m", "A#m", "A#m", "A#m", "A#m", "A#m", "A#m", "A#m", "Bm", "Bm", "Bm", "Bm", "Bm", "Bm", "Bm", "Bm", "Bm", "B", "B", "B", "B", "B", "B", "G#m", "G#m", "G#m", "G#m", "G#m", "G#m", "G#m", "G#m", "G#m", "G#m", "G#m", "G#m", "G#m", "G#m", "G#m", "G#m", "G#m", "G#m", "G#m", "G#m", "G#m", "G#m", "G#m", "G#m", "G#m", "G#m", "G#m", "G#m", "G#m", "G#m", "G#m", "G#m", "G#m", "G#m", "G#m", "G#m", "G#m", "G#m", "G#m", "G#m", "G#m", "G#m", "G#m", "G#m", "G#m", "G#m", "G#m", "G#m", "G#m", "G#m", "G#m", "G#m", "G#m", "G#m", "G#m", "G#m", "G#m", "G#m", "G#m", "G#m", "G#m", "G#m", "G#m", "G#m", "G#m", "G#m", "G#m", "G#m", "G#m", "G#m", "G#m", "G#m", "G#m", "G#m", "G#m", "G#m", "G#m", "G#m", "G#m", "G#m", "G#m", "G#m", "G#m", "G#m", "G#m", "G#m", "G#m", "G#m", "G#m", "G#m", "G#m", "B", "B", "B", "B", "B", "B", "B", "B", "B", "B", "B", "B", "B", "B", "B", "B", "B", "B", "B", "B", "B", "B", "B", "B", "B", "B", "B", "B", "B", "B", "B", "B", "B", "B", "B", "B", "B", "B", "B", "B", "B", "B", "B", "B", "B", "B", "B", "B", "B", "B", "B", "B", "B", "B", "B", "B", "B", "B", "B", "B", "B", "B", "B", "B", "B", "B", "B", "B", "B", "B", "B", "B", "B", "B", "B", "B"]
