
metadata:
    version:
        essentia: "1.2.2"
    audio_properties:
        analysis_sample_rate: 44100
        bitrate: 128
        channels: 2
        equal_loudness: 1
        length: 10.0310201645
        replay_gain: -16.088218689
        downmix: "mix"
    tags:
        track: 15
        year: 0
        album: "Splitted by Mp3Splt v. 2.1"
        artist: "From 002.20 To 002.30"
        comment: "http://mp3splt.sf.net"
        genre: ""
        title: "03 Angels Around Me.mp3"

highlevel:
    ballroom:
        all:
            ChaChaCha: 0.312321186066
            Jive: 0.0506977885962
            Quickstep: 0.0209526028484
            Rumba-American: 0.00287926569581
            Rumba-International: 0.0406779237092
            Rumba-Misc: 0.0206779111177
            Samba: 0.54706710577
            Tango: 0.00139896094333
            VienneseWaltz: 0.00162046845071
            Waltz: 0.00170679215807
        probability: 0.54706710577
        value: "Samba"
    culture:
        all:
            non_western: 0.63765078783
            western: 0.362349182367
        probability: 0.63765078783
        value: "non_western"
    gender:
        all:
            female: 0.193495959044
            male: 0.806504070759
        probability: 0.806504070759
        value: "male"
    genre_dortmund:
        all:
            alternative: 0.00641114963219
            blues: 0.00639322493225
            electronic: 0.0431036911905
            folkcountry: 0.0046281516552
            funksoulrnb: 0.0146337393671
            jazz: 0.0484408698976
            pop: 0.0223956778646
            raphiphop: 0.84200155735
            rock: 0.0119919171557
        probability: 0.84200155735
        value: "raphiphop"
    genre_electronica:
        all:
            ambient: 0.0626586154103
            dnb: 0.507278263569
            house: 0.212099134922
            techno: 0.0658746436238
            trance: 0.152089357376
        probability: 0.507278263569
        value: "dnb"
    genre_rosamerica:
        all:
            cla: 0.00321391760372
            dan: 0.213015377522
            hip: 0.662760436535
            jaz: 0.0151897966862
            pop: 0.00957337301224
            rhy: 0.0876695439219
            roc: 0.00389008503407
            spe: 0.00468750623986
        probability: 0.662760436535
        value: "hip"
    genre_tzanetakis:
        all:
            blu: 0.00068333215313
            cla: 0.000832025019918
            cou: 0.00226118881255
            dis: 0.0462659597397
            hip: 0.189336717129
            jaz: 0.00266498350538
            met: 0.00293532945216
            pop: 0.648378312588
            reg: 0.0982127785683
            roc: 0.00842939410359
        probability: 0.648378312588
        value: "pop"
    live_studio:
        all:
            live: 0.354463249445
            studio: 0.645536780357
        probability: 0.645536780357
        value: "studio"
    mood:
        all:
            Cluster1: 0.258034825325
            Cluster2: 0.219229787588
            Cluster3: 0.184319123626
            Cluster4: 0.104144863784
            Cluster5: 0.234271407127
        probability: 0.258034825325
        value: "Cluster1"
    mood_acoustic:
        all:
            acoustic: 0.0917512476444
            not_acoustic: 0.908248782158
        probability: 0.908248782158
        value: "not_acoustic"
    mood_aggressive:
        all:
            aggressive: 0.0154910208657
            not_aggressive: 0.984508991241
        probability: 0.984508991241
        value: "not_aggressive"
    mood_electronic:
        all:
            electronic: 0.82074123621
            not_electronic: 0.179258778691
        probability: 0.82074123621
        value: "electronic"
    mood_happy:
        all:
            happy: 0.0602182336152
            not_happy: 0.939781785011
        probability: 0.939781785011
        value: "not_happy"
    mood_party:
        all:
            not_party: 0.352081686258
            party: 0.647918283939
        probability: 0.647918283939
        value: "party"
    mood_relaxed:
        all:
            not_relaxed: 0.769105195999
            relaxed: 0.230894804001
        probability: 0.769105195999
        value: "not_relaxed"
    mood_sad:
        all:
            not_sad: 0.636409759521
            sad: 0.363590210676
        probability: 0.636409759521
        value: "not_sad"
    rhythm:
        all:
            fast: 0.682798683643
            medium: 0.269593238831
            slow: 0.0476080626249
        probability: 0.682798683643
        value: "fast"
    speech_music:
        all:
            music: 0.999839603901
            speech: 0.000160379422596
        probability: 0.999839603901
        value: "music"
    timbre:
        all:
            bright: 0.653316259384
            dark: 0.346683770418
        probability: 0.653316259384
        value: "bright"
    voice_instrumental:
        all:
            instrumental: 0.164722576737
            voice: 0.835277438164
        probability: 0.835277438164
        value: "voice"

lowlevel:
    average_loudness: 0.974502265453
    barkbands_kurtosis:
        dmean: 3.64752268791
        dmean2: 5.75807762146
        dvar: 50.4237785339
        dvar2: 118.558441162
        max: 63.5124511719
        mean: 2.44648647308
        min: -1.88127696514
        var: 55.4424781799
    barkbands_skewness:
        dmean: 0.733585059643
        dmean2: 1.0398722887
        dvar: 0.628220796585
        dvar2: 1.19568407536
        max: 7.2636051178
        mean: 0.990351974964
        min: -4.62047767639
        var: 1.97062456608
    barkbands_spread:
        dmean: 8.4375705719
        dmean2: 12.6980476379
        dvar: 79.6636581421
        dvar2: 174.093811035
        max: 81.1444702148
        mean: 28.5555744171
        min: 2.48380613327
        var: 216.681182861
    dissonance:
        dmean: 0.0271953754127
        dmean2: 0.0430432483554
        dvar: 0.000733067165129
        dvar2: 0.00165161665063
        max: 0.49748429656
        mean: 0.444141328335
        min: 0.198514983058
        var: 0.00152206863277
    hfc:
        dmean: 1.64501023293
        dmean2: 2.30406141281
        dvar: 16.638753891
        dvar2: 28.4218540192
        max: 39.3340072632
        mean: 3.17281246185
        min: 0.0129746152088
        var: 28.1756877899
    pitch:
        dmean: 577.384216309
        dmean2: 1089.87243652
        dvar: 1518138.625
        dvar2: 3534807
        max: 5512.5
        mean: 824.085998535
        min: 87.6739578247
        var: 1947155.75
    pitch_instantaneous_confidence:
        dmean: 0.114903263748
        dmean2: 0.180856496096
        dvar: 0.00856193620712
        dvar2: 0.0207179673016
        max: 0.870102643967
        mean: 0.51356357336
        min: 0.197835922241
        var: 0.0236788243055
    pitch_salience:
        dmean: 0.0896860361099
        dmean2: 0.144338995218
        dvar: 0.00650329748169
        dvar2: 0.0160416141152
        max: 0.815745949745
        mean: 0.536906778812
        min: 0.190705746412
        var: 0.0148272700608
    silence_rate_20dB:
        dmean: 0
        dmean2: 0
        dvar: 0
        dvar2: 0
        max: 1
        mean: 1
        min: 1
        var: 0
    silence_rate_30dB:
        dmean: 0
        dmean2: 0
        dvar: 0
        dvar2: 0
        max: 1
        mean: 1
        min: 1
        var: 0
    silence_rate_60dB:
        dmean: 0.13425925374
        dmean2: 0.26914152503
        dvar: 0.116233482957
        dvar2: 0.215264812112
        max: 1
        mean: 0.695150136948
        min: 0
        var: 0.211916446686
    spectral_centroid:
        dmean: 370.889801025
        dmean2: 487.698150635
        dvar: 186320.75
        dvar2: 264034.75
        max: 5181.79345703
        mean: 1298.89916992
        min: 189.428405762
        var: 881574
    spectral_complexity:
        dmean: 2.61252903938
        dmean2: 3.75813961029
        dvar: 16.1769638062
        dvar2: 28.2717552185
        max: 41
        mean: 6.19907426834
        min: 0
        var: 36.9187164307
    spectral_crest:
        dmean: 2.8550965786
        dmean2: 4.53829813004
        dvar: 6.07375860214
        dvar2: 14.7535963058
        max: 23.3752307892
        mean: 9.36008167267
        min: 3.31553864479
        var: 14.4600849152
    spectral_decrease:
        dmean: 4.52195836331e-10
        dmean2: 7.39151129192e-10
        dvar: 7.64954038119e-19
        dvar2: 2.15301485647e-18
        max: -2.71966910798e-12
        mean: -6.95579205345e-10
        min: -5.38962963148e-09
        var: 7.04561581596e-19
    spectral_energy:
        dmean: 0.0018320584204
        dmean2: 0.00296034710482
        dvar: 1.17678937386e-05
        dvar2: 3.26158005919e-05
        max: 0.0207498259842
        mean: 0.00291305780411
        min: 1.14413896881e-05
        var: 1.16292276289e-05
    spectral_energyband_high:
        dmean: 0.000178181464435
        dmean2: 0.000231677680858
        dvar: 3.05895298425e-07
        dvar2: 5.85302927902e-07
        max: 0.00513589708135
        mean: 0.000232585400227
        min: 8.24388280307e-07
        var: 4.2318546889e-07
    spectral_energyband_low:
        dmean: 0.000445931480499
        dmean2: 0.000770123268012
        dvar: 2.00333261091e-06
        dvar2: 5.41209828953e-06
        max: 0.00816838443279
        mean: 0.000409344065702
        min: 8.10180438293e-08
        var: 1.43060674418e-06
    spectral_energyband_middle_high:
        dmean: 0.000298455473967
        dmean2: 0.000427508901339
        dvar: 4.62789927269e-07
        dvar2: 1.04276728052e-06
        max: 0.00784822273999
        mean: 0.000571057840716
        min: 2.9258237646e-06
        var: 6.72510452659e-07
    spectral_energyband_middle_low:
        dmean: 0.00119539711159
        dmean2: 0.00201008492149
        dvar: 5.37753476237e-06
        dvar2: 1.56282403623e-05
        max: 0.0166431572288
        mean: 0.00169999315403
        min: 2.15447994378e-06
        var: 4.62049501948e-06
    spectral_flatness_db:
        dmean: 0.0257550030947
        dmean2: 0.0396349541843
        dvar: 0.000768076919485
        dvar2: 0.00173938355874
        max: 0.309511244297
        mean: 0.165987297893
        min: 0.0810606256127
        var: 0.00188630423509
    spectral_flux:
        dmean: 0.0120466351509
        dmean2: 0.0183835029602
        dvar: 0.000294070341624
        dvar2: 0.000512730912305
        max: 0.126402571797
        mean: 0.0332949757576
        min: 0.00338251236826
        var: 0.000622359977569
    spectral_kurtosis:
        dmean: 1.22301328182
        dmean2: 1.93290805817
        dvar: 1.70608568192
        dvar2: 3.46298575401
        max: 13.6695289612
        mean: 3.49120521545
        min: -0.637699127197
        var: 5.65235280991
    spectral_rms:
        dmean: 0.000430118408985
        dmean2: 0.000640964019112
        dvar: 3.56713201199e-07
        dvar2: 9.35885452691e-07
        max: 0.00449930364266
        mean: 0.00148393865675
        min: 0.000105651932245
        var: 6.39933716684e-07
    spectral_rolloff:
        dmean: 754.11138916
        dmean2: 1185.02758789
        dvar: 844985.125
        dvar2: 1467284.375
        max: 6330.76171875
        mean: 2509.51660156
        min: 150.732421875
        var: 2570363.25
    spectral_skewness:
        dmean: 0.259536623955
        dmean2: 0.360112398863
        dvar: 0.0738272890449
        dvar2: 0.15606020391
        max: 2.99090337753
        mean: 1.49568510056
        min: 0.151079684496
        var: 0.311259716749
    spectral_spread:
        dmean: 738291.625
        dmean2: 1120482.125
        dvar: 698505494528
        dvar2: 1.6255984599e+12
        max: 12171935
        mean: 5928348.5
        min: 2885597.25
        var: 2.4567611392e+12
    spectral_strongpeak:
        dmean: 0.295136749744
        dmean2: 0.515400409698
        dvar: 0.244451105595
        dvar2: 0.668852031231
        max: 3.78363060951
        mean: 0.384706258774
        min: 0.00332564697601
        var: 0.245265468955
    zerocrossingrate:
        dmean: 0.0159501433372
        dmean2: 0.016309728846
        dvar: 0.000228314092965
        dvar2: 0.000206285898457
        max: 0.2412109375
        mean: 0.0794835984707
        min: 0.0126953125
        var: 0.00191288965289
    barkbands:
        dmean: [6.7718781338e-07, 0.000113497575512, 0.00040757341776, 0.000465728051495, 0.000404616963351, 0.000138091447297, 0.000235746381804, 0.0001852063142, 0.000118824988022, 4.33102468378e-05, 2.36334362853e-05, 1.68463157024e-05, 2.61885015789e-05, 5.25138166267e-05, 2.08571182156e-05, 3.1120791391e-05, 3.50349182554e-05, 4.66572564619e-05, 9.80082913884e-05, 0.000125573846162, 7.08748048055e-05, 2.9644344977e-05, 5.66437529415e-06, 3.42373346029e-06, 1.38411996886e-06, 5.89357007641e-08, 3.82067488758e-10]
        dmean2: [1.0237170045e-06, 0.00018731088494, 0.000770714366809, 0.000853412842844, 0.000661867030431, 0.00021911606018, 0.000389102642657, 0.000283598259557, 0.000184605189133, 7.02029938111e-05, 3.9032431232e-05, 2.72725246759e-05, 4.16035909439e-05, 8.33314334159e-05, 3.33321040671e-05, 4.73691507068e-05, 5.52860183234e-05, 7.55240835133e-05, 0.000157004105859, 0.000170398765476, 0.000101747464214, 4.40659350716e-05, 8.14552458905e-06, 5.37784035259e-06, 2.00517570192e-06, 8.58378825797e-08, 5.67797198148e-10]
        dvar: [1.86328101386e-12, 1.04491206798e-07, 1.99800683731e-06, 1.89520142158e-06, 5.26881535734e-07, 5.12376381323e-08, 2.74455373983e-07, 1.27575916054e-07, 5.49754979318e-08, 1.41877229964e-08, 3.59216278945e-09, 1.40606282173e-09, 3.85883369702e-09, 7.68412800056e-09, 1.47220502456e-09, 2.76141287614e-09, 4.20478807328e-09, 1.34565993903e-08, 5.507763845e-08, 1.9157660347e-07, 4.84823736713e-08, 5.91502491432e-09, 2.2923310472e-10, 8.09862107931e-11, 1.09246700228e-11, 1.74161205612e-14, 3.15619406757e-18]
        dvar2: [3.99401692275e-12, 2.51390446238e-07, 5.78049593969e-06, 5.49161723029e-06, 1.420058652e-06, 1.26609378981e-07, 6.31838474874e-07, 2.90051758611e-07, 1.28392827037e-07, 4.02448918635e-08, 9.67697033616e-09, 3.8607854691e-09, 8.98719854092e-09, 1.93782607738e-08, 3.41444250651e-09, 6.08845507344e-09, 9.21741349913e-09, 3.29106626396e-08, 1.38292946872e-07, 4.0313966565e-07, 8.98114649317e-08, 1.2401892846e-08, 3.33670119312e-10, 1.83080189897e-10, 2.30168800686e-11, 3.74426069305e-14, 3.47872543688e-18]
        max: [2.06416789297e-05, 0.00207946798764, 0.00712504191324, 0.00844113714993, 0.00623018061742, 0.00232229637913, 0.00697269896045, 0.00347057916224, 0.00261647347361, 0.00138920778409, 0.000800825131591, 0.000253538222751, 0.000823303649668, 0.000805660383776, 0.000392349495087, 0.000467682402814, 0.000587126065511, 0.00126273371279, 0.00223125237972, 0.00414092605934, 0.00198959698901, 0.000810701458249, 0.000130406740936, 8.05324089015e-05, 2.91304313578e-05, 1.34910055749e-06, 3.53546596443e-08]
        mean: [2.01835268854e-06, 0.000115659684525, 0.000291746226139, 0.000396442454075, 0.000516911793966, 0.000156240785145, 0.000218148867134, 0.000239486689679, 0.000159432063811, 5.3838131862e-05, 2.94900055451e-05, 1.86073029909e-05, 3.42577841366e-05, 6.82113823132e-05, 2.82858381979e-05, 4.60253795609e-05, 4.65817465738e-05, 6.18762569502e-05, 0.000140256161103, 0.000133427689434, 9.53278431552e-05, 4.37662674813e-05, 9.30273745325e-06, 5.08966968482e-06, 2.53526968663e-06, 9.37772313137e-08, 4.6745030069e-10]
        min: [2.04038504842e-11, 4.99656280795e-08, 6.08801720148e-09, 2.90043971063e-07, 3.23350718645e-07, 1.23299344068e-07, 8.96843062037e-08, 9.66257189816e-08, 7.09252532261e-08, 7.13480403647e-08, 9.9225232475e-09, 1.0445622145e-08, 2.09311856736e-08, 5.68729888073e-07, 7.03280766956e-09, 3.47983274196e-07, 3.38341067163e-07, 6.54128939459e-07, 4.61072005464e-07, 3.83054299391e-07, 3.12652616685e-07, 3.71506594377e-08, 9.03683439191e-09, 2.48447640239e-09, 1.31138744308e-09, 9.50570733238e-11, 8.12123697284e-13]
        var: [1.31645874757e-11, 9.37065962603e-08, 1.12267207442e-06, 1.12715736122e-06, 6.38801679997e-07, 6.75311113696e-08, 3.40488554684e-07, 2.32080878959e-07, 8.71132144198e-08, 1.25753709668e-08, 3.7794678498e-09, 1.40316969155e-09, 7.03975899796e-09, 1.30502320062e-08, 2.67281441424e-09, 5.00443819718e-09, 5.78243897209e-09, 1.42988971774e-08, 6.12782287135e-08, 2.27795013075e-07, 6.72298483551e-08, 9.02600749697e-09, 5.09925823788e-10, 1.3971114543e-10, 2.66963864209e-11, 3.39813863626e-14, 3.36969848266e-18]
    mfcc:
        mean: [-772.85357666, 101.029594421, -19.4269237518, 53.3767738342, -13.9922075272, -7.06937456131, -8.41596317291, -9.12884235382, -0.877251803875, -0.0525647550821, 2.59573030472, -11.1833267212, -13.9139966965]
        cov: [[4278.17041016, -118.420852661, -12.7527065277, -435.532623291, -381.145721436, -103.265991211, -5.21535110474, 65.055519104, -48.9405899048, 91.9646224976, -94.7950973511, 143.074966431, 302.639923096], [-118.420852661, 1731.43127441, -284.292938232, -44.4399528503, 55.4226379395, -110.144874573, 60.9280738831, 53.6128730774, -23.0892734528, 72.4825744629, 14.8755016327, 65.7161331177, 130.17880249], [-12.7527065277, -284.292938232, 628.54309082, 205.28036499, 83.750579834, 90.8549423218, 25.4229011536, 44.2017707825, 47.4479255676, -64.4289474487, 22.2977142334, 33.7181892395, -17.7500286102], [-435.532623291, -44.4399528503, 205.28036499, 414.399139404, 197.074386597, 70.1234970093, 10.2845067978, -9.82378005981, 28.7640895844, -36.8804931641, -27.4331455231, 15.1870965958, 5.47609949112], [-381.145721436, 55.4226379395, 83.750579834, 197.074386597, 279.77722168, 101.472549438, 7.20517206192, -12.5124855042, 16.9483737946, 9.48007774353, 10.2249746323, -8.45968341827, 17.500371933], [-103.265991211, -110.144874573, 90.8549423218, 70.1234970093, 101.472549438, 186.848007202, 74.8976974487, 26.7751579285, 25.1094837189, 9.69541549683, 30.4986991882, 16.3426494598, 1.71098172665], [-5.21535110474, 60.9280738831, 25.4229011536, 10.2845067978, 7.20517206192, 74.8976974487, 191.17678833, 91.2500534058, 26.5248641968, -0.755649983883, 18.3193073273, 54.3036766052, 22.204334259], [65.055519104, 53.6128730774, 44.2017707825, -9.82378005981, -12.5124855042, 26.7751579285, 91.2500534058, 135.189697266, 58.3235969543, 13.4840154648, 22.9059963226, 40.3859329224, 29.6786251068], [-48.9405899048, -23.0892734528, 47.4479255676, 28.7640895844, 16.9483737946, 25.1094837189, 26.5248641968, 58.3235969543, 102.024742126, 46.0503005981, 32.3793907166, 21.0649375916, 12.3914022446], [91.9646224976, 72.4825744629, -64.4289474487, -36.8804931641, 9.48007774353, 9.69541549683, -0.755649983883, 13.4840154648, 46.0503005981, 127.066436768, 61.115146637, 20.4454574585, 11.3706922531], [-94.7950973511, 14.8755016327, 22.2977142334, -27.4331455231, 10.2249746323, 30.4986991882, 18.3193073273, 22.9059963226, 32.3793907166, 61.115146637, 124.754089355, 34.3414764404, -18.2570228577], [143.074966431, 65.7161331177, 33.7181892395, 15.1870965958, -8.45968341827, 16.3426494598, 54.3036766052, 40.3859329224, 21.0649375916, 20.4454574585, 34.3414764404, 98.9686126709, 45.886756897], [302.639923096, 130.17880249, -17.7500286102, 5.47609949112, 17.500371933, 1.71098172665, 22.204334259, 29.6786251068, 12.3914022446, 11.3706922531, -18.2570228577, 45.886756897, 135.502258301]]
        icov: [[0.000420724682044, 9.24282285268e-05, -0.000247677031439, 0.000339574355166, 0.00042546945042, -8.82049425854e-05, 0.000154439752805, -0.000145279642311, 0.000568148738239, -0.000751025625505, 0.000608246657066, -0.000369651301298, -0.000903764972463], [9.24282285268e-05, 0.00080247950973, 0.000224381379667, 6.81873571011e-05, -0.000429447012721, 0.000777547014877, -0.000306204339722, -0.000417616742197, 0.000680260476656, -0.000494970066939, -3.9916321839e-05, -0.000287890259642, -0.000692018598784], [-0.000247677031439, 0.000224381379667, 0.00261103501543, -0.00116548140068, -0.000215829422814, -0.000565756170545, 0.000577291648369, -0.000745947414543, -0.00106736889575, 0.00219285744242, -0.00125093816314, -0.000590371899307, 0.000775519467425], [0.000339574355166, 6.81873571011e-05, -0.00116548140068, 0.00511334929615, -0.00297662382945, 0.000339490710758, -5.45408984181e-05, 0.00106971769128, -0.00138689496089, 0.000406253355322, 0.00238648965023, -0.00234039500356, 0.000178374422831], [0.00042546945042, -0.000429447012721, -0.000215829422814, -0.00297662382945, 0.00796812120825, -0.00360732874833, 0.000768056954257, 0.00049306236906, 0.000857559090946, -0.0015279201325, -0.000723335775547, 0.00241025956348, -0.00252695614472], [-8.82049425854e-05, 0.000777547014877, -0.000565756170545, 0.000339490710758, -0.00360732874833, 0.00969064608216, -0.00419407850131, 0.000806955969892, -0.000300518877339, -0.000408813590184, -0.00146754935849, 0.00051686912775, -9.47497246671e-05], [0.000154439752805, -0.000306204339722, 0.000577291648369, -5.45408984181e-05, 0.000768056954257, -0.00419407850131, 0.0106104509905, -0.00633234204724, 0.00151756196283, 0.000857715436723, 0.00101039407309, -0.00395277468488, 0.00089303648565], [-0.000145279642311, -0.000417616742197, -0.000745947414543, 0.00106971769128, 0.00049306236906, 0.000806955969892, -0.00633234204724, 0.0160557962954, -0.00834718253464, 0.00207968777977, -0.000935045594815, -0.000263014459051, -0.00141621718649], [0.000568148738239, 0.000680260476656, -0.00106736889575, -0.00138689496089, 0.000857559090946, -0.000300518877339, 0.00151756196283, -0.00834718253464, 0.0190310124308, -0.00770281860605, 3.83053375117e-05, 0.000331531220581, -0.00173470261507], [-0.000751025625505, -0.000494970066939, 0.00219285744242, 0.000406253355322, -0.0015279201325, -0.000408813590184, 0.000857715436723, 0.00207968777977, -0.00770281860605, 0.0158580932766, -0.00666241068393, -0.000399589363951, 0.000641511112917], [0.000608246657066, -3.9916321839e-05, -0.00125093816314, 0.00238648965023, -0.000723335775547, -0.00146754935849, 0.00101039407309, -0.000935045594815, 3.83053375117e-05, -0.00666241068393, 0.0150974681601, -0.00616110302508, 0.00324687175453], [-0.000369651301298, -0.000287890259642, -0.000590371899307, -0.00234039500356, 0.00241025956348, 0.00051686912775, -0.00395277468488, -0.000263014459051, 0.000331531220581, -0.000399589363951, -0.00616110302508, 0.0185310468078, -0.0055953473784], [-0.000903764972463, -0.000692018598784, 0.000775519467425, 0.000178374422831, -0.00252695614472, -9.47497246671e-05, 0.00089303648565, -0.00141621718649, -0.00173470261507, 0.000641511112917, 0.00324687175453, -0.0055953473784, 0.0130861923099]]
    spectral_contrast:
        mean: [8.99804177834e-08, 2.61227370402e-07, 4.75215955476e-07, -2.8051780987e-07, 7.57389443606e-07, 5.82938959326e-08, -8.20874618057e-07, 3.90172431253e-07, 4.28066914537e-06, 1.03452691746e-06, -1.55220425313e-06, -2.60632350546e-06]
        var: [0.000467760895845, 0.000725781661458, 0.00185308593791, 0.00283174403012, 0.00493581546471, 0.0102740172297, 0.0745116695762, 0.147800296545, 0.209433764219, 0.569325864315, 0.95504295826, 3.07990098]

rhythm:
    beats_loudness:
        dmean: 0.00282767950557
        dmean2: 0.00481501221657
        dvar: 4.32266688222e-06
        dvar2: 1.6731368305e-05
        max: 0.00978542119265
        mean: 0.00525811873376
        min: 0.00227514281869
        var: 4.7484472816e-06
    beats_loudness_bass:
        dmean: 0.516542375088
        dmean2: 0.964408099651
        dvar: 0.0552489198744
        dvar2: 0.19962580502
        max: 0.852657437325
        mean: 0.377805352211
        min: 0.00352480937727
        var: 0.0992490202188
    bpm: 92.626991272
    bpm_confidence: 0
    first_peak_bpm: 91
    first_peak_spread: 0.428571462631
    first_peak_weight: 0.533333361149
    onset_rate: 4.68546581268
    second_peak_bpm: 103
    second_peak_spread: 0
    second_peak_weight: 0.0666666701436
    beats_position: [0.163943767548, 0.821169495583, 1.47839510441, 2.13562059402, 2.79284644127, 3.45007228851, 4.10729789734, 4.76452350616, 5.42174959183, 6.00413179398, 6.64601373672, 7.28789520264, 7.92977714539, 8.57165908813, 9.21354103088, 9.85542392731]
    bpm_estimates: [91.3071212769, 91.3656616211, 91.1842422485, 91.2376403809, 91.341003418, 91.3343811035, 91.2801437378, 93.5938262939, 93.5815124512, 93.1755599976, 93.1045150757, 93.0619506836, 93.1175689697, 93.7530670166, 93.6561965942, 93.7899780273, 93.7735061646, 93.6280975342]
    bpm_intervals: [0.657225728035, 0.657225608826, 0.657225489616, 0.657225847244, 0.657225847244, 0.657225608826, 0.657225608826, 0.657226085663, 0.582382202148, 0.641881942749, 0.641881465912, 0.641881942749, 0.641881942749, 0.641881942749, 0.641882896423]
    onset_times: [0.0580498874187, 0.162539675832, 0.53405892849, 0.673378705978, 0.812698423862, 1.14938771725, 1.34675741196, 1.40480720997, 1.48607707024, 1.68344676495, 1.83437645435, 2.10140585899, 2.61224484444, 2.77478456497, 3.11147403717, 3.41333341599, 3.61070299149, 3.85451245308, 3.94739222527, 4.06349229813, 4.37696123123, 4.41179132462, 4.7020406723, 5.14321994781, 5.34058952332, 5.58439922333, 5.79337882996, 6.00235843658, 6.24616765976, 6.31582784653, 6.54802703857, 6.64090681076, 6.98920631409, 7.19818592072, 7.27945566177, 7.79029464722, 7.92961454391, 8.13859367371, 8.27791404724, 8.51011371613, 8.57977294922, 8.77714252472, 8.90485286713, 9.21832180023, 9.45052146912, 9.6014509201, 9.85687065125]
    rubato_start: []
    rubato_stop: []
    perceptual_tempo: "unknown"

sfx:
    inharmonicity:
        dmean: 0.0409198068082
        dmean2: 0.0723323523998
        dvar: 0.00373452133499
        dvar2: 0.0103234536946
        max: 0.437368094921
        mean: 0.0417537018657
        min: 2.91074798042e-06
        var: 0.0037386957556
    oddtoevenharmonicenergyratio:
        dmean: 4.07268667221
        dmean2: 7.89778900146
        dvar: 609.638916016
        dvar2: 1818.33581543
        max: 280.097930908
        mean: 2.36874175072
        min: 2.50886714639e-05
        var: 309.869293213
    pitch_after_max_to_before_max_energy_ratio: 10.8343553543
    pitch_centroid: 202.956161499
    pitch_max_to_total: 0.0231481473893
    pitch_min_to_total: 0.0810185149312
    tristimulus:
        dmean: [0.222852259874, 0.23896047473, 0.116916373372]
        dmean2: [0.376165926456, 0.411881804466, 0.209181845188]
        dvar: [0.0401318930089, 0.0444147847593, 0.0203890297562]
        dvar2: [0.109129108489, 0.125993043184, 0.0543220415711]
        max: [0.992459535599, 0.970223367214, 0.919017791748]
        mean: [0.438192546368, 0.398195058107, 0.124007508159]
        min: [0.00641693314537, 0, 0]
        var: [0.0711867138743, 0.0633274242282, 0.0257073864341]

tonal:
    chords_changes_rate: 0.0506912432611
    chords_number_rate: 0.0184331797063
    chords_strength:
        dmean: 0.0124971577898
        dmean2: 0.013213345781
        dvar: 0.0001097856657
        dvar2: 0.000152983062435
        max: 0.722344458103
        mean: 0.53328359127
        min: 0.3110704422
        var: 0.0104497652501
    key_strength: 0.741446375847
    tuning_diatonic_strength: 0.604328274727
    tuning_equal_tempered_deviation: 0.142671838403
    tuning_frequency: 438.224517822
    tuning_nontempered_energy_ratio: 0.742137253284
    hpcp:
        dmean: [0.104490272701, 0.102393880486, 0.0962465703487, 0.0874314829707, 0.0828206241131, 0.0850609615445, 0.0847013518214, 0.0958140045404, 0.148172020912, 0.206948876381, 0.195108622313, 0.145412161946, 0.145849794149, 0.149989664555, 0.138884112239, 0.133184596896, 0.129672348499, 0.15885193646, 0.158671632409, 0.136965334415, 0.114007294178, 0.0968006774783, 0.0916665270925, 0.140227913857, 0.174875736237, 0.156499832869, 0.137726843357, 0.135757625103, 0.124788060784, 0.192126721144, 0.242857083678, 0.21865670383, 0.165365383029, 0.167677089572, 0.142632097006, 0.116140946746]
        dmean2: [0.186105087399, 0.168625324965, 0.167736783624, 0.155087143183, 0.14496243, 0.149295061827, 0.144429147243, 0.169535011053, 0.256665885448, 0.353938370943, 0.325828015804, 0.240780591965, 0.257103919983, 0.270912259817, 0.255177497864, 0.233490630984, 0.233847647905, 0.277856439352, 0.270380139351, 0.233908861876, 0.200434982777, 0.167736038566, 0.157505512238, 0.242815598845, 0.302881002426, 0.267879217863, 0.24618883431, 0.238822817802, 0.221977606416, 0.314860105515, 0.398285627365, 0.358388066292, 0.286795407534, 0.288598448038, 0.253849416971, 0.198074236512]
        dvar: [0.0313438661397, 0.0309648979455, 0.0365832187235, 0.026864843443, 0.0275507085025, 0.0278873685747, 0.0274084769189, 0.0300821419805, 0.030445182696, 0.0654294714332, 0.0475638695061, 0.0360863730311, 0.0537202320993, 0.0529736280441, 0.0451169312, 0.0391669124365, 0.0350349061191, 0.0545313805342, 0.0470312535763, 0.0442762635648, 0.0357071757317, 0.0311948657036, 0.0239360239357, 0.0382656082511, 0.0625161081553, 0.0471916459501, 0.0468480065465, 0.04850275442, 0.0415506772697, 0.0556925050914, 0.0602970421314, 0.0620791167021, 0.0520345903933, 0.0692646726966, 0.0549863278866, 0.040883474052]
        dvar2: [0.0762484669685, 0.0720658972859, 0.0978167876601, 0.0774848386645, 0.0710363537073, 0.0740480273962, 0.0689329355955, 0.0820910185575, 0.086019590497, 0.14809307456, 0.121836960316, 0.0809756144881, 0.142861604691, 0.14130166173, 0.117649458349, 0.107108093798, 0.0907257646322, 0.143098771572, 0.113189786673, 0.101170934737, 0.0904482081532, 0.0821276530623, 0.0551784001291, 0.101635336876, 0.144254297018, 0.12119808048, 0.127571508288, 0.133142709732, 0.11028765142, 0.146894395351, 0.131858438253, 0.163563027978, 0.124848403037, 0.157865509391, 0.135255888104, 0.103553913534]
        max: [1, 1, 1, 1, 1, 0.971237301826, 1, 1, 1, 1, 1, 1, 1, 1, 1, 1, 1, 1, 1, 1, 1, 1, 1, 1, 1, 1, 1, 1, 1, 1, 1, 1, 1, 1, 1, 1]
        mean: [0.105901487172, 0.0971270650625, 0.0948426946998, 0.0927759483457, 0.0846899375319, 0.0767774358392, 0.0728688985109, 0.0744407474995, 0.168957144022, 0.344860702753, 0.309095710516, 0.158511713147, 0.129245102406, 0.122271500528, 0.118337966502, 0.119488507509, 0.111870497465, 0.140520080924, 0.19255079329, 0.162389829755, 0.09978556633, 0.0923983231187, 0.096745416522, 0.134243100882, 0.19206918776, 0.156502276659, 0.112597495317, 0.112643450499, 0.131543651223, 0.225307390094, 0.334872931242, 0.26646733284, 0.161667481065, 0.168901860714, 0.147554725409, 0.119569271803]
        min: [0.000243000671617, 0.000230153193115, 0.000722143799067, 0.0010909329867, 0.000673725269735, 0.000345619453583, 0.000168138707522, 0.000187593366718, 0.000580397725571, 0.000967450672761, 0.00132048397791, 0.000664979976136, 0.0002893160854, 0.000121519566164, 0.000657369731925, 0.00138370669447, 0.0015819639666, 0.000829501077533, 0.000537573359907, 0.000359087891411, 0.000156038164278, 0.000213925814023, 0.000161282732734, 0.000506804382894, 0.00029974555946, 0.000378515862394, 7.6229480328e-05, 9.1682675702e-05, 4.15392714785e-05, 0.0035663198214, 0.00702398037538, 0.00839247461408, 0.000480978400446, 5.82091415708e-05, 8.21525100037e-05, 0.00019483876531]
        var: [0.0379887074232, 0.0314749851823, 0.0292264446616, 0.0279050972313, 0.0300180483609, 0.0239007826895, 0.0240753609687, 0.0232182908803, 0.0386941917241, 0.141288593411, 0.110948376358, 0.0465455725789, 0.0515492558479, 0.0450992770493, 0.0365941785276, 0.0311818495393, 0.0296517778188, 0.0472310818732, 0.0682239755988, 0.0643413364887, 0.0321350283921, 0.0300018191338, 0.0292072072625, 0.0430876873434, 0.0919862836599, 0.0635894909501, 0.044256772846, 0.0475679077208, 0.0513121820986, 0.0687431022525, 0.105716608465, 0.0821788609028, 0.0556628257036, 0.0839734151959, 0.062373496592, 0.0495974384248]
    chords_histogram: [81.1059875488, 0, 0, 0, 0, 1.38248848915, 0, 0.460829496384, 0, 0, 0, 0, 0, 0, 0, 0, 0, 0, 0, 0, 2.30414748192, 0, 14.7465438843, 0]
    thpcp: [1, 0.89629149437, 0.459639817476, 0.374774813652, 0.354553312063, 0.343147158623, 0.346483409405, 0.324393302202, 0.4074690938, 0.558343648911, 0.470885276794, 0.289350360632, 0.267929404974, 0.280534774065, 0.389267593622, 0.556947171688, 0.453813016415, 0.326501369476, 0.326634645462, 0.381439954042, 0.65332865715, 0.971038222313, 0.772681057453, 0.46879068017, 0.489768356085, 0.427867621183, 0.346717596054, 0.307084828615, 0.281641453505, 0.275017410517, 0.269024401903, 0.24557723105, 0.222633183002, 0.21129950881, 0.215857431293, 0.489928662777]
    chords_key: "C"
    chords_scale: "minor"
    key_key: "C"
    key_scale: "minor"
    chords_progression: ["Cm", "Cm", "Cm", "Cm", "F", "Cm", "F", "F", "Fm", "Fm", "Fm", "Fm", "Fm", "Cm", "Cm", "Cm", "Cm", "Fm", "Fm", "Fm", "Cm", "Cm", "Cm", "Cm", "Cm", "Cm", "Cm", "Cm", "Cm", "Cm", "Cm", "Cm", "Cm", "Cm", "Cm", "Cm", "Cm", "Cm", "Cm", "Cm", "Cm", "Cm", "C", "Cm", "Cm", "Cm", "Cm", "Cm", "Cm", "Cm", "Cm", "Cm", "Cm", "Cm", "Cm", "Cm", "Cm", "Cm", "Cm", "Cm", "Cm", "Cm", "Cm", "Cm", "Cm", "Cm", "Cm", "Cm", "Cm", "Cm", "Cm", "Cm", "Cm", "Cm", "Cm", "Cm", "Cm", "Cm", "Cm", "Cm", "Cm", "Cm", "Cm", "Cm", "Cm", "Cm", "Cm", "Cm", "Cm", "Cm", "Cm", "Cm", "Cm", "Cm", "Cm", "Cm", "Cm", "Cm", "Cm", "Cm", "Cm", "Cm", "Cm", "Cm", "Cm", "Cm", "Cm", "Cm", "Cm", "Cm", "Cm", "Cm", "Cm", "Cm", "Cm", "Cm", "Cm", "Cm", "Cm", "Cm", "Cm", "Cm", "Cm", "Cm", "Cm", "Cm", "Cm", "Cm", "Cm", "Cm", "Cm", "Cm", "Cm", "Cm", "Cm", "Cm", "Cm", "Cm", "Cm", "Cm", "Cm", "Cm", "Cm", "Cm", "Cm", "Cm", "Cm", "Cm", "Cm", "Cm", "Cm", "Cm", "Cm", "Cm", "Cm", "Cm", "Cm", "Cm", "Cm", "Cm", "Cm", "Cm", "Cm", "Cm", "Cm", "Cm", "Cm", "Cm", "Cm", "Cm", "Cm", "Cm", "Cm", "Cm", "Cm", "Cm", "Cm", "Cm", "Cm", "Cm", "Cm", "Cm", "Cm", "Cm", "Cm", "Cm", "Cm", "Cm", "Fm", "Fm", "Fm", "Fm", "Fm", "Fm", "Fm", "Fm", "Fm", "Fm", "Fm", "Fm", "Fm", "Fm", "Fm", "Fm", "Fm", "Fm", "Fm", "Fm", "Fm", "Fm", "Fm", "Fm", "A#m", "A#m", "A#m", "A#m", "A#m"]
