
metadata:
    version:
        essentia: "1.2.2"
    audio_properties:
        analysis_sample_rate: 44100
        bitrate: 128
        channels: 2
        equal_loudness: 1
        length: 9.97877597809
        replay_gain: -15.948923111
        downmix: "mix"
    tags:
        track: 20
        year: 0
        album: "Splitted by Mp3Splt v. 2.1"
        artist: "From 003.10 To 003.20"
        comment: "http://mp3splt.sf.net"
        genre: ""
        title: "10 Love Is All.mp3"

highlevel:
    ballroom:
        all:
            ChaChaCha: 0.038505513221
            Jive: 0.123643495142
            Quickstep: 0.111916489899
            Rumba-American: 0.0107570802793
            Rumba-International: 0.0224350206554
            Rumba-Misc: 0.0138458507136
            Samba: 0.0570234581828
            Tango: 0.0282699279487
            VienneseWaltz: 0.561393737793
            Waltz: 0.0322094485164
        probability: 0.561393737793
        value: "VienneseWaltz"
    culture:
        all:
            non_western: 0.571578681469
            western: 0.428421348333
        probability: 0.571578681469
        value: "non_western"
    gender:
        all:
            female: 0.835419416428
            male: 0.164580598474
        probability: 0.835419416428
        value: "female"
    genre_dortmund:
        all:
            alternative: 0.26921993494
            blues: 0.00765309948474
            electronic: 0.0315097384155
            folkcountry: 0.205509632826
            funksoulrnb: 0.0108224572614
            jazz: 0.00472528394312
            pop: 0.168849900365
            raphiphop: 0.00447112089023
            rock: 0.297238826752
        probability: 0.297238826752
        value: "rock"
    genre_electronica:
        all:
            ambient: 0.727135896683
            dnb: 0.0726740583777
            house: 0.0169597044587
            techno: 0.0111523298547
            trance: 0.172077998519
        probability: 0.727135896683
        value: "ambient"
    genre_rosamerica:
        all:
            cla: 0.0480525456369
            dan: 0.0210732016712
            hip: 0.0039324904792
            jaz: 0.0224399343133
            pop: 0.181640267372
            rhy: 0.0186854060739
            roc: 0.70242780447
            spe: 0.00174837675877
        probability: 0.70242780447
        value: "roc"
    genre_tzanetakis:
        all:
            blu: 0.0217722095549
            cla: 0.195621818304
            cou: 0.144787415862
            dis: 0.0858878269792
            hip: 0.0107153672725
            jaz: 0.05974297598
            met: 0.0228853877634
            pop: 0.160390004516
            reg: 0.0541329421103
            roc: 0.244064047933
        probability: 0.244064047933
        value: "roc"
    live_studio:
        all:
            live: 0.0235659889877
            studio: 0.976433992386
        probability: 0.976433992386
        value: "studio"
    mood:
        all:
            Cluster1: 0.60871899128
            Cluster2: 0.0984918624163
            Cluster3: 0.0638853535056
            Cluster4: 0.170421227813
            Cluster5: 0.0584825798869
        probability: 0.60871899128
        value: "Cluster1"
    mood_acoustic:
        all:
            acoustic: 0.024091757834
            not_acoustic: 0.975908219814
        probability: 0.975908219814
        value: "not_acoustic"
    mood_aggressive:
        all:
            aggressive: 0.622524917126
            not_aggressive: 0.377475053072
        probability: 0.622524917126
        value: "aggressive"
    mood_electronic:
        all:
            electronic: 0.750913083553
            not_electronic: 0.249086901546
        probability: 0.750913083553
        value: "electronic"
    mood_happy:
        all:
            happy: 0.736688196659
            not_happy: 0.263311833143
        probability: 0.736688196659
        value: "happy"
    mood_party:
        all:
            not_party: 0.651265740395
            party: 0.348734259605
        probability: 0.651265740395
        value: "not_party"
    mood_relaxed:
        all:
            not_relaxed: 0.259623497725
            relaxed: 0.740376472473
        probability: 0.740376472473
        value: "relaxed"
    mood_sad:
        all:
            not_sad: 0.316119641066
            sad: 0.683880329132
        probability: 0.683880329132
        value: "sad"
    rhythm:
        all:
            fast: 0.826378166676
            medium: 0.120642781258
            slow: 0.0529790557921
        probability: 0.826378166676
        value: "fast"
    speech_music:
        all:
            music: 0.891062438488
            speech: 0.108937568963
        probability: 0.891062438488
        value: "music"
    timbre:
        all:
            bright: 0.531161367893
            dark: 0.468838632107
        probability: 0.531161367893
        value: "bright"
    voice_instrumental:
        all:
            instrumental: 0.741487205029
            voice: 0.258512765169
        probability: 0.741487205029
        value: "instrumental"

lowlevel:
    average_loudness: 0.98470979929
    barkbands_kurtosis:
        dmean: 0.745628118515
        dmean2: 1.23763012886
        dvar: 0.724967002869
        dvar2: 1.77326464653
        max: 8.03482246399
        mean: -0.108214363456
        min: -1.69859230518
        var: 1.20740687847
    barkbands_skewness:
        dmean: 0.315305709839
        dmean2: 0.504947900772
        dvar: 0.0898747444153
        dvar2: 0.210014224052
        max: 1.38665294647
        mean: -0.448620736599
        min: -2.82457637787
        var: 0.38108959794
    barkbands_spread:
        dmean: 4.87739229202
        dmean2: 7.77505302429
        dvar: 19.4196987152
        dvar2: 48.8373756409
        max: 47.6794548035
        mean: 23.1561183929
        min: 8.92122840881
        var: 40.2397613525
    dissonance:
        dmean: 0.0258284006268
        dmean2: 0.0445771254599
        dvar: 0.000490683305543
        dvar2: 0.00127607234754
        max: 0.498613685369
        mean: 0.455168962479
        min: 0.329349666834
        var: 0.000995706301183
    hfc:
        dmean: 2.19339847565
        dmean2: 3.32431483269
        dvar: 6.44754695892
        dvar2: 13.5570936203
        max: 35.9741859436
        mean: 10.6658468246
        min: 0.0549607686698
        var: 38.9375457764
    pitch:
        dmean: 334.050567627
        dmean2: 641.092407227
        dvar: 591137.4375
        dvar2: 1726930.875
        max: 3675
        mean: 486.928344727
        min: 105.250595093
        var: 522841.125
    pitch_instantaneous_confidence:
        dmean: 0.0871213600039
        dmean2: 0.139548227191
        dvar: 0.00557541288435
        dvar2: 0.0113719869405
        max: 0.805027723312
        mean: 0.50978821516
        min: 0.204134404659
        var: 0.0156939346343
    pitch_salience:
        dmean: 0.0611997246742
        dmean2: 0.098015114665
        dvar: 0.00242294906639
        dvar2: 0.00624635722488
        max: 0.811628043652
        mean: 0.563965380192
        min: 0.305848687887
        var: 0.00560157001019
    silence_rate_20dB:
        dmean: 0
        dmean2: 0
        dvar: 0
        dvar2: 0
        max: 1
        mean: 1
        min: 1
        var: 0
    silence_rate_30dB:
        dmean: 0
        dmean2: 0
        dvar: 0
        dvar2: 0
        max: 1
        mean: 1
        min: 1
        var: 0
    silence_rate_60dB:
        dmean: 0.0790697708726
        dmean2: 0.156177163124
        dvar: 0.0728178322315
        dvar2: 0.169081702828
        max: 1
        mean: 0.118329465389
        min: 0
        var: 0.104327984154
    spectral_centroid:
        dmean: 205.722381592
        dmean2: 319.34475708
        dvar: 36720.7421875
        dvar2: 78407.1015625
        max: 3152.25585938
        mean: 1846.57946777
        min: 733.25201416
        var: 238468.125
    spectral_complexity:
        dmean: 2.79720282555
        dmean2: 4.60747671127
        dvar: 8.43207168579
        dvar2: 17.4907741547
        max: 35
        mean: 17.2162799835
        min: 0
        var: 31.8439254761
    spectral_crest:
        dmean: 2.66988039017
        dmean2: 4.43367815018
        dvar: 6.19495916367
        dvar2: 15.79545784
        max: 18.90442276
        mean: 7.98219919205
        min: 3.06930208206
        var: 10.029135704
    spectral_decrease:
        dmean: 2.74080480533e-10
        dmean2: 4.31301966364e-10
        dvar: 6.52259313356e-20
        dvar2: 1.5877132152e-19
        max: -8.90833153772e-12
        mean: -1.18786436243e-09
        min: -2.75459433041e-09
        var: 1.84607778041e-19
    spectral_energy:
        dmean: 0.00119777256623
        dmean2: 0.00187144812662
        dvar: 1.28746569317e-06
        dvar2: 3.0441524359e-06
        max: 0.0130905788392
        mean: 0.00545069621876
        min: 3.86071696994e-05
        var: 4.50597826784e-06
    spectral_energyband_high:
        dmean: 0.000142271368532
        dmean2: 0.000193976782612
        dvar: 4.13702458957e-08
        dvar2: 7.19307919894e-08
        max: 0.00374015793204
        mean: 0.000430730608059
        min: 1.68655265043e-06
        var: 2.96610238593e-07
    spectral_energyband_low:
        dmean: 9.10690650926e-05
        dmean2: 0.000153720553499
        dvar: 2.3591590903e-08
        dvar2: 6.36635988371e-08
        max: 0.00109908776358
        mean: 0.000218364803004
        min: 2.20441762622e-07
        var: 3.04075307156e-08
    spectral_energyband_middle_high:
        dmean: 0.00103471323382
        dmean2: 0.00163037481252
        dvar: 8.23819675588e-07
        dvar2: 1.88253534361e-06
        max: 0.0119676571339
        mean: 0.0039451001212
        min: 1.65484216268e-05
        var: 3.61766683454e-06
    spectral_energyband_middle_low:
        dmean: 0.000393125490518
        dmean2: 0.000644582498353
        dvar: 4.44085117124e-07
        dvar2: 1.15284888125e-06
        max: 0.00624732905999
        mean: 0.000856496277265
        min: 2.0151701392e-05
        var: 4.24909046615e-07
    spectral_flatness_db:
        dmean: 0.0182482227683
        dmean2: 0.0271630045027
        dvar: 0.000287914474029
        dvar2: 0.000535663682967
        max: 0.24697111547
        mean: 0.153318211436
        min: 0.0668825954199
        var: 0.00133584346622
    spectral_flux:
        dmean: 0.00785217899829
        dmean2: 0.0127168269828
        dvar: 5.66971539229e-05
        dvar2: 0.000133166773594
        max: 0.0847713723779
        mean: 0.0396487265825
        min: 0.00621346663684
        var: 0.00013642491831
    spectral_kurtosis:
        dmean: 2.1247010231
        dmean2: 3.42141127586
        dvar: 4.97004461288
        dvar2: 14.8493518829
        max: 22.4013996124
        mean: 5.60716915131
        min: 0.550848484039
        var: 9.69590091705
    spectral_rms:
        dmean: 0.000258277374087
        dmean2: 0.000400063669076
        dvar: 5.8947886572e-08
        dvar2: 1.30139724774e-07
        max: 0.00357369496487
        mean: 0.00226045935415
        min: 0.000194076099433
        var: 2.08075817909e-07
    spectral_rolloff:
        dmean: 350.955963135
        dmean2: 564.089477539
        dvar: 167657.140625
        dvar2: 427288.3125
        max: 4478.90625
        mean: 3115.703125
        min: 1184.32617188
        var: 524079.53125
    spectral_skewness:
        dmean: 0.24474607408
        dmean2: 0.385341078043
        dvar: 0.0553374066949
        dvar2: 0.151914700866
        max: 3.32227683067
        mean: 1.63602292538
        min: 0.643980920315
        var: 0.180967196822
    spectral_spread:
        dmean: 760278.0625
        dmean2: 881987.9375
        dvar: 1.56341711667e+12
        dvar2: 1.85140759757e+12
        max: 20187286
        mean: 4744661
        min: 1688061.25
        var: 7.15376820224e+12
    spectral_strongpeak:
        dmean: 1.06696522236
        dmean2: 1.73114025593
        dvar: 1.08446478844
        dvar2: 2.68319439888
        max: 9.1807384491
        mean: 2.10043382645
        min: 0.00731579167768
        var: 3.08047533035
    zerocrossingrate:
        dmean: 0.00725023681298
        dmean2: 0.00847533065826
        dvar: 3.93824957428e-05
        dvar2: 4.85617965751e-05
        max: 0.1611328125
        mean: 0.0999852344394
        min: 0.03369140625
        var: 0.000516628788318
    barkbands:
        dmean: [2.38122922269e-07, 1.75877357833e-05, 8.50529831951e-05, 0.000101237696072, 0.00018467962218, 5.45139155292e-05, 9.15328128031e-05, 0.000106802530354, 2.44898856181e-05, 7.20287061995e-05, 0.000142631208291, 0.000777642882895, 5.19344466738e-05, 3.76396565116e-05, 9.24148553167e-05, 5.73054712731e-05, 0.000227583164815, 0.00025766537874, 0.000241298912442, 0.000184392978554, 4.37607413915e-05, 5.82314669373e-06, 1.30730734327e-06, 1.63486117799e-06, 2.63445940618e-06, 1.94688396959e-07, 3.78188902417e-09]
        dmean2: [4.21514982918e-07, 2.98298764392e-05, 0.000144359553815, 0.000177697773324, 0.000313395576086, 9.33337869355e-05, 0.000155229688971, 0.000171376683284, 4.16608781961e-05, 0.000119032200018, 0.000229746088735, 0.0012986381771, 8.60141008161e-05, 6.40722792014e-05, 0.000155485118739, 8.95429548109e-05, 0.000370714056771, 0.000426399492426, 0.000380896410206, 0.00026454453473, 6.52519665891e-05, 9.12960331334e-06, 1.85088606486e-06, 2.11669203054e-06, 3.49405627276e-06, 2.65398995225e-07, 4.61772842186e-09]
        dvar: [1.71840433593e-13, 5.54825074772e-10, 2.15015685257e-08, 3.72094177692e-08, 2.04131694659e-07, 6.13332717947e-09, 1.35593021255e-08, 1.58990189902e-08, 9.28836396685e-10, 1.0997675659e-08, 2.33725341303e-08, 5.22178424944e-07, 2.72761302433e-09, 2.86418222473e-09, 1.05698578778e-08, 4.78612482979e-09, 9.35071113872e-08, 1.75548748871e-07, 1.29518454628e-07, 6.574435929e-08, 4.02539823696e-09, 5.24560291038e-11, 3.55653744302e-12, 6.99823272249e-12, 2.06874916503e-11, 1.08100750302e-13, 2.32994623351e-15]
        dvar2: [5.1756092901e-13, 1.28097243923e-09, 5.90393902655e-08, 1.01003728048e-07, 5.29972908225e-07, 1.65717555234e-08, 3.70877941691e-08, 3.96059220975e-08, 2.56653143182e-09, 2.60768295846e-08, 5.51597878484e-08, 1.29943452976e-06, 7.20083281891e-09, 6.6976570956e-09, 2.78588547786e-08, 1.1285415269e-08, 2.54119726151e-07, 5.10645065788e-07, 2.94712208415e-07, 1.41855196034e-07, 8.49253556368e-09, 1.29501395718e-10, 8.10078393254e-12, 1.32999219277e-11, 4.01110707149e-11, 2.02261642222e-13, 2.26454872547e-15]
        max: [3.31682053911e-06, 0.000172988526174, 0.000974181690253, 0.00111915846355, 0.00435272464529, 0.000734980509151, 0.00141992070712, 0.0012688721763, 0.000324382388499, 0.000987901934423, 0.00143987068441, 0.00500733312219, 0.000659247511066, 0.00079215556616, 0.000794103019871, 0.000925723928958, 0.00335357291624, 0.00493650743738, 0.00399176869541, 0.00397827709094, 0.000838882522658, 9.42954429775e-05, 2.00976810447e-05, 2.33725859289e-05, 3.66991771443e-05, 2.68519329438e-06, 1.01728005575e-06]
        mean: [3.33902022476e-07, 4.34955218225e-05, 0.000174544678885, 0.000110085973574, 0.000290966185275, 9.30493988562e-05, 0.000141349170008, 0.000169948834809, 4.98255139973e-05, 0.000101495337731, 0.0002476425434, 0.00113670388237, 9.43333361647e-05, 0.000104850216303, 0.000189120779396, 0.00015675627219, 0.000579240324441, 0.000555202190299, 0.000577267550398, 0.00049993256107, 0.000108325839392, 1.3664503058e-05, 2.77466665466e-06, 3.64207426173e-06, 5.74185378355e-06, 4.04994466408e-07, 4.35543912047e-09]
        min: [9.58485860125e-11, 5.64639819345e-08, 1.63869970038e-07, 6.8499673489e-07, 6.99266092852e-06, 2.29263059737e-06, 4.18358149545e-06, 2.5262111194e-06, 2.84562747765e-06, 4.58852383645e-07, 2.83586359728e-07, 4.65331595478e-06, 3.60371387842e-07, 1.89955400742e-07, 3.73539847942e-07, 1.62391032177e-07, 1.51041444951e-06, 6.05809373155e-06, 2.16371881834e-06, 9.7999350146e-07, 6.60160367261e-07, 3.01173827211e-07, 5.00589925068e-09, 2.79624967625e-09, 3.98294019988e-09, 5.18864048948e-11, 6.92383541993e-13]
        var: [1.44355732337e-13, 1.1676997147e-09, 2.77406897453e-08, 2.7777087297e-08, 1.79519147991e-07, 7.1026162729e-09, 1.79171681935e-08, 2.3984178199e-08, 1.48081480411e-09, 1.91039610797e-08, 4.86328524119e-08, 7.62244951602e-07, 5.90764859254e-09, 2.04886454469e-08, 2.66421533723e-08, 2.11431210317e-08, 3.4947589711e-07, 3.47512099097e-07, 5.41437316315e-07, 3.99472980916e-07, 1.60418078821e-08, 1.8903982546e-10, 1.06025665678e-11, 2.48084174731e-11, 6.53929688177e-11, 3.45696209289e-13, 2.40071033054e-15]
    mfcc:
        mean: [-703.041137695, 122.599876404, -75.5503387451, 42.941783905, -7.15129804611, -9.26843643188, 20.9630794525, -6.85146141052, -5.11134195328, -15.9615068436, -4.36765909195, 6.48494291306, 6.35265731812]
        cov: [[836.064880371, -718.436096191, 254.198455811, -106.226051331, 54.6875801086, -36.3792495728, -29.5657024384, -10.2866783142, 4.39911174774, 5.63710594177, 0.396339714527, -0.291155785322, -27.3871936798], [-718.436096191, 1226.28759766, -560.35925293, 370.876617432, -72.4627990723, 84.8005142212, 51.8026390076, 5.84320926666, 18.9559059143, -33.9098396301, -3.70382785797, -51.715133667, 1.89174854755], [254.198455811, -560.35925293, 746.359069824, -430.123138428, 57.3045845032, -21.4894618988, -65.6886520386, -23.2553329468, -87.4931945801, 18.7422447205, -6.00253248215, 22.6601886749, 13.038728714], [-106.226051331, 370.876617432, -430.123138428, 454.293701172, -48.4301643372, 29.8245201111, 94.745300293, 41.3753738403, 75.2229232788, -20.4806671143, -17.6550197601, -1.61529445648, -0.706419467926], [54.6875801086, -72.4627990723, 57.3045845032, -48.4301643372, 82.868560791, 8.2229347229, -23.1921596527, 3.23497915268, 3.91733050346, 16.37251091, 7.54624938965, -0.410979539156, -1.4740254879], [-36.3792495728, 84.8005142212, -21.4894618988, 29.8245201111, 8.2229347229, 79.0592575073, 6.04679059982, 5.86256456375, -5.05189085007, -1.35288488865, 1.99537575245, -6.91322374344, 0.821828961372], [-29.5657024384, 51.8026390076, -65.6886520386, 94.745300293, -23.1921596527, 6.04679059982, 113.018913269, 35.3425445557, 14.9887952805, -4.36819410324, -25.2023506165, 22.3734474182, 19.961227417], [-10.2866783142, 5.84320926666, -23.2553329468, 41.3753738403, 3.23497915268, 5.86256456375, 35.3425445557, 70.9129180908, 16.2869644165, 6.14832353592, -5.122215271, 10.3184289932, 16.186580658], [4.39911174774, 18.9559059143, -87.4931945801, 75.2229232788, 3.91733050346, -5.05189085007, 14.9887952805, 16.2869644165, 91.7214355469, 11.4506969452, -4.20217370987, 6.52963590622, 3.02221703529], [5.63710594177, -33.9098396301, 18.7422447205, -20.4806671143, 16.37251091, -1.35288488865, -4.36819410324, 6.14832353592, 11.4506969452, 58.5891914368, 20.7881889343, 5.80732393265, 6.12854766846], [0.396339714527, -3.70382785797, -6.00253248215, -17.6550197601, 7.54624938965, 1.99537575245, -25.2023506165, -5.122215271, -4.20217370987, 20.7881889343, 65.8944320679, -8.30002689362, -9.59217357635], [-0.291155785322, -51.715133667, 22.6601886749, -1.61529445648, -0.410979539156, -6.91322374344, 22.3734474182, 10.3184289932, 6.52963590622, 5.80732393265, -8.30002689362, 63.7679328918, 28.3620243073], [-27.3871936798, 1.89174854755, 13.038728714, -0.706419467926, -1.4740254879, 0.821828961372, 19.961227417, 16.186580658, 3.02221703529, 6.12854766846, -9.59217357635, 28.3620243073, 58.2938957214]]
        icov: [[0.00289636012167, 0.00203837431036, -0.000149675761349, -0.00126391090453, -0.000805439427495, -0.000270278746029, 0.000150986263179, 0.000591035233811, 5.92614196648e-05, 0.000487795041408, 1.89626753127e-05, 0.00127441156656, 0.000409106491134], [0.00203837431036, 0.00291508552618, 0.000800871581305, -0.00126479309984, -4.08209925808e-05, -0.00134477869142, 0.000247848103754, 0.00071644881973, 0.000703920377418, 0.000397037074436, 0.000155154833919, 0.00186844577547, -0.000559056352358], [-0.000149675761349, 0.000800871581305, 0.00374519568868, 0.00278161559254, -0.000262088113232, -0.00086284376448, -0.000260810134932, -0.000325931003317, 0.00131942320149, -0.000261211651377, 0.00112769345287, -0.000348962639691, -0.000400551070925], [-0.00126391090453, -0.00126479309984, 0.00278161559254, 0.00685150036588, 0.00113004469313, -0.00108395505231, -0.00271552684717, -0.00137741770595, -0.00210041855462, 0.000770579732489, 0.000406299950555, -0.000948049419094, 0.00082028756151], [-0.000805439427495, -4.08209925808e-05, -0.000262088113232, 0.00113004469313, 0.0152165088803, -0.00267795566469, 0.00282927439548, -0.00210494874045, -0.00157747860067, -0.00320607121103, 0.000457946356619, -0.00044343053014, 0.000443372118752], [-0.000270278746029, -0.00134477869142, -0.00086284376448, -0.00108395505231, -0.00267795566469, 0.0147384563461, -0.000610072689597, -0.00081374112051, 0.00140242360067, 0.000228733115364, -0.000799298926722, 0.00106286711525, -0.000489523285069], [0.000150986263179, 0.000247848103754, -0.000260810134932, -0.00271552684717, 0.00282927439548, -0.000610072689597, 0.0146236186847, -0.00494488421828, 0.000830130709801, -0.00107570458204, 0.00398929370567, -0.00306575722061, -0.00124787504319], [0.000591035233811, 0.00071644881973, -0.000325931003317, -0.00137741770595, -0.00210494874045, -0.00081374112051, -0.00494488421828, 0.0185372848064, -0.00167686247732, -0.000887323694769, -0.00077013525879, 0.00107631424908, -0.00365532259457], [5.92614196648e-05, 0.000703920377418, 0.00131942320149, -0.00210041855462, -0.00157747860067, 0.00140242360067, 0.000830130709801, -0.00167686247732, 0.0146186687052, -0.00349648040719, 0.00187198456842, -0.000817984982859, 0.000121832657896], [0.000487795041408, 0.000397037074436, -0.000261211651377, 0.000770579732489, -0.00320607121103, 0.000228733115364, -0.00107570458204, -0.000887323694769, -0.00349648040719, 0.0221839025617, -0.00755280861631, -0.000684588041622, -0.00224620010704], [1.89626753127e-05, 0.000155154833919, 0.00112769345287, 0.000406299950555, 0.000457946356619, -0.000799298926722, 0.00398929370567, -0.00077013525879, 0.00187198456842, -0.00755280861631, 0.0197309423238, 0.000379756995244, 0.00238614808768], [0.00127441156656, 0.00186844577547, -0.000348962639691, -0.000948049419094, -0.00044343053014, 0.00106286711525, -0.00306575722061, 0.00107631424908, -0.000817984982859, -0.000684588041622, 0.000379756995244, 0.0227696727961, -0.00957198254764], [0.000409106491134, -0.000559056352358, -0.000400551070925, 0.00082028756151, 0.000443372118752, -0.000489523285069, -0.00124787504319, -0.00365532259457, 0.000121832657896, -0.00224620010704, 0.00238614808768, -0.00957198254764, 0.0242043007165]]
    spectral_contrast:
        mean: [-2.27623900173e-07, -1.35687201919e-07, -1.6365287081e-07, 8.97708360981e-08, -1.83041706237e-07, 2.34468032545e-07, -1.68030521763e-06, -1.93063601728e-06, -7.84632788964e-07, 1.3057575643e-07, -3.23466088048e-06, -3.65321034224e-06]
        var: [0.000482194853248, 0.00106873374898, 0.00125576835126, 0.00159318000078, 0.0020209713839, 0.00293234991841, 0.048367228359, 0.0792664512992, 0.126349836588, 0.246750235558, 0.452193856239, 1.33475148678]

rhythm:
    beats_loudness:
        dmean: 0.00255630048923
        dmean2: 0.00474917842075
        dvar: 4.61269337393e-06
        dvar2: 1.15068141895e-05
        max: 0.0109826205298
        mean: 0.0061340010725
        min: 0.00287775625475
        var: 4.4075814003e-06
    beats_loudness_bass:
        dmean: 0.0629683583975
        dmean2: 0.10692332685
        dvar: 0.00330094317906
        dvar2: 0.00866204034537
        max: 0.24515992403
        mean: 0.0708861127496
        min: 0.00789089500904
        var: 0.00389505689964
    bpm: 123.567771912
    bpm_confidence: 0
    first_peak_bpm: 124
    first_peak_spread: 0
    first_peak_weight: 0.947368383408
    onset_rate: 2.50531744957
    second_peak_bpm: 82
    second_peak_spread: 0
    second_peak_weight: 0.0526315793395
    beats_position: [0.195648297668, 0.680668771267, 1.16568922997, 1.65070962906, 2.13573026657, 2.62075066566, 3.10577130318, 3.59079170227, 4.07581233978, 4.56083297729, 5.04585361481, 5.53087377548, 6.26304960251, 6.74951934814, 7.23598909378, 7.72245788574, 8.20892715454, 8.69539642334, 9.18186664581, 9.66833496094]
    bpm_estimates: [123.580863953, 124.320159912, 124.115028381, 124.24848938, 125.795654297, 120.67502594, 121.889877319, 124.302093506, 123.898986816, 124.386665344, 121.691017151, 123.453483582, 124.306922913, 121.474258423, 124.116752625, 124.065795898, 124.331039429]
    bpm_intervals: [0.485020458698, 0.485020458698, 0.485020399094, 0.485020637512, 0.485020399094, 0.485020637512, 0.485020399094, 0.485020637512, 0.485020637512, 0.485020637512, 0.485020160675, 0.732175827026, 0.486469745636, 0.486469745636, 0.486468791962, 0.486469268799, 0.486469268799, 0.486470222473, 0.486468315125]
    onset_times: [0.0348299331963, 0.417959183455, 0.684988677502, 1.1261677742, 1.4164172411, 1.89242625237, 2.36843538284, 2.62385487556, 3.35528349876, 3.83129262924, 4.15637207031, 4.3073015213, 4.55111122131, 5.05034017563, 5.29414987564, 6.25777769089, 6.51319742203, 6.88471651077, 7.19818592072, 7.67419481277, 7.74385499954, 8.20825386047, 8.51011371613, 8.95129299164, 9.21832180023]
    rubato_start: []
    rubato_stop: []
    perceptual_tempo: "unknown"

sfx:
    inharmonicity:
        dmean: 0.0612477734685
        dmean2: 0.10831836611
        dvar: 0.00362404738553
        dvar2: 0.010623794049
        max: 0.399546265602
        mean: 0.0784779191017
        min: 0.000650450587273
        var: 0.00433880602941
    oddtoevenharmonicenergyratio:
        dmean: 2.78987431526
        dmean2: 5.22264671326
        dvar: 48.5082511902
        dvar2: 139.874740601
        max: 76.2324142456
        mean: 2.00843811035
        min: 0.00143395341001
        var: 27.8750343323
    pitch_after_max_to_before_max_energy_ratio: 20.3514785767
    pitch_centroid: 219.442367554
    pitch_max_to_total: 0.0651162788272
    pitch_min_to_total: 0.31162789464
    tristimulus:
        dmean: [0.155572161078, 0.240261569619, 0.142212867737]
        dmean2: [0.263982743025, 0.426710546017, 0.247430637479]
        dvar: [0.0204251669347, 0.0454287789762, 0.0151558090001]
        dvar2: [0.0544165633619, 0.135621830821, 0.0439220182598]
        max: [0.927062451839, 0.962623655796, 0.758381068707]
        mean: [0.259935259819, 0.539183974266, 0.153786733747]
        min: [0.0120184356347, 0, 0]
        var: [0.0284489337355, 0.0498374402523, 0.0199298057705]

tonal:
    chords_changes_rate: 0.0138888889924
    chords_number_rate: 0.00925925932825
    chords_strength:
        dmean: 0.00468263728544
        dmean2: 0.00499385548756
        dvar: 1.37617407745e-05
        dvar2: 1.74607248482e-05
        max: 0.715398013592
        mean: 0.648440420628
        min: 0.574737906456
        var: 0.00136443949305
    key_strength: 0.605490148067
    tuning_diatonic_strength: 0.464693278074
    tuning_equal_tempered_deviation: 0.07442933321
    tuning_frequency: 442.03793335
    tuning_nontempered_energy_ratio: 0.680566251278
    hpcp:
        dmean: [0.100089810789, 0.0959823429585, 0.16697627306, 0.221209138632, 0.169118151069, 0.0976788699627, 0.0967203378677, 0.10066922009, 0.110440894961, 0.0823962911963, 0.0594400465488, 0.0602988041937, 0.0749868229032, 0.100243359804, 0.206764221191, 0.162139162421, 0.1780012995, 0.0757945328951, 0.0517496019602, 0.0521233864129, 0.0682149156928, 0.0981884002686, 0.0996702685952, 0.100659802556, 0.0966451764107, 0.0682489424944, 0.0775149464607, 0.0931785702705, 0.0533047094941, 0.0814789757133, 0.120377779007, 0.107221223414, 0.0870810374618, 0.0497909002006, 0.0510151274502, 0.0778731927276]
        dmean2: [0.158077523112, 0.153523787856, 0.2847032547, 0.359100133181, 0.280111342669, 0.157977417111, 0.157545015216, 0.160291850567, 0.174038782716, 0.133966699243, 0.101732239127, 0.0998182371259, 0.124638192356, 0.163738146424, 0.332437574863, 0.277151554823, 0.292034268379, 0.127335295081, 0.0853276923299, 0.0863880366087, 0.113401792943, 0.158965855837, 0.157887667418, 0.168708994985, 0.162678346038, 0.118026271462, 0.127317637205, 0.149189665914, 0.0832116529346, 0.132255718112, 0.202528372407, 0.180864229798, 0.141202092171, 0.0784210562706, 0.0838036909699, 0.123708002269]
        dvar: [0.0141041921452, 0.0136071518064, 0.0191809162498, 0.0371311083436, 0.0192671027035, 0.0146630853415, 0.0143859097734, 0.0151121914387, 0.0167421270162, 0.013362868689, 0.00822106096894, 0.00802879501134, 0.0103897480294, 0.0106274019927, 0.0263525173068, 0.0439572446048, 0.0229887589812, 0.00760891847312, 0.00804417673498, 0.0117227584124, 0.0075846449472, 0.0143320420757, 0.0131156304851, 0.0097642512992, 0.0104303536937, 0.00726471329108, 0.013102077879, 0.0143853938207, 0.00406265351921, 0.0124815041199, 0.0341274626553, 0.0204139705747, 0.0138267483562, 0.00452330335975, 0.010999314487, 0.0180846750736]
        dvar2: [0.0332835428417, 0.0311502926052, 0.0523759685457, 0.0936708375812, 0.058974083513, 0.0308661907911, 0.0309530254453, 0.0327705033123, 0.0403302237391, 0.0349811054766, 0.0260617081076, 0.0195377580822, 0.0271741189063, 0.0290841795504, 0.0713122263551, 0.116758719087, 0.0567939691246, 0.0186036061496, 0.0180234070867, 0.0210099797696, 0.0179680828005, 0.0360075905919, 0.0321554765105, 0.025992533192, 0.0322511382401, 0.0185525137931, 0.0290862955153, 0.0333145484328, 0.00981732830405, 0.0297305434942, 0.087241820991, 0.0508176647127, 0.0338160134852, 0.0106127252802, 0.0293048769236, 0.0476887747645]
        max: [0.92747759819, 1, 1, 1, 1, 1, 0.911596655846, 1, 1, 1, 0.745834589005, 0.858574748039, 0.683606445789, 0.831520557404, 1, 1, 1, 0.722523093224, 0.734725117683, 1, 0.639294147491, 1, 0.991500556469, 0.809864044189, 0.948249697685, 0.888833642006, 1, 1, 0.538801789284, 1, 1, 0.989232540131, 1, 0.732800006866, 0.923519313335, 1]
        mean: [0.160811215639, 0.167487680912, 0.36174684763, 0.534079909325, 0.327554494143, 0.129660919309, 0.13841407001, 0.192620664835, 0.224555134773, 0.16332924366, 0.0875923261046, 0.085894882679, 0.106828682125, 0.157714873552, 0.551329374313, 0.836502790451, 0.45195248723, 0.100969322026, 0.0829346850514, 0.0873033329844, 0.101425409317, 0.138335853815, 0.1603936553, 0.203701481223, 0.205920800567, 0.130403012037, 0.124367520213, 0.137092292309, 0.0884147584438, 0.154208436608, 0.219725117087, 0.190493196249, 0.153922483325, 0.0886216461658, 0.072139441967, 0.121608629823]
        min: [0.0148145770654, 0.013344777748, 0.0101909600198, 0.0070000491105, 0.0193281285465, 0.00299197435379, 0.00236602197401, 0.0110324947163, 0.0129346325994, 0.00777996238321, 0.0030041532591, 0.00136606302112, 0.000540673849173, 0.00109973503277, 0.0165111273527, 0.119329579175, 0.0559706576169, 0.00141247012652, 0.00108875404112, 0.000905769178644, 0.00363295245916, 0.00422311667353, 0.00468197278678, 0.0206132847816, 0.00696678971872, 0.0100487712771, 0.0116654057056, 0.00723546603695, 0.00534876296297, 0.00196894444525, 0.00219608726911, 0.00600965321064, 0.00343285687268, 0.0019294754602, 0.00289782695472, 0.0083136241883]
        var: [0.0236040130258, 0.0201198831201, 0.048321865499, 0.10297947377, 0.0389867797494, 0.0191168040037, 0.0287388116121, 0.0353775694966, 0.0531220473349, 0.026578001678, 0.0103422934189, 0.0123213948682, 0.0129140149802, 0.0160854812711, 0.0514806248248, 0.0649596080184, 0.0502385906875, 0.0109319901094, 0.0158900599927, 0.0305894408375, 0.0154572557658, 0.0264456346631, 0.0260677207261, 0.0191883668303, 0.017079140991, 0.0122974803671, 0.0168321467936, 0.0207621566951, 0.00700664753094, 0.0385529361665, 0.0768555030227, 0.0377775281668, 0.0352739207447, 0.013213975355, 0.0161353480071, 0.0252865701914]
    chords_histogram: [51.3888893127, 48.6111106873, 0, 0, 0, 0, 0, 0, 0, 0, 0, 0, 0, 0, 0, 0, 0, 0, 0, 0, 0, 0, 0, 0]
    thpcp: [1, 0.540288090706, 0.120704106987, 0.0991445407271, 0.104367054999, 0.121249340475, 0.165374055505, 0.191743120551, 0.243515595794, 0.24616868794, 0.155890703201, 0.148675560951, 0.163887426257, 0.105695709586, 0.184348985553, 0.262671113014, 0.227725714445, 0.184007138014, 0.10594303906, 0.0862393304706, 0.14537742734, 0.19224229455, 0.200223699212, 0.432451456785, 0.638467550278, 0.391576081514, 0.155003577471, 0.165467560291, 0.230268999934, 0.268445163965, 0.195252478123, 0.104712530971, 0.102683320642, 0.127708703279, 0.188540756702, 0.659088492393]
    chords_key: "G"
    chords_scale: "minor"
    key_key: "G"
    key_scale: "minor"
    chords_progression: ["Gm", "Gm", "Gm", "Gm", "Gm", "Gm", "Gm", "Gm", "Gm", "Gm", "Gm", "Gm", "Gm", "Gm", "Gm", "Gm", "Gm", "Gm", "Gm", "Gm", "Gm", "Gm", "Gm", "Gm", "Gm", "Gm", "Gm", "Gm", "Gm", "Gm", "Gm", "Gm", "Gm", "Gm", "Gm", "Gm", "Gm", "Gm", "Gm", "Gm", "Gm", "Gm", "Gm", "Gm", "Gm", "Gm", "Gm", "Gm", "Gm", "Gm", "Gm", "Gm", "Gm", "Gm", "Gm", "Gm", "Gm", "Gm", "Gm", "Gm", "Gm", "Gm", "Gm", "Gm", "Gm", "Gm", "Gm", "A#", "A#", "A#", "A#", "A#", "A#", "A#", "A#", "A#", "A#", "A#", "A#", "A#", "A#", "A#", "A#", "A#", "A#", "A#", "A#", "A#", "A#", "A#", "A#", "A#", "A#", "A#", "A#", "A#", "A#", "A#", "A#", "A#", "A#", "A#", "A#", "A#", "A#", "A#", "A#", "A#", "A#", "A#", "A#", "A#", "A#", "A#", "A#", "A#", "A#", "A#", "A#", "A#", "A#", "A#", "Gm", "Gm", "Gm", "Gm", "Gm", "Gm", "Gm", "Gm", "Gm", "Gm", "Gm", "Gm", "Gm", "Gm", "Gm", "Gm", "Gm", "Gm", "Gm", "Gm", "Gm", "Gm", "Gm", "Gm", "Gm", "Gm", "Gm", "Gm", "Gm", "Gm", "Gm", "Gm", "Gm", "Gm", "Gm", "Gm", "Gm", "Gm", "Gm", "Gm", "Gm", "Gm", "Gm", "Gm", "A#", "A#", "A#", "A#", "A#", "A#", "A#", "A#", "A#", "A#", "A#", "A#", "A#", "A#", "A#", "A#", "A#", "A#", "A#", "A#", "A#", "A#", "A#", "A#", "A#", "A#", "A#", "A#", "A#", "A#", "A#", "A#", "A#", "A#", "A#", "A#", "A#", "A#", "A#", "A#", "A#", "A#", "A#", "A#", "A#", "A#", "A#", "A#", "A#", "A#"]
