
metadata:
    version:
        essentia: "1.2.2"
    audio_properties:
        analysis_sample_rate: 44100
        bitrate: 128
        channels: 2
        equal_loudness: 1
        length: 10.0571432114
        replay_gain: -10.0005149841
        downmix: "mix"
    tags:
        track: 14
        year: 0
        album: "Splitted by Mp3Splt v. 2.1"
        artist: "From 002.10 To 002.20"
        comment: "http://mp3splt.sf.net"
        genre: ""
        title: "07 Ruined in a Day [K-Klass Mi"

highlevel:
    ballroom:
        all:
            ChaChaCha: 0.132786631584
            Jive: 0.399024307728
            Quickstep: 0.0550553537905
            Rumba-American: 0.0014402641682
            Rumba-International: 0.00991921778768
            Rumba-Misc: 0.00309285707772
            Samba: 0.391374081373
            Tango: 0.000943909981288
            VienneseWaltz: 0.00472223665565
            Waltz: 0.00164116115775
        probability: 0.399024307728
        value: "Jive"
    culture:
        all:
            non_western: 0.110818453133
            western: 0.889181554317
        probability: 0.889181554317
        value: "western"
    gender:
        all:
            female: 0.934038937092
            male: 0.0659610778093
        probability: 0.934038937092
        value: "female"
    genre_dortmund:
        all:
            alternative: 0.0665929242969
            blues: 0.0169854070991
            electronic: 0.152890592813
            folkcountry: 0.0826169550419
            funksoulrnb: 0.0174355674535
            jazz: 0.0615859627724
            pop: 0.189553126693
            raphiphop: 0.0690822973847
            rock: 0.343257158995
        probability: 0.343257158995
        value: "rock"
    genre_electronica:
        all:
            ambient: 0.0361852124333
            dnb: 0.208432361484
            house: 0.0172629244626
            techno: 0.00837147794664
            trance: 0.729748010635
        probability: 0.729748010635
        value: "trance"
    genre_rosamerica:
        all:
            cla: 0.0216568671167
            dan: 0.814939022064
            hip: 0.00549180153757
            jaz: 0.00982808228582
            pop: 0.0981791689992
            rhy: 0.0107158264145
            roc: 0.0372479073703
            spe: 0.00194131582975
        probability: 0.814939022064
        value: "dan"
    genre_tzanetakis:
        all:
            blu: 0.00131334189791
            cla: 0.00250315340236
            cou: 0.020338293165
            dis: 0.379208743572
            hip: 0.00457031372935
            jaz: 0.0818521678448
            met: 0.0183038525283
            pop: 0.340574175119
            reg: 0.0230993553996
            roc: 0.128236576915
        probability: 0.379208743572
        value: "dis"
    live_studio:
        all:
            live: 0.0763988867402
            studio: 0.923601090908
        probability: 0.923601090908
        value: "studio"
    mood:
        all:
            Cluster1: 0.425636947155
            Cluster2: 0.203336700797
            Cluster3: 0.12433975935
            Cluster4: 0.0928108170629
            Cluster5: 0.153875783086
        probability: 0.425636947155
        value: "Cluster1"
    mood_acoustic:
        all:
            acoustic: 0.0140550592914
            not_acoustic: 0.985944926739
        probability: 0.985944926739
        value: "not_acoustic"
    mood_aggressive:
        all:
            aggressive: 0.511536121368
            not_aggressive: 0.488463848829
        probability: 0.511536121368
        value: "aggressive"
    mood_electronic:
        all:
            electronic: 0.886778533459
            not_electronic: 0.113221488893
        probability: 0.886778533459
        value: "electronic"
    mood_happy:
        all:
            happy: 0.586635112762
            not_happy: 0.413364887238
        probability: 0.586635112762
        value: "happy"
    mood_party:
        all:
            not_party: 0.531289219856
            party: 0.468710780144
        probability: 0.531289219856
        value: "not_party"
    mood_relaxed:
        all:
            not_relaxed: 0.829052329063
            relaxed: 0.170947656035
        probability: 0.829052329063
        value: "not_relaxed"
    mood_sad:
        all:
            not_sad: 0.611140072346
            sad: 0.388859927654
        probability: 0.611140072346
        value: "not_sad"
    rhythm:
        all:
            fast: 0.98587679863
            medium: 0.0124958110973
            slow: 0.00162740075029
        probability: 0.98587679863
        value: "fast"
    speech_music:
        all:
            music: 0.999372303486
            speech: 0.000627686677035
        probability: 0.999372303486
        value: "music"
    timbre:
        all:
            bright: 0.999999940395
            dark: 6.27056877534e-08
        probability: 0.999999940395
        value: "bright"
    voice_instrumental:
        all:
            instrumental: 0.170863226056
            voice: 0.829136788845
        probability: 0.829136788845
        value: "voice"

lowlevel:
    average_loudness: 0.979921102524
    barkbands_kurtosis:
        dmean: 0.87379693985
        dmean2: 1.38875091076
        dvar: 1.64164960384
        dvar2: 3.35954666138
        max: 12.2733259201
        mean: -0.268247902393
        min: -1.73544228077
        var: 2.93153047562
    barkbands_skewness:
        dmean: 0.431064009666
        dmean2: 0.678164482117
        dvar: 0.162701383233
        dvar2: 0.310088902712
        max: 3.33165597916
        mean: 0.749190747738
        min: -1.76332700253
        var: 0.509374856949
    barkbands_spread:
        dmean: 5.32550048828
        dmean2: 8.01824760437
        dvar: 21.080821991
        dvar2: 46.1853370667
        max: 74.2867507935
        mean: 32.3202438354
        min: 10.4592466354
        var: 72.5918807983
    dissonance:
        dmean: 0.0171257313341
        dmean2: 0.027717590332
        dvar: 0.000456983892946
        dvar2: 0.000666971027385
        max: 0.498842805624
        mean: 0.46182975173
        min: 0.0451158881187
        var: 0.000820572313387
    hfc:
        dmean: 2.36642384529
        dmean2: 3.41020989418
        dvar: 19.0097026825
        dvar2: 43.3629493713
        max: 32.8481674194
        mean: 4.4970035553
        min: 0.000104307691799
        var: 25.7436180115
    pitch:
        dmean: 481.662597656
        dmean2: 930.939453125
        dvar: 1262501.125
        dvar2: 3128167.5
        max: 6300
        mean: 594.91998291
        min: 49.21875
        var: 1352416.5
    pitch_instantaneous_confidence:
        dmean: 0.0727189555764
        dmean2: 0.117639183998
        dvar: 0.00416427850723
        dvar2: 0.00857456028461
        max: 0.704362750053
        mean: 0.325530469418
        min: 0.0512552261353
        var: 0.0127157829702
    pitch_salience:
        dmean: 0.0653569400311
        dmean2: 0.0994720980525
        dvar: 0.00303243403323
        dvar2: 0.00762240448967
        max: 0.883750855923
        mean: 0.647603154182
        min: 0.345997154713
        var: 0.00662960158661
    silence_rate_20dB:
        dmean: 0
        dmean2: 0
        dvar: 0
        dvar2: 0
        max: 1
        mean: 1
        min: 1
        var: 0
    silence_rate_30dB:
        dmean: 0
        dmean2: 0
        dvar: 0
        dvar2: 0
        max: 1
        mean: 1
        min: 1
        var: 0
    silence_rate_60dB:
        dmean: 0.184757500887
        dmean2: 0.370370358229
        dvar: 0.150621518493
        dvar2: 0.26097419858
        max: 1
        mean: 0.615207374096
        min: 0
        var: 0.236726328731
    spectral_centroid:
        dmean: 289.003265381
        dmean2: 449.041809082
        dvar: 105486.71875
        dvar2: 183715
        max: 4889.69482422
        mean: 1262.41247559
        min: 294.315612793
        var: 427324.0625
    spectral_complexity:
        dmean: 3.69373559952
        dmean2: 5.32325601578
        dvar: 25.9108581543
        dvar2: 48.8235206604
        max: 44
        mean: 9.96759223938
        min: 0
        var: 44.8230247498
    spectral_crest:
        dmean: 2.13324570656
        dmean2: 3.55751204491
        dvar: 3.86402964592
        dvar2: 10.6695728302
        max: 17.2831439972
        mean: 7.05866384506
        min: 2.62014961243
        var: 7.76368141174
    spectral_decrease:
        dmean: 3.99265898121e-10
        dmean2: 5.83398995779e-10
        dvar: 4.01086308095e-19
        dvar2: 9.03790255177e-19
        max: -5.05317833475e-14
        mean: -8.18865086849e-10
        min: -4.8376569417e-09
        var: 5.1998879071e-19
    spectral_energy:
        dmean: 0.00169372337405
        dmean2: 0.00245988252573
        dvar: 7.34542845748e-06
        dvar2: 1.65738201758e-05
        max: 0.020754205063
        mean: 0.00349847692996
        min: 2.00180096499e-07
        var: 9.46134150581e-06
    spectral_energyband_high:
        dmean: 0.00015539272863
        dmean2: 0.000224044983042
        dvar: 1.00926193625e-07
        dvar2: 1.94120630681e-07
        max: 0.00501380721107
        mean: 0.00025147566339
        min: 3.61591911968e-09
        var: 2.36837124135e-07
    spectral_energyband_low:
        dmean: 0.000302371365251
        dmean2: 0.000460217415821
        dvar: 3.57168488563e-07
        dvar2: 8.18270621039e-07
        max: 0.00383665645495
        mean: 0.000360187521437
        min: 5.55290746718e-08
        var: 4.03970233265e-07
    spectral_energyband_middle_high:
        dmean: 0.000614039308857
        dmean2: 0.000895919685718
        dvar: 1.62433707374e-06
        dvar2: 3.8556504478e-06
        max: 0.00995215401053
        mean: 0.00110349454917
        min: 3.61928762516e-08
        var: 1.78676407359e-06
    spectral_energyband_middle_low:
        dmean: 0.00103217805736
        dmean2: 0.00170277885627
        dvar: 3.25531982526e-06
        dvar2: 8.18373700895e-06
        max: 0.0108103798702
        mean: 0.00178328622133
        min: 9.57115204869e-08
        var: 3.15506667903e-06
    spectral_flatness_db:
        dmean: 0.0152773521841
        dmean2: 0.0239473599941
        dvar: 0.000177180336323
        dvar2: 0.000417434988776
        max: 0.189970687032
        mean: 0.126594290137
        min: 0.0662738904357
        var: 0.000509635836352
    spectral_flux:
        dmean: 0.0109687065706
        dmean2: 0.0154321268201
        dvar: 0.000193436877453
        dvar2: 0.000303732726024
        max: 0.114141449332
        mean: 0.0358310304582
        min: 0.0127530312166
        var: 0.000420481519541
    spectral_kurtosis:
        dmean: 0.809754312038
        dmean2: 1.2827000618
        dvar: 0.581536710262
        dvar2: 1.28373658657
        max: 8.69590187073
        mean: 2.88922929764
        min: -0.895198822021
        var: 1.96447956562
    spectral_rms:
        dmean: 0.000388517801184
        dmean2: 0.000535344704986
        dvar: 2.19481322006e-07
        dvar2: 4.39763141458e-07
        max: 0.00449977815151
        mean: 0.00172893400304
        min: 1.39748935908e-05
        var: 4.23933784077e-07
    spectral_rolloff:
        dmean: 567.707214355
        dmean2: 892.97644043
        dvar: 309915.8125
        dvar2: 591493.5625
        max: 7149.0234375
        mean: 2715.57641602
        min: 236.865234375
        var: 1148256.5
    spectral_skewness:
        dmean: 0.153565078974
        dmean2: 0.234912991524
        dvar: 0.0227977391332
        dvar2: 0.0435258187354
        max: 2.78890895844
        mean: 1.43196547031
        min: -0.163185209036
        var: 0.118318274617
    spectral_spread:
        dmean: 759699.375
        dmean2: 1018336.6875
        dvar: 604724068352
        dvar2: 1.15863073587e+12
        max: 13696920
        mean: 6020033
        min: 3314469
        var: 2.07777523302e+12
    spectral_strongpeak:
        dmean: 0.173584610224
        dmean2: 0.281472414732
        dvar: 0.131267249584
        dvar2: 0.304039508104
        max: 4.34372711182
        mean: 0.262074202299
        min: 0
        var: 0.13896343112
    zerocrossingrate:
        dmean: 0.0104816202074
        dmean2: 0.0117721203715
        dvar: 9.65298022493e-05
        dvar2: 8.81439482328e-05
        max: 0.26318359375
        mean: 0.0822855606675
        min: 0.00244140625
        var: 0.000897401303519
    barkbands:
        dmean: [3.98946696123e-07, 0.000103139391285, 0.000254148180829, 0.000367558677681, 0.000537233427167, 0.000202970637474, 8.97530699149e-05, 0.00013946602121, 7.28824234102e-05, 5.15466053912e-05, 3.34444557666e-05, 7.2537761298e-05, 6.19439015281e-05, 3.83072729164e-05, 7.18563969713e-05, 9.37964650802e-05, 0.000118321011541, 0.000106400591903, 9.70378678176e-05, 0.000115682581963, 5.78420294914e-05, 3.85059793189e-05, 1.34033862196e-05, 5.24910183231e-06, 2.52994095717e-06, 1.69318127519e-07, 2.92183416351e-10]
        dmean2: [6.17022749339e-07, 0.000157562099048, 0.000433326291386, 0.000669778615702, 0.000970786204562, 0.000314851058647, 0.000138036397402, 0.000215121923247, 0.00011186105985, 7.72789062466e-05, 5.26159528818e-05, 0.000113804919238, 0.000100224438938, 5.84985209571e-05, 0.000116776507639, 0.000148958875798, 0.000180202318006, 0.000169238308445, 0.000146900914842, 0.000190886566998, 8.64772227942e-05, 5.9585141571e-05, 1.97710814973e-05, 7.8154835137e-06, 3.65454047824e-06, 2.57880742538e-07, 4.9764503629e-10]
        dvar: [2.12342860309e-12, 4.69584016116e-08, 3.26136614603e-07, 7.86651696671e-07, 1.71345448052e-06, 1.31243012902e-07, 1.88507609522e-08, 5.61952049338e-08, 1.15861107375e-08, 6.30390672995e-09, 1.75200620678e-09, 9.95483073751e-09, 2.75066440736e-08, 5.77501868548e-09, 2.18388542805e-08, 5.78523895456e-08, 5.29131085614e-08, 4.64986769089e-08, 3.08060421617e-08, 7.54149525051e-08, 1.62090660893e-08, 1.83904163009e-08, 8.96260565764e-10, 1.511986647e-10, 1.27232347921e-11, 9.28286175142e-14, 1.5738490219e-19]
        dvar2: [5.31561036507e-12, 1.12375424521e-07, 8.29352359233e-07, 2.27019972954e-06, 4.83716485178e-06, 3.14091863629e-07, 4.09870253293e-08, 1.40885333622e-07, 2.74027343039e-08, 1.3321369785e-08, 4.37325597957e-09, 2.21481410989e-08, 6.98106887853e-08, 1.42798084468e-08, 5.19126857057e-08, 1.35792774358e-07, 1.28149650891e-07, 1.16742121747e-07, 6.30398133694e-08, 1.62864594699e-07, 3.12452606011e-08, 3.90826002672e-08, 1.7487322701e-09, 2.81187101381e-10, 2.80064825497e-11, 2.28989868517e-13, 4.0659683024e-19]
        max: [2.07351331483e-05, 0.00161129538901, 0.00329538155347, 0.00619306135923, 0.00916675012559, 0.00475910166278, 0.00178095384035, 0.00211636442691, 0.00101958075538, 0.00117289903574, 0.000333014933858, 0.000981015036814, 0.00154220766854, 0.000662982696667, 0.00110452517401, 0.00196817098185, 0.00196237396449, 0.00177839770913, 0.00212295632809, 0.00359050394036, 0.00208667293191, 0.00236416049302, 0.000529620680027, 0.000174573768163, 4.27388768003e-05, 3.7941708797e-06, 4.2397334532e-09]
        mean: [4.41258862338e-07, 0.000119139433082, 0.000240641471464, 0.00035478893551, 0.000584670167882, 0.000382409780286, 0.000159480143338, 0.000179282928002, 0.000109828790301, 7.93250219431e-05, 5.01206450281e-05, 8.78312566783e-05, 6.45364343654e-05, 4.91574428452e-05, 8.81478117662e-05, 0.000116709568829, 0.000163727978361, 0.000176323170308, 0.000151858301251, 0.000164261626196, 8.39781205286e-05, 5.96116224187e-05, 1.9832930775e-05, 8.55559937918e-06, 3.62594141734e-06, 1.9286565589e-07, 3.45158068793e-10]
        min: [9.81687092727e-11, 2.77051981357e-08, 1.86913577949e-08, 1.84727557695e-08, 4.06062703462e-08, 2.48061873265e-08, 8.97304897052e-09, 1.72765224349e-09, 8.91416884752e-10, 3.91593513172e-09, 1.05473487721e-08, 1.0373689463e-08, 1.64007007974e-09, 6.26684371063e-10, 7.49808992673e-10, 7.69490693386e-10, 1.83615778138e-09, 4.74676076223e-09, 3.4946942562e-10, 2.09250683447e-09, 1.73412506577e-09, 3.22229493088e-10, 1.00385311175e-10, 7.87451839845e-11, 9.37317098937e-11, 3.45651667011e-11, 3.03554013523e-12]
        var: [1.3003348398e-12, 5.14526092843e-08, 2.60681787267e-07, 4.98449594488e-07, 1.07723633391e-06, 2.93541660312e-07, 3.8924213186e-08, 6.22822753371e-08, 1.97933527346e-08, 1.06826245627e-08, 2.94517232824e-09, 1.21643788376e-08, 2.31273666884e-08, 6.06291106209e-09, 2.22449809684e-08, 5.73678633486e-08, 6.10675883195e-08, 5.35547606262e-08, 4.95040524129e-08, 8.54076276369e-08, 3.375421187e-08, 3.75175233103e-08, 2.86595103205e-09, 4.87988649489e-10, 3.48576653653e-11, 1.23061120755e-13, 2.40263087517e-19]
    mfcc:
        mean: [-712.941955566, 105.451759338, -26.8577404022, 44.9616889954, -10.149889946, -4.57018232346, -4.86519575119, -2.87812304497, -6.98514127731, -7.31501483917, -6.20136594772, -4.02935600281, -2.76786088943]
        cov: [[2067.86914062, -503.324066162, -72.3917007446, -132.863510132, -64.2667617798, -79.3060302734, -158.604919434, -74.1719970703, -86.828994751, -22.2766399384, 8.67487049103, 10.2053413391, -19.0892772675], [-503.324066162, 653.305236816, -161.860824585, 102.028877258, 82.1499328613, -5.05697870255, 76.9758071899, 30.8510341644, 20.5288619995, 28.8342609406, 8.68753623962, -3.39523243904, 18.2759227753], [-72.3917007446, -161.860824585, 304.644104004, -7.79167985916, -12.5358867645, 44.3892936707, 25.974527359, 38.958694458, 14.0267906189, -6.17401504517, 10.6519575119, 13.1722126007, 20.5285377502], [-132.863510132, 102.028877258, -7.79167985916, 192.802886963, 95.6105422974, 43.4531898499, 32.8054428101, 30.2104091644, 19.3430671692, 7.25709819794, 6.00731897354, 0.806221663952, 3.02566003799], [-64.2667617798, 82.1499328613, -12.5358867645, 95.6105422974, 145.610092163, 53.2495498657, 32.3600120544, 26.0036334991, 28.8719711304, 12.4332799911, 10.3535518646, 5.42714738846, 3.90017223358], [-79.3060302734, -5.05697870255, 44.3892936707, 43.4531898499, 53.2495498657, 115.958496094, 64.264503479, 34.4418106079, 43.3778457642, 15.7830209732, 20.9642505646, 15.4440422058, -3.33566570282], [-158.604919434, 76.9758071899, 25.974527359, 32.8054428101, 32.3600120544, 64.264503479, 114.615150452, 47.2734947205, 45.5895080566, 14.8608446121, 18.3720741272, 9.6461057663, -1.49634253979], [-74.1719970703, 30.8510341644, 38.958694458, 30.2104091644, 26.0036334991, 34.4418106079, 47.2734947205, 72.2378463745, 33.7783584595, 13.9745550156, 13.4665870667, 11.839012146, 6.63476896286], [-86.828994751, 20.5288619995, 14.0267906189, 19.3430671692, 28.8719711304, 43.3778457642, 45.5895080566, 33.7783584595, 69.2767028809, 27.5766906738, 12.3030538559, 5.10025930405, -4.05651807785], [-22.2766399384, 28.8342609406, -6.17401504517, 7.25709819794, 12.4332799911, 15.7830209732, 14.8608446121, 13.9745550156, 27.5766906738, 53.3164215088, 25.9729557037, 8.08865451813, 1.76442015171], [8.67487049103, 8.68753623962, 10.6519575119, 6.00731897354, 10.3535518646, 20.9642505646, 18.3720741272, 13.4665870667, 12.3030538559, 25.9729557037, 60.3973579407, 35.2698020935, 6.3583688736], [10.2053413391, -3.39523243904, 13.1722126007, 0.806221663952, 5.42714738846, 15.4440422058, 9.6461057663, 11.839012146, 5.10025930405, 8.08865451813, 35.2698020935, 60.7914657593, 22.8464107513], [-19.0892772675, 18.2759227753, 20.5285377502, 3.02566003799, 3.90017223358, -3.33566570282, -1.49634253979, 6.63476896286, -4.05651807785, 1.76442015171, 6.3583688736, 22.8464107513, 44.7409286499]]
        icov: [[0.000705516431481, 0.000623978732619, 0.000454626017017, 0.000239442495513, -0.000324517983245, 0.00014613395615, 0.00033699994674, -0.000246574898483, 0.000612589763477, -0.000141960073961, -0.000397142081056, -1.32696632136e-05, 3.27193956764e-05], [0.000623978732619, 0.00299640581943, 0.00174262747169, -0.000525675772224, -0.000996300950646, 0.00149741536006, -0.00203511468135, -0.000600466155447, 0.00111665576696, -0.000994959031232, -0.000444771692855, 0.000773619976826, -0.00169365433976], [0.000454626017017, 0.00174262747169, 0.00507630454376, 7.67921592342e-05, 0.000527541269548, -0.00125615403522, -0.000452783104265, -0.00255047553219, 0.000623203464784, 0.00105508067645, -0.00130344775971, 0.00153066695202, -0.00321026914753], [0.000239442495513, -0.000525675772224, 7.67921592342e-05, 0.00828405190259, -0.00468586012721, -0.00109979195986, 0.000431679422036, -0.00184097257443, 0.00121019640937, 0.000391151552321, -0.000163905089721, 0.000696689356118, 9.71968111116e-05], [-0.000324517983245, -0.000996300950646, 0.000527541269548, -0.00468586012721, 0.0121731208637, -0.00420104619116, 0.00138999160845, -0.000438774819486, -0.00235435343347, 0.000602273561526, -0.000428599538282, 0.000705295940861, -0.00145592051558], [0.00014613395615, 0.00149741536006, -0.00125615403522, -0.00109979195986, -0.00420104619116, 0.0174457449466, -0.00709355948493, 0.000776967499405, -0.0039239525795, -0.000319627812132, -0.000963533646427, -0.00279762060381, 0.00263817934319], [0.00033699994674, -0.00203511468135, -0.000452783104265, 0.000431679422036, 0.00138999160845, -0.00709355948493, 0.0186495501548, -0.0059440867044, -0.0052747731097, 0.00318981613964, -0.00284773856401, 0.000976153183728, 0.00131102185696], [-0.000246574898483, -0.000600466155447, -0.00255047553219, -0.00184097257443, -0.000438774819486, 0.000776967499405, -0.0059440867044, 0.0233292728662, -0.0065567442216, -0.00073412549682, 0.000148025384988, -0.0019695982337, -0.00170819170307], [0.000612589763477, 0.00111665576696, 0.000623203464784, 0.00121019640937, -0.00235435343347, -0.0039239525795, -0.0052747731097, -0.0065567442216, 0.0290517937392, -0.0125612458214, 0.0042995964177, -0.00140143116005, 0.00338002759963], [-0.000141960073961, -0.000994959031232, 0.00105508067645, 0.000391151552321, 0.000602273561526, -0.000319627812132, 0.00318981613964, -0.00073412549682, -0.0125612458214, 0.0316540300846, -0.0153083754703, 0.00644914153963, -0.0035303151235], [-0.000397142081056, -0.000444771692855, -0.00130344775971, -0.000163905089721, -0.000428599538282, -0.000963533646427, -0.00284773856401, 0.000148025384988, 0.0042995964177, -0.0153083754703, 0.034879013896, -0.020064977929, 0.00675235036761], [-1.32696632136e-05, 0.000773619976826, 0.00153066695202, 0.000696689356118, 0.000705295940861, -0.00279762060381, 0.000976153183728, -0.0019695982337, -0.00140143116005, 0.00644914153963, -0.020064977929, 0.0338884480298, -0.0158510170877], [3.27193956764e-05, -0.00169365433976, -0.00321026914753, 9.71968111116e-05, -0.00145592051558, 0.00263817934319, 0.00131102185696, -0.00170819170307, 0.00338002759963, -0.0035303151235, 0.00675235036761, -0.0158510170877, 0.0327240489423]]
    spectral_contrast:
        mean: [1.65219205428e-07, -5.2698414521e-08, -8.85694220187e-08, -5.77316541239e-07, 1.5784192442e-07, -6.96077364637e-08, 2.03083504857e-06, 1.52498898842e-06, -1.79365837738e-08, 4.83735846046e-07, 5.99523400524e-06, -4.54761362789e-07]
        var: [0.000302903383272, 0.000602106680162, 0.000863832363393, 0.00143973901868, 0.00299571896903, 0.00464312033728, 0.0368445441127, 0.0758777186275, 0.14821818471, 0.265692085028, 0.405201971531, 1.03144562244]

rhythm:
    beats_loudness:
        dmean: 0.00321727292612
        dmean2: 0.00594430137426
        dvar: 4.42722648586e-06
        dvar2: 1.29897707666e-05
        max: 0.0127221858129
        mean: 0.00807931739837
        min: 0.00296631525271
        var: 5.64405308978e-06
    beats_loudness_bass:
        dmean: 0.205933138728
        dmean2: 0.301502525806
        dvar: 0.0135177113116
        dvar2: 0.0518917739391
        max: 0.761756241322
        mean: 0.516546785831
        min: 0.250136345625
        var: 0.0229465253651
    bpm: 105.484420776
    bpm_confidence: 0
    first_peak_bpm: 106
    first_peak_spread: 0
    first_peak_weight: 0.941176533699
    onset_rate: 5.46875047684
    second_peak_bpm: 100
    second_peak_spread: 0
    second_peak_weight: 0.0588235296309
    beats_position: [0.125221207738, 0.693695068359, 1.26216888428, 1.8306427002, 2.39911651611, 2.96759033203, 3.53606438637, 4.1045384407, 4.67301225662, 5.24148607254, 5.8099603653, 6.4099779129, 6.97911405563, 7.54824972153, 8.11738586426, 8.68652153015, 9.25565719604, 9.82479381561]
    bpm_estimates: [105.614097595, 105.538330078, 105.560882568, 105.428855896, 105.512901306, 105.57244873, 105.577285767, 105.565864563, 105.515563965, 105.571434021, 105.64415741, 105.414848328, 105.581420898, 105.395881653, 105.266609192, 105.224121094, 105.43837738, 105.432662964, 105.452232361, 105.380706787]
    bpm_intervals: [0.568473875523, 0.568473815918, 0.568473815918, 0.568473815918, 0.568473815918, 0.568474054337, 0.568474054337, 0.568473815918, 0.568473815918, 0.568474292755, 0.600017547607, 0.569136142731, 0.569135665894, 0.569136142731, 0.569135665894, 0.569135665894, 0.569136619568]
    onset_times: [0.0580498874187, 0.255419492722, 0.301859408617, 0.684988677502, 0.975238084793, 1.14938771725, 1.26548755169, 1.40480720997, 1.54412698746, 1.69505667686, 1.82276642323, 2.00852608681, 2.11301589012, 2.27555561066, 2.40326523781, 2.56580495834, 2.69351482391, 2.7863945961, 2.97215414047, 3.16952371597, 3.26240372658, 3.55265307426, 3.70358276367, 3.83129262924, 4.1099319458, 4.27247142792, 4.41179132462, 4.58594083786, 4.69043064117, 4.82975053787, 5.25931978226, 5.53795909882, 5.83981847763, 5.97913837433, 6.11845827103, 6.26938772202, 6.39709758759, 6.68734693527, 6.84988641739, 6.97759628296, 7.16335582733, 7.27945566177, 7.54648542404, 7.83673477173, 8.01088428497, 8.12698459625, 8.40562343597, 8.56816291809, 8.68426322937, 8.96290206909, 9.26476192474, 9.4040813446, 9.57823085785, 9.83365058899, 10.0194101334]
    rubato_start: []
    rubato_stop: []
    perceptual_tempo: "unknown"

sfx:
    inharmonicity:
        dmean: 0.0390465445817
        dmean2: 0.0695836693048
        dvar: 0.00204354105517
        dvar2: 0.00564289884642
        max: 0.320051819086
        mean: 0.0413211658597
        min: 0.000699836062267
        var: 0.00213477318175
    oddtoevenharmonicenergyratio:
        dmean: 1.85575270653
        dmean2: 3.47847700119
        dvar: 80.1152267456
        dvar2: 237.877960205
        max: 130.653427124
        mean: 1.33159172535
        min: 0.000453691172879
        var: 42.2323646545
    pitch_after_max_to_before_max_energy_ratio: 0.375330209732
    pitch_centroid: 237.417495728
    pitch_max_to_total: 0.8125
    pitch_min_to_total: 0.143518522382
    tristimulus:
        dmean: [0.216905042529, 0.22328171134, 0.105651810765]
        dmean2: [0.377053558826, 0.397714883089, 0.185862928629]
        dvar: [0.0302283242345, 0.0334156937897, 0.00888813566417]
        dvar2: [0.0857743024826, 0.0936988741159, 0.0248801987618]
        max: [0.921899139881, 0.996708333492, 0.540769338608]
        mean: [0.42189142108, 0.429047465324, 0.121655032039]
        min: [0.00329174031503, 0, 0]
        var: [0.0489525459707, 0.0489031262696, 0.0115095339715]

tonal:
    chords_changes_rate: 0.055299539119
    chords_number_rate: 0.0230414755642
    chords_strength:
        dmean: 0.0105734393001
        dmean2: 0.0092015536502
        dvar: 6.59519428154e-05
        dvar2: 6.42812738079e-05
        max: 0.677380859852
        mean: 0.510527014732
        min: 0.304433852434
        var: 0.00739831849933
    key_strength: 0.743752717972
    tuning_diatonic_strength: 0.587914168835
    tuning_equal_tempered_deviation: 0.0200377032161
    tuning_frequency: 438.477722168
    tuning_nontempered_energy_ratio: 0.690108060837
    hpcp:
        dmean: [0.159061327577, 0.123105049133, 0.0929306223989, 0.0973942801356, 0.0947323516011, 0.0922911986709, 0.118208102882, 0.121876306832, 0.157599031925, 0.172570571303, 0.141641527414, 0.108052238822, 0.114751763642, 0.12822920084, 0.192244142294, 0.258009970188, 0.24423673749, 0.145139887929, 0.100080870092, 0.105034321547, 0.131414264441, 0.143807113171, 0.145415589213, 0.140028044581, 0.151966750622, 0.133187294006, 0.117017179728, 0.093304015696, 0.0835856348276, 0.16184180975, 0.167949467897, 0.14709867537, 0.0921988114715, 0.0668202713132, 0.0899765044451, 0.146565362811]
        dmean2: [0.252643972635, 0.186223462224, 0.158875077963, 0.174925148487, 0.1688054353, 0.150964900851, 0.197065979242, 0.210009247065, 0.265129476786, 0.278360486031, 0.227196231484, 0.191793754697, 0.208412393928, 0.226725354791, 0.334781557322, 0.440749317408, 0.433244675398, 0.264252513647, 0.177837684751, 0.18552288413, 0.226063579321, 0.241743117571, 0.248893424869, 0.228948995471, 0.253012269735, 0.229932516813, 0.20515461266, 0.16617590189, 0.148767694831, 0.278433591127, 0.271860122681, 0.255082547665, 0.168261066079, 0.120894357562, 0.16129603982, 0.242742478848]
        dvar: [0.0292840432376, 0.0163918994367, 0.0267732497305, 0.0271376036108, 0.0309213157743, 0.0135469846427, 0.0228384118527, 0.0298958346248, 0.0324648246169, 0.0456376932561, 0.0321916975081, 0.0288673378527, 0.0383656769991, 0.0337344259024, 0.0365804620087, 0.05698312819, 0.0486842207611, 0.0378208644688, 0.0255868081003, 0.0295425336808, 0.0326458960772, 0.0362441688776, 0.0388144031167, 0.0360385589302, 0.0506336390972, 0.0394579134881, 0.0357733890414, 0.0291430875659, 0.0182924903929, 0.0420513860881, 0.0427621752024, 0.0345015451312, 0.0286028962582, 0.0158472750336, 0.023834278807, 0.0285433977842]
        dvar2: [0.0547142326832, 0.0392255932093, 0.0705540031195, 0.0712470412254, 0.0930904746056, 0.0364492163062, 0.059587918222, 0.0837478488684, 0.0815416797996, 0.0931919291615, 0.0741866230965, 0.0781587585807, 0.103337325156, 0.088914424181, 0.088221155107, 0.134324640036, 0.122262984514, 0.107572004199, 0.0707111880183, 0.0867184102535, 0.0923907980323, 0.0901526287198, 0.10390137881, 0.0808930620551, 0.121188618243, 0.107624232769, 0.0970454141498, 0.0836183577776, 0.0524381622672, 0.103636860847, 0.0900111198425, 0.0918029248714, 0.0834549665451, 0.0454448871315, 0.0657112374902, 0.0700110644102]
        max: [1, 1, 1, 0.858709931374, 1, 0.904776394367, 1, 1, 0.995978951454, 1, 1, 1, 1, 1, 1, 1, 1, 1, 1, 1, 1, 1, 1, 1, 1, 1, 1, 1, 1, 1, 1, 1, 1, 1, 1, 1]
        mean: [0.32090947032, 0.220282837749, 0.0989402011037, 0.0888181403279, 0.0908639878035, 0.139869511127, 0.193360820413, 0.171437472105, 0.237899750471, 0.326980829239, 0.214918509126, 0.103695094585, 0.0987284183502, 0.12209545821, 0.314619481564, 0.53004950285, 0.383097082376, 0.150232106447, 0.0949457958341, 0.102728575468, 0.192830085754, 0.237705394626, 0.178635507822, 0.185351938009, 0.215968176723, 0.162229076028, 0.123152472079, 0.103680945933, 0.0919698998332, 0.241388261318, 0.362507373095, 0.222155615687, 0.084413997829, 0.0621483847499, 0.0828240662813, 0.209735751152]
        min: [0.0130402427167, 0.00493414746597, 0.00489127123728, 0.00388212781399, 0.00281657418236, 0.00710591999814, 0.0111520634964, 0.0109362164512, 0.0109189124778, 0.00513194594532, 0.00319689535536, 0.00340601732023, 0.00409469567239, 0.00626964075491, 0.0172358360142, 0.0253556612879, 0.0119067309424, 0.0070601827465, 0.00265557225794, 0.00240809074603, 0.00537706306204, 0.0111925555393, 0.0114502776414, 0.00693208258599, 0.00537405861542, 0.00579208415002, 0.00803128257394, 0.00713616656139, 0.00486630294472, 0.00579294236377, 0.00637329695746, 0.00476719299331, 0.00330149405636, 0.00316116958857, 0.00558298360556, 0.0119257401675]
        var: [0.0716108083725, 0.034219622612, 0.0251416638494, 0.023298824206, 0.0211444888264, 0.0233069881797, 0.0500115789473, 0.0351386778057, 0.0512522943318, 0.105136081576, 0.0492447130382, 0.0223923828453, 0.0271491426975, 0.0290014483035, 0.0575220175087, 0.113087423146, 0.0747667476535, 0.0307945199311, 0.0204021818936, 0.0242709796876, 0.0544644892216, 0.0704157203436, 0.045742996037, 0.0609108321369, 0.0915482491255, 0.0485217273235, 0.0286622140557, 0.0205406360328, 0.0136808231473, 0.0674767419696, 0.134916722775, 0.0578505769372, 0.0193588901311, 0.0108976121992, 0.0159338451922, 0.0363071002066]
    chords_histogram: [32.25806427, 0, 0, 0, 0, 0, 0, 0, 0, 0, 0, 0, 0, 0, 0, 0, 0, 0, 0, 42.8571434021, 6.45161294937, 7.8341012001, 10.5990781784, 0]
    thpcp: [1, 0.722757160664, 0.283430337906, 0.179126277566, 0.193809404969, 0.363796383142, 0.448458850384, 0.337016642094, 0.349687963724, 0.407449066639, 0.306064009666, 0.232341453433, 0.195606157184, 0.173511907458, 0.45540702343, 0.683912277222, 0.4191223979, 0.15925681591, 0.117250151932, 0.156257227063, 0.395690888166, 0.605433046818, 0.415589183569, 0.186662197113, 0.167565748096, 0.17142547667, 0.263880103827, 0.364797651768, 0.323436707258, 0.448825538158, 0.616887331009, 0.405468761921, 0.195632845163, 0.186262637377, 0.230347275734, 0.59356623888]
    chords_key: "D"
    chords_scale: "minor"
    key_key: "G"
    key_scale: "major"
    chords_progression: ["C", "C", "C", "C", "C", "C", "C", "C", "C", "C", "C", "C", "G", "G", "G", "G", "G", "G", "G", "G", "G", "G", "G", "G", "G", "G", "G", "G", "G", "G", "G", "G", "G", "G", "G", "G", "G", "G", "G", "G", "G", "G", "G", "G", "G", "G", "G", "G", "G", "G", "G", "G", "G", "G", "Dm", "Dm", "Dm", "Dm", "Dm", "Dm", "Dm", "Dm", "Dm", "Dm", "Dm", "Dm", "Dm", "Dm", "Dm", "Dm", "Dm", "Dm", "Dm", "Dm", "Dm", "Dm", "Dm", "Dm", "Dm", "Dm", "Dm", "Dm", "Dm", "Dm", "Dm", "Dm", "Dm", "Dm", "Dm", "Dm", "Dm", "F", "F", "F", "F", "F", "F", "F", "F", "F", "F", "F", "F", "F", "Dm", "F", "Am", "C", "C", "C", "C", "C", "C", "C", "G", "G", "G", "C", "C", "C", "C", "G", "G", "G", "G", "G", "G", "G", "G", "G", "G", "G", "G", "G", "G", "G", "G", "G", "G", "G", "G", "G", "G", "G", "G", "G", "Dm", "Dm", "Dm", "Dm", "Dm", "Dm", "Dm", "Dm", "Dm", "Dm", "Dm", "Dm", "Dm", "Dm", "Dm", "Dm", "Dm", "Dm", "Dm", "Dm", "Dm", "Dm", "Dm", "Dm", "Dm", "Dm", "Dm", "Dm", "Dm", "Dm", "Dm", "Dm", "Dm", "Dm", "Dm", "Dm", "Dm", "Dm", "Dm", "Dm", "Dm", "Dm", "Dm", "Dm", "Dm", "Dm", "Dm", "Dm", "Dm", "Dm", "Dm", "Dm", "Dm", "Dm", "Dm", "Am", "Am", "Am", "Am", "Am", "Am", "Am", "Am", "Am", "Am", "Am", "Am", "Am", "Am", "Am", "Am"]
