
metadata:
    version:
        essentia: "1.2.2"
    audio_properties:
        analysis_sample_rate: 44100
        bitrate: 128
        channels: 2
        equal_loudness: 1
        length: 10.0310201645
        replay_gain: -6.92311859131
        downmix: "mix"
    tags:
        track: 22
        year: 0
        album: "Splitted by Mp3Splt v. 2.1"
        artist: "From 003.30 To 003.40"
        comment: "http://mp3splt.sf.net"
        genre: ""
        title: "01 Black And Crazy Blues.mp3"

highlevel:
    ballroom:
        all:
            ChaChaCha: 0.00443071778864
            Jive: 0.00447419285774
            Quickstep: 0.00529331620783
            Rumba-American: 0.0166950058192
            Rumba-International: 0.499632775784
            Rumba-Misc: 0.234295919538
            Samba: 0.00408142153174
            Tango: 0.00698380731046
            VienneseWaltz: 0.0372874997556
            Waltz: 0.186825320125
        probability: 0.499632775784
        value: "Rumba-International"
    culture:
        all:
            non_western: 0.668200612068
            western: 0.331799417734
        probability: 0.668200612068
        value: "non_western"
    gender:
        all:
            female: 0.732581377029
            male: 0.267418652773
        probability: 0.732581377029
        value: "female"
    genre_dortmund:
        all:
            alternative: 0.248232498765
            blues: 0.00289206602611
            electronic: 0.399512946606
            folkcountry: 0.0386937335134
            funksoulrnb: 0.00805157609284
            jazz: 0.218032300472
            pop: 0.0593878440559
            raphiphop: 0.0018198400503
            rock: 0.0233772080392
        probability: 0.399512946606
        value: "electronic"
    genre_electronica:
        all:
            ambient: 0.997447907925
            dnb: 0.000237781991018
            house: 0.000671847723424
            techno: 0.000247594201937
            trance: 0.00139489315916
        probability: 0.997447907925
        value: "ambient"
    genre_rosamerica:
        all:
            cla: 0.359316110611
            dan: 0.0217023454607
            hip: 0.0099784238264
            jaz: 0.357864201069
            pop: 0.0356275178492
            rhy: 0.119070880115
            roc: 0.0897998213768
            spe: 0.0066406885162
        probability: 0.359316110611
        value: "cla"
    genre_tzanetakis:
        all:
            blu: 0.1307028234
            cla: 0.390514999628
            cou: 0.0297789704055
            dis: 0.0191389899701
            hip: 0.0160777401179
            jaz: 0.247479528189
            met: 0.0199808422476
            pop: 0.0538624785841
            reg: 0.0436163730919
            roc: 0.0488472618163
        probability: 0.390514999628
        value: "cla"
    live_studio:
        all:
            live: 0.450831413269
            studio: 0.549168586731
        probability: 0.549168586731
        value: "studio"
    mood:
        all:
            Cluster1: 0.299838215113
            Cluster2: 0.0375189930201
            Cluster3: 0.606504678726
            Cluster4: 0.0442221015692
            Cluster5: 0.0119160059839
        probability: 0.606504678726
        value: "Cluster3"
    mood_acoustic:
        all:
            acoustic: 0.405532389879
            not_acoustic: 0.594467639923
        probability: 0.594467639923
        value: "not_acoustic"
    mood_aggressive:
        all:
            aggressive: 1.74959841388e-05
            not_aggressive: 0.999982476234
        probability: 0.999982476234
        value: "not_aggressive"
    mood_electronic:
        all:
            electronic: 0.703037858009
            not_electronic: 0.296962141991
        probability: 0.703037858009
        value: "electronic"
    mood_happy:
        all:
            happy: 0.0663513243198
            not_happy: 0.933648705482
        probability: 0.933648705482
        value: "not_happy"
    mood_party:
        all:
            not_party: 0.98425334692
            party: 0.0157466623932
        probability: 0.98425334692
        value: "not_party"
    mood_relaxed:
        all:
            not_relaxed: 0.25936242938
            relaxed: 0.740637540817
        probability: 0.740637540817
        value: "relaxed"
    mood_sad:
        all:
            not_sad: 0.0326960757375
            sad: 0.967303931713
        probability: 0.967303931713
        value: "sad"
    rhythm:
        all:
            fast: 0.0011444556294
            medium: 0.343402206898
            slow: 0.655453324318
        probability: 0.655453324318
        value: "slow"
    speech_music:
        all:
            music: 0.999987661839
            speech: 1.23088348118e-05
        probability: 0.999987661839
        value: "music"
    timbre:
        all:
            bright: 0.220087200403
            dark: 0.779912829399
        probability: 0.779912829399
        value: "dark"
    voice_instrumental:
        all:
            instrumental: 0.995657861233
            voice: 0.00434212945402
        probability: 0.995657861233
        value: "instrumental"

lowlevel:
    average_loudness: 0.950611293316
    barkbands_kurtosis:
        dmean: 5.09753608704
        dmean2: 7.73057889938
        dvar: 34.1908836365
        dvar2: 73.7181015015
        max: 84.1652450562
        mean: 22.1400985718
        min: -0.325412034988
        var: 193.415344238
    barkbands_skewness:
        dmean: 0.521624624729
        dmean2: 0.756540179253
        dvar: 0.307430386543
        dvar2: 0.560930490494
        max: 8.60821247101
        mean: 4.21806430817
        min: 0.593683183193
        var: 1.95793533325
    barkbands_spread:
        dmean: 1.01672041416
        dmean2: 1.48366510868
        dvar: 1.60760223866
        dvar2: 2.98411726952
        max: 16.8506755829
        mean: 5.76076078415
        min: 1.49774062634
        var: 8.0961265564
    dissonance:
        dmean: 0.0223456118256
        dmean2: 0.0376677177846
        dvar: 0.000349744426785
        dvar2: 0.000994395813905
        max: 0.488157957792
        mean: 0.409781068563
        min: 0.320004165173
        var: 0.000759694725275
    hfc:
        dmean: 0.272092431784
        dmean2: 0.347201317549
        dvar: 0.244495600462
        dvar2: 0.420666694641
        max: 11.3084468842
        mean: 1.92484605312
        min: 0.00112289411481
        var: 0.821932077408
    pitch:
        dmean: 21.1120872498
        dmean2: 39.5166549683
        dvar: 2333.91918945
        dvar2: 4321.20166016
        max: 321.897796631
        mean: 233.499145508
        min: 86.9822463989
        var: 3205.98388672
    pitch_instantaneous_confidence:
        dmean: 0.0470687821507
        dmean2: 0.068869933486
        dvar: 0.00259265210479
        dvar2: 0.00527004571632
        max: 0.893014490604
        mean: 0.696348130703
        min: 0.435142576694
        var: 0.0125885084271
    pitch_salience:
        dmean: 0.0535598061979
        dmean2: 0.0733366161585
        dvar: 0.00231779483147
        dvar2: 0.00475260987878
        max: 0.69073343277
        mean: 0.349232256413
        min: 0.129085749388
        var: 0.0141508560628
    silence_rate_20dB:
        dmean: 0
        dmean2: 0
        dvar: 0
        dvar2: 0
        max: 1
        mean: 1
        min: 1
        var: 0
    silence_rate_30dB:
        dmean: 0
        dmean2: 0
        dvar: 0
        dvar2: 0
        max: 1
        mean: 1
        min: 1
        var: 0
    silence_rate_60dB:
        dmean: 0.0601851865649
        dmean2: 0.118329465389
        dvar: 0.0565627366304
        dvar2: 0.113609597087
        max: 1
        mean: 0.108545035124
        min: 0
        var: 0.0967638716102
    spectral_centroid:
        dmean: 25.6441440582
        dmean2: 36.9687805176
        dvar: 1348.44458008
        dvar2: 2251.76513672
        max: 876.899719238
        mean: 373.182495117
        min: 251.902267456
        var: 6176.70410156
    spectral_complexity:
        dmean: 0.812064945698
        dmean2: 1.39767444134
        dvar: 0.830111384392
        dvar2: 1.74650359154
        max: 10
        mean: 3.96527767181
        min: 0
        var: 1.78352248669
    spectral_crest:
        dmean: 1.45355248451
        dmean2: 1.9078322649
        dvar: 2.14202308655
        dvar2: 4.20952510834
        max: 25.7410755157
        mean: 20.789680481
        min: 9.35976982117
        var: 11.8230209351
    spectral_decrease:
        dmean: 1.4003202764e-10
        dmean2: 1.92165616753e-10
        dvar: 2.1222699942e-20
        dvar2: 4.20125356233e-20
        max: -7.02576343457e-13
        mean: -1.3477610139e-09
        min: -3.14507264676e-09
        var: 2.76429155808e-19
    spectral_energy:
        dmean: 0.000550620548893
        dmean2: 0.000752740248572
        dvar: 3.43723570495e-07
        dvar2: 6.70516328682e-07
        max: 0.0128959324211
        mean: 0.00526134297252
        min: 2.75352158496e-06
        var: 4.18453055318e-06
    spectral_energyband_high:
        dmean: 5.56263057661e-06
        dmean2: 8.6943828137e-06
        dvar: 1.58249469084e-10
        dvar2: 3.85442872064e-10
        max: 0.000162113748956
        mean: 1.63503664226e-05
        min: 2.6214175719e-08
        var: 2.64044647258e-10
    spectral_energyband_low:
        dmean: 8.25384995551e-05
        dmean2: 0.000136945338454
        dvar: 4.78486512634e-08
        dvar2: 1.27152588902e-07
        max: 0.00188065669499
        mean: 0.000131016844534
        min: 5.31420951688e-09
        var: 8.12818754525e-08
    spectral_energyband_middle_high:
        dmean: 0.000108049913251
        dmean2: 0.000133715511765
        dvar: 1.55599963136e-07
        dvar2: 2.24391044412e-07
        max: 0.00811371952295
        mean: 0.000323399202898
        min: 1.29735553855e-07
        var: 4.44970396529e-07
    spectral_energyband_middle_low:
        dmean: 0.000441827345639
        dmean2: 0.000620424281806
        dvar: 1.29415667516e-07
        dvar2: 2.8772669225e-07
        max: 0.0100740762427
        mean: 0.00479057431221
        min: 2.59224157162e-06
        var: 3.68190853806e-06
    spectral_flatness_db:
        dmean: 0.0114551810548
        dmean2: 0.0186835825443
        dvar: 0.000150708845467
        dvar2: 0.000264877831796
        max: 0.367617219687
        mean: 0.269846379757
        min: 0.156154483557
        var: 0.00144202716183
    spectral_flux:
        dmean: 0.00469803018495
        dmean2: 0.00745266769081
        dvar: 2.94770907203e-05
        dvar2: 6.9742098276e-05
        max: 0.0623230747879
        mean: 0.0148008232936
        min: 0.00165937386919
        var: 5.67733586649e-05
    spectral_kurtosis:
        dmean: 1.73838627338
        dmean2: 2.84428143501
        dvar: 4.06165552139
        dvar2: 9.46245765686
        max: 24.0890083313
        mean: 10.1829109192
        min: 1.17805528641
        var: 12.1037740707
    spectral_rms:
        dmean: 0.000121806777315
        dmean2: 0.000162907104823
        dvar: 1.58513397963e-08
        dvar2: 2.7414532866e-08
        max: 0.00354702654295
        mean: 0.00222409470007
        min: 5.18301312695e-05
        var: 1.86419299553e-07
    spectral_rolloff:
        dmean: 61.901714325
        dmean2: 108.667549133
        dvar: 20850.7695312
        dvar2: 38223.4960938
        max: 1765.72265625
        mean: 393.979125977
        min: 258.3984375
        var: 40788.8085938
    spectral_skewness:
        dmean: 0.197917059064
        dmean2: 0.319345742464
        dvar: 0.0589029677212
        dvar2: 0.137299209833
        max: 3.9822010994
        mean: 2.68620204926
        min: 1.28036177158
        var: 0.163422584534
    spectral_spread:
        dmean: 434129.15625
        dmean2: 679665.125
        dvar: 1.08381424845e+12
        dvar2: 1.60411287552e+12
        max: 20745948
        mean: 4509819.5
        min: 2517104.75
        var: 1.67982491238e+12
    spectral_strongpeak:
        dmean: 0.0545871444046
        dmean2: 0.0930376425385
        dvar: 0.0280372966081
        dvar2: 0.0732491910458
        max: 2.7403614521
        mean: 0.659660577774
        min: 0.00400704983622
        var: 0.0485003069043
    zerocrossingrate:
        dmean: 0.00284132105298
        dmean2: 0.00372910615988
        dvar: 8.70028452482e-06
        dvar2: 1.35251957545e-05
        max: 0.05078125
        mean: 0.0209972243756
        min: 0.0107421875
        var: 4.85452364956e-05
    barkbands:
        dmean: [3.0168607168e-08, 5.78619474254e-05, 3.72703616449e-05, 1.6283691366e-05, 0.000321421975968, 8.86223569978e-05, 0.000179197319085, 3.53530485881e-05, 1.91110411834e-05, 4.59889306512e-05, 1.49348652485e-05, 2.89568815788e-05, 1.44642144733e-05, 7.25220706954e-06, 1.67193047673e-05, 4.49400931757e-06, 9.04794706003e-06, 4.89703006679e-06, 9.41123471421e-06, 5.96958261667e-06, 3.44265731655e-06, 1.00262650449e-06, 5.51362006718e-07, 1.73069096832e-07, 1.12582817735e-07, 1.33921815859e-08, 1.86095372445e-09]
        dmean2: [4.05322495567e-08, 9.58139062277e-05, 6.08484770055e-05, 2.55912109424e-05, 0.000465829332825, 0.000151654414367, 0.000219314781134, 6.23219457339e-05, 2.88414430543e-05, 5.3622359701e-05, 2.40671943175e-05, 3.82224534405e-05, 2.07706834772e-05, 1.10177788883e-05, 2.29377710639e-05, 7.04254671291e-06, 1.46023312482e-05, 7.70103179093e-06, 1.55621200975e-05, 1.01849309431e-05, 5.4504594118e-06, 1.76263961293e-06, 1.0021262824e-06, 2.9738399121e-07, 1.88436672488e-07, 1.97774472355e-08, 2.02122629744e-09]
        dvar: [5.54778187907e-14, 2.94969950687e-08, 1.11421591953e-08, 1.64750324494e-09, 8.46804866228e-08, 2.72903317722e-08, 4.56686670702e-08, 6.22128037975e-09, 2.60990229428e-09, 9.27720691379e-08, 6.09527206485e-10, 8.48655279384e-09, 4.71337024965e-10, 1.25144533625e-10, 7.74644171031e-09, 1.61658741948e-11, 4.07565731164e-10, 8.79400441356e-11, 2.30337485196e-10, 5.60995173926e-11, 4.48830174415e-11, 1.83038671026e-11, 4.70669943992e-12, 4.07079399486e-13, 2.37207118097e-13, 1.75999830385e-15, 1.18004119761e-15]
        dvar2: [5.8658230996e-14, 7.72690285089e-08, 3.16865893524e-08, 4.42304459725e-09, 1.97631095489e-07, 8.05839803775e-08, 8.8067707793e-08, 1.7885112058e-08, 5.34497335281e-09, 1.19126852383e-07, 1.32031385824e-09, 1.35004318835e-08, 8.3621770619e-10, 2.71083461234e-10, 1.52215662297e-08, 3.69599385819e-11, 1.1398755273e-09, 2.10318679139e-10, 5.19200904492e-10, 1.49184400944e-10, 9.1248113232e-11, 5.20001160187e-11, 1.37084206833e-11, 1.06059150178e-12, 6.60601402139e-13, 2.65867252056e-15, 1.18256355585e-15]
        max: [4.81599136037e-06, 0.00157467555255, 0.00128092383966, 0.000472074811114, 0.00962290260941, 0.00272395461798, 0.00262972316705, 0.000773890467826, 0.000623023486696, 0.00625315587968, 0.000380647776183, 0.00119123258628, 0.000244869792368, 0.000108888219984, 0.00181741605047, 5.33603197255e-05, 0.000314839242492, 0.000118077383377, 0.000189396756468, 7.80053669587e-05, 8.52683879202e-05, 4.89873455081e-05, 1.77966030606e-05, 6.92484036335e-06, 7.15424675946e-06, 7.00281816535e-07, 7.14258305834e-07]
        mean: [4.23303454511e-08, 7.8765428043e-05, 5.22167101735e-05, 2.06315653486e-05, 0.00409467145801, 0.000205425923923, 0.000380447803764, 4.53074644611e-05, 3.93988520955e-05, 8.84159526322e-05, 3.35272779921e-05, 5.52672281628e-05, 2.77242070297e-05, 1.26971490317e-05, 3.02947482851e-05, 1.73707539943e-05, 2.05581563932e-05, 1.07263349491e-05, 2.19601006393e-05, 1.4253543668e-05, 8.73716635397e-06, 1.48666936184e-06, 7.93886613337e-07, 3.57225161451e-07, 2.33724236409e-07, 3.80323577076e-08, 1.97109439881e-09]
        min: [5.14932402274e-11, 3.6177078e-10, 4.89980545026e-09, 4.48511912055e-08, 2.16208809434e-06, 2.26577284934e-07, 1.62183244612e-08, 7.89579388538e-08, 2.27144614229e-09, 7.57895168846e-09, 2.97693847351e-09, 2.59567456418e-09, 6.2370126841e-09, 1.26751553697e-09, 1.31361268529e-08, 1.96426750421e-08, 2.14191917536e-08, 2.77574319085e-08, 2.10609059081e-08, 1.01944319653e-08, 1.6988016327e-08, 2.17811990666e-09, 1.64529034841e-09, 6.22918494564e-10, 1.03713715394e-09, 2.17677070813e-10, 1.20119495947e-11]
        var: [5.76347441452e-14, 4.41535981111e-08, 1.18583685094e-08, 1.90878624018e-09, 3.7752706703e-06, 5.19130196608e-08, 1.87162967791e-07, 5.046038698e-09, 6.83520795519e-09, 2.76167298807e-07, 1.33908872879e-09, 2.39924791146e-08, 1.14374831828e-09, 2.24441173979e-10, 1.22932553026e-08, 6.11099643111e-11, 6.22567108977e-10, 1.13257341006e-10, 4.64727756277e-10, 1.08028079537e-10, 1.13865715468e-10, 1.18457318607e-11, 3.24445656973e-12, 4.08879690088e-13, 1.8815350211e-13, 2.32456355089e-15, 1.17722407191e-15]
    mfcc:
        mean: [-797.876159668, 154.68182373, -27.8126659393, 40.3538398743, -12.0100059509, -12.4550924301, -10.9723939896, -25.5874156952, -20.6374473572, -20.8571414948, -21.4995040894, -10.9158248901, 2.15217375755]
        cov: [[866.167907715, -57.1975364685, 193.676208496, 35.7377357483, 1.99656748772, 109.237213135, 108.283981323, 91.906539917, 87.0881195068, 90.9795074463, 69.7041091919, 45.9793319702, 24.1625480652], [-57.1975364685, 304.53414917, -53.5999679565, 34.4176368713, 56.9192619324, 27.0251502991, 50.5352325439, 37.1345252991, 34.1732444763, 6.20003843307, 13.8777198792, 27.3746013641, 14.0880174637], [193.676208496, -53.5999679565, 271.938720703, 113.324729919, 64.5941925049, 92.5325698853, 67.4462509155, 87.0762481689, 74.3638687134, 68.9540252686, 70.8581161499, 44.8780403137, 47.6177444458], [35.7377357483, 34.4176368713, 113.324729919, 113.063339233, 56.3132476807, 54.7119407654, 60.8076591492, 48.5080070496, 45.3034820557, 31.6175460815, 26.1567611694, 24.6243171692, 28.2811222076], [1.99656748772, 56.9192619324, 64.5941925049, 56.3132476807, 125.984474182, 82.6385040283, 49.3636741638, 60.9835624695, 44.875125885, 36.6023368835, 54.3815574646, 27.5219287872, 27.9891853333], [109.237213135, 27.0251502991, 92.5325698853, 54.7119407654, 82.6385040283, 124.745803833, 88.0489807129, 67.914932251, 53.0212593079, 38.9273796082, 47.3771896362, 17.9995689392, 7.10210227966], [108.283981323, 50.5352325439, 67.4462509155, 60.8076591492, 49.3636741638, 88.0489807129, 120.603050232, 67.8574981689, 50.6365737915, 26.3690128326, 20.9363822937, 11.67233181, -1.30588364601], [91.906539917, 37.1345252991, 87.0762481689, 48.5080070496, 60.9835624695, 67.914932251, 67.8574981689, 87.7163772583, 60.500164032, 28.4317150116, 35.3604736328, 15.5416250229, 11.8132591248], [87.0881195068, 34.1732444763, 74.3638687134, 45.3034820557, 44.875125885, 53.0212593079, 50.6365737915, 60.500164032, 83.8132705688, 34.8457946777, 23.5557556152, 3.8209104538, -3.76577877998], [90.9795074463, 6.20003843307, 68.9540252686, 31.6175460815, 36.6023368835, 38.9273796082, 26.3690128326, 28.4317150116, 34.8457946777, 62.1446342468, 45.9536056519, 8.39568138123, 3.04928898811], [69.7041091919, 13.8777198792, 70.8581161499, 26.1567611694, 54.3815574646, 47.3771896362, 20.9363822937, 35.3604736328, 23.5557556152, 45.9536056519, 85.7410583496, 36.6092987061, 20.7370891571], [45.9793319702, 27.3746013641, 44.8780403137, 24.6243171692, 27.5219287872, 17.9995689392, 11.67233181, 15.5416250229, 3.8209104538, 8.39568138123, 36.6092987061, 57.9295005798, 35.4237365723], [24.1625480652, 14.0880174637, 47.6177444458, 28.2811222076, 27.9891853333, 7.10210227966, -1.30588364601, 11.8132591248, -3.76577877998, 3.04928898811, 20.7370891571, 35.4237365723, 64.6680450439]]
        icov: [[0.00211134273559, 0.00051586230984, -0.000134608490043, 0.00168791320175, 0.00272631202824, -0.00153040944133, -0.00108139344957, -0.0010635323124, -0.00115803279914, -0.00317404582165, 0.000812362530269, -0.00189769431017, -0.00151853461284], [0.00051586230984, 0.00572056183591, 0.00484613934532, -0.00226198649034, 0.000131151711685, 0.000259941734839, -0.00143069622573, -0.00240172375925, -0.00264443829656, -0.00239128479734, 0.000531511788722, -0.00382352224551, -0.00181086279918], [-0.000134608490043, 0.00484613934532, 0.0161910932511, -0.0107394754887, 0.00692249229178, -0.00620643189177, 0.00486236670986, -0.00932653527707, -0.00306327245198, -0.00754286115989, -0.000809741904959, -0.00468083564192, -0.00574255129322], [0.00168791320175, -0.00226198649034, -0.0107394754887, 0.025777278468, -0.00593737699091, 0.00443947501481, -0.0108814015985, 0.006768301595, -0.00366414012387, -0.00249770376831, 0.0050157061778, -0.0012855026871, -0.00387682858855], [0.00272631202824, 0.000131151711685, 0.00692249229178, -0.00593737699091, 0.0274805035442, -0.0164299365133, 0.00710848392919, -0.0110661471263, -0.00252338964492, -0.0075642564334, -0.00373525684699, -0.00255803950131, -0.00866367761046], [-0.00153040944133, 0.000259941734839, -0.00620643189177, 0.00443947501481, -0.0164299365133, 0.0325433053076, -0.0172413550317, 0.00426348205656, -0.000343665713444, 0.00506105879322, -0.00558068556711, 0.00379048055038, 0.00500835804269], [-0.00108139344957, -0.00143069622573, 0.00486236670986, -0.0108814015985, 0.00710848392919, -0.0172413550317, 0.029391232878, -0.0151070207357, 0.00354290497489, -0.00283167744055, 0.00544048659503, -0.00358468410559, 0.0046230177395], [-0.0010635323124, -0.00240172375925, -0.00932653527707, 0.006768301595, -0.0110661471263, 0.00426348205656, -0.0151070207357, 0.0448565706611, -0.0168887134641, 0.0129869272932, -0.00798064190894, 0.00685406522825, -0.00214097020216], [-0.00115803279914, -0.00264443829656, -0.00306327245198, -0.00366414012387, -0.00252338964492, -0.000343665713444, 0.00354290497489, -0.0168887134641, 0.032565895468, -0.00768577633426, 0.00534683372825, 0.00132173916791, 0.00897363107651], [-0.00317404582165, -0.00239128479734, -0.00754286115989, -0.00249770376831, -0.0075642564334, 0.00506105879322, -0.00283167744055, 0.0129869272932, -0.00768577633426, 0.0461422279477, -0.0228765252978, 0.0146947717294, 0.00530487252399], [0.000812362530269, 0.000531511788722, -0.000809741904959, 0.0050157061778, -0.00373525684699, -0.00558068556711, 0.00544048659503, -0.00798064190894, 0.00534683372825, -0.0228765252978, 0.0357670895755, -0.018665580079, 0.00192593457177], [-0.00189769431017, -0.00382352224551, -0.00468083564192, -0.0012855026871, -0.00255803950131, 0.00379048055038, -0.00358468410559, 0.00685406522825, 0.00132173916791, 0.0146947717294, -0.018665580079, 0.040535826236, -0.0119177801535], [-0.00151853461284, -0.00181086279918, -0.00574255129322, -0.00387682858855, -0.00866367761046, 0.00500835804269, 0.0046230177395, -0.00214097020216, 0.00897363107651, 0.00530487252399, 0.00192593457177, -0.0119177801535, 0.032216694206]]
    spectral_contrast:
        mean: [3.75029820532e-08, -6.74415502999e-07, -1.36265583706e-07, 2.72049675232e-07, -2.34348348727e-07, 2.59356085053e-07, -1.87326907053e-06, 1.11641429612e-06, -3.47486798091e-06, -2.05691208066e-06, -4.4961493586e-06, -2.21144273382e-06]
        var: [0.000161823423696, 0.000457179965451, 0.000545677030459, 0.00101443484891, 0.00271078245714, 0.00335712265223, 0.0354572758079, 0.0481991916895, 0.136358097196, 0.195453107357, 0.317700207233, 0.960513651371]

rhythm:
    beats_loudness:
        dmean: 0.00137951143552
        dmean2: 0.00245160609484
        dvar: 1.3705141555e-06
        dvar2: 2.16795115193e-06
        max: 0.0102336583659
        mean: 0.00563465198502
        min: 0.0033215675503
        var: 4.32665547123e-06
    beats_loudness_bass:
        dmean: 0.0900387689471
        dmean2: 0.185562431812
        dvar: 0.0112337246537
        dvar2: 0.0264625903219
        max: 0.299856543541
        mean: 0.0535020790994
        min: 8.61843072926e-05
        var: 0.0077622612007
    bpm: 102.149452209
    bpm_confidence: 0
    first_peak_bpm: 103
    first_peak_spread: 0.399999976158
    first_peak_weight: 0.5625
    onset_rate: 3.88793945312
    second_peak_bpm: 89
    second_peak_spread: 0
    second_peak_weight: 0.0625
    beats_position: [0.261668115854, 0.846019685268, 1.43037128448, 2.0147228241, 2.59907460213, 3.18342614174, 3.76777768135, 4.35212945938, 4.93648099899, 5.5208325386, 6.19208812714, 6.78382349014, 7.37555885315, 7.96729421616, 8.55902862549, 9.15076541901, 9.7424993515]
    bpm_estimates: [102.682609558, 102.359008789, 104.01121521, 102.510536194, 102.376808167, 102.417892456, 102.408004761, 103.180717468, 101.181739807, 100.351837158, 101.3228302, 100.990074158]
    bpm_intervals: [0.584351539612, 0.584351599216, 0.584351539612, 0.58435177803, 0.584351539612, 0.584351539612, 0.58435177803, 0.584351539612, 0.584351539612, 0.671255588531, 0.591735363007, 0.591735363007, 0.591735363007, 0.591734409332, 0.591736793518, 0.591733932495]
    onset_times: [0.0464399084449, 0.197369620204, 0.545668959618, 0.743038535118, 0.917188227177, 1.06811785698, 1.31192743778, 1.42802715302, 1.84598636627, 2.04335594177, 2.21750569344, 2.42648530006, 2.5890250206, 2.80961441994, 3.13469386101, 3.33206343651, 3.56426310539, 3.73841261864, 4.13315200806, 4.31891155243, 4.51628112793, 4.67882108688, 4.86458063126, 5.23609972, 5.4334692955, 5.630838871, 5.78176879883, 5.93269824982, 6.08362817764, 6.7570066452, 7.34911584854, 8.38240337372, 8.48689365387, 8.52172374725, 9.46213150024, 9.50857162476, 9.65950107574, 9.74077129364, 9.90331077576]
    rubato_start: []
    rubato_stop: []
    perceptual_tempo: "unknown"

sfx:
    inharmonicity:
        dmean: 0.0227790959179
        dmean2: 0.0417470037937
        dvar: 0.00247834040783
        dvar2: 0.00699770124629
        max: 0.369295865297
        mean: 0.0195803716779
        min: 1.99166843231e-05
        var: 0.00218289229088
    oddtoevenharmonicenergyratio:
        dmean: 13.8682603836
        dmean2: 27.1493663788
        dvar: 3156.34448242
        dvar2: 9595.36523438
        max: 668.69317627
        mean: 7.85686254501
        min: 0.000578860461246
        var: 1666.03918457
    pitch_after_max_to_before_max_energy_ratio: 4.1373667717
    pitch_centroid: 215.182342529
    pitch_max_to_total: 0.152777776122
    pitch_min_to_total: 0.340277791023
    tristimulus:
        dmean: [0.156554222107, 0.158369258046, 0.029274744913]
        dmean2: [0.287120461464, 0.289464861155, 0.0519208535552]
        dvar: [0.0570555143058, 0.0552505254745, 0.00175586284604]
        dvar2: [0.159076422453, 0.153609231114, 0.00479169096798]
        max: [0.962063550949, 0.968052506447, 0.358726620674]
        mean: [0.622207522392, 0.336149096489, 0.0376244969666]
        min: [0.00824068579823, 0, 0]
        var: [0.098036468029, 0.0891718864441, 0.00175997393671]

tonal:
    chords_changes_rate: 0.055299539119
    chords_number_rate: 0.0322580635548
    chords_strength:
        dmean: 0.00601165974513
        dmean2: 0.0052634193562
        dvar: 2.48981687037e-05
        dvar2: 2.32076636166e-05
        max: 0.605717301369
        mean: 0.470637798309
        min: 0.312743216753
        var: 0.0058661121875
    key_strength: 0.432119637728
    tuning_diatonic_strength: 0.295957833529
    tuning_equal_tempered_deviation: 0.285074174404
    tuning_frequency: 451.065460205
    tuning_nontempered_energy_ratio: 0.915214180946
    hpcp:
        dmean: [0.031011056155, 0.013529099524, 0.0419976375997, 0.0180816687644, 0.0317462719977, 0.0226699244231, 0.0154819870368, 0.0575713813305, 0.0139597486705, 0.0503799393773, 0.0128712104633, 0.00610547885299, 0.00535074528307, 0.0107357250527, 0.0159392822534, 0.00833013188094, 0.0138570358977, 0.0202805753797, 0.00963339116424, 0.0143557246774, 0.0224825069308, 0.0172689557076, 0.0105672972277, 0.00890297722071, 0.0051269470714, 0.00379886920564, 0.00549921020865, 0.00537668168545, 0.00696650147438, 0.0113233868033, 0.00712940096855, 0.00256990641356, 0.00335499527864, 0.00501143373549, 0.0551327392459, 0.0819932743907]
        dmean2: [0.044570390135, 0.0208983961493, 0.0674305483699, 0.0315115042031, 0.0470541492105, 0.036634337157, 0.0264445710927, 0.0944857671857, 0.0207137409598, 0.0810419544578, 0.0225891172886, 0.0107428738847, 0.0095285018906, 0.0156789906323, 0.0227149948478, 0.0123511916026, 0.0199708435684, 0.0285210423172, 0.0163750164211, 0.0214390270412, 0.0369200892746, 0.0298721175641, 0.0182186793536, 0.0139948818833, 0.00869120471179, 0.00637913355604, 0.00930961314589, 0.0100679723546, 0.0107357697561, 0.0165150091052, 0.0117208845913, 0.00432073744014, 0.00630139932036, 0.00830500107259, 0.0819943249226, 0.119910158217]
        dvar: [0.00235164561309, 0.00176907179412, 0.0115468995646, 0.00983478780836, 0.00628642737865, 0.0090570980683, 0.00733889639378, 0.0123405689374, 0.00800552219152, 0.00761750759557, 0.000498655659612, 0.000250432756729, 0.000111157773063, 0.000727451697458, 0.00190813990775, 0.000345782493241, 0.00185205263551, 0.00529473414645, 0.00139125122223, 0.00125790538732, 0.00222266418859, 0.00161816622131, 0.00179556000512, 0.00154875509907, 0.000255972379819, 0.000110349275928, 0.000330148235662, 0.000341256149113, 0.000524468079675, 0.00136821344495, 0.000489018275402, 4.82032955915e-05, 0.000230512552662, 0.000147419486893, 0.00749446451664, 0.0172043908387]
        dvar2: [0.00382672552951, 0.00341376196593, 0.0280026607215, 0.0223329719156, 0.00912191346288, 0.0173188969493, 0.012723967433, 0.0308691244572, 0.0103360367939, 0.0176289808005, 0.0014860231895, 0.000733605003916, 0.000318659265758, 0.00143562140875, 0.00396261736751, 0.000736362766474, 0.00305271451361, 0.0101745137945, 0.00266670645215, 0.00367345148697, 0.00587364472449, 0.00437545077875, 0.00482988357544, 0.00378940626979, 0.000631115864962, 0.000269309733994, 0.000851980876178, 0.000767477788031, 0.000941594189499, 0.00300057488494, 0.00126254616771, 0.000148908424308, 0.000776842120104, 0.000433123146649, 0.0146502628922, 0.031183000654]
        max: [0.480295538902, 0.531543016434, 1, 1, 1, 1, 1, 1, 1, 0.901577413082, 0.164947167039, 0.129101589322, 0.0731593742967, 0.255447864532, 0.423918932676, 0.195796832442, 0.582580685616, 1, 0.449039310217, 0.391979724169, 0.44467201829, 0.296780467033, 0.385066926479, 0.355097353458, 0.165718153119, 0.112644597888, 0.183585390449, 0.188771367073, 0.396073967218, 0.549283564091, 0.205140531063, 0.0516674779356, 0.138871446252, 0.11676466465, 0.52324795723, 1]
        mean: [0.0455326251686, 0.0195247810334, 0.245457187295, 0.385138064623, 0.174127995968, 0.0708274394274, 0.0760733783245, 0.248304501176, 0.550352394581, 0.337751805782, 0.0162349771708, 0.0053434735164, 0.00607072375715, 0.0148599958047, 0.0210377108306, 0.0131891304627, 0.0210322439671, 0.0257579814643, 0.0136583521962, 0.029190922156, 0.0421888493001, 0.0217145178467, 0.00891658477485, 0.00900135096163, 0.005345845595, 0.0051884856075, 0.00668478570879, 0.00637619569898, 0.0128375031054, 0.01732368581, 0.00897492002696, 0.00336408964358, 0.00329454010352, 0.00490189157426, 0.0683168917894, 0.108379200101]
        min: [0, 0, 0, 0.000189509228221, 0.000345240463503, 0.000313657656079, 0.000397537631216, 0, 0, 0, 0.00015614349104, 0.000203748248168, 0.000359303201549, 0.000499582733028, 0.00154202990234, 0.00122561759781, 0.000152725042426, 0, 0, 0, 0, 8.87725909706e-05, 1.31778870127e-05, 0.00011370676657, 8.59279971337e-05, 0, 6.67976280511e-07, 0.000120762510051, 0.00025232770713, 9.18390214792e-05, 0, 0, 0, 0, 0, 0]
        var: [0.00500815035775, 0.00239541614428, 0.095989651978, 0.229866504669, 0.0447597205639, 0.0460213236511, 0.0615411251783, 0.0483809150755, 0.243305638433, 0.0983900353312, 0.000560999615118, 0.000185840530321, 8.48368363222e-05, 0.0010094253812, 0.00248013203964, 0.000525390380062, 0.00356478733011, 0.00780166126788, 0.0019708822947, 0.0017009107396, 0.00261068833061, 0.00132405525073, 0.00133045820985, 0.0015248672571, 0.000287511589704, 0.0002408324508, 0.000429915467976, 0.000365939136827, 0.00165309838485, 0.0032904362306, 0.000607078021858, 4.11682813137e-05, 0.000122883880977, 0.00011302204075, 0.0119696371257, 0.0303013753146]
    chords_histogram: [0, 44.7004623413, 0, 3.22580647469, 4.60829496384, 0, 0, 0, 0, 0, 17.5115203857, 15.2073736191, 0, 0, 0, 0, 0, 0, 4.14746522903, 10.5990781784, 0, 0, 0, 0]
    thpcp: [1, 0.613700985909, 0.0294992402196, 0.00970918592066, 0.0110306125134, 0.0270008742809, 0.0382258929312, 0.023964881897, 0.038215957582, 0.0468027070165, 0.0248174667358, 0.0530404187739, 0.0766578838229, 0.0394556634128, 0.0162015911192, 0.0163556132466, 0.00971349608153, 0.00942756980658, 0.0121463732794, 0.0115856602788, 0.0233259685338, 0.0314774438739, 0.0163075886667, 0.00611260998994, 0.00598623743281, 0.00890682358295, 0.124132998288, 0.196926921606, 0.08273357898, 0.0354768708348, 0.446000039577, 0.6998026371, 0.316393643618, 0.128694698215, 0.138226673007, 0.451173663139]
    chords_key: "G#"
    chords_scale: "minor"
    key_key: "E"
    key_scale: "major"
    chords_progression: ["Bm", "Bm", "Bm", "Bm", "Bm", "Bm", "Bm", "Bm", "Bm", "Bm", "Bm", "Bm", "Bm", "Bm", "Bm", "Bm", "Bm", "Bm", "Bm", "Bm", "Bm", "Bm", "Bm", "G#m", "G#m", "G#m", "G#m", "G#m", "G#m", "G#m", "G#m", "G#m", "G#m", "G#m", "G#m", "G#m", "G#m", "G#m", "G#m", "G#m", "G#m", "G#m", "G#m", "G#m", "G#m", "G#m", "G#m", "G#m", "G#m", "G#m", "G#m", "G#m", "G#m", "G#m", "G#m", "G#m", "G#m", "G#m", "G#m", "G#m", "G#m", "G#m", "G#m", "G#m", "G#m", "G#m", "G#m", "G#m", "G#m", "G#m", "G#m", "G#m", "G#m", "G#m", "G#m", "G#m", "G#m", "G#m", "G#m", "G#m", "G#m", "G#m", "G#m", "G#m", "G#m", "G#m", "G#m", "G#m", "G#m", "G#m", "G#m", "G#m", "G#m", "G#m", "G#m", "G#m", "G#m", "G#m", "G#m", "G#m", "G#m", "G#m", "G#m", "G#m", "G#m", "G#m", "G#m", "G#m", "G#m", "G#m", "G#m", "G#m", "G#m", "G#m", "G#m", "G#m", "G#m", "G#m", "G#m", "G#m", "G", "G", "G", "G", "G", "G", "G", "G", "G", "F#", "F#", "F#", "F#", "F#", "F#", "F#", "F#", "F#", "F#", "Gm", "Gm", "Gm", "Gm", "Gm", "Gm", "Gm", "Gm", "Gm", "Gm", "Gm", "Gm", "Gm", "Gm", "Gm", "Gm", "Gm", "Gm", "Gm", "Gm", "Gm", "D#", "D#", "D#", "Gm", "Gm", "Gm", "Gm", "Gm", "Gm", "Gm", "Gm", "Gm", "Gm", "Gm", "Gm", "D#m", "D#m", "D#m", "D#m", "D#", "D#", "D#", "D#", "D#", "D#", "D#", "D#", "D#", "D#", "D#", "D#", "D#", "D#", "D#", "D#", "D#", "D#", "D#", "D#", "D#", "D#", "D#", "D#", "D#", "D#", "D#", "D#", "D#", "D#", "D#", "D#m", "D#", "D#m", "D#m", "D#", "D#", "D#"]
