
metadata:
    version:
        essentia: "1.2.2"
    audio_properties:
        analysis_sample_rate: 44100
        bitrate: 128
        channels: 2
        equal_loudness: 1
        length: 10.0310201645
        replay_gain: -7.16208076477
        downmix: "mix"
    tags:
        track: 26
        year: 0
        album: "Splitted by Mp3Splt v. 2.1"
        artist: "From 004.10 To 004.20"
        comment: "http://mp3splt.sf.net"
        genre: ""
        title: "04 Inertia Creeps.mp3"

highlevel:
    ballroom:
        all:
            ChaChaCha: 0.0197159275413
            Jive: 0.501000225544
            Quickstep: 0.106737188995
            Rumba-American: 0.0028133308515
            Rumba-International: 0.00509806955233
            Rumba-Misc: 0.0076564331539
            Samba: 0.0318669714034
            Tango: 0.0175784304738
            VienneseWaltz: 0.289173692465
            Waltz: 0.018359715119
        probability: 0.501000225544
        value: "Jive"
    culture:
        all:
            non_western: 0.0780602544546
            western: 0.921939730644
        probability: 0.921939730644
        value: "western"
    gender:
        all:
            female: 0.587478876114
            male: 0.412521153688
        probability: 0.587478876114
        value: "female"
    genre_dortmund:
        all:
            alternative: 0.21608582139
            blues: 0.00379976071417
            electronic: 0.380765914917
            folkcountry: 0.0590741448104
            funksoulrnb: 0.0325189642608
            jazz: 0.00503865117207
            pop: 0.0495786108077
            raphiphop: 0.00525314966217
            rock: 0.247884988785
        probability: 0.380765914917
        value: "electronic"
    genre_electronica:
        all:
            ambient: 0.372479259968
            dnb: 0.0854386538267
            house: 0.00839132163674
            techno: 0.00868168938905
            trance: 0.525009095669
        probability: 0.525009095669
        value: "trance"
    genre_rosamerica:
        all:
            cla: 0.161323547363
            dan: 0.0209549088031
            hip: 0.00824586488307
            jaz: 0.011931784451
            pop: 0.025228753686
            rhy: 0.00965916737914
            roc: 0.759155273438
            spe: 0.00350068765692
        probability: 0.759155273438
        value: "roc"
    genre_tzanetakis:
        all:
            blu: 0.0306548438966
            cla: 0.135934084654
            cou: 0.0396572872996
            dis: 0.0828536599874
            hip: 0.0142215816304
            jaz: 0.0274258609861
            met: 0.143763706088
            pop: 0.154102414846
            reg: 0.0254613738507
            roc: 0.345925182104
        probability: 0.345925182104
        value: "roc"
    live_studio:
        all:
            live: 0.290403544903
            studio: 0.709596455097
        probability: 0.709596455097
        value: "studio"
    mood:
        all:
            Cluster1: 0.370551168919
            Cluster2: 0.14272685349
            Cluster3: 0.00986730773002
            Cluster4: 0.0778640136123
            Cluster5: 0.398990660906
        probability: 0.398990660906
        value: "Cluster5"
    mood_acoustic:
        all:
            acoustic: 0.0370220579207
            not_acoustic: 0.962977945805
        probability: 0.962977945805
        value: "not_acoustic"
    mood_aggressive:
        all:
            aggressive: 0.996185898781
            not_aggressive: 0.00381408119574
        probability: 0.996185898781
        value: "aggressive"
    mood_electronic:
        all:
            electronic: 0.64290946722
            not_electronic: 0.35709053278
        probability: 0.64290946722
        value: "electronic"
    mood_happy:
        all:
            happy: 0.37609604001
            not_happy: 0.623903989792
        probability: 0.623903989792
        value: "not_happy"
    mood_party:
        all:
            not_party: 0.292896687984
            party: 0.707103312016
        probability: 0.707103312016
        value: "party"
    mood_relaxed:
        all:
            not_relaxed: 0.684757769108
            relaxed: 0.315242230892
        probability: 0.684757769108
        value: "not_relaxed"
    mood_sad:
        all:
            not_sad: 0.966591477394
            sad: 0.0334085449576
        probability: 0.966591477394
        value: "not_sad"
    rhythm:
        all:
            fast: 0.427619487047
            medium: 0.526000678539
            slow: 0.0463798455894
        probability: 0.526000678539
        value: "medium"
    speech_music:
        all:
            music: 0.781612098217
            speech: 0.218387886882
        probability: 0.781612098217
        value: "music"
    timbre:
        all:
            bright: 0.0737753361464
            dark: 0.926224648952
        probability: 0.926224648952
        value: "dark"
    voice_instrumental:
        all:
            instrumental: 0.519284069538
            voice: 0.48071590066
        probability: 0.519284069538
        value: "instrumental"

lowlevel:
    average_loudness: 0.980761766434
    barkbands_kurtosis:
        dmean: 0.351231753826
        dmean2: 0.567026734352
        dvar: 0.134791210294
        dvar2: 0.335557878017
        max: 2.17424488068
        mean: -0.585726261139
        min: -1.66268420219
        var: 0.322799324989
    barkbands_skewness:
        dmean: 0.239395961165
        dmean2: 0.371303856373
        dvar: 0.0368034951389
        dvar2: 0.0896859094501
        max: 1.21550357342
        mean: 0.0182579439133
        min: -1.68585717678
        var: 0.227544814348
    barkbands_spread:
        dmean: 2.40654730797
        dmean2: 3.87860894203
        dvar: 3.8826212883
        dvar2: 10.0872974396
        max: 39.0211181641
        mean: 19.6046791077
        min: 9.60870170593
        var: 19.6661090851
    dissonance:
        dmean: 0.0119024375454
        dmean2: 0.0209353268147
        dvar: 0.000161823467351
        dvar2: 0.000389370659832
        max: 0.499963343143
        mean: 0.484150409698
        min: 0.361873775721
        var: 0.000187687124708
    hfc:
        dmean: 1.95807135105
        dmean2: 2.63932752609
        dvar: 4.58265304565
        dvar2: 9.3548746109
        max: 50.3159179688
        mean: 9.32619762421
        min: 0.855798244476
        var: 48.5125923157
    pitch:
        dmean: 263.97668457
        dmean2: 491.958740234
        dvar: 355005.46875
        dvar2: 761599
        max: 4900
        mean: 533.810668945
        min: 70.7865142822
        var: 998360.875
    pitch_instantaneous_confidence:
        dmean: 0.0616990476847
        dmean2: 0.0946688577533
        dvar: 0.0027333854232
        dvar2: 0.00620544608682
        max: 0.628976106644
        mean: 0.310623764992
        min: 0.148670077324
        var: 0.00843751151115
    pitch_salience:
        dmean: 0.0366869084537
        dmean2: 0.060418561101
        dvar: 0.000834601116367
        dvar2: 0.00208623474464
        max: 0.836430430412
        mean: 0.729076385498
        min: 0.584575474262
        var: 0.00217295018956
    silence_rate_20dB:
        dmean: 0
        dmean2: 0
        dvar: 0
        dvar2: 0
        max: 1
        mean: 1
        min: 1
        var: 0
    silence_rate_30dB:
        dmean: 0
        dmean2: 0
        dvar: 0
        dvar2: 0
        max: 1
        mean: 1
        min: 1
        var: 0
    silence_rate_60dB:
        dmean: 0.0440835282207
        dmean2: 0.0883720964193
        dvar: 0.0421403720975
        dvar2: 0.0805619284511
        max: 1
        mean: 0.131944447756
        min: 0
        var: 0.114535957575
    spectral_centroid:
        dmean: 158.528533936
        dmean2: 234.550750732
        dvar: 21841.1914062
        dvar2: 46755.0976562
        max: 3875.08081055
        mean: 1646.53283691
        min: 864.305297852
        var: 260770.25
    spectral_complexity:
        dmean: 3.80885791779
        dmean2: 5.83644866943
        dvar: 10.1732540131
        dvar2: 22.3610839844
        max: 52
        mean: 21.8348846436
        min: 3
        var: 64.0866622925
    spectral_crest:
        dmean: 1.19482398033
        dmean2: 2.01696681976
        dvar: 1.05755400658
        dvar2: 2.76177716255
        max: 11.1467895508
        mean: 5.2653222084
        min: 2.35085654259
        var: 2.30502295494
    spectral_decrease:
        dmean: 2.11400522088e-10
        dmean2: 3.21600163167e-10
        dvar: 3.88004446708e-20
        dvar2: 8.95635947473e-20
        max: -2.24470053656e-10
        mean: -1.17940335276e-09
        min: -3.09742054228e-09
        var: 2.42240669567e-19
    spectral_energy:
        dmean: 0.000953878974542
        dmean2: 0.00142141059041
        dvar: 7.90438207332e-07
        dvar2: 1.78208983925e-06
        max: 0.0159649252892
        mean: 0.00529725290835
        min: 0.000924826017581
        var: 5.74482010052e-06
    spectral_energyband_high:
        dmean: 0.000156640948262
        dmean2: 0.000215112740989
        dvar: 1.00913510437e-07
        dvar2: 2.51599090006e-07
        max: 0.00525207491592
        mean: 0.000435936701251
        min: 4.97046858072e-06
        var: 5.51600010112e-07
    spectral_energyband_low:
        dmean: 1.4352245671e-05
        dmean2: 2.01623606699e-05
        dvar: 4.98119656633e-10
        dvar2: 8.16763157108e-10
        max: 0.000574519159272
        mean: 3.6065641325e-05
        min: 1.57397579414e-07
        var: 3.46073769641e-09
    spectral_energyband_middle_high:
        dmean: 0.000739184790291
        dmean2: 0.00109773990698
        dvar: 5.24087511167e-07
        dvar2: 1.34442450417e-06
        max: 0.0104389535263
        mean: 0.00338494754396
        min: 0.000372881360818
        var: 2.90206230602e-06
    spectral_energyband_middle_low:
        dmean: 0.000368202541722
        dmean2: 0.000597812468186
        dvar: 1.10459609459e-07
        dvar2: 2.713930769e-07
        max: 0.00422596372664
        mean: 0.00144029560033
        min: 0.00025387230562
        var: 4.35768924945e-07
    spectral_flatness_db:
        dmean: 0.0100307138637
        dmean2: 0.0163630787283
        dvar: 7.21965407138e-05
        dvar2: 0.000161207732162
        max: 0.245642513037
        mean: 0.163191482425
        min: 0.102986484766
        var: 0.000581831031013
    spectral_flux:
        dmean: 0.0060229273513
        dmean2: 0.00861251261085
        dvar: 2.77190902125e-05
        dvar2: 4.8257807066e-05
        max: 0.0850011333823
        mean: 0.0397319383919
        min: 0.0112232454121
        var: 0.000142451404827
    spectral_kurtosis:
        dmean: 1.36167693138
        dmean2: 2.26860904694
        dvar: 2.54144668579
        dvar2: 7.35770130157
        max: 19.416223526
        mean: 4.9929728508
        min: 0.494483470917
        var: 7.327647686
    spectral_rms:
        dmean: 0.000204480835237
        dmean2: 0.000298656319501
        dvar: 3.14656745104e-08
        dvar2: 6.87450167902e-08
        max: 0.00394658558071
        mean: 0.00221542851068
        min: 0.00094987853663
        var: 2.5992881092e-07
    spectral_rolloff:
        dmean: 237.216400146
        dmean2: 362.844421387
        dvar: 59438.3320312
        dvar2: 112202.085938
        max: 5383.30078125
        mean: 2800.96801758
        min: 1162.79296875
        var: 666888.9375
    spectral_skewness:
        dmean: 0.164978221059
        dmean2: 0.265777558088
        dvar: 0.0264825727791
        dvar2: 0.0625350698829
        max: 3.34661006927
        mean: 1.70852303505
        min: 0.599849879742
        var: 0.138437882066
    spectral_spread:
        dmean: 426082.9375
        dmean2: 662943.25
        dvar: 234138468352
        dvar2: 529745248256
        max: 8252374.5
        mean: 4043452.75
        min: 1873533.875
        var: 1.13078422733e+12
    spectral_strongpeak:
        dmean: 0.585513234138
        dmean2: 1.01382136345
        dvar: 0.403042048216
        dvar2: 1.04804265499
        max: 5.20562648773
        mean: 1.12296628952
        min: 0.0667251199484
        var: 0.725666344166
    zerocrossingrate:
        dmean: 0.00591400777921
        dmean2: 0.00696485303342
        dvar: 2.43490230787e-05
        dvar2: 2.92804470519e-05
        max: 0.19189453125
        mean: 0.0909247845411
        min: 0.04150390625
        var: 0.000609832815826
    barkbands:
        dmean: [2.18745608294e-08, 9.91093202174e-07, 1.37666766022e-05, 2.95957179333e-05, 0.000109508400783, 0.000149862258695, 0.000150712308823, 0.000113378104288, 0.000183489770279, 0.000120780707221, 0.000248956755968, 0.000256324507063, 0.000113048750791, 0.000113545429485, 7.27201768314e-05, 0.000176555593498, 0.0001468436094, 0.000209473306313, 0.000107769810711, 0.00013061563368, 7.31455656933e-05, 2.35286170209e-05, 9.62249669101e-06, 1.06009770207e-06, 1.4011878875e-06, 1.22525962709e-08, 1.07517228454e-09]
        dmean2: [2.25899974282e-08, 1.42916803725e-06, 1.94235872186e-05, 4.89412414026e-05, 0.000183244294021, 0.000256093859207, 0.000251472054515, 0.000191459024791, 0.00028327020118, 0.000204615455004, 0.000425750011345, 0.000419083226006, 0.000181323630386, 0.000191676313989, 0.000120077631436, 0.000287283590296, 0.000233844664763, 0.000352121132892, 0.000168629048858, 0.000192042978597, 0.000107132662379, 3.76548487111e-05, 1.5155022993e-05, 1.57305100856e-06, 2.15332261178e-06, 1.79954930957e-08, 1.2808697436e-09]
        dvar: [1.88807655491e-13, 2.12328874101e-12, 4.54379645021e-10, 3.99128463613e-09, 1.44742102748e-08, 2.50934615309e-08, 2.15084572375e-08, 1.89772393355e-08, 4.14889491651e-08, 1.29830901585e-08, 7.2035930998e-08, 9.68003988078e-08, 1.08831299528e-08, 1.20642891233e-08, 6.22571372233e-09, 3.48576350007e-08, 2.57022509942e-08, 6.53720064747e-08, 2.90960979754e-08, 1.14161672116e-07, 2.77111240621e-08, 1.53411205961e-09, 2.19773546584e-10, 5.5532804917e-12, 5.13332909166e-12, 7.82212321598e-16, 3.02509452662e-16]
        dvar2: [1.8919017557e-13, 3.51776854174e-12, 7.57225282477e-10, 1.14666676154e-08, 3.94676824556e-08, 7.0608784597e-08, 5.8241404588e-08, 5.18575760111e-08, 8.22035488568e-08, 3.83570935014e-08, 1.90047401816e-07, 2.65100055685e-07, 2.97788744774e-08, 3.13998320678e-08, 1.68100751097e-08, 9.13443116701e-08, 6.09144024111e-08, 1.75782730594e-07, 6.34267891542e-08, 2.54402834798e-07, 7.23487758592e-08, 3.20078807903e-09, 5.14774167737e-10, 1.54127093033e-11, 1.03036147323e-11, 1.44699612467e-15, 3.03490449163e-16]
        max: [9.01542807696e-06, 2.36883042817e-05, 0.000550829630811, 0.000897498102859, 0.00113031605724, 0.00136549596209, 0.00127476581838, 0.00111746136099, 0.00195320416242, 0.000946948770434, 0.00360780442134, 0.00271118944511, 0.00091394642368, 0.000981682329439, 0.000701461685821, 0.00141443149187, 0.00192912924103, 0.0031279954128, 0.0031339013949, 0.00647525861859, 0.00316813401878, 0.000858243671246, 0.000102357917058, 5.02712209709e-05, 5.41244880878e-05, 5.72735416426e-07, 3.6151010363e-07]
        mean: [2.19814637603e-08, 1.93325126929e-06, 3.41211634804e-05, 5.68756440771e-05, 0.000183703843504, 0.000273968733381, 0.000323008134728, 0.000170639585122, 0.000376758282073, 0.000206908691325, 0.000507316319272, 0.000560335116461, 0.000249290256761, 0.000249891425483, 0.00013364633196, 0.000367834378267, 0.000341016886523, 0.000429420178989, 0.000231060796068, 0.000320388469845, 0.000204178970307, 5.51486518816e-05, 1.3554456018e-05, 2.74343369711e-06, 3.45541775459e-06, 3.58654119736e-08, 1.07197628552e-09]
        min: [1.26838340178e-11, 1.10006170839e-09, 7.16559895864e-08, 4.59424370547e-07, 3.71975556845e-06, 2.57947540376e-05, 2.40618537646e-05, 1.03509437395e-05, 1.76938101504e-05, 1.95766988327e-05, 2.69749216386e-05, 2.44788861892e-05, 1.39928542922e-05, 4.89945250592e-06, 3.41585428032e-06, 3.79874927603e-06, 3.51106996277e-06, 6.50905349175e-06, 1.72583986568e-05, 6.44333476885e-06, 1.65834649124e-06, 6.29554847364e-07, 9.37041946258e-08, 3.97739086111e-08, 1.15209672913e-08, 4.2258703481e-11, 8.04569627068e-14]
        var: [1.885374181e-13, 9.50400869115e-12, 3.13727510637e-09, 7.46244932515e-09, 3.07850385184e-08, 4.63482798807e-08, 4.39229204119e-08, 2.19906155507e-08, 8.98430414509e-08, 1.78323436018e-08, 1.80313477927e-07, 1.5014671817e-07, 2.61559183201e-08, 2.89886106231e-08, 1.05658060079e-08, 7.65063532526e-08, 7.24826350051e-08, 2.14488380834e-07, 1.16927658667e-07, 5.3801602462e-07, 1.20287978689e-07, 1.15237748233e-08, 2.93818275265e-10, 3.25279386759e-11, 4.77381190134e-11, 5.01937790851e-15, 3.02918172528e-16]
    mfcc:
        mean: [-691.051330566, 109.169128418, -79.3988723755, 12.407740593, -36.3745536804, -14.5873327255, -13.9188508987, -11.8211307526, -10.9155311584, -21.6800899506, -10.5737438202, -5.85506868362, -5.49447965622]
        cov: [[1495.10839844, -715.282714844, 273.72744751, 80.7945022583, 148.040618896, 115.431221008, 64.425819397, -10.9840679169, 167.236984253, -38.9610404968, -9.93756008148, 28.8001899719, -22.3335933685], [-715.282714844, 733.72277832, -173.129623413, -77.9946212769, 36.5349845886, -32.5916557312, -23.9458999634, 45.7005195618, -74.4020080566, 25.7172451019, 59.7783126831, -8.93846225739, 10.6488132477], [273.72744751, -173.129623413, 365.793640137, 28.2659816742, 45.7222366333, 97.4637527466, 60.9044380188, 0.981508672237, 98.1421966553, -18.5410575867, 24.7450065613, 13.323307991, 5.35550403595], [80.7945022583, -77.9946212769, 28.2659816742, 123.129264832, 13.5686759949, -20.1123714447, 40.263130188, -6.33218431473, 34.5697364807, 9.79496669769, 0.67514115572, 4.32352256775, -4.49202108383], [148.040618896, 36.5349845886, 45.7222366333, 13.5686759949, 130.358901978, 46.8968200684, -5.4345331192, 20.2664966583, 49.8607406616, -5.81324100494, 21.3728466034, 6.5914182663, -0.350194662809], [115.431221008, -32.5916557312, 97.4637527466, -20.1123714447, 46.8968200684, 85.1090774536, 19.1803302765, 8.75608062744, 30.0512142181, -4.64222192764, 12.1020555496, 8.01942157745, 9.06603050232], [64.425819397, -23.9458999634, 60.9044380188, 40.263130188, -5.4345331192, 19.1803302765, 103.03427124, -7.45896196365, 35.8957977295, -3.4735648632, 17.9604110718, 11.4545059204, 1.32701075077], [-10.9840679169, 45.7005195618, 0.981508672237, -6.33218431473, 20.2664966583, 8.75608062744, -7.45896196365, 66.2025680542, -13.4566087723, 10.7733945847, 6.35008811951, -3.866127491, 2.91377568245], [167.236984253, -74.4020080566, 98.1421966553, 34.5697364807, 49.8607406616, 30.0512142181, 35.8957977295, -13.4566087723, 106.533966064, -1.53747832775, 17.0064659119, 12.8072385788, -4.76943778992], [-38.9610404968, 25.7172451019, -18.5410575867, 9.79496669769, -5.81324100494, -4.64222192764, -3.4735648632, 10.7733945847, -1.53747832775, 39.5099945068, 9.4375371933, 1.3098641634, 4.99506044388], [-9.93756008148, 59.7783126831, 24.7450065613, 0.67514115572, 21.3728466034, 12.1020555496, 17.9604110718, 6.35008811951, 17.0064659119, 9.4375371933, 48.5119857788, 16.3642082214, 3.50275635719], [28.8001899719, -8.93846225739, 13.323307991, 4.32352256775, 6.5914182663, 8.01942157745, 11.4545059204, -3.866127491, 12.8072385788, 1.3098641634, 16.3642082214, 33.9726638794, 9.66424465179], [-22.3335933685, 10.6488132477, 5.35550403595, -4.49202108383, -0.350194662809, 9.06603050232, 1.32701075077, 2.91377568245, -4.76943778992, 4.99506044388, 3.50275635719, 9.66424465179, 23.9691543579]]
        icov: [[0.00206889095716, 0.00228521018289, 2.51490109804e-05, 0.000939758669119, -0.00304161105305, 0.000252757279668, -0.00123710138723, -0.00041911326116, -6.41262231511e-05, -0.000113921494631, -0.000516140309628, -0.000487762124976, 0.00134543236345], [0.00228521018289, 0.00485680904239, 0.000746191188227, 0.00273068831302, -0.00510391034186, 0.00191990984604, -0.0024322043173, -0.000857254955918, 0.00124747643713, -0.000831520068459, -0.00389515887946, 0.00133962440304, 0.000205282878596], [2.51490109804e-05, 0.000746191188227, 0.00581967877224, -0.00161090609618, 0.00231761229225, -0.00607661018148, 0.000264915259322, -0.00146605167538, -0.00373270036653, 0.00342869921587, -0.00321548618376, 0.00199300749227, -0.00120540999342], [0.000939758669119, 0.00273068831302, -0.00161090609618, 0.015419988893, -0.0077785179019, 0.010561789386, -0.0079485392198, 0.000638246885501, -7.83232171671e-05, -0.00688754580915, 0.00268015963957, -0.000780963047873, 0.000509151839651], [-0.00304161105305, -0.00510391034186, 0.00231761229225, -0.0077785179019, 0.0221958048642, -0.0122468899935, 0.00928499922156, -0.00439980393276, -0.00847079046071, 0.00785214174539, -0.0039253779687, 0.00128804624546, -0.000832389167044], [0.000252757279668, 0.00191990984604, -0.00607661018148, 0.010561789386, -0.0122468899935, 0.0293158702552, -0.00763463461772, 0.000212949802517, 0.00250150007196, -0.00514989905059, 0.00232170312665, -0.000576389022171, -0.0066867810674], [-0.00123710138723, -0.0024322043173, 0.000264915259322, -0.0079485392198, 0.00928499922156, -0.00763463461772, 0.0175093319267, -0.000531653233338, -0.00465108640492, 0.00577051984146, -0.00517903128639, -0.000421126169385, -0.000703719677404], [-0.00041911326116, -0.000857254955918, -0.00146605167538, 0.000638246885501, -0.00439980393276, 0.000212949802517, -0.000531653233338, 0.0192767605186, 0.00545781897381, -0.00640509976074, -9.66545048868e-05, 0.00216665305197, -0.000459884991869], [-6.41262231511e-05, 0.00124747643713, -0.00373270036653, -7.83232171671e-05, -0.00847079046071, 0.00250150007196, -0.00465108640492, 0.00545781897381, 0.0200342126191, -0.00503225252032, -0.00082070188364, -0.00335429701954, 0.00523699028417], [-0.000113921494631, -0.000831520068459, 0.00342869921587, -0.00688754580915, 0.00785214174539, -0.00514989905059, 0.00577051984146, -0.00640509976074, -0.00503225252032, 0.0348735973239, -0.00992019008845, 0.0039432188496, -0.00768085336313], [-0.000516140309628, -0.00389515887946, -0.00321548618376, 0.00268015963957, -0.0039253779687, 0.00232170312665, -0.00517903128639, -9.66545048868e-05, -0.00082070188364, -0.00992019008845, 0.0373982340097, -0.0164343956858, 0.00489834556356], [-0.000487762124976, 0.00133962440304, 0.00199300749227, -0.000780963047873, 0.00128804624546, -0.000576389022171, -0.000421126169385, 0.00216665305197, -0.00335429701954, 0.0039432188496, -0.0164343956858, 0.0440875999629, -0.0185079798102], [0.00134543236345, 0.000205282878596, -0.00120540999342, 0.000509151839651, -0.000832389167044, -0.0066867810674, -0.000703719677404, -0.000459884991869, 0.00523699028417, -0.00768085336313, 0.00489834556356, -0.0185079798102, 0.0552485771477]]
    spectral_contrast:
        mean: [-4.88472210236e-07, -5.39517337472e-08, -2.67445528834e-07, 1.57891673069e-08, 1.86749673503e-07, -9.09144119987e-08, 5.04698846271e-07, -3.29766157847e-06, 3.82783127861e-06, 1.31934189085e-06, 4.01652141591e-06, -4.85653117721e-06]
        var: [0.000258358195424, 0.000506257230882, 0.000756592256948, 0.000919742917176, 0.00129669951275, 0.00187376339454, 0.0470334216952, 0.0632910057902, 0.0906142070889, 0.218138128519, 0.34699550271, 0.928330481052]

rhythm:
    beats_loudness:
        dmean: 0.00195490918122
        dmean2: 0.0034429486841
        dvar: 1.86193983609e-06
        dvar2: 4.44812258138e-06
        max: 0.00972972903401
        mean: 0.00552434893325
        min: 0.00150597712491
        var: 4.17042974732e-06
    beats_loudness_bass:
        dmean: 0.0132025433704
        dmean2: 0.0205611810088
        dvar: 0.000183590367669
        dvar2: 0.000234212639043
        max: 0.0973300114274
        mean: 0.0215018447489
        min: 0.00216043205
        var: 0.000797167071141
    bpm: 112.150985718
    bpm_confidence: 0
    first_peak_bpm: 112
    first_peak_spread: 0
    first_peak_weight: 0.944444417953
    onset_rate: 3.38948559761
    second_peak_bpm: 162
    second_peak_spread: 0
    second_peak_weight: 0.0555555559695
    beats_position: [0.293795883656, 0.829076111317, 1.36435639858, 1.89963662624, 2.43491697311, 2.97019720078, 3.50547742844, 4.0407576561, 4.57603788376, 5.11131811142, 5.64659833908, 6.01595783234, 6.55056524277, 7.0851726532, 7.6197810173, 8.15438842773, 8.68899536133, 9.22360420227, 9.75821113586]
    bpm_estimates: [111.963813782, 112.203407288, 111.769828796, 111.950782776, 112.255821228, 112.282775879, 111.972236633, 112.330413818, 112.136314392, 112.082984924, 110.350860596, 114.434494019, 112.229270935]
    bpm_intervals: [0.535280227661, 0.535280287266, 0.535280227661, 0.53528034687, 0.535280227661, 0.535280227661, 0.535280227661, 0.535280227661, 0.535280227661, 0.535280227661, 0.369359493256, 0.534607410431, 0.534607410431, 0.534608364105, 0.534607410431, 0.534606933594, 0.534608840942, 0.534606933594]
    onset_times: [0.0580498874187, 0.290249437094, 0.441179126501, 0.824308395386, 0.975238084793, 1.18421769142, 1.35836732388, 1.69505667686, 2.26394557953, 2.42648530006, 2.5890250206, 2.99537420273, 3.69197273254, 4.07510185242, 4.22603178024, 4.3073015213, 4.7833108902, 5.13160991669, 5.29414987564, 5.44507932663, 5.86303853989, 6.19972801208, 6.5596370697, 6.72217702866, 7.0936961174, 7.66258525848, 7.99927425385, 8.16181373596, 8.26630401611, 8.498503685, 8.84680271149, 9.06739234924, 9.39247131348, 9.82204055786]
    rubato_start: []
    rubato_stop: []
    perceptual_tempo: "unknown"

sfx:
    inharmonicity:
        dmean: 0.0769909843802
        dmean2: 0.136799424887
        dvar: 0.00509973848239
        dvar2: 0.0150882024318
        max: 0.410411179066
        mean: 0.091695331037
        min: 0.000465250283014
        var: 0.00567526277155
    oddtoevenharmonicenergyratio:
        dmean: 2.76361942291
        dmean2: 5.11803150177
        dvar: 52.012802124
        dvar2: 152.761688232
        max: 79.6692962646
        mean: 2.07154488564
        min: 0.00729592237622
        var: 30.9974040985
    pitch_after_max_to_before_max_energy_ratio: 2.11721944809
    pitch_centroid: 204.527236938
    pitch_max_to_total: 0.434883713722
    pitch_min_to_total: 0.402325570583
    tristimulus:
        dmean: [0.164488375187, 0.223746180534, 0.148081958294]
        dmean2: [0.283382296562, 0.394176155329, 0.266602844]
        dvar: [0.01847002469, 0.0434852428734, 0.0184360798448]
        dvar2: [0.0572399348021, 0.130575492978, 0.0504701994359]
        max: [0.793439686298, 0.998921871185, 0.708397507668]
        mean: [0.232280567288, 0.563863813877, 0.161481633782]
        min: [0.000386844272725, 0, 0]
        var: [0.024426324293, 0.0506536364555, 0.0235314574093]

tonal:
    chords_changes_rate: 0.00925925932825
    chords_number_rate: 0.00925925932825
    chords_strength:
        dmean: 0.0083766207099
        dmean2: 0.00779911642894
        dvar: 4.76109671581e-05
        dvar2: 3.98121810576e-05
        max: 0.580371081829
        mean: 0.49404913187
        min: 0.385830491781
        var: 0.00225104927085
    key_strength: 0.644731402397
    tuning_diatonic_strength: 0.599172115326
    tuning_equal_tempered_deviation: 0.101497851312
    tuning_frequency: 443.060424805
    tuning_nontempered_energy_ratio: 0.706819415092
    hpcp:
        dmean: [0.0736239254475, 0.082881256938, 0.156132936478, 0.210194438696, 0.16590936482, 0.173254489899, 0.162576884031, 0.173601940274, 0.143174946308, 0.0853405818343, 0.125709265471, 0.210322245955, 0.161829054356, 0.109128080308, 0.196220964193, 0.231994569302, 0.130543857813, 0.153762131929, 0.206636458635, 0.157759562135, 0.0914841741323, 0.101892381907, 0.129465162754, 0.179366514087, 0.214191183448, 0.137499004602, 0.0858488827944, 0.0986838564277, 0.096407443285, 0.15619020164, 0.164840430021, 0.118880107999, 0.106914035976, 0.141785785556, 0.105640739202, 0.0869638025761]
        dmean2: [0.120927579701, 0.136955842376, 0.253988832235, 0.348333150148, 0.272446244955, 0.300095111132, 0.271900653839, 0.279952555895, 0.222213089466, 0.138233631849, 0.214554280043, 0.355134814978, 0.260019481182, 0.175029963255, 0.307567358017, 0.374940931797, 0.216512948275, 0.239137455821, 0.33338946104, 0.259258240461, 0.15202152729, 0.163821563125, 0.210561558604, 0.276004374027, 0.352160871029, 0.226740330458, 0.137257292867, 0.15705524385, 0.151021525264, 0.25829282403, 0.279351353645, 0.196027100086, 0.176831677556, 0.231306642294, 0.175531059504, 0.149822160602]
        dvar: [0.00610559154302, 0.00960811693221, 0.017414515838, 0.0382379591465, 0.0217688214034, 0.0243698656559, 0.0259860083461, 0.0254580769688, 0.0157203581184, 0.00721399579197, 0.0137752620503, 0.0325694642961, 0.0220939926803, 0.0131888100877, 0.0260541141033, 0.0423101522028, 0.0128983538598, 0.0172145329416, 0.0349875688553, 0.0158152487129, 0.00649588229135, 0.00781978387386, 0.014100279659, 0.0260032061487, 0.0377777554095, 0.015877796337, 0.0108766444027, 0.0117434654385, 0.00773208402097, 0.0180773753673, 0.0201668404043, 0.0115222688764, 0.0123635781929, 0.0257072914392, 0.0112001830712, 0.00943798571825]
        dvar2: [0.0148716298863, 0.0244871787727, 0.045068576932, 0.0928335040808, 0.0497043058276, 0.0661508888006, 0.0691713318229, 0.0559369511902, 0.0348763652146, 0.0179329980165, 0.0299575906247, 0.0764322429895, 0.0569160245359, 0.0343427732587, 0.0569270439446, 0.0905151888728, 0.0338928699493, 0.0418790467083, 0.0738984420896, 0.0378612726927, 0.0167162548751, 0.0207030121237, 0.0367820747197, 0.0567304007709, 0.0834297165275, 0.0430136620998, 0.0207043215632, 0.0265767350793, 0.0183863099664, 0.0434309877455, 0.0509929358959, 0.0311634186655, 0.0273680370301, 0.0481059886515, 0.0287272837013, 0.0250217355788]
        max: [0.576676845551, 0.876912772655, 1, 1, 1, 1, 1, 1, 1, 0.938601672649, 0.842377662659, 1, 1, 1, 0.985007762909, 1, 0.962522268295, 1, 1, 1, 0.608171761036, 0.768474698067, 0.734221041203, 1, 1, 0.966906011105, 0.805738270283, 0.902545154095, 1, 1, 1, 0.925780832767, 0.644445598125, 1, 0.970803618431, 0.719977915287]
        mean: [0.117315612733, 0.131610900164, 0.368078351021, 0.619001805782, 0.505607306957, 0.318782955408, 0.289376139641, 0.334305733442, 0.274251818657, 0.16937302053, 0.302374094725, 0.503009855747, 0.39069584012, 0.210877254605, 0.416042685509, 0.515971422195, 0.292153894901, 0.412381529808, 0.660467803478, 0.436783432961, 0.171619817615, 0.196740180254, 0.237712830305, 0.365689814091, 0.479531854391, 0.296486496925, 0.148546203971, 0.158403620124, 0.19164866209, 0.364866405725, 0.411723464727, 0.231085091829, 0.197766423225, 0.256024032831, 0.205818518996, 0.139337837696]
        min: [0.00959921255708, 0.00492975581437, 0.027402870357, 0.0560709834099, 0.0533130243421, 0.0197495948523, 0.0194067750126, 0.0384275428951, 0.0309870243073, 0.00926336552948, 0.0424858853221, 0.0585514642298, 0.0812209770083, 0.0193458665162, 0.0419338643551, 0.0406477749348, 0.0360130220652, 0.0146901821718, 0.10999622196, 0.0878685638309, 0.00787670910358, 0.0204222965986, 0.0176141373813, 0.0199576187879, 0.0606173276901, 0.0382620878518, 0.0180033948272, 0.0149471834302, 0.025226816535, 0.051123008132, 0.0635839551687, 0.0382142663002, 0.013274311088, 0.0110839698464, 0.0289124641567, 0.0164243839681]
        var: [0.00904121343046, 0.0148444473743, 0.0434802547097, 0.093047529459, 0.0530142076313, 0.0494161583483, 0.045773435384, 0.0478915274143, 0.0346082523465, 0.0181695744395, 0.037378616631, 0.0729941800237, 0.0437754541636, 0.0266735125333, 0.0616398155689, 0.0945884212852, 0.025854324922, 0.0407693460584, 0.0774596855044, 0.0369697511196, 0.0112592270598, 0.0153427878395, 0.0263043325394, 0.0570845752954, 0.0672952756286, 0.0270511675626, 0.0217789765447, 0.0237665697932, 0.0206699036062, 0.0420509651303, 0.0458300597966, 0.018844358623, 0.0201029032469, 0.0484324879944, 0.0199916511774, 0.0097678815946]
    chords_histogram: [93.9814834595, 6.01851844788, 0, 0, 0, 0, 0, 0, 0, 0, 0, 0, 0, 0, 0, 0, 0, 0, 0, 0, 0, 0, 0, 0]
    thpcp: [1, 0.661324322224, 0.259845852852, 0.29788005352, 0.359915852547, 0.553683042526, 0.726048767567, 0.448903799057, 0.224910587072, 0.239835485816, 0.290171086788, 0.552436351776, 0.62338155508, 0.349880933762, 0.299433857203, 0.387640446424, 0.311625361443, 0.210968405008, 0.177625030279, 0.199269220233, 0.557299435139, 0.937217235565, 0.765529096127, 0.482662379742, 0.438138157129, 0.506165087223, 0.41523873806, 0.256444036961, 0.457818061113, 0.76159632206, 0.591544091702, 0.319284677505, 0.629921197891, 0.781221151352, 0.442343890667, 0.624377965927]
    chords_key: "D#"
    chords_scale: "major"
    key_key: "D#"
    key_scale: "major"
    chords_progression: ["D#", "D#", "Gm", "Gm", "Gm", "Gm", "Gm", "Gm", "Gm", "Gm", "Gm", "Gm", "Gm", "Gm", "Gm", "D#", "D#", "D#", "D#", "D#", "D#", "D#", "D#", "D#", "D#", "D#", "D#", "D#", "D#", "D#", "D#", "D#", "D#", "D#", "D#", "D#", "D#", "D#", "D#", "D#", "D#", "D#", "D#", "D#", "D#", "D#", "D#", "D#", "D#", "D#", "D#", "D#", "D#", "D#", "D#", "D#", "D#", "D#", "D#", "D#", "D#", "D#", "D#", "D#", "D#", "D#", "D#", "D#", "D#", "D#", "D#", "D#", "D#", "D#", "D#", "D#", "D#", "D#", "D#", "D#", "D#", "D#", "D#", "D#", "D#", "D#", "D#", "D#", "D#", "D#", "D#", "D#", "D#", "D#", "D#", "D#", "D#", "D#", "D#", "D#", "D#", "D#", "D#", "D#", "D#", "D#", "D#", "D#", "D#", "D#", "D#", "D#", "D#", "D#", "D#", "D#", "D#", "D#", "D#", "D#", "D#", "D#", "D#", "D#", "D#", "D#", "D#", "D#", "D#", "D#", "D#", "D#", "D#", "D#", "D#", "D#", "D#", "D#", "D#", "D#", "D#", "D#", "D#", "D#", "D#", "D#", "D#", "D#", "D#", "D#", "D#", "D#", "D#", "D#", "D#", "D#", "D#", "D#", "D#", "D#", "D#", "D#", "D#", "D#", "D#", "D#", "D#", "D#", "D#", "D#", "D#", "D#", "D#", "D#", "D#", "D#", "D#", "D#", "D#", "D#", "D#", "D#", "D#", "D#", "D#", "D#", "D#", "D#", "D#", "D#", "D#", "D#", "D#", "D#", "D#", "D#", "D#", "D#", "D#", "D#", "D#", "D#", "D#", "D#", "D#", "D#", "D#", "D#", "D#", "D#", "D#", "D#", "D#", "D#", "D#", "D#"]
