
metadata:
    version:
        essentia: "1.2.2"
    audio_properties:
        analysis_sample_rate: 44100
        bitrate: 128
        channels: 2
        equal_loudness: 1
        length: 10.0310201645
        replay_gain: -12.3598861694
        downmix: "mix"
    tags:
        track: 2
        year: 0
        album: "Splitted by Mp3Splt v. 2.1"
        artist: "From 000.10 To 000.20"
        comment: "http://mp3splt.sf.net"
        genre: ""
        title: "03 Get the Balance Right.mp3"

highlevel:
    ballroom:
        all:
            ChaChaCha: 0.895738184452
            Jive: 0.0205497909337
            Quickstep: 0.00363220414147
            Rumba-American: 0.00410086661577
            Rumba-International: 0.0130549315363
            Rumba-Misc: 0.0151205733418
            Samba: 0.0311870127916
            Tango: 0.00686439918354
            VienneseWaltz: 0.0034608382266
            Waltz: 0.0062911841087
        probability: 0.895738184452
        value: "ChaChaCha"
    culture:
        all:
            non_western: 0.405990332365
            western: 0.594009637833
        probability: 0.594009637833
        value: "western"
    gender:
        all:
            female: 0.742015957832
            male: 0.25798407197
        probability: 0.742015957832
        value: "female"
    genre_dortmund:
        all:
            alternative: 0.0297014322132
            blues: 0.00251433067024
            electronic: 0.475315392017
            folkcountry: 0.00290413456969
            funksoulrnb: 0.0186331626028
            jazz: 0.405391126871
            pop: 0.00863292906433
            raphiphop: 0.0195921156555
            rock: 0.0373153574765
        probability: 0.475315392017
        value: "electronic"
    genre_electronica:
        all:
            ambient: 0.153119340539
            dnb: 0.0158752538264
            house: 0.719113349915
            techno: 0.0948783457279
            trance: 0.0170137081295
        probability: 0.719113349915
        value: "house"
    genre_rosamerica:
        all:
            cla: 0.0496944412589
            dan: 0.229924649
            hip: 0.0750584378839
            jaz: 0.164948299527
            pop: 0.0385079495609
            rhy: 0.357180714607
            roc: 0.0638021156192
            spe: 0.0208833888173
        probability: 0.357180714607
        value: "rhy"
    genre_tzanetakis:
        all:
            blu: 0.107550829649
            cla: 0.0838264599442
            cou: 0.033449973911
            dis: 0.0414367876947
            hip: 0.171777114272
            jaz: 0.0382649861276
            met: 0.0371537059546
            pop: 0.0855964794755
            reg: 0.280905425549
            roc: 0.120038256049
        probability: 0.280905425549
        value: "reg"
    live_studio:
        all:
            live: 0.045863032341
            studio: 0.954136967659
        probability: 0.954136967659
        value: "studio"
    mood:
        all:
            Cluster1: 0.110871806741
            Cluster2: 0.0647752732038
            Cluster3: 0.670752763748
            Cluster4: 0.0531283803284
            Cluster5: 0.100471787155
        probability: 0.670752763748
        value: "Cluster3"
    mood_acoustic:
        all:
            acoustic: 0.252898037434
            not_acoustic: 0.747101962566
        probability: 0.747101962566
        value: "not_acoustic"
    mood_aggressive:
        all:
            aggressive: 0.295259654522
            not_aggressive: 0.704740345478
        probability: 0.704740345478
        value: "not_aggressive"
    mood_electronic:
        all:
            electronic: 0.957947731018
            not_electronic: 0.0420522913337
        probability: 0.957947731018
        value: "electronic"
    mood_happy:
        all:
            happy: 0.0392561405897
            not_happy: 0.960743844509
        probability: 0.960743844509
        value: "not_happy"
    mood_party:
        all:
            not_party: 0.841188132763
            party: 0.158811867237
        probability: 0.841188132763
        value: "not_party"
    mood_relaxed:
        all:
            not_relaxed: 0.259623497725
            relaxed: 0.740376472473
        probability: 0.740376472473
        value: "relaxed"
    mood_sad:
        all:
            not_sad: 0.110030561686
            sad: 0.889969408512
        probability: 0.889969408512
        value: "sad"
    rhythm:
        all:
            fast: 0.370353907347
            medium: 0.605371832848
            slow: 0.0242742877454
        probability: 0.605371832848
        value: "medium"
    speech_music:
        all:
            music: 0.999999880791
            speech: 1.00000008274e-07
        probability: 0.999999880791
        value: "music"
    timbre:
        all:
            bright: 0.0781788975
            dark: 0.921821117401
        probability: 0.921821117401
        value: "dark"
    voice_instrumental:
        all:
            instrumental: 1
            voice: 2.29534506957e-08
        probability: 1
        value: "instrumental"

lowlevel:
    average_loudness: 0.975654602051
    barkbands_kurtosis:
        dmean: 4.12872743607
        dmean2: 7.27606153488
        dvar: 76.5807342529
        dvar2: 228.324111938
        max: 88.2759475708
        mean: 4.09267091751
        min: -1.91272985935
        var: 99.7826538086
    barkbands_skewness:
        dmean: 0.827952921391
        dmean2: 1.34134733677
        dvar: 1.36742782593
        dvar2: 3.94565176964
        max: 7.7126531601
        mean: 0.345347821712
        min: -1.52096581459
        var: 1.91802155972
    barkbands_spread:
        dmean: 9.05063819885
        dmean2: 15.7696094513
        dvar: 231.990524292
        dvar2: 523.532592773
        max: 76.6036300659
        mean: 11.090092659
        min: 0.613383173943
        var: 347.774841309
    dissonance:
        dmean: 0.061628703028
        dmean2: 0.0950427055359
        dvar: 0.00348048680462
        dvar2: 0.00680527184159
        max: 0.497437119484
        mean: 0.334195584059
        min: 0.0766437351704
        var: 0.00976299680769
    hfc:
        dmean: 2.44746303558
        dmean2: 4.08553981781
        dvar: 39.8510818481
        dvar2: 90.3737792969
        max: 56.1090736389
        mean: 2.80225539207
        min: 0.00727601349354
        var: 60.238986969
    pitch:
        dmean: 744.172729492
        dmean2: 1448.21142578
        dvar: 1991182.5
        dvar2: 4550846.5
        max: 4900
        mean: 837.142883301
        min: 70.5599975586
        var: 2169721
    pitch_instantaneous_confidence:
        dmean: 0.0861180126667
        dmean2: 0.12803953886
        dvar: 0.00753283407539
        dvar2: 0.0168418791145
        max: 0.801037311554
        mean: 0.462272882462
        min: 0.161987364292
        var: 0.0186222456396
    pitch_salience:
        dmean: 0.0831334143877
        dmean2: 0.123922608793
        dvar: 0.00903605204076
        dvar2: 0.0240961518139
        max: 0.889117896557
        mean: 0.683610498905
        min: 0.179753616452
        var: 0.0141754187644
    silence_rate_20dB:
        dmean: 0
        dmean2: 0
        dvar: 0
        dvar2: 0
        max: 1
        mean: 1
        min: 1
        var: 0
    silence_rate_30dB:
        dmean: 0
        dmean2: 0
        dvar: 0
        dvar2: 0
        max: 1
        mean: 1
        min: 1
        var: 0
    silence_rate_60dB:
        dmean: 0.1875
        dmean2: 0.375870078802
        dvar: 0.15234375
        dvar2: 0.248513996601
        max: 1
        mean: 0.692840635777
        min: 0
        var: 0.212811335921
    spectral_centroid:
        dmean: 360.628051758
        dmean2: 649.263061523
        dvar: 444795.3125
        dvar2: 1151370.875
        max: 3577.50805664
        mean: 543.924377441
        min: 106.157920837
        var: 502287.15625
    spectral_complexity:
        dmean: 2.496519804
        dmean2: 4.02790689468
        dvar: 19.001745224
        dvar2: 41.4503822327
        max: 42
        mean: 5.47685194016
        min: 0
        var: 31.1939163208
    spectral_crest:
        dmean: 2.60182952881
        dmean2: 3.85448074341
        dvar: 7.53119945526
        dvar2: 16.6700363159
        max: 22.6011238098
        mean: 11.4542608261
        min: 3.47204136848
        var: 17.1939792633
    spectral_decrease:
        dmean: 4.26153751176e-10
        dmean2: 5.69507552228e-10
        dvar: 4.39221169641e-19
        dvar2: 9.9480907388e-19
        max: -5.57429840134e-12
        mean: -6.90382084834e-10
        min: -4.79042672197e-09
        var: 6.39584579926e-19
    spectral_energy:
        dmean: 0.00178064638749
        dmean2: 0.00239861011505
        dvar: 8.29301461636e-06
        dvar2: 1.82778494491e-05
        max: 0.0231694430113
        mean: 0.00285983248614
        min: 2.16985208681e-05
        var: 1.2610837075e-05
    spectral_energyband_high:
        dmean: 0.000241977715632
        dmean2: 0.000406091363402
        dvar: 4.99142515764e-07
        dvar2: 1.05708932097e-06
        max: 0.00698216585442
        mean: 0.000280086445855
        min: 2.89839485745e-10
        var: 9.97059146357e-07
    spectral_energyband_low:
        dmean: 0.000649642315693
        dmean2: 0.00106997403782
        dvar: 2.74156241176e-06
        dvar2: 7.15398300599e-06
        max: 0.0112737724558
        mean: 0.000619553087745
        min: 2.73942714557e-06
        var: 2.0383104129e-06
    spectral_energyband_middle_high:
        dmean: 0.000376644340577
        dmean2: 0.000672366644721
        dvar: 8.40595532736e-07
        dvar2: 2.08996516449e-06
        max: 0.00696936435997
        mean: 0.000296842132229
        min: 9.71584590559e-09
        var: 7.87060116636e-07
    spectral_energyband_middle_low:
        dmean: 0.000885008194018
        dmean2: 0.00114239193499
        dvar: 1.26293855374e-06
        dvar2: 2.79832465822e-06
        max: 0.00990980863571
        mean: 0.00166333245579
        min: 1.8892582375e-05
        var: 2.76589003079e-06
    spectral_flatness_db:
        dmean: 0.0836402624846
        dmean2: 0.128088027239
        dvar: 0.0120186926797
        dvar2: 0.0204967167228
        max: 0.581695079803
        mean: 0.403216987848
        min: 0.0944935679436
        var: 0.0210428442806
    spectral_flux:
        dmean: 0.0141814975068
        dmean2: 0.0198436453938
        dvar: 0.000380790763302
        dvar2: 0.000643376319204
        max: 0.13276527822
        mean: 0.0265254769474
        min: 0.0020282252226
        var: 0.000747101090383
    spectral_kurtosis:
        dmean: 70.3788146973
        dmean2: 111.862724304
        dvar: 7099.24023438
        dvar2: 12086.3535156
        max: 464.947814941
        mean: 146.307250977
        min: -0.577604532242
        var: 15518.6826172
    spectral_rms:
        dmean: 0.000466916651931
        dmean2: 0.000581000174861
        dvar: 3.63769487421e-07
        dvar2: 7.93792651166e-07
        max: 0.00475440174341
        mean: 0.00142916059121
        min: 0.000145496698678
        var: 7.47581282212e-07
    spectral_rolloff:
        dmean: 747.516357422
        dmean2: 1394.34973145
        dvar: 1944711.875
        dvar2: 4807951
        max: 5383.30078125
        mean: 991.674682617
        min: 107.666015625
        var: 2239550.25
    spectral_skewness:
        dmean: 3.0245923996
        dmean2: 4.74759578705
        dvar: 14.1500854492
        dvar2: 20.3980998993
        max: 18.6487426758
        mean: 8.85396385193
        min: -0.0513238050044
        var: 32.3914604187
    spectral_spread:
        dmean: 1152857.125
        dmean2: 1913538.375
        dvar: 2.66812103066e+12
        dvar2: 4.64655745024e+12
        max: 8907760
        mean: 2057824.5
        min: 223656.25
        var: 4.45928701952e+12
    spectral_strongpeak:
        dmean: 0.0856584534049
        dmean2: 0.119687236845
        dvar: 0.00893553066999
        dvar2: 0.0207819007337
        max: 0.800794243813
        mean: 0.204909324646
        min: 0.00933310296386
        var: 0.0256621856242
    zerocrossingrate:
        dmean: 0.00650626281276
        dmean2: 0.00903547462076
        dvar: 0.000127106715809
        dvar2: 0.000155284389621
        max: 0.16455078125
        mean: 0.0228847935796
        min: 0.00537109375
        var: 0.000786885851994
    barkbands:
        dmean: [5.37661208e-07, 0.000274470803561, 0.000405431201216, 0.000242785914452, 0.00036181640462, 0.000260949251242, 9.33268311201e-05, 4.64609693154e-05, 3.89631568396e-05, 1.21231778394e-05, 8.67141170602e-06, 6.66188952891e-06, 8.63151035446e-06, 1.09039638119e-05, 1.27484936456e-05, 2.272884376e-05, 4.51086452813e-05, 9.48180677369e-05, 0.000113825313747, 0.000130190543132, 0.000117685282021, 5.44417816855e-05, 1.20644208437e-05, 3.88382295569e-06, 2.21537607104e-06, 1.08348132244e-07, 3.03938274548e-09]
        dmean2: [8.12123801097e-07, 0.000439954048488, 0.000708621228114, 0.000358274846803, 0.000466743920697, 0.000330534210661, 0.000144369783811, 7.82464339864e-05, 6.63458340568e-05, 2.14340470848e-05, 1.61529897014e-05, 1.26089607875e-05, 1.61551852216e-05, 2.05248707061e-05, 2.35864026763e-05, 4.20997967012e-05, 8.44040332595e-05, 0.000172462736373, 0.000199664442334, 0.000226098214625, 0.000206163269468, 7.86256205174e-05, 2.0479756131e-05, 7.3134633567e-06, 4.20072456109e-06, 2.07638734651e-07, 3.42876216308e-09]
        dvar: [9.31150230706e-13, 4.89815249693e-07, 1.3735129869e-06, 2.33003376593e-07, 2.51886973501e-07, 1.42209373166e-07, 2.37083117582e-08, 9.00931240722e-09, 6.45622888484e-09, 6.35861474585e-10, 6.29202745461e-10, 2.91718649237e-10, 3.91045834602e-10, 8.14289802253e-10, 9.73521374625e-10, 2.95981572584e-09, 1.45060470302e-08, 6.8774973272e-08, 1.00834235184e-07, 1.30603126536e-07, 1.33215394271e-07, 2.61903601029e-08, 1.3552364786e-09, 1.69869743272e-10, 5.52023496359e-11, 1.28668695707e-13, 2.90208310806e-15]
        dvar2: [2.22185095843e-12, 1.11015754101e-06, 3.82200141757e-06, 5.34614230219e-07, 5.26825260749e-07, 2.57268851556e-07, 5.79073962115e-08, 2.42702977715e-08, 1.65165054966e-08, 1.70661751397e-09, 1.7911878647e-09, 8.24526669163e-10, 1.08113251684e-09, 2.29508301253e-09, 2.75870304378e-09, 8.04648703223e-09, 3.99790813788e-08, 1.83249881047e-07, 2.53651080584e-07, 2.92268055091e-07, 3.10065303211e-07, 4.25363424483e-08, 3.22688187282e-09, 4.91312102113e-10, 1.59225257979e-10, 3.77157100039e-13, 2.92273059494e-15]
        max: [1.02158710433e-05, 0.00457855220884, 0.00832886900753, 0.00481635937467, 0.00484500452876, 0.00362218497321, 0.00107257138006, 0.000600146246143, 0.000708494742867, 0.000157682225108, 0.000280235399259, 0.00014746535453, 0.000128946179757, 0.000258587766439, 0.000300203828374, 0.000436636357335, 0.00102275144309, 0.0021285971161, 0.00281989225186, 0.00292330305092, 0.00366184883751, 0.00177072908264, 0.000338994315825, 8.66457412485e-05, 4.59238763142e-05, 2.32360866903e-06, 1.12214991077e-06]
        mean: [7.3118110322e-07, 0.000271997967502, 0.000346845132299, 0.000425152800744, 0.000640351558104, 0.000414711044868, 0.000110375782242, 3.96056748286e-05, 3.05733010464e-05, 8.2901406131e-06, 5.24868937646e-06, 4.09061294704e-06, 5.24377219335e-06, 6.69714927426e-06, 8.36068011267e-06, 1.64537832461e-05, 3.10588802677e-05, 6.82785903336e-05, 8.99049773579e-05, 0.000121969249449, 0.000132057364681, 6.68976135785e-05, 1.11059234769e-05, 2.44540115091e-06, 1.32051764012e-06, 6.48171081252e-08, 2.89193935465e-09]
        min: [3.82175208147e-10, 1.08702363377e-06, 1.42423550642e-06, 1.2687439721e-06, 2.5794611247e-06, 4.64291997559e-06, 8.18261582936e-08, 5.96401008579e-08, 1.99228882281e-08, 2.7824333948e-09, 3.16233927933e-10, 3.30826699368e-10, 1.82211051802e-10, 1.82846127128e-10, 2.45448661396e-10, 1.80484280299e-10, 1.76717973588e-10, 1.14685969055e-10, 8.20619336372e-11, 1.04499298104e-10, 6.40066402657e-11, 4.00823992053e-11, 3.07143824263e-11, 2.63387263388e-11, 2.4744054028e-11, 1.73552329192e-12, 3.85016581537e-15]
        var: [1.06677232152e-12, 4.56284737993e-07, 8.594070664e-07, 5.37141147561e-07, 5.3062308325e-07, 3.57156210384e-07, 2.5256118974e-08, 6.57193144349e-09, 5.69227909253e-09, 4.50825654585e-10, 3.61516261371e-10, 1.6922918622e-10, 2.38609049186e-10, 4.79689288291e-10, 6.21926787847e-10, 2.25401053378e-09, 1.01184571832e-08, 5.19218552597e-08, 9.35665056545e-08, 1.79758643526e-07, 2.37343755316e-07, 6.73467823731e-08, 1.67749403257e-09, 1.00334456021e-10, 3.15179306265e-11, 7.48603856313e-14, 2.9074753198e-15]
    mfcc:
        mean: [-1001.66491699, 228.65574646, 56.3596534729, 82.7826843262, -14.0565166473, -8.21150875092, -12.2471723557, -11.72062397, -5.02313137054, -6.89259004593, -3.51374793053, -4.79629135132, -3.50174593925]
        cov: [[30456.0488281, -12249.1210938, -7839.71386719, 600.789794922, -220.328735352, 992.518188477, -33.2281570435, 817.864990234, 155.530410767, 55.444065094, 201.523742676, -98.5970687866, -105.732383728], [-12249.1210938, 7255.17285156, 3008.96020508, -1135.83691406, -30.7395019531, -611.194396973, 132.922042847, -288.555084229, -17.7821350098, 14.0705356598, -66.5248947144, 69.6422042847, 7.1551823616], [-7839.71386719, 3008.96020508, 2709.45532227, -163.719390869, -36.1823005676, -229.006942749, 25.5265083313, -209.512069702, -27.5322742462, -12.15193367, -52.2484092712, 28.710981369, 48.964263916], [600.789794922, -1135.83691406, -163.719390869, 665.600280762, 31.656419754, 148.016387939, -70.6309432983, -14.8994426727, -33.8104705811, -30.8664836884, -9.54075050354, -24.616355896, 22.7949924469], [-220.328735352, -30.7395019531, -36.1823005676, 31.656419754, 133.585876465, -0.670578062534, 27.3426074982, 2.82266712189, 7.04540061951, 2.33739686012, -4.05117177963, -10.443104744, -13.0487937927], [992.518188477, -611.194396973, -229.006942749, 148.016387939, -0.670578062534, 136.170440674, -1.71409487724, 30.2450313568, -1.87701427937, -8.01110363007, 1.85778582096, -11.2517604828, 9.6259021759], [-33.2281570435, 132.922042847, 25.5265083313, -70.6309432983, 27.3426074982, -1.71409487724, 94.564239502, 16.1260147095, 22.6095085144, 7.40753030777, 1.43100118637, 9.10279941559, -4.84815406799], [817.864990234, -288.555084229, -209.512069702, -14.8994426727, 2.82266712189, 30.2450313568, 16.1260147095, 67.8893585205, 27.8074874878, 12.6465501785, 9.49661159515, -5.43876791, -4.89954328537], [155.530410767, -17.7821350098, -27.5322742462, -33.8104705811, 7.04540061951, -1.87701427937, 22.6095085144, 27.8074874878, 50.553440094, 21.8302745819, 10.1390762329, 2.31672525406, -6.25309324265], [55.444065094, 14.0705356598, -12.15193367, -30.8664836884, 2.33739686012, -8.01110363007, 7.40753030777, 12.6465501785, 21.8302745819, 38.0551948547, 14.0260181427, -0.200158700347, -1.71642839909], [201.523742676, -66.5248947144, -52.2484092712, -9.54075050354, -4.05117177963, 1.85778582096, 1.43100118637, 9.49661159515, 10.1390762329, 14.0260181427, 29.13331604, 9.31009483337, -1.71395230293], [-98.5970687866, 69.6422042847, 28.710981369, -24.616355896, -10.443104744, -11.2517604828, 9.10279941559, -5.43876791, 2.31672525406, -0.200158700347, 9.31009483337, 28.5205307007, 9.04465103149], [-105.732383728, 7.1551823616, 48.964263916, 22.7949924469, -13.0487937927, 9.6259021759, -4.84815406799, -4.89954328537, -6.25309324265, -1.71642839909, -1.71395230293, 9.04465103149, 28.2910137177]]
        icov: [[0.000416866067098, 0.00049795745872, 0.000633425428532, 0.000571803888306, 0.000991564593278, -0.000164112803759, -0.000547148578335, -0.000618076010142, 1.29467853185e-05, 0.00020530866459, -0.000321106082993, 0.000537792395335, 1.13162268462e-05], [0.00049795745872, 0.00107109709643, 0.000388295506127, 0.00123969861306, 0.00110683729872, 0.00059088866692, -0.000925909844227, -6.83784965076e-05, 4.98859262734e-05, 0.000284366862616, -0.000134226735099, 0.000804501527455, -0.000178875474376], [0.000633425428532, 0.000388295506127, 0.00184215884656, 0.000443995901151, 0.00175849196967, -0.000153116998263, -0.00107485312037, 0.000355266412953, -0.000758749491069, 0.000296519108815, -0.00019324682944, 0.00123833527323, -0.00109373976011], [0.000571803888306, 0.00123969861306, 0.000443995901151, 0.0039228242822, 0.00021925031615, -0.00205862871371, 0.000649936147965, 0.00139440048952, -0.000385880412068, 0.00138531136326, -0.000627658097073, 0.00197545951232, -0.00162210548297], [0.000991564593278, 0.00110683729872, 0.00175849196967, 0.00021925031615, 0.0114359958097, 0.000750438193791, -0.00485986564308, -0.000707971164957, -0.00033992290264, -9.26226421143e-05, -0.000108474865556, 0.00420626904815, 0.002837554086], [-0.000164112803759, 0.00059088866692, -0.000153116998263, -0.00205862871371, 0.000750438193791, 0.0149055970833, -0.00306373182684, -0.0029922358226, 0.000811804784462, 0.00302245141938, -0.00203767046332, 0.00549221225083, -0.00612425245345], [-0.000547148578335, -0.000925909844227, -0.00107485312037, 0.000649936147965, -0.00485986564308, -0.00306373182684, 0.0160469803959, -0.00195491616614, -0.00421676132828, -0.00038374189171, 0.00374740245752, -0.00818686932325, 0.002627245849], [-0.000618076010142, -6.83784965076e-05, 0.000355266412953, 0.00139440048952, -0.000707971164957, -0.0029922358226, -0.00195491616614, 0.0313944853842, -0.0137884886935, 0.000312606716761, -0.00271998997778, 0.00724571570754, -0.00374738872051], [1.29467853185e-05, 4.98859262734e-05, -0.000758749491069, -0.000385880412068, -0.00033992290264, 0.000811804784462, -0.00421676132828, -0.0137884886935, 0.0365761891007, -0.0158624835312, 0.000482848787215, -0.00628142245114, 0.00727571360767], [0.00020530866459, 0.000284366862616, 0.000296519108815, 0.00138531136326, -9.26226421143e-05, 0.00302245141938, -0.00038374189171, 0.000312606716761, -0.0158624835312, 0.0440347008407, -0.0204459372908, 0.0131557676941, -0.00829574558884], [-0.000321106082993, -0.000134226735099, -0.00019324682944, -0.000627658097073, -0.000108474865556, -0.00203767046332, 0.00374740245752, -0.00271998997778, 0.000482848787215, -0.0204459372908, 0.0548585578799, -0.0251806229353, 0.0107284663245], [0.000537792395335, 0.000804501527455, 0.00123833527323, 0.00197545951232, 0.00420626904815, 0.00549221225083, -0.00818686932325, 0.00724571570754, -0.00628142245114, 0.0131557676941, -0.0251806229353, 0.0592540539801, -0.0230645071715], [1.13162268462e-05, -0.000178875474376, -0.00109373976011, -0.00162210548297, 0.002837554086, -0.00612425245345, 0.002627245849, -0.00374738872051, 0.00727571360767, -0.00829574558884, 0.0107284663245, -0.0230645071715, 0.0509566925466]]
    spectral_contrast:
        mean: [1.46829904679e-07, 1.81461302873e-07, 2.6027015565e-07, 1.59169928793e-07, -2.57596923348e-07, -9.8547722871e-08, 1.76654646111e-06, -4.11058181271e-06, -5.25265932083e-07, 6.18674164343e-07, -1.44789612477e-06, -4.606114544e-06]
        var: [0.000275592232356, 0.000469919672469, 0.00105887081008, 0.00115759228356, 0.00349472160451, 0.00455769523978, 0.052415676415, 0.103813633323, 0.192833706737, 0.386415839195, 1.18099868298, 15.433848381]

rhythm:
    beats_loudness:
        dmean: 0.00418333429843
        dmean2: 0.00668748654425
        dvar: 1.22621904666e-05
        dvar2: 3.95555762225e-05
        max: 0.0171924568713
        mean: 0.00785859394819
        min: 0.00190624862444
        var: 1.35235522976e-05
    beats_loudness_bass:
        dmean: 0.243252798915
        dmean2: 0.335918784142
        dvar: 0.0249130763113
        dvar2: 0.0851327776909
        max: 0.956300854683
        mean: 0.657568693161
        min: 0.314034759998
        var: 0.039900239557
    bpm: 130.072982788
    bpm_confidence: 0
    first_peak_bpm: 130
    first_peak_spread: 0
    first_peak_weight: 0.949999988079
    onset_rate: 4.78515625
    second_peak_bpm: 123
    second_peak_spread: 0
    second_peak_weight: 0.0500000007451
    beats_position: [0.255036324263, 0.716390788555, 1.17774522305, 1.63909971714, 2.10045409203, 2.56180858612, 3.02316331863, 3.48451781273, 3.94587230682, 4.4072265625, 4.86858129501, 5.32993555069, 5.7912902832, 6.27849054337, 6.7396979332, 7.20090484619, 7.66211223602, 8.12331867218, 8.58452606201, 9.04573345184, 9.506939888]
    bpm_estimates: [130.232925415, 130.110137939, 130.32661438, 130.585800171, 129.850921631, 130.124099731, 129.771118164, 129.940444946, 129.841033936, 129.921234131, 129.87071228, 130.167785645, 130.101882935, 130.282089233, 130.543670654, 130.031829834, 130.143356323, 130.060501099, 129.996582031, 129.91696167, 129.876846313, 129.908676147]
    bpm_intervals: [0.461354464293, 0.46135443449, 0.461354494095, 0.461354374886, 0.461354494095, 0.461354732513, 0.461354494095, 0.461354494095, 0.461354255676, 0.461354732513, 0.461354255676, 0.461354732513, 0.487200260162, 0.461207389832, 0.461206912994, 0.461207389832, 0.461206436157, 0.461207389832, 0.461207389832, 0.461206436157]
    onset_times: [0.0696598663926, 0.243809521198, 0.476009070873, 0.708208620548, 0.940408170223, 1.17260766029, 1.32353746891, 1.40480720997, 1.63700675964, 1.86920630932, 2.10140585899, 2.33360552788, 2.56580495834, 2.80961441994, 3.03020405769, 3.14630389214, 3.26240372658, 3.49460315704, 3.72680282593, 3.94739222527, 4.19120168686, 4.41179132462, 4.65560102463, 4.87619066238, 5.01551008224, 5.11999988556, 5.34058952332, 5.58439922333, 5.80498886108, 6.03718805313, 6.26938772202, 6.51319742203, 6.73378705978, 6.86149644852, 6.96598625183, 7.19818592072, 7.44199562073, 7.66258525848, 7.89478445053, 8.12698459625, 8.35918331146, 8.59138298035, 8.82358264923, 9.05578231812, 9.287981987, 9.52018165588, 9.75238132477, 9.98458003998]
    rubato_start: []
    rubato_stop: []
    perceptual_tempo: "unknown"

sfx:
    inharmonicity:
        dmean: 0.0215569455177
        dmean2: 0.037853050977
        dvar: 0.00158505328
        dvar2: 0.00428419420496
        max: 0.408434897661
        mean: 0.0225277300924
        min: 0
        var: 0.00189928279724
    oddtoevenharmonicenergyratio:
        dmean: 1.1374849081
        dmean2: 2.0175242424
        dvar: 9.5732831955
        dvar2: 27.2275676727
        max: 36.9717140198
        mean: 1.19652879238
        min: 0
        var: 7.67968988419
    pitch_after_max_to_before_max_energy_ratio: 0.636311471462
    pitch_centroid: 239.224136353
    pitch_max_to_total: 0.722222208977
    pitch_min_to_total: 0.0717592611909
    tristimulus:
        dmean: [0.218632936478, 0.214327052236, 0.0341638103127]
        dmean2: [0.399350166321, 0.388231366873, 0.0651668682694]
        dvar: [0.0634844303131, 0.0655555278063, 0.0107808699831]
        dvar2: [0.152026221156, 0.174641057849, 0.0311859361827]
        max: [1, 0.943067729473, 0.726187646389]
        mean: [0.600576758385, 0.318012923002, 0.0318930968642]
        min: [0.0189957488328, 0, 0]
        var: [0.107354298234, 0.0986460223794, 0.0121473269537]

tonal:
    chords_changes_rate: 0.129032254219
    chords_number_rate: 0.0322580635548
    chords_strength:
        dmean: 0.016603410244
        dmean2: 0.0160708837211
        dvar: 0.000180229428224
        dvar2: 0.000164142475114
        max: 0.521041870117
        mean: 0.364488065243
        min: 0.199883818626
        var: 0.00464570568874
    key_strength: 0.524389624596
    tuning_diatonic_strength: 0.196262955666
    tuning_equal_tempered_deviation: 0.161356672645
    tuning_frequency: 438.224517822
    tuning_nontempered_energy_ratio: 0.764464616776
    hpcp:
        dmean: [0.17175348103, 0.157973393798, 0.135212823749, 0.14971216023, 0.151512056589, 0.105723410845, 0.108875334263, 0.110377110541, 0.101810887456, 0.0903159603477, 0.082899145782, 0.0777265131474, 0.0753345042467, 0.0817318633199, 0.117664441466, 0.16244725883, 0.152134642005, 0.167071759701, 0.183159470558, 0.146869510412, 0.124064221978, 0.124195538461, 0.119893267751, 0.100990712643, 0.106181807816, 0.109938256443, 0.131786137819, 0.133657947183, 0.0880668833852, 0.0802557095885, 0.105802975595, 0.0925766006112, 0.0831043571234, 0.0937191620469, 0.0886587575078, 0.102449797094]
        dmean2: [0.290240168571, 0.276914179325, 0.247442811728, 0.274073302746, 0.268951207399, 0.195113480091, 0.207611009479, 0.209763124585, 0.177202537656, 0.161721393466, 0.15344747901, 0.141177117825, 0.128500655293, 0.141461104155, 0.21935467422, 0.285395473242, 0.254295051098, 0.289969056845, 0.306629270315, 0.239809662104, 0.233454108238, 0.221483767033, 0.217778965831, 0.191778570414, 0.200471147895, 0.203858226538, 0.232182189822, 0.228590145707, 0.151421874762, 0.138245120645, 0.181301549077, 0.1649081707, 0.151578277349, 0.168574348092, 0.146559551358, 0.168740272522]
        dvar: [0.0556319877505, 0.0483732484281, 0.0369431786239, 0.0681542307138, 0.0569625459611, 0.0316780768335, 0.0416914783418, 0.0394522659481, 0.0316331684589, 0.0338464342058, 0.022741554305, 0.0165902636945, 0.014063061215, 0.015652725473, 0.0413301289082, 0.0771123319864, 0.0456643737853, 0.0435483045876, 0.0649904385209, 0.0337136536837, 0.0367619208992, 0.0455787368119, 0.0508483573794, 0.0361346565187, 0.0480487272143, 0.0380565710366, 0.0435249470174, 0.0542579963803, 0.0190421324223, 0.0233141817153, 0.0365389175713, 0.022482721135, 0.0261921435595, 0.0434177443385, 0.0231028813869, 0.0204401705414]
        dvar2: [0.120516225696, 0.136911079288, 0.102625533938, 0.151292130351, 0.134818732738, 0.0925773084164, 0.113531038165, 0.108708232641, 0.0827670097351, 0.069898493588, 0.0580068938434, 0.0442142747343, 0.0325047522783, 0.03887661919, 0.113097548485, 0.179215803742, 0.0990802198648, 0.116903916001, 0.143112197518, 0.0774853006005, 0.102101609111, 0.104728229344, 0.13737937808, 0.110905453563, 0.133015364408, 0.10672223568, 0.11778678745, 0.124893590808, 0.0439417585731, 0.0528245270252, 0.0940706208348, 0.0549768544734, 0.0685143098235, 0.0904064774513, 0.0469412244856, 0.0515099652112]
        max: [1, 1, 1, 1, 1, 1, 1, 1, 1, 1, 1, 0.832311034203, 0.812579870224, 0.927185058594, 1, 1, 1, 1, 1, 1, 1, 1, 1, 1, 1, 1, 1, 1, 0.865790843964, 1, 1, 1, 1, 1, 1, 0.924245834351]
        mean: [0.215914815664, 0.156133234501, 0.128318995237, 0.206480696797, 0.166603758931, 0.0797714293003, 0.0716188699007, 0.0750273242593, 0.116774745286, 0.140358448029, 0.0928539261222, 0.0717606991529, 0.0761190876365, 0.0675566643476, 0.12957046926, 0.254251778126, 0.21561679244, 0.204107686877, 0.326502263546, 0.222355082631, 0.0973992496729, 0.131213605404, 0.108011744916, 0.0663067176938, 0.0726184993982, 0.0760095566511, 0.130121663213, 0.156702816486, 0.0925072580576, 0.0812157392502, 0.0984673127532, 0.0712281167507, 0.0825774297118, 0.147267922759, 0.126256898046, 0.140106394887]
        min: [0, 0, 0, 0, 0, 0, 0, 0, 0, 0, 0, 0, 0, 0, 0, 6.02973898367e-07, 2.08550957836e-07, 3.9209939132e-05, 1.59676403655e-06, 0, 0, 0, 0, 0, 0, 0, 0, 0, 3.00174815493e-06, 3.08105740032e-07, 9.65228196037e-07, 9.26191944473e-07, 0, 7.52757898681e-07, 3.96153200199e-06, 0]
        var: [0.0945577844977, 0.0486963279545, 0.0346219912171, 0.111120760441, 0.0762426778674, 0.0229347087443, 0.0284596625715, 0.025993546471, 0.0320911109447, 0.0679357647896, 0.0329266116023, 0.0164569318295, 0.0233196821064, 0.0197330005467, 0.0409615747631, 0.144451633096, 0.0882327854633, 0.0533216185868, 0.151718810201, 0.0713286176324, 0.0292037446052, 0.0741886124015, 0.0573124736547, 0.0221265796572, 0.0323875956237, 0.0247600767761, 0.0466657616198, 0.0811020433903, 0.0296679046005, 0.0237798765302, 0.0333878360689, 0.0199426189065, 0.0274432245642, 0.0946390554309, 0.0531363263726, 0.031598880887]
    chords_histogram: [0, 0, 0, 1.38248848915, 0, 2.30414748192, 0, 0, 10.1382484436, 6.91244220734, 14.7465438843, 0.460829496384, 0.460829496384, 0, 0, 0, 0, 0.921658992767, 0, 0, 0, 0, 51.1520729065, 11.520737648]
    thpcp: [1, 0.681021571159, 0.298311114311, 0.401876568794, 0.330814689398, 0.203081950545, 0.222413465381, 0.232799485326, 0.398532181978, 0.479944050312, 0.283328086138, 0.248744800687, 0.301582336426, 0.218155041337, 0.252915322781, 0.451047182083, 0.386695325375, 0.429113090038, 0.661296546459, 0.478199541569, 0.393011033535, 0.632402062416, 0.510268330574, 0.244321212173, 0.219351828098, 0.229791134596, 0.357653707266, 0.429885059595, 0.284389853477, 0.219786226749, 0.233134940267, 0.206910252571, 0.396844029427, 0.778713703156, 0.660383760929, 0.625134050846]
    chords_key: "G#"
    chords_scale: "major"
    key_key: "D#"
    key_scale: "major"
    chords_progression: ["G", "G", "G", "G", "G", "G", "G", "G", "G", "G#", "G#", "G#", "G#", "G#", "G#", "G#", "G#", "G#", "G#", "G#", "G#", "G#", "G#", "G#", "Cm", "Am", "Am", "Cm", "Cm", "Cm", "Cm", "Cm", "Cm", "Cm", "G#", "G#", "G#", "G#", "G#", "G#", "G#", "G#", "G#", "G#", "G#", "G#", "G#", "G#", "G#", "G#", "G#", "G#", "G#", "G#", "G#", "G#", "G#", "G#", "G#", "G#", "D", "D", "G#", "G#", "G#", "G#", "G#", "G#", "G#", "G#", "G#", "G", "D", "D", "D", "D", "D", "D", "D", "D", "D", "D", "D", "D", "D", "D", "D", "D", "D", "D", "Dm", "Bm", "Bm", "Bm", "Bm", "Bm", "Bm", "Bm", "Bm", "Bm", "Cm", "Cm", "Cm", "Cm", "Am", "Am", "Am", "Bm", "Bm", "Cm", "Cm", "Cm", "Cm", "G#", "G#", "G#", "G#", "G#", "G#", "G#", "G#", "G#", "G#", "G#", "G#", "G#", "G#", "D#m", "D#m", "G#", "G#", "G#", "G#", "G#", "G#", "G#", "G#", "G#", "F#m", "G#", "G#", "G#", "G#", "G#", "G#", "G#", "G#", "G#", "G#", "G#", "G#", "G#", "G#", "G#", "D", "D", "D", "D", "D", "D", "D", "D", "D", "D", "D", "D", "Dm", "Dm", "G", "G", "G", "G", "G", "G", "G", "G", "G", "G", "G", "G", "Cm", "Cm", "Cm", "Cm", "Cm", "Bm", "Bm", "Bm", "Bm", "Cm", "Cm", "Cm", "Cm", "G#", "G#", "G#", "G#", "G#", "G#", "G#", "G#", "G#", "G#", "G#", "G#", "G#", "G#", "G#", "G#", "G#", "G#", "G#", "G#", "G#", "G#", "G#", "A"]
