
metadata:
    version:
        essentia: "1.2.2"
    audio_properties:
        analysis_sample_rate: 44100
        bitrate: 128
        channels: 2
        equal_loudness: 1
        length: 10.0310201645
        replay_gain: -8.91862678528
        downmix: "mix"
    tags:
        track: 6
        year: 0
        album: "Splitted by Mp3Splt v. 2.1"
        artist: "From 000.50 To 001.00"
        comment: "http://mp3splt.sf.net"
        genre: ""
        title: "14 Monica.mp3"

highlevel:
    ballroom:
        all:
            ChaChaCha: 0.0729124397039
            Jive: 0.243269965053
            Quickstep: 0.140035003424
            Rumba-American: 0.0148258311674
            Rumba-International: 0.109486579895
            Rumba-Misc: 0.0454105138779
            Samba: 0.105605356395
            Tango: 0.0213022604585
            VienneseWaltz: 0.192289441824
            Waltz: 0.0548626184464
        probability: 0.243269965053
        value: "Jive"
    culture:
        all:
            non_western: 0.0426306128502
            western: 0.95736938715
        probability: 0.95736938715
        value: "western"
    gender:
        all:
            female: 0.161466360092
            male: 0.838533639908
        probability: 0.838533639908
        value: "male"
    genre_dortmund:
        all:
            alternative: 0.0466126576066
            blues: 0.0552581064403
            electronic: 0.0443273298442
            folkcountry: 0.124946393073
            funksoulrnb: 0.165358230472
            jazz: 0.228444471955
            pop: 0.0786261111498
            raphiphop: 0.00779908942059
            rock: 0.248627617955
        probability: 0.248627617955
        value: "rock"
    genre_electronica:
        all:
            ambient: 0.468472987413
            dnb: 0.328553140163
            house: 0.0458124130964
            techno: 0.0102960914373
            trance: 0.146865367889
        probability: 0.468472987413
        value: "ambient"
    genre_rosamerica:
        all:
            cla: 0.0454446151853
            dan: 0.0313644185662
            hip: 0.00889551825821
            jaz: 0.0332714878023
            pop: 0.466970205307
            rhy: 0.030876128003
            roc: 0.379478782415
            spe: 0.00369885121472
        probability: 0.466970205307
        value: "pop"
    genre_tzanetakis:
        all:
            blu: 0.00258456263691
            cla: 0.0022202199325
            cou: 0.02311046049
            dis: 0.0739538371563
            hip: 0.00298128533177
            jaz: 0.0164900198579
            met: 0.00531858112663
            pop: 0.617386698723
            reg: 0.0108725680038
            roc: 0.24508176744
        probability: 0.617386698723
        value: "pop"
    live_studio:
        all:
            live: 0.294412195683
            studio: 0.705587804317
        probability: 0.705587804317
        value: "studio"
    mood:
        all:
            Cluster1: 0.277114212513
            Cluster2: 0.310065627098
            Cluster3: 0.155737116933
            Cluster4: 0.218947321177
            Cluster5: 0.0381357520819
        probability: 0.310065627098
        value: "Cluster2"
    mood_acoustic:
        all:
            acoustic: 0.39041441679
            not_acoustic: 0.60958558321
        probability: 0.60958558321
        value: "not_acoustic"
    mood_aggressive:
        all:
            aggressive: 0.0245767291635
            not_aggressive: 0.975423276424
        probability: 0.975423276424
        value: "not_aggressive"
    mood_electronic:
        all:
            electronic: 0.375999718904
            not_electronic: 0.624000310898
        probability: 0.624000310898
        value: "not_electronic"
    mood_happy:
        all:
            happy: 0.890527665615
            not_happy: 0.109472326934
        probability: 0.890527665615
        value: "happy"
    mood_party:
        all:
            not_party: 0.797976255417
            party: 0.202023744583
        probability: 0.797976255417
        value: "not_party"
    mood_relaxed:
        all:
            not_relaxed: 0.259623497725
            relaxed: 0.740376472473
        probability: 0.740376472473
        value: "relaxed"
    mood_sad:
        all:
            not_sad: 8.47890824218e-09
            sad: 1
        probability: 1
        value: "sad"
    rhythm:
        all:
            fast: 0.642940819263
            medium: 0.306491672993
            slow: 0.050567496568
        probability: 0.642940819263
        value: "fast"
    speech_music:
        all:
            music: 3.00000096379e-14
            speech: 1
        probability: 1
        value: "speech"
    timbre:
        all:
            bright: 0.317713588476
            dark: 0.682286441326
        probability: 0.682286441326
        value: "dark"
    voice_instrumental:
        all:
            instrumental: 0.0913386270404
            voice: 0.908661365509
        probability: 0.908661365509
        value: "voice"

lowlevel:
    average_loudness: 0.966757714748
    barkbands_kurtosis:
        dmean: 1.46688556671
        dmean2: 2.25597119331
        dvar: 7.57091569901
        dvar2: 15.1432170868
        max: 31.4086723328
        mean: 0.641163468361
        min: -1.85280549526
        var: 17.8493785858
    barkbands_skewness:
        dmean: 0.479714930058
        dmean2: 0.722612023354
        dvar: 0.250804454088
        dvar2: 0.536415278912
        max: 5.30760955811
        mean: 0.890077531338
        min: -1.43095421791
        var: 0.888039648533
    barkbands_spread:
        dmean: 5.28693008423
        dmean2: 8.04775714874
        dvar: 27.586894989
        dvar2: 58.3514213562
        max: 50.0672683716
        mean: 27.4496231079
        min: 4.6178894043
        var: 109.865646362
    dissonance:
        dmean: 0.0231102742255
        dmean2: 0.0383290722966
        dvar: 0.000528025790118
        dvar2: 0.0013744966127
        max: 0.499411076307
        mean: 0.449203640223
        min: 0.323794394732
        var: 0.001130589284
    hfc:
        dmean: 1.84258139133
        dmean2: 2.46052742004
        dvar: 5.58287763596
        dvar2: 11.8745641708
        max: 24.6760082245
        mean: 5.75279045105
        min: 0.434947580099
        var: 18.7918109894
    pitch:
        dmean: 446.197174072
        dmean2: 871.856384277
        dvar: 1206998.5
        dvar2: 3051479
        max: 4410
        mean: 622.890563965
        min: 65.3333358765
        var: 1245673.75
    pitch_instantaneous_confidence:
        dmean: 0.0971709415317
        dmean2: 0.153350368142
        dvar: 0.0079244794324
        dvar2: 0.0187962669879
        max: 0.837506830692
        mean: 0.438836663961
        min: 0.130185306072
        var: 0.0177900716662
    pitch_salience:
        dmean: 0.0609685443342
        dmean2: 0.10035802424
        dvar: 0.00245896074921
        dvar2: 0.00609846971929
        max: 0.793618142605
        mean: 0.602446854115
        min: 0.37888994813
        var: 0.00664125429466
    silence_rate_20dB:
        dmean: 0
        dmean2: 0
        dvar: 0
        dvar2: 0
        max: 1
        mean: 1
        min: 1
        var: 0
    silence_rate_30dB:
        dmean: 0
        dmean2: 0
        dvar: 0
        dvar2: 0
        max: 1
        mean: 1
        min: 1
        var: 0
    silence_rate_60dB:
        dmean: 0.0974477976561
        dmean2: 0.195348843932
        dvar: 0.0879518389702
        dvar2: 0.166490450501
        max: 1
        mean: 0.280092597008
        min: 0
        var: 0.201640948653
    spectral_centroid:
        dmean: 252.512084961
        dmean2: 379.208312988
        dvar: 68243.859375
        dvar2: 160710.65625
        max: 3071.62133789
        mean: 1172.23010254
        min: 349.568359375
        var: 227708.484375
    spectral_complexity:
        dmean: 3.10722613335
        dmean2: 4.50233650208
        dvar: 12.7903738022
        dvar2: 25.296754837
        max: 36
        mean: 12.2139530182
        min: 0
        var: 45.5077171326
    spectral_crest:
        dmean: 2.39909315109
        dmean2: 3.82492256165
        dvar: 4.20164680481
        dvar2: 11.0937843323
        max: 21.2761592865
        mean: 8.61299419403
        min: 3.03046107292
        var: 10.3515081406
    spectral_decrease:
        dmean: 3.02573938127e-10
        dmean2: 4.54706938768e-10
        dvar: 1.49625960969e-19
        dvar2: 3.42604070101e-19
        max: -4.70763185378e-11
        mean: -1.1156803259e-09
        min: -3.8038243666e-09
        var: 3.58743785568e-19
    spectral_energy:
        dmean: 0.00125834683422
        dmean2: 0.00184213882312
        dvar: 2.59112084677e-06
        dvar2: 5.88807642998e-06
        max: 0.0165825895965
        mean: 0.00473262974992
        min: 0.000225777752348
        var: 6.65054631099e-06
    spectral_energyband_high:
        dmean: 0.000109351873107
        dmean2: 0.000152270964463
        dvar: 2.33136585592e-08
        dvar2: 4.10232559034e-08
        max: 0.00173864932731
        mean: 0.000238595428527
        min: 5.99935719947e-06
        var: 7.30251343839e-08
    spectral_energyband_low:
        dmean: 0.00014817751071
        dmean2: 0.00025520726922
        dvar: 1.14363061243e-07
        dvar2: 3.18427254342e-07
        max: 0.0023964184802
        mean: 0.000196692417376
        min: 2.10331177186e-06
        var: 9.32905521722e-08
    spectral_energyband_middle_high:
        dmean: 0.000587503891438
        dmean2: 0.000846342532896
        dvar: 4.99386487718e-07
        dvar2: 1.13081034669e-06
        max: 0.00635150307789
        mean: 0.0016515282914
        min: 5.45987713849e-05
        var: 1.57504393883e-06
    spectral_energyband_middle_low:
        dmean: 0.000909139227588
        dmean2: 0.00141898740549
        dvar: 1.22625147014e-06
        dvar2: 3.12619818033e-06
        max: 0.00965990219265
        mean: 0.0026458047796
        min: 6.33194940747e-05
        var: 2.42631654146e-06
    spectral_flatness_db:
        dmean: 0.0198177807033
        dmean2: 0.0288677066565
        dvar: 0.000334670738084
        dvar2: 0.000597342092078
        max: 0.263676732779
        mean: 0.168385133147
        min: 0.0673254281282
        var: 0.00103164149914
    spectral_flux:
        dmean: 0.00931068416685
        dmean2: 0.0141978831962
        dvar: 8.16712999949e-05
        dvar2: 0.000154778550495
        max: 0.0941872298717
        mean: 0.0377315729856
        min: 0.0087045552209
        var: 0.000228032295126
    spectral_kurtosis:
        dmean: 1.40296065807
        dmean2: 2.2733476162
        dvar: 1.49938964844
        dvar2: 3.92566752434
        max: 13.8533592224
        mean: 4.00782442093
        min: 0.20597243309
        var: 5.05777406693
    spectral_rms:
        dmean: 0.000279886444332
        dmean2: 0.000396752438974
        dvar: 9.50093124175e-08
        dvar2: 1.99994474315e-07
        max: 0.00402220524848
        mean: 0.00206829234958
        min: 0.000469330349006
        var: 3.39365357149e-07
    spectral_rolloff:
        dmean: 532.908508301
        dmean2: 868.622802734
        dvar: 439700.40625
        dvar2: 911213.4375
        max: 4543.50585938
        mean: 2362.39282227
        min: 301.46484375
        var: 1265596.75
    spectral_skewness:
        dmean: 0.220344513655
        dmean2: 0.333596438169
        dvar: 0.034862678498
        dvar2: 0.0843907147646
        max: 2.71446204185
        mean: 1.49682474136
        min: 0.130027204752
        var: 0.193931296468
    spectral_spread:
        dmean: 648399.5
        dmean2: 911603.5
        dvar: 861340893184
        dvar2: 1.11061355725e+12
        max: 21871508
        mean: 4558545
        min: 2487069.5
        var: 1.84768305562e+12
    spectral_strongpeak:
        dmean: 0.299515128136
        dmean2: 0.517449021339
        dvar: 0.228599280119
        dvar2: 0.582480370998
        max: 3.46510839462
        mean: 0.504258334637
        min: 0.0168787483126
        var: 0.245402440429
    zerocrossingrate:
        dmean: 0.00903832539916
        dmean2: 0.0103349061683
        dvar: 7.15885180398e-05
        dvar2: 8.59116189531e-05
        max: 0.1455078125
        mean: 0.0719045251608
        min: 0.02099609375
        var: 0.000544128066394
    barkbands:
        dmean: [2.41754406716e-07, 2.89168146992e-05, 0.000127537467051, 0.000121406883409, 0.000434118876001, 0.000386805098969, 0.000185021053767, 0.00017576146638, 0.00014514826762, 0.000176133224159, 8.18208427518e-05, 4.79009468108e-05, 5.90793970332e-05, 5.87206995988e-05, 4.8937065003e-05, 4.57038950117e-05, 9.36023352551e-05, 0.00012512790272, 0.000167645222973, 0.000102998048533, 5.21454458067e-05, 1.53406235768e-05, 3.99375085181e-06, 1.23090956095e-06, 7.46495459225e-07, 5.19085965323e-08, 4.8337636116e-09]
        dmean2: [3.77155544129e-07, 4.79628506582e-05, 0.000221627022256, 0.000219728710363, 0.000677927979268, 0.000617394107394, 0.000311208830681, 0.000290937750833, 0.000235247702221, 0.000280052016024, 0.00012542460172, 7.82326169428e-05, 8.74990437296e-05, 8.85937552084e-05, 7.72499333834e-05, 6.55791955069e-05, 0.000145948040881, 0.000194829757675, 0.00026763844653, 0.000147494880366, 7.8723373008e-05, 2.26018000831e-05, 6.01013152846e-06, 1.94627205019e-06, 1.16275737128e-06, 8.11462825823e-08, 5.09117370484e-09]
        dvar: [4.28555140593e-13, 4.03926403436e-09, 8.3855503874e-08, 2.33696813012e-08, 3.72174895347e-07, 3.03193701257e-07, 1.63334576087e-07, 1.16351579038e-07, 5.02230435018e-08, 1.51540376692e-07, 2.55076901823e-08, 6.21338225315e-09, 9.37838073867e-09, 1.52781645113e-08, 5.27791321758e-09, 6.89933621345e-09, 2.22032401354e-08, 3.37079981705e-08, 8.77390604614e-08, 2.60804622343e-08, 5.78130476825e-09, 6.4971694691e-10, 1.26876842366e-10, 4.88894428413e-12, 1.45453245802e-12, 1.71809621922e-14, 8.73340265937e-15]
        dvar2: [9.44686277989e-13, 1.01158885712e-08, 2.38602837044e-07, 6.88658730041e-08, 8.54026268371e-07, 7.85814961546e-07, 4.5903618684e-07, 3.0598749845e-07, 1.31193374386e-07, 3.62522115438e-07, 5.5380446895e-08, 1.38219267143e-08, 1.95560616589e-08, 3.30888489941e-08, 1.23579741995e-08, 1.26972379277e-08, 6.02142833372e-08, 8.06795767971e-08, 2.28123411716e-07, 4.40820961956e-08, 1.33414497228e-08, 1.17354326257e-09, 2.91869278746e-10, 1.27688293966e-11, 3.53944759786e-12, 3.02862627284e-14, 8.74639360368e-15]
        max: [4.66259189125e-06, 0.000429667998105, 0.00196614069864, 0.000902741448954, 0.0075285458006, 0.00492958119139, 0.00562715670094, 0.00421290053055, 0.00179784791544, 0.00399522483349, 0.00177723250818, 0.000986725324765, 0.0013269209303, 0.00172909186222, 0.000801053829491, 0.000873844022863, 0.00161026162095, 0.00180396460928, 0.00395416840911, 0.00216824258678, 0.00083779275883, 0.000336862925906, 0.000194430467673, 2.15691943595e-05, 8.21237244963e-06, 2.00393947125e-06, 1.93903156287e-06]
        mean: [2.06817134085e-07, 4.36439586338e-05, 0.000152851629537, 0.000143516779644, 0.00100233231205, 0.000748792896047, 0.000275049853371, 0.000213093910133, 0.00021150635439, 0.000252285855822, 0.00014262519835, 9.29534144234e-05, 0.000115627422929, 0.0001002372519, 8.80978332134e-05, 8.17130130599e-05, 0.000179726004717, 0.000252005294897, 0.000295323348837, 0.000197218803805, 0.000106752871943, 2.83370191028e-05, 5.88625653108e-06, 1.84431894468e-06, 9.45532462993e-07, 5.35148885206e-08, 4.80511319623e-09]
        min: [3.62295263234e-11, 2.47667468756e-08, 1.36812923301e-06, 3.22776395478e-06, 8.49184289109e-06, 3.85452631235e-06, 5.65255231777e-06, 2.11179212783e-06, 4.5708441121e-07, 1.77393110334e-06, 9.3829510206e-07, 5.749662364e-07, 1.25586154809e-06, 9.20954732919e-07, 9.83064524007e-07, 8.58930206959e-07, 2.46891318056e-06, 2.65782705355e-06, 3.23614585795e-06, 2.69982206191e-06, 2.92608524433e-06, 8.1585181988e-07, 1.32196717573e-07, 7.53912487994e-08, 3.82905929186e-09, 9.47711797927e-10, 2.21826341475e-13]
        var: [4.1843018308e-13, 4.58176208085e-09, 6.57215082356e-08, 2.30515500022e-08, 9.17086310892e-07, 5.09893993694e-07, 1.98243554905e-07, 1.46928996969e-07, 7.8317775376e-08, 2.40121067918e-07, 6.81064662444e-08, 1.59818931422e-08, 2.7991610807e-08, 3.61181911046e-08, 1.05871782452e-08, 2.01710435022e-08, 5.65230102723e-08, 9.00458587694e-08, 1.49857328324e-07, 7.02135594111e-08, 1.36890943025e-08, 1.35483113617e-09, 1.38833458618e-10, 5.56688506057e-12, 1.64714834654e-12, 1.68497113235e-14, 8.72106308339e-15]
    mfcc:
        mean: [-716.88848877, 122.012969971, -40.5039978027, 50.4948883057, -25.1351718903, -8.63458633423, -6.42132520676, -11.645275116, -14.6679801941, -13.1158590317, -10.6260166168, -8.10165691376, -10.0942201614]
        cov: [[1726.23388672, -285.342041016, -268.757415771, 70.9783554077, 9.06081390381, -75.0982284546, 11.8017444611, 88.9209289551, 118.120445251, 26.1509666443, 5.83288669586, 27.3443164825, 54.4100189209], [-285.342041016, 557.593688965, -122.234565735, -189.817138672, -49.8317565918, 1.13861382008, 60.2109336853, 37.0133476257, -43.5774230957, -8.42834472656, 63.8057556152, 21.8042030334, -53.7471466064], [-268.757415771, -122.234565735, 394.342651367, 55.1797332764, 19.1198787689, 41.1379165649, 5.94202947617, -26.3293228149, 30.0597362518, 31.6803951263, -7.84827756882, 22.4904460907, 27.028924942], [70.9783554077, -189.817138672, 55.1797332764, 380.896209717, 89.0303726196, 7.48477506638, -87.5857925415, -18.0592136383, 37.9200782776, 20.1063785553, -46.5340194702, 9.65702152252, 108.720779419], [9.06081390381, -49.8317565918, 19.1198787689, 89.0303726196, 157.111083984, 21.138967514, -8.02027416229, -6.01994562149, 38.01304245, 6.75116539001, -28.7923088074, -4.65490007401, 27.3854846954], [-75.0982284546, 1.13861382008, 41.1379165649, 7.48477506638, 21.138967514, 128.73387146, 72.2731704712, 29.1604194641, -8.87889575958, 11.1478919983, 9.88016605377, 1.20298326015, 6.20711135864], [11.8017444611, 60.2109336853, 5.94202947617, -87.5857925415, -8.02027416229, 72.2731704712, 165.527023315, 66.3882293701, 20.3496685028, 15.6036958694, 32.650844574, 15.8866014481, -12.3223352432], [88.9209289551, 37.0133476257, -26.3293228149, -18.0592136383, -6.01994562149, 29.1604194641, 66.3882293701, 120.986251831, 53.8803749084, 34.14478302, 19.5885868073, 16.1081237793, 6.43588685989], [118.120445251, -43.5774230957, 30.0597362518, 37.9200782776, 38.01304245, -8.87889575958, 20.3496685028, 53.8803749084, 143.239700317, 70.7278518677, 5.83208608627, 17.9933891296, 16.1357021332], [26.1509666443, -8.42834472656, 31.6803951263, 20.1063785553, 6.75116539001, 11.1478919983, 15.6036958694, 34.14478302, 70.7278518677, 104.974266052, 41.6729393005, 17.8976573944, 7.69540548325], [5.83288669586, 63.8057556152, -7.84827756882, -46.5340194702, -28.7923088074, 9.88016605377, 32.650844574, 19.5885868073, 5.83208608627, 41.6729393005, 87.4392547607, 34.9567108154, -5.92604255676], [27.3443164825, 21.8042030334, 22.4904460907, 9.65702152252, -4.65490007401, 1.20298326015, 15.8866014481, 16.1081237793, 17.9933891296, 17.8976573944, 34.9567108154, 72.1970825195, 39.4001693726], [54.4100189209, -53.7471466064, 27.028924942, 108.720779419, 27.3854846954, 6.20711135864, -12.3223352432, 6.43588685989, 16.1357021332, 7.69540548325, -5.92604255676, 39.4001693726, 106.07068634]]
        icov: [[0.000908624671865, 0.000696907693055, 0.000808389449958, 4.79598311358e-05, 6.2756225816e-05, 0.000450112536782, -0.000243978545768, -0.000381049176212, -0.000584742228966, 0.00027211807901, -0.000305277964799, -0.00031735340599, -0.000245838542469], [0.000696907693055, 0.00302103674039, 0.00116936000995, 0.000905375403818, -0.000246212439379, 0.00043410458602, -0.000243571659666, -0.000942343845963, 0.000396300660213, 0.000212798811845, -0.00111370324157, -0.00121138070244, 0.000326403329382], [0.000808389449958, 0.00116936000995, 0.00388135295361, 9.13421681616e-05, 0.000354814575985, -0.000929825240746, -0.000411112327129, 0.0012117291335, -0.00108145794366, -0.000814674247522, 0.000802741385996, -0.00188839994371, -9.33742776397e-05], [4.79598311358e-05, 0.000905375403818, 9.13421681616e-05, 0.0055229132995, -0.00143016292714, -0.00139334145933, 0.00279776891693, -0.000294778117677, -0.000349441863364, -0.00101836258546, 0.000915032345802, 0.000694323505741, -0.0045360759832], [6.2756225816e-05, -0.000246212439379, 0.000354814575985, -0.00143016292714, 0.00864282250404, -0.00213130912744, -0.000216306507355, 0.00192247773521, -0.00334677263163, 0.00069934950443, 0.00184670451563, 0.000457781832665, -0.000638430588879], [0.000450112536782, 0.00043410458602, -0.000929825240746, -0.00139334145933, -0.00213130912744, 0.0133423749357, -0.00638115266338, -0.00214522052556, 0.00437494181097, -0.00219631171785, -0.000369603105355, 0.00147330586333, -0.000261584238615], [-0.000243978545768, -0.000243571659666, -0.000411112327129, 0.00279776891693, -0.000216306507355, -0.00638115266338, 0.0125304637477, -0.00404084892944, -0.00191860483028, 0.00202834582888, -0.00207140366547, -0.00067310401937, -0.000352053990355], [-0.000381049176212, -0.000942343845963, 0.0012117291335, -0.000294778117677, 0.00192247773521, -0.00214522052556, -0.00404084892944, 0.0143803171813, -0.00496189016849, -0.00108540046494, 0.00077186076669, -0.000405005848734, -0.000974314578343], [-0.000584742228966, 0.000396300660213, -0.00108145794366, -0.000349441863364, -0.00334677263163, 0.00437494181097, -0.00191860483028, -0.00496189016849, 0.0162572935224, -0.0102252298966, 0.00472095562145, -0.00284655252472, 0.00141060189344], [0.00027211807901, 0.000212798811845, -0.000814674247522, -0.00101836258546, 0.00069934950443, -0.00219631171785, 0.00202834582888, -0.00108540046494, -0.0102252298966, 0.0210859905928, -0.0114715602249, 0.00314782792702, -0.000315368612064], [-0.000305277964799, -0.00111370324157, 0.000802741385996, 0.000915032345802, 0.00184670451563, -0.000369603105355, -0.00207140366547, 0.00077186076669, 0.00472095562145, -0.0114715602249, 0.0239663589746, -0.0112761501223, 0.00334881315939], [-0.00031735340599, -0.00121138070244, -0.00188839994371, 0.000694323505741, 0.000457781832665, 0.00147330586333, -0.00067310401937, -0.000405005848734, -0.00284655252472, 0.00314782792702, -0.0112761501223, 0.0266021154821, -0.0112462714314], [-0.000245838542469, 0.000326403329382, -9.33742776397e-05, -0.0045360759832, -0.000638430588879, -0.000261584238615, -0.000352053990355, -0.000974314578343, 0.00141060189344, -0.000315368612064, 0.00334881315939, -0.0112462714314, 0.018763570115]]
    spectral_contrast:
        mean: [-1.04628675501e-07, 2.67523489583e-07, -1.16592921984e-07, 4.91391801916e-07, 2.75636836022e-07, -1.94408173115e-07, 1.82754081379e-06, 1.73538751369e-06, -7.1220620157e-07, -2.86629028778e-06, 3.38221707352e-06, 1.03046727418e-06]
        var: [0.000468002806883, 0.00102729676291, 0.00137906370219, 0.00317909172736, 0.00464100018144, 0.00565922725946, 0.047400098294, 0.110950499773, 0.176753416657, 0.372138410807, 0.439236193895, 1.3463177681]

rhythm:
    beats_loudness:
        dmean: 0.00280722859316
        dmean2: 0.00470362836495
        dvar: 3.33918910655e-06
        dvar2: 1.32010563902e-05
        max: 0.0112895490602
        mean: 0.00664848508313
        min: 0.00353161245584
        var: 4.23245273851e-06
    beats_loudness_bass:
        dmean: 0.0333519168198
        dmean2: 0.0602312274277
        dvar: 0.00105201092083
        dvar2: 0.00232666591182
        max: 0.133058279753
        mean: 0.0424939841032
        min: 0.00378837995231
        var: 0.0013149123406
    bpm: 131.991210938
    bpm_confidence: 0
    first_peak_bpm: 132
    first_peak_spread: 0
    first_peak_weight: 0.952380955219
    onset_rate: 4.38639307022
    second_peak_bpm: 122
    second_peak_spread: 0
    second_peak_weight: 0.047619048506
    beats_position: [0.196222186089, 0.649879813194, 1.1035374403, 1.55719506741, 2.01085281372, 2.46451044083, 2.91816806793, 3.37182569504, 3.82548332214, 4.27914094925, 4.73279809952, 5.18645572662, 5.64011335373, 6.13189411163, 6.58718681335, 7.04247951508, 7.49777173996, 7.95306539536, 8.40835762024, 8.86365032196, 9.31894302368, 9.7742357254]
    bpm_estimates: [132.555862427, 133.266357422, 131.446502686, 131.551651001, 132.434768677, 131.172271729, 132.936035156, 132.734634399, 131.504745483, 131.721939087, 130.680801392, 130.128875732, 130.364303589, 133.279785156, 134.349029541, 132.453948975, 131.984130859, 131.257720947, 132.009674072]
    bpm_intervals: [0.453657627106, 0.453657627106, 0.453657627106, 0.453657746315, 0.453657627106, 0.453657627106, 0.453657627106, 0.453657627106, 0.453657627106, 0.453657150269, 0.453657627106, 0.453657627106, 0.491780757904, 0.455292701721, 0.455292701721, 0.455292224884, 0.455293655396, 0.455292224884, 0.455292701721, 0.455292701721, 0.455292701721]
    onset_times: [0.0464399084449, 0.208979591727, 0.429569154978, 0.626938760281, 1.10294783115, 1.4164172411, 1.50929701328, 1.74149656296, 2.00852608681, 2.22911572456, 2.47292518616, 2.67029476166, 2.91410422325, 3.15791392326, 3.36689352989, 3.61070299149, 3.73841261864, 4.02866220474, 4.26086187363, 4.48145103455, 4.72526073456, 4.96907043457, 5.18966007233, 5.3754196167, 5.54956912994, 5.66566896439, 6.09523820877, 6.35065746307, 6.79183673859, 6.96598625183, 7.0356464386, 7.12852621078, 7.51165533066, 7.73224496841, 7.9644446373, 8.38240337372, 8.75392246246, 8.893242836, 9.04417228699, 9.11383247375, 9.31120204926, 9.5666217804, 9.79882049561, 10.0194101334]
    rubato_start: []
    rubato_stop: []
    perceptual_tempo: "unknown"

sfx:
    inharmonicity:
        dmean: 0.0409361198545
        dmean2: 0.0744397863746
        dvar: 0.00325380009599
        dvar2: 0.00931944698095
        max: 0.355164051056
        mean: 0.0372804552317
        min: 0
        var: 0.00258622760884
    oddtoevenharmonicenergyratio:
        dmean: 4.23792648315
        dmean2: 7.78565883636
        dvar: 131.357299805
        dvar2: 373.708526611
        max: 107.263206482
        mean: 2.7803580761
        min: 0
        var: 80.2931747437
    pitch_after_max_to_before_max_energy_ratio: 1.79539656639
    pitch_centroid: 194.022399902
    pitch_max_to_total: 0.125581398606
    pitch_min_to_total: 0.920930206776
    tristimulus:
        dmean: [0.223145112395, 0.248347818851, 0.0935429334641]
        dmean2: [0.383782714605, 0.436775386333, 0.164316028357]
        dvar: [0.0396621227264, 0.0452616773546, 0.0100112156942]
        dvar2: [0.0994042903185, 0.122521936893, 0.0293061155826]
        max: [1, 0.999013006687, 0.483070969582]
        mean: [0.438996821642, 0.428567707539, 0.0944418162107]
        min: [0.000987011473626, 0, 0]
        var: [0.0613213963807, 0.0663049817085, 0.0096339546144]

tonal:
    chords_changes_rate: 0.0694444477558
    chords_number_rate: 0.0277777779847
    chords_strength:
        dmean: 0.0105796344578
        dmean2: 0.0114989168942
        dvar: 6.09880480624e-05
        dvar2: 7.48704987927e-05
        max: 0.676702797413
        mean: 0.493810117245
        min: 0.273679703474
        var: 0.0138604650274
    key_strength: 0.831939339638
    tuning_diatonic_strength: 0.685124576092
    tuning_equal_tempered_deviation: 0.0828427299857
    tuning_frequency: 437.971466064
    tuning_nontempered_energy_ratio: 0.745869278908
    hpcp:
        dmean: [0.129638642073, 0.107243292034, 0.0756726115942, 0.0793386623263, 0.0925708860159, 0.128618761897, 0.182872712612, 0.175928428769, 0.207530960441, 0.213541939855, 0.153540745378, 0.0940688550472, 0.104742094874, 0.0992885604501, 0.101995110512, 0.110041953623, 0.0877981334925, 0.0782425403595, 0.0915712192655, 0.0918983072042, 0.0926827713847, 0.116944372654, 0.135409787297, 0.153326362371, 0.17716999352, 0.133228108287, 0.0957369804382, 0.100153639913, 0.119718372822, 0.229447975755, 0.235675916076, 0.191123008728, 0.137531623244, 0.0987005159259, 0.0753566399217, 0.0975258424878]
        dmean2: [0.20242074132, 0.169147372246, 0.124497912824, 0.137587234378, 0.154522523284, 0.220198825002, 0.315725773573, 0.299425989389, 0.359854966402, 0.352643281221, 0.246190354228, 0.164566412568, 0.180796906352, 0.170033931732, 0.173057749867, 0.18609046936, 0.153769955039, 0.136146441102, 0.160530284047, 0.158297285438, 0.156803518534, 0.194475024939, 0.21425974369, 0.251254737377, 0.285650908947, 0.215223491192, 0.166887372732, 0.175487905741, 0.186809509993, 0.399990200996, 0.396352171898, 0.324791103601, 0.242444202304, 0.169998690486, 0.130208611488, 0.153055340052]
        dvar: [0.029140278697, 0.0195698179305, 0.0118186408654, 0.0167306736112, 0.0262631885707, 0.0276591442525, 0.0579488128424, 0.0413408093154, 0.0488282628357, 0.0561938770115, 0.029578961432, 0.0164035968482, 0.0240571536124, 0.0273014232516, 0.0257370173931, 0.0289842803031, 0.0180089101195, 0.0145137934014, 0.0251092202961, 0.0255927667022, 0.0154413934797, 0.0313230454922, 0.0258629377931, 0.0310313533992, 0.045485585928, 0.0234552696347, 0.0170197114348, 0.0258526466787, 0.0195043608546, 0.0427610054612, 0.0533940419555, 0.0399869643152, 0.0410162471235, 0.0285247284919, 0.0110809514299, 0.015010504052]
        dvar2: [0.0616964623332, 0.0328761003911, 0.0255931410939, 0.0434744767845, 0.0704072490335, 0.069313146174, 0.140772119164, 0.105172432959, 0.122477956116, 0.148120492697, 0.078347556293, 0.0402658693492, 0.0653322190046, 0.0693055689335, 0.066389799118, 0.0756939351559, 0.0436940342188, 0.0391139313579, 0.0668889507651, 0.0664606466889, 0.038242880255, 0.0600537098944, 0.0572560876608, 0.0750781819224, 0.102262876928, 0.0599220320582, 0.0474393218756, 0.066331923008, 0.0463901087642, 0.107066258788, 0.115280300379, 0.106353253126, 0.105564393103, 0.078682385385, 0.0257500316948, 0.0290286447853]
        max: [1, 1, 0.858483195305, 0.792004287243, 1, 1, 1, 1, 1, 1, 1, 0.817428648472, 0.82966530323, 1, 1, 1, 0.976408421993, 0.862914204597, 0.943724811077, 1, 0.773361623287, 1, 1, 1, 1, 1, 0.855300068855, 1, 1, 1, 1, 1, 1, 1, 0.688695251942, 1]
        mean: [0.207865178585, 0.16572496295, 0.102726183832, 0.0875003412366, 0.0982796698809, 0.197276994586, 0.317298918962, 0.269038826227, 0.315491735935, 0.379500567913, 0.213518872857, 0.0973055809736, 0.0949246585369, 0.0968999788165, 0.118973076344, 0.139684483409, 0.103992193937, 0.0891015678644, 0.102863363922, 0.0936556383967, 0.110897816718, 0.155390232801, 0.175319731236, 0.297916859388, 0.354981839657, 0.195369318128, 0.099152430892, 0.110860414803, 0.151173204184, 0.368540585041, 0.499239087105, 0.299534082413, 0.13057628274, 0.0912715941668, 0.0926853567362, 0.155387312174]
        min: [0.0020129266195, 0.00170199887361, 0.00346925435588, 0.0037258497905, 0.00141138280742, 0.00261672167107, 0.0052624209784, 0.00749196158722, 0.00602637697011, 0.00502532767132, 0.00772710284218, 0.00195920839906, 0.00218530115671, 0.00186394678894, 0.00495139276609, 0.0053843697533, 0.00384773919359, 0.0022768790368, 0.00107343972195, 0.00115242472384, 0.00188838713802, 0.00242023239844, 0.00526023283601, 0.00254908949137, 0.00139488861896, 0.00164507620502, 0.0012941469904, 0.00113146635704, 0.00181850709487, 0.0055088493973, 0.00790175236762, 0.00927009712905, 0.0025031757541, 0.00136333552655, 0.00270427134819, 0.0010093213059]
        var: [0.0563478879631, 0.0403926223516, 0.0151724210009, 0.0145333046094, 0.0227553043514, 0.0433314964175, 0.125085785985, 0.0629581809044, 0.0962351188064, 0.120833963156, 0.0433399118483, 0.0156495831907, 0.0192521214485, 0.0225067846477, 0.0249495264143, 0.029983414337, 0.0169942900538, 0.0123422080651, 0.0220530368388, 0.0213880147785, 0.019115427509, 0.0507709905505, 0.0368611104786, 0.0741786286235, 0.122392855585, 0.0400425605476, 0.0188811663538, 0.0318958237767, 0.0345199592412, 0.0737844929099, 0.123744778335, 0.0637944117188, 0.0374470725656, 0.0218183565885, 0.0124447271228, 0.0339793898165]
    chords_histogram: [50.4629631042, 7.87037038803, 0, 0, 0, 0, 0, 0, 16.6666660309, 0, 0, 0, 0, 0, 0, 0, 0, 3.24074077606, 0, 0, 0, 1.85185182095, 19.9074077606, 0]
    thpcp: [1, 0.599981248379, 0.261550605297, 0.182821407914, 0.185653239489, 0.31124830246, 0.416363984346, 0.331955105066, 0.205765500665, 0.175267413259, 0.196858927608, 0.395155340433, 0.635565042496, 0.538897752762, 0.631945192814, 0.760157942772, 0.427688598633, 0.194907784462, 0.190138667822, 0.194095343351, 0.238308817148, 0.279794752598, 0.208301380277, 0.178474739194, 0.206040278077, 0.187596768141, 0.222133681178, 0.311254143715, 0.351173877716, 0.596741855145, 0.711045742035, 0.391334176064, 0.198607102036, 0.22205875814, 0.302807241678, 0.738204598427]
    chords_key: "C"
    chords_scale: "major"
    key_key: "C"
    key_scale: "major"
    chords_progression: ["Dm", "Dm", "Dm", "F", "F", "F", "F", "F", "F", "F", "F", "F", "F", "F", "F", "F", "F", "F", "F", "F", "F", "F", "F", "F", "C", "C", "C", "C", "C", "C", "C", "C", "C", "C", "C", "C", "C", "C", "C", "C", "C", "C", "C", "C", "C", "C", "C", "C", "C", "C", "C", "C", "C", "C", "C", "C", "C", "C", "C", "C", "C", "C", "C", "C", "C", "C", "C", "C", "C", "C", "C", "C", "C", "C", "C", "C", "C", "C", "C", "C", "C", "C", "C", "C", "C", "C", "C", "C", "C", "C", "C", "C", "C", "C", "C", "C", "C", "C", "C", "C", "C", "C", "C", "C", "C", "C", "Cm", "Cm", "Cm", "Cm", "Cm", "Cm", "Cm", "Em", "Em", "Em", "Em", "F", "F", "F", "F", "Em", "Em", "F", "F", "Em", "Em", "Em", "Em", "Em", "Em", "Em", "Em", "Em", "Em", "Em", "E", "E", "E", "E", "E", "E", "E", "E", "E", "E", "E", "E", "E", "E", "E", "E", "E", "E", "E", "E", "E", "E", "Dm", "E", "E", "E", "E", "E", "E", "E", "E", "E", "E", "E", "E", "E", "E", "F", "F", "F", "F", "F", "F", "F", "F", "F", "F", "F", "F", "F", "C", "C", "F", "F", "F", "C", "C", "C", "C", "C", "C", "C", "C", "C", "C", "C", "C", "C", "C", "C", "C", "C", "C", "C", "C", "C", "C", "C", "C", "C"]
