
metadata:
    version:
        essentia: "1.2.2"
    audio_properties:
        analysis_sample_rate: 44100
        bitrate: 128
        channels: 2
        equal_loudness: 1
        length: 9.95265293121
        replay_gain: -15.4412288666
        downmix: "mix"
    tags:
        track: 15
        year: 0
        album: "Splitted by Mp3Splt v. 2.1"
        artist: "From 002.20 To 002.30"
        comment: "http://mp3splt.sf.net"
        genre: ""
        title: "02 Your Love.mp3"

highlevel:
    ballroom:
        all:
            ChaChaCha: 0.0247500389814
            Jive: 0.891095817089
            Quickstep: 0.0119027066976
            Rumba-American: 0.000535093771759
            Rumba-International: 0.00143595982809
            Rumba-Misc: 0.00176629261114
            Samba: 0.0243885796517
            Tango: 0.00191714963876
            VienneseWaltz: 0.0396352037787
            Waltz: 0.00257317512296
        probability: 0.891095817089
        value: "Jive"
    culture:
        all:
            non_western: 0.0349773727357
            western: 0.965022623539
        probability: 0.965022623539
        value: "western"
    gender:
        all:
            female: 0.0254754889756
            male: 0.974524497986
        probability: 0.974524497986
        value: "male"
    genre_dortmund:
        all:
            alternative: 0.0873226374388
            blues: 0.0110130552202
            electronic: 0.0219672042876
            folkcountry: 0.0259106550366
            funksoulrnb: 0.0460731759667
            jazz: 0.0367922894657
            pop: 0.0324449948967
            raphiphop: 0.003566152649
            rock: 0.734909832478
        probability: 0.734909832478
        value: "rock"
    genre_electronica:
        all:
            ambient: 0.120679602027
            dnb: 0.564984321594
            house: 0.00517970696092
            techno: 0.0164161324501
            trance: 0.292740225792
        probability: 0.564984321594
        value: "dnb"
    genre_rosamerica:
        all:
            cla: 0.00684286793694
            dan: 0.00424283836037
            hip: 0.00270214979537
            jaz: 0.00194379221648
            pop: 0.00323679251596
            rhy: 0.000905909575522
            roc: 0.979440391064
            spe: 0.000685283448547
        probability: 0.979440391064
        value: "roc"
    genre_tzanetakis:
        all:
            blu: 0.00429985113442
            cla: 0.00353033980355
            cou: 0.0513483956456
            dis: 0.0382447130978
            hip: 0.0100855119526
            jaz: 0.0128929074854
            met: 0.58004283905
            pop: 0.0195031650364
            reg: 0.00308777787723
            roc: 0.276964515448
        probability: 0.58004283905
        value: "met"
    live_studio:
        all:
            live: 0.0754833370447
            studio: 0.924516677856
        probability: 0.924516677856
        value: "studio"
    mood:
        all:
            Cluster1: 0.60180157423
            Cluster2: 0.0624140761793
            Cluster3: 0.00647909194231
            Cluster4: 0.0460046306252
            Cluster5: 0.283300608397
        probability: 0.60180157423
        value: "Cluster1"
    mood_acoustic:
        all:
            acoustic: 0.00286672450602
            not_acoustic: 0.997133255005
        probability: 0.997133255005
        value: "not_acoustic"
    mood_aggressive:
        all:
            aggressive: 0.998621821404
            not_aggressive: 0.00137819664087
        probability: 0.998621821404
        value: "aggressive"
    mood_electronic:
        all:
            electronic: 0.115026749671
            not_electronic: 0.884973227978
        probability: 0.884973227978
        value: "not_electronic"
    mood_happy:
        all:
            happy: 0.223923206329
            not_happy: 0.776076793671
        probability: 0.776076793671
        value: "not_happy"
    mood_party:
        all:
            not_party: 0.246130511165
            party: 0.753869473934
        probability: 0.753869473934
        value: "party"
    mood_relaxed:
        all:
            not_relaxed: 0.980980932713
            relaxed: 0.0190190691501
        probability: 0.980980932713
        value: "not_relaxed"
    mood_sad:
        all:
            not_sad: 0.997897863388
            sad: 0.00210212357342
        probability: 0.997897863388
        value: "not_sad"
    rhythm:
        all:
            fast: 0.86004793644
            medium: 0.0696690157056
            slow: 0.0702830553055
        probability: 0.86004793644
        value: "fast"
    speech_music:
        all:
            music: 0.999934911728
            speech: 6.51104273857e-05
        probability: 0.999934911728
        value: "music"
    timbre:
        all:
            bright: 0.276746988297
            dark: 0.723253011703
        probability: 0.723253011703
        value: "dark"
    voice_instrumental:
        all:
            instrumental: 0.735698103905
            voice: 0.264301925898
        probability: 0.735698103905
        value: "instrumental"

lowlevel:
    average_loudness: 0.980358839035
    barkbands_kurtosis:
        dmean: 0.529850721359
        dmean2: 0.893371999264
        dvar: 0.329327851534
        dvar2: 0.887483656406
        max: 2.67412614822
        mean: -0.803752183914
        min: -1.83491826057
        var: 0.683662414551
    barkbands_skewness:
        dmean: 0.324431091547
        dmean2: 0.552678108215
        dvar: 0.0853046998382
        dvar2: 0.225610166788
        max: 1.18862712383
        mean: -0.528554201126
        min: -1.93705749512
        var: 0.358203679323
    barkbands_spread:
        dmean: 5.03144025803
        dmean2: 8.1504278183
        dvar: 22.973526001
        dvar2: 64.9225311279
        max: 53.8442230225
        mean: 34.2349090576
        min: 14.9617433548
        var: 51.7598724365
    dissonance:
        dmean: 0.00941292196512
        dmean2: 0.0157612133771
        dvar: 7.54303619033e-05
        dvar2: 0.000185605007573
        max: 0.498900562525
        mean: 0.481788516045
        min: 0.397219508886
        var: 0.000135712602059
    hfc:
        dmean: 2.22508454323
        dmean2: 3.40301609039
        dvar: 5.06975698471
        dvar2: 11.5204200745
        max: 31.3619251251
        mean: 12.9225654602
        min: 0.831287264824
        var: 29.9457130432
    pitch:
        dmean: 1163.2244873
        dmean2: 2281.34106445
        dvar: 2145672.5
        dvar2: 5102721.5
        max: 4009.09082031
        mean: 1712.87329102
        min: 78.0531005859
        var: 2574047.25
    pitch_instantaneous_confidence:
        dmean: 0.0733337104321
        dmean2: 0.117323309183
        dvar: 0.00371715915389
        dvar2: 0.00920639373362
        max: 0.721477746964
        mean: 0.375169843435
        min: 0.148136615753
        var: 0.00979367550462
    pitch_salience:
        dmean: 0.0444066524506
        dmean2: 0.0752096995711
        dvar: 0.0014170181239
        dvar2: 0.00359028601088
        max: 0.833683669567
        mean: 0.660771369934
        min: 0.440053492785
        var: 0.0042382623069
    silence_rate_20dB:
        dmean: 0
        dmean2: 0
        dvar: 0
        dvar2: 0
        max: 1
        mean: 1
        min: 1
        var: 0
    silence_rate_30dB:
        dmean: 0
        dmean2: 0
        dvar: 0
        dvar2: 0
        max: 1
        mean: 1
        min: 1
        var: 0
    silence_rate_60dB:
        dmean: 0.0373831763864
        dmean2: 0.07259953022
        dvar: 0.0359853245318
        dvar2: 0.0766958743334
        max: 1
        mean: 0.0652680620551
        min: 0
        var: 0.0610074661672
    spectral_centroid:
        dmean: 228.81930542
        dmean2: 394.098114014
        dvar: 42826.953125
        dvar2: 112190.351562
        max: 3077.96289062
        mean: 2066.01953125
        min: 741.684997559
        var: 189894.0625
    spectral_complexity:
        dmean: 3.22300457954
        dmean2: 5.10352945328
        dvar: 9.82116889954
        dvar2: 20.7845726013
        max: 42
        mean: 24.3793907166
        min: 0
        var: 50.5303726196
    spectral_crest:
        dmean: 1.51838922501
        dmean2: 2.51187872887
        dvar: 1.5824277401
        dvar2: 4.35352468491
        max: 14.6093626022
        mean: 6.15886354446
        min: 2.91823387146
        var: 4.75324678421
    spectral_decrease:
        dmean: 2.11206829803e-10
        dmean2: 3.36575128879e-10
        dvar: 5.29775319634e-20
        dvar2: 1.3546192762e-19
        max: -7.62031271417e-11
        mean: -1.29498667345e-09
        min: -3.62942031984e-09
        var: 1.59856776354e-19
    spectral_energy:
        dmean: 0.000951410329435
        dmean2: 0.00148521014489
        dvar: 9.85856672742e-07
        dvar2: 2.44258853854e-06
        max: 0.0161323118955
        mean: 0.00605969177559
        min: 0.000363007973647
        var: 3.79206926482e-06
    spectral_energyband_high:
        dmean: 0.000158361202921
        dmean2: 0.000268754491117
        dvar: 3.84167613277e-08
        dvar2: 1.0183815391e-07
        max: 0.00257514230907
        mean: 0.000539484550245
        min: 3.39401776728e-05
        var: 1.04978639115e-07
    spectral_energyband_low:
        dmean: 0.000196825858438
        dmean2: 0.000337454112014
        dvar: 9.03892924953e-08
        dvar2: 2.59459426388e-07
        max: 0.00213994155638
        mean: 0.000340196187608
        min: 1.04779865069e-05
        var: 9.99117446554e-08
    spectral_energyband_middle_high:
        dmean: 0.000665173633024
        dmean2: 0.00103705434594
        dvar: 4.23898995905e-07
        dvar2: 9.08071342565e-07
        max: 0.00921538844705
        mean: 0.00364219071344
        min: 0.000243866481469
        var: 2.73073396784e-06
    spectral_energyband_middle_low:
        dmean: 0.000512046040967
        dmean2: 0.000876695034094
        dvar: 5.27643180703e-07
        dvar2: 1.42691681049e-06
        max: 0.00801574811339
        mean: 0.00153781403787
        min: 5.32737540198e-05
        var: 7.67919914324e-07
    spectral_flatness_db:
        dmean: 0.0115040363744
        dmean2: 0.0170720685273
        dvar: 9.20831225812e-05
        dvar2: 0.000167669801158
        max: 0.194498166442
        mean: 0.13915784657
        min: 0.071284532547
        var: 0.000463261734694
    spectral_flux:
        dmean: 0.00618493743241
        dmean2: 0.00960879586637
        dvar: 3.51232411049e-05
        dvar2: 8.22851143312e-05
        max: 0.0942224413157
        mean: 0.0458244755864
        min: 0.0226618982852
        var: 0.000114350201329
    spectral_kurtosis:
        dmean: 0.861731886864
        dmean2: 1.48603856564
        dvar: 0.720797836781
        dvar2: 1.98726677895
        max: 11.6738891602
        mean: 3.6617000103
        min: 0.153392791748
        var: 2.01984119415
    spectral_rms:
        dmean: 0.000192574370885
        dmean2: 0.000300228304695
        dvar: 3.87876717411e-08
        dvar2: 8.90647342544e-08
        max: 0.00396722089499
        mean: 0.00239837029949
        min: 0.000595108489506
        var: 1.5971838252e-07
    spectral_rolloff:
        dmean: 185.205551147
        dmean2: 318.437866211
        dvar: 54707.8046875
        dvar2: 141755.6875
        max: 4457.37304688
        mean: 3598.36425781
        min: 1507.32421875
        var: 180957.359375
    spectral_skewness:
        dmean: 0.133868008852
        dmean2: 0.211496934295
        dvar: 0.0155557217076
        dvar2: 0.0345538184047
        max: 2.94216537476
        mean: 1.26616382599
        min: 0.662346482277
        var: 0.0574759356678
    spectral_spread:
        dmean: 425598.8125
        dmean2: 592228.5
        dvar: 232967831552
        dvar2: 391950925824
        max: 9602388
        mean: 4261235
        min: 2330102.75
        var: 1.18083053158e+12
    spectral_strongpeak:
        dmean: 0.981638610363
        dmean2: 1.67229950428
        dvar: 1.41536819935
        dvar2: 3.67527699471
        max: 10.7424287796
        mean: 1.19631397724
        min: 0.0273971538991
        var: 2.02482748032
    zerocrossingrate:
        dmean: 0.00606683734804
        dmean2: 0.00832375884056
        dvar: 2.96691741823e-05
        dvar2: 4.03679659939e-05
        max: 0.15380859375
        mean: 0.112143449485
        min: 0.03759765625
        var: 0.000298620609101
    barkbands:
        dmean: [1.20951042959e-07, 5.83031032875e-05, 0.000160605151905, 0.000112218083814, 0.000249263335718, 0.000188082078239, 6.92667308613e-05, 9.27679575398e-05, 0.000123700941913, 7.81691778684e-05, 7.10481253918e-05, 5.16153850185e-05, 4.50788866146e-05, 0.000104318096419, 0.000105579398223, 0.000122044279124, 0.000191436847672, 0.000345173320966, 0.000290426774882, 0.000286181108095, 6.40309153823e-05, 1.79263424798e-05, 3.73361081074e-06, 1.86721968021e-06, 8.03214220468e-07, 8.74337473533e-08, 5.88954884861e-10]
        dmean2: [1.74360067717e-07, 9.61745754466e-05, 0.000278151361272, 0.000195432381588, 0.000427031860454, 0.00031043656054, 0.000113289657747, 0.000156233625603, 0.000201967370231, 0.000132683751872, 0.000115620590805, 8.58692801557e-05, 7.61809860705e-05, 0.000173264852492, 0.000179651586222, 0.000205639793421, 0.000327714340528, 0.000571980373934, 0.000472319166875, 0.00046852385276, 0.000102416095615, 2.99162929878e-05, 6.07677520748e-06, 2.8102797387e-06, 1.16959063234e-06, 1.30005290089e-07, 8.81514972129e-10]
        dvar: [7.72937351059e-14, 8.70741168058e-09, 6.34470112004e-08, 2.2170796754e-08, 2.11023333918e-07, 5.63416797661e-08, 7.91829979363e-09, 3.61706931074e-08, 2.76491878282e-08, 1.18621761303e-08, 7.16678094648e-09, 2.86218893031e-09, 2.80050915791e-09, 1.57086326169e-08, 1.35036177795e-08, 3.53613351933e-08, 3.75324518131e-08, 1.43004072584e-07, 1.01050822821e-07, 9.73652305447e-08, 4.92219420778e-09, 3.22791987584e-10, 2.86065060529e-11, 9.33641445405e-12, 1.53151005333e-12, 2.67437371619e-14, 8.15000378033e-18]
        dvar2: [1.21878391711e-13, 2.17181828077e-08, 1.82577025498e-07, 6.23989464543e-08, 5.39282382306e-07, 1.66797221368e-07, 1.93240765611e-08, 9.60315347243e-08, 6.77692852946e-08, 3.27538351996e-08, 1.95327380936e-08, 7.73717623304e-09, 7.86569476219e-09, 3.97592749835e-08, 3.77060054291e-08, 9.77900285193e-08, 1.02000143443e-07, 3.7662152863e-07, 2.59726789409e-07, 2.29704298249e-07, 1.17485043916e-08, 8.60525484203e-10, 7.85110657042e-11, 1.65947446756e-11, 3.08348832578e-12, 6.13716502206e-14, 6.04661955382e-18]
        max: [5.22228765476e-06, 0.000632177689113, 0.00198757671751, 0.00129824166652, 0.00493525760248, 0.00188239093404, 0.000906518427655, 0.00253511685878, 0.00147412612569, 0.00114604935516, 0.000765841570683, 0.000460153562017, 0.0004160363751, 0.00117896019947, 0.000997274182737, 0.00243834336288, 0.00183875265066, 0.00300749065354, 0.00330642308109, 0.00424674991518, 0.000822119880468, 0.000232175108977, 7.90440171841e-05, 5.05816860823e-05, 2.14806659642e-05, 1.75728405338e-06, 6.80689424826e-08]
        mean: [1.25594922906e-07, 9.93298526737e-05, 0.000240751454839, 0.000167471196619, 0.000496844237205, 0.000378105090931, 0.000135216410854, 0.000134945716127, 0.000193015759578, 0.000124053680338, 0.000129057007143, 8.7666521722e-05, 8.54688987602e-05, 0.000205400574487, 0.000216040629311, 0.000270722346613, 0.000431245571235, 0.000848922936711, 0.000830222154036, 0.000722632568795, 0.000196169814444, 4.93927436764e-05, 9.69771008386e-06, 5.27543670614e-06, 1.80017809726e-06, 1.23398947949e-07, 6.13680883887e-10]
        min: [2.33475350164e-10, 1.20530876302e-06, 8.05009221949e-06, 3.78808317691e-06, 3.78745426133e-06, 1.16646151582e-05, 2.75735965261e-06, 3.41182703778e-06, 5.54577900402e-06, 1.96155610865e-06, 2.89542958853e-06, 3.8410948946e-06, 5.4470615396e-06, 8.77098682395e-06, 9.6835065051e-06, 1.11229701361e-05, 1.33004659801e-05, 3.13339442073e-05, 4.23823039455e-05, 1.92406259885e-05, 1.44731193359e-05, 1.66921074651e-06, 3.2292749097e-07, 1.71407677385e-07, 7.5098235186e-08, 2.92269852764e-09, 9.00094072626e-14]
        var: [1.15851244071e-13, 9.96646765117e-09, 8.24762693696e-08, 2.62929571448e-08, 4.22239793352e-07, 1.25982680288e-07, 1.32472379732e-08, 3.44899611093e-08, 5.66557361026e-08, 1.69738783029e-08, 1.54145656239e-08, 4.55262361143e-09, 4.4079295769e-09, 3.74457016505e-08, 2.93406721141e-08, 4.21448866916e-08, 8.44394136834e-08, 3.35347294822e-07, 3.40336725912e-07, 2.94908289789e-07, 1.45504639448e-08, 1.06936171029e-09, 7.05932950984e-11, 3.24593442402e-11, 4.89276891572e-12, 4.08921248913e-14, 1.14262916515e-17]
    mfcc:
        mean: [-670.962768555, 98.6765136719, -57.6092224121, 59.4818077087, -10.2705860138, -6.63432216644, 0.4764765203, -4.35323667526, -5.53497552872, -2.84417176247, -5.66992759705, -4.91952753067, -6.27129793167]
        cov: [[384.522674561, -194.429840088, 15.6480817795, 45.0297966003, 0.560261905193, -38.6064186096, -49.0545082092, -20.144493103, 2.38151359558, -18.4348773956, -1.3312933445, 19.5970363617, 5.88719177246], [-194.429840088, 369.536773682, -172.071456909, -40.7473258972, -30.8541717529, -18.8892345428, 59.5063400269, 7.21882486343, -5.42326402664, 20.1116085052, -0.505585372448, -37.3926086426, 1.29668223858], [15.6480817795, -172.071456909, 365.749084473, -45.0617713928, 10.1051568985, 67.3140106201, -32.5725975037, 15.9715204239, 36.9200744629, -25.9189243317, 11.7421264648, 14.7938556671, -23.3964290619], [45.0297966003, -40.7473258972, -45.0617713928, 133.088027954, 34.5611457825, -31.5332355499, -11.5231103897, -18.4673995972, -31.6028900146, -5.8961558342, -20.1966266632, 11.9420537949, 25.4412441254], [0.560261905193, -30.8541717529, 10.1051568985, 34.5611457825, 75.9720077515, 21.6681880951, 6.53005552292, 4.00704813004, -5.4290599823, 0.715095937252, -0.742957174778, 8.12028884888, 16.7088088989], [-38.6064186096, -18.8892345428, 67.3140106201, -31.5332355499, 21.6681880951, 75.9984283447, 20.6222610474, 15.1331205368, 18.1876869202, 2.2358751297, 13.5408296585, -1.41651725769, -2.12381982803], [-49.0545082092, 59.5063400269, -32.5725975037, -11.5231103897, 6.53005552292, 20.6222610474, 63.1549873352, 22.0351753235, 7.86799860001, 7.85080718994, 3.70323705673, -13.2439155579, 4.40639972687], [-20.144493103, 7.21882486343, 15.9715204239, -18.4673995972, 4.00704813004, 15.1331205368, 22.0351753235, 49.2613372803, 21.9809894562, 0.788363456726, 1.71482765675, -5.78549718857, -7.46710920334], [2.38151359558, -5.42326402664, 36.9200744629, -31.6028900146, -5.4290599823, 18.1876869202, 7.86799860001, 21.9809894562, 49.1834259033, 12.373960495, 14.6149101257, 3.39432287216, -6.29459905624], [-18.4348773956, 20.1116085052, -25.9189243317, -5.8961558342, 0.715095937252, 2.2358751297, 7.85080718994, 0.788363456726, 12.373960495, 45.6556625366, 20.5246448517, 4.77986526489, 0.841456234455], [-1.3312933445, -0.505585372448, 11.7421264648, -20.1966266632, -0.742957174778, 13.5408296585, 3.70323705673, 1.71482765675, 14.6149101257, 20.5246448517, 49.8780250549, 14.722448349, -4.24746179581], [19.5970363617, -37.3926086426, 14.7938556671, 11.9420537949, 8.12028884888, -1.41651725769, -13.2439155579, -5.78549718857, 3.39432287216, 4.77986526489, 14.722448349, 51.9568023682, 25.0783290863], [5.88719177246, 1.29668223858, -23.3964290619, 25.4412441254, 16.7088088989, -2.12381982803, 4.40639972687, -7.46710920334, -6.29459905624, 0.841456234455, -4.24746179581, 25.0783290863, 56.0945281982]]
        icov: [[0.00440128240734, 0.00272273551673, 0.000989500666037, -0.000290348718408, 0.000134219459142, 0.00229556462727, 0.000571680429857, 0.00118628749624, -0.00258098565973, 0.00210163439624, -0.00142331549432, 0.00115127826575, -0.000764149590395], [0.00272273551673, 0.00620682537556, 0.00225199223496, 0.00159102363978, 0.000920060731005, 0.00230728671886, -0.00269932765514, 0.00115813175216, -0.0011959685944, 0.000725897902157, -0.00112974084914, 0.00287087750621, -0.00154616741929], [0.000989500666037, 0.00225199223496, 0.00529702752829, 0.00072612229269, 0.0001629631588, -0.00330732460134, 0.00238834810443, -3.89166780224e-05, -0.00294953468256, 0.00327546824701, -0.000418788142269, -0.000491267477628, 0.00116535357665], [-0.000290348718408, 0.00159102363978, 0.00072612229269, 0.0131376208737, -0.00592332426459, 0.00518557755277, -0.00108704972081, 0.00125393108465, 0.00428451038897, -0.00105633609928, 0.00296351499856, -0.000953761918936, -0.0023014722392], [0.000134219459142, 0.000920060731005, 0.0001629631588, -0.00592332426459, 0.0196102429181, -0.00788960978389, 6.79007280269e-05, -0.00325730326585, 0.00270138145424, -0.00137304048985, -0.000457976420876, 0.000133067704155, -0.0036302707158], [0.00229556462727, 0.00230728671886, -0.00330732460134, 0.00518557755277, -0.00788960978389, 0.0255941655487, -0.00811786204576, 0.00171570281964, -0.00340350554325, 0.00145860388875, -0.00410920102149, 0.00270048063248, -0.00176267442293], [0.000571680429857, -0.00269932765514, 0.00238834810443, -0.00108704972081, 6.79007280269e-05, -0.00811786204576, 0.0283669214696, -0.0108924945816, 0.000415810995037, -0.00117869896349, -0.00266150268726, 0.00677461968735, -0.00568021787331], [0.00118628749624, 0.00115813175216, -3.89166780224e-05, 0.00125393108465, -0.00325730326585, 0.00171570281964, -0.0108924945816, 0.0323687009513, -0.0140197714791, 0.00390129256994, 0.00289846397936, -0.000927225570194, 0.00446570944041], [-0.00258098565973, -0.0011959685944, -0.00294953468256, 0.00428451038897, 0.00270138145424, -0.00340350554325, 0.000415810995037, -0.0140197714791, 0.0362847596407, -0.00998467300087, -0.00200921995565, -0.00267050857656, -0.000444134697318], [0.00210163439624, 0.000725897902157, 0.00327546824701, -0.00105633609928, -0.00137304048985, 0.00145860388875, -0.00117869896349, 0.00390129256994, -0.00998467300087, 0.0323598720133, -0.0121791483834, 0.000611158611719, -0.000117240946565], [-0.00142331549432, -0.00112974084914, -0.000418788142269, 0.00296351499856, -0.000457976420876, -0.00410920102149, -0.00266150268726, 0.00289846397936, -0.00200921995565, -0.0121791483834, 0.0324885472655, -0.0127322878689, 0.00734199536964], [0.00115127826575, 0.00287087750621, -0.000491267477628, -0.000953761918936, 0.000133067704155, 0.00270048063248, 0.00677461968735, -0.000927225570194, -0.00267050857656, 0.000611158611719, -0.0127322878689, 0.0350944176316, -0.0175151880831], [-0.000764149590395, -0.00154616741929, 0.00116535357665, -0.0023014722392, -0.0036302707158, -0.00176267442293, -0.00568021787331, 0.00446570944041, -0.000444134697318, -0.000117240946565, 0.00734199536964, -0.0175151880831, 0.0298665426672]]
    spectral_contrast:
        mean: [1.46106415855e-07, 4.31789075606e-08, -4.99869372561e-07, 5.1468333595e-07, 7.33541938303e-08, 2.49166959065e-07, 3.94891230826e-06, -2.38627961835e-07, 2.98222130368e-06, 1.19669937249e-06, -1.58950376772e-06, 2.66364372692e-06]
        var: [0.000379812787287, 0.000472526153317, 0.000760484836064, 0.00182378583122, 0.0019905383233, 0.00268591986969, 0.0471505485475, 0.086764447391, 0.122002370656, 0.166132509708, 0.253046065569, 0.295329749584]

rhythm:
    beats_loudness:
        dmean: 0.0028977941256
        dmean2: 0.00544273387641
        dvar: 3.34586343342e-06
        dvar2: 1.27841767608e-05
        max: 0.0121867125854
        mean: 0.0071016442962
        min: 0.00330954766832
        var: 5.00669693793e-06
    beats_loudness_bass:
        dmean: 0.0921053215861
        dmean2: 0.169889852405
        dvar: 0.00210545444861
        dvar2: 0.00768827088177
        max: 0.29488119483
        mean: 0.100431464612
        min: 0.0107261845842
        var: 0.00647767679766
    bpm: 113.570701599
    bpm_confidence: 0
    first_peak_bpm: 113
    first_peak_spread: 0.058823466301
    first_peak_weight: 0.941176533699
    onset_rate: 2.31094169617
    second_peak_bpm: 0
    second_peak_spread: 0
    second_peak_weight: 0
    beats_position: [0.363907724619, 0.893847227097, 1.42378687859, 1.95372641087, 2.48366594315, 3.01360535622, 3.54354476929, 4.07348442078, 4.60342359543, 5.13336277008, 5.66330242157, 6.21326255798, 6.73976755142, 7.2662730217, 7.79277849197, 8.31928443909, 8.84578895569, 9.37229537964]
    bpm_estimates: [113.293716431, 113.399467468, 113.474861145, 113.258918762, 111.472999573, 113.533630371, 113.803863525, 113.559440613, 113.574211121, 112.795928955, 115.743087769, 113.732887268, 114.834396362, 113.431335449, 113.651802063]
    bpm_intervals: [0.52993953228, 0.529939651489, 0.52993953228, 0.52993953228, 0.529939413071, 0.529939413071, 0.529939651489, 0.529939174652, 0.529939174652, 0.529939651489, 0.549960136414, 0.526504993439, 0.526505470276, 0.526505470276, 0.526505947113, 0.526504516602, 0.52650642395]
    onset_times: [0.0580498874187, 0.371519267559, 0.603718817234, 0.882358253002, 0.99845802784, 1.38158726692, 1.88081634045, 1.95047616959, 3.00698423386, 3.29723358154, 3.41333341599, 4.07510185242, 4.34213161469, 4.48145103455, 5.15482997894, 5.9094786644, 6.22294807434, 6.64090681076, 6.78022670746, 7.00081634521, 7.25623559952, 8.34757328033, 9.38086128235]
    rubato_start: []
    rubato_stop: []
    perceptual_tempo: "unknown"

sfx:
    inharmonicity:
        dmean: 0.0562702603638
        dmean2: 0.0972057506442
        dvar: 0.00330836325884
        dvar2: 0.0091803278774
        max: 0.383213311434
        mean: 0.0681257843971
        min: 0
        var: 0.00386034161784
    oddtoevenharmonicenergyratio:
        dmean: 2.26394057274
        dmean2: 4.2536611557
        dvar: 13.5375356674
        dvar2: 40.0194625854
        max: 21.4783630371
        mean: 1.64115774632
        min: 0
        var: 9.08751296997
    pitch_after_max_to_before_max_energy_ratio: 133.946105957
    pitch_centroid: 243.701187134
    pitch_max_to_total: 0.0538641698658
    pitch_min_to_total: 0.288056194782
    tristimulus:
        dmean: [0.154198437929, 0.28963303566, 0.179548099637]
        dmean2: [0.269766867161, 0.511110186577, 0.323946386576]
        dvar: [0.0214712191373, 0.0514587834477, 0.0250532142818]
        dvar2: [0.0572435706854, 0.136028036475, 0.0655555799603]
        max: [1, 0.953331410885, 0.797349631786]
        mean: [0.2761977911, 0.437346041203, 0.170305714011]
        min: [0.00541842868552, 0, 0]
        var: [0.0340734347701, 0.0766374766827, 0.03110168688]

tonal:
    chords_changes_rate: 0.0418604649603
    chords_number_rate: 0.0279069766402
    chords_strength:
        dmean: 0.00975883193314
        dmean2: 0.0106125893071
        dvar: 7.41616895539e-05
        dvar2: 9.2385460448e-05
        max: 0.679852366447
        mean: 0.474222183228
        min: 0.349598199129
        var: 0.00689494702965
    key_strength: 0.63927680254
    tuning_diatonic_strength: 0.502560853958
    tuning_equal_tempered_deviation: 0.0840783640742
    tuning_frequency: 439.745910645
    tuning_nontempered_energy_ratio: 0.754963159561
    hpcp:
        dmean: [0.151865065098, 0.169819265604, 0.184142574668, 0.184875816107, 0.174455270171, 0.162189692259, 0.163758739829, 0.17395208776, 0.199002221227, 0.180694669485, 0.159722834826, 0.109049551189, 0.107509948313, 0.100977651775, 0.10834672302, 0.120300106704, 0.128975301981, 0.132290348411, 0.137729465961, 0.130639687181, 0.147026091814, 0.169182881713, 0.161444857717, 0.178838148713, 0.150691196322, 0.154659375548, 0.131625518203, 0.139386370778, 0.130468606949, 0.155734673142, 0.197136163712, 0.172795623541, 0.146161645651, 0.148372799158, 0.150346308947, 0.154052808881]
        dmean2: [0.255877703428, 0.283168315887, 0.310865819454, 0.307584732771, 0.299949169159, 0.274111241102, 0.274559885263, 0.303515732288, 0.342157036066, 0.29242375493, 0.258570611477, 0.181703314185, 0.181339427829, 0.161249995232, 0.17288184166, 0.196400076151, 0.219405665994, 0.225959435105, 0.220198854804, 0.212839737535, 0.250162988901, 0.278824865818, 0.270350396633, 0.298277974129, 0.247533813119, 0.240620732307, 0.214503332973, 0.220927998424, 0.205661475658, 0.265853345394, 0.331972718239, 0.2901006639, 0.242574989796, 0.252070277929, 0.25372505188, 0.264075487852]
        dvar: [0.0234567560256, 0.0256609655917, 0.0306942760944, 0.0340326055884, 0.0343677848577, 0.0309283025563, 0.0263863950968, 0.0332414396107, 0.0360766872764, 0.0316300243139, 0.0292110908777, 0.0148466546088, 0.0221700575203, 0.0148593140766, 0.0164967235178, 0.0166268534958, 0.0184099078178, 0.0224996674806, 0.0278537273407, 0.0289447549731, 0.0244232211262, 0.0299821775407, 0.0288709048182, 0.0344479717314, 0.0290232170373, 0.0294296257198, 0.0243345201015, 0.0233915206045, 0.0158209204674, 0.0211313776672, 0.0370624028146, 0.0259488802403, 0.0227953344584, 0.0283409841359, 0.0301106572151, 0.0263837501407]
        dvar2: [0.0513779819012, 0.0685894191265, 0.0869084745646, 0.0941627323627, 0.0967297703028, 0.0924545675516, 0.0721953287721, 0.0896975025535, 0.09164018929, 0.0687980800867, 0.0869773626328, 0.0381038822234, 0.0615340471268, 0.0396319180727, 0.0440204888582, 0.041841622442, 0.0453227348626, 0.0578025355935, 0.0664639025927, 0.0796060189605, 0.0723142027855, 0.0792470127344, 0.0743292719126, 0.0847571566701, 0.0752841159701, 0.0724984556437, 0.0603987015784, 0.0621718466282, 0.0413232631981, 0.0628589317203, 0.100029759109, 0.0703842118382, 0.064426548779, 0.074138559401, 0.0878147780895, 0.0626189559698]
        max: [1, 1, 1, 1, 1, 1, 1, 1, 1, 1, 1, 0.918435931206, 1, 0.820445001125, 0.850209057331, 1, 1, 1, 1, 1, 1, 1, 1, 1, 1, 1, 1, 1, 1, 1, 1, 1, 1, 1, 1, 1]
        mean: [0.387554377317, 0.349064677954, 0.34193611145, 0.34724381566, 0.295754611492, 0.29976016283, 0.333058804274, 0.303208947182, 0.376778841019, 0.44068133831, 0.304787009954, 0.196433007717, 0.173843324184, 0.158432677388, 0.193977296352, 0.241925239563, 0.228209525347, 0.228061512113, 0.27416524291, 0.241025730968, 0.241603553295, 0.311231285334, 0.289597719908, 0.304190337658, 0.354050427675, 0.28840816021, 0.237035796046, 0.24567425251, 0.232987254858, 0.353895783424, 0.496954500675, 0.362989723682, 0.236775666475, 0.238441243768, 0.23947276175, 0.32787540555]
        min: [0.0431056879461, 0.0413506068289, 0.0172214470804, 0.0146957831457, 0.00983409490436, 0.0315744504333, 0.0244863461703, 0.0178845580667, 0.0238837171346, 0.00918502453715, 0.00940159894526, 0.0147542264313, 0.0139037100598, 0.0175473112613, 0.0169532746077, 0.0112140299752, 0.0103765726089, 0.0170072037727, 0.0105612510815, 0.00889523420483, 0.0146789895371, 0.0257028751075, 0.0274410117418, 0.0265847016126, 0.00645592948422, 0.00870903208852, 0.00864427350461, 0.0093798963353, 0.0103831216693, 0.0186247453094, 0.0305896513164, 0.0194079764187, 0.011487999931, 0.00936669204384, 0.0401306971908, 0.0387110039592]
        var: [0.0724002346396, 0.0423646382987, 0.0508248470724, 0.0696206539869, 0.0515981689095, 0.0488113537431, 0.0592323169112, 0.053789332509, 0.0703553408384, 0.0971179157495, 0.0446860082448, 0.0217172447592, 0.026136925444, 0.0201618857682, 0.0249402727932, 0.0370911955833, 0.0325616896152, 0.0412326194346, 0.0854200199246, 0.068234346807, 0.0354942344129, 0.0641941577196, 0.0539031848311, 0.0605024658144, 0.0927860736847, 0.0705435052514, 0.0465390980244, 0.0526908561587, 0.034865476191, 0.055003721267, 0.107743836939, 0.0542818158865, 0.038944631815, 0.0445006005466, 0.0372645817697, 0.0701418966055]
    chords_histogram: [18.1395339966, 0, 0, 0, 0, 0, 0, 0, 5.58139514923, 0, 0, 0, 0, 0, 0, 0, 0, 12.558139801, 12.558139801, 0, 0, 0, 36.2790679932, 14.8837213516]
    thpcp: [1, 0.73042845726, 0.4764534235, 0.479804992676, 0.481880664825, 0.65976947546, 0.779858887196, 0.702407717705, 0.688063204288, 0.698743700981, 0.595134198666, 0.603194355965, 0.670199811459, 0.610134243965, 0.758175730705, 0.886763930321, 0.613309681416, 0.395273625851, 0.34981739521, 0.318807214499, 0.390332102776, 0.486815661192, 0.459216147661, 0.458918303251, 0.551690816879, 0.485005617142, 0.48616835475, 0.626277208328, 0.582744956017, 0.612109005451, 0.712440311909, 0.580351233482, 0.47697687149, 0.494359642267, 0.468830168247, 0.712129116058]
    chords_key: "F"
    chords_scale: "major"
    key_key: "C"
    key_scale: "major"
    chords_progression: ["Am", "Am", "Am", "Am", "Am", "Am", "Am", "Am", "Am", "Am", "Am", "Am", "Am", "Am", "Am", "Am", "Am", "Am", "Am", "Am", "Am", "Am", "Am", "Am", "Am", "Am", "Am", "Am", "Am", "Am", "Am", "Am", "E", "E", "E", "E", "E", "E", "E", "E", "E", "E", "E", "E", "F", "F", "F", "F", "F", "F", "F", "F", "F", "F", "D#", "D#", "D#", "D#", "D#", "D#", "D#", "D#", "D#", "D#", "D#", "D#", "D#", "D#", "D#", "D#", "F", "F", "F", "F", "F", "F", "F", "F", "F", "F", "F", "F", "F", "F", "F", "F", "F", "F", "F", "F", "F", "F", "F", "F", "F", "F", "F", "F", "F", "F", "F", "F", "F", "F", "F", "F", "F", "F", "F", "F", "F", "F", "D#", "D#", "D#", "D#", "D#", "F", "F", "F", "F", "F", "F", "F", "F", "F", "F", "F", "F", "F", "F", "F", "F", "F", "F", "F", "F", "F", "F", "F", "F", "F", "F", "D#", "D#", "D#", "D#", "D#", "D#", "Cm", "Cm", "Cm", "Cm", "Cm", "Cm", "Cm", "Cm", "Cm", "Cm", "Cm", "Cm", "Cm", "Cm", "Cm", "Cm", "Cm", "Cm", "Cm", "Cm", "Cm", "Cm", "Cm", "Cm", "Cm", "Cm", "Cm", "C", "C", "C", "C", "C", "C", "C", "C", "C", "C", "C", "C", "C", "C", "C", "C", "C", "C", "C", "C", "C", "C", "C", "C", "C", "C", "C", "C", "C", "C", "C", "C", "C", "C", "C", "C", "C", "C", "C"]
