
metadata:
    version:
        essentia: "1.2.2"
    audio_properties:
        analysis_sample_rate: 44100
        bitrate: 128
        channels: 2
        equal_loudness: 1
        length: 10.0832653046
        replay_gain: -10.3027133942
        downmix: "mix"
    tags:
        track: 12
        year: 0
        album: "Splitted by Mp3Splt v. 2.1"
        artist: "From 001.50 To 002.00"
        comment: "http://mp3splt.sf.net"
        genre: ""
        title: "03 One.mp3"

highlevel:
    ballroom:
        all:
            ChaChaCha: 0.00118396885227
            Jive: 0.00110948423389
            Quickstep: 0.00550490152091
            Rumba-American: 0.00844747107476
            Rumba-International: 0.232121393085
            Rumba-Misc: 0.0696369558573
            Samba: 0.00160235108342
            Tango: 0.00371883600019
            VienneseWaltz: 0.11110329628
            Waltz: 0.565571308136
        probability: 0.565571308136
        value: "Waltz"
    culture:
        all:
            non_western: 0.200701877475
            western: 0.799298107624
        probability: 0.799298107624
        value: "western"
    gender:
        all:
            female: 0.890624880791
            male: 0.109375119209
        probability: 0.890624880791
        value: "female"
    genre_dortmund:
        all:
            alternative: 0.0895600169897
            blues: 0.0154693312943
            electronic: 0.0830905213952
            folkcountry: 0.252503633499
            funksoulrnb: 0.00754413381219
            jazz: 0.390459418297
            pop: 0.0760167166591
            raphiphop: 0.00199582357891
            rock: 0.0833603963256
        probability: 0.390459418297
        value: "jazz"
    genre_electronica:
        all:
            ambient: 0.969750761986
            dnb: 0.0055324905552
            house: 0.00993550289422
            techno: 0.00989137217402
            trance: 0.00488988729194
        probability: 0.969750761986
        value: "ambient"
    genre_rosamerica:
        all:
            cla: 0.0886576026678
            dan: 0.0303541868925
            hip: 0.00483402423561
            jaz: 0.670361697674
            pop: 0.062821701169
            rhy: 0.0737773701549
            roc: 0.0621332153678
            spe: 0.00706020742655
        probability: 0.670361697674
        value: "jaz"
    genre_tzanetakis:
        all:
            blu: 0.056834962219
            cla: 0.109728775918
            cou: 0.147375822067
            dis: 0.0331884622574
            hip: 0.00965273194015
            jaz: 0.355966359377
            met: 0.0192293077707
            pop: 0.0630635991693
            reg: 0.0284912660718
            roc: 0.176468715072
        probability: 0.355966359377
        value: "jaz"
    live_studio:
        all:
            live: 0.0853251963854
            studio: 0.914674818516
        probability: 0.914674818516
        value: "studio"
    mood:
        all:
            Cluster1: 0.118112467229
            Cluster2: 0.283649593592
            Cluster3: 0.423521071672
            Cluster4: 0.0935479775071
            Cluster5: 0.0811688899994
        probability: 0.423521071672
        value: "Cluster3"
    mood_acoustic:
        all:
            acoustic: 0.892016589642
            not_acoustic: 0.10798342526
        probability: 0.892016589642
        value: "acoustic"
    mood_aggressive:
        all:
            aggressive: 0.00645735021681
            not_aggressive: 0.993542671204
        probability: 0.993542671204
        value: "not_aggressive"
    mood_electronic:
        all:
            electronic: 0.237076342106
            not_electronic: 0.762923657894
        probability: 0.762923657894
        value: "not_electronic"
    mood_happy:
        all:
            happy: 0.0500665418804
            not_happy: 0.949933469296
        probability: 0.949933469296
        value: "not_happy"
    mood_party:
        all:
            not_party: 0.991906166077
            party: 0.00809385813773
        probability: 0.991906166077
        value: "not_party"
    mood_relaxed:
        all:
            not_relaxed: 0.00855621136725
            relaxed: 0.991443812847
        probability: 0.991443812847
        value: "relaxed"
    mood_sad:
        all:
            not_sad: 0.0816970840096
            sad: 0.918302893639
        probability: 0.918302893639
        value: "sad"
    rhythm:
        all:
            fast: 0.0117655713111
            medium: 0.859819233418
            slow: 0.128415182233
        probability: 0.859819233418
        value: "medium"
    speech_music:
        all:
            music: 0.833788752556
            speech: 0.166211262345
        probability: 0.833788752556
        value: "music"
    timbre:
        all:
            bright: 0.257235169411
            dark: 0.742764830589
        probability: 0.742764830589
        value: "dark"
    voice_instrumental:
        all:
            instrumental: 0.986428439617
            voice: 0.0135715361685
        probability: 0.986428439617
        value: "instrumental"

lowlevel:
    average_loudness: 0.931026220322
    barkbands_kurtosis:
        dmean: 5.82077503204
        dmean2: 8.95209407806
        dvar: 50.6728286743
        dvar2: 118.666641235
        max: 101.852775574
        mean: 17.1875610352
        min: -0.86948800087
        var: 269.404876709
    barkbands_skewness:
        dmean: 0.560674965382
        dmean2: 0.920373737812
        dvar: 0.243729099631
        dvar2: 0.64510768652
        max: 7.77132034302
        mean: 3.15712475777
        min: 0.518534243107
        var: 1.72561836243
    barkbands_spread:
        dmean: 2.80408167839
        dmean2: 4.42605018616
        dvar: 12.6332960129
        dvar2: 31.2741622925
        max: 39.1736831665
        mean: 9.40194511414
        min: 0.913389801979
        var: 54.7622833252
    dissonance:
        dmean: 0.0256078056991
        dmean2: 0.0388672687113
        dvar: 0.000665125029627
        dvar2: 0.00123463349883
        max: 0.497723519802
        mean: 0.419387966394
        min: 0.0619505904615
        var: 0.00194120046217
    hfc:
        dmean: 0.388263851404
        dmean2: 0.568569839001
        dvar: 0.227670297027
        dvar2: 0.525989711285
        max: 5.36455154419
        mean: 1.75464034081
        min: 0.000854860874824
        var: 1.0386660099
    pitch:
        dmean: 72.553314209
        dmean2: 141.374649048
        dvar: 112304.921875
        dvar2: 274715.75
        max: 3675
        mean: 262.284240723
        min: 84.6449127197
        var: 89609.03125
    pitch_instantaneous_confidence:
        dmean: 0.070151001215
        dmean2: 0.101481124759
        dvar: 0.00470509799197
        dvar2: 0.00952286552638
        max: 0.917963981628
        mean: 0.58072245121
        min: 0.108188509941
        var: 0.0386013910174
    pitch_salience:
        dmean: 0.0580924153328
        dmean2: 0.0934301838279
        dvar: 0.00292771286331
        dvar2: 0.00684820208699
        max: 0.930546462536
        mean: 0.520850479603
        min: 0.20557962358
        var: 0.0166015978903
    silence_rate_20dB:
        dmean: 0
        dmean2: 0
        dvar: 0
        dvar2: 0
        max: 1
        mean: 1
        min: 1
        var: 0
    silence_rate_30dB:
        dmean: 0
        dmean2: 0
        dvar: 0
        dvar2: 0
        max: 1
        mean: 1
        min: 1
        var: 0
    silence_rate_60dB:
        dmean: 0.0781609192491
        dmean2: 0.156682029366
        dvar: 0.0720518529415
        dvar2: 0.150565624237
        max: 1
        mean: 0.49541285634
        min: 0
        var: 0.249979019165
    spectral_centroid:
        dmean: 67.3279953003
        dmean2: 109.973121643
        dvar: 8873.34570312
        dvar2: 23282.5058594
        max: 1153.80651855
        mean: 459.792022705
        min: 272.514007568
        var: 23668.2089844
    spectral_complexity:
        dmean: 1.14055299759
        dmean2: 1.94457280636
        dvar: 1.54936873913
        dvar2: 3.86759662628
        max: 13
        mean: 4.86896562576
        min: 0
        var: 2.89547586441
    spectral_crest:
        dmean: 2.15976166725
        dmean2: 3.49252271652
        dvar: 4.36607074738
        dvar2: 11.3225297928
        max: 25.0836315155
        mean: 15.5120296478
        min: 3.63014626503
        var: 32.2829360962
    spectral_decrease:
        dmean: 2.20278809082e-10
        dmean2: 3.33017308174e-10
        dvar: 6.0209720693e-20
        dvar2: 1.4038322575e-19
        max: -2.32703775953e-13
        mean: -1.07502318158e-09
        min: -3.34712590977e-09
        var: 5.17237432897e-19
    spectral_energy:
        dmean: 0.000861645734403
        dmean2: 0.00129959837068
        dvar: 9.26218206132e-07
        dvar2: 2.16199919123e-06
        max: 0.0130344145
        mean: 0.00421653268859
        min: 9.55815494308e-07
        var: 7.83394170867e-06
    spectral_energyband_high:
        dmean: 1.55520319822e-05
        dmean2: 2.43204412982e-05
        dvar: 8.78977890473e-10
        dvar2: 2.19980678118e-09
        max: 0.00018958709552
        mean: 2.08854744415e-05
        min: 1.00494323974e-08
        var: 9.20309439767e-10
    spectral_energyband_low:
        dmean: 0.000127484599943
        dmean2: 0.000217950815568
        dvar: 3.77007225438e-08
        dvar2: 1.07138802719e-07
        max: 0.00133674545214
        mean: 0.000251040793955
        min: 1.16226445357e-07
        var: 5.39013313983e-08
    spectral_energyband_middle_high:
        dmean: 7.98129622126e-05
        dmean2: 0.00012499128934
        dvar: 1.44281822045e-08
        dvar2: 3.31707532553e-08
        max: 0.00123986555263
        mean: 0.0002222203766
        min: 4.06599639291e-07
        var: 3.11759897897e-08
    spectral_energyband_middle_low:
        dmean: 0.000784651492722
        dmean2: 0.00119710946456
        dvar: 7.83157190654e-07
        dvar2: 1.81283860456e-06
        max: 0.0127691170201
        mean: 0.00372238527052
        min: 4.11723362959e-07
        var: 7.71085888118e-06
    spectral_flatness_db:
        dmean: 0.0269547887146
        dmean2: 0.0366922318935
        dvar: 0.000545540999155
        dvar2: 0.00112949649338
        max: 0.399273306131
        mean: 0.238610416651
        min: 0.0768209397793
        var: 0.0040165502578
    spectral_flux:
        dmean: 0.00606374861673
        dmean2: 0.00931672099978
        dvar: 5.60042572033e-05
        dvar2: 0.000129980500787
        max: 0.0860804691911
        mean: 0.0206237919629
        min: 0.00686477776617
        var: 8.41029614094e-05
    spectral_kurtosis:
        dmean: 4.6156539917
        dmean2: 7.23507928848
        dvar: 25.3905601501
        dvar2: 57.8840408325
        max: 43.1855316162
        mean: 11.3913974762
        min: 1.71005058289
        var: 61.9600448608
    spectral_rms:
        dmean: 0.000215074978769
        dmean2: 0.000317122787237
        dvar: 5.39906821473e-08
        dvar2: 1.12200090996e-07
        max: 0.00356602040119
        mean: 0.00191547174472
        min: 3.05369103444e-05
        var: 4.44661594656e-07
    spectral_rolloff:
        dmean: 153.907775879
        dmean2: 267.946655273
        dvar: 118125.554688
        dvar2: 328748.1875
        max: 3423.77929688
        mean: 603.770446777
        min: 215.33203125
        var: 201801.828125
    spectral_skewness:
        dmean: 0.425554901361
        dmean2: 0.655784964561
        dvar: 0.176474422216
        dvar2: 0.386082082987
        max: 4.99181938171
        mean: 2.5692961216
        min: 1.23807692528
        var: 0.547937393188
    spectral_spread:
        dmean: 890010.9375
        dmean2: 1057851.75
        dvar: 857667207168
        dvar2: 1.48596640973e+12
        max: 12381659
        mean: 3885212
        min: 1417660.5
        var: 2.94467823206e+12
    spectral_strongpeak:
        dmean: 0.107944622636
        dmean2: 0.161091566086
        dvar: 0.0125398579985
        dvar2: 0.026351204142
        max: 1.56211090088
        mean: 0.522134423256
        min: 0
        var: 0.155342787504
    zerocrossingrate:
        dmean: 0.00455429125577
        dmean2: 0.00544326473027
        dvar: 2.14299489016e-05
        dvar2: 2.62692883553e-05
        max: 0.0869140625
        mean: 0.0304148700088
        min: 0.01025390625
        var: 0.000162730546435
    barkbands:
        dmean: [9.67656674788e-08, 3.96651194023e-05, 9.8504620837e-05, 0.000173742577317, 0.000243169168243, 0.000582811771892, 4.29705505667e-05, 3.14071403409e-05, 2.83592708001e-05, 1.94256444956e-05, 1.17801519082e-05, 1.12846510092e-05, 1.75919485628e-05, 1.54273420776e-05, 9.65007347986e-06, 1.62481737789e-05, 1.01245523183e-05, 1.00624529296e-05, 1.25064489112e-05, 1.20833719848e-05, 7.93429899204e-06, 2.71231897386e-06, 6.10874451468e-07, 5.40756502687e-07, 2.99214946153e-07, 3.12741157416e-08, 4.12650025261e-10]
        dmean2: [1.50128869336e-07, 7.25443314877e-05, 0.000164871045854, 0.000288158946205, 0.000399151322199, 0.000818877771962, 6.30062058917e-05, 5.06937321916e-05, 4.2953837692e-05, 2.9700468076e-05, 1.87291789189e-05, 1.82527892321e-05, 2.94552446576e-05, 2.48215874308e-05, 1.56916630658e-05, 2.73467630905e-05, 1.70026651176e-05, 1.72517447936e-05, 2.02624996746e-05, 1.76792127604e-05, 1.30194648591e-05, 4.23341180067e-06, 9.14197642032e-07, 8.09825621673e-07, 4.36364445022e-07, 4.81305768574e-08, 6.8721683899e-10]
        dvar: [4.76992611262e-14, 7.61384466585e-09, 2.14552038358e-08, 5.51387699943e-08, 1.45752949265e-07, 6.25889356343e-07, 4.66951899369e-09, 1.81679482569e-09, 1.48220813401e-09, 5.74768843631e-10, 3.26084714786e-10, 3.44068218361e-10, 9.16314857324e-10, 6.52990661543e-10, 2.02254255011e-10, 7.59731111355e-10, 1.76100509175e-10, 2.40394065765e-10, 4.57271998044e-10, 4.73487971053e-10, 3.18651688369e-10, 2.42224330871e-11, 1.42387588265e-12, 1.58492294809e-12, 3.57411555863e-13, 6.00001463308e-15, 1.18436133696e-18]
        dvar2: [1.12346736731e-13, 2.30243806243e-08, 6.05788272878e-08, 1.46637802345e-07, 3.92577305774e-07, 1.50496452989e-06, 9.24893406307e-09, 5.06626607333e-09, 3.35616978653e-09, 1.2998175869e-09, 8.18604684039e-10, 8.39861014068e-10, 2.44137532412e-09, 1.65821101294e-09, 4.75917305565e-10, 1.81252635123e-09, 4.32011620921e-10, 6.44583497689e-10, 1.09507913848e-09, 1.13114850819e-09, 8.42332759099e-10, 5.93109311664e-11, 3.18989648064e-12, 3.85835200595e-12, 8.4287362246e-13, 1.34826155977e-14, 2.96095276643e-18]
        max: [1.41769555739e-06, 0.000666430569254, 0.00122826546431, 0.00199050828815, 0.00554210692644, 0.010708488524, 0.000901148538105, 0.000357752083801, 0.000397491327021, 0.00025454221759, 0.000140816002386, 0.000214114959817, 0.000356438948074, 0.000265215872787, 0.000155760964844, 0.000439801660832, 0.000128533589304, 0.000165661855135, 0.00017862750974, 0.000240498091443, 0.000135347669129, 3.80396741093e-05, 1.04118525996e-05, 1.25396400108e-05, 4.57604437543e-06, 9.08001652533e-07, 1.31349091603e-08]
        mean: [1.04432665182e-07, 5.50325930817e-05, 0.00019591000455, 0.000378833268769, 0.000536720384844, 0.00261630187742, 8.15474413685e-05, 5.132640581e-05, 5.18500091857e-05, 3.32812633133e-05, 1.67571815837e-05, 1.70434450411e-05, 2.30624827964e-05, 2.08004275919e-05, 2.02872415684e-05, 2.74287958746e-05, 1.94888689293e-05, 1.7706066501e-05, 2.02699357033e-05, 1.84305190487e-05, 9.00697432371e-06, 3.56925193046e-06, 7.68906716075e-07, 6.68351788136e-07, 3.16171053782e-07, 2.83276300195e-08, 4.17605783287e-10]
        min: [3.52585217966e-11, 5.4030813601e-08, 5.01350037041e-08, 5.24630507925e-08, 1.28501540075e-07, 1.22144470538e-07, 6.17230568878e-08, 2.9822903258e-08, 1.65878635272e-08, 4.06205771242e-08, 8.69245369017e-08, 7.68353203284e-08, 6.65895001362e-08, 2.38041284462e-08, 1.40914746538e-08, 1.66392144507e-08, 2.08060484397e-08, 2.60795314233e-08, 2.68140070148e-08, 1.34592319512e-08, 1.27185961762e-09, 8.06211708504e-10, 5.73263658765e-10, 1.16063314515e-09, 2.4185151104e-10, 2.78486400607e-11, 1.53794173035e-13]
        var: [5.11749422406e-14, 6.12284800638e-09, 4.09461904383e-08, 1.64658231938e-07, 2.28381992429e-07, 7.23914081391e-06, 1.02420125714e-08, 3.22567950128e-09, 3.55440588073e-09, 1.0350974522e-09, 4.86650442166e-10, 4.84003004342e-10, 1.01248343043e-09, 9.96265625552e-10, 5.18430354202e-10, 1.49666012916e-09, 2.87588314274e-10, 2.90057727836e-10, 7.0664085694e-10, 7.99539379148e-10, 2.66421690265e-10, 2.8745264849e-11, 1.88435747041e-12, 1.83041277448e-12, 4.39895922423e-13, 6.64714229907e-15, 9.35900992966e-19]
    mfcc:
        mean: [-798.354797363, 171.411529541, -24.8584766388, 53.6297149658, -5.87207555771, -6.80433368683, -9.33034610748, -16.9382972717, -11.9346790314, -13.3132600784, -10.9093751907, -10.0377035141, -5.3883805275]
        cov: [[2028.71899414, -994.358154297, 280.310058594, -268.162017822, 7.39903402328, 105.657249451, 1.92585098743, -8.01903152466, 30.469493866, 12.818025589, 45.3863334656, -2.0943980217, -21.7213401794], [-994.358154297, 957.163879395, -341.958892822, 243.033843994, -31.8585910797, -58.9739379883, -16.8601341248, -27.5763511658, -56.0482292175, -0.62541949749, -30.2001838684, -4.48496246338, 7.93048191071], [280.310058594, -341.958892822, 499.906921387, -64.9992523193, 70.4357070923, 46.8507118225, -16.1160030365, -14.5186443329, -11.5284824371, -45.3190574646, 25.0191898346, 2.28293538094, -2.70748138428], [-268.162017822, 243.033843994, -64.9992523193, 227.84312439, -0.49178570509, 1.89390516281, 2.55412054062, 2.11947774887, 24.275686264, -4.48888301849, -5.98387384415, -12.6319055557, 19.1270122528], [7.39903402328, -31.8585910797, 70.4357070923, -0.49178570509, 105.947120667, 15.2601356506, 13.3830041885, 17.772895813, 2.28975248337, 9.37452602386, 10.7597789764, -3.70840787888, 4.73845863342], [105.657249451, -58.9739379883, 46.8507118225, 1.89390516281, 15.2601356506, 81.820930481, 20.3778705597, 6.63394546509, 10.3950576782, -6.71113681793, 20.5613746643, 6.73217344284, 2.14238786697], [1.92585098743, -16.8601341248, -16.1160030365, 2.55412054062, 13.3830041885, 20.3778705597, 75.6188583374, 41.2785301208, 35.7006263733, 11.7957363129, 3.33609580994, 7.82575368881, -0.111269518733], [-8.01903152466, -27.5763511658, -14.5186443329, 2.11947774887, 17.772895813, 6.63394546509, 41.2785301208, 94.7187805176, 49.6215019226, 32.2747077942, 9.89838027954, 1.19991743565, 0.894427657127], [30.469493866, -56.0482292175, -11.5284824371, 24.275686264, 2.28975248337, 10.3950576782, 35.7006263733, 49.6215019226, 112.733337402, 21.4750270844, 9.14747428894, -1.87398791313, -1.54169511795], [12.818025589, -0.62541949749, -45.3190574646, -4.48888301849, 9.37452602386, -6.71113681793, 11.7957363129, 32.2747077942, 21.4750270844, 76.2015914917, 9.91657352448, 6.99922323227, -0.771603941917], [45.3863334656, -30.2001838684, 25.0191898346, -5.98387384415, 10.7597789764, 20.5613746643, 3.33609580994, 9.89838027954, 9.14747428894, 9.91657352448, 50.2622528076, 11.067155838, -4.22613763809], [-2.0943980217, -4.48496246338, 2.28293538094, -12.6319055557, -3.70840787888, 6.73217344284, 7.82575368881, 1.19991743565, -1.87398791313, 6.99922323227, 11.067155838, 43.6041374207, 8.25056171417], [-21.7213401794, 7.93048191071, -2.70748138428, 19.1270122528, 4.73845863342, 2.14238786697, -0.111269518733, 0.894427657127, -1.54169511795, -0.771603941917, -4.22613763809, 8.25056171417, 46.7173995972]]
        icov: [[0.00110935687553, 0.00120822910685, 0.00026363946381, 5.58481988264e-05, 0.000193607993424, -0.000877012731507, 0.000163365373737, 0.000469339662232, 0.000239878398133, -0.000414025649661, -0.000211786405998, 0.000376472075004, 0.000230525765801], [0.00120822910685, 0.00350589328445, 0.0015530771343, -0.00219699018635, -0.000240503024543, -8.96161654964e-05, 0.000169169681612, 0.000444422621513, 0.00183766870759, -1.76217381522e-05, -0.000173778011231, -0.000430016749306, 0.00109709962271], [0.00026363946381, 0.0015530771343, 0.00349815911613, -0.000485791504616, -0.00208819331601, -0.000811929290649, 0.00118311319966, 6.02301806794e-05, 0.000554085127078, 0.00199983362108, -0.000716246373486, -0.000648986839224, 0.000612401636317], [5.58481988264e-05, -0.00219699018635, -0.000485791504616, 0.00739277713001, 3.83881051675e-05, -0.00135505991057, 0.000323350424878, 0.000563944224268, -0.00302228797227, 0.000314637058182, -0.000173897831701, 0.00254582730122, -0.00316764367744], [0.000193607993424, -0.000240503024543, -0.00208819331601, 3.83881051675e-05, 0.0118939699605, -0.000973435933702, -0.00208072434179, -0.00137038400862, 0.00131769652944, -0.00236812513322, -0.0015657376498, 0.002850279212, -0.00178699754179], [-0.000877012731507, -8.96161654964e-05, -0.000811929290649, -0.00135505991057, -0.000973435933702, 0.0169318430126, -0.00498379394412, 0.000713577028364, 0.000103526479506, 0.00248339213431, -0.00592537177727, -0.000940927362535, -0.00091350247385], [0.000163365373737, 0.000169169681612, 0.00118311319966, 0.000323350424878, -0.00208072434179, -0.00498379394412, 0.0207809843123, -0.00698889698833, -0.00346808182076, 0.00121417455375, 0.00337718962692, -0.00439030304551, 0.00159277953207], [0.000469339662232, 0.000444422621513, 6.02301806794e-05, 0.000563944224268, -0.00137038400862, 0.000713577028364, -0.00698889698833, 0.0184152722359, -0.00480544380844, -0.00508565269411, -0.00195378181525, 0.0020692658145, -0.00113233015873], [0.000239878398133, 0.00183766870759, 0.000554085127078, -0.00302228797227, 0.00131769652944, 0.000103526479506, -0.00346808182076, -0.00480544380844, 0.0139953251928, -0.00131380977109, -0.00132518808823, 0.00107896048576, 0.00114414130803], [-0.000414025649661, -1.76217381522e-05, 0.00199983362108, 0.000314637058182, -0.00236812513322, 0.00248339213431, 0.00121417455375, -0.00508565269411, -0.00131380977109, 0.0178900044411, -0.00275827595033, -0.00303247477859, 0.000562295725103], [-0.000211786405998, -0.000173778011231, -0.000716246373486, -0.000173897831701, -0.0015657376498, -0.00592537177727, 0.00337718962692, -0.00195378181525, -0.00132518808823, -0.00275827595033, 0.0258269030601, -0.00671305553988, 0.00386932701804], [0.000376472075004, -0.000430016749306, -0.000648986839224, 0.00254582730122, 0.002850279212, -0.000940927362535, -0.00439030304551, 0.0020692658145, 0.00107896048576, -0.00303247477859, -0.00671305553988, 0.0283117424697, -0.00674967793748], [0.000230525765801, 0.00109709962271, 0.000612401636317, -0.00316764367744, -0.00178699754179, -0.00091350247385, 0.00159277953207, -0.00113233015873, 0.00114414130803, 0.000562295725103, 0.00386932701804, -0.00674967793748, 0.0244963523]]
    spectral_contrast:
        mean: [8.47670548865e-07, 3.52069918108e-07, 2.08704037163e-07, -5.80699975217e-07, 5.4781463632e-07, 3.36663475764e-07, -1.34144704589e-06, -5.95693609284e-06, -3.12465363095e-06, -9.48193417116e-07, -4.13094448959e-06, 2.68563462669e-06]
        var: [0.0003762653796, 0.000669140077662, 0.000796486274339, 0.00158533127978, 0.00252001034096, 0.00995880085975, 0.0485917665064, 0.0637943893671, 0.105904482305, 0.237957537174, 0.358308434486, 1.4755923748]

rhythm:
    beats_loudness:
        dmean: 0.00177212583367
        dmean2: 0.00263998704031
        dvar: 1.79362245945e-06
        dvar2: 3.14424596581e-06
        max: 0.00969862844795
        mean: 0.0043162307702
        min: 0.00105995230842
        var: 6.79608410792e-06
    beats_loudness_bass:
        dmean: 0.158960610628
        dmean2: 0.267754971981
        dvar: 0.0254103392363
        dvar2: 0.0764600858092
        max: 0.586521804333
        mean: 0.165752097964
        min: 0.0250626597553
        var: 0.0225823074579
    bpm: 91.0922546387
    bpm_confidence: 0
    first_peak_bpm: 184
    first_peak_spread: 0
    first_peak_weight: 0.550000011921
    onset_rate: 4.66118860245
    second_peak_bpm: 91
    second_peak_spread: 0
    second_peak_weight: 0.40000000596
    beats_position: [0.637851119041, 1.29652559757, 1.95519995689, 2.61387419701, 3.27254891396, 3.93122339249, 4.58989810944, 5.24857234955, 5.9072470665, 6.30819272995, 6.63344526291, 6.95869684219, 7.28394842148, 7.6092004776, 7.93445205688, 8.25970363617, 8.58495521545, 8.91020679474, 9.2354593277, 9.56071090698, 9.88596248627]
    bpm_estimates: [91.2923278809, 91.0356369019, 90.8374633789, 91.3184585571, 91.0342712402, 91.0611419678, 91.0015487671, 91.0582504272, 91.1912918091]
    bpm_intervals: [0.658674478531, 0.658674359322, 0.658674240112, 0.658674716949, 0.658674478531, 0.658674716949, 0.658674240112, 0.658674716949, 0.400945663452, 0.325252532959, 0.325251579285, 0.325251579285, 0.325252056122, 0.325251579285, 0.325251579285, 0.325251579285, 0.325251579285, 0.325252532959, 0.325251579285, 0.325251579285]
    onset_times: [0.0348299331963, 0.197369620204, 0.27863946557, 0.49922901392, 0.568888902664, 0.650158703327, 0.975238084793, 1.17260766029, 1.28870749474, 1.64861679077, 1.78793644905, 1.96208620071, 2.28716564178, 2.61224484444, 2.97215414047, 3.28562355042, 3.41333341599, 3.55265307426, 3.72680282593, 3.88934230804, 4.28408145905, 4.52789115906, 4.73687076569, 4.8994102478, 5.05034017563, 5.25931978226, 5.58439922333, 5.75854873657, 5.93269824982, 6.26938772202, 6.46675729752, 6.59446716309, 6.94276666641, 7.10530614853, 7.25623559952, 7.47682523727, 7.56970500946, 7.91800451279, 8.24308395386, 8.55655288696, 8.893242836, 9.06739234924, 9.22993183136, 9.46213150024, 9.50857162476, 9.74077129364, 9.89170074463]
    rubato_start: [6.63344526291]
    rubato_stop: [9.88596248627]
    perceptual_tempo: "unknown"

sfx:
    inharmonicity:
        dmean: 0.0214052908123
        dmean2: 0.0385601446033
        dvar: 0.00128450104967
        dvar2: 0.00383096165024
        max: 0.225048840046
        mean: 0.019341185689
        min: 0
        var: 0.00102952984162
    oddtoevenharmonicenergyratio:
        dmean: 4.27218389511
        dmean2: 8.18820095062
        dvar: 201.969787598
        dvar2: 589.405151367
        max: 107.161262512
        mean: 2.74493861198
        min: 0
        var: 113.780662537
    pitch_after_max_to_before_max_energy_ratio: 1.19778227806
    pitch_centroid: 206.592971802
    pitch_max_to_total: 0.701149404049
    pitch_min_to_total: 0.298850566149
    tristimulus:
        dmean: [0.200015053153, 0.201532870531, 0.0347290337086]
        dmean2: [0.356797426939, 0.359081685543, 0.0594584457576]
        dvar: [0.0526360943913, 0.0501940101385, 0.00239653349854]
        dvar2: [0.146113306284, 0.139010697603, 0.00677359197289]
        max: [1, 0.962102711201, 0.525736570358]
        mean: [0.554930090904, 0.389982163906, 0.044362988323]
        min: [0.00104494474363, 0, 0]
        var: [0.0983553156257, 0.0924563780427, 0.00292029185221]

tonal:
    chords_changes_rate: 0.0456621013582
    chords_number_rate: 0.0228310506791
    chords_strength:
        dmean: 0.00959465280175
        dmean2: 0.00619271397591
        dvar: 7.27091974113e-05
        dvar2: 3.35688964697e-05
        max: 0.662634968758
        mean: 0.487589240074
        min: 0.250390708447
        var: 0.0134952254593
    key_strength: 0.526777327061
    tuning_diatonic_strength: 0.417618989944
    tuning_equal_tempered_deviation: 0.11761239171
    tuning_frequency: 444.085327148
    tuning_nontempered_energy_ratio: 0.762425661087
    hpcp:
        dmean: [0.0628684908152, 0.0605284757912, 0.0343659259379, 0.0219279099256, 0.0169684179127, 0.0376688018441, 0.0487904958427, 0.0459114946425, 0.0659621730447, 0.0791740342975, 0.0424534492195, 0.0397144593298, 0.044472258538, 0.047499012202, 0.0936297029257, 0.10958571732, 0.0732597187161, 0.025395328179, 0.0149138811976, 0.0406673103571, 0.0962182953954, 0.10111310333, 0.0813586711884, 0.0463370829821, 0.0427896529436, 0.0424084104598, 0.0517223700881, 0.0536342486739, 0.0592995174229, 0.0775699093938, 0.0683445334435, 0.052278470248, 0.0239636469632, 0.033322263509, 0.0722576379776, 0.0727994740009]
        dmean2: [0.102709151804, 0.109563007951, 0.0646309405565, 0.0404579378664, 0.0294591691345, 0.0589914992452, 0.0792674869299, 0.0789755284786, 0.112885147333, 0.129479140043, 0.0688561275601, 0.0691678598523, 0.0830063596368, 0.0868424773216, 0.144218340516, 0.184098079801, 0.128594607115, 0.0461621172726, 0.0253022052348, 0.0680898353457, 0.157813280821, 0.156714901328, 0.126368165016, 0.0703034475446, 0.0719824880362, 0.0714469328523, 0.072950899601, 0.0746968910098, 0.102553233504, 0.13510414958, 0.118295393884, 0.0961044952273, 0.0448751449585, 0.0616857260466, 0.121564880013, 0.11839029938]
        dvar: [0.0180954616517, 0.020829020068, 0.0126153416932, 0.00765735656023, 0.0012544101337, 0.00644733477384, 0.0105989621952, 0.00942601729184, 0.0205759163946, 0.0297046098858, 0.00893671158701, 0.0173143036664, 0.0215625539422, 0.0123047400266, 0.0223827604204, 0.0351931452751, 0.0155560970306, 0.00517309410498, 0.000948044937104, 0.00818954128772, 0.0236548408866, 0.030712466687, 0.0144464643672, 0.0106727499515, 0.0151374964043, 0.00463125295937, 0.0115151666105, 0.0128452945501, 0.00853515788913, 0.0190047565848, 0.0181111432612, 0.0165473241359, 0.00333491922356, 0.00714678596705, 0.0288007352501, 0.0219495315105]
        dvar2: [0.046146787703, 0.0641923993826, 0.0354015342891, 0.0219092518091, 0.00379624916241, 0.0163013096899, 0.0241014901549, 0.0244855117053, 0.054269246757, 0.0819090530276, 0.0250044465065, 0.0475503094494, 0.0523267202079, 0.0281864888966, 0.0465841628611, 0.0759841427207, 0.0437500998378, 0.0149433482438, 0.00230925390497, 0.0162139330059, 0.0559160485864, 0.0599932745099, 0.0295312907547, 0.0194489918649, 0.0370493009686, 0.0128536205739, 0.0198394246399, 0.0208761915565, 0.0224630124867, 0.0497021712363, 0.0452715829015, 0.0488150455058, 0.00984216295183, 0.021293701604, 0.0803091526031, 0.0488746277988]
        max: [1, 1, 0.944554686546, 0.807919204235, 0.244851142168, 0.655395567417, 1, 1, 1, 1, 0.758420825005, 1, 1, 1, 1, 1, 0.861783504486, 0.637967586517, 0.204335138202, 0.933812379837, 1, 1, 1, 1, 1, 0.586727678776, 1, 1, 0.632543385029, 1, 1, 0.998063147068, 0.393433332443, 0.585299968719, 1, 1]
        mean: [0.176043406129, 0.0686241388321, 0.0236611347646, 0.0161215849221, 0.0171396359801, 0.0530367419124, 0.0682816803455, 0.0532897412777, 0.0840639844537, 0.0894844532013, 0.0447436608374, 0.0364725366235, 0.0387548916042, 0.0541226007044, 0.175404310226, 0.208151191473, 0.0860068500042, 0.0220701508224, 0.013710279949, 0.0437043607235, 0.262299835682, 0.361666351557, 0.181008070707, 0.246744275093, 0.295170158148, 0.11353110522, 0.117675311863, 0.140446200967, 0.0910165011883, 0.185912683606, 0.196980893612, 0.0712124481797, 0.0190360229462, 0.0223274212331, 0.0635749772191, 0.167653396726]
        min: [0, 0.000360934529454, 0.000129646927235, 8.12314247014e-05, 0.000129412888782, 0.000265913549811, 0.000224922769121, 0.000434753805166, 0.000484231306473, 0.000317918515066, 0.000355994066922, 0, 0, 0, 0, 0, 0.000223012117203, 5.74724690523e-05, 3.50863629137e-05, 0.000122256606119, 0.000347238208633, 0.000277218903648, 0.000644411018584, 4.09370768466e-05, 9.84395519481e-05, 0.000156653128215, 0, 0.000124602491269, 0.000197260364075, 0.000387829699321, 0.000555201375391, 0, 0, 0, 0, 0]
        var: [0.0956019684672, 0.0209901183844, 0.0073864441365, 0.00446418533102, 0.00117978779599, 0.0121342465281, 0.0218923725188, 0.0126448655501, 0.0266094859689, 0.03297476843, 0.00927416048944, 0.0119360983372, 0.0171064138412, 0.013970149681, 0.0678895786405, 0.0885817930102, 0.0196864958853, 0.00356061081402, 0.000819176377263, 0.00874852761626, 0.0873568877578, 0.169595867395, 0.0341305136681, 0.131087347865, 0.186248466372, 0.0224925130606, 0.0558087863028, 0.077939286828, 0.0147673143074, 0.0972847342491, 0.108308471739, 0.0179856568575, 0.00218479312025, 0.00430969102308, 0.0251678209752, 0.0825532078743]
    chords_histogram: [0, 0, 0, 0, 0, 0, 0, 0, 0, 0, 0, 0, 0, 0.91324198246, 24.2009124756, 27.8538818359, 4.10958909988, 0.45662099123, 20.5479450226, 0, 21.9178085327, 0, 0, 0]
    thpcp: [1, 0.500483572483, 0.682242810726, 0.816139400005, 0.313911169767, 0.325369805098, 0.388330847025, 0.251658737659, 0.514044761658, 0.544648110867, 0.196900948882, 0.0526342093945, 0.0617348589003, 0.175783500075, 0.463558197021, 0.486756384373, 0.189744323492, 0.0654225498438, 0.0445758514106, 0.0473907403648, 0.146645501256, 0.188797444105, 0.147345036268, 0.232435181737, 0.247422665358, 0.123715296388, 0.100845813751, 0.107156477869, 0.14964787662, 0.484989285469, 0.575533747673, 0.237807169557, 0.0610235109925, 0.0379086397588, 0.120841652155, 0.725253641605]
    chords_key: "A"
    chords_scale: "minor"
    key_key: "E"
    key_scale: "major"
    chords_progression: ["Am", "Am", "Am", "Am", "Am", "Am", "Am", "Am", "Am", "Am", "Am", "Am", "Am", "Am", "Am", "Am", "Am", "Am", "Am", "D", "Am", "D", "D", "D", "D", "D", "D", "D", "D", "D", "D", "D", "D", "D", "D", "D", "D", "D", "D", "D", "D", "D", "D", "D", "D", "D", "D", "D", "D", "D", "D", "D", "D", "D", "D", "D", "D", "D", "D", "D", "D", "D", "D", "D", "D", "D", "D", "D", "Am", "Am", "Dm", "Dm", "F", "F", "F", "F", "F", "F", "F", "F", "F", "F", "F", "F", "F", "F", "F", "F", "F", "F", "F", "F", "F", "F", "F", "F", "F", "F", "F", "F", "F", "F", "F", "F", "F", "F", "F", "F", "F", "F", "F", "F", "F", "F", "F", "F", "F", "F", "F", "F", "F", "F", "F", "F", "F", "Em", "G", "G", "G", "G", "G", "G", "G", "G", "G", "G", "G", "G", "G", "G", "G", "G", "G", "G", "G", "G", "G", "G", "G", "G", "G", "G", "G", "G", "G", "G", "G", "G", "G", "G", "G", "G", "G", "G", "G", "G", "G", "G", "G", "G", "G", "C", "C", "C", "C", "C", "C", "C", "C", "C", "Am", "Am", "Am", "Am", "Am", "Am", "Am", "Am", "Am", "Am", "Am", "Am", "Am", "Am", "Am", "Am", "Am", "Am", "Am", "Am", "Am", "Am", "Am", "Am", "Am", "Am", "Am", "Am", "Am", "Am", "Am", "Am", "Am", "Am", "Am", "Am", "Am", "Am", "Am"]
