
metadata:
    version:
        essentia: "1.2.2"
    audio_properties:
        analysis_sample_rate: 44100
        bitrate: 128
        channels: 2
        equal_loudness: 1
        length: 10.0310201645
        replay_gain: -12.1693134308
        downmix: "mix"
    tags:
        track: 26
        year: 0
        album: "Splitted by Mp3Splt v. 2.1"
        artist: "From 004.10 To 004.20"
        comment: "http://mp3splt.sf.net"
        genre: ""
        title: "11 Illumination.mp3"

highlevel:
    ballroom:
        all:
            ChaChaCha: 0.275483220816
            Jive: 0.327706634998
            Quickstep: 0.0569253191352
            Rumba-American: 0.00525893690065
            Rumba-International: 0.0117907347158
            Rumba-Misc: 0.00984560791403
            Samba: 0.178438588977
            Tango: 0.0165160801262
            VienneseWaltz: 0.103566989303
            Waltz: 0.0144678717479
        probability: 0.327706634998
        value: "Jive"
    culture:
        all:
            non_western: 0.104780331254
            western: 0.895219683647
        probability: 0.895219683647
        value: "western"
    gender:
        all:
            female: 0.852964282036
            male: 0.147035732865
        probability: 0.852964282036
        value: "female"
    genre_dortmund:
        all:
            alternative: 0.0585269629955
            blues: 0.00386612443253
            electronic: 0.53148162365
            folkcountry: 0.0665559023619
            funksoulrnb: 0.0717967972159
            jazz: 0.0436106361449
            pop: 0.124926611781
            raphiphop: 0.00579355889931
            rock: 0.0934417769313
        probability: 0.53148162365
        value: "electronic"
    genre_electronica:
        all:
            ambient: 0.30605173111
            dnb: 0.0659747719765
            house: 0.00486667687073
            techno: 0.00184087024536
            trance: 0.621265947819
        probability: 0.621265947819
        value: "trance"
    genre_rosamerica:
        all:
            cla: 0.0652668252587
            dan: 0.217755973339
            hip: 0.00972787197679
            jaz: 0.0206219349056
            pop: 0.158703669906
            rhy: 0.00939200539142
            roc: 0.51566195488
            spe: 0.00286973756738
        probability: 0.51566195488
        value: "roc"
    genre_tzanetakis:
        all:
            blu: 0.0166261214763
            cla: 0.0504857935011
            cou: 0.0508778207004
            dis: 0.0871052742004
            hip: 0.0100669739768
            jaz: 0.115765184164
            met: 0.0156326107681
            pop: 0.502396225929
            reg: 0.023604594171
            roc: 0.127439379692
        probability: 0.502396225929
        value: "pop"
    live_studio:
        all:
            live: 0.621097922325
            studio: 0.378902077675
        probability: 0.621097922325
        value: "live"
    mood:
        all:
            Cluster1: 0.379556745291
            Cluster2: 0.299267739058
            Cluster3: 0.114403367043
            Cluster4: 0.138041362166
            Cluster5: 0.0687307938933
        probability: 0.379556745291
        value: "Cluster1"
    mood_acoustic:
        all:
            acoustic: 0.0506834946573
            not_acoustic: 0.949316501617
        probability: 0.949316501617
        value: "not_acoustic"
    mood_aggressive:
        all:
            aggressive: 0.728805661201
            not_aggressive: 0.271194368601
        probability: 0.728805661201
        value: "aggressive"
    mood_electronic:
        all:
            electronic: 0.941460192204
            not_electronic: 0.0585398264229
        probability: 0.941460192204
        value: "electronic"
    mood_happy:
        all:
            happy: 0.723618984222
            not_happy: 0.27638104558
        probability: 0.723618984222
        value: "happy"
    mood_party:
        all:
            not_party: 0.423965394497
            party: 0.576034605503
        probability: 0.576034605503
        value: "party"
    mood_relaxed:
        all:
            not_relaxed: 0.796961009502
            relaxed: 0.203038975596
        probability: 0.796961009502
        value: "not_relaxed"
    mood_sad:
        all:
            not_sad: 0.656128525734
            sad: 0.343871504068
        probability: 0.656128525734
        value: "not_sad"
    rhythm:
        all:
            fast: 0.29635182023
            medium: 0.628024995327
            slow: 0.0756231844425
        probability: 0.628024995327
        value: "medium"
    speech_music:
        all:
            music: 0.99798220396
            speech: 0.00201781885698
        probability: 0.99798220396
        value: "music"
    timbre:
        all:
            bright: 0.521112024784
            dark: 0.478887975216
        probability: 0.521112024784
        value: "bright"
    voice_instrumental:
        all:
            instrumental: 0.166893556714
            voice: 0.833106458187
        probability: 0.833106458187
        value: "voice"

lowlevel:
    average_loudness: 0.962290346622
    barkbands_kurtosis:
        dmean: 0.450688004494
        dmean2: 0.733579218388
        dvar: 0.282189577818
        dvar2: 0.757752120495
        max: 2.40806818008
        mean: -0.628108382225
        min: -1.59626674652
        var: 0.35176089406
    barkbands_skewness:
        dmean: 0.298750400543
        dmean2: 0.477652937174
        dvar: 0.0821328237653
        dvar2: 0.212593272328
        max: 1.85571789742
        mean: 0.392856329679
        min: -0.811114311218
        var: 0.137974113226
    barkbands_spread:
        dmean: 3.71415400505
        dmean2: 5.96813440323
        dvar: 12.4536066055
        dvar2: 27.9873428345
        max: 44.9080162048
        mean: 24.7944889069
        min: 10.9961538315
        var: 52.0040893555
    dissonance:
        dmean: 0.0216933805496
        dmean2: 0.0354803465307
        dvar: 0.0003267043503
        dvar2: 0.000856370897964
        max: 0.497911036015
        mean: 0.458795309067
        min: 0.374581485987
        var: 0.000572339107748
    hfc:
        dmean: 2.09766983986
        dmean2: 3.0515089035
        dvar: 7.80668735504
        dvar2: 18.0792922974
        max: 22.1085529327
        mean: 5.84125614166
        min: 0.597085654736
        var: 13.5680446625
    pitch:
        dmean: 228.236572266
        dmean2: 442.500488281
        dvar: 513150
        dvar2: 1491479.375
        max: 3675
        mean: 341.405914307
        min: 78.0531005859
        var: 278904.875
    pitch_instantaneous_confidence:
        dmean: 0.0869256258011
        dmean2: 0.133281394839
        dvar: 0.00648633902892
        dvar2: 0.0124236000702
        max: 0.826663315296
        mean: 0.460776895285
        min: 0.21554350853
        var: 0.0178616177291
    pitch_salience:
        dmean: 0.0526106581092
        dmean2: 0.0872068032622
        dvar: 0.00191862380598
        dvar2: 0.0047053960152
        max: 0.796042919159
        mean: 0.639224767685
        min: 0.453409641981
        var: 0.00426579918712
    silence_rate_20dB:
        dmean: 0
        dmean2: 0
        dvar: 0
        dvar2: 0
        max: 1
        mean: 1
        min: 1
        var: 0
    silence_rate_30dB:
        dmean: 0
        dmean2: 0
        dvar: 0
        dvar2: 0
        max: 1
        mean: 1
        min: 1
        var: 0
    silence_rate_60dB:
        dmean: 0.18097448349
        dmean2: 0.362790703773
        dvar: 0.148223042488
        dvar2: 0.268382817507
        max: 1
        mean: 0.423611104488
        min: 0
        var: 0.244164213538
    spectral_centroid:
        dmean: 198.057479858
        dmean2: 314.307098389
        dvar: 34880.015625
        dvar2: 89542.828125
        max: 2334.67236328
        mean: 1411.88793945
        min: 600.317321777
        var: 75430.8671875
    spectral_complexity:
        dmean: 3.45454549789
        dmean2: 5.35981321335
        dvar: 12.6955070496
        dvar2: 22.7116146088
        max: 35
        mean: 13.9581394196
        min: 1
        var: 31.3331546783
    spectral_crest:
        dmean: 1.73513042927
        dmean2: 2.94099068642
        dvar: 3.18015789986
        dvar2: 8.6094789505
        max: 15.8928289413
        mean: 5.90261793137
        min: 2.84591627121
        var: 4.00339794159
    spectral_decrease:
        dmean: 3.98207994357e-10
        dmean2: 6.17337181374e-10
        dvar: 4.02356004486e-19
        dvar2: 1.01871056108e-18
        max: -9.2530844098e-11
        mean: -9.7921049047e-10
        min: -5.37761613018e-09
        var: 4.87541235316e-19
    spectral_energy:
        dmean: 0.00167833606247
        dmean2: 0.00258120475337
        dvar: 6.80636458128e-06
        dvar2: 1.70235216501e-05
        max: 0.0220912061632
        mean: 0.00422558235005
        min: 0.000403390527936
        var: 8.64898993314e-06
    spectral_energyband_high:
        dmean: 9.9569435406e-05
        dmean2: 0.000155593035743
        dvar: 1.94241103202e-08
        dvar2: 4.72872940804e-08
        max: 0.00129613641184
        mean: 0.000216996049858
        min: 2.02083283511e-05
        var: 2.64147690388e-08
    spectral_energyband_low:
        dmean: 0.000130529035232
        dmean2: 0.000198230554815
        dvar: 9.13794977464e-08
        dvar2: 2.33809075212e-07
        max: 0.00263177137822
        mean: 0.000227850992815
        min: 4.20503205589e-08
        var: 1.22051375229e-07
    spectral_energyband_middle_high:
        dmean: 0.000658784992993
        dmean2: 0.000971995294094
        dvar: 4.43001198391e-07
        dvar2: 9.43557211031e-07
        max: 0.00689286459237
        mean: 0.00222277780995
        min: 0.00020956590015
        var: 1.39988856063e-06
    spectral_energyband_middle_low:
        dmean: 0.00106104719453
        dmean2: 0.0018020082498
        dvar: 4.68717826152e-06
        dvar2: 1.22521432786e-05
        max: 0.0171003025025
        mean: 0.00155793770682
        min: 0.000143172685057
        var: 3.97976737077e-06
    spectral_flatness_db:
        dmean: 0.0176654309034
        dmean2: 0.0269072148949
        dvar: 0.000188668287592
        dvar2: 0.000431760738138
        max: 0.247934803367
        mean: 0.152182251215
        min: 0.0729781985283
        var: 0.0013466028031
    spectral_flux:
        dmean: 0.0115813501179
        dmean2: 0.0170218814164
        dvar: 0.000227567987167
        dvar2: 0.000436953181634
        max: 0.131190389395
        mean: 0.0369181595743
        min: 0.0111434767023
        var: 0.000377557385946
    spectral_kurtosis:
        dmean: 1.49226391315
        dmean2: 2.56881737709
        dvar: 2.15468358994
        dvar2: 5.40268850327
        max: 19.4591121674
        mean: 4.9054942131
        min: 1.43614387512
        var: 3.23659920692
    spectral_rms:
        dmean: 0.000355665571988
        dmean2: 0.000526934745722
        dvar: 1.97808077473e-07
        dvar2: 4.81945960473e-07
        max: 0.00464245583862
        mean: 0.00194126227871
        min: 0.000627337023616
        var: 3.54018595772e-07
    spectral_rolloff:
        dmean: 511.77746582
        dmean2: 895.941894531
        dvar: 277793.125
        dvar2: 624493
        max: 4371.24023438
        mean: 2909.08666992
        min: 839.794921875
        var: 417975.34375
    spectral_skewness:
        dmean: 0.204870864749
        dmean2: 0.329113483429
        dvar: 0.0376011431217
        dvar2: 0.082650333643
        max: 3.69855093956
        mean: 1.6754257679
        min: 0.898845434189
        var: 0.0578204132617
    spectral_spread:
        dmean: 942233.1875
        dmean2: 1454936.875
        dvar: 898989162496
        dvar2: 2.36600819712e+12
        max: 9289707
        mean: 4343383
        min: 2421358
        var: 1.53139255706e+12
    spectral_strongpeak:
        dmean: 0.310155510902
        dmean2: 0.514685869217
        dvar: 0.113412506878
        dvar2: 0.263725697994
        max: 2.23548698425
        mean: 0.649497449398
        min: 0.0250722318888
        var: 0.225914955139
    zerocrossingrate:
        dmean: 0.00650358758867
        dmean2: 0.00861907657236
        dvar: 2.78606803477e-05
        dvar2: 4.11300825363e-05
        max: 0.11328125
        mean: 0.0833200886846
        min: 0.0361328125
        var: 0.000105678853288
    barkbands:
        dmean: [7.75810406139e-07, 4.79769296362e-05, 9.77167728706e-05, 0.000104502149043, 0.000174237604369, 0.000201320784981, 0.000253879581578, 0.000403029611334, 0.000155343979714, 0.000159578310559, 0.000182667296031, 0.000158300230396, 9.35105344979e-05, 0.000134462607093, 6.55321564409e-05, 6.51161681162e-05, 5.23710332345e-05, 0.000144324425492, 0.000144240679219, 9.73456844804e-05, 4.90200036438e-05, 1.64631710504e-05, 4.50224979431e-06, 1.82733015208e-06, 1.60353715728e-06, 2.23922498321e-07, 4.0543809976e-10]
        dmean2: [8.92560535704e-07, 6.52292073937e-05, 0.000160504074302, 0.000192978099221, 0.000297438120469, 0.000324880093103, 0.00046393633238, 0.000705381098669, 0.000241236994043, 0.000262410467258, 0.000282906898065, 0.000233187922277, 0.000151490079588, 0.000214005602174, 0.000107067498902, 0.000103653328551, 8.32255900605e-05, 0.000234737701248, 0.000231862228247, 0.000158162452863, 8.0787751358e-05, 2.52896061284e-05, 7.02052057022e-06, 2.82098358184e-06, 2.51965388998e-06, 3.56602186002e-07, 6.60487442516e-10]
        dvar: [2.95730605802e-12, 1.18504646096e-08, 7.30028020257e-08, 1.68938726119e-07, 1.37796391186e-07, 2.29777910477e-07, 1.11753638521e-06, 7.90779893123e-07, 6.96310067383e-08, 4.79190056524e-08, 4.8594298363e-08, 4.08252240902e-08, 1.72020850897e-08, 1.79605184059e-08, 1.07329674037e-08, 1.38561695451e-08, 6.18874462788e-09, 4.52408563945e-08, 3.37222836322e-08, 2.14389803688e-08, 3.23291504678e-09, 9.75329261799e-10, 9.64249166624e-11, 5.80183297239e-12, 4.28817571729e-12, 2.08697574738e-13, 3.37357030831e-18]
        dvar2: [3.23531891382e-12, 2.64471218259e-08, 2.05229966355e-07, 4.90846559842e-07, 3.94044064933e-07, 5.93984907482e-07, 3.16393561661e-06, 2.15709656004e-06, 1.71122721326e-07, 1.22086206034e-07, 1.06560115398e-07, 7.71870460881e-08, 4.46947581167e-08, 4.33584084192e-08, 2.62436685716e-08, 3.04127354411e-08, 1.42639189349e-08, 1.12124418195e-07, 8.14854672626e-08, 5.77110625954e-08, 7.69470265283e-09, 2.48149101267e-09, 2.3605559174e-10, 1.25272266518e-11, 9.30844377273e-12, 4.67780653622e-13, 3.58446103946e-18]
        max: [1.95857028302e-05, 0.001025890233, 0.00222439225763, 0.00324885733426, 0.0029143744614, 0.00403782725334, 0.0095535106957, 0.00661061843857, 0.00338383670896, 0.00204146769829, 0.00224569602869, 0.00240037101321, 0.00120943214279, 0.00112038070802, 0.00109839171637, 0.000995417591184, 0.000561229826417, 0.00141940242611, 0.00215928116813, 0.00153339619283, 0.00056389515521, 0.000272795499768, 8.21349021862e-05, 1.82006751857e-05, 1.43585075421e-05, 3.60516196451e-06, 3.77806799179e-08]
        mean: [1.92002676158e-06, 8.63889799803e-05, 0.000139565367135, 8.96503552212e-05, 0.000223597569857, 0.000355111900717, 0.000174487795448, 0.000386411498766, 0.000301471736748, 0.000305712601403, 0.000329285074258, 0.000357815035386, 0.00014920666581, 0.000265162641881, 9.59058088483e-05, 0.000100928285974, 6.7359971581e-05, 0.000174558575964, 0.000294474186376, 0.000200680136913, 9.64507562458e-05, 2.09350182558e-05, 4.7082103265e-06, 2.04468233278e-06, 1.56037481247e-06, 1.93603412413e-07, 3.90657950433e-10]
        min: [1.15979786539e-11, 5.80236636516e-10, 3.31749703264e-08, 2.1069283207e-07, 5.79342031415e-06, 1.32040322569e-05, 2.05609558179e-06, 1.05164890556e-05, 1.51951426233e-05, 3.68286623598e-06, 4.89219610245e-06, 4.79334221382e-06, 4.20855167249e-06, 8.12728922028e-06, 6.54720315652e-06, 6.44948841e-06, 3.43108058587e-06, 1.37275555971e-05, 1.98254128918e-05, 1.05474773591e-05, 8.12238886283e-06, 4.26549917165e-07, 5.98475367042e-08, 2.43211886186e-08, 5.80706771558e-09, 8.2763518261e-10, 2.3827276957e-12]
        var: [1.31754511815e-11, 2.13908037949e-08, 6.32383887478e-08, 9.79804681833e-08, 1.02160129245e-07, 2.32578088344e-07, 6.68176312502e-07, 5.55343433462e-07, 1.10725217439e-07, 9.99383118483e-08, 1.33322970441e-07, 1.24756439845e-07, 2.4127331244e-08, 4.25534736337e-08, 1.24046914962e-08, 1.64795856961e-08, 6.67457067394e-09, 4.65117366844e-08, 5.85702188971e-08, 2.5380789026e-08, 5.85167114764e-09, 1.02037589489e-09, 9.7527881604e-11, 8.24702545837e-12, 5.78414876759e-12, 2.16559260216e-13, 3.40756722469e-18]
    mfcc:
        mean: [-715.217956543, 121.271751404, -68.5014648438, 27.5992031097, -36.4097061157, -7.51861333847, 8.43918609619, -11.7596292496, -10.2151479721, -1.99761462212, -7.85035562515, -11.3327827454, -7.89966726303]
        cov: [[1596.984375, -298.925292969, 565.216918945, 49.0499534607, 261.384552002, -44.9009246826, -178.650772095, 190.385269165, 100.162559509, 39.1975860596, 196.162246704, 97.4668731689, 126.057899475], [-298.925292969, 379.418365479, -43.5104904175, 171.712127686, 37.2731742859, 159.168136597, 145.495559692, 54.1989212036, 62.1049194336, 87.6092681885, 17.1507530212, 44.8661003113, 29.8653850555], [565.216918945, -43.5104904175, 772.988708496, 316.862609863, 425.906066895, 169.743682861, 23.5803699493, 288.121643066, 185.031494141, 91.1510848999, 214.746734619, 105.531013489, 105.035499573], [49.0499534607, 171.712127686, 316.862609863, 322.624420166, 226.191543579, 173.498275757, 96.1328430176, 168.777770996, 132.221893311, 86.1696166992, 114.742675781, 68.2563095093, 51.7740936279], [261.384552002, 37.2731742859, 425.906066895, 226.191543579, 326.554138184, 141.482727051, 70.6303100586, 200.531341553, 146.951797485, 73.7675018311, 151.894012451, 67.5584945679, 67.8376464844], [-44.9009246826, 159.168136597, 169.743682861, 173.498275757, 141.482727051, 184.80921936, 124.963005066, 115.695350647, 81.0875701904, 67.5812835693, 69.6063919067, 43.2833023071, 38.7901191711], [-178.650772095, 145.495559692, 23.5803699493, 96.1328430176, 70.6303100586, 124.963005066, 221.31930542, 67.0439529419, 40.6588401794, 44.5720100403, 43.0831680298, 18.3095836639, 18.6273860931], [190.385269165, 54.1989212036, 288.121643066, 168.777770996, 200.531341553, 115.695350647, 67.0439529419, 179.335769653, 112.338577271, 64.6197662354, 111.294799805, 57.1982688904, 58.801525116], [100.162559509, 62.1049194336, 185.031494141, 132.221893311, 146.951797485, 81.0875701904, 40.6588401794, 112.338577271, 133.458572388, 60.116191864, 79.3216629028, 32.4809570312, 39.3891830444], [39.1975860596, 87.6092681885, 91.1510848999, 86.1696166992, 73.7675018311, 67.5812835693, 44.5720100403, 64.6197662354, 60.116191864, 94.7498626709, 51.755317688, 35.2871246338, 35.3412399292], [196.162246704, 17.1507530212, 214.746734619, 114.742675781, 151.894012451, 69.6063919067, 43.0831680298, 111.294799805, 79.3216629028, 51.755317688, 127.58000946, 54.7269821167, 48.6517982483], [97.4668731689, 44.8661003113, 105.531013489, 68.2563095093, 67.5584945679, 43.2833023071, 18.3095836639, 57.1982688904, 32.4809570312, 35.2871246338, 54.7269821167, 77.33177948, 41.3980636597], [126.057899475, 29.8653850555, 105.035499573, 51.7740936279, 67.8376464844, 38.7901191711, 18.6273860931, 58.801525116, 39.3891830444, 35.3412399292, 48.6517982483, 41.3980636597, 63.959602356]]
        icov: [[0.00133652065415, 0.00052307365695, -0.000621833547484, 0.000511580146849, 0.000207443968975, 0.00043798214756, 0.000842831504997, -0.000743223819882, 0.000172556057805, -0.000211429825868, -0.00109961454291, -0.000117628922453, -0.00139601482078], [0.00052307365695, 0.00875509809703, 0.00309645151719, -0.00436105299741, 0.000462566211354, -0.00446336576715, -0.000762337062042, 0.000572370947339, -0.00112287665252, -0.00325971818529, 0.00249316752888, -0.00281445984729, -0.00234386697412], [-0.000621833547484, 0.00309645151719, 0.00792634021491, -0.00343059981242, -0.00584026100114, -0.00204153684899, 0.00194045167882, -0.00311114592478, 0.00166263466235, -0.000366384600056, 0.000370771391317, -0.000804324692581, -0.00131532351952], [0.000511580146849, -0.00436105299741, -0.00343059981242, 0.0122816069052, -0.00107733043842, -0.00249182106927, 0.000895207864232, -0.00136231130455, -0.00219707330689, 0.000494357140269, -0.00158040819224, -0.00113774498459, 0.00338422344066], [0.000207443968975, 0.000462566211354, -0.00584026100114, -0.00107733043842, 0.0185316521674, -0.00150435091928, -0.00143631675746, -0.00396244041622, -0.00501930713654, 0.00142473925371, -0.00499776192009, 0.000969650864135, 0.000634358671959], [0.00043798214756, -0.00446336576715, -0.00204153684899, -0.00249182106927, -0.00150435091928, 0.0203646868467, -0.00540162809193, -0.00414910586551, 0.00121904350817, -0.00150001549628, 0.0013890407281, 0.000528089818545, -9.71912813839e-05], [0.000842831504997, -0.000762337062042, 0.00194045167882, 0.000895207864232, -0.00143631675746, -0.00540162809193, 0.00960169453174, -0.00279164244421, 0.00209908885881, 6.47783017484e-05, -0.00325276260264, 0.00173697865102, -0.000625457498245], [-0.000743223819882, 0.000572370947339, -0.00311114592478, -0.00136231130455, -0.00396244041622, -0.00414910586551, -0.00279164244421, 0.0287762694061, -0.00722648669034, -3.42349885614e-05, -0.00305080437101, -0.00160332967062, -0.00368631188758], [0.000172556057805, -0.00112287665252, 0.00166263466235, -0.00219707330689, -0.00501930713654, 0.00121904350817, 0.00209908885881, -0.00722648669034, 0.020942479372, -0.00471103237942, -0.00255048647523, 0.00461070938036, -0.00148944300599], [-0.000211429825868, -0.00325971818529, -0.000366384600056, 0.000494357140269, 0.00142473925371, -0.00150001549628, 6.47783017484e-05, -3.42349885614e-05, -0.00471103237942, 0.0200006756932, -0.00336026563309, -0.00119254179299, -0.00327078648843], [-0.00109961454291, 0.00249316752888, 0.000370771391317, -0.00158040819224, -0.00499776192009, 0.0013890407281, -0.00325276260264, -0.00305080437101, -0.00255048647523, -0.00336026563309, 0.0255541875958, -0.00727810757235, -0.00141599704511], [-0.000117628922453, -0.00281445984729, -0.000804324692581, -0.00113774498459, 0.000969650864135, 0.000528089818545, 0.00173697865102, -0.00160332967062, 0.00461070938036, -0.00119254179299, -0.00727810757235, 0.0253770314157, -0.00966238696128], [-0.00139601482078, -0.00234386697412, -0.00131532351952, 0.00338422344066, 0.000634358671959, -9.71912813839e-05, -0.000625457498245, -0.00368631188758, -0.00148944300599, -0.00327078648843, -0.00141599704511, -0.00966238696128, 0.0319142751396]]
    spectral_contrast:
        mean: [-2.89637000606e-07, 6.96715929394e-08, -3.87308915606e-07, -2.05150865185e-08, 6.41486337827e-07, 6.08521872891e-08, -1.28295528157e-06, -3.2712553093e-06, 9.60362513069e-07, -1.42773913581e-07, -1.72354452843e-06, -2.68082294497e-06]
        var: [0.000366841384675, 0.000464962824481, 0.000756656634621, 0.00216644187458, 0.00259547680616, 0.00368229812011, 0.0331445150077, 0.0483876876533, 0.125244781375, 0.188098192215, 1.02608919144, 2.54231715202]

rhythm:
    beats_loudness:
        dmean: 0.00249559804797
        dmean2: 0.00509664835408
        dvar: 2.67280074695e-06
        dvar2: 7.05684396962e-06
        max: 0.0112171284854
        mean: 0.00653961114585
        min: 0.00320053542964
        var: 6.97402992955e-06
    beats_loudness_bass:
        dmean: 0.141620755196
        dmean2: 0.285942196846
        dvar: 0.0150151252747
        dvar2: 0.0422778092325
        max: 0.416277825832
        mean: 0.0878524780273
        min: 0.000431753898738
        var: 0.0128764221445
    bpm: 113.174613953
    bpm_confidence: 0
    first_peak_bpm: 114
    first_peak_spread: 0
    first_peak_weight: 0.944444417953
    onset_rate: 5.78206348419
    second_peak_bpm: 109
    second_peak_spread: 0
    second_peak_weight: 0.0555555559695
    beats_position: [0.0606546625495, 0.589130401611, 1.11760604382, 1.64608180523, 2.17455768585, 2.70303344727, 3.23150897026, 3.75998473167, 4.28846025467, 4.81693601608, 5.3454117775, 5.87388753891, 6.42688035965, 6.95874118805, 7.49060201645, 8.02246284485, 8.55432415009, 9.08618450165, 9.61804580688]
    bpm_estimates: [113.795066833, 113.639060974, 113.765472412, 113.582817078, 113.726036072, 112.439956665, 113.812347412, 113.239868164, 113.599655151, 113.570297241, 113.718276978, 114.080413818, 112.68598938, 113.37020874, 112.184303284, 112.80141449, 112.428100586, 112.891349792, 112.411224365, 112.253059387, 113.009529114, 112.836898804]
    bpm_intervals: [0.528475761414, 0.528475642204, 0.528475761414, 0.528475880623, 0.528475761414, 0.528475522995, 0.528475761414, 0.528475522995, 0.528475761414, 0.528475761414, 0.528475761414, 0.55299282074, 0.5318608284, 0.5318608284, 0.5318608284, 0.531861305237, 0.531860351562, 0.531861305237]
    onset_times: [0.0464399084449, 0.232199549675, 0.325079351664, 0.487619042397, 0.592108845711, 0.847528338432, 0.99845802784, 1.11455786228, 1.39319729805, 1.54412698746, 1.66022670269, 1.81115651131, 1.91564631462, 2.06657600403, 2.18267583847, 2.34521532059, 2.4497051239, 2.62385487556, 2.70512461662, 2.94893431664, 3.11147403717, 3.23918366432, 3.50621318817, 3.65714287758, 3.78485250473, 3.92417240143, 4.01705217361, 4.19120168686, 4.3073015213, 4.57433128357, 4.74848079681, 4.841360569, 5.0967798233, 5.23609972, 5.36380958557, 5.53795909882, 5.630838871, 5.78176879883, 5.9094786644, 6.06040811539, 6.1648979187, 6.31582784653, 6.43192720413, 6.59446716309, 6.6989569664, 6.86149644852, 6.96598625183, 7.20979595184, 7.37233543396, 7.50004529953, 7.74385499954, 7.90639448166, 8.03410434723, 8.26630401611, 8.4172334671, 8.56816291809, 8.8119726181, 8.97451210022]
    rubato_start: []
    rubato_stop: []
    perceptual_tempo: "unknown"

sfx:
    inharmonicity:
        dmean: 0.0502479784191
        dmean2: 0.0875829011202
        dvar: 0.00393283041194
        dvar2: 0.0112093184143
        max: 0.437145680189
        mean: 0.0545278266072
        min: 0.000171510982909
        var: 0.00392776494846
    oddtoevenharmonicenergyratio:
        dmean: 1.72726488113
        dmean2: 3.15091538429
        dvar: 22.449546814
        dvar2: 65.7745742798
        max: 61.8583526611
        mean: 1.35635757446
        min: 0.00205693836324
        var: 12.9231967926
    pitch_after_max_to_before_max_energy_ratio: 3.36795783043
    pitch_centroid: 203.210754395
    pitch_max_to_total: 0.213953495026
    pitch_min_to_total: 0.111627906561
    tristimulus:
        dmean: [0.178514704108, 0.21210642159, 0.100083328784]
        dmean2: [0.302944421768, 0.363194555044, 0.170572265983]
        dvar: [0.0267157237977, 0.036923404783, 0.00841968879104]
        dvar2: [0.0737772732973, 0.109394490719, 0.0223991349339]
        max: [0.908707022667, 0.986691653728, 0.508444845676]
        mean: [0.338473320007, 0.506260454655, 0.12644764781]
        min: [0.000333389558364, 0, 0]
        var: [0.0399104729295, 0.0466056168079, 0.0120876980945]

tonal:
    chords_changes_rate: 0.050925925374
    chords_number_rate: 0.0231481473893
    chords_strength:
        dmean: 0.00612139049917
        dmean2: 0.00638714665547
        dvar: 2.6133549909e-05
        dvar2: 3.11785224767e-05
        max: 0.570763468742
        mean: 0.475068241358
        min: 0.406193077564
        var: 0.00182453123853
    key_strength: 0.803167939186
    tuning_diatonic_strength: 0.571956276894
    tuning_equal_tempered_deviation: 0.073151320219
    tuning_frequency: 441.017791748
    tuning_nontempered_energy_ratio: 0.625557780266
    hpcp:
        dmean: [0.140056222677, 0.118638470769, 0.149163529277, 0.207764387131, 0.140415593982, 0.0673258081079, 0.0607512556016, 0.0748708769679, 0.169784605503, 0.204629182816, 0.157777428627, 0.139703541994, 0.16832408309, 0.170284450054, 0.104049444199, 0.0570166148245, 0.0558351613581, 0.113397590816, 0.179665103555, 0.115470811725, 0.058718983084, 0.0525259412825, 0.054767716676, 0.132024288177, 0.178353533149, 0.116792649031, 0.0663533434272, 0.0792331248522, 0.156627029181, 0.174646884203, 0.140381872654, 0.0888009145856, 0.137186452746, 0.169776007533, 0.143486410379, 0.149221539497]
        dmean2: [0.22278085351, 0.196058526635, 0.248025417328, 0.336609244347, 0.22779981792, 0.118825145066, 0.108507342637, 0.133292689919, 0.281267106533, 0.321387737989, 0.262014955282, 0.227791070938, 0.288690686226, 0.298281371593, 0.187122642994, 0.097772911191, 0.0942311882973, 0.180774196982, 0.290647536516, 0.192863553762, 0.102401353419, 0.0941401720047, 0.0989060103893, 0.22071531415, 0.304881930351, 0.203105449677, 0.120443418622, 0.141922786832, 0.282701075077, 0.290408700705, 0.223916307092, 0.152539685369, 0.228278234601, 0.271849751472, 0.235947355628, 0.254205852747]
        dvar: [0.0256216190755, 0.0217723995447, 0.0267956424505, 0.0398188605905, 0.0186134707183, 0.0139432204887, 0.0123945986852, 0.0122829647735, 0.0341004543006, 0.0309806596488, 0.0244320239872, 0.0224373172969, 0.036497246474, 0.0479050800204, 0.0282902326435, 0.00643183523789, 0.00714673474431, 0.0122743546963, 0.0345337837934, 0.0164716821164, 0.0074378978461, 0.0058003468439, 0.0068525983952, 0.028604445979, 0.0387424379587, 0.0247823111713, 0.00748176081106, 0.00959724932909, 0.0408337116241, 0.0395358800888, 0.0198190603405, 0.0129215028137, 0.0168072152883, 0.0315908938646, 0.0172857213765, 0.0370836406946]
        dvar2: [0.0566602237523, 0.0499386638403, 0.063832141459, 0.0811941623688, 0.0392885878682, 0.0399536192417, 0.0339526832104, 0.0345088616014, 0.080182723701, 0.0710856243968, 0.061250731349, 0.0559075959027, 0.0878604799509, 0.130925938487, 0.0801890641451, 0.0193416532129, 0.0191407613456, 0.0273151304573, 0.0771222636104, 0.0438777133822, 0.0210276823491, 0.0163905546069, 0.0158845111728, 0.0698202997446, 0.0853835493326, 0.0713674724102, 0.0231175906956, 0.0272494759411, 0.11322940141, 0.103727981448, 0.048632375896, 0.0400440394878, 0.0449717082083, 0.0708010271192, 0.0442145839334, 0.0879635438323]
        max: [1, 0.90337407589, 1, 1, 0.864179551601, 1, 0.93748241663, 1, 1, 1, 1, 1, 1, 1, 1, 0.50619071722, 0.624088764191, 0.926341950893, 1, 0.999848663807, 0.573322474957, 0.49355494976, 0.721608459949, 1, 1, 1, 0.530634999275, 0.748386323452, 1, 1, 1, 0.76037222147, 0.941365242004, 1, 1, 1]
        mean: [0.214374452829, 0.152661070228, 0.252878516912, 0.401787430048, 0.256375044584, 0.0717961043119, 0.0645070597529, 0.0947246551514, 0.280882418156, 0.386814564466, 0.264699310064, 0.280912935734, 0.336870610714, 0.212805137038, 0.107614286244, 0.0788676887751, 0.0626132115722, 0.350120395422, 0.629803240299, 0.338016480207, 0.0659931227565, 0.0601790584624, 0.0686409398913, 0.208110705018, 0.262075215578, 0.136422887444, 0.0661643445492, 0.0786921530962, 0.150774464011, 0.292189717293, 0.271875619888, 0.12616379559, 0.282422095537, 0.420927673578, 0.322650492191, 0.270021349192]
        min: [0.0214690119028, 0.00808985903859, 0.0406078957021, 0.0216712243855, 0.0286479163915, 0.0056222085841, 0.00471323495731, 0.0120846126229, 0.028917806223, 0.0324555113912, 0.0364746116102, 0.00831286143512, 0.0114581519738, 0.00815770309418, 0.00815481040627, 0.00758527126163, 0.00447007222101, 0.0300457235426, 0.0302974525839, 0.0115703353658, 0.00287974835373, 0.00285090901889, 0.0034706373699, 0.0132468324155, 0.016723016277, 0.0116416811943, 0.00219693989493, 0.00262835738249, 0.00556253269315, 0.0125007228926, 0.0110870683566, 0.00445798505098, 0.0169340800494, 0.0190231781453, 0.0498595796525, 0.00845194607973]
        var: [0.0516002327204, 0.0264249891043, 0.0361143350601, 0.0859413519502, 0.0383931100368, 0.00966136250645, 0.00968008767813, 0.0110218860209, 0.0491579510272, 0.0708390548825, 0.0392628647387, 0.0558846443892, 0.106368772686, 0.0533821322024, 0.021274510771, 0.0065060313791, 0.00724669452757, 0.0393796302378, 0.125926837325, 0.0407589375973, 0.00710221193731, 0.00575079442933, 0.00680644577369, 0.0356677509844, 0.0540512651205, 0.0201171711087, 0.00570087321103, 0.00810766126961, 0.0322475135326, 0.0707759261131, 0.0561494417489, 0.0138259232044, 0.0513474047184, 0.114024057984, 0.0345517769456, 0.0769589021802]
    chords_histogram: [46.296295166, 0, 22.2222213745, 0, 0, 0, 0, 0, 0, 0, 0, 0, 0, 0, 0, 0, 0, 0, 0, 7.87037038803, 0, 0, 19.9074077606, 3.70370364189]
    thpcp: [1, 0.536701738834, 0.104783713818, 0.0955521538854, 0.108987912536, 0.330437660217, 0.416122376919, 0.216611921787, 0.105055578053, 0.124947205186, 0.239399313927, 0.463938087225, 0.431683421135, 0.200322553515, 0.448429077864, 0.668347895145, 0.512303650379, 0.428739219904, 0.340383201838, 0.242394864559, 0.401519864798, 0.6379570961, 0.407071650028, 0.113997675478, 0.102424144745, 0.150403574109, 0.445984393358, 0.614183187485, 0.4202888906, 0.446032851934, 0.534882307053, 0.337891459465, 0.17086969316, 0.125225916505, 0.0994170978665, 0.555920302868]
    chords_key: "G#"
    chords_scale: "major"
    key_key: "G#"
    key_scale: "major"
    chords_progression: ["Fm", "Fm", "C#", "C#", "C#", "Fm", "Fm", "Fm", "Fm", "Fm", "Fm", "G#", "G#", "G#", "G#", "G#", "G#", "G#", "G#", "G#", "G#", "G#", "G#", "G#", "G#", "G#", "G#", "G#", "G#", "G#", "G#", "G#", "G#", "G#", "G#", "G#", "G#", "G#", "G#", "G#", "G#", "G#", "G#", "G#", "G#", "G#", "G#", "G#", "G#", "D#", "D#", "D#", "D#", "D#", "D#", "D#", "D#", "D#", "D#", "D#", "D#", "D#", "D#", "D#", "D#", "D#", "D#", "D#", "D#m", "D#m", "D#m", "D#m", "D#m", "D#m", "D#m", "D#m", "D#m", "D#m", "D#m", "D#m", "D#", "D#", "D#", "D#", "D#", "D#", "D#", "D#", "D#", "D#", "D#", "D#", "D#", "D#", "D#", "D#m", "D#m", "D#m", "D#m", "D#m", "D#", "D#", "D#", "D#", "D#", "D#", "D#", "D#", "D#", "D#", "D#", "D#", "D#", "D#", "G#", "G#", "G#", "G#", "G#", "G#", "G#", "G#", "G#", "G#", "G#", "G#", "G#", "G#", "G#", "G#", "G#", "G#", "G#", "G#", "G#", "G#", "G#", "G#", "G#", "G#", "G#", "G#", "G#", "G#", "G#", "G#", "G#", "G#", "G#", "G#", "G#", "G#", "G#", "G#", "G#", "G#", "G#", "G#", "G#", "G#", "G#", "G#", "G#", "G#", "G#", "C#", "C#", "C#", "C#", "C#", "C#", "C#", "C#", "C#", "C#", "C#", "C#", "C#", "C#", "C#", "C#", "C#", "C#", "C#", "C#", "C#", "C#", "C#", "C#", "C#", "C#", "C#", "C#", "C#", "C#", "C#", "C#", "C#", "C#", "C#", "C#", "C#", "C#", "C#", "C#", "G#", "G#", "G#", "G#", "G#", "G#", "G#", "G#", "G#", "G#", "G#"]
