
metadata:
    version:
        essentia: "1.2.2"
    audio_properties:
        analysis_sample_rate: 44100
        bitrate: 128
        channels: 2
        equal_loudness: 1
        length: 10.0571432114
        replay_gain: -2.2265586853
        downmix: "mix"
    tags:
        track: 5
        year: 0
        album: "Splitted by Mp3Splt v. 2.1"
        artist: "From 000.40 To 000.50"
        comment: "http://mp3splt.sf.net"
        genre: ""
        title: "12 Punk Rock-Puff Daddy-An Chr"

highlevel:
    ballroom:
        all:
            ChaChaCha: 0.00111866893712
            Jive: 0.000974584312644
            Quickstep: 0.0044771595858
            Rumba-American: 0.00594414258376
            Rumba-International: 0.0428459011018
            Rumba-Misc: 0.0449699014425
            Samba: 0.00130206428003
            Tango: 0.061773519963
            VienneseWaltz: 0.225311905146
            Waltz: 0.611282169819
        probability: 0.611282169819
        value: "Waltz"
    culture:
        all:
            non_western: 0.5
            western: 0.5
        probability: 0.5
        value: "non_western"
    gender:
        all:
            female: 0.751957178116
            male: 0.248042836785
        probability: 0.751957178116
        value: "female"
    genre_dortmund:
        all:
            alternative: 0.234453245997
            blues: 0.00835996028036
            electronic: 0.0810089185834
            folkcountry: 0.172384262085
            funksoulrnb: 0.0115113286301
            jazz: 0.29689899087
            pop: 0.0593601278961
            raphiphop: 0.0102700665593
            rock: 0.125753104687
        probability: 0.29689899087
        value: "jazz"
    genre_electronica:
        all:
            ambient: 0.957463085651
            dnb: 0.00682974839583
            house: 0.021905310452
            techno: 0.00204708962701
            trance: 0.0117547716945
        probability: 0.957463085651
        value: "ambient"
    genre_rosamerica:
        all:
            cla: 0.214195147157
            dan: 0.0114497849718
            hip: 0.0307464897633
            jaz: 0.14447209239
            pop: 0.0225517917424
            rhy: 0.033526532352
            roc: 0.530595004559
            spe: 0.012463121675
        probability: 0.530595004559
        value: "roc"
    genre_tzanetakis:
        all:
            blu: 0.0301544647664
            cla: 0.12749376893
            cou: 0.24871006608
            dis: 0.0248644016683
            hip: 0.00988180469722
            jaz: 0.37366053462
            met: 0.0106723681092
            pop: 0.0129711870104
            reg: 0.0284801442176
            roc: 0.133111268282
        probability: 0.37366053462
        value: "jaz"
    live_studio:
        all:
            live: 0.423547565937
            studio: 0.576452434063
        probability: 0.576452434063
        value: "studio"
    mood:
        all:
            Cluster1: 0.0635001212358
            Cluster2: 0.0662260428071
            Cluster3: 0.82303661108
            Cluster4: 0.0273402072489
            Cluster5: 0.0198970455676
        probability: 0.82303661108
        value: "Cluster3"
    mood_acoustic:
        all:
            acoustic: 0.459510296583
            not_acoustic: 0.540489673615
        probability: 0.540489673615
        value: "not_acoustic"
    mood_aggressive:
        all:
            aggressive: 0.00984517857432
            not_aggressive: 0.990154802799
        probability: 0.990154802799
        value: "not_aggressive"
    mood_electronic:
        all:
            electronic: 0.461505800486
            not_electronic: 0.538494229317
        probability: 0.538494229317
        value: "not_electronic"
    mood_happy:
        all:
            happy: 0.0329842939973
            not_happy: 0.967015683651
        probability: 0.967015683651
        value: "not_happy"
    mood_party:
        all:
            not_party: 0.993023276329
            party: 0.0069767315872
        probability: 0.993023276329
        value: "not_party"
    mood_relaxed:
        all:
            not_relaxed: 0.0193583201617
            relaxed: 0.980641663074
        probability: 0.980641663074
        value: "relaxed"
    mood_sad:
        all:
            not_sad: 0.0571881383657
            sad: 0.942811846733
        probability: 0.942811846733
        value: "sad"
    rhythm:
        all:
            fast: 0.331328570843
            medium: 0.179487064481
            slow: 0.489184349775
        probability: 0.489184349775
        value: "slow"
    speech_music:
        all:
            music: 0.813760638237
            speech: 0.186239391565
        probability: 0.813760638237
        value: "music"
    timbre:
        all:
            bright: 0.0326166674495
            dark: 0.9673833251
        probability: 0.9673833251
        value: "dark"
    voice_instrumental:
        all:
            instrumental: 0.999996423721
            voice: 3.5808877783e-06
        probability: 0.999996423721
        value: "instrumental"

lowlevel:
    average_loudness: 0.94005715847
    barkbands_kurtosis:
        dmean: 1.47084903717
        dmean2: 2.27935218811
        dvar: 3.76769423485
        dvar2: 8.50471782684
        max: 25.9035549164
        mean: 3.15002846718
        min: -1.21164178848
        var: 17.1081027985
    barkbands_skewness:
        dmean: 0.317641526461
        dmean2: 0.496876746416
        dvar: 0.11005435884
        dvar2: 0.274541646242
        max: 4.30282306671
        mean: 1.07900834084
        min: -0.988335728645
        var: 0.747807741165
    barkbands_spread:
        dmean: 2.09309053421
        dmean2: 3.37986826897
        dvar: 6.28583049774
        dvar2: 16.8790283203
        max: 29.0293655396
        mean: 7.86984920502
        min: 1.69625926018
        var: 11.685174942
    dissonance:
        dmean: 0.0416671857238
        dmean2: 0.069760337472
        dvar: 0.00139145704452
        dvar2: 0.00325535843149
        max: 0.492408722639
        mean: 0.385943949223
        min: 0.0220593251288
        var: 0.00290237925947
    hfc:
        dmean: 0.496586233377
        dmean2: 0.768540024757
        dvar: 0.356052547693
        dvar2: 0.8468516469
        max: 9.35522079468
        mean: 2.20573759079
        min: 0.000111503090011
        var: 1.97516572475
    pitch:
        dmean: 15.6829252243
        dmean2: 28.0594768524
        dvar: 3154.76953125
        dvar2: 7924.11181641
        max: 722.950805664
        mean: 215.90032959
        min: 99.7737579346
        var: 4780.69970703
    pitch_instantaneous_confidence:
        dmean: 0.0611711032689
        dmean2: 0.0968417525291
        dvar: 0.00315521145239
        dvar2: 0.00728450994939
        max: 0.89878153801
        mean: 0.665212988853
        min: 0.192040741444
        var: 0.0261368714273
    pitch_salience:
        dmean: 0.0571863651276
        dmean2: 0.0946437940001
        dvar: 0.0024979733862
        dvar2: 0.00614451756701
        max: 0.951865613461
        mean: 0.61633348465
        min: 0.308966368437
        var: 0.0102933682501
    silence_rate_20dB:
        dmean: 0
        dmean2: 0
        dvar: 0
        dvar2: 0
        max: 1
        mean: 1
        min: 1
        var: 0
    silence_rate_30dB:
        dmean: 0
        dmean2: 0
        dvar: 0
        dvar2: 0
        max: 1
        mean: 1
        min: 1
        var: 0
    silence_rate_60dB:
        dmean: 0.106235563755
        dmean2: 0.212962970138
        dvar: 0.0949500277638
        dvar2: 0.22779712081
        max: 1
        mean: 0.405529946089
        min: 0
        var: 0.241074368358
    spectral_centroid:
        dmean: 58.0299301147
        dmean2: 92.1209411621
        dvar: 6328.20654297
        dvar2: 17873.9824219
        max: 1395.77282715
        mean: 547.535888672
        min: 164.415405273
        var: 29686.8027344
    spectral_complexity:
        dmean: 1.33410668373
        dmean2: 2.2976744175
        dvar: 1.43362140656
        dvar2: 3.66023349762
        max: 13
        mean: 6.9375
        min: 0
        var: 4.6187787056
    spectral_crest:
        dmean: 1.95111882687
        dmean2: 3.18661904335
        dvar: 3.24003815651
        dvar2: 8.32860565186
        max: 20.4287528992
        mean: 10.6756954193
        min: 4.60633850098
        var: 10.8024682999
    spectral_decrease:
        dmean: 2.25608073889e-10
        dmean2: 3.51840501178e-10
        dvar: 7.45339168877e-20
        dvar2: 1.64768962572e-19
        max: -5.07877058822e-14
        mean: -1.04248398802e-09
        min: -3.52804963022e-09
        var: 3.73596175358e-19
    spectral_energy:
        dmean: 0.000891383504495
        dmean2: 0.00138826167677
        dvar: 1.15818852464e-06
        dvar2: 2.57187275565e-06
        max: 0.0141642186791
        mean: 0.00413464102894
        min: 2.0179835758e-07
        var: 5.84947201787e-06
    spectral_energyband_high:
        dmean: 8.56704048147e-07
        dmean2: 1.53953169502e-06
        dvar: 1.3304696754e-11
        dvar2: 4.07063792396e-11
        max: 4.49990147899e-05
        mean: 1.21985669921e-06
        min: 1.11394005131e-09
        var: 9.45042221562e-12
    spectral_energyband_low:
        dmean: 0.000181200914085
        dmean2: 0.000293561955914
        dvar: 1.11380671797e-07
        dvar2: 2.64883510681e-07
        max: 0.00497757084668
        mean: 0.000661817204673
        min: 1.72083645111e-08
        var: 6.34881359929e-07
    spectral_energyband_middle_high:
        dmean: 0.000163334785611
        dmean2: 0.000253106525633
        dvar: 4.43561312125e-08
        dvar2: 8.68575114055e-08
        max: 0.00358006358147
        mean: 0.00062645052094
        min: 2.0161360581e-08
        var: 2.28727117246e-07
    spectral_energyband_middle_low:
        dmean: 0.000795255415142
        dmean2: 0.00121231388766
        dvar: 9.79288984126e-07
        dvar2: 2.41454631578e-06
        max: 0.0126157067716
        mean: 0.00284514925443
        min: 1.60727182674e-07
        var: 4.21070262746e-06
    spectral_flatness_db:
        dmean: 0.0204194150865
        dmean2: 0.0326983220875
        dvar: 0.000293243967462
        dvar2: 0.00077581818914
        max: 0.425304532051
        mean: 0.300835609436
        min: 0.110412292182
        var: 0.00153743382543
    spectral_flux:
        dmean: 0.00558296218514
        dmean2: 0.00876409374177
        dvar: 4.35355796071e-05
        dvar2: 9.93041103357e-05
        max: 0.0977734848857
        mean: 0.0233964901417
        min: 0.00662138126791
        var: 9.94702859316e-05
    spectral_kurtosis:
        dmean: 19.9174594879
        dmean2: 34.0219078064
        dvar: 267.587341309
        dvar2: 712.713745117
        max: 125.504226685
        mean: 42.5973358154
        min: 2.92904806137
        var: 668.745056152
    spectral_rms:
        dmean: 0.000209605452255
        dmean2: 0.000323445739923
        dvar: 4.80938027181e-08
        dvar2: 1.00811440973e-07
        max: 0.00371735799126
        mean: 0.00192745379172
        min: 1.40312668009e-05
        var: 3.18717070513e-07
    spectral_rolloff:
        dmean: 112.612060547
        dmean2: 200.458847046
        dvar: 58662.7382812
        dvar2: 168287.578125
        max: 3251.51367188
        mean: 791.643981934
        min: 215.33203125
        var: 97039.703125
    spectral_skewness:
        dmean: 1.21337449551
        dmean2: 2.07781791687
        dvar: 0.895154178143
        dvar2: 2.39451241493
        max: 8.81970024109
        mean: 4.09827661514
        min: 1.21472549438
        var: 2.39603853226
    spectral_spread:
        dmean: 278221.75
        dmean2: 426360.40625
        dvar: 486763724800
        dvar2: 270902345728
        max: 21357906
        mean: 1309326.375
        min: 558266.3125
        var: 1.19561335603e+12
    spectral_strongpeak:
        dmean: 0.201840505004
        dmean2: 0.32694709301
        dvar: 0.0489274337888
        dvar2: 0.128464654088
        max: 2.51661658287
        mean: 0.6504971385
        min: 0
        var: 0.193090885878
    zerocrossingrate:
        dmean: 0.00346441776492
        dmean2: 0.00427529960871
        dvar: 1.20299628179e-05
        dvar2: 2.26438060054e-05
        max: 0.06494140625
        mean: 0.0313596390188
        min: 0.00244140625
        var: 0.000121405384562
    barkbands:
        dmean: [4.51385453459e-08, 4.19398056692e-05, 0.000145759564475, 8.93617034308e-05, 0.000295100355288, 8.25693059596e-05, 0.000361496233381, 0.000197551620658, 0.000193768544705, 0.000146056190715, 6.19613638264e-05, 2.2269818146e-05, 1.61646330525e-05, 1.28835490614e-05, 1.52072088895e-05, 2.84746802208e-05, 1.74131164385e-05, 1.34904184961e-05, 9.3163080237e-06, 1.23136680941e-06, 4.12440840591e-07, 3.18698987201e-08, 4.62127713874e-09, 1.885871459e-09, 6.92379209521e-10, 5.57466128814e-10, 5.9317734058e-10]
        dmean2: [7.21188015973e-08, 6.89627049724e-05, 0.000236318985117, 0.000148709485075, 0.000488739053253, 0.000139391238918, 0.000536421197467, 0.000318545091432, 0.000288179639028, 0.000237921311054, 9.61740588536e-05, 3.18001002597e-05, 2.51164747169e-05, 2.13684743358e-05, 2.38349966821e-05, 4.6010085498e-05, 2.96100806736e-05, 2.22461403609e-05, 1.58825532708e-05, 2.10623466046e-06, 7.60854902637e-07, 5.5014332645e-08, 8.30896063064e-09, 3.29331517612e-09, 1.11528364322e-09, 8.85881035195e-10, 9.43037758994e-10]
        dvar: [1.52977267355e-13, 8.75449668314e-09, 6.1842072796e-08, 1.60783635295e-08, 2.79240595091e-07, 1.25335830603e-08, 2.22387186e-07, 1.39827008638e-07, 1.15876495954e-07, 1.11470548347e-07, 1.60348712086e-08, 8.46771819329e-10, 6.19812312586e-10, 2.37293407146e-10, 3.37996686195e-10, 1.784165371e-09, 5.88905479937e-10, 4.21195522904e-10, 7.13149594933e-10, 8.36398832138e-12, 4.27350082405e-12, 7.87660596333e-15, 4.99464624052e-16, 8.38292692204e-17, 3.81523690301e-17, 3.5826595228e-17, 4.06453722824e-17]
        dvar2: [3.83764797284e-13, 2.10918251753e-08, 1.47797805994e-07, 4.22386428056e-08, 7.17761167834e-07, 3.1893524266e-08, 4.79110951801e-07, 3.6526267877e-07, 2.5949370297e-07, 2.35691899775e-07, 3.80244422615e-08, 1.8449017869e-09, 1.50199586102e-09, 6.17520534707e-10, 8.56709425623e-10, 4.71995775797e-09, 1.6876090525e-09, 1.08248643382e-09, 1.91800197946e-09, 2.4669068871e-11, 1.32559796473e-11, 2.33885363198e-14, 1.48262688324e-15, 2.31879583885e-16, 9.54457503743e-17, 8.97139247424e-17, 1.01782159007e-16]
        max: [5.77880018682e-06, 0.00146325363312, 0.00351424422115, 0.00126447970979, 0.00913938134909, 0.00133296498097, 0.00660517439246, 0.0041968235746, 0.00892405677587, 0.00519969733432, 0.00162552774418, 0.00037989357952, 0.000558454892598, 0.000166252371855, 0.000183482698048, 0.000281672662823, 0.000177833804628, 0.000144835998071, 0.000327264715452, 3.15422003041e-05, 2.81048123725e-05, 1.06009554202e-06, 3.1672900036e-07, 1.00078608511e-07, 9.12635371719e-08, 8.83737740764e-08, 9.41238695873e-08]
        mean: [3.32987895035e-08, 0.000100535406091, 0.000561257242225, 0.000118865944387, 0.000542419671547, 0.000151635889779, 0.00096287712222, 0.000368921813788, 0.000604729750194, 0.000334720098181, 0.000122339872178, 6.11832438153e-05, 4.96358188684e-05, 2.52025820373e-05, 3.1498781027e-05, 3.68892069673e-05, 2.96118287224e-05, 1.91836697923e-05, 1.06730394691e-05, 1.84892496691e-06, 5.18915783232e-07, 5.31043333751e-08, 6.2710494575e-09, 2.33606467503e-09, 7.71957053836e-10, 3.39353795065e-10, 3.48157447316e-10]
        min: [3.64916707962e-10, 8.25635027013e-09, 6.3877454437e-09, 7.44275041598e-09, 2.45563800405e-08, 3.31985283708e-08, 3.73214206206e-08, 3.26295470643e-08, 2.42441693388e-08, 3.51972295753e-09, 2.63769717179e-09, 7.3182704341e-09, 1.98573379961e-09, 1.63008695431e-09, 6.4763627794e-10, 1.67867264533e-09, 1.04840103266e-09, 5.83525949782e-10, 1.87525051043e-10, 3.64762497984e-10, 2.54300136504e-10, 1.62251614921e-10, 1.36445701959e-10, 1.11850868845e-10, 9.14499032056e-11, 4.11881162857e-12, 1.43639101806e-14]
        var: [7.69876512801e-14, 1.79092314312e-08, 4.51719159855e-07, 2.44120066384e-08, 4.88918772135e-07, 3.58555283242e-08, 1.32761988425e-06, 3.32126745661e-07, 8.35957337131e-07, 3.36578267479e-07, 4.62471696494e-08, 4.08310896205e-09, 6.39596997587e-09, 6.73586020294e-10, 1.01649699769e-09, 2.15899009781e-09, 1.04933772782e-09, 5.36411637331e-10, 6.20323736822e-10, 8.98953134154e-12, 2.63408435688e-12, 8.35668136794e-15, 2.84019305758e-16, 4.57265442619e-17, 1.92765541292e-17, 1.80155321746e-17, 2.04418514346e-17]
    mfcc:
        mean: [-859.347290039, 273.063140869, -80.893737793, 37.7906074524, -14.7478570938, -18.1315517426, -7.48012924194, 2.29239392281, 1.24158024788, -3.44719147682, -3.68415570259, -2.28463172913, -6.71447563171]
        cov: [[2426.35766602, -454.134918213, -486.484832764, 199.782913208, -192.188842773, 110.409973145, -8.10105419159, 113.663757324, 154.384963989, 98.6249694824, 13.8698234558, 111.532592773, 9.30900001526], [-454.134918213, 413.060211182, 181.577896118, -120.946525574, 69.8100204468, -5.62874650955, 24.746263504, -8.84101867676, -7.83448982239, -18.3720855713, 20.3134384155, -14.4267644882, 9.23878574371], [-486.484832764, 181.577896118, 518.840820312, 118.454849243, 79.2610931396, 96.8120956421, 95.4358673096, 6.7729344368, 9.41804027557, 30.4901771545, 25.175321579, -10.1460142136, 10.219171524], [199.782913208, -120.946525574, 118.454849243, 542.338684082, 105.988952637, 91.9629669189, 116.215606689, -8.24637508392, -1.72669136524, 32.7267112732, 15.1451778412, -30.547334671, 9.78632926941], [-192.188842773, 69.8100204468, 79.2610931396, 105.988952637, 123.766677856, 12.4785337448, 15.3508558273, -6.09618234634, -8.76076316833, -0.0722822919488, 5.98932504654, -22.5109081268, 5.03126478195], [110.409973145, -5.62874650955, 96.8120956421, 91.9629669189, 12.4785337448, 156.566802979, 60.1841697693, -1.00245058537, 35.4235725403, 12.4699068069, 16.128370285, 30.9990596771, 3.30798435211], [-8.10105419159, 24.746263504, 95.4358673096, 116.215606689, 15.3508558273, 60.1841697693, 117.234741211, 20.5894088745, -0.953766465187, 5.78223514557, 13.8786144257, 1.49417054653, 5.5717663765], [113.663757324, -8.84101867676, 6.7729344368, -8.24637508392, -6.09618234634, -1.00245058537, 20.5894088745, 81.4874267578, 32.1286735535, 13.1234436035, -1.36825025082, 10.2380409241, 4.23300886154], [154.384963989, -7.83448982239, 9.41804027557, -1.72669136524, -8.76076316833, 35.4235725403, -0.953766465187, 32.1286735535, 74.5973129272, 29.5390949249, 6.38686418533, 20.9382076263, 10.3936576843], [98.6249694824, -18.3720855713, 30.4901771545, 32.7267112732, -0.0722822919488, 12.4699068069, 5.78223514557, 13.1234436035, 29.5390949249, 62.0079078674, 24.3404960632, 6.62567138672, 4.7175283432], [13.8698234558, 20.3134384155, 25.175321579, 15.1451778412, 5.98932504654, 16.128370285, 13.8786144257, -1.36825025082, 6.38686418533, 24.3404960632, 57.1918983459, 20.8050251007, 5.58228158951], [111.532592773, -14.4267644882, -10.1460142136, -30.547334671, -22.5109081268, 30.9990596771, 1.49417054653, 10.2380409241, 20.9382076263, 6.62567138672, 20.8050251007, 67.2752838135, 19.6098766327], [9.30900001526, 9.23878574371, 10.219171524, 9.78632926941, 5.03126478195, 3.30798435211, 5.5717663765, 4.23300886154, 10.3936576843, 4.7175283432, 5.58228158951, 19.6098766327, 48.3398666382]]
        icov: [[0.00100548018236, 3.7254571339e-07, 0.00104151340201, -0.000846802664455, 0.00139079324435, -0.000838701496832, 0.000527331838384, -0.00112212414388, -0.00061818381073, -0.00103125756141, 0.000205028540222, -0.000713143905159, 0.000206854063435], [3.7254571339e-07, 0.00470228726044, -0.00140521733556, 0.002369615715, -0.00324946804903, 0.00100759894121, -0.00237754406407, 0.00139643519651, -0.00169549672864, 0.00211781566031, -0.00214761728421, 0.00138130737469, -0.000814894097857], [0.00104151340201, -0.00140521733556, 0.00422788225114, -0.00113783020061, 0.000853418488987, -0.00248895655386, -0.00044212359353, -0.00149975623935, 0.000297378079267, -0.00309472903609, 0.000746711390093, -0.000230051198741, -8.64736139192e-05], [-0.000846802664455, 0.002369615715, -0.00113783020061, 0.00508251320571, -0.00506466487423, 8.39001513668e-05, -0.00438597472385, 0.00251386221498, 7.20023090253e-05, -0.000204731361009, -0.000584852765314, 0.00257040117867, -0.00124210887589], [0.00139079324435, -0.00324946804903, 0.000853418488987, -0.00506466487423, 0.0158780701458, -0.00235022767447, 0.00505764828995, -0.0035328171216, 0.000916241842788, -0.000249584030826, -0.00117490720004, 0.00218487298116, -0.00149053928908], [-0.000838701496832, 0.00100759894121, -0.00248895655386, 8.39001513668e-05, -0.00235022767447, 0.0136908497661, -0.00646269228309, 0.0061016837135, -0.00751463416964, 0.00319673051126, 0.000220695859753, -0.00570057891309, 0.00358725967817], [0.000527331838384, -0.00237754406407, -0.00044212359353, -0.00438597472385, 0.00505764828995, -0.00646269228309, 0.0182681586593, -0.00826639775187, 0.00592896295711, 0.000470985367429, -0.00249164225534, 0.00147269770969, -0.0017621172592], [-0.00112212414388, 0.00139643519651, -0.00149975623935, 0.00251386221498, -0.0035328171216, 0.0061016837135, -0.00826639775187, 0.0201078653336, -0.00941050052643, 0.000575617537834, 0.00232187588699, -0.00205885083415, 0.0014337580651], [-0.00061818381073, -0.00169549672864, 0.000297378079267, 7.20023090253e-05, 0.000916241842788, -0.00751463416964, 0.00592896295711, -0.00941050052643, 0.0271052569151, -0.0105328606442, 0.00334102264605, -0.00156683439855, -0.00362506182864], [-0.00103125756141, 0.00211781566031, -0.00309472903609, -0.000204731361009, -0.000249584030826, 0.00319673051126, 0.000470985367429, 0.000575617537834, -0.0105328606442, 0.0287969112396, -0.0127206705511, 0.00453689089045, -0.000725065357983], [0.000205028540222, -0.00214761728421, 0.000746711390093, -0.000584852765314, -0.00117490720004, 0.000220695859753, -0.00249164225534, 0.00232187588699, 0.00334102264605, -0.0127206705511, 0.0274504143745, -0.010664136149, 0.00220174854621], [-0.000713143905159, 0.00138130737469, -0.000230051198741, 0.00257040117867, 0.00218487298116, -0.00570057891309, 0.00147269770969, -0.00205885083415, -0.00156683439855, 0.00453689089045, -0.010664136149, 0.0274999719113, -0.0104553671554], [0.000206854063435, -0.000814894097857, -8.64736139192e-05, -0.00124210887589, -0.00149053928908, 0.00358725967817, -0.0017621172592, 0.0014337580651, -0.00362506182864, -0.000725065357983, 0.00220174854621, -0.0104553671554, 0.0258970502764]]
    spectral_contrast:
        mean: [2.17489684928e-07, 3.35448611111e-08, -1.34990031597e-07, 1.82125305059e-07, 1.92128396748e-07, -6.8979960588e-07, 2.342517746e-06, 4.10333825585e-07, 2.23517417908e-06, -2.5867311706e-06, 2.31906210502e-06, 2.74402123068e-06]
        var: [0.00036515048123, 0.000628302164841, 0.00131788151339, 0.00187666818965, 0.00385015271604, 0.00702789612114, 0.0628814324737, 0.121970288455, 0.128516420722, 0.245987668633, 0.284612119198, 0.723202228546]

rhythm:
    beats_loudness:
        dmean: 0.002778242575
        dmean2: 0.00439630914479
        dvar: 6.46142507321e-06
        dvar2: 1.8412611098e-05
        max: 0.0104078911245
        mean: 0.00461172685027
        min: 0.00102615600917
        var: 7.54594066166e-06
    beats_loudness_bass:
        dmean: 0.110827594995
        dmean2: 0.160649552941
        dvar: 0.0177894458175
        dvar2: 0.0313803963363
        max: 0.778929054737
        mean: 0.186491683125
        min: 0.010577339679
        var: 0.0456116050482
    bpm: 118.507568359
    bpm_confidence: 0
    first_peak_bpm: 120
    first_peak_spread: 0.411764681339
    first_peak_weight: 0.555555582047
    onset_rate: 3.08238625526
    second_peak_bpm: 96
    second_peak_spread: 0
    second_peak_weight: 0.0555555559695
    beats_position: [0.524517834187, 1.02621757984, 1.5279173851, 2.02961707115, 2.53131651878, 3.03301620483, 3.53471589088, 4.03641557693, 4.53811502457, 5.0398144722, 5.54151439667, 6.16771793365, 6.685942173, 7.20416641235, 7.72239017487, 8.24061393738, 8.75883865356, 9.2770614624, 9.79528617859]
    bpm_estimates: [119.038734436, 120.23727417, 120.30859375, 120.070373535, 118.337806702, 115.831970215, 115.728179932]
    bpm_intervals: [0.501699745655, 0.50169980526, 0.50169968605, 0.501699447632, 0.50169968605, 0.50169968605, 0.50169968605, 0.501699447632, 0.501699447632, 0.501699924469, 0.626203536987, 0.518224239349, 0.518224239349, 0.518223762512, 0.518223762512, 0.518224716187, 0.518222808838, 0.518224716187]
    onset_times: [0.0464399084449, 0.476009070873, 0.661768734455, 0.812698423862, 0.96362811327, 1.35836732388, 1.52090704441, 1.63700675964, 2.0549659729, 2.19428563118, 2.22911572456, 2.36843538284, 2.49614500999, 3.09986400604, 3.20435380936, 3.98222231865, 5.9675283432, 6.58285713196, 6.66412687302, 6.80344676971, 6.84988641739, 7.02403640747, 7.20979595184, 7.9644446373, 8.04571437836, 8.16181373596, 8.34757328033, 8.498503685, 8.53333377838, 9.38086128235, 9.62467098236]
    rubato_start: []
    rubato_stop: []
    perceptual_tempo: "unknown"

sfx:
    inharmonicity:
        dmean: 0.0239298343658
        dmean2: 0.0425518788397
        dvar: 0.00115558411926
        dvar2: 0.00307761644945
        max: 0.384559750557
        mean: 0.0227422509342
        min: 0
        var: 0.00119514740072
    oddtoevenharmonicenergyratio:
        dmean: 2.40175652504
        dmean2: 4.50666761398
        dvar: 26.8290328979
        dvar2: 76.5442733765
        max: 47.9432106018
        mean: 1.79275941849
        min: 0
        var: 19.5157299042
    pitch_after_max_to_before_max_energy_ratio: 0.447671115398
    pitch_centroid: 211.91519165
    pitch_max_to_total: 0.655092597008
    pitch_min_to_total: 0.731481492519
    tristimulus:
        dmean: [0.231558993459, 0.237139374018, 0.0259105376899]
        dmean2: [0.411689370871, 0.423877030611, 0.0446616411209]
        dvar: [0.0472517795861, 0.0523374304175, 0.000876381003764]
        dvar2: [0.119587704539, 0.137774795294, 0.00238789920695]
        max: [1, 0.960266768932, 0.228247493505]
        mean: [0.476535797119, 0.489442616701, 0.0270715262741]
        min: [0.0129245547578, 0, 0]
        var: [0.0721210390329, 0.0723456814885, 0.000983804347925]

tonal:
    chords_changes_rate: 0.0691244229674
    chords_number_rate: 0.0368663594127
    chords_strength:
        dmean: 0.00710247829556
        dmean2: 0.0055597582832
        dvar: 4.0245216951e-05
        dvar2: 3.31131377607e-05
        max: 0.571495115757
        mean: 0.470438212156
        min: 0.343337774277
        var: 0.00265157036483
    key_strength: 0.69780677557
    tuning_diatonic_strength: 0.51556456089
    tuning_equal_tempered_deviation: 0.0981982424855
    tuning_frequency: 438.731048584
    tuning_nontempered_energy_ratio: 0.660229802132
    hpcp:
        dmean: [0.118454031646, 0.12348523736, 0.0395656339824, 0.0175782963634, 0.0154905505478, 0.0331909134984, 0.051464702934, 0.0672757774591, 0.058783531189, 0.0465496592224, 0.027742376551, 0.0216872673482, 0.0265648849308, 0.0334237553179, 0.0244476813823, 0.0320952534676, 0.0324988700449, 0.0154102183878, 0.0146330334246, 0.0191907323897, 0.0537683553994, 0.0814558789134, 0.0667303130031, 0.0528096929193, 0.0465042106807, 0.0369991660118, 0.0323829390109, 0.0384337417781, 0.0439424999058, 0.0491774529219, 0.0755257457495, 0.0655324980617, 0.0534396581352, 0.0362889654934, 0.0742255374789, 0.142047077417]
        dmean2: [0.187785044312, 0.212968200445, 0.0714568793774, 0.0305641703308, 0.027050472796, 0.0498044230044, 0.072952978313, 0.0924971848726, 0.0886361673474, 0.0678214803338, 0.0395130589604, 0.0358370617032, 0.0457718223333, 0.0522825196385, 0.039960116148, 0.0499324165285, 0.0496208816767, 0.0253029000014, 0.0251818969846, 0.0324036367238, 0.086070112884, 0.134200185537, 0.110448382795, 0.0912341028452, 0.0829070135951, 0.068698219955, 0.0580091550946, 0.0653347447515, 0.0725432261825, 0.084276817739, 0.123674690723, 0.0981618314981, 0.0958776399493, 0.0675749331713, 0.130434840918, 0.234658747911]
        dvar: [0.0257715154439, 0.0149045130238, 0.00421143416315, 0.00215538195334, 0.00128517090343, 0.00353340781294, 0.0096019199118, 0.0113668814301, 0.0135195450857, 0.0127935837954, 0.00355458795093, 0.00230206968263, 0.00739526841789, 0.0123560260981, 0.00638682348654, 0.00780531112105, 0.00714316964149, 0.000683049031068, 0.000640009762719, 0.000895287783351, 0.00529668806121, 0.0177656058222, 0.00896959193051, 0.00890179350972, 0.00997991114855, 0.00992748793215, 0.00978022161871, 0.00773767754436, 0.0068466369994, 0.00650679692626, 0.0184085089713, 0.0153145650402, 0.0157715845853, 0.00898288562894, 0.0202441047877, 0.0218385551125]
        dvar2: [0.0579404644668, 0.0403289422393, 0.012276080437, 0.0054526347667, 0.00340567296371, 0.00713982479647, 0.0125960065052, 0.0203830078244, 0.0249070916325, 0.0236257091165, 0.00593031290919, 0.00572952115908, 0.0145853022113, 0.0293743982911, 0.0126259336248, 0.0129880141467, 0.015982074663, 0.00154319044668, 0.00184382323641, 0.00249116146006, 0.0122587922961, 0.0498915649951, 0.0263964701444, 0.0234781485051, 0.0251737441868, 0.0281976163387, 0.027385732159, 0.0208639092743, 0.0175888296217, 0.0161176808178, 0.0467275232077, 0.033853366971, 0.0444700680673, 0.0294166151434, 0.050037574023, 0.0526034198701]
        max: [1, 1, 0.570529520512, 0.598569095135, 0.311291784048, 0.66684448719, 1, 1, 1, 1, 0.915533483028, 0.528174877167, 1, 1, 1, 1, 1, 0.329695731401, 0.224651113153, 0.203930988908, 0.899506151676, 1, 0.691576480865, 0.773177981377, 1, 0.866201043129, 1, 0.842243134975, 0.6192933321, 0.605886340141, 1, 1, 1, 0.74364900589, 1, 1]
        mean: [0.670773684978, 0.350836843252, 0.0362304076552, 0.0176670067012, 0.0158918369561, 0.0530510172248, 0.178265124559, 0.217281326652, 0.149840131402, 0.099844828248, 0.0466195121408, 0.0389400720596, 0.0467568486929, 0.0378813147545, 0.0352658778429, 0.046466909349, 0.0464300699532, 0.0244139879942, 0.0190297011286, 0.0256736073643, 0.172979235649, 0.300119847059, 0.163270026445, 0.0465216226876, 0.0428966283798, 0.0309144016355, 0.0293680131435, 0.0528218671679, 0.0672015920281, 0.068255700171, 0.131258323789, 0.151705592871, 0.0759105682373, 0.0333159863949, 0.073624253273, 0.405899912119]
        min: [0.00249052792788, 0.000896587851457, 0.00023598226835, 8.25636525406e-05, 6.7549139203e-05, 0.000164107899764, 0.000328692665789, 0.000200338938157, 0.00035498428042, 3.42690109392e-05, 9.44453422562e-05, 0.000226940304856, 0.000295005069347, 0.000331650051521, 0.000551067583729, 0.000404713326134, 0.00024974081316, 7.01866520103e-05, 5.93575350649e-05, 9.04544867808e-05, 0.000259359920165, 0.000686459476128, 0.00189559359569, 0.000327388755977, 0.000146112928633, 0.000382380734663, 0.000212386934436, 0.000342136976542, 0.000323060638038, 0.000224405783229, 0.000194455817109, 0.000246117357165, 0.000221624679398, 0.000233387618209, 0.000408038788009, 0.00319948117249]
        var: [0.113834217191, 0.0443602316082, 0.00358879589476, 0.00243457267061, 0.00132041738834, 0.00935795903206, 0.097992092371, 0.10797060281, 0.0783289372921, 0.0592333190143, 0.0151606546715, 0.00287773669697, 0.00923626404256, 0.0156253594905, 0.015076876618, 0.0154791623354, 0.0154403829947, 0.00188088079449, 0.00062778335996, 0.00107186380774, 0.0483992397785, 0.134965017438, 0.0314963832498, 0.00835091620684, 0.010454069823, 0.00663543865085, 0.00649774912745, 0.0105720311403, 0.0119595462456, 0.0116871315986, 0.0546323433518, 0.0824832841754, 0.0288689471781, 0.00705843605101, 0.0231025796384, 0.0576932094991]
    chords_histogram: [49.7695846558, 0, 3.22580647469, 0, 0.460829496384, 0, 0, 16.5898609161, 0, 1.38248848915, 6.91244220734, 2.7649769783, 0, 0, 0, 0, 0, 0, 0, 0, 0, 0, 10.5990781784, 8.29493045807]
    thpcp: [1, 0.523033082485, 0.0540128648281, 0.0263382531703, 0.0236918013543, 0.0790892913938, 0.265760451555, 0.32392641902, 0.223384037614, 0.148850247264, 0.0695011019707, 0.0580524727702, 0.0697058513761, 0.0564740635455, 0.0525749288499, 0.0692735984921, 0.0692186802626, 0.0363967604935, 0.0283697787672, 0.0382746197283, 0.257880181074, 0.447423398495, 0.243405535817, 0.0693551674485, 0.0639509707689, 0.0460876785219, 0.0437822975218, 0.0787476748228, 0.100185193121, 0.101756677032, 0.195681974292, 0.226165086031, 0.113168671727, 0.0496679991484, 0.109760202467, 0.605121970177]
    chords_key: "A"
    chords_scale: "minor"
    key_key: "A"
    key_scale: "minor"
    chords_progression: ["E", "E", "B", "Bm", "B", "B", "B", "B", "B", "G#m", "G#m", "G#m", "G#m", "G#m", "G#m", "G#m", "G#m", "G#m", "G#m", "G#m", "G#m", "G#m", "G#m", "G#m", "Am", "Am", "Am", "Am", "Am", "Am", "Am", "Am", "Am", "Am", "Em", "Em", "Em", "Em", "Em", "Em", "Em", "Am", "Am", "Am", "Am", "Am", "Am", "Am", "Am", "Am", "Am", "Am", "Am", "Am", "Am", "Am", "Am", "Am", "Am", "Am", "Am", "Am", "Am", "Am", "Am", "Am", "Am", "Am", "Am", "Am", "Am", "Am", "Am", "Am", "Am", "Am", "Am", "Am", "Am", "Am", "Am", "Am", "Am", "Am", "Am", "Am", "Am", "Am", "Am", "Am", "Am", "Am", "Am", "Am", "Am", "Am", "Am", "A", "A", "A", "A", "A", "A", "A", "A", "A", "A", "Am", "Am", "Am", "Am", "Am", "A", "A", "A", "A", "A", "A", "A", "A", "A", "A", "A", "A", "A", "A", "A", "A", "A", "A", "A", "A", "A", "A", "A", "A", "A", "A", "Dm", "Dm", "Dm", "Dm", "Dm", "Dm", "Dm", "Dm", "Dm", "Dm", "Dm", "Dm", "Dm", "Dm", "Dm", "Dm", "Dm", "Dm", "Dm", "Dm", "Dm", "Dm", "Dm", "Am", "Am", "Am", "Am", "Am", "Am", "Am", "Am", "Am", "Am", "Am", "Am", "Am", "Am", "Am", "Am", "Am", "Am", "Am", "Am", "Am", "Am", "Am", "Am", "Am", "Am", "Am", "Am", "Am", "Am", "Am", "Am", "Am", "Am", "Am", "Am", "Am", "F", "F", "F", "F", "E", "F", "F", "F", "F", "F", "F", "F", "F", "F", "F", "F", "F", "F", "F"]
