
metadata:
    version:
        essentia: "1.2.2"
    audio_properties:
        analysis_sample_rate: 44100
        bitrate: 128
        channels: 2
        equal_loudness: 1
        length: 10.0571432114
        replay_gain: -15.2622432709
        downmix: "mix"
    tags:
        track: 12
        year: 0
        album: "Splitted by Mp3Splt v. 2.1"
        artist: "From 001.50 To 002.00"
        comment: "http://mp3splt.sf.net"
        genre: ""
        title: "11 You Belong to Me [-].mp3"

highlevel:
    ballroom:
        all:
            ChaChaCha: 0.0338319689035
            Jive: 0.844982743263
            Quickstep: 0.0179589800537
            Rumba-American: 0.000948010652792
            Rumba-International: 0.00201812805608
            Rumba-Misc: 0.00314139388502
            Samba: 0.0579028315842
            Tango: 0.00205711484887
            VienneseWaltz: 0.0342504531145
            Waltz: 0.00290839001536
        probability: 0.844982743263
        value: "Jive"
    culture:
        all:
            non_western: 0.0784286260605
            western: 0.92157137394
        probability: 0.92157137394
        value: "western"
    gender:
        all:
            female: 0.609154284
            male: 0.390845686197
        probability: 0.609154284
        value: "female"
    genre_dortmund:
        all:
            alternative: 0.168237239122
            blues: 0.0248545259237
            electronic: 0.0179114043713
            folkcountry: 0.0585352182388
            funksoulrnb: 0.0765573084354
            jazz: 0.0190452765673
            pop: 0.124194562435
            raphiphop: 0.00707648182288
            rock: 0.503588020802
        probability: 0.503588020802
        value: "rock"
    genre_electronica:
        all:
            ambient: 0.199006825686
            dnb: 0.0943398699164
            house: 0.00892326515168
            techno: 0.0108047863469
            trance: 0.68692523241
        probability: 0.68692523241
        value: "trance"
    genre_rosamerica:
        all:
            cla: 0.00788627378643
            dan: 0.00966113619506
            hip: 0.00386883923784
            jaz: 0.00448954943568
            pop: 0.00990957021713
            rhy: 0.00262984121218
            roc: 0.960369586945
            spe: 0.00118519959506
        probability: 0.960369586945
        value: "roc"
    genre_tzanetakis:
        all:
            blu: 0.00504073500633
            cla: 0.00984325166792
            cou: 0.0761406719685
            dis: 0.141986519098
            hip: 0.0215591005981
            jaz: 0.0401109866798
            met: 0.122422650456
            pop: 0.208722129464
            reg: 0.0101887816563
            roc: 0.363985180855
        probability: 0.363985180855
        value: "roc"
    live_studio:
        all:
            live: 0.311860412359
            studio: 0.688139557838
        probability: 0.688139557838
        value: "studio"
    mood:
        all:
            Cluster1: 0.611831009388
            Cluster2: 0.12285027653
            Cluster3: 0.0257234666497
            Cluster4: 0.111109577119
            Cluster5: 0.128485664725
        probability: 0.611831009388
        value: "Cluster1"
    mood_acoustic:
        all:
            acoustic: 0.00291810627095
            not_acoustic: 0.997081875801
        probability: 0.997081875801
        value: "not_acoustic"
    mood_aggressive:
        all:
            aggressive: 0.98450255394
            not_aggressive: 0.0154974348843
        probability: 0.98450255394
        value: "aggressive"
    mood_electronic:
        all:
            electronic: 0.428104937077
            not_electronic: 0.571895062923
        probability: 0.571895062923
        value: "not_electronic"
    mood_happy:
        all:
            happy: 0.331145137548
            not_happy: 0.668854832649
        probability: 0.668854832649
        value: "not_happy"
    mood_party:
        all:
            not_party: 0.211904332042
            party: 0.788095653057
        probability: 0.788095653057
        value: "party"
    mood_relaxed:
        all:
            not_relaxed: 0.94313788414
            relaxed: 0.0568621195853
        probability: 0.94313788414
        value: "not_relaxed"
    mood_sad:
        all:
            not_sad: 0.991268098354
            sad: 0.00873191468418
        probability: 0.991268098354
        value: "not_sad"
    rhythm:
        all:
            fast: 0.806239962578
            medium: 0.166226506233
            slow: 0.0275335554034
        probability: 0.806239962578
        value: "fast"
    speech_music:
        all:
            music: 0.99996316433
            speech: 3.68528308172e-05
        probability: 0.99996316433
        value: "music"
    timbre:
        all:
            bright: 0.137652993202
            dark: 0.862347006798
        probability: 0.862347006798
        value: "dark"
    voice_instrumental:
        all:
            instrumental: 0.0434364825487
            voice: 0.956563532352
        probability: 0.956563532352
        value: "voice"

lowlevel:
    average_loudness: 0.975365877151
    barkbands_kurtosis:
        dmean: 0.553037345409
        dmean2: 0.866821348667
        dvar: 0.388207197189
        dvar2: 0.880622804165
        max: 4.26033782959
        mean: -0.588554024696
        min: -1.80387270451
        var: 0.959172129631
    barkbands_skewness:
        dmean: 0.294416815042
        dmean2: 0.454083442688
        dvar: 0.0697997584939
        dvar2: 0.166709497571
        max: 0.512676596642
        mean: -0.695760905743
        min: -2.1996114254
        var: 0.207351610065
    barkbands_spread:
        dmean: 5.26128005981
        dmean2: 8.58580875397
        dvar: 23.8759746552
        dvar2: 61.3688240051
        max: 66.0156326294
        mean: 30.5421447754
        min: 13.9682979584
        var: 65.5465621948
    dissonance:
        dmean: 0.013022932224
        dmean2: 0.0211302321404
        dvar: 0.00055689830333
        dvar2: 0.000709952786565
        max: 0.49959307909
        mean: 0.474223047495
        min: 0.0176435746253
        var: 0.000667881977279
    hfc:
        dmean: 2.83895325661
        dmean2: 4.53034925461
        dvar: 8.76444911957
        dvar2: 20.2283287048
        max: 40.8398323059
        mean: 12.933511734
        min: 1.48468152474e-05
        var: 26.7078838348
    pitch:
        dmean: 1084.46887207
        dmean2: 2098.59960938
        dvar: 2143653.25
        dvar2: 5459895.5
        max: 4410
        mean: 1251.40710449
        min: 93.630569458
        var: 2277686.75
    pitch_instantaneous_confidence:
        dmean: 0.0802248567343
        dmean2: 0.129604905844
        dvar: 0.00376335904002
        dvar2: 0.00883002858609
        max: 0.795800089836
        mean: 0.410287678242
        min: 0.158366382122
        var: 0.0135165844113
    pitch_salience:
        dmean: 0.0463829301298
        dmean2: 0.0756740868092
        dvar: 0.00160747556947
        dvar2: 0.0033599617891
        max: 0.976545214653
        mean: 0.636270701885
        min: 0.475664883852
        var: 0.00359490001574
    silence_rate_20dB:
        dmean: 0
        dmean2: 0
        dvar: 0
        dvar2: 0
        max: 1
        mean: 1
        min: 1
        var: 0
    silence_rate_30dB:
        dmean: 0
        dmean2: 0
        dvar: 0
        dvar2: 0
        max: 1
        mean: 1
        min: 1
        var: 0
    silence_rate_60dB:
        dmean: 0.0368663594127
        dmean2: 0.0739030018449
        dvar: 0.0355071872473
        dvar2: 0.0869169980288
        max: 1
        mean: 0.045977011323
        min: 0
        var: 0.0438633002341
    spectral_centroid:
        dmean: 241.513092041
        dmean2: 369.198120117
        dvar: 52397.5742188
        dvar2: 110366.195312
        max: 4537.46533203
        mean: 2339.83813477
        min: 1358.7355957
        var: 198873.625
    spectral_complexity:
        dmean: 3.53348731995
        dmean2: 5.85879611969
        dvar: 11.1079893112
        dvar2: 27.2555027008
        max: 42
        mean: 20.6820278168
        min: 0
        var: 29.0233249664
    spectral_crest:
        dmean: 1.37719249725
        dmean2: 2.30732011795
        dvar: 1.32622647285
        dvar2: 3.44892311096
        max: 16.2435626984
        mean: 5.76810503006
        min: 2.83471417427
        var: 3.02448701859
    spectral_decrease:
        dmean: 2.31802521622e-10
        dmean2: 3.78169162651e-10
        dvar: 6.89838387078e-20
        dvar2: 1.77237986524e-19
        max: -8.04160692266e-16
        mean: -1.16456866373e-09
        min: -3.03806269031e-09
        var: 1.65659991189e-19
    spectral_energy:
        dmean: 0.00109919020906
        dmean2: 0.00179180002306
        dvar: 1.50741971083e-06
        dvar2: 3.79900507141e-06
        max: 0.0149057097733
        mean: 0.00556845450774
        min: 4.38173985984e-09
        var: 3.77352057512e-06
    spectral_energyband_high:
        dmean: 0.000241264613578
        dmean2: 0.000387821230106
        dvar: 5.99395093559e-08
        dvar2: 1.52628331307e-07
        max: 0.00344929727726
        mean: 0.000695320311934
        min: 1.97953453629e-09
        var: 2.0853306637e-07
    spectral_energyband_low:
        dmean: 8.79651270225e-05
        dmean2: 0.00015813036589
        dvar: 2.07443786593e-08
        dvar2: 5.94059201831e-08
        max: 0.00114397716243
        mean: 0.000118729949463
        min: 1.25288624961e-11
        var: 1.88922761879e-08
    spectral_energyband_middle_high:
        dmean: 0.000834020902403
        dmean2: 0.00134030554909
        dvar: 8.48567594858e-07
        dvar2: 2.0705604129e-06
        max: 0.0125592621043
        mean: 0.00356698152609
        min: 2.07675876496e-09
        var: 2.51629967352e-06
    spectral_energyband_middle_low:
        dmean: 0.000441024807515
        dmean2: 0.000711692089681
        dvar: 3.46861611433e-07
        dvar2: 9.03230784388e-07
        max: 0.00559746194631
        mean: 0.00118742487393
        min: 3.11467740488e-10
        var: 7.26156088149e-07
    spectral_flatness_db:
        dmean: 0.0136632034555
        dmean2: 0.0202059708536
        dvar: 0.000138745672302
        dvar2: 0.000278076797258
        max: 0.229419529438
        mean: 0.14301584661
        min: 0.0790540277958
        var: 0.000699063995853
    spectral_flux:
        dmean: 0.00745693035424
        dmean2: 0.0113782547414
        dvar: 5.91421194258e-05
        dvar2: 0.000142881515785
        max: 0.104312583804
        mean: 0.0460913330317
        min: 6.61947124172e-05
        var: 0.000126319602714
    spectral_kurtosis:
        dmean: 0.864620268345
        dmean2: 1.40183591843
        dvar: 0.748713195324
        dvar2: 1.70266902447
        max: 9.32156848907
        mean: 3.53413629532
        min: -0.907045602798
        var: 2.46963572502
    spectral_rms:
        dmean: 0.000230557619943
        dmean2: 0.000368471693946
        dvar: 6.15598594322e-08
        dvar2: 1.33275648295e-07
        max: 0.00381341786124
        mean: 0.00229379348457
        min: 2.06757545129e-06
        var: 1.71148300865e-07
    spectral_rolloff:
        dmean: 231.444442749
        dmean2: 369.752990723
        dvar: 97172.9765625
        dvar2: 157577.09375
        max: 7751.953125
        mean: 3990.33813477
        min: 2950.04882812
        var: 384948.5
    spectral_skewness:
        dmean: 0.142501190305
        dmean2: 0.224163711071
        dvar: 0.0186373218894
        dvar2: 0.0331020765007
        max: 2.53883767128
        mean: 1.25192368031
        min: 0.128830984235
        var: 0.0722261145711
    spectral_spread:
        dmean: 523820.09375
        dmean2: 665176.8125
        dvar: 381119725568
        dvar2: 562678530048
        max: 11301039
        mean: 4652759
        min: 2428243
        var: 2.28131209216e+12
    spectral_strongpeak:
        dmean: 0.921994626522
        dmean2: 1.58805322647
        dvar: 1.28179824352
        dvar2: 2.91861462593
        max: 10.4026517868
        mean: 1.32142543793
        min: 0.000194269581698
        var: 2.07537937164
    zerocrossingrate:
        dmean: 0.00731970788911
        dmean2: 0.00871898513287
        dvar: 7.28194863768e-05
        dvar2: 7.12745022611e-05
        max: 0.21484375
        mean: 0.125462397933
        min: 0.0087890625
        var: 0.00042652094271
    barkbands:
        dmean: [1.52868068426e-07, 3.40920996678e-05, 6.27655244898e-05, 0.000124889353174, 0.000197214074433, 8.45107861096e-05, 0.000111720059067, 0.000121244178445, 6.09419548709e-05, 7.51582629164e-05, 0.000110953638796, 0.000107023595774, 9.18984806049e-05, 9.84362559393e-05, 8.05878735264e-05, 0.000161871619639, 0.000237635889789, 0.000249650416663, 0.000322983600199, 0.000359901168849, 8.22404836072e-05, 2.57474293903e-05, 1.12944990178e-05, 7.17805642125e-06, 2.55425038631e-06, 1.80432138563e-07, 4.61243043759e-10]
        dmean2: [2.61320508343e-07, 6.24671738478e-05, 0.000112220397568, 0.000216040076339, 0.000331813032972, 0.000129750202177, 0.000174913380761, 0.000192387844436, 9.944482008e-05, 0.00011306014494, 0.000178672169568, 0.000179642942385, 0.000148019273183, 0.000165130579262, 0.000129468447994, 0.000245254283072, 0.000389434600947, 0.000411580200307, 0.000536833656952, 0.000595069199335, 0.000136774964631, 3.97046787839e-05, 1.54843510245e-05, 9.02794636204e-06, 3.71858436665e-06, 2.57100026602e-07, 7.97216626047e-10]
        dvar: [1.35160220689e-13, 5.35240340938e-09, 7.79208875201e-09, 2.66751811751e-08, 7.62644063457e-08, 3.72148249994e-08, 4.45986358955e-08, 4.83820734587e-08, 2.6130036801e-08, 1.44429028737e-08, 2.29183196865e-08, 2.84300920583e-08, 1.64892242083e-08, 1.72994738534e-08, 1.867504551e-08, 4.33837783476e-08, 9.13431605909e-08, 1.24139475588e-07, 1.31141590032e-07, 1.43243127582e-07, 8.86597817384e-09, 2.0881243401e-09, 9.45502565131e-10, 5.77639214239e-10, 5.20491601208e-11, 7.06594274736e-14, 2.82046952938e-19]
        dvar2: [3.55084993527e-13, 1.5973613543e-08, 2.15373106016e-08, 7.59318155019e-08, 2.11535635231e-07, 8.46279917255e-08, 8.55023287727e-08, 1.15062597672e-07, 6.26402183457e-08, 3.10841841156e-08, 5.55061134833e-08, 7.95757344463e-08, 4.06727913571e-08, 4.82159947524e-08, 4.19040091515e-08, 8.69126921543e-08, 2.51252004091e-07, 3.27802041511e-07, 3.27123274246e-07, 2.88600688236e-07, 2.16530526842e-08, 4.18851309192e-09, 1.39347811068e-09, 8.71554606263e-10, 1.02197049434e-10, 1.37697172458e-13, 7.88679284147e-19]
        max: [3.01608997688e-06, 0.000468556565465, 0.000844613299705, 0.00192082067952, 0.00213831337169, 0.00279248086736, 0.00238905427977, 0.00226411526091, 0.00192006642465, 0.00144704664126, 0.00138138351031, 0.0015920707956, 0.00154851388652, 0.00145817315206, 0.0020088988822, 0.00292022177018, 0.00364091759548, 0.00478382408619, 0.0050084432587, 0.00671258429065, 0.0010464056395, 0.000695707916748, 0.000481869297801, 0.000341221952112, 0.00011786702089, 4.60534920421e-06, 3.59883145507e-09]
        mean: [1.24343998209e-07, 3.29137001245e-05, 8.56981350807e-05, 0.000208416502574, 0.000313001306495, 0.000172703104909, 0.00020620271971, 0.000175902983756, 9.5843897725e-05, 0.000172976826434, 0.000194719425053, 0.000157695860253, 0.000158916111104, 0.00017907290021, 0.00014194403775, 0.000319389655488, 0.000460210751044, 0.000540515524335, 0.000728340179194, 0.000907559122425, 0.000202592957066, 6.90116139594e-05, 2.40784465859e-05, 1.442615212e-05, 5.88060038353e-06, 3.23622629139e-07, 4.58388188518e-10]
        min: [1.94986735091e-12, 5.46176515473e-12, 6.03402917909e-12, 7.41247861702e-12, 2.38067360964e-11, 3.38054688409e-11, 4.16531184544e-11, 5.86536097469e-11, 1.30590219194e-10, 6.70637295697e-11, 1.17179937628e-11, 5.33692014193e-12, 4.97658581011e-11, 1.61560403944e-10, 2.745101646e-10, 1.66906835575e-10, 1.78283915409e-11, 2.59895160948e-10, 4.27180235629e-10, 2.26058705088e-09, 2.81407841474e-10, 5.51191939313e-11, 2.14337436688e-11, 4.32134276279e-12, 3.34963415512e-12, 2.38814848973e-12, 2.84068667027e-13]
        var: [1.02697005359e-13, 3.53212770143e-09, 9.37136412915e-09, 3.98991559791e-08, 1.0576781051e-07, 1.13776110311e-07, 1.2473705624e-07, 7.96140682269e-08, 3.05441503201e-08, 7.34186258455e-08, 5.30799937337e-08, 4.15360261741e-08, 2.95032425157e-08, 2.58971368794e-08, 4.37996874325e-08, 1.34151036946e-07, 1.78065178602e-07, 1.6860005303e-07, 2.54739319416e-07, 4.65772501457e-07, 2.1457310595e-08, 8.6048395076e-09, 3.07253156251e-09, 1.85608861614e-09, 1.98141877905e-10, 2.52730941643e-13, 3.09536103397e-19]
    mfcc:
        mean: [-681.742797852, 83.2417678833, -61.9680290222, 52.7957038879, -14.9837236404, -6.08874750137, 3.21388888359, -5.46025419235, -8.37273406982, -5.03634548187, -8.67744159698, -4.43277454376, -2.32586073875]
        cov: [[2310.10351562, -99.0093078613, 150.470275879, -61.7630805969, 10.0249109268, -17.0647277832, -16.9393901825, 37.2294120789, 7.04959726334, -84.0160217285, -36.7879257202, -13.2792844772, -25.8589515686], [-99.0093078613, 624.389099121, -361.849517822, 119.971725464, -90.5238494873, -86.6826705933, 25.0191268921, -48.096118927, -45.732421875, -21.9714870453, 16.6845855713, 3.05987358093, 15.5777549744], [150.470275879, -361.849517822, 452.384124756, -30.0774478912, 107.403022766, 12.9743642807, -66.7529983521, -9.07790565491, -12.227971077, 7.25887203217, 3.096565485, 27.4620990753, 3.76903390884], [-61.7630805969, 119.971725464, -30.0774478912, 206.11756897, 65.0867614746, -69.5584411621, -80.9904403687, -41.1896705627, -23.4031105042, -9.05234336853, -14.2756605148, 34.7866134644, 67.3386535645], [10.0249109268, -90.5238494873, 107.403022766, 65.0867614746, 119.389396667, 6.00170850754, -38.1602249146, -4.56065988541, 1.34035158157, -2.42267990112, -16.2956218719, 18.5964546204, 28.569234848], [-17.0647277832, -86.6826705933, 12.9743642807, -69.5584411621, 6.00170850754, 153.955657959, 106.8647995, 47.6944656372, 20.0431671143, 4.17546844482, 18.957233429, 0.829727828503, -27.1462669373], [-16.9393901825, 25.0191268921, -66.7529983521, -80.9904403687, -38.1602249146, 106.8647995, 168.889144897, 62.7144775391, 4.77983045578, -0.306512504816, 29.2134990692, -8.58257675171, -40.2139129639], [37.2294120789, -48.096118927, -9.07790565491, -41.1896705627, -4.56065988541, 47.6944656372, 62.7144775391, 83.6804351807, 46.1418838501, 18.7251873016, 3.18272161484, -10.3129529953, -10.1256256104], [7.04959726334, -45.732421875, -12.227971077, -23.4031105042, 1.34035158157, 20.0431671143, 4.77983045578, 46.1418838501, 116.002174377, 51.6483917236, -2.22105646133, -10.1086835861, -0.344579190016], [-84.0160217285, -21.9714870453, 7.25887203217, -9.05234336853, -2.42267990112, 4.17546844482, -0.306512504816, 18.7251873016, 51.6483917236, 88.3840866089, 23.2848892212, -1.01624822617, -3.50197529793], [-36.7879257202, 16.6845855713, 3.096565485, -14.2756605148, -16.2956218719, 18.957233429, 29.2134990692, 3.18272161484, -2.22105646133, 23.2848892212, 61.0731010437, 18.8913879395, -8.6755437851], [-13.2792844772, 3.05987358093, 27.4620990753, 34.7866134644, 18.5964546204, 0.829727828503, -8.58257675171, -10.3129529953, -10.1086835861, -1.01624822617, 18.8913879395, 70.7041015625, 40.5988769531], [-25.8589515686, 15.5777549744, 3.76903390884, 67.3386535645, 28.569234848, -27.1462669373, -40.2139129639, -10.1256256104, -0.344579190016, -3.50197529793, -8.6755437851, 40.5988769531, 82.33228302]]
        icov: [[0.000486418313812, -0.000111779358122, -0.000259375286987, 0.00013074571325, 5.26541807631e-05, 0.000143092678627, 0.000154110355652, -0.000449271785328, -0.000239795335801, 0.000687227584422, 7.53443309804e-05, -9.54514616751e-05, 0.000211024860619], [-0.000111779358122, 0.00455405609682, 0.00285685644485, -0.00255163107067, 0.00119689875282, 0.00238637509756, -0.00252299569547, 0.00220404402353, 0.000263830297627, 0.000171936044353, -0.00127469131257, -0.000302011874737, 0.000492681108881], [-0.000259375286987, 0.00285685644485, 0.00584245240316, 0.00113584008068, -0.00357668870129, 0.000928990484681, 0.00127868470736, 0.000433310720837, 0.00174491130747, -0.000636562763248, -0.00186367053539, -0.00170662323944, 0.00103220855817], [0.00013074571325, -0.00255163107067, 0.00113584008068, 0.0123880263418, -0.007563858293, 0.00126086687669, 0.00326485047117, -0.000312867137836, 0.00158889556769, -0.000549071235582, -0.000367739237845, -0.0011423274409, -0.00455577019602], [5.26541807631e-05, 0.00119689875282, -0.00357668870129, -0.007563858293, 0.0177095867693, -0.0038670161739, 0.000760914757848, -0.000707190250978, -0.000741538533475, 0.000119741889648, 0.00372156640515, -0.000429721461842, -0.000389298802475], [0.000143092678627, 0.00238637509756, 0.000928990484681, 0.00126086687669, -0.0038670161739, 0.0158647410572, -0.0104202926159, 0.00153450237121, -0.00234234239906, 0.00127722288016, -0.00123018701561, -0.00183668278623, 0.0010120337829], [0.000154110355652, -0.00252299569547, 0.00127868470736, 0.00326485047117, 0.000760914757848, -0.0104202926159, 0.0207521226257, -0.011865654029, 0.00473424233496, 0.00119777885266, -0.00383147504181, -0.00130875664763, 0.00308631849475], [-0.000449271785328, 0.00220404402353, 0.000433310720837, -0.000312867137836, -0.000707190250978, 0.00153450237121, -0.011865654029, 0.0260983165354, -0.00851652678102, -0.00113219872583, 0.00150345277507, 0.00265067396685, -0.00338907423429], [-0.000239795335801, 0.000263830297627, 0.00174491130747, 0.00158889556769, -0.000741538533475, -0.00234234239906, 0.00473424233496, -0.00851652678102, 0.0168078411371, -0.008763785474, 0.00257358327508, 0.000111276749521, -0.00084079138469], [0.000687227584422, 0.000171936044353, -0.000636562763248, -0.000549071235582, 0.000119741889648, 0.00127722288016, 0.00119777885266, -0.00113219872583, -0.008763785474, 0.0196931306273, -0.0088763050735, 0.00167103658896, 0.000528537086211], [7.53443309804e-05, -0.00127469131257, -0.00186367053539, -0.000367739237845, 0.00372156640515, -0.00123018701561, -0.00383147504181, 0.00150345277507, 0.00257358327508, -0.0088763050735, 0.0271049439907, -0.00990189798176, 0.00463947094977], [-9.54514616751e-05, -0.000302011874737, -0.00170662323944, -0.0011423274409, -0.000429721461842, -0.00183668278623, -0.00130875664763, 0.00265067396685, 0.000111276749521, 0.00167103658896, -0.00990189798176, 0.026246028021, -0.0136441569775], [0.000211024860619, 0.000492681108881, 0.00103220855817, -0.00455577019602, -0.000389298802475, 0.0010120337829, 0.00308631849475, -0.00338907423429, -0.00084079138469, 0.000528537086211, 0.00463947094977, -0.0136441569775, 0.0245931595564]]
    spectral_contrast:
        mean: [-1.09381048219e-07, -1.24505376675e-07, -3.22460778079e-07, 1.59826967661e-07, -1.7510581074e-07, 2.35156804251e-07, 1.26701070258e-06, 1.04047182958e-06, 8.9887652166e-07, -3.19344940181e-06, -4.58708569795e-07, 9.44884703813e-08]
        var: [0.000343409832567, 0.000583803281188, 0.00121340248734, 0.00244904030114, 0.00410489877686, 0.0056397668086, 0.0467567145824, 0.0764967054129, 0.183712571859, 0.308697968721, 0.448773443699, 1.15358769894]

rhythm:
    beats_loudness:
        dmean: 0.00237485324033
        dmean2: 0.00409639440477
        dvar: 2.53349890045e-06
        dvar2: 7.43787859392e-06
        max: 0.0104086371139
        mean: 0.00559020927176
        min: 0.0025272751227
        var: 5.46664159629e-06
    beats_loudness_bass:
        dmean: 0.0579028837383
        dmean2: 0.109142623842
        dvar: 0.00527091976255
        dvar2: 0.0148130189627
        max: 0.240204721689
        mean: 0.0551266148686
        min: 0.00689701503143
        var: 0.00312935514376
    bpm: 123.180465698
    bpm_confidence: 0
    first_peak_bpm: 123
    first_peak_spread: 0
    first_peak_weight: 0.947368443012
    onset_rate: 3.28125023842
    second_peak_bpm: 68
    second_peak_spread: 0
    second_peak_weight: 0.0526315793395
    beats_position: [0.0892164483666, 0.577975809574, 1.06673514843, 1.55549454689, 2.04425406456, 2.53301334381, 3.02177286148, 3.51053214073, 3.99929141998, 4.48805046082, 4.97680950165, 5.46556901932, 6.34605550766, 6.832239151, 7.31842327118, 7.80460643768, 8.29079055786, 8.77697372437, 9.26315784454, 9.74934196472]
    bpm_estimates: [120.767852783, 124.825019836, 123.035934448, 122.478622437, 123.46698761, 123.545768738, 123.142745972, 123.117752075, 122.906311035, 123.952232361, 123.745895386]
    bpm_intervals: [0.488759368658, 0.488759338856, 0.48875939846, 0.48875951767, 0.488759279251, 0.48875951767, 0.488759279251, 0.488759279251, 0.488759040833, 0.488759040833, 0.48875951767, 0.880486488342, 0.486183643341, 0.486184120178, 0.486183166504, 0.486184120178, 0.486183166504, 0.486184120178, 0.486184120178]
    onset_times: [0.0464399084449, 0.661768734455, 0.917188227177, 1.07972788811, 1.24226760864, 1.60217690468, 2.24072551727, 2.42648530006, 3.16952371597, 3.30884361267, 3.81968259811, 3.95900225639, 4.09832191467, 4.58594083786, 4.80653047562, 5.11999988556, 5.24770975113, 5.4334692955, 5.56117916107, 5.81659841537, 6.04879808426, 6.18811798096, 7.27945566177, 7.55809545517, 7.65097522736, 8.11537456512, 8.51011371613, 8.76553249359, 8.90485286713, 8.95129299164, 9.49696159363, 9.91492080688, 9.99619007111]
    rubato_start: []
    rubato_stop: []
    perceptual_tempo: "unknown"

sfx:
    inharmonicity:
        dmean: 0.0610180161893
        dmean2: 0.104614019394
        dvar: 0.00334750232287
        dvar2: 0.00981859490275
        max: 0.326684683561
        mean: 0.0775614529848
        min: 0
        var: 0.00397769873962
    oddtoevenharmonicenergyratio:
        dmean: 5.05204582214
        dmean2: 9.77250957489
        dvar: 2144.99731445
        dvar2: 6426.94042969
        max: 682.275695801
        mean: 3.16957473755
        min: 0
        var: 1081.50964355
    pitch_after_max_to_before_max_energy_ratio: 1.49329674244
    pitch_centroid: 214.113113403
    pitch_max_to_total: 0.389400929213
    pitch_min_to_total: 0.241935476661
    tristimulus:
        dmean: [0.14565308392, 0.234684512019, 0.183428645134]
        dmean2: [0.250365793705, 0.405158221722, 0.324010968208]
        dvar: [0.018281493336, 0.0394774340093, 0.0220511183143]
        dvar2: [0.048728633672, 0.113713823259, 0.0592092983425]
        max: [1, 0.979794204235, 0.766700208187]
        mean: [0.246298074722, 0.499881774187, 0.207772955298]
        min: [0.0107943220064, 0, 0]
        var: [0.0267219394445, 0.0515082888305, 0.0296804271638]

tonal:
    chords_changes_rate: 0.0688073411584
    chords_number_rate: 0.0366972461343
    chords_strength:
        dmean: 0.0107737220824
        dmean2: 0.00998282618821
        dvar: 7.27419828763e-05
        dvar2: 7.43875207263e-05
        max: 0.711449444294
        mean: 0.486667603254
        min: 0.289020687342
        var: 0.0115415714681
    key_strength: 0.670213162899
    tuning_diatonic_strength: 0.58610445261
    tuning_equal_tempered_deviation: 0.0743297114968
    tuning_frequency: 440.254241943
    tuning_nontempered_energy_ratio: 0.739924311638
    hpcp:
        dmean: [0.101839832962, 0.0975442007184, 0.152110353112, 0.16747918725, 0.161113113165, 0.162924811244, 0.148251280189, 0.13897138834, 0.164434090257, 0.203402906656, 0.179246917367, 0.159553050995, 0.150027245283, 0.127025872469, 0.0979789718986, 0.124614559114, 0.146591514349, 0.172882944345, 0.204316958785, 0.184460490942, 0.116383485496, 0.100629590452, 0.0931381732225, 0.1264038831, 0.147211894393, 0.127782315016, 0.120699517429, 0.160908102989, 0.115752995014, 0.132564023137, 0.178118467331, 0.184066787362, 0.178149551153, 0.181754082441, 0.172242462635, 0.130765318871]
        dmean2: [0.175594866276, 0.158368125558, 0.252854466438, 0.27503913641, 0.256665557623, 0.265731275082, 0.234531000257, 0.224135801196, 0.272693991661, 0.351165562868, 0.291597634554, 0.263509601355, 0.247861042619, 0.208628281951, 0.160316258669, 0.210479751229, 0.245889633894, 0.286803901196, 0.332802444696, 0.298456639051, 0.203110322356, 0.172186657786, 0.154893711209, 0.202718600631, 0.241893872619, 0.211392581463, 0.199440568686, 0.275534063578, 0.19509087503, 0.225926473737, 0.307078808546, 0.301862478256, 0.289508491755, 0.303606182337, 0.280354738235, 0.230276480317]
        dvar: [0.0159955099225, 0.00996688287705, 0.0232275109738, 0.0302624665201, 0.0225716400892, 0.0271523892879, 0.0344516076148, 0.0234772097319, 0.0279344338924, 0.0448241308331, 0.0328520387411, 0.0299885421991, 0.0331002175808, 0.0246764570475, 0.0141020212322, 0.0256645083427, 0.0346807166934, 0.0308949034661, 0.0395412743092, 0.027872024104, 0.0243589691818, 0.0196392759681, 0.0169231258333, 0.0152432760224, 0.0226206891239, 0.017480628565, 0.0139836827293, 0.0262670163065, 0.0194181408733, 0.0234708786011, 0.0374846495688, 0.0360290892422, 0.0332479998469, 0.0358457677066, 0.0297357439995, 0.0257398374379]
        dvar2: [0.0436292700469, 0.0252419598401, 0.0604439079762, 0.0753423199058, 0.0509620755911, 0.0596722587943, 0.0738518610597, 0.0565078556538, 0.075329259038, 0.118352897465, 0.0809200704098, 0.0777515769005, 0.078510992229, 0.0575365275145, 0.0349569693208, 0.0708346962929, 0.102068945765, 0.0836843922734, 0.0842464342713, 0.0691777542233, 0.0644937679172, 0.0483525842428, 0.0438799224794, 0.037851754576, 0.0490295030177, 0.0481360144913, 0.0321869067848, 0.060840703547, 0.0530594401062, 0.0626545622945, 0.0973021313548, 0.0992929562926, 0.0856477767229, 0.0804111510515, 0.0795220956206, 0.0741186141968]
        max: [0.953433692455, 0.92483818531, 1, 1, 1, 1, 1, 1, 1, 1, 1, 1, 1, 1, 1, 1, 1, 1, 1, 1, 1, 0.967397093773, 1, 1, 1, 1, 0.858654260635, 1, 1, 1, 1, 1, 1, 1, 1, 0.992756187916]
        mean: [0.184696733952, 0.182259395719, 0.302089035511, 0.43871113658, 0.415332347155, 0.315610975027, 0.242158591747, 0.214813530445, 0.33920443058, 0.506860613823, 0.387380629778, 0.228177681565, 0.237295985222, 0.198829814792, 0.159663841128, 0.189571544528, 0.204528406262, 0.291309148073, 0.422638952732, 0.318052947521, 0.153958573937, 0.130520552397, 0.129043519497, 0.225495100021, 0.313229948282, 0.22260543704, 0.207083523273, 0.268473088741, 0.190429612994, 0.182255834341, 0.291258454323, 0.293995976448, 0.31352776289, 0.385731399059, 0.32606574893, 0.226312667131]
        min: [0, 0, 0, 0, 0, 0, 0, 0, 0, 0, 0, 0, 0, 0, 0, 0, 0, 0, 0, 0, 0, 0, 0, 0, 0, 0, 0, 0, 0, 0, 0, 0, 0, 0, 0, 0]
        var: [0.0184001792222, 0.0168937984854, 0.0515364520252, 0.0869618058205, 0.0678178593516, 0.0516469441354, 0.0556579306722, 0.0344390198588, 0.0555386953056, 0.109497472644, 0.0702471584082, 0.0395929701626, 0.0666091218591, 0.0433189533651, 0.0183479636908, 0.0286345053464, 0.038706086576, 0.0521911866963, 0.0889576673508, 0.0550266653299, 0.0231721419841, 0.0246102586389, 0.0196414198726, 0.0367077589035, 0.0746347680688, 0.0356666445732, 0.0278879050165, 0.0603691861033, 0.0266089197248, 0.0290307849646, 0.0671040266752, 0.0588345825672, 0.0650305896997, 0.0896102041006, 0.0578241497278, 0.0301181171089]
    chords_histogram: [40.366973877, 10.0917434692, 5.04587173462, 0, 0, 0, 3.21100926399, 0, 0, 0, 0, 0, 0, 0, 0, 0, 0, 0, 0, 17.8899078369, 16.9724769592, 4.1284403801, 1.37614679337, 0.917431175709]
    thpcp: [1, 0.764274477959, 0.450178354979, 0.468168139458, 0.392277091742, 0.315005421638, 0.374011188745, 0.403520017862, 0.574732244015, 0.833836615086, 0.627495884895, 0.303749322891, 0.257507771254, 0.254593700171, 0.44488582015, 0.617980420589, 0.439184725285, 0.408561080694, 0.529678344727, 0.375704109669, 0.359577804804, 0.574632227421, 0.580033183098, 0.618568003178, 0.7610206604, 0.643304586411, 0.446498811245, 0.364393532276, 0.359584838152, 0.59600019455, 0.865545928478, 0.819421231747, 0.622678041458, 0.477761715651, 0.423811852932, 0.669226229191]
    chords_key: "G#"
    chords_scale: "major"
    key_key: "G#"
    key_scale: "major"
    chords_progression: ["D#m", "D#m", "D#m", "D#m", "D#m", "D#m", "D#m", "D#m", "D#m", "D#m", "D#m", "D#m", "D#m", "D#m", "D#m", "D#m", "D#m", "D#m", "D#m", "D#m", "D#m", "D#m", "D#m", "D#m", "D#m", "D#m", "D#m", "D#m", "D#m", "D#m", "D#m", "D#m", "A#m", "A#m", "A#m", "A#m", "F", "F", "F", "F", "F", "F", "F", "F#", "F#", "F#", "F#", "F#", "F#", "F#", "F#", "F#", "F#", "F#", "F#", "F#", "F#", "F#", "F#", "F#", "F#", "F#", "F#", "F#", "F#", "F#", "F#", "F#", "F#", "F#", "F#", "F#", "F#", "F#", "F#", "F#", "F#", "F#", "F#", "F#", "D#m", "D#m", "D#m", "D#m", "D#m", "D#m", "D#m", "A#m", "A#m", "A#m", "A#m", "A#m", "G#", "C#", "C#", "C#", "G#", "G#", "G#", "G#", "G#", "G#", "G#", "G#", "G#", "G#", "G#", "G#", "G#", "G#", "G#", "G#", "G#", "G#", "G#", "G#", "G#", "G#", "G#", "G#", "G#", "G#", "G#", "G#", "G#", "G#", "G#", "G#", "G#", "G#", "G#", "G#", "G#", "G#", "G#", "G#", "G#", "G#", "G#", "G#", "G#", "G#", "G#", "G#", "G#", "G#", "G#", "G#", "G#", "G#", "G#", "G#", "G#", "G#", "G#", "G#", "G#", "G#", "G#", "G#", "G#", "G#", "G#", "G#", "G#", "G#", "D#", "D#", "D#", "D#", "D#", "D#", "D#", "D#", "D#", "D#", "D#", "G#", "G#", "G#", "G#", "G#", "G#", "G#", "G#", "G#", "G#", "G#", "G#", "G#", "G#", "G#", "G#", "G#", "Cm", "Cm", "Cm", "Cm", "Cm", "Cm", "Cm", "Cm", "Cm", "Cm", "Cm", "Cm", "Cm", "Cm", "Cm", "Cm", "Cm", "Cm", "Cm", "Fm", "Cm", "Fm", "Cm", "Cm"]
