
metadata:
    version:
        essentia: "1.2.2"
    audio_properties:
        analysis_sample_rate: 44100
        bitrate: 128
        channels: 2
        equal_loudness: 1
        length: 10.0048980713
        replay_gain: -12.4861297607
        downmix: "mix"
    tags:
        track: 13
        year: 0
        album: "Splitted by Mp3Splt v. 2.1"
        artist: "From 002.00 To 002.10"
        comment: "http://mp3splt.sf.net"
        genre: ""
        title: "10 Queen of Hollywood.mp3"

highlevel:
    ballroom:
        all:
            ChaChaCha: 0.0265388917178
            Jive: 0.470427364111
            Quickstep: 0.119824998081
            Rumba-American: 0.0178726296872
            Rumba-International: 0.038215752691
            Rumba-Misc: 0.03045909293
            Samba: 0.115702919662
            Tango: 0.0220227278769
            VienneseWaltz: 0.136532351375
            Waltz: 0.0224032755941
        probability: 0.470427364111
        value: "Jive"
    culture:
        all:
            non_western: 0.00252235471271
            western: 0.997477650642
        probability: 0.997477650642
        value: "western"
    gender:
        all:
            female: 0.711789608002
            male: 0.288210391998
        probability: 0.711789608002
        value: "female"
    genre_dortmund:
        all:
            alternative: 0.138378098607
            blues: 0.00698861479759
            electronic: 0.0116440104321
            folkcountry: 0.347482055426
            funksoulrnb: 0.00850642379373
            jazz: 0.0224405266345
            pop: 0.152916520834
            raphiphop: 0.00302031240426
            rock: 0.308623433113
        probability: 0.347482055426
        value: "folkcountry"
    genre_electronica:
        all:
            ambient: 0.347032815218
            dnb: 0.163770183921
            house: 0.0281119998544
            techno: 0.0059108552523
            trance: 0.455174148083
        probability: 0.455174148083
        value: "trance"
    genre_rosamerica:
        all:
            cla: 0.0100594991818
            dan: 0.010574487038
            hip: 0.000967433850747
            jaz: 0.0125053813681
            pop: 0.854375779629
            rhy: 0.00791062600911
            roc: 0.10300347209
            spe: 0.000603309250437
        probability: 0.854375779629
        value: "pop"
    genre_tzanetakis:
        all:
            blu: 0.00713619124144
            cla: 0.0173947345465
            cou: 0.19442717731
            dis: 0.0311653614044
            hip: 0.00102135213092
            jaz: 0.0269101094455
            met: 0.00356595730409
            pop: 0.443052321672
            reg: 0.00611722841859
            roc: 0.269209563732
        probability: 0.443052321672
        value: "pop"
    live_studio:
        all:
            live: 0.159119829535
            studio: 0.840880155563
        probability: 0.840880155563
        value: "studio"
    mood:
        all:
            Cluster1: 0.3044731915
            Cluster2: 0.329442322254
            Cluster3: 0.136163860559
            Cluster4: 0.182238310575
            Cluster5: 0.0476823225617
        probability: 0.329442322254
        value: "Cluster2"
    mood_acoustic:
        all:
            acoustic: 0.124060876667
            not_acoustic: 0.875939130783
        probability: 0.875939130783
        value: "not_acoustic"
    mood_aggressive:
        all:
            aggressive: 0.0290506966412
            not_aggressive: 0.970949292183
        probability: 0.970949292183
        value: "not_aggressive"
    mood_electronic:
        all:
            electronic: 0.104442343116
            not_electronic: 0.895557641983
        probability: 0.895557641983
        value: "not_electronic"
    mood_happy:
        all:
            happy: 0.943189382553
            not_happy: 0.0568106360734
        probability: 0.943189382553
        value: "happy"
    mood_party:
        all:
            not_party: 0.759261786938
            party: 0.24073818326
        probability: 0.759261786938
        value: "not_party"
    mood_relaxed:
        all:
            not_relaxed: 0.571329772472
            relaxed: 0.428670227528
        probability: 0.571329772472
        value: "not_relaxed"
    mood_sad:
        all:
            not_sad: 0.512471139431
            sad: 0.487528860569
        probability: 0.512471139431
        value: "not_sad"
    rhythm:
        all:
            fast: 0.88715493679
            medium: 0.0841486304998
            slow: 0.0286964289844
        probability: 0.88715493679
        value: "fast"
    speech_music:
        all:
            music: 0.99989002943
            speech: 0.000109981978312
        probability: 0.99989002943
        value: "music"
    timbre:
        all:
            bright: 0.999999344349
            dark: 6.40341056624e-07
        probability: 0.999999344349
        value: "bright"
    voice_instrumental:
        all:
            instrumental: 0.0506082214415
            voice: 0.949391782284
        probability: 0.949391782284
        value: "voice"

lowlevel:
    average_loudness: 0.975978255272
    barkbands_kurtosis:
        dmean: 0.505111515522
        dmean2: 0.788464665413
        dvar: 0.279575973749
        dvar2: 0.692996501923
        max: 4.34044885635
        mean: -0.431098997593
        min: -1.87526285648
        var: 0.8152526021
    barkbands_skewness:
        dmean: 0.287803441286
        dmean2: 0.433390408754
        dvar: 0.0640771389008
        dvar2: 0.146803453565
        max: 1.90343534946
        mean: 0.396550685167
        min: -0.962502062321
        var: 0.342643767595
    barkbands_spread:
        dmean: 4.12480449677
        dmean2: 6.29440593719
        dvar: 20.9823932648
        dvar2: 44.2636260986
        max: 55.2086181641
        mean: 25.7554740906
        min: 7.65063524246
        var: 95.5035247803
    dissonance:
        dmean: 0.0284339673817
        dmean2: 0.0466108284891
        dvar: 0.000538147229236
        dvar2: 0.00150071061216
        max: 0.498070150614
        mean: 0.439430683851
        min: 0.265841007233
        var: 0.00111189123709
    hfc:
        dmean: 1.4339697361
        dmean2: 2.08790063858
        dvar: 3.29826259613
        dvar2: 6.2110786438
        max: 22.3132476807
        mean: 6.94152116776
        min: 0.0562906339765
        var: 16.9033527374
    pitch:
        dmean: 183.708770752
        dmean2: 360.348236084
        dvar: 452934.1875
        dvar2: 1032526.1875
        max: 4900
        mean: 488.738616943
        min: 93.4322052002
        var: 849740.625
    pitch_instantaneous_confidence:
        dmean: 0.0783443823457
        dmean2: 0.125753775239
        dvar: 0.00630549620837
        dvar2: 0.0137920193374
        max: 0.902944087982
        mean: 0.535319626331
        min: 0.190681695938
        var: 0.0364655815065
    pitch_salience:
        dmean: 0.0501996017992
        dmean2: 0.07920884341
        dvar: 0.00183876638766
        dvar2: 0.00457262247801
        max: 0.760890960693
        mean: 0.607119739056
        min: 0.355036526918
        var: 0.004449413158
    silence_rate_20dB:
        dmean: 0
        dmean2: 0
        dvar: 0
        dvar2: 0
        max: 1
        mean: 1
        min: 1
        var: 0
    silence_rate_30dB:
        dmean: 0
        dmean2: 0
        dvar: 0
        dvar2: 0
        max: 1
        mean: 1
        min: 1
        var: 0
    silence_rate_60dB:
        dmean: 0.0881670564413
        dmean2: 0.174418598413
        dvar: 0.0803942382336
        dvar2: 0.181205481291
        max: 1
        mean: 0.206018522382
        min: 0
        var: 0.163574501872
    spectral_centroid:
        dmean: 174.891845703
        dmean2: 274.840423584
        dvar: 45547.7734375
        dvar2: 94508.6796875
        max: 3223.89575195
        mean: 1321.46789551
        min: 669.9921875
        var: 152406.390625
    spectral_complexity:
        dmean: 2.24186038971
        dmean2: 3.47552442551
        dvar: 5.86243486404
        dvar2: 12.3939313889
        max: 28
        mean: 13.3805103302
        min: 0
        var: 17.4886283875
    spectral_crest:
        dmean: 1.72239148617
        dmean2: 2.80637788773
        dvar: 2.66530299187
        dvar2: 6.79516077042
        max: 19.0397758484
        mean: 7.1402130127
        min: 2.55629563332
        var: 6.80735492706
    spectral_decrease:
        dmean: 2.42213554769e-10
        dmean2: 3.78848535876e-10
        dvar: 1.02350727805e-19
        dvar2: 2.05270452474e-19
        max: -1.37153977411e-11
        mean: -1.17257226151e-09
        min: -3.61373264646e-09
        var: 2.99034476834e-19
    spectral_energy:
        dmean: 0.00101314019412
        dmean2: 0.00156973430421
        dvar: 1.76939624907e-06
        dvar2: 3.50058508047e-06
        max: 0.0153668597341
        mean: 0.00505517423153
        min: 5.68708419451e-05
        var: 5.66690187043e-06
    spectral_energyband_high:
        dmean: 0.000132187575218
        dmean2: 0.00019303537556
        dvar: 5.99330078899e-08
        dvar2: 1.0969821318e-07
        max: 0.00330967782065
        mean: 0.00031424764893
        min: 1.21492189464e-06
        var: 2.14049862279e-07
    spectral_energyband_low:
        dmean: 0.000116156566946
        dmean2: 0.000203991585295
        dvar: 6.77379290437e-08
        dvar2: 1.9759453096e-07
        max: 0.00212711817585
        mean: 0.000209853911656
        min: 4.18266097313e-07
        var: 5.2046143395e-08
    spectral_energyband_middle_high:
        dmean: 0.000485342752654
        dmean2: 0.00073690561112
        dvar: 3.10591133257e-07
        dvar2: 6.06722608154e-07
        max: 0.00728360004723
        mean: 0.00224882760085
        min: 4.32413471572e-05
        var: 2.18344234781e-06
    spectral_energyband_middle_low:
        dmean: 0.000722680415493
        dmean2: 0.00114203477278
        dvar: 1.10823793875e-06
        dvar2: 2.33962691709e-06
        max: 0.0116414446384
        mean: 0.00228224508464
        min: 1.19963351608e-05
        var: 2.51670076068e-06
    spectral_flatness_db:
        dmean: 0.0123312706128
        dmean2: 0.0188735444099
        dvar: 0.000146656049765
        dvar2: 0.000284351292066
        max: 0.197340339422
        mean: 0.141431927681
        min: 0.08102940768
        var: 0.000485774246044
    spectral_flux:
        dmean: 0.00861996505409
        dmean2: 0.0136094549671
        dvar: 9.47725930018e-05
        dvar2: 0.000205458840355
        max: 0.0973110646009
        mean: 0.0372339934111
        min: 0.00754127604887
        var: 0.00024988950463
    spectral_kurtosis:
        dmean: 0.88900744915
        dmean2: 1.36465668678
        dvar: 1.0043888092
        dvar2: 2.11441779137
        max: 12.286072731
        mean: 3.91753149033
        min: -0.166567564011
        var: 4.79082584381
    spectral_rms:
        dmean: 0.000218027998926
        dmean2: 0.000333528587362
        dvar: 7.07770624331e-08
        dvar2: 1.24416274616e-07
        max: 0.00387195800431
        mean: 0.00215932144783
        min: 0.000235549887293
        var: 2.69208044301e-07
    spectral_rolloff:
        dmean: 372.223815918
        dmean2: 608.751525879
        dvar: 248641.84375
        dvar2: 537299.8125
        max: 5598.6328125
        mean: 2485.51123047
        min: 818.26171875
        var: 862907.625
    spectral_skewness:
        dmean: 0.168797641993
        dmean2: 0.244450747967
        dvar: 0.034566078335
        dvar2: 0.0611873678863
        max: 2.65810728073
        mean: 1.65240550041
        min: 0.219276353717
        var: 0.206784278154
    spectral_spread:
        dmean: 393713.375
        dmean2: 520505.78125
        dvar: 220829761536
        dvar2: 291210887168
        max: 12089621
        mean: 5447694.5
        min: 3482998.5
        var: 1.13709809664e+12
    spectral_strongpeak:
        dmean: 0.444959312677
        dmean2: 0.729790389538
        dvar: 0.351190268993
        dvar2: 0.783616840839
        max: 5.00073766708
        mean: 1.01000213623
        min: 0.0233637429774
        var: 1.0734333992
    zerocrossingrate:
        dmean: 0.00713458377868
        dmean2: 0.00841915234923
        dvar: 4.87384058943e-05
        dvar2: 5.18500673934e-05
        max: 0.171875
        mean: 0.078280210495
        min: 0.025390625
        var: 0.000425036676461
    barkbands:
        dmean: [1.72680302057e-07, 4.04352613259e-05, 8.41618311824e-05, 0.000123119927594, 0.000265504291747, 0.000241035260842, 0.000111072229629, 0.000165228673723, 0.000254855141975, 0.000156958296429, 0.00016209212481, 0.000129076870508, 4.49417202617e-05, 6.75209521432e-05, 0.000104155151348, 0.000170523650013, 0.0001042313379, 5.52277306269e-05, 7.02223769622e-05, 0.000100170676888, 5.65125337744e-05, 3.45263142663e-05, 8.59815827425e-06, 2.23471761274e-06, 9.07972207642e-07, 3.82687161959e-08, 8.13378475684e-10]
        dmean2: [2.87135833332e-07, 7.17079965398e-05, 0.000148818362504, 0.000209047138924, 0.000423316640081, 0.00038441750803, 0.000176803645445, 0.000238679320319, 0.000404447491746, 0.000254424579907, 0.000250110140769, 0.00019668895402, 7.62999479775e-05, 0.000105652266939, 0.000158244962222, 0.000265115086222, 0.000165374818607, 9.09696464078e-05, 0.000114263035357, 0.000154763212777, 8.94139157026e-05, 5.44440772501e-05, 1.28504580061e-05, 3.2309535527e-06, 1.31751437493e-06, 5.44610756492e-08, 1.09482489741e-09]
        dvar: [3.49730471362e-13, 1.65299844923e-08, 2.29949410624e-08, 4.62120013367e-08, 2.45743450478e-07, 9.91765958247e-08, 4.56349837918e-08, 6.21259061973e-08, 4.78028482576e-07, 7.27239637399e-08, 1.29217085032e-07, 6.03922245546e-08, 7.70899166724e-09, 5.92445115188e-09, 1.40939606652e-08, 1.27337614231e-07, 3.81699685192e-08, 4.83478768132e-09, 7.59459961586e-09, 2.99919875602e-08, 1.4744991006e-08, 5.38563860175e-09, 3.37236460979e-10, 1.58338793466e-11, 2.56083544127e-12, 3.99618751921e-15, 6.75003004122e-17]
        dvar2: [8.48652203199e-13, 4.63394158601e-08, 6.85790411126e-08, 1.18212170719e-07, 4.63066669454e-07, 2.29111932981e-07, 1.25262502593e-07, 1.26357178942e-07, 1.16783382964e-06, 1.51129881942e-07, 3.04168906951e-07, 1.3890625894e-07, 2.07094643656e-08, 1.4012937477e-08, 2.89276727017e-08, 2.85252752974e-07, 7.54042730478e-08, 1.20895053968e-08, 1.83214829974e-08, 7.00780518059e-08, 3.03911562582e-08, 1.19683765121e-08, 6.78069600468e-10, 3.04672641283e-11, 5.42776717669e-12, 6.77233503923e-15, 6.83889438529e-17]
        max: [3.85852763429e-06, 0.0010443571955, 0.00118968356401, 0.00157871562988, 0.00491101946682, 0.00326825981028, 0.00320023437962, 0.0035781650804, 0.00843464117497, 0.00319203571416, 0.00526302773505, 0.00281047774479, 0.00122924637981, 0.000789242156316, 0.00160172011238, 0.00415406329557, 0.00252895872109, 0.000833427184261, 0.000830261851661, 0.00205959146842, 0.00138478970621, 0.000928859459236, 0.000264118891209, 5.30154575245e-05, 2.50697194133e-05, 5.95993697061e-07, 1.70899951968e-07]
        mean: [1.39455480053e-07, 5.24690876773e-05, 0.000157248301548, 0.000184690768947, 0.000458126451122, 0.000525880255736, 0.000236483116169, 0.000338698271662, 0.000408594874898, 0.000310006405925, 0.000305738125462, 0.000271475466434, 7.85102674854e-05, 0.000117179195513, 0.00022611177701, 0.000415026966948, 0.00024626852246, 0.000135448528454, 0.000168806072907, 0.000202280600206, 0.000124359241454, 6.49213397992e-05, 1.76169978658e-05, 6.50018819215e-06, 2.50073435382e-06, 9.64206492426e-08, 9.27217080893e-10]
        min: [2.95003299566e-10, 1.53618003651e-07, 2.63548685098e-07, 1.80826944529e-07, 1.63596541825e-06, 3.71073656424e-06, 2.69265433417e-06, 2.53943517237e-06, 7.0861722179e-07, 2.02037949748e-06, 3.02194598589e-06, 1.08009260202e-06, 1.29848956476e-07, 2.99169840901e-07, 4.69388623969e-07, 4.96839845709e-07, 2.48581159212e-07, 3.35288319775e-07, 5.04876595642e-07, 9.28571751047e-07, 2.91131925678e-07, 1.03039560884e-07, 1.04387225974e-07, 2.30615313512e-08, 1.04742285956e-08, 9.30901966623e-10, 5.78947426024e-13]
        var: [2.85085214984e-13, 1.1477672146e-08, 2.26505054712e-08, 6.91605208658e-08, 4.53654649846e-07, 2.32907197528e-07, 1.40589008879e-07, 1.78950216423e-07, 5.51346658995e-07, 1.52388381025e-07, 3.01961932792e-07, 1.84140006354e-07, 1.25236763182e-08, 1.24956383019e-08, 5.52155121625e-08, 5.8968811345e-07, 1.48020490087e-07, 2.05611048187e-08, 2.10766781805e-08, 8.07051634411e-08, 3.40082451089e-08, 1.70412608469e-08, 9.07301012099e-10, 6.08669226132e-11, 8.25177686598e-12, 1.04012901536e-14, 6.77549793966e-17]
    mfcc:
        mean: [-691.73046875, 112.630783081, -36.7624282837, 28.2497673035, -15.8117265701, -6.35805559158, -6.69433116913, -7.55321407318, -1.61877667904, -2.17201375961, -11.0106878281, -7.1022233963, -2.89167046547]
        cov: [[1042.66784668, -422.330932617, 90.9258270264, 138.013565063, -137.318527222, -6.28514432907, -100.542434692, -0.403688818216, 24.9664115906, -39.3621940613, 15.6060714722, -16.663974762, -33.5457000732], [-422.330932617, 472.002288818, -209.353790283, -171.128585815, 142.513778687, -14.76101017, 93.7849731445, 15.675661087, 6.73258209229, 46.0285301208, -29.5015029907, -6.02551221848, 34.1953163147], [90.9258270264, -209.353790283, 346.074707031, 146.486968994, -137.692108154, 4.04828119278, -54.6945648193, -41.9394073486, -84.3181304932, -31.3430519104, 91.0532073975, 8.40547370911, -81.0008621216], [138.013565063, -171.128585815, 146.486968994, 229.033538818, -17.7334136963, -9.54146671295, -28.7267417908, -0.831479072571, 1.32099437714, -23.3194446564, 1.28312206268, 31.6007061005, -30.6915397644], [-137.318527222, 142.513778687, -137.692108154, -17.7334136963, 184.654251099, -5.60100030899, 30.7304210663, 40.3013267517, 38.8901977539, 12.0838298798, -57.6665916443, 33.4640655518, 42.1694831848], [-6.28514432907, -14.76101017, 4.04828119278, -9.54146671295, -5.60100030899, 160.394760132, 22.2759170532, -4.29496097565, 30.6951980591, 11.4189014435, 14.157500267, -43.9497680664, 21.9441318512], [-100.542434692, 93.7849731445, -54.6945648193, -28.7267417908, 30.7304210663, 22.2759170532, 76.5100860596, 21.2561702728, 12.9341278076, 11.1643409729, -19.9699687958, -4.29272413254, 8.12285137177], [-0.403688818216, 15.675661087, -41.9394073486, -0.831479072571, 40.3013267517, -4.29496097565, 21.2561702728, 84.2151947021, 46.3452110291, -11.2310152054, -30.4259357452, 14.3446140289, 21.1845149994], [24.9664115906, 6.73258209229, -84.3181304932, 1.32099437714, 38.8901977539, 30.6951980591, 12.9341278076, 46.3452110291, 102.263145447, 15.4938850403, -36.9327659607, -2.56694865227, 34.8761405945], [-39.3621940613, 46.0285301208, -31.3430519104, -23.3194446564, 12.0838298798, 11.4189014435, 11.1643409729, -11.2310152054, 15.4938850403, 66.5762863159, 1.41365683079, -2.54619622231, 3.64205288887], [15.6060714722, -29.5015029907, 91.0532073975, 1.28312206268, -57.6665916443, 14.157500267, -19.9699687958, -30.4259357452, -36.9327659607, 1.41365683079, 115.396522522, -2.25312280655, -20.3271484375], [-16.663974762, -6.02551221848, 8.40547370911, 31.6007061005, 33.4640655518, -43.9497680664, -4.29272413254, 14.3446140289, -2.56694865227, -2.54619622231, -2.25312280655, 88.7300491333, 6.7933011055], [-33.5457000732, 34.1953163147, -81.0008621216, -30.6915397644, 42.1694831848, 21.9441318512, 8.12285137177, 21.1845149994, 34.8761405945, 3.64205288887, -20.3271484375, 6.7933011055, 78.358795166]]
        icov: [[0.00172939000186, 0.00150179991033, 0.00128672213759, -0.000525211333297, 0.000653989613056, 4.06790240959e-05, 0.000869501032867, -0.000578555162065, 4.68088874186e-05, 5.22470827491e-06, -0.000383840408176, 0.000334397278493, 0.000762671988923], [0.00150179991033, 0.0066938768141, 0.00156219885685, 0.00222807633691, -0.00308820977807, 0.00155303976499, -0.0040016178973, 0.000482003990328, 0.000801906804554, -0.00132853258401, -0.00159140431788, 0.00133351457771, 0.000897249206901], [0.00128672213759, 0.00156219885685, 0.0113792140037, -0.00544310221449, 0.00457949610427, -0.00274632195942, 0.00324120488949, -0.00362107530236, 0.00639718212187, -0.000112043599074, -0.00359533517621, -0.00141350948252, 0.00479544326663], [-0.000525211333297, 0.00222807633691, -0.00544310221449, 0.00971709750593, -0.00393207557499, 0.0012573733693, -0.00236322591081, 0.00272327661514, -0.00427566468716, 0.00121041061357, 0.00172463746276, -0.00143796764314, 0.000673703558277], [0.000653989613056, -0.00308820977807, 0.00457949610427, -0.00393207557499, 0.0127318929881, -0.00228910706937, 0.00314247608185, -0.00362595287152, 0.00193163356744, -0.000377255375497, 0.00221181684174, -0.00416734209284, -0.000641895458102], [4.06790240959e-05, 0.00155303976499, -0.00274632195942, 0.0012573733693, -0.00228910706937, 0.0103056011721, -0.00529602123424, 0.0031698490493, -0.00460301758721, -0.000305793160805, -0.00199471530505, 0.00522889383137, -0.00387671682984], [0.000869501032867, -0.0040016178973, 0.00324120488949, -0.00236322591081, 0.00314247608185, -0.00529602123424, 0.022637212649, -0.0070307017304, 0.00345269986428, -0.0017373689916, 0.00226510176435, -0.00128269544803, 0.00313231954351], [-0.000578555162065, 0.000482003990328, -0.00362107530236, 0.00272327661514, -0.00362595287152, 0.0031698490493, -0.0070307017304, 0.0220561269671, -0.0114149181172, 0.00626571150497, 0.00130569154862, -0.00163248146418, -0.00203543063253], [4.68088874186e-05, 0.000801906804554, 0.00639718212187, -0.00427566468716, 0.00193163356744, -0.00460301758721, 0.00345269986428, -0.0114149181172, 0.0224761851132, -0.00621061958373, 0.001271711546, 0.000630201888271, -0.00185387954116], [5.22470827491e-06, -0.00132853258401, -0.000112043599074, 0.00121041061357, -0.000377255375497, -0.000305793160805, -0.0017373689916, 0.00626571150497, -0.00621061958373, 0.0191188696772, -0.00106112938374, -0.00138377235271, 0.00143538590055], [-0.000383840408176, -0.00159140431788, -0.00359533517621, 0.00172463746276, 0.00221181684174, -0.00199471530505, 0.00226510176435, 0.00130569154862, 0.001271711546, -0.00106112938374, 0.0134949190542, -0.00198449846357, -0.000574315781705], [0.000334397278493, 0.00133351457771, -0.00141350948252, -0.00143796764314, -0.00416734209284, 0.00522889383137, -0.00128269544803, -0.00163248146418, 0.000630201888271, -0.00138377235271, -0.00198449846357, 0.0166124328971, -0.00328169134445], [0.000762671988923, 0.000897249206901, 0.00479544326663, 0.000673703558277, -0.000641895458102, -0.00387671682984, 0.00313231954351, -0.00203543063253, -0.00185387954116, 0.00143538590055, -0.000574315781705, -0.00328169134445, 0.0204683877528]]
    spectral_contrast:
        mean: [3.38517374132e-08, 2.97556482565e-07, -4.84676689894e-08, 4.564906817e-07, -4.3832233132e-07, -7.30882945277e-08, 6.08855941664e-07, -5.07676702455e-07, 5.3002495406e-06, -3.15309961252e-07, 2.1596310944e-06, 1.88985450222e-06]
        var: [0.000582974520512, 0.00123626086861, 0.00156313669868, 0.00264503038488, 0.00301785115153, 0.0065397345461, 0.0445404350758, 0.0516259521246, 0.127422645688, 0.177158862352, 0.20912013948, 0.700060784817]

rhythm:
    beats_loudness:
        dmean: 0.00690409215167
        dmean2: 0.0140780061483
        dvar: 6.63210676066e-06
        dvar2: 2.1076955818e-05
        max: 0.0132812019438
        mean: 0.00862897373736
        min: 0.00175734260119
        var: 1.35067430165e-05
    beats_loudness_bass:
        dmean: 0.0865409001708
        dmean2: 0.164836272597
        dvar: 0.00324500282295
        dvar2: 0.00901864096522
        max: 0.196043506265
        mean: 0.0586619712412
        min: 0.00937975477427
        var: 0.00355088128708
    bpm: 91.2214660645
    bpm_confidence: 0
    first_peak_bpm: 91
    first_peak_spread: 0
    first_peak_weight: 0.928571462631
    onset_rate: 2.99853157997
    second_peak_bpm: 85
    second_peak_spread: 0
    second_peak_weight: 0.0714285746217
    beats_position: [0.611184060574, 1.27093672752, 1.93068921566, 2.5904417038, 3.25019454956, 3.90994715691, 4.56969976425, 5.22945261002, 5.88920497894, 6.59320068359, 7.24866390228, 7.90412759781, 8.55959033966, 9.21505355835, 9.87051677704]
    bpm_estimates: [91.5593490601, 90.7376403809, 91.0852737427, 90.7026672363, 90.7041931152, 90.9797058105, 90.9667053223, 90.8161773682, 91.3760070801, 91.8865661621, 91.6879043579, 91.3851242065, 91.4424591064, 91.5168991089, 91.4755172729]
    bpm_intervals: [0.65975266695, 0.659752488136, 0.659752488136, 0.659752845764, 0.659752607346, 0.659752607346, 0.659752845764, 0.659752368927, 0.703995704651, 0.655463218689, 0.655463695526, 0.655462741852, 0.655463218689, 0.655463218689]
    onset_times: [0.0464399084449, 0.290249437094, 0.615328788757, 0.847528338432, 1.27709746361, 1.93886625767, 2.5890250206, 2.94893431664, 3.26240372658, 3.61070299149, 3.94739222527, 4.56272125244, 4.93424034119, 5.28253984451, 5.58439922333, 5.85142850876, 6.59446716309, 6.93115663528, 7.0356464386, 7.24462604523, 7.50004529953, 7.7670750618, 7.91800451279, 7.95283460617, 8.17342376709, 8.55655288696, 9.43891143799, 9.5666217804, 9.75238132477, 9.89170074463]
    rubato_start: []
    rubato_stop: []
    perceptual_tempo: "unknown"

sfx:
    inharmonicity:
        dmean: 0.0469746775925
        dmean2: 0.0824249982834
        dvar: 0.00245726527646
        dvar2: 0.00677245808765
        max: 0.285780161619
        mean: 0.048220243305
        min: 0
        var: 0.00280900206417
    oddtoevenharmonicenergyratio:
        dmean: 2.12354469299
        dmean2: 3.81987404823
        dvar: 14.6530637741
        dvar2: 41.5308570862
        max: 39.765083313
        mean: 1.73857045174
        min: 0
        var: 11.0431613922
    pitch_after_max_to_before_max_energy_ratio: 0.59762018919
    pitch_centroid: 243.012466431
    pitch_max_to_total: 0.974477946758
    pitch_min_to_total: 0.220417633653
    tristimulus:
        dmean: [0.19524051249, 0.199268400669, 0.10158072412]
        dmean2: [0.340595543385, 0.341287136078, 0.177343651652]
        dvar: [0.030873650685, 0.0361150912941, 0.00889665912837]
        dvar2: [0.0841802284122, 0.0888231024146, 0.0241028741002]
        max: [1, 0.948655605316, 0.520098745823]
        mean: [0.345237761736, 0.523483157158, 0.105113036931]
        min: [0.00232205260545, 0, 0]
        var: [0.0433582700789, 0.0519917756319, 0.0114110084251]

tonal:
    chords_changes_rate: 0.0322580635548
    chords_number_rate: 0.0322580635548
    chords_strength:
        dmean: 0.00843737088144
        dmean2: 0.007349409163
        dvar: 4.85372474941e-05
        dvar2: 4.96897082485e-05
        max: 0.734195530415
        mean: 0.590878129005
        min: 0.442208886147
        var: 0.00468257535249
    key_strength: 0.860928118229
    tuning_diatonic_strength: 0.687981784344
    tuning_equal_tempered_deviation: 0.0792690441012
    tuning_frequency: 441.782684326
    tuning_nontempered_energy_ratio: 0.7145216465
    hpcp:
        dmean: [0.124803960323, 0.100096322596, 0.0743758529425, 0.0544765256345, 0.0623562522233, 0.103256367147, 0.119404397905, 0.129392802715, 0.147173076868, 0.129236713052, 0.135522469878, 0.107391923666, 0.106439687312, 0.112694695592, 0.17260324955, 0.173110216856, 0.145799055696, 0.0583958216012, 0.0429704636335, 0.0344761908054, 0.0744800046086, 0.10154876858, 0.090714469552, 0.0807723104954, 0.0823363438249, 0.0856263041496, 0.103582493961, 0.159998863935, 0.192377284169, 0.231710121036, 0.22247390449, 0.133298277855, 0.0376131460071, 0.0467006005347, 0.0561384260654, 0.0879710242152]
        dmean2: [0.207547366619, 0.170053288341, 0.131965488195, 0.0922511518002, 0.0986991450191, 0.165473252535, 0.187516316772, 0.217811614275, 0.257498919964, 0.205843940377, 0.215148404241, 0.185736760497, 0.179489821196, 0.177453637123, 0.282898157835, 0.29360806942, 0.245135575533, 0.101994857192, 0.0746159031987, 0.0607846900821, 0.120205357671, 0.158767983317, 0.149159878492, 0.138010263443, 0.145767807961, 0.135486349463, 0.178703248501, 0.279667705297, 0.331612050533, 0.399038136005, 0.371775567532, 0.213184475899, 0.0651316344738, 0.0825446546078, 0.100862301886, 0.149570956826]
        dvar: [0.0283434279263, 0.018365399912, 0.0181268528104, 0.0091351699084, 0.0154615323991, 0.0204058680683, 0.0253218505532, 0.0225441027433, 0.0455893017352, 0.0330229923129, 0.0343538038433, 0.0343833565712, 0.0387396141887, 0.0248433630913, 0.032652772963, 0.0408182144165, 0.0274410359561, 0.0108325816691, 0.0101529788226, 0.00499565713108, 0.0124591430649, 0.0212903879583, 0.014978707768, 0.0174468439072, 0.0296314693987, 0.0226691160351, 0.0274790562689, 0.0491682514548, 0.0546809919178, 0.0505786389112, 0.0467532426119, 0.0270964261144, 0.00639211433008, 0.0152607327327, 0.0164716113359, 0.0137097993866]
        dvar2: [0.0679472312331, 0.0474829338491, 0.0484862402081, 0.0217973403633, 0.0348582752049, 0.0482479445636, 0.0464855954051, 0.0547940097749, 0.0984223484993, 0.0816739723086, 0.0743310675025, 0.0832373648882, 0.0900925546885, 0.051052518189, 0.0789327546954, 0.0975548923016, 0.0687843561172, 0.0304622575641, 0.0298035349697, 0.0137382289395, 0.0295544937253, 0.04485302791, 0.0416852943599, 0.0467405542731, 0.0781835392118, 0.0579332262278, 0.0615266785026, 0.132720053196, 0.126855880022, 0.133405134082, 0.11174736172, 0.0640040338039, 0.0168061889708, 0.0417005233467, 0.0424667820334, 0.0341588407755]
        max: [1, 1, 0.813038349152, 0.679358899593, 1, 1, 1, 0.923521399498, 1, 1, 1, 1, 1, 1, 1, 1, 1, 0.725627541542, 1, 0.643793284893, 0.827092766762, 1, 0.821196913719, 0.929530858994, 1, 1, 1, 1, 1, 1, 1, 0.924380242825, 0.643985629082, 0.788925290108, 1, 0.94624131918]
        mean: [0.224668368697, 0.145680263638, 0.0771361589432, 0.0651397407055, 0.0782309174538, 0.205099508166, 0.267831742764, 0.186207532883, 0.260265976191, 0.332502394915, 0.193845495582, 0.101756237447, 0.109687648714, 0.154153883457, 0.356531649828, 0.435629934072, 0.210984170437, 0.0616359747946, 0.0432851985097, 0.0337688438594, 0.128828465939, 0.207378983498, 0.142288565636, 0.114056907594, 0.128418922424, 0.101755291224, 0.122981205583, 0.184178367257, 0.233806580305, 0.393166035414, 0.426629215479, 0.188943833113, 0.0464078374207, 0.0473114363849, 0.0604068115354, 0.153870120645]
        min: [0.00391828129068, 0.00430447934195, 0.00113433750812, 0.00114912865683, 0.00615364452824, 0.00596100511029, 0.00126932968851, 0.00331953749992, 0.0025779500138, 0.00431749364361, 0.00481581129134, 0.0015420827549, 0.00091915181838, 0.0016626927536, 0.00238669780083, 0.00233250041492, 0.00420758733526, 0.00181012228131, 0.000936400261708, 0.000292235723464, 0.000444019271526, 0.000988290179521, 0.00296312081628, 0.00276644504629, 0.000819536333438, 0.000856230268255, 0.000414880021708, 0.000195643267944, 0.0006743898266, 0.00488088885322, 0.00253229564987, 0.0107201542705, 0.000436431379057, 0.000362713559298, 0.000749381550122, 0.00266688806005]
        var: [0.0638336911798, 0.0272050853819, 0.0155220637098, 0.0113990195096, 0.0165417715907, 0.0524751953781, 0.0956042334437, 0.0340434908867, 0.0838616713881, 0.114611275494, 0.0519413165748, 0.0310221072286, 0.0415716804564, 0.0407794341445, 0.0881241559982, 0.131884381175, 0.0448451563716, 0.00909549091011, 0.00780915562063, 0.00378741556779, 0.0331810414791, 0.0795417651534, 0.0269101988524, 0.0259772241116, 0.0529496818781, 0.0361765883863, 0.0363472662866, 0.0663082152605, 0.0784339904785, 0.0983328893781, 0.100738324225, 0.0382963120937, 0.00504881702363, 0.011094417423, 0.0142533956096, 0.0293971411884]
    chords_histogram: [50.6912460327, 3.68663597107, 0, 0, 0, 0, 0, 0, 1.84331798553, 0, 0, 0, 0, 0, 0, 0, 0, 0, 0, 3.22580647469, 14.2857141495, 0, 18.4331798553, 7.8341012001]
    thpcp: [1, 0.484319716692, 0.141487002373, 0.0993623137474, 0.0775172710419, 0.295729130507, 0.476043909788, 0.326627165079, 0.26182064414, 0.294789016247, 0.233581960201, 0.282306611538, 0.422786295414, 0.536709189415, 0.902522981167, 0.97933858633, 0.433725565672, 0.106530413032, 0.108604647219, 0.138665422797, 0.353212922812, 0.515732169151, 0.334412872791, 0.177068084478, 0.149529993534, 0.179581135511, 0.470811337233, 0.614814817905, 0.427444308996, 0.597447395325, 0.763267993927, 0.444977432489, 0.23358412087, 0.251790881157, 0.353864312172, 0.818427801132]
    chords_key: "G"
    chords_scale: "major"
    key_key: "G"
    key_scale: "major"
    chords_progression: ["B", "B", "B", "B", "Em", "Em", "Em", "Em", "Em", "Em", "Em", "Em", "Em", "Em", "Em", "Em", "Em", "Em", "Em", "Em", "Em", "G", "G", "G", "G", "G", "G", "G", "G", "G", "G", "G", "G", "G", "Bm", "Bm", "Bm", "Bm", "Bm", "Bm", "Bm", "Bm", "G", "G", "G", "G", "G", "G", "G", "G", "G", "G", "G", "G", "G", "G", "G", "G", "G", "G", "G", "G", "G", "G", "G", "G", "G", "G", "G", "G", "G", "G", "G", "G", "G", "G", "G", "G", "G", "G", "G", "G", "G", "G", "G", "G", "G", "G", "G", "G", "G", "G", "G", "G", "G", "G", "G", "G", "G", "G", "G", "G", "G", "G", "G", "G", "G", "G", "G", "G", "G", "G", "G", "G", "G", "G", "G", "G", "G", "G", "G", "G", "G", "G", "G", "G", "G", "G", "G", "G", "G", "G", "G", "G", "G", "G", "G", "G", "G", "Dm", "Dm", "Dm", "Dm", "Dm", "Dm", "Dm", "F", "F", "F", "F", "F", "F", "F", "F", "F", "F", "F", "F", "F", "F", "F", "F", "F", "F", "F", "F", "F", "F", "F", "F", "F", "F", "F", "F", "F", "F", "F", "C", "C", "C", "C", "C", "C", "C", "C", "C", "C", "C", "C", "C", "C", "C", "C", "C", "C", "C", "C", "C", "C", "C", "C", "C", "C", "C", "C", "C", "C", "C", "C", "C", "C", "C", "C", "C", "C", "C", "C"]
