
metadata:
    version:
        essentia: "1.2.2"
    audio_properties:
        analysis_sample_rate: 44100
        bitrate: 128
        channels: 2
        equal_loudness: 1
        length: 10.0310201645
        replay_gain: -9.57964706421
        downmix: "mix"
    tags:
        track: 27
        year: 0
        album: "Splitted by Mp3Splt v. 2.1"
        artist: "From 004.20 To 004.30"
        comment: "http://mp3splt.sf.net"
        genre: ""
        title: "03 Heart of the Rose.mp3"

highlevel:
    ballroom:
        all:
            ChaChaCha: 0.250846475363
            Jive: 0.0250090863556
            Quickstep: 0.00336713716388
            Rumba-American: 0.00216698949225
            Rumba-International: 0.024902952835
            Rumba-Misc: 0.010054551065
            Samba: 0.681398868561
            Tango: 0.0010093387682
            VienneseWaltz: 0.000731341599021
            Waltz: 0.00051327230176
        probability: 0.681398868561
        value: "Samba"
    culture:
        all:
            non_western: 0.271729916334
            western: 0.728270053864
        probability: 0.728270053864
        value: "western"
    gender:
        all:
            female: 0.941940963268
            male: 0.0580590330064
        probability: 0.941940963268
        value: "female"
    genre_dortmund:
        all:
            alternative: 0.00813419092447
            blues: 0.0755271837115
            electronic: 0.145030736923
            folkcountry: 0.0115628316998
            funksoulrnb: 0.0789536461234
            jazz: 0.15480171144
            pop: 0.0647091940045
            raphiphop: 0.373817324638
            rock: 0.0874631628394
        probability: 0.373817324638
        value: "raphiphop"
    genre_electronica:
        all:
            ambient: 0.0566652044654
            dnb: 0.302849709988
            house: 0.279344201088
            techno: 0.206881135702
            trance: 0.154259756207
        probability: 0.302849709988
        value: "dnb"
    genre_rosamerica:
        all:
            cla: 0.00639546010643
            dan: 0.513464510441
            hip: 0.166957944632
            jaz: 0.0062458217144
            pop: 0.0405395962298
            rhy: 0.241836950183
            roc: 0.0215271897614
            spe: 0.00303256185725
        probability: 0.513464510441
        value: "dan"
    genre_tzanetakis:
        all:
            blu: 0.00253349496052
            cla: 0.00190963118803
            cou: 0.0056290612556
            dis: 0.131995677948
            hip: 0.0319303572178
            jaz: 0.00385471456684
            met: 0.00277663720772
            pop: 0.673668026924
            reg: 0.132734671235
            roc: 0.0129677113146
        probability: 0.673668026924
        value: "pop"
    live_studio:
        all:
            live: 0.227237403393
            studio: 0.772762596607
        probability: 0.772762596607
        value: "studio"
    mood:
        all:
            Cluster1: 0.261692553759
            Cluster2: 0.220943823457
            Cluster3: 0.072322614491
            Cluster4: 0.151544585824
            Cluster5: 0.29349642992
        probability: 0.29349642992
        value: "Cluster5"
    mood_acoustic:
        all:
            acoustic: 0.012971018441
            not_acoustic: 0.987028956413
        probability: 0.987028956413
        value: "not_acoustic"
    mood_aggressive:
        all:
            aggressive: 0.184902623296
            not_aggressive: 0.815097391605
        probability: 0.815097391605
        value: "not_aggressive"
    mood_electronic:
        all:
            electronic: 0.837810099125
            not_electronic: 0.162189930677
        probability: 0.837810099125
        value: "electronic"
    mood_happy:
        all:
            happy: 0.484362065792
            not_happy: 0.515637934208
        probability: 0.515637934208
        value: "not_happy"
    mood_party:
        all:
            not_party: 0.251526981592
            party: 0.74847304821
        probability: 0.74847304821
        value: "party"
    mood_relaxed:
        all:
            not_relaxed: 0.887228250504
            relaxed: 0.112771764398
        probability: 0.887228250504
        value: "not_relaxed"
    mood_sad:
        all:
            not_sad: 0.818949639797
            sad: 0.181050345302
        probability: 0.818949639797
        value: "not_sad"
    rhythm:
        all:
            fast: 0.883420288563
            medium: 0.0749094188213
            slow: 0.0416703112423
        probability: 0.883420288563
        value: "fast"
    speech_music:
        all:
            music: 0.999996423721
            speech: 3.58838815373e-06
        probability: 0.999996423721
        value: "music"
    timbre:
        all:
            bright: 0.981990337372
            dark: 0.0180096719414
        probability: 0.981990337372
        value: "bright"
    voice_instrumental:
        all:
            instrumental: 0.936703383923
            voice: 0.0632965937257
        probability: 0.936703383923
        value: "instrumental"

lowlevel:
    average_loudness: 0.970506608486
    barkbands_kurtosis:
        dmean: 2.48454642296
        dmean2: 3.5306289196
        dvar: 31.9246997833
        dvar2: 55.7943954468
        max: 80.0659408569
        mean: 2.30199742317
        min: -1.84180760384
        var: 81.0420532227
    barkbands_skewness:
        dmean: 0.627524137497
        dmean2: 0.861498475075
        dvar: 0.483096688986
        dvar2: 0.832835257053
        max: 8.2817029953
        mean: 0.700536966324
        min: -3.95321416855
        var: 2.53640174866
    barkbands_spread:
        dmean: 7.85189151764
        dmean2: 12.2337560654
        dvar: 68.9512710571
        dvar2: 131.79234314
        max: 68.916267395
        mean: 29.7507648468
        min: 2.45539927483
        var: 188.202270508
    dissonance:
        dmean: 0.0220907330513
        dmean2: 0.0367957726121
        dvar: 0.000533218611963
        dvar2: 0.00136665790342
        max: 0.499763816595
        mean: 0.458535581827
        min: 0.272392749786
        var: 0.000847291143145
    hfc:
        dmean: 4.2622833252
        dmean2: 6.79304218292
        dvar: 78.5943222046
        dvar2: 188.658691406
        max: 67.2082672119
        mean: 5.70871019363
        min: 0.00585369579494
        var: 83.7341766357
    pitch:
        dmean: 566.651489258
        dmean2: 1079.69543457
        dvar: 1157628.375
        dvar2: 2766614
        max: 4410
        mean: 673.998291016
        min: 84.9710998535
        var: 1002843.25
    pitch_instantaneous_confidence:
        dmean: 0.119873419404
        dmean2: 0.17744833231
        dvar: 0.0136443832889
        dvar2: 0.026957411319
        max: 0.981943428516
        mean: 0.447562664747
        min: 0.1354611516
        var: 0.0365946628153
    pitch_salience:
        dmean: 0.0906426608562
        dmean2: 0.147059381008
        dvar: 0.00760806072503
        dvar2: 0.0185796432197
        max: 0.852831542492
        mean: 0.555456697941
        min: 0.166012987494
        var: 0.0173954758793
    silence_rate_20dB:
        dmean: 0
        dmean2: 0
        dvar: 0
        dvar2: 0
        max: 1
        mean: 1
        min: 1
        var: 0
    silence_rate_30dB:
        dmean: 0
        dmean2: 0
        dvar: 0
        dvar2: 0
        max: 1
        mean: 1
        min: 1
        var: 0
    silence_rate_60dB:
        dmean: 0.180555552244
        dmean2: 0.36194896698
        dvar: 0.147955387831
        dvar2: 0.254143327475
        max: 1
        mean: 0.535796761513
        min: 0
        var: 0.248718857765
    spectral_centroid:
        dmean: 354.131408691
        dmean2: 540.894348145
        dvar: 168248.015625
        dvar2: 360390.6875
        max: 4332.77099609
        mean: 1387.89355469
        min: 144.981552124
        var: 619776.75
    spectral_complexity:
        dmean: 4.30626440048
        dmean2: 6.50465106964
        dvar: 46.7739715576
        dvar2: 86.7428970337
        max: 52
        mean: 8.97916698456
        min: 0
        var: 84.1639022827
    spectral_crest:
        dmean: 2.24711561203
        dmean2: 3.39601254463
        dvar: 4.77269506454
        dvar2: 9.37757015228
        max: 23.3560180664
        mean: 8.88632106781
        min: 2.94868850708
        var: 18.6823272705
    spectral_decrease:
        dmean: 4.75273931322e-10
        dmean2: 7.74830477557e-10
        dvar: 5.26470474593e-19
        dvar2: 1.26886910686e-18
        max: -5.7477319345e-13
        mean: -8.69762706301e-10
        min: -4.99484009708e-09
        var: 6.46554145273e-19
    spectral_energy:
        dmean: 0.00215323199518
        dmean2: 0.00349391275086
        dvar: 1.19744909171e-05
        dvar2: 2.86320973828e-05
        max: 0.024947674945
        mean: 0.00380047946237
        min: 2.70027794613e-06
        var: 1.41381324283e-05
    spectral_energyband_high:
        dmean: 0.000334903597832
        dmean2: 0.000540615990758
        dvar: 5.63091077765e-07
        dvar2: 1.37676261147e-06
        max: 0.00538932578638
        mean: 0.000322077656165
        min: 6.77957871176e-07
        var: 5.33337583875e-07
    spectral_energyband_low:
        dmean: 0.000464151671622
        dmean2: 0.000773904786911
        dvar: 6.72457304063e-07
        dvar2: 1.65564142662e-06
        max: 0.00689671840519
        mean: 0.000770739570726
        min: 1.39877254224e-09
        var: 1.26664667732e-06
    spectral_energyband_middle_high:
        dmean: 0.00101267616265
        dmean2: 0.00159880297724
        dvar: 3.85610155718e-06
        dvar2: 8.95503490028e-06
        max: 0.014804773964
        mean: 0.00158660800662
        min: 9.56280359787e-07
        var: 5.66254857404e-06
    spectral_energyband_middle_low:
        dmean: 0.000707032450009
        dmean2: 0.00121971440967
        dvar: 1.12954614906e-06
        dvar2: 2.96672715194e-06
        max: 0.00714216101915
        mean: 0.00112087849993
        min: 3.6423915617e-07
        var: 1.65393942098e-06
    spectral_flatness_db:
        dmean: 0.027167994529
        dmean2: 0.0386897288263
        dvar: 0.000754601031076
        dvar2: 0.00139614206273
        max: 0.362508326769
        mean: 0.154355451465
        min: 0.0741385743022
        var: 0.00246698595583
    spectral_flux:
        dmean: 0.0155046209693
        dmean2: 0.0236088857055
        dvar: 0.000320408784319
        dvar2: 0.000575693207793
        max: 0.134521082044
        mean: 0.0367063507438
        min: 0.00183780689258
        var: 0.000580485677347
    spectral_kurtosis:
        dmean: 2.07398867607
        dmean2: 3.1356549263
        dvar: 7.75265741348
        dvar2: 19.1364116669
        max: 26.4027671814
        mean: 3.5069270134
        min: -0.662796735764
        var: 11.4318218231
    spectral_rms:
        dmean: 0.000488190969918
        dmean2: 0.000749239232391
        dvar: 3.60307438996e-07
        dvar2: 7.88103648119e-07
        max: 0.00493347691372
        mean: 0.00173756410368
        min: 5.1326576795e-05
        var: 6.88656598413e-07
    spectral_rolloff:
        dmean: 687.51361084
        dmean2: 1156.83361816
        dvar: 818231.25
        dvar2: 1718992.25
        max: 6373.828125
        mean: 2608.80615234
        min: 129.19921875
        var: 2120948.25
    spectral_skewness:
        dmean: 0.306368291378
        dmean2: 0.44623991847
        dvar: 0.111975111067
        dvar2: 0.256966471672
        max: 4.01984262466
        mean: 1.43819856644
        min: 0.467780709267
        var: 0.262765973806
    spectral_spread:
        dmean: 1125560.25
        dmean2: 1422424.875
        dvar: 1.25820049818e+12
        dvar2: 2.25724229222e+12
        max: 12239359
        mean: 5619161
        min: 2113199.5
        var: 3.69717883699e+12
    spectral_strongpeak:
        dmean: 0.38458558917
        dmean2: 0.670663952827
        dvar: 0.720003724098
        dvar2: 1.92601191998
        max: 8.74952220917
        mean: 0.56101089716
        min: 0.00838820077479
        var: 0.859229624271
    zerocrossingrate:
        dmean: 0.0136016346514
        dmean2: 0.0146189136431
        dvar: 0.000142629098264
        dvar2: 0.000144750287291
        max: 0.19921875
        mean: 0.0824912711978
        min: 0.00634765625
        var: 0.00140344782267
    barkbands:
        dmean: [4.40108306066e-06, 0.000181031267857, 0.000339327554684, 0.000243698130362, 0.000361500133295, 8.58024141053e-05, 8.04580922704e-05, 7.19467643648e-05, 2.8827076676e-05, 4.58403956145e-05, 4.44728175353e-05, 6.93009133101e-05, 8.49730495247e-05, 8.5570027295e-05, 0.000133954366902, 8.33418744151e-05, 0.000244705268415, 0.000170192026417, 0.000258929328993, 0.000189248356037, 0.0001594695932, 5.4579020798e-05, 1.89225647773e-05, 6.58826138533e-06, 3.5933842355e-06, 2.02833234653e-07, 1.90997190286e-10]
        dmean2: [6.67209133098e-06, 0.000304147775751, 0.000589485105593, 0.000446579098934, 0.000608071801253, 0.000136620365083, 0.000111717919935, 0.000121782453789, 4.36192167399e-05, 6.20882710791e-05, 7.23286648281e-05, 0.000114790462248, 0.000134378235089, 0.000138359362609, 0.000229638128076, 0.000131781416712, 0.000392542569898, 0.000288598675979, 0.000439144962002, 0.000301587715512, 0.000263912486844, 9.0478992206e-05, 3.08438939101e-05, 1.030029307e-05, 5.59433510716e-06, 3.18531647281e-07, 3.43464451324e-10]
        dvar: [2.69983289197e-11, 9.56827435061e-08, 4.22666147415e-07, 2.53627774782e-07, 4.27905774814e-07, 1.53353738597e-08, 1.85895103755e-08, 3.22517337281e-08, 2.13270512361e-09, 1.13603135787e-08, 8.56624904344e-09, 7.93819978639e-08, 4.96999064126e-08, 4.57714790514e-08, 6.26074907473e-08, 2.63141473056e-08, 4.74736623346e-07, 1.22113888779e-07, 4.41872856527e-07, 1.70900122498e-07, 1.28245645215e-07, 1.70280856082e-08, 1.40104094992e-09, 1.44588396811e-10, 5.20775055024e-11, 1.94772881634e-13, 7.55938583698e-20]
        dvar2: [5.65882514458e-11, 2.47575087542e-07, 1.04777291199e-06, 7.28971144781e-07, 1.03942670648e-06, 3.48282718221e-08, 3.10324317354e-08, 8.71888232723e-08, 4.95698548875e-09, 1.8222781506e-08, 2.27201049086e-08, 2.28362196708e-07, 1.20916027413e-07, 9.76719363166e-08, 1.70505160213e-07, 5.89988751187e-08, 1.02401099866e-06, 3.04342819391e-07, 1.14707097509e-06, 4.06809817832e-07, 3.18280854117e-07, 4.57478250837e-08, 3.4946270322e-09, 3.47579104387e-10, 1.23011267839e-10, 4.73083161187e-13, 2.11642302281e-19]
        max: [4.50629377156e-05, 0.00238369544968, 0.00589623814449, 0.0040998775512, 0.00565361138433, 0.00194162817206, 0.00266003189608, 0.00173249212094, 0.000410589098465, 0.00219220691361, 0.00114893110003, 0.00531608378515, 0.0036318579223, 0.00381304370239, 0.00174484122545, 0.0015901720617, 0.00741008622572, 0.00236655492336, 0.0053821709007, 0.00335494824685, 0.00251673534513, 0.000951088732108, 0.000317418307532, 7.5869684224e-05, 5.63453832001e-05, 2.88648288915e-06, 1.74305847533e-09]
        mean: [6.00507109993e-06, 0.000234038758208, 0.000530876102857, 0.000189515209058, 0.00046628608834, 0.000174779386725, 0.000145505735418, 7.24887067918e-05, 5.03950323036e-05, 9.06223067432e-05, 6.46385960863e-05, 0.000114761489385, 0.00011936348892, 0.000133491848828, 0.000169747596374, 0.000112367080874, 0.00026629093918, 0.000184474221896, 0.000254636484897, 0.000185988959856, 0.00015261452063, 5.04973286297e-05, 1.98147172341e-05, 7.11000484444e-06, 3.97378425987e-06, 2.00352673119e-07, 1.65473079683e-10]
        min: [1.07538596084e-10, 4.3089792845e-10, 5.00456953656e-10, 7.16255998956e-10, 1.40590330489e-08, 3.80170135372e-08, 1.80982020481e-08, 2.01771364061e-08, 1.10918456642e-08, 7.04702385335e-09, 7.7432368073e-08, 6.31313952226e-08, 5.17135489986e-08, 2.22561560292e-08, 7.42320427349e-09, 9.2876284441e-09, 3.41625749911e-08, 6.28579641671e-08, 8.61839737354e-08, 1.63377279705e-07, 1.04266462131e-07, 2.15575553852e-07, 1.85010531339e-08, 4.35788916064e-09, 1.24837828963e-09, 8.89645648816e-11, 1.06774762575e-14]
        var: [4.97392994847e-11, 1.06375551923e-07, 8.13365772956e-07, 1.74482437387e-07, 6.95930282291e-07, 7.88832537069e-08, 7.83199993748e-08, 2.79054006569e-08, 4.94455676403e-09, 4.51298163284e-08, 1.13252394129e-08, 1.89792274341e-07, 7.32547604798e-08, 1.48190267169e-07, 7.59103571113e-08, 4.71319552275e-08, 5.0771319593e-07, 1.19887602068e-07, 3.65876559272e-07, 1.69646213521e-07, 1.17968205871e-07, 1.3801460419e-08, 1.51364643042e-09, 1.52108894924e-10, 5.38383816695e-11, 2.00726737207e-13, 6.63208728974e-20]
    mfcc:
        mean: [-744.916259766, 102.143707275, -32.8379249573, 48.5962715149, -3.50091195107, 10.5309514999, 2.95263767242, -0.247222155333, -2.76526689529, -4.53113794327, -1.80447006226, -2.61780977249, 0.457828134298]
        cov: [[5811.88378906, -888.680297852, -222.528915405, -186.517883301, -42.5627555847, -314.6512146, -220.719680786, -206.9584198, -18.17420578, 29.2990093231, -93.0246887207, -5.04234886169, -140.57359314], [-888.680297852, 1569.94897461, -115.679199219, 264.401641846, 156.322891235, 83.5091552734, 57.5837440491, 103.564582825, 53.5533103943, 30.7741527557, 83.2897720337, -52.2914199829, 19.1124687195], [-222.528915405, -115.679199219, 874.458190918, 201.128387451, 118.768280029, 61.5027923584, 95.5984573364, 79.157081604, 20.5821304321, -1.50771510601, 16.3378620148, 24.4764823914, -31.4797363281], [-186.517883301, 264.401641846, 201.128387451, 427.79574585, 139.435028076, 103.337158203, 82.9209594727, 65.1917114258, 10.2751255035, 5.48958396912, 19.6539154053, -4.15707302094, 5.55559825897], [-42.5627555847, 156.322891235, 118.768280029, 139.435028076, 206.546768188, 101.472351074, 85.9615249634, 42.8042945862, 18.5966472626, 16.3623924255, 3.69694304466, -13.2345676422, -4.76039457321], [-314.6512146, 83.5091552734, 61.5027923584, 103.337158203, 101.472351074, 201.001480103, 94.2273635864, 50.2646598816, 16.5865631104, 22.8489227295, 12.0987482071, -12.8750762939, 22.4443225861], [-220.719680786, 57.5837440491, 95.5984573364, 82.9209594727, 85.9615249634, 94.2273635864, 148.113433838, 61.4126396179, 15.5664920807, -17.6967983246, -1.54232919216, 20.0735473633, 15.3723516464], [-206.9584198, 103.564582825, 79.157081604, 65.1917114258, 42.8042945862, 50.2646598816, 61.4126396179, 121.77671051, 51.5407485962, -14.8970279694, -1.02846002579, 17.0248088837, 6.47955369949], [-18.17420578, 53.5533103943, 20.5821304321, 10.2751255035, 18.5966472626, 16.5865631104, 15.5664920807, 51.5407485962, 98.3548812866, 39.1278457642, 3.33342194557, 3.14519786835, 4.08671855927], [29.2990093231, 30.7741527557, -1.50771510601, 5.48958396912, 16.3623924255, 22.8489227295, -17.6967983246, -14.8970279694, 39.1278457642, 108.751678467, 36.6649627686, -40.4286003113, -0.452672690153], [-93.0246887207, 83.2897720337, 16.3378620148, 19.6539154053, 3.69694304466, 12.0987482071, -1.54232919216, -1.02846002579, 3.33342194557, 36.6649627686, 94.6415252686, 30.6032886505, 29.4236068726], [-5.04234886169, -52.2914199829, 24.4764823914, -4.15707302094, -13.2345676422, -12.8750762939, 20.0735473633, 17.0248088837, 3.14519786835, -40.4286003113, 30.6032886505, 139.660369873, 59.4353942871], [-140.57359314, 19.1124687195, -31.4797363281, 5.55559825897, -4.76039457321, 22.4443225861, 15.3723516464, 6.47955369949, 4.08671855927, -0.452672690153, 29.4236068726, 59.4353942871, 115.489761353]]
        icov: [[0.000230212841416, 0.000136613467475, 9.04242770048e-05, -6.91737950547e-05, -0.000316614459734, 0.00032476260094, 0.000162628406542, 0.000204405252589, -0.000137951385113, -0.000104594815639, 0.00010350150842, -0.000156674766913, 0.000235033803619], [0.000136613467475, 0.000989989610389, 0.000381341407774, -0.000500497524627, -0.000739418435842, 0.000437284237705, 0.000201640315936, -0.000467704056064, -0.000447030208306, 0.000508379598614, -0.001125208335, 0.000717337010428, -5.02725088154e-05], [9.04242770048e-05, 0.000381341407774, 0.00156579597387, -0.00064502900932, -0.000645518826786, 0.000442614953499, -0.000364235602319, -0.000677364936564, 8.50831856951e-05, -0.000204529322218, -0.000487011944642, -0.000310245406581, 0.000758571433835], [-6.91737950547e-05, -0.000500497524627, -0.00064502900932, 0.00362027413212, -0.00121300993487, -0.000735450827051, -9.8902710306e-05, -0.000794170075096, 0.000850252865348, -9.45676729316e-05, -6.74926195643e-05, 2.37002022914e-05, -0.000226151460083], [-0.000316614459734, -0.000739418435842, -0.000645518826786, -0.00121300993487, 0.00910128839314, -0.0026085129939, -0.00308518996462, 0.000392318353988, 5.80800915486e-05, -0.0012777892407, 0.000936708995141, -5.67936222069e-05, 0.000673633185215], [0.00032476260094, 0.000437284237705, 0.000442614953499, -0.000735450827051, -0.0026085129939, 0.00958980433643, -0.00388481025584, -0.00173509120941, 0.00121346116066, -0.00245931814425, -0.000261323293671, 0.00149603246246, -0.00163372699171], [0.000162628406542, 0.000201640315936, -0.000364235602319, -9.8902710306e-05, -0.00308518996462, -0.00388481025584, 0.0132418991998, -0.00305870035663, -0.00011231561075, 0.002270773286, 0.000527447205968, -0.0013605520362, -0.000314414006425], [0.000204405252589, -0.000467704056064, -0.000677364936564, -0.000794170075096, 0.000392318353988, -0.00173509120941, -0.00305870035663, 0.0169754512608, -0.0102203115821, 0.00641585048288, -0.00114532781299, 0.000294002995361, 0.000515159976203], [-0.000137951385113, -0.000447030208306, 8.50831856951e-05, 0.000850252865348, 5.80800915486e-05, 0.00121346116066, -0.00011231561075, -0.0102203115821, 0.0200957469642, -0.011840374209, 0.00484226038679, -0.00381553336047, 0.000215712047066], [-0.000104594815639, 0.000508379598614, -0.000204529322218, -9.45676729316e-05, -0.0012777892407, -0.00245931814425, 0.002270773286, 0.00641585048288, -0.011840374209, 0.0218239910901, -0.0102287065238, 0.00829435512424, -0.00165765569545], [0.00010350150842, -0.001125208335, -0.000487011944642, -6.74926195643e-05, 0.000936708995141, -0.000261323293671, 0.000527447205968, -0.00114532781299, 0.00484226038679, -0.0102287065238, 0.0180634707212, -0.0067846714519, -0.00105572631583], [-0.000156674766913, 0.000717337010428, -0.000310245406581, 2.37002022914e-05, -5.67936222069e-05, 0.00149603246246, -0.0013605520362, 0.000294002995361, -0.00381553336047, 0.00829435512424, -0.0067846714519, 0.0142897199839, -0.00598155613989], [0.000235033803619, -5.02725088154e-05, 0.000758571433835, -0.000226151460083, 0.000673633185215, -0.00163372699171, -0.000314414006425, 0.000515159976203, 0.000215712047066, -0.00165765569545, -0.00105572631583, -0.00598155613989, 0.0128622120246]]
    spectral_contrast:
        mean: [-4.03409273986e-07, 1.45579519994e-07, 2.42833735342e-08, -3.25790416866e-08, 1.3183388603e-07, 8.99071253002e-08, 2.15101024992e-07, -1.51053620812e-06, -6.78692686051e-07, -1.17084493922e-06, -3.86436795452e-06, 8.84825453795e-07]
        var: [0.000481266150018, 0.00145308999345, 0.00180256960448, 0.00292290723883, 0.00644379947335, 0.010122327134, 0.0618711225688, 0.11464766413, 0.201331675053, 0.5424233675, 0.879547357559, 3.81360983849]

rhythm:
    beats_loudness:
        dmean: 0.00579064153135
        dmean2: 0.0116583136842
        dvar: 1.24342450363e-05
        dvar2: 4.04899838031e-05
        max: 0.0169598534703
        mean: 0.00773336924613
        min: 0.00153100409079
        var: 1.35810387292e-05
    beats_loudness_bass:
        dmean: 0.453773766756
        dmean2: 0.905322790146
        dvar: 0.0450456663966
        dvar2: 0.141672328115
        max: 0.774866938591
        mean: 0.242514714599
        min: 0.000466127967229
        var: 0.0740572363138
    bpm: 111.732185364
    bpm_confidence: 0
    first_peak_bpm: 112
    first_peak_spread: 0
    first_peak_weight: 0.941176474094
    onset_rate: 5.88175439835
    second_peak_bpm: 104
    second_peak_spread: 0
    second_peak_weight: 0.0588235296309
    beats_position: [0.492910683155, 1.03024959564, 1.56758856773, 2.10492753983, 2.64226651192, 3.17960524559, 3.7169444561, 4.25428342819, 4.7916226387, 5.32896184921, 5.86630105972, 6.44280099869, 6.97936630249, 7.51593112946, 8.05249595642, 8.58906078339, 9.12562656403, 9.66219043732]
    bpm_estimates: [111.811035156, 111.658592224, 111.77973938, 111.45098877, 111.428039551, 111.538825989, 111.715538025, 111.901931763, 111.669433594, 111.978485107, 111.687004089, 111.96762085, 111.711074829, 111.31413269, 112.055137634, 112.047416687]
    bpm_intervals: [0.537338912487, 0.537338972092, 0.537338972092, 0.537338972092, 0.537338733673, 0.53733921051, 0.537338972092, 0.53733921051, 0.53733921051, 0.53733921051, 0.576499938965, 0.536565303802, 0.536564826965, 0.536564826965, 0.536564826965, 0.53656578064, 0.536563873291]
    onset_times: [0.0464399084449, 0.220589563251, 0.359909296036, 0.487619042397, 0.754648506641, 0.893968224525, 1.01006805897, 1.31192743778, 1.42802715302, 1.55573701859, 1.83437645435, 1.93886625767, 2.11301589012, 2.24072551727, 2.50775504112, 2.63546490669, 2.92571425438, 3.05342411995, 3.1811337471, 3.33206343651, 3.59909296036, 3.72680282593, 3.99383211136, 4.13315200806, 4.27247142792, 4.37696123123, 4.53950119019, 4.67882108688, 4.71365070343, 4.80653047562, 5.07356023788, 5.21287965775, 5.34058952332, 5.49151945114, 5.630838871, 5.71210861206, 5.86303853989, 6.1648979187, 6.29260778427, 6.43192720413, 6.57124710083, 6.84988641739, 6.96598625183, 7.24462604523, 7.38394546509, 7.50004529953, 7.65097522736, 8.04571437836, 8.31274414062, 8.46367359161, 8.59138298035, 8.73070335388, 8.85841274261, 8.99773216248, 9.13705253601, 9.4040813446, 9.53179168701, 9.65950107574, 9.94975090027]
    rubato_start: []
    rubato_stop: []
    perceptual_tempo: "unknown"

sfx:
    inharmonicity:
        dmean: 0.0405065268278
        dmean2: 0.0718755573034
        dvar: 0.00325191253796
        dvar2: 0.00961862038821
        max: 0.401654571295
        mean: 0.0397385768592
        min: 2.7423910069e-05
        var: 0.00314861279912
    oddtoevenharmonicenergyratio:
        dmean: 4.80111312866
        dmean2: 8.9342956543
        dvar: 872.7890625
        dvar2: 2584.0378418
        max: 420.223693848
        mean: 2.92382836342
        min: 7.00271339156e-05
        var: 451.2840271
    pitch_after_max_to_before_max_energy_ratio: 4.24483585358
    pitch_centroid: 210.809158325
    pitch_max_to_total: 0.168981477618
    pitch_min_to_total: 0.518518507481
    tristimulus:
        dmean: [0.199461117387, 0.223725885153, 0.104289032519]
        dmean2: [0.345537543297, 0.388398855925, 0.182762339711]
        dvar: [0.0336118936539, 0.0452643111348, 0.0109349070117]
        dvar2: [0.083382345736, 0.126066446304, 0.0312673337758]
        max: [0.978925764561, 0.988582491875, 0.689460337162]
        mean: [0.426477015018, 0.425207495689, 0.108080521226]
        min: [0.00986478477716, 0, 0]
        var: [0.0671879574656, 0.0659983456135, 0.0139080276713]

tonal:
    chords_changes_rate: 0.101382486522
    chords_number_rate: 0.0322580635548
    chords_strength:
        dmean: 0.0122154094279
        dmean2: 0.0131637826562
        dvar: 8.71663505677e-05
        dvar2: 0.000137702576467
        max: 0.619484186172
        mean: 0.467483848333
        min: 0.327087134123
        var: 0.00441385945305
    key_strength: 0.665244162083
    tuning_diatonic_strength: 0.552222788334
    tuning_equal_tempered_deviation: 0.13688826561
    tuning_frequency: 436.456176758
    tuning_nontempered_energy_ratio: 0.81270134449
    hpcp:
        dmean: [0.231859892607, 0.264076858759, 0.227295771241, 0.171241223812, 0.141492456198, 0.148936867714, 0.169516786933, 0.168229550123, 0.150279939175, 0.147804453969, 0.0979873463511, 0.0910151824355, 0.123513758183, 0.112518183887, 0.132983669639, 0.199760466814, 0.189546212554, 0.119152419269, 0.0945125296712, 0.097994863987, 0.145587563515, 0.1967972368, 0.186030641198, 0.143668264151, 0.0921722277999, 0.0625588968396, 0.0789969563484, 0.120803922415, 0.135350272059, 0.160672590137, 0.227544307709, 0.208797857165, 0.116576872766, 0.113994464278, 0.129138305783, 0.200329869986]
        dmean2: [0.412840604782, 0.452642679214, 0.398109674454, 0.302089989185, 0.23602437973, 0.257353663445, 0.276680678129, 0.283987671137, 0.271654754877, 0.26400321722, 0.168666929007, 0.152673318982, 0.216693773866, 0.196266978979, 0.224480897188, 0.34495216608, 0.326315939426, 0.206309333444, 0.160177633166, 0.162324339151, 0.241431817412, 0.324445009232, 0.30959713459, 0.254298329353, 0.162017509341, 0.109598845243, 0.140373200178, 0.213306903839, 0.246610805392, 0.272289723158, 0.381943911314, 0.360979199409, 0.205376565456, 0.194352373481, 0.225902765989, 0.353272646666]
        dvar: [0.0686137527227, 0.059250112623, 0.0587087012827, 0.0576566755772, 0.0423363111913, 0.0407839156687, 0.036647900939, 0.0408538803458, 0.0471529923379, 0.0497968271375, 0.0230449214578, 0.0132534140721, 0.0257055927068, 0.0181187856942, 0.0242947712541, 0.05590043962, 0.0489633120596, 0.0287123341113, 0.0220533050597, 0.0178382359445, 0.027777466923, 0.0454934127629, 0.0423772782087, 0.0511473566294, 0.0222816783935, 0.00950231496245, 0.0136380130425, 0.029862485826, 0.0405677892268, 0.0394073016942, 0.0681458190084, 0.0588050596416, 0.0262546148151, 0.0257279779762, 0.0281485524029, 0.0547121614218]
        dvar2: [0.139034315944, 0.149443179369, 0.150398656726, 0.15410540998, 0.10841896385, 0.110565364361, 0.0821302756667, 0.103492878377, 0.138907968998, 0.139665260911, 0.0634324550629, 0.0326302461326, 0.0688479691744, 0.0468459315598, 0.0623610280454, 0.149796158075, 0.138131037354, 0.0825751870871, 0.06173921749, 0.0443178042769, 0.0724956467748, 0.122159078717, 0.102859511971, 0.143649235368, 0.0636106133461, 0.025868345052, 0.0366769321263, 0.0743180587888, 0.108229696751, 0.107890665531, 0.133855849504, 0.132565483451, 0.0735125914216, 0.0693716332316, 0.0724169313908, 0.153064951301]
        max: [1, 1, 1, 1, 1, 1, 1, 1, 1, 1, 1, 0.799791812897, 1, 0.689134120941, 1, 1, 1, 0.978976726532, 0.991317451, 0.753932952881, 1, 1, 1, 1, 0.921845495701, 0.583364605904, 0.801579654217, 1, 1, 0.976986587048, 1, 1, 0.882542669773, 1, 0.816844463348, 1]
        mean: [0.455419570208, 0.41045960784, 0.208922147751, 0.158219337463, 0.149505317211, 0.171239644289, 0.252027332783, 0.235382094979, 0.155339241028, 0.155055001378, 0.119098551571, 0.105041638017, 0.130578458309, 0.122698396444, 0.164833039045, 0.277252435684, 0.243732094765, 0.128711432219, 0.0994726270437, 0.107971712947, 0.178680360317, 0.29298299551, 0.258229494095, 0.135932132602, 0.088169939816, 0.0660606697202, 0.090356990695, 0.145591273904, 0.142626941204, 0.187358185649, 0.337940514088, 0.271208196878, 0.118170231581, 0.113854877651, 0.120374009013, 0.22845685482]
        min: [0.00293848756701, 0.00224622804672, 0.0011915989453, 0.000231703510508, 0.000187407655176, 0.00046432504314, 0.0010788757354, 0.000894610362593, 0.000642939121462, 0.000339036603691, 0.000352700881194, 0.000350451009581, 0.00030762940878, 0.000313723896397, 0.000574335048441, 0.000853571051266, 0.000886105000973, 0.000418223818997, 0.000182059913641, 0.000211013873923, 0.0011594829848, 0.00146242626943, 0.00108585425187, 0.00100344081875, 0.000203907256946, 0.000167894890183, 0.000165984092746, 0.000124760292238, 0.000164872501045, 0.000386547500966, 0.000886116933543, 0.00113082642201, 0.000615821627434, 0.000255667750025, 0.000201885646675, 0.0012648961274]
        var: [0.148442059755, 0.106052488089, 0.0599353983998, 0.0562014952302, 0.0566132217646, 0.0472443662584, 0.073551826179, 0.0651651248336, 0.0413842797279, 0.0645920112729, 0.0375723466277, 0.0186477527022, 0.0327330939472, 0.0249016713351, 0.0371730327606, 0.0918168947101, 0.0720118060708, 0.0278931688517, 0.0230013784021, 0.0228005442768, 0.041587356478, 0.0780992284417, 0.0657285526395, 0.0393364056945, 0.0188181754202, 0.00934804603457, 0.0149909229949, 0.0445900261402, 0.0420902781188, 0.0425708405674, 0.12900801003, 0.0899028256536, 0.0224064942449, 0.0254727918655, 0.0282962173223, 0.0565224140882]
    chords_histogram: [11.9815664291, 0, 16.129032135, 0, 0, 0, 0, 0, 0, 0, 0, 0, 0, 0, 0, 1.38248848915, 0, 0.921658992767, 0, 15.2073736191, 9.67741966248, 24.4239635468, 20.2764968872, 0]
    thpcp: [1, 0.901277959347, 0.458746522665, 0.347414433956, 0.328280389309, 0.376004129648, 0.553395926952, 0.516846656799, 0.341090381145, 0.34046626091, 0.261513918638, 0.230648055673, 0.286721229553, 0.269418358803, 0.361936658621, 0.608784615993, 0.53518140316, 0.282621651888, 0.218419745564, 0.237081840634, 0.392342299223, 0.643325448036, 0.5670145154, 0.298476696014, 0.193601563573, 0.145054519176, 0.198403835297, 0.319686025381, 0.313177019358, 0.411396861076, 0.742042124271, 0.595512807369, 0.259475529194, 0.249999970198, 0.26431453228, 0.501640379429]
    chords_key: "E"
    chords_scale: "minor"
    key_key: "D"
    key_scale: "major"
    chords_progression: ["C", "C", "C", "C", "C", "C", "C", "C", "C", "C", "C", "C", "C", "C", "C", "C", "C", "C", "C", "C", "Am", "Am", "Am", "Am", "Am", "Am", "Am", "Am", "Am", "Am", "Am", "C", "Am", "Am", "Am", "Am", "Am", "Am", "Am", "Am", "Am", "G", "G", "G", "G", "Gm", "Gm", "Gm", "D", "D", "D", "D", "D", "D", "D", "D", "D", "D", "D", "D", "D", "D", "D", "D", "D", "G", "G", "G", "G", "G", "G", "G", "D", "D", "D", "D", "D", "D", "D", "D", "Em", "Em", "Em", "A", "A", "A", "A", "A", "A", "A", "A", "A", "A", "A", "A", "A", "Em", "Em", "Em", "Em", "Em", "Em", "Em", "Em", "Em", "Em", "Em", "Em", "Em", "Em", "Em", "Em", "Em", "Em", "Em", "Em", "Em", "Em", "Em", "Em", "Em", "Em", "Em", "Em", "Em", "Em", "G", "Em", "Em", "Em", "G", "G", "G", "G", "G", "G", "G", "G", "G", "G", "G", "G", "G", "G", "G", "G", "G", "G", "G", "G", "G", "G", "G", "G", "G", "G", "G", "G", "G", "G", "G", "D", "G", "Dm", "Dm", "Am", "Am", "Am", "Am", "Am", "Am", "Am", "Am", "Am", "Am", "Am", "Am", "Am", "A", "A", "A", "A", "A", "A", "A", "A", "A", "A", "Em", "Em", "Em", "Em", "Em", "Em", "A", "A", "A", "A", "A", "A", "A", "A", "A", "A", "A", "A", "Em", "Em", "Em", "Em", "Em", "Em", "Em", "Em", "Em", "Em", "Em"]
