
metadata:
    version:
        essentia: "1.2.2"
    audio_properties:
        analysis_sample_rate: 44100
        bitrate: 128
        channels: 2
        equal_loudness: 1
        length: 10.0310201645
        replay_gain: -10.5515117645
        downmix: "mix"
    tags:
        track: 11
        year: 0
        album: "Splitted by Mp3Splt v. 2.1"
        artist: "From 001.40 To 001.50"
        comment: "http://mp3splt.sf.net"
        genre: ""
        title: "01 A01 Extremis.mp3"

highlevel:
    ballroom:
        all:
            ChaChaCha: 0.310529917479
            Jive: 0.0425960049033
            Quickstep: 0.00163190439343
            Rumba-American: 0.000675529823638
            Rumba-International: 0.00446991855279
            Rumba-Misc: 0.00318007892929
            Samba: 0.636340677738
            Tango: 0.000209688470932
            VienneseWaltz: 0.000213966792217
            Waltz: 0.00015228567645
        probability: 0.636340677738
        value: "Samba"
    culture:
        all:
            non_western: 0.870265126228
            western: 0.129734903574
        probability: 0.870265126228
        value: "non_western"
    gender:
        all:
            female: 0.914928197861
            male: 0.085071824491
        probability: 0.914928197861
        value: "female"
    genre_dortmund:
        all:
            alternative: 0.0112326499075
            blues: 0.00230058515444
            electronic: 0.556333124638
            folkcountry: 0.00251552159898
            funksoulrnb: 0.00992872565985
            jazz: 0.015326090157
            pop: 0.0225244872272
            raphiphop: 0.362153321505
            rock: 0.0176854860038
        probability: 0.556333124638
        value: "electronic"
    genre_electronica:
        all:
            ambient: 0.0779934301972
            dnb: 0.407074838877
            house: 0.148154467344
            techno: 0.281889528036
            trance: 0.0848877280951
        probability: 0.407074838877
        value: "dnb"
    genre_rosamerica:
        all:
            cla: 0.00291248131543
            dan: 0.834548830986
            hip: 0.123303681612
            jaz: 0.00173386756796
            pop: 0.0108864922076
            rhy: 0.0179726090282
            roc: 0.0068910960108
            spe: 0.00175092497375
        probability: 0.834548830986
        value: "dan"
    genre_tzanetakis:
        all:
            blu: 0.000648497429211
            cla: 0.000720928190276
            cou: 0.00100839498919
            dis: 0.027508283034
            hip: 0.0664985626936
            jaz: 0.00100484117866
            met: 0.00223904685117
            pop: 0.836679399014
            reg: 0.059933450073
            roc: 0.00375858787447
        probability: 0.836679399014
        value: "pop"
    live_studio:
        all:
            live: 0.0430544167757
            studio: 0.956945598125
        probability: 0.956945598125
        value: "studio"
    mood:
        all:
            Cluster1: 0.611264586449
            Cluster2: 0.0395652912557
            Cluster3: 0.019762063399
            Cluster4: 0.0660196989775
            Cluster5: 0.263388335705
        probability: 0.611264586449
        value: "Cluster1"
    mood_acoustic:
        all:
            acoustic: 0.00449923612177
            not_acoustic: 0.995500743389
        probability: 0.995500743389
        value: "not_acoustic"
    mood_aggressive:
        all:
            aggressive: 0.616660892963
            not_aggressive: 0.383339136839
        probability: 0.616660892963
        value: "aggressive"
    mood_electronic:
        all:
            electronic: 0.975039958954
            not_electronic: 0.0249600596726
        probability: 0.975039958954
        value: "electronic"
    mood_happy:
        all:
            happy: 0.122247487307
            not_happy: 0.877752542496
        probability: 0.877752542496
        value: "not_happy"
    mood_party:
        all:
            not_party: 0.163017779589
            party: 0.836982250214
        probability: 0.836982250214
        value: "party"
    mood_relaxed:
        all:
            not_relaxed: 0.696578681469
            relaxed: 0.303421348333
        probability: 0.696578681469
        value: "not_relaxed"
    mood_sad:
        all:
            not_sad: 0.75247579813
            sad: 0.247524216771
        probability: 0.75247579813
        value: "not_sad"
    rhythm:
        all:
            fast: 0.760400414467
            medium: 0.191551074386
            slow: 0.0480485148728
        probability: 0.760400414467
        value: "fast"
    speech_music:
        all:
            music: 0.999690175056
            speech: 0.000309844646836
        probability: 0.999690175056
        value: "music"
    timbre:
        all:
            bright: 0.0109123745933
            dark: 0.989087641239
        probability: 0.989087641239
        value: "dark"
    voice_instrumental:
        all:
            instrumental: 0.0238531529903
            voice: 0.976146817207
        probability: 0.976146817207
        value: "voice"

lowlevel:
    average_loudness: 0.972570359707
    barkbands_kurtosis:
        dmean: 2.61475086212
        dmean2: 4.18123245239
        dvar: 37.1803703308
        dvar2: 83.8570098877
        max: 59.6645088196
        mean: 1.97868871689
        min: -1.83395195007
        var: 63.208114624
    barkbands_skewness:
        dmean: 0.576508939266
        dmean2: 0.831258714199
        dvar: 0.578844845295
        dvar2: 1.21024620533
        max: 7.01655960083
        mean: 0.682851433754
        min: -3.73931479454
        var: 2.16921210289
    barkbands_spread:
        dmean: 6.4522228241
        dmean2: 9.36534881592
        dvar: 46.2995948792
        dvar2: 94.7937316895
        max: 71.3946456909
        mean: 30.27501297
        min: 1.54890489578
        var: 176.8828125
    dissonance:
        dmean: 0.0165132023394
        dmean2: 0.0281333439052
        dvar: 0.000348830712028
        dvar2: 0.000883162661921
        max: 0.499944061041
        mean: 0.478121697903
        min: 0.33948096633
        var: 0.000464613491204
    hfc:
        dmean: 2.01314640045
        dmean2: 3.17540431023
        dvar: 22.0924167633
        dvar2: 53.5458297729
        max: 64.9076385498
        mean: 3.81119728088
        min: 0.0123125063255
        var: 39.9772529602
    pitch:
        dmean: 553.655029297
        dmean2: 1015.63525391
        dvar: 868667.1875
        dvar2: 2179454.75
        max: 5512.5
        mean: 913.440490723
        min: 71.7073135376
        var: 1307464.625
    pitch_instantaneous_confidence:
        dmean: 0.0806376412511
        dmean2: 0.132047027349
        dvar: 0.00545107852668
        dvar2: 0.01260949485
        max: 0.834004819393
        mean: 0.330939531326
        min: 0.12847673893
        var: 0.0203026849777
    pitch_salience:
        dmean: 0.0665303990245
        dmean2: 0.10497289896
        dvar: 0.00467256363481
        dvar2: 0.0112229837105
        max: 0.90753698349
        mean: 0.608565151691
        min: 0.167486846447
        var: 0.0147778447717
    silence_rate_20dB:
        dmean: 0
        dmean2: 0
        dvar: 0
        dvar2: 0
        max: 1
        mean: 1
        min: 1
        var: 0
    silence_rate_30dB:
        dmean: 0
        dmean2: 0
        dvar: 0
        dvar2: 0
        max: 1
        mean: 1
        min: 1
        var: 0
    silence_rate_60dB:
        dmean: 0.143518522382
        dmean2: 0.28770300746
        dvar: 0.122921414673
        dvar2: 0.204929336905
        max: 1
        mean: 0.755196332932
        min: 0
        var: 0.184874728322
    spectral_centroid:
        dmean: 249.0730896
        dmean2: 339.346923828
        dvar: 87027.4140625
        dvar2: 124967.914062
        max: 5052.60839844
        mean: 1245.97436523
        min: 154.425613403
        var: 513684.46875
    spectral_complexity:
        dmean: 2.7470998764
        dmean2: 4.43953466415
        dvar: 19.0334434509
        dvar2: 49.6369552612
        max: 37
        mean: 6.50462961197
        min: 0
        var: 31.3101711273
    spectral_crest:
        dmean: 2.11584949493
        dmean2: 3.51338338852
        dvar: 4.37490701675
        dvar2: 10.1376972198
        max: 21.4291915894
        mean: 8.04552936554
        min: 2.45235157013
        var: 13.6319332123
    spectral_decrease:
        dmean: 4.21634283043e-10
        dmean2: 7.01353863874e-10
        dvar: 7.17971575193e-19
        dvar2: 1.89923873967e-18
        max: -3.81060591068e-12
        mean: -6.87457590853e-10
        min: -5.31121369107e-09
        var: 6.18704163121e-19
    spectral_energy:
        dmean: 0.00175749300979
        dmean2: 0.00291604688391
        dvar: 1.20517033793e-05
        dvar2: 3.18649690598e-05
        max: 0.020811021328
        mean: 0.0029403087683
        min: 1.54988429131e-05
        var: 1.10473620225e-05
    spectral_energyband_high:
        dmean: 0.000145972109749
        dmean2: 0.000224315503146
        dvar: 1.33284331127e-07
        dvar2: 2.87977286462e-07
        max: 0.0046898224391
        mean: 0.000211680700886
        min: 1.11941396597e-07
        var: 2.35020678474e-07
    spectral_energyband_low:
        dmean: 0.000358042831067
        dmean2: 0.000575067242607
        dvar: 6.47275157917e-07
        dvar2: 1.7064446638e-06
        max: 0.00736173242331
        mean: 0.000637524295598
        min: 3.41525549175e-07
        var: 6.5847859787e-07
    spectral_energyband_middle_high:
        dmean: 0.000494167616125
        dmean2: 0.000783453986514
        dvar: 1.28793578824e-06
        dvar2: 3.12441420647e-06
        max: 0.0167915374041
        mean: 0.00108851329423
        min: 2.3348711693e-06
        var: 2.25442431656e-06
    spectral_energyband_middle_low:
        dmean: 0.00114118959755
        dmean2: 0.00205969554372
        dvar: 9.22399340197e-06
        dvar2: 2.5964298402e-05
        max: 0.0193063374609
        mean: 0.00100255885627
        min: 2.25638314078e-06
        var: 5.69507210457e-06
    spectral_flatness_db:
        dmean: 0.020463924855
        dmean2: 0.0312471855432
        dvar: 0.000525669835042
        dvar2: 0.00103503710125
        max: 0.389055997133
        mean: 0.142725601792
        min: 0.0595239438117
        var: 0.00247029867023
    spectral_flux:
        dmean: 0.012004497461
        dmean2: 0.018705630675
        dvar: 0.000380558689358
        dvar2: 0.000603112275712
        max: 0.139567911625
        mean: 0.0335256420076
        min: 0.00393685698509
        var: 0.000626926776022
    spectral_kurtosis:
        dmean: 1.50089991093
        dmean2: 2.27098369598
        dvar: 4.87664556503
        dvar2: 10.3965835571
        max: 28.7246131897
        mean: 4.51617479324
        min: -0.649369716644
        var: 14.9183645248
    spectral_rms:
        dmean: 0.000396103278035
        dmean2: 0.000617408310063
        dvar: 3.92508923142e-07
        dvar2: 9.76600745162e-07
        max: 0.00450593326241
        mean: 0.00154007587116
        min: 0.000122966754134
        var: 4.96762254443e-07
    spectral_rolloff:
        dmean: 526.389099121
        dmean2: 841.347167969
        dvar: 333309.3125
        dvar2: 650936.4375
        max: 6610.69335938
        mean: 2406.88378906
        min: 129.19921875
        var: 1512941.625
    spectral_skewness:
        dmean: 0.231665849686
        dmean2: 0.340762317181
        dvar: 0.0789386928082
        dvar2: 0.157394751906
        max: 4.46508359909
        mean: 1.7150812149
        min: 0.0814393907785
        var: 0.34358265996
    spectral_spread:
        dmean: 1027282.875
        dmean2: 1350532.125
        dvar: 2.15100725658e+12
        dvar2: 3.9162717143e+12
        max: 15029650
        mean: 6211602.5
        min: 2450255.25
        var: 6.96383176704e+12
    spectral_strongpeak:
        dmean: 0.188779547811
        dmean2: 0.31129860878
        dvar: 0.165620192885
        dvar2: 0.335600882769
        max: 4.94751787186
        mean: 0.271607577801
        min: 0.00401132041588
        var: 0.327394247055
    zerocrossingrate:
        dmean: 0.0102686341852
        dmean2: 0.0107217477635
        dvar: 0.00010330141231
        dvar2: 9.66289589996e-05
        max: 0.2470703125
        mean: 0.0770139321685
        min: 0.00732421875
        var: 0.00111020554323
    barkbands:
        dmean: [1.83202337212e-06, 0.000139561496326, 0.000279836909613, 0.000377776304958, 0.000538203283213, 0.000101795703813, 0.000142973134643, 3.24613720295e-05, 5.46738701814e-05, 4.89296180604e-05, 8.96422934602e-05, 7.5484313129e-05, 5.74278528802e-05, 4.13215129811e-05, 4.04945712944e-05, 4.24014833698e-05, 3.49372021446e-05, 0.000118284420751, 0.000123648234876, 0.000113544687338, 5.06820906594e-05, 2.17147098738e-05, 7.86524105933e-06, 3.38302061209e-06, 7.03368550603e-06, 3.59382511306e-07, 1.06132014288e-09]
        dmean2: [2.51948154073e-06, 0.00020689482335, 0.000485013471916, 0.000688637141138, 0.00100735609885, 0.000175154826138, 0.000252797704889, 5.69447402086e-05, 9.63351267274e-05, 8.14011800685e-05, 0.000153060653247, 0.000129240506794, 9.71329354797e-05, 6.37191988062e-05, 6.45276231808e-05, 6.72090609442e-05, 5.84299923503e-05, 0.000198003603145, 0.000196116467123, 0.000178999645868, 7.90080375737e-05, 3.17549238389e-05, 1.27529401652e-05, 5.32233434569e-06, 1.07574724098e-05, 5.28000668965e-07, 1.2537832994e-09]
        dvar: [5.65449683604e-12, 6.41873896257e-08, 5.31647117441e-07, 1.5121411252e-06, 2.73877708423e-06, 5.34576543032e-08, 2.25230024853e-07, 5.61118707054e-09, 2.69360782568e-08, 8.73071659413e-09, 3.73743027637e-08, 2.62509054494e-08, 2.11500648106e-08, 4.68513583485e-09, 6.96877888728e-09, 9.55903800559e-09, 8.53391579625e-09, 1.0598837008e-07, 1.91606304156e-07, 1.08983293501e-07, 1.90492972507e-08, 3.95170651757e-09, 4.23390100757e-10, 5.56413977393e-11, 1.9307432042e-10, 5.26326107263e-13, 2.66562433171e-16]
        dvar2: [9.86083350391e-12, 1.62659986813e-07, 1.46575541748e-06, 4.3350728447e-06, 7.93136950961e-06, 1.49805785554e-07, 6.22312086307e-07, 1.56443888955e-08, 7.75059376679e-08, 2.2738630534e-08, 1.10009089838e-07, 6.62812738028e-08, 5.62705118057e-08, 9.55894030596e-09, 1.54553116971e-08, 2.26132659265e-08, 2.00818899287e-08, 2.70067886277e-07, 3.58292851388e-07, 2.28902365507e-07, 4.55267006316e-08, 8.05315902852e-09, 9.71503988367e-10, 1.11256288904e-10, 4.06213673809e-10, 1.31339730758e-12, 2.67772313857e-16]
        max: [2.09471782e-05, 0.00210608611815, 0.00673216581345, 0.00829626340419, 0.0118049290031, 0.00146182288881, 0.00398116419092, 0.000675253279041, 0.00156080897432, 0.00108904764056, 0.00243534054607, 0.00176661857404, 0.00226805172861, 0.000842439301778, 0.00143406807911, 0.00120385061018, 0.00142796488944, 0.00440158834681, 0.00669963192195, 0.00579666253179, 0.00166943005752, 0.00118831906002, 0.000274860562058, 0.000110743407276, 0.000141732496559, 4.53871734862e-06, 3.39672681093e-07]
        mean: [4.02817613576e-06, 0.000279180676444, 0.000354351068381, 0.000297266436974, 0.000378274096875, 0.000107588100946, 0.000117417606816, 3.53520772478e-05, 5.90468007431e-05, 7.4505165685e-05, 0.000134068002808, 9.91697961581e-05, 9.1392408649e-05, 7.58740206948e-05, 6.96163187968e-05, 6.66295454721e-05, 5.45324473933e-05, 0.000162981450558, 0.00018655275926, 0.000169168139109, 6.97592986398e-05, 2.95951158478e-05, 9.7811644082e-06, 4.67369090984e-06, 9.03918589756e-06, 4.67274020366e-07, 1.11852316298e-09]
        min: [2.63554261748e-10, 3.85634848499e-08, 1.56510665761e-07, 2.04524383207e-07, 1.54313980261e-07, 1.20092707334e-07, 7.33131670927e-08, 1.84277160198e-09, 8.4339104589e-09, 5.27431041064e-08, 7.4289708607e-08, 7.70633761249e-08, 5.18276124239e-07, 6.31397023554e-09, 3.65179744222e-07, 1.60115774861e-07, 5.56134054364e-08, 2.09181024502e-07, 9.32822601385e-08, 1.88290002257e-07, 4.87068092525e-08, 1.25837793519e-08, 4.270197973e-09, 2.61459009998e-09, 2.39137309954e-09, 1.16354523239e-10, 4.42226360782e-13]
        var: [1.97247513462e-11, 8.92831764077e-08, 4.23142836325e-07, 9.06594721073e-07, 1.53256394242e-06, 4.27231583444e-08, 1.51418163341e-07, 4.32348912227e-09, 1.7365341165e-08, 1.4719528707e-08, 5.18751299694e-08, 2.57783554503e-08, 2.66726605247e-08, 1.46946703694e-08, 1.24743904095e-08, 1.92939051402e-08, 1.29079813505e-08, 1.24471227991e-07, 4.09966901316e-07, 2.56430183754e-07, 2.89775883289e-08, 7.36525063161e-09, 6.76748657114e-10, 1.16189405319e-10, 2.88795293235e-10, 6.33679849045e-13, 2.66152654513e-16]
    mfcc:
        mean: [-751.350830078, 111.481208801, -36.3744468689, 41.4498023987, -1.29278588295, 9.73642635345, 19.5217933655, -1.1071485281, -0.676240503788, -4.06495761871, 2.24333095551, -5.3403635025, -1.70517909527]
        cov: [[3894.40014648, -1370.53613281, 256.95703125, -136.624771118, -235.116409302, -228.333007812, -142.714126587, 14.8794240952, -117.063751221, -12.6586990356, -56.6672058105, 139.461929321, 167.802078247], [-1370.53613281, 1673.48510742, -72.8452148438, -104.312263489, -152.766418457, -47.2490768433, 97.2997283936, 35.5971260071, 18.6012077332, -92.0561752319, 5.66591978073, -61.1102714539, -45.0448303223], [256.95703125, -72.8452148438, 862.275878906, -33.0285377502, 74.4150619507, -6.57414007187, -6.94807910919, -25.6391296387, 5.9757270813, -14.8702297211, -21.5560817719, 16.9896430969, -23.7458057404], [-136.624771118, -104.312263489, -33.0285377502, 443.494567871, 255.272842407, 104.216087341, -17.6154308319, -20.2912368774, 36.6713104248, 53.5114097595, 17.912191391, -18.4880428314, -12.783657074], [-235.116409302, -152.766418457, 74.4150619507, 255.272842407, 466.59854126, 199.171463013, 32.4780654907, -11.3744010925, 55.3204269409, 85.7598800659, 51.7570610046, 1.5040538311, -20.5818347931], [-228.333007812, -47.2490768433, -6.57414007187, 104.216087341, 199.171463013, 212.148880005, 94.2974090576, 38.0651130676, 44.0615844727, 42.4773178101, 46.7095794678, 34.3386688232, 3.87135004997], [-142.714126587, 97.2997283936, -6.94807910919, -17.6154308319, 32.4780654907, 94.2974090576, 170.362365723, 68.1939468384, 49.1362419128, 6.88425922394, 40.9793548584, 18.2437229156, 22.4550590515], [14.8794240952, 35.5971260071, -25.6391296387, -20.2912368774, -11.3744010925, 38.0651130676, 68.1939468384, 189.401397705, 41.0422363281, 44.8879203796, 1.42854773998, 13.4365558624, 37.4850730896], [-117.063751221, 18.6012077332, 5.9757270813, 36.6713104248, 55.3204269409, 44.0615844727, 49.1362419128, 41.0422363281, 121.308692932, 50.5702934265, 29.7175369263, 10.2986059189, -0.497520774603], [-12.6586990356, -92.0561752319, -14.8702297211, 53.5114097595, 85.7598800659, 42.4773178101, 6.88425922394, 44.8879203796, 50.5702934265, 104.958564758, 42.3438720703, 12.0706062317, 11.1933698654], [-56.6672058105, 5.66591978073, -21.5560817719, 17.912191391, 51.7570610046, 46.7095794678, 40.9793548584, 1.42854773998, 29.7175369263, 42.3438720703, 81.959602356, 36.4434356689, 17.6996955872], [139.461929321, -61.1102714539, 16.9896430969, -18.4880428314, 1.5040538311, 34.3386688232, 18.2437229156, 13.4365558624, 10.2986059189, 12.0706062317, 36.4434356689, 83.1664657593, 40.7863082886], [167.802078247, -45.0448303223, -23.7458057404, -12.783657074, -20.5818347931, 3.87135004997, 22.4550590515, 37.4850730896, -0.497520774603, 11.1933698654, 17.6996955872, 40.7863082886, 70.6172409058]]
        icov: [[0.000499904155731, 0.000399910262786, -0.000121270248201, -3.79117118428e-05, 4.94430096296e-05, 0.000661106372718, -0.000106977429823, -0.000138085757499, 0.000213324150536, 0.000123955192976, 0.000193188840058, -0.000577178318053, -0.000628154550213], [0.000399910262786, 0.00105781736784, -5.97789730818e-05, -2.27387045015e-05, 0.000176520436071, 0.000686729967128, -0.000350293412339, -0.000494647596497, -8.19242268335e-05, 0.00111134618055, -0.000740868970752, 0.000153166154632, 8.51282675285e-06], [-0.000121270248201, -5.97789730818e-05, 0.00132942467462, 0.000257343228441, -0.000667696411256, 0.000526284100488, -0.000346094719134, 9.92386121652e-05, -0.000166762707522, 9.17242141441e-05, 0.000754607375711, -0.000985552091151, 0.000941944366787], [-3.79117118428e-05, -2.27387045015e-05, 0.000257343228441, 0.0036047694739, -0.00170444033574, -0.000890142226126, 0.00124123331625, 0.000341821840266, -0.000802175141871, -2.95558788821e-06, 9.03804975678e-05, 0.00145518966019, -0.00107773707714], [4.94430096296e-05, 0.000176520436071, -0.000667696411256, -0.00170444033574, 0.00579329393804, -0.00485725607723, 0.00105865579098, 0.00104516022839, -0.000149976011016, -0.00210736924782, -0.000993689638563, 0.00212168088183, -0.000117990828585], [0.000661106372718, 0.000686729967128, 0.000526284100488, -0.000890142226126, -0.00485725607723, 0.0145613122731, -0.00686898967251, -0.00139038776979, 0.00148512539454, -0.000396177667426, 0.00120353628881, -0.00759493419901, 0.00374945392832], [-0.000106977429823, -0.000350293412339, -0.000346094719134, 0.00124123331625, 0.00105865579098, -0.00686898967251, 0.0136557649821, -0.00342177040875, -0.00404094718397, 0.00612187711522, -0.00714567909017, 0.00534642068669, -0.00399749865755], [-0.000138085757499, -0.000494647596497, 9.92386121652e-05, 0.000341821840266, 0.00104516022839, -0.00139038776979, -0.00342177040875, 0.00940158590674, -0.000778902496677, -0.00630390131846, 0.00593603635207, 5.21525435033e-05, -0.0039380164817], [0.000213324150536, -8.19242268335e-05, -0.000166762707522, -0.000802175141871, -0.000149976011016, 0.00148512539454, -0.00404094718397, -0.000778902496677, 0.0127272997051, -0.00591461965814, 0.000503322167788, -0.00270532537252, 0.00327636371367], [0.000123955192976, 0.00111134618055, 9.17242141441e-05, -2.95558788821e-06, -0.00210736924782, -0.000396177667426, 0.00612187711522, -0.00630390131846, -0.00591461965814, 0.0221555773169, -0.012133714743, 0.0040986626409, -0.00162776710931], [0.000193188840058, -0.000740868970752, 0.000754607375711, 9.03804975678e-05, -0.000993689638563, 0.00120353628881, -0.00714567909017, 0.00593603635207, 0.000503322167788, -0.012133714743, 0.0269433446229, -0.0107206264511, -0.000530319346581], [-0.000577178318053, 0.000153166154632, -0.000985552091151, 0.00145518966019, 0.00212168088183, -0.00759493419901, 0.00534642068669, 5.21525435033e-05, -0.00270532537252, 0.0040986626409, -0.0107206264511, 0.0260151252151, -0.0122989835218], [-0.000628154550213, 8.51282675285e-06, 0.000941944366787, -0.00107773707714, -0.000117990828585, 0.00374945392832, -0.00399749865755, -0.0039380164817, 0.00327636371367, -0.00162776710931, -0.000530319346581, -0.0122989835218, 0.0264196507633]]
    spectral_contrast:
        mean: [-5.48876677442e-08, -2.74921262644e-07, 1.92298713841e-07, 1.83073876059e-08, -1.52877035475e-07, 1.72208444837e-07, 3.04921918826e-08, -3.04925356431e-06, -2.13252178582e-06, 1.03673448848e-06, 1.79917719834e-07, 4.16335706177e-06]
        var: [0.000381228193874, 0.000689554668497, 0.00156097533181, 0.00186466635205, 0.00247516063973, 0.0053641856648, 0.0857989192009, 0.1520139575, 0.292920142412, 0.534965872765, 0.806488275528, 2.26329112053]

rhythm:
    beats_loudness:
        dmean: 0.00276304036379
        dmean2: 0.00451135449111
        dvar: 3.60969329449e-06
        dvar2: 7.96523636382e-06
        max: 0.00992847327143
        mean: 0.0047915992327
        min: 0.00141125032678
        var: 6.6560128289e-06
    beats_loudness_bass:
        dmean: 0.333881646395
        dmean2: 0.56146979332
        dvar: 0.0591720305383
        dvar2: 0.118858188391
        max: 0.918795108795
        mean: 0.446787148714
        min: 0.0802326127887
        var: 0.0842001140118
    bpm: 148.884414673
    bpm_confidence: 0
    first_peak_bpm: 149
    first_peak_spread: 0
    first_peak_weight: 0.956521749496
    onset_rate: 4.2867026329
    second_peak_bpm: 137
    second_peak_spread: 0
    second_peak_weight: 0.0434782616794
    beats_position: [0.367342442274, 0.770067811012, 1.17279314995, 1.57551848888, 1.97824382782, 2.38096928596, 2.78369450569, 3.18641996384, 3.58914542198, 3.99187064171, 4.39459609985, 4.79732131958, 5.20004653931, 5.60277223587, 6.03995466232, 6.44309234619, 6.8462305069, 7.24936914444, 7.65250682831, 8.05564498901, 8.45878314972, 8.86192131042, 9.26505947113, 9.66819667816]
    bpm_estimates: [148.992050171, 148.978164673, 148.984481812, 149.15486145, 148.994018555, 149.426696777, 147.771362305, 148.791397095, 148.86668396]
    bpm_intervals: [0.402725368738, 0.402725338936, 0.402725338936, 0.402725338936, 0.402725458145, 0.402725219727, 0.402725458145, 0.402725458145, 0.402725219727, 0.402725458145, 0.402725219727, 0.402725219727, 0.402725696564, 0.437182426453, 0.403137683868, 0.403138160706, 0.403138637543, 0.403137683868, 0.403138160706, 0.403138160706, 0.403138160706, 0.403138160706, 0.403137207031]
    onset_times: [0.0464399084449, 0.359909296036, 0.49922901392, 0.766258478165, 1.17260766029, 1.5673469305, 1.78793644905, 1.95047616959, 2.12462592125, 2.38004541397, 2.57741498947, 2.7863945961, 3.20435380936, 3.40172338486, 3.61070299149, 4.01705217361, 4.2492518425, 4.41179132462, 4.65560102463, 4.82975053787, 5.02712011337, 5.22448968887, 5.44507932663, 5.630838871, 5.83981847763, 6.03718805313, 6.44353723526, 6.64090681076, 6.84988641739, 7.25623559952, 7.58131504059, 7.65097522736, 7.90639448166, 8.06893444061, 8.26630401611, 8.46367359161, 8.6958732605, 8.87002277374, 9.10222244263, 9.27637195587, 9.682721138, 9.89170074463, 10.0194101334]
    rubato_start: []
    rubato_stop: []
    perceptual_tempo: "unknown"

sfx:
    inharmonicity:
        dmean: 0.047804094851
        dmean2: 0.0847472175956
        dvar: 0.00339964427985
        dvar2: 0.0093063917011
        max: 0.361615628004
        mean: 0.0508296042681
        min: 0
        var: 0.00348791945726
    oddtoevenharmonicenergyratio:
        dmean: 2.96347236633
        dmean2: 5.49420595169
        dvar: 52.5167007446
        dvar2: 154.276992798
        max: 68.3934020996
        mean: 2.00103926659
        min: 0
        var: 32.7035751343
    pitch_after_max_to_before_max_energy_ratio: 8.32926845551
    pitch_centroid: 176.748260498
    pitch_max_to_total: 0.00925925932825
    pitch_min_to_total: 0.0324074067175
    tristimulus:
        dmean: [0.207842707634, 0.244950652122, 0.129811584949]
        dmean2: [0.359479576349, 0.420569479465, 0.23183389008]
        dvar: [0.0327299796045, 0.0445650182664, 0.0181913599372]
        dvar2: [0.0819885879755, 0.127323329449, 0.0518678314984]
        max: [1, 0.982670485973, 0.823986411095]
        mean: [0.381385117769, 0.436257183552, 0.14721301198]
        min: [0.00435865670443, 0, 0]
        var: [0.063844025135, 0.0611764006317, 0.0217926371843]

tonal:
    chords_changes_rate: 0.129032254219
    chords_number_rate: 0.0276497695595
    chords_strength:
        dmean: 0.0107660591602
        dmean2: 0.011980149895
        dvar: 7.39342067391e-05
        dvar2: 8.95526536624e-05
        max: 0.555623412132
        mean: 0.406191766262
        min: 0.277887076139
        var: 0.00553106842563
    key_strength: 0.515520393848
    tuning_diatonic_strength: 0.492010593414
    tuning_equal_tempered_deviation: 0.173173621297
    tuning_frequency: 441.272583008
    tuning_nontempered_energy_ratio: 0.791898310184
    hpcp:
        dmean: [0.152709186077, 0.198213711381, 0.218491852283, 0.226036712527, 0.238667264581, 0.215506464243, 0.240231409669, 0.214213013649, 0.172763541341, 0.159701034427, 0.140398204327, 0.157072141767, 0.124529130757, 0.12825538218, 0.147386550903, 0.142517983913, 0.095804348588, 0.0889739915729, 0.104248777032, 0.0846224725246, 0.0797716602683, 0.0673457980156, 0.0683015584946, 0.115518294275, 0.167705982924, 0.158379763365, 0.134492501616, 0.141837000847, 0.132264718413, 0.124227695167, 0.118214644492, 0.119587630033, 0.152802631259, 0.144471824169, 0.12824395299, 0.130757823586]
        dmean2: [0.250138431787, 0.334581077099, 0.370838701725, 0.396178603172, 0.398175358772, 0.380892634392, 0.404925763607, 0.362445443869, 0.283957988024, 0.268344014883, 0.235913291574, 0.268105119467, 0.205909013748, 0.22560018301, 0.263000816107, 0.245962306857, 0.160579696298, 0.138228982687, 0.172214969993, 0.142765015364, 0.134874939919, 0.11441089958, 0.112798631191, 0.187662601471, 0.274144560099, 0.27302646637, 0.227881997824, 0.234102651477, 0.220316752791, 0.210397318006, 0.196808457375, 0.191556409001, 0.254522532225, 0.241656348109, 0.207770377398, 0.221815258265]
        dvar: [0.0357160232961, 0.051964726299, 0.0445498563349, 0.0725497603416, 0.0549310222268, 0.051489777863, 0.0632898285985, 0.0662460178137, 0.034223575145, 0.0405691713095, 0.0352896787226, 0.0463697202504, 0.0292674023658, 0.0484864860773, 0.0520599558949, 0.0403624586761, 0.0267076957971, 0.0265633910894, 0.0337450653315, 0.0180836897343, 0.0170950368047, 0.0117522543296, 0.0109692336991, 0.0245077647269, 0.039856210351, 0.0403932854533, 0.0337283350527, 0.0381468497217, 0.0328795574605, 0.0305975563824, 0.0315038710833, 0.0318007096648, 0.0414027459919, 0.0497161485255, 0.0394106321037, 0.0353823378682]
        dvar2: [0.0899427160621, 0.128366872668, 0.112018540502, 0.158104747534, 0.148524850607, 0.145904228091, 0.182277664542, 0.16642716527, 0.0805858448148, 0.09889844805, 0.0864410921931, 0.124706491828, 0.0732341259718, 0.139859750867, 0.135691568255, 0.105752810836, 0.0681166723371, 0.0599925629795, 0.0965689346194, 0.0487581156194, 0.0452556051314, 0.0310928747058, 0.0285965185612, 0.0612947642803, 0.096247240901, 0.108130536973, 0.0927999168634, 0.097528167069, 0.08850286901, 0.0842327103019, 0.0838944911957, 0.0790802165866, 0.104420997202, 0.118191316724, 0.0966354757547, 0.0894782990217]
        max: [1, 1, 1, 1, 1, 1, 1, 1, 1, 1, 1, 1, 0.914011240005, 1, 1, 1, 1, 1, 1, 1, 0.860844731331, 0.657570719719, 0.88902837038, 1, 1, 1, 1, 0.969750642776, 1, 0.863601207733, 1, 1, 1, 1, 1, 1]
        mean: [0.190091341734, 0.230081498623, 0.363871574402, 0.546752095222, 0.435473382473, 0.247610032558, 0.277307152748, 0.282223254442, 0.241196244955, 0.227735936642, 0.201296582818, 0.170751303434, 0.140993773937, 0.142331019044, 0.170457065105, 0.15273848176, 0.123391136527, 0.126476764679, 0.122260056436, 0.103002786636, 0.0893552079797, 0.0788849145174, 0.0904104635119, 0.180351361632, 0.254418253899, 0.219898819923, 0.178815752268, 0.174732476473, 0.157489672303, 0.138333678246, 0.135726168752, 0.157343178988, 0.202577531338, 0.205403089523, 0.164653480053, 0.155134484172]
        min: [0.000690745247994, 0.00196865666658, 0.00243783346377, 0.00101268524304, 0.000380345969461, 0.000373691524146, 0.000490183068905, 0.000264315778622, 0.000331140618073, 0.000117292860523, 0.00016269061598, 0.000192593317479, 0.000203115690965, 0.000288637995254, 0.000492404506076, 0.00126668671146, 0.000849299191032, 0.00040606156108, 0.00052647391567, 0.000207486067666, 1.38055656862e-05, 5.88263901591e-05, 0.000259497697698, 0.000395360373659, 0.000402785459301, 0.000421945005655, 0.0020404458046, 0.00305744446814, 0.00202128570527, 0.000342871790053, 0.000310992909363, 0.00046907379874, 0.00146968208719, 0.00253367866389, 0.00158503407147, 0.000453002052382]
        var: [0.0493725053966, 0.0682882666588, 0.0755905881524, 0.152809306979, 0.0988352820277, 0.0532680898905, 0.0813650563359, 0.0973077937961, 0.0615141652524, 0.0639766156673, 0.0473935604095, 0.0506829433143, 0.0321145504713, 0.0400787033141, 0.0522180683911, 0.039757873863, 0.0300230439752, 0.0388705506921, 0.0400551520288, 0.0198724921793, 0.0149583565071, 0.0113343698904, 0.0139494510368, 0.0416323505342, 0.0697043538094, 0.051662877202, 0.0412142761052, 0.0438740588725, 0.0337157659233, 0.0294535495341, 0.0306365210563, 0.0345803573728, 0.0496110618114, 0.0696387737989, 0.0531022958457, 0.040308624506]
    chords_histogram: [35.0230407715, 0, 3.68663597107, 0, 0, 0.460829496384, 16.5898609161, 25.3456230164, 0, 0.460829496384, 0, 0, 0, 0, 0, 0, 0, 0, 0, 0, 0, 0, 10.5990781784, 7.8341012001]
    thpcp: [1, 0.79647320509, 0.452874422073, 0.507189929485, 0.516181409359, 0.44114369154, 0.416525036097, 0.368167936802, 0.312301129103, 0.257875144482, 0.260320931673, 0.311762988567, 0.279356002808, 0.225680232048, 0.231323778629, 0.223611503839, 0.188390284777, 0.163429111242, 0.144279122353, 0.165359154344, 0.329859465361, 0.46532651782, 0.402191102505, 0.327050864697, 0.319582641125, 0.288045853376, 0.25300988555, 0.248240783811, 0.287777930498, 0.370510756969, 0.375678658485, 0.301148325205, 0.283738255501, 0.347673743963, 0.4208150208, 0.665514707565]
    chords_key: "A#"
    chords_scale: "minor"
    key_key: "A#"
    key_scale: "minor"
    chords_progression: ["F#", "F#", "F#", "A#m", "F#", "F#", "F#", "F#", "F#", "F#", "F#", "F#", "F#", "F#", "F#", "F#", "F#", "F#", "A#m", "A#m", "A#m", "A#m", "A#m", "A#m", "A#m", "A#m", "A#m", "A#m", "A#m", "A#m", "A#m", "A#m", "A#m", "A#m", "A#m", "A#m", "A#m", "A#m", "A#m", "A#m", "A#m", "A#m", "A#m", "A#m", "A#m", "A#", "A#", "A#", "A#", "A#", "A#", "Fm", "Fm", "Fm", "Fm", "Fm", "A#", "A#", "A#", "A#", "A#", "A#", "A#", "A#", "A#", "A#", "A#", "A#", "A#", "A#", "A#", "A#", "A#", "A#", "D#m", "D#m", "D#m", "D#m", "D#m", "D#m", "D#m", "D#m", "D#m", "D#m", "D#m", "D#m", "D#m", "D#m", "D#m", "A#", "A#", "A#", "D#m", "D#m", "D#m", "D#m", "D#m", "D#", "A#", "A#", "Gm", "Gm", "Gm", "Gm", "Gm", "A#", "Gm", "A#", "A#", "A#", "A#", "A#", "A#", "A#", "A#m", "A#", "A#m", "Gm", "Gm", "Gm", "Gm", "Gm", "Gm", "Gm", "Gm", "Gm", "Gm", "Gm", "Gm", "Gm", "Gm", "Gm", "Gm", "Gm", "Gm", "Gm", "Gm", "A#", "A#", "A#", "Gm", "Gm", "Gm", "A#", "A#", "A#", "A#", "Gm", "Gm", "Gm", "Gm", "Gm", "Gm", "Gm", "D#m", "D#m", "D#m", "A#", "A#", "A#", "A#", "A#", "A#", "A#", "A#", "A#", "A#", "A#m", "A#m", "A#m", "A#m", "A#m", "A#m", "A#m", "A#m", "A#m", "A#m", "A#m", "A#m", "A#m", "A#m", "A#m", "A#m", "A#m", "A#m", "A#m", "A#m", "A#m", "A#m", "A#m", "A#m", "A#m", "A#m", "A#m", "A#m", "A#m", "A#m", "A#m", "A#m", "A#m", "A#m", "A#m", "A#m", "A#m", "A#m", "A#m", "A#m", "A#m", "A#m", "A#m", "A#m", "A#m", "A#m", "F", "Fm", "Fm", "Fm"]
