
metadata:
    version:
        essentia: "1.2.2"
    audio_properties:
        analysis_sample_rate: 44100
        bitrate: 128
        channels: 2
        equal_loudness: 1
        length: 10.0048980713
        replay_gain: -6.93168067932
        downmix: "mix"
    tags:
        track: 4
        year: 0
        album: "Splitted by Mp3Splt v. 2.1"
        artist: "From 000.30 To 000.40"
        comment: "http://mp3splt.sf.net"
        genre: ""
        title: "01 Steaming [Radio Version].mp"

highlevel:
    ballroom:
        all:
            ChaChaCha: 0.100055299699
            Jive: 0.194694921374
            Quickstep: 0.187060385942
            Rumba-American: 0.00802151300013
            Rumba-International: 0.0991840362549
            Rumba-Misc: 0.0417884252965
            Samba: 0.330967456102
            Tango: 0.00430788006634
            VienneseWaltz: 0.0179193168879
            Waltz: 0.0160007569939
        probability: 0.330967456102
        value: "Samba"
    culture:
        all:
            non_western: 0.76839196682
            western: 0.23160803318
        probability: 0.76839196682
        value: "non_western"
    gender:
        all:
            female: 0.637576699257
            male: 0.362423300743
        probability: 0.637576699257
        value: "female"
    genre_dortmund:
        all:
            alternative: 0.0107360240072
            blues: 0.0211962927133
            electronic: 0.0409090667963
            folkcountry: 0.037031468004
            funksoulrnb: 0.0316251926124
            jazz: 0.786667585373
            pop: 0.0519195720553
            raphiphop: 0.00520522380248
            rock: 0.0147095825523
        probability: 0.786667585373
        value: "jazz"
    genre_electronica:
        all:
            ambient: 0.562517225742
            dnb: 0.148913368583
            house: 0.103507936001
            techno: 0.0199675969779
            trance: 0.165093883872
        probability: 0.562517225742
        value: "ambient"
    genre_rosamerica:
        all:
            cla: 0.0357002206147
            dan: 0.048177279532
            hip: 0.0245055817068
            jaz: 0.302926599979
            pop: 0.393847286701
            rhy: 0.167491838336
            roc: 0.0144658042118
            spe: 0.0128853973001
        probability: 0.393847286701
        value: "pop"
    genre_tzanetakis:
        all:
            blu: 0.00702604465187
            cla: 0.00604090932757
            cou: 0.0129483332857
            dis: 0.0117750195786
            hip: 0.00875911768526
            jaz: 0.0401457324624
            met: 0.00605659838766
            pop: 0.780869841576
            reg: 0.0383752919734
            roc: 0.0880030840635
        probability: 0.780869841576
        value: "pop"
    live_studio:
        all:
            live: 0.952997148037
            studio: 0.0470028631389
        probability: 0.952997148037
        value: "live"
    mood:
        all:
            Cluster1: 0.231711238623
            Cluster2: 0.401875734329
            Cluster3: 0.090041346848
            Cluster4: 0.215109437704
            Cluster5: 0.0612622611225
        probability: 0.401875734329
        value: "Cluster2"
    mood_acoustic:
        all:
            acoustic: 0.397703677416
            not_acoustic: 0.602296292782
        probability: 0.602296292782
        value: "not_acoustic"
    mood_aggressive:
        all:
            aggressive: 0.0160469971597
            not_aggressive: 0.983952999115
        probability: 0.983952999115
        value: "not_aggressive"
    mood_electronic:
        all:
            electronic: 0.706130623817
            not_electronic: 0.293869405985
        probability: 0.706130623817
        value: "electronic"
    mood_happy:
        all:
            happy: 0.218790248036
            not_happy: 0.781209766865
        probability: 0.781209766865
        value: "not_happy"
    mood_party:
        all:
            not_party: 0.729531764984
            party: 0.270468205214
        probability: 0.729531764984
        value: "not_party"
    mood_relaxed:
        all:
            not_relaxed: 0.0545216724277
            relaxed: 0.945478320122
        probability: 0.945478320122
        value: "relaxed"
    mood_sad:
        all:
            not_sad: 0.344810843468
            sad: 0.655189156532
        probability: 0.655189156532
        value: "sad"
    rhythm:
        all:
            fast: 0.337243050337
            medium: 0.582035124302
            slow: 0.0807218179107
        probability: 0.582035124302
        value: "medium"
    speech_music:
        all:
            music: 0.984944880009
            speech: 0.0150551376864
        probability: 0.984944880009
        value: "music"
    timbre:
        all:
            bright: 0.0279821213335
            dark: 0.972017884254
        probability: 0.972017884254
        value: "dark"
    voice_instrumental:
        all:
            instrumental: 0.716423869133
            voice: 0.283576130867
        probability: 0.716423869133
        value: "instrumental"

lowlevel:
    average_loudness: 0.85248208046
    barkbands_kurtosis:
        dmean: 1.85990989208
        dmean2: 2.81055951118
        dvar: 8.44829368591
        dvar2: 15.5899114609
        max: 54.3014793396
        mean: 2.34271287918
        min: -1.8649892807
        var: 47.2555389404
    barkbands_skewness:
        dmean: 0.488095909357
        dmean2: 0.733374595642
        dvar: 0.234129592776
        dvar2: 0.479779034853
        max: 7.30606794357
        mean: 1.35305166245
        min: -1.34872245789
        var: 1.7013092041
    barkbands_spread:
        dmean: 5.55542564392
        dmean2: 8.65681362152
        dvar: 33.203414917
        dvar2: 71.7604064941
        max: 60.735118866
        mean: 30.7718830109
        min: 3.63566946983
        var: 170.619003296
    dissonance:
        dmean: 0.0211738497019
        dmean2: 0.0354904904962
        dvar: 0.000387268373743
        dvar2: 0.00100517773535
        max: 0.498550772667
        mean: 0.446129083633
        min: 0.331946402788
        var: 0.00103645701893
    hfc:
        dmean: 1.15264010429
        dmean2: 1.85632944107
        dvar: 3.86111497879
        dvar2: 9.63972663879
        max: 22.9526805878
        mean: 3.6777472496
        min: 0.123018689454
        var: 10.4444990158
    pitch:
        dmean: 688.969848633
        dmean2: 1351.21618652
        dvar: 1961582.625
        dvar2: 5371842
        max: 4900
        mean: 1281.64172363
        min: 67.4311904907
        var: 3000480.75
    pitch_instantaneous_confidence:
        dmean: 0.0788654536009
        dmean2: 0.123617909849
        dvar: 0.00490721641108
        dvar2: 0.0115049704909
        max: 0.873743891716
        mean: 0.515603601933
        min: 0.179393053055
        var: 0.0296260342002
    pitch_salience:
        dmean: 0.0640595033765
        dmean2: 0.0998772829771
        dvar: 0.00311243487522
        dvar2: 0.00747054209933
        max: 0.830321788788
        mean: 0.568016648293
        min: 0.166279241443
        var: 0.0152891092002
    silence_rate_20dB:
        dmean: 0
        dmean2: 0
        dvar: 0
        dvar2: 0
        max: 1
        mean: 1
        min: 1
        var: 0
    silence_rate_30dB:
        dmean: 0
        dmean2: 0
        dvar: 0
        dvar2: 0
        max: 1
        mean: 1
        min: 1
        var: 0
    silence_rate_60dB:
        dmean: 0.0744186043739
        dmean2: 0.146853148937
        dvar: 0.0688807889819
        dvar2: 0.143934890628
        max: 1
        mean: 0.631090462208
        min: 0
        var: 0.232815414667
    spectral_centroid:
        dmean: 264.384918213
        dmean2: 417.713226318
        dvar: 120807.828125
        dvar2: 255110.109375
        max: 3798.5637207
        mean: 1271.89147949
        min: 297.532684326
        var: 453598.5
    spectral_complexity:
        dmean: 1.98598134518
        dmean2: 3.30679154396
        dvar: 7.26148509979
        dvar2: 19.0604476929
        max: 26
        mean: 7.16550111771
        min: 0
        var: 18.0029182434
    spectral_crest:
        dmean: 1.83271074295
        dmean2: 2.98132443428
        dvar: 2.94404363632
        dvar2: 6.90643692017
        max: 25.7942771912
        mean: 9.4225692749
        min: 3.34827303886
        var: 22.5093402863
    spectral_decrease:
        dmean: 2.57618676391e-10
        dmean2: 3.74546921256e-10
        dvar: 1.70145222964e-19
        dvar2: 3.77343406931e-19
        max: -1.97054646905e-11
        mean: -8.08748734649e-10
        min: -5.42946088089e-09
        var: 6.78882017973e-19
    spectral_energy:
        dmean: 0.00105945928954
        dmean2: 0.001547513064
        dvar: 2.8249510251e-06
        dvar2: 6.3812440203e-06
        max: 0.0214544255286
        mean: 0.00338598736562
        min: 8.65236797836e-05
        var: 1.0995613593e-05
    spectral_energyband_high:
        dmean: 0.000130386644742
        dmean2: 0.000213197781704
        dvar: 4.92124492268e-08
        dvar2: 1.20369037404e-07
        max: 0.00185013131704
        mean: 0.00032631814247
        min: 3.52229426426e-06
        var: 1.15984036597e-07
    spectral_energyband_low:
        dmean: 4.71193743579e-05
        dmean2: 7.85995434853e-05
        dvar: 1.59240212128e-08
        dvar2: 4.37606182402e-08
        max: 0.0013811881654
        mean: 9.05158522073e-05
        min: 9.16057160794e-07
        var: 2.05379766527e-08
    spectral_energyband_middle_high:
        dmean: 0.000180665738299
        dmean2: 0.000305471825413
        dvar: 1.0589566557e-07
        dvar2: 2.62505039927e-07
        max: 0.00401104427874
        mean: 0.000496610067785
        min: 1.19298056234e-05
        var: 2.55158425944e-07
    spectral_energyband_middle_low:
        dmean: 0.000876758014783
        dmean2: 0.00126717041712
        dvar: 2.11161864172e-06
        dvar2: 4.41761267211e-06
        max: 0.0201072245836
        mean: 0.00247253244743
        min: 5.44247268408e-05
        var: 8.81515734363e-06
    spectral_flatness_db:
        dmean: 0.0164008773863
        dmean2: 0.0240375511348
        dvar: 0.000201583621674
        dvar2: 0.000430530722952
        max: 0.348590046167
        mean: 0.155509799719
        min: 0.0728800818324
        var: 0.00198718416505
    spectral_flux:
        dmean: 0.00699790008366
        dmean2: 0.0107833985239
        dvar: 7.94989755377e-05
        dvar2: 0.000156677881023
        max: 0.0957725867629
        mean: 0.0257430691272
        min: 0.00525890942663
        var: 0.000220076603
    spectral_kurtosis:
        dmean: 0.572451174259
        dmean2: 0.879063427448
        dvar: 0.419899642467
        dvar2: 0.85194671154
        max: 8.69983100891
        mean: 2.11684727669
        min: -0.753736495972
        var: 1.54958772659
    spectral_rms:
        dmean: 0.000253711623373
        dmean2: 0.000367375352653
        dvar: 1.01303150757e-07
        dvar2: 2.30240814858e-07
        max: 0.00457505695522
        mean: 0.00165008322801
        min: 0.000290539755952
        var: 5.80629091473e-07
    spectral_rolloff:
        dmean: 606.552001953
        dmean2: 997.940734863
        dvar: 729217.0625
        dvar2: 1579644.5
        max: 6115.4296875
        mean: 2564.35839844
        min: 236.865234375
        var: 2679903.75
    spectral_skewness:
        dmean: 0.138474404812
        dmean2: 0.205029144883
        dvar: 0.0219965577126
        dvar2: 0.0424698293209
        max: 2.57151436806
        mean: 1.30044341087
        min: 0.310242921114
        var: 0.120831757784
    spectral_spread:
        dmean: 743480.75
        dmean2: 1097422.75
        dvar: 707643310080
        dvar2: 1.44625657446e+12
        max: 12496684
        mean: 7223346
        min: 3577548.25
        var: 2.4785738793e+12
    spectral_strongpeak:
        dmean: 0.183086499572
        dmean2: 0.29847073555
        dvar: 0.0878966674209
        dvar2: 0.208473756909
        max: 2.54895448685
        mean: 0.446986347437
        min: 0.0143218189478
        var: 0.161520510912
    zerocrossingrate:
        dmean: 0.0102721601725
        dmean2: 0.0125283589587
        dvar: 9.59017925197e-05
        dvar2: 0.000116807270388
        max: 0.1796875
        mean: 0.0836406424642
        min: 0.0146484375
        var: 0.00109859567601
    barkbands:
        dmean: [2.01302114533e-07, 1.73460757651e-05, 3.39383987011e-05, 5.75891099288e-05, 0.000446554477094, 0.00035107077565, 0.000147541752085, 0.000133889523568, 3.02992466459e-05, 2.36327159655e-05, 1.43314546222e-05, 1.54591925821e-05, 1.25447049868e-05, 6.63547371005e-06, 1.46003112604e-05, 1.8048174752e-05, 2.63281453954e-05, 4.66746496386e-05, 7.6663964137e-05, 9.18645164347e-05, 6.95522394381e-05, 1.87153236766e-05, 5.73456918573e-06, 2.91779497275e-06, 1.54048655077e-06, 1.20586662433e-07, 1.44035738892e-09]
        dmean2: [3.00729880109e-07, 2.96412672469e-05, 5.71368000237e-05, 0.000100171477243, 0.000642559316475, 0.000520974863321, 0.00025475784787, 0.000212163286051, 4.85953132738e-05, 3.65470550605e-05, 2.30888563237e-05, 2.46410127147e-05, 2.01612565434e-05, 1.10618602776e-05, 2.34667095356e-05, 3.03598735627e-05, 4.36433037976e-05, 7.84196890891e-05, 0.000129146894324, 0.000156671259901, 0.000113228590635, 3.20629551425e-05, 9.92104651232e-06, 4.63466039946e-06, 2.43035469794e-06, 1.86859423934e-07, 2.23903229291e-09]
        dvar: [1.90706771121e-13, 2.94203306161e-09, 7.18277970435e-09, 4.85245843507e-09, 6.05211994298e-07, 5.8297717942e-07, 9.50224361418e-08, 8.36822522388e-08, 1.87331927748e-09, 9.71894786872e-10, 5.92193072357e-10, 7.28576421416e-10, 3.17123383109e-10, 1.37530847821e-10, 5.56021118037e-10, 3.89697296654e-09, 3.04586000865e-09, 7.85790277291e-09, 1.13084261955e-08, 3.10243954971e-08, 1.44793510515e-08, 1.5313447177e-09, 2.00919517135e-10, 2.22487549217e-11, 5.85501222158e-12, 5.53478839366e-14, 4.33782182076e-17]
        dvar2: [3.78399704149e-13, 8.28980528667e-09, 1.92706384183e-08, 1.39536853183e-08, 1.18762102375e-06, 1.2448972484e-06, 2.60491759718e-07, 2.22250207571e-07, 4.77300199364e-09, 2.28455543372e-09, 1.46570211523e-09, 1.50167611679e-09, 8.3975887355e-10, 3.2754643442e-10, 1.30856414593e-09, 9.79039871396e-09, 7.54303464134e-09, 1.94863005731e-08, 3.01145490766e-08, 8.4365503028e-08, 3.44969173227e-08, 4.28930402308e-09, 5.59797042055e-10, 5.08239665631e-11, 1.32645925494e-11, 1.41340511886e-13, 5.73828028771e-17]
        max: [4.78457559439e-06, 0.000657328404486, 0.000836927443743, 0.000488065648824, 0.0123151894659, 0.0114319017157, 0.00264547136612, 0.00228234915994, 0.00041766258073, 0.000451098167105, 0.000260361732217, 0.000454793160316, 0.000217712426092, 0.000148810941027, 0.000269016803941, 0.000990058877505, 0.000878911348991, 0.00108619115781, 0.000816786079668, 0.00163636775687, 0.00123277097009, 0.00031106127426, 0.000114773552923, 4.86541030114e-05, 2.34604722209e-05, 2.43215708906e-06, 1.24162198745e-07]
        mean: [4.03345097766e-07, 4.0474904381e-05, 4.96500324516e-05, 8.83118627826e-05, 0.00104319199454, 0.000773013744038, 0.000244098424446, 0.000263305584667, 5.64421570743e-05, 4.68461221317e-05, 2.17130072997e-05, 2.95331810776e-05, 1.93143932847e-05, 1.01950427052e-05, 2.33724695136e-05, 2.30330970226e-05, 4.58046706626e-05, 8.0384525063e-05, 0.000138033981784, 0.000183005497092, 0.000153917513671, 3.27834786731e-05, 9.08229503693e-06, 6.90444085194e-06, 2.99398288917e-06, 1.77524981382e-07, 1.44858713913e-09]
        min: [6.74203444809e-12, 7.87414293768e-08, 4.15171513168e-07, 1.88933952927e-07, 8.78250102687e-06, 5.98445876676e-06, 3.1532945286e-06, 1.85721251e-06, 9.52638743001e-07, 2.93050419486e-07, 2.20406505491e-07, 2.44874627242e-07, 2.66192444087e-07, 1.10287821542e-07, 1.91700422647e-07, 1.40387712122e-07, 3.1548950119e-07, 9.07398259642e-07, 1.18184834719e-06, 2.07525522455e-06, 1.63879133197e-06, 3.71751355033e-07, 1.3084145678e-07, 2.482048167e-08, 3.16604058526e-08, 8.76455186205e-10, 4.86102423505e-13]
        var: [4.39771157858e-13, 4.26226476336e-09, 7.70390951033e-09, 7.12981940154e-09, 3.36351104124e-06, 2.3283853352e-06, 1.13138156621e-07, 1.50250272668e-07, 4.96718266518e-09, 4.29804103419e-09, 7.9244499851e-10, 2.26268892511e-09, 5.54758072813e-10, 3.00652502894e-10, 1.17993648185e-09, 4.61447013933e-09, 9.45633082949e-09, 1.80643286996e-08, 2.41614017682e-08, 5.79207828366e-08, 3.18812922728e-08, 1.60860780252e-09, 2.14869427806e-10, 7.22215759419e-11, 1.09183755787e-11, 6.99464222436e-14, 4.21160067673e-17]
    mfcc:
        mean: [-745.510498047, 95.3701477051, -6.07728385925, 50.3619194031, -30.511138916, -16.1092300415, -4.30842113495, -17.4804401398, -11.3414020538, -10.1830854416, -6.66302633286, -1.21184360981, -5.82759332657]
        cov: [[2223.22119141, -511.111816406, -230.744628906, -86.1499404907, 120.695259094, -192.039901733, -69.8566665649, -69.3642272949, -56.5831680298, 11.4099111557, -97.8115386963, 72.694770813, -105.357788086], [-511.111816406, 485.910583496, 84.658493042, 46.7734680176, 31.9842433929, 91.7714691162, 80.2842254639, 29.6049118042, 28.8264694214, 22.8792629242, 6.5204873085, -10.7746973038, 13.5095338821], [-230.744628906, 84.658493042, 325.016571045, 26.9835147858, 76.7761459351, 5.00604486465, 29.0565509796, 55.779548645, 4.79842662811, -0.206562295556, -4.67237377167, 1.72859120369, 7.26392841339], [-86.1499404907, 46.7734680176, 26.9835147858, 260.043029785, -27.0178813934, 67.0358734131, 45.83959198, 7.42739534378, 38.4571647644, -6.10293722153, 7.16002607346, -14.4533147812, -6.38406229019], [120.695259094, 31.9842433929, 76.7761459351, -27.0178813934, 221.537734985, -12.0886592865, 5.45876741409, 35.1347503662, 15.1264715195, 13.049908638, -47.4560813904, 31.0615768433, -4.4124083519], [-192.039901733, 91.7714691162, 5.00604486465, 67.0358734131, -12.0886592865, 202.059677124, 55.6645240784, 40.3837165833, 86.249671936, 21.3332328796, 57.0230941772, -40.0943145752, 26.1611671448], [-69.8566665649, 80.2842254639, 29.0565509796, 45.83959198, 5.45876741409, 55.6645240784, 159.875579834, 12.2608070374, 14.5084648132, 12.8027696609, -1.50281393528, -3.69031906128, -24.8042736053], [-69.3642272949, 29.6049118042, 55.779548645, 7.42739534378, 35.1347503662, 40.3837165833, 12.2608070374, 102.064910889, 51.9280166626, 12.9574432373, 16.3507995605, 1.69330644608, 20.6059894562], [-56.5831680298, 28.8264694214, 4.79842662811, 38.4571647644, 15.1264715195, 86.249671936, 14.5084648132, 51.9280166626, 139.881103516, 37.7138671875, 39.4973258972, -11.4489116669, 21.3244132996], [11.4099111557, 22.8792629242, -0.206562295556, -6.10293722153, 13.049908638, 21.3332328796, 12.8027696609, 12.9574432373, 37.7138671875, 76.6274337769, 43.4157981873, 8.21209621429, -8.41077423096], [-97.8115386963, 6.5204873085, -4.67237377167, 7.16002607346, -47.4560813904, 57.0230941772, -1.50281393528, 16.3507995605, 39.4973258972, 43.4157981873, 127.820213318, 4.67603778839, 1.1863976717], [72.694770813, -10.7746973038, 1.72859120369, -14.4533147812, 31.0615768433, -40.0943145752, -3.69031906128, 1.69330644608, -11.4489116669, 8.21209621429, 4.67603778839, 78.9453125, -1.41590344906], [-105.357788086, 13.5095338821, 7.26392841339, -6.38406229019, -4.4124083519, 26.1611671448, -24.8042736053, 20.6059894562, 21.3244132996, -8.41077423096, 1.1863976717, -1.41590344906, 77.2799377441]]
        icov: [[0.000772681902163, 0.00072686036583, 0.000458143360447, -2.45854753302e-05, -0.000485237804241, 0.000112256901048, 2.58589134319e-05, 3.63432809536e-05, -5.22092886968e-05, -0.000430331041571, 0.000505997566506, -0.000357485609129, 0.000767414632719], [0.00072686036583, 0.00320461578667, -8.98963407963e-05, -0.000135916066938, -0.000594977405854, -0.000932881026529, -0.000810287194327, 8.38407868287e-05, 0.000389872293454, -0.00122348975856, 0.000880269857589, -0.000399569049478, 0.000165789591847], [0.000458143360447, -8.98963407963e-05, 0.00422913441435, -0.000595363264438, -0.00168672366999, 0.000984911457635, -0.000573925673962, -0.00199407199398, 0.000762233394198, 0.000271979952231, -0.000625887012575, 0.000662535778247, -4.7598969104e-05], [-2.45854753302e-05, -0.000135916066938, -0.000595363264438, 0.00465785386041, 0.000919560494367, -0.00135949975811, -0.000575526093598, 0.000521600421052, -0.00132524897344, 0.00112386688124, 0.000617527286522, -0.00054662412731, 0.00108841608744], [-0.000485237804241, -0.000594977405854, -0.00168672366999, 0.000919560494367, 0.007152128499, -0.00122160697356, 0.000783020397648, -0.00151930504944, -0.000827581621706, -0.00181385956239, 0.00391917210072, -0.00293862982653, 0.00107225868851], [0.000112256901048, -0.000932881026529, 0.000984911457635, -0.00135949975811, -0.00122160697356, 0.0109302122146, -0.00319254235364, -0.000635025731754, -0.0036903352011, 0.00148318486754, -0.00455429591238, 0.00491841277108, -0.00317427888513], [2.58589134319e-05, -0.000810287194327, -0.000573925673962, -0.000575526093598, 0.000783020397648, -0.00319254235364, 0.00873166788369, -0.000707310042344, 0.000597681326326, -0.00138478213921, 0.00228712870739, -0.00156779203098, 0.00392046617344], [3.63432809536e-05, 8.38407868287e-05, -0.00199407199398, 0.000521600421052, -0.00151930504944, -0.000635025731754, -0.000707310042344, 0.0145355425775, -0.00441490439698, 0.000670299981721, -0.00104454404209, -0.000643847568426, -0.0024137259461], [-5.22092886968e-05, 0.000389872293454, 0.000762233394198, -0.00132524897344, -0.000827581621706, -0.0036903352011, 0.000597681326326, -0.00441490439698, 0.0131305195391, -0.00489762052894, -0.000453382497653, 0.000822761154268, -0.00188360817265], [-0.000430331041571, -0.00122348975856, 0.000271979952231, 0.00112386688124, -0.00181385956239, 0.00148318486754, -0.00138478213921, 0.000670299981721, -0.00489762052894, 0.0203387923539, -0.00715173082426, -0.000547233154066, 0.00213039829396], [0.000505997566506, 0.000880269857589, -0.000625887012575, 0.000617527286522, 0.00391917210072, -0.00455429591238, 0.00228712870739, -0.00104454404209, -0.000453382497653, -0.00715173082426, 0.0144511684775, -0.00407814886421, 0.00247409637086], [-0.000357485609129, -0.000399569049478, 0.000662535778247, -0.00054662412731, -0.00293862982653, 0.00491841277108, -0.00156779203098, -0.000643847568426, 0.000822761154268, -0.000547233154066, -0.00407814886421, 0.0167928114533, -0.00260558072478], [0.000767414632719, 0.000165789591847, -4.7598969104e-05, 0.00108841608744, 0.00107225868851, -0.00317427888513, 0.00392046617344, -0.0024137259461, -0.00188360817265, 0.00213039829396, 0.00247409637086, -0.00260558072478, 0.017755240202]]
    spectral_contrast:
        mean: [-2.67708571755e-07, 2.47184743785e-07, 2.29500457749e-07, 6.87659067466e-08, -1.25695990505e-07, 7.69024950387e-08, 2.2814406293e-06, -2.21728578254e-06, 1.1351280591e-06, -2.9986415484e-07, -1.68810356627e-06, -4.18448234996e-06]
        var: [0.000527723284904, 0.000852549565025, 0.00149637483992, 0.00227727531455, 0.00381876737811, 0.00745991710573, 0.109321564436, 0.120794028044, 0.169644102454, 0.28722897172, 0.743029177189, 1.80824875832]

rhythm:
    beats_loudness:
        dmean: 0.00130676245317
        dmean2: 0.00187727739103
        dvar: 2.32673437495e-06
        dvar2: 5.75386729906e-06
        max: 0.0125636225566
        mean: 0.00375504861586
        min: 0.000422365847044
        var: 1.14508420666e-05
    beats_loudness_bass:
        dmean: 0.0685206875205
        dmean2: 0.139116555452
        dvar: 0.0091544855386
        dvar2: 0.0250406190753
        max: 0.367626577616
        mean: 0.0646296143532
        min: 0.0026235897094
        var: 0.00642752600834
    bpm: 108.709609985
    bpm_confidence: 0
    first_peak_bpm: 109
    first_peak_spread: 0
    first_peak_weight: 0.526315808296
    onset_rate: 3.69818854332
    second_peak_bpm: 124
    second_peak_spread: 0
    second_peak_weight: 0.421052634716
    beats_position: [0.0575416795909, 0.609474658966, 1.16140758991, 1.71334052086, 2.26527357101, 2.81720638275, 3.36913943291, 3.92107248306, 4.4730052948, 5.02493858337, 5.57687187195, 6.04286718369, 6.52575540543, 7.00864362717, 7.49153184891, 7.97442102432, 8.4573097229, 8.94019794464, 9.42308616638, 9.9059753418]
    bpm_estimates: [108.682647705, 108.708282471, 109.220214844, 108.272621155, 108.602302551, 108.975700378, 108.505516052]
    bpm_intervals: [0.551932990551, 0.551932930946, 0.551932930946, 0.551933050156, 0.551932811737, 0.551933050156, 0.551933050156, 0.551932811737, 0.551933288574, 0.551933288574, 0.465995311737, 0.482888221741, 0.482888221741, 0.482888221741, 0.482889175415, 0.482888698578, 0.482888221741, 0.482888221741, 0.482889175415]
    onset_times: [0.0580498874187, 0.243809521198, 0.661768734455, 0.789478480816, 1.33514738083, 1.62539684772, 1.77632653713, 2.04335594177, 2.17106580734, 2.46131515503, 2.72834467888, 3.01859402657, 3.27401351929, 3.55265307426, 3.86612248421, 3.98222231865, 4.38857126236, 4.69043064117, 5.20126962662, 5.79337882996, 6.09523820877, 6.22294807434, 6.47836732864, 6.61768722534, 6.7570066452, 7.37233543396, 7.72063493729, 7.91800451279, 8.0224943161, 8.35918331146, 8.42884349823, 8.6958732605, 8.88163280487, 9.41569137573, 9.52018165588, 9.69433116913, 9.86848068237]
    rubato_start: [6.04286718369]
    rubato_stop: [6.52575540543]
    perceptual_tempo: "unknown"

sfx:
    inharmonicity:
        dmean: 0.0399423092604
        dmean2: 0.0715886056423
        dvar: 0.00300930417143
        dvar2: 0.0089459316805
        max: 0.342236042023
        mean: 0.0385270155966
        min: 0
        var: 0.0028594660107
    oddtoevenharmonicenergyratio:
        dmean: 5.14437532425
        dmean2: 9.55797958374
        dvar: 233.777709961
        dvar2: 664.592590332
        max: 154.940093994
        mean: 3.3238492012
        min: 0
        var: 140.796188354
    pitch_after_max_to_before_max_energy_ratio: 1.63341271877
    pitch_centroid: 184.407699585
    pitch_max_to_total: 0.237762242556
    pitch_min_to_total: 0.118881121278
    tristimulus:
        dmean: [0.231422618032, 0.253568977118, 0.120056457818]
        dmean2: [0.429269075394, 0.460805773735, 0.212034359574]
        dvar: [0.04966814816, 0.0550921969116, 0.0229199770838]
        dvar2: [0.125667288899, 0.152036264539, 0.065774127841]
        max: [1, 0.988659024239, 0.755083501339]
        mean: [0.413199871778, 0.414991796017, 0.122703328729]
        min: [0.00797106605023, 0, 0]
        var: [0.075538225472, 0.0752777606249, 0.0226616375148]

tonal:
    chords_changes_rate: 0.0694444477558
    chords_number_rate: 0.037037037313
    chords_strength:
        dmean: 0.00958310253918
        dmean2: 0.00742313312367
        dvar: 4.51366868219e-05
        dvar2: 4.50358784292e-05
        max: 0.644910037518
        mean: 0.475138306618
        min: 0.265997081995
        var: 0.0135329524055
    key_strength: 0.758926868439
    tuning_diatonic_strength: 0.546430826187
    tuning_equal_tempered_deviation: 0.0659656524658
    tuning_frequency: 439.491973877
    tuning_nontempered_energy_ratio: 0.674269556999
    hpcp:
        dmean: [0.0872561782598, 0.0910491794348, 0.115166775882, 0.163490921259, 0.12205914408, 0.0837869346142, 0.0737147256732, 0.0938679352403, 0.117964826524, 0.13077044487, 0.124610610306, 0.0907646790147, 0.0791414007545, 0.100313648582, 0.144175484776, 0.171059206128, 0.146246314049, 0.0997855961323, 0.0767001286149, 0.0667826607823, 0.0436762310565, 0.0343264788389, 0.0269112270325, 0.0466615147889, 0.102697834373, 0.106620550156, 0.0697384178638, 0.0562255680561, 0.0639633834362, 0.14807407558, 0.147875264287, 0.156727015972, 0.122750222683, 0.0829565301538, 0.0513032414019, 0.0590236075222]
        dmean2: [0.147424727678, 0.152344688773, 0.198053747416, 0.274743199348, 0.202182665467, 0.146593883634, 0.131574690342, 0.166379362345, 0.200412094593, 0.221089735627, 0.210253238678, 0.152639821172, 0.129135653377, 0.16567350924, 0.233446329832, 0.292103886604, 0.240814134479, 0.167680546641, 0.131759017706, 0.118083260953, 0.0752910897136, 0.0600407496095, 0.0474339276552, 0.0770386606455, 0.163264393806, 0.172885000706, 0.117913261056, 0.100716680288, 0.110753297806, 0.249940082431, 0.245138883591, 0.265622258186, 0.218390628695, 0.146245539188, 0.0833085477352, 0.0956853851676]
        dvar: [0.0209741797298, 0.0189481005073, 0.0307141561061, 0.0419988445938, 0.0260354224592, 0.0178137943149, 0.0171974562109, 0.0354241430759, 0.0308016929775, 0.0360260158777, 0.0323679447174, 0.0236822478473, 0.0160366985947, 0.0315016955137, 0.0311178341508, 0.055004928261, 0.0374280363321, 0.0220545288175, 0.0232453476638, 0.0211239363998, 0.00698497565463, 0.00668271351606, 0.00369290891103, 0.00492133246735, 0.0231355000287, 0.0306660346687, 0.0206186454743, 0.0155797572806, 0.0104098916054, 0.032913621515, 0.0379037223756, 0.0338697694242, 0.0391253568232, 0.0277579780668, 0.0153297344223, 0.0100562879816]
        dvar2: [0.0508854910731, 0.0522568412125, 0.0783417075872, 0.102829605341, 0.0628060102463, 0.0454038381577, 0.04799554497, 0.0960797071457, 0.0673552155495, 0.0778197273612, 0.0703861787915, 0.0626631453633, 0.0402370542288, 0.0748880952597, 0.0778873860836, 0.127281904221, 0.0834084898233, 0.0575042515993, 0.0574845299125, 0.0500551946461, 0.0174046438187, 0.0188033450395, 0.010559881106, 0.0129741812125, 0.0520774759352, 0.0695063993335, 0.0482409745455, 0.0433512590826, 0.0304050240666, 0.0985723808408, 0.0860609859228, 0.0943068489432, 0.112117357552, 0.0728721246123, 0.0310366749763, 0.0210089720786]
        max: [1, 1, 1, 1, 1, 0.936454474926, 0.766084671021, 1, 0.990126132965, 1, 1, 1, 0.973108291626, 1, 1, 1, 1, 1, 1, 1, 0.734754741192, 0.719173431396, 0.545320510864, 0.530224740505, 0.987379789352, 1, 0.873359024525, 1, 0.611869513988, 1, 1, 1, 1, 1, 1, 0.789218962193]
        mean: [0.168243482709, 0.135704293847, 0.167363479733, 0.290797263384, 0.226986721158, 0.0990837290883, 0.0789947509766, 0.0986260846257, 0.16035181284, 0.250458389521, 0.212880209088, 0.129432097077, 0.128476053476, 0.146025493741, 0.260459959507, 0.429809898138, 0.31452947855, 0.127914533019, 0.129000797868, 0.0935948565602, 0.046718724072, 0.0416369028389, 0.0319257900119, 0.0721108466387, 0.170602411032, 0.16146671772, 0.0804964900017, 0.0551229156554, 0.0631470829248, 0.249148339033, 0.444687306881, 0.313965171576, 0.146391049027, 0.100617580116, 0.0587106086314, 0.0944512709975]
        min: [0.00101281050593, 0.00116601155605, 0.000784894393291, 0.000625316170044, 0.00041341985343, 0.000303527049255, 0.00060464721173, 0.000440645322669, 0.0011273623677, 0.0039404402487, 0.00275930343196, 0.00148820353206, 0.000990730593912, 0.000916477409191, 0.000702053308487, 0.000687184045091, 0.000537189131137, 0.000633981486317, 0.000274157297099, 0.000181789393537, 8.18384651211e-05, 0.000277434301097, 0.000129439882585, 0.000757871079259, 0.00147913873661, 0.00203680223785, 0.000717396964319, 7.59146205382e-05, 0.000175815308467, 0.000968254811596, 0.00100828125142, 0.00393134169281, 0.00104964443017, 0.000441134179709, 0.000270416116109, 0.00060906202998]
        var: [0.0531026758254, 0.0314112752676, 0.0482218824327, 0.093631438911, 0.0540514662862, 0.0186985656619, 0.015054221265, 0.0305659454316, 0.0402499735355, 0.0886410176754, 0.0631199479103, 0.0306052528322, 0.0342557393014, 0.0578938797116, 0.0784392505884, 0.157823860645, 0.0987368002534, 0.0259775146842, 0.0464737266302, 0.0311968456954, 0.0079244133085, 0.00560929300264, 0.0029904905241, 0.00655411789194, 0.0420106202364, 0.0530061274767, 0.0228124130517, 0.0119120180607, 0.00996335130185, 0.0661167055368, 0.156409472227, 0.0814095363021, 0.0455865897238, 0.0338871181011, 0.0208569094539, 0.0176637433469]
    chords_histogram: [57.8703689575, 11.5740737915, 0, 6.01851844788, 0, 1.85185182095, 0, 6.01851844788, 0, 0, 0, 0, 0, 0, 0, 0, 0, 0, 5.55555534363, 0, 0.925925910473, 0, 8.79629611969, 1.38888883591]
    thpcp: [1, 0.706035852432, 0.329199969769, 0.226265907288, 0.132026731968, 0.212399289012, 0.378341108561, 0.305167913437, 0.376362174749, 0.653936505318, 0.510441184044, 0.222816631198, 0.177641123533, 0.221787497401, 0.360594540834, 0.563223600388, 0.478718876839, 0.291063159704, 0.288913249969, 0.32837793231, 0.585714876652, 0.966544091702, 0.70730483532, 0.28765052557, 0.290093272924, 0.210473418236, 0.105059720576, 0.0936318635941, 0.071793794632, 0.162160798907, 0.383645772934, 0.363101691008, 0.181018188596, 0.123958826065, 0.142003342509, 0.560277581215]
    chords_key: "G"
    chords_scale: "minor"
    key_key: "G"
    key_scale: "minor"
    chords_progression: ["C", "C", "C", "C", "F", "F", "F", "F", "F", "F", "F", "F", "F", "F", "F", "Gm", "Gm", "Gm", "Gm", "Gm", "Gm", "Gm", "Gm", "Gm", "Gm", "Gm", "Gm", "Gm", "Gm", "Gm", "Gm", "Gm", "Gm", "Gm", "Gm", "Gm", "Gm", "Gm", "Gm", "Gm", "Gm", "Gm", "Gm", "Gm", "Gm", "Gm", "Gm", "Gm", "Gm", "Gm", "Gm", "Gm", "Gm", "Gm", "Gm", "Gm", "Gm", "Gm", "Gm", "Gm", "Gm", "Gm", "Gm", "Gm", "Gm", "Gm", "Gm", "Gm", "Gm", "Gm", "Gm", "Gm", "Gm", "Gm", "Gm", "Gm", "Gm", "Gm", "Gm", "Gm", "Gm", "Gm", "Gm", "Gm", "Gm", "Gm", "Gm", "Gm", "Gm", "Gm", "Gm", "Gm", "Gm", "Gm", "Gm", "Cm", "Cm", "Cm", "Cm", "Cm", "Cm", "Cm", "Cm", "Cm", "Cm", "Cm", "Cm", "Cm", "Cm", "D#", "D#", "D#", "Cm", "Cm", "Cm", "Cm", "Cm", "Gm", "Gm", "Gm", "Gm", "Gm", "Gm", "Gm", "Gm", "Gm", "Gm", "Gm", "Gm", "Gm", "Gm", "Gm", "Gm", "Gm", "Gm", "Gm", "Gm", "Gm", "Gm", "Gm", "Gm", "Gm", "Gm", "Gm", "Gm", "Gm", "Gm", "Gm", "Gm", "Gm", "Gm", "Gm", "Gm", "Gm", "Gm", "Gm", "Gm", "Gm", "Gm", "Gm", "Gm", "Gm", "A#", "A#", "G", "G", "G", "G", "G", "G", "G", "G", "G", "G", "G", "G", "G", "A#", "A#", "A#", "A#", "A#", "A#", "A#", "A#", "A#", "A#", "A#", "A#", "A#", "A#", "A#", "A#", "A#", "A#", "A#", "A#", "A#", "A#", "A#", "Fm", "A#m", "F", "Fm", "A#m", "A#m", "A#m", "A#m", "A#m", "A#m", "A#m", "A#m", "A#m", "A#m", "A#m", "F"]
