
metadata:
    version:
        essentia: "1.2.2"
    audio_properties:
        analysis_sample_rate: 44100
        bitrate: 128
        channels: 2
        equal_loudness: 1
        length: 10.0310201645
        replay_gain: -5.62532424927
        downmix: "mix"
    tags:
        track: 1
        year: 0
        album: "Splitted by Mp3Splt v. 2.1"
        artist: "From 000.00 To 000.10"
        comment: "http://mp3splt.sf.net"
        genre: ""
        title: "01 Countdown.mp3"

highlevel:
    ballroom:
        all:
            ChaChaCha: 0.335236400366
            Jive: 0.199253216386
            Quickstep: 0.0241762567312
            Rumba-American: 0.00222461181693
            Rumba-International: 0.00716464407742
            Rumba-Misc: 0.00296823866665
            Samba: 0.421480178833
            Tango: 0.00291280867532
            VienneseWaltz: 0.00255607906729
            Waltz: 0.00202755210921
        probability: 0.421480178833
        value: "Samba"
    culture:
        all:
            non_western: 0.0616473183036
            western: 0.938352704048
        probability: 0.938352704048
        value: "western"
    gender:
        all:
            female: 0.84386485815
            male: 0.15613514185
        probability: 0.84386485815
        value: "female"
    genre_dortmund:
        all:
            alternative: 0.0190200824291
            blues: 0.00302194524556
            electronic: 0.382038295269
            folkcountry: 0.00690207863227
            funksoulrnb: 0.00700646080077
            jazz: 0.066516764462
            pop: 0.0210423395038
            raphiphop: 0.393527835608
            rock: 0.10092420131
        probability: 0.393527835608
        value: "raphiphop"
    genre_electronica:
        all:
            ambient: 0.0929362848401
            dnb: 0.15882588923
            house: 0.284303247929
            techno: 0.0306503139436
            trance: 0.433284282684
        probability: 0.433284282684
        value: "trance"
    genre_rosamerica:
        all:
            cla: 0.0229825861752
            dan: 0.366230726242
            hip: 0.157525777817
            jaz: 0.0339359417558
            pop: 0.0419938862324
            rhy: 0.29324683547
            roc: 0.0716872364283
            spe: 0.0123970052227
        probability: 0.366230726242
        value: "dan"
    genre_tzanetakis:
        all:
            blu: 0.0099203903228
            cla: 0.00603325059637
            cou: 0.0139385927469
            dis: 0.0389490202069
            hip: 0.0939873829484
            jaz: 0.00905655603856
            met: 0.0287449248135
            pop: 0.199326500297
            reg: 0.567244648933
            roc: 0.0327987261117
        probability: 0.567244648933
        value: "reg"
    live_studio:
        all:
            live: 0.0330372042954
            studio: 0.966962814331
        probability: 0.966962814331
        value: "studio"
    mood:
        all:
            Cluster1: 0.253693044186
            Cluster2: 0.474017441273
            Cluster3: 0.0854377299547
            Cluster4: 0.0598168969154
            Cluster5: 0.12703487277
        probability: 0.474017441273
        value: "Cluster2"
    mood_acoustic:
        all:
            acoustic: 0.0225182231516
            not_acoustic: 0.977481782436
        probability: 0.977481782436
        value: "not_acoustic"
    mood_aggressive:
        all:
            aggressive: 0.843992114067
            not_aggressive: 0.156007856131
        probability: 0.843992114067
        value: "aggressive"
    mood_electronic:
        all:
            electronic: 0.990510880947
            not_electronic: 0.00948914047331
        probability: 0.990510880947
        value: "electronic"
    mood_happy:
        all:
            happy: 0.155167296529
            not_happy: 0.844832718372
        probability: 0.844832718372
        value: "not_happy"
    mood_party:
        all:
            not_party: 0.153218254447
            party: 0.846781730652
        probability: 0.846781730652
        value: "party"
    mood_relaxed:
        all:
            not_relaxed: 0.294004231691
            relaxed: 0.705995798111
        probability: 0.705995798111
        value: "relaxed"
    mood_sad:
        all:
            not_sad: 0.75341540575
            sad: 0.246584564447
        probability: 0.75341540575
        value: "not_sad"
    rhythm:
        all:
            fast: 0.629177689552
            medium: 0.278299599886
            slow: 0.0925227180123
        probability: 0.629177689552
        value: "fast"
    speech_music:
        all:
            music: 0.995285749435
            speech: 0.00471425242722
        probability: 0.995285749435
        value: "music"
    timbre:
        all:
            bright: 0.646529912949
            dark: 0.353470087051
        probability: 0.646529912949
        value: "bright"
    voice_instrumental:
        all:
            instrumental: 0.158244818449
            voice: 0.841755151749
        probability: 0.841755151749
        value: "voice"

lowlevel:
    average_loudness: 0.96813338995
    barkbands_kurtosis:
        dmean: 1.79908645153
        dmean2: 2.79382991791
        dvar: 15.7644319534
        dvar2: 29.6099681854
        max: 43.2035560608
        mean: 1.65272140503
        min: -1.88201868534
        var: 42.0661506653
    barkbands_skewness:
        dmean: 0.600563883781
        dmean2: 0.92551857233
        dvar: 0.585154175758
        dvar2: 1.16530573368
        max: 5.89317083359
        mean: 0.784003138542
        min: -3.19936752319
        var: 1.99568474293
    barkbands_spread:
        dmean: 7.42383766174
        dmean2: 11.0568675995
        dvar: 68.783203125
        dvar2: 122.477760315
        max: 68.7926712036
        mean: 39.6851081848
        min: 2.89364314079
        var: 254.452362061
    dissonance:
        dmean: 0.0104806413874
        dmean2: 0.0171947404742
        dvar: 0.00011408982391
        dvar2: 0.000280954409391
        max: 0.498347103596
        mean: 0.472117424011
        min: 0.399658620358
        var: 0.000266403745627
    hfc:
        dmean: 4.23173666
        dmean2: 6.64066791534
        dvar: 98.829498291
        dvar2: 237.974136353
        max: 74.8524932861
        mean: 4.70350933075
        min: 0.00185571447946
        var: 96.0466003418
    pitch:
        dmean: 854.280212402
        dmean2: 1607.25244141
        dvar: 1834017.625
        dvar2: 4285075
        max: 4900
        mean: 1456.73620605
        min: 77.6408462524
        var: 3050152.25
    pitch_instantaneous_confidence:
        dmean: 0.0782838091254
        dmean2: 0.127098336816
        dvar: 0.00576364388689
        dvar2: 0.0154863977805
        max: 0.779330551624
        mean: 0.399202853441
        min: 0.158449113369
        var: 0.0125797158107
    pitch_salience:
        dmean: 0.0766581073403
        dmean2: 0.121049620211
        dvar: 0.006662145257
        dvar2: 0.0166121777147
        max: 0.971369802952
        mean: 0.637767553329
        min: 0.309507548809
        var: 0.0159991458058
    silence_rate_20dB:
        dmean: 0
        dmean2: 0
        dvar: 0
        dvar2: 0
        max: 1
        mean: 1
        min: 1
        var: 0
    silence_rate_30dB:
        dmean: 0
        dmean2: 0
        dvar: 0
        dvar2: 0
        max: 1
        mean: 1
        min: 1
        var: 0
    silence_rate_60dB:
        dmean: 0.109999999404
        dmean2: 0.218045115471
        dvar: 0.0979000851512
        dvar2: 0.185538962483
        max: 1
        mean: 0.815461337566
        min: 0
        var: 0.15048392117
    spectral_centroid:
        dmean: 425.629608154
        dmean2: 646.762268066
        dvar: 269726.71875
        dvar2: 628428
        max: 5285.03808594
        mean: 1542.58911133
        min: 151.114593506
        var: 806762.0625
    spectral_complexity:
        dmean: 3.96730256081
        dmean2: 6.24043703079
        dvar: 42.7672386169
        dvar2: 80.4395294189
        max: 51
        mean: 7.06793498993
        min: 0
        var: 66.2208480835
    spectral_crest:
        dmean: 1.88164329529
        dmean2: 2.89541745186
        dvar: 3.56372046471
        dvar2: 8.27707004547
        max: 19.7178268433
        mean: 7.98591995239
        min: 2.66266322136
        var: 9.91043949127
    spectral_decrease:
        dmean: 3.4141517391e-10
        dmean2: 4.88798557186e-10
        dvar: 4.58950099334e-19
        dvar2: 9.92725509314e-19
        max: -6.63729460932e-14
        mean: -5.43175115997e-10
        min: -5.35556443637e-09
        var: 5.78100813682e-19
    spectral_energy:
        dmean: 0.00164013926405
        dmean2: 0.00236568925902
        dvar: 1.13607484309e-05
        dvar2: 2.50726316153e-05
        max: 0.0262820702046
        mean: 0.00247669033706
        min: 4.18825834458e-07
        var: 1.36685966936e-05
    spectral_energyband_high:
        dmean: 0.000408464868087
        dmean2: 0.000660837511532
        dvar: 8.36284755223e-07
        dvar2: 2.07995162782e-06
        max: 0.00585084967315
        mean: 0.000413159548771
        min: 5.32873656311e-08
        var: 7.64459741731e-07
    spectral_energyband_low:
        dmean: 0.000385981518775
        dmean2: 0.000593807082623
        dvar: 8.31349041164e-07
        dvar2: 2.0541720005e-06
        max: 0.00750359660015
        mean: 0.000481853494421
        min: 3.27487092999e-10
        var: 8.26750067517e-07
    spectral_energyband_middle_high:
        dmean: 0.000785491196439
        dmean2: 0.00122733786702
        dvar: 3.88782109439e-06
        dvar2: 8.86551788426e-06
        max: 0.0186543427408
        mean: 0.000845042988658
        min: 1.80805059813e-07
        var: 4.0069617171e-06
    spectral_energyband_middle_low:
        dmean: 0.000391922978451
        dmean2: 0.000601330888458
        dvar: 5.27270231032e-07
        dvar2: 1.27938744754e-06
        max: 0.00557960662991
        mean: 0.000736591231544
        min: 1.39746691996e-09
        var: 6.05418279065e-07
    spectral_flatness_db:
        dmean: 0.0184984989464
        dmean2: 0.0265440288931
        dvar: 0.000391093519283
        dvar2: 0.00065730989445
        max: 0.309348106384
        mean: 0.152667477727
        min: 0.0772417187691
        var: 0.00210583535954
    spectral_flux:
        dmean: 0.0118761323392
        dmean2: 0.0166429430246
        dvar: 0.000361648912076
        dvar2: 0.000649800582323
        max: 0.142854705453
        mean: 0.0275853127241
        min: 0.000647167558782
        var: 0.000672033696901
    spectral_kurtosis:
        dmean: 1.03731942177
        dmean2: 1.5999225378
        dvar: 1.94776391983
        dvar2: 4.6506152153
        max: 13.9303588867
        mean: 1.96069073677
        min: -0.725135087967
        var: 4.91717386246
    spectral_rms:
        dmean: 0.000394668692024
        dmean2: 0.000530195655301
        dvar: 3.84188012958e-07
        dvar2: 7.60415900913e-07
        max: 0.00506369862705
        mean: 0.00132956856396
        min: 2.02141181944e-05
        var: 6.48531852221e-07
    spectral_rolloff:
        dmean: 678.794189453
        dmean2: 1087.19091797
        dvar: 819768.3125
        dvar2: 1658674.125
        max: 7988.81835938
        mean: 3199.37915039
        min: 150.732421875
        var: 2882392.5
    spectral_skewness:
        dmean: 0.228083074093
        dmean2: 0.330181121826
        dvar: 0.0620147548616
        dvar2: 0.12985624373
        max: 2.67600679398
        mean: 1.09546923637
        min: -0.173319220543
        var: 0.241506949067
    spectral_spread:
        dmean: 824561.9375
        dmean2: 1146240.75
        dvar: 1.19507320832e+12
        dvar2: 1.64456025293e+12
        max: 22646664
        mean: 6386999.5
        min: 2838857
        var: 2.95500539494e+12
    spectral_strongpeak:
        dmean: 0.148619934916
        dmean2: 0.261983662844
        dvar: 0.238886758685
        dvar2: 0.671536445618
        max: 5.26145887375
        mean: 0.189946502447
        min: 0.000826422765385
        var: 0.149978205562
    zerocrossingrate:
        dmean: 0.0112850181758
        dmean2: 0.0123110916466
        dvar: 0.000146080026752
        dvar2: 0.000144829129567
        max: 0.26220703125
        mean: 0.0929844081402
        min: 0.01171875
        var: 0.00153275008779
    barkbands:
        dmean: [2.87664761345e-07, 0.000214344094275, 0.000199617439648, 9.16422650334e-05, 0.000187576108146, 0.000107267544081, 4.29165374953e-05, 3.78664226446e-05, 2.08996643778e-05, 1.56066362251e-05, 9.74401973508e-06, 1.38706436701e-05, 2.54140395555e-05, 1.88550129678e-05, 6.24744861852e-05, 0.000126485261717, 9.92655550363e-05, 0.000140389689477, 0.000224267001613, 0.000258726999164, 0.000214079074794, 9.79917531367e-05, 1.9263023205e-05, 5.64658421354e-06, 3.56564100912e-06, 1.98852788458e-07, 1.85606541248e-09]
        dmean2: [4.04808645271e-07, 0.000341694219969, 0.000342141982401, 0.000139833093272, 0.000299438921502, 0.000173203647137, 6.99167503626e-05, 6.52243033983e-05, 3.17627127515e-05, 2.54369006143e-05, 1.55508132593e-05, 2.18262957787e-05, 3.97986514145e-05, 3.09272290906e-05, 9.96408780338e-05, 0.000190117265447, 0.000154460882186, 0.000230318051763, 0.000381386518711, 0.000437667098595, 0.000354016810888, 0.000162843760336, 2.98118084174e-05, 7.93829440227e-06, 5.04303443449e-06, 2.99173564144e-07, 2.22444440645e-09]
        dvar: [5.70496861557e-12, 2.68493892008e-07, 3.16140329915e-07, 3.46221931125e-08, 1.70217660411e-07, 2.56293102296e-08, 1.55618185005e-08, 1.32545370235e-08, 2.77397793624e-09, 1.42392031499e-09, 4.82513751177e-10, 1.30816513177e-09, 2.71397837537e-09, 2.70554267878e-09, 5.32736486036e-08, 1.6162577765e-07, 8.6994056403e-08, 1.15525651267e-07, 3.25567214077e-07, 3.44299138533e-07, 2.54686653989e-07, 3.98977171301e-08, 1.61047675196e-09, 1.43352218984e-10, 5.85329562597e-11, 1.9140461785e-13, 6.33632790012e-16]
        dvar2: [5.82447588424e-12, 5.97450991791e-07, 8.80277411852e-07, 9.25751564296e-08, 4.10060039258e-07, 6.58327437009e-08, 4.12431475638e-08, 3.46629711601e-08, 4.84581130777e-09, 3.5058340675e-09, 1.13204590146e-09, 3.26804650008e-09, 6.58046017676e-09, 7.05068581297e-09, 1.31997424546e-07, 3.62066487014e-07, 1.78848935661e-07, 2.95076489465e-07, 8.39553479182e-07, 9.27302266973e-07, 6.52766232179e-07, 1.03509364635e-07, 3.81443987507e-09, 2.52107473786e-10, 1.05867994926e-10, 4.24402890218e-13, 6.41081280113e-16]
        max: [4.65464217996e-05, 0.00460638571531, 0.00438651349396, 0.00170348864049, 0.0033718647901, 0.00126119307242, 0.00187135394663, 0.000980994198471, 0.000837175583001, 0.000369491666788, 0.000245315401116, 0.000455878151115, 0.000430594198406, 0.000570343283471, 0.00210156664252, 0.00347757013515, 0.00322526716627, 0.00361273461021, 0.00513854762539, 0.00380404153839, 0.00317273754627, 0.00120243546553, 0.000238455511862, 8.84837209014e-05, 7.00517484802e-05, 3.11386793328e-06, 4.82650136746e-07]
        mean: [3.0288134667e-07, 0.000304274988594, 0.000177319467184, 0.000172712956555, 0.000232021775446, 0.00020151285571, 5.98660590185e-05, 3.84062986996e-05, 2.88268183795e-05, 1.6971356672e-05, 1.27227449411e-05, 1.61224652402e-05, 2.77655981336e-05, 2.01857910724e-05, 5.62581444683e-05, 0.000136642367579, 9.71965273493e-05, 0.000134338974021, 0.000197263550945, 0.000224300194532, 0.000187252604519, 0.000100735946035, 2.11499427678e-05, 7.64482228988e-06, 4.69897395305e-06, 1.96197547098e-07, 1.80399906125e-09]
        min: [1.31189512378e-11, 1.47371503889e-10, 1.02048439143e-10, 1.66499120047e-10, 2.04096337053e-10, 2.31555830066e-10, 3.02340097402e-10, 2.34609665029e-10, 2.37376507339e-10, 1.41618813898e-10, 3.62735987081e-11, 8.43465575162e-11, 4.44112885356e-10, 4.4143233513e-10, 2.50303194838e-10, 2.34628849682e-09, 1.31337296594e-09, 2.17640963029e-08, 8.49402681524e-08, 4.21117185567e-09, 2.42143887164e-08, 1.70801008892e-08, 3.502685475e-09, 1.26746579898e-09, 8.99530228082e-10, 1.03418072717e-10, 8.90591040584e-14]
        var: [5.95253317123e-12, 2.98875391991e-07, 2.21521474941e-07, 5.016552862e-08, 1.74273438347e-07, 2.9768767007e-08, 1.50650265596e-08, 1.19035901136e-08, 5.44998224328e-09, 1.42346412435e-09, 5.02334063235e-10, 1.63603575132e-09, 2.64752353374e-09, 2.24384488767e-09, 4.63046880839e-08, 1.87832441156e-07, 9.94900517526e-08, 9.7340212335e-08, 2.60407063024e-07, 2.75289920637e-07, 2.14429903167e-07, 3.25907976162e-08, 1.64647828704e-09, 2.4652777042e-10, 1.12230717775e-10, 2.2031760639e-13, 6.32706718303e-16]
    mfcc:
        mean: [-766.291381836, 88.9661178589, -5.79618120193, 68.9283828735, -5.80852079391, 5.27911281586, -6.44439888, -1.22281050682, -2.22556042671, -9.1487903595, -0.494327962399, -2.85125207901, -0.17192389071]
        cov: [[6623.98388672, -1542.39599609, -486.134399414, -349.842987061, 96.530090332, 232.297409058, -95.161239624, -359.500305176, 84.8415908813, 202.805099487, -33.0805664062, 2.9698677063, 130.436889648], [-1542.39599609, 1305.15917969, -57.43542099, 234.641418457, -4.64401960373, -64.2232437134, 36.451007843, 160.948242188, -40.5798225403, -135.287567139, -1.40072154999, -9.03035545349, -61.4405708313], [-486.134399414, -57.43542099, 501.356445312, 108.487602234, 22.5711669922, 4.11716747284, 90.861656189, 17.6739673615, 21.49310112, 49.3151283264, -41.5866928101, 12.74766922, 29.9362411499], [-349.842987061, 234.641418457, 108.487602234, 394.589019775, -19.3783416748, 10.4254236221, 98.8022155762, -37.371131897, -20.0856666565, 32.7028465271, -67.4002380371, -11.0975122452, 7.73224687576], [96.530090332, -4.64401960373, 22.5711669922, -19.3783416748, 260.870880127, 49.3492202759, 17.5231323242, -22.3018035889, 30.1668281555, 58.0112991333, -6.56964206696, -6.46400976181, 10.4102668762], [232.297409058, -64.2232437134, 4.11716747284, 10.4254236221, 49.3492202759, 212.352478027, 7.85116481781, -55.3021583557, 23.0038909912, 39.2788314819, 3.23769307137, -17.3823356628, 31.3248462677], [-95.161239624, 36.451007843, 90.861656189, 98.8022155762, 17.5231323242, 7.85116481781, 120.414848328, -8.42520904541, 0.847229063511, 21.2982521057, -21.0322875977, 9.39634227753, 10.4826431274], [-359.500305176, 160.948242188, 17.6739673615, -37.371131897, -22.3018035889, -55.3021583557, -8.42520904541, 158.77520752, 3.26592445374, -46.8333358765, 24.4175453186, 7.99471473694, -16.1157264709], [84.8415908813, -40.5798225403, 21.49310112, -20.0856666565, 30.1668281555, 23.0038909912, 0.847229063511, 3.26592445374, 80.2093429565, 38.5751991272, -2.19876909256, -0.729825615883, 20.3104381561], [202.805099487, -135.287567139, 49.3151283264, 32.7028465271, 58.0112991333, 39.2788314819, 21.2982521057, -46.8333358765, 38.5751991272, 102.577011108, -8.09493255615, 1.02422857285, 27.7048435211], [-33.0805664062, -1.40072154999, -41.5866928101, -67.4002380371, -6.56964206696, 3.23769307137, -21.0322875977, 24.4175453186, -2.19876909256, -8.09493255615, 81.7378692627, 23.1496906281, -11.9057760239], [2.9698677063, -9.03035545349, 12.74766922, -11.0975122452, -6.46400976181, -17.3823356628, 9.39634227753, 7.99471473694, -0.729825615883, 1.02422857285, 23.1496906281, 50.0641975403, 12.1879234314], [130.436889648, -61.4405708313, 29.9362411499, 7.73224687576, 10.4102668762, 31.3248462677, 10.4826431274, -16.1157264709, 20.3104381561, 27.7048435211, -11.9057760239, 12.1879234314, 54.1097488403]]
        icov: [[0.000263219466433, 0.000265478680376, 0.000328760565026, 6.62689781166e-05, -3.62672071788e-05, -0.000125951541122, -5.30193574377e-05, 0.000176755522261, -7.4589625001e-05, -8.03063448984e-05, 0.000279224273982, -0.000180788498255, -0.000210344718653], [0.000265478680376, 0.00160689919721, 0.000599223014433, -0.00118055799976, -0.000605258217547, -0.000198301815544, -5.5387703469e-05, -0.000936135766096, -0.000552429759409, 0.0018083571922, -3.35243239533e-05, -0.000232655715081, 0.000311469659209], [0.000328760565026, 0.000599223014433, 0.00301840202883, -0.000336406956194, -9.17732686503e-05, -0.000219368084799, -0.00144680612721, -0.000909602909815, -0.000216893153265, -0.000830778211821, 0.00139338686131, -0.000920069578569, -0.000559325679205], [6.62689781166e-05, -0.00118055799976, -0.000336406956194, 0.00504386145622, 0.001243945444, -0.000259147287579, -0.00252460199408, 0.00110853929073, 0.00184393266682, -0.00325395283289, 0.00288164103404, 4.38940442109e-05, 0.000293145538308], [-3.62672071788e-05, -0.000605258217547, -9.17732686503e-05, 0.001243945444, 0.00492157693952, -0.000772966712248, -0.000767087680288, 0.000140092961374, -9.59009339567e-05, -0.00349825667217, 0.000905808294192, 9.62060075835e-05, 0.000968905107584], [-0.000125951541122, -0.000198301815544, -0.000219368084799, -0.000259147287579, -0.000772966712248, 0.0066120903939, -0.000423338642577, 0.0019633914344, -0.000695096852724, 0.000197866640519, -0.00331072555855, 0.00451014004648, -0.00436023250222], [-5.30193574377e-05, -5.5387703469e-05, -0.00144680612721, -0.00252460199408, -0.000767087680288, -0.000423338642577, 0.0121117345989, -0.000271830882411, 0.000254924845649, -0.000589569681324, 0.00127354916185, -0.00335239362903, 0.000432932662079], [0.000176755522261, -0.000936135766096, -0.000909602909815, 0.00110853929073, 0.000140092961374, 0.0019633914344, -0.000271830882411, 0.0100137880072, -0.00260798865929, 0.00325347390026, -0.00269147497602, 0.000765991164371, -0.000724332523532], [-7.4589625001e-05, -0.000552429759409, -0.000216893153265, 0.00184393266682, -9.59009339567e-05, -0.000695096852724, 0.000254924845649, -0.00260798865929, 0.0177869368345, -0.00756039889529, 0.00100749125704, 0.00137889524922, -0.00389058608562], [-8.03063448984e-05, 0.0018083571922, -0.000830778211821, -0.00325395283289, -0.00349825667217, 0.000197866640519, -0.000589569681324, 0.00325347390026, -0.00756039889529, 0.0208942964673, -0.00357242091559, 0.00113915163092, -0.00408965861425], [0.000279224273982, -3.35243239533e-05, 0.00139338686131, 0.00288164103404, 0.000905808294192, -0.00331072555855, 0.00127354916185, -0.00269147497602, 0.00100749125704, -0.00357242091559, 0.0209477227181, -0.0120212556794, 0.00756798218936], [-0.000180788498255, -0.000232655715081, -0.000920069578569, 4.38940442109e-05, 9.62060075835e-05, 0.00451014004648, -0.00335239362903, 0.000765991164371, 0.00137889524922, 0.00113915163092, -0.0120212556794, 0.0306845828891, -0.0117349131033], [-0.000210344718653, 0.000311469659209, -0.000559325679205, 0.000293145538308, 0.000968905107584, -0.00436023250222, 0.000432932662079, -0.000724332523532, -0.00389058608562, -0.00408965861425, 0.00756798218936, -0.0117349131033, 0.0295101422817]]
    spectral_contrast:
        mean: [9.08626645924e-07, 5.90225681663e-08, -2.46699244144e-07, -3.28260824745e-07, 1.440513131e-07, -4.5883834332e-07, -4.17507862949e-06, -3.30740988375e-07, -6.24755500667e-07, 2.59604144048e-06, 1.51813674165e-06, -1.29048919462e-06]
        var: [0.000801750749815, 0.00105310184881, 0.00125802168623, 0.00152794842143, 0.00271565862931, 0.00356301828288, 0.0747914090753, 0.137140780687, 0.212706625462, 0.316966503859, 0.602344036102, 3.77667069435]

rhythm:
    beats_loudness:
        dmean: 0.00885138940066
        dmean2: 0.0180029701442
        dvar: 1.81092218554e-05
        dvar2: 5.49669821339e-05
        max: 0.0201166830957
        mean: 0.00959643535316
        min: 0.00353152444586
        var: 2.83309454971e-05
    beats_loudness_bass:
        dmean: 0.470243692398
        dmean2: 0.981448411942
        dvar: 0.0293695181608
        dvar2: 0.052499204874
        max: 0.842853963375
        mean: 0.430373847485
        min: 0.100787356496
        var: 0.0700813159347
    bpm: 128.968399048
    bpm_confidence: 0
    first_peak_bpm: 129
    first_peak_spread: 0
    first_peak_weight: 0.941176474094
    onset_rate: 3.5888671875
    second_peak_bpm: 118
    second_peak_spread: 0
    second_peak_weight: 0.0588235296309
    beats_position: [1.53316450119, 1.99825954437, 2.46335482597, 2.92844986916, 3.39354515076, 3.85864043236, 4.32373571396, 4.78883123398, 5.25392627716, 5.71902179718, 6.22695827484, 6.69232559204, 7.1576924324, 7.6230597496, 8.08842658997, 8.55379295349, 9.01916027069, 9.48452758789]
    bpm_estimates: [129.030166626, 129.059921265, 129.063934326, 128.796691895, 129.012985229, 128.975646973, 129.317886353, 129.137741089, 128.955673218, 128.796936035, 128.918518066, 128.781982422, 129.047668457, 128.79045105, 128.862335205, 128.861419678, 129.104949951, 129.067474365, 129.15196228, 128.438323975, 129.194671631, 128.938217163]
    bpm_intervals: [0.465095043182, 0.465095281601, 0.465095043182, 0.465095281601, 0.465095281601, 0.465095281601, 0.46509552002, 0.465095043182, 0.46509552002, 0.507936477661, 0.4653673172, 0.465366840363, 0.4653673172, 0.465366840363, 0.465366363525, 0.4653673172, 0.4653673172]
    onset_times: [1.53251695633, 1.77632653713, 1.98530614376, 2.22911572456, 2.46131515503, 2.69351482391, 2.92571425438, 3.1811337471, 3.40172338486, 3.64553284645, 3.86612248421, 4.12154197693, 4.34213161469, 4.57433128357, 4.7833108902, 5.0387301445, 5.25931978226, 5.52634906769, 5.73532867432, 5.97913837433, 6.22294807434, 6.45514726639, 6.68734693527, 6.93115663528, 7.16335582733, 7.39555549622, 7.61614513397, 7.87156438828, 8.103764534, 8.32435417175, 8.55655288696, 8.88163280487, 9.04417228699, 9.25315189362, 9.49696159363, 9.97297096252]
    rubato_start: []
    rubato_stop: []
    perceptual_tempo: "unknown"

sfx:
    inharmonicity:
        dmean: 0.0401273295283
        dmean2: 0.0728491097689
        dvar: 0.00211356440559
        dvar2: 0.0059926607646
        max: 0.302362322807
        mean: 0.0441370643675
        min: 1.83992397069e-05
        var: 0.00217952602543
    oddtoevenharmonicenergyratio:
        dmean: 24.2653980255
        dmean2: 48.3488845825
        dvar: 96845.1015625
        dvar2: 290349.625
        max: 4238.42431641
        mean: 12.5397548676
        min: 4.26580991189e-05
        var: 48663.9609375
    pitch_after_max_to_before_max_energy_ratio: 2.14809322357
    pitch_centroid: 207.052581787
    pitch_max_to_total: 0.402173906565
    pitch_min_to_total: 0.975543498993
    tristimulus:
        dmean: [0.206305548549, 0.247490778565, 0.132621452212]
        dmean2: [0.372488707304, 0.440275549889, 0.239605903625]
        dvar: [0.0372737534344, 0.0540049187839, 0.022588558495]
        dvar2: [0.0941465646029, 0.160755887628, 0.0619556494057]
        max: [0.991607069969, 0.973653197289, 0.811429560184]
        mean: [0.363571614027, 0.439506441355, 0.144048437476]
        min: [0.0151278655976, 0, 0]
        var: [0.0541434921324, 0.0619026906788, 0.0255305822939]

tonal:
    chords_changes_rate: 0.0706521719694
    chords_number_rate: 0.0271739121526
    chords_strength:
        dmean: 0.00727824354544
        dmean2: 0.00840514153242
        dvar: 4.17348746851e-05
        dvar2: 6.41595979687e-05
        max: 0.530454814434
        mean: 0.431600123644
        min: 0.370307773352
        var: 0.00102443480864
    key_strength: 0.645420312881
    tuning_diatonic_strength: 0.509045302868
    tuning_equal_tempered_deviation: 0.112296544015
    tuning_frequency: 452.892974854
    tuning_nontempered_energy_ratio: 0.776179492474
    hpcp:
        dmean: [0.114615477622, 0.154335662723, 0.214672595263, 0.182828396559, 0.10161948204, 0.0844521522522, 0.0849723890424, 0.0745900124311, 0.0860304608941, 0.091547742486, 0.102384001017, 0.152588769794, 0.166301876307, 0.127128705382, 0.161916226149, 0.202340677381, 0.208462223411, 0.23605915904, 0.175903260708, 0.172559887171, 0.0747373774648, 0.0762539282441, 0.0691029578447, 0.0794164389372, 0.0862139314413, 0.0631820484996, 0.0746678039432, 0.100262574852, 0.0998449996114, 0.0878663808107, 0.0796141549945, 0.0745313242078, 0.121664039791, 0.15985532105, 0.135815933347, 0.108447059989]
        dmean2: [0.209548383951, 0.283448040485, 0.363622605801, 0.29257941246, 0.171349555254, 0.142886757851, 0.147140949965, 0.129048720002, 0.155869886279, 0.162061870098, 0.169281616807, 0.253892540932, 0.285915821791, 0.207737579942, 0.275054186583, 0.34862279892, 0.342461019754, 0.397447556257, 0.274159669876, 0.282575786114, 0.138817667961, 0.139633134007, 0.130238234997, 0.141891494393, 0.143447116017, 0.110827878118, 0.130186647177, 0.172920450568, 0.174877747893, 0.145670771599, 0.136214628816, 0.13221873343, 0.208773732185, 0.268030017614, 0.230070024729, 0.190930664539]
        dvar: [0.0369726382196, 0.0496308989823, 0.0529563985765, 0.0434190183878, 0.015653854236, 0.0164063218981, 0.0230212062597, 0.0156860873103, 0.0282252244651, 0.0264710914344, 0.0269716214389, 0.0353518761694, 0.0396104902029, 0.02745674178, 0.0512657947838, 0.0536395944655, 0.0341868139803, 0.055353756994, 0.0424277558923, 0.0319173894823, 0.0203091669828, 0.0260806065053, 0.0200347620994, 0.0105712851509, 0.0128608150408, 0.00647624721751, 0.011780647561, 0.0189848020673, 0.0169916991144, 0.012601104565, 0.0100692156702, 0.0172178093344, 0.04251376912, 0.057765122503, 0.0516788884997, 0.0367133878171]
        dvar2: [0.110147751868, 0.148221671581, 0.147227481008, 0.10754968971, 0.0398014336824, 0.0362374633551, 0.0580244325101, 0.0386143065989, 0.0772664397955, 0.0677123889327, 0.063721768558, 0.0802069976926, 0.0880524143577, 0.0662403330207, 0.125535741448, 0.125780969858, 0.0960518941283, 0.103553444147, 0.0787264630198, 0.0848725140095, 0.0477831438184, 0.0765740871429, 0.0536350011826, 0.0277019888163, 0.0293764024973, 0.0160514749587, 0.0306470766664, 0.0435114055872, 0.0430676415563, 0.0319489166141, 0.0290907863528, 0.0441453382373, 0.102151662111, 0.142822250724, 0.125118017197, 0.0958338826895]
        max: [1, 1, 1, 1, 0.6836399436, 0.800189614296, 1, 0.935091555119, 1, 1, 1, 1, 1, 0.896734416485, 1, 1, 1, 1, 1, 1, 1, 1, 0.911839365959, 0.464451044798, 0.736941218376, 0.599797189236, 1, 1, 0.960782766342, 1, 0.656368911266, 0.981172502041, 1, 1, 1, 1]
        mean: [0.0964098200202, 0.16591796279, 0.347030639648, 0.328555643559, 0.140874817967, 0.0903629437089, 0.0890620574355, 0.0884021967649, 0.0908469036222, 0.0970388874412, 0.116876520216, 0.206932976842, 0.235299304128, 0.153347685933, 0.147663429379, 0.198696032166, 0.333669573069, 0.645331799984, 0.6544932127, 0.274472534657, 0.0703414678574, 0.060476962477, 0.0558795556426, 0.0943374559283, 0.127147018909, 0.0793654993176, 0.0861231014132, 0.131755262613, 0.131460815668, 0.133907929063, 0.105182461441, 0.0800476670265, 0.118602015078, 0.147347256541, 0.136218190193, 0.106884241104]
        min: [0.000860675703734, 0.00448528677225, 0.0119629949331, 0.00143324711826, 0.000603311578743, 0.000865132140461, 0.000643069099169, 0.000451143539976, 0.000613775395323, 0.000734306522645, 0.0017089714529, 0.00098312611226, 0.00100634398405, 0.00063010683516, 0.000777236418799, 0.0015946472995, 0.00871060974896, 0.0113264713436, 0.00689292885363, 0.00296558602713, 0.000179644353921, 0.000161530493642, 0.000264734757366, 0.000604276137892, 0.000623973202892, 0.000359190657036, 0.000252327183262, 0.00034789025085, 0.00135338469408, 0.00230285874568, 0.00212568580173, 0.000478355184896, 0.000462582072942, 0.000953367620241, 0.00181803910527, 0.00111959886272]
        var: [0.0290369726717, 0.0371229462326, 0.0700382813811, 0.0645358264446, 0.0187901556492, 0.0200559943914, 0.0239307489246, 0.0178875867277, 0.0267879907042, 0.0293946508318, 0.0333821289241, 0.0596407912672, 0.0721486955881, 0.0371134802699, 0.0488139688969, 0.0600256510079, 0.060239315033, 0.111678659916, 0.12579511106, 0.0475950464606, 0.0191192161292, 0.0187345352024, 0.0147270029411, 0.0106982244179, 0.0187458079308, 0.0073417541571, 0.0167747270316, 0.0348394028842, 0.0243924725801, 0.017215995118, 0.0106391655281, 0.0160145927221, 0.0411720536649, 0.0545652881265, 0.052842669189, 0.037451390177]
    chords_histogram: [13.0434780121, 0, 0, 41.3043479919, 0, 0, 0, 0, 0, 0, 16.3043479919, 0, 0, 0, 0, 0, 0, 0, 0, 14.1304349899, 0, 0, 15.2173910141, 0]
    thpcp: [1, 0.419366508722, 0.107474707067, 0.0924027338624, 0.0853783562779, 0.144138172269, 0.194267898798, 0.121262528002, 0.131587460637, 0.201308831573, 0.200858950615, 0.204597890377, 0.160708248615, 0.122304812074, 0.181211993098, 0.225131839514, 0.208127737045, 0.163308396935, 0.147304534912, 0.25350600481, 0.530228018761, 0.50200009346, 0.215242594481, 0.138065516949, 0.136077895761, 0.135069698095, 0.138804957271, 0.148265689611, 0.178575605154, 0.316172838211, 0.359513729811, 0.234299883246, 0.225614920259, 0.30358761549, 0.509813666344, 0.986002266407]
    chords_key: "D"
    chords_scale: "minor"
    key_key: "D#"
    key_scale: "major"
    chords_progression: ["D#", "D#", "D#", "D#", "D#", "D#", "D#", "D#", "D#", "D#", "D#", "D#", "D#", "D#", "D#", "D#", "D#", "D#", "D#", "D#", "D#", "D#", "D#", "D#", "Dm", "Dm", "Dm", "Dm", "Dm", "Dm", "Dm", "Dm", "Dm", "Dm", "Dm", "Dm", "Dm", "Dm", "Dm", "Dm", "Dm", "Dm", "Dm", "Dm", "Dm", "Dm", "Dm", "Dm", "Dm", "Dm", "Dm", "Dm", "Dm", "Dm", "Dm", "Dm", "Dm", "Dm", "Dm", "Dm", "Dm", "A#m", "Dm", "Dm", "Dm", "Dm", "A#m", "Dm", "A#m", "A#m", "A#m", "A#m", "A#m", "A#m", "A#m", "A#m", "A#m", "A#m", "A#m", "A#m", "Dm", "Dm", "A#m", "Dm", "Dm", "Dm", "Dm", "A#m", "A#m", "A#m", "A#m", "A#m", "A#m", "A#m", "A#m", "A#m", "A#m", "A#m", "Dm", "Dm", "Dm", "Dm", "Dm", "Dm", "Dm", "Dm", "Dm", "Dm", "Dm", "Dm", "Dm", "Dm", "Dm", "Dm", "Dm", "Dm", "Dm", "Dm", "Dm", "Dm", "Dm", "Dm", "Dm", "Dm", "Dm", "Dm", "D", "D", "D", "D", "D", "D", "D", "D", "D", "D", "D", "D", "D", "D", "D", "D", "D", "D", "D", "D", "D", "D", "D", "D", "D", "D", "D", "D", "D", "D", "G#", "G#", "G#", "G#", "G#", "G#", "G#", "G#", "G#", "G#", "G#", "G#", "G#", "G#", "G#", "G#", "G#", "G#", "G#", "G#", "G#", "G#", "G#", "G#", "G#", "G#", "G#", "G#"]
