
metadata:
    version:
        essentia: "1.2.2"
    audio_properties:
        analysis_sample_rate: 44100
        bitrate: 128
        channels: 2
        equal_loudness: 1
        length: 10.0832653046
        replay_gain: -6.06123542786
        downmix: "mix"
    tags:
        track: 21
        year: 0
        album: "Splitted by Mp3Splt v. 2.1"
        artist: "From 003.20 To 003.30"
        comment: "http://mp3splt.sf.net"
        genre: ""
        title: "06 Papua New Guinea.mp3"

highlevel:
    ballroom:
        all:
            ChaChaCha: 0.0479432009161
            Jive: 0.0279206894338
            Quickstep: 0.00239757820964
            Rumba-American: 0.00053053087322
            Rumba-International: 0.00626032473519
            Rumba-Misc: 0.00148085143883
            Samba: 0.91269338131
            Tango: 0.000152879962116
            VienneseWaltz: 0.000408877240261
            Waltz: 0.00021170914988
        probability: 0.91269338131
        value: "Samba"
    culture:
        all:
            non_western: 0.137356638908
            western: 0.862643361092
        probability: 0.862643361092
        value: "western"
    gender:
        all:
            female: 0.785758972168
            male: 0.214241057634
        probability: 0.785758972168
        value: "female"
    genre_dortmund:
        all:
            alternative: 0.0724676027894
            blues: 0.00806471332908
            electronic: 0.310244828463
            folkcountry: 0.0206244271249
            funksoulrnb: 0.0248779654503
            jazz: 0.289758592844
            pop: 0.0657018795609
            raphiphop: 0.079923696816
            rock: 0.128336280584
        probability: 0.310244828463
        value: "electronic"
    genre_electronica:
        all:
            ambient: 0.0395664535463
            dnb: 0.404516220093
            house: 0.0153573043644
            techno: 0.0488282442093
            trance: 0.491731762886
        probability: 0.491731762886
        value: "trance"
    genre_rosamerica:
        all:
            cla: 0.00661844667047
            dan: 0.650433719158
            hip: 0.267543762922
            jaz: 0.00782122742385
            pop: 0.00584646267816
            rhy: 0.0216454826295
            roc: 0.0361304245889
            spe: 0.00396044319496
        probability: 0.650433719158
        value: "dan"
    genre_tzanetakis:
        all:
            blu: 0.00859865453094
            cla: 0.00550272502005
            cou: 0.0120989028364
            dis: 0.037168148905
            hip: 0.400001317263
            jaz: 0.0280548259616
            met: 0.0846202373505
            pop: 0.181381478906
            reg: 0.197537750006
            roc: 0.0450359731913
        probability: 0.400001317263
        value: "hip"
    live_studio:
        all:
            live: 0.0205743610859
            studio: 0.979425668716
        probability: 0.979425668716
        value: "studio"
    mood:
        all:
            Cluster1: 0.321882098913
            Cluster2: 0.0200921148062
            Cluster3: 0.0407142266631
            Cluster4: 0.00906741991639
            Cluster5: 0.608244121075
        probability: 0.608244121075
        value: "Cluster5"
    mood_acoustic:
        all:
            acoustic: 0.0588956438005
            not_acoustic: 0.941104352474
        probability: 0.941104352474
        value: "not_acoustic"
    mood_aggressive:
        all:
            aggressive: 0.679654955864
            not_aggressive: 0.320345044136
        probability: 0.679654955864
        value: "aggressive"
    mood_electronic:
        all:
            electronic: 0.995061576366
            not_electronic: 0.00493839662522
        probability: 0.995061576366
        value: "electronic"
    mood_happy:
        all:
            happy: 0.151436910033
            not_happy: 0.848563075066
        probability: 0.848563075066
        value: "not_happy"
    mood_party:
        all:
            not_party: 0.352419346571
            party: 0.647580683231
        probability: 0.647580683231
        value: "party"
    mood_relaxed:
        all:
            not_relaxed: 0.474072337151
            relaxed: 0.525927662849
        probability: 0.525927662849
        value: "relaxed"
    mood_sad:
        all:
            not_sad: 0.681480109692
            sad: 0.318519920111
        probability: 0.681480109692
        value: "not_sad"
    rhythm:
        all:
            fast: 0.234316378832
            medium: 0.582529723644
            slow: 0.183153882623
        probability: 0.582529723644
        value: "medium"
    speech_music:
        all:
            music: 0.999691545963
            speech: 0.000308433634927
        probability: 0.999691545963
        value: "music"
    timbre:
        all:
            bright: 0.0791432857513
            dark: 0.920856714249
        probability: 0.920856714249
        value: "dark"
    voice_instrumental:
        all:
            instrumental: 0.936562299728
            voice: 0.0634376853704
        probability: 0.936562299728
        value: "instrumental"

lowlevel:
    average_loudness: 0.976134717464
    barkbands_kurtosis:
        dmean: 2.08378529549
        dmean2: 3.16561532021
        dvar: 11.0447330475
        dvar2: 22.7662200928
        max: 40.8954925537
        mean: 1.6496360302
        min: -1.86662018299
        var: 20.9697799683
    barkbands_skewness:
        dmean: 0.561522066593
        dmean2: 0.842388153076
        dvar: 0.2733476758
        dvar2: 0.564702630043
        max: 6.00092029572
        mean: 1.34308385849
        min: -0.636599481106
        var: 0.882293462753
    barkbands_spread:
        dmean: 8.27784919739
        dmean2: 12.348859787
        dvar: 55.0702667236
        dvar2: 115.585212708
        max: 75.1321563721
        mean: 33.0437316895
        min: 4.17188215256
        var: 162.879898071
    dissonance:
        dmean: 0.0242064222693
        dmean2: 0.0393084734678
        dvar: 0.000513789535034
        dvar2: 0.00124081096146
        max: 0.499852985144
        mean: 0.454678177834
        min: 0.259600818157
        var: 0.000995541224256
    hfc:
        dmean: 1.94979929924
        dmean2: 2.65951085091
        dvar: 7.52054738998
        dvar2: 16.9024105072
        max: 20.839427948
        mean: 3.28390002251
        min: 0.00182232190855
        var: 10.7222757339
    pitch:
        dmean: 1131.65478516
        dmean2: 2205.85400391
        dvar: 2770948.75
        dvar2: 6106453.5
        max: 4900
        mean: 1504.30761719
        min: 69.8890686035
        var: 3304823.25
    pitch_instantaneous_confidence:
        dmean: 0.0851741731167
        dmean2: 0.139231368899
        dvar: 0.00419041793793
        dvar2: 0.0106350751594
        max: 0.675938725471
        mean: 0.331623256207
        min: 0.151897251606
        var: 0.0095976581797
    pitch_salience:
        dmean: 0.0825645551085
        dmean2: 0.13074195385
        dvar: 0.00444603245705
        dvar2: 0.0100521743298
        max: 0.822850942612
        mean: 0.579917907715
        min: 0.239393383265
        var: 0.0121221467853
    silence_rate_20dB:
        dmean: 0
        dmean2: 0
        dvar: 0
        dvar2: 0
        max: 1
        mean: 1
        min: 1
        var: 0
    silence_rate_30dB:
        dmean: 0
        dmean2: 0
        dvar: 0
        dvar2: 0
        max: 1
        mean: 1
        min: 1
        var: 0
    silence_rate_60dB:
        dmean: 0.229885056615
        dmean2: 0.460829496384
        dvar: 0.177038729191
        dvar2: 0.280723631382
        max: 1
        mean: 0.550458729267
        min: 0
        var: 0.247453451157
    spectral_centroid:
        dmean: 291.863433838
        dmean2: 430.136505127
        dvar: 77136.9609375
        dvar2: 174993.890625
        max: 2688.0012207
        mean: 985.988952637
        min: 165.619812012
        var: 237284.453125
    spectral_complexity:
        dmean: 3.63594460487
        dmean2: 5.40646648407
        dvar: 18.6601028442
        dvar2: 35.691619873
        max: 34
        mean: 7.55172395706
        min: 0
        var: 32.0679969788
    spectral_crest:
        dmean: 2.13746166229
        dmean2: 3.60229182243
        dvar: 4.25212669373
        dvar2: 12.17324543
        max: 18.3138828278
        mean: 7.44568014145
        min: 2.75842881203
        var: 7.12775659561
    spectral_decrease:
        dmean: 5.26881371865e-10
        dmean2: 7.73965946888e-10
        dvar: 5.13466574978e-19
        dvar2: 1.23111058665e-18
        max: -3.8636512067e-13
        mean: -8.74835592857e-10
        min: -4.71542227487e-09
        var: 6.20251456156e-19
    spectral_energy:
        dmean: 0.00215041334741
        dmean2: 0.0031234479975
        dvar: 8.35635091789e-06
        dvar2: 1.99431906367e-05
        max: 0.0185420755297
        mean: 0.0035996902734
        min: 1.62352046118e-06
        var: 1.03117536128e-05
    spectral_energyband_high:
        dmean: 0.000149426108692
        dmean2: 0.000210784346564
        dvar: 3.52240618895e-08
        dvar2: 7.03226064047e-08
        max: 0.00163368275389
        mean: 0.000251275254413
        min: 1.28998735249e-07
        var: 6.18858280177e-08
    spectral_energyband_low:
        dmean: 0.000601734151132
        dmean2: 0.000938200217206
        dvar: 9.84746293398e-07
        dvar2: 2.67161772172e-06
        max: 0.00760443136096
        mean: 0.001029908075
        min: 3.66621691228e-07
        var: 1.11829103844e-06
    spectral_energyband_middle_high:
        dmean: 0.000405117869377
        dmean2: 0.000583336281125
        dvar: 3.26236971659e-07
        dvar2: 7.57187251565e-07
        max: 0.00463406136259
        mean: 0.000640923739411
        min: 4.56450891306e-07
        var: 4.50945066177e-07
    spectral_energyband_middle_low:
        dmean: 0.00129934470169
        dmean2: 0.00202331133187
        dvar: 3.97187841372e-06
        dvar2: 9.7002257462e-06
        max: 0.0153609979898
        mean: 0.00167748215608
        min: 5.60412161121e-07
        var: 4.00907947551e-06
    spectral_flatness_db:
        dmean: 0.0191414542496
        dmean2: 0.0288605820388
        dvar: 0.000268957694061
        dvar2: 0.000638120574877
        max: 0.268599897623
        mean: 0.138961464167
        min: 0.0565014481544
        var: 0.00091666309163
    spectral_flux:
        dmean: 0.0129805291072
        dmean2: 0.0197472423315
        dvar: 0.000244281487539
        dvar2: 0.000454429595266
        max: 0.114225238562
        mean: 0.0354321561754
        min: 0.00668599968776
        var: 0.000425778067438
    spectral_kurtosis:
        dmean: 0.888994574547
        dmean2: 1.43398404121
        dvar: 0.847894906998
        dvar2: 1.94024503231
        max: 11.3363199234
        mean: 1.80463945866
        min: -0.132826328278
        var: 1.41222500801
    spectral_rms:
        dmean: 0.000510839861818
        dmean2: 0.000698444666341
        dvar: 2.95310940146e-07
        dvar2: 6.46024204798e-07
        max: 0.00425321422517
        mean: 0.00172167248093
        min: 3.97985240852e-05
        var: 5.47735908185e-07
    spectral_rolloff:
        dmean: 897.05090332
        dmean2: 1426.16357422
        dvar: 895912.25
        dvar2: 2019525.625
        max: 5124.90234375
        mean: 2136.53955078
        min: 129.19921875
        var: 1999939.375
    spectral_skewness:
        dmean: 0.218571767211
        dmean2: 0.323848068714
        dvar: 0.0362409241498
        dvar2: 0.0786767825484
        max: 2.83764481544
        mean: 1.18036556244
        min: 0.246343493462
        var: 0.102903276682
    spectral_spread:
        dmean: 531077.375
        dmean2: 758339.375
        dvar: 436760608768
        dvar2: 521423945728
        max: 19334076
        mean: 6021062.5
        min: 3943705.75
        var: 1.46019411558e+12
    spectral_strongpeak:
        dmean: 0.125422120094
        dmean2: 0.215422272682
        dvar: 0.0283061061054
        dvar2: 0.072920255363
        max: 1.648026824
        mean: 0.164042562246
        min: 0
        var: 0.034300070256
    zerocrossingrate:
        dmean: 0.0113868536428
        dmean2: 0.0129512939602
        dvar: 7.54129505367e-05
        dvar2: 0.000105200349935
        max: 0.14990234375
        mean: 0.0738977193832
        min: 0.00927734375
        var: 0.000516714993864
    barkbands:
        dmean: [1.67934206274e-06, 0.000226015064982, 0.000453989545349, 0.000387023959775, 0.000557697436307, 0.000209932346479, 0.000207091376069, 0.000130493135657, 7.23475095583e-05, 9.9921504443e-05, 4.40203184553e-05, 3.71851565433e-05, 1.52099883053e-05, 2.59425833065e-05, 1.45473641169e-05, 2.69521060545e-05, 4.18081544922e-05, 6.75385454088e-05, 9.6477488114e-05, 0.000115789967822, 6.85506383888e-05, 2.50302346103e-05, 6.43696057523e-06, 1.69261534211e-06, 4.7449245244e-07, 1.2734688859e-08, 6.66966482044e-10]
        dmean2: [2.67934524345e-06, 0.000351053138729, 0.000745891360566, 0.000647933688015, 0.000983068719506, 0.000346137239831, 0.000339024118148, 0.000214250248973, 0.000111025176011, 0.000164852681337, 7.0193913416e-05, 5.94471130171e-05, 2.41981251747e-05, 4.37108064943e-05, 2.32824259001e-05, 4.16792026954e-05, 6.39484933345e-05, 0.000108541236841, 0.000148294842802, 0.00017771119019, 0.000101182617072, 3.71770693164e-05, 9.18588648346e-06, 2.29412603403e-06, 7.20619937056e-07, 1.87357898085e-08, 1.06167252767e-09]
        dvar: [1.03355171643e-11, 7.28417717255e-08, 8.38942014525e-07, 3.87915605415e-07, 1.65694825682e-06, 1.48313674231e-07, 1.34251010309e-07, 4.45623626888e-08, 1.03383781536e-08, 3.3274140776e-08, 2.70079891784e-09, 1.85186022073e-09, 4.05065425646e-10, 1.28866051163e-09, 4.2416464785e-10, 1.58893531665e-09, 4.86668882971e-09, 2.89811037391e-08, 2.43328148741e-08, 3.011319194e-08, 1.18922898196e-08, 1.14714004962e-09, 3.90663265626e-11, 5.80787588161e-12, 3.11166565604e-13, 4.50944882767e-16, 4.36598103404e-17]
        dvar2: [2.63271123652e-11, 1.63499791483e-07, 2.36286746258e-06, 9.76228534455e-07, 4.57282931166e-06, 3.85589999041e-07, 3.60004207778e-07, 1.10558147526e-07, 2.55776804181e-08, 8.07752726928e-08, 5.97900262633e-09, 4.16860679309e-09, 9.99191618334e-10, 3.11871684033e-09, 9.77374736699e-10, 3.44713768641e-09, 1.21444285739e-08, 7.71193953142e-08, 5.71558445017e-08, 6.92390145218e-08, 2.75714135967e-08, 2.46540965421e-09, 8.17096737493e-11, 9.30553550882e-12, 7.97534943902e-13, 8.9602575644e-16, 1.098120512e-16]
        max: [4.26624756074e-05, 0.00206000683829, 0.00702905654907, 0.00505643012002, 0.0116261942312, 0.00376762473024, 0.00250689568929, 0.00192431220785, 0.00107287324499, 0.00247273687273, 0.000488294637762, 0.000356854288839, 0.000183591022505, 0.000361853628419, 0.000157198068337, 0.000339284422807, 0.00064823863795, 0.00210451311432, 0.00128011533525, 0.00124446919654, 0.00101505836938, 0.000282558205072, 4.4582047849e-05, 4.9890117225e-05, 6.45870477456e-06, 4.0516326294e-07, 9.85733237258e-08]
        mean: [2.66955316874e-06, 0.000414500536863, 0.000612840522081, 0.000467412144644, 0.000496106629726, 0.000236583146034, 0.00022215025092, 0.000142434146255, 9.75426810328e-05, 0.000113609014079, 5.75844751438e-05, 5.32705962542e-05, 1.83734318853e-05, 3.39070902555e-05, 1.95949523913e-05, 3.485938214e-05, 5.397545101e-05, 7.86077216617e-05, 0.000122941244626, 0.000168025275343, 0.000101366131275, 3.53535615432e-05, 1.01700343293e-05, 4.94231471748e-06, 8.40014479309e-07, 3.29887122064e-08, 4.90722074087e-10]
        min: [3.70334962696e-09, 2.08368177823e-07, 5.32573736223e-08, 3.99520097005e-08, 1.72089784201e-07, 1.86839372418e-07, 1.05510181925e-07, 2.36338504322e-08, 2.55407570648e-08, 4.1788904781e-08, 7.30473175281e-08, 1.79641777009e-08, 2.25397513987e-08, 2.12088639984e-08, 2.04107948321e-08, 1.70411649236e-08, 5.48666978517e-09, 5.95160365435e-08, 5.92191433668e-08, 7.0327565993e-08, 4.1618118729e-08, 1.63715263568e-08, 3.7401135522e-09, 2.2068438188e-09, 2.22664775507e-09, 2.77514927705e-10, 9.06100368347e-12]
        var: [9.31462545983e-12, 1.69174683151e-07, 6.59168961192e-07, 4.52272701068e-07, 1.07351263523e-06, 1.33637769295e-07, 1.29717463437e-07, 5.15206082241e-08, 1.6306374917e-08, 4.00539548195e-08, 4.4088719342e-09, 3.34508198918e-09, 4.9023474169e-10, 1.64743896303e-09, 6.11224015845e-10, 2.16366524697e-09, 5.89275295226e-09, 2.38164723498e-08, 3.02985583289e-08, 3.72866928444e-08, 1.5511732343e-08, 1.69592506705e-09, 7.27794144395e-11, 5.30472783755e-11, 7.12065822972e-13, 3.03708406623e-15, 2.22355595057e-17]
    mfcc:
        mean: [-732.324157715, 107.78087616, -5.34919309616, 58.127986908, -17.5427780151, 6.72772026062, 6.09112501144, 3.29715538025, 0.142878070474, 0.20983402431, -5.09962320328, 1.009298563, -1.15402412415]
        cov: [[3005.36669922, 95.3494491577, -262.852416992, -76.6431121826, -195.604797363, -131.155014038, -131.066040039, -80.5054779053, -10.5180158615, -67.4524993896, 0.0959642827511, -87.7575759888, -85.9824829102], [95.3494491577, 327.18862915, -19.0932884216, -94.8202590942, -50.1827850342, -4.72265052795, 9.35551357269, 11.6213588715, 4.10275506973, -7.14150476456, 3.25414299965, -22.5349884033, 23.2176361084], [-262.852416992, -19.0932884216, 256.139190674, -8.03476333618, 68.6197280884, 39.3846092224, 42.2879066467, -0.531882405281, 5.60632514954, 37.0936393738, -9.27423000336, 7.23636865616, -36.4622688293], [-76.6431121826, -94.8202590942, -8.03476333618, 317.224365234, 67.0981826782, 63.1204872131, -2.51778960228, 23.5753173828, 10.7546434402, -9.27973270416, 3.57834839821, -0.396230250597, 13.0434684753], [-195.604797363, -50.1827850342, 68.6197280884, 67.0981826782, 161.816390991, 36.0109596252, 30.5031452179, 12.9101381302, 8.13325309753, 20.1827545166, 1.63141441345, 17.6036682129, -16.6839046478], [-131.155014038, -4.72265052795, 39.3846092224, 63.1204872131, 36.0109596252, 137.681625366, 55.4442939758, 38.5704956055, 21.4531040192, 11.8918294907, 10.8058023453, 2.41342520714, 16.4603404999], [-131.066040039, 9.35551357269, 42.2879066467, -2.51778960228, 30.5031452179, 55.4442939758, 91.4627838135, 29.3423862457, 26.5087966919, 12.1813802719, 2.09018993378, 14.7051448822, 2.19321155548], [-80.5054779053, 11.6213588715, -0.531882405281, 23.5753173828, 12.9101381302, 38.5704956055, 29.3423862457, 70.3739089966, 21.2306518555, 0.861201882362, 2.69098424911, -1.74626219273, 14.1554927826], [-10.5180158615, 4.10275506973, 5.60632514954, 10.7546434402, 8.13325309753, 21.4531040192, 26.5087966919, 21.2306518555, 65.1798934937, 22.5519237518, 15.355711937, 10.3341112137, 6.5271525383], [-67.4524993896, -7.14150476456, 37.0936393738, -9.27973270416, 20.1827545166, 11.8918294907, 12.1813802719, 0.861201882362, 22.5519237518, 49.2731208801, 15.5302228928, 7.88755178452, -9.32534122467], [0.0959642827511, 3.25414299965, -9.27423000336, 3.57834839821, 1.63141441345, 10.8058023453, 2.09018993378, 2.69098424911, 15.355711937, 15.5302228928, 47.9111557007, 22.6113681793, 17.2834625244], [-87.7575759888, -22.5349884033, 7.23636865616, -0.396230250597, 17.6036682129, 2.41342520714, 14.7051448822, -1.74626219273, 10.3341112137, 7.88755178452, 22.6113681793, 53.1711730957, 22.0936889648], [-85.9824829102, 23.2176361084, -36.4622688293, 13.0434684753, -16.6839046478, 16.4603404999, 2.19321155548, 14.1554927826, 6.5271525383, -9.32534122467, 17.2834625244, 22.0936889648, 75.7604370117]]
        icov: [[0.000452408305136, -9.37088698265e-05, 0.000348113622749, 1.4419967556e-05, 0.000280586798908, -1.33447538246e-05, 0.000276332604699, 0.000364663254004, -0.000453392072814, 0.000617168028839, -0.000490397389513, 0.00036945156171, 0.00081494502956], [-9.37088698265e-05, 0.00386362965219, -0.000205483214813, 0.00115996715613, 0.000273836980341, 0.000242895548581, -0.000931590620894, -0.000348731613485, -0.000215581399971, 0.000476214074297, -0.00114852515981, 0.00296022230759, -0.00201342068613], [0.000348113622749, -0.000205483214813, 0.00582887744531, 0.000357096985681, -0.00113669747952, -0.00133821147028, -0.00100770394783, 0.000915246841032, 0.000772504252382, -0.00311732850969, 0.00179444858804, -0.00106877996586, 0.00255255424418], [1.4419967556e-05, 0.00115996715613, 0.000357096985681, 0.00451111281291, -0.00186149240471, -0.00214247242548, 0.00185424962547, -0.000402027944801, -0.00122097018175, 0.00194141105749, -0.000338946352713, 0.00109975726809, -0.000766159268096], [0.000280586798908, 0.000273836980341, -0.00113669747952, -0.00186149240471, 0.00911510828882, -0.000516736938152, -0.00113381852861, -0.00099140626844, 0.00102644739673, -0.00199550995603, 0.000697270734236, -0.00337162823416, 0.00283571658656], [-1.33447538246e-05, 0.000242895548581, -0.00133821147028, -0.00214247242548, -0.000516736938152, 0.012845014222, -0.00684292707592, -0.00276010623202, 0.000785860756878, -0.00118002365343, -0.0033143737819, 0.00444337213412, -0.00330821564421], [0.000276332604699, -0.000931590620894, -0.00100770394783, 0.00185424962547, -0.00113381852861, -0.00684292707592, 0.0199908297509, -0.00388267659582, -0.00521039450541, 0.00132295105141, 0.00411343947053, -0.00687841046602, 0.00285793677904], [0.000364663254004, -0.000348731613485, 0.000915246841032, -0.000402027944801, -0.00099140626844, -0.00276010623202, -0.00388267659582, 0.0203459486365, -0.00520116044208, 0.00264256470837, -0.000391790235881, 0.00443240022287, -0.00270718382671], [-0.000453392072814, -0.000215581399971, 0.000772504252382, -0.00122097018175, 0.00102644739673, 0.000785860756878, -0.00521039450541, -0.00520116044208, 0.0234281234443, -0.0105941100046, -0.00239219795913, -0.00161000166554, -0.00099576683715], [0.000617168028839, 0.000476214074297, -0.00311732850969, 0.00194141105749, -0.00199550995603, -0.00118002365343, 0.00132295105141, 0.00264256470837, -0.0105941100046, 0.0335646606982, -0.0107272276655, 0.00165252014995, 0.00501433899626], [-0.000490397389513, -0.00114852515981, 0.00179444858804, -0.000338946352713, 0.000697270734236, -0.0033143737819, 0.00411343947053, -0.000391790235881, -0.00239219795913, -0.0107272276655, 0.0337941125035, -0.0137277534232, -0.0032753108535], [0.00036945156171, 0.00296022230759, -0.00106877996586, 0.00109975726809, -0.00337162823416, 0.00444337213412, -0.00687841046602, 0.00443240022287, -0.00161000166554, 0.00165252014995, -0.0137277534232, 0.0338133573532, -0.00991554185748], [0.00081494502956, -0.00201342068613, 0.00255255424418, -0.000766159268096, 0.00283571658656, -0.00330821564421, 0.00285793677904, -0.00270718382671, -0.00099576683715, 0.00501433899626, -0.0032753108535, -0.00991554185748, 0.0222100261599]]
    spectral_contrast:
        mean: [5.09979392049e-09, -4.04986167268e-07, -9.34319928092e-08, 1.35651951894e-08, -3.07614769213e-08, 2.82608230151e-08, -2.46324748332e-06, 1.51597907916e-06, -2.02107707992e-06, 2.46215131483e-06, -1.0961773711e-07, -6.89495550432e-07]
        var: [0.000213268795051, 0.000792709353846, 0.0009230657015, 0.00183845753781, 0.00398103054613, 0.00587383564562, 0.0490251518786, 0.103748768568, 0.165531829, 0.183978587389, 0.200069472194, 1.78810560703]

rhythm:
    beats_loudness:
        dmean: 0.0031550177373
        dmean2: 0.00578196626157
        dvar: 6.4925670813e-06
        dvar2: 1.45974245243e-05
        max: 0.0123700145632
        mean: 0.00541484123096
        min: 0.00136023433879
        var: 8.88498925633e-06
    beats_loudness_bass:
        dmean: 0.256636291742
        dmean2: 0.490355193615
        dvar: 0.041703350842
        dvar2: 0.114765621722
        max: 0.808957338333
        mean: 0.380718499422
        min: 0.0651655718684
        var: 0.0461373142898
    bpm: 125.793502808
    bpm_confidence: 0
    first_peak_bpm: 126
    first_peak_spread: 0
    first_peak_weight: 0.949999988079
    onset_rate: 6.94219589233
    second_peak_bpm: 109
    second_peak_spread: 0
    second_peak_weight: 0.0500000007451
    beats_position: [0.154893383384, 0.63158172369, 1.1082700491, 1.5849583149, 2.06164669991, 2.5383348465, 3.01502323151, 3.49171161652, 3.96839976311, 4.4450879097, 4.92177629471, 5.39846467972, 5.87515306473, 6.42325115204, 6.90054178238, 7.37783288956, 7.85512447357, 8.33241462708, 8.80970668793, 9.28699684143, 9.76428794861]
    bpm_estimates: [125.924598694, 125.819229126, 125.763679504, 125.212562561, 125.888046265, 126.304039001, 125.93032074, 125.846672058, 125.788314819, 125.843727112, 126.237678528, 126.028297424, 125.834526062, 125.781471252, 125.170166016, 126.084373474, 125.884933472, 125.853813171, 125.962432861, 125.56829834, 124.936561584]
    bpm_intervals: [0.476688325405, 0.476688325405, 0.4766882658, 0.47668838501, 0.476688146591, 0.47668838501, 0.47668838501, 0.476688146591, 0.476688146591, 0.47668838501, 0.47668838501, 0.47668838501, 0.548098087311, 0.477290630341, 0.477291107178, 0.477291584015, 0.477290153503, 0.477292060852, 0.477290153503, 0.477291107178]
    onset_times: [0.0464399084449, 0.139319732785, 0.301859408617, 0.406349211931, 0.626938760281, 0.789478480816, 0.882358253002, 1.02167797089, 1.11455786228, 1.35836732388, 1.49768710136, 1.6137868166, 1.74149656296, 1.84598636627, 2.00852608681, 2.07818603516, 2.22911572456, 2.32199549675, 2.55419492722, 2.7863945961, 3.04181408882, 3.28562355042, 3.52943301201, 3.65714287758, 3.77324271202, 3.9125623703, 3.99383211136, 4.14476203918, 4.2492518425, 4.48145103455, 4.60916090012, 4.72526073456, 4.85297060013, 4.95746040344, 5.10838985443, 5.20126962662, 5.34058952332, 5.44507932663, 5.58439922333, 5.68888902664, 5.80498886108, 5.92108821869, 6.06040811539, 6.1648979187, 6.40870761871, 6.5596370697, 6.64090681076, 6.88471651077, 7.12852621078, 7.37233543396, 7.51165533066, 7.61614513397, 7.74385499954, 7.83673477173, 7.98766422272, 8.103764534, 8.31274414062, 8.47528362274, 8.56816291809, 8.6958732605, 8.80036258698, 9.04417228699, 9.18349170685, 9.29959201813, 9.42730140686, 9.53179168701, 9.682721138, 9.7639913559, 9.91492080688, 10.0078001022]
    rubato_start: []
    rubato_stop: []
    perceptual_tempo: "unknown"

sfx:
    inharmonicity:
        dmean: 0.0404022447765
        dmean2: 0.0730121731758
        dvar: 0.00259477831423
        dvar2: 0.0073006786406
        max: 0.341558247805
        mean: 0.0386648848653
        min: 0
        var: 0.00230680080131
    oddtoevenharmonicenergyratio:
        dmean: 0.910153210163
        dmean2: 1.69278693199
        dvar: 2.51717090607
        dvar2: 7.45043611526
        max: 14.2098245621
        mean: 0.660952150822
        min: 0
        var: 1.68875777721
    pitch_after_max_to_before_max_energy_ratio: 7.7221198082
    pitch_centroid: 192.162948608
    pitch_max_to_total: 0.045977011323
    pitch_min_to_total: 0.514942526817
    tristimulus:
        dmean: [0.246428355575, 0.237416282296, 0.135067671537]
        dmean2: [0.433598697186, 0.409585863352, 0.238844692707]
        dvar: [0.0367464497685, 0.0341567322612, 0.0187076274306]
        dvar2: [0.0966982617974, 0.0939568728209, 0.0512000657618]
        max: [1, 0.977023899555, 0.830257058144]
        mean: [0.444376796484, 0.374308437109, 0.144766628742]
        min: [0.0193328633904, 0, 0]
        var: [0.0612799264491, 0.052622705698, 0.020806774497]

tonal:
    chords_changes_rate: 0.0502283088863
    chords_number_rate: 0.0319634713233
    chords_strength:
        dmean: 0.00857714284211
        dmean2: 0.00917806942016
        dvar: 5.1766870456e-05
        dvar2: 7.25648424122e-05
        max: 0.715996146202
        mean: 0.56468975544
        min: 0.372676372528
        var: 0.00815517175943
    key_strength: 0.736951053143
    tuning_diatonic_strength: 0.650674939156
    tuning_equal_tempered_deviation: 0.126135677099
    tuning_frequency: 441.272583008
    tuning_nontempered_energy_ratio: 0.751111507416
    hpcp:
        dmean: [0.184385061264, 0.206341981888, 0.24884454906, 0.24505572021, 0.198483645916, 0.142529502511, 0.131368234754, 0.129111349583, 0.156717270613, 0.189524129033, 0.13960172236, 0.0982015430927, 0.0922006443143, 0.1149430722, 0.146970033646, 0.202067047358, 0.272449344397, 0.307882994413, 0.275177925825, 0.182759046555, 0.103213720024, 0.0756355524063, 0.0886539518833, 0.128809392452, 0.165435865521, 0.115739487112, 0.0695852637291, 0.0622248165309, 0.0501977615058, 0.0796797424555, 0.113073416054, 0.135988265276, 0.190176874399, 0.203502625227, 0.189166396856, 0.185044944286]
        dmean2: [0.324215173721, 0.373698085546, 0.427740603685, 0.411902219057, 0.355305761099, 0.265416234732, 0.233940973878, 0.221090644598, 0.278658211231, 0.331169992685, 0.244001403451, 0.179054766893, 0.165299624205, 0.202945426106, 0.249198749661, 0.363973259926, 0.468442827463, 0.519710540771, 0.475809723139, 0.326635539532, 0.192912384868, 0.13817819953, 0.161254629493, 0.217385441065, 0.27721196413, 0.204929098487, 0.121301420033, 0.108782708645, 0.087135322392, 0.135236233473, 0.193312495947, 0.244975194335, 0.332560390234, 0.358019649982, 0.337442815304, 0.323752641678]
        dvar: [0.0552446879447, 0.0614458099008, 0.071211785078, 0.0668125972152, 0.0473854914308, 0.0510448105633, 0.0415557660162, 0.0359013862908, 0.0306468252093, 0.0467152185738, 0.0332757495344, 0.0317225977778, 0.0244222600013, 0.0292747169733, 0.0382855609059, 0.0615510754287, 0.0574129931629, 0.0726914033294, 0.0583171099424, 0.0371121317148, 0.0261096414179, 0.0224798657, 0.0200321841985, 0.0211131554097, 0.0341912657022, 0.0203123372048, 0.0120705552399, 0.0160756781697, 0.00642007822171, 0.0111261727288, 0.0169478952885, 0.0216931793839, 0.0391959659755, 0.0594443008304, 0.0389968641102, 0.0507146008313]
        dvar2: [0.137081712484, 0.161070808768, 0.187503531575, 0.159865394235, 0.143024235964, 0.149610459805, 0.118278510869, 0.0903551802039, 0.0828628465533, 0.125803083181, 0.0927540361881, 0.0878850072622, 0.067730538547, 0.0817963331938, 0.105894565582, 0.151558697224, 0.169596195221, 0.185739696026, 0.143730536103, 0.105984777212, 0.0772529169917, 0.0634726583958, 0.0552318431437, 0.0537097975612, 0.0861508324742, 0.055393576622, 0.0338764227927, 0.0456673391163, 0.0155516956002, 0.0259885415435, 0.0444490872324, 0.0568780638278, 0.100228920579, 0.148967117071, 0.0947547405958, 0.134079530835]
        max: [1, 1, 1, 1, 1, 1, 1, 1, 1, 1, 1, 1, 1, 1, 1, 1, 1, 1, 1, 0.966758191586, 1, 1, 0.890200614929, 1, 1, 0.774719834328, 0.77763235569, 1, 0.658628642559, 0.945366382599, 1, 1, 1, 1, 1, 1]
        mean: [0.176047667861, 0.191290661693, 0.318459033966, 0.378756999969, 0.226029142737, 0.121339701116, 0.127124682069, 0.143601417542, 0.20526316762, 0.261866182089, 0.178382888436, 0.0862018465996, 0.0838446244597, 0.103393830359, 0.149886488914, 0.216686546803, 0.331288248301, 0.478835076094, 0.393991798162, 0.170601218939, 0.0771055668592, 0.0620254725218, 0.0753115937114, 0.162627220154, 0.224766388535, 0.138261690736, 0.0673314407468, 0.0565573200583, 0.0508712902665, 0.0822666138411, 0.119906455278, 0.152235597372, 0.326943963766, 0.41744273901, 0.257688760757, 0.166253253818]
        min: [0.000986140221357, 0.00141487200744, 0.00177884195, 0.000319442013279, 0.000252775673289, 0.000207564909942, 0.0019407083746, 0.00394312059507, 0.0039762831293, 0.00409570150077, 0, 0.000261600449448, 0.00122068601195, 0.0014097429812, 0.00174380594399, 0.00187026837375, 0, 0, 0, 0, 0, 0, 0, 0, 0.000641290156636, 6.17869955022e-05, 0.00150667084381, 0.000973655376583, 0.000761766335927, 0.00157177215442, 0.000327866437146, 0, 0.000699644151609, 0.000747126352508, 0.000577116792556, 0.000816161278635]
        var: [0.0601831711829, 0.0636463537812, 0.100515425205, 0.132597401738, 0.0553648471832, 0.0401922874153, 0.0352199971676, 0.0346042588353, 0.0408103205264, 0.0734199285507, 0.037750761956, 0.0219869613647, 0.0180750675499, 0.0239384975284, 0.0413912013173, 0.0701720565557, 0.0739226639271, 0.119601801038, 0.0947446450591, 0.0360059812665, 0.0181652288884, 0.0151930293068, 0.0155095076188, 0.0322012230754, 0.0543525591493, 0.0221440084279, 0.0105761652812, 0.0114409523085, 0.00624798750505, 0.0128805954009, 0.0239983908832, 0.0239908546209, 0.0948377922177, 0.154891043901, 0.058014370501, 0.0498316735029]
    chords_histogram: [2.73972606659, 16.8949775696, 17.3515987396, 0, 0, 0, 0, 0, 11.4155254364, 0, 0, 0, 0, 0, 0, 0, 0, 0, 0, 0, 0, 26.4840183258, 18.2648410797, 6.84931516647]
    thpcp: [1, 0.822813153267, 0.35628387332, 0.161027401686, 0.129534110427, 0.157280862331, 0.339630961418, 0.469402521849, 0.288745939732, 0.140615090728, 0.11811440438, 0.106239691377, 0.171805739403, 0.250412851572, 0.317929089069, 0.682790338993, 0.871788144112, 0.538157641888, 0.347203582525, 0.367658257484, 0.399491757154, 0.665070414543, 0.790996789932, 0.47203963995, 0.253406047821, 0.265487402678, 0.29989746213, 0.428671956062, 0.54688179493, 0.372535139322, 0.180024087429, 0.175101265311, 0.21592785418, 0.313023209572, 0.452528566122, 0.691862940788]
    chords_key: "F"
    chords_scale: "minor"
    key_key: "D#"
    key_scale: "major"
    chords_progression: ["G", "G", "G", "G", "G", "G", "G", "G", "G", "G", "G", "G", "G", "G", "G", "G", "G", "G", "G", "G", "G", "G", "G", "G", "G", "A#", "A#", "A#", "A#", "A#", "A#", "A#", "A#", "A#", "A#", "A#", "A#", "A#", "A#", "A#", "A#", "A#", "A#", "A#", "A#", "A#", "A#", "A#", "A#", "A#", "A#", "A#", "A#", "A#", "A#", "A#", "A#", "A#", "A#", "A#", "A#", "A#", "A#", "Gm", "Gm", "Gm", "Gm", "Gm", "Fm", "Fm", "Fm", "Fm", "Fm", "Fm", "Fm", "Fm", "Fm", "Fm", "Fm", "Fm", "Fm", "Fm", "Fm", "Fm", "G#", "G#", "G#", "G#", "G#", "Fm", "Fm", "Fm", "Fm", "Fm", "Fm", "Fm", "Fm", "Fm", "Fm", "Fm", "Fm", "Fm", "Fm", "Fm", "Fm", "Fm", "Fm", "Fm", "Fm", "Fm", "Fm", "Fm", "Fm", "Fm", "Fm", "Fm", "Fm", "Fm", "Fm", "Fm", "Fm", "Fm", "Fm", "Fm", "Fm", "Fm", "Fm", "Fm", "Fm", "Fm", "Fm", "G#", "G#", "G#", "G#", "G#", "G#", "G#", "G#", "G#", "G#", "G#", "G#", "G#", "G#", "G#", "G#", "G#", "G#", "G#", "G#", "G#", "G#", "G#", "G#", "G#", "G#", "G#", "G#", "G#", "G#", "G#", "G#", "G#", "G#", "G#", "Cm", "Cm", "Cm", "Cm", "Cm", "Cm", "Cm", "Cm", "Cm", "Cm", "Cm", "Cm", "Cm", "Cm", "Cm", "D#", "D#", "D#", "D#", "D#", "Gm", "D#", "Gm", "Gm", "Gm", "Gm", "Gm", "Gm", "Gm", "Gm", "Gm", "Gm", "Gm", "Gm", "Gm", "Gm", "Gm", "Gm", "Gm", "Gm", "Gm", "Gm", "Gm", "Gm", "Gm", "Gm", "Gm", "Gm", "Gm", "Gm", "Gm", "Gm", "Gm"]
