
metadata:
    version:
        essentia: "1.2.2"
    audio_properties:
        analysis_sample_rate: 44100
        bitrate: 128
        channels: 2
        equal_loudness: 1
        length: 9.97877597809
        replay_gain: -5.28848075867
        downmix: "mix"
    tags:
        track: 30
        year: 0
        album: "Splitted by Mp3Splt v. 2.1"
        artist: "From 004.50 To 005.00"
        comment: "http://mp3splt.sf.net"
        genre: ""
        title: "07 Fables of Faubus.mp3"

highlevel:
    ballroom:
        all:
            ChaChaCha: 0.0106055280194
            Jive: 0.0643458366394
            Quickstep: 0.37261942029
            Rumba-American: 0.0125984996557
            Rumba-International: 0.0138922203332
            Rumba-Misc: 0.00916868820786
            Samba: 0.0373829491436
            Tango: 0.456786751747
            VienneseWaltz: 0.00939889159054
            Waltz: 0.0132012432441
        probability: 0.456786751747
        value: "Tango"
    culture:
        all:
            non_western: 0.139745563269
            western: 0.860254466534
        probability: 0.860254466534
        value: "western"
    gender:
        all:
            female: 0.658162176609
            male: 0.341837823391
        probability: 0.658162176609
        value: "female"
    genre_dortmund:
        all:
            alternative: 0.017213281244
            blues: 0.0649905502796
            electronic: 0.0195740424097
            folkcountry: 0.0235894341022
            funksoulrnb: 0.00933708902448
            jazz: 0.801314711571
            pop: 0.0227445308119
            raphiphop: 0.0121982526034
            rock: 0.0290381126106
        probability: 0.801314711571
        value: "jazz"
    genre_electronica:
        all:
            ambient: 0.829399347305
            dnb: 0.0511194430292
            house: 0.0596379265189
            techno: 0.015272943303
            trance: 0.0445703193545
        probability: 0.829399347305
        value: "ambient"
    genre_rosamerica:
        all:
            cla: 0.0382441692054
            dan: 0.0432069003582
            hip: 0.0263830926269
            jaz: 0.724165320396
            pop: 0.0787299349904
            rhy: 0.0509341657162
            roc: 0.0281259398907
            spe: 0.0102104907855
        probability: 0.724165320396
        value: "jaz"
    genre_tzanetakis:
        all:
            blu: 0.00834898743778
            cla: 0.0412838980556
            cou: 0.0897446200252
            dis: 0.0301839634776
            hip: 0.0109476381913
            jaz: 0.110736124218
            met: 0.00303161726333
            pop: 0.224737912416
            reg: 0.467468738556
            roc: 0.0135165071115
        probability: 0.467468738556
        value: "reg"
    live_studio:
        all:
            live: 0.419869244099
            studio: 0.580130755901
        probability: 0.580130755901
        value: "studio"
    mood:
        all:
            Cluster1: 0.0946687459946
            Cluster2: 0.397317171097
            Cluster3: 0.0859045758843
            Cluster4: 0.227937787771
            Cluster5: 0.194171711802
        probability: 0.397317171097
        value: "Cluster2"
    mood_acoustic:
        all:
            acoustic: 0.13311201334
            not_acoustic: 0.86688798666
        probability: 0.86688798666
        value: "not_acoustic"
    mood_aggressive:
        all:
            aggressive: 0.0216697063297
            not_aggressive: 0.978330314159
        probability: 0.978330314159
        value: "not_aggressive"
    mood_electronic:
        all:
            electronic: 0.320582479239
            not_electronic: 0.679417490959
        probability: 0.679417490959
        value: "not_electronic"
    mood_happy:
        all:
            happy: 0.329229414463
            not_happy: 0.670770585537
        probability: 0.670770585537
        value: "not_happy"
    mood_party:
        all:
            not_party: 0.616654872894
            party: 0.383345127106
        probability: 0.616654872894
        value: "not_party"
    mood_relaxed:
        all:
            not_relaxed: 0.0871838852763
            relaxed: 0.912816107273
        probability: 0.912816107273
        value: "relaxed"
    mood_sad:
        all:
            not_sad: 0.490653187037
            sad: 0.509346783161
        probability: 0.509346783161
        value: "sad"
    rhythm:
        all:
            fast: 0.556484162807
            medium: 0.277633756399
            slow: 0.165882080793
        probability: 0.556484162807
        value: "fast"
    speech_music:
        all:
            music: 0.975304841995
            speech: 0.0246951542795
        probability: 0.975304841995
        value: "music"
    timbre:
        all:
            bright: 0.905238211155
            dark: 0.0947617888451
        probability: 0.905238211155
        value: "bright"
    voice_instrumental:
        all:
            instrumental: 0.992948770523
            voice: 0.00705122807994
        probability: 0.992948770523
        value: "instrumental"

lowlevel:
    average_loudness: 0.737218379974
    barkbands_kurtosis:
        dmean: 1.74367833138
        dmean2: 2.80685520172
        dvar: 24.7245826721
        dvar2: 61.7351608276
        max: 82.5273971558
        mean: 1.26328539848
        min: -1.7907012701
        var: 29.8005638123
    barkbands_skewness:
        dmean: 0.488902330399
        dmean2: 0.714684784412
        dvar: 0.321883320808
        dvar2: 0.734216272831
        max: 7.31772136688
        mean: 0.483895033598
        min: -2.43042230606
        var: 1.70823800564
    barkbands_spread:
        dmean: 5.32958316803
        dmean2: 7.97046375275
        dvar: 36.4605865479
        dvar2: 75.0373153687
        max: 63.9292755127
        mean: 24.0644760132
        min: 1.47044730186
        var: 138.263809204
    dissonance:
        dmean: 0.0218099020422
        dmean2: 0.0354013778269
        dvar: 0.000385295657907
        dvar2: 0.000912487739697
        max: 0.499431461096
        mean: 0.451011359692
        min: 0.29673704505
        var: 0.00107249966823
    hfc:
        dmean: 1.23722374439
        dmean2: 1.82178473473
        dvar: 6.69173049927
        dvar2: 13.1490831375
        max: 45.7842941284
        mean: 4.44296789169
        min: 0.00527302734554
        var: 55.4531440735
    pitch:
        dmean: 284.888244629
        dmean2: 548.547546387
        dvar: 821988.5
        dvar2: 2084559.875
        max: 4410
        mean: 501.238647461
        min: 62.2881355286
        var: 785217.5625
    pitch_instantaneous_confidence:
        dmean: 0.104527026415
        dmean2: 0.167597517371
        dvar: 0.0144527312368
        dvar2: 0.0303896535188
        max: 0.984465420246
        mean: 0.612847089767
        min: 0.139836192131
        var: 0.0621605440974
    pitch_salience:
        dmean: 0.0656848177314
        dmean2: 0.105688728392
        dvar: 0.0041361534968
        dvar2: 0.0106675848365
        max: 0.821488142014
        mean: 0.622751116753
        min: 0.189340189099
        var: 0.0106249498203
    silence_rate_20dB:
        dmean: 0
        dmean2: 0
        dvar: 0
        dvar2: 0
        max: 1
        mean: 1
        min: 1
        var: 0
    silence_rate_30dB:
        dmean: 0
        dmean2: 0
        dvar: 0
        dvar2: 0
        max: 1
        mean: 1
        min: 1
        var: 0
    silence_rate_60dB:
        dmean: 0.0466200448573
        dmean2: 0.0934579446912
        dvar: 0.0444471351802
        dvar2: 0.0987428873777
        max: 1
        mean: 0.786046504974
        min: 0
        var: 0.168177619576
    spectral_centroid:
        dmean: 273.554534912
        dmean2: 402.788909912
        dvar: 127654.25
        dvar2: 300962.0625
        max: 3737.09594727
        mean: 1413.73046875
        min: 123.805175781
        var: 441408.9375
    spectral_complexity:
        dmean: 1.52927398682
        dmean2: 2.47417831421
        dvar: 6.81585979462
        dvar2: 16.2164726257
        max: 21
        mean: 5.44158887863
        min: 0
        var: 24.4475250244
    spectral_crest:
        dmean: 2.24895501137
        dmean2: 3.54201054573
        dvar: 5.00978326797
        dvar2: 11.9111995697
        max: 21.9367580414
        mean: 8.95571517944
        min: 2.87185072899
        var: 14.2553310394
    spectral_decrease:
        dmean: 1.29982677399e-10
        dmean2: 1.81743856076e-10
        dvar: 4.21650793605e-20
        dvar2: 7.18412242739e-20
        max: -6.81728003042e-13
        mean: -5.04791486389e-10
        min: -3.4831586504e-09
        var: 4.2646883633e-19
    spectral_energy:
        dmean: 0.000592337164562
        dmean2: 0.000832475605421
        dvar: 9.75896341515e-07
        dvar2: 1.7192805899e-06
        max: 0.0172990001738
        mean: 0.00230819010176
        min: 3.05127719002e-06
        var: 9.70379278442e-06
    spectral_energyband_high:
        dmean: 5.01705035276e-05
        dmean2: 8.4967672592e-05
        dvar: 1.62179212282e-08
        dvar2: 4.47500632106e-08
        max: 0.00110970437527
        mean: 8.09256453067e-05
        min: 2.90946985615e-07
        var: 1.57691317781e-08
    spectral_energyband_low:
        dmean: 0.000104966551589
        dmean2: 0.000146351070725
        dvar: 9.23768723737e-08
        dvar2: 1.59051438686e-07
        max: 0.003657204099
        mean: 0.000185587312444
        min: 3.95092172312e-08
        var: 2.3732337695e-07
    spectral_energyband_middle_high:
        dmean: 0.000394971255446
        dmean2: 0.000560997927096
        dvar: 7.70136352912e-07
        dvar2: 1.30598436954e-06
        max: 0.016842931509
        mean: 0.00151329813525
        min: 8.33281717405e-07
        var: 7.72573457652e-06
    spectral_energyband_middle_low:
        dmean: 0.000182649120688
        dmean2: 0.000276428647339
        dvar: 6.66302852892e-08
        dvar2: 1.30752383143e-07
        max: 0.00341711239889
        mean: 0.000528378237505
        min: 1.51028166329e-06
        var: 3.59765067515e-07
    spectral_flatness_db:
        dmean: 0.0216126758605
        dmean2: 0.0314775072038
        dvar: 0.000524158240296
        dvar2: 0.0010877402965
        max: 0.370191276073
        mean: 0.181343823671
        min: 0.0812667161226
        var: 0.00286328629591
    spectral_flux:
        dmean: 0.0077811894007
        dmean2: 0.0121229048818
        dvar: 0.000106535197119
        dvar2: 0.000231531012105
        max: 0.131596177816
        mean: 0.0193018205464
        min: 0.00118502415717
        var: 0.000319087761454
    spectral_kurtosis:
        dmean: 1.5708861351
        dmean2: 2.5967028141
        dvar: 3.08867025375
        dvar2: 7.73384237289
        max: 19.4116077423
        mean: 5.46092271805
        min: 0.2821393013
        var: 9.50641536713
    spectral_rms:
        dmean: 0.000203753763344
        dmean2: 0.000285612768494
        dvar: 8.00216639618e-08
        dvar2: 1.46456201833e-07
        max: 0.00410817144439
        mean: 0.00120402383618
        min: 5.45605689695e-05
        var: 8.02220199603e-07
    spectral_rolloff:
        dmean: 468.989746094
        dmean2: 775.194641113
        dvar: 506226.125
        dvar2: 1050427.625
        max: 4952.63671875
        mean: 2582.67504883
        min: 129.19921875
        var: 1278181.375
    spectral_skewness:
        dmean: 0.216331839561
        dmean2: 0.340744584799
        dvar: 0.0522831119597
        dvar2: 0.116774924099
        max: 3.56551980972
        mean: 1.76562666893
        min: 0.824436366558
        var: 0.171346634626
    spectral_spread:
        dmean: 597616.875
        dmean2: 900443.625
        dvar: 687797567488
        dvar2: 1.33109737062e+12
        max: 11502548
        mean: 4846321
        min: 2233426.5
        var: 3.40451917824e+12
    spectral_strongpeak:
        dmean: 0.299773067236
        dmean2: 0.498486071825
        dvar: 0.4155420959
        dvar2: 0.930575966835
        max: 9.16368579865
        mean: 0.79206520319
        min: 0.00256289145909
        var: 2.17785954475
    zerocrossingrate:
        dmean: 0.00987082812935
        dmean2: 0.011325603351
        dvar: 9.56511721597e-05
        dvar2: 0.000130313492264
        max: 0.16650390625
        mean: 0.0758535787463
        min: 0.0087890625
        var: 0.00066945317667
    barkbands:
        dmean: [1.95357792165e-08, 2.38693955907e-05, 8.5977044364e-05, 3.55663614755e-05, 4.8279081966e-05, 5.29383469257e-05, 3.35512049787e-05, 6.55583644402e-05, 4.6310149628e-05, 1.33484581966e-05, 1.52100265041e-05, 1.04940681922e-05, 1.70381008502e-05, 6.78981450619e-05, 4.64134936919e-05, 0.000113420501293, 9.87120292848e-05, 5.43082715012e-05, 0.000107918225694, 5.26656767761e-05, 2.09862628253e-05, 7.85141946835e-06, 2.27703208111e-06, 1.37872598316e-06, 1.32536638375e-06, 4.73648000821e-08, 1.76701792087e-10]
        dmean2: [3.01728917407e-08, 3.29414397129e-05, 0.00012190900452, 6.07399961154e-05, 8.19429697003e-05, 8.177892596e-05, 5.33755664947e-05, 8.5755775217e-05, 7.42371557862e-05, 1.95075062948e-05, 2.16811331484e-05, 1.54097197083e-05, 2.72081015282e-05, 0.000105652950879, 6.69475484756e-05, 0.000169316801475, 0.000125022750581, 8.92510797712e-05, 0.000156927242642, 8.40414795675e-05, 3.47106761183e-05, 1.39595340443e-05, 4.06430081057e-06, 2.48059177466e-06, 2.33514901993e-06, 8.40943670255e-08, 3.03552988301e-10]
        dvar: [1.13098549623e-14, 2.90189272611e-09, 7.30778779712e-08, 9.81208359008e-09, 8.63362270564e-09, 7.46500639082e-09, 5.32060484559e-09, 1.86766637711e-08, 3.060475251e-08, 9.75195035835e-10, 2.82035594878e-09, 3.6592051611e-10, 1.41005718213e-09, 4.21830108621e-08, 2.06141574921e-08, 8.30691107012e-08, 1.1038247294e-07, 2.03082031192e-08, 5.4186585885e-08, 1.23010170938e-08, 2.9233853116e-09, 8.39949776399e-10, 7.69651425925e-11, 2.49229421823e-11, 1.35678586421e-11, 1.8573857052e-14, 1.29612364822e-19]
        dvar2: [1.20088129978e-14, 5.46917044986e-09, 1.30043332547e-07, 2.55599168497e-08, 2.41520208277e-08, 1.94462277392e-08, 9.66093693933e-09, 2.96773627895e-08, 6.24002254312e-08, 2.0148054336e-09, 6.84341294743e-09, 7.54793672009e-10, 3.77276920815e-09, 8.62572306914e-08, 3.85395999558e-08, 1.54170663791e-07, 1.65663848861e-07, 5.64422499849e-08, 9.50995158178e-08, 2.90896799982e-08, 7.69847652293e-09, 2.4120501152e-09, 2.23692550594e-10, 7.15277490015e-11, 3.57517626615e-11, 5.09150250986e-14, 3.36712967326e-19]
        max: [2.20699075726e-06, 0.0007790736272, 0.00334308762103, 0.00141621590592, 0.00087624695152, 0.000714944384526, 0.00102424412034, 0.00262854038738, 0.0021926574409, 0.000383480743039, 0.000865878071636, 0.000287689821562, 0.000444832869107, 0.00288330647163, 0.00220647198148, 0.00530819222331, 0.00862311571836, 0.00155924959108, 0.00421411870047, 0.000967040366959, 0.000480468035676, 0.00027805211721, 8.58981802594e-05, 5.55452825211e-05, 2.74121139228e-05, 9.9858334579e-07, 2.9737634577e-09]
        mean: [2.47688678456e-08, 4.10658249166e-05, 0.000144499455928, 4.38061797468e-05, 8.24443850433e-05, 9.4863709819e-05, 6.15139724687e-05, 0.000174194661668, 6.93676920491e-05, 2.19632111111e-05, 3.26954213961e-05, 1.99986152438e-05, 3.09758579533e-05, 0.00015540329332, 9.86627710517e-05, 0.000375993433408, 0.000246692652581, 9.14483462111e-05, 0.000380377576221, 0.000102205762232, 2.71688059001e-05, 7.81491417001e-06, 2.26212728194e-06, 1.33547041514e-06, 1.36876167289e-06, 4.42883703045e-08, 1.56865812007e-10]
        min: [2.00003451301e-11, 7.77267050722e-09, 1.62805005033e-08, 8.14754219647e-09, 1.06044922177e-07, 7.31695308787e-08, 1.1027655944e-07, 4.16107539536e-08, 4.5983824748e-08, 1.48894896412e-08, 2.14989803737e-08, 2.26793392955e-08, 1.59781272657e-08, 1.23355068382e-08, 3.26874918244e-08, 3.45749882058e-08, 6.68623343358e-08, 1.10489246197e-07, 1.20273142556e-07, 1.34222915449e-07, 7.07884382223e-08, 3.57559386543e-08, 1.05231219294e-08, 4.67585969943e-09, 3.64728247604e-09, 1.82313539265e-10, 1.06851464796e-13]
        var: [1.26147439459e-14, 8.45051140175e-09, 1.83976510471e-07, 1.99286862568e-08, 1.67313878308e-08, 1.90012841017e-08, 1.42174636508e-08, 1.30941188559e-07, 4.27298338934e-08, 2.32445440673e-09, 7.16990200544e-09, 1.00650454637e-09, 3.94288646177e-09, 1.55874815277e-07, 7.47200985529e-08, 8.52868254242e-07, 4.50589169532e-07, 2.78286336197e-08, 6.2343940499e-07, 2.55484220446e-08, 2.81398016e-09, 5.15720133265e-10, 4.63766212933e-11, 1.60144553868e-11, 1.13261084539e-11, 1.41777967133e-14, 1.21193243e-19]
    mfcc:
        mean: [-816.462158203, 109.731628418, -54.9965171814, 44.5675621033, -8.0021238327, -17.9177246094, -10.2538175583, -14.9673185349, -3.6017370224, -2.38037109375, 0.349601596594, -3.13606357574, 3.4280564785]
        cov: [[8384.12304688, -979.58392334, -670.545227051, 598.094543457, 394.932220459, 109.671836853, 312.866760254, 209.846755981, 304.256896973, 560.869995117, 79.0907516479, -161.981628418, 329.814453125], [-979.58392334, 1054.65319824, 252.452209473, -184.706436157, -114.181175232, 4.28401851654, -4.39833164215, 5.03312444687, -3.38059425354, -105.324943542, 10.8093070984, 42.8919067383, -81.7350463867], [-670.545227051, 252.452209473, 1431.46203613, -35.3178672791, -98.5309371948, 229.221130371, 190.302841187, 53.420753479, 214.349700928, -135.175186157, 5.82258224487, 48.2427215576, -206.225250244], [598.094543457, -184.706436157, -35.3178672791, 347.06652832, 184.094818115, 116.238876343, 99.8600006104, 71.1295623779, 34.6221504211, 62.3799247742, 18.0127677917, -11.9053726196, 31.1846179962], [394.932220459, -114.181175232, -98.5309371948, 184.094818115, 262.984710693, 91.8223495483, 78.267364502, 57.9474067688, 19.6719799042, 71.1215744019, 41.090965271, 21.2756824493, 53.8780097961], [109.671836853, 4.28401851654, 229.221130371, 116.238876343, 91.8223495483, 193.547424316, 103.809577942, 42.3730621338, 70.670715332, 7.31658792496, 14.4087982178, -7.70102024078, -44.8900794983], [312.866760254, -4.39833164215, 190.302841187, 99.8600006104, 78.267364502, 103.809577942, 124.401069641, 67.7604370117, 62.5681724548, 25.6644420624, 25.0239982605, 14.2593574524, -8.0497045517], [209.846755981, 5.03312444687, 53.420753479, 71.1295623779, 57.9474067688, 42.3730621338, 67.7604370117, 91.4385910034, 48.3068618774, 28.9963092804, 23.448223114, 26.4780673981, 23.7239685059], [304.256896973, -3.38059425354, 214.349700928, 34.6221504211, 19.6719799042, 70.670715332, 62.5681724548, 48.3068618774, 119.17980957, 38.4314079285, 17.3765926361, 2.24306178093, -22.8397598267], [560.869995117, -105.324943542, -135.175186157, 62.3799247742, 71.1215744019, 7.31658792496, 25.6644420624, 28.9963092804, 38.4314079285, 111.920768738, 30.5035762787, -16.853843689, 39.9156646729], [79.0907516479, 10.8093070984, 5.82258224487, 18.0127677917, 41.090965271, 14.4087982178, 25.0239982605, 23.448223114, 17.3765926361, 30.5035762787, 60.8768386841, 39.4545860291, 13.5121736526], [-161.981628418, 42.8919067383, 48.2427215576, -11.9053726196, 21.2756824493, -7.70102024078, 14.2593574524, 26.4780673981, 2.24306178093, -16.853843689, 39.4545860291, 99.5975341797, 51.4667739868], [329.814453125, -81.7350463867, -206.225250244, 31.1846179962, 53.8780097961, -44.8900794983, -8.0497045517, 23.7239685059, -22.8397598267, 39.9156646729, 13.5121736526, 51.4667739868, 149.089080811]]
        icov: [[0.000248283351539, 7.33029592084e-05, 0.000139824405778, -0.000152461710968, 0.000131306936964, 0.000301438354654, -0.00092502363259, 0.000418544426793, -0.000715273257811, -0.000338926678523, -0.000141574375448, 0.000614793098066, -0.000575236801524], [7.33029592084e-05, 0.00123326363973, 4.40689182142e-05, 0.00061607232783, 0.000143954195664, -0.000164425757248, -0.000285653659375, -0.000711471657269, -1.15973151082e-07, 0.000771624036133, -0.000667898915708, 8.40572538436e-05, 0.000267217139481], [0.000139824405778, 4.40689182142e-05, 0.00233725667931, 0.000117109644634, 0.000681702571455, 2.3260132366e-05, -0.00381059315987, 0.00188804953359, -0.00421448796988, 0.00293796486221, 6.75529881846e-05, -0.00100616330747, 0.00108677893877], [-0.000152461710968, 0.00061607232783, 0.000117109644634, 0.00615539215505, -0.00256985449232, -0.00188059767243, -0.00120701664127, -0.00242330762558, 0.00130581634585, 0.000403663492762, 0.000466375175165, 0.00133244611789, -0.000177862835699], [0.000131306936964, 0.000143954195664, 0.000681702571455, -0.00256985449232, 0.00875360611826, -0.00320809753612, -0.00186831003521, -0.000142894947203, 0.00180459779222, -0.0034124404192, -0.0011456082575, -0.00196288037114, -0.000967041647527], [0.000301438354654, -0.000164425757248, 2.3260132366e-05, -0.00188059767243, -0.00320809753612, 0.0141157712787, -0.00912872701883, 0.00404891930521, -0.0060041169636, 0.00427454477176, -0.00160179950763, 0.00338430888951, 0.000853576406371], [-0.00092502363259, -0.000285653659375, -0.00381059315987, -0.00120701664127, -0.00186831003521, -0.00912872701883, 0.0322748832405, -0.0147564550862, 0.00616156542674, -0.00415523396805, -0.000912360439543, -0.00206418475136, 0.00174021499697], [0.000418544426793, -0.000711471657269, 0.00188804953359, -0.00242330762558, -0.000142894947203, 0.00404891930521, -0.0147564550862, 0.0264068841934, -0.00999469682574, 0.00131297600456, -0.000220428424655, -0.00278597138822, -0.00282641826198], [-0.000715273257811, -1.15973151082e-07, -0.00421448796988, 0.00130581634585, 0.00180459779222, -0.0060041169636, 0.00616156542674, -0.00999469682574, 0.0263120662421, -0.014188401401, 0.00429524015635, -0.00482824444771, 0.00404965179041], [-0.000338926678523, 0.000771624036133, 0.00293796486221, 0.000403663492762, -0.0034124404192, 0.00427454477176, -0.00415523396805, 0.00131297600456, -0.014188401401, 0.031964443624, -0.0181450471282, 0.0157230645418, -0.00727544398978], [-0.000141574375448, -0.000667898915708, 6.75529881846e-05, 0.000466375175165, -0.0011456082575, -0.00160179950763, -0.000912360439543, -0.000220428424655, 0.00429524015635, -0.0181450471282, 0.0389912463725, -0.0233380571008, 0.00989908259362], [0.000614793098066, 8.40572538436e-05, -0.00100616330747, 0.00133244611789, -0.00196288037114, 0.00338430888951, -0.00206418475136, -0.00278597138822, -0.00482824444771, 0.0157230645418, -0.0233380571008, 0.0332570560277, -0.0152388568968], [-0.000575236801524, 0.000267217139481, 0.00108677893877, -0.000177862835699, -0.000967041647527, 0.000853576406371, 0.00174021499697, -0.00282641826198, 0.00404965179041, -0.00727544398978, 0.00989908259362, -0.0152388568968, 0.0177487563342]]
    spectral_contrast:
        mean: [-1.36934886541e-07, 7.18946191469e-09, 2.64791538029e-07, 6.19024902448e-08, 3.90459177879e-07, -1.17677396716e-08, 5.06743901951e-07, 9.40096128943e-07, -1.18812386063e-06, -2.03254626285e-06, -8.40592633722e-07, -2.6292889288e-06]
        var: [0.000487046898343, 0.000707076746039, 0.00121012073942, 0.00380148668773, 0.00607342133299, 0.0232403539121, 0.0566463768482, 0.0863440260291, 0.216285675764, 0.392873883247, 0.489212721586, 3.8865404129]

rhythm:
    beats_loudness:
        dmean: 0.00291702151299
        dmean2: 0.00518223410472
        dvar: 1.01971036202e-05
        dvar2: 2.85672249447e-05
        max: 0.0142332566902
        mean: 0.00283626629971
        min: 5.13060076628e-05
        var: 1.42639692058e-05
    beats_loudness_bass:
        dmean: 0.1779974401
        dmean2: 0.298601359129
        dvar: 0.0645490959287
        dvar2: 0.174928322434
        max: 0.936481833458
        mean: 0.158076003194
        min: 6.95614289725e-05
        var: 0.0589263215661
    bpm: 66.5333480835
    bpm_confidence: 0
    first_peak_bpm: 126
    first_peak_spread: 0
    first_peak_weight: 0.733333349228
    onset_rate: 4.30914592743
    second_peak_bpm: 67
    second_peak_spread: 0
    second_peak_weight: 0.20000000298
    beats_position: [0.459205806255, 0.935094118118, 1.41098248959, 1.88687074184, 2.36275887489, 2.83864712715, 3.31453537941, 3.79042363167, 4.26631212234, 4.7422003746, 5.21808862686, 5.69397687912, 6.28835248947, 7.19015741348, 8.09196090698, 8.99376583099]
    bpm_estimates: [66.6001358032, 66.4278640747, 66.572052002]
    bpm_intervals: [0.475888311863, 0.475888371468, 0.475888252258, 0.475888133049, 0.475888252258, 0.475888252258, 0.475888252258, 0.475888490677, 0.475888252258, 0.475888252258, 0.475888252258, 0.594375610352, 0.901804924011, 0.9018034935, 0.901804924011]
    onset_times: [0.0812698379159, 0.383129239082, 0.638548731804, 0.975238084793, 1.06811785698, 1.4164172411, 1.55573701859, 1.83437645435, 2.00852608681, 2.46131515503, 2.50775504112, 2.71673464775, 2.82122445107, 3.03020405769, 3.32045340538, 3.48299312592, 3.66875290871, 3.76163268089, 3.85451245308, 4.01705217361, 4.28408145905, 4.46984148026, 4.59755086899, 4.7020406723, 5.23609972, 5.34058952332, 5.56117916107, 5.74693870544, 5.87464857101, 6.18811798096, 6.25777769089, 6.3622674942, 6.47836732864, 6.65251684189, 7.14013624191, 7.22140598297, 7.31428575516, 7.38394546509, 7.97605419159, 9.04417228699, 9.2067117691, 9.83365058899, 9.92653083801]
    rubato_start: [7.19015741348]
    rubato_stop: [8.99376583099]
    perceptual_tempo: "unknown"

sfx:
    inharmonicity:
        dmean: 0.053132340312
        dmean2: 0.0949183776975
        dvar: 0.00507386773825
        dvar2: 0.0146349472925
        max: 0.444349557161
        mean: 0.0530967004597
        min: 0
        var: 0.00481448881328
    oddtoevenharmonicenergyratio:
        dmean: 5.7374587059
        dmean2: 10.6276664734
        dvar: 1008.20068359
        dvar2: 3005.15551758
        max: 445.15802002
        mean: 3.96973586082
        min: 0
        var: 535.519592285
    pitch_after_max_to_before_max_energy_ratio: 22.7010555267
    pitch_centroid: 209.458175659
    pitch_max_to_total: 0.00467289704829
    pitch_min_to_total: 0.740654230118
    tristimulus:
        dmean: [0.181617289782, 0.210515201092, 0.111797519028]
        dmean2: [0.321886837482, 0.367118090391, 0.199919834733]
        dvar: [0.0328385196626, 0.0396260917187, 0.0157112143934]
        dvar2: [0.0847987756133, 0.113542072475, 0.0422463007271]
        max: [1, 0.917921125889, 0.699275016785]
        mean: [0.321289598942, 0.538577735424, 0.123341657221]
        min: [0.00210411683656, 0, 0]
        var: [0.0507280081511, 0.0579390451312, 0.0162837095559]

tonal:
    chords_changes_rate: 0.0511627905071
    chords_number_rate: 0.0186046510935
    chords_strength:
        dmean: 0.0087924329564
        dmean2: 0.00842663366348
        dvar: 5.8064058976e-05
        dvar2: 4.98328481626e-05
        max: 0.62828207016
        mean: 0.513781249523
        min: 0.386450231075
        var: 0.00350057356991
    key_strength: 0.588762581348
    tuning_diatonic_strength: 0.484652549028
    tuning_equal_tempered_deviation: 0.0813327953219
    tuning_frequency: 441.527557373
    tuning_nontempered_energy_ratio: 0.713478922844
    hpcp:
        dmean: [0.139011099935, 0.0957715213299, 0.131536573172, 0.15805105865, 0.143356621265, 0.119310729206, 0.10342811048, 0.0868194773793, 0.104100495577, 0.118910729885, 0.104288697243, 0.135124728084, 0.16230481863, 0.154497161508, 0.0947777852416, 0.0798015072942, 0.0733565762639, 0.0871132463217, 0.110207542777, 0.0943719297647, 0.113071896136, 0.098296739161, 0.0739762410522, 0.103883735836, 0.159446150064, 0.150024026632, 0.126187697053, 0.0941206514835, 0.0782057270408, 0.0837991833687, 0.0989176779985, 0.0951988250017, 0.0945564582944, 0.11958488822, 0.130922973156, 0.153088971972]
        dmean2: [0.227276355028, 0.160603031516, 0.229197651148, 0.264489680529, 0.239147111773, 0.212335735559, 0.181509792805, 0.1523309201, 0.177894607186, 0.193239554763, 0.175401896238, 0.223487302661, 0.293782025576, 0.267673671246, 0.156495213509, 0.123571187258, 0.125516489148, 0.153191506863, 0.185851752758, 0.153143331409, 0.189408376813, 0.177397236228, 0.118118323386, 0.168734952807, 0.254982233047, 0.245620205998, 0.221175804734, 0.166926205158, 0.130107074976, 0.142058864236, 0.167792484164, 0.161653906107, 0.151814475656, 0.184629827738, 0.227368205786, 0.270054131746]
        dvar: [0.041111536324, 0.0252266414464, 0.0355382524431, 0.0502670891583, 0.0462062209845, 0.0359143279493, 0.0356215909123, 0.0246281437576, 0.0290276687592, 0.0262473393232, 0.0240252017975, 0.0334056839347, 0.0727382972836, 0.0404952839017, 0.0199151169509, 0.0181418191642, 0.0159459579736, 0.0171828698367, 0.026979604736, 0.0241160150617, 0.0414025895298, 0.0416856892407, 0.0183030292392, 0.0154124284163, 0.0416490472853, 0.0419460088015, 0.0494969822466, 0.0356063209474, 0.0203066654503, 0.0180652067065, 0.0214291606098, 0.0235106628388, 0.0245257932693, 0.0304955076426, 0.0336558111012, 0.0484791100025]
        dvar2: [0.103337086737, 0.0664089098573, 0.0866495147347, 0.110944338143, 0.102275058627, 0.0979799181223, 0.0904943272471, 0.0661420747638, 0.0781433954835, 0.0554911531508, 0.0613939985633, 0.0838925391436, 0.145911619067, 0.0892551615834, 0.0499962642789, 0.0380584225059, 0.035839356482, 0.0468531511724, 0.0653876289725, 0.0491007901728, 0.115372717381, 0.0954123586416, 0.0444587916136, 0.0356703512371, 0.0849445387721, 0.0900971665978, 0.137861743569, 0.0819510966539, 0.0489476025105, 0.0486227236688, 0.0577768273652, 0.0749581679702, 0.057873275131, 0.0700364559889, 0.0790033042431, 0.137494534254]
        max: [1, 1, 1, 1, 1, 1, 1, 1, 1, 1, 1, 1, 1, 1, 0.93505948782, 1, 0.967692434788, 0.845882296562, 1, 1, 1, 1, 1, 0.83431828022, 1, 1, 1, 1, 0.868915319443, 0.936006188393, 1, 1, 1, 1, 1, 1]
        mean: [0.167806491256, 0.138591498137, 0.205375090241, 0.274994671345, 0.23845730722, 0.1626265347, 0.122077584267, 0.0928506925702, 0.161384612322, 0.243327721953, 0.163351505995, 0.2363268435, 0.443313956261, 0.31196564436, 0.119811020792, 0.114586882293, 0.0885516777635, 0.100793756545, 0.148912668228, 0.136927351356, 0.124099142849, 0.110227406025, 0.0813616663218, 0.165046945214, 0.294305354357, 0.234431043267, 0.116664268076, 0.103028014302, 0.0838558375835, 0.0985285192728, 0.135564446449, 0.110160283744, 0.133603736758, 0.207496121526, 0.186371490359, 0.172958120704]
        min: [0.000396459479816, 0.000800952606369, 0.00104799715336, 0.000774566084146, 0.000175817825948, 0.000136542410473, 0.000206320983125, 0.000610309070908, 0.00183527730405, 0.00162114738487, 0.00129941140767, 6.71377274557e-05, 6.02211257501e-05, 4.73262116429e-05, 0.000378720666049, 0.000725987949409, 0.000346276647178, 7.14692068868e-05, 0.000208417244721, 0.000617531011812, 0.00051340990467, 0.000367654603906, 0.000276283215499, 7.72280036472e-05, 0.000273111567367, 0.000340195110766, 0.000179155991646, 7.70714614191e-05, 0.000125101520098, 0.000241071771597, 0.000896786805242, 0.000725564023014, 9.97646639007e-05, 4.34093017248e-05, 6.9562200224e-05, 0.000108168380393]
        var: [0.0608433187008, 0.0276507083327, 0.0654354840517, 0.106163643301, 0.102132707834, 0.0548104792833, 0.0405754037201, 0.024958062917, 0.0463715270162, 0.0887172520161, 0.0324520990252, 0.0610968284309, 0.187138542533, 0.0859621539712, 0.0295873694122, 0.0372084230185, 0.0255511235446, 0.0169500075281, 0.0357674099505, 0.0351153612137, 0.0374021530151, 0.0419363491237, 0.0204736012965, 0.0310084763914, 0.096765615046, 0.083859667182, 0.0445763505995, 0.0513167493045, 0.0283629596233, 0.0191835872829, 0.0350170955062, 0.0230844561011, 0.033492051065, 0.0720134079456, 0.0567465573549, 0.059057444334]
    chords_histogram: [32.558139801, 9.30232524872, 0, 0, 0, 0, 0, 0, 2.32558131218, 0, 0, 0, 0, 0, 0, 0, 0, 0, 0, 0, 0, 0, 0, 55.8139533997]
    thpcp: [1, 0.703712642193, 0.270262241364, 0.258477956057, 0.199749350548, 0.227364271879, 0.335907906294, 0.308872193098, 0.279935121536, 0.248644113541, 0.183530583978, 0.372302621603, 0.663875699043, 0.528814911842, 0.263163983822, 0.232404172421, 0.189156770706, 0.222254499793, 0.305797845125, 0.248492702842, 0.301374971867, 0.468056827784, 0.420405209064, 0.390148162842, 0.37852743268, 0.312626063824, 0.463272333145, 0.620315849781, 0.537897109985, 0.366842806339, 0.275375008583, 0.209446802735, 0.364041358232, 0.548883497715, 0.368478149176, 0.533091366291]
    chords_key: "A#"
    chords_scale: "minor"
    key_key: "C#"
    key_scale: "major"
    chords_progression: ["C#", "C#", "C#", "C#", "C#", "C#", "C#", "C#", "C#", "C#", "C#", "C#", "C#", "C#", "C#", "A#m", "A#m", "A#m", "A#m", "A#m", "A#m", "A#m", "A#m", "A#m", "A#m", "A#m", "A#m", "A#m", "A#m", "A#m", "A#m", "A#m", "A#m", "A#m", "A#m", "A#m", "A#m", "A#m", "A#m", "A#m", "A#m", "A#m", "A#m", "A#m", "A#m", "A#m", "A#m", "A#m", "A#m", "A#m", "A#m", "A#m", "A#m", "A#m", "A#m", "A#m", "A#m", "A#m", "A#m", "A#m", "A#m", "A#m", "A#m", "A#m", "A#m", "A#m", "A#m", "A#m", "A#m", "A#m", "A#m", "C#", "C#", "C#", "C#", "C#", "C#", "C#", "C#", "C#", "C#", "C#", "C#", "C#", "C#", "C#", "C#", "C#", "C#", "A#m", "A#m", "A#m", "A#m", "A#m", "C#", "C#", "C#", "C#", "C#", "C#", "C#", "C#", "C#", "C#", "C#", "C#", "A#m", "A#m", "A#m", "A#m", "A#m", "A#m", "A#m", "A#m", "A#m", "A#m", "A#m", "A#m", "A#m", "A#m", "A#m", "A#m", "A#m", "A#m", "A#m", "A#m", "A#m", "A#m", "A#m", "A#m", "A#m", "A#m", "A#m", "A#m", "A#m", "A#m", "A#m", "A#m", "A#m", "A#m", "C#", "C#", "C#", "C#", "C#", "C#", "C#", "C#", "C#", "C#", "C#", "C#", "C#", "C#", "C#", "C#", "C#", "C#", "C#", "C#", "C#", "C#", "C#", "C#", "C#", "Fm", "Fm", "Fm", "Fm", "Fm", "Fm", "Fm", "Fm", "Fm", "Fm", "Fm", "Fm", "Fm", "Fm", "F", "Fm", "Fm", "Fm", "Fm", "Fm", "Fm", "F", "F", "F", "F", "A#m", "A#m", "A#m", "A#m", "A#m", "A#m", "A#m", "A#m", "A#m", "A#m", "A#m", "A#m", "A#m", "A#m", "A#m", "A#m", "A#m", "A#m", "A#m", "A#m", "A#m", "A#m", "A#m", "A#m", "A#m"]
