
metadata:
    version:
        essentia: "1.2.2"
    audio_properties:
        analysis_sample_rate: 44100
        bitrate: 128
        channels: 2
        equal_loudness: 1
        length: 10.1355104446
        replay_gain: -2.46676445007
        downmix: "mix"
    tags:
        track: 8
        year: 0
        album: "Splitted by Mp3Splt v. 2.1"
        artist: "From 001.10 To 001.20"
        comment: "http://mp3splt.sf.net"
        genre: ""
        title: "03 The Resolution.mp3"

highlevel:
    ballroom:
        all:
            ChaChaCha: 8.03522125352e-05
            Jive: 3.83410078939e-05
            Quickstep: 0.000631501374301
            Rumba-American: 0.00208304822445
            Rumba-International: 0.00217390758917
            Rumba-Misc: 0.0044322181493
            Samba: 0.00011454327614
            Tango: 0.0154447425157
            VienneseWaltz: 0.176427185535
            Waltz: 0.798574149609
        probability: 0.798574149609
        value: "Waltz"
    culture:
        all:
            non_western: 0.0643490850925
            western: 0.93565094471
        probability: 0.93565094471
        value: "western"
    gender:
        all:
            female: 0.871804475784
            male: 0.128195524216
        probability: 0.871804475784
        value: "female"
    genre_dortmund:
        all:
            alternative: 0.0503721013665
            blues: 0.00379227218218
            electronic: 0.427404999733
            folkcountry: 0.0194323193282
            funksoulrnb: 0.00671141734347
            jazz: 0.440521925688
            pop: 0.0267171189189
            raphiphop: 0.00240279780701
            rock: 0.0226450469345
        probability: 0.440521925688
        value: "jazz"
    genre_electronica:
        all:
            ambient: 0.995930492878
            dnb: 0.000340766157024
            house: 0.00165914720856
            techno: 0.000153887842316
            trance: 0.00191568699665
        probability: 0.995930492878
        value: "ambient"
    genre_rosamerica:
        all:
            cla: 0.580054521561
            dan: 0.00183804682456
            hip: 0.00240938528441
            jaz: 0.397115081549
            pop: 0.00715900259092
            rhy: 0.00564133608714
            roc: 0.00439682556316
            spe: 0.00138582405634
        probability: 0.580054521561
        value: "cla"
    genre_tzanetakis:
        all:
            blu: 0.0011479643872
            cla: 0.973079383373
            cou: 0.00210364838131
            dis: 0.00283401249908
            hip: 0.0012870116625
            jaz: 0.00760182598606
            met: 0.00117396924179
            pop: 0.00646939640865
            reg: 0.00272107101046
            roc: 0.00158171984367
        probability: 0.973079383373
        value: "cla"
    live_studio:
        all:
            live: 0.107816159725
            studio: 0.892183840275
        probability: 0.892183840275
        value: "studio"
    mood:
        all:
            Cluster1: 0.0440134145319
            Cluster2: 0.0377114117146
            Cluster3: 0.880467534065
            Cluster4: 0.0233075525612
            Cluster5: 0.0145001104102
        probability: 0.880467534065
        value: "Cluster3"
    mood_acoustic:
        all:
            acoustic: 0.665621459484
            not_acoustic: 0.334378540516
        probability: 0.665621459484
        value: "acoustic"
    mood_aggressive:
        all:
            aggressive: 4.68624925531e-08
            not_aggressive: 0.999999940395
        probability: 0.999999940395
        value: "not_aggressive"
    mood_electronic:
        all:
            electronic: 0.364491611719
            not_electronic: 0.635508418083
        probability: 0.635508418083
        value: "not_electronic"
    mood_happy:
        all:
            happy: 0.0400665178895
            not_happy: 0.959933459759
        probability: 0.959933459759
        value: "not_happy"
    mood_party:
        all:
            not_party: 0.983415961266
            party: 0.0165840629488
        probability: 0.983415961266
        value: "not_party"
    mood_relaxed:
        all:
            not_relaxed: 0.0144531838596
            relaxed: 0.985546827316
        probability: 0.985546827316
        value: "relaxed"
    mood_sad:
        all:
            not_sad: 0.0441222116351
            sad: 0.955877780914
        probability: 0.955877780914
        value: "sad"
    rhythm:
        all:
            fast: 0.0255932528526
            medium: 0.335866570473
            slow: 0.63854020834
        probability: 0.63854020834
        value: "slow"
    speech_music:
        all:
            music: 0.141012445092
            speech: 0.858987569809
        probability: 0.858987569809
        value: "speech"
    timbre:
        all:
            bright: 0.405166774988
            dark: 0.594833254814
        probability: 0.594833254814
        value: "dark"
    voice_instrumental:
        all:
            instrumental: 0.999999701977
            voice: 3.13642857463e-07
        probability: 0.999999701977
        value: "instrumental"

lowlevel:
    average_loudness: 0.926970601082
    barkbands_kurtosis:
        dmean: 1.56922221184
        dmean2: 2.20014929771
        dvar: 5.60021162033
        dvar2: 10.1974821091
        max: 38.0537414551
        mean: 6.13434076309
        min: -1.60737121105
        var: 46.7403678894
    barkbands_skewness:
        dmean: 0.262523680925
        dmean2: 0.351698607206
        dvar: 0.0702747777104
        dvar2: 0.116185508668
        max: 4.403652668
        mean: 1.56965088844
        min: -0.571781337261
        var: 0.923065304756
    barkbands_spread:
        dmean: 0.906242191792
        dmean2: 1.29763424397
        dvar: 1.76305556297
        dvar2: 3.37619233131
        max: 23.1974525452
        mean: 6.04103279114
        min: 1.04136919975
        var: 17.4283981323
    dissonance:
        dmean: 0.0333815589547
        dmean2: 0.0538465455174
        dvar: 0.0010788141517
        dvar2: 0.00265963980928
        max: 0.494663327932
        mean: 0.353564977646
        min: 0.16934452951
        var: 0.00315420329571
    hfc:
        dmean: 0.704261243343
        dmean2: 0.892483711243
        dvar: 2.57380414009
        dvar2: 5.13471651077
        max: 22.0720767975
        mean: 2.40154695511
        min: 0.0274526774883
        var: 8.26713943481
    pitch:
        dmean: 53.0493507385
        dmean2: 104.239364624
        dvar: 16238.4570312
        dvar2: 40331.2929688
        max: 1050
        mean: 319.675323486
        min: 78.1914901733
        var: 37380.25
    pitch_instantaneous_confidence:
        dmean: 0.0407460518181
        dmean2: 0.0599350258708
        dvar: 0.00252375961281
        dvar2: 0.00582925509661
        max: 0.957270681858
        mean: 0.70991563797
        min: 0.296296715736
        var: 0.0176638960838
    pitch_salience:
        dmean: 0.0383977741003
        dmean2: 0.0543857030571
        dvar: 0.00215263385326
        dvar2: 0.00373647082597
        max: 0.901000857353
        mean: 0.484226852655
        min: 0.133321374655
        var: 0.0204653386027
    silence_rate_20dB:
        dmean: 0
        dmean2: 0
        dvar: 0
        dvar2: 0
        max: 1
        mean: 1
        min: 1
        var: 0
    silence_rate_30dB:
        dmean: 0
        dmean2: 0
        dvar: 0
        dvar2: 0
        max: 1
        mean: 1
        min: 1
        var: 0
    silence_rate_60dB:
        dmean: 0.0733944922686
        dmean2: 0.147126436234
        dvar: 0.0680075064301
        dvar2: 0.130077570677
        max: 1
        mean: 0.688787162304
        min: 0
        var: 0.214359939098
    spectral_centroid:
        dmean: 38.6665458679
        dmean2: 54.321434021
        dvar: 4845.92431641
        dvar2: 7943.45361328
        max: 2012.37927246
        mean: 772.292480469
        min: 378.715820312
        var: 53253.359375
    spectral_complexity:
        dmean: 0.884792625904
        dmean2: 1.35796761513
        dvar: 1.50285553932
        dvar2: 2.5392973423
        max: 14
        mean: 4.98160934448
        min: 0
        var: 6.11000394821
    spectral_crest:
        dmean: 1.48184275627
        dmean2: 2.0973982811
        dvar: 2.54356074333
        dvar2: 5.14070510864
        max: 24.8694343567
        mean: 14.0601787567
        min: 4.71290397644
        var: 26.0608024597
    spectral_decrease:
        dmean: 1.93837390583e-10
        dmean2: 2.4774435281e-10
        dvar: 1.63559210927e-19
        dvar2: 3.21480824087e-19
        max: -1.10729498487e-11
        mean: -7.16453674166e-10
        min: -5.45112444073e-09
        var: 5.71087304364e-19
    spectral_energy:
        dmean: 0.000793950282969
        dmean2: 0.00101550749969
        dvar: 2.78852712654e-06
        dvar2: 5.48526850253e-06
        max: 0.0225758105516
        mean: 0.00292188650928
        min: 4.42818927695e-05
        var: 9.65568779066e-06
    spectral_energyband_high:
        dmean: 3.39100347446e-06
        dmean2: 4.57316809843e-06
        dvar: 1.1065187655e-10
        dvar2: 2.42841052822e-10
        max: 0.000141966258525
        mean: 5.57090788789e-06
        min: 3.58680551926e-09
        var: 1.89892074287e-10
    spectral_energyband_low:
        dmean: 2.98399231724e-06
        dmean2: 4.52925678474e-06
        dvar: 3.29291663381e-11
        dvar2: 6.32851965277e-11
        max: 0.000166973011801
        mean: 1.09853272079e-05
        min: 3.34864509455e-08
        var: 5.18662279791e-10
    spectral_energyband_middle_high:
        dmean: 0.000527795811649
        dmean2: 0.000717608316336
        dvar: 2.14842361856e-06
        dvar2: 4.46009562438e-06
        max: 0.0220052916557
        mean: 0.00166103732772
        min: 7.6368696682e-06
        var: 7.18114506526e-06
    spectral_energyband_middle_low:
        dmean: 0.000317759782774
        dmean2: 0.000404398655519
        dvar: 3.3572484881e-07
        dvar2: 5.28354860307e-07
        max: 0.007700225804
        mean: 0.00124429550488
        min: 3.58994366252e-05
        var: 1.80911195002e-06
    spectral_flatness_db:
        dmean: 0.0179690551013
        dmean2: 0.0295498799533
        dvar: 0.000310954608722
        dvar2: 0.000690320972353
        max: 0.446338027716
        mean: 0.339613676071
        min: 0.179145395756
        var: 0.00160557450727
    spectral_flux:
        dmean: 0.00626505352557
        dmean2: 0.00944704283029
        dvar: 0.000120325785247
        dvar2: 0.000240408626269
        max: 0.0935887023807
        mean: 0.0121508343145
        min: 0.00144193682354
        var: 0.000162368756719
    spectral_kurtosis:
        dmean: 18.0862464905
        dmean2: 31.7379398346
        dvar: 244.272613525
        dvar2: 632.794799805
        max: 135.534393311
        mean: 48.0557823181
        min: 1.42671537399
        var: 881.329223633
    spectral_rms:
        dmean: 0.000199165937374
        dmean2: 0.000240598426899
        dvar: 1.08208375593e-07
        dvar2: 1.71030322349e-07
        max: 0.00469309929758
        mean: 0.00150149909314
        min: 0.000207850534935
        var: 5.96121026319e-07
    spectral_rolloff:
        dmean: 61.1265106201
        dmean2: 105.477859497
        dvar: 39257.4296875
        dvar2: 69337.1953125
        max: 3596.04492188
        mean: 991.467407227
        min: 473.73046875
        var: 214578.15625
    spectral_skewness:
        dmean: 1.18968725204
        dmean2: 2.10637140274
        dvar: 0.86953997612
        dvar2: 2.33632111549
        max: 9.4072265625
        mean: 4.51579713821
        min: 0.951589167118
        var: 3.13570284843
    spectral_spread:
        dmean: 291869.90625
        dmean2: 487136.1875
        dvar: 341339144192
        dvar2: 318986551296
        max: 14959366
        mean: 1383722.25
        min: 576188.5625
        var: 595441811456
    spectral_strongpeak:
        dmean: 0.193154722452
        dmean2: 0.27497947216
        dvar: 0.136456504464
        dvar2: 0.255157321692
        max: 5.06595087051
        mean: 0.938081383705
        min: 0.00588767649606
        var: 0.707738697529
    zerocrossingrate:
        dmean: 0.00291843689047
        dmean2: 0.00357584259473
        dvar: 1.36732296596e-05
        dvar2: 1.6991445591e-05
        max: 0.1064453125
        mean: 0.0390737242997
        min: 0.0087890625
        var: 0.000173468812136
    barkbands:
        dmean: [1.00792729718e-09, 1.10532744202e-06, 2.3597776817e-06, 1.88762214748e-06, 1.75892037078e-05, 4.10616630688e-05, 0.000154314839165, 0.000103484446299, 6.21312501607e-05, 0.00024419039255, 0.000248908560025, 1.59097071446e-05, 6.92150479153e-06, 9.61380828812e-06, 8.73810859048e-06, 6.48954028293e-06, 1.77685651579e-05, 1.15226348498e-05, 1.76022585947e-05, 5.47366062165e-06, 1.34115941819e-06, 2.17121566948e-07, 1.21785692642e-08, 7.52648077196e-09, 4.05618677535e-10, 1.71675521021e-10, 1.82857881614e-10]
        dmean2: [1.83132597975e-09, 1.69395684679e-06, 3.41287818628e-06, 3.43185502061e-06, 2.91141823254e-05, 5.73952929699e-05, 0.000178978967597, 0.000159139221068, 7.62055642554e-05, 0.0003396695829, 0.000349222915247, 2.43299309659e-05, 9.17257148103e-06, 1.22234223454e-05, 1.15703469419e-05, 1.00463121271e-05, 2.43869435508e-05, 1.72914096765e-05, 2.5308374461e-05, 6.74982857163e-06, 2.17018555304e-06, 3.49971287505e-07, 1.700741592e-08, 1.22716778961e-08, 7.3312605986e-10, 3.23229498722e-10, 3.44909711902e-10]
        dvar: [9.59453409945e-18, 5.53686957394e-12, 2.1869223446e-11, 1.37177682408e-11, 8.17423018162e-10, 1.44694727311e-08, 1.8073684771e-07, 6.54762075669e-08, 2.58035068867e-08, 5.70267957301e-07, 1.35896675602e-06, 4.57543292143e-09, 3.29165666946e-10, 1.58348734125e-09, 6.86543988326e-10, 3.06612235601e-10, 1.56371682269e-09, 1.86547755021e-09, 4.23536894445e-09, 2.61661553536e-10, 4.17001051745e-11, 6.35455609573e-13, 3.8374971671e-15, 2.03789435549e-15, 4.1580280762e-18, 1.87083193572e-19, 2.14179110123e-19]
        dvar2: [2.38600628194e-17, 1.05855107665e-11, 3.92900885438e-11, 4.73333074125e-11, 2.1304749076e-09, 2.02394829785e-08, 2.5606200893e-07, 1.6934325231e-07, 3.41513377577e-08, 1.09259281089e-06, 3.01772956846e-06, 8.88463080884e-09, 6.1738036905e-10, 2.53331200462e-09, 1.12271636432e-09, 6.16633522021e-10, 3.0926845529e-09, 4.14937728621e-09, 9.98199123359e-09, 4.20216389463e-10, 1.11576491102e-10, 1.66485954797e-12, 6.30559828595e-15, 5.05201917016e-15, 1.13479998337e-17, 4.72644539664e-19, 5.39238937926e-19]
        max: [5.87480180059e-08, 4.40206858912e-05, 0.000139988493174, 4.27639060945e-05, 0.000316909980029, 0.00272477651015, 0.00674655754119, 0.00254089920782, 0.00278818700463, 0.0109087461606, 0.0199212282896, 0.00104550865944, 0.000315842189593, 0.000595429504756, 0.000350853631971, 0.000221921654884, 0.000595772580709, 0.00052059488371, 0.000915486074518, 0.00027642888017, 9.91877241177e-05, 8.1030821093e-06, 1.16828857699e-06, 6.26988878594e-07, 3.0229443837e-08, 7.07682312751e-09, 7.60005836042e-09]
        mean: [1.16469434097e-09, 2.84667066808e-06, 8.13790120446e-06, 3.51410540134e-06, 4.87719917146e-05, 0.00012714220793, 0.000646622094791, 0.000184729506145, 0.000201753675356, 0.000815092644189, 0.000659016019199, 4.05290375056e-05, 1.80561000889e-05, 2.11647366086e-05, 2.6725092539e-05, 1.22072196973e-05, 3.88280313928e-05, 2.54372498603e-05, 2.92119893857e-05, 1.03214306364e-05, 1.50736605065e-06, 2.49511657557e-07, 1.65313451816e-08, 6.54302212411e-09, 3.98123506384e-10, 1.59244353815e-10, 1.65296873411e-10]
        min: [9.53269234383e-12, 3.80432751967e-09, 1.23420185183e-09, 2.96110713727e-09, 2.78808755638e-07, 1.03009597296e-06, 4.41053180111e-06, 4.60618480247e-07, 3.53649085127e-07, 3.6456028738e-06, 2.47928824137e-06, 5.0496851145e-08, 8.06654938401e-08, 1.10730155711e-07, 3.91531607136e-09, 3.09813863453e-08, 1.17161960134e-08, 4.1984122845e-09, 2.92811486169e-09, 1.6917607315e-09, 1.3072936067e-09, 1.24039223337e-10, 2.35562298834e-11, 5.06104116949e-11, 7.36365395743e-12, 2.47507960308e-12, 3.48178300427e-13]
        var: [1.38532660386e-17, 4.55339724259e-11, 3.43194583863e-10, 3.41778029489e-11, 4.2264316491e-09, 8.67248459713e-08, 1.14201588985e-06, 8.60478905906e-08, 1.42441919593e-07, 2.96161692859e-06, 3.81822383133e-06, 9.89488135872e-09, 1.27905086522e-09, 4.34779723335e-09, 3.65191010765e-09, 5.96219795757e-10, 4.45555459194e-09, 3.94129617831e-09, 5.43198197533e-09, 6.78502365403e-10, 3.41062872389e-11, 6.04987576962e-13, 6.72452087639e-15, 1.72313013603e-15, 2.84041311244e-18, 2.82249663887e-19, 3.24625196089e-19]
    mfcc:
        mean: [-911.234558105, 239.461074829, -110.069351196, 25.9570446014, -52.3305931091, -38.0240440369, -9.90148925781, -2.25565767288, 0.387114018202, -6.07789993286, -8.94105052948, -6.83905076981, 1.50000429153]
        cov: [[3869.37939453, -1455.97265625, -939.340515137, 773.304931641, -788.86907959, 92.6580734253, -75.079460144, 32.0279541016, -68.8282928467, 204.216583252, -53.4386177063, 14.7052774429, 187.500610352], [-1455.97265625, 1567.3248291, 673.030212402, -205.238006592, 659.944641113, 111.750053406, 111.847190857, -172.747329712, -87.4423522949, -84.3312683105, 102.617080688, 29.2407722473, -89.1235656738], [-939.340515137, 673.030212402, 800.107788086, -209.46887207, 424.864868164, 90.707572937, -11.8685626984, -20.182434082, -94.9157791138, -6.66313552856, 7.30959415436, -53.4287567139, -89.7351303101], [773.304931641, -205.238006592, -209.46887207, 421.776062012, -155.207473755, 76.1732940674, -16.7898902893, -97.9600524902, -51.4633979797, -9.39046001434, -34.8663635254, 62.3963279724, 39.0557975769], [-788.86907959, 659.944641113, 424.864868164, -155.207473755, 448.611236572, 47.4433746338, 41.5012245178, -43.5513725281, -30.4375076294, -35.7931137085, 1.57645368576, 20.9998836517, -97.8048324585], [92.6580734253, 111.750053406, 90.707572937, 76.1732940674, 47.4433746338, 180.720077515, 49.0860137939, -47.3468132019, -41.4440116882, -2.97464752197, 9.65646934509, 41.3436927795, -7.94098186493], [-75.079460144, 111.847190857, -11.8685626984, -16.7898902893, 41.5012245178, 49.0860137939, 188.095733643, 5.78029966354, 37.3453330994, 4.72568655014, 14.4311037064, 65.7201690674, 32.6682853699], [32.0279541016, -172.747329712, -20.182434082, -97.9600524902, -43.5513725281, -47.3468132019, 5.78029966354, 208.137008667, 76.9551620483, 26.6368808746, -39.2919082642, -54.8360328674, 35.5009918213], [-68.8282928467, -87.4423522949, -94.9157791138, -51.4633979797, -30.4375076294, -41.4440116882, 37.3453330994, 76.9551620483, 128.511474609, 3.74578547478, -27.7136688232, 0.173959165812, 24.3115596771], [204.216583252, -84.3312683105, -6.66313552856, -9.39046001434, -35.7931137085, -2.97464752197, 4.72568655014, 26.6368808746, 3.74578547478, 131.750106812, 31.7151412964, 6.30245876312, 27.9077072144], [-53.4386177063, 102.617080688, 7.30959415436, -34.8663635254, 1.57645368576, 9.65646934509, 14.4311037064, -39.2919082642, -27.7136688232, 31.7151412964, 182.637710571, 21.8528728485, 24.5455951691], [14.7052774429, 29.2407722473, -53.4287567139, 62.3963279724, 20.9998836517, 41.3436927795, 65.7201690674, -54.8360328674, 0.173959165812, 6.30245876312, 21.8528728485, 139.278442383, 11.8282957077], [187.500610352, -89.1235656738, -89.7351303101, 39.0557975769, -97.8048324585, -7.94098186493, 32.6682853699, 35.5009918213, 24.3115596771, 27.9077072144, 24.5455951691, 11.8282957077, 124.543701172]]
        icov: [[0.000840435852297, 0.000425521226134, 0.000591477612033, -0.00109342520591, -0.000155852074386, -0.000534788705409, -0.000152117339894, -0.000329314440023, 0.000840138294734, -0.00107572274283, 1.18472826216e-07, 0.000728199258447, -0.000206571407034], [0.000425521226134, 0.00261568976566, 2.08207147807e-05, -0.00048368278658, -0.00337872235104, -0.000415370508563, -0.00088199286256, 0.00139717268758, 0.000383682519896, 0.000281935208477, -0.000980766839348, 0.00150070234668, -0.00153618282638], [0.000591477612033, 2.08207147807e-05, 0.00406984938309, 0.000233105078223, -0.00289807864465, -0.00196234416217, 0.00062910298584, -0.000682284415234, 0.00265296944417, -0.00151010730769, 0.000527329160832, 0.00189858151134, -0.000851558230352], [-0.00109342520591, -0.00048368278658, 0.000233105078223, 0.00599464681, 0.000824402202852, -0.00133807875682, 0.00120976089966, 0.00211979169399, 0.000385431543691, 0.00149760034401, 0.00173556315713, -0.00207032985054, -0.0013276085956], [-0.000155852074386, -0.00337872235104, -0.00289807864465, 0.000824402202852, 0.0108994254842, 0.000846435141284, -0.000163595774211, -0.00135427492205, -0.00110001140274, 0.000127250226797, 0.00132150296122, -0.00372459227219, 0.00479198992252], [-0.000534788705409, -0.000415370508563, -0.00196234416217, -0.00133807875682, 0.000846435141284, 0.00872308854014, -0.00248093274422, 3.65166561096e-05, 0.000824450806249, 0.000745516386814, -0.000344564963598, -0.00163014279678, 0.00126958836336], [-0.000152117339894, -0.00088199286256, 0.00062910298584, 0.00120976089966, -0.000163595774211, -0.00248093274422, 0.00863856915385, -0.000625402608421, -0.00225933361799, 8.99995138752e-05, 0.000306956993882, -0.00353978900239, -0.00200599990785], [-0.000329314440023, 0.00139717268758, -0.000682284415234, 0.00211979169399, -0.00135427492205, 3.65166561096e-05, -0.000625402608421, 0.00974587537348, -0.00400743028149, -0.000488279736601, 0.00122981599998, 0.00294163427316, -0.00296600209549], [0.000840138294734, 0.000383682519896, 0.00265296944417, 0.000385431543691, -0.00110001140274, 0.000824450806249, -0.00225933361799, -0.00400743028149, 0.0143055319786, -0.000855533347931, 0.00177128263749, -6.83007674525e-05, -0.00121938204393], [-0.00107572274283, 0.000281935208477, -0.00151010730769, 0.00149760034401, 0.000127250226797, 0.000745516386814, 8.99995138752e-05, -0.000488279736601, -0.000855533347931, 0.0104047851637, -0.00185754941776, -0.00175548286643, -0.00110506697092], [1.18472826216e-07, -0.000980766839348, 0.000527329160832, 0.00173556315713, 0.00132150296122, -0.000344564963598, 0.000306956993882, 0.00122981599998, 0.00177128263749, -0.00185754941776, 0.00751913478598, -0.00108988175634, -0.00158950360492], [0.000728199258447, 0.00150070234668, 0.00189858151134, -0.00207032985054, -0.00372459227219, -0.00163014279678, -0.00353978900239, 0.00294163427316, -6.83007674525e-05, -0.00175548286643, -0.00108988175634, 0.0126980040222, -0.00152857287321], [-0.000206571407034, -0.00153618282638, -0.000851558230352, -0.0013276085956, 0.00479198992252, 0.00126958836336, -0.00200599990785, -0.00296600209549, -0.00121938204393, -0.00110506697092, -0.00158950360492, -0.00152857287321, 0.0132036311552]]
    spectral_contrast:
        mean: [7.13971175514e-08, -2.15784226043e-07, -2.22583949494e-07, -3.68495449266e-07, 6.11187374489e-07, -4.18088887955e-07, -4.19568732468e-06, -2.61267018686e-06, 1.19222988815e-06, -4.35182437286e-06, 4.24385052611e-06, -4.05284163207e-06]
        var: [0.000433152046753, 0.00067266629776, 0.00205333530903, 0.00289464578964, 0.00565903540701, 0.0075056143105, 0.0541763007641, 0.099082633853, 0.15589825809, 0.318267583847, 0.548172950745, 1.63154757023]

rhythm:
    beats_loudness:
        dmean: 0.00310248881578
        dmean2: 0.00438188528642
        dvar: 5.31014165972e-06
        dvar2: 1.00398419818e-05
        max: 0.0121034448966
        mean: 0.00490430928767
        min: 0.000371493777493
        var: 1.36557300721e-05
    beats_loudness_bass:
        dmean: 0.00847985595465
        dmean2: 0.0128088053316
        dvar: 0.000329546543071
        dvar2: 0.000741116644349
        max: 0.0942939296365
        mean: 0.00903481338173
        min: 3.37318924721e-05
        var: 0.000427672552178
    bpm: 159.147262573
    bpm_confidence: 0
    first_peak_bpm: 149
    first_peak_spread: 0
    first_peak_weight: 0.583333313465
    onset_rate: 2.46657538414
    second_peak_bpm: 159
    second_peak_spread: 0
    second_peak_weight: 0.375
    beats_position: [0.224340185523, 0.626098394394, 1.02785658836, 1.42961478233, 1.83137309551, 2.23313140869, 2.63488960266, 3.03664779663, 3.4384059906, 3.84016394615, 4.2419219017, 4.64368009567, 5.04543828964, 5.44719648361, 5.84895420074, 6.41611528397, 6.79312753677, 7.17014074326, 7.54715394974, 7.92416667938, 8.30117893219, 8.67819213867, 9.05520534515, 9.43221759796, 9.80922985077]
    bpm_estimates: [159.45942688, 158.906265259, 158.181259155, 159.570556641, 159.477081299, 159.288909912]
    bpm_intervals: [0.40175819397, 0.40175819397, 0.40175819397, 0.401758313179, 0.401758313179, 0.40175819397, 0.40175819397, 0.40175819397, 0.401757955551, 0.401757955551, 0.40175819397, 0.40175819397, 0.40175819397, 0.401757717133, 0.567161083221, 0.377012252808, 0.377013206482, 0.377013206482, 0.377012729645, 0.377012252808, 0.377013206482, 0.377013206482, 0.377012252808, 0.377012252808]
    onset_times: [0.162539675832, 0.522448956966, 0.650158703327, 1.04489791393, 1.46285712719, 2.03174614906, 2.53097510338, 2.92571425438, 3.32045340538, 3.73841261864, 4.14476203918, 4.65560102463, 5.10838985443, 5.49151945114, 5.81659841537, 6.18811798096, 6.53641700745, 6.9543762207, 7.50004529953, 7.94122457504, 8.28952407837, 8.6958732605, 9.05578231812, 9.38086128235, 9.83365058899]
    rubato_start: []
    rubato_stop: []
    perceptual_tempo: "unknown"

sfx:
    inharmonicity:
        dmean: 0.0473112054169
        dmean2: 0.0820220187306
        dvar: 0.00331595656462
        dvar2: 0.00897818338126
        max: 0.408070862293
        mean: 0.0480330772698
        min: 1.26928607642e-05
        var: 0.00381165393628
    oddtoevenharmonicenergyratio:
        dmean: 11.4091053009
        dmean2: 20.9526672363
        dvar: 993.576049805
        dvar2: 2906.19555664
        max: 249.552108765
        mean: 9.62726402283
        min: 0.000261068489635
        var: 737.34362793
    pitch_after_max_to_before_max_energy_ratio: 5.42568778992
    pitch_centroid: 213.816085815
    pitch_max_to_total: 0.137931033969
    pitch_min_to_total: 0.487356334925
    tristimulus:
        dmean: [0.177869424224, 0.214414432645, 0.0502838790417]
        dmean2: [0.324192106724, 0.394995063543, 0.0936144292355]
        dvar: [0.0497725456953, 0.066868044436, 0.0074528302066]
        dvar2: [0.119436495006, 0.156309783459, 0.0211796425283]
        max: [0.970710813999, 0.984967112541, 0.607158064842]
        mean: [0.274639993906, 0.651838183403, 0.0492737293243]
        min: [0.00267374236137, 0, 0]
        var: [0.0697749331594, 0.0851789116859, 0.00765623245388]

tonal:
    chords_changes_rate: 0.0410958901048
    chords_number_rate: 0.0273972600698
    chords_strength:
        dmean: 0.0059149088338
        dmean2: 0.00281066121534
        dvar: 2.09760764847e-05
        dvar2: 1.42423705256e-05
        max: 0.611162126064
        mean: 0.440669208765
        min: 0.257417678833
        var: 0.00851139985025
    key_strength: 0.732351124287
    tuning_diatonic_strength: 0.496888369322
    tuning_equal_tempered_deviation: 0.00278617930599
    tuning_frequency: 440.254241943
    tuning_nontempered_energy_ratio: 0.600569605827
    hpcp:
        dmean: [0.016723845154, 0.0213064029813, 0.0629060715437, 0.080533772707, 0.0643853843212, 0.012781678699, 0.00577462278306, 0.00389702501707, 0.0333858169615, 0.0605029761791, 0.0357638224959, 0.00520485453308, 0.00592311937362, 0.0130286533386, 0.0304843615741, 0.0377812534571, 0.0277867931873, 0.0431042574346, 0.0590235106647, 0.0382253788412, 0.00513337738812, 0.00391775742173, 0.00732024013996, 0.0457928068936, 0.0641077309847, 0.0327855907381, 0.003476731712, 0.00796675868332, 0.00900548137724, 0.0203009396791, 0.0363771691918, 0.0243978723884, 0.0452723018825, 0.058875080198, 0.0432951040566, 0.010597105138]
        dmean2: [0.0218054186553, 0.0322337709367, 0.0990012362599, 0.114685438573, 0.0978405177593, 0.0224641580135, 0.00804963987321, 0.00575128896162, 0.0461371205747, 0.0876609310508, 0.0517111085355, 0.00872582104057, 0.00892646983266, 0.0226410552859, 0.046029727906, 0.0587080717087, 0.0443546548486, 0.0669785812497, 0.0949383080006, 0.0638780146837, 0.00786542985588, 0.00543422158808, 0.0128078758717, 0.0724480375648, 0.0950254872441, 0.0456705726683, 0.00594976497814, 0.0118816550821, 0.0138875637203, 0.0320236459374, 0.0564083755016, 0.0391181409359, 0.0695476606488, 0.0940418168902, 0.0735406503081, 0.0151053648442]
        dvar: [0.00592954596505, 0.00728875445202, 0.00966706778854, 0.0280741415918, 0.0103550478816, 0.00180553086102, 0.0017738827737, 0.000639853533357, 0.00536697823554, 0.0166841242462, 0.0057235956192, 0.000131649911054, 0.000965187267866, 0.00495842844248, 0.00452638138086, 0.00972243212163, 0.0050579290837, 0.00716701056808, 0.0212667286396, 0.00757410703227, 0.000676547992043, 0.000561803404707, 0.000471302308142, 0.0116959568113, 0.0239446181804, 0.00428573368117, 8.13897058833e-05, 0.000949517183471, 0.000770294747781, 0.00311561650597, 0.0127443056554, 0.00425050780177, 0.00879523996264, 0.028828645125, 0.0114705264568, 0.00165763334371]
        dvar2: [0.00661596562713, 0.0111663714051, 0.020799761638, 0.045097835362, 0.0225647930056, 0.00488770008087, 0.00196440448053, 0.000867054390255, 0.00938149075955, 0.0267814081162, 0.0118056703359, 0.000365183979739, 0.00109868089203, 0.0119496025145, 0.0102131953463, 0.018985979259, 0.0126308500767, 0.0145118441433, 0.0391972064972, 0.0148424357176, 0.000797566201072, 0.000622477557044, 0.00120569486171, 0.0239918529987, 0.041746918112, 0.00747214816511, 0.000179759183084, 0.00171614973806, 0.00142979901284, 0.00705555081367, 0.0305555835366, 0.010171296075, 0.0146145531908, 0.0496051199734, 0.0248170346022, 0.00219618831761]
        max: [1, 0.998471438885, 1, 1, 0.920730054379, 0.350103378296, 0.610022187233, 0.394837707281, 0.65287232399, 1, 0.79392272234, 0.110218442976, 0.444523274899, 0.651412308216, 0.886996746063, 1, 1, 0.913716256618, 1, 0.616517901421, 0.374127238989, 0.348564982414, 0.181898191571, 0.864491522312, 1, 0.532073616982, 0.102074332535, 0.423332989216, 0.366068273783, 0.608830749989, 1, 0.5531001091, 1, 1, 0.808921396732, 0.502811074257]
        mean: [0.0262433551252, 0.0315812565386, 0.278559207916, 0.531938552856, 0.274646520615, 0.0121038276702, 0.006601376459, 0.00419588573277, 0.0586218871176, 0.125046536326, 0.0722522363067, 0.00780345825478, 0.00701443338767, 0.00957491062582, 0.0595317445695, 0.113180786371, 0.0679791122675, 0.1080622226, 0.206381589174, 0.110165603459, 0.00606983434409, 0.0047800084576, 0.00710973097011, 0.118558615446, 0.203991010785, 0.0922078415751, 0.00678097130731, 0.019036963582, 0.0185266174376, 0.0447109863162, 0.0770428031683, 0.054902240634, 0.200031518936, 0.357753366232, 0.182372421026, 0.0141533073038]
        min: [1.70342264028e-05, 5.17468834005e-05, 0.000162255848409, 0.00028359197313, 0.000188167279703, 3.10780997097e-05, 1.58261343586e-06, 5.87080967307e-06, 0.00028628561995, 0.000591702642851, 0.00048238641466, 2.43884878728e-05, 1.07656860564e-05, 1.56407568284e-05, 9.40106656344e-06, 1.50672667587e-05, 1.52330794663e-05, 0, 0.000468966318294, 0.000459557631984, 2.884251262e-05, 1.34477668325e-05, 4.05875744036e-06, 0.000480267015519, 0.000682340411004, 0.0007992402534, 2.08519868465e-05, 1.98239577003e-05, 2.12221566471e-05, 0.000141598153277, 2.73909008683e-05, 1.04891596493e-05, 1.6445219444e-05, 8.1738740846e-05, 0.000103640632005, 9.99723633868e-05]
        var: [0.00852225534618, 0.0109219616279, 0.0511502809823, 0.184446930885, 0.0516765490174, 0.00117174093612, 0.00176914909389, 0.000739739451092, 0.0109025957063, 0.0474134720862, 0.0161798913032, 0.00017386811669, 0.000969368848018, 0.00333222560585, 0.0149645563215, 0.0561434775591, 0.0241587087512, 0.0267974119633, 0.106074757874, 0.0301243141294, 0.000688963918947, 0.000576246122364, 0.000356638367521, 0.0401788204908, 0.103313341737, 0.0183687210083, 0.00023232246167, 0.00358004681766, 0.00264912727289, 0.00842798314989, 0.0292003788054, 0.0112304324284, 0.056918296963, 0.190562978387, 0.0558323971927, 0.00189524248708]
    chords_histogram: [25.1141548157, 11.8721456528, 31.963470459, 0, 0, 0, 0, 0, 0, 0, 0, 0, 0, 0, 0, 0, 0, 9.13242053986, 0, 0, 0, 14.6118717194, 7.30593585968, 0]
    thpcp: [1, 0.516312479973, 0.0227541830391, 0.0124100353569, 0.0078879147768, 0.11020424962, 0.235077038407, 0.1358281672, 0.014669848606, 0.0131865479052, 0.0180000308901, 0.11191470176, 0.212770417333, 0.127795040607, 0.203147947788, 0.387980133295, 0.207102119923, 0.0114107811823, 0.00898601580411, 0.0133656999096, 0.222880288959, 0.383486032486, 0.173343032598, 0.012747659348, 0.0357878990471, 0.034828491509, 0.0840529128909, 0.144834026694, 0.10321161896, 0.376042515039, 0.672546386719, 0.342844903469, 0.0266070347279, 0.0493353120983, 0.0593701228499, 0.523667991161]
    chords_key: "A#"
    chords_scale: "major"
    key_key: "D#"
    key_scale: "major"
    chords_progression: ["Fm", "Fm", "Fm", "Fm", "Fm", "Fm", "Fm", "Fm", "Fm", "Fm", "Fm", "Fm", "Fm", "Fm", "Fm", "Fm", "Fm", "Fm", "Fm", "Fm", "Fm", "Fm", "Fm", "Fm", "Fm", "Fm", "Fm", "Fm", "Fm", "Fm", "Fm", "Fm", "G#", "G#", "G#", "G#", "G#", "G#", "G#", "G#", "G#", "G#", "G#", "G#", "G#", "G#", "G#", "G#", "D#m", "D#m", "D#m", "D#m", "D#m", "D#m", "D#m", "D#m", "D#m", "D#m", "D#m", "D#m", "D#m", "D#m", "D#m", "D#m", "D#m", "D#m", "D#m", "D#m", "D#", "D#", "D#", "D#", "D#", "D#", "Gm", "Gm", "Gm", "Gm", "Gm", "Gm", "Gm", "D#", "D#", "D#", "D#", "D#", "D#", "D#", "D#", "D#", "D#", "D#", "D#", "D#", "D#", "D#", "D#", "D#", "D#", "D#", "D#", "D#", "D#", "D#", "D#", "D#", "D#", "D#", "D#", "D#", "D#", "D#", "D#", "D#", "D#", "D#", "D#", "D#", "D#", "D#", "D#", "D#", "D#", "D#", "D#", "D#", "D#", "A#", "A#", "A#", "A#", "A#", "A#", "A#", "A#", "A#", "A#", "A#", "A#", "A#", "A#", "A#", "A#", "A#", "A#", "A#", "A#", "A#", "A#", "A#", "A#", "A#", "A#", "A#", "A#", "A#", "A#", "A#", "A#", "A#", "A#", "A#", "A#", "A#", "A#", "A#", "A#", "A#", "A#", "A#", "A#", "A#", "A#", "A#", "A#", "A#", "A#", "A#", "A#", "A#", "A#", "A#", "A#", "A#", "A#", "A#", "A#", "A#", "A#", "A#", "A#", "A#", "A#", "A#", "A#", "A#", "A#", "Gm", "Gm", "D#", "D#", "D#", "Gm", "Gm", "Gm", "Gm", "Gm", "Gm", "Gm", "Gm", "Gm", "Gm", "Gm", "Gm", "Gm", "Gm", "Gm", "Gm", "Gm"]
