
metadata:
    version:
        essentia: "1.2.2"
    audio_properties:
        analysis_sample_rate: 44100
        bitrate: 128
        channels: 2
        equal_loudness: 1
        length: 10.0310201645
        replay_gain: -16.7753677368
        downmix: "mix"
    tags:
        track: 11
        year: 0
        album: "Splitted by Mp3Splt v. 2.1"
        artist: "From 001.40 To 001.50"
        comment: "http://mp3splt.sf.net"
        genre: ""
        title: "09 In the Jungle.mp3"

highlevel:
    ballroom:
        all:
            ChaChaCha: 0.0534573271871
            Jive: 0.316485702991
            Quickstep: 0.0450010038912
            Rumba-American: 0.00722958287224
            Rumba-International: 0.0136148640886
            Rumba-Misc: 0.0180342569947
            Samba: 0.0788382589817
            Tango: 0.0411783084273
            VienneseWaltz: 0.401850998402
            Waltz: 0.0243097059429
        probability: 0.401850998402
        value: "VienneseWaltz"
    culture:
        all:
            non_western: 0.0100758560002
            western: 0.989924132824
        probability: 0.989924132824
        value: "western"
    gender:
        all:
            female: 0.216253772378
            male: 0.783746242523
        probability: 0.783746242523
        value: "male"
    genre_dortmund:
        all:
            alternative: 0.107821047306
            blues: 0.045608125627
            electronic: 0.0572223961353
            folkcountry: 0.0157199669629
            funksoulrnb: 0.0614963956177
            jazz: 0.0106506543234
            pop: 0.0440229587257
            raphiphop: 0.00180831900798
            rock: 0.655650138855
        probability: 0.655650138855
        value: "rock"
    genre_electronica:
        all:
            ambient: 0.157367914915
            dnb: 0.0667465850711
            house: 0.00539006665349
            techno: 0.0193050447851
            trance: 0.751190364361
        probability: 0.751190364361
        value: "trance"
    genre_rosamerica:
        all:
            cla: 0.0139493495226
            dan: 0.00446285819635
            hip: 0.00183545786422
            jaz: 0.00155479239766
            pop: 0.00395486364141
            rhy: 0.00146091729403
            roc: 0.971737146378
            spe: 0.00104462483432
        probability: 0.971737146378
        value: "roc"
    genre_tzanetakis:
        all:
            blu: 0.0172594562173
            cla: 0.0479815155268
            cou: 0.0706181302667
            dis: 0.0325939878821
            hip: 0.00939715560526
            jaz: 0.0322670191526
            met: 0.310321956873
            pop: 0.0248993039131
            reg: 0.00764823844656
            roc: 0.447013229132
        probability: 0.447013229132
        value: "roc"
    live_studio:
        all:
            live: 0.286517262459
            studio: 0.713482737541
        probability: 0.713482737541
        value: "studio"
    mood:
        all:
            Cluster1: 0.497790753841
            Cluster2: 0.046395201236
            Cluster3: 0.00850034225732
            Cluster4: 0.108379989862
            Cluster5: 0.338933706284
        probability: 0.497790753841
        value: "Cluster1"
    mood_acoustic:
        all:
            acoustic: 0.0111990068108
            not_acoustic: 0.988801002502
        probability: 0.988801002502
        value: "not_acoustic"
    mood_aggressive:
        all:
            aggressive: 0.996135830879
            not_aggressive: 0.00386415980756
        probability: 0.996135830879
        value: "aggressive"
    mood_electronic:
        all:
            electronic: 0.182805120945
            not_electronic: 0.817194879055
        probability: 0.817194879055
        value: "not_electronic"
    mood_happy:
        all:
            happy: 0.494321554899
            not_happy: 0.505678415298
        probability: 0.505678415298
        value: "not_happy"
    mood_party:
        all:
            not_party: 0.28559961915
            party: 0.714400351048
        probability: 0.714400351048
        value: "party"
    mood_relaxed:
        all:
            not_relaxed: 0.793701529503
            relaxed: 0.206298485398
        probability: 0.793701529503
        value: "not_relaxed"
    mood_sad:
        all:
            not_sad: 0.995057225227
            sad: 0.00494276871905
        probability: 0.995057225227
        value: "not_sad"
    rhythm:
        all:
            fast: 0.509833097458
            medium: 0.186949819326
            slow: 0.303217053413
        probability: 0.509833097458
        value: "fast"
    speech_music:
        all:
            music: 0.999958693981
            speech: 4.13030247728e-05
        probability: 0.999958693981
        value: "music"
    timbre:
        all:
            bright: 0.933249771595
            dark: 0.0667502060533
        probability: 0.933249771595
        value: "bright"
    voice_instrumental:
        all:
            instrumental: 0.898462891579
            voice: 0.10153709352
        probability: 0.898462891579
        value: "instrumental"

lowlevel:
    average_loudness: 0.979433476925
    barkbands_kurtosis:
        dmean: 0.954214692116
        dmean2: 1.52701318264
        dvar: 0.875772535801
        dvar2: 2.31076812744
        max: 5.96463871002
        mean: 0.483276724815
        min: -1.71852612495
        var: 1.69661426544
    barkbands_skewness:
        dmean: 0.343958497047
        dmean2: 0.563004314899
        dvar: 0.132994875312
        dvar2: 0.357985138893
        max: 1.20137906075
        mean: -0.967177212238
        min: -2.03403043747
        var: 0.220786526799
    barkbands_spread:
        dmean: 5.8230881691
        dmean2: 9.25630474091
        dvar: 53.2015151978
        dvar2: 128.881866455
        max: 54.706237793
        mean: 20.892873764
        min: 6.49006795883
        var: 81.8340682983
    dissonance:
        dmean: 0.0100531121716
        dmean2: 0.0175874587148
        dvar: 8.45402537379e-05
        dvar2: 0.000218846456846
        max: 0.499598711729
        mean: 0.481979757547
        min: 0.420213699341
        var: 0.000165948455106
    hfc:
        dmean: 2.39770650864
        dmean2: 3.96085381508
        dvar: 4.855073452
        dvar2: 13.4372186661
        max: 26.8260955811
        mean: 13.9755401611
        min: 5.15121507645
        var: 12.1076374054
    pitch:
        dmean: 748.809448242
        dmean2: 1434.16760254
        dvar: 1344946.75
        dvar2: 3381204.25
        max: 4009.09082031
        mean: 849.958984375
        min: 73.0132446289
        var: 1159419.25
    pitch_instantaneous_confidence:
        dmean: 0.0901244804263
        dmean2: 0.138809502125
        dvar: 0.00686578545719
        dvar2: 0.0147149842232
        max: 0.876578450203
        mean: 0.420692026615
        min: 0.142896354198
        var: 0.0251815821975
    pitch_salience:
        dmean: 0.0638141930103
        dmean2: 0.107797443867
        dvar: 0.00370021280833
        dvar2: 0.0103060184047
        max: 0.846816539764
        mean: 0.679635167122
        min: 0.363653719425
        var: 0.00522132078186
    silence_rate_20dB:
        dmean: 0
        dmean2: 0
        dvar: 0
        dvar2: 0
        max: 1
        mean: 1
        min: 1
        var: 0
    silence_rate_30dB:
        dmean: 0
        dmean2: 0
        dvar: 0
        dvar2: 0
        max: 1
        mean: 1
        min: 1
        var: 0
    silence_rate_60dB:
        dmean: 0.00464037107304
        dmean2: 0.00697674416006
        dvar: 0.00461882213131
        dvar2: 0.00692803272977
        max: 1
        mean: 0.00694444449618
        min: 0
        var: 0.006896273233
    spectral_centroid:
        dmean: 229.507537842
        dmean2: 370.142822266
        dvar: 61246.7617188
        dvar2: 157033.5625
        max: 3117.26660156
        mean: 2409.13452148
        min: 929.406494141
        var: 88865.4453125
    spectral_complexity:
        dmean: 4.16083908081
        dmean2: 6.83644866943
        dvar: 13.1279754639
        dvar2: 33.8610992432
        max: 41
        mean: 23.2581386566
        min: 6
        var: 42.247341156
    spectral_crest:
        dmean: 1.93594777584
        dmean2: 3.35195207596
        dvar: 3.80940723419
        dvar2: 10.4820775986
        max: 15.571349144
        mean: 6.47301673889
        min: 3.19400501251
        var: 5.43052005768
    spectral_decrease:
        dmean: 2.64313265719e-10
        dmean2: 4.26354562766e-10
        dvar: 1.14925953992e-19
        dvar2: 2.75947090456e-19
        max: -5.53126378033e-10
        mean: -1.2306369257e-09
        min: -3.43704709138e-09
        var: 1.76790766156e-19
    spectral_energy:
        dmean: 0.00117126281839
        dmean2: 0.00189022067934
        dvar: 1.85747649084e-06
        dvar2: 4.4532598622e-06
        max: 0.0149625595659
        mean: 0.00591232953593
        min: 0.00255484879017
        var: 3.31630849359e-06
    spectral_energyband_high:
        dmean: 0.000162157652085
        dmean2: 0.000271411379799
        dvar: 1.94095992612e-08
        dvar2: 5.12726998636e-08
        max: 0.00146805134136
        mean: 0.000584822380915
        min: 0.00018478333368
        var: 4.89506035706e-08
    spectral_energyband_low:
        dmean: 0.000111526205728
        dmean2: 0.000198157693376
        dvar: 6.41543351776e-08
        dvar2: 1.75485823206e-07
        max: 0.0015262956731
        mean: 0.000113347290608
        min: 1.25369780335e-07
        var: 4.60067468566e-08
    spectral_energyband_middle_high:
        dmean: 0.000801236194093
        dmean2: 0.00133077288046
        dvar: 5.8501308331e-07
        dvar2: 1.51726214881e-06
        max: 0.00851056724787
        mean: 0.00433311564848
        min: 0.0013260175474
        var: 1.25922611005e-06
    spectral_energyband_middle_low:
        dmean: 0.000569799798541
        dmean2: 0.000933552160859
        dvar: 1.66995948803e-06
        dvar2: 4.23715528086e-06
        max: 0.00986126810312
        mean: 0.000881024927367
        min: 1.32017321448e-05
        var: 1.50940127241e-06
    spectral_flatness_db:
        dmean: 0.0156123843044
        dmean2: 0.0245278924704
        dvar: 0.000193577521713
        dvar2: 0.000396395538701
        max: 0.286740392447
        mean: 0.163271844387
        min: 0.10157430917
        var: 0.00102412316483
    spectral_flux:
        dmean: 0.00755623495206
        dmean2: 0.0113705322146
        dvar: 5.80439482292e-05
        dvar2: 0.000104461170849
        max: 0.10121551156
        mean: 0.0471722967923
        min: 0.0238435100764
        var: 0.000144597041071
    spectral_kurtosis:
        dmean: 1.03243875504
        dmean2: 1.7862637043
        dvar: 0.947788774967
        dvar2: 2.96371865273
        max: 9.13212776184
        mean: 3.96508455276
        min: 1.77921581268
        var: 1.58012735844
    spectral_rms:
        dmean: 0.000227041513426
        dmean2: 0.00036186655052
        dvar: 5.36250723826e-08
        dvar2: 1.27962863417e-07
        max: 0.00382068310864
        mean: 0.00237699598074
        min: 0.0015787766315
        var: 1.18013709027e-07
    spectral_rolloff:
        dmean: 176.582168579
        dmean2: 298.345245361
        dvar: 38735.7539062
        dvar2: 107472.71875
        max: 4414.30664062
        mean: 3794.45239258
        min: 2433.25195312
        var: 48384.6289062
    spectral_skewness:
        dmean: 0.134283319116
        dmean2: 0.228927046061
        dvar: 0.0135173005983
        dvar2: 0.0404762551188
        max: 1.92433333397
        mean: 1.27942991257
        min: 0.709655702114
        var: 0.0331492237747
    spectral_spread:
        dmean: 287312.28125
        dmean2: 414163.5
        dvar: 60015386624
        dvar2: 114595487744
        max: 5583319.5
        mean: 3626059.25
        min: 2462021.25
        var: 388775510016
    spectral_strongpeak:
        dmean: 0.980120778084
        dmean2: 1.61250972748
        dvar: 0.747309446335
        dvar2: 1.90769672394
        max: 6.34323692322
        mean: 1.87494957447
        min: 0.0307553615421
        var: 1.6379942894
    zerocrossingrate:
        dmean: 0.0065764314495
        dmean2: 0.00879590772092
        dvar: 4.4096246711e-05
        dvar2: 6.92884350428e-05
        max: 0.1484375
        mean: 0.121784158051
        min: 0.04833984375
        var: 0.000117421834148
    barkbands:
        dmean: [3.03574182681e-07, 4.35731781181e-05, 7.54829598009e-05, 9.38550583669e-05, 0.000383733131457, 6.56041011098e-05, 7.750079385e-05, 5.52608798898e-05, 6.20418795734e-05, 8.43583038659e-05, 5.4254411225e-05, 9.69019456534e-05, 8.26924224384e-05, 0.000133502893732, 0.000173716485733, 0.000296950223856, 0.000416809751187, 0.000185591663467, 0.000300209765555, 0.000290072348434, 9.34862982831e-05, 1.28642031996e-05, 2.75238494396e-06, 2.58059139924e-06, 4.32240938153e-07, 1.63875810699e-08, 2.59523208479e-10]
        dmean2: [4.6209578386e-07, 7.53948261263e-05, 0.000137567665661, 0.00015587703092, 0.000671195448376, 0.000109988890472, 0.000129598221974, 9.48411106947e-05, 9.93085559458e-05, 0.000136628805194, 9.02302126633e-05, 0.000155914807692, 0.000136663715239, 0.000222020302317, 0.000287960487185, 0.000500486581586, 0.000687697669491, 0.000309961556923, 0.00050731835654, 0.000485327851493, 0.000154391411343, 2.04100051633e-05, 4.07131756219e-06, 3.73138573195e-06, 6.54123084587e-07, 2.32475478867e-08, 4.62011845448e-10]
        dvar: [1.25863100324e-12, 9.8820986949e-09, 3.09367784723e-08, 2.87432406765e-08, 1.29780733005e-06, 1.07566719976e-08, 1.0165772224e-08, 5.95733018471e-09, 9.63298774082e-09, 1.19937810794e-08, 8.17634226991e-09, 2.88141759341e-08, 1.28161188329e-08, 2.78099676621e-08, 4.57085391758e-08, 1.17879885408e-07, 2.38285352339e-07, 2.8365201743e-08, 7.81775710834e-08, 6.67916566499e-08, 7.88717535727e-09, 2.28335544916e-10, 1.1299577593e-11, 1.85475315662e-11, 3.69064940284e-13, 4.99154662932e-16, 2.01592329257e-19]
        dvar2: [1.76385718097e-12, 2.5634120604e-08, 8.73306262861e-08, 6.82256526829e-08, 3.46601450474e-06, 3.10411003568e-08, 2.67801834042e-08, 1.70701000002e-08, 2.31146852769e-08, 2.9467770446e-08, 2.07336974256e-08, 7.98577559635e-08, 3.12752739262e-08, 7.17347816703e-08, 1.20074332699e-07, 3.40585671665e-07, 5.68810776258e-07, 8.78232029322e-08, 2.03448280445e-07, 1.96233344241e-07, 2.07698480637e-08, 5.44412015469e-10, 2.29606663543e-11, 4.07210758169e-11, 8.0177585491e-13, 9.79962062832e-16, 3.72110946719e-19]
        max: [2.02292685572e-05, 0.000627041561529, 0.00104009010829, 0.00122590071987, 0.00746234226972, 0.0010352935642, 0.000790075573605, 0.000827862182632, 0.00109510531183, 0.00107038766146, 0.00106542138383, 0.00236422545277, 0.00120943330694, 0.00204266631044, 0.00207723979838, 0.00311742839403, 0.0045118574053, 0.00133781507611, 0.00225234730169, 0.00219536293298, 0.000917472003493, 0.000157201691763, 3.75302770408e-05, 5.49666656298e-05, 7.48891079638e-06, 3.10206331733e-07, 7.47481188057e-09]
        mean: [2.7372308864e-07, 4.38768292952e-05, 6.9217683631e-05, 8.71099618962e-05, 0.000307943555526, 0.000116749091831, 0.000120826502098, 8.47968185553e-05, 0.000121469674923, 0.000156631067512, 9.27367436816e-05, 0.000185989279998, 0.000182747113286, 0.000294391997159, 0.000334480137099, 0.00057510600891, 0.000833392958157, 0.000410804961575, 0.000798267428763, 0.000778481655288, 0.000270926684607, 3.13702657877e-05, 7.53275298848e-06, 5.94250150243e-06, 1.22700123484e-06, 4.04794597841e-08, 2.30846078364e-10]
        min: [6.05530833808e-11, 2.31834693665e-08, 1.1242684117e-08, 4.8597090796e-08, 3.27259357391e-08, 1.53138103087e-07, 8.0420801396e-07, 1.83734954362e-07, 1.77905042165e-06, 3.78129215051e-07, 3.86717056244e-06, 5.44044178241e-06, 4.11492283092e-06, 4.48827177024e-06, 2.65299913735e-05, 1.33127477966e-05, 8.84598266566e-05, 3.87472464354e-05, 0.000147591606947, 0.000149746818352, 6.05010318395e-05, 5.43091027794e-06, 1.11994040708e-06, 3.45586869344e-07, 1.02795382873e-07, 1.90329019212e-09, 6.08743036448e-13]
        var: [1.22889567446e-12, 7.47734230089e-09, 2.07387103046e-08, 2.86796311144e-08, 9.22410777093e-07, 1.47657628347e-08, 1.2605504196e-08, 9.96233495698e-09, 3.08340730726e-08, 3.58897054298e-08, 1.6908238365e-08, 8.68921006258e-08, 5.54423777999e-08, 8.83245903083e-08, 8.73867307405e-08, 2.10750954466e-07, 5.69196970446e-07, 5.1218620456e-08, 1.48947194134e-07, 1.1342926598e-07, 1.65668190277e-08, 5.43664890884e-10, 3.26376738136e-11, 4.20902618314e-11, 1.24782020654e-12, 2.06400541664e-15, 1.97624395557e-19]
    mfcc:
        mean: [-683.284423828, 77.9965591431, -82.4549942017, 46.1845321655, -13.268073082, -7.22688341141, -0.34521022439, -11.5552692413, -1.94061231613, 2.12157988548, -10.882229805, 1.66992247105, -0.814619839191]
        cov: [[594.626281738, 235.871292114, 388.854736328, 174.451400757, 80.8954544067, -27.0880661011, -44.4437179565, 67.5720901489, 41.6919937134, -28.9801597595, -48.5686607361, -131.388687134, -128.295715332], [235.871292114, 496.054351807, 155.350799561, 244.966171265, 41.5529289246, -22.0709934235, 1.90325713158, 68.3122634888, 78.9894866943, 3.6976211071, -22.7195053101, -58.9819450378, -40.2562980652], [388.854736328, 155.350799561, 392.3487854, 163.736602783, 78.4510574341, -8.13924026489, -0.821366429329, 97.1987991333, 54.1999435425, -2.41281580925, -12.0930347443, -71.2188568115, -83.623588562], [174.451400757, 244.966171265, 163.736602783, 224.286605835, 72.1484909058, 7.90997600555, 12.4763116837, 66.9468841553, 68.6140060425, 13.0929336548, 1.93360757828, -27.6105670929, -22.4476852417], [80.8954544067, 41.5529289246, 78.4510574341, 72.1484909058, 73.3800888062, 34.4308624268, 14.6431703568, 28.6416378021, 33.4323959351, 8.76472091675, 3.15890049934, -5.1218624115, -3.64876413345], [-27.0880661011, -22.0709934235, -8.13924026489, 7.90997600555, 34.4308624268, 98.6233215332, 50.1125297546, 1.1719096899, -4.64776134491, -5.41570281982, 7.18763923645, 7.47097063065, 21.9943389893], [-44.4437179565, 1.90325713158, -0.821366429329, 12.4763116837, 14.6431703568, 50.1125297546, 74.2768630981, 38.7266998291, 17.2379207611, 6.97206735611, 15.8398418427, 25.9471969604, 30.9601287842], [67.5720901489, 68.3122634888, 97.1987991333, 66.9468841553, 28.6416378021, 1.1719096899, 38.7266998291, 100.271430969, 61.0247268677, 19.1280899048, 10.927529335, 7.80237770081, 1.38701343536], [41.6919937134, 78.9894866943, 54.1999435425, 68.6140060425, 33.4323959351, -4.64776134491, 17.2379207611, 61.0247268677, 94.2058639526, 39.2349319458, 14.0089731216, 6.75196409225, 2.82673716545], [-28.9801597595, 3.6976211071, -2.41281580925, 13.0929336548, 8.76472091675, -5.41570281982, 6.97206735611, 19.1280899048, 39.2349319458, 65.8505783081, 33.0556564331, 20.9361515045, 6.45654582977], [-48.5686607361, -22.7195053101, -12.0930347443, 1.93360757828, 3.15890049934, 7.18763923645, 15.8398418427, 10.927529335, 14.0089731216, 33.0556564331, 58.2325325012, 39.230922699, 19.4483203888], [-131.388687134, -58.9819450378, -71.2188568115, -27.6105670929, -5.1218624115, 7.47097063065, 25.9471969604, 7.80237770081, 6.75196409225, 20.9361515045, 39.230922699, 96.9336547852, 63.7503547668], [-128.295715332, -40.2562980652, -83.623588562, -22.4476852417, -3.64876413345, 21.9943389893, 30.9601287842, 1.38701343536, 2.82673716545, 6.45654582977, 19.4483203888, 63.7503547668, 97.6239929199]]
        icov: [[0.00744548207149, -0.00188577373046, -0.00595005461946, 0.00187128747348, -0.00326337991282, 0.00026565726148, 0.00286248559132, 4.24382196798e-05, -7.75326116127e-05, 0.00187278818339, 0.000136819493491, 0.00289051583968, 0.00121397792827], [-0.00188577373046, 0.0059524406679, 0.00197038077749, -0.007415919099, 0.0045145759359, 0.000588994298596, -0.00158058351371, 0.000380774901714, -0.00165589968674, -7.10198073648e-05, 0.00153318350203, 0.000596685276832, -0.000151660875417], [-0.00595005461946, 0.00197038077749, 0.0110871260986, -0.00385503284633, -0.00132530566771, 0.000880927371327, -0.0011546331225, -0.00583597179502, 0.00217580632307, -0.000256698374869, -0.00141652254388, -7.43995624362e-05, 0.00208957167342], [0.00187128747348, -0.007415919099, -0.00385503284633, 0.0181150306016, -0.0110618714243, 0.000571125594433, 0.00147698901128, -0.00119343295228, -0.00125015783124, 0.00134222430643, -0.00331709277816, 0.00112691684626, -0.00085684179794], [-0.00326337991282, 0.0045145759359, -0.00132530566771, -0.0110618714243, 0.0356095954776, -0.0142964953557, 0.0049172420986, 0.000931888062041, -0.00773605378345, -0.00199707597494, 0.00350153679028, -0.00416243169457, -0.000749982777052], [0.00026565726148, 0.000588994298596, 0.000880927371327, 0.000571125594433, -0.0142964953557, 0.0256623402238, -0.0196115039289, 0.00732577452436, 0.00283109536394, 0.00210924074054, -0.00242141517811, 0.00485616503283, -0.0016328751808], [0.00286248559132, -0.00158058351371, -0.0011546331225, 0.00147698901128, 0.0049172420986, -0.0196115039289, 0.0382576175034, -0.0171728562564, 0.00122435414232, 0.000860821164679, -0.00193660357036, -0.00193334871437, -0.00327014597133], [4.24382196798e-05, 0.000380774901714, -0.00583597179502, -0.00119343295228, 0.000931888062041, 0.00732577452436, -0.0171728562564, 0.0302143637091, -0.0131934508681, 0.00173534534406, 0.000970378227066, -0.0026201675646, 0.000125520193251], [-7.75326116127e-05, -0.00165589968674, 0.00217580632307, -0.00125015783124, -0.00773605378345, 0.00283109536394, 0.00122435414232, -0.0131934508681, 0.0277372635901, -0.0124536687508, 0.00215046666563, 0.00107602914795, -0.00144679762889], [0.00187278818339, -7.10198073648e-05, -0.000256698374869, 0.00134222430643, -0.00199707597494, 0.00210924074054, 0.000860821164679, 0.00173534534406, -0.0124536687508, 0.0298185031861, -0.0145216034725, 0.000722042575944, 0.00248308060691], [0.000136819493491, 0.00153318350203, -0.00141652254388, -0.00331709277816, 0.00350153679028, -0.00242141517811, -0.00193660357036, 0.000970378227066, 0.00215046666563, -0.0145216034725, 0.0331971943378, -0.0119530363008, 0.00220298743807], [0.00289051583968, 0.000596685276832, -7.43995624362e-05, 0.00112691684626, -0.00416243169457, 0.00485616503283, -0.00193334871437, -0.0026201675646, 0.00107602914795, 0.000722042575944, -0.0119530363008, 0.0275112763047, -0.0120222428814], [0.00121397792827, -0.000151660875417, 0.00208957167342, -0.00085684179794, -0.000749982777052, -0.0016328751808, -0.00327014597133, 0.000125520193251, -0.00144679762889, 0.00248308060691, 0.00220298743807, -0.0120222428814, 0.0220338180661]]
    spectral_contrast:
        mean: [-3.14884509578e-08, 3.26127519656e-07, 2.45098107143e-07, -2.48606824016e-07, 3.7744121073e-07, 5.11393579927e-07, 5.87071099289e-07, 2.27793702834e-06, 1.25862825939e-07, 2.62787170868e-06, -5.20916864843e-06, -5.02425564264e-06]
        var: [0.000194152264157, 0.000370034744265, 0.000873579876497, 0.00153429526836, 0.0022216741927, 0.00516802165657, 0.0253937579691, 0.058768838644, 0.133314490318, 0.174960464239, 0.309361845255, 1.11780178547]

rhythm:
    beats_loudness:
        dmean: 0.00281302514486
        dmean2: 0.00555123388767
        dvar: 2.30546493185e-06
        dvar2: 7.29580551706e-06
        max: 0.0102802682668
        mean: 0.00743875000626
        min: 0.00306284450926
        var: 3.89489650843e-06
    beats_loudness_bass:
        dmean: 0.0134266912937
        dmean2: 0.020497392863
        dvar: 6.83221005602e-05
        dvar2: 0.000185897544725
        max: 0.0507137775421
        mean: 0.0209850408137
        min: 0.000130379965412
        var: 0.000154359164299
    bpm: 126.418190002
    bpm_confidence: 0
    first_peak_bpm: 127
    first_peak_spread: 0
    first_peak_weight: 0.950000047684
    onset_rate: 1.89412438869
    second_peak_bpm: 121
    second_peak_spread: 0
    second_peak_weight: 0.0500000007451
    beats_position: [0.291821748018, 0.764772355556, 1.23772287369, 1.71067345142, 2.18362426758, 2.65657496452, 3.12952542305, 3.60247612, 4.07542705536, 4.54837751389, 5.02132797241, 5.49427890778, 5.98880004883, 6.4653968811, 6.94199371338, 7.41859102249, 7.8951883316, 8.37178516388, 8.84838104248, 9.32497882843, 9.80157566071]
    bpm_estimates: [127.277351379, 126.372558594, 127.14907074, 126.489639282, 127.543922424, 127.340759277, 126.922142029, 125.828659058, 126.073692322, 127.257354736, 127.215454102, 126.814254761, 126.150375366, 123.550926208, 124.286689758]
    bpm_intervals: [0.472950607538, 0.472950518131, 0.472950577736, 0.472950816154, 0.472950696945, 0.472950458527, 0.472950696945, 0.472950935364, 0.472950458527, 0.472950458527, 0.472950935364, 0.494521141052, 0.476596832275, 0.476596832275, 0.476597309113, 0.476597309113, 0.476596832275, 0.476595878601, 0.47659778595, 0.476596832275]
    onset_times: [0.0464399084449, 0.290249437094, 1.14938771725, 1.24226760864, 1.5673469305, 2.18267583847, 2.50775504112, 3.13469386101, 3.62231302261, 4.09832191467, 4.56272125244, 5.02712011337, 5.58439922333, 5.97913837433, 6.93115663528, 7.8831744194, 8.11537456512, 8.83519268036, 9.77560043335]
    rubato_start: []
    rubato_stop: []
    perceptual_tempo: "unknown"

sfx:
    inharmonicity:
        dmean: 0.0836916267872
        dmean2: 0.145009800792
        dvar: 0.00618352741003
        dvar2: 0.0171655640006
        max: 0.425526022911
        mean: 0.0979949533939
        min: 0.00135695328936
        var: 0.00746507709846
    oddtoevenharmonicenergyratio:
        dmean: 2.06004548073
        dmean2: 3.7866499424
        dvar: 12.9969053268
        dvar2: 37.2806777954
        max: 27.5951881409
        mean: 1.59145450592
        min: 0.00312336534262
        var: 8.51734924316
    pitch_after_max_to_before_max_energy_ratio: 9.93979167938
    pitch_centroid: 227.918273926
    pitch_max_to_total: 0.188372090459
    pitch_min_to_total: 0.230232551694
    tristimulus:
        dmean: [0.137111201882, 0.234824851155, 0.183094903827]
        dmean2: [0.240206301212, 0.408755779266, 0.322539806366]
        dvar: [0.0165210813284, 0.0423941798508, 0.0240969005972]
        dvar2: [0.0431392230093, 0.116934604943, 0.0683545619249]
        max: [0.817775249481, 0.995383918285, 0.876172244549]
        mean: [0.200082719326, 0.556123673916, 0.197644278407]
        min: [0.00199423963204, 0, 0]
        var: [0.0209420453757, 0.0533706098795, 0.0303921271116]

tonal:
    chords_changes_rate: 0.0694444477558
    chords_number_rate: 0.0277777779847
    chords_strength:
        dmean: 0.00937824137509
        dmean2: 0.0105716958642
        dvar: 6.17578334641e-05
        dvar2: 7.0418274845e-05
        max: 0.671672940254
        mean: 0.555691182613
        min: 0.378040999174
        var: 0.00449069263414
    key_strength: 0.647690236568
    tuning_diatonic_strength: 0.655506908894
    tuning_equal_tempered_deviation: 0.0967893078923
    tuning_frequency: 438.731048584
    tuning_nontempered_energy_ratio: 0.751339495182
    hpcp:
        dmean: [0.182110801339, 0.166184574366, 0.167906984687, 0.142513468862, 0.149722248316, 0.186776518822, 0.212508425117, 0.144199356437, 0.126110136509, 0.13016924262, 0.11499158293, 0.139851897955, 0.163164198399, 0.151543065906, 0.165069758892, 0.177092686296, 0.157127633691, 0.124341830611, 0.129743471742, 0.109472081065, 0.102436937392, 0.116554416716, 0.109957069159, 0.0957697331905, 0.0927991271019, 0.099725112319, 0.105527259409, 0.138132125139, 0.119007110596, 0.151782467961, 0.180780932307, 0.161381825805, 0.144220709801, 0.147490784526, 0.143603339791, 0.155251115561]
        dmean2: [0.298598110676, 0.269659996033, 0.275238156319, 0.237680286169, 0.261504501104, 0.326527774334, 0.363630205393, 0.24479983747, 0.211054593325, 0.222259804606, 0.202034443617, 0.231888920069, 0.260462373495, 0.251418471336, 0.286517232656, 0.30713275075, 0.268277078867, 0.209066510201, 0.21556609869, 0.180698558688, 0.173323497176, 0.190154224634, 0.176331549883, 0.160375833511, 0.161581277847, 0.171614155173, 0.178754717112, 0.226614907384, 0.206666916609, 0.247960790992, 0.310212939978, 0.272736996412, 0.245376199484, 0.250927776098, 0.252009630203, 0.263987988234]
        dvar: [0.0317968465388, 0.0206183958799, 0.0228533837944, 0.0200439523906, 0.0190531089902, 0.0349593535066, 0.0401756688952, 0.0169019270688, 0.0168045982718, 0.0235980320722, 0.0178000554442, 0.0241284556687, 0.0299290455878, 0.0249133948237, 0.0220116041601, 0.0319470763206, 0.0274285729975, 0.0199665930122, 0.0212896820158, 0.0168858747929, 0.0126331597567, 0.0187702607363, 0.0119381602854, 0.0113758323714, 0.0115341218188, 0.0160501860082, 0.0126079423353, 0.0283847395331, 0.0209291223437, 0.0283506456763, 0.0432830601931, 0.0344431363046, 0.0292513240129, 0.0300531201065, 0.0237342175096, 0.0218602120876]
        dvar2: [0.0670319348574, 0.0528096556664, 0.0633181855083, 0.0479610003531, 0.0469526052475, 0.0884424895048, 0.102354869246, 0.046375438571, 0.0405145324767, 0.0611383132637, 0.0469467975199, 0.066837258637, 0.0634399577975, 0.0640218779445, 0.0634418725967, 0.0741962715983, 0.0659278184175, 0.0483778715134, 0.0507352612913, 0.041897919029, 0.0296564772725, 0.0447163656354, 0.0325880870223, 0.0285992622375, 0.0308837853372, 0.0480942539871, 0.0336554087698, 0.0738922432065, 0.0562250316143, 0.0771801993251, 0.102152734995, 0.0930055826902, 0.0735956653953, 0.0870506986976, 0.0672743171453, 0.0533970855176]
        max: [1, 1, 1, 1, 1, 1, 1, 0.928918004036, 0.999068140984, 1, 0.92431384325, 1, 1, 1, 0.966505467892, 1, 1, 1, 1, 1, 1, 0.936763286591, 0.737199425697, 1, 0.877530276775, 0.979040980339, 0.793483674526, 1, 0.970529794693, 1, 1, 1, 1, 1, 1, 1]
        mean: [0.429904162884, 0.40235081315, 0.3181656003, 0.282191067934, 0.263379722834, 0.358786344528, 0.417791724205, 0.307272672653, 0.244492322206, 0.237617358565, 0.208510309458, 0.280910760164, 0.417480021715, 0.365489214659, 0.329925537109, 0.458160251379, 0.396176278591, 0.263472020626, 0.226733803749, 0.193430632353, 0.198160618544, 0.218385189772, 0.207778483629, 0.177178114653, 0.156647071242, 0.14973936975, 0.185582444072, 0.2313182652, 0.19765932858, 0.252054929733, 0.347508072853, 0.293990194798, 0.236428201199, 0.236387833953, 0.237093761563, 0.310682177544]
        min: [0.0271983277053, 0.0210346262902, 0.0165870990604, 0.00991203822196, 0.0168412104249, 0.0172355119139, 0.0105909751728, 0.0168387293816, 0.0149772511795, 0.0176794007421, 0.0121869063005, 0.00551264220849, 0.00489941798151, 0.00515060406178, 0.0108228791505, 0.0237784907222, 0.0260334163904, 0.029997440055, 0.00290816114284, 0.00216070841998, 0.00293333944865, 0.0059721278958, 0.00167100213002, 0.00151954288594, 0.00173231901135, 0.00196629343554, 0.00603015860543, 0.0110588138923, 0.0139690274373, 0.00727553060278, 0.00715669011697, 0.00392193859443, 0.00267385574989, 0.00356857734732, 0.00387439597398, 0.0035627798643]
        var: [0.0900220870972, 0.0599840134382, 0.0459423847497, 0.0429116487503, 0.0385667607188, 0.0578887313604, 0.06965213269, 0.032504003495, 0.0365889817476, 0.0412988960743, 0.0264342315495, 0.0421273522079, 0.102777898312, 0.0799326822162, 0.0406680330634, 0.105415053666, 0.0767154097557, 0.0478498935699, 0.0419163405895, 0.0395852774382, 0.0440637171268, 0.0387755706906, 0.0239715687931, 0.0215321779251, 0.0197177249938, 0.0218500662595, 0.0236555431038, 0.0540306605399, 0.0329926870763, 0.0431539490819, 0.0858850479126, 0.051866337657, 0.0519021302462, 0.0470629669726, 0.0369709990919, 0.0466118529439]
    chords_histogram: [13.4259262085, 15.2777776718, 0.925925910473, 0, 6.48148155212, 0, 0, 0, 0, 0, 0, 0, 0, 0, 0, 6.48148155212, 0, 0, 0, 0, 0, 10.6481485367, 46.7592582703, 0]
    thpcp: [1, 0.864711165428, 0.57506519556, 0.494878828526, 0.422189891338, 0.432513773441, 0.476656764746, 0.453506141901, 0.386716455221, 0.341904550791, 0.32682749629, 0.405060112476, 0.504885077477, 0.431419640779, 0.550145804882, 0.758485853672, 0.64167547226, 0.516038239002, 0.515950143337, 0.517490923405, 0.678108096123, 0.938327074051, 0.878187954426, 0.694441735744, 0.615922212601, 0.574863731861, 0.783102273941, 0.911889910698, 0.670666396618, 0.53363931179, 0.518633723259, 0.455103456974, 0.61312776804, 0.911209583282, 0.797732293606, 0.720109462738]
    chords_key: "G"
    chords_scale: "major"
    key_key: "D"
    key_scale: "major"
    chords_progression: ["A", "A", "F#m", "F#m", "F#m", "F#m", "F#m", "F#m", "F#m", "F#m", "F#m", "F#m", "F#m", "F#m", "F#m", "F#m", "F#m", "F#m", "F#m", "F#m", "F#m", "F#m", "F#m", "F#m", "F#m", "F#m", "F#m", "F#m", "F#m", "F#m", "F#m", "F#m", "F#m", "F#m", "F#m", "D", "D", "D", "D", "D", "D", "D", "D", "D", "D", "D", "D", "D", "D", "D", "D", "D", "D", "D", "D", "D", "Gm", "Gm", "Gm", "Gm", "Gm", "Gm", "Gm", "Gm", "Gm", "Gm", "Gm", "Gm", "Gm", "Gm", "G", "G", "G", "G", "G", "G", "G", "G", "G", "G", "G", "G", "G", "G", "G", "G", "G", "G", "G", "G", "G", "G", "G", "G", "G", "G", "G", "G", "G", "G", "G", "G", "G", "G", "G", "G", "G", "G", "G", "G", "G", "G", "G", "G", "G", "G", "G", "G", "G", "G", "G", "G", "G", "G", "G", "G", "G", "G", "G", "G", "G", "G", "G", "G", "G", "G", "G", "G", "G", "G", "G", "G", "G", "G", "G", "G", "G", "G", "G", "G", "G", "Em", "Em", "Em", "Em", "Em", "Em", "Em", "Em", "Em", "Em", "Em", "Em", "E", "E", "E", "E", "Em", "E", "E", "E", "E", "E", "E", "E", "E", "Em", "Em", "Em", "E", "Em", "Em", "Em", "Em", "E", "Em", "Em", "Em", "G", "G", "G", "G", "G", "G", "G", "G", "G", "G", "G", "G", "G", "G", "G", "G", "G", "G", "G", "G", "D", "D", "D", "D", "D", "D", "D", "D"]
