
metadata:
    version:
        essentia: "1.2.2"
    audio_properties:
        analysis_sample_rate: 44100
        bitrate: 128
        channels: 2
        equal_loudness: 1
        length: 9.95265293121
        replay_gain: -6.14531898499
        downmix: "mix"
    tags:
        track: 33
        year: 0
        album: "Splitted by Mp3Splt v. 2.1"
        artist: "From 005.20 To 005.30"
        comment: "http://mp3splt.sf.net"
        genre: ""
        title: "02 Orbitus Teranium.mp3"

highlevel:
    ballroom:
        all:
            ChaChaCha: 0.119201041758
            Jive: 0.403330117464
            Quickstep: 0.00281495414674
            Rumba-American: 0.000309410446789
            Rumba-International: 0.000386875850381
            Rumba-Misc: 0.000444518896984
            Samba: 0.472579807043
            Tango: 8.94638651516e-05
            VienneseWaltz: 0.000744391116314
            Waltz: 9.94277434074e-05
        probability: 0.472579807043
        value: "Samba"
    culture:
        all:
            non_western: 0.424363613129
            western: 0.575636386871
        probability: 0.575636386871
        value: "western"
    gender:
        all:
            female: 0.658021688461
            male: 0.341978281736
        probability: 0.658021688461
        value: "female"
    genre_dortmund:
        all:
            alternative: 0.0687363669276
            blues: 0.0129609405994
            electronic: 0.127991944551
            folkcountry: 0.014769628644
            funksoulrnb: 0.0295591745526
            jazz: 0.0581505782902
            pop: 0.0717212110758
            raphiphop: 0.0133449910209
            rock: 0.602765142918
        probability: 0.602765142918
        value: "rock"
    genre_electronica:
        all:
            ambient: 0.043159686029
            dnb: 0.256986916065
            house: 0.00203340849839
            techno: 0.00650613987818
            trance: 0.691313862801
        probability: 0.691313862801
        value: "trance"
    genre_rosamerica:
        all:
            cla: 0.00437436578795
            dan: 0.316630631685
            hip: 0.00805694889277
            jaz: 0.00451895128936
            pop: 0.042664732784
            rhy: 0.00530924461782
            roc: 0.617511153221
            spe: 0.000933959207032
        probability: 0.617511153221
        value: "roc"
    genre_tzanetakis:
        all:
            blu: 0.0102780759335
            cla: 0.0101434718817
            cou: 0.0512783490121
            dis: 0.122468389571
            hip: 0.0813813284039
            jaz: 0.141354680061
            met: 0.263071447611
            pop: 0.154046282172
            reg: 0.0119952848181
            roc: 0.153982684016
        probability: 0.263071447611
        value: "met"
    live_studio:
        all:
            live: 0.22952850163
            studio: 0.770471513271
        probability: 0.770471513271
        value: "studio"
    mood:
        all:
            Cluster1: 0.504071116447
            Cluster2: 0.0930829718709
            Cluster3: 0.00461741769686
            Cluster4: 0.0510186441243
            Cluster5: 0.347209841013
        probability: 0.504071116447
        value: "Cluster1"
    mood_acoustic:
        all:
            acoustic: 0.0027071791701
            not_acoustic: 0.997292816639
        probability: 0.997292816639
        value: "not_acoustic"
    mood_aggressive:
        all:
            aggressive: 0.997613310814
            not_aggressive: 0.00238668196835
        probability: 0.997613310814
        value: "aggressive"
    mood_electronic:
        all:
            electronic: 0.712030947208
            not_electronic: 0.287969052792
        probability: 0.712030947208
        value: "electronic"
    mood_happy:
        all:
            happy: 0.204804748297
            not_happy: 0.795195221901
        probability: 0.795195221901
        value: "not_happy"
    mood_party:
        all:
            not_party: 0.0870135426521
            party: 0.912986457348
        probability: 0.912986457348
        value: "party"
    mood_relaxed:
        all:
            not_relaxed: 0.994210600853
            relaxed: 0.00578937027603
        probability: 0.994210600853
        value: "not_relaxed"
    mood_sad:
        all:
            not_sad: 0.98526340723
            sad: 0.0147365676239
        probability: 0.98526340723
        value: "not_sad"
    rhythm:
        all:
            fast: 0.607520699501
            medium: 0.355428308249
            slow: 0.0370509661734
        probability: 0.607520699501
        value: "fast"
    speech_music:
        all:
            music: 0.999988913536
            speech: 1.11161152745e-05
        probability: 0.999988913536
        value: "music"
    timbre:
        all:
            bright: 0.07841707021
            dark: 0.921582937241
        probability: 0.921582937241
        value: "dark"
    voice_instrumental:
        all:
            instrumental: 0.16139036417
            voice: 0.83860963583
        probability: 0.83860963583
        value: "voice"

lowlevel:
    average_loudness: 0.983406364918
    barkbands_kurtosis:
        dmean: 0.272829562426
        dmean2: 0.442656725645
        dvar: 0.0875600725412
        dvar2: 0.197339564562
        max: 1.32382726669
        mean: -1.24477338791
        min: -1.73687469959
        var: 0.204910904169
    barkbands_skewness:
        dmean: 0.265809208155
        dmean2: 0.433424830437
        dvar: 0.0505583323538
        dvar2: 0.108535125852
        max: 1.39581942558
        mean: -0.0279754623771
        min: -1.24308466911
        var: 0.203008696437
    barkbands_spread:
        dmean: 5.24041795731
        dmean2: 7.84726572037
        dvar: 19.4145622253
        dvar2: 39.5374679565
        max: 57.3820457458
        mean: 39.0024757385
        min: 15.2092971802
        var: 62.0898475647
    dissonance:
        dmean: 0.0140040526167
        dmean2: 0.0237975213677
        dvar: 0.000166409721714
        dvar2: 0.000406379549531
        max: 0.499999970198
        mean: 0.476922959089
        min: 0.373709321022
        var: 0.000226349424338
    hfc:
        dmean: 2.70726418495
        dmean2: 4.1787815094
        dvar: 13.1381502151
        dvar2: 32.3119125366
        max: 31.5666675568
        mean: 8.57695770264
        min: 0.495697140694
        var: 20.9701156616
    pitch:
        dmean: 803.235961914
        dmean2: 1564.45788574
        dvar: 1744718.75
        dvar2: 4288404.5
        max: 4410
        mean: 966.023010254
        min: 101.379310608
        var: 1441005.125
    pitch_instantaneous_confidence:
        dmean: 0.0910674259067
        dmean2: 0.152584403753
        dvar: 0.00701836543158
        dvar2: 0.016337338835
        max: 0.789431810379
        mean: 0.360653489828
        min: 0.123060524464
        var: 0.0177613683045
    pitch_salience:
        dmean: 0.0727310031652
        dmean2: 0.123038887978
        dvar: 0.00309614511207
        dvar2: 0.00891419034451
        max: 0.808123648167
        mean: 0.648289203644
        min: 0.422379344702
        var: 0.0054316194728
    silence_rate_20dB:
        dmean: 0
        dmean2: 0
        dvar: 0
        dvar2: 0
        max: 1
        mean: 1
        min: 1
        var: 0
    silence_rate_30dB:
        dmean: 0
        dmean2: 0
        dvar: 0
        dvar2: 0
        max: 1
        mean: 1
        min: 1
        var: 0
    silence_rate_60dB:
        dmean: 0.172897189856
        dmean2: 0.34660422802
        dvar: 0.143003031611
        dvar2: 0.273307681084
        max: 1
        mean: 0.282051295042
        min: 0
        var: 0.202497497201
    spectral_centroid:
        dmean: 216.879241943
        dmean2: 345.344360352
        dvar: 33817.7851562
        dvar2: 71208.5703125
        max: 2934.91430664
        mean: 1970.96228027
        min: 988.090026855
        var: 145898.203125
    spectral_complexity:
        dmean: 4.70892000198
        dmean2: 7.09411764145
        dvar: 28.943403244
        dvar2: 57.7323493958
        max: 48
        mean: 13.7658081055
        min: 0
        var: 60.9615592957
    spectral_crest:
        dmean: 1.77297770977
        dmean2: 3.00723552704
        dvar: 2.01890063286
        dvar2: 5.12557268143
        max: 13.9760789871
        mean: 6.36232233047
        min: 2.30776166916
        var: 5.12427568436
    spectral_decrease:
        dmean: 3.32298466521e-10
        dmean2: 5.17230758224e-10
        dvar: 1.9727763886e-19
        dvar2: 4.33378999769e-19
        max: -3.40201616877e-11
        mean: -9.66449364981e-10
        min: -3.7568521627e-09
        var: 2.93684065837e-19
    spectral_energy:
        dmean: 0.00148459209595
        dmean2: 0.00230011926033
        dvar: 3.92977017327e-06
        dvar2: 8.78405535332e-06
        max: 0.0169768091291
        mean: 0.0044255591929
        min: 0.000173360254848
        var: 5.86826354265e-06
    spectral_energyband_high:
        dmean: 0.000259700842435
        dmean2: 0.000417096860474
        dvar: 8.67807585792e-08
        dvar2: 2.32013817936e-07
        max: 0.00239415001124
        mean: 0.000669470289722
        min: 6.46373591735e-05
        var: 1.18375346858e-07
    spectral_energyband_low:
        dmean: 0.00022940285271
        dmean2: 0.000381854042644
        dvar: 1.40738976029e-07
        dvar2: 3.60589069714e-07
        max: 0.00252659921534
        mean: 0.000291132630082
        min: 1.3254648934e-07
        var: 1.36816538543e-07
    spectral_energyband_middle_high:
        dmean: 0.000709733285476
        dmean2: 0.00112655840348
        dvar: 1.45374372096e-06
        dvar2: 3.55926886186e-06
        max: 0.0104195727035
        mean: 0.00194803474005
        min: 9.77054660325e-05
        var: 2.13882503886e-06
    spectral_energyband_middle_low:
        dmean: 0.000715446774848
        dmean2: 0.00118222867604
        dvar: 7.46531270579e-07
        dvar2: 1.83337897397e-06
        max: 0.00656511634588
        mean: 0.00151683343574
        min: 1.08460417323e-05
        var: 1.1015056316e-06
    spectral_flatness_db:
        dmean: 0.0118573000655
        dmean2: 0.0181658696383
        dvar: 0.000100188342913
        dvar2: 0.000242705151322
        max: 0.175517961383
        mean: 0.110757887363
        min: 0.0728222429752
        var: 0.000312998017762
    spectral_flux:
        dmean: 0.00918335560709
        dmean2: 0.01347768493
        dvar: 0.000105374863779
        dvar2: 0.000199601156055
        max: 0.111479401588
        mean: 0.0461230538785
        min: 0.0191576685756
        var: 0.000220555331907
    spectral_kurtosis:
        dmean: 0.390146791935
        dmean2: 0.643395900726
        dvar: 0.0997435599566
        dvar2: 0.245169639587
        max: 3.60997772217
        mean: 1.75441765785
        min: 0.627328395844
        var: 0.295930087566
    spectral_rms:
        dmean: 0.000328350841301
        dmean2: 0.000496496504638
        dvar: 1.33540794423e-07
        dvar2: 2.79572418549e-07
        max: 0.00406973483041
        mean: 0.00201467471197
        min: 0.000411256565712
        var: 2.58702471001e-07
    spectral_rolloff:
        dmean: 257.791687012
        dmean2: 421.18927002
        dvar: 52480.21875
        dvar2: 148576.515625
        max: 5103.36914062
        mean: 3986.71801758
        min: 2583.984375
        var: 106859.210938
    spectral_skewness:
        dmean: 0.0912194475532
        dmean2: 0.145416662097
        dvar: 0.00497089326382
        dvar2: 0.0123417582363
        max: 1.51771712303
        mean: 1.13838815689
        min: 0.854781329632
        var: 0.01436883118
    spectral_spread:
        dmean: 379911.25
        dmean2: 637371.5625
        dvar: 118102106112
        dvar2: 300746571776
        max: 8103304.5
        mean: 6616253.5
        min: 4461636
        var: 431661514752
    spectral_strongpeak:
        dmean: 0.373646050692
        dmean2: 0.642050147057
        dvar: 0.427872300148
        dvar2: 1.13271069527
        max: 5.53069639206
        mean: 0.538448512554
        min: 0.0249917320907
        var: 0.709952056408
    zerocrossingrate:
        dmean: 0.00724856974557
        dmean2: 0.00913488026708
        dvar: 4.5944161684e-05
        dvar2: 6.09677554166e-05
        max: 0.14794921875
        mean: 0.112931333482
        min: 0.046875
        var: 0.000233765633311
    barkbands:
        dmean: [7.48180582377e-07, 6.95103153703e-05, 0.000187563186046, 0.000258399290033, 0.000365400192095, 0.000219439287321, 5.13216837135e-05, 7.35693756724e-05, 0.000145029800478, 0.000125439459225, 8.42204826768e-05, 0.000125584585476, 0.000101074539998, 8.7254360551e-05, 8.21247303975e-05, 8.75487967278e-05, 0.000116052680823, 0.000160475960001, 0.000174034066731, 0.000221054840949, 0.000126024955534, 5.15158717462e-05, 1.16259252536e-05, 5.69411167817e-06, 3.01818408843e-06, 1.25652164229e-07, 1.10898790151e-09]
        dmean2: [1.16754085866e-06, 0.000109982291178, 0.000326854002196, 0.000446200516308, 0.000651188602205, 0.000377504999051, 8.70523872436e-05, 0.000110117573058, 0.000214671978028, 0.000201678820304, 0.000144092788105, 0.00020699230663, 0.000178114190931, 0.000150989973918, 0.000128802508698, 0.000134618021548, 0.000186760502402, 0.000264838105068, 0.000255052262219, 0.000348760018824, 0.00020516620134, 8.0519283074e-05, 1.8335371351e-05, 8.55249618326e-06, 4.91640139444e-06, 1.92250922737e-07, 1.94612748139e-09]
        dvar: [1.69727068771e-12, 9.41831856949e-09, 1.13449736716e-07, 2.2691756385e-07, 2.61777131527e-07, 8.03844670827e-08, 3.72053121644e-09, 1.09832338779e-08, 4.03734041754e-08, 4.03156299456e-08, 3.88081744518e-08, 5.80504888603e-08, 3.75707003286e-08, 3.13673744756e-08, 1.61820565836e-08, 2.04790069347e-08, 2.76478733241e-08, 4.17747187953e-08, 4.20233874365e-08, 6.37917878521e-08, 2.28025154314e-08, 2.92763546739e-09, 1.19443191449e-10, 2.88390977765e-11, 9.39608460482e-12, 1.59426643978e-14, 1.6430978169e-18]
        dvar2: [4.05217439464e-12, 2.21156462032e-08, 3.06462794697e-07, 5.87902491134e-07, 7.23435960026e-07, 2.09905763882e-07, 9.32921295771e-09, 1.9075462987e-08, 8.63461337985e-08, 1.09092226808e-07, 1.06575939185e-07, 1.42591247254e-07, 1.04138621282e-07, 8.70119265528e-08, 3.6526650149e-08, 4.92089817783e-08, 6.28822505178e-08, 1.08074367233e-07, 8.15117857655e-08, 1.66563893345e-07, 5.97209321995e-08, 7.56179208139e-09, 2.81865059071e-10, 6.37901745315e-11, 2.45115820002e-11, 3.49566160523e-14, 4.7291139847e-18]
        max: [1.28522760861e-05, 0.000968467793427, 0.00208444381133, 0.00348878256045, 0.00449992995709, 0.00232673948631, 0.000578431121539, 0.00133231817745, 0.00194753718097, 0.00157652981579, 0.00215246877633, 0.00295403925702, 0.00188666104805, 0.0014661924215, 0.00189953937661, 0.00125867989846, 0.0018381846603, 0.00190550356638, 0.00253424863331, 0.00279971142299, 0.00110870227218, 0.000517182750627, 8.42277586344e-05, 4.07531952078e-05, 2.28684857575e-05, 1.35471987051e-06, 1.1485173701e-08]
        mean: [2.0689435587e-06, 0.000109641288873, 0.000179511407623, 0.000214154119021, 0.000498587440234, 0.000303710898152, 8.04655792308e-05, 0.000122288314742, 0.000252839468885, 0.000160264564329, 0.000101033700048, 0.000173024774995, 0.000118070718599, 0.000131823617266, 0.000136806964292, 0.000146965525346, 0.000172598505742, 0.000267043156782, 0.000363107857993, 0.000441910960944, 0.000287098344415, 0.000116134615382, 2.57655647147e-05, 1.34690317282e-05, 6.82249674355e-06, 3.51371852503e-07, 1.43015155274e-09]
        min: [2.01694411173e-10, 3.68854919941e-08, 5.72386369413e-08, 6.56019096823e-08, 7.39835286367e-07, 1.21196103464e-06, 1.25275346363e-06, 6.34699972579e-07, 1.73035095941e-06, 2.69898191618e-06, 1.09904158307e-06, 3.53381165041e-06, 2.42377063842e-06, 4.16727834818e-06, 1.83181737157e-06, 2.94957089864e-06, 4.40480516772e-06, 3.39628263646e-06, 5.17242324349e-06, 3.96107170673e-05, 7.8828425103e-06, 4.49927256341e-06, 2.86473641609e-06, 8.81034907252e-07, 3.49924789589e-07, 2.24259810722e-08, 6.78866407533e-11]
        var: [5.83690474426e-12, 1.4866310849e-08, 8.84594157924e-08, 1.92906000507e-07, 4.43656631433e-07, 1.04186803185e-07, 7.05386060673e-09, 3.23871276464e-08, 9.67317177469e-08, 4.5459369602e-08, 3.63399479397e-08, 7.61259002502e-08, 4.0042298366e-08, 4.23825810003e-08, 3.21529824987e-08, 3.2174643394e-08, 4.09990406069e-08, 7.67490533349e-08, 1.21380935525e-07, 1.04652869481e-07, 3.05370306819e-08, 5.69542102369e-09, 2.22199980637e-10, 6.92986085182e-11, 1.90469376382e-11, 4.26993781045e-14, 1.68196589651e-18]
    mfcc:
        mean: [-677.37322998, 72.1878967285, -29.1038246155, 44.2674369812, -17.776222229, 2.27498888969, 1.70215046406, -5.17859554291, -0.547316670418, -3.30869960785, -2.74043059349, -5.08235788345, -5.12405872345]
        cov: [[933.901184082, 83.8513259888, -24.0991344452, -75.4934005737, 47.1196212769, 101.786758423, 60.7652816772, 0.159903511405, -79.5931091309, -144.096450806, -120.65561676, -45.9221763611, -28.6301708221], [83.8513259888, 203.107543945, 58.690120697, 84.7882385254, 28.8076400757, 25.9452819824, -24.1698513031, -31.55818367, -26.9570922852, -31.2174339294, -19.9277667999, 23.2369232178, 0.535218656063], [-24.0991344452, 58.690120697, 199.19519043, 107.908355713, 12.1764688492, -2.00945520401, 13.4216871262, 21.7680187225, -13.409822464, -30.7313957214, -18.0995101929, 4.75747442245, -4.72855567932], [-75.4934005737, 84.7882385254, 107.908355713, 133.950805664, 46.0532951355, 16.3858108521, -7.23240089417, 8.51718044281, 1.12407040596, 1.46476399899, 4.0670042038, 18.6703796387, 3.92988753319], [47.1196212769, 28.8076400757, 12.1764688492, 46.0532951355, 107.347755432, 95.4727859497, 50.204460144, 30.2440490723, 5.08676052094, -15.9413022995, -20.0886821747, -2.6375207901, 4.01700544357], [101.786758423, 25.9452819824, -2.00945520401, 16.3858108521, 95.4727859497, 148.922393799, 99.4058456421, 33.2737159729, -24.9078807831, -45.2330780029, -31.0174121857, 1.37002182007, 9.20506763458], [60.7652816772, -24.1698513031, 13.4216871262, -7.23240089417, 50.204460144, 99.4058456421, 136.816757202, 76.5626220703, -21.9303379059, -65.4451599121, -40.2532501221, -13.8128471375, 3.59820866585], [0.159903511405, -31.55818367, 21.7680187225, 8.51718044281, 30.2440490723, 33.2737159729, 76.5626220703, 122.104827881, 65.3647918701, -12.6683673859, -34.1174964905, -22.7466583252, -8.78917503357], [-79.5931091309, -26.9570922852, -13.409822464, 1.12407040596, 5.08676052094, -24.9078807831, -21.9303379059, 65.3647918701, 147.351867676, 100.26676178, 16.3001537323, -13.6794109344, -18.4513702393], [-144.096450806, -31.2174339294, -30.7313957214, 1.46476399899, -15.9413022995, -45.2330780029, -65.4451599121, -12.6683673859, 100.26676178, 171.563781738, 104.314346313, 20.3222351074, -3.28123116493], [-120.65561676, -19.9277667999, -18.0995101929, 4.0670042038, -20.0886821747, -31.0174121857, -40.2532501221, -34.1174964905, 16.3001537323, 104.314346313, 127.742736816, 49.5034065247, 6.91663503647], [-45.9221763611, 23.2369232178, 4.75747442245, 18.6703796387, -2.6375207901, 1.37002182007, -13.8128471375, -22.7466583252, -13.6794109344, 20.3222351074, 49.5034065247, 68.2803344727, 24.8508243561], [-28.6301708221, 0.535218656063, -4.72855567932, 3.92988753319, 4.01700544357, 9.20506763458, 3.59820866585, -8.78917503357, -18.4513702393, -3.28123116493, 6.91663503647, 24.8508243561, 65.5757217407]]
        icov: [[0.00166902982164, -0.00117756531108, -0.00072029128205, 0.00272381771356, -0.000811290985439, -0.00107953418046, 0.00127847108524, -0.000943603634369, 0.00102023198269, 0.000105061699287, 0.00061702838866, 0.000248531956458, 0.000660800898913], [-0.00117756531108, 0.00978900585324, 0.00105675915256, -0.00811011437327, 0.00326000712812, -0.0038284950424, 0.00248254323378, 0.00302587100305, -0.00235380465165, 0.0024181031622, 0.00134757987689, -0.00277849659324, 0.000944779021665], [-0.00072029128205, 0.00105675915256, 0.0114775784314, -0.0123104797676, 0.00424409471452, 0.00193302391563, -0.00388297834434, 0.000417509407271, -0.000171425985172, 0.000804525683634, 0.000848317984492, -1.03517459138e-05, 0.000886444060598], [0.00272381771356, -0.00811011437327, -0.0123104797676, 0.0299737378955, -0.0147887989879, 0.00261060055345, 0.00690214009956, -0.00754833780229, 0.0064504807815, -0.00401571858674, 0.00045155454427, -0.00239956565201, 0.000196237495402], [-0.000811290985439, 0.00326000712812, 0.00424409471452, -0.0147887989879, 0.0345541499555, -0.0248658135533, 0.00713705550879, -0.00232768827118, -0.00414648605511, 0.00290321325883, -0.00169804273173, 0.00452241580933, -0.00107449083589], [-0.00107953418046, -0.0038284950424, 0.00193302391563, 0.00261060055345, -0.0248658135533, 0.0390295311809, -0.0272089820355, 0.0109817339107, -0.000323920248775, -0.00495863938704, 0.00491891661659, -0.00600553443655, -2.99439107039e-05], [0.00127847108524, 0.00248254323378, -0.00388297834434, 0.00690214009956, 0.00713705550879, -0.0272089820355, 0.0439441278577, -0.029088543728, 0.0148281855509, 0.0017108755419, -0.00302965706214, 0.00293876649812, 0.000380224606488], [-0.000943603634369, 0.00302587100305, 0.000417509407271, -0.00754833780229, -0.00232768827118, 0.0109817339107, -0.029088543728, 0.0424548462033, -0.0314362570643, 0.0159038417041, -0.00524361105636, 0.00192345899995, -0.00229221279733], [0.00102023198269, -0.00235380465165, -0.000171425985172, 0.0064504807815, -0.00414648605511, -0.000323920248775, 0.0148281855509, -0.0314362570643, 0.0441436842084, -0.0337706468999, 0.0196358971298, -0.00543739832938, 0.00605872226879], [0.000105061699287, 0.0024181031622, 0.000804525683634, -0.00401571858674, 0.00290321325883, -0.00495863938704, 0.0017108755419, 0.0159038417041, -0.0337706468999, 0.0447419062257, -0.0313085615635, 0.0106202354655, -0.00510510057211], [0.00061702838866, 0.00134757987689, 0.000848317984492, 0.00045155454427, -0.00169804273173, 0.00491891661659, -0.00302965706214, -0.00524361105636, 0.0196358971298, -0.0313085615635, 0.0373293459415, -0.0188698768616, 0.00634159473702], [0.000248531956458, -0.00277849659324, -1.03517459138e-05, -0.00239956565201, 0.00452241580933, -0.00600553443655, 0.00293876649812, 0.00192345899995, -0.00543739832938, 0.0106202354655, -0.0188698768616, 0.0309417545795, -0.00979725830257], [0.000660800898913, 0.000944779021665, 0.000886444060598, 0.000196237495402, -0.00107449083589, -2.99439107039e-05, 0.000380224606488, -0.00229221279733, 0.00605872226879, -0.00510510057211, 0.00634159473702, -0.00979725830257, 0.0198176819831]]
    spectral_contrast:
        mean: [3.15057491207e-07, 2.3300948726e-07, -1.09228651013e-07, 5.4314210729e-07, 4.39008438491e-08, 1.56252809802e-07, 1.58098873726e-06, -2.79737008668e-07, 1.70996929683e-06, 9.71332383415e-07, -1.36500921144e-06, -9.27989901811e-07]
        var: [0.00016619246162, 0.00031760634738, 0.00131214596331, 0.00215478660539, 0.00286214379594, 0.00473649380729, 0.0243070051074, 0.0754291936755, 0.0928672403097, 0.224639803171, 0.43188020587, 0.807237923145]

rhythm:
    beats_loudness:
        dmean: 0.00388270849362
        dmean2: 0.0076264902018
        dvar: 4.23688015871e-06
        dvar2: 1.15772736535e-05
        max: 0.010705162771
        mean: 0.00605767546222
        min: 0.00209158705547
        var: 5.96836343902e-06
    beats_loudness_bass:
        dmean: 0.166435137391
        dmean2: 0.285178899765
        dvar: 0.0104566765949
        dvar2: 0.0282707270235
        max: 0.450596272945
        mean: 0.227509453893
        min: 0.0208175797015
        var: 0.015582120046
    bpm: 132.278869629
    bpm_confidence: 0
    first_peak_bpm: 132
    first_peak_spread: 0
    first_peak_weight: 0.949999988079
    onset_rate: 5.12426185608
    second_peak_bpm: 122
    second_peak_spread: 0
    second_peak_weight: 0.0500000007451
    beats_position: [0.310659378767, 0.76440757513, 1.2181558609, 1.67190396786, 2.12565231323, 2.5794005394, 3.03314876556, 3.48689699173, 3.9406452179, 4.39439344406, 4.84814167023, 5.30188989639, 5.75563812256, 6.24743556976, 6.7008395195, 7.15424394608, 7.60764789581, 8.06105232239, 8.51445674896, 8.96786022186, 9.42126464844]
    bpm_estimates: [132.234985352, 132.294830322, 132.183029175, 132.242889404, 132.264022827, 132.269439697, 132.147567749, 132.218933105, 132.171829224, 132.310714722, 132.509399414, 132.33946228, 132.454879761, 132.556381226, 131.984802246]
    bpm_intervals: [0.453748196363, 0.45374828577, 0.453748106956, 0.453748345375, 0.453748226166, 0.453748226166, 0.453748226166, 0.453748226166, 0.453748226166, 0.453748226166, 0.453748226166, 0.453748226166, 0.491797447205, 0.453403949738, 0.453404426575, 0.453403949738, 0.453404426575, 0.453404426575, 0.4534034729, 0.453404426575]
    onset_times: [0.0580498874187, 0.301859408617, 0.53405892849, 0.661768734455, 0.893968224525, 0.986848056316, 1.20743763447, 1.47446715832, 1.68344676495, 1.90403628349, 2.12462592125, 2.36843538284, 2.48453521729, 2.5890250206, 2.71673464775, 2.80961441994, 2.96054410934, 3.05342411995, 3.27401351929, 3.5178232193, 3.94739222527, 4.19120168686, 4.31891155243, 4.55111122131, 4.6439909935, 4.86458063126, 5.10838985443, 5.32897949219, 5.56117916107, 5.78176879883, 6.14167785645, 6.25777769089, 6.46675729752, 6.60607719421, 6.6989569664, 6.8382768631, 6.93115663528, 7.27945566177, 7.39555549622, 7.60453510284, 7.75546503067, 7.83673477173, 7.97605419159, 8.19664382935, 8.3011341095, 8.52172374725, 8.76553249359, 9.02095222473, 9.42730140686, 9.65950107574, 9.77560043335]
    rubato_start: []
    rubato_stop: []
    perceptual_tempo: "unknown"

sfx:
    inharmonicity:
        dmean: 0.0483931675553
        dmean2: 0.085680551827
        dvar: 0.00281171500683
        dvar2: 0.00790461245924
        max: 0.419296234846
        mean: 0.0485070161521
        min: 0.00020148139447
        var: 0.00283541693352
    oddtoevenharmonicenergyratio:
        dmean: 5.95677232742
        dmean2: 11.2388553619
        dvar: 238.781829834
        dvar2: 666.739807129
        max: 184.099411011
        mean: 3.69395947456
        min: 0.000131835520733
        var: 154.292114258
    pitch_after_max_to_before_max_energy_ratio: 3.69699072838
    pitch_centroid: 217.62109375
    pitch_max_to_total: 0.161592498422
    pitch_min_to_total: 0.0468384064734
    tristimulus:
        dmean: [0.22645021975, 0.26658013463, 0.136174649]
        dmean2: [0.394020020962, 0.45830488205, 0.238866001368]
        dvar: [0.0342626348138, 0.0468744933605, 0.0142596140504]
        dvar2: [0.0913519263268, 0.133446410298, 0.0357761532068]
        max: [0.89052426815, 0.965629041195, 0.630310356617]
        mean: [0.364763706923, 0.432263940573, 0.157033130527]
        min: [0.0184983145446, 0, 0]
        var: [0.0497131086886, 0.0636389181018, 0.0199532546103]

tonal:
    chords_changes_rate: 0.0604651160538
    chords_number_rate: 0.0232558138669
    chords_strength:
        dmean: 0.015262817964
        dmean2: 0.0191337130964
        dvar: 0.000152978333062
        dvar2: 0.000210458078072
        max: 0.588697731495
        mean: 0.442532002926
        min: 0.29968303442
        var: 0.00502690346912
    key_strength: 0.549634695053
    tuning_diatonic_strength: 0.444978296757
    tuning_equal_tempered_deviation: 0.270295709372
    tuning_frequency: 445.627075195
    tuning_nontempered_energy_ratio: 0.94531172514
    hpcp:
        dmean: [0.218278169632, 0.173579156399, 0.193328425288, 0.208852946758, 0.204804986715, 0.192460045218, 0.172069475055, 0.161473199725, 0.148329705, 0.14568477869, 0.202173113823, 0.221344441175, 0.183043971658, 0.168066129088, 0.175391972065, 0.179061338305, 0.202480196953, 0.193559572101, 0.184616670012, 0.206741705537, 0.260346025229, 0.203365683556, 0.128936052322, 0.113773904741, 0.137000352144, 0.143060579896, 0.137451842427, 0.188941076398, 0.275017857552, 0.216041773558, 0.153873518109, 0.176258787513, 0.190232515335, 0.183140277863, 0.221081867814, 0.247428253293]
        dmean2: [0.369915634394, 0.312210261822, 0.343477338552, 0.38088542223, 0.378978610039, 0.349102467299, 0.303443908691, 0.288398593664, 0.262102663517, 0.254274338484, 0.3340267241, 0.374310821295, 0.326149195433, 0.295063436031, 0.295274794102, 0.297943502665, 0.334061384201, 0.324243783951, 0.316662073135, 0.349258303642, 0.45120254159, 0.351303309202, 0.230133920908, 0.198951199651, 0.240065902472, 0.242710903287, 0.240259096026, 0.326801627874, 0.478749662638, 0.377263426781, 0.274584442377, 0.312451273203, 0.328901439905, 0.318857610226, 0.386757820845, 0.422619968653]
        dvar: [0.0375680103898, 0.0288516953588, 0.0321500562131, 0.0365268923342, 0.0418291985989, 0.0480425469577, 0.0305294301361, 0.0269913710654, 0.0218101534992, 0.0165251120925, 0.0356228165329, 0.0464071072638, 0.0335607603192, 0.0391627401114, 0.0326982736588, 0.0329257957637, 0.0361555889249, 0.0398049652576, 0.0441378466785, 0.0442689955235, 0.0658768117428, 0.0371930971742, 0.0245272554457, 0.0186805278063, 0.0229299664497, 0.0194058120251, 0.0213263649493, 0.0327476933599, 0.0733040720224, 0.0376928858459, 0.0344453901052, 0.0349224954844, 0.0465408191085, 0.0369480028749, 0.0393184013665, 0.0509970672429]
        dvar2: [0.105583250523, 0.0793400108814, 0.0872896239161, 0.104577578604, 0.130583420396, 0.135055989027, 0.0837254375219, 0.0760991573334, 0.0588084794581, 0.0454290956259, 0.0851766467094, 0.0998819544911, 0.100475899875, 0.111565515399, 0.0875733718276, 0.0878133550286, 0.095390804112, 0.0987149178982, 0.107390239835, 0.128298252821, 0.161532759666, 0.0947118848562, 0.0658376514912, 0.0504231713712, 0.0611002221704, 0.0509009249508, 0.0533862523735, 0.0840941891074, 0.187964051962, 0.105573154986, 0.103733643889, 0.0899529010057, 0.116504251957, 0.09469268471, 0.104988582432, 0.116707362235]
        max: [1, 1, 1, 1, 1, 1, 1, 1, 1, 0.994019031525, 1, 1, 1, 1, 1, 1, 1, 1, 1, 1, 1, 1, 0.867111086845, 1, 1, 1, 1, 1, 1, 1, 1, 1, 1, 1, 1, 1]
        mean: [0.321302831173, 0.230841875076, 0.2563585639, 0.260500699282, 0.251478105783, 0.265874117613, 0.253116697073, 0.233583465219, 0.230765491724, 0.233524635434, 0.353101611137, 0.389865994453, 0.264878630638, 0.237048849463, 0.260606199503, 0.266678273678, 0.282018840313, 0.27977836132, 0.241598069668, 0.28519937396, 0.366073846817, 0.281873494387, 0.159052282572, 0.138321354985, 0.168743565679, 0.200302153826, 0.208789139986, 0.268369108438, 0.359354197979, 0.301637262106, 0.198023438454, 0.21771299839, 0.252566605806, 0.264009475708, 0.350807309151, 0.423513680696]
        min: [0.0393498577178, 0.0229308120906, 0.0189634915441, 0.0141877559945, 0.0241068694741, 0.0234117768705, 0.0254631992429, 0.0159940384328, 0.0234196577221, 0.0261192973703, 0.046784568578, 0.0364515930414, 0.0402569659054, 0.0268333535641, 0.0258903242648, 0.0286657139659, 0.0272081717849, 0.0116453832015, 0.00660745287314, 0.0131935700774, 0.0184433683753, 0.0172808133066, 0.00980218686163, 0.00448590656742, 0.00546240294352, 0.00923229753971, 0.0120195606723, 0.0211722031236, 0.0281702373177, 0.0261164102703, 0.0182677917182, 0.012380445376, 0.0138852884993, 0.0240126177669, 0.0414593778551, 0.0349608808756]
        var: [0.0522997528315, 0.0307856146246, 0.042455881834, 0.0498520769179, 0.0441364869475, 0.0511569976807, 0.0411537624896, 0.0340874306858, 0.0381221845746, 0.0304463766515, 0.0639976263046, 0.0820184871554, 0.0366911552846, 0.0438157320023, 0.0491707548499, 0.0519034378231, 0.0584112666547, 0.0754467621446, 0.0767885148525, 0.0579576678574, 0.0978252291679, 0.0541208572686, 0.026643699035, 0.0198248960078, 0.025058304891, 0.0331593491137, 0.0452932007611, 0.0451092198491, 0.0957766100764, 0.0526359751821, 0.033462934196, 0.0409442558885, 0.0539110526443, 0.0456367954612, 0.0511510670185, 0.0929586365819]
    chords_histogram: [0.930232584476, 10.2325582504, 57.2093009949, 0, 0, 0, 0, 0, 0, 0, 0, 0, 0, 0, 13.9534883499, 0, 0, 1.39534878731, 0, 0, 0, 16.2790699005, 0, 0]
    thpcp: [1, 0.75865983963, 0.545063555241, 0.605313539505, 0.615093946457, 0.593789815903, 0.627781629562, 0.597658872604, 0.551536977291, 0.544883191586, 0.551398098469, 0.833743095398, 0.920551121235, 0.625431120396, 0.559719443321, 0.615343034267, 0.629680395126, 0.665902554989, 0.660612344742, 0.570461094379, 0.673412442207, 0.864373147488, 0.665559351444, 0.375554054976, 0.326604217291, 0.39843711257, 0.47295320034, 0.492992669344, 0.633672833443, 0.848506689072, 0.712225556374, 0.467572718859, 0.51406365633, 0.596359968185, 0.623378872871, 0.828325808048]
    chords_key: "G#"
    chords_scale: "major"
    key_key: "C#"
    key_scale: "major"
    chords_progression: ["G#", "G#", "G#", "G#", "G#", "G#", "G#", "G#", "G#", "G#", "G#", "G#", "G#", "G#", "G#", "G#", "G#", "G#", "G#", "G#", "G#", "G#", "G#", "G#", "G#", "G#", "G#", "G#", "G#", "G#", "G#", "G#", "G#", "G#", "G#", "G#", "G#", "G#", "G#", "G#", "G#", "G#", "D", "G#", "D", "D", "D", "D", "D", "D", "D", "D", "D", "D", "D", "D", "D", "D", "D", "D", "D", "D", "D", "D", "D", "D", "D", "D", "D", "D", "D", "D", "D", "D#m", "D#m", "D#m", "D#m", "D#m", "D#m", "D#m", "D#m", "D#m", "D#m", "D#m", "D#m", "D#m", "D#m", "D#m", "D#m", "D#m", "D#m", "G#", "G#", "G#", "G#", "Fm", "Fm", "Fm", "Fm", "Fm", "Fm", "Fm", "Fm", "Fm", "Fm", "Fm", "Fm", "Fm", "Fm", "G#", "G#", "G#", "G#", "G#", "G#", "G#", "G#", "G#", "G#", "G#", "G#", "G#", "G#", "G#", "G#", "G#", "G#", "G#", "G#", "G#", "G#", "G#", "C#", "C#", "C#m", "C#m", "C#m", "G#", "G#", "G#", "G#", "G#", "G#", "G#", "G#", "G#", "G#", "G#", "G#", "G#", "G#", "G#", "G#", "G#", "G#", "G#", "G#", "G#", "G#", "G#", "G#", "G#", "G#", "G#", "G#", "G#", "G#", "G#", "G#", "G#", "G#", "G#", "G#", "G#", "G#", "G#", "G#", "Fm", "Fm", "Fm", "Fm", "Fm", "Fm", "Fm", "Fm", "G#", "G#", "G#", "G#", "G#", "G#", "G#", "G#", "G#", "G#", "G#", "G#", "G#", "D#m", "D#m", "D#m", "D#m", "D#m", "D#m", "D#m", "D#m", "D#m", "D#m", "D#m", "D#m", "D#m", "D#m", "D#m", "D#m", "D#m"]
