
metadata:
    version:
        essentia: "1.2.2"
    audio_properties:
        analysis_sample_rate: 44100
        bitrate: 128
        channels: 2
        equal_loudness: 1
        length: 10.0310201645
        replay_gain: -4.10158157349
        downmix: "mix"
    tags:
        track: 40
        year: 0
        album: "Splitted by Mp3Splt v. 2.1"
        artist: "From 006.30 To 006.40"
        comment: "http://mp3splt.sf.net"
        genre: ""
        title: "06 Piobmx 19.mp3"

highlevel:
    ballroom:
        all:
            ChaChaCha: 6.21754516033e-05
            Jive: 5.05355201312e-05
            Quickstep: 0.00167680939194
            Rumba-American: 0.000633241201285
            Rumba-International: 0.00986411329359
            Rumba-Misc: 0.0290042720735
            Samba: 0.000172498534084
            Tango: 0.00306668621488
            VienneseWaltz: 0.236337885261
            Waltz: 0.71913176775
        probability: 0.71913176775
        value: "Waltz"
    culture:
        all:
            non_western: 0.962857186794
            western: 0.0371427945793
        probability: 0.962857186794
        value: "non_western"
    gender:
        all:
            female: 0.796764433384
            male: 0.203235596418
        probability: 0.796764433384
        value: "female"
    genre_dortmund:
        all:
            alternative: 0.0304128453135
            blues: 0.000457996327896
            electronic: 0.918874561787
            folkcountry: 0.0123054161668
            funksoulrnb: 0.00125253188889
            jazz: 0.0117795551196
            pop: 0.0176296904683
            raphiphop: 0.00067794683855
            rock: 0.00660945149139
        probability: 0.918874561787
        value: "electronic"
    genre_electronica:
        all:
            ambient: 0.991340100765
            dnb: 0.00281651574187
            house: 0.0026384438388
            techno: 0.000911848444957
            trance: 0.00229310640134
        probability: 0.991340100765
        value: "ambient"
    genre_rosamerica:
        all:
            cla: 0.772264838219
            dan: 0.00818625092506
            hip: 0.00845113955438
            jaz: 0.0297705195844
            pop: 0.0427691303194
            rhy: 0.0510830655694
            roc: 0.0806620568037
            spe: 0.00681299343705
        probability: 0.772264838219
        value: "cla"
    genre_tzanetakis:
        all:
            blu: 0.0718502104282
            cla: 0.381759941578
            cou: 0.20331338048
            dis: 0.0399547442794
            hip: 0.0150805320591
            jaz: 0.0860291793942
            met: 0.0188984256238
            pop: 0.0334377400577
            reg: 0.0326194316149
            roc: 0.117056429386
        probability: 0.381759941578
        value: "cla"
    live_studio:
        all:
            live: 0.103037267923
            studio: 0.896962761879
        probability: 0.896962761879
        value: "studio"
    mood:
        all:
            Cluster1: 0.0201150160283
            Cluster2: 0.27386456728
            Cluster3: 0.603292524815
            Cluster4: 0.0517971031368
            Cluster5: 0.050930775702
        probability: 0.603292524815
        value: "Cluster3"
    mood_acoustic:
        all:
            acoustic: 0.322910666466
            not_acoustic: 0.677089333534
        probability: 0.677089333534
        value: "not_acoustic"
    mood_aggressive:
        all:
            aggressive: 0.0132675878704
            not_aggressive: 0.986732423306
        probability: 0.986732423306
        value: "not_aggressive"
    mood_electronic:
        all:
            electronic: 0.71375888586
            not_electronic: 0.286241084337
        probability: 0.71375888586
        value: "electronic"
    mood_happy:
        all:
            happy: 0.104972422123
            not_happy: 0.895027577877
        probability: 0.895027577877
        value: "not_happy"
    mood_party:
        all:
            not_party: 0.992630064487
            party: 0.00736994063482
        probability: 0.992630064487
        value: "not_party"
    mood_relaxed:
        all:
            not_relaxed: 0.016758909449
            relaxed: 0.983241081238
        probability: 0.983241081238
        value: "relaxed"
    mood_sad:
        all:
            not_sad: 0.0909805968404
            sad: 0.90901941061
        probability: 0.90901941061
        value: "sad"
    rhythm:
        all:
            fast: 0.0800434276462
            medium: 0.699502229691
            slow: 0.22045430541
        probability: 0.699502229691
        value: "medium"
    speech_music:
        all:
            music: 0.0196648277342
            speech: 0.980335175991
        probability: 0.980335175991
        value: "speech"
    timbre:
        all:
            bright: 0.352816581726
            dark: 0.647183418274
        probability: 0.647183418274
        value: "dark"
    voice_instrumental:
        all:
            instrumental: 0.979489922523
            voice: 0.0205100625753
        probability: 0.979489922523
        value: "instrumental"

lowlevel:
    average_loudness: 0.975922226906
    barkbands_kurtosis:
        dmean: 4.63499975204
        dmean2: 7.62419700623
        dvar: 20.5466804504
        dvar2: 48.829624176
        max: 48.0315742493
        mean: 8.19336414337
        min: -1.68626570702
        var: 52.1954116821
    barkbands_skewness:
        dmean: 0.754105627537
        dmean2: 1.2633972168
        dvar: 0.333610862494
        dvar2: 0.874585688114
        max: 5.22715902328
        mean: 1.98660719395
        min: -0.718605339527
        var: 1.03976154327
    barkbands_spread:
        dmean: 1.59084868431
        dmean2: 2.68166589737
        dvar: 5.33600282669
        dvar2: 11.6100578308
        max: 34.0808944702
        mean: 4.6275396347
        min: 0.889577507973
        var: 9.07329750061
    dissonance:
        dmean: 0.0502497814596
        dmean2: 0.0831777006388
        dvar: 0.00160095258616
        dvar2: 0.00416781334206
        max: 0.488161474466
        mean: 0.364625781775
        min: 0.129921793938
        var: 0.0029000705108
    hfc:
        dmean: 0.967041015625
        dmean2: 1.62496113777
        dvar: 1.34803438187
        dvar2: 2.81216359138
        max: 14.2637348175
        mean: 2.97450208664
        min: 0.0609807856381
        var: 3.15071845055
    pitch:
        dmean: 106.932907104
        dmean2: 205.908065796
        dvar: 75756.859375
        dvar2: 156856.234375
        max: 4009.09082031
        mean: 278.859558105
        min: 87.8486022949
        var: 79754.6796875
    pitch_instantaneous_confidence:
        dmean: 0.0897183939815
        dmean2: 0.152923986316
        dvar: 0.0054504275322
        dvar2: 0.015142256394
        max: 0.877785503864
        mean: 0.600123167038
        min: 0.320030987263
        var: 0.0142750553787
    pitch_salience:
        dmean: 0.0753604322672
        dmean2: 0.129944890738
        dvar: 0.00363245746121
        dvar2: 0.0104264458641
        max: 0.832858204842
        mean: 0.519618093967
        min: 0.232112661004
        var: 0.00947292987257
    silence_rate_20dB:
        dmean: 0
        dmean2: 0
        dvar: 0
        dvar2: 0
        max: 1
        mean: 1
        min: 1
        var: 0
    silence_rate_30dB:
        dmean: 0
        dmean2: 0
        dvar: 0
        dvar2: 0
        max: 1
        mean: 1
        min: 1
        var: 0
    silence_rate_60dB:
        dmean: 0.0925925895572
        dmean2: 0.183294668794
        dvar: 0.0840192362666
        dvar2: 0.172899678349
        max: 1
        mean: 0.200923785567
        min: 0
        var: 0.16055367887
    spectral_centroid:
        dmean: 80.6318054199
        dmean2: 144.907272339
        dvar: 9388.22949219
        dvar2: 21308.9121094
        max: 1935.57116699
        mean: 550.256713867
        min: 383.723602295
        var: 17494.5859375
    spectral_complexity:
        dmean: 1.22737824917
        dmean2: 1.82790696621
        dvar: 1.67451882362
        dvar2: 3.37968087196
        max: 17
        mean: 6.44212961197
        min: 0
        var: 4.09386968613
    spectral_crest:
        dmean: 3.56318449974
        dmean2: 6.37798976898
        dvar: 7.32788801193
        dvar2: 23.2215137482
        max: 23.8517684937
        mean: 13.4811964035
        min: 4.81530809402
        var: 16.105222702
    spectral_decrease:
        dmean: 5.17130338551e-10
        dmean2: 9.2129903706e-10
        dvar: 1.92874892501e-19
        dvar2: 6.02835013262e-19
        max: -2.6885538934e-11
        mean: -1.36389433081e-09
        min: -3.6884346688e-09
        var: 4.45795084161e-19
    spectral_energy:
        dmean: 0.00203423411585
        dmean2: 0.00361069221981
        dvar: 2.98788881992e-06
        dvar2: 9.24877258512e-06
        max: 0.0151664819568
        mean: 0.00541744520888
        min: 0.000107002801087
        var: 7.04319791112e-06
    spectral_energyband_high:
        dmean: 1.54393765115e-05
        dmean2: 2.60622855421e-05
        dvar: 5.91241544612e-09
        dvar2: 1.12867963864e-08
        max: 0.0012308153091
        mean: 1.87097812159e-05
        min: 1.69330167665e-08
        var: 7.07430602986e-09
    spectral_energyband_low:
        dmean: 1.79599064722e-05
        dmean2: 3.03797532979e-05
        dvar: 1.75288061843e-09
        dvar2: 4.67070382371e-09
        max: 0.000464453944005
        mean: 2.10941307159e-05
        min: 2.16380342977e-07
        var: 1.41660927433e-09
    spectral_energyband_middle_high:
        dmean: 0.000365776853869
        dmean2: 0.000527321884874
        dvar: 5.94302832724e-07
        dvar2: 1.20901927403e-06
        max: 0.0112891336903
        mean: 0.000902441097423
        min: 5.24823872183e-06
        var: 1.10693611077e-06
    spectral_energyband_middle_low:
        dmean: 0.00188628188334
        dmean2: 0.00344443670474
        dvar: 2.74310241366e-06
        dvar2: 9.12243012863e-06
        max: 0.0122575666755
        mean: 0.00447520520538
        min: 0.000101521669421
        var: 5.47747549717e-06
    spectral_flatness_db:
        dmean: 0.0343658961356
        dmean2: 0.0579291768372
        dvar: 0.000782979768701
        dvar2: 0.00203468417749
        max: 0.465144664049
        mean: 0.328182011843
        min: 0.198617383838
        var: 0.00220912136137
    spectral_flux:
        dmean: 0.00867382902652
        dmean2: 0.0129503691569
        dvar: 5.98708902544e-05
        dvar2: 0.000123524048831
        max: 0.0888041108847
        mean: 0.0325322039425
        min: 0.00992523040622
        var: 0.000178883507033
    spectral_kurtosis:
        dmean: 18.0560932159
        dmean2: 29.320728302
        dvar: 369.269836426
        dvar2: 852.83416748
        max: 156.550247192
        mean: 32.1011047363
        min: -1.09125554562
        var: 710.905029297
    spectral_rms:
        dmean: 0.000432198954513
        dmean2: 0.000767337449361
        dvar: 1.14115373151e-07
        dvar2: 3.48099547409e-07
        max: 0.00384663068689
        mean: 0.00222874735482
        min: 0.000323099025991
        var: 3.17995386467e-07
    spectral_rolloff:
        dmean: 125.3021698
        dmean2: 228.802627563
        dvar: 66083.140625
        dvar2: 136975.734375
        max: 4328.17382812
        mean: 767.619445801
        min: 366.064453125
        var: 88483.9453125
    spectral_skewness:
        dmean: 1.19667696953
        dmean2: 1.9219738245
        dvar: 1.22834217548
        dvar2: 2.89124417305
        max: 9.1066160202
        mean: 3.82365441322
        min: 0.0899480581284
        var: 2.8654665947
    spectral_spread:
        dmean: 436898.03125
        dmean2: 709210.6875
        dvar: 144137961472
        dvar2: 345988333568
        max: 4517458.5
        mean: 1819211.5
        min: 564947.75
        var: 374614327296
    spectral_strongpeak:
        dmean: 0.248091354966
        dmean2: 0.414062708616
        dvar: 0.0757974684238
        dvar2: 0.197215363383
        max: 3.81339621544
        mean: 0.715368807316
        min: 0.0382577441633
        var: 0.143100291491
    zerocrossingrate:
        dmean: 0.00325483060442
        dmean2: 0.0040697674267
        dvar: 1.22715928228e-05
        dvar2: 1.70894800249e-05
        max: 0.0830078125
        mean: 0.0287181716412
        min: 0.0146484375
        var: 5.71714735997e-05
    barkbands:
        dmean: [3.22153113075e-08, 3.02818193632e-06, 1.66470163094e-05, 4.92564759043e-05, 0.000109195905679, 0.00170043087564, 0.000433274224633, 4.27209779446e-05, 0.000271475029876, 0.00020582981233, 0.000124681988382, 8.7683518359e-05, 6.84849101162e-06, 4.4051603254e-06, 5.89721730648e-06, 3.99686268793e-06, 8.82162021298e-06, 6.78114338371e-06, 2.06099739444e-05, 1.21421398944e-05, 8.75790556165e-06, 9.67411779129e-07, 4.99537513576e-08, 5.37611821727e-09, 1.59681434742e-09, 2.60050009304e-10, 2.75695244412e-10]
        dmean2: [4.80345185849e-08, 5.06800370204e-06, 2.85680162051e-05, 8.16097235656e-05, 0.000173959269887, 0.00324413296767, 0.000574716832489, 7.15941787348e-05, 0.000405989645515, 0.00030831163167, 0.000187014826224, 0.000127145001898, 9.50878074946e-06, 7.76120214141e-06, 9.70483597484e-06, 6.59059469399e-06, 1.31042634166e-05, 1.0120819752e-05, 3.50242662535e-05, 1.98974867089e-05, 1.36645467137e-05, 1.55235591137e-06, 8.36193834175e-08, 8.92112250739e-09, 2.11719375365e-09, 4.59521337648e-10, 4.89156992689e-10]
        dvar: [2.2365357789e-14, 1.59270062416e-11, 1.72966552192e-09, 7.42228456474e-09, 4.61021691933e-08, 2.07380799111e-06, 3.39600148891e-07, 1.48377781173e-08, 1.42030998518e-07, 1.74647780682e-07, 7.52364925916e-08, 1.03877063395e-07, 1.52383022867e-10, 3.13547993125e-10, 3.5597341741e-10, 3.68670996509e-11, 8.33669189237e-10, 8.66249086351e-11, 8.57293791512e-09, 2.40494313353e-09, 2.47529419184e-09, 5.31942068518e-12, 1.95037789494e-14, 4.56927052957e-16, 4.93743048842e-17, 2.96962363551e-19, 3.32987888685e-19]
        dvar2: [2.39818541002e-14, 3.51709980584e-11, 4.66700855739e-09, 2.08121768708e-08, 1.06407952671e-07, 7.1830181696e-06, 7.00014822996e-07, 3.99293540454e-08, 3.26617453084e-07, 4.45449387598e-07, 1.60019510531e-07, 2.63763183739e-07, 2.0471666029e-10, 9.40670652483e-10, 9.66743241015e-10, 8.39489727733e-11, 2.04664418746e-09, 1.94762539429e-10, 1.74415486498e-08, 5.55911539024e-09, 5.44315836848e-09, 1.21437920483e-11, 4.65156410026e-14, 1.04882054749e-15, 8.97241883994e-17, 4.62564775214e-19, 5.23359086417e-19]
        max: [3.04352897729e-06, 4.43388526037e-05, 0.000434324087109, 0.000750958512072, 0.00231749936938, 0.0106770601124, 0.00776980398223, 0.00132334628142, 0.0059813815169, 0.00487966975197, 0.00460061524063, 0.00512702576816, 0.000290682044579, 0.000266580085736, 0.000276437029243, 6.42419036012e-05, 0.000507370510604, 9.9985198176e-05, 0.00149126816541, 0.000865481444634, 0.000875162309967, 3.10831601382e-05, 1.60607703492e-06, 4.17819705945e-07, 1.54505954697e-07, 1.02040171868e-08, 1.07824398299e-08]
        mean: [3.40652448472e-08, 3.62943887922e-06, 1.7436208509e-05, 4.87549550598e-05, 0.000135970083647, 0.00221858732402, 0.00123906112276, 4.40865223936e-05, 0.000779122870881, 0.000417562318034, 0.000321038067341, 9.12410760066e-05, 1.61992084031e-05, 4.70511713502e-06, 6.82203744873e-06, 4.89084686706e-06, 9.81295943348e-06, 1.01813484434e-05, 2.30620153161e-05, 1.43485585795e-05, 9.51326182985e-06, 1.32937952912e-06, 5.24669445667e-08, 7.15828862852e-09, 2.83112022714e-09, 2.45981346403e-10, 2.37825537042e-10]
        min: [1.10123125896e-10, 3.18073603012e-08, 1.84549747928e-07, 4.62654668354e-07, 2.05931519304e-06, 3.08250891976e-05, 2.44844977715e-06, 9.55661107582e-07, 3.42994571838e-05, 1.66214204e-06, 2.67420409727e-06, 4.73965201309e-07, 2.07571435595e-08, 8.11592855143e-08, 8.96360141667e-09, 3.18170094715e-08, 3.00508595785e-08, 7.74813742055e-08, 9.3210076102e-08, 1.76205361413e-08, 2.8308113631e-09, 1.02019115378e-09, 1.89107271509e-10, 1.38030434305e-10, 1.27053548238e-10, 4.4026926202e-12, 3.9446041919e-12]
        var: [2.25734890307e-14, 2.47019644323e-11, 1.25289989494e-09, 6.16926953967e-09, 5.94715459101e-08, 3.28945952788e-06, 1.49935021909e-06, 1.12905400584e-08, 8.60580200879e-07, 3.93696439005e-07, 1.19247914654e-07, 9.49642497972e-08, 7.61968765861e-10, 2.03391289921e-10, 2.92666751944e-10, 5.4667090299e-11, 8.84407436175e-10, 1.78595832567e-10, 9.15483333586e-09, 2.54811705069e-09, 2.50751996944e-09, 8.01516839011e-12, 2.28627795813e-14, 7.74461176037e-16, 9.88058705191e-17, 2.99467454186e-19, 3.32159234657e-19]
    mfcc:
        mean: [-850.489440918, 231.271286011, -59.0971031189, 42.5629234314, -71.7177734375, -34.1005249023, -6.47339963913, -12.7373151779, -8.72824764252, -20.8234786987, -14.973649025, -9.57201004028, 0.192392066121]
        cov: [[2266.02514648, -888.301086426, -293.759429932, 222.057189941, -99.0187911987, 318.816101074, -87.5197525024, 98.9691543579, 153.099349976, -59.0486793518, 8.00557422638, -56.8253669739, -48.2397575378], [-888.301086426, 833.842651367, -11.6492872238, -220.335128784, 276.012481689, -127.451454163, 39.6154174805, -11.7113418579, -99.7031784058, 36.4458885193, -35.2554588318, 21.847864151, 6.16719675064], [-293.759429932, -11.6492872238, 253.181518555, -40.5062713623, -73.9370117188, -32.7588348389, 6.05393457413, 3.22424411774, -27.052482605, 23.4632167816, 19.0058517456, 4.63044500351, 18.1104011536], [222.057189941, -220.335128784, -40.5062713623, 249.357803345, -127.38104248, -19.2513332367, 23.2555541992, -20.1219215393, 69.5068435669, 22.9492149353, 27.9178237915, -18.2994098663, -24.2387714386], [-99.0187911987, 276.012481689, -73.9370117188, -127.38104248, 327.086303711, -19.5885848999, -19.9579029083, 53.6556892395, -54.708656311, 29.2017669678, -37.6259002686, -24.0286598206, -12.3585624695], [318.816101074, -127.451454163, -32.7588348389, -19.2513332367, -19.5885848999, 160.700317383, -14.431930542, 16.1917743683, 5.65626573563, -67.6848373413, -19.8133831024, 2.02281165123, 14.4248552322], [-87.5197525024, 39.6154174805, 6.05393457413, 23.2555541992, -19.9579029083, -14.431930542, 98.3290786743, 5.21062421799, 18.2275791168, 4.93229436874, -9.3206243515, 0.133647993207, -2.3803665638], [98.9691543579, -11.7113418579, 3.22424411774, -20.1219215393, 53.6556892395, 16.1917743683, 5.21062421799, 69.2546157837, 14.1285619736, 23.5014343262, -7.11189746857, -27.327457428, -16.4600162506], [153.099349976, -99.7031784058, -27.052482605, 69.5068435669, -54.708656311, 5.65626573563, 18.2275791168, 14.1285619736, 92.2510757446, 16.4220581055, 9.87833499908, -7.49092340469, -27.1275901794], [-59.0486793518, 36.4458885193, 23.4632167816, 22.9492149353, 29.2017669678, -67.6848373413, 4.93229436874, 23.5014343262, 16.4220581055, 87.2078323364, 27.8075351715, -13.9696836472, -21.97590065], [8.00557422638, -35.2554588318, 19.0058517456, 27.9178237915, -37.6259002686, -19.8133831024, -9.3206243515, -7.11189746857, 9.87833499908, 27.8075351715, 61.9803733826, 26.5462970734, 3.64088726044], [-56.8253669739, 21.847864151, 4.63044500351, -18.2994098663, -24.0286598206, 2.02281165123, 0.133647993207, -27.327457428, -7.49092340469, -13.9696836472, 26.5462970734, 64.1195373535, 35.8314437866], [-48.2397575378, 6.16719675064, 18.1104011536, -24.2387714386, -12.3585624695, 14.4248552322, -2.3803665638, -16.4600162506, -27.1275901794, -21.97590065, 3.64088726044, 35.8314437866, 52.2517318726]]
        icov: [[0.00149429799058, 0.0013492066646, 0.0014891413739, -0.000136131682666, -0.000284859532258, -0.001921269577, 0.00051305280067, -0.00102060590871, -0.000178167043487, -0.000884359353222, -0.000180203365744, -0.000163296979736, 0.000466017372673], [0.0013492066646, 0.00402381084859, 0.00154103315435, 0.00169659487437, -0.00194274855312, -0.000109088890895, -0.00135386432521, 0.000992594170384, 0.000802071241196, -0.00143454305362, 0.000636486511212, -0.00150229106657, 0.00164412963204], [0.0014891413739, 0.00154103315435, 0.00748133566231, 0.00209259823896, 0.00262020830996, -0.000803185161203, -7.72310231696e-05, -0.00264338823035, 0.00214152573608, -0.00322128157131, -0.00105476228055, 0.00170107278973, -0.0017601326108], [-0.000136131682666, 0.00169659487437, 0.00209259823896, 0.0089871129021, 0.00138579774648, 0.00153179827612, -0.00249408744276, 0.00451605115086, -0.00289131235331, -0.00206355727278, -0.00311298319139, 0.00551140960306, -0.00159983395133], [-0.000284859532258, -0.00194274855312, 0.00262020830996, 0.00138579774648, 0.00802340917289, 0.000289900606731, 0.00180096761324, -0.00552629167214, 0.00370529713109, -0.00318473181687, 0.00322065665387, -0.000750289182179, 0.000734200351872], [-0.001921269577, -0.000109088890895, -0.000803185161203, 0.00153179827612, 0.000289900606731, 0.0156691279262, 0.000100323435618, -0.00497430097312, -0.00106328469701, 0.0119081307203, -0.000878840801306, 0.000513512815814, -0.00242608040571], [0.00051305280067, -0.00135386432521, -7.72310231696e-05, -0.00249408744276, 0.00180096761324, 0.000100323435618, 0.0132229570299, -0.00441879639402, -0.00213328120299, -0.000135720081744, 0.00465859705582, -0.00309397862293, -0.000255621154793], [-0.00102060590871, 0.000992594170384, -0.00264338823035, 0.00451605115086, -0.00552629167214, -0.00497430097312, -0.00441879639402, 0.031177001074, -0.00649408297613, -0.00864938274026, -0.00254688970745, 0.0119090136141, -0.00336061301641], [-0.000178167043487, 0.000802071241196, 0.00214152573608, -0.00289131235331, 0.00370529713109, -0.00106328469701, -0.00213328120299, -0.00649408297613, 0.0217498783022, -0.00414728140458, 0.00380117772147, -0.00976527202874, 0.0126636531204], [-0.000884359353222, -0.00143454305362, -0.00322128157131, -0.00206355727278, -0.00318473181687, 0.0119081307203, -0.000135720081744, -0.00864938274026, -0.00414728140458, 0.0320458002388, -0.0142400981858, 0.00593430921435, 0.000987984822132], [-0.000180203365744, 0.000636486511212, -0.00105476228055, -0.00311298319139, 0.00322065665387, -0.000878840801306, 0.00465859705582, -0.00254688970745, 0.00380117772147, -0.0142400981858, 0.0355314686894, -0.023159544915, 0.0084844622761], [-0.000163296979736, -0.00150229106657, 0.00170107278973, 0.00551140960306, -0.000750289182179, 0.000513512815814, -0.00309397862293, 0.0119090136141, -0.00976527202874, 0.00593430921435, -0.023159544915, 0.0478630587459, -0.0284972302616], [0.000466017372673, 0.00164412963204, -0.0017601326108, -0.00159983395133, 0.000734200351872, -0.00242608040571, -0.000255621154793, -0.00336061301641, 0.0126636531204, 0.000987984822132, 0.0084844622761, -0.0284972302616, 0.0449561588466]]
    spectral_contrast:
        mean: [-1.99622093078e-07, -1.88178901794e-07, 2.81224913579e-07, 5.99409588631e-08, 3.0152429531e-07, 5.38373456038e-07, 3.28680994244e-06, -6.66964922402e-07, 1.93480536836e-06, -2.0949928512e-06, -6.58410556298e-07, 1.36566382025e-06]
        var: [0.000657682481688, 0.000693876820151, 0.000844170514029, 0.00162630574778, 0.00230444921181, 0.00361733022146, 0.0877630636096, 0.121296577156, 0.135406568646, 0.151060566306, 0.344130188227, 1.10759747028]

rhythm:
    beats_loudness:
        dmean: 0.00306345126592
        dmean2: 0.00433975365013
        dvar: 9.19952253753e-06
        dvar2: 1.60412764671e-05
        max: 0.0148392599076
        mean: 0.00661203637719
        min: 0.00258837663569
        var: 1.17113795568e-05
    beats_loudness_bass:
        dmean: 0.00299068167806
        dmean2: 0.00491668144241
        dvar: 7.30760484657e-06
        dvar2: 1.7332706193e-05
        max: 0.0162841733545
        mean: 0.00689459592104
        min: 0.0032499586232
        var: 1.18007983474e-05
    bpm: 119.922439575
    bpm_confidence: 0
    first_peak_bpm: 120
    first_peak_spread: 0
    first_peak_weight: 0.947368443012
    onset_rate: 4.68546581268
    second_peak_bpm: 127
    second_peak_spread: 0
    second_peak_weight: 0.0526315793395
    beats_position: [0.254166334867, 0.753898799419, 1.25363123417, 1.75336372852, 2.25309634209, 2.75282883644, 3.2525613308, 3.75229382515, 4.25202608109, 4.75175857544, 5.25149106979, 5.75122356415, 6.22423601151, 6.72523880005, 7.22624158859, 7.72724342346, 8.22824573517, 8.72924900055, 9.23025035858, 9.73125267029]
    bpm_estimates: [120.191375732, 120.242103577, 120.03112793, 119.564414978, 120.379875183, 120.204292297, 119.310928345, 120.179634094, 120.220802307, 120.326873779, 120.551773071, 119.978172302, 118.12424469, 120.147026062, 120.213432312, 119.897750854, 119.496643066, 119.238800049, 120.227333069]
    bpm_intervals: [0.499732464552, 0.49973243475, 0.499732494354, 0.499732613564, 0.499732494354, 0.499732494354, 0.499732494354, 0.499732255936, 0.499732494354, 0.499732494354, 0.499732494354, 0.473012447357, 0.501002788544, 0.501002788544, 0.501001834869, 0.501002311707, 0.501003265381, 0.501001358032, 0.501002311707]
    onset_times: [0.0348299331963, 0.232199549675, 0.522448956966, 0.743038535118, 0.986848056316, 1.25387752056, 1.62539684772, 1.74149656296, 1.98530614376, 2.24072551727, 2.38004541397, 2.69351482391, 2.91410422325, 3.12308382988, 3.21596360207, 3.25079369545, 3.62231302261, 3.76163268089, 4.07510185242, 4.26086187363, 4.56272125244, 4.74848079681, 4.87619066238, 5.14321994781, 5.22448968887, 5.45668935776, 5.61922883987, 5.73532867432, 6.22294807434, 6.64090681076, 6.74539661407, 6.84988641739, 7.08208608627, 7.17496585846, 7.27945566177, 7.38394546509, 7.61614513397, 7.73224496841, 8.11537456512, 8.23147392273, 8.60299301147, 8.73070335388, 8.85841274261, 8.99773216248, 9.61306095123, 9.74077129364, 10.0078001022]
    rubato_start: []
    rubato_stop: []
    perceptual_tempo: "unknown"

sfx:
    inharmonicity:
        dmean: 0.0586308799684
        dmean2: 0.107705041766
        dvar: 0.00684233754873
        dvar2: 0.0196001399308
        max: 0.434285730124
        mean: 0.0444624833763
        min: 3.83328995213e-07
        var: 0.00528893759474
    oddtoevenharmonicenergyratio:
        dmean: 25.2130680084
        dmean2: 49.5829353333
        dvar: 7328.09228516
        dvar2: 21373.5742188
        max: 756.365966797
        mean: 14.3442640305
        min: 3.70847083104e-05
        var: 4233.66455078
    pitch_after_max_to_before_max_energy_ratio: 2.00677347183
    pitch_centroid: 203.243637085
    pitch_max_to_total: 0.289351850748
    pitch_min_to_total: 0.300925940275
    tristimulus:
        dmean: [0.326232552528, 0.336440145969, 0.0562438890338]
        dmean2: [0.579400360584, 0.604191541672, 0.103777900338]
        dvar: [0.0653894394636, 0.0684385225177, 0.00597788300365]
        dvar2: [0.171044036746, 0.182072907686, 0.0176580566913]
        max: [0.992773890495, 0.991537749767, 0.441090404987]
        mean: [0.454876065254, 0.491654455662, 0.0440965145826]
        min: [0.000819307577331, 0, 0]
        var: [0.0949324965477, 0.0947204753757, 0.00512941274792]

tonal:
    chords_changes_rate: 0.0322580635548
    chords_number_rate: 0.0230414755642
    chords_strength:
        dmean: 0.00460039451718
        dmean2: 0.00379819213413
        dvar: 1.20676168081e-05
        dvar2: 1.08387230284e-05
        max: 0.548152446747
        mean: 0.475738108158
        min: 0.304753750563
        var: 0.00280847051181
    key_strength: 0.767743885517
    tuning_diatonic_strength: 0.59827029705
    tuning_equal_tempered_deviation: 0.0386498421431
    tuning_frequency: 440.254241943
    tuning_nontempered_energy_ratio: 0.597055077553
    hpcp:
        dmean: [0.173103109002, 0.129712030292, 0.0288145858794, 0.0102669959888, 0.0103828236461, 0.0280277635902, 0.0528034903109, 0.0323915630579, 0.0109303658828, 0.0493723340333, 0.0784890502691, 0.0417221151292, 0.0372713766992, 0.0340507701039, 0.013319705613, 0.00785361044109, 0.00704049970955, 0.00644508190453, 0.00676919100806, 0.0249586533755, 0.132067129016, 0.142825379968, 0.1874691993, 0.198678135872, 0.204503789544, 0.159960329533, 0.0365761555731, 0.0258078146726, 0.0223017539829, 0.0202690884471, 0.0185523293912, 0.014643673785, 0.0169556774199, 0.0189035069197, 0.0227718818933, 0.103887066245]
        dmean2: [0.278602182865, 0.203866884112, 0.0488282367587, 0.0179699622095, 0.0181063935161, 0.039765175432, 0.0723889842629, 0.0440717935562, 0.0176755078137, 0.0825352370739, 0.129872173071, 0.0666862949729, 0.0660420432687, 0.0568108968437, 0.0204846877605, 0.0126885678619, 0.0118285045028, 0.0108970310539, 0.0123016741127, 0.0420835465193, 0.204358816147, 0.222741127014, 0.277948379517, 0.319365471601, 0.313991785049, 0.26346924901, 0.0647658258677, 0.0442136526108, 0.037905678153, 0.0360392555594, 0.0314182713628, 0.0262714158744, 0.0286652445793, 0.0316876247525, 0.0401935018599, 0.160753980279]
        dvar: [0.0451062247157, 0.0158312693238, 0.00337874889374, 0.000588144350331, 0.000638272671495, 0.00124085519928, 0.00443531153724, 0.0016071513528, 0.000543611356989, 0.0104111051187, 0.0255902446806, 0.00462874025106, 0.00654774485156, 0.00500555289909, 0.000991238281131, 0.00032926959102, 0.000128163781483, 8.83920147317e-05, 0.000224003495532, 0.00160103128292, 0.0230110753328, 0.0355319567025, 0.0340447761118, 0.0427167229354, 0.0409243553877, 0.0387094691396, 0.00392772257328, 0.00194213329814, 0.00178391579539, 0.00503417430446, 0.00409155711532, 0.00137122953311, 0.00321594811976, 0.00560889253393, 0.00347768538631, 0.0108423195779]
        dvar2: [0.0921920239925, 0.0315850153565, 0.00920360255986, 0.00168541376479, 0.00177961005829, 0.00284332153387, 0.00888995826244, 0.0032139304094, 0.00102614657953, 0.0262378398329, 0.0650361329317, 0.0110350484028, 0.0179507993162, 0.0128095988184, 0.0014545096783, 0.000721026968677, 0.000299181818264, 0.000222869188292, 0.000712066423148, 0.00385645334609, 0.0468946695328, 0.0590397976339, 0.0698845982552, 0.0838497802615, 0.077365398407, 0.0981520786881, 0.0105865020305, 0.00561326276511, 0.00491861626506, 0.0140892416239, 0.010976633057, 0.00382514530793, 0.00803699530661, 0.00824927631766, 0.00708903418854, 0.0278786346316]
        max: [1, 1, 0.438710004091, 0.204109370708, 0.214950919151, 0.44078707695, 0.935266792774, 0.526258051395, 0.267061769962, 0.690325438976, 1, 0.483094036579, 0.667982578278, 0.568696737289, 0.414662510157, 0.203592941165, 0.0894979313016, 0.0669964849949, 0.12624900043, 0.255283296108, 0.979832410812, 1, 1, 1, 1, 1, 0.436709225178, 0.253003120422, 0.303535908461, 0.747904956341, 0.710151433945, 0.319065332413, 0.508927583694, 1, 0.658770561218, 0.721724331379]
        mean: [0.63220089674, 0.354003101587, 0.0241636391729, 0.00880855321884, 0.00868445262313, 0.0617589429021, 0.129673451185, 0.0769269838929, 0.0113780722022, 0.041818395257, 0.0616832859814, 0.0360779836774, 0.0290988609195, 0.0291522592306, 0.0142343612388, 0.007767197676, 0.00701643759385, 0.00691504636779, 0.00573642505333, 0.0242882054299, 0.259571701288, 0.509000957012, 0.405834019184, 0.332905471325, 0.377041369677, 0.20185996592, 0.0324577502906, 0.0197245255113, 0.0169406458735, 0.0150329777971, 0.0149956233799, 0.0132722491398, 0.0144469989464, 0.0160183161497, 0.0192010458559, 0.30902788043]
        min: [2.31678204727e-05, 0.0100275808945, 0.000295189791359, 0.000215716892853, 6.20893042651e-05, 0, 0, 0.00426367437467, 0.000264147849521, 0.000679407559801, 0.000530191056896, 0.000453615939477, 0.000225232011871, 0.000154353998369, 0, 0, 0, 0, 0, 5.06227952428e-05, 0.00422708829865, 0.00492355134338, 0.00372981093824, 0.00681086117402, 0.000886231020559, 0.00100869440939, 0.000158813738381, 8.07261749287e-05, 5.87092363276e-05, 5.70724805584e-05, 5.38315398444e-05, 9.91695997072e-05, 0.00010996140918, 0.000100006574939, 0.000179510330781, 0.000502551381942]
        var: [0.125069081783, 0.0506827570498, 0.00258649210446, 0.000400830234867, 0.000442529068096, 0.00322851608507, 0.0146998614073, 0.00532464170828, 0.00055488263024, 0.00823840126395, 0.0204325113446, 0.0044837188907, 0.00445503136143, 0.00399750191718, 0.00107519328594, 0.000316410034429, 0.000131005435833, 0.000109467662696, 0.000148792591062, 0.00180692272261, 0.0610488802195, 0.1667137146, 0.108096718788, 0.0837762653828, 0.111491002142, 0.055906444788, 0.00341857364401, 0.00150245067198, 0.00141791172791, 0.00314464606345, 0.00287044490688, 0.00103715807199, 0.00225221598521, 0.00521032977849, 0.00296815787442, 0.029191179201]
    chords_histogram: [49.7695846558, 0, 1.84331798553, 0, 0, 0, 0, 9.21658992767, 0, 9.67741966248, 0, 0, 0, 0, 0, 0, 0, 0, 0, 0, 0, 0, 0, 29.4930877686]
    thpcp: [1, 0.559953510761, 0.0382214561105, 0.0139331547543, 0.01373685617, 0.097688794136, 0.205114305019, 0.12168122828, 0.0179975572973, 0.0661473199725, 0.0975691229105, 0.0570672787726, 0.0460278689861, 0.0461123362184, 0.0225155670196, 0.0122859645635, 0.011098430492, 0.010938052088, 0.00907373800874, 0.0384184941649, 0.410584211349, 0.805125355721, 0.641938388348, 0.526581764221, 0.596394896507, 0.319297194481, 0.0513408780098, 0.0311997737736, 0.0267963018268, 0.0237787980586, 0.0237197130919, 0.0209937207401, 0.0228519123048, 0.0253373831511, 0.030371747911, 0.48881277442]
    chords_key: "A"
    chords_scale: "minor"
    key_key: "A"
    key_scale: "minor"
    chords_progression: ["Am", "Am", "Am", "Am", "Am", "Am", "Am", "Am", "Am", "Am", "Am", "Am", "Am", "Am", "Am", "Am", "Am", "Am", "Am", "Am", "Am", "Am", "Am", "Am", "Am", "Am", "Am", "Am", "Am", "Am", "Am", "Am", "Am", "Am", "Am", "Am", "Am", "Am", "Am", "Am", "Am", "Am", "Am", "Am", "Am", "Am", "Am", "Am", "Am", "Am", "Am", "F", "F", "F", "F", "F", "F", "F", "F", "F", "F", "F", "F", "F", "F", "F", "F", "F", "F", "F", "F", "F", "F", "F", "F", "F", "F", "F", "A", "A", "A", "A", "A", "A", "A", "A", "A", "A", "A", "A", "A", "A", "A", "A", "A", "A", "A", "A", "Am", "Am", "Am", "Am", "Am", "Am", "Am", "Am", "Am", "Am", "Am", "Am", "Am", "Am", "Am", "Am", "Am", "Am", "Am", "Am", "Am", "Am", "Am", "Am", "Am", "Am", "Am", "Am", "Am", "Am", "F", "F", "F", "F", "F", "F", "F", "F", "F", "F", "F", "F", "F", "F", "F", "F", "F", "F", "F", "F", "F", "F", "F", "F", "F", "F", "F", "F", "F", "F", "F", "F", "F", "F", "F", "F", "F", "Am", "Am", "Am", "Am", "Am", "Am", "Am", "Am", "Am", "Am", "Am", "Am", "Am", "Am", "Am", "Am", "Am", "Am", "Am", "Am", "Am", "Am", "Am", "Am", "Am", "Am", "Am", "Em", "Em", "Em", "Em", "E", "E", "E", "E", "E", "E", "E", "E", "E", "E", "E", "E", "E", "E", "E", "E", "E", "E", "E", "E", "E"]
