
metadata:
    version:
        essentia: "1.2.2"
    audio_properties:
        analysis_sample_rate: 44100
        bitrate: 128
        channels: 2
        equal_loudness: 1
        length: 10.0310201645
        replay_gain: -8.61761283875
        downmix: "mix"
    tags:
        track: 2
        year: 0
        album: "Splitted by Mp3Splt v. 2.1"
        artist: "From 000.10 To 000.20"
        comment: "http://mp3splt.sf.net"
        genre: ""
        title: "02 This Charming Man [London]."

highlevel:
    ballroom:
        all:
            ChaChaCha: 0.101145721972
            Jive: 0.25608637929
            Quickstep: 0.102410852909
            Rumba-American: 0.010470408015
            Rumba-International: 0.0296699088067
            Rumba-Misc: 0.0167446043342
            Samba: 0.106799528003
            Tango: 0.121160298586
            VienneseWaltz: 0.198012053967
            Waltz: 0.0575002394617
        probability: 0.25608637929
        value: "Jive"
    culture:
        all:
            non_western: 0.0121821360663
            western: 0.987817883492
        probability: 0.987817883492
        value: "western"
    gender:
        all:
            female: 0.174174740911
            male: 0.825825273991
        probability: 0.825825273991
        value: "male"
    genre_dortmund:
        all:
            alternative: 0.152044042945
            blues: 0.0346832759678
            electronic: 0.126836061478
            folkcountry: 0.200952187181
            funksoulrnb: 0.0115567790344
            jazz: 0.128520339727
            pop: 0.105250120163
            raphiphop: 0.00876912102103
            rock: 0.23138807714
        probability: 0.23138807714
        value: "rock"
    genre_electronica:
        all:
            ambient: 0.303235530853
            dnb: 0.0814113765955
            house: 0.0326754227281
            techno: 0.015434439294
            trance: 0.567243218422
        probability: 0.567243218422
        value: "trance"
    genre_rosamerica:
        all:
            cla: 0.14932821691
            dan: 0.0412429235876
            hip: 0.0199589133263
            jaz: 0.036205727607
            pop: 0.459969162941
            rhy: 0.06256082654
            roc: 0.223023489118
            spe: 0.00771073298529
        probability: 0.459969162941
        value: "pop"
    genre_tzanetakis:
        all:
            blu: 0.00802706368268
            cla: 0.0233207680285
            cou: 0.29018175602
            dis: 0.0214541684836
            hip: 0.00317438016646
            jaz: 0.0143510447815
            met: 0.0334388315678
            pop: 0.0162934213877
            reg: 0.00822537951171
            roc: 0.581533193588
        probability: 0.581533193588
        value: "roc"
    live_studio:
        all:
            live: 0.0624233298004
            studio: 0.937576651573
        probability: 0.937576651573
        value: "studio"
    mood:
        all:
            Cluster1: 0.153381243348
            Cluster2: 0.496128976345
            Cluster3: 0.124155521393
            Cluster4: 0.093803845346
            Cluster5: 0.132530421019
        probability: 0.496128976345
        value: "Cluster2"
    mood_acoustic:
        all:
            acoustic: 0.0624985843897
            not_acoustic: 0.937501430511
        probability: 0.937501430511
        value: "not_acoustic"
    mood_aggressive:
        all:
            aggressive: 0.149929270148
            not_aggressive: 0.850070714951
        probability: 0.850070714951
        value: "not_aggressive"
    mood_electronic:
        all:
            electronic: 0.344730496407
            not_electronic: 0.655269503593
        probability: 0.655269503593
        value: "not_electronic"
    mood_happy:
        all:
            happy: 0.932148337364
            not_happy: 0.067851677537
        probability: 0.932148337364
        value: "happy"
    mood_party:
        all:
            not_party: 0.571319580078
            party: 0.428680419922
        probability: 0.571319580078
        value: "not_party"
    mood_relaxed:
        all:
            not_relaxed: 0.683444678783
            relaxed: 0.316555291414
        probability: 0.683444678783
        value: "not_relaxed"
    mood_sad:
        all:
            not_sad: 0.85300141573
            sad: 0.14699858427
        probability: 0.85300141573
        value: "not_sad"
    rhythm:
        all:
            fast: 0.758535802364
            medium: 0.164489731193
            slow: 0.0769744664431
        probability: 0.758535802364
        value: "fast"
    speech_music:
        all:
            music: 0.999985039234
            speech: 1.49313427755e-05
        probability: 0.999985039234
        value: "music"
    timbre:
        all:
            bright: 0.971521019936
            dark: 0.0284789837897
        probability: 0.971521019936
        value: "bright"
    voice_instrumental:
        all:
            instrumental: 0.44340929389
            voice: 0.556590735912
        probability: 0.556590735912
        value: "voice"

lowlevel:
    average_loudness: 0.979818105698
    barkbands_kurtosis:
        dmean: 0.873128473759
        dmean2: 1.33463227749
        dvar: 3.038169384
        dvar2: 5.58487415314
        max: 24.547794342
        mean: -0.396379947662
        min: -1.89279067516
        var: 6.71006917953
    barkbands_skewness:
        dmean: 0.394641578197
        dmean2: 0.595000565052
        dvar: 0.135595858097
        dvar2: 0.261518150568
        max: 2.35376429558
        mean: -0.45634239912
        min: -4.52270174026
        var: 0.692666709423
    barkbands_spread:
        dmean: 5.32444047928
        dmean2: 7.93339061737
        dvar: 29.5175170898
        dvar2: 56.3006134033
        max: 58.0503425598
        mean: 29.5085468292
        min: 3.25975298882
        var: 90.8711471558
    dissonance:
        dmean: 0.0146119110286
        dmean2: 0.0242387577891
        dvar: 0.000166471756529
        dvar2: 0.000444078526925
        max: 0.497916549444
        mean: 0.465607315302
        min: 0.380247324705
        var: 0.000410659937188
    hfc:
        dmean: 3.07184886932
        dmean2: 4.70490312576
        dvar: 15.7861270905
        dvar2: 30.28332901
        max: 53.7639427185
        mean: 10.3791313171
        min: 0.615004181862
        var: 46.903503418
    pitch:
        dmean: 486.571533203
        dmean2: 953.366577148
        dvar: 1088302.875
        dvar2: 2988594
        max: 4410
        mean: 783.844177246
        min: 108.888885498
        var: 1318764.75
    pitch_instantaneous_confidence:
        dmean: 0.0854123607278
        dmean2: 0.132507249713
        dvar: 0.00558671215549
        dvar2: 0.0141538437456
        max: 0.854174494743
        mean: 0.529958248138
        min: 0.20522916317
        var: 0.019875433296
    pitch_salience:
        dmean: 0.0577795132995
        dmean2: 0.092115983367
        dvar: 0.00221274094656
        dvar2: 0.00559330312535
        max: 0.789220392704
        mean: 0.568990051746
        min: 0.183142527938
        var: 0.00661209691316
    silence_rate_20dB:
        dmean: 0
        dmean2: 0
        dvar: 0
        dvar2: 0
        max: 1
        mean: 1
        min: 1
        var: 0
    silence_rate_30dB:
        dmean: 0
        dmean2: 0
        dvar: 0
        dvar2: 0
        max: 1
        mean: 1
        min: 1
        var: 0
    silence_rate_60dB:
        dmean: 0.102088168263
        dmean2: 0.204651162028
        dvar: 0.0916659533978
        dvar2: 0.181374445558
        max: 1
        mean: 0.243055552244
        min: 0
        var: 0.183978736401
    spectral_centroid:
        dmean: 248.301681519
        dmean2: 373.484039307
        dvar: 52750.328125
        dvar2: 92823.703125
        max: 4294.65771484
        mean: 2064.21289062
        min: 621.938781738
        var: 328598.875
    spectral_complexity:
        dmean: 2.94405603409
        dmean2: 4.61915874481
        dvar: 9.51668548584
        dvar2: 22.5114860535
        max: 44
        mean: 14.8930234909
        min: 1
        var: 34.1560249329
    spectral_crest:
        dmean: 1.97270011902
        dmean2: 3.1409239769
        dvar: 3.37767863274
        dvar2: 7.04101228714
        max: 23.03166008
        mean: 7.72343540192
        min: 2.83076953888
        var: 11.4050350189
    spectral_decrease:
        dmean: 2.82785461714e-10
        dmean2: 4.24847407254e-10
        dvar: 9.32586622424e-20
        dvar2: 1.90346808829e-19
        max: -7.64423038757e-11
        mean: -1.04877984075e-09
        min: -3.00310198931e-09
        var: 2.52751110773e-19
    spectral_energy:
        dmean: 0.00132084847428
        dmean2: 0.00198762700893
        dvar: 2.10536927625e-06
        dvar2: 4.27268514613e-06
        max: 0.0143881617114
        mean: 0.00489975279197
        min: 0.000350007117959
        var: 5.77175160288e-06
    spectral_energyband_high:
        dmean: 0.000228399701882
        dmean2: 0.000333143369062
        dvar: 1.52132727749e-07
        dvar2: 2.96387696608e-07
        max: 0.0067230691202
        mean: 0.000536264211405
        min: 1.18436519188e-05
        var: 6.47684032629e-07
    spectral_energyband_low:
        dmean: 5.6156055507e-05
        dmean2: 9.46001964621e-05
        dvar: 1.30094921502e-08
        dvar2: 3.51655558006e-08
        max: 0.000905512017198
        mean: 9.03778418433e-05
        min: 9.21937726162e-09
        var: 1.45587364386e-08
    spectral_energyband_middle_high:
        dmean: 0.000863202731125
        dmean2: 0.00135107547976
        dvar: 1.07254413706e-06
        dvar2: 2.46773879553e-06
        max: 0.0133415460587
        mean: 0.00275712483563
        min: 0.000123011152027
        var: 2.5380468287e-06
    spectral_energyband_middle_low:
        dmean: 0.000573779339902
        dmean2: 0.000857504084706
        dvar: 5.09719029651e-07
        dvar2: 9.83167183222e-07
        max: 0.00733554502949
        mean: 0.00151598243974
        min: 7.56305889809e-05
        var: 1.46130696521e-06
    spectral_flatness_db:
        dmean: 0.0173654407263
        dmean2: 0.0252398513258
        dvar: 0.000223093287786
        dvar2: 0.000419786636485
        max: 0.320632666349
        mean: 0.174500510097
        min: 0.0937159657478
        var: 0.00151466950774
    spectral_flux:
        dmean: 0.00786981917918
        dmean2: 0.0126350810751
        dvar: 6.52323578834e-05
        dvar2: 0.000145708938362
        max: 0.0830305442214
        mean: 0.0386313684285
        min: 0.0132550839335
        var: 0.000163422562764
    spectral_kurtosis:
        dmean: 1.0773692131
        dmean2: 1.86217534542
        dvar: 1.17812740803
        dvar2: 3.49949598312
        max: 9.91215133667
        mean: 3.15688681602
        min: 0.452085733414
        var: 2.34218215942
    spectral_rms:
        dmean: 0.000289159565
        dmean2: 0.000423317193054
        dvar: 7.87747254094e-08
        dvar2: 1.50623634454e-07
        max: 0.00374662922695
        mean: 0.00211984245107
        min: 0.000584354624152
        var: 2.86516808501e-07
    spectral_rolloff:
        dmean: 275.815673828
        dmean2: 439.015930176
        dvar: 99744.296875
        dvar2: 197619.875
        max: 5663.23242188
        mean: 3488.5300293
        min: 279.931640625
        var: 400136.40625
    spectral_skewness:
        dmean: 0.159969940782
        dmean2: 0.265345543623
        dvar: 0.0207259058952
        dvar2: 0.0581440217793
        max: 1.88334846497
        mean: 1.14555680752
        min: 0.132012695074
        var: 0.0731907188892
    spectral_spread:
        dmean: 462715.15625
        dmean2: 627968.0625
        dvar: 218240974848
        dvar2: 385588363264
        max: 7720667
        mean: 4256607.5
        min: 2186888.25
        var: 955205222400
    spectral_strongpeak:
        dmean: 0.943779349327
        dmean2: 1.53448688984
        dvar: 1.24298238754
        dvar2: 2.88600611687
        max: 9.71420764923
        mean: 1.62306845188
        min: 0.036415822804
        var: 2.78790998459
    zerocrossingrate:
        dmean: 0.00797639880329
        dmean2: 0.00882785115391
        dvar: 5.1058097597e-05
        dvar2: 5.37618543603e-05
        max: 0.20068359375
        mean: 0.111361056566
        min: 0.0380859375
        var: 0.00057542079594
    barkbands:
        dmean: [6.25302689627e-08, 2.50783705269e-05, 3.81692952942e-05, 0.000146874343045, 0.00024691974977, 5.36167644896e-05, 8.50281357998e-05, 0.000265495560598, 5.20978865097e-05, 0.000100282602943, 1.73137123056e-05, 5.84154622629e-05, 4.0188566345e-05, 7.20987882232e-05, 7.80134214438e-05, 0.00027622358175, 0.000224363669986, 0.000252669415204, 0.000311312120175, 0.000175999783096, 0.000146359132486, 4.49928847956e-05, 7.041930985e-06, 2.01760371965e-06, 9.35270520586e-07, 7.88593865764e-08, 2.45195391768e-10]
        dmean2: [9.14447895184e-08, 4.25508696935e-05, 6.41582446406e-05, 0.000216592481593, 0.000390466477256, 8.29504497233e-05, 0.000136856091558, 0.000395451992517, 7.0359397796e-05, 0.000163065909874, 2.72102170129e-05, 8.72206946951e-05, 6.18673147983e-05, 0.000115219299914, 0.000126298138639, 0.000458786875242, 0.00036671187263, 0.000407327723224, 0.000493823550642, 0.000280729233054, 0.000225296098506, 6.26278342679e-05, 1.06863235487e-05, 2.99624889522e-06, 1.3002322703e-06, 1.09115660507e-07, 4.56564785978e-10]
        dvar: [7.04039081266e-14, 4.41965175568e-09, 3.9879148872e-09, 1.16141976036e-07, 1.6814665571e-07, 5.7379478946e-09, 1.75863839047e-08, 1.77280895741e-07, 9.41640543317e-09, 1.84961521654e-08, 8.74272876317e-10, 8.18252132717e-09, 3.69049479865e-09, 2.33657342363e-08, 2.1128407468e-08, 3.33117071705e-07, 7.69892878338e-08, 1.35187661954e-07, 2.09546684005e-07, 8.17766050432e-08, 6.72695250614e-08, 1.70009233358e-08, 2.99932301218e-10, 2.51233357035e-11, 3.92750415523e-12, 2.23459133006e-14, 7.96210647302e-20]
        dvar2: [9.44513022481e-14, 1.20268852655e-08, 1.05681321472e-08, 1.95665492697e-07, 3.72964251483e-07, 1.28731292293e-08, 4.37303526724e-08, 3.99078800228e-07, 1.66623923548e-08, 4.70094825289e-08, 1.79074421958e-09, 1.60088795553e-08, 9.13488751308e-09, 6.12796213773e-08, 4.67258800541e-08, 8.25386507586e-07, 2.04162333262e-07, 3.52453241703e-07, 4.40263107748e-07, 1.73881886667e-07, 1.42540343973e-07, 2.89264754372e-08, 5.64537971925e-10, 5.45879244584e-11, 7.85919766766e-12, 4.13358549592e-14, 2.41879527681e-19]
        max: [4.80002472614e-06, 0.000456303474493, 0.000504912575707, 0.00279542710632, 0.00342640886083, 0.00132516853046, 0.00153147848323, 0.00478549208492, 0.00161011319142, 0.00122389465105, 0.000284458161332, 0.00108141370583, 0.000577593047637, 0.00203517801128, 0.00192726345267, 0.00757379736751, 0.00325682992116, 0.00390039710328, 0.00609098933637, 0.00367879401892, 0.00593825429678, 0.00251550436951, 0.000277824001387, 9.24975247472e-05, 2.5200231903e-05, 2.16694525079e-06, 1.63754920735e-09]
        mean: [5.30518597941e-08, 2.49122313107e-05, 6.54185860185e-05, 0.000171741616214, 0.000393141584937, 0.000142369724927, 0.00017261703033, 0.000535871717148, 9.64867431321e-05, 0.000182635325473, 2.54432579823e-05, 0.000103921913251, 7.43983109714e-05, 0.000105017395981, 0.000121355551528, 0.000367418280803, 0.000408816937124, 0.000465124729089, 0.000662230595481, 0.000359005382052, 0.000318012433127, 8.34774691612e-05, 1.4659178305e-05, 3.97070834879e-06, 1.553674565e-06, 1.0371694259e-07, 2.06248434997e-10]
        min: [8.75221162905e-12, 5.11166220463e-09, 3.52751849952e-09, 5.9931281271e-08, 1.31619563035e-05, 3.84375152862e-06, 1.33379614908e-07, 3.73291368305e-06, 2.6263144548e-08, 3.66280488606e-07, 6.13325212839e-08, 3.33528589636e-07, 2.29007909525e-07, 3.11546898502e-07, 4.23815464501e-07, 8.25917197744e-07, 2.9527868719e-06, 8.21974481369e-06, 2.37440490309e-05, 2.06263175642e-05, 4.07511106459e-06, 8.87678879735e-07, 4.60391817114e-07, 2.65499373597e-08, 8.35810920474e-10, 3.78959114089e-10, 3.60135803557e-13]
        var: [6.93048388318e-14, 3.28714988562e-09, 6.5664695903e-09, 1.72226620521e-07, 2.54823333989e-07, 2.38275372766e-08, 5.27509129711e-08, 7.30569638563e-07, 2.68167053008e-08, 3.92038543851e-08, 1.62613034149e-09, 2.42073863177e-08, 7.55776596861e-09, 3.50560256379e-08, 3.16777573062e-08, 3.96558249349e-07, 1.58422892582e-07, 2.34472324223e-07, 5.70071961192e-07, 1.87023942999e-07, 3.62065634363e-07, 3.04536804663e-08, 7.09939329546e-10, 5.48216472218e-11, 8.14405400756e-12, 4.43185086882e-14, 7.55808367375e-20]
    mfcc:
        mean: [-705.588012695, 87.977897644, -62.0933380127, 55.5604705811, -28.2813186646, -14.2314891815, -18.0767993927, -3.12243485451, -9.60815048218, -7.3206820488, -5.49458646774, -5.48664140701, -7.10852241516]
        cov: [[1573.86450195, -67.5825424194, 269.065582275, -100.590881348, 214.580062866, 79.7936553955, 108.014083862, 1.28364670277, 222.75920105, 144.904769897, 132.008758545, 89.6017074585, 141.749603271], [-67.5825424194, 791.158447266, -298.611480713, -123.451896667, 127.735603333, 53.6786231995, 3.80864977837, 129.305053711, 138.025146484, 102.978523254, 26.9762706757, 146.778930664, 80.0559234619], [269.065582275, -298.611480713, 413.36138916, 89.3118057251, 9.99161911011, 12.8241186142, 65.62940979, -43.4458236694, -38.4673995972, -7.07764625549, 16.8604488373, -74.0672531128, -27.7882347107], [-100.590881348, -123.451896667, 89.3118057251, 242.275009155, 46.5798568726, 42.7165870667, 36.5412940979, -24.8449344635, 47.2021064758, 7.88454151154, -21.560968399, -17.1751003265, -33.2981300354], [214.580062866, 127.735603333, 9.99161911011, 46.5798568726, 233.854354858, 110.286598206, 44.214756012, 23.3309001923, 194.589111328, 59.1173706055, 48.3707885742, 57.6185112, 49.9116821289], [79.7936553955, 53.6786231995, 12.8241186142, 42.7165870667, 110.286598206, 160.822540283, 25.2279033661, 4.31898641586, 121.009170532, 18.1104202271, 33.1741600037, 28.2053356171, 16.5095062256], [108.014083862, 3.80864977837, 65.62940979, 36.5412940979, 44.214756012, 25.2279033661, 140.870361328, 28.6355991364, 30.9082221985, 25.4234619141, 11.4773206711, 9.25263404846, 8.02601528168], [1.28364670277, 129.305053711, -43.4458236694, -24.8449344635, 23.3309001923, 4.31898641586, 28.6355991364, 124.091819763, 33.5048828125, 29.3013477325, 10.2897558212, 36.7438049316, 17.4817371368], [222.75920105, 138.025146484, -38.4673995972, 47.2021064758, 194.589111328, 121.009170532, 30.9082221985, 33.5048828125, 304.899597168, 66.8606719971, 40.9704589844, 75.0497207642, 60.466884613], [144.904769897, 102.978523254, -7.07764625549, 7.88454151154, 59.1173706055, 18.1104202271, 25.4234619141, 29.3013477325, 66.8606719971, 121.19430542, 52.7300224304, 54.1415405273, 20.7364940643], [132.008758545, 26.9762706757, 16.8604488373, -21.560968399, 48.3707885742, 33.1741600037, 11.4773206711, 10.2897558212, 40.9704589844, 52.7300224304, 134.847015381, 53.7957611084, 35.8836517334], [89.6017074585, 146.778930664, -74.0672531128, -17.1751003265, 57.6185112, 28.2053356171, 9.25263404846, 36.7438049316, 75.0497207642, 54.1415405273, 53.7957611084, 128.386260986, 61.1303253174], [141.749603271, 80.0559234619, -27.7882347107, -33.2981300354, 49.9116821289, 16.5095062256, 8.02601528168, 17.4817371368, 60.466884613, 20.7364940643, 35.8836517334, 61.1303253174, 94.1618499756]]
        icov: [[0.00127838319167, 0.000406320003094, -0.000904987216927, 0.00126029120293, -0.000565589580219, 9.69484317466e-05, -0.000398328003939, 0.000353573879693, -0.000580923224334, -0.0012184366351, 0.000220585963689, -0.000258150277659, -0.00111529591959], [0.000406320003094, 0.00284976838157, 0.00114280299749, 0.00142194819637, -0.00143634993583, -0.000540941604413, -0.000196926659555, -0.00127204682212, 0.00026851290022, -0.00183119566645, 0.00111296132673, -0.00114732282236, -0.000533728394657], [-0.000904987216927, 0.00114280299749, 0.00489639025182, -0.00140221521724, -0.000709781656042, -0.000479754293337, -0.00125366670545, -0.000221853741095, 0.00138448702637, -0.000100620934973, -0.000930568901822, 0.002141244011, 4.58756949229e-05], [0.00126029120293, 0.00142194819637, -0.00140221521724, 0.00720287719741, -0.00159186392557, -0.000768864585552, -0.00128482328728, 0.00100721558556, -0.00122103118338, -0.00209357216954, 0.00205094669946, -0.0016098797787, 0.0014369803248], [-0.000565589580219, -0.00143634993583, -0.000709781656042, -0.00159186392557, 0.0118447951972, -0.00278767663985, -0.000854074605741, 0.000442103570094, -0.00490808673203, -0.000192990570213, -0.0012259054929, 0.000736547692213, -0.0013155057095], [9.69484317466e-05, -0.000540941604413, -0.000479754293337, -0.000768864585552, -0.00278767663985, 0.0106884418055, -0.000561474938877, 0.000764462631196, -0.0027291206643, 0.00237926072441, -0.002063306747, -0.000472103740321, 0.00173139804974], [-0.000398328003939, -0.000196926659555, -0.00125366670545, -0.00128482328728, -0.000854074605741, -0.000561474938877, 0.00914822425693, -0.00244083162397, 0.000676223309711, -0.00066228263313, 0.000349922833266, 1.80063307198e-05, -0.000266139541054], [0.000353573879693, -0.00127204682212, -0.000221853741095, 0.00100721558556, 0.000442103570094, 0.000764462631196, -0.00244083162397, 0.0107631999999, -0.000949374807533, -0.00085205945652, 0.000231450161664, -0.0013736425899, 0.000282210821752], [-0.000580923224334, 0.00026851290022, 0.00138448702637, -0.00122103118338, -0.00490808673203, -0.0027291206643, 0.000676223309711, -0.000949374807533, 0.00878165196627, -0.00128622422926, 0.00105968944263, -0.000511178572197, -0.00160621060058], [-0.0012184366351, -0.00183119566645, -0.000100620934973, -0.00209357216954, -0.000192990570213, 0.00237926072441, -0.00066228263313, -0.00085205945652, -0.00128622422926, 0.0147612551227, -0.00434168288484, -0.0029326165095, 0.0036544566974], [0.000220585963689, 0.00111296132673, -0.000930568901822, 0.00205094669946, -0.0012259054929, -0.002063306747, 0.000349922833266, 0.000231450161664, 0.00105968944263, -0.00434168288484, 0.0115887746215, -0.00362229673192, -0.00167792965658], [-0.000258150277659, -0.00114732282236, 0.002141244011, -0.0016098797787, 0.000736547692213, -0.000472103740321, 1.80063307198e-05, -0.0013736425899, -0.000511178572197, -0.0029326165095, -0.00362229673192, 0.0169992279261, -0.00730897346511], [-0.00111529591959, -0.000533728394657, 4.58756949229e-05, 0.0014369803248, -0.0013155057095, 0.00173139804974, -0.000266139541054, 0.000282210821752, -0.00160621060058, 0.0036544566974, -0.00167792965658, -0.00730897346511, 0.0192495547235]]
    spectral_contrast:
        mean: [-2.68740706133e-07, 4.37158469424e-08, 3.33370167027e-08, -1.07877475841e-07, 3.43350478715e-07, 2.94726788752e-07, 1.9021506148e-07, 1.3017377114e-06, 3.49324795934e-06, 3.27686933588e-07, 3.49324795934e-06, -1.36654045946e-06]
        var: [0.000571090728045, 0.00109531765338, 0.00168503611349, 0.00275343097746, 0.00499318027869, 0.00513715203851, 0.0437363348901, 0.0713205188513, 0.0898777917027, 0.286298543215, 0.669899225235, 1.70835983753]

rhythm:
    beats_loudness:
        dmean: 0.00314069027081
        dmean2: 0.0053477413021
        dvar: 5.72284716327e-06
        dvar2: 1.80896422535e-05
        max: 0.0115171726793
        mean: 0.00665473658592
        min: 0.00172378774732
        var: 6.56998963677e-06
    beats_loudness_bass:
        dmean: 0.0684661120176
        dmean2: 0.133220732212
        dvar: 0.00224007037468
        dvar2: 0.00478590046987
        max: 0.188561737537
        mean: 0.0808597356081
        min: 0.000152335938765
        var: 0.00392151949927
    bpm: 105.29208374
    bpm_confidence: 0
    first_peak_bpm: 107
    first_peak_spread: 0.399999976158
    first_peak_weight: 0.5625
    onset_rate: 3.88793945312
    second_peak_bpm: 74
    second_peak_spread: 0
    second_peak_weight: 0.0625
    beats_position: [0.175690084696, 0.73669552803, 1.29770100117, 1.85870659351, 2.41971206665, 2.98071742058, 3.54172301292, 4.10272836685, 4.6637339592, 5.22473955154, 6.0363407135, 6.61075258255, 7.1851644516, 7.75957632065, 8.3339881897, 8.90839958191, 9.4828119278]
    bpm_estimates: [106.101325989, 108.318946838, 105.581825256, 107.850532532, 105.084793091, 104.283882141, 104.469230652, 104.292381287, 105.244911194, 104.350097656, 104.026405334, 103.900802612]
    bpm_intervals: [0.561005473137, 0.561005473137, 0.561005592346, 0.561005473137, 0.561005353928, 0.561005592346, 0.561005353928, 0.561005592346, 0.561005592346, 0.811601161957, 0.574411869049, 0.574411869049, 0.574411869049, 0.574411869049, 0.574411392212, 0.574412345886]
    onset_times: [0.0580498874187, 0.139319732785, 0.31346938014, 0.615328788757, 0.766258478165, 0.917188227177, 1.17260766029, 1.35836732388, 1.60217690468, 1.91564631462, 2.21750569344, 2.51936507225, 2.68190479279, 2.96054410934, 3.04181408882, 3.19274377823, 3.66875290871, 3.88934230804, 4.29569149017, 4.59755086899, 4.6439909935, 4.87619066238, 5.46829938889, 6.01396846771, 6.31582784653, 6.5015873909, 6.59446716309, 6.97759628296, 7.17496585846, 7.38394546509, 7.7670750618, 8.0224943161, 8.13859367371, 8.31274414062, 8.57977294922, 8.91646289825, 8.95129299164, 9.43891143799, 9.79882049561]
    rubato_start: []
    rubato_stop: []
    perceptual_tempo: "unknown"

sfx:
    inharmonicity:
        dmean: 0.0668474882841
        dmean2: 0.116902992129
        dvar: 0.00580698391423
        dvar2: 0.0166481267661
        max: 0.468788564205
        mean: 0.0695143938065
        min: 0
        var: 0.00611408054829
    oddtoevenharmonicenergyratio:
        dmean: 11.8884296417
        dmean2: 23.3138866425
        dvar: 5974.46679688
        dvar2: 18149.6328125
        max: 970.275268555
        mean: 6.67991018295
        min: 0
        var: 3017.86694336
    pitch_after_max_to_before_max_energy_ratio: 1.48848974705
    pitch_centroid: 208.604675293
    pitch_max_to_total: 0.430232554674
    pitch_min_to_total: 0.976744174957
    tristimulus:
        dmean: [0.163801044226, 0.232117682695, 0.15713968873]
        dmean2: [0.284810274839, 0.408420324326, 0.27429920435]
        dvar: [0.0277753062546, 0.0451586022973, 0.0234193596989]
        dvar2: [0.0794280841947, 0.135160878301, 0.0670560002327]
        max: [1, 0.975073635578, 0.944186329842]
        mean: [0.266409695148, 0.529321789742, 0.161734640598]
        min: [0.00296174082905, 0, 0]
        var: [0.0367765389383, 0.0601443089545, 0.0275766290724]

tonal:
    chords_changes_rate: 0.0601851865649
    chords_number_rate: 0.0277777779847
    chords_strength:
        dmean: 0.00850177835673
        dmean2: 0.00762664619833
        dvar: 3.49039801222e-05
        dvar2: 4.14503520005e-05
        max: 0.76793718338
        mean: 0.576074004173
        min: 0.39255541563
        var: 0.00807483121753
    key_strength: 0.731168985367
    tuning_diatonic_strength: 0.625510036945
    tuning_equal_tempered_deviation: 0.0523908138275
    tuning_frequency: 435.952270508
    tuning_nontempered_energy_ratio: 0.718586444855
    hpcp:
        dmean: [0.167957603931, 0.0963544026017, 0.0687936544418, 0.0805490389466, 0.0627261772752, 0.0683407858014, 0.0885729342699, 0.0644094124436, 0.0514886900783, 0.0770839229226, 0.136502236128, 0.193284839392, 0.204551175237, 0.169582799077, 0.0986293405294, 0.0698719620705, 0.0514549687505, 0.0694430470467, 0.0937416628003, 0.0844476446509, 0.109026275575, 0.159341037273, 0.108807735145, 0.0787251219153, 0.174048826098, 0.166650235653, 0.0895285606384, 0.12272387743, 0.0913253501058, 0.0553606264293, 0.0456787459552, 0.0510748401284, 0.121287599206, 0.170514672995, 0.148049518466, 0.17022678256]
        dmean2: [0.270782828331, 0.155000507832, 0.115111477673, 0.140580892563, 0.111085243523, 0.110777452588, 0.143052533269, 0.103468202055, 0.0853041261435, 0.140128746629, 0.230215072632, 0.323002815247, 0.346250087023, 0.282228201628, 0.164206176996, 0.107961922884, 0.082809664309, 0.117316663265, 0.156185567379, 0.136612981558, 0.178051486611, 0.261792808771, 0.18114233017, 0.124104484916, 0.283243298531, 0.270964801311, 0.150900036097, 0.191524446011, 0.14751072228, 0.0934892892838, 0.0754102021456, 0.0864577814937, 0.198931649327, 0.282046318054, 0.241970360279, 0.281162858009]
        dvar: [0.0380246452987, 0.0136272562668, 0.00854604784399, 0.0153224766254, 0.01153771393, 0.0092231631279, 0.015744427219, 0.0104413926601, 0.00807240139693, 0.0164914391935, 0.0327882058918, 0.044257953763, 0.0533839203417, 0.0323567539454, 0.025373134762, 0.0120254559442, 0.00520780263469, 0.0138097628951, 0.0231543947011, 0.0162257440388, 0.0169563926756, 0.0363237373531, 0.0200026128441, 0.00777313206345, 0.051021412015, 0.0520543977618, 0.0113885747269, 0.0223157256842, 0.0124068940058, 0.00739526143298, 0.0038785180077, 0.00544000836089, 0.0175419710577, 0.0395952388644, 0.0212253388017, 0.0324206128716]
        dvar2: [0.0835476517677, 0.0284230746329, 0.0187090449035, 0.0328970886767, 0.0289787650108, 0.0226919110864, 0.0358367040753, 0.0224062465131, 0.023078199476, 0.0476727075875, 0.0860972553492, 0.111573539674, 0.119755066931, 0.0829841345549, 0.0629141554236, 0.0241395719349, 0.0138095440343, 0.0372549779713, 0.0585505850613, 0.0414943695068, 0.0406314395368, 0.0895691365004, 0.0547627210617, 0.0203439593315, 0.113662913442, 0.114782527089, 0.0280656348914, 0.0476730428636, 0.027204990387, 0.0194860789925, 0.00953987799585, 0.0143777634948, 0.0494590476155, 0.0989303141832, 0.0558624528348, 0.0770495459437]
        max: [1, 1, 0.723128795624, 1, 1, 0.671876966953, 0.972197055817, 1, 0.761065244675, 1, 1, 1, 1, 1, 1, 1, 0.563448131084, 1, 1, 0.931833803654, 1, 1, 1, 0.791623413563, 1, 1, 0.735749602318, 1, 1, 0.796586334705, 0.421434849501, 0.501852095127, 0.880097091198, 1, 1, 1]
        mean: [0.344246268272, 0.179736346006, 0.122838526964, 0.156523019075, 0.11553697288, 0.111039929092, 0.139270842075, 0.101959533989, 0.0659791305661, 0.0789387822151, 0.17340709269, 0.45054718852, 0.573503732681, 0.347501784563, 0.174754604697, 0.115303270519, 0.0753935799003, 0.111695446074, 0.15226970613, 0.121990576386, 0.16691558063, 0.253999590874, 0.169279009104, 0.128020346165, 0.228730708361, 0.199528992176, 0.163026362658, 0.230303063989, 0.163813784719, 0.0734711363912, 0.0594755187631, 0.0639123544097, 0.20215831697, 0.351151585579, 0.283954203129, 0.298931062222]
        min: [0.00475871143863, 0.00535565428436, 0.00211085402407, 0.00370349385776, 0.00474677048624, 0.005892038811, 0.00555515335873, 0.00488417036831, 0.00222927634604, 0.000961043639109, 0.00189400347881, 0.0108457300812, 0.0089558083564, 0.00258888467215, 0.00117759057321, 0.00157916126773, 0.000843510148115, 0.000862252549268, 0.00111471861601, 0.00164058816154, 0.00214427243918, 0.00482808379456, 0.00490677403286, 0.00346740009263, 0.00259735248983, 0.00216273008846, 0.00526360655203, 0.00716085312888, 0.00801145285368, 0.0025267561432, 0.0011062977137, 0.00160574633628, 0.00566670671105, 0.00663387170061, 0.0087927589193, 0.00698718288913]
        var: [0.102829799056, 0.0312782265246, 0.0216244310141, 0.055926412344, 0.0221702884883, 0.0154881831259, 0.0278944447637, 0.0199655424803, 0.00768401660025, 0.0130627052858, 0.0411351285875, 0.103624001145, 0.130587875843, 0.0748876556754, 0.0586466267705, 0.0276203975081, 0.00691464263946, 0.0172319617122, 0.0439454652369, 0.0284775421023, 0.031842391938, 0.0708703622222, 0.0343446135521, 0.0181614663452, 0.0801140666008, 0.0697664543986, 0.0181238129735, 0.0591461136937, 0.0303751155734, 0.00842507742345, 0.0048510315828, 0.0058274990879, 0.0303927939385, 0.100696526468, 0.052390947938, 0.0635203719139]
    chords_histogram: [32.8703689575, 14.8148145676, 5.55555534363, 0, 0, 0, 0, 12.0370368958, 0, 32.8703689575, 1.85185182095, 0, 0, 0, 0, 0, 0, 0, 0, 0, 0, 0, 0, 0]
    thpcp: [1, 0.605927705765, 0.304713994265, 0.201050594449, 0.13146135211, 0.194759756327, 0.265507787466, 0.212711036205, 0.291045337915, 0.442890912294, 0.295166373253, 0.223224952817, 0.398830384016, 0.347912281752, 0.284263819456, 0.401572048664, 0.285636812449, 0.128109261394, 0.10370554775, 0.111441917717, 0.352496951818, 0.612291693687, 0.49512180686, 0.521236479282, 0.60025113821, 0.313400477171, 0.214189589024, 0.272924154997, 0.201458096504, 0.193616747856, 0.242842078209, 0.177783563733, 0.115045689046, 0.137643009424, 0.302364379168, 0.785604655743]
    chords_key: "F#"
    chords_scale: "minor"
    key_key: "F#"
    key_scale: "minor"
    chords_progression: ["C#", "C#", "C#", "C#", "C#", "C#", "C#", "C#", "C#", "C#", "C#", "C#", "C#", "C#", "A", "A", "A", "A", "A", "A", "A", "A", "A", "C#", "C#", "C#", "C#", "C#", "C#", "C#", "C#", "C#", "C#", "C#", "C#", "C#", "C#", "C#", "C#", "A", "A", "A", "A", "A", "A", "A", "A", "C#", "C#", "C#", "C#", "C#", "C#", "C#", "C#", "C#", "C#", "C#", "C#", "C#", "C#", "C#", "C#", "C#", "C#", "C#", "C#", "C#", "C#", "C#", "C#", "C#", "C#", "C#", "C#", "C#", "C#", "C#", "C#", "C#", "C#", "C#", "C#", "C#", "C#", "Fm", "Fm", "Fm", "Fm", "F#m", "F#m", "F#m", "F#m", "F#m", "F#m", "F#m", "F#m", "F#m", "F#m", "F#m", "F#m", "F#m", "F#m", "F#m", "F#m", "F#m", "F#m", "F#m", "F#m", "F#", "F#", "F#", "F#", "F#", "F#", "F#", "F#", "F#", "F#", "F#m", "F#m", "F#m", "F#", "F#", "F#", "F#", "F#", "F#", "F#", "F#", "F#", "F#", "F#", "F#", "F#", "F#", "F#", "F#", "F#m", "F#m", "F#m", "F#m", "F#m", "F#m", "F#m", "F#m", "F#m", "F#m", "F#m", "F#m", "F#m", "F#m", "F#m", "F#m", "F#m", "F#m", "F#m", "F#m", "F#m", "F#m", "F#m", "F#m", "F#m", "F#m", "F#m", "F#m", "F#m", "F#m", "F#m", "F#m", "F#m", "F#m", "F#m", "F#m", "F#m", "F#m", "F#m", "F#m", "F#m", "F#m", "F#m", "F#m", "F#m", "F#m", "F#m", "F#m", "C#", "C#", "C#", "C#m", "C#m", "C#m", "C#m", "C#m", "C#m", "C#m", "C#m", "C#m", "C#m", "C#m", "C#m", "A", "A", "A", "A", "A", "A", "A", "A", "A", "A", "A", "A", "A", "A", "A"]
