
metadata:
    version:
        essentia: "1.2.2"
    audio_properties:
        analysis_sample_rate: 44100
        bitrate: 128
        channels: 2
        equal_loudness: 1
        length: 10.0310201645
        replay_gain: 1.6730594635
        downmix: "mix"
    tags:
        track: 26
        year: 0
        album: "Splitted by Mp3Splt v. 2.1"
        artist: "From 004.10 To 004.20"
        comment: "http://mp3splt.sf.net"
        genre: ""
        title: "09 If We Were Trees.mp3"

highlevel:
    ballroom:
        all:
            ChaChaCha: 0.00128270697314
            Jive: 0.00186279055197
            Quickstep: 0.000240096531343
            Rumba-American: 0.00216900673695
            Rumba-International: 0.721172094345
            Rumba-Misc: 0.242897391319
            Samba: 0.000916496093851
            Tango: 0.000611978932284
            VienneseWaltz: 0.0103803938255
            Waltz: 0.0184670407325
        probability: 0.721172094345
        value: "Rumba-International"
    culture:
        all:
            non_western: 0.0155996549875
            western: 0.984400331974
        probability: 0.984400331974
        value: "western"
    gender:
        all:
            female: 0.71672475338
            male: 0.28327524662
        probability: 0.71672475338
        value: "female"
    genre_dortmund:
        all:
            alternative: 0.0597913749516
            blues: 0.00113392318599
            electronic: 0.801582038403
            folkcountry: 0.0481700152159
            funksoulrnb: 0.00115194031969
            jazz: 0.0493980385363
            pop: 0.0298504307866
            raphiphop: 0.000144605248352
            rock: 0.00877762492746
        probability: 0.801582038403
        value: "electronic"
    genre_electronica:
        all:
            ambient: 0.941748917103
            dnb: 0.00284088798799
            house: 0.00420553702861
            techno: 0.00859858095646
            trance: 0.0426060818136
        probability: 0.941748917103
        value: "ambient"
    genre_rosamerica:
        all:
            cla: 0.146235972643
            dan: 0.0443580448627
            hip: 0.0132851572707
            jaz: 0.384637385607
            pop: 0.071850284934
            rhy: 0.0515637472272
            roc: 0.281483620405
            spe: 0.00658578053117
        probability: 0.384637385607
        value: "jaz"
    genre_tzanetakis:
        all:
            blu: 0.0996463447809
            cla: 0.198811352253
            cou: 0.0346558094025
            dis: 0.0198238119483
            hip: 0.0134674813598
            jaz: 0.438211500645
            met: 0.0231005642563
            pop: 0.0455869622529
            reg: 0.0396847464144
            roc: 0.0870114415884
        probability: 0.438211500645
        value: "jaz"
    live_studio:
        all:
            live: 0.450477987528
            studio: 0.549522042274
        probability: 0.549522042274
        value: "studio"
    mood:
        all:
            Cluster1: 0.259451717138
            Cluster2: 0.0668661743402
            Cluster3: 0.485644251108
            Cluster4: 0.0701828896999
            Cluster5: 0.117854967713
        probability: 0.485644251108
        value: "Cluster3"
    mood_acoustic:
        all:
            acoustic: 0.245413348079
            not_acoustic: 0.75458663702
        probability: 0.75458663702
        value: "not_acoustic"
    mood_aggressive:
        all:
            aggressive: 0.00657762540504
            not_aggressive: 0.99342238903
        probability: 0.99342238903
        value: "not_aggressive"
    mood_electronic:
        all:
            electronic: 0.856704592705
            not_electronic: 0.143295422196
        probability: 0.856704592705
        value: "electronic"
    mood_happy:
        all:
            happy: 0.0292222741991
            not_happy: 0.970777750015
        probability: 0.970777750015
        value: "not_happy"
    mood_party:
        all:
            not_party: 0.990575253963
            party: 0.00942472275347
        probability: 0.990575253963
        value: "not_party"
    mood_relaxed:
        all:
            not_relaxed: 0.0949902534485
            relaxed: 0.905009746552
        probability: 0.905009746552
        value: "relaxed"
    mood_sad:
        all:
            not_sad: 0.0603418387473
            sad: 0.939658164978
        probability: 0.939658164978
        value: "sad"
    rhythm:
        all:
            fast: 0.0151510639116
            medium: 0.0848279520869
            slow: 0.900020956993
        probability: 0.900020956993
        value: "slow"
    speech_music:
        all:
            music: 0.999998688698
            speech: 1.3274596995e-06
        probability: 0.999998688698
        value: "music"
    timbre:
        all:
            bright: 0.0503302291036
            dark: 0.949669778347
        probability: 0.949669778347
        value: "dark"
    voice_instrumental:
        all:
            instrumental: 0.999994218349
            voice: 5.76567754251e-06
        probability: 0.999994218349
        value: "instrumental"

lowlevel:
    average_loudness: 0.889770746231
    barkbands_kurtosis:
        dmean: 4.2269616127
        dmean2: 6.65055418015
        dvar: 23.0415534973
        dvar2: 59.2266807556
        max: 66.2302246094
        mean: 13.2821178436
        min: 0.87214422226
        var: 53.7356643677
    barkbands_skewness:
        dmean: 0.447207868099
        dmean2: 0.686293065548
        dvar: 0.155679598451
        dvar2: 0.397958636284
        max: 6.40941381454
        mean: 2.86879038811
        min: 0.854387879372
        var: 0.492213666439
    barkbands_spread:
        dmean: 2.02096557617
        dmean2: 3.18337893486
        dvar: 5.58470916748
        dvar2: 14.0298681259
        max: 23.6022968292
        mean: 6.92355298996
        min: 1.58626866341
        var: 11.7894487381
    dissonance:
        dmean: 0.0302559453994
        dmean2: 0.0507071390748
        dvar: 0.000534166872967
        dvar2: 0.00152498134412
        max: 0.482600927353
        mean: 0.409490555525
        min: 0.283674061298
        var: 0.00124422938097
    hfc:
        dmean: 0.282562285662
        dmean2: 0.424995929003
        dvar: 0.141595378518
        dvar2: 0.30469083786
        max: 7.7747092247
        mean: 1.34867227077
        min: 0.230152472854
        var: 1.12517595291
    pitch:
        dmean: 22.4741477966
        dmean2: 42.7215118408
        dvar: 1751.84777832
        dvar2: 4723.92382812
        max: 268.902435303
        mean: 191.971343994
        min: 66.315788269
        var: 1306.76611328
    pitch_instantaneous_confidence:
        dmean: 0.0802735462785
        dmean2: 0.126535519958
        dvar: 0.00481957802549
        dvar2: 0.0109606636688
        max: 0.865400671959
        mean: 0.54974848032
        min: 0.189669966698
        var: 0.0276684742421
    pitch_salience:
        dmean: 0.0478309467435
        dmean2: 0.0728944465518
        dvar: 0.00168433843646
        dvar2: 0.00376746174879
        max: 0.747249901295
        mean: 0.545818984509
        min: 0.292280524969
        var: 0.00748317921534
    silence_rate_20dB:
        dmean: 0
        dmean2: 0
        dvar: 0
        dvar2: 0
        max: 1
        mean: 1
        min: 1
        var: 0
    silence_rate_30dB:
        dmean: 0
        dmean2: 0
        dvar: 0
        dvar2: 0
        max: 1
        mean: 1
        min: 1
        var: 0
    silence_rate_60dB:
        dmean: 0.111368909478
        dmean2: 0.223255813122
        dvar: 0.0989657640457
        dvar2: 0.196668356657
        max: 1
        mean: 0.465277791023
        min: 0
        var: 0.248794153333
    spectral_centroid:
        dmean: 37.7674217224
        dmean2: 55.0013771057
        dvar: 1615.38879395
        dvar2: 3580.06713867
        max: 574.347229004
        mean: 301.631134033
        min: 169.990753174
        var: 5797.46728516
    spectral_complexity:
        dmean: 1.02797198296
        dmean2: 1.81074762344
        dvar: 0.852366924286
        dvar2: 2.09268593788
        max: 11
        mean: 5.39069747925
        min: 2
        var: 2.3078224659
    spectral_crest:
        dmean: 1.88914990425
        dmean2: 2.88643670082
        dvar: 2.96194696426
        dvar2: 6.89351940155
        max: 23.0816497803
        mean: 13.304110527
        min: 5.70373678207
        var: 17.1799144745
    spectral_decrease:
        dmean: 2.50165499427e-10
        dmean2: 3.78794606792e-10
        dvar: 9.55103512673e-20
        dvar2: 2.03437963074e-19
        max: -2.23654691989e-10
        mean: -1.10417985866e-09
        min: -5.09586506325e-09
        var: 4.89678825115e-19
    spectral_energy:
        dmean: 0.000966733437963
        dmean2: 0.00146415166091
        dvar: 1.4360083469e-06
        dvar2: 3.05688286062e-06
        max: 0.0199381429702
        mean: 0.00428975466639
        min: 0.000864999310579
        var: 7.46457817513e-06
    spectral_energyband_high:
        dmean: 6.43637486064e-06
        dmean2: 9.61119258136e-06
        dvar: 8.07365563293e-11
        dvar2: 1.91259258431e-10
        max: 0.000108375927084
        mean: 1.24499565572e-05
        min: 1.25149119867e-06
        var: 1.39341579941e-10
    spectral_energyband_low:
        dmean: 0.000164683151525
        dmean2: 0.000184698670637
        dvar: 1.91203728406e-08
        dvar2: 2.11926529659e-08
        max: 0.00164851441514
        mean: 0.000649391382467
        min: 3.40020196745e-05
        var: 1.57365846576e-07
    spectral_energyband_middle_high:
        dmean: 7.2514761996e-05
        dmean2: 0.000106248146039
        dvar: 6.87503387553e-09
        dvar2: 1.41018521305e-08
        max: 0.00141628098208
        mean: 0.000237811022089
        min: 2.65902381216e-05
        var: 4.14875103161e-08
    spectral_energyband_middle_low:
        dmean: 0.000909666938242
        dmean2: 0.00141145871021
        dvar: 1.36316884891e-06
        dvar2: 2.89572108159e-06
        max: 0.0190036185086
        mean: 0.00338884047233
        min: 0.000327878980897
        var: 7.79488800617e-06
    spectral_flatness_db:
        dmean: 0.0230855755508
        dmean2: 0.0370102785528
        dvar: 0.000355754804332
        dvar2: 0.000801580550615
        max: 0.343467086554
        mean: 0.256046801805
        min: 0.15527318418
        var: 0.00112255988643
    spectral_flux:
        dmean: 0.00655891792849
        dmean2: 0.0108152702451
        dvar: 5.12614387844e-05
        dvar2: 0.000126907136291
        max: 0.105002246797
        mean: 0.0202515907586
        min: 0.00861338432878
        var: 8.13672522781e-05
    spectral_kurtosis:
        dmean: 6.9631562233
        dmean2: 11.7699365616
        dvar: 33.3430290222
        dvar2: 90.6219024658
        max: 36.5771903992
        mean: 12.7006187439
        min: 0.437245368958
        var: 55.9207077026
    spectral_rms:
        dmean: 0.000226961463341
        dmean2: 0.000338419049513
        dvar: 4.97016579004e-08
        dvar2: 1.02173309813e-07
        max: 0.0044104247354
        mean: 0.00195901212282
        min: 0.000918641278986
        var: 3.47398525946e-07
    spectral_rolloff:
        dmean: 62.8428230286
        dmean2: 106.710174561
        dvar: 7581.14208984
        dvar2: 16222.4326172
        max: 796.728515625
        mean: 352.693237305
        min: 193.798828125
        var: 16079.0869141
    spectral_skewness:
        dmean: 0.607362449169
        dmean2: 0.996239721775
        dvar: 0.220441162586
        dvar2: 0.599781990051
        max: 4.47188282013
        mean: 2.58341121674
        min: 1.02349758148
        var: 0.444869846106
    spectral_spread:
        dmean: 438205.3125
        dmean2: 670984.4375
        dvar: 350553079808
        dvar2: 558634631168
        max: 13004617
        mean: 2622513
        min: 1524036.75
        var: 547747790848
    spectral_strongpeak:
        dmean: 0.0946227833629
        dmean2: 0.147065028548
        dvar: 0.00961112044752
        dvar2: 0.0199501365423
        max: 1.5882819891
        mean: 0.372035443783
        min: 0.0198657289147
        var: 0.0933335572481
    zerocrossingrate:
        dmean: 0.00366609310731
        dmean2: 0.0047972491011
        dvar: 9.99981148198e-06
        dvar2: 1.72629879671e-05
        max: 0.0439453125
        mean: 0.0222463216633
        min: 0.00830078125
        var: 4.30639047408e-05
    barkbands:
        dmean: [2.87798320642e-06, 0.000115075068607, 6.71690286254e-05, 0.000182014933671, 0.000722572323866, 9.07966168597e-05, 8.2143356849e-05, 3.63401813956e-05, 7.70504630054e-06, 5.84471526963e-05, 1.17881381811e-05, 1.93091873371e-05, 9.92661261989e-06, 4.01906800107e-06, 7.48692764319e-06, 3.11338180836e-06, 6.6923189479e-06, 5.97210009801e-06, 1.03171823866e-05, 5.94419998379e-06, 3.17321928378e-06, 1.11007886971e-06, 7.57931744033e-08, 1.58955657525e-08, 6.42613651181e-09, 4.37367031481e-10, 4.13973799684e-10]
        dmean2: [4.85648752147e-06, 0.000130782733322, 8.21986614028e-05, 0.000304411427351, 0.00112574698869, 0.000124928119476, 0.000118755502626, 5.57176754228e-05, 1.30848402478e-05, 8.06202806416e-05, 1.96816363314e-05, 3.06189431285e-05, 1.67483194673e-05, 6.42955274088e-06, 1.26860977616e-05, 4.98616782352e-06, 1.09308266474e-05, 1.02611138573e-05, 1.6583062461e-05, 9.71674853645e-06, 4.94987625643e-06, 1.73379896751e-06, 1.12880407244e-07, 2.30725731853e-08, 9.75703873252e-09, 5.89512605398e-10, 5.58341206602e-10]
        dvar: [8.00725805106e-12, 6.10610095819e-09, 5.25121590655e-09, 4.64676261913e-08, 8.03619116141e-07, 2.32678480927e-08, 2.59371422118e-08, 1.38019462526e-09, 2.05273714693e-10, 6.19699092042e-09, 1.18748136324e-10, 6.46463438336e-10, 1.42240136336e-10, 2.94845987903e-11, 6.82984779843e-11, 1.89699037728e-11, 8.93826471171e-11, 7.58991550165e-11, 1.75811809555e-10, 6.62908200555e-11, 2.16207520637e-11, 1.64965144409e-12, 1.00575243731e-14, 7.14142848132e-16, 1.69546932222e-16, 2.06486697488e-17, 2.29654338997e-17]
        dvar2: [2.10274419404e-11, 7.49768069852e-09, 8.42641867393e-09, 1.14317110445e-07, 1.63710819834e-06, 3.42722863422e-08, 5.93399249738e-08, 3.65779384559e-09, 5.41083899908e-10, 1.10515632201e-08, 2.83218115626e-10, 1.58091006952e-09, 3.69683367252e-10, 6.15574882734e-11, 1.88880633356e-10, 3.53435128386e-11, 2.22819401818e-10, 1.94472327131e-10, 4.30652791206e-10, 1.64795357915e-10, 5.10288512834e-11, 3.99801719508e-12, 2.13009999044e-14, 1.61916944137e-15, 3.81776251703e-16, 2.07182224034e-17, 2.29995335933e-17]
        max: [4.02735240641e-05, 0.000966371037066, 0.000750148319639, 0.00233098561876, 0.0119383828714, 0.0060398564674, 0.00450981548056, 0.000671573332511, 0.000176623259904, 0.000826283940114, 0.000110768422019, 0.000673566770274, 0.000138175819302, 6.79433360347e-05, 6.00385174039e-05, 5.41829394933e-05, 0.000112336558232, 9.3862945505e-05, 0.000148897466715, 9.97332390398e-05, 5.79721236136e-05, 1.38952027555e-05, 1.04539219592e-06, 3.4073372035e-07, 1.25571972376e-07, 9.44068077047e-08, 9.95597133624e-08]
        mean: [2.18527147808e-05, 0.000427529099397, 0.000201278919121, 0.000317343132338, 0.00218732794747, 0.000471378356451, 0.000290184398182, 8.82712556631e-05, 1.04928303699e-05, 0.000105868246465, 2.34722283494e-05, 5.0088554417e-05, 1.51556669152e-05, 6.17538671577e-06, 1.28542887978e-05, 5.43435498912e-06, 9.40834434005e-06, 9.49193508859e-06, 1.68511178344e-05, 1.19339174489e-05, 5.36116976946e-06, 1.85889916793e-06, 1.16591770905e-07, 2.25761969119e-08, 7.8924298208e-09, 4.33548918988e-10, 3.73484659866e-10]
        min: [4.07323000218e-07, 9.83596692095e-06, 3.01040790873e-06, 1.58917773661e-05, 8.97788850125e-05, 5.75458352614e-06, 1.14397221296e-06, 3.7754987261e-06, 5.38700817287e-07, 1.64822495208e-06, 8.26825726108e-07, 1.15972238746e-06, 7.03159457771e-07, 1.52459449509e-07, 9.69825009633e-07, 3.20207732329e-07, 7.07282652002e-07, 5.51804873794e-07, 1.2514132095e-06, 1.31371530188e-06, 2.34312523162e-07, 1.62448571928e-07, 4.68604977044e-09, 6.630624938e-10, 1.23306087563e-10, 4.43303109065e-13, 1.61143495059e-14]
        var: [8.27016649607e-11, 6.38155270849e-08, 2.39460185014e-08, 6.49018900845e-08, 3.23637664223e-06, 8.01043825049e-07, 3.10554014504e-07, 7.17088122215e-09, 2.16188372759e-10, 1.60182800357e-08, 2.99689301153e-10, 9.07263242311e-09, 2.03382227726e-10, 5.46525671941e-11, 1.03836279852e-10, 3.63407984261e-11, 1.13677914304e-10, 1.21306617529e-10, 3.37275429807e-10, 1.05557958208e-10, 3.24849175337e-11, 3.23260016845e-12, 1.86469576894e-14, 1.11704269864e-15, 2.52972239519e-16, 2.06728002616e-17, 2.29708618589e-17]
    mfcc:
        mean: [-820.407470703, 207.692901611, -31.2845592499, 77.1941680908, -23.9052658081, 16.4115447998, 4.69679307938, -2.46433115005, -6.26765537262, -8.58095550537, -4.91558218002, -5.7447142601, -2.62990903854]
        cov: [[1250.46716309, -409.196716309, -73.9620437622, -142.177032471, -73.4186096191, -153.588134766, -131.777313232, -107.309829712, -129.562652588, -113.350837708, -35.4238700867, -5.70688438416, -7.6768693924], [-409.196716309, 458.263519287, -124.531585693, 34.4434585571, -107.025512695, 9.85153865814, 5.71163511276, -16.6532039642, -57.7245559692, -10.3319892883, -12.5716285706, -9.76842594147, -3.19253253937], [-73.9620437622, -124.531585693, 179.27116394, -10.6016960144, 68.0388412476, 17.642791748, 39.3398017883, 24.5147514343, 56.6468849182, 13.3754014969, 14.4591350555, -2.74878549576, 10.4846315384], [-142.177032471, 34.4434585571, -10.6016960144, 84.7979431152, 25.7918300629, 23.9587955475, 5.31459903717, 20.4412250519, 23.5367431641, 24.7065296173, -1.959826231, 5.93927192688, -2.23674321175], [-73.4186096191, -107.025512695, 68.0388412476, 25.7918300629, 116.610427856, 49.9859199524, 34.9682312012, 35.7599983215, 53.1523132324, 31.3026752472, 11.9009428024, 7.4190955162, -2.15367507935], [-153.588134766, 9.85153865814, 17.642791748, 23.9587955475, 49.9859199524, 84.0215530396, 44.1564445496, 40.7228775024, 41.7577438354, 27.1216144562, 3.16141986847, -0.0617551468313, -12.1052722931], [-131.777313232, 5.71163511276, 39.3398017883, 5.31459903717, 34.9682312012, 44.1564445496, 60.6438674927, 38.7023544312, 38.074962616, 19.2326583862, -0.546832323074, -8.81500148773, -9.00494289398], [-107.309829712, -16.6532039642, 24.5147514343, 20.4412250519, 35.7599983215, 40.7228775024, 38.7023544312, 68.0764465332, 61.6285057068, 31.9827880859, -1.4588316679, -7.00122928619, -15.4181900024], [-129.562652588, -57.7245559692, 56.6468849182, 23.5367431641, 53.1523132324, 41.7577438354, 38.074962616, 61.6285057068, 104.13470459, 51.9098815918, 6.34031915665, -6.98312664032, -13.1053628922], [-113.350837708, -10.3319892883, 13.3754014969, 24.7065296173, 31.3026752472, 27.1216144562, 19.2326583862, 31.9827880859, 51.9098815918, 56.1860160828, 15.4085931778, 3.22382712364, -4.82154178619], [-35.4238700867, -12.5716285706, 14.4591350555, -1.959826231, 11.9009428024, 3.16141986847, -0.546832323074, -1.4588316679, 6.34031915665, 15.4085931778, 36.4310569763, 15.8497133255, 9.35890007019], [-5.70688438416, -9.76842594147, -2.74878549576, 5.93927192688, 7.4190955162, -0.0617551468313, -8.81500148773, -7.00122928619, -6.98312664032, 3.22382712364, 15.8497133255, 45.3235206604, 24.8217144012], [-7.6768693924, -3.19253253937, 10.4846315384, -2.23674321175, -2.15367507935, -12.1052722931, -9.00494289398, -15.4181900024, -13.1053628922, -4.82154178619, 9.35890007019, 24.8217144012, 43.5970001221]]
        icov: [[0.00353941437788, 0.00422286288813, 0.00236992025748, 0.00261532817967, 0.00131150707603, 0.0014309999533, 0.00217706733383, -8.12244979898e-05, 0.00209851376712, 0.00174560153391, 0.00207724957727, -0.00019607397553, 0.00186937081162], [0.00422286288813, 0.00928617175668, 0.00436816504225, 0.000345324893715, 0.00630686199293, -0.000282936904114, -0.0012255316833, 0.000605748558883, 0.00441330252215, 0.00127920939121, 0.00152544642333, 0.000996474758722, 0.00115822569933], [0.00236992025748, 0.00436816504225, 0.0129501447082, 0.00234704115428, -0.00264842086472, 0.00369020435028, -0.00586480181664, 0.0032544718124, -0.0055387634784, 0.00677593424916, -0.0029854318127, 0.00313426414505, -0.00348258460872], [0.00261532817967, 0.000345324893715, 0.00234704115428, 0.0195616502315, -0.00481520220637, -0.000374841038138, 0.00800253450871, -0.00291459076107, 0.000991796376184, -0.00466374168172, 0.00709618767723, -0.00265479483642, 0.000975725648459], [0.00131150707603, 0.00630686199293, -0.00264842086472, -0.00481520220637, 0.0221999548376, -0.00804991554469, -0.00345381791703, 0.000816834974103, 0.00138627749402, -0.00196549133398, -0.00113065715414, -0.00207197596319, 0.0011413837783], [0.0014309999533, -0.000282936904114, 0.00369020435028, -0.000374841038138, -0.00804991554469, 0.0274927765131, -0.0120757836848, -0.00314919953234, -0.00099090882577, 0.000834340695292, 4.27538798249e-05, -0.00408923625946, 0.00506607582793], [0.00217706733383, -0.0012255316833, -0.00586480181664, 0.00800253450871, -0.00345381791703, -0.0120757836848, 0.0436602309346, -0.0151000898331, 0.00378011213616, -0.00167252018582, 0.00485844397917, 0.00453871721402, -0.000406900508096], [-8.12244979898e-05, 0.000605748558883, 0.0032544718124, -0.00291459076107, 0.000816834974103, -0.00314919953234, -0.0151000898331, 0.043603669852, -0.0200901590288, 9.43631821428e-05, 0.00355551741086, -0.00298115354963, 0.00547075411305], [0.00209851376712, 0.00441330252215, -0.0055387634784, 0.000991796376184, 0.00138627749402, -0.00099090882577, 0.00378011213616, -0.0200901590288, 0.0381862074137, -0.0209031105042, 0.00525145605206, 0.00250482023694, 0.00215847813524], [0.00174560153391, 0.00127920939121, 0.00677593424916, -0.00466374168172, -0.00196549133398, 0.000834340695292, -0.00167252018582, 9.43631821428e-05, -0.0209031105042, 0.0471927858889, -0.0169734023511, 0.000547003757674, 0.000622627267148], [0.00207724957727, 0.00152544642333, -0.0029854318127, 0.00709618767723, -0.00113065715414, 4.27538798249e-05, 0.00485844397917, 0.00355551741086, 0.00525145605206, -0.0169734023511, 0.0436390303075, -0.0128740742803, 0.00143977755215], [-0.00019607397553, 0.000996474758722, 0.00313426414505, -0.00265479483642, -0.00207197596319, -0.00408923625946, 0.00453871721402, -0.00298115354963, 0.00250482023694, 0.000547003757674, -0.0128740742803, 0.0401714071631, -0.021500390023], [0.00186937081162, 0.00115822569933, -0.00348258460872, 0.000975725648459, 0.0011413837783, 0.00506607582793, -0.000406900508096, 0.00547075411305, 0.00215847813524, 0.000622627267148, 0.00143977755215, -0.021500390023, 0.040202435106]]
    spectral_contrast:
        mean: [1.28124000298e-07, 9.58006083351e-08, -5.0541359542e-07, 2.31760708402e-07, 1.98436680421e-07, 2.93760791692e-07, -1.83270424259e-06, 5.44271824765e-06, 6.50175763894e-07, 3.5208324789e-06, -9.72803263721e-07, 2.58656427832e-06]
        var: [0.000141740310937, 0.00025410472881, 0.00045575160766, 0.00149758032057, 0.0021784780547, 0.00473591173068, 0.0243265088648, 0.0496729016304, 0.0822182819247, 0.147513076663, 0.269117563963, 0.890971899033]

rhythm:
    beats_loudness:
        dmean: 0.00243665883318
        dmean2: 0.00453635631129
        dvar: 8.57440318214e-06
        dvar2: 2.52391819231e-05
        max: 0.0148154469207
        mean: 0.00490198098123
        min: 0.00235319067724
        var: 8.87065471034e-06
    beats_loudness_bass:
        dmean: 0.08408703655
        dmean2: 0.129496887326
        dvar: 0.00451721204445
        dvar2: 0.00952079799026
        max: 0.64513874054
        mean: 0.252595454454
        min: 0.00450835097581
        var: 0.0336193665862
    bpm: 159.999313354
    bpm_confidence: 0
    first_peak_bpm: 160
    first_peak_spread: 0
    first_peak_weight: 0.960000038147
    onset_rate: 4.58577489853
    second_peak_bpm: 93
    second_peak_spread: 0
    second_peak_weight: 0.0399999991059
    beats_position: [0.0794581398368, 0.455358296633, 0.83125847578, 1.20715856552, 1.58305871487, 1.95895886421, 2.33485889435, 2.7107591629, 3.08665919304, 3.46255946159, 3.83845973015, 4.21436023712, 4.59026050568, 4.96616077423, 5.34206104279, 5.98402500153, 6.35728359222, 6.73054218292, 7.10380077362, 7.47705888748, 7.85031795502, 8.22357654572, 8.59683513641, 8.97009372711, 9.34335136414, 9.71661090851]
    bpm_estimates: [159.721084595, 159.131546021, 159.2109375, 160.331100464, 159.664672852, 159.647506714, 162.963577271, 159.216293335, 160.107009888]
    bpm_intervals: [0.375900149345, 0.375900179148, 0.375900089741, 0.375900149345, 0.375900149345, 0.375900030136, 0.375900268555, 0.375900030136, 0.375900268555, 0.375900268555, 0.375900506973, 0.375900268555, 0.375900268555, 0.375900268555, 0.64196395874, 0.373258590698, 0.373258590698, 0.373258590698, 0.373258113861, 0.373259067535, 0.373258590698, 0.373258590698, 0.373258590698, 0.373257637024, 0.373259544373]
    onset_times: [0.0580498874187, 0.290249437094, 0.452789127827, 0.835918366909, 0.99845802784, 1.2190476656, 1.764716506, 1.91564631462, 2.18267583847, 2.48453521729, 2.86766433716, 3.25079369545, 3.50621318817, 3.63392281532, 3.86612248421, 4.01705217361, 4.20281171799, 4.3073015213, 4.60916090012, 4.88780021667, 5.0967798233, 5.23609972, 5.47990942001, 5.630838871, 5.85142850876, 6.09523820877, 6.25777769089, 6.40870761871, 6.65251684189, 6.86149644852, 6.98920631409, 7.2910656929, 7.51165533066, 7.58131504059, 7.73224496841, 7.87156438828, 7.99927425385, 8.16181373596, 8.24308395386, 8.51011371613, 9.22993183136, 9.33442211151, 9.54340171814, 9.84526062012, 9.98458003998, 10.0310201645]
    rubato_start: []
    rubato_stop: []
    perceptual_tempo: "unknown"

sfx:
    inharmonicity:
        dmean: 0.0088732521981
        dmean2: 0.0162057559937
        dvar: 0.000361942278687
        dvar2: 0.00113186601084
        max: 0.136503323913
        mean: 0.00818143971264
        min: 5.87390559303e-06
        var: 0.000247903051786
    oddtoevenharmonicenergyratio:
        dmean: 0.563401699066
        dmean2: 1.06240141392
        dvar: 9.38581180573
        dvar2: 28.0133914948
        max: 43.7595024109
        mean: 0.525648474693
        min: 9.33337869355e-05
        var: 5.33897256851
    pitch_after_max_to_before_max_energy_ratio: 0.860879540443
    pitch_centroid: 211.653579712
    pitch_max_to_total: 0.520930230618
    pitch_min_to_total: 0.495348840952
    tristimulus:
        dmean: [0.130079254508, 0.128291159868, 0.023415280506]
        dmean2: [0.22453199327, 0.223818004131, 0.0383843183517]
        dvar: [0.0219951793551, 0.0220318716019, 0.000554703990929]
        dvar2: [0.0637207254767, 0.064951993525, 0.00148190080654]
        max: [0.986394941807, 0.948657512665, 0.186679601669]
        mean: [0.621131360531, 0.33697861433, 0.0362326018512]
        min: [0.0269717033952, 0, 0]
        var: [0.0369556210935, 0.0362233184278, 0.000793734972831]

tonal:
    chords_changes_rate: 0.0277777779847
    chords_number_rate: 0.0138888889924
    chords_strength:
        dmean: 0.00335085159168
        dmean2: 0.00386948161758
        dvar: 7.22109189155e-06
        dvar2: 9.45113697526e-06
        max: 0.565951168537
        mean: 0.514818012714
        min: 0.463145136833
        var: 0.00078024121467
    key_strength: 0.659606218338
    tuning_diatonic_strength: 0.627752900124
    tuning_equal_tempered_deviation: 0.123100683093
    tuning_frequency: 443.572570801
    tuning_nontempered_energy_ratio: 0.743397593498
    hpcp:
        dmean: [0.0926379114389, 0.0563746057451, 0.0116357812658, 0.00489651830867, 0.00515443040058, 0.00892244279385, 0.011617211625, 0.0127844056115, 0.0429485291243, 0.107268944383, 0.120049528778, 0.0635065287352, 0.0126664908603, 0.00855207629502, 0.0362265668809, 0.0817932412028, 0.0919078141451, 0.0300376266241, 0.00947340019047, 0.00752718560398, 0.0125917326659, 0.0158787164837, 0.0159791689366, 0.012046626769, 0.00759657751769, 0.0115206781775, 0.0178443789482, 0.0174009762704, 0.0552259013057, 0.265742987394, 0.241338089108, 0.266073524952, 0.189911469817, 0.0284408982843, 0.0203786697239, 0.0713652819395]
        dmean2: [0.143342673779, 0.0950491204858, 0.0213831756264, 0.00871095620096, 0.00959150772542, 0.0163511689752, 0.0206010956317, 0.023704200983, 0.0784133896232, 0.171838834882, 0.194861903787, 0.113041050732, 0.0238124486059, 0.0154812689871, 0.0581862591207, 0.125099688768, 0.142178684473, 0.0489758104086, 0.0153072550893, 0.0123885022476, 0.0207508746535, 0.0266329031438, 0.0291125811636, 0.0225256886333, 0.0139007875696, 0.0224232673645, 0.0352349616587, 0.0341263785958, 0.104758180678, 0.448932766914, 0.432118684053, 0.454556465149, 0.33630412817, 0.0530540682375, 0.0350408032537, 0.116864837706]
        dvar: [0.0183994565159, 0.00501997256652, 0.000461348972749, 8.41319051688e-05, 9.75076472969e-05, 0.000318653095746, 0.000277391285636, 0.000578786071856, 0.00346336024813, 0.0187707655132, 0.0253230966628, 0.0151276160032, 0.00133180897683, 0.000805813353509, 0.00439030770212, 0.0220144223422, 0.0219729207456, 0.00288697751239, 0.00235499371774, 0.000559504376724, 0.000694828515407, 0.00121835770551, 0.000981857534498, 0.000684832397383, 0.000260235625319, 0.00265654106624, 0.00459651555866, 0.00318322563544, 0.0155519349501, 0.0495194010437, 0.0687157586217, 0.0381434857845, 0.0419154278934, 0.00416186917573, 0.00533130811527, 0.0104323616251]
        dvar2: [0.0372605845332, 0.0124928336591, 0.00135401787702, 0.000258644286077, 0.000283156172372, 0.000959712080657, 0.000817705702502, 0.00167287036311, 0.00957240536809, 0.0434356331825, 0.0574561730027, 0.0430640988052, 0.00386804156005, 0.00200304551981, 0.0127120567486, 0.042497497052, 0.0475402325392, 0.00628313608468, 0.00454552797601, 0.00130628026091, 0.00124521180987, 0.00216122926213, 0.00277489586733, 0.00190996867605, 0.000725782301743, 0.00789836142212, 0.0135834785178, 0.0093713067472, 0.0460886731744, 0.154203131795, 0.174670442939, 0.110016047955, 0.114019758999, 0.0121650733054, 0.0136851649731, 0.0239167138934]
        max: [1, 0.465747237206, 0.128752917051, 0.0841819271445, 0.0745043158531, 0.14854440093, 0.110501788557, 0.176889851689, 0.388306081295, 1, 0.986223578453, 1, 0.284191936255, 0.274435162544, 0.700918674469, 1, 1, 0.616942703724, 0.521988928318, 0.271088421345, 0.282489448786, 0.38728299737, 0.208050400019, 0.188134208322, 0.11981806159, 0.494943916798, 0.544029533863, 0.377152144909, 0.800601959229, 1, 1, 1, 0.900869429111, 0.412453144789, 0.855889201164, 0.952316939831]
        mean: [0.270204931498, 0.12205055356, 0.0112115908414, 0.00567348720506, 0.00471803545952, 0.0109666660428, 0.0153988683596, 0.0120494076982, 0.0366558395326, 0.143223792315, 0.167917758226, 0.0619612932205, 0.00896509271115, 0.00666951900348, 0.0757285878062, 0.292258709669, 0.264578938484, 0.0491583123803, 0.00769553007558, 0.00675796531141, 0.0135662490502, 0.0180814675987, 0.0140066919848, 0.0109036546201, 0.00786597467959, 0.00739703467116, 0.0102424481884, 0.0104367621243, 0.0348626822233, 0.368644595146, 0.810477674007, 0.602887570858, 0.143427431583, 0.0175194535404, 0.0199897401035, 0.170873567462]
        min: [0.000762894691434, 0.000548727170099, 0.00075791409472, 0.000546666851733, 0.000323404092342, 0.000569966854528, 0.00142420397606, 0.000649966998026, 0.000573736731894, 0.00150259165093, 0.00238045700826, 0.000592191936448, 0.000106443061668, 0.000102274578239, 0.000727107340936, 0.00278615904972, 0.00282960478216, 0.000254444545135, 0.000109134423838, 0.000111467677925, 0.000427350518294, 0.000276375823887, 0.000334249285515, 0.000536264153197, 0.000564183632378, 0.000196811393835, 0.00010506912804, 0.000141417243867, 0.000140012503834, 0.0191965010017, 0.112887911499, 0.0414794459939, 0.000557143765036, 9.76014707703e-05, 0.000161162388395, 0.000541998771951]
        var: [0.08999697119, 0.0140702193603, 0.000367268105038, 6.24208987574e-05, 6.46561675239e-05, 0.000207833232707, 0.000252644880675, 0.000361088081263, 0.00287026516162, 0.0279574170709, 0.042683262378, 0.0128034763038, 0.000775368185714, 0.000652382499538, 0.00955106411129, 0.13668769598, 0.118465475738, 0.00593610666692, 0.00185121817049, 0.000494169886224, 0.000766748504248, 0.00131372257601, 0.000679929857142, 0.000453375600046, 0.000174447486643, 0.00135670625605, 0.00237969122827, 0.00174863741267, 0.00992050860077, 0.0612034089863, 0.0763385668397, 0.076512478292, 0.0391162410378, 0.00267271255143, 0.00453058257699, 0.0502467490733]
    chords_histogram: [25.9259262085, 0, 0, 0, 0, 0, 0, 0, 0, 0, 0, 0, 0, 0, 0, 50.9259262085, 0, 0, 0, 0, 0, 0, 23.148147583, 0]
    thpcp: [1, 0.743866980076, 0.176966547966, 0.0216162074357, 0.0246641468257, 0.210830688477, 0.333389729261, 0.150590881705, 0.0138333123177, 0.00700017716736, 0.00582130206749, 0.0135311139748, 0.0189997442067, 0.0148670449853, 0.0452274531126, 0.176715284586, 0.207183688879, 0.0764503404498, 0.011061492376, 0.00822912156582, 0.0934369787574, 0.360600560904, 0.326448142529, 0.0606535077095, 0.00949505530298, 0.00833825021982, 0.0167385842651, 0.0223096422851, 0.0172820203006, 0.0134533680975, 0.00970535632223, 0.00912675913423, 0.0126375453547, 0.0128772975877, 0.0430149808526, 0.454848557711]
    chords_key: "C"
    chords_scale: "minor"
    key_key: "G"
    key_scale: "major"
    chords_progression: ["G", "G", "G", "G", "G", "G", "G", "G", "G", "G", "G", "G", "G", "G", "G", "G", "G", "G", "G", "G", "G", "G", "G", "G", "G", "G", "G", "G", "G", "G", "G", "G", "G", "G", "G", "G", "G", "G", "G", "G", "G", "G", "G", "G", "Cm", "Cm", "Cm", "C", "C", "C", "C", "C", "C", "C", "C", "C", "C", "C", "C", "Cm", "Cm", "Cm", "Cm", "Cm", "Cm", "Cm", "Cm", "Cm", "Cm", "Cm", "Cm", "Cm", "Cm", "Cm", "Cm", "Cm", "Cm", "Cm", "Cm", "Cm", "Cm", "Cm", "Cm", "Cm", "Cm", "Cm", "Cm", "Cm", "Cm", "Cm", "Cm", "Cm", "Cm", "Cm", "Cm", "Cm", "Cm", "Cm", "Cm", "Cm", "Cm", "Cm", "Cm", "Cm", "Cm", "Cm", "Cm", "Cm", "Cm", "Cm", "Cm", "Cm", "Cm", "Cm", "Cm", "Cm", "Cm", "Cm", "Cm", "Cm", "Cm", "Cm", "Cm", "Cm", "Cm", "Cm", "Cm", "Cm", "Cm", "Cm", "Cm", "Cm", "Cm", "Cm", "Cm", "Cm", "Cm", "Cm", "Cm", "Cm", "Cm", "Cm", "Cm", "Cm", "Cm", "Cm", "Cm", "Cm", "Cm", "Cm", "Cm", "Cm", "Cm", "Cm", "Cm", "Cm", "Cm", "C", "C", "C", "C", "C", "C", "C", "C", "C", "C", "C", "C", "C", "C", "C", "C", "C", "C", "C", "C", "C", "C", "C", "C", "C", "C", "C", "C", "C", "C", "C", "C", "C", "C", "C", "C", "C", "C", "Cm", "Cm", "Cm", "Cm", "Cm", "Cm", "Cm", "Cm", "Cm", "G", "G", "G", "G", "G", "G", "G", "G", "G", "G", "G", "G"]
