
metadata:
    version:
        essentia: "1.2.2"
    audio_properties:
        analysis_sample_rate: 44100
        bitrate: 128
        channels: 2
        equal_loudness: 1
        length: 10.0048980713
        replay_gain: -10.4503898621
        downmix: "mix"
    tags:
        track: 4
        year: 0
        album: "Splitted by Mp3Splt v. 2.1"
        artist: "From 000.30 To 000.40"
        comment: "http://mp3splt.sf.net"
        genre: ""
        title: "07 Solitaire.mp3"

highlevel:
    ballroom:
        all:
            ChaChaCha: 0.115988068283
            Jive: 0.392352491617
            Quickstep: 0.185290887952
            Rumba-American: 0.00264834566042
            Rumba-International: 0.0254851989448
            Rumba-Misc: 0.00811418797821
            Samba: 0.252225637436
            Tango: 0.0054576699622
            VienneseWaltz: 0.00841886550188
            Waltz: 0.00401863874868
        probability: 0.392352491617
        value: "Jive"
    culture:
        all:
            non_western: 0.361160427332
            western: 0.638839542866
        probability: 0.638839542866
        value: "western"
    gender:
        all:
            female: 0.949135303497
            male: 0.0508646890521
        probability: 0.949135303497
        value: "female"
    genre_dortmund:
        all:
            alternative: 0.123791329563
            blues: 0.00134758464992
            electronic: 0.648441433907
            folkcountry: 0.00799538567662
            funksoulrnb: 0.00294221471995
            jazz: 0.0315519683063
            pop: 0.0779975131154
            raphiphop: 0.0179724730551
            rock: 0.0879600867629
        probability: 0.648441433907
        value: "electronic"
    genre_electronica:
        all:
            ambient: 0.310836613178
            dnb: 0.443901926279
            house: 0.141714334488
            techno: 0.0320457145572
            trance: 0.0715014263988
        probability: 0.443901926279
        value: "dnb"
    genre_rosamerica:
        all:
            cla: 0.0162180829793
            dan: 0.197871595621
            hip: 0.0125305205584
            jaz: 0.0112065756693
            pop: 0.186391368508
            rhy: 0.0638450533152
            roc: 0.509083986282
            spe: 0.00285281939432
        probability: 0.509083986282
        value: "roc"
    genre_tzanetakis:
        all:
            blu: 0.00909922644496
            cla: 0.0110522145405
            cou: 0.0964956432581
            dis: 0.125300586224
            hip: 0.0180399250239
            jaz: 0.0167158953846
            met: 0.0185642205179
            pop: 0.421031713486
            reg: 0.0864975377917
            roc: 0.197203040123
        probability: 0.421031713486
        value: "pop"
    live_studio:
        all:
            live: 0.0293595939875
            studio: 0.970640420914
        probability: 0.970640420914
        value: "studio"
    mood:
        all:
            Cluster1: 0.404774695635
            Cluster2: 0.18890067935
            Cluster3: 0.246268168092
            Cluster4: 0.0402504093945
            Cluster5: 0.119806036353
        probability: 0.404774695635
        value: "Cluster1"
    mood_acoustic:
        all:
            acoustic: 0.0487931780517
            not_acoustic: 0.951206803322
        probability: 0.951206803322
        value: "not_acoustic"
    mood_aggressive:
        all:
            aggressive: 0.265890866518
            not_aggressive: 0.734109163284
        probability: 0.734109163284
        value: "not_aggressive"
    mood_electronic:
        all:
            electronic: 0.790365278721
            not_electronic: 0.209634721279
        probability: 0.790365278721
        value: "electronic"
    mood_happy:
        all:
            happy: 0.250866234303
            not_happy: 0.749133765697
        probability: 0.749133765697
        value: "not_happy"
    mood_party:
        all:
            not_party: 0.479306995869
            party: 0.520693004131
        probability: 0.520693004131
        value: "party"
    mood_relaxed:
        all:
            not_relaxed: 0.926636099815
            relaxed: 0.0733639001846
        probability: 0.926636099815
        value: "not_relaxed"
    mood_sad:
        all:
            not_sad: 0.537687838078
            sad: 0.462312191725
        probability: 0.537687838078
        value: "not_sad"
    rhythm:
        all:
            fast: 0.328092247248
            medium: 0.262003749609
            slow: 0.409904032946
        probability: 0.409904032946
        value: "slow"
    speech_music:
        all:
            music: 0.99996984005
            speech: 3.01375621348e-05
        probability: 0.99996984005
        value: "music"
    timbre:
        all:
            bright: 0.244278803468
            dark: 0.755721211433
        probability: 0.755721211433
        value: "dark"
    voice_instrumental:
        all:
            instrumental: 0.713043510914
            voice: 0.286956518888
        probability: 0.713043510914
        value: "instrumental"

lowlevel:
    average_loudness: 0.967276215553
    barkbands_kurtosis:
        dmean: 1.31799912453
        dmean2: 2.00458145142
        dvar: 1.85571420193
        dvar2: 3.7930662632
        max: 9.52516746521
        mean: 1.22399270535
        min: -1.74447369576
        var: 5.71447610855
    barkbands_skewness:
        dmean: 0.455483138561
        dmean2: 0.684390306473
        dvar: 0.195675507188
        dvar2: 0.383943021297
        max: 2.79404640198
        mean: 0.882358312607
        min: -1.742141366
        var: 0.834282577038
    barkbands_spread:
        dmean: 7.00932788849
        dmean2: 10.160941124
        dvar: 66.3295516968
        dvar2: 114.57157135
        max: 71.1781463623
        mean: 24.8272857666
        min: 5.7363910675
        var: 162.980010986
    dissonance:
        dmean: 0.0215251520276
        dmean2: 0.035051908344
        dvar: 0.000358444842277
        dvar2: 0.000950338609982
        max: 0.498610258102
        mean: 0.463132411242
        min: 0.325293421745
        var: 0.000691898283549
    hfc:
        dmean: 2.51101660728
        dmean2: 3.46534442902
        dvar: 17.8993701935
        dvar2: 29.5257911682
        max: 42.8163871765
        mean: 4.55152606964
        min: 0.0381841510534
        var: 42.4099273682
    pitch:
        dmean: 452.368835449
        dmean2: 872.411804199
        dvar: 998865.875
        dvar2: 2614014.5
        max: 4900
        mean: 560.961181641
        min: 45.9854011536
        var: 838698.3125
    pitch_instantaneous_confidence:
        dmean: 0.073199622333
        dmean2: 0.11408355087
        dvar: 0.00369209167548
        dvar2: 0.00983119942248
        max: 0.922638297081
        mean: 0.316068142653
        min: 0.134935259819
        var: 0.0148024307564
    pitch_salience:
        dmean: 0.053507167846
        dmean2: 0.0852108374238
        dvar: 0.00203545414843
        dvar2: 0.00483641307801
        max: 0.829904556274
        mean: 0.619169890881
        min: 0.287680983543
        var: 0.0108180977404
    silence_rate_20dB:
        dmean: 0
        dmean2: 0
        dvar: 0
        dvar2: 0
        max: 1
        mean: 1
        min: 1
        var: 0
    silence_rate_30dB:
        dmean: 0
        dmean2: 0
        dvar: 0
        dvar2: 0
        max: 1
        mean: 1
        min: 1
        var: 0
    silence_rate_60dB:
        dmean: 0.139534890652
        dmean2: 0.279720276594
        dvar: 0.120064973831
        dvar2: 0.206139728427
        max: 1
        mean: 0.647331774235
        min: 0
        var: 0.228292778134
    spectral_centroid:
        dmean: 323.395599365
        dmean2: 463.071624756
        dvar: 168038.28125
        dvar2: 294028.84375
        max: 4018.64086914
        mean: 1057.34985352
        min: 280.478210449
        var: 480657.03125
    spectral_complexity:
        dmean: 3.99065423012
        dmean2: 5.77985954285
        dvar: 31.1167926788
        dvar2: 47.4409980774
        max: 48
        mean: 10.7109556198
        min: 0
        var: 91.7111740112
    spectral_crest:
        dmean: 1.80548977852
        dmean2: 2.87912988663
        dvar: 2.96545696259
        dvar2: 7.19220256805
        max: 20.6008834839
        mean: 7.40604400635
        min: 2.67206501961
        var: 8.18842315674
    spectral_decrease:
        dmean: 2.21423976376e-10
        dmean2: 3.18629872487e-10
        dvar: 9.94842109405e-20
        dvar2: 1.69562319126e-19
        max: -7.43321636881e-12
        mean: -7.78849928995e-10
        min: -3.49344286832e-09
        var: 3.1735363227e-19
    spectral_energy:
        dmean: 0.00104431726504
        dmean2: 0.00148645613808
        dvar: 2.39306405092e-06
        dvar2: 3.96037012251e-06
        max: 0.0163586251438
        mean: 0.00335239409469
        min: 3.15180950565e-05
        var: 7.12608743925e-06
    spectral_energyband_high:
        dmean: 0.000202327108127
        dmean2: 0.000295631733024
        dvar: 1.14107578497e-07
        dvar2: 2.13264200966e-07
        max: 0.00291114952415
        mean: 0.000274954742054
        min: 1.02891556253e-06
        var: 2.12527979215e-07
    spectral_energyband_low:
        dmean: 7.30761239538e-05
        dmean2: 0.000108383203042
        dvar: 7.24109527894e-09
        dvar2: 1.93267197801e-08
        max: 0.00205675815232
        mean: 0.000572560587898
        min: 7.52702192131e-07
        var: 2.35959035422e-07
    spectral_energyband_middle_high:
        dmean: 0.000611328752711
        dmean2: 0.000866909162141
        dvar: 1.1618899407e-06
        dvar2: 1.98511975213e-06
        max: 0.0114087052643
        mean: 0.00120441464242
        min: 1.20714121294e-05
        var: 3.009203283e-06
    spectral_energyband_middle_low:
        dmean: 0.000402432342526
        dmean2: 0.000634779396933
        dvar: 2.90476720011e-07
        dvar2: 7.49058983729e-07
        max: 0.00762166455388
        mean: 0.00130046578124
        min: 6.16936677034e-06
        var: 7.57962538955e-07
    spectral_flatness_db:
        dmean: 0.0219350196421
        dmean2: 0.0298727806658
        dvar: 0.000404377060477
        dvar2: 0.000732513086405
        max: 0.252241581678
        mean: 0.16150790453
        min: 0.0787580832839
        var: 0.00163821026217
    spectral_flux:
        dmean: 0.00808302033693
        dmean2: 0.0127768199891
        dvar: 0.000102304540633
        dvar2: 0.000224491770496
        max: 0.0891468152404
        mean: 0.0288768019527
        min: 0.00501888804138
        var: 0.000262200308498
    spectral_kurtosis:
        dmean: 2.38040995598
        dmean2: 3.61775636673
        dvar: 8.93405246735
        dvar2: 18.9735355377
        max: 22.6237754822
        mean: 5.28739547729
        min: -0.770514249802
        var: 22.2804164886
    spectral_rms:
        dmean: 0.000256941013504
        dmean2: 0.000363063416444
        dvar: 9.92388606846e-08
        dvar2: 1.55905198085e-07
        max: 0.00399495102465
        mean: 0.00170560576953
        min: 0.000175354958628
        var: 3.61538610605e-07
    spectral_rolloff:
        dmean: 699.627563477
        dmean2: 1115.69213867
        dvar: 981118.75
        dvar2: 1739500.625
        max: 9237.74414062
        mean: 1949.23181152
        min: 366.064453125
        var: 2079406
    spectral_skewness:
        dmean: 0.351726472378
        dmean2: 0.492114424706
        dvar: 0.135284766555
        dvar2: 0.239389792085
        max: 3.71638250351
        mean: 1.79303026199
        min: 0.519801080227
        var: 0.476710468531
    spectral_spread:
        dmean: 1006116.6875
        dmean2: 1382153.125
        dvar: 1.80696383488e+12
        dvar2: 3.53348511334e+12
        max: 16077557
        mean: 5616822.5
        min: 1973199.25
        var: 7.71850869146e+12
    spectral_strongpeak:
        dmean: 0.181988552213
        dmean2: 0.324196606874
        dvar: 0.184872195125
        dvar2: 0.516684353352
        max: 4.45267915726
        mean: 0.299841582775
        min: 0.0169105492532
        var: 0.227777466178
    zerocrossingrate:
        dmean: 0.0148480851203
        dmean2: 0.0147364884615
        dvar: 0.000172461048351
        dvar2: 0.000186430523172
        max: 0.1591796875
        mean: 0.0656539127231
        min: 0.01708984375
        var: 0.0010156785138
    barkbands:
        dmean: [1.04934594347e-08, 3.8524332922e-05, 3.97582043661e-05, 2.39896507992e-05, 0.000120396332932, 0.000194438369363, 0.000232735721511, 3.94495182263e-05, 6.61539161229e-05, 9.20126331039e-05, 3.83925762435e-05, 3.07196460199e-05, 3.20290782838e-05, 4.46280864708e-05, 6.56467891531e-05, 0.000172374202521, 9.2218768259e-05, 8.4090832388e-05, 0.000113644098747, 0.000104775608634, 0.000101207631815, 2.74249323411e-05, 1.89659167518e-05, 4.62593152406e-06, 4.80682410853e-06, 3.54714075002e-07, 5.1276166646e-10]
        dmean2: [1.40074369881e-08, 4.78906913486e-05, 6.72568348818e-05, 3.93503287341e-05, 0.000188593563507, 0.000288606184768, 0.000408232095651, 6.10951683484e-05, 0.000108840540634, 0.000135700815008, 6.2086401158e-05, 4.75165215903e-05, 5.22943373653e-05, 7.35122521291e-05, 0.00010833543638, 0.000263783178525, 0.000138705887366, 0.0001279891585, 0.000159619608894, 0.000153075219714, 0.000149562853039, 4.08682572015e-05, 2.78587576759e-05, 7.02111992723e-06, 7.16687145541e-06, 6.13696442997e-07, 8.5962653662e-10]
        dvar: [1.15159533249e-14, 1.80120918181e-09, 2.53127074856e-09, 1.23428456344e-09, 2.57044092677e-08, 5.88468367368e-08, 2.18128789697e-07, 3.74377817636e-09, 9.37595778794e-09, 2.22536034045e-08, 1.24156436243e-08, 2.6047815016e-09, 2.97400948313e-09, 7.95642662865e-09, 1.74224670246e-08, 1.34918536787e-07, 3.92953332096e-08, 2.50726444051e-08, 6.50775788813e-08, 3.72418753614e-08, 3.18565049895e-08, 2.13349449218e-09, 1.009678674e-09, 7.36419536462e-11, 1.23052193435e-10, 8.36316855612e-13, 1.29869486161e-18]
        dvar2: [1.15766661055e-14, 3.58420493285e-09, 7.56211537833e-09, 3.39439920616e-09, 6.36698018752e-08, 1.56222739633e-07, 6.41655788058e-07, 9.92428983437e-09, 2.05772323625e-08, 5.86297481675e-08, 3.24336610902e-08, 6.20468298962e-09, 7.39747063605e-09, 2.00607281897e-08, 4.10827816211e-08, 2.65799144472e-07, 7.4453495813e-08, 4.7603595732e-08, 1.28267998889e-07, 6.40448547529e-08, 6.50341434039e-08, 4.01672384243e-09, 1.85183912649e-09, 1.79935025213e-10, 2.82136619623e-10, 2.45550281497e-12, 3.41021172111e-18]
        max: [2.22489711632e-06, 0.00136874476448, 0.000798028544523, 0.000389750668546, 0.00174677441828, 0.00285852025263, 0.00604882789776, 0.000562884670217, 0.00111398706213, 0.00205838377587, 0.00126884377096, 0.000733850523829, 0.000576902995817, 0.00113227521069, 0.00157297763508, 0.00394991319627, 0.00183171825483, 0.00127803848591, 0.00238299905322, 0.00208828598261, 0.00140138051938, 0.000412217050325, 0.000292765442282, 6.42778468318e-05, 7.93932122178e-05, 7.33897422833e-06, 7.6661121895e-09]
        mean: [1.14479208335e-08, 0.000373691495042, 0.00019886039081, 3.64944644389e-05, 0.000275460217381, 0.000472438259749, 0.000319521903293, 7.40175237297e-05, 0.000109068780148, 0.000183081428986, 4.99004927406e-05, 5.457557927e-05, 4.99706693518e-05, 6.44672254566e-05, 9.92658533505e-05, 0.000252842903137, 0.000131240463816, 0.000119338837976, 0.000143974655657, 0.000143983445014, 0.000128585728817, 3.59137811756e-05, 2.4008731998e-05, 5.72926728637e-06, 5.61455408388e-06, 3.3937584476e-07, 4.49837306293e-10]
        min: [3.78780479204e-11, 2.50089982501e-07, 5.02592115481e-07, 2.81738834929e-07, 2.09518998417e-06, 1.1001028497e-06, 5.20850392149e-07, 2.36064991554e-07, 7.51935090193e-07, 1.17865272387e-06, 9.79912329058e-08, 5.37528592304e-07, 3.26115383587e-07, 3.16359091812e-07, 5.09119843173e-07, 7.40988525649e-07, 9.24432885796e-09, 3.08293891749e-07, 1.65226367699e-06, 6.5996499643e-07, 4.47462554121e-07, 1.12455943224e-07, 2.43470079653e-08, 6.01716809712e-09, 1.13518827671e-09, 4.92779289596e-11, 2.59651620951e-13]
        var: [1.15460323119e-14, 1.02388469259e-07, 2.85255215005e-08, 1.89382842741e-09, 5.29901704738e-08, 1.48850233472e-07, 2.22019124863e-07, 6.77625555667e-09, 2.00998293565e-08, 4.84717475047e-08, 1.48807162148e-08, 4.83615414382e-09, 4.74877515089e-09, 1.27274377704e-08, 3.62432750478e-08, 2.56064936366e-07, 8.10724714029e-08, 5.21824858879e-08, 1.00969288042e-07, 7.31571958568e-08, 5.20891987321e-08, 3.85696230509e-09, 1.6722752072e-09, 9.99163043969e-11, 1.54730062096e-10, 6.64012573225e-13, 1.10806571277e-18]
    mfcc:
        mean: [-737.795532227, 132.447143555, -23.7363319397, 41.1898345947, -13.2719688416, 3.00065207481, -7.41207504272, -3.34078478813, -0.733712315559, 1.8851723671, -5.75272130966, -1.23833203316, 4.76724720001]
        cov: [[4129.07470703, -2341.71166992, -61.956867218, 115.35533905, 4.00151968002, -29.1406002045, -268.032012939, 15.4195728302, 70.3646011353, -100.046264648, -74.6040878296, 121.741905212, 24.2583141327], [-2341.71166992, 2202.70947266, -301.741088867, -99.9080810547, -75.9318084717, -82.8518753052, 239.292678833, 40.5028114319, -39.6856002808, 8.28301811218, 108.584228516, -70.1308746338, -0.557602703571], [-61.956867218, -301.741088867, 607.861999512, -86.4298706055, 48.4603614807, 134.448532104, 21.9715194702, -11.9076023102, 17.2376289368, 59.9873733521, -31.9755973816, 13.4327707291, -19.6548595428], [115.35533905, -99.9080810547, -86.4298706055, 155.91166687, 8.12758350372, -6.83891153336, -12.2559661865, 0.407927572727, 10.3510799408, -13.9776716232, 9.68022155762, 3.47058820724, 23.2712364197], [4.00151968002, -75.9318084717, 48.4603614807, 8.12758350372, 107.766708374, 37.2395591736, -18.8938465118, -23.2269248962, 11.4585723877, 26.2477798462, 1.05364954472, -3.41687870026, 5.61617279053], [-29.1406002045, -82.8518753052, 134.448532104, -6.83891153336, 37.2395591736, 110.189926147, 14.0648622513, -8.4697599411, 17.2581367493, 40.8209838867, -0.103983692825, -5.17531585693, -1.9074858427], [-268.032012939, 239.292678833, 21.9715194702, -12.2559661865, -18.8938465118, 14.0648622513, 94.58618927, 34.8963432312, 6.72420501709, 5.58081007004, 22.4004039764, -3.03522109985, -2.96114206314], [15.4195728302, 40.5028114319, -11.9076023102, 0.407927572727, -23.2269248962, -8.4697599411, 34.8963432312, 83.3149261475, 29.7329292297, -0.246941894293, -2.42960596085, 10.7345676422, -1.64733672142], [70.3646011353, -39.6856002808, 17.2376289368, 10.3510799408, 11.4585723877, 17.2581367493, 6.72420501709, 29.7329292297, 69.8320236206, 34.1613922119, -0.624335289001, -9.39883041382, 4.5540804863], [-100.046264648, 8.28301811218, 59.9873733521, -13.9776716232, 26.2477798462, 40.8209838867, 5.58081007004, -0.246941894293, 34.1613922119, 67.7223129272, 12.4383640289, -10.5137414932, -0.194274351001], [-74.6040878296, 108.584228516, -31.9755973816, 9.68022155762, 1.05364954472, -0.103983692825, 22.4004039764, -2.42960596085, -0.624335289001, 12.4383640289, 51.1745300293, 13.3110713959, 6.67339468002], [121.741905212, -70.1308746338, 13.4327707291, 3.47058820724, -3.41687870026, -5.17531585693, -3.03522109985, 10.7345676422, -9.39883041382, -10.5137414932, 13.3110713959, 50.1585121155, 10.4232568741], [24.2583141327, -0.557602703571, -19.6548595428, 23.2712364197, 5.61617279053, -1.9074858427, -2.96114206314, -1.64733672142, 4.5540804863, -0.194274351001, 6.67339468002, 10.4232568741, 38.2004394531]]
        icov: [[0.000893811928108, 0.00104438490234, 0.000517490319908, 0.000643868697807, 0.000215711290366, -9.7750518762e-05, 0.000191445520613, -0.000120880977192, -0.0013665985316, 0.00164755107835, -0.00108203431591, -0.000426308339229, -0.000228650867939], [0.00104438490234, 0.00214286358096, 0.00102569407318, 0.00145541515667, 0.000183414755156, 0.000547457661014, -0.0020104222931, -9.45173305809e-05, -0.00073283148231, 0.00137560826261, -0.00226761284284, 0.00100003706757, -0.000932727649342], [0.000517490319908, 0.00102569407318, 0.00336991623044, 0.00167821720243, -0.000129043750349, -0.00239376001991, -0.00228167558089, 0.0011812990997, -0.000666704960167, -0.000755124492571, 0.00216288049705, -0.00245648087002, 0.000539473607205], [0.000643868697807, 0.00145541515667, 0.00167821720243, 0.00923646427691, -0.000572990975343, -0.00125934474636, -0.000160189621965, -0.000244707392994, -0.00281273224391, 0.00453169038519, -0.00374116469175, 0.00162563030608, -0.00458414573222], [0.000215711290366, 0.000183414755156, -0.000129043750349, -0.000572990975343, 0.0121893985197, -0.00294433860108, 0.00232487893663, 0.00255888630636, -0.00158002763055, -0.00202807877213, -0.000466344412416, -0.000437713752035, -0.00112121703569], [-9.7750518762e-05, 0.000547457661014, -0.00239376001991, -0.00125934474636, -0.00294433860108, 0.0167741440237, -0.00504026794806, 0.00198908452876, 0.000971715315245, -0.00754701299593, 0.00149254593998, 0.000744182325434, -4.68710422865e-05], [0.000191445520613, -0.0020104222931, -0.00228167558089, -0.000160189621965, 0.00232487893663, -0.00504026794806, 0.0239475909621, -0.0101578217, 8.99912920431e-05, 0.00517346104607, -0.0103015629575, 0.00439883675426, 0.000212452272535], [-0.000120880977192, -9.45173305809e-05, 0.0011812990997, -0.000244707392994, 0.00255888630636, 0.00198908452876, -0.0101578217, 0.0232425425202, -0.0116835525259, 0.00021058479615, 0.00837164837867, -0.0104528553784, 0.00355386873707], [-0.0013665985316, -0.00073283148231, -0.000666704960167, -0.00281273224391, -0.00158002763055, 0.000971715315245, 8.99912920431e-05, -0.0116835525259, 0.0301647093147, -0.0163366068155, 0.00198638089933, 0.00772130768746, -0.00412146793678], [0.00164755107835, 0.00137560826261, -0.000755124492571, 0.00453169038519, -0.00202807877213, -0.00754701299593, 0.00517346104607, 0.00021058479615, -0.0163366068155, 0.0352178998291, -0.0141411637887, 0.0053868801333, -0.000716701382771], [-0.00108203431591, -0.00226761284284, 0.00216288049705, -0.00374116469175, -0.000466344412416, 0.00149254593998, -0.0103015629575, 0.00837164837867, 0.00198638089933, -0.0141411637887, 0.0371789224446, -0.0158821977675, 0.0012814081274], [-0.000426308339229, 0.00100003706757, -0.00245648087002, 0.00162563030608, -0.000437713752035, 0.000744182325434, 0.00439883675426, -0.0104528553784, 0.00772130768746, 0.0053868801333, -0.0158821977675, 0.0342161245644, -0.00943186227232], [-0.000228650867939, -0.000932727649342, 0.000539473607205, -0.00458414573222, -0.00112121703569, -4.68710422865e-05, 0.000212452272535, 0.00355386873707, -0.00412146793678, -0.000716701382771, 0.0012814081274, -0.00943186227232, 0.0325490832329]]
    spectral_contrast:
        mean: [-2.84498412384e-07, -5.84306121709e-07, 1.95859954033e-07, -3.06307441633e-07, 4.54606976064e-07, 2.24385789949e-08, 1.54404165187e-06, 3.24942561747e-06, 2.21092932406e-06, -6.49537810204e-07, -1.42266139846e-06, 2.85518763121e-06]
        var: [0.000385496474337, 0.000771173625253, 0.00145702075679, 0.00193806493189, 0.00216851220466, 0.00318527710624, 0.0548451244831, 0.0885341912508, 0.146213769913, 0.275310605764, 0.554585933685, 2.29384016991]

rhythm:
    beats_loudness:
        dmean: 0.00278213014826
        dmean2: 0.00435000285506
        dvar: 1.04808241304e-05
        dvar2: 3.04586064885e-05
        max: 0.0159404166043
        mean: 0.00476474734023
        min: 0.00171706371475
        var: 1.10360278995e-05
    beats_loudness_bass:
        dmean: 0.21981407702
        dmean2: 0.35147690773
        dvar: 0.0203598942608
        dvar2: 0.0670668855309
        max: 0.619274437428
        mean: 0.195079505444
        min: 0.00682824663818
        var: 0.0329425148666
    bpm: 114.959625244
    bpm_confidence: 0
    first_peak_bpm: 115
    first_peak_spread: 0.0555555820465
    first_peak_weight: 0.944444417953
    onset_rate: 4.69769906998
    second_peak_bpm: 0
    second_peak_spread: 0
    second_peak_weight: 0
    beats_position: [0.298377096653, 0.820200622082, 1.34202408791, 1.86384773254, 2.38567137718, 2.90749502182, 3.42931866646, 3.9511423111, 4.47296571732, 4.99478960037, 5.51661300659, 6.02170610428, 6.54369020462, 7.06567430496, 7.58765792847, 8.10964202881, 8.63162612915, 9.15360927582, 9.67559337616]
    bpm_estimates: [115.128807068, 114.963134766, 114.938171387, 114.895782471, 115.031143188, 114.81414032, 114.90688324, 115.7370224, 114.544921875, 114.758178711, 114.837715149]
    bpm_intervals: [0.521823525429, 0.521823465824, 0.521823644638, 0.521823644638, 0.521823644638, 0.521823644638, 0.521823644638, 0.521823406219, 0.521823883057, 0.521823406219, 0.505093097687, 0.521984100342, 0.521984100342, 0.521983623505, 0.521984100342, 0.521984100342, 0.521983146667, 0.521984100342]
    onset_times: [0.0696598663926, 0.301859408617, 0.53405892849, 0.824308395386, 0.99845802784, 1.17260766029, 1.52090704441, 1.69505667686, 2.04335594177, 2.21750569344, 2.41487526894, 2.56580495834, 2.77478456497, 2.99537420273, 3.09986400604, 3.43655323982, 3.61070299149, 3.79646253586, 3.95900225639, 4.28408145905, 4.49306106567, 4.841360569, 5.01551008224, 5.18966007233, 5.35219955444, 5.54956912994, 5.72371864319, 5.9094786644, 6.08362817764, 6.25777769089, 6.32743787766, 6.42031764984, 6.59446716309, 6.7570066452, 7.0936961174, 7.27945566177, 7.60453510284, 7.80190467834, 7.97605419159, 8.15020370483, 8.33596324921, 8.67265319824, 9.02095222473, 9.19510173798, 9.38086128235, 9.55501174927, 9.92653083801]
    rubato_start: []
    rubato_stop: []
    perceptual_tempo: "unknown"

sfx:
    inharmonicity:
        dmean: 0.0260083656758
        dmean2: 0.0459962897003
        dvar: 0.00116630806588
        dvar2: 0.00315213436261
        max: 0.185123056173
        mean: 0.0267433617264
        min: 0.000218290326302
        var: 0.00118663196918
    oddtoevenharmonicenergyratio:
        dmean: 6.42699623108
        dmean2: 11.9939899445
        dvar: 2360.15795898
        dvar2: 7353.00585938
        max: 747.902587891
        mean: 4.18704462051
        min: 0.00161411985755
        var: 1683.50976562
    pitch_after_max_to_before_max_energy_ratio: 20.0348396301
    pitch_centroid: 213.753250122
    pitch_max_to_total: 0.0256410259753
    pitch_min_to_total: 0.773892760277
    tristimulus:
        dmean: [0.194431558251, 0.204226523638, 0.091224744916]
        dmean2: [0.33028075099, 0.357851922512, 0.159334555268]
        dvar: [0.0283921249211, 0.0340954959393, 0.0105351721868]
        dvar2: [0.0747295171022, 0.0991156101227, 0.0296384003013]
        max: [0.920931458473, 0.989208459854, 0.601316094398]
        mean: [0.506641387939, 0.376239895821, 0.0880729332566]
        min: [0.00927313882858, 0, 0]
        var: [0.0518490485847, 0.0442032255232, 0.0121167423204]

tonal:
    chords_changes_rate: 0.0185185186565
    chords_number_rate: 0.00925925932825
    chords_strength:
        dmean: 0.00594354653731
        dmean2: 0.00804199185222
        dvar: 2.17732867895e-05
        dvar2: 3.29215799866e-05
        max: 0.586428761482
        mean: 0.52111774683
        min: 0.466028541327
        var: 0.00105870317202
    key_strength: 0.544770598412
    tuning_diatonic_strength: 0.456311643124
    tuning_equal_tempered_deviation: 0.104983091354
    tuning_frequency: 435.952270508
    tuning_nontempered_energy_ratio: 0.732902824879
    hpcp:
        dmean: [0.12963655591, 0.119962930679, 0.130493700504, 0.165622144938, 0.135584577918, 0.0786694660783, 0.0771729648113, 0.0945283398032, 0.0993808060884, 0.115098446608, 0.119563236833, 0.135705500841, 0.177235603333, 0.17507751286, 0.105904012918, 0.0824592933059, 0.0832059457898, 0.0747198238969, 0.088546641171, 0.0748706758022, 0.1330165416, 0.211149424314, 0.163626119494, 0.0662826225162, 0.0443372428417, 0.0508105643094, 0.131231784821, 0.122591003776, 0.171354740858, 0.0752888247371, 0.0702242329717, 0.0734288915992, 0.0830995664001, 0.152184963226, 0.163328945637, 0.105433061719]
        dmean2: [0.21108302474, 0.191534146667, 0.213215783238, 0.276528924704, 0.228345766664, 0.129619270563, 0.125340342522, 0.152444034815, 0.15953207016, 0.185525402427, 0.19365991652, 0.220895007253, 0.285676449537, 0.283559679985, 0.174706146121, 0.13141490519, 0.135857254267, 0.118694074452, 0.13820309937, 0.119493164122, 0.207479357719, 0.31910136342, 0.259807765484, 0.108998447657, 0.0703801810741, 0.0816576778889, 0.221402749419, 0.18079392612, 0.28680858016, 0.126243770123, 0.112580545247, 0.122813135386, 0.133924722672, 0.237603485584, 0.257616311312, 0.174971044064]
        dvar: [0.0220952127129, 0.0172057412565, 0.0334206707776, 0.0533318594098, 0.0352747179568, 0.0107327774167, 0.00875409413129, 0.0212501268834, 0.0225479509681, 0.0300687011331, 0.0307336002588, 0.0224320739508, 0.0299901999533, 0.0293586999178, 0.0184365101159, 0.0124933840707, 0.0129700303078, 0.00939211715013, 0.0122826732695, 0.00898247584701, 0.0163540896028, 0.0418965891004, 0.0273747164756, 0.00997295044363, 0.00336811621673, 0.00696759903803, 0.0141982603818, 0.0319678597152, 0.0247925743461, 0.00915927346796, 0.0112762870267, 0.0131579916924, 0.00906323827803, 0.0197968110442, 0.0264779962599, 0.0140359094366]
        dvar2: [0.0557874552906, 0.0410411097109, 0.0908023118973, 0.128873720765, 0.0776048824191, 0.0238180998713, 0.0237123630941, 0.0544803179801, 0.0473822019994, 0.0679142698646, 0.0703306868672, 0.0602242164314, 0.07761490345, 0.0791692361236, 0.0456719361246, 0.0271852668375, 0.0268049016595, 0.0194172933698, 0.0288237277418, 0.0224271621555, 0.0429467745125, 0.0844962149858, 0.062409248203, 0.0252880640328, 0.00662252679467, 0.0109208514914, 0.0358480885625, 0.0645739808679, 0.0623264573514, 0.0232961177826, 0.0266530979425, 0.0329449959099, 0.0235193669796, 0.0448784418404, 0.0610145479441, 0.0393314808607]
        max: [1, 1, 1, 1, 1, 0.624660432339, 0.567855656147, 1, 1, 1, 0.991010189056, 1, 1, 1, 1, 1, 0.883232235909, 0.705350279808, 0.703611910343, 0.67774027586, 0.817657291889, 1, 1, 0.711565077305, 0.391452997923, 1, 1, 1, 1, 0.7446834445, 0.620014429092, 0.79185795784, 0.698444485664, 1, 1, 0.688568115234]
        mean: [0.19599737227, 0.19735711813, 0.152217969298, 0.175608947873, 0.14562779665, 0.0942605063319, 0.10229549557, 0.115525394678, 0.107179656625, 0.122482143342, 0.130971506238, 0.219171822071, 0.420230835676, 0.346455603838, 0.127542793751, 0.0908356383443, 0.0875279828906, 0.0886120945215, 0.116349168122, 0.113579764962, 0.251044094563, 0.477950721979, 0.323122650385, 0.0846433192492, 0.0617151558399, 0.0703029409051, 0.381093561649, 0.774752795696, 0.499967813492, 0.0980287194252, 0.0727109462023, 0.0721246153116, 0.113583900034, 0.292964309454, 0.295476287603, 0.14999820292]
        min: [0.00218480150215, 0.00302896345966, 0.00200854567811, 0.00184970581904, 0.00201463419944, 0.00277709285729, 0.00394302979112, 0.00424559274688, 0.00214190059341, 0.00205411249772, 0.00195088121109, 0.00421636318788, 0.00382554507814, 0.00306447548792, 0.00213091261685, 0.00168310920708, 0.00141537853051, 0.00166769314092, 0.0022454764694, 0.00412430660799, 0.00157976464834, 0.0043404023163, 0.00174697674811, 0.00116629281547, 0.00114457891323, 0.00122884567827, 0.0257592312992, 0.05720346421, 0.00825847033411, 0.00211231922731, 0.000948068976868, 0.000779487192631, 0.0050387121737, 0.00895589403808, 0.00806442182511, 0.00179435766768]
        var: [0.0375048369169, 0.0353688076138, 0.0342445075512, 0.0616137571633, 0.0439910367131, 0.0145516116172, 0.0109101282433, 0.0213654506952, 0.0265869814903, 0.0344196930528, 0.0362449288368, 0.0361565314233, 0.0881254523993, 0.0683643892407, 0.0252702273428, 0.0170977134258, 0.0169165432453, 0.0140627082437, 0.0177998393774, 0.0127893751487, 0.0363839603961, 0.117946065962, 0.0601058676839, 0.011859131977, 0.00496971886605, 0.00889084395021, 0.0324063524604, 0.0868454650044, 0.0585443712771, 0.0113926110789, 0.0120639801025, 0.0133408913389, 0.0125946756452, 0.0541798137128, 0.0643455311656, 0.0202915649861]
    chords_histogram: [83.796295166, 0, 16.2037029266, 0, 0, 0, 0, 0, 0, 0, 0, 0, 0, 0, 0, 0, 0, 0, 0, 0, 0, 0, 0, 0]
    thpcp: [1, 0.645325601101, 0.126529023051, 0.0938505083323, 0.0930937156081, 0.146606639028, 0.378139078617, 0.381381362677, 0.193607822061, 0.252980530262, 0.254735589027, 0.19647295773, 0.226664483547, 0.187966793776, 0.121665269136, 0.132036298513, 0.149112582207, 0.138340458274, 0.158091902733, 0.169049412012, 0.282892584801, 0.542406320572, 0.447182118893, 0.164623856544, 0.117244675756, 0.112975366414, 0.114374667406, 0.150175854564, 0.146601304412, 0.324031233788, 0.61690735817, 0.417065471411, 0.109252035618, 0.0796578675508, 0.0907424166799, 0.491890519857]
    chords_key: "F#"
    chords_scale: "minor"
    key_key: "F#"
    key_scale: "minor"
    chords_progression: ["F#m", "F#m", "F#m", "F#m", "F#m", "F#m", "F#m", "F#m", "F#m", "F#m", "F#m", "F#m", "F#m", "F#m", "F#m", "F#m", "F#m", "F#m", "F#m", "F#m", "F#m", "F#m", "F#m", "F#m", "F#m", "F#m", "F#m", "F#m", "F#m", "F#m", "F#m", "F#m", "F#m", "F#m", "F#m", "F#m", "F#m", "F#m", "F#m", "F#m", "F#m", "F#m", "F#m", "F#m", "F#m", "F#m", "F#m", "F#m", "F#m", "F#m", "F#m", "F#m", "F#m", "F#m", "F#m", "F#m", "F#m", "F#m", "F#m", "F#m", "F#m", "F#m", "F#m", "F#m", "F#m", "F#m", "F#m", "F#m", "F#m", "F#m", "F#m", "F#m", "F#m", "F#m", "F#m", "F#m", "F#m", "F#m", "F#m", "F#m", "F#m", "F#m", "F#m", "F#m", "F#m", "F#m", "F#m", "F#m", "F#m", "F#m", "F#m", "F#m", "F#m", "F#m", "F#m", "F#m", "F#m", "F#m", "F#m", "F#m", "F#m", "F#m", "F#m", "F#m", "F#m", "F#m", "F#m", "F#m", "F#m", "F#m", "F#m", "F#m", "F#m", "F#m", "F#m", "F#m", "F#m", "F#m", "F#m", "F#m", "F#m", "F#m", "F#m", "F#m", "F#m", "F#m", "F#m", "F#m", "F#m", "F#m", "F#m", "F#m", "F#m", "F#m", "F#m", "F#m", "F#m", "F#m", "F#m", "C#m", "C#m", "C#m", "C#m", "F#m", "C#m", "C#m", "C#m", "C#m", "C#m", "C#m", "C#m", "C#m", "C#m", "C#m", "C#m", "C#m", "C#m", "C#m", "C#m", "C#m", "C#m", "C#m", "C#m", "C#m", "C#m", "C#m", "C#m", "C#m", "C#m", "C#m", "C#m", "C#m", "C#m", "C#m", "C#m", "F#m", "F#m", "F#m", "F#m", "F#m", "F#m", "F#m", "F#m", "F#m", "F#m", "F#m", "F#m", "F#m", "F#m", "F#m", "F#m", "F#m", "F#m", "F#m", "F#m", "F#m", "F#m", "F#m", "F#m", "F#m", "F#m", "F#m", "F#m", "F#m", "F#m", "F#m", "F#m", "F#m", "F#m", "F#m", "F#m", "F#m", "F#m", "F#m", "F#m", "F#m"]
