
metadata:
    version:
        essentia: "1.2.2"
    audio_properties:
        analysis_sample_rate: 44100
        bitrate: 128
        channels: 2
        equal_loudness: 1
        length: 10.0048980713
        replay_gain: -15.0069026947
        downmix: "mix"
    tags:
        track: 17
        year: 0
        album: "Splitted by Mp3Splt v. 2.1"
        artist: "From 002.40 To 002.50"
        comment: "http://mp3splt.sf.net"
        genre: ""
        title: "04 I Love Living in the City.m"

highlevel:
    ballroom:
        all:
            ChaChaCha: 0.0329346656799
            Jive: 0.9098097682
            Quickstep: 0.00764050893486
            Rumba-American: 0.000105353436084
            Rumba-International: 0.000185140699614
            Rumba-Misc: 0.000197470973944
            Samba: 0.0458308830857
            Tango: 0.000197752029635
            VienneseWaltz: 0.00292625511065
            Waltz: 0.000172181840753
        probability: 0.9098097682
        value: "Jive"
    culture:
        all:
            non_western: 0.0893839076161
            western: 0.910616099834
        probability: 0.910616099834
        value: "western"
    gender:
        all:
            female: 0.237403422594
            male: 0.762596547604
        probability: 0.762596547604
        value: "male"
    genre_dortmund:
        all:
            alternative: 0.0661917254329
            blues: 0.00274140457623
            electronic: 0.0388501062989
            folkcountry: 0.017826506868
            funksoulrnb: 0.00720081385225
            jazz: 0.00969005376101
            pop: 0.0528842061758
            raphiphop: 0.0270083341748
            rock: 0.777606844902
        probability: 0.777606844902
        value: "rock"
    genre_electronica:
        all:
            ambient: 0.0464330166578
            dnb: 0.508428871632
            house: 0.00280745793134
            techno: 0.0120705533773
            trance: 0.43026009202
        probability: 0.508428871632
        value: "dnb"
    genre_rosamerica:
        all:
            cla: 0.00296424771659
            dan: 0.00298422179185
            hip: 0.00525244930759
            jaz: 0.0014400142245
            pop: 0.0033118177671
            rhy: 0.00134310685098
            roc: 0.981914401054
            spe: 0.000789748912212
        probability: 0.981914401054
        value: "roc"
    genre_tzanetakis:
        all:
            blu: 0.00320409797132
            cla: 0.00756149319932
            cou: 0.0285443216562
            dis: 0.0585262849927
            hip: 0.027501206845
            jaz: 0.0216278098524
            met: 0.581789493561
            pop: 0.0442213565111
            reg: 0.00591343501583
            roc: 0.221110478044
        probability: 0.581789493561
        value: "met"
    live_studio:
        all:
            live: 0.0801500380039
            studio: 0.919849932194
        probability: 0.919849932194
        value: "studio"
    mood:
        all:
            Cluster1: 0.254955083132
            Cluster2: 0.0355063080788
            Cluster3: 0.00200814590789
            Cluster4: 0.0349260866642
            Cluster5: 0.672604382038
        probability: 0.672604382038
        value: "Cluster5"
    mood_acoustic:
        all:
            acoustic: 0.00559575110674
            not_acoustic: 0.994404256344
        probability: 0.994404256344
        value: "not_acoustic"
    mood_aggressive:
        all:
            aggressive: 0.999274611473
            not_aggressive: 0.00072540983092
        probability: 0.999274611473
        value: "aggressive"
    mood_electronic:
        all:
            electronic: 0.098389968276
            not_electronic: 0.901610016823
        probability: 0.901610016823
        value: "not_electronic"
    mood_happy:
        all:
            happy: 0.534286737442
            not_happy: 0.46571329236
        probability: 0.534286737442
        value: "happy"
    mood_party:
        all:
            not_party: 0.161030575633
            party: 0.838969409466
        probability: 0.838969409466
        value: "party"
    mood_relaxed:
        all:
            not_relaxed: 0.345255404711
            relaxed: 0.654744565487
        probability: 0.654744565487
        value: "relaxed"
    mood_sad:
        all:
            not_sad: 0.997458159924
            sad: 0.00254182959907
        probability: 0.997458159924
        value: "not_sad"
    rhythm:
        all:
            fast: 0.822045385838
            medium: 0.164566278458
            slow: 0.0133883664384
        probability: 0.822045385838
        value: "fast"
    speech_music:
        all:
            music: 0.998687565327
            speech: 0.00131241441704
        probability: 0.998687565327
        value: "music"
    timbre:
        all:
            bright: 0.0626766011119
            dark: 0.937323391438
        probability: 0.937323391438
        value: "dark"
    voice_instrumental:
        all:
            instrumental: 0.645848989487
            voice: 0.354151040316
        probability: 0.645848989487
        value: "instrumental"

lowlevel:
    average_loudness: 0.982806921005
    barkbands_kurtosis:
        dmean: 0.527709245682
        dmean2: 0.848232626915
        dvar: 0.374163120985
        dvar2: 0.93267250061
        max: 3.20941019058
        mean: -0.796884119511
        min: -1.78429615498
        var: 0.693196117878
    barkbands_skewness:
        dmean: 0.348186016083
        dmean2: 0.560581505299
        dvar: 0.0912563726306
        dvar2: 0.225380212069
        max: 1.4657189846
        mean: -0.430130302906
        min: -1.80975627899
        var: 0.315037071705
    barkbands_spread:
        dmean: 5.7929019928
        dmean2: 9.4821767807
        dvar: 31.5619735718
        dvar2: 81.0037765503
        max: 55.5643081665
        mean: 34.2283668518
        min: 14.4935131073
        var: 71.8881378174
    dissonance:
        dmean: 0.0104340109974
        dmean2: 0.0182035174221
        dvar: 0.00010749809735
        dvar2: 0.000273846002528
        max: 0.49928432703
        mean: 0.483190685511
        min: 0.405439823866
        var: 0.000150042251335
    hfc:
        dmean: 2.96585059166
        dmean2: 4.49641227722
        dvar: 11.9762468338
        dvar2: 29.3892021179
        max: 39.9469947815
        mean: 11.6740064621
        min: 1.97331953049
        var: 29.7340545654
    pitch:
        dmean: 1074.28735352
        dmean2: 2055.49169922
        dvar: 1824686.5
        dvar2: 4252138
        max: 4410
        mean: 1405.69824219
        min: 87.5
        var: 2333454.5
    pitch_instantaneous_confidence:
        dmean: 0.0718185901642
        dmean2: 0.119465641677
        dvar: 0.0039530643262
        dvar2: 0.0106203313917
        max: 0.671827197075
        mean: 0.28494644165
        min: 0.144869029522
        var: 0.00819135084748
    pitch_salience:
        dmean: 0.0531964935362
        dmean2: 0.0906526818871
        dvar: 0.00193231587764
        dvar2: 0.00499700335786
        max: 0.82418525219
        mean: 0.686063230038
        min: 0.402907013893
        var: 0.00488305930048
    silence_rate_20dB:
        dmean: 0
        dmean2: 0
        dvar: 0
        dvar2: 0
        max: 1
        mean: 1
        min: 1
        var: 0
    silence_rate_30dB:
        dmean: 0
        dmean2: 0
        dvar: 0
        dvar2: 0
        max: 1
        mean: 1
        min: 1
        var: 0
    silence_rate_60dB:
        dmean: 0.0790697708726
        dmean2: 0.156177163124
        dvar: 0.0728179067373
        dvar2: 0.155095681548
        max: 1
        mean: 0.120649650693
        min: 0
        var: 0.106093525887
    spectral_centroid:
        dmean: 274.474456787
        dmean2: 435.546203613
        dvar: 55293.421875
        dvar2: 140978.125
        max: 3583.66577148
        mean: 2093.69921875
        min: 689.760437012
        var: 222972.796875
    spectral_complexity:
        dmean: 4.98831796646
        dmean2: 7.42622947693
        dvar: 18.8433361053
        dvar2: 38.2165107727
        max: 47
        mean: 23.7622375488
        min: 2
        var: 70.526222229
    spectral_crest:
        dmean: 1.53381633759
        dmean2: 2.48598575592
        dvar: 1.93899035454
        dvar2: 5.0110783577
        max: 15.2323999405
        mean: 5.34040784836
        min: 2.61810493469
        var: 3.92397022247
    spectral_decrease:
        dmean: 2.83879586505e-10
        dmean2: 4.29850932626e-10
        dvar: 8.28640392464e-20
        dvar2: 1.96771985936e-19
        max: -2.49477605241e-10
        mean: -1.19873166948e-09
        min: -3.02915603712e-09
        var: 2.1692392804e-19
    spectral_energy:
        dmean: 0.00129642849788
        dmean2: 0.00195440649986
        dvar: 1.79669120826e-06
        dvar2: 4.2262140596e-06
        max: 0.0148794930428
        mean: 0.00558315776289
        min: 0.0011594541138
        var: 4.69308588436e-06
    spectral_energyband_high:
        dmean: 0.00031321021379
        dmean2: 0.000485578173539
        dvar: 2.2463640903e-07
        dvar2: 6.51890900372e-07
        max: 0.00671240733936
        mean: 0.000837257772218
        min: 8.22313159006e-05
        var: 3.83590105457e-07
    spectral_energyband_low:
        dmean: 0.000218930639676
        dmean2: 0.000378053082386
        dvar: 1.55881096475e-07
        dvar2: 4.33781082165e-07
        max: 0.00259332731366
        mean: 0.000296603277093
        min: 1.25245915115e-05
        var: 1.36097611403e-07
    spectral_energyband_middle_high:
        dmean: 0.000705121259671
        dmean2: 0.00107445556205
        dvar: 5.3906381936e-07
        dvar2: 1.2685393358e-06
        max: 0.00925791636109
        mean: 0.00299792201258
        min: 0.000473026389955
        var: 1.92100196728e-06
    spectral_energyband_middle_low:
        dmean: 0.000585174362641
        dmean2: 0.00093098974321
        dvar: 3.92971514884e-07
        dvar2: 9.75774810286e-07
        max: 0.00537383882329
        mean: 0.00145136739593
        min: 0.000153734436026
        var: 8.87485498424e-07
    spectral_flatness_db:
        dmean: 0.0119599346071
        dmean2: 0.0184677634388
        dvar: 9.23410843825e-05
        dvar2: 0.000194865002413
        max: 0.184430718422
        mean: 0.129907235503
        min: 0.0847773477435
        var: 0.000301314285025
    spectral_flux:
        dmean: 0.00697564799339
        dmean2: 0.0103356800973
        dvar: 4.09713247791e-05
        dvar2: 8.41756555019e-05
        max: 0.0831075534225
        mean: 0.0479077287018
        min: 0.0180170368403
        var: 0.000129866617499
    spectral_kurtosis:
        dmean: 0.782819509506
        dmean2: 1.35191679001
        dvar: 0.504765808582
        dvar2: 1.46253037453
        max: 7.90971565247
        mean: 2.87757658958
        min: 0.765869855881
        var: 1.14626204967
    spectral_rms:
        dmean: 0.000263765832642
        dmean2: 0.000391490844777
        dvar: 6.0979793659e-08
        dvar2: 1.32436355216e-07
        max: 0.00381006277166
        mean: 0.00228974432684
        min: 0.00106356700417
        var: 2.04054927622e-07
    spectral_rolloff:
        dmean: 301.263580322
        dmean2: 504.290283203
        dvar: 86426.2578125
        dvar2: 223810.25
        max: 5211.03515625
        mean: 3854.14355469
        min: 1808.7890625
        var: 268267.71875
    spectral_skewness:
        dmean: 0.141326993704
        dmean2: 0.235841065645
        dvar: 0.0147355953231
        dvar2: 0.03608520329
        max: 2.39236068726
        mean: 1.1654394865
        min: 0.471923470497
        var: 0.0491381026804
    spectral_spread:
        dmean: 393461.5
        dmean2: 576333.5625
        dvar: 297613295616
        dvar2: 422991953920
        max: 12734554
        mean: 4458771.5
        min: 2706778
        var: 951233347584
    spectral_strongpeak:
        dmean: 0.555576503277
        dmean2: 0.977133095264
        dvar: 0.497620671988
        dvar2: 1.17313814163
        max: 6.22895908356
        mean: 0.655088484287
        min: 0.0161332413554
        var: 0.587736010551
    zerocrossingrate:
        dmean: 0.0074987676926
        dmean2: 0.00894801132381
        dvar: 4.68127000204e-05
        dvar2: 6.11958967056e-05
        max: 0.1787109375
        mean: 0.115569002926
        min: 0.046875
        var: 0.000373576360289
    barkbands:
        dmean: [2.0270699963e-07, 5.66562266613e-05, 0.000184909018571, 0.000263272318989, 0.000187167461263, 0.000127912280732, 9.6922944067e-05, 0.000151865271619, 0.000119426636957, 7.45483412175e-05, 9.90592234302e-05, 0.000118987009046, 0.000107882238808, 0.000105425773654, 0.000132465414936, 0.000129937601741, 0.000171886815224, 0.000192446925212, 0.000255890423432, 0.000265869137365, 0.000200002206839, 3.38311656378e-05, 6.20508444626e-06, 2.70347118203e-06, 1.23963116039e-06, 1.0306618492e-07, 1.53395796065e-09]
        dmean2: [3.25417659042e-07, 9.54098723014e-05, 0.000320024497341, 0.000427286024205, 0.000303795764921, 0.000215258056414, 0.000158484108397, 0.00023573821818, 0.000187132056453, 0.000121179575217, 0.000170460349182, 0.000184437580174, 0.000174390122993, 0.000167767328094, 0.000202792652999, 0.000211034013773, 0.000277661340078, 0.00031778079574, 0.000412351888372, 0.000431777327321, 0.000327771675074, 5.22756417922e-05, 9.31065551413e-06, 3.99195096179e-06, 1.86548959391e-06, 1.61649580832e-07, 1.79600179173e-09]
        dvar: [9.7686873239e-14, 9.01716479262e-09, 1.13155380177e-07, 1.51996331965e-07, 5.90530078171e-08, 4.72510706118e-08, 2.08234158805e-08, 7.57719078592e-08, 3.93532673115e-08, 6.5842411523e-09, 1.59008468614e-08, 4.09679969948e-08, 2.73343676582e-08, 1.74507412964e-08, 3.5850554525e-08, 1.86579232064e-08, 4.29117790191e-08, 3.61202125987e-08, 1.19945909205e-07, 1.69404316352e-07, 8.48628403105e-08, 2.21040208359e-09, 6.56451906722e-11, 2.52085192998e-11, 5.93617256045e-12, 6.17626880629e-14, 6.33301494251e-16]
        dvar2: [2.36119365163e-13, 2.3266331084e-08, 3.12990607654e-07, 3.94308813156e-07, 1.38905335234e-07, 1.28786666664e-07, 4.75388688415e-08, 1.80942265615e-07, 7.92948000594e-08, 1.69113789639e-08, 4.02906437103e-08, 9.16810591889e-08, 6.59950245563e-08, 3.868461107e-08, 8.0079693987e-08, 5.0573682131e-08, 1.08198889848e-07, 8.75873027439e-08, 3.12206765329e-07, 4.22928991384e-07, 2.21618293494e-07, 5.24341325914e-09, 1.41756065219e-10, 5.28471433281e-11, 1.47638758857e-11, 1.58797996454e-13, 6.32622809102e-16]
        max: [2.44345847022e-06, 0.000675754388794, 0.00229987176135, 0.00253121973947, 0.00189415016212, 0.00186615181156, 0.00156306673307, 0.00255510560237, 0.00246887281537, 0.000654442876112, 0.00104108639061, 0.00239338865504, 0.00185806246009, 0.00133531470783, 0.00295841135085, 0.00113314075861, 0.00233866437338, 0.00164742709603, 0.00512692658231, 0.00610617687926, 0.00391809316352, 0.000437026086729, 0.000110952780233, 8.87019050424e-05, 3.49219335476e-05, 2.11327869692e-06, 5.22285631632e-07]
        mean: [2.8007605124e-07, 7.89736805018e-05, 0.00021735719929, 0.000397275784053, 0.000290898722596, 0.000185032593436, 0.000148979175719, 0.000232325866818, 0.000181920651812, 0.00012054801482, 0.000173057749635, 0.000201037240913, 0.000187726516742, 0.000191738261492, 0.00024830570328, 0.000263010384515, 0.000367641099729, 0.000461214076495, 0.00053589156596, 0.000548848125618, 0.000458295602584, 7.05944257788e-05, 1.37880015245e-05, 5.83794735576e-06, 2.43089516516e-06, 1.48904049979e-07, 1.51313495067e-09]
        min: [3.29671956401e-10, 7.44579097045e-07, 2.05988999369e-06, 1.88073329355e-06, 7.01678482073e-06, 3.28320561493e-06, 2.76413629763e-06, 1.82496899015e-06, 1.75794855295e-06, 4.02776277042e-06, 6.08929030932e-06, 4.21582672061e-06, 6.53320421407e-06, 3.19819764627e-06, 3.21430889016e-06, 1.52646098286e-05, 1.74577871803e-05, 4.99286761624e-05, 4.91970677103e-05, 4.40319672634e-05, 3.02951248159e-05, 2.80510175799e-06, 2.44992065745e-07, 3.42716042212e-08, 1.63471174375e-08, 5.30398835963e-10, 6.94500067264e-14]
        var: [1.24380269539e-13, 9.75610614518e-09, 9.68977076354e-08, 2.35088350564e-07, 1.11074093923e-07, 4.95706693471e-08, 3.02279339337e-08, 1.42927390812e-07, 8.97601637462e-08, 1.18246328284e-08, 3.52235325352e-08, 8.61678941533e-08, 7.14113781441e-08, 4.53484148011e-08, 1.03996811163e-07, 3.86288405707e-08, 7.409980185e-08, 7.85516789392e-08, 1.88537072177e-07, 2.61387810951e-07, 1.25203143853e-07, 5.3111506304e-09, 1.60410254524e-10, 5.83375223129e-11, 1.00985955709e-11, 6.7944978257e-14, 6.33865935831e-16]
    mfcc:
        mean: [-671.98638916, 92.6755981445, -56.7423744202, 53.5610580444, -17.1182537079, 1.56071591377, 3.82789969444, -4.98815584183, 0.194495603442, -4.28597640991, -6.51166534424, 0.447896063328, -6.24335813522]
        cov: [[666.635681152, -218.743209839, 80.8509979248, -105.162742615, -45.4196395874, -0.698804318905, -48.8756752014, -16.175447464, -9.2980222702, -2.74122977257, 7.10020017624, -36.9759216309, -25.647403717], [-218.743209839, 422.845001221, -168.716201782, 29.3819103241, 2.55449867249, -0.314612984657, 34.0848693848, -4.13363170624, -8.39446544647, 13.7171363831, -2.73164963722, 35.5524864197, 3.02000045776], [80.8509979248, -168.716201782, 296.191558838, 4.15824699402, -43.7748565674, -7.63341760635, -21.832906723, -8.50621414185, -31.1341457367, -34.4264907837, -8.05255508423, -33.1621208191, -29.1458206177], [-105.162742615, 29.3819103241, 4.15824699402, 149.827133179, 38.2201309204, -11.0050611496, -25.0712184906, -2.48283982277, 21.6427612305, 9.40647792816, -8.23652458191, 16.1326808929, 4.06250047684], [-45.4196395874, 2.55449867249, -43.7748565674, 38.2201309204, 125.242889404, 33.4375762939, 11.3137025833, 2.10061454773, 4.51664209366, 2.46226525307, -1.73887968063, 7.98023223877, 13.8246994019], [-0.698804318905, -0.314612984657, -7.63341760635, -11.0050611496, 33.4375762939, 86.7195510864, 42.4545516968, 17.5828933716, -16.3395957947, -15.8274641037, 4.86070919037, -1.54431009293, -1.80318915844], [-48.8756752014, 34.0848693848, -21.832906723, -25.0712184906, 11.3137025833, 42.4545516968, 109.534423828, 29.1630172729, -16.9575252533, -24.2918186188, 0.535971403122, 10.5968551636, 11.6452159882], [-16.175447464, -4.13363170624, -8.50621414185, -2.48283982277, 2.10061454773, 17.5828933716, 29.1630172729, 66.9369049072, 27.7021331787, 4.42015218735, 0.68340587616, 4.71367883682, 10.4323205948], [-9.2980222702, -8.39446544647, -31.1341457367, 21.6427612305, 4.51664209366, -16.3395957947, -16.9575252533, 27.7021331787, 79.1670837402, 42.9244346619, 9.27633953094, 13.9020662308, 7.47631072998], [-2.74122977257, 13.7171363831, -34.4264907837, 9.40647792816, 2.46226525307, -15.8274641037, -24.2918186188, 4.42015218735, 42.9244346619, 79.08568573, 23.820230484, 17.0336761475, 0.476491510868], [7.10020017624, -2.73164963722, -8.05255508423, -8.23652458191, -1.73887968063, 4.86070919037, 0.535971403122, 0.68340587616, 9.27633953094, 23.820230484, 49.4079933167, 19.9244060516, 4.33423376083], [-36.9759216309, 35.5524864197, -33.1621208191, 16.1326808929, 7.98023223877, -1.54431009293, 10.5968551636, 4.71367883682, 13.9020662308, 17.0336761475, 19.9244060516, 64.301071167, 26.5492725372], [-25.647403717, 3.02000045776, -29.1458206177, 4.06250047684, 13.8246994019, -1.80318915844, 11.6452159882, 10.4323205948, 7.47631072998, 0.476491510868, 4.33423376083, 26.5492725372, 58.4658660889]]
        icov: [[0.00214155344293, 0.000985963852145, 0.000129836582346, 0.00134020962287, 0.000366418622434, -0.00046919612214, 0.00101402937435, 0.000224093397264, 2.79951600533e-05, -1.75685308932e-05, 1.25078586279e-05, -4.94574633194e-05, 0.000535134517122], [0.000985963852145, 0.00406523561105, 0.00230937357992, -0.000603088352364, 0.00115182599984, 0.00016135025362, -0.000614341057371, 7.90355261415e-05, 0.00183357601054, -0.000725815014448, 0.000871166412253, -0.00154325005133, 0.00166421430185], [0.000129836582346, 0.00230937357992, 0.00558250537142, -0.00146553397644, 0.00194395415019, 0.000269315118203, 0.000433144072304, -0.000889769056812, 0.00239166477695, 0.00115555524826, -0.000476904649986, 0.000289023329969, 0.00203242781572], [0.00134020962287, -0.000603088352364, -0.00146553397644, 0.00982141401619, -0.00316884834319, 0.000402933801524, 0.0027352119796, 0.000382557540433, -0.00269536790438, 0.000746642763261, 0.00219992198981, -0.00282386387698, 0.000812518061139], [0.000366418622434, 0.00115182599984, 0.00194395415019, -0.00316884834319, 0.0113345468417, -0.00511612044647, -0.000239944783971, 0.00177289661951, -0.000125138802105, -0.000880272476934, 0.00109225919005, 0.000550046563148, -0.00212354538962], [-0.00046919612214, 0.00016135025362, 0.000269315118203, 0.000402933801524, -0.00511612044647, 0.0181477311999, -0.00478409789503, -0.00474773719907, 0.00389459868893, 0.00143712793943, -0.00356323597953, 0.00054099218687, 0.00297036347911], [0.00101402937435, -0.000614341057371, 0.000433144072304, 0.0027352119796, -0.000239944783971, -0.00478409789503, 0.0155397010967, -0.0062092570588, 0.00277687120251, 0.00335306604393, -0.000185669283383, -0.00290369358845, -0.000625722168479], [0.000224093397264, 7.90355261415e-05, -0.000889769056812, 0.000382557540433, 0.00177289661951, -0.00474773719907, -0.0062092570588, 0.0240624323487, -0.0119402911514, 0.00097736902535, 0.00153929274529, 0.00168874440715, -0.00336044165306], [2.79951600533e-05, 0.00183357601054, 0.00239166477695, -0.00269536790438, -0.000125138802105, 0.00389459868893, 0.00277687120251, -0.0119402911514, 0.0260211396962, -0.0105940029025, 0.000695255759638, -0.0018280739896, 0.000561770633794], [-1.75685308932e-05, -0.000725815014448, 0.00115555524826, 0.000746642763261, -0.000880272476934, 0.00143712793943, 0.00335306604393, 0.00097736902535, -0.0105940029025, 0.02322178334, -0.00858844723552, -0.00198129354976, 0.00266600982286], [1.25078586279e-05, 0.000871166412253, -0.000476904649986, 0.00219992198981, 0.00109225919005, -0.00356323597953, -0.000185669283383, 0.00153929274529, 0.000695255759638, -0.00858844723552, 0.0283297598362, -0.00852492079139, 0.000716116279364], [-4.94574633194e-05, -0.00154325005133, 0.000289023329969, -0.00282386387698, 0.000550046563148, 0.00054099218687, -0.00290369358845, 0.00168874440715, -0.0018280739896, -0.00198129354976, -0.00852492079139, 0.0252295136452, -0.0100128352642], [0.000535134517122, 0.00166421430185, 0.00203242781572, 0.000812518061139, -0.00212354538962, 0.00297036347911, -0.000625722168479, -0.00336044165306, 0.000561770633794, 0.00266600982286, 0.000716116279364, -0.0100128352642, 0.0239276625216]]
    spectral_contrast:
        mean: [-3.14717567562e-07, 4.88065126092e-08, -1.90762648344e-07, 8.3146050045e-09, -2.52868176176e-07, 1.23134302754e-08, 5.19630248164e-07, 1.62132619153e-06, 3.25102359966e-06, -1.65830124388e-06, 1.72811792254e-06, 2.73125442618e-06]
        var: [0.000332912517479, 0.000666848791298, 0.00110477302223, 0.00176037102938, 0.00320775923319, 0.00356578687206, 0.0428901202977, 0.0819434821606, 0.130251675844, 0.156091436744, 0.251698970795, 0.449219793081]

rhythm:
    beats_loudness:
        dmean: 0.00313740526326
        dmean2: 0.00597613770515
        dvar: 3.94595144826e-06
        dvar2: 1.39878902701e-05
        max: 0.0112288659438
        mean: 0.00746908923611
        min: 0.00330136017874
        var: 4.69672977488e-06
    beats_loudness_bass:
        dmean: 0.054340634495
        dmean2: 0.0892507359385
        dvar: 0.00172347936314
        dvar2: 0.00415865657851
        max: 0.224634885788
        mean: 0.0841284021735
        min: 0.0210108365864
        var: 0.00238495436497
    bpm: 138.941360474
    bpm_confidence: 0
    first_peak_bpm: 139
    first_peak_spread: 0
    first_peak_weight: 0.95454543829
    onset_rate: 3.99804162979
    second_peak_bpm: 128
    second_peak_spread: 0
    second_peak_weight: 0.0454545468092
    beats_position: [0.319184154272, 0.750823736191, 1.18246328831, 1.61410284042, 2.04574251175, 2.47738194466, 2.90902161598, 3.34066104889, 3.77230072021, 4.20394039154, 4.63558006287, 5.06722021103, 5.49885988235, 5.93049955368, 6.39946079254, 6.83152532578, 7.26359033585, 7.69565439224, 8.12771987915, 8.55978488922, 8.99184894562, 9.42391300201, 9.85597801208]
    bpm_estimates: [139.166641235, 139.428024292, 139.098876953, 139.052429199, 139.153488159, 138.576660156, 139.190551758, 138.352249146, 139.031036377, 138.445343018, 139.100402832, 138.691818237, 138.338851929, 139.149291992, 139.208450317, 139.435455322, 138.583465576]
    bpm_intervals: [0.431639581919, 0.431639552116, 0.431639552116, 0.431639671326, 0.431639432907, 0.431639671326, 0.431639432907, 0.431639671326, 0.431639671326, 0.431639671326, 0.431640148163, 0.431639671326, 0.431639671326, 0.468961238861, 0.432064533234, 0.432065010071, 0.432064056396, 0.432065486908, 0.432065010071, 0.432064056396, 0.432064056396, 0.432065010071]
    onset_times: [0.0580498874187, 0.290249437094, 0.743038535118, 0.9287981987, 1.17260766029, 1.34675741196, 1.53251695633, 1.5673469305, 1.60217690468, 2.0549659729, 2.2523355484, 2.3916554451, 2.48453521729, 2.93732428551, 3.12308382988, 3.55265307426, 3.78485250473, 4.19120168686, 4.446621418, 4.65560102463, 4.86458063126, 5.0967798233, 5.29414987564, 5.42185926437, 5.52634906769, 5.95591831207, 6.1648979187, 6.39709758759, 6.60607719421, 6.82666683197, 7.02403640747, 7.2330160141, 8.13859367371, 8.33596324921, 8.60299301147, 8.77714252472, 8.99773216248, 9.34603214264, 9.64789104462, 9.86848068237]
    rubato_start: []
    rubato_stop: []
    perceptual_tempo: "unknown"

sfx:
    inharmonicity:
        dmean: 0.0541526190937
        dmean2: 0.096282325685
        dvar: 0.00285425549373
        dvar2: 0.00807096343488
        max: 0.393391370773
        mean: 0.0722170844674
        min: 0.00278494483791
        var: 0.0030355353374
    oddtoevenharmonicenergyratio:
        dmean: 1.66781711578
        dmean2: 3.09118700027
        dvar: 7.05502796173
        dvar2: 20.2442245483
        max: 21.7432136536
        mean: 1.35084855556
        min: 0.0106847845018
        var: 4.88621520996
    pitch_after_max_to_before_max_energy_ratio: 5.20952558517
    pitch_centroid: 215.309997559
    pitch_max_to_total: 0.233100235462
    pitch_min_to_total: 0.682983696461
    tristimulus:
        dmean: [0.152761340141, 0.240205153823, 0.188694566488]
        dmean2: [0.272534549236, 0.425478547812, 0.332828164101]
        dvar: [0.0182071048766, 0.0377213694155, 0.0216574706137]
        dvar2: [0.0497127361596, 0.107116118073, 0.0619511641562]
        max: [0.755854904652, 0.973316729069, 0.723860621452]
        mean: [0.252512902021, 0.484448164701, 0.210545644164]
        min: [0.0228824820369, 0, 0]
        var: [0.0229853186756, 0.0509099774063, 0.0276507660747]

tonal:
    chords_changes_rate: 0.12037037313
    chords_number_rate: 0.037037037313
    chords_strength:
        dmean: 0.0134198935702
        dmean2: 0.0144726382568
        dvar: 0.000109138563857
        dvar2: 0.000167957827216
        max: 0.610782384872
        mean: 0.491285592318
        min: 0.361217617989
        var: 0.00287405122072
    key_strength: 0.603552818298
    tuning_diatonic_strength: 0.549162745476
    tuning_equal_tempered_deviation: 0.11284237355
    tuning_frequency: 443.572570801
    tuning_nontempered_energy_ratio: 0.823949575424
    hpcp:
        dmean: [0.184620007873, 0.170467093587, 0.140399962664, 0.144978582859, 0.178441524506, 0.221281275153, 0.187764793634, 0.151761010289, 0.163470387459, 0.165947154164, 0.170975595713, 0.1965508461, 0.214229673147, 0.196892827749, 0.258511036634, 0.241032376885, 0.258607566357, 0.188436463475, 0.138899341226, 0.159895479679, 0.187247514725, 0.175629198551, 0.177654355764, 0.196582049131, 0.192767471075, 0.156825006008, 0.141238451004, 0.163529261947, 0.152597084641, 0.137719959021, 0.134521335363, 0.131641030312, 0.119245156646, 0.140307888389, 0.13618041575, 0.163781479001]
        dmean2: [0.289399206638, 0.278407812119, 0.239380732179, 0.243943780661, 0.293354719877, 0.379174768925, 0.308459401131, 0.255451589823, 0.280191868544, 0.283573120832, 0.288874566555, 0.347880542278, 0.382329136133, 0.33574616909, 0.447960138321, 0.408520102501, 0.443277239799, 0.317183941603, 0.236278712749, 0.282056808472, 0.327722102404, 0.308061391115, 0.305245012045, 0.334606528282, 0.322264909744, 0.26376619935, 0.249455407262, 0.288005977869, 0.26270160079, 0.223046436906, 0.21171566844, 0.218812152743, 0.200908362865, 0.234226152301, 0.221608787775, 0.263563066721]
        dvar: [0.0278726220131, 0.0233735684305, 0.0192777216434, 0.0223238188773, 0.0285809170455, 0.0464924350381, 0.0313181243837, 0.0248502008617, 0.0298826079816, 0.0272432789207, 0.0293471273035, 0.0359251312912, 0.0426358468831, 0.0278669465333, 0.0405976064503, 0.0434779562056, 0.0533199161291, 0.0288701634854, 0.0258814450353, 0.0420546233654, 0.054286558181, 0.0400297082961, 0.0412247367203, 0.0496569611132, 0.0434099584818, 0.0302071906626, 0.0236450508237, 0.0279148761183, 0.0244606249034, 0.0169994831085, 0.0178382974118, 0.0196490995586, 0.016834076494, 0.0243036132306, 0.0183219294995, 0.0244417432696]
        dvar2: [0.0696424171329, 0.0589887388051, 0.0481235608459, 0.0584728308022, 0.0692278593779, 0.117473244667, 0.0937324985862, 0.0606823340058, 0.0708126276731, 0.065101929009, 0.075429931283, 0.0973917767406, 0.113569259644, 0.0768288075924, 0.104424655437, 0.0994733795524, 0.161997631192, 0.0816373229027, 0.0715427175164, 0.111960351467, 0.140357762575, 0.0995227992535, 0.104933224618, 0.130631819367, 0.109612964094, 0.0787708684802, 0.0642025098205, 0.0767149180174, 0.0707494392991, 0.0447100549936, 0.037780392915, 0.0514777749777, 0.0476867444813, 0.0681317001581, 0.0422717258334, 0.0546928159893]
        max: [1, 1, 1, 1, 1, 1, 1, 1, 1, 1, 1, 1, 1, 1, 1, 1, 1, 1, 1, 1, 1, 1, 1, 1, 1, 1, 1, 1, 1, 0.95044106245, 1, 1, 1, 1, 1, 1]
        mean: [0.363558351994, 0.30699545145, 0.238652199507, 0.239233225584, 0.292150080204, 0.344640493393, 0.314781069756, 0.263985216618, 0.30578109622, 0.332836180925, 0.313401281834, 0.33804282546, 0.35836198926, 0.392389565706, 0.553282618523, 0.595959603786, 0.415293186903, 0.275991678238, 0.209576383233, 0.19312775135, 0.231717899442, 0.25044003129, 0.261115729809, 0.302594691515, 0.296009927988, 0.238395228982, 0.246988266706, 0.276236444712, 0.250993460417, 0.260251581669, 0.278627842665, 0.239765718579, 0.212949812412, 0.225989460945, 0.245098754764, 0.311464577913]
        min: [0.0439889058471, 0.0226545184851, 0.0161667708308, 0.0121224205941, 0.0183125976473, 0.017560441047, 0.0138992145658, 0.0159354023635, 0.0193380042911, 0.0144545342773, 0.0127166537568, 0.0151218073443, 0.0185442250222, 0.0645029097795, 0.0642247572541, 0.0542308278382, 0.0397779457271, 0.016572624445, 0.0108703933656, 0.0129899280146, 0.0105807883665, 0.0135109173134, 0.0151332430542, 0.0152991600335, 0.0188227444887, 0.016627823934, 0.0389077849686, 0.033395409584, 0.0158361010253, 0.00983274541795, 0.0111028328538, 0.0175134539604, 0.0157191306353, 0.0126795014367, 0.00820838753134, 0.0363911725581]
        var: [0.0560017600656, 0.041295260191, 0.0287978928536, 0.037383325398, 0.0523546524346, 0.0697410181165, 0.0522314123809, 0.0329977422953, 0.0523827858269, 0.0658199191093, 0.0497192069888, 0.0549376271665, 0.0627925544977, 0.0454534031451, 0.0805629268289, 0.0896128565073, 0.0607658140361, 0.0358380079269, 0.0297460537404, 0.0410218909383, 0.0558597967029, 0.0480971820652, 0.0497905574739, 0.0774329826236, 0.0781024321914, 0.0405497476459, 0.0297028739005, 0.0407380834222, 0.0357113182545, 0.0422412641346, 0.0567000135779, 0.0355169698596, 0.0261557549238, 0.0358491018414, 0.0363098420203, 0.0453221574426]
    chords_histogram: [6.01851844788, 0, 0.462962955236, 3.24074077606, 0, 0, 0, 0, 6.01851844788, 8.79629611969, 0.925925910473, 0, 0, 0, 0, 11.5740737915, 0.925925910473, 31.9444446564, 0, 0, 0, 0, 26.3888893127, 3.70370364189]
    thpcp: [1, 0.696847856045, 0.463104665279, 0.351662069559, 0.32406181097, 0.388814777136, 0.420229882002, 0.438143342733, 0.507743656635, 0.496694624424, 0.400019109249, 0.414437919855, 0.463515371084, 0.421158522367, 0.43669334054, 0.46752807498, 0.402318745852, 0.357322573662, 0.379202663898, 0.411267399788, 0.52262699604, 0.61003857851, 0.515127956867, 0.400450289249, 0.401425242424, 0.490217924118, 0.578295052052, 0.5281919837, 0.442958235741, 0.513090312481, 0.558487832546, 0.525876700878, 0.567224383354, 0.601319253445, 0.658416390419, 0.928389489651]
    chords_key: "D"
    chords_scale: "minor"
    key_key: "D"
    key_scale: "major"
    chords_progression: ["Gm", "Gm", "Gm", "Gm", "Gm", "Gm", "Gm", "Gm", "Gm", "Gm", "Gm", "Gm", "Gm", "Gm", "Gm", "Gm", "Gm", "Gm", "Gm", "Gm", "Gm", "Gm", "Gm", "D", "Gm", "Gm", "D", "D", "D", "D", "D", "D", "D", "D", "D", "C#m", "C#m", "C#m", "C#", "C#", "F#", "F#", "C#m", "F#", "F#", "F#", "F#", "F#", "F#", "C#m", "C#m", "C#m", "Dm", "Dm", "Dm", "Dm", "A#", "A#", "G", "G", "G", "G", "G", "G", "G", "G", "G", "G", "G", "G", "G", "G", "G", "G", "G", "G", "G", "G", "G", "G", "G", "G", "G", "G", "G", "G", "G", "G", "G", "Dm", "Dm", "Dm", "Dm", "Bm", "Bm", "Bm", "Bm", "Bm", "D", "Dm", "Dm", "Dm", "Dm", "Dm", "Dm", "Dm", "Dm", "Dm", "Dm", "Dm", "Dm", "Dm", "Dm", "Dm", "Dm", "Dm", "Dm", "Dm", "Dm", "Dm", "Dm", "Dm", "D", "D", "Dm", "Dm", "Dm", "Dm", "Dm", "Dm", "Dm", "Dm", "Dm", "Dm", "Dm", "Dm", "Dm", "Dm", "Dm", "Dm", "Dm", "Dm", "Dm", "Dm", "Dm", "A#m", "A#m", "A#m", "A#m", "A#m", "A#m", "A#m", "A#m", "F#", "F#", "F#", "F#", "F#", "A#m", "A#m", "A#m", "A#m", "A#m", "A#m", "A#m", "A#m", "A#m", "A#m", "A#m", "Bm", "Bm", "Bm", "G", "G", "G", "G", "G", "G", "G", "G", "G", "G", "G", "G", "G", "G", "G", "G", "G", "G", "G", "G", "G", "G", "G", "G", "G", "Dm", "Dm", "Dm", "Dm", "Dm", "Dm", "Dm", "Dm", "Dm", "Dm", "Dm", "Dm", "Dm", "Dm", "Dm", "Dm", "Dm", "A", "G"]
