
metadata:
    version:
        essentia: "1.2.2"
    audio_properties:
        analysis_sample_rate: 44100
        bitrate: 128
        channels: 2
        equal_loudness: 1
        length: 10.1355104446
        replay_gain: -9.28258705139
        downmix: "mix"
    tags:
        track: 34
        year: 0
        album: "Splitted by Mp3Splt v. 2.1"
        artist: "From 005.30 To 005.40"
        comment: "http://mp3splt.sf.net"
        genre: ""
        title: "09 Life Is Sweet.mp3"

highlevel:
    ballroom:
        all:
            ChaChaCha: 0.00760489143431
            Jive: 0.0220710895956
            Quickstep: 0.0338147543371
            Rumba-American: 0.00755022186786
            Rumba-International: 0.00720064155757
            Rumba-Misc: 0.0111451689154
            Samba: 0.00694924965501
            Tango: 0.397035181522
            VienneseWaltz: 0.380992919207
            Waltz: 0.125635892153
        probability: 0.397035181522
        value: "Tango"
    culture:
        all:
            non_western: 0.0861763805151
            western: 0.913823604584
        probability: 0.913823604584
        value: "western"
    gender:
        all:
            female: 0.722365856171
            male: 0.277634173632
        probability: 0.722365856171
        value: "female"
    genre_dortmund:
        all:
            alternative: 0.0961166024208
            blues: 0.0159648731351
            electronic: 0.317740172148
            folkcountry: 0.119760625064
            funksoulrnb: 0.0749394521117
            jazz: 0.0913705453277
            pop: 0.0649750828743
            raphiphop: 0.0249920338392
            rock: 0.194140613079
        probability: 0.317740172148
        value: "electronic"
    genre_electronica:
        all:
            ambient: 0.547317922115
            dnb: 0.0882423594594
            house: 0.0643442794681
            techno: 0.00662528257817
            trance: 0.293470174074
        probability: 0.547317922115
        value: "ambient"
    genre_rosamerica:
        all:
            cla: 0.293219417334
            dan: 0.0322846844792
            hip: 0.0158364344388
            jaz: 0.0766288712621
            pop: 0.147388935089
            rhy: 0.0936095863581
            roc: 0.330239087343
            spe: 0.0107929846272
        probability: 0.330239087343
        value: "roc"
    genre_tzanetakis:
        all:
            blu: 0.181030780077
            cla: 0.3210105896
            cou: 0.0591628476977
            dis: 0.0943698734045
            hip: 0.0114023210481
            jaz: 0.0109891714528
            met: 0.018279466778
            pop: 0.124014921486
            reg: 0.0476770587265
            roc: 0.132062956691
        probability: 0.3210105896
        value: "cla"
    live_studio:
        all:
            live: 0.108358919621
            studio: 0.891641080379
        probability: 0.891641080379
        value: "studio"
    mood:
        all:
            Cluster1: 0.14325901866
            Cluster2: 0.200306147337
            Cluster3: 0.344768881798
            Cluster4: 0.241842195392
            Cluster5: 0.0698237493634
        probability: 0.344768881798
        value: "Cluster3"
    mood_acoustic:
        all:
            acoustic: 0.0361740924418
            not_acoustic: 0.963825881481
        probability: 0.963825881481
        value: "not_acoustic"
    mood_aggressive:
        all:
            aggressive: 0.380546689034
            not_aggressive: 0.619453310966
        probability: 0.619453310966
        value: "not_aggressive"
    mood_electronic:
        all:
            electronic: 0.637617707253
            not_electronic: 0.362382262945
        probability: 0.637617707253
        value: "electronic"
    mood_happy:
        all:
            happy: 0.654700398445
            not_happy: 0.345299601555
        probability: 0.654700398445
        value: "happy"
    mood_party:
        all:
            not_party: 0.5
            party: 0.5
        probability: 0.5
        value: "not_party"
    mood_relaxed:
        all:
            not_relaxed: 0.789198875427
            relaxed: 0.210801139474
        probability: 0.789198875427
        value: "not_relaxed"
    mood_sad:
        all:
            not_sad: 0.797009348869
            sad: 0.20299063623
        probability: 0.797009348869
        value: "not_sad"
    rhythm:
        all:
            fast: 0.166502669454
            medium: 0.423920482397
            slow: 0.40957686305
        probability: 0.423920482397
        value: "medium"
    speech_music:
        all:
            music: 0.996131062508
            speech: 0.00386892096139
        probability: 0.996131062508
        value: "music"
    timbre:
        all:
            bright: 0.333076626062
            dark: 0.666923344135
        probability: 0.666923344135
        value: "dark"
    voice_instrumental:
        all:
            instrumental: 0.182458728552
            voice: 0.81754130125
        probability: 0.81754130125
        value: "voice"

lowlevel:
    average_loudness: 0.935128033161
    barkbands_kurtosis:
        dmean: 0.613589167595
        dmean2: 1.00624382496
        dvar: 0.482993096113
        dvar2: 1.2262301445
        max: 5.93811702728
        mean: -0.338431149721
        min: -1.73399341106
        var: 0.89968675375
    barkbands_skewness:
        dmean: 0.34949195385
        dmean2: 0.545390427113
        dvar: 0.0824020430446
        dvar2: 0.193817675114
        max: 2.48318624496
        mean: -0.0442104674876
        min: -1.72171676159
        var: 0.442643910646
    barkbands_spread:
        dmean: 2.75971651077
        dmean2: 4.50711345673
        dvar: 8.06098556519
        dvar2: 20.730266571
        max: 36.6800117493
        mean: 15.7211446762
        min: 3.74011278152
        var: 27.2070713043
    dissonance:
        dmean: 0.0232111774385
        dmean2: 0.0403544865549
        dvar: 0.000506039592437
        dvar2: 0.00131045072339
        max: 0.499190181494
        mean: 0.453498393297
        min: 0.284407258034
        var: 0.000988803803921
    hfc:
        dmean: 1.78481912613
        dmean2: 2.78190994263
        dvar: 5.14273786545
        dvar2: 11.6198396683
        max: 34.4885444641
        mean: 7.84950447083
        min: 2.15349223254e-06
        var: 39.4351501465
    pitch:
        dmean: 268.585357666
        dmean2: 504.834838867
        dvar: 204658.9375
        dvar2: 486174.46875
        max: 2756.25
        mean: 495.284729004
        min: 76.9633483887
        var: 332324.90625
    pitch_instantaneous_confidence:
        dmean: 0.0749402344227
        dmean2: 0.123394601047
        dvar: 0.00408934336156
        dvar2: 0.00999386887997
        max: 0.811683773994
        mean: 0.44622656703
        min: 0.104790329933
        var: 0.0185780078173
    pitch_salience:
        dmean: 0.0586617588997
        dmean2: 0.0920175537467
        dvar: 0.00249013002031
        dvar2: 0.00607475079596
        max: 0.971463680267
        mean: 0.60749143362
        min: 0.270437270403
        var: 0.00946174003184
    silence_rate_20dB:
        dmean: 0
        dmean2: 0
        dvar: 0
        dvar2: 0
        max: 1
        mean: 1
        min: 1
        var: 0
    silence_rate_30dB:
        dmean: 0
        dmean2: 0
        dvar: 0
        dvar2: 0
        max: 1
        mean: 1
        min: 1
        var: 0
    silence_rate_60dB:
        dmean: 0.118993133307
        dmean2: 0.238532111049
        dvar: 0.104834035039
        dvar2: 0.218331947923
        max: 1
        mean: 0.367579907179
        min: 0
        var: 0.23246589303
    spectral_centroid:
        dmean: 173.80947876
        dmean2: 270.165618896
        dvar: 23589.0683594
        dvar2: 52956.1835938
        max: 3355.40234375
        mean: 1684.79992676
        min: 463.116943359
        var: 279613.53125
    spectral_complexity:
        dmean: 2.22935771942
        dmean2: 3.62758612633
        dvar: 5.21803760529
        dvar2: 12.4084358215
        max: 30
        mean: 13.1189928055
        min: 0
        var: 26.8416652679
    spectral_crest:
        dmean: 2.03825497627
        dmean2: 3.32944846153
        dvar: 3.9964826107
        dvar2: 8.26915359497
        max: 21.0768470764
        mean: 7.16549873352
        min: 3.14558506012
        var: 9.88854598999
    spectral_decrease:
        dmean: 2.58126880981e-10
        dmean2: 3.90136256634e-10
        dvar: 1.01272924392e-19
        dvar2: 2.17108725359e-19
        max: -4.74402613208e-16
        mean: -9.83991665926e-10
        min: -3.10137338033e-09
        var: 3.14754656635e-19
    spectral_energy:
        dmean: 0.00111321406439
        dmean2: 0.00169528764673
        dvar: 1.85016563137e-06
        dvar2: 3.95335018766e-06
        max: 0.0131077095866
        mean: 0.00442578364164
        min: 1.985835274e-09
        var: 6.66608093525e-06
    spectral_energyband_high:
        dmean: 9.14310367079e-05
        dmean2: 0.000157789720106
        dvar: 3.08749186217e-08
        dvar2: 8.04280730904e-08
        max: 0.00380900129676
        mean: 0.000300747749861
        min: 4.52001006068e-11
        var: 2.99870407616e-07
    spectral_energyband_low:
        dmean: 4.4492426241e-06
        dmean2: 7.93143408373e-06
        dvar: 5.75446246209e-10
        dvar2: 1.68959657376e-09
        max: 0.000375143252313
        mean: 6.06512139711e-06
        min: 8.77536515675e-11
        var: 3.347594979e-10
    spectral_energyband_middle_high:
        dmean: 0.000748255639337
        dmean2: 0.00115107535385
        dvar: 7.95039170498e-07
        dvar2: 1.7304028006e-06
        max: 0.0101273311302
        mean: 0.0029518972151
        min: 1.03986552702e-09
        var: 4.16115744883e-06
    spectral_energyband_middle_low:
        dmean: 0.000591290125158
        dmean2: 0.00093521917006
        dvar: 8.10318510958e-07
        dvar2: 1.70587634329e-06
        max: 0.00892852060497
        mean: 0.00116707698908
        min: 7.9754414184e-10
        var: 1.32887169002e-06
    spectral_flatness_db:
        dmean: 0.0173738524318
        dmean2: 0.0278494246304
        dvar: 0.000314841920044
        dvar2: 0.000626618159004
        max: 0.364022314548
        mean: 0.226433351636
        min: 0.0610121265054
        var: 0.00170684512705
    spectral_flux:
        dmean: 0.00726755801588
        dmean2: 0.0118821002543
        dvar: 8.6120722699e-05
        dvar2: 0.000203359057195
        max: 0.0941375941038
        mean: 0.0340874269605
        min: 4.45627119916e-05
        var: 0.000161681353347
    spectral_kurtosis:
        dmean: 4.49391651154
        dmean2: 7.96135044098
        dvar: 32.0207061768
        dvar2: 95.1746063232
        max: 46.1789703369
        mean: 7.09279918671
        min: -0.5794069767
        var: 46.6091384888
    spectral_rms:
        dmean: 0.000256759376498
        dmean2: 0.000384877464967
        dvar: 7.93747432226e-08
        dvar2: 1.58775392833e-07
        max: 0.00357603258453
        mean: 0.00199033389799
        min: 1.39190524351e-06
        var: 3.56408008884e-07
    spectral_rolloff:
        dmean: 265.658355713
        dmean2: 448.137939453
        dvar: 124086.796875
        dvar2: 309130.1875
        max: 5663.23242188
        mean: 2737.13183594
        min: 710.595703125
        var: 860743.5625
    spectral_skewness:
        dmean: 0.392473697662
        dmean2: 0.686655819416
        dvar: 0.172051891685
        dvar2: 0.516894757748
        max: 4.4957280159
        mean: 1.52486348152
        min: 0.283452600241
        var: 0.443307518959
    spectral_spread:
        dmean: 379509.9375
        dmean2: 534777.625
        dvar: 2.67443974963e+12
        dvar2: 2.22894306099e+12
        max: 28564846
        mean: 2807982
        min: 1114573
        var: 4.09681762714e+12
    spectral_strongpeak:
        dmean: 0.672608494759
        dmean2: 1.12285614014
        dvar: 0.721336126328
        dvar2: 1.7913120985
        max: 9.83468437195
        mean: 1.39429616928
        min: 0
        var: 1.92911791801
    zerocrossingrate:
        dmean: 0.00602176226676
        dmean2: 0.0075004491955
        dvar: 2.79708729067e-05
        dvar2: 4.21734039264e-05
        max: 0.17236328125
        mean: 0.0883006900549
        min: 0.02392578125
        var: 0.00066330638947
    barkbands:
        dmean: [1.72137182286e-09, 3.48795623495e-07, 4.31141734225e-06, 1.0351277524e-05, 0.000204661948374, 9.45554274949e-05, 3.12889023917e-05, 0.000219253342948, 0.000155481844558, 0.000171022940776, 0.000153314438649, 6.944238703e-05, 3.49009351339e-05, 0.000110464679892, 0.00032870634459, 0.000265723996563, 0.000214406900341, 5.92327342019e-05, 7.23257908248e-05, 7.19393719919e-05, 5.52810051886e-05, 1.2695987607e-05, 1.37171343795e-06, 2.08109199207e-07, 7.41114334346e-08, 2.01741512385e-09, 5.18267595506e-10]
        dmean2: [2.88799584247e-09, 6.25496625162e-07, 7.690977327e-06, 1.97691042558e-05, 0.000327121961163, 0.000143777244375, 4.91255086672e-05, 0.000351338647306, 0.000256858329521, 0.000286739465082, 0.000200358466827, 0.000117849594972, 5.90336931054e-05, 0.000165851306519, 0.000550783763174, 0.000382471713237, 0.000308505259454, 9.9625060102e-05, 0.00012219560449, 0.000114290734928, 9.21035825741e-05, 2.15248837776e-05, 2.1492205633e-06, 3.34149632408e-07, 1.16396059013e-07, 3.42012218546e-09, 1.00743569043e-09]
        dvar: [1.67677765427e-17, 1.61867231858e-12, 5.50152368106e-10, 2.68390487612e-09, 6.61486410536e-07, 6.58372059092e-08, 2.1505617287e-09, 4.4590972692e-08, 6.43372501941e-08, 1.29482941702e-07, 6.161959476e-08, 8.61658389084e-09, 1.22391718982e-09, 1.9552970798e-08, 2.03438517588e-07, 2.06015002391e-07, 1.17917508646e-07, 1.02213837394e-08, 1.45920777683e-08, 2.78005813925e-08, 2.11564703534e-08, 7.93141385902e-10, 1.00750926699e-11, 4.65218846519e-13, 1.06867734605e-13, 8.22821436899e-17, 5.34893894653e-17]
        dvar2: [4.37370623922e-17, 3.5896914781e-12, 1.64129532187e-09, 8.01394062222e-09, 1.38874622735e-06, 1.5439427159e-07, 4.2398240474e-09, 1.10862011127e-07, 1.77718774808e-07, 3.41094704481e-07, 7.47874295826e-08, 2.33440911046e-08, 3.00971136902e-09, 3.86225629256e-08, 5.42861755548e-07, 3.20062952142e-07, 2.42648127369e-07, 2.90666797298e-08, 3.87487091302e-08, 5.98411702413e-08, 4.80960409277e-08, 2.22638285585e-09, 2.21788108712e-11, 1.23153776673e-12, 2.59176415138e-13, 1.70757633472e-16, 1.06762984052e-16]
        max: [5.10182829316e-08, 1.75230979949e-05, 0.000358310964657, 0.000671096262522, 0.00770616997033, 0.00273057352751, 0.000837208819576, 0.00325159914792, 0.00205021444708, 0.00370130874217, 0.00575667014346, 0.000820057059173, 0.000295968871797, 0.00175984285306, 0.00415094429627, 0.00614805845544, 0.00358420843259, 0.00144367641769, 0.00220712414011, 0.00504930503666, 0.00314868544228, 0.000587376533076, 6.96722709108e-05, 1.19750611702e-05, 7.23592802387e-06, 1.45635752347e-07, 1.53133242975e-07]
        mean: [1.82173431895e-09, 3.28414472506e-07, 5.73521538172e-06, 8.44570240588e-06, 0.000287151313387, 0.000104633130832, 7.44466815377e-05, 0.000361079815775, 0.000252008321695, 0.000291694654152, 0.000406446255511, 0.000133012319566, 7.15151618351e-05, 0.00022633773915, 0.000531266850885, 0.000472882995382, 0.000438230665168, 0.00013696141832, 0.000189092097571, 0.000249071250437, 0.000150539548486, 2.99167168123e-05, 4.10077291235e-06, 6.8625269023e-07, 1.97583602812e-07, 5.34900257421e-09, 8.38280445059e-10]
        min: [4.51111110272e-12, 4.28764315719e-11, 3.13280304476e-11, 3.38301990588e-11, 1.01953244458e-10, 1.38059064181e-10, 1.81754417072e-10, 1.57940271972e-10, 1.57417898161e-10, 2.3582291675e-10, 3.05255154487e-10, 2.39721076323e-10, 1.09288154915e-10, 7.53325700431e-12, 2.80618341064e-11, 2.49225830945e-11, 7.17025466779e-11, 3.03756082787e-11, 8.96622359692e-12, 7.8506619608e-12, 7.83789352865e-12, 8.38678692466e-12, 5.73845051338e-12, 5.3620198559e-12, 5.08840929461e-12, 4.95116491209e-12, 2.28359150844e-14]
        var: [1.32062164121e-17, 1.60662954295e-12, 3.05565933667e-10, 1.38819877815e-09, 9.86544364423e-07, 8.08934217389e-08, 8.52494341785e-09, 8.67462972565e-08, 6.29798790897e-08, 1.10983293666e-07, 3.54069072728e-07, 1.59236943631e-08, 2.7348623366e-09, 7.25770163967e-08, 3.42184790725e-07, 5.53294171368e-07, 2.954175784e-07, 3.41567840678e-08, 1.00786870405e-07, 3.39231206681e-07, 1.40172119245e-07, 5.0029762555e-09, 9.46194303464e-11, 3.02490129299e-12, 3.7947558507e-13, 3.02699135102e-16, 1.06672530198e-16]
    mfcc:
        mean: [-756.803222656, 133.796218872, -123.017242432, 26.5717372894, -51.6873512268, -8.99439907074, -22.5205821991, -10.7588882446, 0.147998675704, -6.80522251129, -15.7210302353, -12.0421113968, -10.6885290146]
        cov: [[2705.02783203, -1222.78552246, 286.466552734, 180.010955811, -50.8922767639, 90.1298141479, -164.051315308, 13.1655664444, 105.49659729, 59.8209457397, -72.1393280029, -80.6593017578, -4.37355566025], [-1222.78552246, 1988.22521973, -775.458984375, 114.191390991, -39.3043861389, -76.7522659302, 67.4232559204, -107.942192078, -182.957504272, -117.738624573, 8.78935146332, -1.55983746052, 1.92599546909], [286.466552734, -775.458984375, 799.762878418, -228.622161865, 116.034606934, 49.2610588074, -57.448135376, 57.8067016602, 16.3712425232, -29.4199256897, -42.5543327332, -60.1712799072, -48.2714805603], [180.010955811, 114.191390991, -228.622161865, 324.942840576, -68.9548873901, 48.2452774048, 0.988877952099, -6.7645483017, -13.9967041016, 8.59222793579, -5.99838972092, -4.92089271545, -19.0205993652], [-50.8922767639, -39.3043861389, 116.034606934, -68.9548873901, 234.914993286, -76.8243865967, -3.04531216621, 8.89444637299, -5.00430583954, -3.63584113121, 7.66783761978, -2.86182498932, -8.39468479156], [90.1298141479, -76.7522659302, 49.2610588074, 48.2452774048, -76.8243865967, 149.308929443, -17.8477516174, 12.503162384, 5.30324792862, 27.2811965942, -23.2610206604, -18.6857833862, -31.0602397919], [-164.051315308, 67.4232559204, -57.448135376, 0.988877952099, -3.04531216621, -17.8477516174, 178.00869751, -17.2859745026, 33.0150146484, 39.7800827026, 27.3457126617, 7.59846496582, -14.084479332], [13.1655664444, -107.942192078, 57.8067016602, -6.7645483017, 8.89444637299, 12.503162384, -17.2859745026, 106.775039673, 6.72172117233, 31.3724193573, -8.30583286285, -9.11344623566, -8.85151863098], [105.49659729, -182.957504272, 16.3712425232, -13.9967041016, -5.00430583954, 5.30324792862, 33.0150146484, 6.72172117233, 116.461608887, 27.4227485657, 29.4736862183, 20.0861740112, 16.2874641418], [59.8209457397, -117.738624573, -29.4199256897, 8.59222793579, -3.63584113121, 27.2811965942, 39.7800827026, 31.3724193573, 27.4227485657, 126.698806763, 4.10051727295, 14.1687412262, -11.0109882355], [-72.1393280029, 8.78935146332, -42.5543327332, -5.99838972092, 7.66783761978, -23.2610206604, 27.3457126617, -8.30583286285, 29.4736862183, 4.10051727295, 79.4565658569, 21.8698215485, 31.4627342224], [-80.6593017578, -1.55983746052, -60.1712799072, -4.92089271545, -2.86182498932, -18.6857833862, 7.59846496582, -9.11344623566, 20.0861740112, 14.1687412262, 21.8698215485, 79.4981842041, 31.1372356415], [-4.37355566025, 1.92599546909, -48.2714805603, -19.0205993652, -8.39468479156, -31.0602397919, -14.084479332, -8.85151863098, 16.2874641418, -11.0109882355, 31.4627342224, 31.1372356415, 96.4358215332]]
        icov: [[0.000683744379785, 0.000483775424073, 0.000166963931406, -0.000437026785221, 3.19033497362e-05, 0.00015475199325, 0.000543964270037, 0.000534910941496, -0.000331884017214, -0.00020811871218, 0.000506119569764, 0.000921364931855, -0.000230436111451], [0.000483775424073, 0.00167912698817, 0.00175890908577, 0.000426027952926, -0.000497469096445, -0.000563874316867, -0.000304425862851, 0.000395660666982, 0.00146713736467, 0.0013929187553, 0.000274529069429, 0.00102904986124, 0.000209226112929], [0.000166963931406, 0.00175890908577, 0.00424436433241, 0.00231219525449, -0.00170541368425, -0.00227599544451, -0.000401825556764, -0.000676456431393, 0.00129091436975, 0.00272782542743, 0.000534599530511, 0.00159006693866, 0.000956358388066], [-0.000437026785221, 0.000426027952926, 0.00231219525449, 0.00514001958072, -0.000223825962166, -0.00212691444904, -0.000500703870784, -0.00065515137976, 0.00117897754535, 0.00142342667095, -0.000397407391574, 0.000123753547086, 0.00135816494003], [3.19033497362e-05, -0.000497469096445, -0.00170541368425, -0.000223825962166, 0.00637575238943, 0.00418925751001, 0.000866417773068, 6.65711268084e-05, -0.000343336374499, -0.0016464224318, -0.000816485378891, -4.84150696138e-05, 0.00130253774114], [0.00015475199325, -0.000563874316867, -0.00227599544451, -0.00212691444904, 0.00418925751001, 0.0115664908662, 0.00209352350794, 0.0006967955851, -0.00176008522976, -0.00376037042588, 0.000852616853081, 0.00107438780833, 0.00216210260987], [0.000543964270037, -0.000304425862851, -0.000401825556764, -0.000500703870784, 0.000866417773068, 0.00209352350794, 0.00820481125265, 0.00213680509478, -0.0027242761571, -0.00342279416509, -0.00177638558671, 0.00113712192979, 0.00215671327896], [0.000534910941496, 0.000395660666982, -0.000676456431393, -0.00065515137976, 6.65711268084e-05, 0.0006967955851, 0.00213680509478, 0.0116621255875, -0.000770583748817, -0.0037793724332, 0.000642215425614, 0.00198465469293, 9.55042287387e-06], [-0.000331884017214, 0.00146713736467, 0.00129091436975, 0.00117897754535, -0.000343336374499, -0.00176008522976, -0.0027242761571, -0.000770583748817, 0.013178951107, 0.000543987262063, -0.00347439176403, -0.00170443439856, -0.000710901222192], [-0.00020811871218, 0.0013929187553, 0.00272782542743, 0.00142342667095, -0.0016464224318, -0.00376037042588, -0.00342279416509, -0.0037793724332, 0.000543987262063, 0.0128263263032, 0.000235127619817, -0.00211095064878, 0.00138515676372], [0.000506119569764, 0.000274529069429, 0.000534599530511, -0.000397407391574, -0.000816485378891, 0.000852616853081, -0.00177638558671, 0.000642215425614, -0.00347439176403, 0.000235127619817, 0.0176371335983, -0.000883055559825, -0.00464571453631], [0.000921364931855, 0.00102904986124, 0.00159006693866, 0.000123753547086, -4.84150696138e-05, 0.00107438780833, 0.00113712192979, 0.00198465469293, -0.00170443439856, -0.00211095064878, -0.000883055559825, 0.0176677349955, -0.003837994067], [-0.000230436111451, 0.000209226112929, 0.000956358388066, 0.00135816494003, 0.00130253774114, 0.00216210260987, 0.00215671327896, 9.55042287387e-06, -0.000710901222192, 0.00138515676372, -0.00464571453631, -0.003837994067, 0.0152603024617]]
    spectral_contrast:
        mean: [7.339504009e-07, 2.35298543316e-07, -5.46944214364e-08, 3.2363777791e-07, -9.88864243823e-08, -1.75267658165e-08, 1.83062638826e-06, -1.64581103945e-06, 2.0256031803e-06, -3.57709700438e-06, -3.42187945535e-06, 2.73308432952e-06]
        var: [0.000860326341353, 0.00148337346036, 0.00210191076621, 0.00214311946183, 0.00485147396103, 0.00767946243286, 0.0767609328032, 0.0987496748567, 0.254172861576, 0.268814831972, 0.756515264511, 1.54761850834]

rhythm:
    beats_loudness:
        dmean: 0.00254295463674
        dmean2: 0.00455884821713
        dvar: 4.86458066007e-06
        dvar2: 1.14231161206e-05
        max: 0.00999796856195
        mean: 0.0047758910805
        min: 0.00129864469636
        var: 7.0565643e-06
    beats_loudness_bass:
        dmean: 0.00180260802153
        dmean2: 0.00278922822326
        dvar: 2.69262045549e-06
        dvar2: 4.64387767352e-06
        max: 0.00769971869886
        mean: 0.00254782335833
        min: 0.000645133899525
        var: 3.59520390703e-06
    bpm: 123.796020508
    bpm_confidence: 0
    first_peak_bpm: 125
    first_peak_spread: 0.444444417953
    first_peak_weight: 0.526315808296
    onset_rate: 3.25587964058
    second_peak_bpm: 74
    second_peak_spread: 0
    second_peak_weight: 0.0526315793395
    beats_position: [0.461337387562, 0.940603196621, 1.41986906528, 1.89913487434, 2.37840080261, 2.85766673088, 3.33693242073, 3.81619811058, 4.29546403885, 4.7747297287, 5.25399589539, 6.0661072731, 6.55526065826, 7.04441308975, 7.53356552124, 8.02271842957, 8.51187229156, 9.00102424622, 9.49017715454, 9.97933006287]
    bpm_estimates: [126.042098999, 123.899299622, 126.605392456, 124.26109314, 123.853256226, 121.688087463, 124.208518982, 121.664543152, 121.941795349]
    bpm_intervals: [0.479265809059, 0.479265868664, 0.479265809059, 0.479265928268, 0.479265928268, 0.47926568985, 0.47926568985, 0.479265928268, 0.47926568985, 0.479266166687, 0.812111377716, 0.489153385162, 0.489152431488, 0.489152431488, 0.489152908325, 0.489153862, 0.489151954651, 0.489152908325, 0.489152908325]
    onset_times: [0.0580498874187, 0.208979591727, 0.31346938014, 0.441179126501, 0.766258478165, 0.940408170223, 1.30031740665, 1.64861679077, 1.89242625237, 2.62385487556, 2.89088439941, 3.1811337471, 4.21442174911, 4.34213161469, 4.82975053787, 5.18966007233, 5.79337882996, 6.28099775314, 6.52480745316, 6.76861667633, 6.90793657303, 7.12852621078, 7.56970500946, 7.73224496841, 7.97605419159, 8.09215450287, 8.23147392273, 8.71909332275, 8.96290206909, 9.58984088898, 9.682721138, 9.92653083801, 10.0426301956]
    rubato_start: []
    rubato_stop: []
    perceptual_tempo: "unknown"

sfx:
    inharmonicity:
        dmean: 0.085349932313
        dmean2: 0.148987293243
        dvar: 0.00591514911503
        dvar2: 0.0175170209259
        max: 0.390267759562
        mean: 0.0988832265139
        min: 0
        var: 0.00683316122741
    oddtoevenharmonicenergyratio:
        dmean: 4.13275194168
        dmean2: 7.71041440964
        dvar: 94.1233978271
        dvar2: 269.39541626
        max: 79.8737258911
        mean: 2.91666483879
        min: 0
        var: 54.6383781433
    pitch_after_max_to_before_max_energy_ratio: 0.0300957355648
    pitch_centroid: 234.446914673
    pitch_max_to_total: 0.997711658478
    pitch_min_to_total: 0.196796342731
    tristimulus:
        dmean: [0.149178951979, 0.238023072481, 0.150910660625]
        dmean2: [0.265190094709, 0.410987764597, 0.267871111631]
        dvar: [0.023757070303, 0.0482337847352, 0.021028270945]
        dvar2: [0.0591090582311, 0.131760671735, 0.0605329759419]
        max: [1, 0.998288154602, 0.704012930393]
        mean: [0.17782895267, 0.591884255409, 0.181803658605]
        min: [0.000987934414297, 0, 0]
        var: [0.0351735912263, 0.0624395236373, 0.0273914691061]

tonal:
    chords_changes_rate: 0.0319634713233
    chords_number_rate: 0.0136986300349
    chords_strength:
        dmean: 0.00598405208439
        dmean2: 0.00630006240681
        dvar: 2.65181952273e-05
        dvar2: 2.71029875876e-05
        max: 0.727493524551
        mean: 0.588603496552
        min: 0.503345549107
        var: 0.00158080551773
    key_strength: 0.601510941982
    tuning_diatonic_strength: 0.475698918104
    tuning_equal_tempered_deviation: 0.109327711165
    tuning_frequency: 433.942382812
    tuning_nontempered_energy_ratio: 0.710435450077
    hpcp:
        dmean: [0.0606549195945, 0.0603501498699, 0.123327948153, 0.189522668719, 0.162284687161, 0.142556354403, 0.120868228376, 0.0995663106441, 0.122602313757, 0.164266884327, 0.163693964481, 0.0787085667253, 0.0467417128384, 0.0590370260179, 0.0907035991549, 0.104362048209, 0.113961577415, 0.145889803767, 0.161716535687, 0.158421948552, 0.147258117795, 0.156971767545, 0.119476422668, 0.0926410779357, 0.0966432765126, 0.0593076571822, 0.0296307001263, 0.037005353719, 0.0443877577782, 0.116851456463, 0.21666648984, 0.167646870017, 0.0849708914757, 0.092343993485, 0.0700295269489, 0.0554873347282]
        dmean2: [0.104614421725, 0.0989978313446, 0.20333892107, 0.321367353201, 0.270745545626, 0.243610471487, 0.199737563729, 0.165368586779, 0.205946147442, 0.279800444841, 0.271826684475, 0.126936390996, 0.0735382810235, 0.102876409888, 0.149881333113, 0.172693490982, 0.194152459502, 0.253441214561, 0.282988011837, 0.272352784872, 0.258734822273, 0.264776349068, 0.209559708834, 0.165123075247, 0.169932663441, 0.100020937622, 0.0481961406767, 0.0643116831779, 0.078197054565, 0.196121096611, 0.365877836943, 0.293491482735, 0.147995352745, 0.16249114275, 0.119811601937, 0.0935288891196]
        dvar: [0.00836098566651, 0.00544439256191, 0.0150216799229, 0.0341774262488, 0.0199070759118, 0.0232543088496, 0.0216058325022, 0.0167809352279, 0.0129389446229, 0.0330856442451, 0.0198291260749, 0.0108057186007, 0.00347148254514, 0.00823142752051, 0.0170931462198, 0.0174865163863, 0.02487648651, 0.0299636889249, 0.041649915278, 0.0302431937307, 0.0282695423812, 0.0306286290288, 0.0274399165064, 0.0123345432803, 0.0140387676656, 0.00521667767316, 0.00190817611292, 0.00340974330902, 0.00695850979537, 0.0121432226151, 0.0377555303276, 0.026082476601, 0.0150395417586, 0.0169001966715, 0.00850924663246, 0.00787554588169]
        dvar2: [0.023805314675, 0.015054567717, 0.0396140217781, 0.0800543427467, 0.0470104888082, 0.0612949058414, 0.0580557473004, 0.0434906706214, 0.0329885445535, 0.0836318656802, 0.058050300926, 0.0316332876682, 0.00928981602192, 0.0264937542379, 0.0544235594571, 0.0486857779324, 0.0684280544519, 0.08074824512, 0.0988879576325, 0.0894862636924, 0.0729480981827, 0.0700591653585, 0.077971726656, 0.0377421602607, 0.0445224158466, 0.0167542472482, 0.00514471856877, 0.0094739953056, 0.0207400433719, 0.0348056852818, 0.104145430028, 0.0736885145307, 0.0442655421793, 0.0518528707325, 0.022623443976, 0.0191352311522]
        max: [0.739178836346, 0.5643247962, 0.95896846056, 1, 1, 1, 1, 1, 1, 1, 1, 1, 0.590526938438, 0.676225244999, 1, 1, 0.954896211624, 1, 1, 1, 1, 1, 1, 0.677467107773, 0.766746997833, 0.409845113754, 0.35018107295, 0.517247855663, 0.776676177979, 0.685517728329, 1, 1, 0.747920930386, 0.964649677277, 0.689343750477, 0.721291184425]
        mean: [0.0842553377151, 0.0981379300356, 0.251782417297, 0.46896314621, 0.386478036642, 0.233481347561, 0.213997542858, 0.15646097064, 0.348968476057, 0.606998682022, 0.408385187387, 0.132881551981, 0.0838241428137, 0.0940090939403, 0.144522413611, 0.16633823514, 0.170946106315, 0.352920353413, 0.490676403046, 0.296341061592, 0.211315244436, 0.249474838376, 0.158928766847, 0.124731518328, 0.136764928699, 0.0885019153357, 0.0470927618444, 0.0501442477107, 0.0524231828749, 0.183664247394, 0.373878210783, 0.271505743265, 0.112735033035, 0.130719259381, 0.10492785275, 0.0766278356314]
        min: [0.000404578546295, 0.00117195083294, 0.00245914258994, 0.00408904766664, 0.002572421683, 0.00795535370708, 0.00335455848835, 0.00233841268346, 0.00512856571004, 0.0110723730177, 0.00883483234793, 0.00512253632769, 0.00257536931895, 0.0021666532848, 0.00156284240074, 0.00443597324193, 0.00448135240003, 0.000800512963906, 0.000501349335536, 0.00204771361314, 0.00444056745619, 0.00947827473283, 0.00816520955414, 0.00601398618892, 0.00358712184243, 0.00497409375384, 0.00211261562072, 0.00242872885428, 0.00213464628905, 0.00634807627648, 0.0123851578683, 0.0102232322097, 0.00376810180023, 0.00556517671794, 0.00392510881647, 0.000871117343195]
        var: [0.0088587263599, 0.0101927090436, 0.0404734909534, 0.126509681344, 0.064446747303, 0.0528797544539, 0.0589459128678, 0.0352203957736, 0.0650482103229, 0.119278885424, 0.0427914746106, 0.0215341299772, 0.00943348091096, 0.0131734889001, 0.0343600139022, 0.0368990860879, 0.0340858027339, 0.102041952312, 0.158677399158, 0.0601496770978, 0.0412266105413, 0.0497554019094, 0.0262091569602, 0.0159921627492, 0.017978142947, 0.0074010444805, 0.0026952077169, 0.00357446144335, 0.00566815491766, 0.0164228789508, 0.0636942908168, 0.0408571772277, 0.0154381915927, 0.020974105224, 0.011475848034, 0.00926604960114]
    chords_histogram: [17.3515987396, 0, 0, 0, 0, 0, 19.6347026825, 0, 0, 0, 0, 0, 0, 0, 0, 0, 0, 0, 0, 0, 0, 0, 0, 63.0136985779]
    thpcp: [1, 0.672794163227, 0.218915715814, 0.138096094131, 0.154875278473, 0.238093450665, 0.274033933878, 0.281625181437, 0.581418633461, 0.808364868164, 0.488207101822, 0.348131299019, 0.410997331142, 0.261827200651, 0.205488950014, 0.225313380361, 0.145802482963, 0.0775829702616, 0.0826101452112, 0.0863645747304, 0.302577674389, 0.615945696831, 0.447292149067, 0.185725331306, 0.215353444219, 0.172863394022, 0.126240536571, 0.138806462288, 0.161677330732, 0.414798945189, 0.772593379021, 0.636703252792, 0.384648859501, 0.352550268173, 0.257761627436, 0.574908137321]
    chords_key: "C"
    chords_scale: "minor"
    key_key: "D#"
    key_scale: "major"
    chords_progression: ["Cm", "Cm", "Cm", "Cm", "Cm", "Cm", "Cm", "Cm", "Cm", "Cm", "Cm", "Cm", "Cm", "Cm", "Cm", "Cm", "Cm", "Cm", "Cm", "Cm", "Cm", "Cm", "Cm", "Cm", "Cm", "Cm", "Cm", "Cm", "Cm", "Cm", "Cm", "Cm", "Cm", "Cm", "Cm", "Cm", "Cm", "Cm", "Cm", "Cm", "Cm", "Cm", "Cm", "Cm", "Cm", "Cm", "Cm", "Cm", "Cm", "Cm", "Cm", "Cm", "Cm", "Cm", "Cm", "Cm", "Cm", "Cm", "Cm", "Cm", "Cm", "C", "C", "C", "C", "C", "C", "C", "C", "C", "C", "C", "C", "C", "C", "C", "C", "C", "C", "C", "C", "C", "C", "Cm", "Cm", "Cm", "Cm", "Cm", "Cm", "Cm", "Cm", "Cm", "Cm", "Cm", "Cm", "Cm", "Cm", "Cm", "Cm", "Cm", "Cm", "Cm", "Cm", "Cm", "Cm", "Cm", "Cm", "Cm", "Cm", "Cm", "Cm", "Cm", "D#", "D#", "D#", "D#", "D#", "D#", "Cm", "Cm", "Cm", "Cm", "Cm", "Cm", "Cm", "Cm", "Cm", "Cm", "Cm", "Cm", "Cm", "Cm", "Cm", "Cm", "Cm", "Cm", "Cm", "Cm", "Cm", "Cm", "Cm", "Cm", "Cm", "Cm", "Cm", "Cm", "Cm", "Cm", "C", "C", "C", "C", "C", "C", "C", "C", "C", "C", "C", "C", "C", "C", "C", "C", "C", "C", "C", "C", "C", "Cm", "Cm", "Cm", "Cm", "Cm", "Cm", "Cm", "Cm", "Cm", "Cm", "Cm", "Cm", "Cm", "Cm", "Cm", "Cm", "Cm", "Cm", "D#", "D#", "D#", "D#", "D#", "D#", "D#", "D#", "D#", "D#", "D#", "D#", "D#", "D#", "D#", "D#", "D#", "D#", "D#", "D#", "D#", "D#", "D#", "D#", "D#", "D#", "D#", "D#", "D#", "D#", "D#", "D#"]
