
metadata:
    version:
        essentia: "1.2.2"
    audio_properties:
        analysis_sample_rate: 44100
        bitrate: 128
        channels: 2
        equal_loudness: 1
        length: 10.0310201645
        replay_gain: -6.46158790588
        downmix: "mix"
    tags:
        track: 44
        year: 0
        album: "Splitted by Mp3Splt v. 2.1"
        artist: "From 007.10 To 007.20"
        comment: "http://mp3splt.sf.net"
        genre: ""
        title: "09 G Spot.mp3"

highlevel:
    ballroom:
        all:
            ChaChaCha: 0.0830888301134
            Jive: 0.518730640411
            Quickstep: 0.0202574916184
            Rumba-American: 0.000635009026155
            Rumba-International: 0.000194170119357
            Rumba-Misc: 0.000160056297318
            Samba: 0.376719653606
            Tango: 5.23532035004e-05
            VienneseWaltz: 7.04956255504e-05
            Waltz: 9.12654868443e-05
        probability: 0.518730640411
        value: "Jive"
    culture:
        all:
            non_western: 0.183056354523
            western: 0.816943645477
        probability: 0.816943645477
        value: "western"
    gender:
        all:
            female: 0.488613039255
            male: 0.511386930943
        probability: 0.511386930943
        value: "male"
    genre_dortmund:
        all:
            alternative: 0.00616913102567
            blues: 0.00441311579198
            electronic: 0.411357313395
            folkcountry: 0.00559704937041
            funksoulrnb: 0.00362055329606
            jazz: 0.0134548898786
            pop: 0.019971717149
            raphiphop: 0.402884542942
            rock: 0.132531672716
        probability: 0.411357313395
        value: "electronic"
    genre_electronica:
        all:
            ambient: 0.0619665682316
            dnb: 0.468467712402
            house: 0.0319565050304
            techno: 0.293620735407
            trance: 0.143988475204
        probability: 0.468467712402
        value: "dnb"
    genre_rosamerica:
        all:
            cla: 0.00561951519921
            dan: 0.5902364254
            hip: 0.345946729183
            jaz: 0.00411557871848
            pop: 0.0199719276279
            rhy: 0.0105151236057
            roc: 0.0214593987912
            spe: 0.00213528634049
        probability: 0.5902364254
        value: "dan"
    genre_tzanetakis:
        all:
            blu: 0.0023701612372
            cla: 0.00438991794363
            cou: 0.0152025725693
            dis: 0.26765704155
            hip: 0.16857278347
            jaz: 0.0172286871821
            met: 0.11872908473
            pop: 0.294722050428
            reg: 0.0702219679952
            roc: 0.040905714035
        probability: 0.294722050428
        value: "pop"
    live_studio:
        all:
            live: 9.37193476602e-07
            studio: 0.999999046326
        probability: 0.999999046326
        value: "studio"
    mood:
        all:
            Cluster1: 0.189696699381
            Cluster2: 0.353922426701
            Cluster3: 0.0348361358047
            Cluster4: 0.0580532103777
            Cluster5: 0.363491535187
        probability: 0.363491535187
        value: "Cluster5"
    mood_acoustic:
        all:
            acoustic: 0.00796711817384
            not_acoustic: 0.992032885551
        probability: 0.992032885551
        value: "not_acoustic"
    mood_aggressive:
        all:
            aggressive: 0.992336332798
            not_aggressive: 0.00766364159063
        probability: 0.992336332798
        value: "aggressive"
    mood_electronic:
        all:
            electronic: 0.974390506744
            not_electronic: 0.0256094671786
        probability: 0.974390506744
        value: "electronic"
    mood_happy:
        all:
            happy: 0.0316340625286
            not_happy: 0.968365907669
        probability: 0.968365907669
        value: "not_happy"
    mood_party:
        all:
            not_party: 0.0233095027506
            party: 0.976690471172
        probability: 0.976690471172
        value: "party"
    mood_relaxed:
        all:
            not_relaxed: 0.945012271404
            relaxed: 0.054987706244
        probability: 0.945012271404
        value: "not_relaxed"
    mood_sad:
        all:
            not_sad: 0.996891140938
            sad: 0.00310885068029
        probability: 0.996891140938
        value: "not_sad"
    rhythm:
        all:
            fast: 0.973915994167
            medium: 0.0252037085593
            slow: 0.000880277832039
        probability: 0.973915994167
        value: "fast"
    speech_music:
        all:
            music: 0.962550520897
            speech: 0.0374495051801
        probability: 0.962550520897
        value: "music"
    timbre:
        all:
            bright: 0.559769690037
            dark: 0.440230309963
        probability: 0.559769690037
        value: "bright"
    voice_instrumental:
        all:
            instrumental: 0.185212239623
            voice: 0.814787745476
        probability: 0.814787745476
        value: "voice"

lowlevel:
    average_loudness: 0.971320450306
    barkbands_kurtosis:
        dmean: 1.38168919086
        dmean2: 2.24881982803
        dvar: 3.09977459908
        dvar2: 7.37471675873
        max: 16.8122119904
        mean: 0.0721933469176
        min: -1.90089869499
        var: 4.93988227844
    barkbands_skewness:
        dmean: 0.706031799316
        dmean2: 1.00055980682
        dvar: 0.432554244995
        dvar2: 0.922923445702
        max: 3.31626987457
        mean: -0.372662514448
        min: -3.34828519821
        var: 1.25040340424
    barkbands_spread:
        dmean: 9.74893379211
        dmean2: 14.4347629547
        dvar: 80.2120285034
        dvar2: 187.628219604
        max: 82.62059021
        mean: 37.2611999512
        min: 5.29528474808
        var: 198.101303101
    dissonance:
        dmean: 0.0153224132955
        dmean2: 0.026677062735
        dvar: 0.000312508753268
        dvar2: 0.000877453712747
        max: 0.499936819077
        mean: 0.478765070438
        min: 0.365285813808
        var: 0.000368171313312
    hfc:
        dmean: 6.47051286697
        dmean2: 11.1046848297
        dvar: 129.018875122
        dvar2: 352.107421875
        max: 83.5530700684
        mean: 6.41548871994
        min: 0.0101649947464
        var: 92.3455047607
    pitch:
        dmean: 1322.01806641
        dmean2: 2512.85253906
        dvar: 2163687.5
        dvar2: 5693047.5
        max: 4900
        mean: 2409.05322266
        min: 85.4651184082
        var: 2241804
    pitch_instantaneous_confidence:
        dmean: 0.10467685014
        dmean2: 0.167568743229
        dvar: 0.00776384584606
        dvar2: 0.0196112990379
        max: 0.862723350525
        mean: 0.386520117521
        min: 0.132392168045
        var: 0.0158320963383
    pitch_salience:
        dmean: 0.084710739553
        dmean2: 0.120327591896
        dvar: 0.00576245691627
        dvar2: 0.0111343460158
        max: 0.94257068634
        mean: 0.657987952232
        min: 0.29512283206
        var: 0.0135236922652
    silence_rate_20dB:
        dmean: 0
        dmean2: 0
        dvar: 0
        dvar2: 0
        max: 1
        mean: 1
        min: 1
        var: 0
    silence_rate_30dB:
        dmean: 0
        dmean2: 0
        dvar: 0
        dvar2: 0
        max: 1
        mean: 1
        min: 1
        var: 0
    silence_rate_60dB:
        dmean: 0.263888895512
        dmean2: 0.529002308846
        dvar: 0.194252192974
        dvar2: 0.318765223026
        max: 1
        mean: 0.702078521252
        min: 0
        var: 0.209164947271
    spectral_centroid:
        dmean: 493.691711426
        dmean2: 681.94317627
        dvar: 232555.9375
        dvar2: 485004.90625
        max: 4515.27685547
        mean: 2343.09277344
        min: 428.559326172
        var: 802998.3125
    spectral_complexity:
        dmean: 6.35730838776
        dmean2: 10.5186042786
        dvar: 61.8352928162
        dvar2: 143.896224976
        max: 53
        mean: 7.80555534363
        min: 0
        var: 79.7723693848
    spectral_crest:
        dmean: 2.46527671814
        dmean2: 3.88403296471
        dvar: 5.38687181473
        dvar2: 13.1837835312
        max: 20.1615581512
        mean: 7.75715970993
        min: 3.01846885681
        var: 10.77085495
    spectral_decrease:
        dmean: 5.81228898344e-10
        dmean2: 9.53448098251e-10
        dvar: 8.27462009058e-19
        dvar2: 2.12820646913e-18
        max: -1.08589699732e-12
        mean: -5.95058002872e-10
        min: -6.86103973635e-09
        var: 7.18157484036e-19
    spectral_energy:
        dmean: 0.00276458985172
        dmean2: 0.00458846520633
        dvar: 1.94275708054e-05
        dvar2: 5.06103497173e-05
        max: 0.033473636955
        mean: 0.0028277891688
        min: 5.02038801642e-06
        var: 1.6116662664e-05
    spectral_energyband_high:
        dmean: 0.000431020016549
        dmean2: 0.000699150608853
        dvar: 3.93060133774e-07
        dvar2: 1.00203271813e-06
        max: 0.00520110502839
        mean: 0.000408706400776
        min: 1.01109458228e-06
        var: 3.43170398764e-07
    spectral_energyband_low:
        dmean: 0.000139271709486
        dmean2: 0.000212763203308
        dvar: 8.66876490591e-08
        dvar2: 2.09785980587e-07
        max: 0.00200223270804
        mean: 0.00014048529556
        min: 1.36951229024e-07
        var: 8.63016182961e-08
    spectral_energyband_middle_high:
        dmean: 0.00138228852302
        dmean2: 0.00250403350219
        dvar: 9.25187941903e-06
        dvar2: 2.58913169091e-05
        max: 0.0228193495423
        mean: 0.00140287808608
        min: 8.29096620691e-07
        var: 6.20101582172e-06
    spectral_energyband_middle_low:
        dmean: 0.00106139702257
        dmean2: 0.00172828370705
        dvar: 2.30907744481e-06
        dvar2: 5.55424867343e-06
        max: 0.00842924322933
        mean: 0.000875713652931
        min: 3.04177819999e-06
        var: 2.11712495002e-06
    spectral_flatness_db:
        dmean: 0.021690107882
        dmean2: 0.0340299680829
        dvar: 0.00032358666067
        dvar2: 0.000783997413237
        max: 0.246850132942
        mean: 0.124361895025
        min: 0.0686479955912
        var: 0.000891910342034
    spectral_flux:
        dmean: 0.0199685171247
        dmean2: 0.0296758431941
        dvar: 0.000483116135001
        dvar2: 0.000850180804264
        max: 0.16748316586
        mean: 0.0400583893061
        min: 0.00224062218331
        var: 0.000737818016205
    spectral_kurtosis:
        dmean: 1.08696520329
        dmean2: 1.62183153629
        dvar: 1.42976152897
        dvar2: 3.06929540634
        max: 9.74891281128
        mean: 2.08320832253
        min: -0.410759210587
        var: 3.98045706749
    spectral_rms:
        dmean: 0.000725945574231
        dmean2: 0.00108399719466
        dvar: 5.91802688632e-07
        dvar2: 1.46242791743e-06
        max: 0.00571464840323
        mean: 0.00140924693551
        min: 6.99852826074e-05
        var: 7.72843065988e-07
    spectral_rolloff:
        dmean: 682.317626953
        dmean2: 1056.37854004
        dvar: 678846.1875
        dvar2: 1165321.625
        max: 6782.95898438
        mean: 4122.06298828
        min: 172.265625
        var: 2264059
    spectral_skewness:
        dmean: 0.219389274716
        dmean2: 0.334490358829
        dvar: 0.0384417697787
        dvar2: 0.083476677537
        max: 2.31457662582
        mean: 1.1436508894
        min: 0.290331035852
        var: 0.16756477952
    spectral_spread:
        dmean: 1241041.5
        dmean2: 1790632.375
        dvar: 984591761408
        dvar2: 2.30510480589e+12
        max: 12225554
        mean: 7334236.5
        min: 2231092.25
        var: 3.99755024794e+12
    spectral_strongpeak:
        dmean: 0.477504223585
        dmean2: 0.790979862213
        dvar: 0.485594600439
        dvar2: 1.12977576256
        max: 5.48376893997
        mean: 0.565665125847
        min: 0.00167472602334
        var: 0.67916893959
    zerocrossingrate:
        dmean: 0.0173039622605
        dmean2: 0.0176757816225
        dvar: 0.000223395516514
        dvar2: 0.000253194360994
        max: 0.23828125
        mean: 0.130716964602
        min: 0.025390625
        var: 0.001729298383
    barkbands:
        dmean: [4.05619317689e-07, 4.28015991929e-05, 0.000122450917843, 0.000179127935553, 0.000318737293128, 0.000139523734106, 0.000438994989963, 5.84565423196e-05, 5.47922682017e-05, 4.23536948801e-05, 2.96834332403e-05, 2.69614556601e-05, 2.58323816524e-05, 3.68300752598e-05, 7.35544672352e-05, 0.000112363224616, 0.00025961708161, 0.00032142654527, 0.000412333116401, 0.00035674739047, 0.000126401413581, 6.75510891597e-05, 7.01004828443e-05, 1.36860762723e-05, 7.25305926608e-06, 6.70682311465e-07, 1.42132139391e-09]
        dmean2: [6.4578216552e-07, 6.58054486848e-05, 0.000212847095099, 0.000334835145622, 0.000571270647924, 0.00021392814233, 0.000745080527849, 0.000102221238194, 9.89669206319e-05, 7.77907043812e-05, 5.52128876734e-05, 4.90933125548e-05, 4.75019514852e-05, 6.58513818053e-05, 0.000139394935104, 0.000203888135729, 0.000485952448798, 0.00059423368657, 0.000738310045563, 0.00062238186365, 0.000213415914914, 0.000106519692054, 0.000101269324659, 2.1178226234e-05, 1.12591314974e-05, 1.02613512354e-06, 2.25712315505e-09]
        dvar: [2.01735207857e-13, 6.91018264831e-09, 9.17314864068e-08, 2.13907853208e-07, 8.49948605719e-07, 4.17092635985e-08, 4.5674889293e-07, 9.49852552168e-09, 1.4634697898e-08, 8.88448781211e-09, 8.32958946262e-09, 7.86601983549e-09, 4.69839811501e-09, 1.12862439394e-08, 3.75826374466e-08, 8.33883646578e-08, 4.89577473672e-07, 7.70178928633e-07, 6.81823792092e-07, 3.76585745698e-07, 4.59253008955e-08, 1.01226600435e-08, 1.61600031134e-08, 3.43023082161e-10, 6.18276332909e-11, 5.59105442065e-13, 2.59028155342e-18]
        dvar2: [5.76695592322e-13, 1.50406727073e-08, 2.43093154495e-07, 5.94518894559e-07, 2.37323160945e-06, 9.42825835182e-08, 1.15785474009e-06, 2.40200286328e-08, 3.93724235437e-08, 2.46968987483e-08, 2.36825012934e-08, 2.24283613903e-08, 1.32992514779e-08, 3.26199831591e-08, 1.07823957762e-07, 2.38809377606e-07, 1.43327497426e-06, 2.22443827624e-06, 1.8799753434e-06, 1.00937256775e-06, 1.23165349919e-07, 2.60059653812e-08, 3.50577273878e-08, 8.12614864287e-10, 1.520914783e-10, 1.27152888912e-12, 5.50381536406e-18]
        max: [3.15119200422e-06, 0.000457993155578, 0.00193919078447, 0.00267656892538, 0.00665723439306, 0.00138738716487, 0.00461127655581, 0.000660101650283, 0.000814851315226, 0.000612835632637, 0.000735160429031, 0.00090865069069, 0.000471854378702, 0.00108668685425, 0.00134971365333, 0.0025952369906, 0.00510913319886, 0.0072920890525, 0.00676163379103, 0.00508416676894, 0.00198156200349, 0.000632885552477, 0.00076209922554, 0.000109074957436, 4.61159324914e-05, 4.81214601677e-06, 1.28425599044e-08]
        mean: [7.14693271675e-07, 5.25368450326e-05, 8.72414602782e-05, 0.00012132563279, 0.000219335255679, 0.000129838706926, 0.000315201585181, 4.50333645858e-05, 4.14352944063e-05, 3.26262415911e-05, 2.22174985538e-05, 2.18023506022e-05, 2.33889350056e-05, 3.99363270844e-05, 6.62559468765e-05, 0.000123563222587, 0.000268156902166, 0.00032175888191, 0.000337469449732, 0.000281354674371, 0.000108532643935, 6.56508491375e-05, 8.08139011497e-05, 1.40930178532e-05, 6.83804591972e-06, 6.67111066832e-07, 1.30387212138e-09]
        min: [4.4761594431e-09, 5.07164799046e-08, 4.73935095613e-08, 9.12127759989e-08, 1.40940215942e-07, 2.16142069576e-07, 2.01651062071e-07, 3.51867868176e-08, 2.55615404399e-08, 2.701649926e-08, 1.83792059349e-09, 4.91311524797e-09, 1.74516348039e-08, 8.9526892566e-09, 7.66856000922e-09, 5.29370947078e-09, 1.3316252101e-08, 9.53695078465e-08, 4.84697807224e-07, 4.29232187571e-07, 2.39646652744e-07, 1.80762924629e-07, 9.21977090229e-08, 1.43526108332e-07, 9.06335273498e-08, 6.22707618803e-09, 3.12387756721e-13]
        var: [3.82227886495e-13, 8.3277669205e-09, 6.47424158728e-08, 1.30359254058e-07, 5.27033137132e-07, 4.56092195122e-08, 3.74241068357e-07, 7.55165174837e-09, 1.00134469605e-08, 5.94437388202e-09, 4.94411622753e-09, 4.73758676733e-09, 2.99919178381e-09, 7.31973814894e-09, 2.27304575162e-08, 6.1629037873e-08, 3.13575355904e-07, 4.77371997931e-07, 4.45549460437e-07, 2.61125819634e-07, 3.27871383377e-08, 9.69513180848e-09, 2.16215862991e-08, 3.78156367331e-10, 7.13635747718e-11, 7.1432578819e-13, 3.08074464915e-18]
    mfcc:
        mean: [-747.354248047, 53.723110199, -16.1205196381, 57.2160148621, -2.67497348785, -7.96008968353, -12.9746713638, -0.886356055737, -6.63990402222, 0.241707101464, -0.0679977461696, 1.37576162815, 4.65084314346]
        cov: [[5231.15087891, 325.625061035, -1167.98498535, -608.466003418, -307.567749023, -573.210266113, -263.051422119, -189.067703247, -253.679794312, -92.4470596313, -57.2825431824, -165.031433105, -29.7037525177], [325.625061035, 897.174865723, -516.505493164, -46.4421272278, 155.588607788, -30.7751140594, 132.246780396, 20.3243465424, 102.8879776, -45.7737312317, -20.5946674347, -40.4293251038, -156.027938843], [-1167.98498535, -516.505493164, 1244.33056641, 312.135192871, -198.31918335, 107.544578552, 15.2008447647, -81.581161499, -14.0149641037, -3.56816220284, -17.9195690155, 50.0388374329, 88.8519821167], [-608.466003418, -46.4421272278, 312.135192871, 418.908325195, 141.864868164, 43.5858268738, 53.2958946228, -38.7569923401, 4.42982578278, -17.0731277466, 2.25203633308, 28.5583782196, 15.9645652771], [-307.567749023, 155.588607788, -198.31918335, 141.864868164, 276.699523926, 77.9680633545, 22.0544605255, 44.1805534363, 38.1744766235, -6.18079137802, 9.2779712677, 7.70177555084, -30.9310512543], [-573.210266113, -30.7751140594, 107.544578552, 43.5858268738, 77.9680633545, 182.160522461, 58.4192504883, 61.9603614807, 48.8128471375, 17.5431594849, 1.89835584164, 12.2600126266, -4.01771450043], [-263.051422119, 132.246780396, 15.2008447647, 53.2958946228, 22.0544605255, 58.4192504883, 152.123168945, 39.2041893005, 65.0071716309, 8.72413063049, -1.32454228401, -6.38454341888, -36.2611923218], [-189.067703247, 20.3243465424, -81.581161499, -38.7569923401, 44.1805534363, 61.9603614807, 39.2041893005, 128.251022339, 52.1181945801, 29.1560821533, 21.0643787384, 2.34499788284, -10.2568712234], [-253.679794312, 102.8879776, -14.0149641037, 4.42982578278, 38.1744766235, 48.8128471375, 65.0071716309, 52.1181945801, 104.558937073, 25.3823051453, 13.4268989563, 11.4801635742, -26.553478241], [-92.4470596313, -45.7737312317, -3.56816220284, -17.0731277466, -6.18079137802, 17.5431594849, 8.72413063049, 29.1560821533, 25.3823051453, 71.1295852661, 32.5900344849, 2.49581456184, 22.1586380005], [-57.2825431824, -20.5946674347, -17.9195690155, 2.25203633308, 9.2779712677, 1.89835584164, -1.32454228401, 21.0643787384, 13.4268989563, 32.5900344849, 55.7950210571, 35.202583313, 21.533290863], [-165.031433105, -40.4293251038, 50.0388374329, 28.5583782196, 7.70177555084, 12.2600126266, -6.38454341888, 2.34499788284, 11.4801635742, 2.49581456184, 35.202583313, 69.4188461304, 35.3235168457], [-29.7037525177, -156.027938843, 88.8519821167, 15.9645652771, -30.9310512543, -4.01771450043, -36.2611923218, -10.2568712234, -26.553478241, 22.1586380005, 21.533290863, 35.3235168457, 81.3284988403]]
        icov: [[0.00045605073683, -6.64647886879e-05, 0.000395661831135, 0.000116666233225, 0.000451448897365, 0.000640670652501, 0.000192778883502, 0.000246831565164, 0.000173565524165, 0.000635491742287, -0.000467497651698, 0.00101274938788, -0.000528250820935], [-6.64647886879e-05, 0.00264934566803, 0.000674006703775, 0.000222434420721, -0.0008694815333, 0.000775895488914, -0.00172264338471, 0.00114743085578, -0.00167565234005, 0.000990387285128, -0.000160581446835, -0.00054464105051, 0.0028248836752], [0.000395661831135, 0.000674006703775, 0.00308425840922, -0.00291552906856, 0.00428647827357, -0.00210291473195, 0.00126972084399, 0.000961385143455, -0.00145235459786, 0.00122650933918, 0.000191740109585, 0.000501857430208, -0.000223058843403], [0.000116666233225, 0.000222434420721, -0.00291552906856, 0.0076593440026, -0.00736765516922, 0.0036693289876, -0.00432946207002, 0.00191697035916, 0.00170296954457, 0.000405119935749, -0.000799491477665, -8.09585762909e-05, -0.00146583572496], [0.000451448897365, -0.0008694815333, 0.00428647827357, -0.00736765516922, 0.0134512083605, -0.00624930486083, 0.0055490010418, -0.0013222474372, -0.00217986176722, 0.0021431047935, -0.00142435892485, 0.00120577262715, 0.000932229391765], [0.000640670652501, 0.000775895488914, -0.00210291473195, 0.0036693289876, -0.00624930486083, 0.0130514092743, -0.00433186953887, -0.00269462657161, 0.000705917482264, -0.00187890708912, 0.00376560399309, -0.00180871330667, -0.000172565327375], [0.000192778883502, -0.00172264338471, 0.00126972084399, -0.00432946207002, 0.0055490010418, -0.00433186953887, 0.0136554036289, -0.0018406144809, -0.00484668649733, 0.000126583763631, -0.000375281524612, 0.00195405888371, 0.00161464361008], [0.000246831565164, 0.00114743085578, 0.000961385143455, 0.00191697035916, -0.0013222474372, -0.00269462657161, -0.0018406144809, 0.0139581747353, -0.00465759309009, 0.000927977554966, -0.00555478176102, 0.00368223292753, -0.000733526423573], [0.000173565524165, -0.00167565234005, -0.00145235459786, 0.00170296954457, -0.00217986176722, 0.000705917482264, -0.00484668649733, -0.00465759309009, 0.0223128143698, -0.0110856741667, 0.00575923686847, -0.0106538673863, 0.00796644762158], [0.000635491742287, 0.000990387285128, 0.00122650933918, 0.000405119935749, 0.0021431047935, -0.00187890708912, 0.000126583763631, 0.000927977554966, -0.0110856741667, 0.0352590382099, -0.0254320912063, 0.0218984764069, -0.014395236969], [-0.000467497651698, -0.000160581446835, 0.000191740109585, -0.000799491477665, -0.00142435892485, 0.00376560399309, -0.000375281524612, -0.00555478176102, 0.00575923686847, -0.0254320912063, 0.0493711456656, -0.0300139132887, 0.00701865693554], [0.00101274938788, -0.00054464105051, 0.000501857430208, -8.09585762909e-05, 0.00120577262715, -0.00180871330667, 0.00195405888371, 0.00368223292753, -0.0106538673863, 0.0218984764069, -0.0300139132887, 0.0425064899027, -0.0194625463337], [-0.000528250820935, 0.0028248836752, -0.000223058843403, -0.00146583572496, 0.000932229391765, -0.000172565327375, 0.00161464361008, -0.000733526423573, 0.00796644762158, -0.014395236969, 0.00701865693554, -0.0194625463337, 0.0321452356875]]
    spectral_contrast:
        mean: [5.68537927848e-08, -4.64290167201e-07, 3.32417471327e-07, 1.00608708919e-07, 5.3758007823e-08, 6.72966820048e-08, 1.03411298369e-06, -2.48721767093e-06, 1.93136474991e-06, 5.50308186575e-07, -3.32468357556e-06, -2.53319740295e-06]
        var: [0.000450818188256, 0.000757904432248, 0.000955950701609, 0.00130297220312, 0.00448375754058, 0.00689917523414, 0.0549574457109, 0.106732882559, 0.2236430794, 0.274823486805, 0.48309186101, 3.56002998352]

rhythm:
    beats_loudness:
        dmean: 0.0022071946878
        dmean2: 0.00381864467636
        dvar: 1.36160144848e-06
        dvar2: 6.09536573393e-06
        max: 0.00873152539134
        mean: 0.00559812411666
        min: 0.0029089723248
        var: 2.67685800281e-06
    beats_loudness_bass:
        dmean: 0.23645170033
        dmean2: 0.475348293781
        dvar: 0.0121621461585
        dvar2: 0.0377763584256
        max: 0.688772022724
        mean: 0.428755879402
        min: 0.248103737831
        var: 0.0192518979311
    bpm: 130.834960938
    bpm_confidence: 0
    first_peak_bpm: 131
    first_peak_spread: 0
    first_peak_weight: 0.952380955219
    onset_rate: 7.97526025772
    second_peak_bpm: 121
    second_peak_spread: 0
    second_peak_weight: 0.047619048506
    beats_position: [0.156860053539, 0.615457296371, 1.07405459881, 1.53265202045, 1.99124920368, 2.44984650612, 2.90844392776, 3.36704111099, 3.82563829422, 4.28423547745, 4.74283313751, 5.20143032074, 5.66002750397, 6.15464115143, 6.61323165894, 7.07182168961, 7.53041219711, 7.98900222778, 8.44759178162, 8.90618228912, 9.36477279663, 9.82336330414]
    bpm_estimates: [130.945709229, 130.842544556, 130.927429199, 130.734436035, 130.827102661, 130.81741333, 130.791946411, 130.783569336, 131.012145996, 130.833953857, 131.011260986, 130.756607056, 130.817047119, 130.997299194, 130.791244507, 130.74206543, 130.720214844, 130.677154541]
    bpm_intervals: [0.458597242832, 0.458597302437, 0.458597421646, 0.458597183228, 0.458597302437, 0.458597421646, 0.458597183228, 0.458597183228, 0.458597183228, 0.458597660065, 0.458597183228, 0.458597183228, 0.494613647461, 0.458590507507, 0.45859003067, 0.458590507507, 0.45859003067, 0.458589553833, 0.458590507507, 0.458590507507, 0.458590507507]
    onset_times: [0.0464399084449, 0.150929704309, 0.267029464245, 0.383129239082, 0.603718817234, 0.731428563595, 0.835918366909, 0.96362811327, 1.07972788811, 1.18421769142, 1.30031740665, 1.42802715302, 1.53251695633, 1.66022670269, 1.764716506, 1.89242625237, 1.99691605568, 2.11301589012, 2.22911572456, 2.4497051239, 2.57741498947, 2.69351482391, 2.80961441994, 2.92571425438, 3.04181408882, 3.14630389214, 3.27401351929, 3.3785033226, 3.50621318817, 3.61070299149, 3.84290242195, 3.95900225639, 4.07510185242, 4.29569149017, 4.42340135574, 4.53950119019, 4.65560102463, 4.77170085907, 4.88780021667, 4.99229001999, 5.11999988556, 5.22448968887, 5.35219955444, 5.45668935776, 5.58439922333, 5.68888902664, 5.80498886108, 5.92108821869, 6.14167785645, 6.26938772202, 6.38548755646, 6.5015873909, 6.61768722534, 6.73378705978, 6.8382768631, 6.96598625183, 7.07047605515, 7.19818592072, 7.30267572403, 7.4303855896, 7.53487539291, 7.65097522736, 7.7670750618, 7.99927425385, 8.11537456512, 8.23147392273, 8.34757328033, 8.46367359161, 8.57977294922, 8.68426322937, 8.8119726181, 8.91646289825, 9.03256225586, 9.14866256714, 9.27637195587, 9.38086128235, 9.49696159363, 9.61306095123, 9.83365058899, 9.9613609314]
    rubato_start: []
    rubato_stop: []
    perceptual_tempo: "unknown"

sfx:
    inharmonicity:
        dmean: 0.0712406262755
        dmean2: 0.126317739487
        dvar: 0.00472685927525
        dvar2: 0.0132493916899
        max: 0.458420991898
        mean: 0.07363409549
        min: 0
        var: 0.00499762408435
    oddtoevenharmonicenergyratio:
        dmean: 3.51508355141
        dmean2: 6.61758470535
        dvar: 180.958312988
        dvar2: 529.905456543
        max: 180.356887817
        mean: 2.29954838753
        min: 0
        var: 98.0300216675
    pitch_after_max_to_before_max_energy_ratio: 0.201286748052
    pitch_centroid: 208.003479004
    pitch_max_to_total: 0.826388895512
    pitch_min_to_total: 0.708333313465
    tristimulus:
        dmean: [0.217320665717, 0.316977798939, 0.189408034086]
        dmean2: [0.374455690384, 0.559807837009, 0.34278985858]
        dvar: [0.0366219952703, 0.063025586307, 0.031960207969]
        dvar2: [0.106875322759, 0.169519409537, 0.0774203836918]
        max: [1, 0.986971318722, 0.732993423939]
        mean: [0.292698800564, 0.405476748943, 0.174956187606]
        min: [0.0130287492648, 0, 0]
        var: [0.0499329790473, 0.0860162898898, 0.0405992232263]

tonal:
    chords_changes_rate: 0.055299539119
    chords_number_rate: 0.00921658985317
    chords_strength:
        dmean: 0.0114373126999
        dmean2: 0.0134920272976
        dvar: 7.01617318555e-05
        dvar2: 0.000112254456326
        max: 0.680751860142
        mean: 0.510556221008
        min: 0.357881307602
        var: 0.0072496952489
    key_strength: 0.730375826359
    tuning_diatonic_strength: 0.597242116928
    tuning_equal_tempered_deviation: 0.27054309845
    tuning_frequency: 452.108886719
    tuning_nontempered_energy_ratio: 0.917363524437
    hpcp:
        dmean: [0.356010079384, 0.274790346622, 0.230002433062, 0.217490360141, 0.180488288403, 0.171202659607, 0.211763486266, 0.204129502177, 0.155855476856, 0.142010375857, 0.14702039957, 0.161868363619, 0.178507909179, 0.17639502883, 0.18568277359, 0.231813058257, 0.215033814311, 0.184704527259, 0.191998839378, 0.291320115328, 0.324211269617, 0.254803329706, 0.221240311861, 0.18412026763, 0.188024923205, 0.19486643374, 0.168482139707, 0.172862038016, 0.18053047359, 0.187477111816, 0.183836117387, 0.197831571102, 0.215567663312, 0.234102442861, 0.336807101965, 0.383909493685]
        dmean2: [0.660383164883, 0.506829023361, 0.427981346846, 0.389599919319, 0.323062598705, 0.306191205978, 0.368672370911, 0.347957760096, 0.265698045492, 0.253272891045, 0.258192390203, 0.281636983156, 0.317116826773, 0.322671353817, 0.335626214743, 0.418344765902, 0.384223967791, 0.321971029043, 0.341610789299, 0.504483819008, 0.562935233116, 0.447250902653, 0.398325592279, 0.331672996283, 0.336150437593, 0.350381135941, 0.291544079781, 0.300495803356, 0.316554009914, 0.331575036049, 0.316370338202, 0.339983284473, 0.383562654257, 0.410799026489, 0.580121576786, 0.700924098492]
        dvar: [0.0676136538386, 0.053168553859, 0.0583702288568, 0.0467810221016, 0.0382922925055, 0.0322877578437, 0.0457637086511, 0.0415551401675, 0.0265155117959, 0.0239793546498, 0.0269190911204, 0.0326407253742, 0.0372054763138, 0.0332763642073, 0.0315122827888, 0.0418753586709, 0.0385300554335, 0.0291409697384, 0.0320183970034, 0.0574096664786, 0.0683202296495, 0.05315611884, 0.0531503036618, 0.0314012691379, 0.0352904349566, 0.0459069274366, 0.0305959377438, 0.0296403281391, 0.0332075916231, 0.0346488915384, 0.0313415229321, 0.0334129333496, 0.048351649195, 0.044577088207, 0.0583728514612, 0.0705893933773]
        dvar2: [0.197367936373, 0.149509638548, 0.161963075399, 0.128824621439, 0.103689901531, 0.0866058468819, 0.11278642714, 0.100696854293, 0.0721888616681, 0.071493729949, 0.082634665072, 0.0911932364106, 0.0947773084044, 0.091495744884, 0.0969022065401, 0.118878610432, 0.109523668885, 0.0829309523106, 0.0844574570656, 0.158388674259, 0.153882279992, 0.147855743766, 0.158033043146, 0.0862552002072, 0.106118910015, 0.129462257028, 0.0886318311095, 0.0871341899037, 0.094490043819, 0.103864759207, 0.0958818644285, 0.088685631752, 0.126246169209, 0.119842007756, 0.183003365993, 0.192438453436]
        max: [1, 1, 1, 1, 1, 1, 1, 1, 1, 1, 1, 1, 1, 1, 1, 1, 1, 1, 1, 1, 1, 1, 1, 1, 1, 1, 1, 1, 1, 1, 1, 1, 1, 1, 1, 1]
        mean: [0.407663345337, 0.290607750416, 0.268974304199, 0.255792886019, 0.221835568547, 0.231652989984, 0.290966272354, 0.275649964809, 0.225645422935, 0.211126685143, 0.210854142904, 0.229653090239, 0.245081230998, 0.239052921534, 0.244744047523, 0.286198437214, 0.289534419775, 0.252223074436, 0.252261608839, 0.371600925922, 0.437461227179, 0.338985562325, 0.253077119589, 0.231156498194, 0.233860224485, 0.218566343188, 0.20717407763, 0.230096593499, 0.243794575334, 0.230092465878, 0.234385699034, 0.259503662586, 0.273399800062, 0.304149538279, 0.482530713081, 0.567134439945]
        min: [0.00895868800581, 0.00896904151887, 0.00962697248906, 0.0142790749669, 0.00977527722716, 0.01769515872, 0.023552890867, 0.0209870617837, 0.0156240276992, 0.0197371002287, 0.0138225061819, 0.013191034086, 0.011311898008, 0.00997755676508, 0.0117357587442, 0.0104803489521, 0.0141711551696, 0.00828439649194, 0.00724782422185, 0.00465200236067, 0.00554770929739, 0.0101711507887, 0.00303545943461, 0.00478603644297, 0.00399623578414, 0.00417661387473, 0.00718429172412, 0.00484676426277, 0.00414922693744, 0.00575164193287, 0.00698140729219, 0.00949633307755, 0.00704763736576, 0.0189271792769, 0.0129734938964, 0.00998808443546]
        var: [0.0803465768695, 0.0599249526858, 0.05680706352, 0.0509487055242, 0.0410091243684, 0.0363256409764, 0.0577815361321, 0.0528485737741, 0.0338131338358, 0.028078680858, 0.0306339152157, 0.0442302450538, 0.0535019747913, 0.0513310618699, 0.0442984215915, 0.0551654063165, 0.0543540716171, 0.0531280748546, 0.0604526139796, 0.0939365401864, 0.112382613122, 0.0712762027979, 0.063778527081, 0.0513037107885, 0.055029373616, 0.0516632832587, 0.0413490720093, 0.0517009310424, 0.0550788901746, 0.0431719087064, 0.0413527600467, 0.0504523515701, 0.0596656128764, 0.0563383363187, 0.0891766473651, 0.111933358014]
    chords_histogram: [49.7695846558, 0, 0, 0, 0, 0, 0, 49.7695846558, 0, 0, 0, 0, 0, 0, 0, 0, 0, 0, 0, 0, 0, 0, 0.460829496384, 0]
    thpcp: [1, 0.718812525272, 0.512414216995, 0.474269032478, 0.451026886702, 0.391151636839, 0.408462226391, 0.513046383858, 0.48603990674, 0.397869378328, 0.3722692132, 0.371788650751, 0.404935896397, 0.432139575481, 0.421510159969, 0.43154501915, 0.50463950634, 0.510521650314, 0.444732427597, 0.444800376892, 0.655225455761, 0.771353662014, 0.597716391087, 0.446238309145, 0.407586783171, 0.412354111671, 0.385387182236, 0.365299761295, 0.405717909336, 0.42987087369, 0.405710607767, 0.413280665874, 0.457569926977, 0.482072293758, 0.536291778088, 0.85082244873]
    chords_key: "G#"
    chords_scale: "minor"
    key_key: "G#"
    key_scale: "minor"
    chords_progression: ["G#m", "G#m", "G#m", "G#m", "G#m", "G#m", "G#m", "G#m", "G#m", "G#m", "G#m", "G#m", "G#m", "G#m", "G#m", "G#m", "G#m", "G#m", "G#m", "G#m", "G#m", "G#m", "G#m", "G#m", "G#m", "G#m", "G#m", "G#m", "G#m", "G#m", "G#m", "G#", "G#", "G#m", "G#m", "G#", "G#", "G#", "G#", "G#", "G#", "G#", "G#", "G#", "G#", "G#", "G#", "G#", "G#", "G#", "G#", "G#", "G#", "G#", "G#", "G#", "G#", "G#", "G#", "G#", "G#m", "G#", "G#", "G#", "G#", "G#", "G#", "G#", "G#", "G#m", "G#", "G#", "G#", "G#", "G#", "G#", "G#", "G#", "G#", "G#", "G#", "G#", "G#", "G#", "G#", "G#", "G#", "G#", "G#", "G#", "G#", "G#", "G#", "G#", "G#", "G#", "G#", "G#", "G#", "G#", "G#", "G#", "G#", "G#", "G#", "G#", "G#", "G#", "G#", "G#", "G#", "G#", "G#", "G#", "G#", "G#", "G#", "G#", "G#", "G#", "G#", "G#", "G#", "G#", "G#", "G#", "G#", "G#", "G#", "G#", "G#", "G#", "G#", "G#", "G#", "G#", "G#", "G#", "G#", "G#", "G#m", "G#", "G#", "G#", "G#m", "G#m", "G#m", "G#m", "G#m", "G#m", "G#m", "C#m", "G#m", "G#m", "G#m", "G#m", "G#m", "G#m", "G#m", "G#m", "G#m", "G#m", "G#m", "G#m", "G#m", "G#m", "G#m", "G#m", "G#m", "G#m", "G#m", "G#m", "G#m", "G#m", "G#m", "G#m", "G#m", "G#m", "G#m", "G#m", "G#m", "G#m", "G#m", "G#m", "G#m", "G#m", "G#m", "G#m", "G#m", "G#m", "G#m", "G#m", "G#m", "G#m", "G#m", "G#m", "G#m", "G#m", "G#m", "G#m", "G#m", "G#m", "G#m", "G#m", "G#m", "G#m", "G#m", "G#m", "G#m", "G#m", "G#m", "G#m", "G#m", "G#m", "G#m", "G#m", "G#m"]
