
metadata:
    version:
        essentia: "1.2.2"
    audio_properties:
        analysis_sample_rate: 44100
        bitrate: 128
        channels: 2
        equal_loudness: 1
        length: 10.0048980713
        replay_gain: -13.5073871613
        downmix: "mix"
    tags:
        track: 14
        year: 0
        album: "Splitted by Mp3Splt v. 2.1"
        artist: "From 002.10 To 002.20"
        comment: "http://mp3splt.sf.net"
        genre: ""
        title: "04 Blindfold.mp3"

highlevel:
    ballroom:
        all:
            ChaChaCha: 0.163989424706
            Jive: 0.274210125208
            Quickstep: 0.0330108478665
            Rumba-American: 0.00167706841603
            Rumba-International: 0.00371290603653
            Rumba-Misc: 0.00210677040741
            Samba: 0.508704066277
            Tango: 0.00355396443047
            VienneseWaltz: 0.00720340479165
            Waltz: 0.00183141883463
        probability: 0.508704066277
        value: "Samba"
    culture:
        all:
            non_western: 0.0478619486094
            western: 0.952138066292
        probability: 0.952138066292
        value: "western"
    gender:
        all:
            female: 0.79506611824
            male: 0.204933896661
        probability: 0.79506611824
        value: "female"
    genre_dortmund:
        all:
            alternative: 0.115058019757
            blues: 0.0603730492294
            electronic: 0.0575230568647
            folkcountry: 0.110842041671
            funksoulrnb: 0.0118950353935
            jazz: 0.0941613987088
            pop: 0.119001798332
            raphiphop: 0.0219213906676
            rock: 0.40922421217
        probability: 0.40922421217
        value: "rock"
    genre_electronica:
        all:
            ambient: 0.112649679184
            dnb: 0.441352844238
            house: 0.0359001271427
            techno: 0.0153327416629
            trance: 0.394764631987
        probability: 0.441352844238
        value: "dnb"
    genre_rosamerica:
        all:
            cla: 0.0247999522835
            dan: 0.325971752405
            hip: 0.0089468434453
            jaz: 0.015067441389
            pop: 0.41021952033
            rhy: 0.009357791394
            roc: 0.204774007201
            spe: 0.000862680433784
        probability: 0.41021952033
        value: "pop"
    genre_tzanetakis:
        all:
            blu: 0.00464687356725
            cla: 0.0222481582314
            cou: 0.0882629454136
            dis: 0.125211164355
            hip: 0.00572035182267
            jaz: 0.406933814287
            met: 0.0137978214771
            pop: 0.113941133022
            reg: 0.0177364628762
            roc: 0.201501280069
        probability: 0.406933814287
        value: "jaz"
    live_studio:
        all:
            live: 2.35532274928e-06
            studio: 0.999997615814
        probability: 0.999997615814
        value: "studio"
    mood:
        all:
            Cluster1: 0.525682091713
            Cluster2: 0.190545737743
            Cluster3: 0.0975976884365
            Cluster4: 0.109051041305
            Cluster5: 0.0771234035492
        probability: 0.525682091713
        value: "Cluster1"
    mood_acoustic:
        all:
            acoustic: 0.00396738946438
            not_acoustic: 0.996032595634
        probability: 0.996032595634
        value: "not_acoustic"
    mood_aggressive:
        all:
            aggressive: 0.371892571449
            not_aggressive: 0.628107428551
        probability: 0.628107428551
        value: "not_aggressive"
    mood_electronic:
        all:
            electronic: 0.615452766418
            not_electronic: 0.384547263384
        probability: 0.615452766418
        value: "electronic"
    mood_happy:
        all:
            happy: 0.762847721577
            not_happy: 0.237152263522
        probability: 0.762847721577
        value: "happy"
    mood_party:
        all:
            not_party: 0.530519604683
            party: 0.469480425119
        probability: 0.530519604683
        value: "not_party"
    mood_relaxed:
        all:
            not_relaxed: 0.917868375778
            relaxed: 0.0821316018701
        probability: 0.917868375778
        value: "not_relaxed"
    mood_sad:
        all:
            not_sad: 0.68101722002
            sad: 0.318982809782
        probability: 0.68101722002
        value: "not_sad"
    rhythm:
        all:
            fast: 0.887741446495
            medium: 0.036278296262
            slow: 0.0759802386165
        probability: 0.887741446495
        value: "fast"
    speech_music:
        all:
            music: 0.999996721745
            speech: 3.26965596287e-06
        probability: 0.999996721745
        value: "music"
    timbre:
        all:
            bright: 0.999999582767
            dark: 4.24361360274e-07
        probability: 0.999999582767
        value: "bright"
    voice_instrumental:
        all:
            instrumental: 0.882173418999
            voice: 0.11782655865
        probability: 0.882173418999
        value: "instrumental"

lowlevel:
    average_loudness: 0.978032767773
    barkbands_kurtosis:
        dmean: 0.470581173897
        dmean2: 0.809520423412
        dvar: 0.616098046303
        dvar2: 1.7094399929
        max: 6.29956817627
        mean: -0.927477180958
        min: -1.84876739979
        var: 0.667968094349
    barkbands_skewness:
        dmean: 0.332252711058
        dmean2: 0.518899083138
        dvar: 0.124563679099
        dvar2: 0.291391164064
        max: 2.67996430397
        mean: 0.103884384036
        min: -2.01917219162
        var: 0.380890101194
    barkbands_spread:
        dmean: 5.10706090927
        dmean2: 8.10617446899
        dvar: 24.1848392487
        dvar2: 61.3694839478
        max: 69.7359695435
        mean: 34.9088287354
        min: 17.2143478394
        var: 87.945854187
    dissonance:
        dmean: 0.0167267248034
        dmean2: 0.0276591200382
        dvar: 0.000177925699973
        dvar2: 0.00045200320892
        max: 0.498659491539
        mean: 0.460526376963
        min: 0.385475367308
        var: 0.000410157925216
    hfc:
        dmean: 2.02446365356
        dmean2: 2.63813662529
        dvar: 8.69229507446
        dvar2: 13.9383640289
        max: 29.8766002655
        mean: 6.04448413849
        min: 3.69479607798e-06
        var: 26.8203887939
    pitch:
        dmean: 331.811676025
        dmean2: 652.340515137
        dvar: 973683.625
        dvar2: 2479351
        max: 4410
        mean: 654.161621094
        min: 97.7827072144
        var: 1377946.75
    pitch_instantaneous_confidence:
        dmean: 0.0936985835433
        dmean2: 0.146448761225
        dvar: 0.00894424319267
        dvar2: 0.0164527706802
        max: 0.829894602299
        mean: 0.511110424995
        min: 0.145250737667
        var: 0.0287080463022
    pitch_salience:
        dmean: 0.0637472718954
        dmean2: 0.105641044676
        dvar: 0.00337396073155
        dvar2: 0.00972259137779
        max: 0.957019507885
        mean: 0.608467400074
        min: 0.390462130308
        var: 0.00647042412311
    silence_rate_20dB:
        dmean: 0
        dmean2: 0
        dvar: 0
        dvar2: 0
        max: 1
        mean: 1
        min: 1
        var: 0
    silence_rate_30dB:
        dmean: 0
        dmean2: 0
        dvar: 0
        dvar2: 0
        max: 1
        mean: 1
        min: 1
        var: 0
    silence_rate_60dB:
        dmean: 0.136890947819
        dmean2: 0.274418592453
        dvar: 0.118151433766
        dvar2: 0.199112579226
        max: 1
        mean: 0.5625
        min: 0
        var: 0.24609375
    spectral_centroid:
        dmean: 243.777984619
        dmean2: 379.607147217
        dvar: 51909.1171875
        dvar2: 118946.992188
        max: 2741.92431641
        mean: 1535.11889648
        min: 456.692199707
        var: 189922.15625
    spectral_complexity:
        dmean: 3.53023266792
        dmean2: 5.22144508362
        dvar: 23.0584030151
        dvar2: 38.1024894714
        max: 49
        mean: 13.2737817764
        min: 0
        var: 64.0874099731
    spectral_crest:
        dmean: 1.48927092552
        dmean2: 2.51051306725
        dvar: 2.23011493683
        dvar2: 6.13799476624
        max: 13.5575475693
        mean: 5.6661362648
        min: 2.62637710571
        var: 3.80246853828
    spectral_decrease:
        dmean: 3.21843218742e-10
        dmean2: 4.73313221949e-10
        dvar: 2.70081113293e-19
        dvar2: 6.02657221129e-19
        max: -6.09204359813e-16
        mean: -8.60354565368e-10
        min: -4.17058210189e-09
        var: 4.3861789648e-19
    spectral_energy:
        dmean: 0.00137403176632
        dmean2: 0.00197173515335
        dvar: 4.6967088565e-06
        dvar2: 1.007645551e-05
        max: 0.0184275936335
        mean: 0.00379542959854
        min: 2.63440580461e-09
        var: 8.51967524795e-06
    spectral_energyband_high:
        dmean: 0.000145505386172
        dmean2: 0.000192344756215
        dvar: 4.35229843276e-08
        dvar2: 7.36003897828e-08
        max: 0.00201158132404
        mean: 0.000294463388855
        min: 1.08998012005e-10
        var: 1.2267439331e-07
    spectral_energyband_low:
        dmean: 0.000420187978307
        dmean2: 0.000752362189814
        dvar: 1.02879107544e-06
        dvar2: 2.87616239802e-06
        max: 0.00649937568232
        mean: 0.00054313003784
        min: 5.91131726901e-11
        var: 7.30166618723e-07
    spectral_energyband_middle_high:
        dmean: 0.000589688366745
        dmean2: 0.000852779892739
        dvar: 8.72977182098e-07
        dvar2: 1.61593879966e-06
        max: 0.00964309554547
        mean: 0.00181987939868
        min: 1.21959620181e-09
        var: 2.56222665485e-06
    spectral_energyband_middle_low:
        dmean: 0.000510343816131
        dmean2: 0.00080633565085
        dvar: 9.56768303695e-07
        dvar2: 2.21353184315e-06
        max: 0.00860352162272
        mean: 0.00113794149365
        min: 1.22904808553e-09
        var: 1.19142111998e-06
    spectral_flatness_db:
        dmean: 0.0134882573038
        dmean2: 0.0216697771102
        dvar: 0.000156603753567
        dvar2: 0.000372003676603
        max: 0.184722438455
        mean: 0.128460809588
        min: 0.0666379407048
        var: 0.000409445754485
    spectral_flux:
        dmean: 0.00919941347092
        dmean2: 0.0133353266865
        dvar: 0.000180426824954
        dvar2: 0.000356119271601
        max: 0.110869936645
        mean: 0.0334590673447
        min: 5.13264640176e-05
        var: 0.000371339730918
    spectral_kurtosis:
        dmean: 0.904267728329
        dmean2: 1.42302000523
        dvar: 0.858510434628
        dvar2: 1.75646781921
        max: 9.92135238647
        mean: 3.51110124588
        min: -0.0439050197601
        var: 2.35834145546
    spectral_rms:
        dmean: 0.00030926670297
        dmean2: 0.000433552981121
        dvar: 1.86408882996e-07
        dvar2: 3.8500655819e-07
        max: 0.00424006348476
        mean: 0.00181630195584
        min: 1.60316938036e-06
        var: 4.03906341262e-07
    spectral_rolloff:
        dmean: 430.463684082
        dmean2: 712.402770996
        dvar: 279341.40625
        dvar2: 730942.5
        max: 4952.63671875
        mean: 3081.59423828
        min: 366.064453125
        var: 564072.5625
    spectral_skewness:
        dmean: 0.148788169026
        dmean2: 0.222413495183
        dvar: 0.0177237428725
        dvar2: 0.0379677079618
        max: 2.18001914024
        mean: 1.43488550186
        min: 0.574614822865
        var: 0.0799812227488
    spectral_spread:
        dmean: 565102.6875
        dmean2: 735668.375
        dvar: 1.12763273216e+12
        dvar2: 1.38969664717e+12
        max: 24008916
        mean: 4967887.5
        min: 2734716.75
        var: 2.14757828198e+12
    spectral_strongpeak:
        dmean: 0.416640669107
        dmean2: 0.760410964489
        dvar: 0.455077439547
        dvar2: 1.15424954891
        max: 5.36042547226
        mean: 0.563188076019
        min: 3.46990927937e-05
        var: 0.593219339848
    zerocrossingrate:
        dmean: 0.00843591056764
        dmean2: 0.00975651945919
        dvar: 6.04951528658e-05
        dvar2: 7.963727694e-05
        max: 0.1533203125
        mean: 0.0903399586678
        min: 0.04345703125
        var: 0.00040820313734
    barkbands:
        dmean: [6.49274625175e-07, 0.000113293637696, 0.0003367451136, 0.000251798861427, 0.000180856033694, 8.87456189957e-05, 6.22497755103e-05, 9.37859440455e-05, 5.92985743424e-05, 6.63127211737e-05, 5.61827546335e-05, 7.1076596214e-05, 7.2948896559e-05, 0.000140442949487, 6.03975204285e-05, 0.000114664311695, 0.000141701617395, 0.000135598194902, 0.000165340126841, 0.000127950959723, 6.69615910738e-05, 2.15170166484e-05, 3.22693449561e-06, 3.13049508804e-06, 1.57179761118e-06, 6.69249473617e-08, 2.67028954504e-10]
        dmean2: [9.14276881758e-07, 0.000200506590772, 0.00062524760142, 0.000423631281592, 0.000310866249492, 0.000142848482938, 9.79937176453e-05, 0.000125862366986, 8.9344670414e-05, 9.97939423542e-05, 8.50744108902e-05, 0.000105936720502, 0.000114794900583, 0.000221361391596, 9.68708336586e-05, 0.000185098280781, 0.000224126182729, 0.000217443521251, 0.000250686251093, 0.000192963154404, 9.3031929282e-05, 2.94450092042e-05, 4.10661732531e-06, 4.18961690229e-06, 2.17249521484e-06, 8.37980280721e-08, 4.34640684555e-10]
        dvar: [8.24351220965e-13, 8.0731183516e-08, 6.53485074054e-07, 3.10208719156e-07, 1.40358153544e-07, 2.26520828761e-08, 1.83653519059e-08, 1.43959280052e-08, 8.69169447526e-09, 1.09335855925e-08, 9.25990306655e-09, 1.39118654374e-08, 2.15452153896e-08, 7.82859217452e-08, 8.06189781599e-09, 3.50749758127e-08, 3.42148673838e-08, 4.66812153377e-08, 6.57054499698e-08, 3.55651224027e-08, 9.12065178937e-09, 1.29155131035e-09, 3.29243923791e-11, 3.07070237293e-11, 7.71109218145e-12, 1.21594840655e-14, 8.63377829363e-19]
        dvar2: [1.65399063803e-12, 2.1696365593e-07, 1.8836876734e-06, 7.99034751253e-07, 3.63448862117e-07, 5.87976316524e-08, 4.96695236052e-08, 2.65425974533e-08, 2.12979536229e-08, 2.78154477229e-08, 1.90213267359e-08, 2.91212458592e-08, 5.3090872143e-08, 2.15594226916e-07, 1.9100856008e-08, 8.18656573642e-08, 7.3516446264e-08, 1.09992150499e-07, 1.30044583102e-07, 7.81091742397e-08, 1.62929865155e-08, 2.68454702912e-09, 5.64186683483e-11, 5.36953675967e-11, 1.51100347512e-11, 2.16453747016e-14, 1.29449237051e-18]
        max: [9.46076306718e-06, 0.00180196156725, 0.0055428808555, 0.00521772541106, 0.00274243834428, 0.00118157383986, 0.00173054414336, 0.00159208092373, 0.0013450353872, 0.0010339875007, 0.000871982774697, 0.0013054915471, 0.00143060996197, 0.00285897077993, 0.000868224829901, 0.00178201100789, 0.00178729684558, 0.00184177618939, 0.00332719204016, 0.00213259388693, 0.000929587462451, 0.000365688261809, 6.88923537382e-05, 9.78347234195e-05, 3.88645821658e-05, 8.93249762157e-07, 1.80958608098e-08]
        mean: [1.25387464323e-06, 0.000147617436596, 0.000394276517909, 0.000266771559836, 0.000233604368987, 0.000165516044945, 0.000108488558908, 0.000212056038436, 0.000124637648696, 0.000134871108457, 9.49743262026e-05, 0.000123562276713, 0.00011875272321, 0.000173375374288, 0.000102147518191, 0.000182180228876, 0.00026697939029, 0.000211939564906, 0.000316902296618, 0.000234616367379, 0.000130411586724, 3.63215112884e-05, 6.03885746386e-06, 5.48425714442e-06, 2.55679492511e-06, 9.57132968438e-08, 2.53565779484e-10]
        min: [3.05219079177e-11, 3.35256614137e-11, 1.05868811981e-11, 4.30566563306e-12, 6.30508145694e-12, 3.68719152433e-11, 1.34222882808e-10, 3.35335204049e-10, 6.4968319613e-10, 2.6387864116e-10, 1.19600440662e-10, 1.07827594076e-10, 2.32332209027e-10, 1.10069266201e-10, 2.49756274689e-11, 3.97815877462e-11, 6.93212362513e-11, 2.03786126862e-10, 8.61905963268e-11, 6.3496423397e-11, 2.47127145137e-11, 1.01702856206e-11, 1.01995790286e-11, 7.38147477169e-12, 6.78692041803e-12, 5.27292489186e-12, 2.73595538315e-14]
        var: [2.31157866286e-12, 6.27988114843e-08, 4.26073455628e-07, 2.82271059859e-07, 1.31858428176e-07, 3.30503766577e-08, 2.42286066765e-08, 5.65027100663e-08, 2.60038799382e-08, 2.16633093686e-08, 2.24818510475e-08, 2.9352573705e-08, 3.82264460086e-08, 1.04613171459e-07, 1.44097862531e-08, 5.70297906677e-08, 8.24097980967e-08, 6.88080632472e-08, 1.34960970399e-07, 7.55590221502e-08, 2.56628531758e-08, 2.89098567308e-09, 9.80565559305e-11, 1.1785759868e-10, 1.71957031947e-11, 2.40480005971e-14, 8.93322698116e-19]
    mfcc:
        mean: [-709.729125977, 111.988334656, -46.9495315552, 49.288192749, -9.24810791016, -3.42017531395, 6.86604404449, -4.12061786652, 4.71490955353, -1.87752199173, 0.13169066608, 0.192349568009, -2.58099031448]
        cov: [[3112.70288086, -562.316040039, 82.2946166992, 10.7593173981, 122.631797791, 112.986846924, 70.1532821655, -82.2429656982, -65.1142959595, -124.023971558, -60.4950904846, -29.6693191528, -69.4801940918], [-562.316040039, 497.836883545, -212.37878418, -25.4983711243, 10.2281751633, -32.6653518677, -17.0933647156, 11.7494058609, -1.42640554905, 19.0030326843, 18.4963283539, -1.14821088314, 13.0925540924], [82.2946166992, -212.37878418, 453.303100586, 93.6160507202, -38.7193946838, 22.6271591187, 25.0010242462, 5.53512907028, 35.2564506531, 26.2109127045, -15.532245636, 4.27614498138, 24.1007061005], [10.7593173981, -25.4983711243, 93.6160507202, 127.652282715, 9.55469226837, 17.3801059723, 9.50770664215, 16.9010982513, 28.6399383545, 9.02646636963, 2.04040455818, 14.3566083908, 11.9121770859], [122.631797791, 10.2281751633, -38.7193946838, 9.55469226837, 127.413269043, 17.047492981, 12.9921560287, 8.58609104156, 10.4713172913, 4.61736154556, 16.1117649078, 17.886177063, -9.53270244598], [112.986846924, -32.6653518677, 22.6271591187, 17.3801059723, 17.047492981, 82.8622512817, 27.3907699585, -3.26098203659, -10.5860519409, 0.619002997875, 4.36493253708, 3.15908765793, 8.17365264893], [70.1532821655, -17.0933647156, 25.0010242462, 9.50770664215, 12.9921560287, 27.3907699585, 70.8232574463, 27.1416244507, 0.897304177284, -6.57738637924, 8.86442089081, 6.30534791946, -0.899945497513], [-82.2429656982, 11.7494058609, 5.53512907028, 16.9010982513, 8.58609104156, -3.26098203659, 27.1416244507, 68.7690200806, 37.2531280518, -2.48676729202, 3.19227027893, 12.148557663, 6.97482156754], [-65.1142959595, -1.42640554905, 35.2564506531, 28.6399383545, 10.4713172913, -10.5860519409, 0.897304177284, 37.2531280518, 87.1602630615, 24.2898197174, -1.16964292526, 12.8933820724, 10.1386346817], [-124.023971558, 19.0030326843, 26.2109127045, 9.02646636963, 4.61736154556, 0.619002997875, -6.57738637924, -2.48676729202, 24.2898197174, 54.582572937, 22.2288608551, 1.9206764698, 3.26865267754], [-60.4950904846, 18.4963283539, -15.532245636, 2.04040455818, 16.1117649078, 4.36493253708, 8.86442089081, 3.19227027893, -1.16964292526, 22.2288608551, 61.4099578857, 30.1393013, 1.99016022682], [-29.6693191528, -1.14821088314, 4.27614498138, 14.3566083908, 17.886177063, 3.15908765793, 6.30534791946, 12.148557663, 12.8933820724, 1.9206764698, 30.1393013, 66.9530487061, 23.0676937103], [-69.4801940918, 13.0925540924, 24.1007061005, 11.9121770859, -9.53270244598, 8.17365264893, -0.899945497513, 6.97482156754, 10.1386346817, 3.26865267754, 1.99016022682, 23.0676937103, 52.674118042]]
        icov: [[0.000530680874363, 0.000538923079148, 0.000106520368718, -7.04974663677e-05, -0.000514728890266, -0.000311144889565, -0.000492918945383, 0.000980069744401, -0.000384474202292, 0.00114545994438, 3.36775920005e-05, 0.000209979814827, 0.000259874708718], [0.000538923079148, 0.00339488056488, 0.00166064302903, -0.000612794596236, -0.000518329557963, 0.000772231956944, -0.000694613903761, 0.000259123480646, 0.000286526454147, -0.000767658464611, 7.45718762118e-06, 0.00089309096802, -0.00141290994361], [0.000106520368718, 0.00166064302903, 0.00389330112375, -0.00229388941079, 0.00101320829708, 0.000424163823482, -0.00188975443598, 0.000829782569781, -0.000203131858143, -0.00258955801837, 0.00161810603458, -8.22695074021e-05, -0.00138478609733], [-7.04974663677e-05, -0.000612794596236, -0.00229388941079, 0.0104295033962, -0.000724076584447, -0.00219937297516, 0.00106959347613, -0.00135752628557, -0.00220740749501, 0.000712581328116, -0.00026876226184, -0.00118702813052, 6.9189867645e-05], [-0.000514728890266, -0.000518329557963, 0.00101320829708, -0.000724076584447, 0.00996294524521, -0.00183666171506, -0.000461153918877, -0.000804489594884, -0.0010534703033, -0.00170913396869, -0.000401330005843, -0.00314625632018, 0.00303857354447], [-0.000311144889565, 0.000772231956944, 0.000424163823482, -0.00219937297516, -0.00183666171506, 0.0166374761611, -0.00687276618555, 0.00237839156762, 0.00275192293338, -0.00273946626112, 0.000433030101703, 0.00115471170284, -0.00452723680064], [-0.000492918945383, -0.000694613903761, -0.00188975443598, 0.00106959347613, -0.000461153918877, -0.00687276618555, 0.0227519199252, -0.0114109795541, 0.0028536808677, 0.00237781740725, -0.00395020423457, 0.000402995588956, 0.00230387668125], [0.000980069744401, 0.000259123480646, 0.000829782569781, -0.00135752628557, -0.000804489594884, 0.00237839156762, -0.0114109795541, 0.0282109584659, -0.0130732944235, 0.00871441885829, -0.00224333559163, 0.000513755017892, -0.00145412539132], [-0.000384474202292, 0.000286526454147, -0.000203131858143, -0.00220740749501, -0.0010534703033, 0.00275192293338, 0.0028536808677, -0.0130732944235, 0.022681793198, -0.013679722324, 0.00756272301078, -0.00459194229916, -0.000615697936155], [0.00114545994438, -0.000767658464611, -0.00258955801837, 0.000712581328116, -0.00170913396869, -0.00273946626112, 0.00237781740725, 0.00871441885829, -0.013679722324, 0.0360006280243, -0.0171495843679, 0.00901317689568, -0.00117223209236], [3.36775920005e-05, 7.45718762118e-06, 0.00161810603458, -0.00026876226184, -0.000401330005843, 0.000433030101703, -0.00395020423457, -0.00224333559163, 0.00756272301078, -0.0171495843679, 0.0315464884043, -0.0160119123757, 0.00488149980083], [0.000209979814827, 0.00089309096802, -8.22695074021e-05, -0.00118702813052, -0.00314625632018, 0.00115471170284, 0.000402995588956, 0.000513755017892, -0.00459194229916, 0.00901317689568, -0.0160119123757, 0.0278250817209, -0.0117046264932], [0.000259874708718, -0.00141290994361, -0.00138478609733, 6.9189867645e-05, 0.00303857354447, -0.00452723680064, 0.00230387668125, -0.00145412539132, -0.000615697936155, -0.00117223209236, 0.00488149980083, -0.0117046264932, 0.0269135609269]]
    spectral_contrast:
        mean: [-3.12587289386e-08, -1.07336546762e-07, -2.96752659779e-07, 7.31574445467e-08, 8.72979839528e-08, 4.11424183611e-09, 4.63353501345e-07, -6.34423003021e-08, 1.01645969153e-06, 1.60213414802e-06, 2.15122986447e-06, -1.52510449425e-06]
        var: [0.000352777249645, 0.000763433636166, 0.00147221866064, 0.0019383270992, 0.00299369287677, 0.00487343640998, 0.0324270427227, 0.0661921873689, 0.0903877541423, 0.189463168383, 0.238343074918, 1.90897369385]

rhythm:
    beats_loudness:
        dmean: 0.00806755386293
        dmean2: 0.0161379948258
        dvar: 8.49265506986e-06
        dvar2: 2.22973758355e-05
        max: 0.0184631887823
        mean: 0.00942982360721
        min: 0.00248837657273
        var: 2.09196623473e-05
    beats_loudness_bass:
        dmean: 0.153045207262
        dmean2: 0.251170665026
        dvar: 0.009137224406
        dvar2: 0.033032335341
        max: 0.471804380417
        mean: 0.224047407508
        min: 0.0892726778984
        var: 0.0127516221255
    bpm: 81.4180908203
    bpm_confidence: 0
    first_peak_bpm: 81
    first_peak_spread: 0.0833333134651
    first_peak_weight: 0.916666686535
    onset_rate: 3.39833545685
    second_peak_bpm: 0
    second_peak_spread: 0
    second_peak_weight: 0
    beats_position: [0.314371913671, 1.05103707314, 1.78770232201, 2.52436757088, 3.26103281975, 3.99769806862, 4.73436307907, 5.47102832794, 6.24047899246, 6.97784423828, 7.71521091461, 8.45257663727, 9.1899433136]
    bpm_estimates: [81.6246490479, 81.4116592407, 81.4783172607, 81.3689498901, 81.3480300903, 81.4170150757, 81.5855789185, 81.4242477417, 81.3668441772, 81.5239944458, 81.381072998, 81.3438949585, 81.3629226685, 81.3244552612, 81.3910827637, 81.3397674561, 81.5103530884, 81.322883606]
    bpm_intervals: [0.736665129662, 0.736665248871, 0.736665248871, 0.736665248871, 0.736665248871, 0.736665010452, 0.736665248871, 0.76945066452, 0.737365245819, 0.737366676331, 0.737365722656, 0.737366676331]
    onset_times: [0.0580498874187, 0.301859408617, 0.673378705978, 1.04489791393, 1.4164172411, 1.78793644905, 2.15945577621, 2.35682535172, 2.53097510338, 2.90249443054, 3.26240372658, 3.63392281532, 3.85451245308, 4.00544214249, 4.36535167694, 4.58594083786, 4.74848079681, 5.10838985443, 5.47990942001, 5.67727899551, 5.86303853989, 6.04879808426, 6.23455762863, 6.59446716309, 6.96598625183, 7.32589578629, 7.70902490616, 8.08054447174, 8.3011341095, 8.45206356049, 8.83519268036, 9.19510173798, 9.55501174927, 9.93814086914]
    rubato_start: []
    rubato_stop: []
    perceptual_tempo: "unknown"

sfx:
    inharmonicity:
        dmean: 0.0472478568554
        dmean2: 0.0826597884297
        dvar: 0.00238298461773
        dvar2: 0.00667123729363
        max: 0.362828075886
        mean: 0.0602093450725
        min: 0
        var: 0.0030215724837
    oddtoevenharmonicenergyratio:
        dmean: 1.83144378662
        dmean2: 3.3605222702
        dvar: 16.4098052979
        dvar2: 47.1446647644
        max: 35.6374206543
        mean: 1.48279201984
        min: 0
        var: 10.4866790771
    pitch_after_max_to_before_max_energy_ratio: 11.795088768
    pitch_centroid: 201.382247925
    pitch_max_to_total: 0.0371229685843
    pitch_min_to_total: 0.410672843456
    tristimulus:
        dmean: [0.172028526664, 0.190404132009, 0.135957032442]
        dmean2: [0.295371025801, 0.3276283741, 0.238114476204]
        dvar: [0.0270004123449, 0.0274990126491, 0.0135776121169]
        dvar2: [0.0782840326428, 0.0757332369685, 0.0393803231418]
        max: [1, 0.915583252907, 0.696583151817]
        mean: [0.308541506529, 0.49899610877, 0.173799201846]
        min: [0.00700407288969, 0, 0]
        var: [0.0367788411677, 0.0382757559419, 0.0186936650425]

tonal:
    chords_changes_rate: 0.0416666679084
    chords_number_rate: 0.0277777779847
    chords_strength:
        dmean: 0.00842512864619
        dmean2: 0.00681471033022
        dvar: 3.97501607949e-05
        dvar2: 4.17787523475e-05
        max: 0.64007461071
        mean: 0.511472046375
        min: 0.369137883186
        var: 0.00538940541446
    key_strength: 0.686954319477
    tuning_diatonic_strength: 0.546787261963
    tuning_equal_tempered_deviation: 0.0222907699645
    tuning_frequency: 440.254241943
    tuning_nontempered_energy_ratio: 0.644590497017
    hpcp:
        dmean: [0.167497649789, 0.137170359492, 0.087420783937, 0.0673914328218, 0.0534540228546, 0.0542757771909, 0.0801326185465, 0.0886976495385, 0.145349159837, 0.170056700706, 0.137110561132, 0.107052788138, 0.114884912968, 0.0844411924481, 0.113282747567, 0.145071133971, 0.14590112865, 0.114148393273, 0.076962262392, 0.0820301026106, 0.119145035744, 0.158778384328, 0.12693785131, 0.0537833422422, 0.0418857485056, 0.0567852109671, 0.0880416035652, 0.110174097121, 0.100983887911, 0.140927925706, 0.159703761339, 0.152078822255, 0.0968089029193, 0.0894670560956, 0.0919285714626, 0.134486153722]
        dmean2: [0.275308042765, 0.216403529048, 0.150086507201, 0.114559486508, 0.090997338295, 0.0867533385754, 0.125800296664, 0.147959262133, 0.239806428552, 0.297884732485, 0.232648104429, 0.188472867012, 0.198335632682, 0.140902891755, 0.178473368287, 0.231198087335, 0.239382967353, 0.195189967752, 0.133677333593, 0.136235028505, 0.186935767531, 0.269825220108, 0.219410687685, 0.0925628915429, 0.0736833810806, 0.0980867221951, 0.141030356288, 0.181758448482, 0.165309086442, 0.225678026676, 0.251017481089, 0.24145360291, 0.153911322355, 0.150102511048, 0.155096784234, 0.22954967618]
        dvar: [0.0429987795651, 0.0230619013309, 0.0153056010604, 0.0113210873678, 0.0129338046536, 0.00553855625913, 0.0131540047005, 0.0132018513978, 0.0283389706165, 0.0556068383157, 0.0251723397523, 0.0296211019158, 0.0285425689071, 0.0144994072616, 0.0163836739957, 0.0309783220291, 0.0317653045058, 0.0333616137505, 0.0246108137071, 0.0192328188568, 0.0237118825316, 0.0385054573417, 0.0286142807454, 0.00749991787598, 0.0062534022145, 0.0100134368986, 0.0118539109826, 0.0254970863461, 0.0229998007417, 0.0306477528065, 0.0379171781242, 0.0324599221349, 0.0153377661481, 0.0210008043796, 0.0253132004291, 0.029104758054]
        dvar2: [0.0948242917657, 0.0631753653288, 0.0430893748999, 0.03214167431, 0.0368649922311, 0.0125608062372, 0.0307955425233, 0.0375203676522, 0.0661370307207, 0.132182642817, 0.0683046281338, 0.0749298557639, 0.0734582617879, 0.0350541993976, 0.0396829135716, 0.0718188732862, 0.0772098898888, 0.0862026587129, 0.0638806596398, 0.0467071272433, 0.0562579371035, 0.0889967009425, 0.0735492780805, 0.0207741949707, 0.0174055565149, 0.0274553541094, 0.0284671597183, 0.0667937025428, 0.0589014999568, 0.0749736502767, 0.0824182555079, 0.0785990953445, 0.0370971113443, 0.0570593513548, 0.0695644691586, 0.0793184489012]
        max: [1, 1, 1, 0.737330436707, 0.817977905273, 0.617951333523, 1, 1, 1, 1, 1, 1, 1, 0.911900341511, 0.943954110146, 1, 1, 1, 1, 0.900651216507, 1, 1, 1, 0.690660119057, 0.564113497734, 0.724383890629, 0.745798408985, 1, 1, 1, 1, 1, 0.768758714199, 1, 1, 1]
        mean: [0.410003602505, 0.279241979122, 0.129762291908, 0.0932480692863, 0.0653582885861, 0.091977506876, 0.130859300494, 0.131752133369, 0.276633054018, 0.386343240738, 0.22627402842, 0.143180832267, 0.160742089152, 0.11877245456, 0.24744643271, 0.413429021835, 0.284462332726, 0.116742409766, 0.0751624405384, 0.0800233185291, 0.221062198281, 0.344252079725, 0.214854493737, 0.0639365836978, 0.0430241115391, 0.0714651718736, 0.132170081139, 0.144320189953, 0.116621553898, 0.229795098305, 0.354825794697, 0.255953520536, 0.139547482133, 0.11458452791, 0.100103437901, 0.249894425273]
        min: [0.00426324410364, 0.0249535348266, 0.00703048333526, 0.00777856446803, 0.00248009059578, 0.00544487684965, 0.00581971369684, 0.012612788938, 0.0173044092953, 0.0125591251999, 0.00513837905601, 0.00512047158554, 0.00301974243484, 0.00282914098352, 0.00606610579416, 0.0108495345339, 0.0140991313383, 0.00160308007617, 0.00125110079534, 0.00238314829767, 0.00619147205725, 0.0102239595726, 0.00886864680797, 0.00167215394322, 0.00178427994251, 0.00589254265651, 0.00663370499387, 0.00520553346723, 0.00465118791908, 0.00153821520507, 0.00746586406603, 0.00652079237625, 0.00638688728213, 0.00248925294727, 0.00425137206912, 0.00429570861161]
        var: [0.115433454514, 0.0445448942482, 0.0165760498494, 0.0110215302557, 0.00939469970763, 0.00956740602851, 0.0215345881879, 0.0153161073104, 0.0635845288634, 0.141486674547, 0.0490716658533, 0.0329234525561, 0.0434137992561, 0.01931720227, 0.0530024953187, 0.133896052837, 0.0658904835582, 0.0312613099813, 0.0193423535675, 0.0181226246059, 0.0523652583361, 0.0986095443368, 0.0417710952461, 0.00666322372854, 0.00440724520013, 0.00824132934213, 0.0157065466046, 0.0294725690037, 0.0254549551755, 0.0554321967065, 0.11114615202, 0.0627888068557, 0.0211437325925, 0.0222167335451, 0.0215245205909, 0.0527618601918]
    chords_histogram: [22.2222213745, 0, 6.01851844788, 0, 24.5370368958, 0, 0, 0, 0, 0, 0, 0, 0, 0, 0, 0, 0, 9.72222232819, 0, 0, 0, 25, 12.5, 0]
    thpcp: [1, 0.688056051731, 0.28237593174, 0.181802526116, 0.193559989333, 0.534704089165, 0.832675158978, 0.51968896389, 0.154649481177, 0.104066498578, 0.172859594226, 0.319692313671, 0.349080950022, 0.282083630562, 0.555827200413, 0.858250796795, 0.619099080563, 0.337536722422, 0.277156472206, 0.242129683495, 0.604443371296, 0.991714596748, 0.675429046154, 0.313868373632, 0.22554795444, 0.158088296652, 0.222474724054, 0.316521793604, 0.318681389093, 0.669118642807, 0.934485077858, 0.547310471535, 0.346325069666, 0.388802140951, 0.287286192179, 0.598522186279]
    chords_key: "A"
    chords_scale: "minor"
    key_key: "G"
    key_scale: "major"
    chords_progression: ["A", "A", "A", "A", "A", "A", "A", "A", "A", "A", "A", "A", "A", "A", "A", "A", "A", "A", "A", "A", "A", "A", "A", "A", "A", "A", "A", "A", "Am", "Am", "Am", "Am", "Am", "Am", "Am", "Am", "Am", "Am", "Am", "Am", "Am", "Am", "Am", "Am", "Am", "Am", "Am", "Am", "Am", "C", "C", "C", "C", "C", "C", "C", "C", "C", "C", "C", "C", "C", "C", "C", "C", "C", "G", "G", "G", "G", "G", "G", "G", "G", "G", "G", "G", "G", "G", "G", "G", "G", "G", "G", "G", "G", "G", "G", "G", "G", "G", "G", "G", "G", "G", "G", "G", "G", "G", "G", "G", "G", "G", "G", "G", "G", "G", "G", "G", "G", "D", "D", "D", "D", "D", "D", "D", "D", "D", "D", "D", "D", "D", "A", "A", "A", "A", "A", "A", "A", "A", "A", "A", "A", "A", "A", "A", "A", "A", "A", "A", "A", "A", "A", "A", "A", "A", "A", "Am", "Am", "Am", "Am", "Am", "Am", "Am", "Am", "Am", "Am", "Am", "Am", "Am", "Am", "Am", "Am", "Am", "Am", "Am", "Am", "Am", "Am", "Am", "Am", "Am", "Am", "Am", "Am", "Am", "Am", "Am", "Am", "Am", "C", "C", "C", "C", "C", "C", "C", "C", "C", "C", "G", "G", "G", "G", "Gm", "Gm", "Gm", "Gm", "Gm", "Gm", "Gm", "Gm", "Gm", "Gm", "Gm", "Gm", "Gm", "Gm", "Gm", "Gm", "Gm", "Gm", "Gm", "Gm", "Gm"]
