
metadata:
    version:
        essentia: "1.2.2"
    audio_properties:
        analysis_sample_rate: 44100
        bitrate: 128
        channels: 2
        equal_loudness: 1
        length: 10.0310201645
        replay_gain: 2.34502601624
        downmix: "mix"
    tags:
        track: 31
        year: 0
        album: "Splitted by Mp3Splt v. 2.1"
        artist: "From 005.00 To 005.10"
        comment: "http://mp3splt.sf.net"
        genre: ""
        title: "02 Planet of the Shapes.mp3"

highlevel:
    ballroom:
        all:
            ChaChaCha: 0.11384575814
            Jive: 0.0136283002794
            Quickstep: 0.00875002890825
            Rumba-American: 0.0250623058528
            Rumba-International: 0.125241845846
            Rumba-Misc: 0.103633783758
            Samba: 0.036590360105
            Tango: 0.421353280544
            VienneseWaltz: 0.0331079922616
            Waltz: 0.118786327541
        probability: 0.421353280544
        value: "Tango"
    culture:
        all:
            non_western: 0.85428494215
            western: 0.14571505785
        probability: 0.85428494215
        value: "non_western"
    gender:
        all:
            female: 0.744385063648
            male: 0.255614936352
        probability: 0.744385063648
        value: "female"
    genre_dortmund:
        all:
            alternative: 0.0378078296781
            blues: 0.0112579865381
            electronic: 0.280879914761
            folkcountry: 0.0565452463925
            funksoulrnb: 0.00775119755417
            jazz: 0.537340581417
            pop: 0.0241071414202
            raphiphop: 0.00674418872222
            rock: 0.037565946579
        probability: 0.537340581417
        value: "jazz"
    genre_electronica:
        all:
            ambient: 0.801106631756
            dnb: 0.0119047388434
            house: 0.0576386749744
            techno: 0.12573748827
            trance: 0.00361248361878
        probability: 0.801106631756
        value: "ambient"
    genre_rosamerica:
        all:
            cla: 0.0732649117708
            dan: 0.127013385296
            hip: 0.045778054744
            jaz: 0.570574641228
            pop: 0.0264881588519
            rhy: 0.0776711478829
            roc: 0.0701547414064
            spe: 0.00905495043844
        probability: 0.570574641228
        value: "jaz"
    genre_tzanetakis:
        all:
            blu: 0.436528235674
            cla: 0.113191612065
            cou: 0.0252371858805
            dis: 0.035105664283
            hip: 0.0560666210949
            jaz: 0.0655174404383
            met: 0.0239578932524
            pop: 0.057687215507
            reg: 0.110784262419
            roc: 0.0759238749743
        probability: 0.436528235674
        value: "blu"
    live_studio:
        all:
            live: 0.0967793986201
            studio: 0.903220593929
        probability: 0.903220593929
        value: "studio"
    mood:
        all:
            Cluster1: 0.138436079025
            Cluster2: 0.0159368868917
            Cluster3: 0.710905611515
            Cluster4: 0.0309140924364
            Cluster5: 0.103807345033
        probability: 0.710905611515
        value: "Cluster3"
    mood_acoustic:
        all:
            acoustic: 0.330006808043
            not_acoustic: 0.66999322176
        probability: 0.66999322176
        value: "not_acoustic"
    mood_aggressive:
        all:
            aggressive: 0.00899763964117
            not_aggressive: 0.991002380848
        probability: 0.991002380848
        value: "not_aggressive"
    mood_electronic:
        all:
            electronic: 0.847443044186
            not_electronic: 0.152556955814
        probability: 0.847443044186
        value: "electronic"
    mood_happy:
        all:
            happy: 0.0221453681588
            not_happy: 0.977854609489
        probability: 0.977854609489
        value: "not_happy"
    mood_party:
        all:
            not_party: 0.931043505669
            party: 0.0689564719796
        probability: 0.931043505669
        value: "not_party"
    mood_relaxed:
        all:
            not_relaxed: 0.226282596588
            relaxed: 0.773717403412
        probability: 0.773717403412
        value: "relaxed"
    mood_sad:
        all:
            not_sad: 0.208322644234
            sad: 0.791677355766
        probability: 0.791677355766
        value: "sad"
    rhythm:
        all:
            fast: 0.0341902673244
            medium: 0.927374005318
            slow: 0.0384357012808
        probability: 0.927374005318
        value: "medium"
    speech_music:
        all:
            music: 0.0190709363669
            speech: 0.980929076672
        probability: 0.980929076672
        value: "speech"
    timbre:
        all:
            bright: 0.0463472083211
            dark: 0.953652799129
        probability: 0.953652799129
        value: "dark"
    voice_instrumental:
        all:
            instrumental: 0.983625471592
            voice: 0.0163745526224
        probability: 0.983625471592
        value: "instrumental"

lowlevel:
    average_loudness: 0.973302543163
    barkbands_kurtosis:
        dmean: 14.8930978775
        dmean2: 24.6005058289
        dvar: 705.574035645
        dvar2: 1581.49243164
        max: 232.111160278
        mean: 27.0859222412
        min: -1.77539718151
        var: 1139.7421875
    barkbands_skewness:
        dmean: 1.01308763027
        dmean2: 1.57907378674
        dvar: 1.50509953499
        dvar2: 3.32282948494
        max: 11.575966835
        mean: 2.73774194717
        min: -5.25669050217
        var: 4.91666793823
    barkbands_spread:
        dmean: 2.1405608654
        dmean2: 3.2912478447
        dvar: 12.9769191742
        dvar2: 23.5138492584
        max: 36.8981666565
        mean: 7.33290052414
        min: 0.29286134243
        var: 76.6727142334
    dissonance:
        dmean: 0.0377767495811
        dmean2: 0.0631467998028
        dvar: 0.0014917596709
        dvar2: 0.0043071093969
        max: 0.499852448702
        mean: 0.416239917278
        min: 0.22351500392
        var: 0.00220185122453
    hfc:
        dmean: 0.186072379351
        dmean2: 0.265330612659
        dvar: 0.155652716756
        dvar2: 0.269187629223
        max: 10.246430397
        mean: 0.532256186008
        min: 0.00120512326248
        var: 0.890269577503
    pitch:
        dmean: 69.5911178589
        dmean2: 127.729675293
        dvar: 30058.3261719
        dvar2: 80294.71875
        max: 1422.58068848
        mean: 210.786621094
        min: 49
        var: 65652.5078125
    pitch_instantaneous_confidence:
        dmean: 0.109512373805
        dmean2: 0.179222658277
        dvar: 0.00739788357168
        dvar2: 0.0198245346546
        max: 0.993633449078
        mean: 0.442100584507
        min: 0.166515111923
        var: 0.0224333461374
    pitch_salience:
        dmean: 0.078069485724
        dmean2: 0.130785733461
        dvar: 0.00465142261237
        dvar2: 0.0128254145384
        max: 0.767020583153
        mean: 0.448941737413
        min: 0.121535718441
        var: 0.0113690532744
    silence_rate_20dB:
        dmean: 0
        dmean2: 0
        dvar: 0
        dvar2: 0
        max: 1
        mean: 1
        min: 1
        var: 0
    silence_rate_30dB:
        dmean: 0
        dmean2: 0
        dvar: 0
        dvar2: 0
        max: 1
        mean: 1
        min: 1
        var: 0
    silence_rate_60dB:
        dmean: 0.078886307776
        dmean2: 0.158139541745
        dvar: 0.0726634711027
        dvar2: 0.133131667972
        max: 1
        mean: 0.747685194016
        min: 0
        var: 0.188651815057
    spectral_centroid:
        dmean: 66.4400405884
        dmean2: 98.0637283325
        dvar: 12720.4921875
        dvar2: 22535.2011719
        max: 1512.31188965
        mean: 332.848297119
        min: 114.676185608
        var: 93385.5546875
    spectral_complexity:
        dmean: 0.526806533337
        dmean2: 0.901869177818
        dvar: 0.491706192493
        dvar2: 1.20999610424
        max: 13
        mean: 1.89534878731
        min: 0
        var: 3.15416622162
    spectral_crest:
        dmean: 2.79795718193
        dmean2: 4.54434728622
        dvar: 5.34102249146
        dvar2: 11.368894577
        max: 26.7419147491
        mean: 11.7558631897
        min: 3.10786771774
        var: 14.0962963104
    spectral_decrease:
        dmean: 2.61267396606e-10
        dmean2: 3.62973984203e-10
        dvar: 2.27422969664e-19
        dvar2: 3.55324970549e-19
        max: -1.44086565596e-12
        mean: -6.31857011157e-10
        min: -6.77421363449e-09
        var: 8.27253921435e-19
    spectral_energy:
        dmean: 0.00100166874472
        dmean2: 0.00139200419653
        dvar: 3.34338096764e-06
        dvar2: 5.24158576809e-06
        max: 0.0264968201518
        mean: 0.00243304739706
        min: 5.54746975467e-06
        var: 1.22586370708e-05
    spectral_energyband_high:
        dmean: 1.48030073888e-06
        dmean2: 2.50574044003e-06
        dvar: 5.86001455694e-11
        dvar2: 1.22204649178e-10
        max: 0.000204567040782
        mean: 3.9551619011e-06
        min: 1.78593033695e-08
        var: 2.33069841205e-10
    spectral_energyband_low:
        dmean: 0.000694095506333
        dmean2: 0.000996925169602
        dvar: 1.41673967846e-06
        dvar2: 2.7921603305e-06
        max: 0.00975071452558
        mean: 0.00125230941921
        min: 4.38732314478e-07
        var: 3.46325896317e-06
    spectral_energyband_middle_high:
        dmean: 3.78624208679e-05
        dmean2: 5.16960026289e-05
        dvar: 2.24704255203e-08
        dvar2: 4.09364915299e-08
        max: 0.0031680772081
        mean: 0.000122159835882
        min: 5.14197182611e-08
        var: 1.3087537809e-07
    spectral_energyband_middle_low:
        dmean: 0.000724050973076
        dmean2: 0.00112193101086
        dvar: 2.63962147073e-06
        dvar2: 6.21802337264e-06
        max: 0.0205993317068
        mean: 0.00105462758802
        min: 2.92607387564e-06
        var: 4.58750992038e-06
    spectral_flatness_db:
        dmean: 0.0316907837987
        dmean2: 0.0487446635962
        dvar: 0.00203695707023
        dvar2: 0.00360616436228
        max: 0.634719729424
        mean: 0.353682011366
        min: 0.11300650239
        var: 0.0196684002876
    spectral_flux:
        dmean: 0.00833466369659
        dmean2: 0.0129486946389
        dvar: 0.000200094145839
        dvar2: 0.000377237069188
        max: 0.136591821909
        mean: 0.0193182546645
        min: 0.00118641450536
        var: 0.000409969856264
    spectral_kurtosis:
        dmean: 11.5985326767
        dmean2: 17.2251243591
        dvar: 337.075897217
        dvar2: 630.202270508
        max: 211.419815063
        mean: 36.2895927429
        min: 1.88131141663
        var: 1665.83239746
    spectral_rms:
        dmean: 0.000279280822724
        dmean2: 0.00038646653411
        dvar: 1.88930044942e-07
        dvar2: 2.82320968381e-07
        max: 0.00508434418589
        mean: 0.00119127484504
        min: 7.35674257157e-05
        var: 9.54569941314e-07
    spectral_rolloff:
        dmean: 116.80103302
        dmean2: 195.207473755
        dvar: 73222.9765625
        dvar2: 130553.90625
        max: 2906.98242188
        mean: 523.907653809
        min: 129.19921875
        var: 370165.65625
    spectral_skewness:
        dmean: 0.7324629426
        dmean2: 1.0741648674
        dvar: 0.918995440006
        dvar2: 1.56208777428
        max: 12.8669557571
        mean: 4.41574525833
        min: 1.39004647732
        var: 6.84499502182
    spectral_spread:
        dmean: 639409.8125
        dmean2: 998234.75
        dvar: 1.11544198758e+12
        dvar2: 1.50717569434e+12
        max: 20438774
        mean: 3277090.75
        min: 488600.09375
        var: 3.4633875456e+12
    spectral_strongpeak:
        dmean: 0.0762961879373
        dmean2: 0.123968027532
        dvar: 0.0318518877029
        dvar2: 0.0578563958406
        max: 2.88019609451
        mean: 0.142593175173
        min: 0.0026430406142
        var: 0.0861306488514
    zerocrossingrate:
        dmean: 0.00436038570479
        dmean2: 0.0051452065818
        dvar: 3.12233387376e-05
        dvar2: 3.21588631778e-05
        max: 0.08251953125
        mean: 0.0229287799448
        min: 0.00439453125
        var: 0.000410395441577
    barkbands:
        dmean: [8.79088268846e-09, 0.000130568587338, 0.000636194774415, 0.000560550193768, 0.00022400522721, 4.00114877266e-05, 1.30972439365e-05, 1.04277996797e-05, 2.09423069464e-06, 4.36137554516e-07, 1.73293301486e-05, 3.51843573299e-06, 2.36363030126e-05, 2.90098091682e-06, 2.01072157324e-06, 1.81914560926e-06, 4.90765444283e-07, 1.29237128021e-06, 6.47255546937e-07, 2.38730905266e-07, 4.53621424867e-07, 1.0284778682e-06, 3.39209151434e-07, 3.45767787735e-08, 2.49728113744e-08, 2.47577292001e-09, 3.78580999882e-10]
        dmean2: [9.12472675196e-09, 0.000140410484164, 0.000951977272052, 0.000909454072826, 0.000367559870938, 5.14750281582e-05, 1.73939351953e-05, 6.32549108559e-06, 3.35392041961e-06, 5.91948776218e-07, 2.31938865909e-05, 4.43592580268e-06, 3.43668580172e-05, 3.34994570039e-06, 2.9912298487e-06, 2.75148340734e-06, 7.11337577286e-07, 1.92259471987e-06, 1.01096702565e-06, 3.54010353476e-07, 6.8594312097e-07, 1.78590266842e-06, 5.35960850812e-07, 3.91004491007e-08, 3.97348536296e-08, 3.23841553573e-09, 4.69550121007e-10]
        dvar: [2.31172231965e-15, 5.72494762707e-08, 1.18373532132e-06, 1.59059175076e-06, 2.23453852755e-07, 1.21676393405e-07, 1.37613120899e-08, 6.98250790521e-09, 8.47426573358e-11, 2.05156920098e-12, 5.04269870305e-09, 2.60758775683e-10, 1.7350576087e-08, 8.2035787885e-11, 4.18350215581e-11, 3.60534865851e-11, 2.16968196881e-12, 1.67815917412e-11, 4.65348766465e-12, 4.93068097202e-13, 7.54651462848e-12, 9.79435109405e-12, 1.62692533057e-11, 6.97783166968e-14, 5.93020166935e-14, 1.12294387131e-16, 3.00384154353e-17]
        dvar2: [1.05234155757e-15, 6.63154651193e-08, 2.67722020908e-06, 3.90633522329e-06, 5.85226302974e-07, 2.19854683792e-07, 2.81824785731e-08, 1.44734590979e-09, 2.31310415266e-10, 3.98048477859e-12, 1.01812478448e-08, 3.99926841643e-10, 2.93135578033e-08, 1.0376910442e-10, 9.09206529509e-11, 9.29041496511e-11, 4.23885839623e-12, 3.27509755427e-11, 1.24273126512e-11, 7.12338879289e-13, 1.11046050827e-11, 2.96194527238e-11, 4.07763163512e-11, 3.29098659674e-14, 1.40490578697e-13, 1.43071593967e-16, 3.01434673731e-17]
        max: [1.77324500328e-06, 0.00229207589291, 0.00779833178967, 0.00814889930189, 0.00299866381101, 0.0102311344817, 0.00233272043988, 0.00333425961435, 0.000159230403369, 3.36955818057e-05, 0.00125532515813, 0.00032672836096, 0.00314861955121, 0.000165352816111, 0.000141835786053, 0.000142709817737, 1.85269309441e-05, 7.06807768438e-05, 3.79291959689e-05, 2.31957328651e-05, 7.95185187599e-05, 3.8361933548e-05, 8.18066546344e-05, 8.29094096844e-06, 5.354896075e-06, 2.28598935337e-07, 1.13721903006e-07]
        mean: [1.63363651495e-08, 0.000347700668499, 0.000904593383893, 0.000697500770912, 0.000235898114624, 7.68596364651e-05, 1.48583849295e-05, 2.61215045612e-05, 3.23029507854e-06, 1.17663364563e-06, 4.48439277534e-05, 9.58506552706e-06, 4.58674767287e-05, 4.90692946187e-06, 6.11104451309e-06, 4.52043468613e-06, 9.12158498068e-07, 2.88320620712e-06, 1.31615354348e-06, 6.32542025869e-07, 1.18066600407e-06, 1.74982403678e-06, 4.60747685338e-07, 8.11978821957e-08, 4.17782430873e-08, 3.45355211095e-09, 3.64650476481e-10]
        min: [1.72501891244e-11, 7.30385778525e-08, 1.64847818951e-07, 5.15480451213e-07, 1.13239752864e-06, 9.37091293451e-09, 2.89071433457e-09, 1.48166412473e-09, 8.47042991303e-10, 6.92232993149e-10, 3.62700702805e-10, 7.39897976221e-10, 6.40723918366e-10, 1.98385574635e-09, 9.92700810443e-10, 2.66714561548e-09, 2.79196221697e-09, 5.13620035392e-09, 4.95598095895e-09, 5.64717872464e-09, 4.29028323978e-09, 2.45179609948e-09, 7.2408501417e-10, 5.18906972946e-10, 3.97256172402e-10, 1.66047852551e-11, 1.34963875064e-14]
        var: [1.30650918822e-14, 2.43020735979e-07, 2.08792516787e-06, 1.79244511855e-06, 2.16818193621e-07, 4.17085459503e-07, 1.51527430603e-08, 4.25487947098e-08, 1.06321666749e-10, 1.00241785359e-11, 2.6262412689e-08, 1.62954494343e-09, 7.13061893975e-08, 2.68670030668e-10, 2.93684798702e-10, 1.99861099892e-10, 5.44896289548e-12, 5.91189597277e-11, 1.24842705618e-11, 2.9400555341e-12, 2.92823577885e-11, 2.70588967899e-11, 2.01787215409e-11, 2.02849943873e-13, 1.01552081089e-13, 2.43388008781e-16, 3.00101258583e-17]
    mfcc:
        mean: [-990.821594238, 175.065917969, 11.6610450745, 72.1246948242, 21.2697849274, 26.8554115295, 7.33034896851, -3.67487359047, -0.426417350769, -9.20083332062, -3.46722888947, -5.04860401154, -9.95628929138]
        cov: [[10613.3037109, -441.925140381, -1941.87524414, -1991.03771973, -1113.74804688, -254.717559814, -685.913879395, 32.9728088379, 16.6751537323, -49.7474822998, 231.764205933, 405.816040039, 191.466278076], [-441.925140381, 1145.90270996, 230.372146606, 255.145233154, 249.411254883, 216.978561401, 546.36517334, 258.79699707, -8.55274486542, -131.533401489, -85.0799636841, 42.2370300293, 26.309545517], [-1941.87524414, 230.372146606, 1415.72045898, 998.370239258, 550.122253418, 175.84387207, -53.7297935486, -63.6790962219, 120.813056946, 183.768920898, -37.8030891418, -172.352767944, 23.3601799011], [-1991.03771973, 255.145233154, 998.370239258, 1099.11364746, 473.992095947, 72.0732955933, 107.557174683, -68.631149292, 43.807636261, 74.7172775269, -62.373626709, -100.882705688, 15.6481332779], [-1113.74804688, 249.411254883, 550.122253418, 473.992095947, 445.477416992, 244.578033447, 109.699790955, 65.4722213745, 71.1691436768, 56.0637207031, -15.1564559937, -75.4147338867, -35.2234649658], [-254.717559814, 216.978561401, 175.84387207, 72.0732955933, 244.578033447, 258.008361816, 140.370498657, 115.334571838, 52.9936790466, 16.6834163666, 4.33622789383, -21.4062156677, -22.4690704346], [-685.913879395, 546.36517334, -53.7297935486, 107.557174683, 109.699790955, 140.370498657, 478.058227539, 201.901260376, -27.3523731232, -114.683227539, -77.4488983154, 41.1290664673, 21.3163909912], [32.9728088379, 258.79699707, -63.6790962219, -68.631149292, 65.4722213745, 115.334571838, 201.901260376, 164.795776367, 36.2147407532, -44.1202964783, -31.2641906738, 17.4056911469, 15.8292303085], [16.6751537323, -8.55274486542, 120.813056946, 43.807636261, 71.1691436768, 52.9936790466, -27.3523731232, 36.2147407532, 88.1466369629, 60.5101127625, 6.7758641243, -18.1090869904, 14.1503572464], [-49.7474822998, -131.533401489, 183.768920898, 74.7172775269, 56.0637207031, 16.6834163666, -114.683227539, -44.1202964783, 60.5101127625, 131.298416138, 64.0484619141, -25.0246524811, -13.4892473221], [231.764205933, -85.0799636841, -37.8030891418, -62.373626709, -15.1564559937, 4.33622789383, -77.4488983154, -31.2641906738, 6.7758641243, 64.0484619141, 100.841064453, 25.199640274, -43.1771240234], [405.816040039, 42.2370300293, -172.352767944, -100.882705688, -75.4147338867, -21.4062156677, 41.1290664673, 17.4056911469, -18.1090869904, -25.0246524811, 25.199640274, 81.3946533203, 28.4567737579], [191.466278076, 26.309545517, 23.3601799011, 15.6481332779, -35.2234649658, -22.4690704346, 21.3163909912, 15.8292303085, 14.1503572464, -13.4892473221, -43.1771240234, 28.4567737579, 111.504646301]]
        icov: [[0.000332257448463, -0.000527622585651, 0.000573900761083, -0.000647717039101, 0.00146828172728, -0.00148370827083, 0.00205598957837, -0.00150000338908, 0.000747614947613, -0.000833030673675, 0.000627366767731, -0.000930281647015, -0.000205934644327], [-0.000527622585651, 0.00354386749677, -0.00246831029654, 0.00208980822936, -0.00346845155582, 0.00366474688053, -0.00614697113633, 0.00176754349377, -0.00188301620074, 0.00388141465373, -0.00227564200759, -0.000140707255923, 0.000723907374777], [0.000573900761083, -0.00246831029654, 0.00578400958329, -0.00511404080316, 0.00353697221726, -0.00555320736021, 0.0072218249552, -0.00460493192077, 0.00395059213042, -0.00629041809589, 0.00247652083635, 0.00256208749488, -0.00258293724619], [-0.000647717039101, 0.00208980822936, -0.00511404080316, 0.0102509204298, -0.0128013538197, 0.0122004859149, -0.0117515549064, 0.0128407664597, -0.00770414387807, 0.0065304338932, -0.00381160783581, 0.000275666476227, -0.000688345928211], [0.00146828172728, -0.00346845155582, 0.00353697221726, -0.0128013538197, 0.0289055984467, -0.0249908920377, 0.0162386149168, -0.0149764018133, 0.00710841361433, -0.00770849920809, 0.00747967790812, -0.00332634407096, 0.00438016699627], [-0.00148370827083, 0.00366474688053, -0.00555320736021, 0.0122004859149, -0.0249908920377, 0.0303133390844, -0.0171930808574, 0.00925340130925, -0.00895467028022, 0.00883422140032, -0.0104432934895, 0.00496573979035, -0.0017847076524], [0.00205598957837, -0.00614697113633, 0.0072218249552, -0.0117515549064, 0.0162386149168, -0.0171930808574, 0.0290028434247, -0.0275474451482, 0.0192557480186, -0.0144507903606, 0.0132636642084, -0.00933388341218, 0.00141373393126], [-0.00150000338908, 0.00176754349377, -0.00460493192077, 0.0128407664597, -0.0149764018133, 0.00925340130925, -0.0275474451482, 0.0507044680417, -0.0336674377322, 0.020340224728, -0.0105904238299, 0.00735341990367, -0.00272104609758], [0.000747614947613, -0.00188301620074, 0.00395059213042, -0.00770414387807, 0.00710841361433, -0.00895467028022, 0.0192557480186, -0.0336674377322, 0.0471367351711, -0.0296615995467, 0.015710612759, -0.00531801301986, -0.00117598858196], [-0.000833030673675, 0.00388141465373, -0.00629041809589, 0.0065304338932, -0.00770849920809, 0.00883422140032, -0.0144507903606, 0.020340224728, -0.0296615995467, 0.0436684153974, -0.0314908474684, 0.013917283155, -0.00656267208979], [0.000627366767731, -0.00227564200759, 0.00247652083635, -0.00381160783581, 0.00747967790812, -0.0104432934895, 0.0132636642084, -0.0105904238299, 0.015710612759, -0.0314908474684, 0.0480180494487, -0.029372414574, 0.0189883094281], [-0.000930281647015, -0.000140707255923, 0.00256208749488, 0.000275666476227, -0.00332634407096, 0.00496573979035, -0.00933388341218, 0.00735341990367, -0.00531801301986, 0.013917283155, -0.029372414574, 0.0426699370146, -0.0181593224406], [-0.000205934644327, 0.000723907374777, -0.00258293724619, -0.000688345928211, 0.00438016699627, -0.0017847076524, 0.00141373393126, -0.00272104609758, -0.00117598858196, -0.00656267208979, 0.0189883094281, -0.0181593224406, 0.0222712233663]]
    spectral_contrast:
        mean: [2.37543574144e-07, 3.28449317522e-07, -4.5722308073e-07, -4.66492991791e-07, -7.04513070104e-08, -3.21310608342e-07, 1.59314208759e-06, -1.91012091477e-07, -1.54992869739e-06, 4.86900626129e-06, 2.63549554802e-06, 4.05367018175e-06]
        var: [0.000187437952263, 0.000375909905415, 0.00161169352941, 0.00276362011209, 0.0051606069319, 0.00738040776923, 0.0384616479278, 0.110928364098, 0.211362496018, 0.27252098918, 0.681761562824, 4.56604623795]

rhythm:
    beats_loudness:
        dmean: 0.00683122919872
        dmean2: 0.0127828707919
        dvar: 1.303132467e-05
        dvar2: 5.03413029946e-05
        max: 0.0147674065083
        mean: 0.00412469636649
        min: 1.93796731764e-05
        var: 2.10593188967e-05
    beats_loudness_bass:
        dmean: 0.332529932261
        dmean2: 0.66124945879
        dvar: 0.0531238503754
        dvar2: 0.166197761893
        max: 0.889116704464
        mean: 0.639916658401
        min: 0.045569781214
        var: 0.0576323457062
    bpm: 168.726760864
    bpm_confidence: 0
    first_peak_bpm: 169
    first_peak_spread: 0
    first_peak_weight: 0.639999985695
    onset_rate: 2.09350585938
    second_peak_bpm: 148
    second_peak_spread: 0
    second_peak_weight: 0.319999992847
    beats_position: [0.101551152766, 0.457155793905, 0.812760412693, 1.16836500168, 1.52396965027, 1.87957429886, 2.23517894745, 2.59078359604, 2.94638824463, 3.30199289322, 3.65759778023, 4.01320266724, 4.36880731583, 4.72441196442, 5.08001708984, 5.43562173843, 5.79122638702, 6.37632703781, 6.7811217308, 7.18591594696, 7.59071111679, 7.99550580978, 8.40030002594, 8.80509471893, 9.20988941193, 9.61468410492]
    bpm_estimates: [168.822845459, 168.63067627]
    bpm_intervals: [0.35560464859, 0.355604618788, 0.355604588985, 0.35560464859, 0.35560464859, 0.35560464859, 0.35560464859, 0.35560464859, 0.35560464859, 0.355604887009, 0.355604887009, 0.35560464859, 0.35560464859, 0.355605125427, 0.35560464859, 0.35560464859, 0.585100650787, 0.404794692993, 0.404794216156, 0.40479516983, 0.404794692993, 0.404794216156, 0.404794692993, 0.404794692993, 0.404794692993]
    onset_times: [0.0464399084449, 0.777868509293, 1.48607707024, 2.19428563118, 2.89088439941, 3.13469386101, 3.85451245308, 4.56272125244, 5.02712011337, 5.25931978226, 5.9675283432, 6.68734693527, 7.19818592072, 7.2910656929, 7.39555549622, 7.63936519623, 8.32435417175, 9.03256225586, 9.5666217804, 9.75238132477, 10.0310201645]
    rubato_start: [6.7811217308]
    rubato_stop: [9.61468410492]
    perceptual_tempo: "unknown"

sfx:
    inharmonicity:
        dmean: 0.0112659689039
        dmean2: 0.0209628269076
        dvar: 0.00102835288271
        dvar2: 0.00320256222039
        max: 0.313509374857
        mean: 0.00901429727674
        min: 2.54751597595e-07
        var: 0.000814909988549
    oddtoevenharmonicenergyratio:
        dmean: 7.31768894196
        dmean2: 14.3616352081
        dvar: 3294.31958008
        dvar2: 9859.37988281
        max: 790.018798828
        mean: 3.82830715179
        min: 4.90514310059e-07
        var: 1670.08300781
    pitch_after_max_to_before_max_energy_ratio: 4.59643650055
    pitch_centroid: 250.628845215
    pitch_max_to_total: 0.713953495026
    pitch_min_to_total: 0.488372087479
    tristimulus:
        dmean: [0.137267306447, 0.13564376533, 0.0240014903247]
        dmean2: [0.243660494685, 0.242461785674, 0.0445515066385]
        dvar: [0.0398563668132, 0.0403631217778, 0.00340968393721]
        dvar2: [0.109440207481, 0.11035092175, 0.0100405681878]
        max: [0.998300075531, 0.99279654026, 0.694025099277]
        mean: [0.830873727798, 0.132347866893, 0.0173308271915]
        min: [0.0012347601587, 0, 0]
        var: [0.056047860533, 0.0423316173255, 0.00204700999893]

tonal:
    chords_changes_rate: 0
    chords_number_rate: 0.00462962966412
    chords_strength:
        dmean: 0.00634565623477
        dmean2: 0.00720040593296
        dvar: 2.61016066361e-05
        dvar2: 3.77135365852e-05
        max: 0.701112806797
        mean: 0.634922325611
        min: 0.559877455235
        var: 0.000657726486679
    key_strength: 0.6420981884
    tuning_diatonic_strength: 0.565768301487
    tuning_equal_tempered_deviation: 0.160889819264
    tuning_frequency: 442.548919678
    tuning_nontempered_energy_ratio: 0.740599513054
    hpcp:
        dmean: [0.0493930913508, 0.088003590703, 0.108941718936, 0.107746295631, 0.0523064956069, 0.0207157600671, 0.0220146030188, 0.0639907494187, 0.180649653077, 0.237102910876, 0.196642503142, 0.0880190804601, 0.0694511979818, 0.0459019318223, 0.0363452993333, 0.0392637997866, 0.0274789296091, 0.0195307414979, 0.034032355994, 0.108904160559, 0.197555556893, 0.259858369827, 0.28785058856, 0.268083810806, 0.168750271201, 0.0881674662232, 0.0802703127265, 0.0667932108045, 0.0806459635496, 0.243023112416, 0.258386582136, 0.252974271774, 0.24438688159, 0.157088145614, 0.0680602267385, 0.042871080339]
        dmean2: [0.0941567793489, 0.160083338618, 0.186792716384, 0.167599961162, 0.0777707844973, 0.0344713106751, 0.0374306477606, 0.119643472135, 0.334187626839, 0.419967889786, 0.348254829645, 0.164342701435, 0.131716579199, 0.0860969424248, 0.0636723637581, 0.0704616978765, 0.0495132990181, 0.0320485681295, 0.0663660541177, 0.205579951406, 0.35543641448, 0.44596529007, 0.527895331383, 0.498862266541, 0.326269000769, 0.163503497839, 0.153163015842, 0.124499678612, 0.144742578268, 0.437841802835, 0.472102016211, 0.389341294765, 0.420717805624, 0.265969067812, 0.125598281622, 0.0764524191618]
        dvar: [0.0130218118429, 0.0275914948434, 0.0315492115915, 0.0215634927154, 0.0102705582976, 0.00287220044993, 0.00464231567457, 0.0154965147376, 0.0541035011411, 0.0709264203906, 0.0373063646257, 0.0193985104561, 0.0242409110069, 0.01259662956, 0.0118972249329, 0.00890481099486, 0.00522713456303, 0.00326548749581, 0.0116603244096, 0.0301226396114, 0.0456923097372, 0.0590276196599, 0.0677107423544, 0.110291197896, 0.0712547823787, 0.0457663945854, 0.0409915745258, 0.0290935188532, 0.0239627230912, 0.0668169483542, 0.0966825857759, 0.0423401705921, 0.0945140495896, 0.0677571743727, 0.018120130524, 0.0131086064503]
        dvar2: [0.0383871085942, 0.0831075534225, 0.0849543362856, 0.047415908426, 0.018111243844, 0.00761397741735, 0.00994600728154, 0.0421791151166, 0.165910601616, 0.20736990869, 0.104661926627, 0.052842348814, 0.0705646499991, 0.0362981073558, 0.0287295877934, 0.0250754319131, 0.0142341498286, 0.00750060332939, 0.036312840879, 0.0918933674693, 0.111823938787, 0.154384791851, 0.195001795888, 0.33553609252, 0.19539783895, 0.127372011542, 0.117471702397, 0.0821089223027, 0.0565105676651, 0.181508690119, 0.180620193481, 0.105945758522, 0.183070197701, 0.151443213224, 0.0495629124343, 0.0360162779689]
        max: [0.777025043964, 1, 0.94300699234, 1, 1, 0.421651422977, 0.621271550655, 0.8262373209, 1, 1, 1, 1, 1, 0.850908100605, 1, 0.729278624058, 0.530876994133, 0.536531567574, 0.85753428936, 1, 1, 1, 1, 1, 1, 1, 1, 1, 1, 1, 1, 1, 1, 1, 0.654156625271, 0.74699139595]
        mean: [0.0337463282049, 0.0724723413587, 0.124869592488, 0.129873201251, 0.0687968358397, 0.0234082862735, 0.0238324869424, 0.0405357219279, 0.164751321077, 0.312797546387, 0.213641673326, 0.0608583875, 0.045014090836, 0.0373939424753, 0.0356258302927, 0.0357261113822, 0.0247330181301, 0.0160058699548, 0.0224230643362, 0.0703899934888, 0.222094163299, 0.330533772707, 0.284172385931, 0.195398598909, 0.115657292306, 0.0730886906385, 0.0539838410914, 0.0463654734194, 0.0673120841384, 0.222842335701, 0.506519973278, 0.475146532059, 0.250149697065, 0.129421710968, 0.0457341894507, 0.0307994727045]
        min: [3.28182022713e-06, 4.36258815171e-05, 5.765962851e-05, 3.59026525985e-05, 3.76138314095e-06, 2.36042001234e-06, 3.26857161781e-06, 7.36033098292e-06, 2.29613760894e-05, 2.77900471701e-05, 2.11161186598e-05, 4.37211610915e-06, 1.72314071278e-06, 1.84316081686e-06, 1.63876472925e-06, 6.0260713326e-06, 2.26729684982e-06, 1.93509754354e-06, 1.57048725669e-06, 1.665136665e-06, 2.26307633966e-06, 4.81981896883e-06, 3.57503413397e-05, 3.13792384077e-06, 1.80373672265e-06, 1.15140073831e-06, 2.47793059316e-06, 2.63364768216e-06, 2.29538522944e-06, 3.55452939402e-05, 6.96418137522e-05, 2.24001196329e-05, 8.9225704869e-06, 6.57446707919e-06, 3.65543091903e-05, 5.08034372615e-06]
        var: [0.00813240651041, 0.0189379584044, 0.033134996891, 0.0463263764977, 0.0272125024348, 0.00334415980615, 0.00540070747957, 0.0105673912913, 0.0434936918318, 0.0956294462085, 0.0536221265793, 0.0144688896835, 0.0144182574004, 0.00986136123538, 0.014587001875, 0.00858274009079, 0.00429844344035, 0.00329208699986, 0.00763808423653, 0.0219542048872, 0.0532002039254, 0.0706838667393, 0.0823633372784, 0.0945091694593, 0.0570560507476, 0.0413726717234, 0.0259882584214, 0.018749402836, 0.0279321596026, 0.0656249597669, 0.177744090557, 0.122002750635, 0.112473137677, 0.0675160810351, 0.0130818719044, 0.00974587071687]
    chords_histogram: [100, 0, 0, 0, 0, 0, 0, 0, 0, 0, 0, 0, 0, 0, 0, 0, 0, 0, 0, 0, 0, 0, 0, 0]
    thpcp: [1, 0.938060820103, 0.493859499693, 0.255511552095, 0.0902909860015, 0.0608060397208, 0.0666238814592, 0.143078938127, 0.246524512768, 0.256402909756, 0.135822549462, 0.0462139435112, 0.0470514260232, 0.080027885735, 0.325261265039, 0.617542386055, 0.421783328056, 0.120150022209, 0.0888693332672, 0.0738252103329, 0.0703345015645, 0.0705324858427, 0.048829305917, 0.0315996818244, 0.0442688651383, 0.138967856765, 0.438470691442, 0.652558207512, 0.561028957367, 0.385766804218, 0.228337079287, 0.14429576695, 0.106577910483, 0.0915373042226, 0.132891267538, 0.439947783947]
    chords_key: "C"
    chords_scale: "major"
    key_key: "C"
    key_scale: "major"
    chords_progression: ["C", "C", "C", "C", "C", "C", "C", "C", "C", "C", "C", "C", "C", "C", "C", "C", "C", "C", "C", "C", "C", "C", "C", "C", "C", "C", "C", "C", "C", "C", "C", "C", "C", "C", "C", "C", "C", "C", "C", "C", "C", "C", "C", "C", "C", "C", "C", "C", "C", "C", "C", "C", "C", "C", "C", "C", "C", "C", "C", "C", "C", "C", "C", "C", "C", "C", "C", "C", "C", "C", "C", "C", "C", "C", "C", "C", "C", "C", "C", "C", "C", "C", "C", "C", "C", "C", "C", "C", "C", "C", "C", "C", "C", "C", "C", "C", "C", "C", "C", "C", "C", "C", "C", "C", "C", "C", "C", "C", "C", "C", "C", "C", "C", "C", "C", "C", "C", "C", "C", "C", "C", "C", "C", "C", "C", "C", "C", "C", "C", "C", "C", "C", "C", "C", "C", "C", "C", "C", "C", "C", "C", "C", "C", "C", "C", "C", "C", "C", "C", "C", "C", "C", "C", "C", "C", "C", "C", "C", "C", "C", "C", "C", "C", "C", "C", "C", "C", "C", "C", "C", "C", "C", "C", "C", "C", "C", "C", "C", "C", "C", "C", "C", "C", "C", "C", "C", "C", "C", "C", "C", "C", "C", "C", "C", "C", "C", "C", "C", "C", "C", "C", "C", "C", "C", "C", "C", "C", "C", "C", "C", "C", "C", "C", "C", "C", "C"]
