
metadata:
    version:
        essentia: "1.2.2"
    audio_properties:
        analysis_sample_rate: 44100
        bitrate: 128
        channels: 2
        equal_loudness: 1
        length: 10.0048980713
        replay_gain: -10.5903682709
        downmix: "mix"
    tags:
        track: 41
        year: 0
        album: "Splitted by Mp3Splt v. 2.1"
        artist: "From 006.40 To 006.50"
        comment: "http://mp3splt.sf.net"
        genre: ""
        title: "13 God Fearing Man.mp3"

highlevel:
    ballroom:
        all:
            ChaChaCha: 0.00133378535975
            Jive: 0.00292337778956
            Quickstep: 0.0080317305401
            Rumba-American: 0.0114051187411
            Rumba-International: 0.743170797825
            Rumba-Misc: 0.158503353596
            Samba: 0.00431196158752
            Tango: 0.00196553277783
            VienneseWaltz: 0.044645614922
            Waltz: 0.0237087216228
        probability: 0.743170797825
        value: "Rumba-International"
    culture:
        all:
            non_western: 0.571158289909
            western: 0.428841739893
        probability: 0.571158289909
        value: "non_western"
    gender:
        all:
            female: 0.7771961689
            male: 0.222803816199
        probability: 0.7771961689
        value: "female"
    genre_dortmund:
        all:
            alternative: 0.240494325757
            blues: 0.0102893039584
            electronic: 0.117657892406
            folkcountry: 0.152899727225
            funksoulrnb: 0.00860585458577
            jazz: 0.149008020759
            pop: 0.151769369841
            raphiphop: 0.00538820074871
            rock: 0.163887292147
        probability: 0.240494325757
        value: "alternative"
    genre_electronica:
        all:
            ambient: 0.818157076836
            dnb: 0.0266423728317
            house: 0.0123903807253
            techno: 0.00544778304175
            trance: 0.137362360954
        probability: 0.818157076836
        value: "ambient"
    genre_rosamerica:
        all:
            cla: 0.0189792271703
            dan: 0.0491029769182
            hip: 0.0344892591238
            jaz: 0.0739983618259
            pop: 0.112900942564
            rhy: 0.087551549077
            roc: 0.614324450493
            spe: 0.00865320954472
        probability: 0.614324450493
        value: "roc"
    genre_tzanetakis:
        all:
            blu: 0.0229312479496
            cla: 0.0166657418013
            cou: 0.155425697565
            dis: 0.0445389971137
            hip: 0.0200346428901
            jaz: 0.0473354384303
            met: 0.0143324537203
            pop: 0.115603737533
            reg: 0.0447141975164
            roc: 0.518417835236
        probability: 0.518417835236
        value: "roc"
    live_studio:
        all:
            live: 0.178339108825
            studio: 0.821660876274
        probability: 0.821660876274
        value: "studio"
    mood:
        all:
            Cluster1: 0.342251867056
            Cluster2: 0.123065806925
            Cluster3: 0.412646442652
            Cluster4: 0.0610845088959
            Cluster5: 0.0609513521194
        probability: 0.412646442652
        value: "Cluster3"
    mood_acoustic:
        all:
            acoustic: 0.407628923655
            not_acoustic: 0.592371046543
        probability: 0.592371046543
        value: "not_acoustic"
    mood_aggressive:
        all:
            aggressive: 0.0101856272668
            not_aggressive: 0.989814400673
        probability: 0.989814400673
        value: "not_aggressive"
    mood_electronic:
        all:
            electronic: 0.376706629992
            not_electronic: 0.623293399811
        probability: 0.623293399811
        value: "not_electronic"
    mood_happy:
        all:
            happy: 0.079237356782
            not_happy: 0.920762658119
        probability: 0.920762658119
        value: "not_happy"
    mood_party:
        all:
            not_party: 0.981264293194
            party: 0.0187357179821
        probability: 0.981264293194
        value: "not_party"
    mood_relaxed:
        all:
            not_relaxed: 0.229478433728
            relaxed: 0.770521581173
        probability: 0.770521581173
        value: "relaxed"
    mood_sad:
        all:
            not_sad: 0.0568879917264
            sad: 0.943112015724
        probability: 0.943112015724
        value: "sad"
    rhythm:
        all:
            fast: 0.161714613438
            medium: 0.400359004736
            slow: 0.437926381826
        probability: 0.437926381826
        value: "slow"
    speech_music:
        all:
            music: 0.998654901981
            speech: 0.00134511489887
        probability: 0.998654901981
        value: "music"
    timbre:
        all:
            bright: 0.354735165834
            dark: 0.645264804363
        probability: 0.645264804363
        value: "dark"
    voice_instrumental:
        all:
            instrumental: 0.804448962212
            voice: 0.195551067591
        probability: 0.804448962212
        value: "instrumental"

lowlevel:
    average_loudness: 0.980962991714
    barkbands_kurtosis:
        dmean: 2.23748540878
        dmean2: 3.47057509422
        dvar: 7.84484386444
        dvar2: 19.1664009094
        max: 38.0480461121
        mean: 6.59120416641
        min: -1.61105108261
        var: 33.6008148193
    barkbands_skewness:
        dmean: 0.412808924913
        dmean2: 0.640516459942
        dvar: 0.2014144063
        dvar2: 0.43592774868
        max: 3.88134813309
        mean: 1.35088729858
        min: -0.391936451197
        var: 0.689678430557
    barkbands_spread:
        dmean: 1.95616281033
        dmean2: 3.01833891869
        dvar: 8.36071300507
        dvar2: 20.9471111298
        max: 50.075340271
        mean: 10.7882118225
        min: 1.46381819248
        var: 102.757133484
    dissonance:
        dmean: 0.0301079954952
        dmean2: 0.0497033447027
        dvar: 0.00064685655525
        dvar2: 0.00186592829414
        max: 0.496448755264
        mean: 0.370434939861
        min: 0.234924510121
        var: 0.00461974646896
    hfc:
        dmean: 0.701894104481
        dmean2: 0.992118299007
        dvar: 2.17602968216
        dvar2: 4.57096576691
        max: 21.7963657379
        mean: 3.48965287209
        min: 5.74803743802e-06
        var: 8.3023109436
    pitch:
        dmean: 91.6482772827
        dmean2: 179.488357544
        dvar: 169154.46875
        dvar2: 496966.34375
        max: 4410
        mean: 254.452133179
        min: 66.8181838989
        var: 93072.0625
    pitch_instantaneous_confidence:
        dmean: 0.0519753135741
        dmean2: 0.0820234939456
        dvar: 0.00369820883498
        dvar2: 0.00869129411876
        max: 0.892250180244
        mean: 0.615315377712
        min: 0.205831706524
        var: 0.0349837616086
    pitch_salience:
        dmean: 0.0453252717853
        dmean2: 0.0734899193048
        dvar: 0.00206800596789
        dvar2: 0.00529573392123
        max: 0.959183037281
        mean: 0.501855254173
        min: 0.316859304905
        var: 0.00752612994984
    silence_rate_20dB:
        dmean: 0
        dmean2: 0
        dvar: 0
        dvar2: 0
        max: 1
        mean: 1
        min: 1
        var: 0
    silence_rate_30dB:
        dmean: 0
        dmean2: 0
        dvar: 0
        dvar2: 0
        max: 1
        mean: 1
        min: 1
        var: 0
    silence_rate_60dB:
        dmean: 0.0278422273695
        dmean2: 0.0534883737564
        dvar: 0.0270671583712
        dvar2: 0.0645808726549
        max: 1
        mean: 0.0277777779847
        min: 0
        var: 0.0270060934126
    spectral_centroid:
        dmean: 81.5399703979
        dmean2: 126.520011902
        dvar: 18484.5917969
        dvar2: 48088.4492188
        max: 2017.3671875
        mean: 562.722473145
        min: 286.988586426
        var: 104052.65625
    spectral_complexity:
        dmean: 1.42093026638
        dmean2: 2.31701636314
        dvar: 3.79256868362
        dvar2: 7.13965320587
        max: 31
        mean: 8.33874702454
        min: 0
        var: 21.9456481934
    spectral_crest:
        dmean: 1.75957286358
        dmean2: 2.73604154587
        dvar: 2.6678609848
        dvar2: 7.29912996292
        max: 22.6371936798
        mean: 12.9652605057
        min: 3.01034474373
        var: 24.537563324
    spectral_decrease:
        dmean: 2.62090738001e-10
        dmean2: 3.91806587174e-10
        dvar: 9.54064560899e-20
        dvar2: 2.18390467567e-19
        max: -1.76315720735e-15
        mean: -1.50342205352e-09
        min: -3.61890828415e-09
        var: 2.07893636067e-19
    spectral_energy:
        dmean: 0.00103544734884
        dmean2: 0.0015463862801
        dvar: 1.55202963015e-06
        dvar2: 3.48638809555e-06
        max: 0.0142194125801
        mean: 0.00599078740925
        min: 7.17595494137e-09
        var: 3.48401044903e-06
    spectral_energyband_high:
        dmean: 3.9451111661e-05
        dmean2: 6.13413503743e-05
        dvar: 8.74282779506e-09
        dvar2: 2.05822381361e-08
        max: 0.00185456837062
        mean: 0.000112366316898
        min: 9.01164490252e-11
        var: 6.8649860907e-08
    spectral_energyband_low:
        dmean: 0.000324386695866
        dmean2: 0.000517440901604
        dvar: 1.62852316521e-07
        dvar2: 4.89984643082e-07
        max: 0.00407268758863
        mean: 0.000753574597184
        min: 4.40535913304e-10
        var: 2.78932162701e-07
    spectral_energyband_middle_high:
        dmean: 0.000228887307458
        dmean2: 0.000319406040944
        dvar: 2.98994109471e-07
        dvar2: 6.2252030375e-07
        max: 0.00656026322395
        mean: 0.00066831841832
        min: 1.60466684385e-09
        var: 8.92672630926e-07
    spectral_energyband_middle_low:
        dmean: 0.000791640602984
        dmean2: 0.00120139913633
        dvar: 1.02641593003e-06
        dvar2: 2.28920953305e-06
        max: 0.0132043575868
        mean: 0.00445652240887
        min: 4.97101959596e-09
        var: 2.70777854894e-06
    spectral_flatness_db:
        dmean: 0.0159555096179
        dmean2: 0.0229368209839
        dvar: 0.000294342578854
        dvar2: 0.00053206254961
        max: 0.344114303589
        mean: 0.231981620193
        min: 0.0922450423241
        var: 0.00374458031729
    spectral_flux:
        dmean: 0.00736502697691
        dmean2: 0.0116777773947
        dvar: 9.45582069107e-05
        dvar2: 0.000207514283829
        max: 0.0901675224304
        mean: 0.0247891955078
        min: 8.47110059112e-05
        var: 0.000249441742199
    spectral_kurtosis:
        dmean: 2.38260364532
        dmean2: 3.73598361015
        dvar: 8.75157356262
        dvar2: 18.5751228333
        max: 26.5866260529
        mean: 8.76989650726
        min: 0.596960067749
        var: 27.7445392609
    spectral_rms:
        dmean: 0.000206938784686
        dmean2: 0.000300032552332
        dvar: 5.59403581235e-08
        dvar2: 1.12367452232e-07
        max: 0.00372459366918
        mean: 0.00238775950857
        min: 2.64592745225e-06
        var: 1.43272885111e-07
    spectral_rolloff:
        dmean: 178.474975586
        dmean2: 293.634338379
        dvar: 174642.4375
        dvar2: 413934.03125
        max: 4608.10546875
        mean: 908.387390137
        min: 215.33203125
        var: 742757.125
    spectral_skewness:
        dmean: 0.274706274271
        dmean2: 0.425118327141
        dvar: 0.102897159755
        dvar2: 0.21007861197
        max: 4.25463628769
        mean: 2.55453920364
        min: 0.931967496872
        var: 0.555888831615
    spectral_spread:
        dmean: 750729.4375
        dmean2: 959871.5625
        dvar: 1.52658614682e+12
        dvar2: 2.13707469619e+12
        max: 23412266
        mean: 4904288
        min: 2330654.25
        var: 3.67221879603e+12
    spectral_strongpeak:
        dmean: 0.151801630855
        dmean2: 0.245892614126
        dvar: 0.059522561729
        dvar2: 0.142281025648
        max: 1.7695132494
        mean: 0.743170619011
        min: 1.69294398802e-05
        var: 0.180371671915
    zerocrossingrate:
        dmean: 0.00389489461668
        dmean2: 0.00500118359923
        dvar: 3.05885041598e-05
        dvar2: 5.09553938173e-05
        max: 0.13720703125
        mean: 0.0356547273695
        min: 0.00732421875
        var: 0.000533837475814
    barkbands:
        dmean: [1.31153996108e-07, 0.000101784164144, 0.000262101646513, 0.000217435997911, 0.000532662321348, 6.17001569481e-05, 0.000196204215172, 0.000102028425317, 0.00015977473231, 9.16861899896e-05, 5.40337932762e-05, 2.09447498491e-05, 1.71895662788e-05, 2.756381582e-05, 4.02759069402e-05, 1.89207967196e-05, 1.17488825708e-05, 2.9607599572e-05, 2.15375530388e-05, 4.6485918574e-05, 2.3847556804e-05, 5.15841611559e-06, 2.3612719815e-06, 1.5033699583e-06, 1.11882059173e-06, 4.14995326992e-08, 1.66024372028e-09]
        dmean2: [1.66301063587e-07, 0.000155911227921, 0.000420200318331, 0.000358658988262, 0.000889499788173, 0.000103666563518, 0.000243586924626, 0.000158651106176, 0.000230169811402, 0.000139986615977, 7.39497409086e-05, 3.19937098539e-05, 2.62692665274e-05, 4.39583382104e-05, 6.4241590735e-05, 3.17450248986e-05, 1.7218719222e-05, 4.4967255235e-05, 3.64915140381e-05, 7.40708783269e-05, 3.93387745135e-05, 8.23986829346e-06, 3.62612126992e-06, 2.33748892242e-06, 1.70023474766e-06, 6.24330809273e-08, 1.86522464141e-09]
        dvar: [2.00238087287e-13, 2.06780512713e-08, 1.01820560872e-07, 9.01269316955e-08, 7.19362446944e-07, 1.29908013236e-08, 4.4423352108e-08, 4.11503506825e-08, 9.09606399091e-08, 2.53253347182e-08, 1.93758555866e-08, 2.46696152395e-09, 1.67650626715e-09, 6.91166279765e-09, 3.33475220771e-08, 3.72500941204e-09, 7.88916321159e-10, 7.49107709197e-09, 1.53315182772e-09, 1.49013903439e-08, 5.63016389066e-09, 1.56657575801e-10, 4.94465753065e-11, 1.48252781579e-11, 6.65416983667e-12, 6.35317570308e-15, 7.55386841098e-16]
        dvar2: [2.93713079032e-13, 5.7438573009e-08, 3.25803910073e-07, 2.49167726452e-07, 1.69298130004e-06, 3.20093285211e-08, 6.86583945253e-08, 9.66230899735e-08, 1.82138435889e-07, 5.52069856496e-08, 3.4652263281e-08, 5.54581758294e-09, 3.64508023765e-09, 1.61320166114e-08, 8.29735569141e-08, 9.45595068913e-09, 1.61047664093e-09, 1.68021028202e-08, 4.12056122556e-09, 3.21553912386e-08, 1.27456321053e-08, 3.52393753067e-10, 1.1852890891e-10, 3.92741880684e-11, 1.57150716051e-11, 1.58422181488e-14, 7.54925949295e-16]
        max: [6.51204254609e-06, 0.0012709175935, 0.00287571595982, 0.00232831155881, 0.00760452682152, 0.000976151321083, 0.00615918729454, 0.00237030046992, 0.00343951932155, 0.00176200456917, 0.00182334380224, 0.000543334055692, 0.000588688533753, 0.000942293729167, 0.00273618288338, 0.000857079285197, 0.000384643120924, 0.00111196597572, 0.000406495004427, 0.00169056328014, 0.00135744479485, 0.000356399017619, 8.71045776876e-05, 5.97002945142e-05, 3.95500246668e-05, 1.02192416307e-06, 5.71582972952e-07]
        mean: [1.42542177173e-07, 0.000173125517904, 0.000580314954277, 0.000442184013082, 0.00116424332373, 0.00011552208889, 0.00205384078436, 0.000213582490687, 0.000427844322985, 0.000234474457102, 0.000106692852569, 4.02846817451e-05, 3.06133806589e-05, 5.38374806638e-05, 5.078670074e-05, 3.42376151821e-05, 2.02492410608e-05, 5.11976031703e-05, 3.56417476723e-05, 8.06829921203e-05, 5.62314562558e-05, 1.42207418321e-05, 5.01876183989e-06, 3.39831740348e-06, 2.35211018662e-06, 6.83496637066e-08, 1.7124081042e-09]
        min: [9.81835029945e-11, 2.17750220632e-10, 1.5287596189e-10, 1.58161844732e-10, 4.38304947892e-10, 5.39727484927e-10, 6.88064272225e-10, 1.05878428247e-09, 1.89579196785e-09, 7.94691090711e-10, 1.73665942738e-10, 5.97665111846e-11, 2.72493850401e-11, 1.21574555978e-10, 8.06353803173e-11, 4.70419744825e-11, 1.80838871655e-10, 2.04653502478e-10, 7.14948655833e-11, 1.10663700426e-10, 9.70640408327e-12, 1.2975000848e-12, 9.79016130317e-13, 1.58434929672e-12, 9.48509500109e-13, 9.84304868515e-14, 2.61367414934e-14]
        var: [2.50213071833e-13, 2.58718930723e-08, 1.84902148703e-07, 2.02391021276e-07, 1.58938337336e-06, 1.98596605827e-08, 3.37170854436e-06, 9.79517125188e-08, 2.15640000079e-07, 5.71069698196e-08, 5.66019693338e-08, 5.99461191797e-09, 3.3242186781e-09, 1.87971753718e-08, 3.69657335852e-08, 5.53543699766e-09, 1.7406285302e-09, 1.24495018738e-08, 3.21308579743e-09, 3.74022661731e-08, 2.50597995688e-08, 1.59378399367e-09, 1.50930892784e-10, 5.16113991822e-11, 2.72306639043e-11, 2.12606777479e-14, 7.55685684909e-16]
    mfcc:
        mean: [-759.893981934, 156.725189209, 8.26127719879, 32.0877494812, -22.6487255096, -14.5944900513, 2.64557623863, -1.82958364487, 5.46898508072, 3.23586201668, -0.240382835269, -2.39972281456, -4.27625656128]
        cov: [[4091.15112305, -1342.48339844, -771.522949219, 10.4420986176, 176.996490479, 337.549224854, 55.7368278503, -162.246826172, -55.09815979, -100.697021484, -233.943908691, -331.540802002, -298.000732422], [-1342.48339844, 891.698242188, 157.774475098, -40.3866157532, -26.876663208, -93.358039856, -28.2735652924, 30.8877830505, 20.7969493866, 51.8032302856, 70.0736694336, 126.281547546, 92.0986709595], [-771.522949219, 157.774475098, 747.798156738, 52.9039306641, -108.456825256, -125.820838928, -30.9026279449, 95.1417236328, -2.89850926399, 5.60753536224, 135.934707642, 137.727203369, 146.830551147], [10.4420986176, -40.3866157532, 52.9039306641, 116.347229004, -10.7256221771, -10.0296297073, -0.858274936676, 0.576906263828, 3.16513586044, -0.626845836639, 13.1877937317, 1.58629488945, 8.79971122742], [176.996490479, -26.876663208, -108.456825256, -10.7256221771, 139.692260742, 53.3965377808, 8.50861549377, -27.0349082947, -11.1616277695, 6.99967622757, -33.9839096069, -47.6094894409, -44.5711021423], [337.549224854, -93.358039856, -125.820838928, -10.0296297073, 53.3965377808, 125.938247681, 30.644821167, -23.105506897, 4.64304256439, -16.5124759674, -36.5862350464, -37.9366455078, -57.5114250183], [55.7368278503, -28.2735652924, -30.9026279449, -0.858274936676, 8.50861549377, 30.644821167, 61.5024795532, 14.3827543259, 2.56384396553, -0.259738892317, -6.76885223389, -9.17887401581, -16.0025291443], [-162.246826172, 30.8877830505, 95.1417236328, 0.576906263828, -27.0349082947, -23.105506897, 14.3827543259, 79.8676452637, 16.7834873199, 21.1660823822, 21.4130573273, 30.5577964783, 37.895904541], [-55.09815979, 20.7969493866, -2.89850926399, 3.16513586044, -11.1616277695, 4.64304256439, 2.56384396553, 16.7834873199, 52.2429008484, 17.307062149, 5.48049640656, 12.8444414139, 5.99876213074], [-100.697021484, 51.8032302856, 5.60753536224, -0.626845836639, 6.99967622757, -16.5124759674, -0.259738892317, 21.1660823822, 17.307062149, 50.2705230713, 15.4422464371, 7.06040763855, 7.0089673996], [-233.943908691, 70.0736694336, 135.934707642, 13.1877937317, -33.9839096069, -36.5862350464, -6.76885223389, 21.4130573273, 5.48049640656, 15.4422464371, 84.8710632324, 54.679397583, 42.2769126892], [-331.540802002, 126.281547546, 137.727203369, 1.58629488945, -47.6094894409, -37.9366455078, -9.17887401581, 30.5577964783, 12.8444414139, 7.06040763855, 54.679397583, 120.265724182, 85.1840209961], [-298.000732422, 92.0986709595, 146.830551147, 8.79971122742, -44.5711021423, -57.5114250183, -16.0025291443, 37.895904541, 5.99876213074, 7.0089673996, 42.2769126892, 85.1840209961, 107.212638855]]
        icov: [[0.000680818455294, 0.00083274487406, 0.000297001912259, -8.30207591207e-06, 5.03599840158e-05, -0.000874624005519, 0.000336195458658, 0.000219002235099, 0.000362457707524, -0.00012234710448, 0.000149340965436, 0.000270296412054, 9.5403074738e-06], [0.00083274487406, 0.00250599207357, 0.000281372602331, 0.000578260456678, -0.000302721338812, -0.000281244283542, 0.000444804900326, 0.000715260277502, 0.000253056903603, -0.00129374768585, 0.000190135338926, -0.00122649199329, 0.000235901214182], [0.000297001912259, 0.000281372602331, 0.00270223175175, -0.000745799508877, 0.00012757438526, 0.000313937081955, 0.000960193458013, -0.00218837056309, 0.00091815792257, 0.00164426339325, -0.00262390659191, -0.000106089973997, -0.00095737085212], [-8.30207591207e-06, 0.000578260456678, -0.000745799508877, 0.00940865837038, 0.000161403571838, 0.000417587463744, -0.000742702046409, 0.00156599155162, -0.00133812066633, -0.000174457411049, -0.00114027329255, 0.00134720816277, -0.00117842166219], [5.03599840158e-05, -0.000302721338812, 0.00012757438526, 0.000161403571838, 0.0107173565775, -0.00442910939455, 0.000284019886749, 0.00210130563937, 0.00323031446896, -0.00526649877429, 0.00161218456924, 0.00247073848732, -0.000843941583298], [-0.000874624005519, -0.000281244283542, 0.000313937081955, 0.000417587463744, -0.00442910939455, 0.0164343919605, -0.00539892818779, 2.12459181057e-05, -0.00455685984343, 0.00545480567962, 0.00100537587423, -0.00432209437713, 0.00644344696775], [0.000336195458658, 0.000444804900326, 0.000960193458013, -0.000742702046409, 0.000284019886749, -0.00539892818779, 0.0216260980815, -0.00761819910258, 0.0018206613604, 0.00088600802701, -0.00079933507368, -0.000815320643596, 0.0032441529911], [0.000219002235099, 0.000715260277502, -0.00218837056309, 0.00156599155162, 0.00210130563937, 2.12459181057e-05, -0.00761819910258, 0.0223664268851, -0.00368599593639, -0.00839627254754, 0.00188286334742, 0.00156509235967, -0.00652592116967], [0.000362457707524, 0.000253056903603, 0.00091815792257, -0.00133812066633, 0.00323031446896, -0.00455685984343, 0.0018206613604, -0.00368599593639, 0.0251172743738, -0.00881010852754, 0.00122355797794, -0.00287660723552, 0.00108927767724], [-0.00012234710448, -0.00129374768585, 0.00164426339325, -0.000174457411049, -0.00526649877429, 0.00545480567962, 0.00088600802701, -0.00839627254754, -0.00881010852754, 0.0314223058522, -0.00669297389686, 0.00154155609198, 0.00222358922474], [0.000149340965436, 0.000190135338926, -0.00262390659191, -0.00114027329255, 0.00161218456924, 0.00100537587423, -0.00079933507368, 0.00188286334742, 0.00122355797794, -0.00669297389686, 0.0219078622758, -0.00750995893031, 0.00206069159321], [0.000270296412054, -0.00122649199329, -0.000106089973997, 0.00134720816277, 0.00247073848732, -0.00432209437713, -0.000815320643596, 0.00156509235967, -0.00287660723552, 0.00154155609198, -0.00750995893031, 0.0255861971527, -0.0174341481179], [9.5403074738e-06, 0.000235901214182, -0.00095737085212, -0.00117842166219, -0.000843941583298, 0.00644344696775, 0.0032441529911, -0.00652592116967, 0.00108927767724, 0.00222358922474, 0.00206069159321, -0.0174341481179, 0.0292885843664]]
    spectral_contrast:
        mean: [5.31783044266e-08, -2.35929292103e-07, -1.80335163691e-07, -8.87500704039e-08, -3.93981849811e-07, 8.23194099553e-08, 2.59473807773e-07, -5.02670445712e-06, 1.48126525801e-06, -2.19064349949e-06, 4.71091061627e-06, 2.00000545192e-06]
        var: [0.000250865385169, 0.000747257785406, 0.00114030612167, 0.00276152626611, 0.00321790575981, 0.00510843796656, 0.0528779253364, 0.0976030826569, 0.109998501837, 0.304003715515, 0.316153645515, 2.36328148842]

rhythm:
    beats_loudness:
        dmean: 0.00184744258877
        dmean2: 0.00282807182521
        dvar: 1.22661276691e-06
        dvar2: 3.08034464069e-06
        max: 0.00892634037882
        mean: 0.00625644344836
        min: 0.00383375142701
        var: 2.55039208241e-06
    beats_loudness_bass:
        dmean: 0.100280560553
        dmean2: 0.162366822362
        dvar: 0.0033283806406
        dvar2: 0.011898830533
        max: 0.363811552525
        mean: 0.163299873471
        min: 0.0582780465484
        var: 0.00737177301198
    bpm: 119.496826172
    bpm_confidence: 0
    first_peak_bpm: 118
    first_peak_spread: 0.388888895512
    first_peak_weight: 0.578947365284
    onset_rate: 3.39833545685
    second_peak_bpm: 102
    second_peak_spread: 0
    second_peak_weight: 0.0526315793395
    beats_position: [0.0625198483467, 0.5698569417, 1.07719397545, 1.58453118801, 2.09186816216, 2.59920525551, 3.10654234886, 3.6138792038, 4.12121629715, 4.6285533905, 5.13589048386, 5.64322710037, 6.23350667953, 6.7327747345, 7.23204231262, 7.73130941391, 8.2305765152, 8.72984409332, 9.22911167145, 9.72837924957]
    bpm_estimates: [118.741661072, 118.567123413, 118.921089172, 117.451309204, 117.656707764, 119.893051147, 119.774925232, 121.424560547, 119.55758667, 120.065406799, 120.932281494, 120.269584656, 120.552947998, 119.14730835]
    bpm_intervals: [0.507337093353, 0.507337033749, 0.507337212563, 0.507336974144, 0.507337093353, 0.507337093353, 0.507336854935, 0.507337093353, 0.507337093353, 0.507337093353, 0.507336616516, 0.590279579163, 0.499268054962, 0.499267578125, 0.499267101288, 0.499267101288, 0.499267578125, 0.499267578125, 0.499267578125]
    onset_times: [0.0464399084449, 0.232199549675, 0.336689352989, 0.615328788757, 0.870748281479, 1.1261677742, 1.32353746891, 1.63700675964, 1.88081634045, 2.07818603516, 2.2523355484, 2.40326523781, 2.55419492722, 2.70512461662, 3.68036270142, 3.7151927948, 4.19120168686, 4.446621418, 4.69043064117, 5.39863967896, 5.44507932663, 5.70049905777, 6.22294807434, 6.44353723526, 6.71056699753, 7.2330160141, 7.27945566177, 7.72063493729, 7.99927425385, 8.25469398499, 8.48689365387, 8.75392246246, 9.25315189362, 9.75238132477]
    rubato_start: []
    rubato_stop: []
    perceptual_tempo: "unknown"

sfx:
    inharmonicity:
        dmean: 0.0232389271259
        dmean2: 0.0423161424696
        dvar: 0.000924253370613
        dvar2: 0.00269792182371
        max: 0.232147172093
        mean: 0.0228433012962
        min: 4.7852514399e-05
        var: 0.00086134148296
    oddtoevenharmonicenergyratio:
        dmean: 5.21199846268
        dmean2: 9.87251567841
        dvar: 198.458877563
        dvar2: 607.315917969
        max: 106.655708313
        mean: 5.04020881653
        min: 0.000137722192449
        var: 180.021896362
    pitch_after_max_to_before_max_energy_ratio: 2.47017502785
    pitch_centroid: 219.503921509
    pitch_max_to_total: 0.241299301386
    pitch_min_to_total: 0.36194896698
    tristimulus:
        dmean: [0.206383407116, 0.201198890805, 0.0420148856938]
        dmean2: [0.376914322376, 0.36906978488, 0.0772707238793]
        dvar: [0.0495522357523, 0.0499837845564, 0.00549387047067]
        dvar2: [0.131192207336, 0.131668165326, 0.0167178139091]
        max: [0.987333893776, 0.945516467094, 0.652508199215]
        mean: [0.450833231211, 0.495448112488, 0.0426476970315]
        min: [0.00712848873809, 0, 0]
        var: [0.0737497508526, 0.0790801346302, 0.00406122440472]

tonal:
    chords_changes_rate: 0.0506912432611
    chords_number_rate: 0.0184331797063
    chords_strength:
        dmean: 0.0050735049881
        dmean2: 0.0055217188783
        dvar: 2.9797640309e-05
        dvar2: 5.8175468439e-05
        max: 0.552594006062
        mean: 0.48134469986
        min: 0.373705595732
        var: 0.00126855820417
    key_strength: 0.614301919937
    tuning_diatonic_strength: 0.530257999897
    tuning_equal_tempered_deviation: 0.130805015564
    tuning_frequency: 445.627075195
    tuning_nontempered_energy_ratio: 0.666002988815
    hpcp:
        dmean: [0.0874018147588, 0.0969418883324, 0.0749259591103, 0.0412475094199, 0.0201707109809, 0.023439347744, 0.0455635264516, 0.0436767414212, 0.0423673950136, 0.0421874299645, 0.0467902235687, 0.0497173555195, 0.039510384202, 0.0283237174153, 0.0463559366763, 0.0606235824525, 0.0656383410096, 0.0430975034833, 0.024407254532, 0.0226659458131, 0.0569911338389, 0.0950899124146, 0.0709440633655, 0.0276075843722, 0.015067987144, 0.0212617665529, 0.0188428685069, 0.0192428585142, 0.0395410805941, 0.0698544606566, 0.124333128333, 0.152432799339, 0.147589176893, 0.0995528846979, 0.0727987214923, 0.097493276]
        dmean2: [0.149190843105, 0.159913480282, 0.128969907761, 0.0703139975667, 0.0348876044154, 0.0360953137279, 0.0613540634513, 0.0672285705805, 0.0693781673908, 0.0715496987104, 0.0759561210871, 0.0789306983352, 0.0704509317875, 0.0506705828011, 0.0764043405652, 0.0971960648894, 0.116361245513, 0.0776030570269, 0.0429898761213, 0.0415107235312, 0.092390820384, 0.139450103045, 0.109129264951, 0.0473881214857, 0.0277462322265, 0.0372585020959, 0.0327107682824, 0.0308682024479, 0.0659007057548, 0.125959575176, 0.203839242458, 0.273419260979, 0.258004963398, 0.18475933373, 0.132238849998, 0.17332804203]
        dvar: [0.0294247251004, 0.0244902838022, 0.0267585199326, 0.0139590147883, 0.00256183650345, 0.00299681909382, 0.0125497439876, 0.0138025544584, 0.0119603239, 0.00979409087449, 0.0183291565627, 0.0140108503401, 0.0138237988576, 0.00711963232607, 0.00969134457409, 0.013661631383, 0.0156144332141, 0.0103934239596, 0.00474255951121, 0.00969398766756, 0.0134019386023, 0.0221714135259, 0.0113284997642, 0.00519795296714, 0.00215957709588, 0.00896885897964, 0.00553103443235, 0.00317290751263, 0.0110627096146, 0.0208462197334, 0.0417410358787, 0.0606798790395, 0.0517614856362, 0.0267626550049, 0.0188045520335, 0.0221267826855]
        dvar2: [0.0745424926281, 0.0658422410488, 0.0568141154945, 0.0350487343967, 0.0071407421492, 0.0068221478723, 0.0208981316537, 0.0220123976469, 0.0283352695405, 0.0255499090999, 0.0356103330851, 0.0350321009755, 0.0393399223685, 0.0209516230971, 0.0275647081435, 0.0356933958828, 0.0464798957109, 0.0269598495215, 0.0127011146396, 0.0305619519204, 0.0363843105733, 0.0382632017136, 0.0259022042155, 0.0148585699499, 0.00641338620335, 0.0275518596172, 0.0174468681216, 0.00809271074831, 0.0284859705716, 0.0535032525659, 0.114228770137, 0.15459677577, 0.126848205924, 0.0688262507319, 0.0540291592479, 0.0623072907329]
        max: [1, 1, 1, 0.84698331356, 0.419896006584, 0.586852788925, 1, 1, 0.917508840561, 0.747430503368, 1, 1, 1, 0.736523389816, 1, 1, 0.869182288647, 0.620114147663, 0.561611354351, 1, 0.704869091511, 1, 0.885511517525, 0.592271149158, 0.426786005497, 1, 0.832271456718, 0.501397669315, 1, 1, 1, 1, 1, 1, 1, 1]
        mean: [0.678978025913, 0.400334954262, 0.0794863030314, 0.0374574996531, 0.0242623258382, 0.0315183363855, 0.0707388743758, 0.0928256511688, 0.0558491684496, 0.0584464222193, 0.0930726006627, 0.0776833593845, 0.0439133010805, 0.0269802026451, 0.0662628114223, 0.141445696354, 0.118709132075, 0.0479011237621, 0.0219870563596, 0.0169316977262, 0.0808400213718, 0.190903261304, 0.141798600554, 0.0275608114898, 0.013816440478, 0.0198806747794, 0.0210854802281, 0.0266216341406, 0.0454476363957, 0.0715278536081, 0.126430779696, 0.210911020637, 0.185748115182, 0.0852172076702, 0.0735051780939, 0.377784460783]
        min: [0, 0, 0, 0, 0, 0, 0, 0, 0, 0, 0, 0, 0, 0, 0, 0, 0, 0, 0, 0, 0, 0, 0, 0, 0, 0, 0, 0, 0, 0, 0, 0, 0, 0, 0, 0]
        var: [0.166900157928, 0.0793073549867, 0.0324157588184, 0.0119663914666, 0.00319911306724, 0.00624121725559, 0.0317064635456, 0.0530233867466, 0.021874004975, 0.017506537959, 0.059477224946, 0.0314364656806, 0.0124408826232, 0.00526246987283, 0.0109853558242, 0.0376497395337, 0.0237207561731, 0.00960887502879, 0.00368102546781, 0.00559617113322, 0.0132748456672, 0.0500112883747, 0.0280205458403, 0.00432330509648, 0.00215082080103, 0.00660694995895, 0.00468198396266, 0.00395804643631, 0.011383511126, 0.0209053084254, 0.0474360100925, 0.115224443376, 0.0924184918404, 0.024858398363, 0.014014557004, 0.0704550221562]
    chords_histogram: [0, 0, 35.0230407715, 17.9723510742, 7.37327194214, 0, 0, 0, 0, 39.6313362122, 0, 0, 0, 0, 0, 0, 0, 0, 0, 0, 0, 0, 0, 0]
    thpcp: [1, 0.589614033699, 0.117067560554, 0.0551674701273, 0.0357335954905, 0.0464202612638, 0.10418433696, 0.136713773012, 0.0822547525167, 0.0860799923539, 0.137077480555, 0.11441218853, 0.0646755844355, 0.0397364869714, 0.0975919812918, 0.208321467042, 0.174835011363, 0.0705488547683, 0.0323825739324, 0.0249370336533, 0.11906132102, 0.281162649393, 0.208841219544, 0.0405916087329, 0.0203488767147, 0.0292802918702, 0.0310547314584, 0.0392083898187, 0.0669353604317, 0.105346344411, 0.186207473278, 0.310630112886, 0.273570150137, 0.125508055091, 0.108258552849, 0.556401610374]
    chords_key: "A"
    chords_scale: "major"
    key_key: "D"
    key_scale: "minor"
    chords_progression: ["C", "C", "C", "C", "C", "C", "C", "Em", "Em", "Em", "Em", "Em", "C", "C", "C", "C", "C", "C", "C", "C", "C", "C", "Em", "Em", "Em", "Em", "Em", "C", "C", "C", "Em", "Em", "Em", "Em", "Em", "Em", "Am", "Am", "Am", "Am", "Am", "Am", "Am", "Am", "Am", "Am", "Am", "Am", "Am", "Am", "Am", "Am", "Am", "Am", "Am", "Am", "Am", "Am", "Am", "Am", "Am", "Am", "Am", "Am", "Am", "Am", "C", "C", "C", "C", "C", "C", "C", "C", "C", "C", "C", "C", "C", "C", "C", "C", "C", "C", "C", "Am", "Am", "Am", "Am", "Am", "Am", "Am", "Am", "Am", "Am", "Am", "Am", "Am", "Am", "Am", "Am", "Am", "Am", "A", "A", "A", "A", "A", "A", "A", "A", "A", "A", "A", "A", "A", "A", "A", "A", "A", "A", "A", "A", "A", "A", "A", "A", "Am", "Am", "Am", "Am", "Am", "Am", "Am", "Am", "Am", "Am", "Am", "Am", "Am", "Am", "Am", "Am", "Am", "Am", "Am", "Am", "Am", "Am", "Am", "Am", "Am", "Am", "Am", "Am", "A", "A", "A", "A", "A", "A", "A", "A", "A", "A", "A", "A", "A", "A", "A", "A", "A", "A", "A", "A", "A", "A", "A", "A", "A", "A", "A", "A", "A", "A", "A", "A", "A", "A", "A", "A", "A", "A", "A", "A", "A", "A", "A", "A", "A", "A", "A", "A", "A", "A", "A", "A", "A", "A", "A", "A", "A", "A", "A", "A", "A", "A"]
