
metadata:
    version:
        essentia: "1.2.2"
    audio_properties:
        analysis_sample_rate: 44100
        bitrate: 128
        channels: 2
        equal_loudness: 1
        length: 9.92653083801
        replay_gain: -11.9008216858
        downmix: "mix"
    tags:
        track: 13
        year: 0
        album: "Splitted by Mp3Splt v. 2.1"
        artist: "From 002.00 To 002.10"
        comment: "http://mp3splt.sf.net"
        genre: ""
        title: "06 Atomic Soda.mp3"

highlevel:
    ballroom:
        all:
            ChaChaCha: 0.00285549880937
            Jive: 0.00457373727113
            Quickstep: 0.0204150844365
            Rumba-American: 0.00802839361131
            Rumba-International: 0.0100366435945
            Rumba-Misc: 0.0155944414437
            Samba: 0.00329413823783
            Tango: 0.190732732415
            VienneseWaltz: 0.294890403748
            Waltz: 0.449578911066
        probability: 0.449578911066
        value: "Waltz"
    culture:
        all:
            non_western: 0.0222342889756
            western: 0.977765738964
        probability: 0.977765738964
        value: "western"
    gender:
        all:
            female: 0.317106097937
            male: 0.682893931866
        probability: 0.682893931866
        value: "male"
    genre_dortmund:
        all:
            alternative: 0.0448137484491
            blues: 0.00932096783072
            electronic: 0.349841654301
            folkcountry: 0.286856681108
            funksoulrnb: 0.0585298202932
            jazz: 0.152027457952
            pop: 0.048450704664
            raphiphop: 0.0105732027441
            rock: 0.0395857654512
        probability: 0.349841654301
        value: "electronic"
    genre_electronica:
        all:
            ambient: 0.945293664932
            dnb: 0.0130996936932
            house: 0.0103734824806
            techno: 0.00116121652536
            trance: 0.0300719607621
        probability: 0.945293664932
        value: "ambient"
    genre_rosamerica:
        all:
            cla: 0.442052185535
            dan: 0.0092270616442
            hip: 0.00609954725951
            jaz: 0.396433115005
            pop: 0.0402995273471
            rhy: 0.0874846950173
            roc: 0.0102727646008
            spe: 0.00813112501055
        probability: 0.442052185535
        value: "cla"
    genre_tzanetakis:
        all:
            blu: 0.0266835968941
            cla: 0.7640863657
            cou: 0.0543731153011
            dis: 0.0164188239723
            hip: 0.00389671418816
            jaz: 0.0583191476762
            met: 0.00353782321326
            pop: 0.0244317483157
            reg: 0.0177710894495
            roc: 0.0304815899581
        probability: 0.7640863657
        value: "cla"
    live_studio:
        all:
            live: 0.0424150153995
            studio: 0.95758497715
        probability: 0.95758497715
        value: "studio"
    mood:
        all:
            Cluster1: 0.032480366528
            Cluster2: 0.295273512602
            Cluster3: 0.473750293255
            Cluster4: 0.168460085988
            Cluster5: 0.0300357472152
        probability: 0.473750293255
        value: "Cluster3"
    mood_acoustic:
        all:
            acoustic: 0.269654750824
            not_acoustic: 0.730345249176
        probability: 0.730345249176
        value: "not_acoustic"
    mood_aggressive:
        all:
            aggressive: 0.00476414663717
            not_aggressive: 0.995235860348
        probability: 0.995235860348
        value: "not_aggressive"
    mood_electronic:
        all:
            electronic: 0.408432036638
            not_electronic: 0.591567933559
        probability: 0.591567933559
        value: "not_electronic"
    mood_happy:
        all:
            happy: 0.617859899998
            not_happy: 0.382140100002
        probability: 0.617859899998
        value: "happy"
    mood_party:
        all:
            not_party: 0.897264480591
            party: 0.102735519409
        probability: 0.897264480591
        value: "not_party"
    mood_relaxed:
        all:
            not_relaxed: 0.0823324620724
            relaxed: 0.917667508125
        probability: 0.917667508125
        value: "relaxed"
    mood_sad:
        all:
            not_sad: 0.295899689198
            sad: 0.704100310802
        probability: 0.704100310802
        value: "sad"
    rhythm:
        all:
            fast: 0.824122786522
            medium: 0.141287475824
            slow: 0.0345897637308
        probability: 0.824122786522
        value: "fast"
    speech_music:
        all:
            music: 0.951309919357
            speech: 0.0486900657415
        probability: 0.951309919357
        value: "music"
    timbre:
        all:
            bright: 0.973577916622
            dark: 0.0264220871031
        probability: 0.973577916622
        value: "bright"
    voice_instrumental:
        all:
            instrumental: 0.797022938728
            voice: 0.202977076173
        probability: 0.797022938728
        value: "instrumental"

lowlevel:
    average_loudness: 0.981422364712
    barkbands_kurtosis:
        dmean: 1.26134777069
        dmean2: 1.90353691578
        dvar: 2.27657437325
        dvar2: 4.82375812531
        max: 14.434009552
        mean: 0.792082905769
        min: -1.81308782101
        var: 7.41244888306
    barkbands_skewness:
        dmean: 0.469351321459
        dmean2: 0.672779619694
        dvar: 0.174818620086
        dvar2: 0.353364050388
        max: 3.77662801743
        mean: 0.893115460873
        min: -2.35068678856
        var: 1.02254736423
    barkbands_spread:
        dmean: 3.63449287415
        dmean2: 5.41634511948
        dvar: 11.8097028732
        dvar2: 22.5905475616
        max: 40.5965385437
        mean: 18.3679122925
        min: 4.12821865082
        var: 47.3435935974
    dissonance:
        dmean: 0.0284102354199
        dmean2: 0.0472696423531
        dvar: 0.000845111673698
        dvar2: 0.00193217757624
        max: 0.497153878212
        mean: 0.425253599882
        min: 0.115020684898
        var: 0.00133019767236
    hfc:
        dmean: 2.30590438843
        dmean2: 3.18307948112
        dvar: 8.10986423492
        dvar2: 15.1685638428
        max: 30.7129859924
        mean: 6.19417715073
        min: 0.126064226031
        var: 27.599155426
    pitch:
        dmean: 65.7363586426
        dmean2: 125.896858215
        dvar: 39157.296875
        dvar2: 106120.9375
        max: 2756.25
        mean: 308.845397949
        min: 87.8486022949
        var: 34689.7148438
    pitch_instantaneous_confidence:
        dmean: 0.0788433328271
        dmean2: 0.11708766222
        dvar: 0.00459124101326
        dvar2: 0.0107813943177
        max: 0.934733748436
        mean: 0.657197415829
        min: 0.271910250187
        var: 0.0178091153502
    pitch_salience:
        dmean: 0.0637417584658
        dmean2: 0.098766811192
        dvar: 0.00239951978438
        dvar2: 0.00587273947895
        max: 0.81937712431
        mean: 0.547461569309
        min: 0.303083926439
        var: 0.00798483844846
    silence_rate_20dB:
        dmean: 0
        dmean2: 0
        dvar: 0
        dvar2: 0
        max: 1
        mean: 1
        min: 1
        var: 0
    silence_rate_30dB:
        dmean: 0
        dmean2: 0
        dvar: 0
        dvar2: 0
        max: 1
        mean: 1
        min: 1
        var: 0
    silence_rate_60dB:
        dmean: 0.126168221235
        dmean2: 0.250585466623
        dvar: 0.110249988735
        dvar2: 0.201843515038
        max: 1
        mean: 0.39393940568
        min: 0
        var: 0.238751709461
    spectral_centroid:
        dmean: 225.750579834
        dmean2: 324.950073242
        dvar: 51036.484375
        dvar2: 102948.148438
        max: 2829.29638672
        mean: 1314.12792969
        min: 492.805023193
        var: 222280.96875
    spectral_complexity:
        dmean: 2.00468373299
        dmean2: 2.94366192818
        dvar: 3.47538685799
        dvar2: 6.62123823166
        max: 21
        mean: 9.40887832642
        min: 0
        var: 12.7931003571
    spectral_crest:
        dmean: 2.38378238678
        dmean2: 3.60041165352
        dvar: 4.6417350769
        dvar2: 10.0539731979
        max: 21.6951217651
        mean: 10.403014183
        min: 4.35628700256
        var: 15.5443334579
    spectral_decrease:
        dmean: 2.89308438317e-10
        dmean2: 3.99162702891e-10
        dvar: 9.540719926e-20
        dvar2: 1.63424315863e-19
        max: -1.69432037844e-11
        mean: -1.01702779531e-09
        min: -3.40377881436e-09
        var: 3.57251422496e-19
    spectral_energy:
        dmean: 0.00128416402731
        dmean2: 0.0017516365042
        dvar: 1.85522753782e-06
        dvar2: 3.24337543134e-06
        max: 0.0149998422712
        mean: 0.00440032593906
        min: 7.53819331294e-05
        var: 7.07300796421e-06
    spectral_energyband_high:
        dmean: 6.60771765979e-05
        dmean2: 9.54771021497e-05
        dvar: 1.34662920814e-08
        dvar2: 2.44878659572e-08
        max: 0.00120865087956
        mean: 0.000117580224469
        min: 3.29796375809e-06
        var: 2.90624555532e-08
    spectral_energyband_low:
        dmean: 3.86505416827e-06
        dmean2: 6.37804942016e-06
        dvar: 6.45472453265e-10
        dvar2: 1.60946000971e-09
        max: 0.000423052522819
        mean: 3.4812294416e-06
        min: 7.4365633651e-09
        var: 5.15755771424e-10
    spectral_energyband_middle_high:
        dmean: 0.000809742894489
        dmean2: 0.00117054895964
        dvar: 1.03545926322e-06
        dvar2: 2.058785185e-06
        max: 0.0089437989518
        mean: 0.00194971857127
        min: 4.73808540846e-05
        var: 3.03789761347e-06
    spectral_energyband_middle_low:
        dmean: 0.000730664702132
        dmean2: 0.00100066314917
        dvar: 7.03035311744e-07
        dvar2: 1.22601716157e-06
        max: 0.00903916265815
        mean: 0.00232954975218
        min: 2.33174505411e-05
        var: 2.29526017392e-06
    spectral_flatness_db:
        dmean: 0.0160929020494
        dmean2: 0.0236147362739
        dvar: 0.000186286779353
        dvar2: 0.00038431872963
        max: 0.304634183645
        mean: 0.232629522681
        min: 0.0903731957078
        var: 0.000857683189679
    spectral_flux:
        dmean: 0.00889614410698
        dmean2: 0.0139698525891
        dvar: 7.69452963141e-05
        dvar2: 0.00017457951617
        max: 0.0930358618498
        mean: 0.0319843813777
        min: 0.00868227705359
        var: 0.000210700294701
    spectral_kurtosis:
        dmean: 2.33145737648
        dmean2: 3.77922153473
        dvar: 4.17825365067
        dvar2: 11.7722892761
        max: 18.1777458191
        mean: 5.34867048264
        min: -0.38220334053
        var: 9.8677816391
    spectral_rms:
        dmean: 0.000302605942125
        dmean2: 0.000406791950809
        dvar: 9.21450435953e-08
        dvar2: 1.537292178e-07
        max: 0.00382544007152
        mean: 0.00197881786153
        min: 0.0002711887646
        var: 3.77281793362e-07
    spectral_rolloff:
        dmean: 433.790313721
        dmean2: 701.24432373
        dvar: 313906
        dvar2: 610529
        max: 5383.30078125
        mean: 2290.01806641
        min: 473.73046875
        var: 989463.375
    spectral_skewness:
        dmean: 0.274509429932
        dmean2: 0.429078787565
        dvar: 0.0483227446675
        dvar2: 0.110087424517
        max: 2.8979613781
        mean: 1.60727643967
        min: 0.26318821311
        var: 0.184354409575
    spectral_spread:
        dmean: 333422.4375
        dmean2: 463797
        dvar: 213076230144
        dvar2: 203229806592
        max: 12312766
        mean: 3366117
        min: 2018098.375
        var: 786305515520
    spectral_strongpeak:
        dmean: 0.649189531803
        dmean2: 1.06681990623
        dvar: 1.15154647827
        dvar2: 2.92622518539
        max: 7.75892686844
        mean: 1.19026207924
        min: 0.0204813554883
        var: 1.38216590881
    zerocrossingrate:
        dmean: 0.00881879404187
        dmean2: 0.0101656485349
        dvar: 5.96908357693e-05
        dvar2: 7.2698101576e-05
        max: 0.12109375
        mean: 0.0714122727513
        min: 0.02587890625
        var: 0.000459209142718
    barkbands:
        dmean: [1.25106458526e-09, 4.74718603982e-07, 3.45392322743e-06, 1.31511296786e-05, 2.18218228838e-05, 0.000209602119867, 0.000161487856531, 0.000262823828962, 0.000370272871805, 0.000119144715427, 0.000101544021163, 3.353622742e-05, 0.000104468410427, 7.88953984738e-05, 8.36106482893e-05, 7.7741635323e-05, 0.000146286736708, 0.00024699914502, 0.00017881259555, 5.55903825443e-05, 3.127409218e-05, 2.85353708023e-05, 3.61649540537e-06, 3.21338944786e-07, 7.60825500379e-08, 1.22028198657e-09, 2.57294380246e-10]
        dmean2: [2.34836927682e-09, 7.54223322019e-07, 5.73659463043e-06, 2.25666954066e-05, 3.77327341994e-05, 0.000316799385473, 0.000190606442629, 0.000359454541467, 0.000491629296448, 0.000183570024092, 0.000156600959599, 4.9310772738e-05, 0.000150252046296, 0.000129747437313, 0.000128918036353, 0.000114433831186, 0.000208487617783, 0.000360071135219, 0.000259771564743, 8.78854771145e-05, 4.78550537082e-05, 4.07869883929e-05, 5.09906112711e-06, 4.78477318211e-07, 1.13344611918e-07, 1.90819138268e-09, 4.68280247912e-10]
        dvar: [1.38495577879e-16, 1.81637951208e-11, 4.52488352343e-10, 2.49678899777e-09, 2.04858374708e-09, 1.52393880626e-07, 8.44920222676e-08, 1.42170961226e-07, 4.06748313253e-07, 1.66157946069e-07, 4.93321081763e-08, 9.19772080721e-09, 4.43562058194e-08, 2.94081790031e-08, 3.63940131365e-08, 3.73105280005e-08, 6.3843245357e-08, 1.64262601743e-07, 1.04055175143e-07, 2.36281518795e-08, 3.39423777973e-09, 2.66373501034e-09, 5.60755712697e-11, 1.20590657685e-12, 6.64453233645e-14, 4.69652017343e-18, 2.21791854926e-18]
        dvar2: [2.87089906071e-16, 4.36905026047e-11, 1.13736564611e-09, 6.68964839079e-09, 5.02448305184e-09, 3.70464732669e-07, 1.07764108748e-07, 2.73494521252e-07, 6.84023063968e-07, 4.2023728497e-07, 1.18587308862e-07, 1.38461997423e-08, 8.15365410745e-08, 7.57497531367e-08, 7.90877834334e-08, 7.62966649859e-08, 1.23022331877e-07, 3.35659052553e-07, 2.20330704792e-07, 4.9776669897e-08, 7.16641812559e-09, 4.75154626756e-09, 1.09048978181e-10, 2.42758265746e-12, 1.4438835327e-13, 9.11798294085e-18, 4.50635341856e-18]
        max: [2.44162720264e-07, 7.34581408324e-05, 0.000349586829543, 0.000522072426975, 0.00071801483864, 0.00558836571872, 0.00417644577101, 0.00427120085806, 0.00809150375426, 0.00513560371473, 0.00329135009088, 0.00179657922126, 0.00222894595936, 0.00203303783201, 0.00260786688887, 0.00234486442059, 0.00243875687011, 0.00505070947111, 0.00419922592118, 0.00218745414168, 0.000515300955158, 0.000543111178558, 9.90716653178e-05, 1.9138216885e-05, 4.88915520691e-06, 3.07205638705e-08, 3.11314103385e-08]
        mean: [1.80036596742e-09, 4.13170994307e-07, 3.06706374431e-06, 1.39999256135e-05, 4.0926373913e-05, 0.000563037814572, 0.000376203795895, 0.000613293785136, 0.000705836166162, 0.000216237880522, 0.000155365021783, 5.35803264938e-05, 0.000151972752064, 0.000118416370242, 0.000119800533867, 0.000107328763988, 0.00023438205244, 0.000425717618782, 0.000319107610267, 8.02699942142e-05, 4.71871790069e-05, 4.80062226416e-05, 5.64397487324e-06, 4.25281484695e-07, 1.05778788395e-07, 2.3049413489e-09, 6.5011523942e-10]
        min: [2.08685586173e-12, 4.20190549022e-10, 1.84925952329e-09, 8.89482443256e-09, 6.25310008218e-07, 4.59328521174e-06, 2.99789167002e-06, 1.18694117646e-06, 1.91988192455e-06, 1.90806258615e-06, 1.77466540663e-06, 4.00642761633e-07, 3.00070496451e-06, 1.0626739595e-06, 1.67856774169e-06, 8.62097010668e-07, 3.34824403581e-06, 9.89984528132e-07, 7.03877685737e-06, 1.65934363849e-06, 5.39462405413e-07, 5.23315975443e-07, 5.97988787376e-08, 4.39744196612e-09, 8.75913785947e-10, 9.36038468957e-11, 3.96310970152e-11]
        var: [2.65734034949e-16, 1.56302089327e-11, 3.55991680578e-10, 1.86559878657e-09, 5.02288521886e-09, 7.03035993865e-07, 3.87338957353e-07, 4.63524941097e-07, 1.0944437463e-06, 4.12388828863e-07, 1.01218155635e-07, 2.32577832548e-08, 9.09219863843e-08, 4.25273611881e-08, 5.5343768679e-08, 6.36826698042e-08, 1.44753727227e-07, 4.25729950848e-07, 2.72868362572e-07, 3.34870122742e-08, 5.93290927497e-09, 5.78393644091e-09, 1.0209582485e-10, 1.79372716767e-12, 9.37328082447e-14, 9.5879786931e-18, 4.34718070764e-18]
    mfcc:
        mean: [-761.119812012, 115.392341614, -94.3181381226, 21.4208564758, -64.2153244019, -31.2251167297, -45.029800415, -10.6536645889, -23.6629486084, -14.1979160309, 7.52765989304, -16.7584171295, -11.4064922333]
        cov: [[1665.25500488, -642.059631348, 24.9939804077, 243.018768311, 133.553436279, 92.8587875366, -81.1110305786, 109.480888367, 128.364654541, -10.8811473846, -45.9474334717, 37.878074646, -21.4276676178], [-642.059631348, 724.211120605, -38.7576332092, -6.15426445007, -26.4974460602, -28.3173065186, 92.631149292, -31.4129962921, -57.1594200134, 0.110694743693, 44.5032577515, -9.17655181885, 5.17943716049], [24.9939804077, -38.7576332092, 328.642333984, -5.67387962341, -16.3687515259, 114.688842773, 49.48412323, -1.72105932236, -1.16844952106, 10.6457548141, 7.24209833145, 25.3941860199, -41.777507782], [243.018768311, -6.15426445007, -5.67387962341, 228.1665802, 117.714302063, 20.5239906311, -22.0718975067, 24.6514778137, 19.3919334412, 7.71550512314, -9.9124288559, -11.1077032089, 20.2199459076], [133.553436279, -26.4974460602, -16.3687515259, 117.714302063, 254.746887207, 10.9787721634, -41.8472442627, 34.1904792786, -2.803429842, 25.5023460388, -23.8481063843, -9.08685493469, 14.9168081284], [92.8587875366, -28.3173065186, 114.688842773, 20.5239906311, 10.9787721634, 196.286819458, 46.5436859131, 29.199388504, 3.69142079353, -36.0412635803, 5.27383470535, 16.2427825928, -25.7053909302], [-81.1110305786, 92.631149292, 49.48412323, -22.0718975067, -41.8472442627, 46.5436859131, 120.669425964, 7.70732498169, 0.903114318848, 2.52361035347, 7.41555261612, 9.48514652252, -26.8053226471], [109.480888367, -31.4129962921, -1.72105932236, 24.6514778137, 34.1904792786, 29.199388504, 7.70732498169, 122.424537659, 8.8585062027, -11.515996933, -5.53933238983, -28.857793808, -21.3304347992], [128.364654541, -57.1594200134, -1.16844952106, 19.3919334412, -2.803429842, 3.69142079353, 0.903114318848, 8.8585062027, 113.311920166, 2.97854924202, -4.85511875153, -5.41060066223, -18.5361289978], [-10.8811473846, 0.110694743693, 10.6457548141, 7.71550512314, 25.5023460388, -36.0412635803, 2.52361035347, -11.515996933, 2.97854924202, 129.10168457, 10.5117826462, 4.70729827881, -5.61555051804], [-45.9474334717, 44.5032577515, 7.24209833145, -9.9124288559, -23.8481063843, 5.27383470535, 7.41555261612, -5.53933238983, -4.85511875153, 10.5117826462, 79.8882217407, 12.4949798584, -9.23208236694], [37.878074646, -9.17655181885, 25.3941860199, -11.1077032089, -9.08685493469, 16.2427825928, 9.48514652252, -28.857793808, -5.41060066223, 4.70729827881, 12.4949798584, 104.028686523, 17.8783740997], [-21.4276676178, 5.17943716049, -41.777507782, 20.2199459076, 14.9168081284, -25.7053909302, -26.8053226471, -21.3304347992, -18.5361289978, -5.61555051804, -9.23208236694, 17.8783740997, 101.545806885]]
        icov: [[0.00134403584525, 0.00107248860877, 0.00017641489103, -0.00137537997216, 0.000107499661681, -0.000205503820325, 7.77244422352e-05, -0.000702541437931, -0.000649466179311, 9.34972631512e-05, 0.000112838119094, -0.000870768795721, 0.000430671323556], [0.00107248860877, 0.00265891081654, 0.00040707871085, -0.00132146291435, -9.46686632233e-05, 0.000331269286107, -0.0017860182561, 5.29219460077e-06, 0.000327915709931, 0.000363311119145, -0.000922891194932, -0.000211934908293, 0.000182074334589], [0.00017641489103, 0.00040707871085, 0.00426298892125, -0.00025845086202, 0.000278864288703, -0.00238902424462, -0.000668742926791, 0.000552267767489, 0.000347783672623, -0.000925630389247, 0.000190270351595, -0.000664797902573, 0.00126217957586], [-0.00137537997216, -0.00132146291435, -0.00025845086202, 0.00756073044613, -0.00274695269763, -0.000524796370883, 0.000313123891829, 0.000277908111457, -0.000722911732737, -0.000220195957809, -0.0003496670397, 0.00147905119229, -0.00185928388964], [0.000107499661681, -9.46686632233e-05, 0.000278864288703, -0.00274695269763, 0.00599009962752, -0.00084100215463, 0.00199903314933, -0.00136571843177, 0.000676693744026, -0.00155773153529, 0.00163541384973, -0.000422996992711, 9.77463278105e-05], [-0.000205503820325, 0.000331269286107, -0.00238902424462, -0.000524796370883, -0.00084100215463, 0.00822146609426, -0.00270267925225, -0.00112285034265, 0.000227296346566, 0.00275188544765, -0.000912818417419, -0.000894600467291, 0.000584976864047], [7.77244422352e-05, -0.0017860182561, -0.000668742926791, 0.000313123891829, 0.00199903314933, -0.00270267925225, 0.0123544484377, -0.00130181282293, -0.00056212983327, -0.00141908240039, 0.00126321357675, -0.00133171561174, 0.00194821192417], [-0.000702541437931, 5.29219460077e-06, 0.000552267767489, 0.000277908111457, -0.00136571843177, -0.00112285034265, -0.00130181282293, 0.0104604568332, 0.000279873202089, 0.000760098744649, -0.000311562820571, 0.00301713566296, 0.00132698297966], [-0.000649466179311, 0.000327915709931, 0.000347783672623, -0.000722911732737, 0.000676693744026, 0.000227296346566, -0.00056212983327, 0.000279873202089, 0.0101848924533, -0.000278120249277, 0.000375573436031, 0.000443396915216, 0.00180163991172], [9.34972631512e-05, 0.000363311119145, -0.000925630389247, -0.000220195957809, -0.00155773153529, 0.00275188544765, -0.00141908240039, 0.000760098744649, -0.000278120249277, 0.00920076481998, -0.00163400662132, -0.000388946471503, 0.000752694613766], [0.000112838119094, -0.000922891194932, 0.000190270351595, -0.0003496670397, 0.00163541384973, -0.000912818417419, 0.00126321357675, -0.000311562820571, 0.000375573436031, -0.00163400662132, 0.0141877308488, -0.00201468868181, 0.00163827778306], [-0.000870768795721, -0.000211934908293, -0.000664797902573, 0.00147905119229, -0.000422996992711, -0.000894600467291, -0.00133171561174, 0.00301713566296, 0.000443396915216, -0.000388946471503, -0.00201468868181, 0.0120685799047, -0.00287160021253], [0.000430671323556, 0.000182074334589, 0.00126217957586, -0.00185928388964, 9.77463278105e-05, 0.000584976864047, 0.00194821192417, 0.00132698297966, 0.00180163991172, 0.000752694613766, 0.00163827778306, -0.00287160021253, 0.012770626694]]
    spectral_contrast:
        mean: [-1.42344390497e-07, -2.48314961482e-07, -2.29888712511e-07, 1.53259136937e-07, 2.49977425426e-08, 4.56992154341e-07, 3.81243421543e-06, 3.50187724507e-06, 4.71732306551e-08, 1.88924445865e-06, 5.4897549262e-07, -5.87342512404e-08]
        var: [0.000828309333883, 0.000992933637463, 0.00238807103597, 0.00304428068921, 0.00407903315499, 0.00652170553803, 0.036062259227, 0.071801237762, 0.105797857046, 0.243218705058, 0.465190500021, 0.722114503384]

rhythm:
    beats_loudness:
        dmean: 0.00372026534751
        dmean2: 0.00617009447888
        dvar: 4.77724734083e-06
        dvar2: 1.52170414367e-05
        max: 0.0126370433718
        mean: 0.00613742880523
        min: 0.00131232582498
        var: 8.88522572495e-06
    beats_loudness_bass:
        dmean: 0.00145248521585
        dmean2: 0.00269163912162
        dvar: 1.70925034126e-06
        dvar2: 3.55926999873e-06
        max: 0.00523262564093
        mean: 0.00143730337732
        min: 1.51062868099e-05
        var: 2.20560286834e-06
    bpm: 105.44871521
    bpm_confidence: 0
    first_peak_bpm: 106
    first_peak_spread: 0
    first_peak_weight: 0.9375
    onset_rate: 4.73478603363
    second_peak_bpm: 88
    second_peak_spread: 0
    second_peak_weight: 0.0625
    beats_position: [0.166249603033, 0.73441940546, 1.30258929729, 1.87075912952, 2.43892884254, 3.00709891319, 3.575268507, 4.14343833923, 4.71160793304, 5.27977752686, 5.84794712067, 6.52895593643, 7.09899091721, 7.66902637482, 8.23906135559, 8.80909729004, 9.37913227081]
    bpm_estimates: [105.752410889, 105.507621765, 105.587966919, 105.615196228, 105.548294067, 105.363861084, 105.091285706, 105.214630127, 105.357177734]
    bpm_intervals: [0.56816983223, 0.568169891834, 0.56816983223, 0.56816971302, 0.568170070648, 0.568169593811, 0.56816983223, 0.568169593811, 0.568169593811, 0.568169593811, 0.681008815765, 0.570034980774, 0.570035457611, 0.570034980774, 0.570035934448, 0.570034980774]
    onset_times: [0.0348299331963, 0.174149662256, 0.359909296036, 0.49922901392, 0.603718817234, 0.905578255653, 1.05650794506, 1.2190476656, 1.63700675964, 1.764716506, 2.11301589012, 2.19428563118, 2.47292518616, 2.64707493782, 2.84444451332, 3.06503391266, 3.20435380936, 3.58748292923, 3.9125623703, 4.07510185242, 4.46984148026, 4.85297060013, 5.01551008224, 5.31736946106, 5.41024923325, 5.47990942001, 5.630838871, 5.78176879883, 5.95591831207, 6.23455762863, 6.32743787766, 6.48997735977, 6.91954660416, 7.04725646973, 7.22140598297, 7.58131504059, 7.77868461609, 7.92961454391, 8.08054447174, 8.2198638916, 8.35918331146, 8.48689365387, 8.62621307373, 8.95129299164, 9.18349170685, 9.35764217377, 9.62467098236]
    rubato_start: []
    rubato_stop: []
    perceptual_tempo: "unknown"

sfx:
    inharmonicity:
        dmean: 0.084434017539
        dmean2: 0.150520697236
        dvar: 0.00811101030558
        dvar2: 0.0215637329966
        max: 0.454487651587
        mean: 0.0929246172309
        min: 0
        var: 0.00968848727643
    oddtoevenharmonicenergyratio:
        dmean: 22.1606731415
        dmean2: 43.1328544617
        dvar: 17941.6835938
        dvar2: 54229.7421875
        max: 1922.15490723
        mean: 13.1410446167
        min: 0
        var: 9120.19824219
    pitch_after_max_to_before_max_energy_ratio: 2.09681081772
    pitch_centroid: 212.382766724
    pitch_max_to_total: 0.247663557529
    pitch_min_to_total: 0.497663557529
    tristimulus:
        dmean: [0.205284014344, 0.302306950092, 0.133386254311]
        dmean2: [0.365855008364, 0.552968144417, 0.245832338929]
        dvar: [0.0595822669566, 0.0809439271688, 0.0227044988424]
        dvar2: [0.160875469446, 0.215259477496, 0.0571075342596]
        max: [1, 0.999234974384, 0.928639769554]
        mean: [0.243251472712, 0.579638779163, 0.122642755508]
        min: [7.08692023181e-05, 0, 0]
        var: [0.0777060985565, 0.0944714397192, 0.0241363458335]

tonal:
    chords_changes_rate: 0.0511627905071
    chords_number_rate: 0.0279069766402
    chords_strength:
        dmean: 0.00788222998381
        dmean2: 0.00560480868444
        dvar: 3.56382188329e-05
        dvar2: 3.67396060028e-05
        max: 0.664623141289
        mean: 0.505493342876
        min: 0.361352145672
        var: 0.004548991099
    key_strength: 0.827257633209
    tuning_diatonic_strength: 0.617266356945
    tuning_equal_tempered_deviation: 0.0162680912763
    tuning_frequency: 441.782684326
    tuning_nontempered_energy_ratio: 0.622091293335
    hpcp:
        dmean: [0.0988116562366, 0.0824415013194, 0.10027872771, 0.142193377018, 0.0958630591631, 0.0165267530829, 0.00529439654201, 0.0158034041524, 0.0771116688848, 0.105413906276, 0.0819403678179, 0.0659154132009, 0.0770375952125, 0.0451847203076, 0.0116205718368, 0.011000180617, 0.0422795340419, 0.115094825625, 0.147648885846, 0.0968184545636, 0.0432548299432, 0.0365991443396, 0.0467209778726, 0.142568945885, 0.170570358634, 0.140306815505, 0.0999082997441, 0.0832427740097, 0.057623706758, 0.0665072873235, 0.0869570374489, 0.0477989055216, 0.0400575511158, 0.0618869848549, 0.0601251274347, 0.0730856433511]
        dmean2: [0.159122884274, 0.134029850364, 0.160806447268, 0.230406984687, 0.147331729531, 0.0276046730578, 0.00897513981909, 0.0270767975599, 0.121344007552, 0.160539075732, 0.120395518839, 0.105429083109, 0.115782268345, 0.0656770318747, 0.0213536452502, 0.0196401458234, 0.0732076093554, 0.181537777185, 0.236600413918, 0.159972801805, 0.0753782466054, 0.0657575428486, 0.0830073356628, 0.231119006872, 0.28526237607, 0.223456174135, 0.161610856652, 0.139368891716, 0.0915612652898, 0.106672517955, 0.142407596111, 0.0799208879471, 0.0632572025061, 0.108729638159, 0.0995575636625, 0.116595387459]
        dvar: [0.0207334700972, 0.0215467717499, 0.0206134207547, 0.0400861538947, 0.0160420276225, 0.0008267799858, 0.000183485695743, 0.000969211978372, 0.0116984127089, 0.0254111159593, 0.0122405560687, 0.0143256569281, 0.0232114717364, 0.00672251638025, 0.000537578656804, 0.000418510637246, 0.0102577600628, 0.0210136231035, 0.0373634919524, 0.0278787370771, 0.0158268883824, 0.0166460555047, 0.0110624497756, 0.0201371237636, 0.047935757786, 0.0216437596828, 0.03202406317, 0.0334990732372, 0.0169921461493, 0.0128997927532, 0.0158716868609, 0.00595359224826, 0.00531255686656, 0.0145252393559, 0.013256534934, 0.0106928087771]
        dvar2: [0.0485913492739, 0.0503467917442, 0.0465432517231, 0.0778677240014, 0.0362803414464, 0.00239509786479, 0.000362689781468, 0.00281171617098, 0.0233516935259, 0.0393529124558, 0.026406750083, 0.0303547848016, 0.0441007167101, 0.0127718290314, 0.00155487284064, 0.00116195599549, 0.0269413478673, 0.0473305918276, 0.0868799611926, 0.0683044940233, 0.0414194315672, 0.0404806360602, 0.0328904166818, 0.0453156791627, 0.100966200233, 0.0467632450163, 0.0676611736417, 0.0697758570313, 0.0363342911005, 0.0321663208306, 0.045704357326, 0.0182091388851, 0.0129994368181, 0.040262658149, 0.034447081387, 0.0250380113721]
        max: [0.994212388992, 1, 1, 1, 0.786572158337, 0.222471728921, 0.141659930348, 0.257319509983, 0.947270095348, 1, 0.982200324535, 1, 1, 0.677083194256, 0.154753103852, 0.142688974738, 0.902181088924, 1, 1, 1, 1, 1, 0.930299162865, 1, 1, 1, 1, 1, 1, 0.857910394669, 1, 0.684471011162, 0.506294727325, 1, 1, 0.843508064747]
        mean: [0.14861895144, 0.0987346917391, 0.188758358359, 0.303083091974, 0.159426063299, 0.0188266728073, 0.00584146426991, 0.0141873694956, 0.165009588003, 0.283534437418, 0.15411375463, 0.110303245485, 0.169352427125, 0.0891544520855, 0.0114844385535, 0.0114734107628, 0.0437486283481, 0.167235925794, 0.233960166574, 0.123407416046, 0.0395654067397, 0.0360989756882, 0.0464196242392, 0.340056657791, 0.575136184692, 0.31271263957, 0.144119426608, 0.155920922756, 0.0794666931033, 0.0882115289569, 0.11847127229, 0.0643231496215, 0.0537408553064, 0.0965801477432, 0.0893155112863, 0.112703993917]
        min: [0.000799950852524, 0.000642240978777, 0.00110088475049, 0.00171894161031, 0.00122944149189, 0.000603825319558, 0.000131609747768, 8.96031633602e-05, 0.000730147061404, 0.00162343203556, 0.00336658512242, 0.00157998036593, 0.000187436540728, 0.000344253989169, 0.000202180774068, 0.000289351533866, 0.000974698748905, 0.00193715386558, 0.00333576789126, 0.00127596291713, 0.000223256109166, 0.000136316593853, 0.000212026629015, 0.00707022473216, 0.0144420154393, 0.0124952290207, 0.000844028720167, 0.000172746818862, 0.000307673501084, 0.00228048115969, 0.00623234128579, 0.00413296138868, 0.00101308641024, 0.00127337430604, 0.00108554586768, 0.000883387750946]
        var: [0.0335245095193, 0.0217517912388, 0.0534287616611, 0.128990501165, 0.0342878215015, 0.000841607514303, 0.000203654970392, 0.000698997464497, 0.044481664896, 0.118129462004, 0.03057692945, 0.0308220759034, 0.0922292992473, 0.0268669035286, 0.000379449134925, 0.000340368278557, 0.00942274462432, 0.0408202707767, 0.0770791769028, 0.0343133583665, 0.012780835852, 0.0152919860557, 0.00824728794396, 0.063375890255, 0.151548683643, 0.0563415661454, 0.0586544536054, 0.0908451080322, 0.0277485661209, 0.0155494958162, 0.0198351740837, 0.00648200605065, 0.00685134995729, 0.0313345603645, 0.0319957286119, 0.0193447582424]
    chords_histogram: [26.5116271973, 0, 0, 0, 0, 6.5116276741, 0, 6.5116276741, 0, 41.8604660034, 0, 0, 0, 0, 0, 0, 0, 0, 0, 0, 0, 0, 7.44186067581, 11.1627902985]
    thpcp: [1, 0.543719291687, 0.250583142042, 0.27110260725, 0.138170212507, 0.153375029564, 0.20598821342, 0.111839860678, 0.0934402272105, 0.167925700545, 0.155294537544, 0.195960536599, 0.258406549692, 0.171671852469, 0.328197687864, 0.52697622776, 0.277197062969, 0.0327342860401, 0.0101566631347, 0.0246678441763, 0.286905258894, 0.492986619473, 0.267960458994, 0.191786304116, 0.294456213713, 0.155014500022, 0.0199682079256, 0.0199490338564, 0.0760665535927, 0.290776222944, 0.406790912151, 0.214570775628, 0.0687931105494, 0.0627659633756, 0.0807106643915, 0.591262817383]
    chords_key: "F"
    chords_scale: "major"
    key_key: "A#"
    key_scale: "minor"
    chords_progression: ["A#m", "A#m", "A#m", "A#m", "A#m", "A#m", "A#m", "A#m", "A#m", "A#m", "A#m", "A#m", "A#m", "A#m", "A#m", "A#m", "A#m", "A#m", "A#m", "A#m", "A#m", "A#m", "A#m", "A#m", "A#m", "A#m", "A#m", "A#m", "D#", "D#", "D#", "D#", "D#", "D#", "D#", "D#", "D#", "D#", "D#", "D#", "D#", "D#", "A#", "A#", "A#", "A#", "A#", "A#", "A#m", "A#m", "A#m", "A#m", "A#m", "A#m", "A#m", "A#", "F", "F", "F", "F", "F", "F", "F", "F", "F", "F", "F", "F", "F", "F", "F", "F", "F", "F", "F", "F", "F", "F", "F", "F", "F", "F", "F", "F", "F", "F", "F", "F", "F", "F", "F", "F", "F", "F", "F", "F", "F", "F", "F", "F", "F", "F", "F", "F", "F", "F", "F", "F", "F", "F", "F", "F", "A#m", "A#m", "A#m", "A#m", "A#m", "A#m", "A#m", "A#m", "A#m", "A#m", "A#m", "A#m", "F#", "F#", "F#", "F#", "F#", "F#", "F#", "F#", "F#", "F#", "F#", "F#", "F#", "F#", "F#", "F#", "F#", "F#", "F#", "F#", "F#", "F#", "F#", "F#", "D#m", "D#m", "D#m", "D#m", "D#m", "D#m", "D#m", "D#m", "D#m", "D#m", "D#m", "D#m", "D#m", "D#m", "D#m", "D#m", "A#m", "A#m", "A#m", "A#m", "A#m", "A#m", "A#m", "A#m", "A#m", "A#m", "A#", "A#", "A#", "A#", "A#", "A#", "A#", "F", "F", "F", "F", "F", "F", "F", "F", "F", "F", "F", "F", "F", "F", "F", "F", "F", "F", "F", "F", "F", "F", "F", "F", "F", "F", "F", "F", "F", "F", "F", "F", "F", "F"]
