
metadata:
    version:
        essentia: "1.2.2"
    audio_properties:
        analysis_sample_rate: 44100
        bitrate: 128
        channels: 2
        equal_loudness: 1
        length: 10.0571432114
        replay_gain: -13.5024662018
        downmix: "mix"
    tags:
        track: 15
        year: 0
        album: "Splitted by Mp3Splt v. 2.1"
        artist: "From 002.20 To 002.30"
        comment: "http://mp3splt.sf.net"
        genre: ""
        title: "08 Face to Face.mp3"

highlevel:
    ballroom:
        all:
            ChaChaCha: 0.158916950226
            Jive: 0.519098639488
            Quickstep: 0.0793088078499
            Rumba-American: 0.00815894361585
            Rumba-International: 0.0125954793766
            Rumba-Misc: 0.00696603441611
            Samba: 0.15666295588
            Tango: 0.00676370644942
            VienneseWaltz: 0.0434727743268
            Waltz: 0.00805567763746
        probability: 0.519098639488
        value: "Jive"
    culture:
        all:
            non_western: 0.0364935509861
            western: 0.96350646019
        probability: 0.96350646019
        value: "western"
    gender:
        all:
            female: 0.953596711159
            male: 0.0464032776654
        probability: 0.953596711159
        value: "female"
    genre_dortmund:
        all:
            alternative: 0.0516601875424
            blues: 0.142846703529
            electronic: 0.0139312688261
            folkcountry: 0.166927546263
            funksoulrnb: 0.0325881168246
            jazz: 0.0313031710684
            pop: 0.126358404756
            raphiphop: 0.0124088367447
            rock: 0.421975791454
        probability: 0.421975791454
        value: "rock"
    genre_electronica:
        all:
            ambient: 0.349776864052
            dnb: 0.21686026454
            house: 0.0404545627534
            techno: 0.0164016317576
            trance: 0.376506686211
        probability: 0.376506686211
        value: "trance"
    genre_rosamerica:
        all:
            cla: 0.0107644237578
            dan: 0.0114578828216
            hip: 0.00452005770057
            jaz: 0.00520326988772
            pop: 0.729316115379
            rhy: 0.1034020558
            roc: 0.133849531412
            spe: 0.00148666335735
        probability: 0.729316115379
        value: "pop"
    genre_tzanetakis:
        all:
            blu: 0.00164932094049
            cla: 0.0012198848417
            cou: 0.223411560059
            dis: 0.0569815300405
            hip: 0.00288777542301
            jaz: 0.00287649780512
            met: 0.00546832475811
            pop: 0.645711481571
            reg: 0.0034695090726
            roc: 0.0563241355121
        probability: 0.645711481571
        value: "pop"
    live_studio:
        all:
            live: 0.012856383808
            studio: 0.98714363575
        probability: 0.98714363575
        value: "studio"
    mood:
        all:
            Cluster1: 0.230808779597
            Cluster2: 0.403183430433
            Cluster3: 0.12220364064
            Cluster4: 0.154944136739
            Cluster5: 0.0888600200415
        probability: 0.403183430433
        value: "Cluster2"
    mood_acoustic:
        all:
            acoustic: 0.0625733435154
            not_acoustic: 0.937426686287
        probability: 0.937426686287
        value: "not_acoustic"
    mood_aggressive:
        all:
            aggressive: 0.136001214385
            not_aggressive: 0.863998770714
        probability: 0.863998770714
        value: "not_aggressive"
    mood_electronic:
        all:
            electronic: 0.0131168346852
            not_electronic: 0.986883163452
        probability: 0.986883163452
        value: "not_electronic"
    mood_happy:
        all:
            happy: 0.978016972542
            not_happy: 0.0219830200076
        probability: 0.978016972542
        value: "happy"
    mood_party:
        all:
            not_party: 0.457935661077
            party: 0.542064368725
        probability: 0.542064368725
        value: "party"
    mood_relaxed:
        all:
            not_relaxed: 0.301177680492
            relaxed: 0.698822319508
        probability: 0.698822319508
        value: "relaxed"
    mood_sad:
        all:
            not_sad: 0.687421023846
            sad: 0.312578946352
        probability: 0.687421023846
        value: "not_sad"
    rhythm:
        all:
            fast: 0.941873729229
            medium: 0.0565696656704
            slow: 0.00155657785945
        probability: 0.941873729229
        value: "fast"
    speech_music:
        all:
            music: 0.993872284889
            speech: 0.00612770626321
        probability: 0.993872284889
        value: "music"
    timbre:
        all:
            bright: 0.99999922514
            dark: 7.4732037092e-07
        probability: 0.99999922514
        value: "bright"
    voice_instrumental:
        all:
            instrumental: 0.00718992110342
            voice: 0.992810070515
        probability: 0.992810070515
        value: "voice"

lowlevel:
    average_loudness: 0.980791866779
    barkbands_kurtosis:
        dmean: 0.83545511961
        dmean2: 1.31169688702
        dvar: 1.64656639099
        dvar2: 3.40120434761
        max: 14.5582256317
        mean: -0.34370842576
        min: -1.84638261795
        var: 3.65631222725
    barkbands_skewness:
        dmean: 0.459594130516
        dmean2: 0.680805444717
        dvar: 0.173067718744
        dvar2: 0.362289011478
        max: 3.5998840332
        mean: 0.0465609617531
        min: -2.88077425957
        var: 0.870461285114
    barkbands_spread:
        dmean: 5.29941034317
        dmean2: 7.88771820068
        dvar: 23.6856422424
        dvar2: 55.4599990845
        max: 58.3917160034
        mean: 28.0244140625
        min: 5.84101963043
        var: 104.061233521
    dissonance:
        dmean: 0.0205039717257
        dmean2: 0.0332038737833
        dvar: 0.000809094810393
        dvar2: 0.00126646610443
        max: 0.498467803001
        mean: 0.455668240786
        min: 0
        var: 0.00137402990367
    hfc:
        dmean: 2.75193405151
        dmean2: 4.18983411789
        dvar: 11.0369110107
        dvar2: 23.3317737579
        max: 51.958240509
        mean: 8.69076061249
        min: 0.000515852239914
        var: 33.5276069641
    pitch:
        dmean: 517.069702148
        dmean2: 992.065612793
        dvar: 1142751.375
        dvar2: 3139044.5
        max: 4410
        mean: 669.803100586
        min: 73.7458190918
        var: 1004819.4375
    pitch_instantaneous_confidence:
        dmean: 0.10036418587
        dmean2: 0.156141012907
        dvar: 0.00786394346505
        dvar2: 0.0173374284059
        max: 0.910676121712
        mean: 0.518236577511
        min: 0.140332698822
        var: 0.0317565724254
    pitch_salience:
        dmean: 0.0685186609626
        dmean2: 0.111769147217
        dvar: 0.00377992005087
        dvar2: 0.00947277247906
        max: 0.931227326393
        mean: 0.576019048691
        min: 0.260656446218
        var: 0.00976646505296
    silence_rate_20dB:
        dmean: 0
        dmean2: 0
        dvar: 0
        dvar2: 0
        max: 1
        mean: 1
        min: 1
        var: 0
    silence_rate_30dB:
        dmean: 0
        dmean2: 0
        dvar: 0
        dvar2: 0
        max: 1
        mean: 1
        min: 1
        var: 0
    silence_rate_60dB:
        dmean: 0.096997693181
        dmean2: 0.19212962687
        dvar: 0.087589122355
        dvar2: 0.173734128475
        max: 1
        mean: 0.239631339908
        min: 0
        var: 0.182208418846
    spectral_centroid:
        dmean: 296.659820557
        dmean2: 441.875549316
        dvar: 97565.484375
        dvar2: 193921.5625
        max: 4137.79394531
        mean: 1693.41491699
        min: 397.941925049
        var: 330862.34375
    spectral_complexity:
        dmean: 3.08352661133
        dmean2: 4.97906970978
        dvar: 7.64963769913
        dvar2: 18.0762958527
        max: 29
        mean: 12.4537038803
        min: 0
        var: 27.1922893524
    spectral_crest:
        dmean: 2.36276841164
        dmean2: 3.76229214668
        dvar: 4.52909135818
        dvar2: 11.7566738129
        max: 21.8986473083
        mean: 8.43479251862
        min: 2.94525694847
        var: 13.7737598419
    spectral_decrease:
        dmean: 3.48169770792e-10
        dmean2: 5.47686895835e-10
        dvar: 2.01207496402e-19
        dvar2: 5.11205321677e-19
        max: -4.85149572425e-14
        mean: -1.1278495915e-09
        min: -4.37699743117e-09
        var: 3.5431415584e-19
    spectral_energy:
        dmean: 0.00152630743105
        dmean2: 0.00239330693148
        dvar: 3.59167324859e-06
        dvar2: 8.93371543498e-06
        max: 0.0212325416505
        mean: 0.00504504190758
        min: 2.29896059523e-07
        var: 7.10832637196e-06
    spectral_energyband_high:
        dmean: 0.00018191934214
        dmean2: 0.000292568700388
        dvar: 7.24894633208e-08
        dvar2: 1.64682418813e-07
        max: 0.0026255545672
        mean: 0.000324687251123
        min: 4.85145861262e-08
        var: 1.40379626146e-07
    spectral_energyband_low:
        dmean: 0.00010101274529
        dmean2: 0.000166906756931
        dvar: 3.40456942638e-08
        dvar2: 8.69071712373e-08
        max: 0.00164036033675
        mean: 0.00018486227782
        min: 2.02370085134e-08
        var: 5.29464188048e-08
    spectral_energyband_middle_high:
        dmean: 0.000875155790709
        dmean2: 0.00131673121359
        dvar: 1.09559243811e-06
        dvar2: 2.27577879741e-06
        max: 0.0137168010697
        mean: 0.00286047486588
        min: 8.73417462799e-08
        var: 4.36891514255e-06
    spectral_energyband_middle_low:
        dmean: 0.000830446137115
        dmean2: 0.00133850448765
        dvar: 2.35152583627e-06
        dvar2: 6.00619659963e-06
        max: 0.0115494690835
        mean: 0.00167500996031
        min: 7.14753269904e-08
        var: 2.55304144048e-06
    spectral_flatness_db:
        dmean: 0.0175638590008
        dmean2: 0.0257355775684
        dvar: 0.000247334741289
        dvar2: 0.000522774469573
        max: 0.288376480341
        mean: 0.160777881742
        min: 0.0476452857256
        var: 0.00122678035405
    spectral_flux:
        dmean: 0.0134748117998
        dmean2: 0.0210576560348
        dvar: 0.000150936015416
        dvar2: 0.0003453810059
        max: 0.127562597394
        mean: 0.0481270849705
        min: 0.0132696004584
        var: 0.000434541201685
    spectral_kurtosis:
        dmean: 1.12835812569
        dmean2: 1.81759417057
        dvar: 1.18609523773
        dvar2: 3.0900645256
        max: 13.5376167297
        mean: 4.127617836
        min: 0.13028383255
        var: 4.35974168777
    spectral_rms:
        dmean: 0.000323271728121
        dmean2: 0.000491762417369
        dvar: 1.18226871848e-07
        dvar2: 2.61295326709e-07
        max: 0.00455133756623
        mean: 0.0021447527688
        min: 1.49762754518e-05
        var: 3.22022032151e-07
    spectral_rolloff:
        dmean: 436.359588623
        dmean2: 701.030944824
        dvar: 276541.59375
        dvar2: 626227
        max: 6007.76367188
        mean: 3091.6081543
        min: 344.53125
        var: 759610.5625
    spectral_skewness:
        dmean: 0.174646034837
        dmean2: 0.279158890247
        dvar: 0.0334906689823
        dvar2: 0.0821093246341
        max: 2.46576571465
        mean: 1.53495037556
        min: 0.332506835461
        var: 0.113295696676
    spectral_spread:
        dmean: 618509
        dmean2: 812225.875
        dvar: 793471221760
        dvar2: 817909596160
        max: 23914272
        mean: 4870518
        min: 2299200.25
        var: 2.59843948544e+12
    spectral_strongpeak:
        dmean: 0.686049699783
        dmean2: 1.18231105804
        dvar: 0.84801876545
        dvar2: 2.24339771271
        max: 7.62475299835
        mean: 1.17457401752
        min: 0
        var: 1.35654509068
    zerocrossingrate:
        dmean: 0.00941442511976
        dmean2: 0.0109193315729
        dvar: 9.04801854631e-05
        dvar2: 9.22764302231e-05
        max: 0.20556640625
        mean: 0.0934651717544
        min: 0.00732421875
        var: 0.000620787614025
    barkbands:
        dmean: [2.29720313882e-07, 1.52593092935e-05, 9.04703338165e-05, 0.000160640571266, 0.000353152805474, 0.000230263161939, 0.000166701371199, 0.000104072052636, 0.000212990955333, 0.000238617067225, 6.20965147391e-05, 6.59395300318e-05, 9.28714725887e-05, 7.01093449607e-05, 0.000168899758137, 0.000151738684508, 0.000175724620931, 0.000247176620178, 0.000269873911748, 0.000188024758245, 5.87750873819e-05, 2.14115298149e-05, 6.71511179462e-06, 3.0399996831e-06, 1.73317471308e-06, 6.41855706363e-08, 2.85128742838e-09]
        dmean2: [3.17821076123e-07, 2.50298435276e-05, 0.000151730608195, 0.000256243889453, 0.000610162795056, 0.000380606943509, 0.000278336752672, 0.000181898823939, 0.000330380367814, 0.000349240523065, 9.37869845075e-05, 0.000101460398582, 0.000143707919051, 0.000107055340777, 0.000269153970294, 0.000237412663409, 0.00027959709405, 0.0003871897934, 0.000411236047512, 0.000306898669805, 0.000100084296719, 3.10931791319e-05, 9.67949290498e-06, 4.5315537136e-06, 2.55326426668e-06, 9.49043652554e-08, 4.33397406852e-09]
        dvar: [3.01942092206e-13, 1.18604215338e-09, 2.83642229704e-08, 1.55684034553e-07, 9.49622631197e-07, 2.29663370988e-07, 1.7784734041e-07, 9.6389115356e-08, 2.54629100027e-07, 2.42580739496e-07, 2.44798048499e-08, 2.80034075928e-08, 5.20407432703e-08, 1.59612998374e-08, 1.51153741967e-07, 8.48207193371e-08, 8.50636183714e-08, 1.94579257595e-07, 2.03125694043e-07, 7.31036493562e-08, 1.17907115182e-08, 4.17335899172e-09, 4.61059079804e-10, 3.45484231501e-11, 1.08232103835e-11, 1.87033480608e-14, 1.40578056025e-15]
        dvar2: [6.12389533614e-13, 2.96557156609e-09, 7.21744086718e-08, 3.93067523419e-07, 2.63284891844e-06, 5.79617449148e-07, 4.71403012625e-07, 2.62744720203e-07, 5.91926266225e-07, 5.07883555656e-07, 5.75861811569e-08, 4.98310726016e-08, 1.08205853167e-07, 3.75397419816e-08, 3.13810460284e-07, 1.81001595934e-07, 2.13071061239e-07, 4.49422344673e-07, 4.79793868635e-07, 1.68256150346e-07, 2.94089677055e-08, 7.50011874828e-09, 7.92754362156e-10, 6.24397339388e-11, 2.02640040164e-11, 4.00283681255e-14, 3.52493036286e-15]
        max: [4.97523296872e-06, 0.000357184268069, 0.00161436991766, 0.00401930650696, 0.00780846271664, 0.0046048280783, 0.00465495465323, 0.00249164458364, 0.00568332104012, 0.00668956246227, 0.001743819681, 0.00228145811707, 0.0022698501125, 0.00110267393757, 0.00540499854833, 0.00291064474732, 0.00325973005965, 0.00559992343187, 0.00419672532007, 0.00354465493001, 0.00116517441347, 0.00124520924874, 0.000310269271722, 5.9953519667e-05, 3.83147780667e-05, 1.58659508998e-06, 5.52388485175e-07]
        mean: [2.54838028013e-07, 2.298203799e-05, 0.000161639400176, 0.000197036322788, 0.000408136635087, 0.000376387906726, 0.000236440610024, 0.000108609128802, 0.000316468765959, 0.000484978605527, 0.000106291699922, 9.41996549955e-05, 0.000142131772009, 0.000100278295577, 0.000255417427979, 0.000272926903563, 0.00036857536179, 0.000421403557993, 0.000469613820314, 0.000352592353011, 9.54533970798e-05, 3.38754580298e-05, 1.05314202301e-05, 5.72363751417e-06, 3.00399665321e-06, 9.16143534369e-08, 1.5996980407e-09]
        min: [1.01000804942e-10, 8.95044482974e-09, 9.13474274e-09, 1.15675362622e-08, 3.12068522135e-08, 1.78821473185e-08, 3.19292237094e-09, 1.57750390528e-09, 5.4653246373e-09, 2.80747092241e-09, 2.21105156406e-09, 1.87727322576e-09, 7.85956633109e-10, 1.13618237041e-09, 1.36737454692e-09, 1.94519120811e-08, 1.79832770897e-08, 1.62422200134e-08, 1.65954574527e-08, 1.74217458238e-08, 2.75613025735e-08, 5.64637847589e-09, 1.87459647805e-09, 1.14952913854e-09, 8.47965420103e-10, 4.44236453179e-10, 3.89729481326e-13]
        var: [4.04941569642e-13, 1.15658405075e-09, 4.79216453186e-08, 1.41125582331e-07, 7.11467066594e-07, 4.28971333122e-07, 1.99021627623e-07, 7.6582175268e-08, 3.68677433471e-07, 8.5533059746e-07, 6.594819979e-08, 4.60285036752e-08, 9.38425870345e-08, 2.92205939445e-08, 2.54832940527e-07, 1.85123084862e-07, 2.28585605555e-07, 3.28100867364e-07, 3.27300426761e-07, 1.7585250589e-07, 1.65085705106e-08, 8.57053894521e-09, 7.53691997701e-10, 7.19332302057e-11, 1.92201480426e-11, 2.96960196776e-14, 7.0407268518e-16]
    mfcc:
        mean: [-705.313537598, 100.207672119, -51.7231864929, 44.8689193726, -6.05111265182, -18.2685012817, -1.28370332718, -4.08700466156, -5.11718082428, -1.3354023695, -10.5796260834, -9.09665679932, -7.24298191071]
        cov: [[1521.296875, -325.199920654, 51.0228424072, 11.147444725, -110.357933044, 37.9720230103, 40.195274353, -55.3728065491, 25.2480545044, 79.3080444336, 7.26898193359, -76.1530838013, -7.78327560425], [-325.199920654, 565.825683594, -199.204452515, -71.2621002197, 36.9915390015, -72.2424850464, 99.7800140381, 49.6847724915, -20.3412437439, 30.3651218414, -6.21485853195, 11.9090118408, 12.8543424606], [51.0228424072, -199.204452515, 527.405395508, 164.808151245, 19.6533279419, 100.728668213, -114.664451599, -93.0509567261, -33.0062713623, -56.4448814392, 24.7409610748, 33.986492157, -21.7135295868], [11.147444725, -71.2621002197, 164.808151245, 278.355438232, 65.8969573975, 4.60134220123, -76.4848480225, -31.3035144806, -9.79224777222, -33.0116996765, 5.61647987366, 23.4804096222, 23.7313213348], [-110.357933044, 36.9915390015, 19.6533279419, 65.8969573975, 192.575332642, -12.6519861221, -29.1388168335, -5.63450670242, 4.87229156494, 1.33342647552, 6.16497039795, 43.1720275879, 18.2659454346], [37.9720230103, -72.2424850464, 100.728668213, 4.60134220123, -12.6519861221, 219.56993103, 12.5511617661, -18.1337757111, 2.36462593079, -21.028087616, 25.3283977509, -23.2166023254, -14.0887117386], [40.195274353, 99.7800140381, -114.664451599, -76.4848480225, -29.1388168335, 12.5511617661, 208.873687744, 67.9792480469, 1.60534751415, 52.8266944885, -33.8074111938, -32.3010864258, 8.97558689117], [-55.3728065491, 49.6847724915, -93.0509567261, -31.3035144806, -5.63450670242, -18.1337757111, 67.9792480469, 126.905303955, 49.057723999, 10.5120286942, -20.7118453979, -17.4994277954, -2.2436208725], [25.2480545044, -20.3412437439, -33.0062713623, -9.79224777222, 4.87229156494, 2.36462593079, 1.60534751415, 49.057723999, 118.780906677, 27.6221618652, -8.18939208984, -38.3932762146, -18.7578353882], [79.3080444336, 30.3651218414, -56.4448814392, -33.0116996765, 1.33342647552, -21.028087616, 52.8266944885, 10.5120286942, 27.6221618652, 102.258338928, -2.44078660011, -25.5319442749, -2.83635354042], [7.26898193359, -6.21485853195, 24.7409610748, 5.61647987366, 6.16497039795, 25.3283977509, -33.8074111938, -20.7118453979, -8.18939208984, -2.44078660011, 88.7833328247, 27.1530799866, -2.0138657093], [-76.1530838013, 11.9090118408, 33.986492157, 23.4804096222, 43.1720275879, -23.2166023254, -32.3010864258, -17.4994277954, -38.3932762146, -25.5319442749, 27.1530799866, 110.676582336, 34.493637085], [-7.78327560425, 12.8543424606, -21.7135295868, 23.7313213348, 18.2659454346, -14.0887117386, 8.97558689117, -2.2436208725, -18.7578353882, -2.83635354042, -2.0138657093, 34.493637085, 73.5038070679]]
        icov: [[0.000874550838489, 0.000537904445082, 4.98544395668e-05, -0.000150541032781, 0.000356777396519, 9.44594721659e-05, -0.000410789885791, 0.000513334816787, -0.000113044239697, -0.000579026702326, -0.000262193905655, 0.000344764150213, -0.000163021788467], [0.000537904445082, 0.00262583117001, 0.000639562727883, 3.5415901948e-05, -0.000435957539594, 0.000574753794353, -0.00113774056081, 7.30791362002e-05, 0.000589752278756, -0.00028001589817, -0.000556315237191, 5.78884864808e-05, 0.000232201811741], [4.98544395668e-05, 0.000639562727883, 0.00335436197929, -0.00163726776373, 0.000236627194681, -0.00126596179325, 0.000362133898307, 0.00128682213835, 0.000221997965127, 0.000182539690286, 0.000463223375846, -0.00132256012876, 0.00180357939098], [-0.000150541032781, 3.5415901948e-05, -0.00163726776373, 0.00539549766108, -0.00163763551973, 0.000521093374118, 0.00109155348036, -0.000516870175488, 0.000115023467515, 0.000763563788496, 1.01349826309e-06, 0.00119726825505, -0.00239301030524], [0.000356777396519, -0.000435957539594, 0.000236627194681, -0.00163763551973, 0.00673995399848, -0.000390105618862, 0.000569852592889, 0.000320440885844, -0.00117560918443, -0.00140277761966, 0.000608424830716, -0.00276481104083, -0.000136841990752], [9.44594721659e-05, 0.000574753794353, -0.00126596179325, 0.000521093374118, -0.000390105618862, 0.0062444745563, -0.00220359046943, 0.00104638049379, -0.00076048070332, 0.00224600313231, -0.00270724110305, 0.00227349624038, -0.000286336813588], [-0.000410789885791, -0.00113774056081, 0.000362133898307, 0.00109155348036, 0.000569852592889, -0.00220359046943, 0.00953071471304, -0.00494924420491, 0.00320402765647, -0.00432460894808, 0.00276067457162, 0.000744023011066, -0.00159156031441], [0.000513334816787, 7.30791362002e-05, 0.00128682213835, -0.000516870175488, 0.000320440885844, 0.00104638049379, -0.00494924420491, 0.0138654764742, -0.00632813991979, 0.0029717895668, 0.00046652945457, -0.000936682976317, 0.000689212116413], [-0.000113044239697, 0.000589752278756, 0.000221997965127, 0.000115023467515, -0.00117560918443, -0.00076048070332, 0.00320402765647, -0.00632813991979, 0.0134230898693, -0.0038215124514, 0.000152640495799, 0.00337072415277, 0.00117573793977], [-0.000579026702326, -0.00028001589817, 0.000182539690286, 0.000763563788496, -0.00140277761966, 0.00224600313231, -0.00432460894808, 0.0029717895668, -0.0038215124514, 0.0146245565265, -0.00224928022362, 0.00236032460816, -0.000387233012589], [-0.000262193905655, -0.000556315237191, 0.000463223375846, 1.01349826309e-06, 0.000608424830716, -0.00270724110305, 0.00276067457162, 0.00046652945457, 0.000152640495799, -0.00224928022362, 0.0144558949396, -0.00476083997637, 0.00179544335697], [0.000344764150213, 5.78884864808e-05, -0.00132256012876, 0.00119726825505, -0.00276481104083, 0.00227349624038, 0.000744023011066, -0.000936682976317, 0.00337072415277, 0.00236032460816, -0.00476083997637, 0.0159183051437, -0.00639672670513], [-0.000163021788467, 0.000232201811741, 0.00180357939098, -0.00239301030524, -0.000136841990752, -0.000286336813588, -0.00159156031441, 0.000689212116413, 0.00117573793977, -0.000387233012589, 0.00179544335697, -0.00639672670513, 0.0183828957379]]
    spectral_contrast:
        mean: [1.33920735834e-07, -2.76482069239e-07, -5.20505842871e-08, 7.15048784627e-08, 2.5283682703e-07, 2.40902096493e-07, -1.8743729413e-07, -2.04766797651e-06, -1.69693873886e-06, -2.43827139457e-06, 2.44358352575e-06, 5.58517569971e-07]
        var: [0.000761414354201, 0.00116596359294, 0.00206182734109, 0.00365317706019, 0.00568168144673, 0.00850053317845, 0.0573078207672, 0.0876420885324, 0.152332529426, 0.247314348817, 0.383476644754, 0.944191634655]

rhythm:
    beats_loudness:
        dmean: 0.0035097124055
        dmean2: 0.00620178133249
        dvar: 7.92273476691e-06
        dvar2: 2.05648775591e-05
        max: 0.0143816573545
        mean: 0.00614234944806
        min: 0.0022846206557
        var: 9.16010594665e-06
    beats_loudness_bass:
        dmean: 0.0379013121128
        dmean2: 0.0497153438628
        dvar: 0.00104318652302
        dvar2: 0.00233019888401
        max: 0.186305165291
        mean: 0.0621665902436
        min: 0.00111298286356
        var: 0.00165124237537
    bpm: 122.043754578
    bpm_confidence: 0
    first_peak_bpm: 122
    first_peak_spread: 0
    first_peak_weight: 0.947368443012
    onset_rate: 3.97727274895
    second_peak_bpm: 103
    second_peak_spread: 0
    second_peak_weight: 0.0526315793395
    beats_position: [0.105472266674, 0.59727782011, 1.08908343315, 1.58088898659, 2.07269454002, 2.56450009346, 3.0563056469, 3.54811120033, 4.03991651535, 4.53172206879, 5.02352762222, 5.51533317566, 6.09703922272, 6.58853816986, 7.08003664017, 7.57153606415, 8.06303596497, 8.55453395844, 9.04603290558, 9.5375328064]
    bpm_estimates: [121.023582458, 122.016235352, 121.58744812, 123.451034546, 121.945228577, 122.592124939, 122.151695251, 122.025260925, 122.197105408, 121.593444824, 121.898025513]
    bpm_intervals: [0.491805553436, 0.491805613041, 0.491805553436, 0.491805553436, 0.491805553436, 0.491805553436, 0.491805553436, 0.491805315018, 0.491805553436, 0.491805553436, 0.491805553436, 0.581706047058, 0.491498947144, 0.491498470306, 0.491499423981, 0.491499900818, 0.491497993469, 0.491498947144, 0.491499900818]
    onset_times: [0.0580498874187, 0.208979591727, 0.336689352989, 0.603718817234, 0.835918366909, 1.62539684772, 1.82276642323, 1.86920630932, 2.12462592125, 2.40326523781, 2.60063481331, 3.08825397491, 3.59909296036, 3.83129262924, 4.04027223587, 4.29569149017, 4.56272125244, 4.80653047562, 4.9806804657, 5.23609972, 5.5727891922, 5.72371864319, 6.08362817764, 6.31582784653, 6.57124710083, 6.78022670746, 6.91954660416, 7.08208608627, 7.4884352684, 7.8251247406, 7.9644446373, 8.17342376709, 8.54494285583, 8.78875255585, 8.98612213135, 9.287981987, 9.42730140686, 9.54340171814, 9.78721046448, 10.0426301956]
    rubato_start: []
    rubato_stop: []
    perceptual_tempo: "unknown"

sfx:
    inharmonicity:
        dmean: 0.0530230030417
        dmean2: 0.0913018211722
        dvar: 0.00338100478984
        dvar2: 0.0094705671072
        max: 0.387143909931
        mean: 0.0557342804968
        min: 0.000406692619435
        var: 0.0038553730119
    oddtoevenharmonicenergyratio:
        dmean: 4.79961872101
        dmean2: 9.1863451004
        dvar: 632.531555176
        dvar2: 1874.44311523
        max: 334.305511475
        mean: 3.01340794563
        min: 0.000389202876249
        var: 328.753723145
    pitch_after_max_to_before_max_energy_ratio: 1.47892963886
    pitch_centroid: 264.600280762
    pitch_max_to_total: 0.782407402992
    pitch_min_to_total: 0.416666656733
    tristimulus:
        dmean: [0.192740246654, 0.239945992827, 0.134673118591]
        dmean2: [0.336727380753, 0.422145992517, 0.241753444076]
        dvar: [0.0319106318057, 0.0485005602241, 0.0154615519568]
        dvar2: [0.0848179385066, 0.133850187063, 0.0439678318799]
        max: [0.910607457161, 0.957028865814, 0.634215712547]
        mean: [0.311930477619, 0.496118366718, 0.140539571643]
        min: [0.0160385333002, 0, 0]
        var: [0.0491794683039, 0.0645456984639, 0.0200722962618]

tonal:
    chords_changes_rate: 0.0506912432611
    chords_number_rate: 0.0184331797063
    chords_strength:
        dmean: 0.0126343620941
        dmean2: 0.0117397550493
        dvar: 8.85619447217e-05
        dvar2: 0.000112271038233
        max: 0.746111392975
        mean: 0.522667646408
        min: 0.30491310358
        var: 0.0109851220623
    key_strength: 0.834422409534
    tuning_diatonic_strength: 0.709059357643
    tuning_equal_tempered_deviation: 0.0569942705333
    tuning_frequency: 442.293365479
    tuning_nontempered_energy_ratio: 0.712796568871
    hpcp:
        dmean: [0.216106697917, 0.160929977894, 0.105818331242, 0.105737641454, 0.116973146796, 0.116870447993, 0.151551455259, 0.150067687035, 0.146144226193, 0.142725765705, 0.121644593775, 0.184648573399, 0.186568140984, 0.149455621839, 0.142963841558, 0.13076210022, 0.101926669478, 0.0823636129498, 0.0913106948137, 0.116292335093, 0.194670811296, 0.22728125751, 0.177927836776, 0.125841677189, 0.111495353281, 0.138278529048, 0.177035927773, 0.189636826515, 0.19177672267, 0.15331582725, 0.110289014876, 0.114879377186, 0.154979422688, 0.191181823611, 0.178950309753, 0.227049514651]
        dmean2: [0.370706766844, 0.279895752668, 0.182834893465, 0.182954311371, 0.197141304612, 0.192831650376, 0.252157002687, 0.257596135139, 0.260986059904, 0.257632046938, 0.213214725256, 0.320383220911, 0.309055268764, 0.262989610434, 0.253624677658, 0.226980566978, 0.179503470659, 0.145981311798, 0.1574139148, 0.211863800883, 0.317946791649, 0.392022043467, 0.308377534151, 0.225725695491, 0.203937962651, 0.254973739386, 0.315061628819, 0.329974621534, 0.342947274446, 0.2741779387, 0.197678953409, 0.199323534966, 0.270804017782, 0.331411391497, 0.300877034664, 0.400404363871]
        dvar: [0.0605329684913, 0.0477327741683, 0.0256221797317, 0.029383007437, 0.0329821147025, 0.0236628558487, 0.0318060182035, 0.0377940610051, 0.046769618988, 0.050019364804, 0.0255378652364, 0.0475099086761, 0.0479378215969, 0.039948772639, 0.041240055114, 0.0348535478115, 0.0265062730759, 0.0154659021646, 0.023504415527, 0.0297802165151, 0.0406820848584, 0.0586293153465, 0.0388754941523, 0.045254804194, 0.0391361191869, 0.0439839884639, 0.0532082393765, 0.0531443692744, 0.0600424557924, 0.0477210953832, 0.0263542626053, 0.0239951685071, 0.0414153188467, 0.0512338615954, 0.0424692332745, 0.0636717379093]
        dvar2: [0.149080693722, 0.117237448692, 0.0684567987919, 0.078680999577, 0.0879543572664, 0.0475112907588, 0.0752455666661, 0.0931103974581, 0.128779828548, 0.148993164301, 0.0701894238591, 0.126508563757, 0.111890658736, 0.113977998495, 0.114180468023, 0.0809702798724, 0.07028786093, 0.0376341454685, 0.0605420768261, 0.0724251270294, 0.107382386923, 0.15174536407, 0.094324208796, 0.116633981466, 0.109544619918, 0.125076934695, 0.15060301125, 0.123929105699, 0.152663275599, 0.130620360374, 0.0729822963476, 0.0548171252012, 0.093527443707, 0.134166315198, 0.115699879825, 0.187148928642]
        max: [1, 1, 1, 1, 1, 1, 1, 1, 1, 1, 1, 1, 1, 1, 1, 1, 1, 0.775329649448, 1, 1, 1, 1, 1, 1, 1, 1, 1, 1, 1, 1, 1, 1, 1, 1, 1, 1]
        mean: [0.302266687155, 0.199435293674, 0.113841079175, 0.107866697013, 0.121142163873, 0.170452326536, 0.224455684423, 0.19621181488, 0.148615896702, 0.128291383386, 0.127909332514, 0.25020185113, 0.310638695955, 0.196652933955, 0.150169149041, 0.154156252742, 0.110932052135, 0.0974199473858, 0.115780234337, 0.132308810949, 0.257104814053, 0.360633403063, 0.240435406566, 0.11208628118, 0.0981874167919, 0.126502886415, 0.232387259603, 0.297777086496, 0.227708160877, 0.14318805933, 0.10788307339, 0.126119241118, 0.194586962461, 0.239362165332, 0.227069303393, 0.272447139025]
        min: [0.00120512663852, 0.00145530852024, 0.00110340991523, 0.00124901020899, 0.000840552034788, 0.00150724058039, 0.00476702814922, 0.00451715756208, 0.00285180378705, 0.00247575901449, 0.00224965205416, 0.00485027581453, 0.00421262811869, 0.00263471202925, 0.00313456379808, 0.00248872418888, 0.00240696268156, 0.00465201865882, 0.00372450123541, 0.00162068684585, 0.00962987635285, 0.015065619722, 0.0078551992774, 0.000609730253927, 0.00185973476619, 0.00154560641386, 0.00532955629751, 0.00273739732802, 0.00261157751083, 0.00105219392572, 0.00220947014168, 0.00338400364853, 0.00854162406176, 0.00870396010578, 0.00211845245212, 0.00156724674162]
        var: [0.0941203162074, 0.0508950948715, 0.0230490937829, 0.0249186772853, 0.0309967529029, 0.037449400872, 0.0515257008374, 0.0475013442338, 0.0423027984798, 0.0389477089047, 0.0255967993289, 0.0616395249963, 0.0997254624963, 0.0437342375517, 0.0408592708409, 0.0514498762786, 0.0266653280705, 0.020503597334, 0.036858163774, 0.0339591838419, 0.0653123557568, 0.105396404862, 0.0525116100907, 0.0371952094138, 0.0276429541409, 0.0351721048355, 0.0772639885545, 0.104739539325, 0.0682635903358, 0.0384526923299, 0.0224898830056, 0.0282001215965, 0.0533902421594, 0.0643612667918, 0.0582559555769, 0.0777946487069]
    chords_histogram: [45.6221199036, 0, 12.4423961639, 0, 0, 0, 0, 0, 0, 0, 0, 0, 0, 0, 0, 0, 0, 0, 0, 0, 0, 0.460829496384, 20.2764968872, 21.1981563568]
    thpcp: [1, 0.666703104973, 0.310803949833, 0.272263795137, 0.3507797122, 0.644386410713, 0.825705766678, 0.631411731243, 0.397046029568, 0.299148857594, 0.349715918303, 0.539569973946, 0.663727104664, 0.629640221596, 0.75546836853, 0.8381549716, 0.553013920784, 0.315669804811, 0.299103468657, 0.335914969444, 0.472647070885, 0.622392952442, 0.544075548649, 0.412096858025, 0.355739057064, 0.35467967391, 0.693784475327, 0.861369729042, 0.545298695564, 0.416403889656, 0.427459716797, 0.307603389025, 0.2701356709, 0.321046888828, 0.366878956556, 0.712925672531]
    chords_key: "A"
    chords_scale: "major"
    key_key: "A"
    key_scale: "major"
    chords_progression: ["E", "E", "E", "E", "E", "E", "E", "E", "E", "E", "E", "E", "E", "E", "E", "E", "E", "A", "A", "A", "A", "A", "A", "A", "A", "A", "A", "A", "A", "A", "A", "A", "A", "A", "A", "A", "A", "A", "A", "A", "A", "A", "A", "A", "A", "A", "A", "A", "A", "A", "A", "A", "A", "A", "A", "A", "A", "A", "A", "A", "D", "D", "D", "D", "D", "D", "D", "D", "D", "D", "D", "D", "D", "D", "D", "D", "D", "D", "D", "D", "D", "D", "D", "D", "D", "D", "D", "D", "D", "D", "D", "D", "D", "D", "D", "D", "D", "D", "D", "D", "D", "A", "A", "A", "A", "A", "A", "A", "A", "A", "A", "A", "A", "A", "A", "A", "A", "A", "A", "A", "A", "A", "A", "A", "A", "A", "A", "A", "A", "A", "A", "A", "A", "A", "A", "A", "A", "A", "A", "A", "A", "A", "A", "A", "A", "A", "F#m", "F#m", "F#m", "F#m", "F#m", "F#m", "F#m", "F#m", "F#m", "F#m", "F#m", "F#m", "F#m", "F#m", "F#m", "F#m", "A", "A", "A", "A", "E", "E", "E", "E", "E", "E", "E", "E", "E", "E", "F#m", "F#m", "A", "A", "A", "A", "A", "A", "A", "F#m", "F#m", "F#m", "F#m", "F#m", "F#m", "F#m", "F#m", "F#m", "F#m", "F#m", "F#m", "F#m", "F#m", "F#m", "F#m", "F#m", "F#m", "F#m", "F#m", "F#m", "F#m", "F#m", "F#m", "F#m", "F#m", "F#m", "F#m", "Bm", "D", "D", "D"]
