
metadata:
    version:
        essentia: "1.2.2"
    audio_properties:
        analysis_sample_rate: 44100
        bitrate: 128
        channels: 2
        equal_loudness: 1
        length: 10.0571432114
        replay_gain: -7.65886306763
        downmix: "mix"
    tags:
        track: 8
        year: 0
        album: "Splitted by Mp3Splt v. 2.1"
        artist: "From 001.10 To 001.20"
        comment: "http://mp3splt.sf.net"
        genre: ""
        title: "09 Chapter 24.mp3"

highlevel:
    ballroom:
        all:
            ChaChaCha: 0.00662144878879
            Jive: 0.0188966095448
            Quickstep: 0.0942443311214
            Rumba-American: 0.00949600432068
            Rumba-International: 0.027187526226
            Rumba-Misc: 0.0567961297929
            Samba: 0.00954664684832
            Tango: 0.0830777660012
            VienneseWaltz: 0.515140533447
            Waltz: 0.17899300158
        probability: 0.515140533447
        value: "VienneseWaltz"
    culture:
        all:
            non_western: 0.00602606870234
            western: 0.993973910809
        probability: 0.993973910809
        value: "western"
    gender:
        all:
            female: 0.27673470974
            male: 0.72326529026
        probability: 0.72326529026
        value: "male"
    genre_dortmund:
        all:
            alternative: 0.209742084146
            blues: 0.0530425384641
            electronic: 0.0613991059363
            folkcountry: 0.16689491272
            funksoulrnb: 0.0365137197077
            jazz: 0.0769872367382
            pop: 0.0873868316412
            raphiphop: 0.00763876643032
            rock: 0.300394803286
        probability: 0.300394803286
        value: "rock"
    genre_electronica:
        all:
            ambient: 0.601884365082
            dnb: 0.0496638081968
            house: 0.0349795036018
            techno: 0.00678948778659
            trance: 0.306682854891
        probability: 0.601884365082
        value: "ambient"
    genre_rosamerica:
        all:
            cla: 0.326748758554
            dan: 0.0107878437266
            hip: 0.00806309469044
            jaz: 0.0236495882273
            pop: 0.108378492296
            rhy: 0.0536488480866
            roc: 0.46262216568
            spe: 0.00610119337216
        probability: 0.46262216568
        value: "roc"
    genre_tzanetakis:
        all:
            blu: 0.0205197036266
            cla: 0.400366157293
            cou: 0.309744685888
            dis: 0.0298657976091
            hip: 0.0047233835794
            jaz: 0.0261313673109
            met: 0.0114391315728
            pop: 0.0141173265874
            reg: 0.0149096520618
            roc: 0.168182820082
        probability: 0.400366157293
        value: "cla"
    live_studio:
        all:
            live: 0.494679957628
            studio: 0.505320012569
        probability: 0.505320012569
        value: "studio"
    mood:
        all:
            Cluster1: 0.118321843445
            Cluster2: 0.341773062944
            Cluster3: 0.373551189899
            Cluster4: 0.0960512831807
            Cluster5: 0.0703026205301
        probability: 0.373551189899
        value: "Cluster3"
    mood_acoustic:
        all:
            acoustic: 0.152684882283
            not_acoustic: 0.847315132618
        probability: 0.847315132618
        value: "not_acoustic"
    mood_aggressive:
        all:
            aggressive: 0.127680718899
            not_aggressive: 0.872319281101
        probability: 0.872319281101
        value: "not_aggressive"
    mood_electronic:
        all:
            electronic: 0.183847948909
            not_electronic: 0.81615203619
        probability: 0.81615203619
        value: "not_electronic"
    mood_happy:
        all:
            happy: 0.861407339573
            not_happy: 0.138592630625
        probability: 0.861407339573
        value: "happy"
    mood_party:
        all:
            not_party: 0.932335674763
            party: 0.0676643326879
        probability: 0.932335674763
        value: "not_party"
    mood_relaxed:
        all:
            not_relaxed: 0.439022183418
            relaxed: 0.560977816582
        probability: 0.560977816582
        value: "relaxed"
    mood_sad:
        all:
            not_sad: 0.257465332747
            sad: 0.742534697056
        probability: 0.742534697056
        value: "sad"
    rhythm:
        all:
            fast: 0.373145461082
            medium: 0.0797410234809
            slow: 0.547113537788
        probability: 0.547113537788
        value: "slow"
    speech_music:
        all:
            music: 0.956118345261
            speech: 0.0438816696405
        probability: 0.956118345261
        value: "music"
    timbre:
        all:
            bright: 0.978216648102
            dark: 0.0217833463103
        probability: 0.978216648102
        value: "bright"
    voice_instrumental:
        all:
            instrumental: 0.111385628581
            voice: 0.888614356518
        probability: 0.888614356518
        value: "voice"

lowlevel:
    average_loudness: 0.981386065483
    barkbands_kurtosis:
        dmean: 0.823591768742
        dmean2: 1.21751713753
        dvar: 1.19388926029
        dvar2: 2.43844008446
        max: 11.2866954803
        mean: 0.0469099283218
        min: -1.75719499588
        var: 3.50572419167
    barkbands_skewness:
        dmean: 0.323125660419
        dmean2: 0.463858962059
        dvar: 0.0758069977164
        dvar2: 0.152474015951
        max: 3.20871090889
        mean: 0.76822578907
        min: -0.880916833878
        var: 0.386793255806
    barkbands_spread:
        dmean: 3.11303496361
        dmean2: 4.77672195435
        dvar: 7.81605768204
        dvar2: 16.2793045044
        max: 39.6674232483
        mean: 19.8572425842
        min: 4.85518932343
        var: 46.4195709229
    dissonance:
        dmean: 0.0230908524245
        dmean2: 0.0368097759783
        dvar: 0.000554380821995
        dvar2: 0.00102100940421
        max: 0.497904628515
        mean: 0.444746285677
        min: 0.0480466559529
        var: 0.00134044780862
    hfc:
        dmean: 1.3673017025
        dmean2: 2.05676460266
        dvar: 2.54444932938
        dvar2: 6.07100915909
        max: 21.9737892151
        mean: 6.21303272247
        min: 0.000175095527084
        var: 10.6935529709
    pitch:
        dmean: 153.094314575
        dmean2: 296.123535156
        dvar: 289114.375
        dvar2: 746873.875
        max: 4410
        mean: 330.391998291
        min: 100
        var: 256175.90625
    pitch_instantaneous_confidence:
        dmean: 0.0744886770844
        dmean2: 0.112740941346
        dvar: 0.00382028659806
        dvar2: 0.00824168976396
        max: 0.843345284462
        mean: 0.496177852154
        min: 0.223539710045
        var: 0.0194227229804
    pitch_salience:
        dmean: 0.0553396046162
        dmean2: 0.0853179320693
        dvar: 0.002409680048
        dvar2: 0.00496126385406
        max: 0.920464992523
        mean: 0.588403820992
        min: 0.308992236853
        var: 0.00797966495156
    silence_rate_20dB:
        dmean: 0
        dmean2: 0
        dvar: 0
        dvar2: 0
        max: 1
        mean: 1
        min: 1
        var: 0
    silence_rate_30dB:
        dmean: 0
        dmean2: 0
        dvar: 0
        dvar2: 0
        max: 1
        mean: 1
        min: 1
        var: 0
    silence_rate_60dB:
        dmean: 0.0737327188253
        dmean2: 0.14780600369
        dvar: 0.0682960823178
        dvar2: 0.149054139853
        max: 1
        mean: 0.14022988081
        min: 0
        var: 0.120565675199
    spectral_centroid:
        dmean: 144.896133423
        dmean2: 210.376190186
        dvar: 18862.2988281
        dvar2: 36215.71875
        max: 2780.86425781
        mean: 1199.54418945
        min: 500.361480713
        var: 145162.734375
    spectral_complexity:
        dmean: 2.28175520897
        dmean2: 3.58796286583
        dvar: 3.52800536156
        dvar2: 8.75615310669
        max: 32
        mean: 14.8594474792
        min: 0
        var: 20.9364681244
    spectral_crest:
        dmean: 2.42550587654
        dmean2: 3.66329813004
        dvar: 5.0545668602
        dvar2: 10.1080646515
        max: 22.6376876831
        mean: 9.00692272186
        min: 2.98272275925
        var: 17.4844799042
    spectral_decrease:
        dmean: 2.81327072749e-10
        dmean2: 4.06715744417e-10
        dvar: 8.91026483509e-20
        dvar2: 1.79191554486e-19
        max: -3.81536436559e-14
        mean: -1.24698362747e-09
        min: -3.65116603618e-09
        var: 3.1110779826e-19
    spectral_energy:
        dmean: 0.00116908957716
        dmean2: 0.00169652339537
        dvar: 1.49297068219e-06
        dvar2: 3.05913818011e-06
        max: 0.0149217722937
        mean: 0.00526994420215
        min: 1.59882617368e-07
        var: 5.34584796696e-06
    spectral_energyband_high:
        dmean: 4.34810026491e-05
        dmean2: 6.10624047113e-05
        dvar: 1.08334825555e-08
        dvar2: 2.1278967921e-08
        max: 0.00182291551027
        mean: 0.000112919275125
        min: 4.60970905891e-09
        var: 4.05807050186e-08
    spectral_energyband_low:
        dmean: 2.8001042665e-05
        dmean2: 4.18902563979e-05
        dvar: 7.56863549611e-09
        dvar2: 1.51154875283e-08
        max: 0.00190124101937
        mean: 7.80455084168e-05
        min: 4.15915213381e-09
        var: 4.49435155758e-08
    spectral_energyband_middle_high:
        dmean: 0.000479342066683
        dmean2: 0.000762491079513
        dvar: 2.97500776014e-07
        dvar2: 7.08634900093e-07
        max: 0.00743143353611
        mean: 0.00197507999837
        min: 4.24602255578e-08
        var: 1.2028723404e-06
    spectral_energyband_middle_low:
        dmean: 0.000969003944192
        dmean2: 0.0013478146866
        dvar: 1.24046209748e-06
        dvar2: 2.41174143412e-06
        max: 0.0124863917008
        mean: 0.00310387974605
        min: 1.08532383081e-07
        var: 3.71782880393e-06
    spectral_flatness_db:
        dmean: 0.0158699378371
        dmean2: 0.0235158000141
        dvar: 0.000183285024832
        dvar2: 0.000364509760402
        max: 0.293730735779
        mean: 0.212823837996
        min: 0.0728489533067
        var: 0.000890336115845
    spectral_flux:
        dmean: 0.0073800496757
        dmean2: 0.0119375670329
        dvar: 4.77141293231e-05
        dvar2: 0.000120689299365
        max: 0.0664523169398
        mean: 0.0320714972913
        min: 0.00368146970868
        var: 0.00012573521235
    spectral_kurtosis:
        dmean: 3.43660998344
        dmean2: 5.88739395142
        dvar: 9.67295265198
        dvar2: 28.7182350159
        max: 22.4714374542
        mean: 6.21446561813
        min: -0.375423192978
        var: 17.313659668
    spectral_rms:
        dmean: 0.000246455980232
        dmean2: 0.000351048045559
        dvar: 5.73793599301e-08
        dvar2: 9.95405144977e-08
        max: 0.00381547212601
        mean: 0.00221451348625
        min: 1.2489317669e-05
        var: 2.37340515241e-07
    spectral_rolloff:
        dmean: 365.318481445
        dmean2: 573.520935059
        dvar: 144931.671875
        dvar2: 303297.96875
        max: 5060.30273438
        mean: 2261.48217773
        min: 602.9296875
        var: 782490.5625
    spectral_skewness:
        dmean: 0.318272024393
        dmean2: 0.529056191444
        dvar: 0.0748878270388
        dvar2: 0.215471923351
        max: 3.8908867836
        mean: 1.49922060966
        min: 0.356156200171
        var: 0.212009161711
    spectral_spread:
        dmean: 244702.015625
        dmean2: 321035.375
        dvar: 867272359936
        dvar2: 600478842880
        max: 25002374
        mean: 2681373
        min: 1577124.5
        var: 1.82205664461e+12
    spectral_strongpeak:
        dmean: 0.411440938711
        dmean2: 0.687287867069
        dvar: 0.321404546499
        dvar2: 0.763163745403
        max: 5.79393100739
        mean: 0.880464076996
        min: 0.00030654980219
        var: 0.449652910233
    zerocrossingrate:
        dmean: 0.00633299676701
        dmean2: 0.006631356664
        dvar: 3.03879605781e-05
        dvar2: 3.29653230438e-05
        max: 0.150390625
        mean: 0.0679599717259
        min: 0.00439453125
        var: 0.000458977010567
    barkbands:
        dmean: [1.13012724512e-07, 1.4905430362e-05, 1.6636455257e-05, 1.76951798494e-05, 0.000179170063348, 0.000109591914224, 0.000199254049221, 0.000399384909542, 0.000528919044882, 9.50722533162e-05, 5.1399012591e-05, 0.000134572735988, 0.000102456797322, 5.33775782969e-05, 9.36703800107e-05, 4.84793272335e-05, 0.000144180361531, 0.000119737771456, 6.10991992289e-05, 8.35428800201e-05, 1.75414807018e-05, 6.31939019513e-06, 1.39705855418e-06, 7.27249528154e-07, 6.42252402372e-08, 6.09115424766e-10, 3.70154046303e-10]
        dmean2: [1.71802483351e-07, 2.02254050237e-05, 2.58677009697e-05, 2.87810453301e-05, 0.000267102237558, 0.000156816648087, 0.000293364515528, 0.000587356684264, 0.000697133422364, 0.000147755083162, 7.95606101747e-05, 0.000214403975406, 0.000170265571796, 8.51308868732e-05, 0.000156693713507, 7.42574338801e-05, 0.000244587165071, 0.000204625248443, 0.000101505924249, 0.000127199033159, 2.65100388788e-05, 8.96740039025e-06, 2.04101115742e-06, 9.89334012047e-07, 9.66528475033e-08, 1.02106822997e-09, 6.11733885769e-10]
        dvar: [2.35693214078e-12, 2.31018715269e-09, 2.67003485988e-09, 1.17093656993e-09, 8.85148807583e-08, 3.93391843545e-08, 7.00026845379e-08, 5.85172642786e-07, 9.06424020286e-07, 1.60416071537e-08, 8.30701107901e-09, 5.69438967091e-08, 3.00752454052e-08, 3.73098218986e-09, 2.11380655202e-08, 1.18030643037e-08, 4.56964350803e-08, 6.28146921144e-08, 6.50310516548e-09, 1.85906472439e-08, 2.64220600954e-09, 3.14452047734e-10, 3.48878044509e-11, 1.49929495902e-11, 1.10504196126e-13, 8.05428740293e-18, 7.37818057591e-18]
        dvar2: [5.91441305653e-12, 3.86924092766e-09, 5.57680168711e-09, 3.30861138487e-09, 1.56365445036e-07, 6.72898607945e-08, 1.5059413272e-07, 1.25372412185e-06, 1.74464082647e-06, 3.98603070551e-08, 2.10263166878e-08, 1.65057699064e-07, 6.87341383809e-08, 9.9425951916e-09, 5.34811590569e-08, 1.72487677474e-08, 1.30845648982e-07, 1.73051631691e-07, 1.76869452417e-08, 4.27245794299e-08, 6.44986597464e-09, 5.96213856063e-10, 6.29947968789e-11, 2.97938340665e-11, 2.45284451387e-13, 2.03081012926e-17, 1.84197372897e-17]
        max: [2.26556712732e-05, 0.00113324890845, 0.000963255413808, 0.000377285003196, 0.00537018990144, 0.00354993389919, 0.00292772660032, 0.0109071331099, 0.0116365002468, 0.00148685486056, 0.00117490603589, 0.00281567079946, 0.00193783501163, 0.000541698304005, 0.00214587547816, 0.00225322972983, 0.00278039183468, 0.00298340991139, 0.00120051263366, 0.00207878276706, 0.000819361186586, 0.000246506766416, 9.40100944717e-05, 6.7528548243e-05, 6.13545626038e-06, 3.96720061246e-08, 4.05126669989e-08]
        mean: [6.95520157024e-08, 3.8733061956e-05, 3.9265894884e-05, 3.15737270284e-05, 0.000433013949078, 0.000270332326181, 0.000590539129917, 0.00083507434465, 0.000908724614419, 0.000214249099372, 9.02737228898e-05, 0.000254097190918, 0.000202524432098, 0.0001182416745, 0.00016716690152, 9.23886618693e-05, 0.000317215104587, 0.000245518138399, 0.000163346514455, 0.000198461289983, 3.88347507396e-05, 1.59156115842e-05, 2.96882512885e-06, 1.31316653551e-06, 1.06155276569e-07, 7.58246743171e-10, 2.33894126289e-10]
        min: [7.12749026466e-11, 1.4981547114e-09, 2.59714383333e-09, 3.71532538068e-09, 9.70990843285e-09, 6.12716366533e-09, 1.35218902741e-08, 3.09833581014e-08, 4.15741929771e-08, 7.54183115959e-09, 5.35238386945e-09, 7.55275220143e-09, 4.13660483645e-09, 4.26270529985e-09, 1.34128064211e-09, 8.2844864302e-10, 6.3166522013e-10, 6.26764062872e-09, 4.51304682514e-09, 4.13983425318e-09, 1.23626497928e-09, 5.93496141121e-10, 3.98267335777e-10, 1.28596494564e-10, 2.96394936372e-10, 4.971511397e-11, 2.14339654424e-13]
        var: [1.17824294158e-12, 1.40657165915e-08, 1.30782762398e-08, 3.05566572045e-09, 2.95869568845e-07, 1.38445997777e-07, 3.04603986478e-07, 1.62197466125e-06, 2.3146624244e-06, 4.19518642047e-08, 2.36374528839e-08, 1.12167562349e-07, 6.46775788482e-08, 9.4298870934e-09, 4.72691290554e-08, 3.3349756734e-08, 9.26233951759e-08, 9.68919593447e-08, 2.23987477455e-08, 5.93983813246e-08, 7.43103445444e-09, 1.40436684504e-09, 1.28612898109e-10, 4.34641003744e-11, 2.47259054594e-13, 5.51777569125e-18, 3.78766167924e-18]
    mfcc:
        mean: [-739.516479492, 165.40322876, -97.2887039185, 47.2979202271, -44.1253013611, -15.8642244339, -17.1586418152, -8.30494785309, -12.3856544495, -6.07723903656, 0.698443353176, -2.28102993965, -5.00570249557]
        cov: [[1682.30786133, -741.299926758, 210.460479736, -130.398849487, -54.9903488159, -3.5378882885, -117.898147583, -13.9532957077, -35.5413894653, -37.5587005615, -123.149978638, 4.50452136993, -81.0643386841], [-741.299926758, 1192.2668457, -370.874603271, 303.099853516, 87.0407867432, 9.85646629333, 95.8559188843, 44.7298316956, 68.8777236938, 4.03049087524, 133.566452026, -23.8948612213, 106.417999268], [210.460479736, -370.874603271, 455.026275635, -44.3286018372, 55.8174209595, 76.3138198853, 20.0902061462, 65.1944198608, 26.6434211731, 40.5617103577, -0.186995089054, 45.9510879517, 13.033662796], [-130.398849487, 303.099853516, -44.3286018372, 223.807373047, 78.841293335, 32.2390060425, 30.9433670044, 14.8871717453, 31.7650108337, 2.07718038559, 27.8206062317, -7.6722817421, 42.1714401245], [-54.9903488159, 87.0407867432, 55.8174209595, 78.841293335, 225.081359863, -22.2801380157, 21.0480728149, -16.087688446, 8.27594470978, -13.4705572128, 9.71801376343, 14.0754060745, 43.383026123], [-3.5378882885, 9.85646629333, 76.3138198853, 32.2390060425, -22.2801380157, 115.317497253, 26.7211265564, 42.9568595886, 7.21896266937, 10.605843544, 14.2640781403, 8.2026386261, 0.733716607094], [-117.898147583, 95.8559188843, 20.0902061462, 30.9433670044, 21.0480728149, 26.7211265564, 83.2307128906, 23.3189487457, 24.6096515656, 20.5268249512, 16.0672397614, 10.3318510056, 20.8754196167], [-13.9532957077, 44.7298316956, 65.1944198608, 14.8871717453, -16.087688446, 42.9568595886, 23.3189487457, 85.6010360718, 25.8580379486, 24.8647975922, 18.2178955078, 21.9819927216, 29.4239406586], [-35.5413894653, 68.8777236938, 26.6434211731, 31.7650108337, 8.27594470978, 7.21896266937, 24.6096515656, 25.8580379486, 91.7803115845, 48.81224823, 27.7571125031, -0.871093511581, 17.3707351685], [-37.5587005615, 4.03049087524, 40.5617103577, 2.07718038559, -13.4705572128, 10.605843544, 20.5268249512, 24.8647975922, 48.81224823, 79.0264587402, 29.2362289429, -0.653930783272, 5.16480112076], [-123.149978638, 133.566452026, -0.186995089054, 27.8206062317, 9.71801376343, 14.2640781403, 16.0672397614, 18.2178955078, 27.7571125031, 29.2362289429, 79.8114700317, 8.08748722076, 11.6429195404], [4.50452136993, -23.8948612213, 45.9510879517, -7.6722817421, 14.0754060745, 8.2026386261, 10.3318510056, 21.9819927216, -0.871093511581, -0.653930783272, 8.08748722076, 70.0050735474, 32.5283126831], [-81.0643386841, 106.417999268, 13.033662796, 42.1714401245, 43.383026123, 0.733716607094, 20.8754196167, 29.4239406586, 17.3707351685, 5.16480112076, 11.6429195404, 32.5283126831, 91.5316467285]]
        icov: [[0.000915057840757, 0.000561088498216, 3.35601216648e-05, -0.000355585914804, -2.95329100481e-05, -1.02346293716e-05, 0.000784998410381, -0.000509402656462, -0.00046780728735, 0.000420797034167, 0.000528520671651, -0.000102832644188, 0.000350275251549], [0.000561088498216, 0.00338409957476, 0.00251571671106, -0.0024332087487, -0.000521136971656, 6.30307185929e-05, -0.00140639301389, -0.00232365936972, -0.000742132717278, 0.00166544516105, -0.00336233433336, 0.0012481486192, -0.00132951280102], [3.35601216648e-05, 0.00251571671106, 0.00562639860436, -0.000271370023256, -0.00248959823512, -0.00252203620039, -0.000782471615821, -0.00344309979118, -0.000897063757293, -0.000576566904783, -0.00171022338327, -0.000459229660919, -0.000502277631313], [-0.000355585914804, -0.0024332087487, -0.000271370023256, 0.00893765687943, -0.00237261014991, -0.00336821959354, 0.000757946050726, 0.00125030963682, -0.0014861660311, -0.000241730609559, 0.00153996411245, 0.0011157480767, -0.00128516170662], [-2.95329100481e-05, -0.000521136971656, -0.00248959823512, -0.00237261014991, 0.00729313399643, 0.00279465084895, -0.00142285204493, 0.00331090367399, 8.26618343126e-05, 0.00184286292642, -0.000568384770304, -0.000360635633115, -0.00211076741107], [-1.02346293716e-05, 6.30307185929e-05, -0.00252203620039, -0.00336821959354, 0.00279465084895, 0.0143262594938, -0.00345768779516, -0.00483024818823, 0.00196016719565, 0.00160865765065, -0.00169895612635, 0.000211441962165, 0.00240873615257], [0.000784998410381, -0.00140639301389, -0.000782471615821, 0.000757946050726, -0.00142285204493, -0.00345768779516, 0.017348209396, -0.000471048813779, -0.00196227501146, -0.00312368897721, 0.00274796783924, -0.0019753521774, -0.000109370186692], [-0.000509402656462, -0.00232365936972, -0.00344309979118, 0.00125030963682, 0.00331090367399, -0.00483024818823, -0.000471048813779, 0.0220740158111, -0.00169123534579, -0.00299651711248, 0.00089303497225, -0.00323327234946, -0.00482893921435], [-0.00046780728735, -0.000742132717278, -0.000897063757293, -0.0014861660311, 8.26618343126e-05, 0.00196016719565, -0.00196227501146, -0.00169123534579, 0.0188376288861, -0.00989393889904, -0.00145981553942, 0.0016555825714, -0.00122207624372], [0.000420797034167, 0.00166544516105, -0.000576566904783, -0.000241730609559, 0.00184286292642, 0.00160865765065, -0.00312368897721, -0.00299651711248, -0.00989393889904, 0.0235393494368, -0.00668731052428, 0.00266502983868, -0.000127874824102], [0.000528520671651, -0.00336233433336, -0.00171022338327, 0.00153996411245, -0.000568384770304, -0.00169895612635, 0.00274796783924, 0.00089303497225, -0.00145981553942, -0.00668731052428, 0.0210194196552, -0.00402206601575, 0.00269052921794], [-0.000102832644188, 0.0012481486192, -0.000459229660919, 0.0011157480767, -0.000360635633115, 0.000211441962165, -0.0019753521774, -0.00323327234946, 0.0016555825714, 0.00266502983868, -0.00402206601575, 0.0205277521163, -0.00757982814685], [0.000350275251549, -0.00132951280102, -0.000502277631313, -0.00128516170662, -0.00211076741107, 0.00240873615257, -0.000109370186692, -0.00482893921435, -0.00122207624372, -0.000127874824102, 0.00269052921794, -0.00757982814685, 0.0185937713832]]
    spectral_contrast:
        mean: [-4.28329514079e-07, -1.53998698238e-07, 3.07293532842e-08, -4.84952977331e-07, -5.75789123047e-08, -3.69782270582e-07, 9.83510972219e-07, 1.25389499317e-06, -8.55615027717e-08, 1.17423894608e-07, -3.15327810085e-07, 2.53910297943e-06]
        var: [0.000555307371542, 0.000797543325461, 0.00169393292163, 0.00171271059662, 0.00333084631711, 0.00475955242291, 0.0359869040549, 0.101679131389, 0.107425220311, 0.304813563824, 0.529798984528, 0.943220198154]

rhythm:
    beats_loudness:
        dmean: 0.00308242626488
        dmean2: 0.00567339546978
        dvar: 7.34928926249e-06
        dvar2: 2.22343369387e-05
        max: 0.0108347162604
        mean: 0.00536295911297
        min: 0.00289407023229
        var: 6.11208724877e-06
    beats_loudness_bass:
        dmean: 0.0252115968615
        dmean2: 0.0482524372637
        dvar: 0.00173788459506
        dvar2: 0.00543756503612
        max: 0.158197656274
        mean: 0.0215488299727
        min: 0.000581161875743
        var: 0.00159195135348
    bpm: 120.326263428
    bpm_confidence: 0
    first_peak_bpm: 120
    first_peak_spread: 0
    first_peak_weight: 0.947368443012
    onset_rate: 2.88352274895
    second_peak_bpm: 83
    second_peak_spread: 0
    second_peak_weight: 0.0526315793395
    beats_position: [0.0447341762483, 0.54330343008, 1.04187262058, 1.5404419899, 2.03901124001, 2.53758049011, 3.03614974022, 3.53471899033, 4.03328847885, 4.53185749054, 5.03042697906, 5.52899599075, 6.25411701202, 6.75309991837, 7.25208330154, 7.75106620789, 8.25004959106, 8.74903297424, 9.24801540375, 9.74699783325]
    bpm_estimates: [121.259857178, 121.486602783, 117.977035522, 120.720283508, 119.039230347, 121.47454071]
    bpm_intervals: [0.498569250107, 0.498569190502, 0.498569369316, 0.498569250107, 0.498569250107, 0.498569250107, 0.498569250107, 0.498569488525, 0.498569011688, 0.498569488525, 0.498569011688, 0.725121021271, 0.498982906342, 0.498983383179, 0.498982906342, 0.498983383179, 0.498983383179, 0.498982429504, 0.498982429504]
    onset_times: [0.0464399084449, 0.429569154978, 0.487619042397, 1.10294783115, 1.25387752056, 1.59056687355, 1.75310659409, 1.90403628349, 2.00852608681, 2.87927436829, 3.14630389214, 3.64553284645, 4.36535167694, 4.60916090012, 4.85297060013, 5.1780500412, 5.31736946106, 6.21133804321, 6.66412687302, 6.8382768631, 7.11691617966, 7.32589578629, 7.45360565186, 7.65097522736, 8.08054447174, 8.90485286713, 9.0093421936, 9.4853515625, 9.86848068237]
    rubato_start: []
    rubato_stop: []
    perceptual_tempo: "unknown"

sfx:
    inharmonicity:
        dmean: 0.0495114959776
        dmean2: 0.0854045450687
        dvar: 0.00265564210713
        dvar2: 0.00690489634871
        max: 0.346190929413
        mean: 0.0625499114394
        min: 9.42980623222e-05
        var: 0.00324460025877
    oddtoevenharmonicenergyratio:
        dmean: 4.11906290054
        dmean2: 7.73294019699
        dvar: 214.420959473
        dvar2: 608.018981934
        max: 210.103012085
        mean: 2.91590976715
        min: 0.00259690359235
        var: 127.942337036
    pitch_after_max_to_before_max_energy_ratio: 6.81947422028
    pitch_centroid: 210.728805542
    pitch_max_to_total: 0.0483870953321
    pitch_min_to_total: 0.850230395794
    tristimulus:
        dmean: [0.165328457952, 0.177257806063, 0.0967613235116]
        dmean2: [0.298327088356, 0.308373421431, 0.172209829092]
        dvar: [0.0326401144266, 0.0337095186114, 0.00838539376855]
        dvar2: [0.0828923210502, 0.0939937084913, 0.0228101164103]
        max: [0.921297729015, 0.976644456387, 0.598759651184]
        mean: [0.243217438459, 0.598227858543, 0.143858864903]
        min: [0.00342606985942, 0, 0]
        var: [0.0427322164178, 0.0409023724496, 0.0124067338184]

tonal:
    chords_changes_rate: 0.0183486230671
    chords_number_rate: 0.0183486230671
    chords_strength:
        dmean: 0.00724892364815
        dmean2: 0.00619743345305
        dvar: 3.89669730794e-05
        dvar2: 2.79486393993e-05
        max: 0.681837260723
        mean: 0.550435066223
        min: 0.344290465117
        var: 0.00589967612177
    key_strength: 0.759488046169
    tuning_diatonic_strength: 0.628549933434
    tuning_equal_tempered_deviation: 0.0372171476483
    tuning_frequency: 438.731048584
    tuning_nontempered_energy_ratio: 0.666905999184
    hpcp:
        dmean: [0.181746736169, 0.131767675281, 0.048312202096, 0.0465852320194, 0.0433345250785, 0.0679861009121, 0.100317917764, 0.0713769868016, 0.0249076653272, 0.0255317464471, 0.0567881539464, 0.127136647701, 0.149170100689, 0.0850485190749, 0.0736766159534, 0.103819534183, 0.0956617370248, 0.0444797426462, 0.0495030656457, 0.0962813124061, 0.138279512525, 0.186989337206, 0.150330394506, 0.0580327212811, 0.0532482005656, 0.0400840081275, 0.0317357815802, 0.0546249933541, 0.0845283195376, 0.0963083803654, 0.0928810015321, 0.0628661066294, 0.0442524924874, 0.0525634288788, 0.0749695524573, 0.161313638091]
        dmean2: [0.308422297239, 0.214344382286, 0.0793716236949, 0.0747145488858, 0.0682267323136, 0.115222655237, 0.162299841642, 0.111173853278, 0.0403214506805, 0.0407567955554, 0.089053735137, 0.207342207432, 0.235715925694, 0.134586974978, 0.12015363574, 0.165065154433, 0.152107894421, 0.0740616843104, 0.084212936461, 0.150270372629, 0.218212544918, 0.31591886282, 0.239722117782, 0.0937384665012, 0.0877154991031, 0.0670250728726, 0.0486247353256, 0.0887238606811, 0.134773269296, 0.153887718916, 0.144450083375, 0.102524600923, 0.0725117996335, 0.0840234383941, 0.125496923923, 0.280971169472]
        dvar: [0.0466790124774, 0.0227458942682, 0.00836221221834, 0.0102136079222, 0.00531280878931, 0.00882447324693, 0.0241323821247, 0.0106157986447, 0.00169859151356, 0.00218847580254, 0.0105228284374, 0.0284470822662, 0.0271117053926, 0.0112057328224, 0.0124274231493, 0.0316198505461, 0.0175467282534, 0.00515142874792, 0.0118247354403, 0.0201409570873, 0.0259146448225, 0.0431753098965, 0.0268073529005, 0.00673399586231, 0.00903099495918, 0.00539548927918, 0.00161295651924, 0.0106569882482, 0.0190942939371, 0.0207736659795, 0.0188746452332, 0.0202189721167, 0.00760079734027, 0.0053610750474, 0.00982751697302, 0.0276598837227]
        dvar2: [0.103752218187, 0.0532091408968, 0.0227865502238, 0.0234344750643, 0.0119765149429, 0.0201163422316, 0.0506901592016, 0.0226994603872, 0.00435999594629, 0.0050105098635, 0.0240133870393, 0.0613042451441, 0.0639495179057, 0.0226239487529, 0.0314991213381, 0.0709472820163, 0.0397499874234, 0.014571653679, 0.0329618640244, 0.044265691191, 0.04815967381, 0.0987519398332, 0.0634177103639, 0.0176710374653, 0.0215290635824, 0.0144022824243, 0.00362438615412, 0.027301331982, 0.0443225800991, 0.0384226031601, 0.0380542762578, 0.049325093627, 0.0175384767354, 0.0122242448851, 0.027941999957, 0.0741187632084]
        max: [1, 1, 0.834729015827, 1, 0.838958323002, 1, 1, 0.73650509119, 0.339706480503, 0.395753324032, 1, 1, 1, 0.768942773342, 0.893338680267, 1, 1, 0.81544393301, 0.846664488316, 0.894002497196, 1, 1, 1, 1, 0.826380312443, 0.593090176582, 0.35911783576, 0.8843780756, 1, 1, 1, 1, 0.723914384842, 0.662165641785, 0.663354516029, 1]
        mean: [0.495920687914, 0.261589050293, 0.0602941513062, 0.0656315982342, 0.0710143595934, 0.139679297805, 0.227462351322, 0.140563309193, 0.0341894477606, 0.0312539935112, 0.0707424506545, 0.213540032506, 0.271693438292, 0.130941793323, 0.160577908158, 0.377280801535, 0.27231657505, 0.0720282793045, 0.076174236834, 0.134516134858, 0.3701826334, 0.481535404921, 0.251065433025, 0.0944857671857, 0.085743419826, 0.0633567124605, 0.0566962882876, 0.0870619639754, 0.123260766268, 0.173506587744, 0.16910931468, 0.0885914340615, 0.0678443163633, 0.0998214408755, 0.115315288305, 0.324218988419]
        min: [0.0242865625769, 0.0161618553102, 0.00117194000632, 0.00101689645089, 0.00295192725025, 0.0031686485745, 0.00361924315803, 0.00257444544695, 0.000774523417931, 0.000729337625671, 0.000807351083495, 0.00125875987578, 0.00115931325126, 0.00109794328455, 0.000532706035301, 0.00201866589487, 0.00325414026156, 0.00212237169035, 0.000946717453189, 0.00238572317176, 0.0028897584416, 0.00414307881147, 0.00440327357501, 0.00221895985305, 0.00127511809114, 0.00292548909783, 0.00254890765063, 0.00130566267762, 0.0033044712618, 0.00187765806913, 0.00329697877169, 0.00255518429913, 0.00142534810584, 0.00193122099154, 0.00153544696514, 0.0125587536022]
        var: [0.122334994376, 0.0484247244895, 0.0101771047339, 0.0159855373204, 0.0117508051917, 0.0223541017622, 0.083339959383, 0.0339764095843, 0.00184314104263, 0.00249085109681, 0.0159270372242, 0.0565640777349, 0.0665179640055, 0.0214165039361, 0.03166256845, 0.156545460224, 0.0838174670935, 0.00667564570904, 0.00985595956445, 0.0291191115975, 0.104452669621, 0.121920049191, 0.0520800873637, 0.0134283443913, 0.0134905744344, 0.00621354626492, 0.00356311537325, 0.0130132446066, 0.0230666846037, 0.0533754266798, 0.0595684126019, 0.0276500508189, 0.0101081645116, 0.0113671021536, 0.0144483139738, 0.0608901493251]
    chords_histogram: [84.4036712646, 0, 0, 0, 0, 0, 0, 0, 0, 0, 0, 0, 0, 0, 0, 9.17431163788, 0, 0, 0, 0, 4.58715581894, 0, 1.83486235142, 0]
    thpcp: [1, 0.527481615543, 0.121580228209, 0.132342934608, 0.143197014928, 0.28165653348, 0.458666801453, 0.283439099789, 0.0689413622022, 0.06302215904, 0.142648711801, 0.43059310317, 0.547856628895, 0.264037758112, 0.323797553778, 0.760768413544, 0.549113154411, 0.145241528749, 0.153601646423, 0.271245270967, 0.746455311775, 0.970992803574, 0.50626128912, 0.190525963902, 0.172897443175, 0.127755731344, 0.11432531476, 0.175556227565, 0.248549357057, 0.349867612123, 0.34100073576, 0.178640320897, 0.136804774404, 0.201285094023, 0.232527688146, 0.653771877289]
    chords_key: "A"
    chords_scale: "major"
    key_key: "A"
    key_scale: "major"
    chords_progression: ["A", "A", "A", "A", "A", "A", "A", "A", "A", "A", "A", "A", "A", "A", "A", "A", "A", "A", "A", "A", "A", "A", "A", "A", "A", "A", "A", "A", "A", "A", "A", "A", "A", "A", "A", "A", "A", "A", "A", "A", "A", "A", "A", "A", "A", "A", "A", "A", "A", "A", "A", "A", "A", "A", "A", "A", "A", "A", "A", "A", "A", "A", "A", "A", "A", "A", "A", "A", "A", "A", "A", "A", "A", "A", "A", "A", "A", "A", "A", "A", "A", "A", "A", "A", "A", "A", "A", "A", "A", "A", "A", "A", "A", "A", "A", "A", "A", "A", "A", "A", "A", "A", "A", "A", "A", "A", "A", "A", "A", "A", "A", "A", "A", "A", "A", "A", "A", "A", "A", "A", "A", "A", "A", "A", "A", "A", "A", "A", "A", "A", "A", "A", "A", "A", "A", "A", "A", "A", "A", "A", "A", "A", "A", "A", "A", "A", "A", "A", "A", "A", "A", "A", "A", "A", "A", "A", "A", "A", "A", "A", "A", "A", "A", "A", "A", "A", "A", "A", "A", "A", "A", "A", "A", "A", "A", "A", "A", "A", "A", "A", "A", "A", "A", "A", "Dm", "Dm", "Dm", "Dm", "Dm", "Dm", "Dm", "Dm", "Dm", "G", "G", "G", "G", "G", "G", "G", "G", "G", "G", "D", "D", "D", "D", "Dm", "Dm", "Dm", "Dm", "Dm", "Dm", "Dm", "Dm", "Dm", "Dm", "Dm"]
