
metadata:
    version:
        essentia: "1.2.2"
    audio_properties:
        analysis_sample_rate: 44100
        bitrate: 128
        channels: 2
        equal_loudness: 1
        length: 10.0310201645
        replay_gain: -14.6988945007
        downmix: "mix"
    tags:
        track: 12
        year: 0
        album: "Splitted by Mp3Splt v. 2.1"
        artist: "From 001.50 To 002.00"
        comment: "http://mp3splt.sf.net"
        genre: ""
        title: "13 Track 13.mp3"

highlevel:
    ballroom:
        all:
            ChaChaCha: 0.107253983617
            Jive: 0.444507300854
            Quickstep: 0.00457227881998
            Rumba-American: 0.000246190058533
            Rumba-International: 0.00114915985614
            Rumba-Misc: 0.000243552130996
            Samba: 0.440839737654
            Tango: 0.000107117579319
            VienneseWaltz: 0.000913700438105
            Waltz: 0.000166972415172
        probability: 0.444507300854
        value: "Jive"
    culture:
        all:
            non_western: 0.0613586865366
            western: 0.938641309738
        probability: 0.938641309738
        value: "western"
    gender:
        all:
            female: 0.629575073719
            male: 0.370424926281
        probability: 0.629575073719
        value: "female"
    genre_dortmund:
        all:
            alternative: 0.0969794690609
            blues: 0.00417191488668
            electronic: 0.126177057624
            folkcountry: 0.0421146824956
            funksoulrnb: 0.00444304617122
            jazz: 0.0223559588194
            pop: 0.0684734582901
            raphiphop: 0.0155673157424
            rock: 0.619717121124
        probability: 0.619717121124
        value: "rock"
    genre_electronica:
        all:
            ambient: 0.0296837314963
            dnb: 0.473720669746
            house: 0.016346540302
            techno: 0.0103546874598
            trance: 0.469894349575
        probability: 0.473720669746
        value: "dnb"
    genre_rosamerica:
        all:
            cla: 0.00574908405542
            dan: 0.855369746685
            hip: 0.0142309134826
            jaz: 0.00223952811211
            pop: 0.0227830670774
            rhy: 0.00512670399621
            roc: 0.0927338451147
            spe: 0.0017671242822
        probability: 0.855369746685
        value: "dan"
    genre_tzanetakis:
        all:
            blu: 0.00478806439787
            cla: 0.003223285079
            cou: 0.0226063486189
            dis: 0.150166347623
            hip: 0.083006799221
            jaz: 0.0362876988947
            met: 0.223892465234
            pop: 0.334052711725
            reg: 0.0224563796073
            roc: 0.119519911706
        probability: 0.334052711725
        value: "pop"
    live_studio:
        all:
            live: 0.0272043701261
            studio: 0.972795605659
        probability: 0.972795605659
        value: "studio"
    mood:
        all:
            Cluster1: 0.460083425045
            Cluster2: 0.0965891927481
            Cluster3: 0.0214308891445
            Cluster4: 0.0612616166472
            Cluster5: 0.360634893179
        probability: 0.460083425045
        value: "Cluster1"
    mood_acoustic:
        all:
            acoustic: 0.00469981739298
            not_acoustic: 0.995300173759
        probability: 0.995300173759
        value: "not_acoustic"
    mood_aggressive:
        all:
            aggressive: 0.934888958931
            not_aggressive: 0.0651110261679
        probability: 0.934888958931
        value: "aggressive"
    mood_electronic:
        all:
            electronic: 0.913658022881
            not_electronic: 0.0863419547677
        probability: 0.913658022881
        value: "electronic"
    mood_happy:
        all:
            happy: 0.559476077557
            not_happy: 0.440523922443
        probability: 0.559476077557
        value: "happy"
    mood_party:
        all:
            not_party: 0.0765848830342
            party: 0.923415124416
        probability: 0.923415124416
        value: "party"
    mood_relaxed:
        all:
            not_relaxed: 0.259623497725
            relaxed: 0.740376472473
        probability: 0.740376472473
        value: "relaxed"
    mood_sad:
        all:
            not_sad: 0.739492118359
            sad: 0.260507881641
        probability: 0.739492118359
        value: "not_sad"
    rhythm:
        all:
            fast: 0.772540867329
            medium: 0.199174106121
            slow: 0.0282850153744
        probability: 0.772540867329
        value: "fast"
    speech_music:
        all:
            music: 0.0130163300782
            speech: 0.986983656883
        probability: 0.986983656883
        value: "speech"
    timbre:
        all:
            bright: 0.0356296598911
            dark: 0.964370369911
        probability: 0.964370369911
        value: "dark"
    voice_instrumental:
        all:
            instrumental: 0.229251071811
            voice: 0.770748913288
        probability: 0.770748913288
        value: "voice"

lowlevel:
    average_loudness: 0.977168142796
    barkbands_kurtosis:
        dmean: 0.65867960453
        dmean2: 1.06024110317
        dvar: 1.23358249664
        dvar2: 2.66487884521
        max: 15.1476707458
        mean: -0.869166016579
        min: -1.84329760075
        var: 1.80572879314
    barkbands_skewness:
        dmean: 0.456751555204
        dmean2: 0.674877643585
        dvar: 0.149324640632
        dvar2: 0.320189833641
        max: 3.98924732208
        mean: 0.27277764678
        min: -1.52210760117
        var: 0.574801623821
    barkbands_spread:
        dmean: 5.76379585266
        dmean2: 8.99012374878
        dvar: 25.3946685791
        dvar2: 62.4626121521
        max: 64.9307479858
        mean: 39.3325119019
        min: 10.1945753098
        var: 65.9968109131
    dissonance:
        dmean: 0.0130638312548
        dmean2: 0.0221133250743
        dvar: 0.000138765128213
        dvar2: 0.000369815621525
        max: 0.499818980694
        mean: 0.474868923426
        min: 0.389746665955
        var: 0.000254905608017
    hfc:
        dmean: 2.43271446228
        dmean2: 3.36450886726
        dvar: 11.4936571121
        dvar2: 20.0510864258
        max: 28.3225212097
        mean: 7.23126888275
        min: 0.698806941509
        var: 29.8113574982
    pitch:
        dmean: 907.673217773
        dmean2: 1756.53271484
        dvar: 2055990.125
        dvar2: 4204545.5
        max: 4410
        mean: 1905.94458008
        min: 92.4528274536
        var: 3150495.25
    pitch_instantaneous_confidence:
        dmean: 0.0715519636869
        dmean2: 0.115202598274
        dvar: 0.00340189225972
        dvar2: 0.00834326911718
        max: 0.610315680504
        mean: 0.330415427685
        min: 0.154612123966
        var: 0.00804737396538
    pitch_salience:
        dmean: 0.0595122501254
        dmean2: 0.0971894562244
        dvar: 0.00330935441889
        dvar2: 0.00868212245405
        max: 0.818148493767
        mean: 0.672585964203
        min: 0.294633984566
        var: 0.00566544709727
    silence_rate_20dB:
        dmean: 0
        dmean2: 0
        dvar: 0
        dvar2: 0
        max: 1
        mean: 1
        min: 1
        var: 0
    silence_rate_30dB:
        dmean: 0
        dmean2: 0
        dvar: 0
        dvar2: 0
        max: 1
        mean: 1
        min: 1
        var: 0
    silence_rate_60dB:
        dmean: 0.192575410008
        dmean2: 0.386046499014
        dvar: 0.15549056232
        dvar2: 0.269572883844
        max: 1
        mean: 0.412037044764
        min: 0
        var: 0.242263063788
    spectral_centroid:
        dmean: 339.125305176
        dmean2: 506.615478516
        dvar: 81780.8203125
        dvar2: 166562.859375
        max: 3367.90332031
        mean: 1686.72106934
        min: 422.025787354
        var: 332020.8125
    spectral_complexity:
        dmean: 4.20745897293
        dmean2: 6.04205608368
        dvar: 21.3299179077
        dvar2: 34.5916519165
        max: 50
        mean: 14.4209299088
        min: 1
        var: 76.1461639404
    spectral_crest:
        dmean: 2.19104933739
        dmean2: 3.69441580772
        dvar: 4.55790519714
        dvar2: 11.8186435699
        max: 22.6926670074
        mean: 6.42325019836
        min: 2.77113127708
        var: 7.60236215591
    spectral_decrease:
        dmean: 4.3737763411e-10
        dmean2: 6.76153244505e-10
        dvar: 4.11499297086e-19
        dvar2: 9.74181981137e-19
        max: -1.00530105074e-10
        mean: -9.86426385019e-10
        min: -4.6147716759e-09
        var: 5.51815547055e-19
    spectral_energy:
        dmean: 0.00183974741958
        dmean2: 0.00279596634209
        dvar: 7.06161290509e-06
        dvar2: 1.63658260135e-05
        max: 0.0195018779486
        mean: 0.00437889713794
        min: 0.000445401790785
        var: 1.02337744465e-05
    spectral_energyband_high:
        dmean: 0.000214135696297
        dmean2: 0.000305928610032
        dvar: 7.46922452777e-08
        dvar2: 1.17021876633e-07
        max: 0.00311268935911
        mean: 0.000526269257534
        min: 3.51653288817e-05
        var: 2.27268515118e-07
    spectral_energyband_low:
        dmean: 0.000331717426889
        dmean2: 0.00051175954286
        dvar: 3.34293275728e-07
        dvar2: 7.60734849337e-07
        max: 0.00454298267141
        mean: 0.000405317958212
        min: 1.35038626468e-05
        var: 3.9463691337e-07
    spectral_energyband_middle_high:
        dmean: 0.000508831755724
        dmean2: 0.000707569881342
        dvar: 4.69637996048e-07
        dvar2: 8.57046245528e-07
        max: 0.00647417688742
        mean: 0.00150482612662
        min: 0.000126602855744
        var: 1.27897396851e-06
    spectral_energyband_middle_low:
        dmean: 0.001216973993
        dmean2: 0.00201477506198
        dvar: 3.81305881092e-06
        dvar2: 1.00562647276e-05
        max: 0.0138237345964
        mean: 0.00194247020409
        min: 0.000109671127575
        var: 3.89686010749e-06
    spectral_flatness_db:
        dmean: 0.0151443434879
        dmean2: 0.0243434589356
        dvar: 0.000176213216037
        dvar2: 0.00041045670514
        max: 0.239462420344
        mean: 0.121311128139
        min: 0.067240871489
        var: 0.000371212081518
    spectral_flux:
        dmean: 0.0107976347208
        dmean2: 0.015994887799
        dvar: 0.000166696307133
        dvar2: 0.000312910036882
        max: 0.112539842725
        mean: 0.0411328710616
        min: 0.0124082248658
        var: 0.00033338839421
    spectral_kurtosis:
        dmean: 0.560756862164
        dmean2: 0.905008614063
        dvar: 0.343897402287
        dvar2: 0.810065925121
        max: 7.20334911346
        mean: 2.32346439362
        min: -0.488986730576
        var: 0.640398442745
    spectral_rms:
        dmean: 0.000397956551751
        dmean2: 0.000586941023357
        dvar: 2.27251561569e-07
        dvar2: 4.83701967369e-07
        max: 0.00436190562323
        mean: 0.00195474131033
        min: 0.000659195182379
        var: 4.51082968311e-07
    spectral_rolloff:
        dmean: 469.865447998
        dmean2: 742.14050293
        dvar: 302006.625
        dvar2: 699332.1875
        max: 5620.16601562
        mean: 3528.79077148
        min: 258.3984375
        var: 660904.6875
    spectral_skewness:
        dmean: 0.133953288198
        dmean2: 0.196596592665
        dvar: 0.0175694748759
        dvar2: 0.0340794883668
        max: 2.31177663803
        mean: 1.22021949291
        min: 0.569533228874
        var: 0.0504701398313
    spectral_spread:
        dmean: 506956.9375
        dmean2: 741587.75
        dvar: 321583611904
        dvar2: 544259440640
        max: 12001771
        mean: 5801109.5
        min: 3597092
        var: 954818363392
    spectral_strongpeak:
        dmean: 0.288101941347
        dmean2: 0.503556072712
        dvar: 0.233108863235
        dvar2: 0.631532430649
        max: 3.37652158737
        mean: 0.36380726099
        min: 0.0163133423775
        var: 0.255075275898
    zerocrossingrate:
        dmean: 0.0109095005319
        dmean2: 0.0128744253889
        dvar: 8.08915065136e-05
        dvar2: 0.000111316599941
        max: 0.16943359375
        mean: 0.10361327976
        min: 0.03173828125
        var: 0.000532873149496
    barkbands:
        dmean: [3.73772110152e-07, 0.000134135450935, 0.000248513708357, 0.000355249183485, 0.000618006917648, 0.000269791053142, 0.000171214807779, 7.08851439413e-05, 0.000115703165648, 5.43017595191e-05, 6.29768983345e-05, 3.64383195119e-05, 3.34612159349e-05, 3.32287672791e-05, 3.74568589905e-05, 4.98464287375e-05, 8.31057695905e-05, 0.000155381960212, 0.000191621322301, 0.000180652190465, 0.000108198597445, 5.13445374963e-05, 7.0266360126e-06, 2.90077582576e-06, 1.90635353192e-06, 1.6708439432e-07, 3.08646619374e-09]
        dmean2: [5.8956391058e-07, 0.000214098181459, 0.000413968518842, 0.000630730239209, 0.001036060974, 0.000461376970634, 0.000290192343527, 0.00011321164493, 0.000187158235349, 8.95508856047e-05, 0.000103159683931, 6.00980965828e-05, 5.09588498971e-05, 5.49912801944e-05, 6.2502171204e-05, 7.86965683801e-05, 0.000129209802253, 0.000249389297096, 0.000283990812022, 0.00028827789356, 0.00015993823763, 7.5133088103e-05, 1.03290622064e-05, 4.67367590318e-06, 2.8135023058e-06, 2.7615803333e-07, 3.30761817935e-09]
        dvar: [3.36400015916e-13, 5.01729786606e-08, 2.87993088932e-07, 7.19975844277e-07, 1.04679725155e-06, 3.49895486806e-07, 1.02253757461e-07, 1.48975880521e-08, 2.97829423346e-08, 1.05227533354e-08, 8.2014439684e-09, 1.70390701548e-09, 2.11510098325e-09, 1.57713508919e-09, 2.47564213574e-09, 3.24610849312e-09, 1.81379569142e-08, 4.67860807873e-08, 6.24122264981e-08, 6.4984298831e-08, 1.6783449297e-08, 5.05689090602e-09, 9.52675993648e-11, 6.05792568886e-11, 6.54136727424e-12, 8.79940922644e-14, 3.3445523674e-15]
        dvar2: [7.62634204919e-13, 1.08341609462e-07, 7.0466762736e-07, 1.95784878088e-06, 2.76603805105e-06, 9.75626107902e-07, 2.65041762759e-07, 3.3403210864e-08, 7.78203599339e-08, 2.70403308633e-08, 1.92308391433e-08, 4.31294377989e-09, 3.98644850463e-09, 4.16961842831e-09, 5.72531355658e-09, 7.89498866283e-09, 4.63369858039e-08, 1.09592171782e-07, 1.28349995521e-07, 1.4418348826e-07, 3.18233404073e-08, 1.1417089496e-08, 1.98599414691e-10, 1.10006316556e-10, 1.39996807549e-11, 2.26767281168e-13, 3.35651331965e-15]
        max: [6.86209386913e-06, 0.0018440510612, 0.00436343019828, 0.00785125419497, 0.0068069701083, 0.00568310869858, 0.00345989852212, 0.00135550019331, 0.00204588915221, 0.00103634421248, 0.00101962487679, 0.000621574057732, 0.000388842570828, 0.000300334242638, 0.000506881740876, 0.00080388475908, 0.00171830900945, 0.00206200173125, 0.00195940141566, 0.00278312037699, 0.00136252853554, 0.000878478516825, 0.00011342727521, 0.000113604364742, 3.8009518903e-05, 2.04820094041e-06, 1.19972139601e-06]
        mean: [5.48514094589e-07, 0.000178976828465, 0.000225809912081, 0.000289243878797, 0.000748756399844, 0.000319080951158, 0.000256364030065, 0.000103616417618, 0.000207069286262, 7.49722239561e-05, 9.20569582377e-05, 6.11463547102e-05, 5.76050551899e-05, 6.45665131742e-05, 6.41202568659e-05, 0.000100049721368, 0.000154012144776, 0.000280073349131, 0.000398601900088, 0.000358706718544, 0.000235396655626, 8.62460728968e-05, 1.17364907055e-05, 5.60612261324e-06, 4.35606489191e-06, 1.79090264396e-07, 3.13630343918e-09]
        min: [6.80075884496e-10, 4.46083367933e-06, 1.73395847014e-06, 3.5896166537e-06, 1.22047222249e-05, 4.32508613812e-06, 3.90133300243e-06, 2.86142631012e-06, 6.53339429846e-06, 2.22983408094e-06, 1.79958624358e-06, 1.97139661395e-06, 6.97887003298e-07, 2.23896040552e-06, 2.73027808362e-06, 4.37051448898e-06, 5.46019873582e-06, 1.0810301319e-05, 2.32708625845e-05, 2.08858509723e-05, 1.06756706373e-05, 3.01904492517e-06, 3.61470910093e-07, 5.05269426299e-08, 2.51339518087e-08, 6.74471811735e-10, 3.07941443612e-13]
        var: [4.37834881198e-13, 6.6239145724e-08, 2.5275318194e-07, 4.97079156503e-07, 9.79559445113e-07, 2.76242047903e-07, 1.77957971914e-07, 2.66743516164e-08, 5.24404271118e-08, 1.57702633174e-08, 1.56902491e-08, 4.63969751507e-09, 4.80519002366e-09, 3.35823013842e-09, 4.04744771032e-09, 1.03528652318e-08, 3.44840991318e-08, 7.86872718095e-08, 1.24949352198e-07, 1.22799391988e-07, 4.50134471919e-08, 1.09482956034e-08, 1.91843832487e-10, 8.85556766805e-11, 1.66724550832e-11, 7.57133884668e-14, 3.33772866997e-15]
    mfcc:
        mean: [-691.523681641, 96.0126647949, -28.8842411041, 57.3437423706, -17.1767253876, -6.28116846085, 3.82398700714, -6.31055355072, 0.310353338718, -6.30424594879, -2.02996659279, -5.26641607285, -5.37403059006]
        cov: [[1386.77685547, -278.063079834, -55.9473304749, -24.9858207703, -78.9576034546, 7.46201181412, -53.9912643433, 29.554473877, -35.2594223022, -87.5584640503, 10.9754114151, -42.1540374756, -2.61060857773], [-278.063079834, 322.059295654, 6.73821544647, -24.5419597626, -17.0075969696, -53.7367897034, 14.8803129196, -4.4499001503, 16.0929470062, 8.74420642853, -1.60820007324, 15.5916852951, -13.7560377121], [-55.9473304749, 6.73821544647, 205.808624268, 10.9939184189, 33.7125968933, -44.0264663696, -13.7939271927, -19.3842391968, 2.277759552, 5.19077682495, -8.1937379837, -8.14631843567, 2.57815051079], [-24.9858207703, -24.5419597626, 10.9939184189, 164.742843628, 29.6338844299, 53.1710205078, 7.88240766525, 15.2360744476, 1.64758527279, -2.61549043655, -16.9155006409, -2.84414887428, 3.38618540764], [-78.9576034546, -17.0075969696, 33.7125968933, 29.6338844299, 102.204872131, 26.0613327026, 10.2417650223, -0.185922533274, 10.7881040573, 7.29485988617, -2.55203437805, 5.39351892471, 5.07821702957], [7.46201181412, -53.7367897034, -44.0264663696, 53.1710205078, 26.0613327026, 133.565750122, 19.9294948578, 32.9216003418, -4.77939796448, 6.06449460983, 6.92179203033, 5.24478006363, -0.243056669831], [-53.9912643433, 14.8803129196, -13.7939271927, 7.88240766525, 10.2417650223, 19.9294948578, 66.1838912964, 18.2881889343, 21.196352005, -2.20333576202, -3.41771864891, 1.29174041748, -3.93111538887], [29.554473877, -4.4499001503, -19.3842391968, 15.2360744476, -0.185922533274, 32.9216003418, 18.2881889343, 74.0253601074, 17.6776294708, 5.29250097275, -1.81235051155, 3.01271629333, 7.68972253799], [-35.2594223022, 16.0929470062, 2.277759552, 1.64758527279, 10.7881040573, -4.77939796448, 21.196352005, 17.6776294708, 70.0200958252, 22.956193924, 11.6529636383, 1.3117389679, 10.1434803009], [-87.5584640503, 8.74420642853, 5.19077682495, -2.61549043655, 7.29485988617, 6.06449460983, -2.20333576202, 5.29250097275, 22.956193924, 52.6419868469, 16.5163440704, 11.5365915298, 6.71884679794], [10.9754114151, -1.60820007324, -8.1937379837, -16.9155006409, -2.55203437805, 6.92179203033, -3.41771864891, -1.81235051155, 11.6529636383, 16.5163440704, 62.4420890808, 27.9292297363, 7.64986181259], [-42.1540374756, 15.5916852951, -8.14631843567, -2.84414887428, 5.39351892471, 5.24478006363, 1.29174041748, 3.01271629333, 1.3117389679, 11.5365915298, 27.9292297363, 50.4947357178, 15.6569538116], [-2.61060857773, -13.7560377121, 2.57815051079, 3.38618540764, 5.07821702957, -0.243056669831, -3.93111538887, 7.68972253799, 10.1434803009, 6.71884679794, 7.64986181259, 15.6569538116, 38.2038497925]]
        icov: [[0.0011562545551, 0.000954147486482, 0.000125162318, 0.000124077079818, 0.000669145956635, 0.000151688655023, 0.00098062097095, -0.000825372175314, -0.000409994798247, 0.00205786130391, -0.000837364117615, 0.00055486720521, 0.000269399752142], [0.000954147486482, 0.00450642826036, 0.000120314325613, 0.000115649119834, 0.000994882313535, 0.00176252063829, -8.05862437119e-05, -0.000858323764987, -0.00108690210618, 0.00105923216324, 0.000307386624627, -0.00198485399596, 0.00256709195673], [0.000125162318, 0.000120314325613, 0.00604758551344, -0.000869483046699, -0.00243522692472, 0.0027013127692, 0.000679414719343, 0.000266681134235, 0.000488839927129, -0.000804167822935, -0.000262298883172, 0.00138879485894, -0.000427062332164], [0.000124077079818, 0.000115649119834, -0.000869483046699, 0.00769534800202, -0.000868742354214, -0.0033928276971, 0.000686923565809, -0.000191248735064, -0.00107859412674, 0.00108362035826, 0.00261913845316, -0.000710770720616, -0.000507564342115], [0.000669145956635, 0.000994882313535, -0.00243522692472, -0.000868742354214, 0.0127377407625, -0.0029868138954, -0.000647535198368, 0.00157068250701, -0.00254911324009, 0.000687867810484, 0.0015064048348, -0.00214376021177, -0.000316874880809], [0.000151688655023, 0.00176252063829, 0.0027013127692, -0.0033928276971, -0.0029868138954, 0.013002127409, -0.002973099472, -0.0046931556426, 0.00418382463977, -0.00243735336699, -0.00311134988442, 0.000865640409756, 0.00146793667227], [0.00098062097095, -8.05862437119e-05, 0.000679414719343, 0.000686923565809, -0.000647535198368, -0.002973099472, 0.0210976805538, -0.00304516358301, -0.00823112018406, 0.00619974313304, 0.00202787294984, -0.00273661175743, 0.00459284894168], [-0.000825372175314, -0.000858323764987, 0.000266681134235, -0.000191248735064, 0.00157068250701, -0.0046931556426, -0.00304516358301, 0.0182892847806, -0.00403787940741, -0.00142514065374, 0.00322081288323, -0.00139788421802, -0.00334908394143], [-0.000409994798247, -0.00108690210618, 0.000488839927129, -0.00107859412674, -0.00254911324009, 0.00418382463977, -0.00823112018406, -0.00403787940741, 0.0234458800405, -0.00991519819945, -0.00537975598127, 0.00686880480498, -0.00624464591965], [0.00205786130391, 0.00105923216324, -0.000804167822935, 0.00108362035826, 0.000687867810484, -0.00243735336699, 0.00619974313304, -0.00142514065374, -0.00991519819945, 0.0291386954486, -0.00421191984788, -0.00290189660154, 0.000838763080537], [-0.000837364117615, 0.000307386624627, -0.000262298883172, 0.00261913845316, 0.0015064048348, -0.00311134988442, 0.00202787294984, 0.00322081288323, -0.00537975598127, -0.00421191984788, 0.0258581154048, -0.0146445035934, 0.0021724072285], [0.00055486720521, -0.00198485399596, 0.00138879485894, -0.000710770720616, -0.00214376021177, 0.000865640409756, -0.00273661175743, -0.00139788421802, 0.00686880480498, -0.00290189660154, -0.0146445035934, 0.033873051405, -0.0126803228632], [0.000269399752142, 0.00256709195673, -0.000427062332164, -0.000507564342115, -0.000316874880809, 0.00146793667227, 0.00459284894168, -0.00334908394143, -0.00624464591965, 0.000838763080537, 0.0021724072285, -0.0126803228632, 0.0346623212099]]
    spectral_contrast:
        mean: [-2.08759203701e-07, 1.23194485724e-08, -1.75435177496e-09, -4.29647258215e-07, 4.67690711048e-07, -1.91081397816e-07, -1.47758873936e-06, 8.42574024773e-07, -7.26934104023e-07, 1.22922449464e-06, 5.09455105657e-07, -2.94696462788e-07]
        var: [0.00031701894477, 0.000630277674645, 0.000991064822301, 0.00173622253351, 0.00323064927943, 0.00432106107473, 0.0423413291574, 0.0633808970451, 0.138666093349, 0.144112512469, 0.173767477274, 0.697744309902]

rhythm:
    beats_loudness:
        dmean: 0.00481900619343
        dmean2: 0.00972958654165
        dvar: 6.17270552539e-06
        dvar2: 1.92540428543e-05
        max: 0.0148952277377
        mean: 0.00942364428192
        min: 0.00460354611278
        var: 8.56490260048e-06
    beats_loudness_bass:
        dmean: 0.295051276684
        dmean2: 0.602764189243
        dvar: 0.0474967882037
        dvar2: 0.152011111379
        max: 0.811438798904
        mean: 0.253478676081
        min: 0.0243579577655
        var: 0.044882375747
    bpm: 108.598686218
    bpm_confidence: 0
    first_peak_bpm: 109
    first_peak_spread: 0
    first_peak_weight: 0.941176474094
    onset_rate: 4.68546581268
    second_peak_bpm: 104
    second_peak_spread: 0
    second_peak_weight: 0.0588235296309
    beats_position: [0.49363771081, 1.04618775845, 1.59873795509, 2.15128803253, 2.70383810997, 3.25638818741, 3.80893850327, 4.36148881912, 4.91403913498, 5.46658945084, 6.04081249237, 6.59325027466, 7.14568853378, 7.69812631607, 8.2505645752, 8.80300331116, 9.35544013977, 9.90787792206]
    bpm_estimates: [108.672744751, 108.560638428, 108.562042236, 108.612197876, 108.622032166, 108.516311646, 108.477111816, 108.569389343, 108.59261322, 108.632751465, 108.644386292, 108.719078064, 108.625015259, 108.668815613, 108.574768066, 108.657196045, 108.916763306, 108.572608948, 108.633346558, 108.799224854, 108.023635864, 108.518249512]
    bpm_intervals: [0.552550077438, 0.552550196648, 0.552550077438, 0.552550077438, 0.552550077438, 0.552550315857, 0.552550315857, 0.552550315857, 0.552550315857, 0.574223041534, 0.552437782288, 0.552438259125, 0.552437782288, 0.552438259125, 0.552438735962, 0.552436828613, 0.552437782288]
    onset_times: [0.0580498874187, 0.208979591727, 0.359909296036, 0.487619042397, 0.766258478165, 1.04489791393, 1.32353746891, 1.59056687355, 1.89242625237, 2.03174614906, 2.14784574509, 2.42648530006, 2.70512461662, 2.9837641716, 3.26240372658, 3.55265307426, 3.72680282593, 3.83129262924, 4.08671188354, 4.37696123123, 4.65560102463, 4.92263031006, 5.08517026901, 5.23609972, 5.49151945114, 5.74693870544, 6.03718805313, 6.32743787766, 6.47836732864, 6.59446716309, 6.87310647964, 7.1517457962, 7.4303855896, 7.61614513397, 7.70902490616, 7.98766422272, 8.25469398499, 8.54494285583, 8.6958732605, 8.82358264923, 8.99773216248, 9.0906124115, 9.25315189362, 9.36925125122, 9.64789104462, 9.81043052673, 9.92653083801]
    rubato_start: []
    rubato_stop: []
    perceptual_tempo: "unknown"

sfx:
    inharmonicity:
        dmean: 0.0450360886753
        dmean2: 0.0784189626575
        dvar: 0.00194721040316
        dvar2: 0.00545945065096
        max: 0.279472082853
        mean: 0.0578719601035
        min: 0.000650644185953
        var: 0.00231238943525
    oddtoevenharmonicenergyratio:
        dmean: 1.23280715942
        dmean2: 2.21067047119
        dvar: 9.37999629974
        dvar2: 26.2454071045
        max: 38.7971611023
        mean: 1.04167473316
        min: 0.00145384878851
        var: 6.14714622498
    pitch_after_max_to_before_max_energy_ratio: 5.30610370636
    pitch_centroid: 220.109588623
    pitch_max_to_total: 0.123255811632
    pitch_min_to_total: 0.220930233598
    tristimulus:
        dmean: [0.154486045241, 0.230114877224, 0.162814617157]
        dmean2: [0.26582840085, 0.393226146698, 0.284749895334]
        dvar: [0.0199857596308, 0.0330924019217, 0.0206883139908]
        dvar2: [0.0529477410018, 0.0967105850577, 0.057707477361]
        max: [0.887275099754, 0.971287548542, 0.733363628387]
        mean: [0.331906884909, 0.432676523924, 0.1828148067]
        min: [0.0265868287534, 0, 0]
        var: [0.034308064729, 0.0503051429987, 0.0262322667986]

tonal:
    chords_changes_rate: 0.0185185186565
    chords_number_rate: 0.00925925932825
    chords_strength:
        dmean: 0.0088262129575
        dmean2: 0.0097878864035
        dvar: 6.28601919743e-05
        dvar2: 5.9978763602e-05
        max: 0.801309168339
        mean: 0.652988910675
        min: 0.416819572449
        var: 0.00949683878571
    key_strength: 0.597508311272
    tuning_diatonic_strength: 0.523599147797
    tuning_equal_tempered_deviation: 0.121152214706
    tuning_frequency: 441.782684326
    tuning_nontempered_energy_ratio: 0.787535607815
    hpcp:
        dmean: [0.17076587677, 0.189855456352, 0.240975245833, 0.292093783617, 0.251553028822, 0.166111439466, 0.145503893495, 0.129296764731, 0.125406578183, 0.133980885148, 0.137270361185, 0.163959532976, 0.204904675484, 0.164959788322, 0.116259753704, 0.126116782427, 0.159028694034, 0.180508852005, 0.199041888118, 0.181250140071, 0.173304498196, 0.156068950891, 0.148619815707, 0.162697657943, 0.154279515147, 0.202512323856, 0.266690820456, 0.267326027155, 0.265592873096, 0.211888223886, 0.140895068645, 0.120485447347, 0.157205924392, 0.164544671774, 0.186425462365, 0.201704338193]
        dmean2: [0.289595097303, 0.326934099197, 0.392888367176, 0.518039405346, 0.431647956371, 0.291583895683, 0.240816056728, 0.218605384231, 0.213087797165, 0.229386255145, 0.239188969135, 0.286198854446, 0.34263047576, 0.282419234514, 0.207444980741, 0.223130613565, 0.279615312815, 0.315692573786, 0.340615659952, 0.31967741251, 0.305336654186, 0.275436282158, 0.256263375282, 0.282005339861, 0.265571832657, 0.346323609352, 0.460194706917, 0.466505199671, 0.440541058779, 0.371393591166, 0.248911440372, 0.206847950816, 0.268720000982, 0.2787335217, 0.327526122332, 0.344315677881]
        dvar: [0.0340257920325, 0.0374874770641, 0.0395070202649, 0.061684768647, 0.0413483791053, 0.0401323363185, 0.0313609577715, 0.0229792334139, 0.018450319767, 0.0173404440284, 0.0259147509933, 0.0366404950619, 0.040428634733, 0.026422617957, 0.0183719359338, 0.0181203261018, 0.033312689513, 0.0435228273273, 0.0473747104406, 0.0496073774993, 0.0350288376212, 0.0359794199467, 0.042330686003, 0.0391936413944, 0.0308130867779, 0.0414219126105, 0.0526297427714, 0.0577311255038, 0.050262760371, 0.0513296835124, 0.0292835831642, 0.0269519798458, 0.0381159894168, 0.0282273646444, 0.040842756629, 0.0634092092514]
        dvar2: [0.0746350586414, 0.0976045876741, 0.0961224138737, 0.151260569692, 0.118292942643, 0.0984635204077, 0.0758377686143, 0.05998974666, 0.046448007226, 0.0438573025167, 0.0652841255069, 0.0909422188997, 0.109142512083, 0.0733721703291, 0.0530349239707, 0.0496435426176, 0.0950609073043, 0.122189208865, 0.126220747828, 0.135001659393, 0.0997100695968, 0.0996112078428, 0.113421656191, 0.106801383197, 0.080589286983, 0.110343933105, 0.142193764448, 0.142353862524, 0.133669108152, 0.140134841204, 0.0756721943617, 0.0721395537257, 0.0958913341165, 0.0718535408378, 0.110360056162, 0.165265247226]
        max: [1, 1, 1, 1, 1, 1, 1, 0.951314210892, 0.985988020897, 0.864885032177, 1, 1, 1, 1, 0.968203008175, 0.775359690189, 1, 1, 1, 1, 1, 1, 1, 1, 1, 1, 1, 1, 1, 1, 0.942947268486, 1, 1, 1, 1, 1]
        mean: [0.219714388251, 0.261818140745, 0.431100428104, 0.50426697731, 0.35419139266, 0.227874279022, 0.189998567104, 0.166733548045, 0.171802207828, 0.19076603651, 0.19390784204, 0.239347234368, 0.317891329527, 0.257613480091, 0.162381485105, 0.169239118695, 0.192449972034, 0.2111466676, 0.217259630561, 0.197772294283, 0.210560828447, 0.210470870137, 0.18009608984, 0.181967645884, 0.203650444746, 0.24034191668, 0.35501819849, 0.495354861021, 0.415537387133, 0.232310220599, 0.152540683746, 0.15534928441, 0.223069190979, 0.257013171911, 0.22983519733, 0.221619054675]
        min: [0.0108978943899, 0.006405452732, 0.0217236150056, 0.0435676388443, 0.0152943897992, 0.00907891243696, 0.00371785182506, 0.00218047876842, 0.00504216831177, 0.0102028651163, 0.0075522349216, 0.00981661118567, 0.0122381718829, 0.0170396827161, 0.00445718225092, 0.00550388591364, 0.0102381817997, 0.0124844368547, 0.00939319655299, 0.00609942059964, 0.00251276115887, 0.00194268114865, 0.00283271865919, 0.00483772251755, 0.00375876668841, 0.0110345296562, 0.0169298108667, 0.0234695952386, 0.0193448252976, 0.0113186733797, 0.00272606010549, 0.00132076349109, 0.00153492728714, 0.00159182318021, 0.00661659101024, 0.0103966230527]
        var: [0.0476397797465, 0.052204515785, 0.0828880220652, 0.097318045795, 0.0597206577659, 0.0495314188302, 0.0393176078796, 0.0241383630782, 0.0231762863696, 0.0306161269546, 0.0382132828236, 0.0453499853611, 0.0646114200354, 0.0384311899543, 0.0202335678041, 0.0209843944758, 0.0322656705976, 0.0423845537007, 0.0515289306641, 0.0433487482369, 0.0424335673451, 0.050674892962, 0.0519104674459, 0.0418476127088, 0.0396701619029, 0.0522356331348, 0.0726137831807, 0.107067793608, 0.0900969430804, 0.0493048131466, 0.0262559931725, 0.0240878295153, 0.0428729616106, 0.0471994541585, 0.0460197292268, 0.0636847093701]
    chords_histogram: [77.3148117065, 0, 0, 0, 0, 0, 0, 0, 0, 0, 0, 0, 0, 0, 0, 0, 0, 0, 0, 0, 0, 0, 0, 22.6851844788]
    thpcp: [1, 0.702388644218, 0.451892137527, 0.376781702042, 0.330645382404, 0.340696930885, 0.378303647041, 0.384534090757, 0.474643886089, 0.630402803421, 0.510867238045, 0.322014898062, 0.335614115, 0.381643027067, 0.418720006943, 0.430842459202, 0.392197579145, 0.417558223009, 0.417379826307, 0.357144325972, 0.36085575819, 0.40385439992, 0.476616412401, 0.704028248787, 0.982326567173, 0.824042439461, 0.460688948631, 0.302499860525, 0.308069527149, 0.442363262177, 0.509676814079, 0.455780774355, 0.439487546682, 0.435710430145, 0.519205391407, 0.854905128479]
    chords_key: "F#"
    chords_scale: "major"
    key_key: "F#"
    key_scale: "major"
    chords_progression: ["F#", "F#", "F#", "F#", "F#", "D#m", "D#m", "F#", "F#", "F#", "F#", "F#", "F#", "F#", "F#", "F#", "F#", "F#", "F#", "F#", "F#", "F#", "F#", "F#", "F#", "F#", "F#", "F#", "F#", "F#", "F#", "F#", "F#", "F#", "F#", "F#", "F#", "F#", "F#", "F#", "F#", "F#", "F#", "F#", "F#", "F#", "F#", "F#", "F#", "F#", "F#", "F#", "F#", "F#", "F#", "F#", "F#", "F#", "F#", "F#", "F#", "F#", "F#", "F#", "F#", "F#", "F#", "F#", "F#", "F#", "F#", "F#", "F#", "D#m", "D#m", "D#m", "D#m", "D#m", "D#m", "D#m", "D#m", "D#m", "D#m", "D#m", "D#m", "D#m", "D#m", "D#m", "D#m", "D#m", "D#m", "D#m", "D#m", "D#m", "D#m", "D#m", "D#m", "D#m", "D#m", "D#m", "D#m", "D#m", "D#m", "D#m", "D#m", "D#m", "D#m", "D#m", "D#m", "D#m", "D#m", "D#m", "D#m", "D#m", "D#m", "D#m", "D#m", "D#m", "D#m", "D#m", "F#", "F#", "F#", "F#", "F#", "F#", "F#", "F#", "F#", "F#", "F#", "F#", "F#", "F#", "F#", "F#", "F#", "F#", "F#", "F#", "F#", "F#", "F#", "F#", "F#", "F#", "F#", "F#", "F#", "F#", "F#", "F#", "F#", "F#", "F#", "F#", "F#", "F#", "F#", "F#", "F#", "F#", "F#", "F#", "F#", "F#", "F#", "F#", "F#", "F#", "F#", "F#", "F#", "F#", "F#", "F#", "F#", "F#", "F#", "F#", "F#", "F#", "F#", "F#", "F#", "F#", "F#", "F#", "F#", "F#", "F#", "F#", "F#", "F#", "F#", "F#", "F#", "F#", "F#", "F#", "F#", "F#", "F#", "F#", "F#", "F#", "F#", "F#", "F#", "F#", "F#", "F#", "F#", "F#", "F#", "F#"]
