
metadata:
    version:
        essentia: "1.2.2"
    audio_properties:
        analysis_sample_rate: 44100
        bitrate: 128
        channels: 2
        equal_loudness: 1
        length: 9.92653083801
        replay_gain: -10.5626010895
        downmix: "mix"
    tags:
        track: 23
        year: 0
        album: "Splitted by Mp3Splt v. 2.1"
        artist: "From 003.40 To 003.50"
        comment: "http://mp3splt.sf.net"
        genre: ""
        title: "07 Elemental.mp3"

highlevel:
    ballroom:
        all:
            ChaChaCha: 0.0181017369032
            Jive: 0.0657789185643
            Quickstep: 0.140477374196
            Rumba-American: 0.0118799526244
            Rumba-International: 0.214783087373
            Rumba-Misc: 0.136851981282
            Samba: 0.0481942743063
            Tango: 0.0132453162223
            VienneseWaltz: 0.285226345062
            Waltz: 0.0654610097408
        probability: 0.285226345062
        value: "VienneseWaltz"
    culture:
        all:
            non_western: 0.133449941874
            western: 0.866550087929
        probability: 0.866550087929
        value: "western"
    gender:
        all:
            female: 0.742508769035
            male: 0.257491201162
        probability: 0.742508769035
        value: "female"
    genre_dortmund:
        all:
            alternative: 0.193786382675
            blues: 0.00209150160663
            electronic: 0.279998421669
            folkcountry: 0.089734531939
            funksoulrnb: 0.0339229442179
            jazz: 0.0551744960248
            pop: 0.105034314096
            raphiphop: 0.023023057729
            rock: 0.21723434329
        probability: 0.279998421669
        value: "electronic"
    genre_electronica:
        all:
            ambient: 0.420485049486
            dnb: 0.0634057074785
            house: 0.0311629883945
            techno: 0.00910773966461
            trance: 0.475838512182
        probability: 0.475838512182
        value: "trance"
    genre_rosamerica:
        all:
            cla: 0.0621689856052
            dan: 0.366162896156
            hip: 0.0277409721166
            jaz: 0.0516737736762
            pop: 0.108274303377
            rhy: 0.106799989939
            roc: 0.263523906469
            spe: 0.013655167073
        probability: 0.366162896156
        value: "dan"
    genre_tzanetakis:
        all:
            blu: 0.0310062207282
            cla: 0.0344719924033
            cou: 0.151465147734
            dis: 0.0650182962418
            hip: 0.0249810889363
            jaz: 0.0740680918097
            met: 0.0281186774373
            pop: 0.396880596876
            reg: 0.0600387342274
            roc: 0.133951157331
        probability: 0.396880596876
        value: "pop"
    live_studio:
        all:
            live: 0.589721858501
            studio: 0.410278141499
        probability: 0.589721858501
        value: "live"
    mood:
        all:
            Cluster1: 0.436708956957
            Cluster2: 0.227447479963
            Cluster3: 0.103025846183
            Cluster4: 0.0890595689416
            Cluster5: 0.143758162856
        probability: 0.436708956957
        value: "Cluster1"
    mood_acoustic:
        all:
            acoustic: 0.208034738898
            not_acoustic: 0.791965246201
        probability: 0.791965246201
        value: "not_acoustic"
    mood_aggressive:
        all:
            aggressive: 0.769782245159
            not_aggressive: 0.230217769742
        probability: 0.769782245159
        value: "aggressive"
    mood_electronic:
        all:
            electronic: 0.800564348698
            not_electronic: 0.199435636401
        probability: 0.800564348698
        value: "electronic"
    mood_happy:
        all:
            happy: 0.403571277857
            not_happy: 0.596428751945
        probability: 0.596428751945
        value: "not_happy"
    mood_party:
        all:
            not_party: 0.708560168743
            party: 0.291439831257
        probability: 0.708560168743
        value: "not_party"
    mood_relaxed:
        all:
            not_relaxed: 0.341542541981
            relaxed: 0.658457458019
        probability: 0.658457458019
        value: "relaxed"
    mood_sad:
        all:
            not_sad: 0.295896470547
            sad: 0.704103529453
        probability: 0.704103529453
        value: "sad"
    rhythm:
        all:
            fast: 0.0537596493959
            medium: 0.515391528606
            slow: 0.430848836899
        probability: 0.515391528606
        value: "medium"
    speech_music:
        all:
            music: 0.997033715248
            speech: 0.00296629965305
        probability: 0.997033715248
        value: "music"
    timbre:
        all:
            bright: 0.631257176399
            dark: 0.368742853403
        probability: 0.631257176399
        value: "bright"
    voice_instrumental:
        all:
            instrumental: 0.394133388996
            voice: 0.605866611004
        probability: 0.605866611004
        value: "voice"

lowlevel:
    average_loudness: 0.974596381187
    barkbands_kurtosis:
        dmean: 1.69089543819
        dmean2: 2.79163146019
        dvar: 3.25306296349
        dvar2: 8.3082780838
        max: 17.0693035126
        mean: 2.55383014679
        min: -1.81472253799
        var: 7.32783222198
    barkbands_skewness:
        dmean: 0.372147291899
        dmean2: 0.617837965488
        dvar: 0.128504186869
        dvar2: 0.320470482111
        max: 3.66712594032
        mean: 1.63832819462
        min: -0.0171827245504
        var: 0.329239815474
    barkbands_spread:
        dmean: 4.94828176498
        dmean2: 7.78127622604
        dvar: 23.965713501
        dvar2: 59.7157478333
        max: 56.4802856445
        mean: 19.5381393433
        min: 5.49265146255
        var: 53.0911979675
    dissonance:
        dmean: 0.023009641096
        dmean2: 0.0384193062782
        dvar: 0.000494447303936
        dvar2: 0.0011266375659
        max: 0.499995708466
        mean: 0.44946706295
        min: 0.170112252235
        var: 0.000858139363118
    hfc:
        dmean: 1.0586553812
        dmean2: 1.61987304688
        dvar: 2.24193572998
        dvar2: 5.96047496796
        max: 22.325750351
        mean: 3.80950069427
        min: 0.0126233706251
        var: 4.07272291183
    pitch:
        dmean: 119.064506531
        dmean2: 226.545227051
        dvar: 135694.21875
        dvar2: 400355.34375
        max: 4410
        mean: 241.746276855
        min: 69.0140838623
        var: 75839.1796875
    pitch_instantaneous_confidence:
        dmean: 0.0672704577446
        dmean2: 0.109677866101
        dvar: 0.00361903221346
        dvar2: 0.00951491948217
        max: 0.749769806862
        mean: 0.365644425154
        min: 0.148206353188
        var: 0.0102060670033
    pitch_salience:
        dmean: 0.0607077628374
        dmean2: 0.0968782827258
        dvar: 0.0026033509057
        dvar2: 0.00694310851395
        max: 0.870802938938
        mean: 0.65714263916
        min: 0.404154539108
        var: 0.00636286009103
    silence_rate_20dB:
        dmean: 0
        dmean2: 0
        dvar: 0
        dvar2: 0
        max: 1
        mean: 1
        min: 1
        var: 0
    silence_rate_30dB:
        dmean: 0
        dmean2: 0
        dvar: 0
        dvar2: 0
        max: 1
        mean: 1
        min: 1
        var: 0
    silence_rate_60dB:
        dmean: 0.102803736925
        dmean2: 0.206088989973
        dvar: 0.0922346189618
        dvar2: 0.21045486629
        max: 1
        mean: 0.184149190784
        min: 0
        var: 0.150239288807
    spectral_centroid:
        dmean: 154.757507324
        dmean2: 239.132339478
        dvar: 27397.1191406
        dvar2: 69400.75
        max: 2072.97460938
        mean: 774.393676758
        min: 381.840637207
        var: 45798.765625
    spectral_complexity:
        dmean: 2.09836053848
        dmean2: 3.41314554214
        dvar: 3.37674498558
        dvar2: 8.59926891327
        max: 28
        mean: 10.4626169205
        min: 0
        var: 9.2205696106
    spectral_crest:
        dmean: 2.11433553696
        dmean2: 3.3824763298
        dvar: 3.23558235168
        dvar2: 8.40131378174
        max: 18.4713153839
        mean: 8.78433609009
        min: 3.31136345863
        var: 8.92996501923
    spectral_decrease:
        dmean: 2.96507651765e-10
        dmean2: 4.66375271735e-10
        dvar: 7.74514604563e-20
        dvar2: 1.681437173e-19
        max: -1.57531171267e-12
        mean: -1.23811039199e-09
        min: -3.41903794165e-09
        var: 2.98559235723e-19
    spectral_energy:
        dmean: 0.00118852278683
        dmean2: 0.00185433903243
        dvar: 1.24193911688e-06
        dvar2: 2.71030944532e-06
        max: 0.0137299625203
        mean: 0.00501844985411
        min: 7.09062442183e-06
        var: 4.85533200845e-06
    spectral_energyband_high:
        dmean: 0.000104895181721
        dmean2: 0.000170393162989
        dvar: 7.41907868473e-08
        dvar2: 2.11762838376e-07
        max: 0.0041328324005
        mean: 0.000149651648826
        min: 5.23187395629e-07
        var: 5.1024358072e-08
    spectral_energyband_low:
        dmean: 0.000277246057522
        dmean2: 0.000387310225051
        dvar: 2.09355121683e-07
        dvar2: 3.91070074102e-07
        max: 0.00303218676709
        mean: 0.000404350052122
        min: 1.99684340174e-08
        var: 3.97109658934e-07
    spectral_energyband_middle_high:
        dmean: 0.000235738465562
        dmean2: 0.000375410309061
        dvar: 7.98594044227e-08
        dvar2: 1.92087725281e-07
        max: 0.00431843614206
        mean: 0.000780383299571
        min: 4.43648741566e-06
        var: 2.31346234614e-07
    spectral_energyband_middle_low:
        dmean: 0.00105095061008
        dmean2: 0.0017078918172
        dvar: 1.06296261038e-06
        dvar2: 2.52316704064e-06
        max: 0.0118243601173
        mean: 0.00368405040354
        min: 2.11046335608e-06
        var: 3.67700135939e-06
    spectral_flatness_db:
        dmean: 0.0211209114641
        dmean2: 0.0309701431543
        dvar: 0.000302835484035
        dvar2: 0.000673178234138
        max: 0.265083223581
        mean: 0.161805465817
        min: 0.0963986739516
        var: 0.00087757979054
    spectral_flux:
        dmean: 0.00757438363507
        dmean2: 0.0110205067322
        dvar: 5.68520772504e-05
        dvar2: 0.000104214443127
        max: 0.0845541134477
        mean: 0.0361317507923
        min: 0.00266282260418
        var: 0.000144211197039
    spectral_kurtosis:
        dmean: 2.16965961456
        dmean2: 3.17515206337
        dvar: 7.87992477417
        dvar2: 16.0364494324
        max: 25.683385849
        mean: 4.67188596725
        min: -1.18818819523
        var: 12.9206523895
    spectral_rms:
        dmean: 0.000265508337179
        dmean2: 0.000410306209233
        dvar: 5.8135885439e-08
        dvar2: 1.11690773963e-07
        max: 0.00365992961451
        mean: 0.00215771282092
        min: 8.31726065371e-05
        var: 2.40325533696e-07
    spectral_rolloff:
        dmean: 474.284698486
        dmean2: 778.986328125
        dvar: 305620.34375
        dvar2: 730032.3125
        max: 4565.0390625
        mean: 1288.67163086
        min: 387.59765625
        var: 515167.0625
    spectral_skewness:
        dmean: 0.335262745619
        dmean2: 0.481010466814
        dvar: 0.10556794703
        dvar2: 0.202207803726
        max: 3.69444084167
        mean: 1.8069435358
        min: 0.467196822166
        var: 0.229291751981
    spectral_spread:
        dmean: 740429.625
        dmean2: 1062648.125
        dvar: 675074473984
        dvar2: 1.09207440589e+12
        max: 16353195
        mean: 5159461.5
        min: 1730402.75
        var: 2.38304152781e+12
    spectral_strongpeak:
        dmean: 0.190346464515
        dmean2: 0.320631325245
        dvar: 0.0374441966414
        dvar2: 0.0986221581697
        max: 1.27282392979
        mean: 0.389930903912
        min: 0.00536691630259
        var: 0.0749881491065
    zerocrossingrate:
        dmean: 0.0074351397343
        dmean2: 0.00950543768704
        dvar: 3.46611413988e-05
        dvar2: 6.05057175562e-05
        max: 0.09765625
        mean: 0.0546817965806
        min: 0.01513671875
        var: 0.000159658578923
    barkbands:
        dmean: [5.18541241945e-07, 0.000154597946675, 0.000215383814066, 0.000255534454482, 0.000416271359427, 0.000582128704991, 0.000290213298285, 0.000207454810152, 0.000137228096719, 3.08370472339e-05, 4.5663844503e-05, 8.96669589565e-05, 2.10737944144e-05, 2.34784256463e-05, 6.96441784385e-05, 2.97537444567e-05, 3.06574984279e-05, 3.72391332348e-05, 4.71633502457e-05, 4.71878629469e-05, 5.95665769652e-05, 2.59493444901e-05, 6.45049112791e-06, 2.59293256022e-06, 1.98758789338e-06, 9.66740927311e-08, 3.04367031578e-10]
        dmean2: [8.81803373431e-07, 0.000229615048738, 0.000366497639334, 0.000456357025541, 0.000705038022716, 0.000925751228351, 0.000425057427492, 0.000321813829942, 0.000195785760297, 4.96312386531e-05, 7.2638533311e-05, 0.000145352852996, 3.3139342122e-05, 3.59628393198e-05, 0.000117115239846, 4.85716482217e-05, 5.02058719576e-05, 6.38291239738e-05, 7.15008500265e-05, 8.03696821094e-05, 0.000101907840872, 4.27201484854e-05, 1.07254609247e-05, 4.06777235185e-06, 2.98679401567e-06, 1.75720899165e-07, 5.75601954989e-10]
        dvar: [5.47037241894e-13, 8.1505973526e-08, 1.77228656639e-07, 1.89560964259e-07, 3.35018285114e-07, 4.4606775873e-07, 1.35072923513e-07, 4.92043099598e-08, 3.2509948511e-08, 1.93190397013e-09, 3.20807491683e-09, 2.67955027056e-08, 8.39715519341e-10, 1.0961649366e-09, 5.758205468e-09, 4.92922058726e-09, 2.0658565969e-09, 2.43219089313e-09, 3.67745522922e-09, 2.35643815572e-09, 5.5782507502e-08, 1.50499257501e-09, 1.56369361903e-10, 1.00324755448e-10, 9.28329219052e-11, 2.48919859199e-14, 2.93093107328e-18]
        dvar2: [1.53816922307e-12, 1.55615893505e-07, 4.54456881016e-07, 5.30493423412e-07, 8.80279969806e-07, 1.12362965865e-06, 2.72347108421e-07, 1.07161838514e-07, 6.43562216851e-08, 4.62677451907e-09, 8.08544164954e-09, 6.6396680154e-08, 1.8812165159e-09, 2.12794937227e-09, 1.48024259516e-08, 1.25436327991e-08, 5.01919750207e-09, 6.4981202641e-09, 8.40419733805e-09, 6.20777385052e-09, 1.61508253882e-07, 3.93867516379e-09, 4.15317030766e-10, 2.19641332899e-10, 2.05224712224e-10, 6.61479131561e-14, 5.89598748273e-18]
        max: [5.52093615624e-06, 0.00178458041046, 0.00241146236658, 0.00405838899314, 0.00463616009802, 0.00788091495633, 0.004476594273, 0.00246673985384, 0.0020910196472, 0.000451627129223, 0.000431072985521, 0.00162835570518, 0.000327482179273, 0.000352324772393, 0.000843703513965, 0.00123996881302, 0.000444356061053, 0.000540733337402, 0.000957600190304, 0.00035718063009, 0.003625218058, 0.000237910571741, 0.000100801597, 0.000167416787008, 0.00017951297923, 8.84521853095e-07, 3.53520910323e-08]
        mean: [6.22568336439e-07, 0.000182898686035, 0.000220845657168, 0.000318484962918, 0.000741007737815, 0.00121820066124, 0.000606747693382, 0.00045485587907, 0.00032784184441, 5.43329733773e-05, 8.19465349196e-05, 0.000135682552354, 3.72752328985e-05, 4.41891970695e-05, 0.000116091934615, 4.77015819342e-05, 5.70588927076e-05, 7.11410830263e-05, 9.74307913566e-05, 8.47622941365e-05, 7.93505605543e-05, 2.4925742764e-05, 6.93337779012e-06, 4.97068140248e-06, 3.08271341964e-06, 7.09795386911e-08, 3.39185485254e-10]
        min: [4.60741653163e-11, 7.73520092423e-09, 1.1319515103e-08, 2.42887256974e-08, 2.85033678438e-07, 9.50928040311e-07, 1.02305747873e-07, 2.55531116267e-08, 6.31937950857e-07, 1.69011784124e-07, 1.8765126697e-07, 1.00232432487e-06, 3.18905250651e-07, 1.69855255194e-07, 8.87575367869e-07, 1.16339755607e-07, 1.65204355085e-07, 1.25835256881e-07, 5.92653520926e-07, 4.40453135298e-07, 1.59008564538e-07, 6.80873171177e-08, 3.07468117633e-09, 2.31952039798e-08, 1.03515285232e-08, 1.05307769449e-10, 7.562451777e-14]
        var: [6.46791810648e-13, 1.22083065435e-07, 1.62974856721e-07, 1.68859813243e-07, 4.34067317201e-07, 1.30526404973e-06, 4.53897740726e-07, 2.049306147e-07, 1.01746238101e-07, 3.25337268237e-09, 5.56151436015e-09, 4.0008014679e-08, 1.67565172848e-09, 2.37051289709e-09, 1.02262101009e-08, 5.65995872392e-09, 4.62676963409e-09, 5.19287457479e-09, 1.09881321819e-08, 4.17669809849e-09, 3.29388178955e-08, 1.22885523979e-09, 1.69861513744e-10, 2.30969340875e-10, 1.08615678951e-10, 1.82914122217e-14, 5.80771118135e-18]
    mfcc:
        mean: [-714.681091309, 137.055282593, -20.6147098541, 40.4263000488, -20.9591846466, -13.3766670227, -8.98229122162, -16.9741001129, -3.33043861389, -5.32511997223, -2.83716535568, -5.75026226044, -2.31851291656]
        cov: [[1368.04602051, -557.33795166, 262.631103516, 13.0871191025, -28.5545349121, -26.1998062134, 46.7627029419, 0.366788417101, 53.9389953613, -31.4388198853, -58.0961456299, -92.3127822876, -33.9985275269], [-557.33795166, 588.773620605, -219.737075806, 24.0599403381, 50.2251205444, 15.6324453354, 13.6530542374, 7.16742610931, -7.49029350281, 39.4126319885, 58.4743766785, 90.5280685425, 26.2596492767], [262.631103516, -219.737075806, 305.747772217, -8.31796264648, 9.85849952698, -2.14990830421, 20.3601074219, 10.0290632248, 3.86145973206, 8.32406711578, -7.63350534439, -35.9159889221, -11.5546569824], [13.0871191025, 24.0599403381, -8.31796264648, 150.210708618, -11.4875268936, 100.186546326, -26.2653446198, 48.20337677, 20.7319164276, 4.20838212967, 42.3987426758, 24.2526741028, 28.0752067566], [-28.5545349121, 50.2251205444, 9.85849952698, -11.4875268936, 180.818939209, -54.3804931641, 71.4923782349, 3.90607571602, 14.7764358521, 48.8649902344, -6.63842010498, 47.3130111694, -12.0363645554], [-26.1998062134, 15.6324453354, -2.14990830421, 100.186546326, -54.3804931641, 281.586914062, -26.8910427094, 75.8915405273, 3.14204192162, 4.52316570282, 76.1406860352, 14.8234329224, 59.0750656128], [46.7627029419, 13.6530542374, 20.3601074219, -26.2653446198, 71.4923782349, -26.8910427094, 139.704315186, -13.9169273376, 14.4014511108, 35.965007782, -10.8762121201, 18.365354538, -2.60461378098], [0.366788417101, 7.16742610931, 10.0290632248, 48.20337677, 3.90607571602, 75.8915405273, -13.9169273376, 113.580337524, 21.1224536896, 1.79145741463, 36.8923225403, 18.6015529633, 23.2334861755], [53.9389953613, -7.49029350281, 3.86145973206, 20.7319164276, 14.7764358521, 3.14204192162, 14.4014511108, 21.1224536896, 58.5833473206, 16.5001468658, 14.2930240631, 3.23259019852, 6.66443109512], [-31.4388198853, 39.4126319885, 8.32406711578, 4.20838212967, 48.8649902344, 4.52316570282, 35.965007782, 1.79145741463, 16.5001468658, 66.4864425659, 18.6421890259, 25.762840271, 1.73567247391], [-58.0961456299, 58.4743766785, -7.63350534439, 42.3987426758, -6.63842010498, 76.1406860352, -10.8762121201, 36.8923225403, 14.2930240631, 18.6421890259, 83.7937393188, 33.4913101196, 30.1653156281], [-92.3127822876, 90.5280685425, -35.9159889221, 24.2526741028, 47.3130111694, 14.8234329224, 18.365354538, 18.6015529633, 3.23259019852, 25.762840271, 33.4913101196, 86.74609375, 22.6985664368], [-33.9985275269, 26.2596492767, -11.5546569824, 28.0752067566, -12.0363645554, 59.0750656128, -2.60461378098, 23.2334861755, 6.66443109512, 1.73567247391, 30.1653156281, 22.6985664368, 55.0599555969]]
        icov: [[0.00133333203848, 0.00107577501331, -0.000321720493957, -0.000463747157482, 0.000134588539368, 5.23705857631e-05, -0.00065829633968, 8.61994558363e-05, -0.00102779676672, 0.000499337096699, 0.000108045373054, 7.3783492553e-05, 0.000403961690608], [0.00107577501331, 0.00372395874001, 0.00165787397418, -0.000483052252093, -0.000225379204494, 0.000379507488105, -0.00071868399391, 5.67340175621e-05, 0.000316863530315, -0.000611564260907, -0.00152269599494, -0.00101726572029, 0.00020257034339], [-0.000321720493957, 0.00165787397418, 0.00499336933717, -4.68851794722e-05, -0.000621496874373, 0.000306352041662, -0.000567174167372, -0.000798908993602, 0.00147841928992, -0.00155577238183, -0.001469013514, 0.00157192011829, -4.49324616056e-05], [-0.000463747157482, -0.000483052252093, -4.68851794722e-05, 0.0103703495115, -0.000298217055388, -0.00300857354887, 0.0020860710647, -0.000966546300333, -0.00312913581729, 0.000535598897841, -0.000449090439361, -0.00230145500973, -0.000127688588691], [0.000134588539368, -0.000225379204494, -0.000621496874373, -0.000298217055388, 0.0099167143926, 0.00145194551442, -0.00299290870316, -0.00174550525844, -0.000602280604653, -0.00416413834319, 0.00225127395242, -0.00465853326023, 0.00230847997591], [5.23705857631e-05, 0.000379507488105, 0.000306352041662, -0.00300857354887, 0.00145194551442, 0.00726666860282, -0.000845473608933, -0.00265877763741, 0.00314850662835, -0.00157843134366, -0.00366824073717, 0.0022040233016, -0.00417779525742], [-0.00065829633968, -0.00071868399391, -0.000567174167372, 0.0020860710647, -0.00299290870316, -0.000845473608933, 0.0107460916042, 0.00134289602283, -0.00191291188821, -0.00328301265836, 0.00228452729061, -0.000981254153885, -0.00156394753139], [8.61994558363e-05, 5.67340175621e-05, -0.000798908993602, -0.000966546300333, -0.00174550525844, -0.00265877763741, 0.00134289602283, 0.0130114015192, -0.00427448004484, 0.00274591497146, -0.0019568563439, -0.00146679813042, -0.000496812572237], [-0.00102779676672, 0.000316863530315, 0.00147841928992, -0.00312913581729, -0.000602280604653, 0.00314850662835, -0.00191291188821, -0.00427448004484, 0.0237074997276, -0.00564167927951, -0.00390670308843, 0.00425532087684, -0.00298214913346], [0.000499337096699, -0.000611564260907, -0.00155577238183, 0.000535598897841, -0.00416413834319, -0.00157843134366, -0.00328301265836, 0.00274591497146, -0.00564167927951, 0.0244642775506, -0.00454510841519, -0.00310208415613, 0.00315026612952], [0.000108045373054, -0.00152269599494, -0.001469013514, -0.000449090439361, 0.00225127395242, -0.00366824073717, 0.00228452729061, -0.0019568563439, -0.00390670308843, -0.00454510841519, 0.0231732781976, -0.00596771901473, -0.00354411825538], [7.3783492553e-05, -0.00101726572029, 0.00157192011829, -0.00230145500973, -0.00465853326023, 0.0022040233016, -0.000981254153885, -0.00146679813042, 0.00425532087684, -0.00310208415613, -0.00596771901473, 0.0214906800538, -0.00678383698687], [0.000403961690608, 0.00020257034339, -4.49324616056e-05, -0.000127688588691, 0.00230847997591, -0.00417779525742, -0.00156394753139, -0.000496812572237, -0.00298214913346, 0.00315026612952, -0.00354411825538, -0.00678383698687, 0.0284932684153]]
    spectral_contrast:
        mean: [-7.92146437334e-08, 1.7902283389e-07, 2.1951359841e-08, -5.47643765003e-07, 2.23691500878e-08, -1.37104606779e-07, -1.64045070505e-06, 1.30350343852e-07, 1.60013399864e-07, 1.87336843283e-06, 2.66048391495e-06, -2.61146328739e-06]
        var: [0.000441124284407, 0.00088610954117, 0.00148975779302, 0.00160394841805, 0.00326121109538, 0.00417577289045, 0.0487525872886, 0.0826256647706, 0.141200736165, 0.212095290422, 0.323361694813, 0.763384580612]

rhythm:
    beats_loudness:
        dmean: 0.00169210135937
        dmean2: 0.00298572005704
        dvar: 1.68730207406e-06
        dvar2: 4.62191019324e-06
        max: 0.0097140641883
        mean: 0.00648680562153
        min: 0.00472252815962
        var: 2.3531097213e-06
    beats_loudness_bass:
        dmean: 0.193188622594
        dmean2: 0.276387989521
        dvar: 0.0154728963971
        dvar2: 0.0520780533552
        max: 0.667709231377
        mean: 0.307932674885
        min: 0.0144360773265
        var: 0.0281363241374
    bpm: 127.190414429
    bpm_confidence: 0
    first_peak_bpm: 127
    first_peak_spread: 0
    first_peak_weight: 0.950000047684
    onset_rate: 5.13774633408
    second_peak_bpm: 119
    second_peak_spread: 0
    second_peak_weight: 0.0500000007451
    beats_position: [0.111499533057, 0.584535181522, 1.05757081509, 1.53060650826, 2.00364232063, 2.47667789459, 2.94971370697, 3.42274928093, 3.89578509331, 4.36882066727, 4.84185647964, 5.31489229202, 5.7879281044, 6.29231262207, 6.7623872757, 7.23246145248, 7.70253610611, 8.1726102829, 8.64268398285, 9.11275959015, 9.5828332901]
    bpm_estimates: [127.307510376, 127.312690735, 127.545959473, 123.656181335, 127.372283936, 127.018424988, 127.265892029, 127.338821411, 127.533927917, 127.435546875, 128.716018677, 127.278778076, 127.638961792, 127.244743347]
    bpm_intervals: [0.473035633564, 0.473035633564, 0.473035693169, 0.473035812378, 0.473035573959, 0.473035812378, 0.473035573959, 0.473035812378, 0.473035573959, 0.473035812378, 0.473035812378, 0.473035812378, 0.50438451767, 0.470074653625, 0.470074176788, 0.470074653625, 0.470074176788, 0.470073699951, 0.4700756073, 0.470073699951]
    onset_times: [0.0464399084449, 0.348299324512, 0.49922901392, 0.592108845711, 0.835918366909, 0.940408170223, 1.05650794506, 1.30031740665, 1.40480720997, 1.53251695633, 1.764716506, 1.90403628349, 1.99691605568, 2.24072551727, 2.36843538284, 2.47292518616, 2.71673464775, 2.85605430603, 2.94893431664, 3.19274377823, 3.42494320869, 3.90095233917, 4.14476203918, 4.26086187363, 4.38857126236, 4.5046710968, 4.63238096237, 4.841360569, 5.21287965775, 5.5727891922, 5.68888902664, 5.79337882996, 6.025578022, 6.1648979187, 6.29260778427, 6.51319742203, 6.74539661407, 6.98920631409, 7.19818592072, 7.45360565186, 7.73224496841, 7.91800451279, 8.08054447174, 8.17342376709, 8.38240337372, 8.63782310486, 8.99773216248, 9.0906124115, 9.35764217377, 9.58984088898, 9.83365058899]
    rubato_start: []
    rubato_stop: []
    perceptual_tempo: "unknown"

sfx:
    inharmonicity:
        dmean: 0.0307172592729
        dmean2: 0.055375572294
        dvar: 0.00154323910829
        dvar2: 0.00406953925267
        max: 0.266114592552
        mean: 0.0293006822467
        min: 0.000151940635988
        var: 0.00147350656334
    oddtoevenharmonicenergyratio:
        dmean: 1.91866743565
        dmean2: 3.66044187546
        dvar: 25.1353626251
        dvar2: 77.6184921265
        max: 43.4623832703
        mean: 1.23839795589
        min: 0.000480649410747
        var: 14.0959806442
    pitch_after_max_to_before_max_energy_ratio: 0.398525565863
    pitch_centroid: 217.682800293
    pitch_max_to_total: 0.913551390171
    pitch_min_to_total: 0.605140209198
    tristimulus:
        dmean: [0.232491731644, 0.230523347855, 0.0796262547374]
        dmean2: [0.417675793171, 0.408417999744, 0.139134347439]
        dvar: [0.0361952893436, 0.0345665104687, 0.00572592252865]
        dvar2: [0.099835254252, 0.101082883775, 0.0162259563804]
        max: [0.978546619415, 0.944889247417, 0.688455462456]
        mean: [0.49707993865, 0.402107208967, 0.0857984721661]
        min: [0.0243807472289, 0, 0]
        var: [0.0524874925613, 0.0494336336851, 0.00671417452395]

tonal:
    chords_changes_rate: 0.0186046510935
    chords_number_rate: 0.0139534883201
    chords_strength:
        dmean: 0.00570463808253
        dmean2: 0.00627963803709
        dvar: 1.93840842257e-05
        dvar2: 3.28967034875e-05
        max: 0.627134084702
        mean: 0.522287428379
        min: 0.3674710989
        var: 0.00377194327302
    key_strength: 0.641732811928
    tuning_diatonic_strength: 0.521154165268
    tuning_equal_tempered_deviation: 0.0902030095458
    tuning_frequency: 439.238189697
    tuning_nontempered_energy_ratio: 0.691543459892
    hpcp:
        dmean: [0.082486756146, 0.0824492499232, 0.14634168148, 0.216883376241, 0.202590197325, 0.096812300384, 0.0798531547189, 0.0936969891191, 0.0689039975405, 0.0521397851408, 0.0559476055205, 0.133055761456, 0.206224650145, 0.168885335326, 0.0736017748713, 0.0821737870574, 0.113126792014, 0.154970347881, 0.241869494319, 0.208454713225, 0.11492510885, 0.0787924453616, 0.0452637635171, 0.0793377682567, 0.1246349141, 0.140319615602, 0.180762171745, 0.198946237564, 0.138013467193, 0.100266575813, 0.112429715693, 0.0940901562572, 0.0942524150014, 0.117168873549, 0.108602568507, 0.100897759199]
        dmean2: [0.150348320603, 0.145747974515, 0.251178324223, 0.377739459276, 0.347762048244, 0.175234138966, 0.131763279438, 0.163774892688, 0.12630648911, 0.0914883986115, 0.100696116686, 0.234352573752, 0.358403742313, 0.279517322779, 0.127392053604, 0.15046608448, 0.210742518306, 0.26571187377, 0.38347324729, 0.341262459755, 0.2076485008, 0.147213473916, 0.0792832002044, 0.129516839981, 0.20137244463, 0.241221547127, 0.282697141171, 0.317398220301, 0.232483431697, 0.172458618879, 0.198495447636, 0.163041129708, 0.165855333209, 0.201813131571, 0.183362364769, 0.179217517376]
        dvar: [0.0258517395705, 0.0222663879395, 0.0284072700888, 0.0544421114028, 0.04076885432, 0.0230795983225, 0.0164663214236, 0.0249807145447, 0.0119066685438, 0.00541827827692, 0.00575694302097, 0.0216230172664, 0.0458324924111, 0.030180869624, 0.00757715525106, 0.0269346386194, 0.0310288835317, 0.023826899007, 0.050942927599, 0.0306167900562, 0.0306463129818, 0.0340010598302, 0.0098346080631, 0.0183074716479, 0.0283459778875, 0.035198956728, 0.0358200594783, 0.0487557426095, 0.0190097857267, 0.0241564605385, 0.0337176509202, 0.030808089301, 0.0209493711591, 0.0299503020942, 0.0179210416973, 0.0263592135161]
        dvar2: [0.0736509263515, 0.0606359839439, 0.0768979862332, 0.100680090487, 0.114136613905, 0.0706330835819, 0.0360655337572, 0.0737053528428, 0.0355080030859, 0.0159543883055, 0.0171185415238, 0.0634101480246, 0.118120148778, 0.0742600187659, 0.0207345560193, 0.0748596191406, 0.088101066649, 0.0623525045812, 0.108529686928, 0.0770783573389, 0.0848848074675, 0.0963220819831, 0.0271635390818, 0.0451264120638, 0.0652077123523, 0.0898546203971, 0.0852091535926, 0.111832544208, 0.0457958988845, 0.068635173142, 0.0931619256735, 0.0838496685028, 0.055375430733, 0.0697203427553, 0.0407577343285, 0.0698876306415]
        max: [0.970165252686, 1, 1, 1, 1, 1, 1, 1, 0.675175726414, 0.508442282677, 0.473380386829, 0.898057878017, 1, 1, 0.439310252666, 1, 1, 1, 1, 1, 0.946646630764, 1, 0.832274496555, 1, 1, 1, 1, 1, 0.948299109936, 1, 1, 1, 0.937669873238, 1, 1, 0.976253211498]
        mean: [0.0700027942657, 0.0753000900149, 0.261310249567, 0.526550531387, 0.368872135878, 0.103864304721, 0.101622819901, 0.0934116095304, 0.0686082541943, 0.0629911795259, 0.0623405911028, 0.18675494194, 0.425856202841, 0.337172776461, 0.0932988896966, 0.0674226954579, 0.0864053890109, 0.266564041376, 0.546191811562, 0.39305639267, 0.103157006204, 0.0570284537971, 0.0458762608469, 0.101324133575, 0.173116847873, 0.173433229327, 0.312279134989, 0.409147262573, 0.2119769454, 0.110080905259, 0.121663033962, 0.0831725522876, 0.100814148784, 0.169740080833, 0.158572003245, 0.0949490070343]
        min: [0.000842688896228, 0.00190796179231, 0.00430935109034, 0.0094954892993, 0.00793272536248, 0.00313024153002, 0.00088029744802, 0.00117126968689, 0.00167881743982, 0.000634975265712, 0.001056151581, 0.00675358437002, 0.0125801004469, 0.00699626421556, 0.0043502189219, 0.00215046084486, 0.0016683585709, 0.00241493061185, 0.00630081444979, 0.00526256579906, 0.00170168385375, 0.000454211753095, 0.000315341632813, 0.00241745635867, 0.00134457962122, 0.00178442103788, 0.0079149082303, 0.0104892654344, 0.0124605400488, 0.00063296611188, 0.00036906558671, 0.000920551654417, 0.00235708197579, 0.00451329769567, 0.00522266561165, 0.00266723544337]
        var: [0.0179366637021, 0.017363673076, 0.0385820642114, 0.124096669257, 0.0654334723949, 0.0180837307125, 0.0324258469045, 0.0258561894298, 0.00979438796639, 0.00739613873884, 0.00550134060904, 0.029854465276, 0.113608002663, 0.081670217216, 0.00959746539593, 0.0185663085431, 0.0214220006019, 0.036360129714, 0.121896669269, 0.0719532221556, 0.0230528637767, 0.0203649941832, 0.00813435763121, 0.0289583671838, 0.0531034320593, 0.0505306012928, 0.0738509595394, 0.129547432065, 0.0359645262361, 0.0246783979237, 0.0294965319335, 0.0224974993616, 0.0217218287289, 0.0438923537731, 0.0353743210435, 0.0247684177011]
    chords_histogram: [33.0232543945, 0, 0, 0, 0, 0, 0, 0, 0, 0, 0, 0, 0, 0, 0, 0, 0, 0, 0, 0, 0, 0, 2.32558131218, 64.6511611938]
    thpcp: [1, 0.719630718231, 0.18886590004, 0.104411035776, 0.0839929506183, 0.185510158539, 0.316952466965, 0.317531734705, 0.571738958359, 0.749090790749, 0.388099819422, 0.201542571187, 0.222747817636, 0.152277186513, 0.184576451778, 0.310770094395, 0.290322929621, 0.173838213086, 0.128165215254, 0.137863814831, 0.478422135115, 0.964039564133, 0.675352752209, 0.190160855651, 0.186057016253, 0.171023458242, 0.125612020493, 0.115327946842, 0.114136807621, 0.341921895742, 0.779682517052, 0.617315709591, 0.17081707716, 0.123441427946, 0.158196046948, 0.488041073084]
    chords_key: "D#"
    chords_scale: "minor"
    key_key: "F#"
    key_scale: "major"
    chords_progression: ["D#m", "D#m", "D#m", "D#m", "D#m", "D#m", "D#m", "D#m", "D#m", "D#m", "D#m", "D#m", "D#m", "D#m", "D#m", "D#m", "D#m", "D#m", "D#m", "D#m", "D#m", "D#m", "D#m", "D#m", "D#m", "D#m", "D#m", "D#m", "D#m", "D#m", "D#m", "D#m", "D#m", "D#m", "D#m", "D#m", "D#m", "D#m", "D#m", "D#m", "D#m", "D#m", "D#m", "D#m", "D#m", "D#m", "D#m", "D#m", "D#m", "D#m", "D#m", "D#m", "B", "B", "B", "B", "B", "D#m", "D#m", "D#m", "D#m", "D#m", "D#m", "D#m", "D#m", "D#m", "D#m", "D#m", "D#m", "D#m", "D#m", "D#m", "D#m", "D#m", "D#m", "D#m", "D#m", "D#m", "D#m", "D#m", "D#m", "F#", "F#", "F#", "F#", "F#", "F#", "F#", "F#", "F#", "F#", "F#", "F#", "F#", "F#", "F#", "F#", "F#", "F#", "F#", "F#", "F#", "F#", "F#", "F#", "F#", "F#", "F#", "F#", "F#", "F#", "F#", "F#", "F#", "F#", "F#", "F#", "F#", "F#", "F#", "F#", "F#", "F#", "F#", "F#", "F#", "F#", "F#", "F#", "F#", "F#", "F#", "F#", "F#", "F#", "F#", "F#", "F#", "F#", "F#", "F#", "F#", "F#", "F#", "F#", "F#", "F#", "F#", "F#", "F#", "F#", "F#", "D#m", "D#m", "D#m", "D#m", "D#m", "D#m", "D#m", "D#m", "D#m", "D#m", "D#m", "D#m", "D#m", "D#m", "D#m", "D#m", "D#m", "D#m", "D#m", "D#m", "D#m", "D#m", "D#m", "D#m", "D#m", "D#m", "D#m", "D#m", "D#m", "D#m", "D#m", "D#m", "D#m", "D#m", "D#m", "D#m", "D#m", "D#m", "D#m", "D#m", "D#m", "D#m", "D#m", "D#m", "D#m", "D#m", "D#m", "D#m", "D#m", "D#m", "D#m", "D#m", "D#m", "D#m", "D#m", "D#m", "D#m", "D#m", "D#m", "D#m", "D#m", "D#m", "D#m"]
