
metadata:
    version:
        essentia: "1.2.2"
    audio_properties:
        analysis_sample_rate: 44100
        bitrate: 128
        channels: 2
        equal_loudness: 1
        length: 10.0310201645
        replay_gain: -11.1457061768
        downmix: "mix"
    tags:
        track: 13
        year: 0
        album: "Splitted by Mp3Splt v. 2.1"
        artist: "From 002.00 To 002.10"
        comment: "http://mp3splt.sf.net"
        genre: ""
        title: "07 Come on Down.mp3"

highlevel:
    ballroom:
        all:
            ChaChaCha: 0.0695875287056
            Jive: 0.813755691051
            Quickstep: 0.0216018743813
            Rumba-American: 0.00134665681981
            Rumba-International: 0.00466184411198
            Rumba-Misc: 0.00287719676271
            Samba: 0.0466912649572
            Tango: 0.00216834363528
            VienneseWaltz: 0.0339136682451
            Waltz: 0.00339591735974
        probability: 0.813755691051
        value: "Jive"
    culture:
        all:
            non_western: 0.0214953757823
            western: 0.978504598141
        probability: 0.978504598141
        value: "western"
    gender:
        all:
            female: 0.523870289326
            male: 0.476129710674
        probability: 0.523870289326
        value: "female"
    genre_dortmund:
        all:
            alternative: 0.107351869345
            blues: 0.00541962869465
            electronic: 0.066515468061
            folkcountry: 0.0147043094039
            funksoulrnb: 0.00543542345986
            jazz: 0.00431202491745
            pop: 0.0412810891867
            raphiphop: 0.00317088025622
            rock: 0.751809298992
        probability: 0.751809298992
        value: "rock"
    genre_electronica:
        all:
            ambient: 0.124191261828
            dnb: 0.269230902195
            house: 0.00141698890366
            techno: 0.00315817492083
            trance: 0.602002680302
        probability: 0.602002680302
        value: "trance"
    genre_rosamerica:
        all:
            cla: 0.00688645197079
            dan: 0.00261034374125
            hip: 0.000710822409019
            jaz: 0.00135050120298
            pop: 0.00316649861634
            rhy: 0.000653450959362
            roc: 0.984221220016
            spe: 0.000400685501518
        probability: 0.984221220016
        value: "roc"
    genre_tzanetakis:
        all:
            blu: 0.00593870319426
            cla: 0.0224256403744
            cou: 0.0606605261564
            dis: 0.053613089025
            hip: 0.0107079427689
            jaz: 0.0851591899991
            met: 0.172621071339
            pop: 0.266047358513
            reg: 0.0265424661338
            roc: 0.296284019947
        probability: 0.296284019947
        value: "roc"
    live_studio:
        all:
            live: 0.351233631372
            studio: 0.648766338825
        probability: 0.648766338825
        value: "studio"
    mood:
        all:
            Cluster1: 0.553104817867
            Cluster2: 0.0957735106349
            Cluster3: 0.0625999048352
            Cluster4: 0.0351874046028
            Cluster5: 0.253334343433
        probability: 0.553104817867
        value: "Cluster1"
    mood_acoustic:
        all:
            acoustic: 0.0234553106129
            not_acoustic: 0.976544678211
        probability: 0.976544678211
        value: "not_acoustic"
    mood_aggressive:
        all:
            aggressive: 0.989635109901
            not_aggressive: 0.0103648984805
        probability: 0.989635109901
        value: "aggressive"
    mood_electronic:
        all:
            electronic: 0.733867943287
            not_electronic: 0.266132026911
        probability: 0.733867943287
        value: "electronic"
    mood_happy:
        all:
            happy: 0.7560942173
            not_happy: 0.243905797601
        probability: 0.7560942173
        value: "happy"
    mood_party:
        all:
            not_party: 0.425132960081
            party: 0.574867069721
        probability: 0.574867069721
        value: "party"
    mood_relaxed:
        all:
            not_relaxed: 0.874376833439
            relaxed: 0.125623196363
        probability: 0.874376833439
        value: "not_relaxed"
    mood_sad:
        all:
            not_sad: 0.874874413013
            sad: 0.125125586987
        probability: 0.874874413013
        value: "not_sad"
    rhythm:
        all:
            fast: 0.458979815245
            medium: 0.498695850372
            slow: 0.0423243381083
        probability: 0.498695850372
        value: "medium"
    speech_music:
        all:
            music: 0.999902248383
            speech: 9.77519812295e-05
        probability: 0.999902248383
        value: "music"
    timbre:
        all:
            bright: 0.132686302066
            dark: 0.867313683033
        probability: 0.867313683033
        value: "dark"
    voice_instrumental:
        all:
            instrumental: 0.0327329784632
            voice: 0.967267036438
        probability: 0.967267036438
        value: "voice"

lowlevel:
    average_loudness: 0.977393090725
    barkbands_kurtosis:
        dmean: 0.367176532745
        dmean2: 0.614143490791
        dvar: 0.475050747395
        dvar2: 1.06298649311
        max: 9.07645225525
        mean: -0.95263338089
        min: -1.80562126637
        var: 1.76420974731
    barkbands_skewness:
        dmean: 0.287522166967
        dmean2: 0.4584197402
        dvar: 0.071770593524
        dvar2: 0.163788110018
        max: 3.12331914902
        mean: 0.1619207412
        min: -0.997122764587
        var: 0.467802733183
    barkbands_spread:
        dmean: 3.90247130394
        dmean2: 6.18077230453
        dvar: 11.2188692093
        dvar2: 28.6958446503
        max: 50.4410324097
        mean: 33.2969970703
        min: 11.1530017853
        var: 52.3002510071
    dissonance:
        dmean: 0.0115585606545
        dmean2: 0.0195629987866
        dvar: 9.84563303064e-05
        dvar2: 0.000275909609627
        max: 0.49912545085
        mean: 0.479958146811
        min: 0.424790948629
        var: 0.000170469560544
    hfc:
        dmean: 2.06537675858
        dmean2: 3.13640427589
        dvar: 7.55079030991
        dvar2: 18.3203449249
        max: 23.3952732086
        mean: 7.27690649033
        min: 4.16073089582e-06
        var: 14.1147603989
    pitch:
        dmean: 625.153076172
        dmean2: 1185.16223145
        dvar: 1043404.9375
        dvar2: 2615460
        max: 3392.30761719
        mean: 630.073181152
        min: 69.3396224976
        var: 912215.9375
    pitch_instantaneous_confidence:
        dmean: 0.0614483915269
        dmean2: 0.100096359849
        dvar: 0.00260626268573
        dvar2: 0.00637563643977
        max: 0.62543618679
        mean: 0.30144956708
        min: 0.134505212307
        var: 0.00827519502491
    pitch_salience:
        dmean: 0.0528302378953
        dmean2: 0.0881451442838
        dvar: 0.00226385518909
        dvar2: 0.00569817842916
        max: 0.937477707863
        mean: 0.646374583244
        min: 0.356049507856
        var: 0.00533253606409
    silence_rate_20dB:
        dmean: 0
        dmean2: 0
        dvar: 0
        dvar2: 0
        max: 1
        mean: 1
        min: 1
        var: 0
    silence_rate_30dB:
        dmean: 0
        dmean2: 0
        dvar: 0
        dvar2: 0
        max: 1
        mean: 1
        min: 1
        var: 0
    silence_rate_60dB:
        dmean: 0.0787037014961
        dmean2: 0.157772615552
        dvar: 0.0725094527006
        dvar2: 0.151441946626
        max: 1
        mean: 0.138568133116
        min: 0
        var: 0.119367048144
    spectral_centroid:
        dmean: 180.361663818
        dmean2: 289.179626465
        dvar: 26932.7011719
        dvar2: 69684.28125
        max: 2101.24194336
        mean: 1407.75146484
        min: 344.461090088
        var: 127839.085938
    spectral_complexity:
        dmean: 4.38979101181
        dmean2: 6.50465106964
        dvar: 19.532535553
        dvar2: 41.4499320984
        max: 49
        mean: 18.2754631042
        min: 0
        var: 62.2551689148
    spectral_crest:
        dmean: 1.41588902473
        dmean2: 2.23456144333
        dvar: 1.75373804569
        dvar2: 4.20472002029
        max: 18.7284297943
        mean: 5.91324472427
        min: 2.52536559105
        var: 7.32632541656
    spectral_decrease:
        dmean: 3.54425905291e-10
        dmean2: 5.62789648217e-10
        dvar: 3.0154424621e-19
        dvar2: 7.66764943275e-19
        max: -5.11595459345e-16
        mean: -1.18671716898e-09
        min: -4.79644857165e-09
        var: 3.4788442924e-19
    spectral_energy:
        dmean: 0.00150305160787
        dmean2: 0.0023611751385
        dvar: 5.30592024006e-06
        dvar2: 1.34497804538e-05
        max: 0.0202249065042
        mean: 0.00513897556812
        min: 2.30826802117e-09
        var: 6.37564153294e-06
    spectral_energyband_high:
        dmean: 0.000102301208244
        dmean2: 0.000150832900545
        dvar: 2.14773674401e-08
        dvar2: 4.65012917061e-08
        max: 0.00119352748152
        mean: 0.000218903020141
        min: 2.32840136061e-11
        var: 3.66231382998e-08
    spectral_energyband_low:
        dmean: 0.000263741472736
        dmean2: 0.000444349192549
        dvar: 1.30771326212e-07
        dvar2: 3.31290436861e-07
        max: 0.00256011728197
        mean: 0.000442291348008
        min: 2.51921872252e-10
        var: 1.63986072721e-07
    spectral_energyband_middle_high:
        dmean: 0.000637213175651
        dmean2: 0.00098265951965
        dvar: 5.44294437077e-07
        dvar2: 1.31328772568e-06
        max: 0.00715419510379
        mean: 0.00249967398122
        min: 1.73770853262e-09
        var: 1.68994949945e-06
    spectral_energyband_middle_low:
        dmean: 0.000841918576043
        dmean2: 0.00139478384517
        dvar: 2.5266101602e-06
        dvar2: 6.68830352879e-06
        max: 0.0129410233349
        mean: 0.00197808817029
        min: 2.41912850862e-10
        var: 2.48384981205e-06
    spectral_flatness_db:
        dmean: 0.0138687724248
        dmean2: 0.0196455512196
        dvar: 0.000189905811567
        dvar2: 0.000339636026183
        max: 0.247713014483
        mean: 0.135504841805
        min: 0.0790041908622
        var: 0.000797360611614
    spectral_flux:
        dmean: 0.00896770134568
        dmean2: 0.0122052039951
        dvar: 0.000123400212033
        dvar2: 0.000235690065892
        max: 0.10839355737
        mean: 0.0405262373388
        min: 4.80444396089e-05
        var: 0.00025132697192
    spectral_kurtosis:
        dmean: 1.15917646885
        dmean2: 1.88316810131
        dvar: 1.56835722923
        dvar2: 3.2606048584
        max: 15.0899906158
        mean: 5.31025123596
        min: 1.02131271362
        var: 3.74703931808
    spectral_rms:
        dmean: 0.000298615370411
        dmean2: 0.000451140484074
        dvar: 1.45997276491e-07
        dvar2: 3.4723731801e-07
        max: 0.00444202823564
        mean: 0.00218283711001
        min: 1.5006561398e-06
        var: 2.48858015084e-07
    spectral_rolloff:
        dmean: 269.539672852
        dmean2: 442.582275391
        dvar: 91556.25
        dvar2: 225227.4375
        max: 4005.17578125
        mean: 2768.71289062
        min: 258.3984375
        var: 372118.65625
    spectral_skewness:
        dmean: 0.16460493207
        dmean2: 0.25566893816
        dvar: 0.0285222064704
        dvar2: 0.0532109364867
        max: 3.56508088112
        mean: 1.70185613632
        min: 0.819108009338
        var: 0.0761107951403
    spectral_spread:
        dmean: 531327.8125
        dmean2: 677236.4375
        dvar: 521141256192
        dvar2: 685374242816
        max: 12573762
        mean: 4343508
        min: 2191784
        var: 1.18531542221e+12
    spectral_strongpeak:
        dmean: 0.298321783543
        dmean2: 0.527632117271
        dvar: 0.270381450653
        dvar2: 0.709233820438
        max: 3.81970596313
        mean: 0.420225411654
        min: 0
        var: 0.305088847876
    zerocrossingrate:
        dmean: 0.00595340598375
        dmean2: 0.00723337568343
        dvar: 2.74380618066e-05
        dvar2: 4.17471856053e-05
        max: 0.11767578125
        mean: 0.0830518901348
        min: 0.015625
        var: 0.000298545026453
    barkbands:
        dmean: [2.74974297554e-07, 0.000110872133519, 0.000204574796953, 0.00026126310695, 0.000386512954719, 0.000137433977216, 0.000218878660235, 6.58044518786e-05, 0.000121446129924, 4.86808676214e-05, 0.000126543804072, 8.08502954897e-05, 7.20547832316e-05, 0.000121892589959, 0.000107667336124, 0.000133362511406, 0.000220275207539, 0.000177917536348, 0.000130571715999, 8.64370085765e-05, 4.81786337332e-05, 1.51689691847e-05, 2.64990853793e-06, 9.67229766502e-07, 9.46068837493e-07, 6.88994958864e-08, 6.63657739874e-10]
        dmean2: [3.61399600024e-07, 0.000198150009965, 0.000351569033228, 0.000424179044785, 0.000658091332298, 0.000231131489272, 0.000374022929464, 0.000105759754661, 0.000189029495232, 8.00404886832e-05, 0.000207547287573, 0.000131398730446, 0.00011392954184, 0.000196155160666, 0.000170594881638, 0.000221332738874, 0.000369419838535, 0.000295783684123, 0.000215481399209, 0.000138176226756, 7.41409094189e-05, 2.26216398005e-05, 3.84370378015e-06, 1.28006684008e-06, 1.32379841489e-06, 1.0071204315e-07, 9.78301772925e-10]
        dvar: [9.05550211639e-13, 4.09023606096e-08, 7.40932719623e-08, 1.22270719771e-07, 5.58604142498e-07, 6.0279504055e-08, 4.07758335541e-07, 2.03538945698e-08, 3.01331724017e-08, 4.03170474783e-09, 2.50637022248e-08, 1.51516381663e-08, 7.80309505899e-09, 2.53461571731e-08, 2.30944579016e-08, 2.14772697404e-08, 4.3977664177e-08, 3.43635804256e-08, 1.84969319861e-08, 1.30686919064e-08, 4.96372143388e-09, 9.98657712081e-10, 1.84335706421e-11, 1.53765227547e-12, 1.59444191791e-12, 9.9153431166e-15, 1.94964005381e-17]
        dvar2: [1.00812273026e-12, 1.10826448463e-07, 1.9698235576e-07, 3.01720547213e-07, 1.53214318743e-06, 1.58193529387e-07, 1.1246181657e-06, 4.17839842726e-08, 6.88725734221e-08, 9.61102042396e-09, 6.59244392409e-08, 4.11137968115e-08, 1.80428596508e-08, 6.36002042143e-08, 6.17260340618e-08, 6.18309883293e-08, 1.18799967197e-07, 9.09218371703e-08, 4.76046011499e-08, 3.36626229114e-08, 1.05621316138e-08, 2.27103447159e-09, 3.29044465286e-11, 2.4463766516e-12, 3.06870934913e-12, 2.00780384885e-14, 1.99913787992e-17]
        max: [1.90812061192e-05, 0.00121809064876, 0.0024315265473, 0.0031582263764, 0.00548182427883, 0.00249249511398, 0.00465644802898, 0.00194607360754, 0.00198981771246, 0.000614761665929, 0.00149752595462, 0.00152093498036, 0.000769050442614, 0.00281047774479, 0.00155007746071, 0.00142217264511, 0.00189995067194, 0.00176639040001, 0.000990654458292, 0.000842238194309, 0.000569826981518, 0.000354142277502, 3.80142446375e-05, 1.3861215848e-05, 1.14787790153e-05, 1.15801799438e-06, 9.14937601237e-08]
        mean: [3.28027994101e-07, 9.37025542953e-05, 0.000348286877852, 0.000567279465031, 0.000633589399513, 0.000213658786379, 0.000234856212046, 0.000114618138468, 0.000202637573238, 8.60147338244e-05, 0.00021801154071, 0.000142270466313, 0.000129602587549, 0.000222296235734, 0.000207793869777, 0.000254610989941, 0.000469868769869, 0.000406958919484, 0.000290003052214, 0.000166775862454, 9.82978817774e-05, 2.80628719338e-05, 5.21440733792e-06, 2.13023417928e-06, 1.97686381398e-06, 1.35090729714e-07, 8.20213952313e-10]
        min: [1.05278202822e-10, 1.35100791665e-10, 6.46776243673e-11, 4.62194865714e-11, 7.20353290906e-11, 4.68058959646e-11, 3.25799213996e-11, 2.17995621554e-11, 1.98841550864e-11, 1.97945288632e-11, 3.00657172769e-11, 1.02141989311e-10, 2.38913361317e-10, 1.57478738383e-10, 1.06186358317e-10, 9.66257698853e-11, 3.87105680844e-10, 4.64820099078e-10, 1.20195645104e-10, 2.30189721451e-11, 7.22580285537e-12, 4.3675874549e-12, 1.78853991079e-12, 1.25230349094e-12, 9.74528075424e-13, 8.66089643579e-13, 8.34278772368e-13]
        var: [9.7440089851e-13, 2.995686188e-08, 1.05014436258e-07, 2.99849915564e-07, 4.97093651575e-07, 7.6987262787e-08, 3.05109836063e-07, 2.67936837162e-08, 6.64653825311e-08, 6.2452931715e-09, 6.8209992321e-08, 3.25923252831e-08, 1.57999426875e-08, 6.4914850384e-08, 6.10876327301e-08, 3.8867309371e-08, 8.38112157453e-08, 7.58556595315e-08, 3.15248733784e-08, 1.70352212336e-08, 8.03921729187e-09, 1.45263379103e-09, 4.10665251804e-11, 4.8164246029e-12, 4.41313955865e-12, 2.36352126428e-14, 1.95318154488e-17]
    mfcc:
        mean: [-694.625427246, 122.15096283, -59.7120819092, 50.78383255, -1.45281076431, -2.49771237373, 0.418770462275, -3.53582143784, -0.448601543903, -11.3763055801, -4.74740934372, -7.54127073288, -8.06254482269]
        cov: [[2962.02661133, -651.882080078, 182.375610352, -251.060821533, -190.799697876, -36.0073318481, -38.4249572754, -20.4798812866, 43.5308227539, -47.2564086914, -44.0112075806, 11.6103506088, 80.5366439819], [-651.882080078, 463.405426025, -156.060531616, 149.505844116, 29.2862510681, 29.8063907623, 22.1472454071, 12.5645971298, -9.13013458252, 29.8628234863, 12.3385734558, -11.508690834, -38.4835624695], [182.375610352, -156.060531616, 276.019042969, -35.3908500671, 18.8560504913, -22.2582492828, -33.5787849426, -4.80835008621, -16.3769245148, 5.76889419556, -26.5722446442, 12.4374160767, -4.31647253036], [-251.060821533, 149.505844116, -35.3908500671, 175.847671509, 35.159576416, 22.571390152, -0.78175932169, -13.0298976898, 13.8688631058, 15.3748350143, 12.8925247192, -20.014591217, -8.70415019989], [-190.799697876, 29.2862510681, 18.8560504913, 35.159576416, 118.841308594, 23.2936706543, 33.0218963623, 12.1832036972, 23.4856548309, 27.527507782, -0.5477232337, 8.19546794891, -10.2379741669], [-36.0073318481, 29.8063907623, -22.2582492828, 22.571390152, 23.2936706543, 75.8986129761, 32.9311256409, 21.3094749451, 10.9447221756, 8.9102306366, 8.23306274414, -3.04296469688, 1.21780717373], [-38.4249572754, 22.1472454071, -33.5787849426, -0.78175932169, 33.0218963623, 32.9311256409, 75.5538711548, 33.6213874817, 27.8017616272, 6.94644641876, 8.84262466431, 9.46446418762, 4.66812372208], [-20.4798812866, 12.5645971298, -4.80835008621, -13.0298976898, 12.1832036972, 21.3094749451, 33.6213874817, 53.3248138428, 17.0527667999, 7.92921352386, 0.932742416859, 8.07556343079, 1.05684638023], [43.5308227539, -9.13013458252, -16.3769245148, 13.8688631058, 23.4856548309, 10.9447221756, 27.8017616272, 17.0527667999, 66.9081726074, 20.219373703, 16.9900875092, -5.30152320862, 7.00294399261], [-47.2564086914, 29.8628234863, 5.76889419556, 15.3748350143, 27.527507782, 8.9102306366, 6.94644641876, 7.92921352386, 20.219373703, 56.9189186096, 15.6476535797, 6.5289106369, -12.7687997818], [-44.0112075806, 12.3385734558, -26.5722446442, 12.8925247192, -0.5477232337, 8.23306274414, 8.84262466431, 0.932742416859, 16.9900875092, 15.6476535797, 54.7061309814, 0.721115350723, 2.43707466125], [11.6103506088, -11.508690834, 12.4374160767, -20.014591217, 8.19546794891, -3.04296469688, 9.46446418762, 8.07556343079, -5.30152320862, 6.5289106369, 0.721115350723, 42.8938560486, 11.6061792374], [80.5366439819, -38.4835624695, -4.31647253036, -8.70415019989, -10.2379741669, 1.21780717373, 4.66812372208, 1.05684638023, 7.00294399261, -12.7687997818, 2.43707466125, 11.6061792374, 39.2404327393]]
        icov: [[0.000588019727729, 0.000694348826073, -5.89923911321e-05, 0.00010887926328, 0.00103893864434, -0.000333717674948, -0.000152389387949, 0.000375616305973, -0.000730910920538, -0.000332941563101, 0.00067385553848, -0.000163777105627, -0.000190104183275], [0.000694348826073, 0.00543040363118, 0.00232367636636, -0.00360648729838, 0.00133084401023, 8.58372950461e-05, -0.000752491992898, -0.00169646227732, 0.00169539370108, -0.00199823686853, 0.00138380087446, -0.00121386372484, 0.00315627851523], [-5.89923911321e-05, 0.00232367636636, 0.0056616794318, -0.00101337698288, -0.001613172004, 0.00063878018409, 0.00248380354606, -0.00189956545364, 0.00156054017134, -0.00144841324072, 0.00180985254701, -0.00137771351729, 0.0016581871314], [0.00010887926328, -0.00360648729838, -0.00101337698288, 0.0103421453387, -0.00231749471277, -0.00246221921407, 0.00192576402333, 0.00399236241356, -0.00273697054945, 0.000247221294558, -0.00120109179989, 0.00363610172644, -0.0028746209573], [0.00103893864434, 0.00133084401023, -0.001613172004, -0.00231749471277, 0.0146740023047, -0.00220551667735, -0.00566677004099, 0.00274175591767, -0.00392940966412, -0.0040546907112, 0.00393219618127, -0.00355545990169, 0.00316784530878], [-0.000333717674948, 8.58372950461e-05, 0.00063878018409, -0.00246221921407, -0.00220551667735, 0.0189545378089, -0.00646468997002, -0.00538369594142, 0.00444688322023, -0.00233104988001, -0.00178731046617, 0.00467182183638, -0.00277932407334], [-0.000152389387949, -0.000752491992898, 0.00248380354606, 0.00192576402333, -0.00566677004099, -0.00646468997002, 0.0272863786668, -0.0101996492594, -0.00704716565087, 0.00504919188097, -0.00173326127697, -0.00522592989728, 0.000579955987632], [0.000375616305973, -0.00169646227732, -0.00189956545364, 0.00399236241356, 0.00274175591767, -0.00538369594142, -0.0101996492594, 0.0306872297078, -0.00625032000244, -0.00116751086898, 0.00305696763098, -0.00351910619065, 0.00109779683407], [-0.000730910920538, 0.00169539370108, 0.00156054017134, -0.00273697054945, -0.00392940966412, 0.00444688322023, -0.00704716565087, -0.00625032000244, 0.0273780971766, -0.00933274626732, -0.00463813217357, 0.00975423771888, -0.00794895086437], [-0.000332941563101, -0.00199823686853, -0.00144841324072, 0.000247221294558, -0.0040546907112, -0.00233104988001, 0.00504919188097, -0.00116751086898, -0.00933274626732, 0.0289828833193, -0.00683894474059, -0.00866198539734, 0.0111476350576], [0.00067385553848, 0.00138380087446, 0.00180985254701, -0.00120109179989, 0.00393219618127, -0.00178731046617, -0.00173326127697, 0.00305696763098, -0.00463813217357, -0.00683894474059, 0.0236829202622, -0.00154645193834, -0.0012991016265], [-0.000163777105627, -0.00121386372484, -0.00137771351729, 0.00363610172644, -0.00355545990169, 0.00467182183638, -0.00522592989728, -0.00351910619065, 0.00975423771888, -0.00866198539734, -0.00154645193834, 0.034634269774, -0.0152626084164], [-0.000190104183275, 0.00315627851523, 0.0016581871314, -0.0028746209573, 0.00316784530878, -0.00277932407334, 0.000579955987632, 0.00109779683407, -0.00794895086437, 0.0111476350576, -0.0012991016265, -0.0152626084164, 0.038969386369]]
    spectral_contrast:
        mean: [1.69621429791e-07, -1.02635198118e-07, -3.47072869999e-07, 1.0495919156e-07, 3.68363942016e-07, -1.00738056119e-07, -5.14159069098e-07, 5.32337082859e-07, 7.78171767024e-08, -1.65237315741e-06, 3.31688823962e-07, -3.50701589014e-06]
        var: [0.000368019304005, 0.000455359724583, 0.00105077051558, 0.00157588149887, 0.0022610637825, 0.00377000449225, 0.0334982015193, 0.0512832179666, 0.124069958925, 0.232820600271, 0.272976338863, 1.57454144955]

rhythm:
    beats_loudness:
        dmean: 0.00303274509497
        dmean2: 0.0053168348968
        dvar: 2.32520051213e-06
        dvar2: 8.12747384771e-06
        max: 0.0114191425964
        mean: 0.00647185882553
        min: 0.00344818597659
        var: 4.45245541414e-06
    beats_loudness_bass:
        dmean: 0.15151026845
        dmean2: 0.294196009636
        dvar: 0.0053868428804
        dvar2: 0.0206156838685
        max: 0.325301527977
        mean: 0.157261013985
        min: 0.0289937630296
        var: 0.0088092777878
    bpm: 148.687561035
    bpm_confidence: 0
    first_peak_bpm: 99
    first_peak_spread: 0
    first_peak_weight: 0.5
    onset_rate: 4.38639307022
    second_peak_bpm: 149
    second_peak_spread: 0
    second_peak_weight: 0.444444447756
    beats_position: [0.283074438572, 0.890860497952, 1.49864649773, 2.10643267632, 2.71421861649, 3.32200455666, 3.92979049683, 4.53757667542, 5.14536237717, 5.75314807892, 6.38827514648, 6.79181623459, 7.19535636902, 7.59889745712, 8.00243854523, 8.40597915649, 8.80951976776, 9.21306037903, 9.6166009903]
    bpm_estimates: [148.01121521, 148.48274231, 148.234359741, 147.880996704, 150.214645386, 149.072113037, 148.244277954, 148.427719116, 149.619842529]
    bpm_intervals: [0.60778605938, 0.607785999775, 0.607786178589, 0.60778594017, 0.60778594017, 0.60778594017, 0.607786178589, 0.607785701752, 0.607785701752, 0.635127067566, 0.403541088104, 0.40354013443, 0.403541088104, 0.403541088104, 0.403540611267, 0.403540611267, 0.403540611267, 0.403540611267]
    onset_times: [0.0580498874187, 0.27863946557, 0.49922901392, 0.684988677502, 0.893968224525, 1.09133791924, 1.30031740665, 1.49768710136, 1.69505667686, 1.90403628349, 2.10140585899, 2.31038546562, 2.51936507225, 2.72834467888, 2.92571425438, 3.13469386101, 3.34367346764, 3.54104304314, 3.75002264977, 3.94739222527, 4.1679816246, 4.35374164581, 4.56272125244, 4.76009082794, 4.96907043457, 5.16644001007, 5.36380958557, 5.58439922333, 5.78176879883, 5.97913837433, 6.39709758759, 6.79183673859, 7.40716552734, 7.61614513397, 8.0224943161, 8.23147392273, 8.42884349823, 8.62621307373, 8.83519268036, 9.05578231812, 9.24154186249, 9.42730140686, 9.64789104462, 9.85687065125]
    rubato_start: [6.79181623459]
    rubato_stop: [7.19535636902]
    perceptual_tempo: "unknown"

sfx:
    inharmonicity:
        dmean: 0.0465133003891
        dmean2: 0.0837620943785
        dvar: 0.00303115975112
        dvar2: 0.00842517893761
        max: 0.383360773325
        mean: 0.0505063086748
        min: 0
        var: 0.00277045788243
    oddtoevenharmonicenergyratio:
        dmean: 1.72323060036
        dmean2: 3.21724319458
        dvar: 15.2428607941
        dvar2: 41.8981056213
        max: 35.2915687561
        mean: 1.16410589218
        min: 0
        var: 8.64068698883
    pitch_after_max_to_before_max_energy_ratio: 3.16702461243
    pitch_centroid: 205.430465698
    pitch_max_to_total: 0.145833328366
    pitch_min_to_total: 0.162037029862
    tristimulus:
        dmean: [0.200705483556, 0.226752102375, 0.118055291474]
        dmean2: [0.36199593544, 0.401370465755, 0.204489946365]
        dvar: [0.0279820039868, 0.0372235886753, 0.00940454564989]
        dvar2: [0.081451587379, 0.109314508736, 0.0252536348999]
        max: [1, 0.926473736763, 0.535732090473]
        mean: [0.359278738499, 0.43467772007, 0.155233681202]
        min: [0.00623195245862, 0, 0]
        var: [0.0379135422409, 0.0446329154074, 0.01427990105]

tonal:
    chords_changes_rate: 0.0185185186565
    chords_number_rate: 0.0185185186565
    chords_strength:
        dmean: 0.00903300661594
        dmean2: 0.00734375463799
        dvar: 5.45845941815e-05
        dvar2: 4.60002447653e-05
        max: 0.719092607498
        mean: 0.572391748428
        min: 0.284599304199
        var: 0.010746515356
    key_strength: 0.670515775681
    tuning_diatonic_strength: 0.536235153675
    tuning_equal_tempered_deviation: 0.100714415312
    tuning_frequency: 440.763122559
    tuning_nontempered_energy_ratio: 0.706284940243
    hpcp:
        dmean: [0.117438413203, 0.0971714630723, 0.113475166261, 0.15344645083, 0.126841321588, 0.0882369056344, 0.0865456312895, 0.0979639440775, 0.124587744474, 0.146439447999, 0.141898274422, 0.166870862246, 0.208652377129, 0.187617242336, 0.160945400596, 0.18150959909, 0.173529997468, 0.177459180355, 0.189253866673, 0.199228584766, 0.153917446733, 0.0972122400999, 0.0973629057407, 0.120984144509, 0.126769006252, 0.0880966112018, 0.0710348710418, 0.0727053880692, 0.0927621424198, 0.133024454117, 0.151677131653, 0.130739837885, 0.130046576262, 0.155338123441, 0.152384057641, 0.151403024793]
        dmean2: [0.199087113142, 0.163114279509, 0.190728694201, 0.255080938339, 0.20764708519, 0.153515130281, 0.146323367953, 0.166744560003, 0.227214157581, 0.263681024313, 0.243309780955, 0.283683806658, 0.375095576048, 0.31634581089, 0.267498314381, 0.304465323687, 0.308769702911, 0.311149448156, 0.321499943733, 0.337459176779, 0.26365095377, 0.168739318848, 0.169202744961, 0.200621262193, 0.205655664206, 0.14696790278, 0.11349208653, 0.121833592653, 0.160804361105, 0.22579048574, 0.266994088888, 0.233377635479, 0.226570576429, 0.265733122826, 0.252674371004, 0.257991045713]
        dvar: [0.0231412220746, 0.0210124272853, 0.0181372258812, 0.035840459168, 0.0198027882725, 0.0147187411785, 0.0214801859111, 0.0184787753969, 0.0322977676988, 0.0468752086163, 0.0373749248683, 0.0334468781948, 0.0748072490096, 0.0421781465411, 0.032500077039, 0.0487942360342, 0.0390555597842, 0.0343300364912, 0.039234764874, 0.0433059707284, 0.0369209945202, 0.0146506763995, 0.0142847141251, 0.019719760865, 0.0175116229802, 0.0109203346074, 0.00692638475448, 0.00901596713811, 0.0123089533299, 0.0220811907202, 0.0413384698331, 0.032925542444, 0.0205083675683, 0.0260959062725, 0.0264059640467, 0.036975197494]
        dvar2: [0.0542549937963, 0.0577429309487, 0.0451096892357, 0.0852885618806, 0.0548795349896, 0.0396667383611, 0.0521243810654, 0.0486389547586, 0.094973385334, 0.130388006568, 0.100925177336, 0.103088647127, 0.180272430182, 0.112112596631, 0.0798244401813, 0.125098362565, 0.101653434336, 0.0922885462642, 0.0987139716744, 0.11917873472, 0.0942676141858, 0.0350605845451, 0.0365103520453, 0.0487407967448, 0.0367144569755, 0.0304362401366, 0.0180653687567, 0.0236209277064, 0.0326011367142, 0.0569698885083, 0.108772106469, 0.0906463414431, 0.0562843829393, 0.0701571628451, 0.0705433413386, 0.0920283421874]
        max: [1, 1, 0.967658281326, 1, 1, 0.964069366455, 1, 0.869642913342, 1, 1, 1, 1, 1, 1, 1, 1, 1, 1, 1, 1, 1, 0.634916961193, 0.737114548683, 1, 1, 0.927945017815, 0.774715662003, 0.812405586243, 0.753697037697, 1, 1, 1, 1, 1, 1, 1]
        mean: [0.131974250078, 0.117671690881, 0.174983724952, 0.260170131922, 0.2117754668, 0.129875987768, 0.121813125908, 0.127396970987, 0.173704057932, 0.206659212708, 0.17916034162, 0.309182554483, 0.515683233738, 0.365625053644, 0.193007022142, 0.213876068592, 0.205970868468, 0.295220285654, 0.446328610182, 0.370543688536, 0.179354101419, 0.121248140931, 0.142467424273, 0.215452492237, 0.249035850167, 0.170790567994, 0.105361349881, 0.100688427687, 0.127195730805, 0.194678008556, 0.211121857166, 0.159140661359, 0.220403090119, 0.338567733765, 0.288075715303, 0.180627793074]
        min: [0.00380936614238, 0.00311685469933, 0.0176278110594, 0.0226693861187, 0.0237995889038, 0.0104522258043, 0.00233003031462, 0.00255386834033, 0.0032209022902, 0.00211215065792, 0.0028365412727, 0.00456650927663, 0.00396391609684, 0.0029510196764, 0.00582437217236, 0.00723283365369, 0.00447150273249, 0.0360958501697, 0.0433801338077, 0.0400598421693, 0.00933263357729, 0.00198364374228, 0.00307425926439, 0.00317925889976, 0.00523044168949, 0.00487535912544, 0.00255553168245, 0.00175372941885, 0.00308744632639, 0.0040547112003, 0.0058209807612, 0.00781854428351, 0.00395063683391, 0.00463747419417, 0.0039207264781, 0.00744531815872]
        var: [0.0258721727878, 0.0193946640939, 0.0250885114074, 0.0743297114968, 0.0404733642936, 0.0164088588208, 0.0257817227393, 0.0274344068021, 0.0469425432384, 0.0539921671152, 0.045975510031, 0.0607212223113, 0.173463225365, 0.0947987064719, 0.0388290248811, 0.0561311766505, 0.0408410951495, 0.056353546679, 0.102663457394, 0.0823231339455, 0.0421723872423, 0.0151554588228, 0.0204761959612, 0.0402504354715, 0.0494298301637, 0.0232989527285, 0.00999428424984, 0.00970994867384, 0.013109982945, 0.034160502255, 0.0537487566471, 0.0271491613239, 0.028975687921, 0.0708276927471, 0.0541618652642, 0.0435762628913]
    chords_histogram: [56.4814796448, 0, 6.01851844788, 2.31481480598, 35.1851844788, 0, 0, 0, 0, 0, 0, 0, 0, 0, 0, 0, 0, 0, 0, 0, 0, 0, 0, 0]
    thpcp: [1, 0.709010958672, 0.374274373055, 0.414743125439, 0.399413555861, 0.572483778, 0.865509271622, 0.718549013138, 0.347798973322, 0.235121354461, 0.276269257069, 0.417800068855, 0.482924073935, 0.331192791462, 0.204314082861, 0.195252478123, 0.246654778719, 0.377514719963, 0.409402221441, 0.308601588011, 0.427400141954, 0.656542062759, 0.558629214764, 0.350268900394, 0.255921155214, 0.228185996413, 0.339324057102, 0.50451540947, 0.41066968441, 0.251852273941, 0.236216962337, 0.247045010328, 0.336842566729, 0.400748372078, 0.347423255444, 0.59955906868]
    chords_key: "C#"
    chords_scale: "major"
    key_key: "C#"
    key_scale: "major"
    chords_progression: ["D#", "D#", "D#", "D#", "D#", "D#", "D#", "D#", "D#", "D#", "D#", "D#", "D#", "D#", "D#", "D#", "D#", "D#", "D#", "D#", "D#", "D#", "D#", "C#", "C#", "C#", "C#", "C#", "C#", "C#", "C#", "C#", "C#", "C#", "C#", "C#", "C#", "C#", "C#", "C#", "C#", "C#", "C#", "C#", "C#", "C#", "C#", "C#", "C#", "C#", "C#", "C#", "C#", "C#", "C#", "C#", "C#", "C#", "C#", "C#", "C#", "C#", "C#", "C#", "C#", "C#", "C#", "C#", "C#", "C#", "C#", "C#", "C#", "C#", "C#", "C#", "C#", "C#", "C#", "C#", "C#", "C#", "C#", "C#", "C#", "C#", "C#", "C#", "C#", "C#", "C#", "C#", "C#", "C#", "C#", "C#", "C#", "C#", "C#", "C#", "C#", "C#", "C#", "C#", "C#", "C#", "C#", "C#", "C#", "C#", "C#", "C#", "C#", "C#", "C#", "C#", "C#", "C#", "C#", "C#", "C#", "C#", "C#", "C#", "C#", "C#", "C#", "C#", "C#", "C#", "C#", "C#", "C#", "C#", "C#", "C#", "C#", "C#", "C#", "C#", "C#", "C#", "C#", "C#", "C#", "G#", "G#", "G#", "G#", "G#", "G#", "G#", "G#", "G#", "G#", "G#", "G#", "G#", "Cm", "Cm", "Cm", "Cm", "Cm", "D#", "D#", "D#", "D#", "D#", "D#", "D#", "D#", "D#", "D#", "D#", "D#", "D#", "D#", "D#", "D#", "D#", "D#", "D#", "D#", "D#", "D#", "D#", "D#", "D#", "D#", "D#", "D#", "D#", "D#", "D#", "D#", "D#", "D#", "D#", "D#", "D#", "D#", "D#", "D#", "D#", "D#", "D#", "D#", "D#", "D#", "D#", "D#", "D#", "D#", "D#", "D#", "D#"]
