
metadata:
    version:
        essentia: "1.2.2"
    audio_properties:
        analysis_sample_rate: 44100
        bitrate: 128
        channels: 2
        equal_loudness: 1
        length: 10.0571432114
        replay_gain: -12.6832523346
        downmix: "mix"
    tags:
        track: 4
        year: 0
        album: "Splitted by Mp3Splt v. 2.1"
        artist: "From 000.30 To 000.40"
        comment: "http://mp3splt.sf.net"
        genre: ""
        title: "11 A Better Tomorrow, Pt. 2.mp"

highlevel:
    ballroom:
        all:
            ChaChaCha: 0.0918377116323
            Jive: 0.0609555952251
            Quickstep: 0.00782427564263
            Rumba-American: 0.00825653225183
            Rumba-International: 0.421267896891
            Rumba-Misc: 0.0216812863946
            Samba: 0.370223522186
            Tango: 0.00509895896539
            VienneseWaltz: 0.0074979881756
            Waltz: 0.00535624427721
        probability: 0.421267896891
        value: "Rumba-International"
    culture:
        all:
            non_western: 0.248726531863
            western: 0.751273453236
        probability: 0.751273453236
        value: "western"
    gender:
        all:
            female: 0.718193292618
            male: 0.281806707382
        probability: 0.718193292618
        value: "female"
    genre_dortmund:
        all:
            alternative: 0.078624047339
            blues: 0.0111240437254
            electronic: 0.446257025003
            folkcountry: 0.0272201355547
            funksoulrnb: 0.00232578767464
            jazz: 0.295273303986
            pop: 0.026611469686
            raphiphop: 0.0249828938395
            rock: 0.087581269443
        probability: 0.446257025003
        value: "electronic"
    genre_electronica:
        all:
            ambient: 0.0906849727035
            dnb: 0.105550944805
            house: 0.0561129823327
            techno: 0.685900509357
            trance: 0.0617506057024
        probability: 0.685900509357
        value: "techno"
    genre_rosamerica:
        all:
            cla: 0.0125102354214
            dan: 0.751788675785
            hip: 0.0951074361801
            jaz: 0.0493332110345
            pop: 0.0121308919042
            rhy: 0.0323806740344
            roc: 0.0388502925634
            spe: 0.00789855979383
        probability: 0.751788675785
        value: "dan"
    genre_tzanetakis:
        all:
            blu: 0.00950541719794
            cla: 0.010159236379
            cou: 0.0112363286316
            dis: 0.028768774122
            hip: 0.50736194849
            jaz: 0.0282908286899
            met: 0.0810936242342
            pop: 0.0570048391819
            reg: 0.202668324113
            roc: 0.0639106854796
        probability: 0.50736194849
        value: "hip"
    live_studio:
        all:
            live: 0.0465218238533
            studio: 0.95347815752
        probability: 0.95347815752
        value: "studio"
    mood:
        all:
            Cluster1: 0.253860473633
            Cluster2: 0.0350909717381
            Cluster3: 0.0633702725172
            Cluster4: 0.013474021107
            Cluster5: 0.634204268456
        probability: 0.634204268456
        value: "Cluster5"
    mood_acoustic:
        all:
            acoustic: 0.276208311319
            not_acoustic: 0.723791718483
        probability: 0.723791718483
        value: "not_acoustic"
    mood_aggressive:
        all:
            aggressive: 0.213464170694
            not_aggressive: 0.786535859108
        probability: 0.786535859108
        value: "not_aggressive"
    mood_electronic:
        all:
            electronic: 0.918266654015
            not_electronic: 0.0817333310843
        probability: 0.918266654015
        value: "electronic"
    mood_happy:
        all:
            happy: 0.162925437093
            not_happy: 0.837074577808
        probability: 0.837074577808
        value: "not_happy"
    mood_party:
        all:
            not_party: 0.672162413597
            party: 0.327837586403
        probability: 0.672162413597
        value: "not_party"
    mood_relaxed:
        all:
            not_relaxed: 0.325728744268
            relaxed: 0.674271285534
        probability: 0.674271285534
        value: "relaxed"
    mood_sad:
        all:
            not_sad: 0.492013394833
            sad: 0.507986605167
        probability: 0.507986605167
        value: "sad"
    rhythm:
        all:
            fast: 0.132477253675
            medium: 0.612257599831
            slow: 0.255265176296
        probability: 0.612257599831
        value: "medium"
    speech_music:
        all:
            music: 0.999574124813
            speech: 0.000425881502451
        probability: 0.999574124813
        value: "music"
    timbre:
        all:
            bright: 0.225050568581
            dark: 0.774949431419
        probability: 0.774949431419
        value: "dark"
    voice_instrumental:
        all:
            instrumental: 0.978172063828
            voice: 0.0218279622495
        probability: 0.978172063828
        value: "instrumental"

lowlevel:
    average_loudness: 0.981756031513
    barkbands_kurtosis:
        dmean: 6.98402547836
        dmean2: 10.7904243469
        dvar: 157.763244629
        dvar2: 342.090820312
        max: 127.336837769
        mean: 9.96638965607
        min: -1.88276708126
        var: 360.660400391
    barkbands_skewness:
        dmean: 0.916828632355
        dmean2: 1.40523302555
        dvar: 0.942015349865
        dvar2: 2.21973919868
        max: 8.65890407562
        mean: 2.42361402512
        min: -1.46431744099
        var: 3.14917778969
    barkbands_spread:
        dmean: 8.58166599274
        dmean2: 13.9050273895
        dvar: 97.3162078857
        dvar2: 236.65687561
        max: 66.224937439
        mean: 24.7056465149
        min: 0.690978765488
        var: 250.157745361
    dissonance:
        dmean: 0.0182574652135
        dmean2: 0.0299699883908
        dvar: 0.000573855184484
        dvar2: 0.000930728041567
        max: 0.500000059605
        mean: 0.460368990898
        min: 0.0174187421799
        var: 0.00112024054397
    hfc:
        dmean: 1.24203586578
        dmean2: 1.9845713377
        dvar: 5.8453040123
        dvar2: 15.3696308136
        max: 15.3401708603
        mean: 2.11483073235
        min: 1.07215453227e-06
        var: 6.25341844559
    pitch:
        dmean: 992.335998535
        dmean2: 1941.92724609
        dvar: 2389952
        dvar2: 5315346.5
        max: 4410
        mean: 1419.3873291
        min: 53.1966209412
        var: 2940234.25
    pitch_instantaneous_confidence:
        dmean: 0.0918617099524
        dmean2: 0.148890316486
        dvar: 0.00581688759848
        dvar2: 0.0147498827428
        max: 0.779080867767
        mean: 0.399149000645
        min: 0.0149104595184
        var: 0.0165217518806
    pitch_salience:
        dmean: 0.0985539108515
        dmean2: 0.16718749702
        dvar: 0.00784501712769
        dvar2: 0.0218697544187
        max: 0.900523841381
        mean: 0.533368885517
        min: 0.164211809635
        var: 0.0159623362124
    silence_rate_20dB:
        dmean: 0
        dmean2: 0
        dvar: 0
        dvar2: 0
        max: 1
        mean: 1
        min: 1
        var: 0
    silence_rate_30dB:
        dmean: 0
        dmean2: 0
        dvar: 0
        dvar2: 0
        max: 1
        mean: 1
        min: 1
        var: 0
    silence_rate_60dB:
        dmean: 0.133640557528
        dmean2: 0.265588909388
        dvar: 0.115781098604
        dvar2: 0.222764313221
        max: 1
        mean: 0.602298855782
        min: 0
        var: 0.239534139633
    spectral_centroid:
        dmean: 271.987731934
        dmean2: 443.245819092
        dvar: 156891.890625
        dvar2: 371772.71875
        max: 3121.44165039
        mean: 665.317260742
        min: 131.267196655
        var: 268567.625
    spectral_complexity:
        dmean: 2.21709012985
        dmean2: 3.60185194016
        dvar: 8.32237911224
        dvar2: 20.4525756836
        max: 22
        mean: 4.94470024109
        min: 0
        var: 14.0384254456
    spectral_crest:
        dmean: 2.89566969872
        dmean2: 4.9092707634
        dvar: 5.56460523605
        dvar2: 15.8412218094
        max: 20.909198761
        mean: 10.1771917343
        min: 3.51894044876
        var: 13.6759643555
    spectral_decrease:
        dmean: 3.7983624579e-10
        dmean2: 5.78172676402e-10
        dvar: 2.96788371279e-19
        dvar2: 5.63355078492e-19
        max: -1.23059201802e-15
        mean: -8.91397677893e-10
        min: -4.69609240383e-09
        var: 6.47998764515e-19
    spectral_energy:
        dmean: 0.00149662815966
        dmean2: 0.00226273923181
        dvar: 4.45143177785e-06
        dvar2: 8.45799422677e-06
        max: 0.018350860104
        mean: 0.00355616235174
        min: 4.74178118992e-09
        var: 9.89314230537e-06
    spectral_energyband_high:
        dmean: 8.98472062545e-05
        dmean2: 0.000146975216921
        dvar: 3.95963155597e-08
        dvar2: 1.07146931327e-07
        max: 0.00114651292097
        mean: 0.000111206834845
        min: 2.00885749008e-11
        var: 3.36901599951e-08
    spectral_energyband_low:
        dmean: 0.000748186546843
        dmean2: 0.00127779936884
        dvar: 1.34914557748e-06
        dvar2: 3.32477111442e-06
        max: 0.00953706912696
        mean: 0.00127499853261
        min: 2.40251285533e-09
        var: 2.0568927539e-06
    spectral_energyband_middle_high:
        dmean: 0.000248252879828
        dmean2: 0.000409604836022
        dvar: 2.20613827651e-07
        dvar2: 5.74488581151e-07
        max: 0.00288214650936
        mean: 0.000376512267394
        min: 1.03607546154e-10
        var: 2.40062547618e-07
    spectral_energyband_middle_low:
        dmean: 0.000969745160546
        dmean2: 0.00154084572569
        dvar: 2.70493501375e-06
        dvar2: 6.03368562224e-06
        max: 0.014898698777
        mean: 0.00179343635682
        min: 1.71075442701e-09
        var: 4.61886702396e-06
    spectral_flatness_db:
        dmean: 0.0299370549619
        dmean2: 0.0464874953032
        dvar: 0.000837474828586
        dvar2: 0.00180391315371
        max: 0.402723670006
        mean: 0.197699099779
        min: 0.0693570375443
        var: 0.00275051989593
    spectral_flux:
        dmean: 0.010965901427
        dmean2: 0.0173329021782
        dvar: 0.000181669704034
        dvar2: 0.000424439436756
        max: 0.106912016869
        mean: 0.0320687219501
        min: 6.88605941832e-05
        var: 0.000358225486707
    spectral_kurtosis:
        dmean: 1.87366366386
        dmean2: 2.91416954994
        dvar: 4.41001558304
        dvar2: 8.47323703766
        max: 31.0015525818
        mean: 4.00031089783
        min: 0.381180286407
        var: 12.7721796036
    spectral_rms:
        dmean: 0.000372652721126
        dmean2: 0.000555363483727
        dvar: 1.90047117599e-07
        dvar2: 3.32919256607e-07
        max: 0.00423122663051
        mean: 0.00170471402816
        min: 2.15084355659e-06
        var: 5.63374840112e-07
    spectral_rolloff:
        dmean: 712.236450195
        dmean2: 1231.37988281
        dvar: 944770.0625
        dvar2: 2340749
        max: 4629.63867188
        mean: 1318.98376465
        min: 129.19921875
        var: 1846417.75
    spectral_skewness:
        dmean: 0.267472565174
        dmean2: 0.396972060204
        dvar: 0.0730680823326
        dvar2: 0.14491713047
        max: 4.46116352081
        mean: 1.48479878902
        min: 0.695160746574
        var: 0.292086720467
    spectral_spread:
        dmean: 603650.25
        dmean2: 803546.25
        dvar: 2.33586688e+12
        dvar2: 2.24499728384e+12
        max: 29648280
        mean: 4556729
        min: 1947953.625
        var: 4.02835295437e+12
    spectral_strongpeak:
        dmean: 0.0929967537522
        dmean2: 0.156367197633
        dvar: 0.026975274086
        dvar2: 0.0752534046769
        max: 2.04784107208
        mean: 0.157030254602
        min: 0
        var: 0.0265075415373
    zerocrossingrate:
        dmean: 0.0101512884721
        dmean2: 0.0127461748198
        dvar: 8.84284891072e-05
        dvar2: 0.000134060886921
        max: 0.13671875
        mean: 0.049818187952
        min: 0.00048828125
        var: 0.000649256515317
    barkbands:
        dmean: [7.63953096339e-07, 0.000336760131177, 0.000542028748896, 0.000659400597215, 0.000359327154001, 0.000130829837872, 0.000117499977932, 4.15541580878e-05, 2.29505094467e-05, 1.8397342501e-05, 1.29033842313e-05, 1.20053364299e-05, 1.04823147922e-05, 6.56571774016e-06, 1.07336354631e-05, 1.41366272146e-05, 2.64090976998e-05, 4.94312043884e-05, 0.000109329630504, 8.055154467e-05, 3.47307613993e-05, 9.97152983473e-06, 2.65208814199e-06, 1.99930536837e-06, 1.38870427691e-06, 1.60503059732e-08, 1.24141275037e-09]
        dmean2: [1.12251666451e-06, 0.00059145927662, 0.000896688841749, 0.00108321197331, 0.000594473502133, 0.000236146908719, 0.000209013131098, 6.50622023386e-05, 3.70160014427e-05, 2.99798975902e-05, 2.23678071052e-05, 2.0895167836e-05, 1.84014352271e-05, 1.05081653601e-05, 1.86919423868e-05, 2.38064676523e-05, 4.37880589743e-05, 7.9179815657e-05, 0.000192304491065, 0.000136146263685, 5.82192296861e-05, 1.71409410541e-05, 4.68322241431e-06, 3.49174956682e-06, 2.32803608924e-06, 2.71673901153e-08, 1.90557325475e-09]
        dvar: [6.89898659034e-13, 1.72891574834e-07, 8.62734111706e-07, 1.44731041019e-06, 3.86768903127e-07, 1.36225878578e-07, 1.33634102895e-07, 5.72315483893e-09, 1.0022150887e-09, 1.19430665357e-09, 6.24422180628e-10, 4.44024067514e-10, 4.55777859898e-10, 1.63646290963e-10, 3.21055709795e-10, 5.17921039389e-10, 1.88410265167e-09, 6.73078393021e-09, 5.17661362665e-08, 3.79098565872e-08, 4.71433203586e-09, 5.69216618285e-10, 5.33380006829e-11, 3.68617948665e-11, 1.55172697608e-11, 2.348983299e-15, 2.73665651467e-16]
        dvar2: [1.39846240057e-12, 5.11035352702e-07, 1.98636712412e-06, 3.49171955349e-06, 9.79663582257e-07, 3.96634703748e-07, 4.03219502232e-07, 1.39126781207e-08, 2.28948482395e-09, 3.32609295661e-09, 1.76358905257e-09, 1.23972809796e-09, 1.27180488363e-09, 3.13707088084e-10, 8.51371806387e-10, 1.2801290028e-09, 4.97829555357e-09, 1.81465935611e-08, 1.39835563573e-07, 1.03694738129e-07, 1.22579244533e-08, 1.53901480449e-09, 1.47825501839e-10, 1.03268123219e-10, 4.19194956525e-11, 6.41325744409e-15, 6.86769337315e-16]
        max: [7.81313701737e-06, 0.00361541099846, 0.00748613383621, 0.011895397678, 0.00464372336864, 0.00308207073249, 0.00341340107843, 0.000826525501907, 0.000306735339109, 0.000346430286299, 0.000168052676599, 0.000159744275152, 0.000177962807356, 0.000132405402837, 0.000167609920027, 0.00015231303405, 0.00026795908343, 0.000549860356841, 0.00158417352941, 0.00121764792129, 0.000500923022628, 0.000174182685441, 4.49776343885e-05, 3.97654730477e-05, 2.52969985013e-05, 3.10818620619e-07, 2.44334586341e-07]
        mean: [3.24571101373e-06, 0.000466241297545, 0.000805521209259, 0.000932882714551, 0.000471153849503, 0.000134610425448, 0.000146248523379, 6.57265991322e-05, 3.7044446799e-05, 2.42398436967e-05, 1.40019019454e-05, 1.46884794958e-05, 1.17573517855e-05, 1.09964976218e-05, 1.57588765433e-05, 2.00396825676e-05, 3.9622944314e-05, 6.72289243084e-05, 0.000115962211567, 9.62768972386e-05, 4.75643209938e-05, 1.03662659967e-05, 2.29662759921e-06, 1.55562065629e-06, 1.11934934921e-06, 1.26009673806e-08, 6.54492182672e-10]
        min: [9.98954807763e-10, 1.28695698542e-09, 6.20391737982e-10, 4.43010239604e-10, 6.49563236532e-10, 3.45411643732e-10, 1.78221354341e-10, 7.66954139086e-11, 1.6254790916e-11, 1.77884512675e-11, 1.04735378356e-11, 7.84888039979e-12, 7.68127662171e-12, 7.63642014207e-12, 5.05853562163e-12, 4.20401257209e-12, 2.60831634069e-12, 3.78537392404e-12, 3.30154514838e-11, 6.40857375847e-12, 1.09081092683e-12, 2.75621040748e-12, 4.26932360992e-12, 2.84725715227e-12, 2.75574918787e-12, 2.57250080613e-12, 5.42263581043e-14]
        var: [2.46282616696e-12, 2.08884060271e-07, 1.28048441184e-06, 2.44359534918e-06, 4.54135971495e-07, 9.49612086742e-08, 1.60023844842e-07, 1.15567093673e-08, 2.5532922443e-09, 1.13078169051e-09, 6.35729635601e-10, 4.74280781315e-10, 3.86532944541e-10, 4.10944167584e-10, 4.57783227992e-10, 6.81906919819e-10, 2.25643859153e-09, 8.87548257111e-09, 4.23000159344e-08, 3.02966682852e-08, 4.54531923211e-09, 4.38428127136e-10, 3.50610651623e-11, 2.39679283365e-11, 1.1406961313e-11, 1.60025858379e-15, 1.3715869519e-16]
    mfcc:
        mean: [-785.34967041, 137.443450928, -19.0471801758, 83.2700881958, -6.32763576508, 3.82145357132, 9.80003070831, 2.78200721741, 5.22054767609, 1.17301166058, -1.20209181309, 0.685461878777, -2.33640837669]
        cov: [[4638.85693359, -843.724121094, -117.610313416, -28.5413093567, -109.136779785, -247.386260986, -72.1579208374, -240.601547241, -193.802017212, -109.713363647, -17.9885501862, -54.8972663879, 25.9476890564], [-843.724121094, 972.700256348, -182.37991333, 10.2979564667, -59.8327407837, 86.9011383057, -84.5631103516, 65.0027313232, 74.2215499878, 22.0185928345, -23.3496837616, 26.2502346039, -36.4104194641], [-117.610313416, -182.37991333, 278.943084717, 27.7696399689, 91.3220825195, 2.15485739708, 65.606552124, -3.08344960213, 0.047661267221, -13.0144033432, -2.38089179993, -28.8329372406, -15.3930873871], [-28.5413093567, 10.2979564667, 27.7696399689, 124.11252594, -1.53722381592, 10.4653425217, 8.26314258575, 6.02819347382, 7.63574123383, 16.035528183, 10.7536716461, 10.6259031296, -10.0533723831], [-109.136779785, -59.8327407837, 91.3220825195, -1.53722381592, 108.071983337, 34.6945304871, 38.7205963135, -1.13280034065, -0.600299417973, -9.32716464996, -10.7421064377, -18.8285713196, -4.9071264267], [-247.386260986, 86.9011383057, 2.15485739708, 10.4653425217, 34.6945304871, 69.1527023315, 26.5091190338, 26.68359375, 21.7002353668, 2.46220588684, -9.78147411346, -2.76242947578, -8.32970809937], [-72.1579208374, -84.5631103516, 65.606552124, 8.26314258575, 38.7205963135, 26.5091190338, 79.6716766357, 27.1179256439, 4.00177001953, -10.9034767151, -11.9530792236, -11.1461191177, 0.0136689767241], [-240.601547241, 65.0027313232, -3.08344960213, 6.02819347382, -1.13280034065, 26.68359375, 27.1179256439, 62.5295944214, 41.1425132751, 10.3922405243, -7.25715446472, 2.93281006813, -9.15420818329], [-193.802017212, 74.2215499878, 0.047661267221, 7.63574123383, -0.600299417973, 21.7002353668, 4.00177001953, 41.1425132751, 78.5483703613, 31.7966480255, 0.482028275728, 6.72733592987, -7.91485118866], [-109.713363647, 22.0185928345, -13.0144033432, 16.035528183, -9.32716464996, 2.46220588684, -10.9034767151, 10.3922405243, 31.7966480255, 43.6695556641, 19.8566646576, 10.7214012146, -2.50563359261], [-17.9885501862, -23.3496837616, -2.38089179993, 10.7536716461, -10.7421064377, -9.78147411346, -11.9530792236, -7.25715446472, 0.482028275728, 19.8566646576, 45.3384552002, 27.9967823029, 1.49200057983], [-54.8972663879, 26.2502346039, -28.8329372406, 10.6259031296, -18.8285713196, -2.76242947578, -11.1461191177, 2.93281006813, 6.72733592987, 10.7214012146, 27.9967823029, 50.1613693237, 16.7517604828], [25.9476890564, -36.4104194641, -15.3930873871, -10.0533723831, -4.9071264267, -8.32970809937, 0.0136689767241, -9.15420818329, -7.91485118866, -2.50563359261, 1.49200057983, 16.7517604828, 38.0017623901]]
        icov: [[0.000392420042772, 0.000302383326925, 0.000512378290296, -0.000234478997299, 0.000135054753628, 0.000822415284347, -0.00030575596611, 0.00133352202829, -0.000542938068975, 0.000954819377512, 0.000238168038777, 0.0001078251953, 0.000579330022447], [0.000302383326925, 0.00212666764855, 0.000682302750647, -0.000200576483621, 0.000744421151467, -0.00221266085282, 0.00274657714181, -0.000312712567393, -0.000693184265401, 0.00105849932879, 0.00213139434345, -0.00159702578094, 0.00213499763049], [0.000512378290296, 0.000682302750647, 0.0077959462069, -0.00211013387889, -0.00501347752288, 0.00515153119341, -0.00471221935004, 0.00334865320474, -0.00384137500077, 0.00431800447404, -0.00285729882307, 0.00259381555952, 0.00264705670998], [-0.000234478997299, -0.000200576483621, -0.00211013387889, 0.00992387719452, 0.00188502413221, -0.0026345027145, -0.00111673225183, 0.000267328287009, 0.00255400245078, -0.0061527104117, 0.00246182852425, -0.00477275112644, 0.00360280601308], [0.000135054753628, 0.000744421151467, -0.00501347752288, 0.00188502413221, 0.0187827739865, -0.0110621238127, -0.00205273251049, 0.00542112626135, -0.000193590763956, -0.000230855235714, 0.00117247574963, 0.00172103650402, -0.000463998730993], [0.000822415284347, -0.00221266085282, 0.00515153119341, -0.0026345027145, -0.0110621238127, 0.0317901074886, -0.0101576074958, -0.000205305375857, -0.00424380088225, 0.00202725408599, 0.00116352573968, -0.000844924128614, 0.00377865787596], [-0.00030575596611, 0.00274657714181, -0.00471221935004, -0.00111673225183, -0.00205273251049, -0.0101576074958, 0.0303421281278, -0.0177888348699, 0.00495049124584, 0.00393058452755, 0.000855675374623, 0.00218270765617, -0.00585696706548], [0.00133352202829, -0.000312712567393, 0.00334865320474, 0.000267328287009, 0.00542112626135, -0.000205305375857, -0.0177888348699, 0.0431909225881, -0.0177775677294, 0.00305490917526, 0.00625045457855, -0.00614132964984, 0.0102432044223], [-0.000542938068975, -0.000693184265401, -0.00384137500077, 0.00255400245078, -0.000193590763956, -0.00424380088225, 0.00495049124584, -0.0177775677294, 0.0323522500694, -0.0239859446883, 0.0102362968028, -0.00647174799815, 0.00119446101598], [0.000954819377512, 0.00105849932879, 0.00431800447404, -0.0061527104117, -0.000230855235714, 0.00202725408599, 0.00393058452755, 0.00305490917526, -0.0239859446883, 0.054735597223, -0.0272030513734, 0.0132015384734, -0.00450552115217], [0.000238168038777, 0.00213139434345, -0.00285729882307, 0.00246182852425, 0.00117247574963, 0.00116352573968, 0.000855675374623, 0.00625045457855, 0.0102362968028, -0.0272030513734, 0.0579991601408, -0.0364326015115, 0.0174064822495], [0.0001078251953, -0.00159702578094, 0.00259381555952, -0.00477275112644, 0.00172103650402, -0.000844924128614, 0.00218270765617, -0.00614132964984, -0.00647174799815, 0.0132015384734, -0.0364326015115, 0.0515786707401, -0.0250426251441], [0.000579330022447, 0.00213499763049, 0.00264705670998, 0.00360280601308, -0.000463998730993, 0.00377865787596, -0.00585696706548, 0.0102432044223, 0.00119446101598, -0.00450552115217, 0.0174064822495, -0.0250426251441, 0.0435353405774]]
    spectral_contrast:
        mean: [5.73342759935e-08, -1.59681050604e-07, -2.21774939746e-07, 1.32644800033e-07, -3.1563681091e-07, -1.09870312848e-09, 1.99139947199e-07, 1.08496931261e-06, 3.23018724657e-07, 2.33282139561e-06, -1.83263682629e-06, -7.11959614819e-07]
        var: [0.00018102292961, 0.000365433224943, 0.000675787567161, 0.00179439375643, 0.00379562540911, 0.00544768292457, 0.0329612530768, 0.0737904831767, 0.0892084240913, 0.1224681288, 0.43929323554, 2.48837351799]

rhythm:
    beats_loudness:
        dmean: 0.00432006223127
        dmean2: 0.00867108907551
        dvar: 3.9745077629e-06
        dvar2: 9.79896958597e-06
        max: 0.0135222999379
        mean: 0.00987697672099
        min: 0.00538167916238
        var: 6.38486881144e-06
    beats_loudness_bass:
        dmean: 0.379817962646
        dmean2: 0.753040254116
        dvar: 0.0154010476544
        dvar2: 0.0525136590004
        max: 0.775206327438
        mean: 0.484124481678
        min: 0.148214221001
        var: 0.0427171327174
    bpm: 78.8495483398
    bpm_confidence: 0
    first_peak_bpm: 79
    first_peak_spread: 0.0833333134651
    first_peak_weight: 0.916666686535
    onset_rate: 4.47443199158
    second_peak_bpm: 0
    second_peak_spread: 0
    second_peak_weight: 0
    beats_position: [0.599451005459, 1.3590284586, 2.11860585213, 2.87818312645, 3.63776040077, 4.39733743668, 5.156914711, 5.91649246216, 6.71069145203, 7.4735994339, 8.23650741577, 8.99941444397, 9.76232242584]
    bpm_estimates: [78.9898605347, 78.9175491333, 79.2822723389, 79.0319137573, 79.0570983887, 78.9399719238, 78.9694824219, 78.873008728, 78.924621582, 78.9286499023, 78.5266494751, 78.8315658569, 78.9551620483, 78.6611328125, 78.4174194336, 78.5140075684, 78.6219329834]
    bpm_intervals: [0.759577453136, 0.759577393532, 0.759577274323, 0.759577274323, 0.759577035904, 0.759577274323, 0.75957775116, 0.794198989868, 0.762907981873, 0.762907981873, 0.762907028198, 0.762907981873]
    onset_times: [0.0580498874187, 0.220589563251, 0.452789127827, 0.568888902664, 0.801088452339, 0.975238084793, 1.20743763447, 1.34675741196, 1.74149656296, 1.95047616959, 2.10140585899, 2.50775504112, 2.79800462723, 2.89088439941, 3.28562355042, 3.44816327095, 3.5178232193, 3.62231302261, 3.84290242195, 3.87773251534, 4.02866220474, 4.41179132462, 4.80653047562, 4.9806804657, 5.15482997894, 5.54956912994, 5.93269824982, 6.32743787766, 6.5596370697, 6.67573690414, 6.8963265419, 7.08208608627, 7.32589578629, 7.44199562073, 7.85995483398, 8.05732440948, 8.20825386047, 8.6146030426, 8.92807292938, 8.99773216248, 9.39247131348, 9.58984088898, 9.63628101349, 9.74077129364, 9.9613609314]
    rubato_start: []
    rubato_stop: []
    perceptual_tempo: "unknown"

sfx:
    inharmonicity:
        dmean: 0.0323822870851
        dmean2: 0.0588963292539
        dvar: 0.00197497103363
        dvar2: 0.00556734809652
        max: 0.30491283536
        mean: 0.0306700561196
        min: 1.82009334821e-05
        var: 0.00196645455435
    oddtoevenharmonicenergyratio:
        dmean: 1.39717173576
        dmean2: 2.65675783157
        dvar: 28.9460506439
        dvar2: 85.899230957
        max: 64.7095336914
        mean: 0.868427336216
        min: 2.13209223148e-05
        var: 15.3790826797
    pitch_after_max_to_before_max_energy_ratio: 1.35791695118
    pitch_centroid: 215.53326416
    pitch_max_to_total: 0.426267266273
    pitch_min_to_total: 0.497695863247
    tristimulus:
        dmean: [0.232471108437, 0.227114260197, 0.117755882442]
        dmean2: [0.396053105593, 0.382207900286, 0.203521475196]
        dvar: [0.0462577864528, 0.0428748354316, 0.0190096460283]
        dvar2: [0.117346473038, 0.112899690866, 0.0545904971659]
        max: [0.981621742249, 0.94996792078, 0.741849064827]
        mean: [0.540206253529, 0.316966742277, 0.112552903593]
        min: [0.0295136459172, 0, 0]
        var: [0.0878972634673, 0.0655511319637, 0.0204354282469]

tonal:
    chords_changes_rate: 0.0779816508293
    chords_number_rate: 0.0275229364634
    chords_strength:
        dmean: 0.0163076985627
        dmean2: 0.0140769062564
        dvar: 0.000131671418785
        dvar2: 0.000157401154866
        max: 0.849901139736
        mean: 0.578686833382
        min: 0.373140186071
        var: 0.0152584621683
    key_strength: 0.668691933155
    tuning_diatonic_strength: 0.557579338551
    tuning_equal_tempered_deviation: 0.246806979179
    tuning_frequency: 440
    tuning_nontempered_energy_ratio: 0.906404852867
    hpcp:
        dmean: [0.206133797765, 0.198052659631, 0.154225409031, 0.0993364602327, 0.072583630681, 0.0741002038121, 0.0785891264677, 0.0932008996606, 0.109252527356, 0.0906754508615, 0.0724774971604, 0.0991000682116, 0.10895691067, 0.119677826762, 0.129052370787, 0.126485228539, 0.140617251396, 0.116243891418, 0.120140217245, 0.15340475738, 0.187268272042, 0.166600257158, 0.154830366373, 0.175673335791, 0.211295768619, 0.158427402377, 0.146110847592, 0.145199134946, 0.151201277971, 0.157172083855, 0.145958974957, 0.124975420535, 0.120843529701, 0.148021668196, 0.234428018332, 0.229248270392]
        dmean2: [0.34890961647, 0.339526534081, 0.270276337862, 0.174852877855, 0.1211784482, 0.13548579812, 0.141850173473, 0.161251038313, 0.193727970123, 0.156912043691, 0.127029150724, 0.158893048763, 0.18972928822, 0.225705012679, 0.237005919218, 0.221889093518, 0.238169461489, 0.214528426528, 0.223199769855, 0.279767870903, 0.334699124098, 0.288400769234, 0.275487720966, 0.326473623514, 0.385806322098, 0.298804014921, 0.265613049269, 0.257547229528, 0.269337624311, 0.285645514727, 0.261092603207, 0.232465937734, 0.218323126435, 0.256825596094, 0.408455252647, 0.397160708904]
        dvar: [0.045559886843, 0.0489770211279, 0.0471569038928, 0.0277410410345, 0.0239551141858, 0.0243855267763, 0.0183218028396, 0.0218584854156, 0.0362826213241, 0.0225720759481, 0.0208245310932, 0.0254488699138, 0.0266068093479, 0.0498842634261, 0.0420373864472, 0.0529385246336, 0.0470499582589, 0.0385423824191, 0.041227824986, 0.0476884506643, 0.0597020462155, 0.0585762262344, 0.0489521734416, 0.0684877112508, 0.0901852622628, 0.0528403371572, 0.042909860611, 0.042980927974, 0.0359325706959, 0.0512912496924, 0.048184145242, 0.042872775346, 0.0467744022608, 0.0462114773691, 0.065157443285, 0.0716710016131]
        dvar2: [0.125711113214, 0.121548883617, 0.127879485488, 0.0738498196006, 0.0658578053117, 0.0718712136149, 0.0489148162305, 0.0555863082409, 0.0876385048032, 0.0600515678525, 0.056871175766, 0.0584304668009, 0.0719693526626, 0.151439756155, 0.125178202987, 0.113112278283, 0.116763874888, 0.105909347534, 0.115955069661, 0.135736823082, 0.15570820868, 0.136684089899, 0.131871908903, 0.198027729988, 0.280557692051, 0.152478814125, 0.12245117873, 0.123518593609, 0.100684925914, 0.12713316083, 0.132994294167, 0.127799704671, 0.132894277573, 0.108381710947, 0.161341831088, 0.166364297271]
        max: [1, 1, 1, 1, 1, 1, 0.970615923405, 1, 1, 1, 1, 1, 1, 1, 1, 1, 1, 1, 1, 1, 1, 1, 1, 1, 1, 1, 1, 1, 1, 1, 1, 0.944830000401, 1, 1, 1, 1]
        mean: [0.290872812271, 0.191447094083, 0.140532657504, 0.090093113482, 0.0610728748143, 0.055472433567, 0.0626723542809, 0.0984553620219, 0.142416924238, 0.10382784158, 0.0672551244497, 0.12642596662, 0.145044416189, 0.103511862457, 0.118748061359, 0.172611504793, 0.142162382603, 0.085223659873, 0.0930894985795, 0.124793753028, 0.170333877206, 0.170731022954, 0.133480966091, 0.13754221797, 0.144391685724, 0.127694651484, 0.14564332366, 0.150779694319, 0.153044238687, 0.182348892093, 0.141349241138, 0.0979962572455, 0.14058688283, 0.187858909369, 0.292961299419, 0.378844201565]
        min: [0, 0, 0, 0, 0, 0, 0, 0, 0, 0, 0, 0, 0, 0, 0, 0, 0, 0, 0, 0, 0, 0, 0, 0, 0, 0, 0, 0, 0, 0, 0, 0, 0, 0, 0, 0]
        var: [0.0819215774536, 0.0559379160404, 0.0429171808064, 0.0222627483308, 0.0165581852198, 0.014826612547, 0.0140406694263, 0.0288945045322, 0.0694477111101, 0.037065025419, 0.0147989979014, 0.0481657683849, 0.0585265383124, 0.0360941626132, 0.0339005216956, 0.0873349532485, 0.0589196607471, 0.026787430048, 0.033175855875, 0.0412831827998, 0.0605347491801, 0.0743185356259, 0.046557046473, 0.0617763400078, 0.0719986781478, 0.0509002357721, 0.0560654886067, 0.050009034574, 0.0371216014028, 0.0684372633696, 0.0487638227642, 0.0305731073022, 0.0762719064951, 0.0864554867148, 0.0989607721567, 0.140288412571]
    chords_histogram: [0, 0, 15.1376142502, 0, 0, 0, 0, 2.29357790947, 2.75229358673, 0, 0, 0, 2.29357790947, 0, 0, 0, 0, 0, 0, 0.917431175709, 0, 22.9357795715, 53.6697235107, 0]
    thpcp: [1, 0.767790079117, 0.50534516573, 0.37095105648, 0.237810462713, 0.161208420992, 0.146425455809, 0.165430411696, 0.259883522987, 0.375924795866, 0.274064749479, 0.17752712965, 0.333714932203, 0.382860332727, 0.273230701685, 0.313448280096, 0.455626636744, 0.375252902508, 0.224957019091, 0.245719745755, 0.329406529665, 0.449614584446, 0.450662881136, 0.352337360382, 0.363057464361, 0.381137371063, 0.337063759565, 0.384441196918, 0.397999227047, 0.403976708651, 0.481329500675, 0.373106509447, 0.258671671152, 0.371094197035, 0.495873779058, 0.773302853107]
    chords_key: "F#"
    chords_scale: "minor"
    key_key: "C#"
    key_scale: "minor"
    chords_progression: ["G#m", "G#m", "G#m", "G#m", "G#m", "G#m", "G#m", "F#m", "F#m", "F#m", "F#m", "F#m", "F#m", "F#m", "F#m", "F#m", "F#m", "F#m", "F#m", "F#m", "F#m", "F#m", "F#m", "F#m", "F#m", "F#m", "F#m", "F#m", "F#m", "F#m", "F#m", "F#m", "F#m", "F#m", "F#m", "F#m", "F#m", "F#m", "F#m", "F#m", "F#m", "F#m", "F#m", "F#m", "F#m", "F#m", "F#m", "F#m", "F#m", "F#m", "F#m", "F#m", "F#m", "F#m", "F#m", "F#m", "F#m", "F#m", "F#m", "F#m", "F#m", "F#m", "F#m", "D", "D", "D", "D", "D", "D", "D", "D", "D", "D", "D", "D", "D", "D", "D", "D", "D", "D", "D", "C#", "D", "D", "D", "D", "D", "D", "D", "D", "D", "D", "D", "D", "D", "D", "C#", "F#m", "C#", "C#", "F#m", "F#m", "C#", "F#m", "F#m", "F#m", "F#m", "F#m", "F#m", "F#m", "F#m", "F#m", "Fm", "Fm", "Fm", "Fm", "Fm", "Fm", "G#m", "G#m", "G#m", "G#m", "G#m", "G#m", "G#m", "G#m", "G#m", "G#m", "G#m", "G#m", "G#m", "G#m", "G#m", "G#m", "G#m", "G#m", "G#m", "G#m", "G#m", "G#m", "G#m", "G#m", "G#m", "G#m", "F#m", "F#m", "F#m", "F#m", "F#m", "F#m", "F#m", "F#m", "F#m", "F#m", "F#m", "F#m", "F#m", "F#m", "F#m", "F#m", "F#m", "F#m", "F#m", "F#m", "F#m", "F#m", "F#m", "F#m", "F#m", "F#m", "F#m", "F#m", "F#m", "F#m", "F#m", "F#m", "F#m", "F#m", "F#m", "F#m", "F#m", "F#m", "F#m", "F#m", "F#m", "F#m", "F#m", "F#m", "F#m", "F#m", "F#m", "F#m", "F#m", "D", "D", "D", "D", "D", "D", "D", "D", "D", "D", "D", "D", "D", "D", "D", "D", "D", "Gm", "Gm", "Gm", "Gm", "G", "G", "Gm"]
