
metadata:
    version:
        essentia: "1.2.2"
    audio_properties:
        analysis_sample_rate: 44100
        bitrate: 128
        channels: 2
        equal_loudness: 1
        length: 10.0048980713
        replay_gain: -5.57250022888
        downmix: "mix"
    tags:
        track: 15
        year: 0
        album: "Splitted by Mp3Splt v. 2.1"
        artist: "From 002.20 To 002.30"
        comment: "http://mp3splt.sf.net"
        genre: ""
        title: "13 Don't Wake Me up [Remix] [-"

highlevel:
    ballroom:
        all:
            ChaChaCha: 0.00884518492967
            Jive: 0.00516609242186
            Quickstep: 0.000767817138694
            Rumba-American: 0.00735619338229
            Rumba-International: 0.920617043972
            Rumba-Misc: 0.0402764454484
            Samba: 0.00547194760293
            Tango: 0.0015064580366
            VienneseWaltz: 0.0090458476916
            Waltz: 0.000946987769566
        probability: 0.920617043972
        value: "Rumba-International"
    culture:
        all:
            non_western: 0.995614588261
            western: 0.00438538333401
        probability: 0.995614588261
        value: "non_western"
    gender:
        all:
            female: 0.753109753132
            male: 0.246890261769
        probability: 0.753109753132
        value: "female"
    genre_dortmund:
        all:
            alternative: 0.107936345041
            blues: 0.0120249381289
            electronic: 0.566168725491
            folkcountry: 0.0161384735256
            funksoulrnb: 0.00952633004636
            jazz: 0.0717846602201
            pop: 0.0498970635235
            raphiphop: 0.0236809048802
            rock: 0.142842575908
        probability: 0.566168725491
        value: "electronic"
    genre_electronica:
        all:
            ambient: 0.568286538124
            dnb: 0.0349802821875
            house: 0.140641182661
            techno: 0.203351378441
            trance: 0.0527406223118
        probability: 0.568286538124
        value: "ambient"
    genre_rosamerica:
        all:
            cla: 0.0152786578983
            dan: 0.102658458054
            hip: 0.0278481263667
            jaz: 0.0343717001379
            pop: 0.03933795169
            rhy: 0.598937034607
            roc: 0.17838409543
            spe: 0.00318395858631
        probability: 0.598937034607
        value: "rhy"
    genre_tzanetakis:
        all:
            blu: 0.148761406541
            cla: 0.0610478371382
            cou: 0.0547095984221
            dis: 0.0595772229135
            hip: 0.080662317574
            jaz: 0.0693482086062
            met: 0.0540086366236
            pop: 0.110808946192
            reg: 0.193907752633
            roc: 0.167168065906
        probability: 0.193907752633
        value: "reg"
    live_studio:
        all:
            live: 0.0941165834665
            studio: 0.905883431435
        probability: 0.905883431435
        value: "studio"
    mood:
        all:
            Cluster1: 0.072219081223
            Cluster2: 0.00565633596852
            Cluster3: 0.7378885746
            Cluster4: 0.00466282991692
            Cluster5: 0.179573193192
        probability: 0.7378885746
        value: "Cluster3"
    mood_acoustic:
        all:
            acoustic: 0.149048939347
            not_acoustic: 0.850951075554
        probability: 0.850951075554
        value: "not_acoustic"
    mood_aggressive:
        all:
            aggressive: 0.218091651797
            not_aggressive: 0.781908333302
        probability: 0.781908333302
        value: "not_aggressive"
    mood_electronic:
        all:
            electronic: 0.931494474411
            not_electronic: 0.068505525589
        probability: 0.931494474411
        value: "electronic"
    mood_happy:
        all:
            happy: 0.0364559516311
            not_happy: 0.963544070721
        probability: 0.963544070721
        value: "not_happy"
    mood_party:
        all:
            not_party: 0.972671747208
            party: 0.0273282378912
        probability: 0.972671747208
        value: "not_party"
    mood_relaxed:
        all:
            not_relaxed: 0.241717755795
            relaxed: 0.758282244205
        probability: 0.758282244205
        value: "relaxed"
    mood_sad:
        all:
            not_sad: 0.153987422585
            sad: 0.846012592316
        probability: 0.846012592316
        value: "sad"
    rhythm:
        all:
            fast: 0.0691384077072
            medium: 0.743056714535
            slow: 0.187804847956
        probability: 0.743056714535
        value: "medium"
    speech_music:
        all:
            music: 0.999999046326
            speech: 9.5839311598e-07
        probability: 0.999999046326
        value: "music"
    timbre:
        all:
            bright: 0.0103878956288
            dark: 0.989612102509
        probability: 0.989612102509
        value: "dark"
    voice_instrumental:
        all:
            instrumental: 0.999984025955
            voice: 1.59907649504e-05
        probability: 0.999984025955
        value: "instrumental"

lowlevel:
    average_loudness: 0.979162096977
    barkbands_kurtosis:
        dmean: 6.21171331406
        dmean2: 9.99099063873
        dvar: 84.8300933838
        dvar2: 216.971694946
        max: 102.942420959
        mean: 17.2544975281
        min: -1.68183267117
        var: 209.074203491
    barkbands_skewness:
        dmean: 0.619637966156
        dmean2: 0.964756608009
        dvar: 0.470296829939
        dvar2: 1.12120461464
        max: 7.60848379135
        mean: 3.02405500412
        min: -0.423410624266
        var: 1.93845140934
    barkbands_spread:
        dmean: 2.96968245506
        dmean2: 4.74403715134
        dvar: 20.2901134491
        dvar2: 50.2812652588
        max: 43.1530189514
        mean: 9.35093688965
        min: 1.1168872118
        var: 66.3957595825
    dissonance:
        dmean: 0.0318985283375
        dmean2: 0.0508575066924
        dvar: 0.000799108413048
        dvar2: 0.00175690359902
        max: 0.492374926805
        mean: 0.411578446627
        min: 0.228901982307
        var: 0.00280053913593
    hfc:
        dmean: 0.725003540516
        dmean2: 1.16262352467
        dvar: 3.15423059464
        dvar2: 7.92120218277
        max: 27.011932373
        mean: 1.81834161282
        min: 0.221087962389
        var: 5.23332834244
    pitch:
        dmean: 201.399642944
        dmean2: 390.161224365
        dvar: 521587.5625
        dvar2: 1344284.625
        max: 4009.09082031
        mean: 292.327209473
        min: 43.06640625
        var: 430730.375
    pitch_instantaneous_confidence:
        dmean: 0.0744826346636
        dmean2: 0.123072445393
        dvar: 0.00508594559506
        dvar2: 0.013761353679
        max: 0.821991920471
        mean: 0.426537066698
        min: 0.18846988678
        var: 0.0159106105566
    pitch_salience:
        dmean: 0.0692570731044
        dmean2: 0.115425504744
        dvar: 0.00476913014427
        dvar2: 0.0133448224515
        max: 0.763883113861
        mean: 0.539761126041
        min: 0.261247783899
        var: 0.00738841481507
    silence_rate_20dB:
        dmean: 0
        dmean2: 0
        dvar: 0
        dvar2: 0
        max: 1
        mean: 1
        min: 1
        var: 0
    silence_rate_30dB:
        dmean: 0
        dmean2: 0
        dvar: 0
        dvar2: 0
        max: 1
        mean: 1
        min: 1
        var: 0
    silence_rate_60dB:
        dmean: 0.0930232554674
        dmean2: 0.184149190784
        dvar: 0.0843697935343
        dvar2: 0.17821136117
        max: 1
        mean: 0.141531318426
        min: 0
        var: 0.121500141919
    spectral_centroid:
        dmean: 81.0479278564
        dmean2: 126.879447937
        dvar: 14044.0878906
        dvar2: 30932.125
        max: 1871.234375
        mean: 332.122436523
        min: 109.307182312
        var: 54824.1914062
    spectral_complexity:
        dmean: 1.2009345293
        dmean2: 1.98594844341
        dvar: 4.20729541779
        dvar2: 10.0606956482
        max: 38
        mean: 5.70629358292
        min: 2
        var: 10.8694591522
    spectral_crest:
        dmean: 1.94598674774
        dmean2: 3.14607596397
        dvar: 2.78350925446
        dvar2: 7.526699543
        max: 20.484588623
        mean: 10.6733808517
        min: 2.98133063316
        var: 7.0774474144
    spectral_decrease:
        dmean: 4.23821006068e-10
        dmean2: 7.16219639152e-10
        dvar: 4.3930440469e-19
        dvar2: 1.1950685696e-18
        max: -1.61754984407e-10
        mean: -1.3584154912e-09
        min: -6.20914697436e-09
        var: 5.1087114071e-19
    spectral_energy:
        dmean: 0.00165200722404
        dmean2: 0.00279035000131
        dvar: 6.66708865538e-06
        dvar2: 1.80486567842e-05
        max: 0.0238923691213
        mean: 0.00529190385714
        min: 0.000640423153527
        var: 7.87606404629e-06
    spectral_energyband_high:
        dmean: 2.5341163564e-05
        dmean2: 3.96510840801e-05
        dvar: 3.69644226339e-09
        dvar2: 8.72583427736e-09
        max: 0.000937318895012
        mean: 4.20294454671e-05
        min: 7.4834656516e-07
        var: 6.81223610854e-09
    spectral_energyband_low:
        dmean: 0.000996681977995
        dmean2: 0.0016799113946
        dvar: 2.23685833589e-06
        dvar2: 6.10095685261e-06
        max: 0.0156472921371
        mean: 0.00238818745129
        min: 2.10105681617e-05
        var: 2.8472716167e-06
    spectral_energyband_middle_high:
        dmean: 0.000241571804509
        dmean2: 0.000392857298721
        dvar: 7.47076285279e-07
        dvar2: 1.95603251996e-06
        max: 0.0100889075547
        mean: 0.000447026337497
        min: 6.82603922542e-06
        var: 1.29212810407e-06
    spectral_energyband_middle_low:
        dmean: 0.00088781688828
        dmean2: 0.00159297639038
        dvar: 2.82538439933e-06
        dvar2: 8.13215410744e-06
        max: 0.0170873738825
        mean: 0.00241438252851
        min: 0.000351436785422
        var: 2.46064655585e-06
    spectral_flatness_db:
        dmean: 0.0274244621396
        dmean2: 0.0423941873014
        dvar: 0.000970539869741
        dvar2: 0.00201377063058
        max: 0.401491940022
        mean: 0.252578258514
        min: 0.115077666938
        var: 0.00435694819316
    spectral_flux:
        dmean: 0.0100924493745
        dmean2: 0.0158074349165
        dvar: 0.000174310174771
        dvar2: 0.000290663156193
        max: 0.107179313898
        mean: 0.0285740979016
        min: 0.00577531196177
        var: 0.000366415129974
    spectral_kurtosis:
        dmean: 4.66402435303
        dmean2: 6.90947294235
        dvar: 37.7198524475
        dvar2: 73.6411895752
        max: 63.3337783813
        mean: 12.9389982224
        min: 1.53742313385
        var: 116.392372131
    spectral_rms:
        dmean: 0.000331378425471
        dmean2: 0.000540420005564
        dvar: 1.84184969498e-07
        dvar2: 4.85047166876e-07
        max: 0.00482800463215
        mean: 0.00220480957069
        min: 0.000790444843005
        var: 3.01650175061e-07
    spectral_rolloff:
        dmean: 132.117248535
        dmean2: 229.502563477
        dvar: 75863.578125
        dvar2: 181025.96875
        max: 3660.64453125
        mean: 463.139526367
        min: 107.666015625
        var: 232309.75
    spectral_skewness:
        dmean: 0.448869138956
        dmean2: 0.666703999043
        dvar: 0.300208449364
        dvar2: 0.559469282627
        max: 6.42341947556
        mean: 2.84662866592
        min: 1.23903787136
        var: 1.1220972538
    spectral_spread:
        dmean: 829950.5
        dmean2: 1051923.25
        dvar: 1.72924862464e+12
        dvar2: 2.21318532301e+12
        max: 22853928
        mean: 4424229
        min: 1272006.875
        var: 4.95623182746e+12
    spectral_strongpeak:
        dmean: 0.0935072079301
        dmean2: 0.166014179587
        dvar: 0.0650564879179
        dvar2: 0.163899153471
        max: 3.39408707619
        mean: 0.214585378766
        min: 0.0409389622509
        var: 0.0956307277083
    zerocrossingrate:
        dmean: 0.00488395337015
        dmean2: 0.00582506973296
        dvar: 2.61541881628e-05
        dvar2: 3.72993308702e-05
        max: 0.09228515625
        mean: 0.0248386058956
        min: 0.00341796875
        var: 0.000218431829126
    barkbands:
        dmean: [6.3155666794e-06, 0.000561476510484, 0.000636914395727, 0.000602982530836, 0.000296229904052, 9.77744639385e-05, 9.43984123296e-05, 3.70602065232e-05, 2.08410911e-05, 2.62668745563e-05, 1.68132701219e-05, 8.74921315699e-05, 2.66512615781e-05, 4.29190185969e-05, 2.75288457487e-05, 3.02690386889e-05, 1.3855382349e-05, 2.21221289394e-05, 1.90152586583e-05, 2.71991320915e-05, 1.20960294225e-05, 1.97668191504e-06, 4.97607800298e-07, 3.21169665085e-07, 4.20845765348e-07, 7.57960236797e-08, 1.53217849519e-09]
        dmean2: [1.06046918518e-05, 0.000945196428802, 0.00108555250335, 0.00110177567694, 0.000516385422088, 0.000141626995173, 0.000142940378282, 6.06356370554e-05, 3.40949154634e-05, 4.22504454036e-05, 2.79983578366e-05, 0.000144700388773, 4.52890963061e-05, 6.95123671903e-05, 4.56468951597e-05, 4.35384281445e-05, 2.26601441682e-05, 3.72041104129e-05, 3.26666013279e-05, 4.41001138825e-05, 1.95990633074e-05, 3.1418578601e-06, 7.6729503462e-07, 4.77939636312e-07, 6.28955774573e-07, 1.16469450973e-07, 1.67491998049e-09]
        dvar: [5.02051698825e-11, 6.91267985076e-07, 1.25770839077e-06, 1.32237562411e-06, 3.98474355734e-07, 1.77320309547e-08, 3.98116632994e-08, 4.01269906192e-09, 1.83654380592e-09, 3.9327234802e-09, 1.70651315301e-09, 2.78913006468e-07, 1.10632081274e-08, 5.89245559013e-08, 1.50939545307e-08, 2.27367156214e-08, 1.48056078508e-09, 3.03693559189e-09, 3.07645686703e-09, 6.96281521329e-09, 7.74249331315e-10, 1.60903616819e-11, 1.33994996088e-12, 4.86377377176e-13, 8.41444535576e-13, 2.56951019029e-14, 7.60832362976e-16]
        dvar2: [1.44171230509e-10, 1.94831613953e-06, 3.7137790514e-06, 3.80816618417e-06, 1.14747660973e-06, 3.99669488615e-08, 1.04660934142e-07, 1.10469891013e-08, 4.37486136207e-09, 8.58841531226e-09, 4.60108662281e-09, 7.61078524647e-07, 2.93619866198e-08, 1.57487932029e-07, 3.74227724365e-08, 4.63278269081e-08, 3.37709371578e-09, 8.13311729075e-09, 8.20219980824e-09, 1.69510272485e-08, 1.97658556189e-09, 3.94736604514e-11, 3.1206255028e-12, 1.13456618232e-12, 1.88581095184e-12, 5.72588309232e-14, 7.61010028137e-16]
        max: [4.49652798125e-05, 0.00932924635708, 0.0102851297706, 0.0109778475016, 0.0056497217156, 0.00160295888782, 0.00219292286783, 0.00068911339622, 0.000459807168227, 0.000988609390333, 0.000536514737178, 0.00725931208581, 0.00120332767256, 0.002719206037, 0.00197432748973, 0.002991220681, 0.000552581972443, 0.000654046190903, 0.000890344148502, 0.0014114928199, 0.000376192125259, 3.27548696077e-05, 1.15732982522e-05, 5.94656148678e-06, 7.84265193943e-06, 1.09153165795e-06, 5.72260432818e-07]
        mean: [8.32055320643e-06, 0.00124588992912, 0.0011342568323, 0.0013186520664, 0.00045015613432, 0.000288852490485, 0.000247517455136, 7.18662413419e-05, 3.34831056534e-05, 3.97483963752e-05, 2.52109039138e-05, 0.000126190294395, 3.85686034861e-05, 5.17652697454e-05, 3.45039807144e-05, 4.02662626584e-05, 1.95498050743e-05, 3.05535468215e-05, 2.38642587647e-05, 3.88043445128e-05, 1.91579092643e-05, 2.75000888905e-06, 7.18208980288e-07, 5.49875892375e-07, 6.1624200498e-07, 9.22447824792e-08, 1.52811630016e-09]
        min: [1.68996564298e-07, 5.84268991588e-06, 4.14790883951e-06, 9.19182457437e-06, 2.25574458455e-05, 1.83565807674e-05, 2.23417123379e-06, 1.14049089461e-06, 2.67056378789e-07, 3.07033815261e-07, 6.74661677635e-08, 2.48046099216e-08, 4.72684718034e-08, 7.82125084697e-08, 1.61357096573e-08, 8.63599396439e-08, 9.48345260099e-08, 5.73714373786e-07, 2.04228129519e-07, 3.25767643972e-07, 2.0438110937e-07, 1.92323064141e-08, 7.03081504128e-09, 4.21566603848e-09, 2.47928810815e-09, 4.50497313065e-11, 3.37341035639e-14]
        var: [5.46889061814e-11, 1.17646800391e-06, 1.0714434211e-06, 1.46312743254e-06, 2.75478811318e-07, 5.8305442252e-08, 1.36610452728e-07, 9.85225145911e-09, 3.08566328044e-09, 7.01304836426e-09, 4.217216798e-09, 3.52450371111e-07, 1.7739514746e-08, 5.3214879614e-08, 2.03145678057e-08, 3.24126006035e-08, 2.300805102e-09, 3.08152059425e-09, 3.07918601727e-09, 8.25090751277e-09, 1.41394929098e-09, 1.81588147297e-11, 1.87641503897e-12, 9.80804630221e-13, 1.27365500958e-12, 3.64265536408e-14, 7.61121942365e-16]
    mfcc:
        mean: [-807.538696289, 169.1275177, 9.21662712097, 75.1935195923, 0.61822873354, -2.74750685692, 13.6079530716, -5.64144611359, 1.75659751892, -6.36225652695, 0.702486395836, 3.00939917564, -1.08299314976]
        cov: [[3700.67871094, -940.913085938, -1383.87585449, -566.463623047, -177.312530518, 515.071411133, 94.4302444458, -255.950714111, 83.2486572266, -7.86321353912, -75.953338623, -71.9477539062, 121.403213501], [-940.913085938, 928.934204102, -237.213165283, -31.3817920685, -25.7730426788, 6.45206880569, 32.1886940002, -23.1548576355, -1.49267601967, -1.33032417297, 24.0482807159, 38.0348129272, -42.4760322571], [-1383.87585449, -237.213165283, 1368.65966797, 378.656799316, 155.677444458, -334.572113037, -89.4548110962, 194.739044189, -58.3550949097, 27.7895774841, 47.4817314148, 17.441986084, -58.5785446167], [-566.463623047, -31.3817920685, 378.656799316, 375.178710938, 87.0863494873, -114.942657471, -13.0622320175, 85.3216171265, 48.517074585, -7.36019945145, 21.6719932556, -27.1052494049, -36.8487052917], [-177.312530518, -25.7730426788, 155.677444458, 87.0863494873, 153.716873169, 13.2221574783, 8.93731880188, 40.1915664673, 5.24028015137, 31.7273807526, 2.58590745926, 4.53669071198, -11.2818813324], [515.071411133, 6.45206880569, -334.572113037, -114.942657471, 13.2221574783, 232.229644775, 91.7631607056, -37.0233154297, 12.9025402069, 7.96327829361, -9.79224777222, -9.99864959717, 11.2504529953], [94.4302444458, 32.1886940002, -89.4548110962, -13.0622320175, 8.93731880188, 91.7631607056, 123.597755432, 41.0302238464, -2.60205984116, -15.8819627762, 0.0283478870988, 2.93541765213, -0.379661351442], [-255.950714111, -23.1548576355, 194.739044189, 85.3216171265, 40.1915664673, -37.0233154297, 41.0302238464, 131.940322876, 8.9568862915, -30.5053462982, -13.3041572571, -17.7224369049, -16.6889705658], [83.2486572266, -1.49267601967, -58.3550949097, 48.517074585, 5.24028015137, 12.9025402069, -2.60205984116, 8.9568862915, 99.5295944214, 11.9674787521, -26.7205867767, -34.2386932373, -11.4744224548], [-7.86321353912, -1.33032417297, 27.7895774841, -7.36019945145, 31.7273807526, 7.96327829361, -15.8819627762, -30.5053462982, 11.9674787521, 80.4564437866, 18.3509273529, -5.49472427368, -12.0922899246], [-75.953338623, 24.0482807159, 47.4817314148, 21.6719932556, 2.58590745926, -9.79224777222, 0.0283478870988, -13.3041572571, -26.7205867767, 18.3509273529, 80.1531524658, 10.9431505203, -17.3995323181], [-71.9477539062, 38.0348129272, 17.441986084, -27.1052494049, 4.53669071198, -9.99864959717, 2.93541765213, -17.7224369049, -34.2386932373, -5.49472427368, 10.9431505203, 71.8413391113, 19.4095649719], [121.403213501, -42.4760322571, -58.5785446167, -36.8487052917, -11.2818813324, 11.2504529953, -0.379661351442, -16.6889705658, -11.4744224548, -12.0922899246, -17.3995323181, 19.4095649719, 51.282459259]]
        icov: [[0.00186329206917, 0.00235516112298, 0.00142935907934, 0.00111065118108, 0.000269058946287, -0.00133276882116, -0.000211046339246, 0.0010232940549, -0.00131418858655, 0.000588815659285, -0.000648937479127, 0.000214072875679, 0.000197060202481], [0.00235516112298, 0.00433142576367, 0.0023371798452, 0.00127779936884, 0.000309005205054, -0.00101588165853, -0.000691284483764, 0.00118648353964, -0.00153999752365, 0.000565516180359, -0.000761936185881, -0.00102626706939, 0.00219052308239], [0.00142935907934, 0.0023371798452, 0.00337635376491, -0.000340471451636, -0.0004208200844, 0.000837925472297, 0.000573273398913, -0.00177525519393, 0.000959406956099, -0.00141498434823, -0.00031794977258, -0.0010788947111, 0.00149571651127], [0.00111065118108, 0.00127779936884, -0.000340471451636, 0.00661948742345, -0.00305494735949, 0.00167725107167, -0.00204325583763, 0.00189114979003, -0.00512788584456, 0.00387399387546, -0.00316774309613, 0.00227687391452, 0.000186422403203], [0.000269058946287, 0.000309005205054, -0.0004208200844, -0.00305494735949, 0.0119220912457, -0.00535086495802, 0.00309475208633, -0.00480988016352, 0.00160049204715, -0.00640929909423, 0.00195613014512, -0.00382234714925, 0.000154683657456], [-0.00133276882116, -0.00101588165853, 0.000837925472297, 0.00167725107167, -0.00535086495802, 0.0140913370997, -0.00936138629913, 0.00398333417252, -0.000289555493509, 0.000370411638869, 0.000121245830087, 0.00307861855254, 0.000332944880938], [-0.000211046339246, -0.000691284483764, 0.000573273398913, -0.00204325583763, 0.00309475208633, -0.00936138629913, 0.018879795447, -0.0106993298978, 0.00234688003547, -0.00144846609328, -0.0010705802124, -0.00450203614309, 3.04049153783e-05], [0.0010232940549, 0.00118648353964, -0.00177525519393, 0.00189114979003, -0.00480988016352, 0.00398333417252, -0.0106993298978, 0.0206685643643, -0.00349025358446, 0.00902532879263, 0.00164128723554, 0.00611919397488, 0.00219434825704], [-0.00131418858655, -0.00153999752365, 0.000959406956099, -0.00512788584456, 0.00160049204715, -0.000289555493509, 0.00234688003547, -0.00349025358446, 0.0184129122645, -0.00620236247778, 0.00710723688826, 0.00275754113682, 0.00256913574412], [0.000588815659285, 0.000565516180359, -0.00141498434823, 0.00387399387546, -0.00640929909423, 0.000370411638869, -0.00144846609328, 0.00902532879263, -0.00620236247778, 0.0216463226825, -0.00510984519497, 0.00370554579422, 0.00225712871179], [-0.000648937479127, -0.000761936185881, -0.00031794977258, -0.00316774309613, 0.00195613014512, 0.000121245830087, -0.0010705802124, 0.00164128723554, 0.00710723688826, -0.00510984519497, 0.0188012458384, -0.00278504076414, 0.00701424106956], [0.000214072875679, -0.00102626706939, -0.0010788947111, 0.00227687391452, -0.00382234714925, 0.00307861855254, -0.00450203614309, 0.00611919397488, 0.00275754113682, 0.00370554579422, -0.00278504076414, 0.0224720686674, -0.00847089197487], [0.000197060202481, 0.00219052308239, 0.00149571651127, 0.000186422403203, 0.000154683657456, 0.000332944880938, 3.04049153783e-05, 0.00219434825704, 0.00256913574412, 0.00225712871179, 0.00701424106956, -0.00847089197487, 0.030058497563]]
    spectral_contrast:
        mean: [3.37460079436e-07, -2.25045738489e-07, -1.89216962099e-08, -1.03161887921e-07, -1.09830935457e-07, 2.96104133213e-07, -1.27406664774e-07, -2.26574070439e-06, -5.87154374898e-07, -8.71561610438e-07, -1.33936779889e-07, -2.96536586575e-06]
        var: [0.000377866090275, 0.000808460288681, 0.00120603805408, 0.00198641349562, 0.00334249576554, 0.00481481989846, 0.0686723589897, 0.114316217601, 0.138006344438, 0.185791969299, 0.615227758884, 2.43034934998]

rhythm:
    beats_loudness:
        dmean: 0.00227690325119
        dmean2: 0.00459450902417
        dvar: 3.19066089105e-06
        dvar2: 8.96384335647e-06
        max: 0.00898490846157
        mean: 0.00555277243257
        min: 0.00172217050567
        var: 2.77740218735e-06
    beats_loudness_bass:
        dmean: 0.17672072351
        dmean2: 0.290237903595
        dvar: 0.0341070815921
        dvar2: 0.0902855247259
        max: 0.827652037144
        mean: 0.6164239645
        min: 0.0104257296771
        var: 0.0441338866949
    bpm: 72.8190536499
    bpm_confidence: 0
    first_peak_bpm: 146
    first_peak_spread: 0
    first_peak_weight: 0.5
    onset_rate: 4.19794368744
    second_peak_bpm: 73
    second_peak_spread: 0
    second_peak_weight: 0.4375
    beats_position: [0.110375285149, 0.934335947037, 1.75829648972, 2.58225703239, 3.40621781349, 4.23017835617, 5.05413913727, 5.87809944153, 6.46140241623, 6.87244749069, 7.28349208832, 7.69453716278, 8.10558223724, 8.51662635803, 8.9276714325, 9.33871650696, 9.74976158142]
    bpm_estimates: [72.724822998, 72.8158569336, 72.8431091309, 72.8527755737, 72.8587036133]
    bpm_intervals: [0.823960661888, 0.823960542679, 0.823960542679, 0.823960781097, 0.823960542679, 0.823960781097, 0.82396030426, 0.583302974701, 0.411045074463, 0.411044597626, 0.411045074463, 0.411045074463, 0.411044120789, 0.411045074463, 0.411045074463, 0.411045074463]
    onset_times: [0.0696598663926, 0.417959183455, 0.49922901392, 0.719818592072, 1.01006805897, 1.13777780533, 1.33514738083, 1.55573701859, 1.75310659409, 2.15945577621, 2.36843538284, 2.63546490669, 2.77478456497, 2.92571425438, 2.99537420273, 3.20435380936, 3.41333341599, 3.73841261864, 4.02866220474, 4.446621418, 4.6439909935, 4.87619066238, 5.06195020676, 5.41024923325, 5.50312948227, 5.67727899551, 6.09523820877, 6.3042178154, 6.72217702866, 7.0356464386, 7.33750581741, 7.74385499954, 7.95283460617, 8.12698459625, 8.39401340485, 8.77714252472, 8.99773216248, 9.4040813446, 9.52018165588, 9.61306095123, 9.79882049561, 10.0078001022]
    rubato_start: [6.87244749069]
    rubato_stop: [9.74976158142]
    perceptual_tempo: "unknown"

sfx:
    inharmonicity:
        dmean: 0.0128799434751
        dmean2: 0.0233073774725
        dvar: 0.000487634679303
        dvar2: 0.00125279964413
        max: 0.162279963493
        mean: 0.0108023621142
        min: 0
        var: 0.000444362463895
    oddtoevenharmonicenergyratio:
        dmean: 3.96513199806
        dmean2: 7.85181045532
        dvar: 448.090637207
        dvar2: 1174.83300781
        max: 186.563095093
        mean: 2.4794523716
        min: 0
        var: 304.447143555
    pitch_after_max_to_before_max_energy_ratio: 13.7320184708
    pitch_centroid: 229.713500977
    pitch_max_to_total: 0.00466200476512
    pitch_min_to_total: 0.086247086525
    tristimulus:
        dmean: [0.215595528483, 0.21247138083, 0.0418007113039]
        dmean2: [0.382468938828, 0.379561305046, 0.0762749314308]
        dvar: [0.0473763346672, 0.0428471118212, 0.00471998425201]
        dvar2: [0.124045521021, 0.11108379066, 0.0141090089455]
        max: [1, 0.967977583408, 0.551749050617]
        mean: [0.711685776711, 0.236919432878, 0.0373350791633]
        min: [0.0229638013989, 0, 0]
        var: [0.0595564506948, 0.0518166795373, 0.00367349479347]

tonal:
    chords_changes_rate: 0.0925925895572
    chords_number_rate: 0.0231481473893
    chords_strength:
        dmean: 0.00767053896561
        dmean2: 0.00775884976611
        dvar: 3.26002809743e-05
        dvar2: 5.17321059306e-05
        max: 0.563142180443
        mean: 0.414797991514
        min: 0.249239683151
        var: 0.00670981965959
    key_strength: 0.742793679237
    tuning_diatonic_strength: 0.487350732088
    tuning_equal_tempered_deviation: 0.140490651131
    tuning_frequency: 439.745910645
    tuning_nontempered_energy_ratio: 0.719847679138
    hpcp:
        dmean: [0.0514559075236, 0.0416032262146, 0.0458573848009, 0.0428371205926, 0.0565963611007, 0.121558487415, 0.131768614054, 0.142469093204, 0.110140927136, 0.0718576461077, 0.0742406323552, 0.0447006262839, 0.0457287803292, 0.0457183308899, 0.0494062900543, 0.0585048422217, 0.083618491888, 0.0893771573901, 0.060485355556, 0.0745439827442, 0.15477026999, 0.107100509107, 0.166235759854, 0.100231602788, 0.0557076819241, 0.0328104160726, 0.0351004935801, 0.0517891943455, 0.0593029260635, 0.0531630888581, 0.0481432378292, 0.0451427549124, 0.0198175031692, 0.0280929468572, 0.0429227016866, 0.047742318362]
        dmean2: [0.0844742953777, 0.0715954601765, 0.0864908695221, 0.0776951387525, 0.101125180721, 0.212363541126, 0.214551985264, 0.241610392928, 0.195115327835, 0.129570096731, 0.125793516636, 0.0823238119483, 0.0862973183393, 0.0834693387151, 0.0831862390041, 0.0989577546716, 0.148914307356, 0.160422831774, 0.107687503099, 0.137227937579, 0.272353351116, 0.167143389583, 0.29289573431, 0.187595784664, 0.102474935353, 0.0548519566655, 0.0577644370496, 0.0873922482133, 0.106007434428, 0.0939812064171, 0.0846349447966, 0.0828298330307, 0.0357238277793, 0.0535653606057, 0.0826322138309, 0.0853955820203]
        dvar: [0.00975647103041, 0.00684604793787, 0.0150997526944, 0.0119019234553, 0.018177812919, 0.0251394044608, 0.0385872162879, 0.0341742411256, 0.0307816732675, 0.0308620836586, 0.01884242706, 0.0112889399752, 0.0192669350654, 0.0187715981156, 0.0159464050084, 0.0161621160805, 0.0377368032932, 0.0421899557114, 0.0199440401047, 0.0305328462273, 0.043693639338, 0.0467506945133, 0.0394434779882, 0.0278720539063, 0.0290434323251, 0.0141410902143, 0.00817955937237, 0.0132847419009, 0.0187663063407, 0.0164624322206, 0.0145998504013, 0.0126036014408, 0.0017360735219, 0.0066367178224, 0.0138410627842, 0.0125673906878]
        dvar2: [0.0247198976576, 0.0179676711559, 0.0435923561454, 0.0334439091384, 0.0505061410367, 0.0669609084725, 0.094453625381, 0.091825760901, 0.0776888430119, 0.059976644814, 0.0453924685717, 0.0312237516046, 0.0557192377746, 0.05185649544, 0.0400398485363, 0.0423806793988, 0.104031927884, 0.116044119, 0.0483102872968, 0.0826444774866, 0.136084899306, 0.0864970758557, 0.0988458916545, 0.0810055211186, 0.0692537501454, 0.0305284168571, 0.0140415551141, 0.034498218447, 0.0535581670702, 0.0477283746004, 0.0412209965289, 0.0392924249172, 0.00503188977018, 0.0194206647575, 0.0407308116555, 0.0377335250378]
        max: [0.922592461109, 0.740194320679, 1, 0.703656852245, 1, 1, 1, 0.996194779873, 1, 1, 1, 0.773220956326, 1, 1, 1, 0.818625509739, 1, 1, 0.922700226307, 1, 1, 1, 1, 0.853163540363, 1, 1, 0.95689034462, 0.797975897789, 1, 1, 1, 1, 0.241885513067, 0.645248532295, 0.806444406509, 0.904846668243]
        mean: [0.0720560848713, 0.0527438111603, 0.0333880744874, 0.0321482345462, 0.0435850061476, 0.193783819675, 0.378323018551, 0.26086640358, 0.166333660483, 0.223596438766, 0.123983621597, 0.0327723063529, 0.0309849698097, 0.0344666317105, 0.0480626039207, 0.0679452419281, 0.0811982825398, 0.0745534449816, 0.0523939616978, 0.0635596066713, 0.307557076216, 0.632198095322, 0.429964065552, 0.0862127318978, 0.0372691117227, 0.0235829371959, 0.0393803454936, 0.0715266391635, 0.0653105974197, 0.065900310874, 0.0834493786097, 0.0504124723375, 0.0180107019842, 0.0223873984069, 0.0288686305285, 0.0514628402889]
        min: [7.64588112361e-05, 0.000110850356577, 1.77459714905e-05, 1.98497455131e-05, 2.28718872677e-05, 0.00184596888721, 0.0083912005648, 0.00232664193027, 0.000101958328742, 5.98768347118e-05, 7.52700289013e-05, 0.000140124699101, 0.000113881324069, 0.000115462295071, 0.000505329051521, 0.000251155579463, 0.000136674294481, 8.06227399153e-05, 2.59135995293e-05, 1.6683314243e-05, 0.00326226046309, 0.00647996738553, 0.00225158035755, 0.000229184312047, 7.74714353611e-05, 3.14215940307e-05, 8.95595148904e-05, 0.000199835470994, 0.000945236999542, 0.000415131857153, 8.93587566679e-05, 3.36928060278e-05, 3.77628566639e-05, 5.93309596297e-05, 0.000103119775304, 5.49355063413e-05]
        var: [0.0196505226195, 0.00960177369416, 0.00894394982606, 0.00795566663146, 0.012404056266, 0.0291550531983, 0.0851251780987, 0.0522874258459, 0.0686068683863, 0.14998190105, 0.0481608137488, 0.00808496307582, 0.0110589992255, 0.0129430703819, 0.0140102133155, 0.0155432010069, 0.0318951942027, 0.034717746079, 0.0189163908362, 0.0281326659024, 0.0592700876296, 0.178953915834, 0.0997470095754, 0.0216669794172, 0.021005930379, 0.0105766393244, 0.00812851823866, 0.0130711318925, 0.0123329600319, 0.0157771389931, 0.026720430702, 0.0130678676069, 0.00152103661094, 0.00404406292364, 0.007841816172, 0.0114219309762]
    chords_histogram: [12.9629631042, 0, 8.33333301544, 0.925925910473, 0, 0, 0, 65.2777786255, 0, 1.38888883591, 0, 0, 0, 0, 0, 0, 0, 0, 0, 0, 0, 0, 11.1111106873, 0]
    thpcp: [1, 0.680109739304, 0.136369809508, 0.0589516349137, 0.0373030826449, 0.06229114905, 0.113139599562, 0.103307172656, 0.104239970446, 0.13199877739, 0.0797415748239, 0.0284890159965, 0.0354119986296, 0.0456639006734, 0.0814030319452, 0.113977067173, 0.0834292471409, 0.0528126768768, 0.0508515201509, 0.0689420104027, 0.306523889303, 0.59842479229, 0.412633955479, 0.263103693724, 0.353680968285, 0.196115151048, 0.0518386662006, 0.0490114875138, 0.0545187219977, 0.0760245919228, 0.107474610209, 0.128438040614, 0.117927350104, 0.0828758627176, 0.100537486374, 0.486488461494]
    chords_key: "E"
    chords_scale: "major"
    key_key: "E"
    key_scale: "minor"
    chords_progression: ["Em", "B", "B", "B", "Em", "E", "E", "E", "E", "E", "E", "E", "E", "E", "E", "E", "E", "E", "E", "E", "E", "E", "E", "E", "E", "E", "E", "E", "E", "E", "E", "E", "E", "E", "E", "E", "E", "E", "E", "E", "E", "E", "E", "E", "E", "E", "E", "E", "E", "E", "E", "E", "E", "E", "E", "E", "E", "E", "E", "E", "E", "E", "E", "E", "E", "E", "E", "E", "E", "E", "E", "E", "E", "E", "E", "E", "E", "E", "E", "E", "E", "E", "E", "E", "E", "E", "E", "E", "E", "E", "E", "E", "E", "E", "E", "E", "E", "E", "E", "E", "E", "E", "E", "E", "E", "E", "E", "E", "E", "E", "E", "E", "E", "E", "E", "E", "E", "E", "E", "E", "E", "E", "E", "E", "E", "E", "E", "E", "E", "E", "E", "E", "E", "E", "E", "E", "E", "E", "E", "E", "Em", "E", "Em", "Em", "Em", "E", "E", "E", "Em", "Em", "Em", "Em", "Em", "Em", "Em", "Em", "Em", "Em", "Em", "Em", "Em", "Em", "Em", "Em", "Em", "Em", "Am", "Am", "Am", "Am", "Bm", "Bm", "Am", "Am", "Bm", "Bm", "Bm", "Bm", "Bm", "Bm", "Bm", "Bm", "Bm", "Bm", "Bm", "Bm", "Bm", "Bm", "Bm", "Bm", "Am", "Am", "Am", "Am", "Am", "Am", "Am", "Am", "Am", "Am", "Am", "Am", "Am", "Am", "Am", "D", "D", "Am", "Am", "Em", "Am", "Em", "Em", "E", "E", "Em"]
