
metadata:
    version:
        essentia: "1.2.2"
    audio_properties:
        analysis_sample_rate: 44100
        bitrate: 128
        channels: 2
        equal_loudness: 1
        length: 10.0571432114
        replay_gain: -1.60438156128
        downmix: "mix"
    tags:
        track: 3
        year: 0
        album: "Splitted by Mp3Splt v. 2.1"
        artist: "From 000.20 To 000.30"
        comment: "http://mp3splt.sf.net"
        genre: ""
        title: "12 Badaboom.mp3"

highlevel:
    ballroom:
        all:
            ChaChaCha: 0.000432622124208
            Jive: 0.000416083174059
            Quickstep: 0.00310986931436
            Rumba-American: 0.00135746574961
            Rumba-International: 0.041576910764
            Rumba-Misc: 0.131459116936
            Samba: 0.000393238384277
            Tango: 0.00500701460987
            VienneseWaltz: 0.131322726607
            Waltz: 0.684924960136
        probability: 0.684924960136
        value: "Waltz"
    culture:
        all:
            non_western: 0.234015345573
            western: 0.765984654427
        probability: 0.765984654427
        value: "western"
    gender:
        all:
            female: 0.744856953621
            male: 0.255143046379
        probability: 0.744856953621
        value: "female"
    genre_dortmund:
        all:
            alternative: 0.183629959822
            blues: 0.00366971176118
            electronic: 0.0667949020863
            folkcountry: 0.487550467253
            funksoulrnb: 0.0110391322523
            jazz: 0.129913389683
            pop: 0.0740298330784
            raphiphop: 0.000730934145395
            rock: 0.0426416732371
        probability: 0.487550467253
        value: "folkcountry"
    genre_electronica:
        all:
            ambient: 0.929979860783
            dnb: 0.00378854619339
            house: 0.0463383533061
            techno: 0.00316781480797
            trance: 0.016725404188
        probability: 0.929979860783
        value: "ambient"
    genre_rosamerica:
        all:
            cla: 0.758113622665
            dan: 0.00825728848577
            hip: 0.00647955853492
            jaz: 0.0299364849925
            pop: 0.0434997826815
            rhy: 0.0601930990815
            roc: 0.0799905434251
            spe: 0.013529619202
        probability: 0.758113622665
        value: "cla"
    genre_tzanetakis:
        all:
            blu: 0.0322403423488
            cla: 0.64482820034
            cou: 0.0800089836121
            dis: 0.0141395516694
            hip: 0.00456619169563
            jaz: 0.0641723275185
            met: 0.0139147872105
            pop: 0.0132047571242
            reg: 0.0114666512236
            roc: 0.121458187699
        probability: 0.64482820034
        value: "cla"
    live_studio:
        all:
            live: 0.213239118457
            studio: 0.786760866642
        probability: 0.786760866642
        value: "studio"
    mood:
        all:
            Cluster1: 0.0976457297802
            Cluster2: 0.381413936615
            Cluster3: 0.392300575972
            Cluster4: 0.0765191763639
            Cluster5: 0.0521205887198
        probability: 0.392300575972
        value: "Cluster3"
    mood_acoustic:
        all:
            acoustic: 0.786838293076
            not_acoustic: 0.213161692023
        probability: 0.786838293076
        value: "acoustic"
    mood_aggressive:
        all:
            aggressive: 0.00795486848801
            not_aggressive: 0.992045104504
        probability: 0.992045104504
        value: "not_aggressive"
    mood_electronic:
        all:
            electronic: 0.324411690235
            not_electronic: 0.675588309765
        probability: 0.675588309765
        value: "not_electronic"
    mood_happy:
        all:
            happy: 0.119463451207
            not_happy: 0.880536556244
        probability: 0.880536556244
        value: "not_happy"
    mood_party:
        all:
            not_party: 0.98501175642
            party: 0.0149882603437
        probability: 0.98501175642
        value: "not_party"
    mood_relaxed:
        all:
            not_relaxed: 0.0272386129946
            relaxed: 0.972761392593
        probability: 0.972761392593
        value: "relaxed"
    mood_sad:
        all:
            not_sad: 0.0823318883777
            sad: 0.917668104172
        probability: 0.917668104172
        value: "sad"
    rhythm:
        all:
            fast: 0.0247680880129
            medium: 0.385832220316
            slow: 0.589399695396
        probability: 0.589399695396
        value: "slow"
    speech_music:
        all:
            music: 0.990134656429
            speech: 0.00986535381526
        probability: 0.990134656429
        value: "music"
    timbre:
        all:
            bright: 0.816449522972
            dark: 0.183550447226
        probability: 0.816449522972
        value: "bright"
    voice_instrumental:
        all:
            instrumental: 0.988632678986
            voice: 0.0113673089072
        probability: 0.988632678986
        value: "instrumental"

lowlevel:
    average_loudness: 0.978362619877
    barkbands_kurtosis:
        dmean: 2.32612991333
        dmean2: 3.39156246185
        dvar: 9.76396656036
        dvar2: 20.6487617493
        max: 60.4991531372
        mean: 6.24727058411
        min: -1.48838865757
        var: 53.1891288757
    barkbands_skewness:
        dmean: 0.36083728075
        dmean2: 0.505558729172
        dvar: 0.116202868521
        dvar2: 0.254086464643
        max: 5.84085273743
        mean: 2.00621843338
        min: 0.121631719172
        var: 0.784716486931
    barkbands_spread:
        dmean: 2.46806740761
        dmean2: 3.54484629631
        dvar: 7.7406411171
        dvar2: 15.2379360199
        max: 39.0739212036
        mean: 13.28703022
        min: 1.41008067131
        var: 72.8034057617
    dissonance:
        dmean: 0.0316831916571
        dmean2: 0.0518537387252
        dvar: 0.000859782274347
        dvar2: 0.00175893038977
        max: 0.485663354397
        mean: 0.40558257699
        min: 0.0499783232808
        var: 0.00225594523363
    hfc:
        dmean: 0.503592193127
        dmean2: 0.712255835533
        dvar: 0.241551741958
        dvar2: 0.464566230774
        max: 8.13565921783
        mean: 2.95289516449
        min: 8.34759994177e-05
        var: 2.0647380352
    pitch:
        dmean: 63.2349014282
        dmean2: 120.195983887
        dvar: 10073.8740234
        dvar2: 21217.8632812
        max: 760.344848633
        mean: 284.08782959
        min: 82.8947372437
        var: 16393.3847656
    pitch_instantaneous_confidence:
        dmean: 0.065814897418
        dmean2: 0.0966740548611
        dvar: 0.00332964025438
        dvar2: 0.00711645232514
        max: 0.837576508522
        mean: 0.537719905376
        min: 0.180871546268
        var: 0.0146359372884
    pitch_salience:
        dmean: 0.0449977144599
        dmean2: 0.0690911859274
        dvar: 0.00127097324003
        dvar2: 0.00299386284314
        max: 0.867972433567
        mean: 0.506247282028
        min: 0.274708360434
        var: 0.00666302442551
    silence_rate_20dB:
        dmean: 0
        dmean2: 0
        dvar: 0
        dvar2: 0
        max: 1
        mean: 1
        min: 1
        var: 0
    silence_rate_30dB:
        dmean: 0
        dmean2: 0
        dvar: 0
        dvar2: 0
        max: 1
        mean: 1
        min: 1
        var: 0
    silence_rate_60dB:
        dmean: 0.0785219371319
        dmean2: 0.157407402992
        dvar: 0.0723564550281
        dvar2: 0.151148408651
        max: 1
        mean: 0.202764973044
        min: 0
        var: 0.161651477218
    spectral_centroid:
        dmean: 75.6934967041
        dmean2: 105.271705627
        dvar: 6624.37939453
        dvar2: 12690.5380859
        max: 1759.27319336
        mean: 641.127624512
        min: 307.074920654
        var: 67272.5859375
    spectral_complexity:
        dmean: 1.32714617252
        dmean2: 2.10232567787
        dvar: 1.25956428051
        dvar2: 3.04535365105
        max: 17
        mean: 8.86111068726
        min: 0
        var: 8.4760761261
    spectral_crest:
        dmean: 1.67044258118
        dmean2: 2.43738555908
        dvar: 2.0140683651
        dvar2: 4.38033390045
        max: 19.2534294128
        mean: 9.98951911926
        min: 3.24070811272
        var: 10.0653934479
    spectral_decrease:
        dmean: 2.46762693612e-10
        dmean2: 3.67279373581e-10
        dvar: 7.76635999717e-20
        dvar2: 1.88671638842e-19
        max: -1.63355199728e-14
        mean: -1.24205556951e-09
        min: -4.10042799714e-09
        var: 3.82639172309e-19
    spectral_energy:
        dmean: 0.000967570347711
        dmean2: 0.00143703480717
        dvar: 1.1768515833e-06
        dvar2: 2.84380757876e-06
        max: 0.0159378666431
        mean: 0.00495564145967
        min: 6.92256136858e-08
        var: 5.85951966059e-06
    spectral_energyband_high:
        dmean: 3.36892153427e-05
        dmean2: 4.95606655022e-05
        dvar: 2.15030149242e-09
        dvar2: 4.62485605368e-09
        max: 0.000643125502393
        mean: 9.3073475e-05
        min: 4.60226745602e-09
        var: 1.00688817284e-08
    spectral_energyband_low:
        dmean: 1.76868725248e-05
        dmean2: 2.29539054999e-05
        dvar: 3.13508857763e-10
        dvar2: 6.94535207124e-10
        max: 0.000341747479979
        mean: 9.84273719951e-05
        min: 1.46031613468e-08
        var: 5.79524961353e-09
    spectral_energyband_middle_high:
        dmean: 0.000128626648802
        dmean2: 0.000186061355635
        dvar: 2.79650116397e-08
        dvar2: 5.47288223629e-08
        max: 0.00285034743138
        mean: 0.000595687655732
        min: 2.64736907951e-08
        var: 1.92850620806e-07
    spectral_energyband_middle_low:
        dmean: 0.000935324293096
        dmean2: 0.00137351709418
        dvar: 1.1515588767e-06
        dvar2: 2.86775389213e-06
        max: 0.0156815759838
        mean: 0.0041684564203
        min: 2.06160422067e-08
        var: 5.81440963288e-06
    spectral_flatness_db:
        dmean: 0.0155833633617
        dmean2: 0.0234787985682
        dvar: 0.000171081279404
        dvar2: 0.000409421831137
        max: 0.410884588957
        mean: 0.270779728889
        min: 0.0805047750473
        var: 0.00263622449711
    spectral_flux:
        dmean: 0.0072389296256
        dmean2: 0.0120075978339
        dvar: 4.00948811148e-05
        dvar2: 9.80124168564e-05
        max: 0.0879958420992
        mean: 0.024788800627
        min: 0.00733836833388
        var: 8.72549135238e-05
    spectral_kurtosis:
        dmean: 6.71480989456
        dmean2: 12.1118717194
        dvar: 85.3488769531
        dvar2: 246.348449707
        max: 96.3986053467
        mean: 15.850358963
        min: 1.10409927368
        var: 276.11819458
    spectral_rms:
        dmean: 0.000206709708436
        dmean2: 0.000299534527585
        dvar: 4.15379410867e-08
        dvar2: 9.24387251189e-08
        max: 0.0039432393387
        mean: 0.00213417084888
        min: 8.21810135676e-06
        var: 2.80087874671e-07
    spectral_rolloff:
        dmean: 225.723709106
        dmean2: 368.017272949
        dvar: 154806.015625
        dvar2: 324934.8125
        max: 4155.90820312
        mean: 1032.39807129
        min: 322.998046875
        var: 555219.6875
    spectral_skewness:
        dmean: 0.491240769625
        dmean2: 0.879070878029
        dvar: 0.321227401495
        dvar2: 0.918696403503
        max: 7.93727493286
        mean: 2.64171385765
        min: 0.868240952492
        var: 1.50185728073
    spectral_spread:
        dmean: 240460.828125
        dmean2: 375699.15625
        dvar: 107232665600
        dvar2: 127250579456
        max: 10348551
        mean: 2475132
        min: 846553.4375
        var: 707290464256
    spectral_strongpeak:
        dmean: 0.196605727077
        dmean2: 0.333696722984
        dvar: 0.0608068145812
        dvar2: 0.173692107201
        max: 2.75116539001
        mean: 0.489545196295
        min: 0
        var: 0.114080429077
    zerocrossingrate:
        dmean: 0.00444777775556
        dmean2: 0.00517010362819
        dvar: 1.75090390258e-05
        dvar2: 2.25289531954e-05
        max: 0.09765625
        mean: 0.041029188782
        min: 0.00341796875
        var: 0.000301033025607
    barkbands:
        dmean: [8.4285316504e-09, 5.77311105587e-08, 1.76707453647e-05, 0.000120153759781, 0.00043183285743, 0.000471165520139, 0.000119851007184, 0.000220021087443, 0.000113465910545, 5.78097933612e-05, 1.84597884072e-05, 2.98195882351e-05, 3.4401222365e-05, 3.83696860808e-05, 2.11263522942e-05, 1.49813504322e-05, 9.299433259e-06, 1.82139192475e-05, 1.45703388625e-05, 3.2842028304e-05, 1.82545300049e-05, 2.02076216738e-06, 2.26553908078e-07, 1.08786295527e-08, 4.24957935508e-09, 1.6086116883e-09, 1.97984378891e-10]
        dmean2: [1.34028219634e-08, 9.49733802713e-08, 2.29339239013e-05, 0.000107473548269, 0.000718301627785, 0.000610543705989, 0.000170502535184, 0.000274107878795, 0.000141863783938, 8.55550606502e-05, 2.70192995231e-05, 4.69608494313e-05, 5.55197948415e-05, 5.7598346757e-05, 3.13752061629e-05, 2.27480541071e-05, 1.43241750266e-05, 2.849044904e-05, 2.31173326029e-05, 5.04144845763e-05, 2.90797161142e-05, 3.10217205879e-06, 3.35296874709e-07, 1.61374842378e-08, 6.55862875121e-09, 2.21063256589e-09, 3.50179385489e-10]
        dvar: [7.91256590007e-15, 3.42031971864e-14, 3.13566617116e-10, 1.73118959168e-08, 4.54654838222e-07, 2.89333797809e-07, 5.37447597537e-08, 1.28133024191e-07, 2.64965134278e-08, 1.11990674512e-08, 2.37994313146e-09, 1.9164734244e-09, 3.0724454092e-09, 4.76782568981e-09, 2.39648811906e-09, 5.34339850145e-10, 2.94304747239e-10, 7.26333881929e-10, 4.21295887065e-10, 2.01535566013e-09, 1.22225496391e-09, 1.06158250593e-11, 2.07884179163e-13, 3.39186005747e-16, 4.28374075231e-17, 2.19642723889e-17, 3.42816810615e-19]
        dvar2: [1.98233763389e-14, 8.5361839125e-14, 6.9409428205e-10, 1.26260211175e-08, 1.26733118577e-06, 5.99644806698e-07, 9.63441948443e-08, 2.36807764509e-07, 4.27482227394e-08, 2.29834373755e-08, 4.80215422982e-09, 4.48798775921e-09, 6.836824884e-09, 8.23146351081e-09, 4.015885402e-09, 1.0603863343e-09, 6.3694810537e-10, 1.50351076034e-09, 1.08432274271e-09, 4.5267167792e-09, 2.66688959805e-09, 2.27126858987e-11, 4.08970519125e-13, 7.40453544358e-16, 9.66104339117e-17, 3.47399876143e-17, 8.81142153403e-19]
        max: [1.31548017634e-06, 2.57905935541e-06, 0.000341729872162, 0.00286752637476, 0.00902150012553, 0.00788767263293, 0.00362781668082, 0.00754942325875, 0.00213464768603, 0.00141367141623, 0.000547111325432, 0.000451345054898, 0.000558318279218, 0.00101722520776, 0.000768212252297, 0.000239878354478, 0.000227174139582, 0.000341279286658, 0.000247921183472, 0.00067391776247, 0.000474202563055, 3.68568435078e-05, 5.8542473198e-06, 2.35896365552e-07, 9.67755511283e-08, 5.93797295778e-08, 8.40470626429e-09]
        mean: [5.59809931744e-09, 6.44852278242e-08, 9.83596037258e-05, 0.000485754630063, 0.00110988563392, 0.00133263051976, 0.000369611749193, 0.000661836995278, 0.000203623683774, 0.000135304842843, 2.83520712401e-05, 7.27663646103e-05, 6.69209621265e-05, 9.12867544685e-05, 4.12841982325e-05, 2.90720054181e-05, 1.89044403669e-05, 4.19232310378e-05, 3.27370617015e-05, 9.16681310628e-05, 3.83371552743e-05, 4.7739990805e-06, 4.9582365591e-07, 2.81440559746e-08, 1.32526150054e-08, 4.91189489082e-09, 1.68743408135e-10]
        min: [7.07039765277e-12, 1.37409594814e-09, 3.94178334417e-09, 2.75778289094e-09, 2.74318234794e-09, 4.38281910764e-10, 1.09896647338e-09, 3.11901837691e-09, 9.01670560438e-09, 7.57974749632e-09, 1.24750054731e-09, 3.58694540736e-09, 2.55664667215e-09, 1.54924761908e-09, 1.40094025269e-09, 1.89893489821e-10, 1.58143909079e-09, 3.400785209e-09, 3.42052830504e-09, 3.15729398181e-09, 2.559299217e-09, 2.18033271993e-10, 2.28905436273e-11, 1.09162826348e-11, 1.29229673837e-11, 4.46786314542e-12, 7.59259412205e-15]
        var: [3.9886569728e-15, 2.05859753479e-14, 5.79672310153e-09, 1.73200405129e-07, 1.16348064694e-06, 1.5344996882e-06, 4.25224669698e-07, 8.49214188747e-07, 7.62586438441e-08, 3.47865096728e-08, 3.33164007493e-09, 6.61957599846e-09, 7.76723663165e-09, 2.3462590093e-08, 5.46558753811e-09, 1.26188459681e-09, 8.10688460806e-10, 2.47932274711e-09, 1.4016406924e-09, 1.03357500336e-08, 3.53085471971e-09, 3.35752155245e-11, 6.55686659481e-13, 1.29445745521e-15, 2.95237463051e-16, 1.28620431028e-16, 1.88969165368e-19]
    mfcc:
        mean: [-798.664306641, 186.237594604, -66.1930160522, 54.4053764343, -56.0771980286, -10.5393180847, -23.6442337036, -33.8271141052, -22.8324604034, -18.1612491608, -15.8391723633, -20.1464748383, -16.3385944366]
        cov: [[2549.74243164, -1228.38562012, -107.510261536, 42.6225471497, -224.569061279, 87.3101806641, 180.310501099, -133.631256104, 23.3530483246, 113.717971802, -75.6182479858, -93.8798599243, -72.4477462769], [-1228.38562012, 1308.55700684, -91.8831329346, -68.4635848999, 201.681884766, -173.02645874, -239.926315308, 46.894241333, 24.5097923279, -143.147918701, 32.0135726929, 84.7946090698, 55.9431991577], [-107.510261536, -91.8831329346, 371.473754883, -5.14891433716, -25.2568283081, 18.1614971161, -41.0698547363, 40.0485343933, -71.2395935059, 30.4759197235, -2.88806867599, -29.4936237335, -25.2257709503], [42.6225471497, -68.4635848999, -5.14891433716, 103.287147522, 16.4342517853, 17.9564151764, 11.7209634781, 13.9946651459, -39.7093772888, 2.41409873962, 2.71860742569, -20.3086986542, -1.81961655617], [-224.569061279, 201.681884766, -25.2568283081, 16.4342517853, 142.716506958, -15.1093044281, -75.4997177124, 38.6946144104, -32.658493042, -18.14544487, 9.5403881073, 4.65928840637, -6.16881990433], [87.3101806641, -173.02645874, 18.1614971161, 17.9564151764, -15.1093044281, 104.566902161, 19.9707832336, 12.2145118713, -24.644908905, 15.1453084946, 3.91674542427, -24.3019428253, -9.48374080658], [180.310501099, -239.926315308, -41.0698547363, 11.7209634781, -75.4997177124, 19.9707832336, 179.684677124, -28.8984375, 43.1857337952, 16.33959198, -22.2908210754, -6.37485790253, -4.19985675812], [-133.631256104, 46.894241333, 40.0485343933, 13.9946651459, 38.6946144104, 12.2145118713, -28.8984375, 93.4812927246, -12.8862199783, -4.29078102112, 11.4428110123, -14.7801351547, -19.1194915771], [23.3530483246, 24.5097923279, -71.2395935059, -39.7093772888, -32.658493042, -24.644908905, 43.1857337952, -12.8862199783, 159.452041626, 3.27654671669, -5.21629047394, 32.9785614014, 0.0325762592256], [113.717971802, -143.147918701, 30.4759197235, 2.41409873962, -18.14544487, 15.1453084946, 16.33959198, -4.29078102112, 3.27654671669, 108.839012146, 12.9241828918, -10.7617406845, -3.30504822731], [-75.6182479858, 32.0135726929, -2.88806867599, 2.71860742569, 9.5403881073, 3.91674542427, -22.2908210754, 11.4428110123, -5.21629047394, 12.9241828918, 62.2427215576, 11.616724968, -4.15756368637], [-93.8798599243, 84.7946090698, -29.4936237335, -20.3086986542, 4.65928840637, -24.3019428253, -6.37485790253, -14.7801351547, 32.9785614014, -10.7617406845, 11.616724968, 71.3098220825, 21.8866825104], [-72.4477462769, 55.9431991577, -25.2257709503, -1.81961655617, -6.16881990433, -9.48374080658, -4.19985675812, -19.1194915771, 0.0325762592256, -3.30504822731, -4.15756368637, 21.8866825104, 61.2181053162]]
        icov: [[0.000980106298812, 0.00106156687252, 0.000653465103824, -4.31074113294e-05, 0.000527754949871, 0.000759989314247, 0.00097633106634, 0.000715123431291, -6.85162958689e-05, 3.48054309143e-05, 0.000731749809347, 0.000410933193052, 0.000823723326903], [0.00106156687252, 0.00301963440143, 0.000838774896692, 0.000768937577959, -0.000976995448582, 0.0028567193076, 0.00239475141279, 0.000239882298047, -0.000552981335204, 0.0017341155326, 1.04970595203e-05, 0.000370576919522, -0.000589207338635], [0.000653465103824, 0.000838774896692, 0.00413936981931, 0.000692653295118, 0.00222364277579, 0.000815340725239, 0.00186429184396, -0.00143165362533, 0.00183934916276, -0.00102272070944, 0.00156043760944, -4.63411561213e-05, 0.00183060707059], [-4.31074113294e-05, 0.000768937577959, 0.000692653295118, 0.012420905754, -0.0022258865647, 0.000176113113412, -0.00162906607147, -0.00166630663443, 0.00265968847089, 0.000611663097516, -0.00133646663744, 0.0021907130722, -0.00177066051401], [0.000527754949871, -0.000976995448582, 0.00222364277579, -0.0022258865647, 0.0131502225995, 0.000107938380097, 0.0036447881721, -0.00324936117977, 0.00246270094067, -0.00132867787033, 0.00230420264415, -0.00187802198343, 0.00369943166152], [0.000759989314247, 0.0028567193076, 0.000815340725239, 0.000176113113412, 0.000107938380097, 0.0142335165292, 0.000986330560409, -0.00166481547058, 0.00106799835339, 0.000931780028623, -0.00140435295179, 0.00263561424799, -0.00059427425731], [0.00097633106634, 0.00239475141279, 0.00186429184396, -0.00162906607147, 0.0036447881721, 0.000986330560409, 0.0107452962548, 0.00100232975092, -0.00191915407777, 0.000281809217995, 0.00303652952425, -8.43278576212e-06, 0.00148258078843], [0.000715123431291, 0.000239882298047, -0.00143165362533, -0.00166630663443, -0.00324936117977, -0.00166481547058, 0.00100232975092, 0.0154334688559, -0.00178754969966, 0.000784920761362, -0.00173581612762, 0.00275945779867, 0.00323007884435], [-6.85162958689e-05, -0.000552981335204, 0.00183934916276, 0.00265968847089, 0.00246270094067, 0.00106799835339, -0.00191915407777, -0.00178754969966, 0.00979758612812, -0.00153373146895, 0.00141251133755, -0.00398846296594, 0.00241876603104], [3.48054309143e-05, 0.0017341155326, -0.00102272070944, 0.000611663097516, -0.00132867787033, 0.000931780028623, 0.000281809217995, 0.000784920761362, -0.00153373146895, 0.0120091158897, -0.00397845730186, 0.00212722294964, -0.00205336255021], [0.000731749809347, 1.04970595203e-05, 0.00156043760944, -0.00133646663744, 0.00230420264415, -0.00140435295179, 0.00303652952425, -0.00173581612762, 0.00141251133755, -0.00397845730186, 0.0204559154809, -0.00538952508941, 0.00424105115235], [0.000410933193052, 0.000370576919522, -4.63411561213e-05, 0.0021907130722, -0.00187802198343, 0.00263561424799, -8.43278576212e-06, 0.00275945779867, -0.00398846296594, 0.00212722294964, -0.00538952508941, 0.021397434175, -0.00662506790832], [0.000823723326903, -0.000589207338635, 0.00183060707059, -0.00177066051401, 0.00369943166152, -0.00059427425731, 0.00148258078843, 0.00323007884435, 0.00241876603104, -0.00205336255021, 0.00424105115235, -0.00662506790832, 0.0224857144058]]
    spectral_contrast:
        mean: [-1.63063376135e-07, -1.14707894738e-07, -2.33192821497e-07, 1.97155813453e-07, -1.56841622356e-07, -1.00030945305e-07, 3.96564064431e-06, 8.27290421057e-07, -3.97611802327e-06, -1.79393418875e-06, -3.30529837811e-06, -1.36318033128e-06]
        var: [0.000492578779813, 0.000871601689141, 0.0012000418501, 0.0017639255384, 0.00414609909058, 0.00650889100507, 0.0534778609872, 0.100266106427, 0.164182305336, 0.203518226743, 0.319515436888, 0.89859431982]

rhythm:
    beats_loudness:
        dmean: 0.00274490844458
        dmean2: 0.00514290528372
        dvar: 5.61318211112e-06
        dvar2: 1.42789231177e-05
        max: 0.0138226523995
        mean: 0.00561021221802
        min: 0.000808201322798
        var: 6.17978275841e-06
    beats_loudness_bass:
        dmean: 0.0745791941881
        dmean2: 0.132416933775
        dvar: 0.00330582563765
        dvar2: 0.00617904681712
        max: 0.249515190721
        mean: 0.0961936116219
        min: 0.00930496491492
        var: 0.00522325886413
    bpm: 129.114151001
    bpm_confidence: 0
    first_peak_bpm: 198
    first_peak_spread: 0
    first_peak_weight: 0.703703701496
    onset_rate: 2.38636374474
    second_peak_bpm: 129
    second_peak_spread: 0
    second_peak_weight: 0.25925925374
    beats_position: [0.0573556497693, 0.359888613224, 0.662421584129, 0.964954555035, 1.26748752594, 1.57002055645, 1.87255346775, 2.17508649826, 2.47761940956, 2.78015232086, 3.08268523216, 3.38521814346, 3.68775105476, 3.99028396606, 4.29281711578, 4.59534978867, 4.89788293839, 5.2004160881, 5.50294876099, 5.80548191071, 6.2543182373, 6.71911048889, 7.18390274048, 7.64869594574, 8.113489151, 8.57828140259, 9.04307365417, 9.50786685944]
    bpm_estimates: [127.114257812, 128.375717163, 129.00289917, 131.963760376]
    bpm_intervals: [0.302532970905, 0.302532970905, 0.302532970905, 0.302532970905, 0.30253303051, 0.302532911301, 0.30253303051, 0.302532911301, 0.302532911301, 0.302532911301, 0.302532911301, 0.302532911301, 0.302532911301, 0.302533149719, 0.302532672882, 0.302533149719, 0.302533149719, 0.302532672882, 0.302533149719, 0.448836326599, 0.464792251587, 0.464792251587, 0.464793205261, 0.464793205261, 0.464792251587, 0.464792251587, 0.464793205261]
    onset_times: [0.0464399084449, 0.417959183455, 0.777868509293, 1.19582772255, 1.4164172411, 2.48453521729, 3.22757363319, 3.26240372658, 3.65714287758, 3.9125623703, 4.20281171799, 4.35374164581, 4.5046710968, 4.62077093124, 4.65560102463, 5.0387301445, 5.68888902664, 5.74693870544, 6.06040811539, 6.1068482399, 6.64090681076, 7.54648542404, 8.84680271149, 9.287981987]
    rubato_start: [6.2543182373]
    rubato_stop: [6.71911048889]
    perceptual_tempo: "unknown"

sfx:
    inharmonicity:
        dmean: 0.0317078977823
        dmean2: 0.0586619786918
        dvar: 0.00344150210731
        dvar2: 0.00939002260566
        max: 0.34067311883
        mean: 0.0243463553488
        min: 2.59338236219e-07
        var: 0.00251845805906
    oddtoevenharmonicenergyratio:
        dmean: 883.325317383
        dmean2: 1714.70568848
        dvar: 130383928
        dvar2: 383945280
        max: 180040.625
        mean: 549.762573242
        min: 2.7034300274e-06
        var: 77393952
    pitch_after_max_to_before_max_energy_ratio: 0.0137822907418
    pitch_centroid: 233.338592529
    pitch_max_to_total: 0.997685194016
    pitch_min_to_total: 0.368055552244
    tristimulus:
        dmean: [0.227982357144, 0.227470800281, 0.047028619796]
        dmean2: [0.406386524439, 0.404596239328, 0.0860477685928]
        dvar: [0.0568253286183, 0.051066596061, 0.00486797979102]
        dvar2: [0.149605810642, 0.137890130281, 0.0141232842579]
        max: [0.998281896114, 0.997889697552, 0.502265691757]
        mean: [0.584476590157, 0.343275278807, 0.0403859913349]
        min: [0.000763392425142, 0, 0]
        var: [0.074727922678, 0.0711000487208, 0.00414439802989]

tonal:
    chords_changes_rate: 0.0368663594127
    chords_number_rate: 0.0230414755642
    chords_strength:
        dmean: 0.00755799142644
        dmean2: 0.00508530531079
        dvar: 2.86710492219e-05
        dvar2: 2.32213133131e-05
        max: 0.58627474308
        mean: 0.436165988445
        min: 0.305062681437
        var: 0.00560379819945
    key_strength: 0.60785806179
    tuning_diatonic_strength: 0.410088449717
    tuning_equal_tempered_deviation: 0.0850827768445
    tuning_frequency: 446.142181396
    tuning_nontempered_energy_ratio: 0.654441475868
    hpcp:
        dmean: [0.0963309705257, 0.0587579160929, 0.0143989920616, 0.0134506952018, 0.0285943988711, 0.0621248558164, 0.0653062164783, 0.0422390475869, 0.0158439837396, 0.00935448054224, 0.0268501266837, 0.129903867841, 0.134466901422, 0.132708758116, 0.125230967999, 0.144362315536, 0.115432173014, 0.0533256456256, 0.0472181737423, 0.036406673491, 0.0827867612243, 0.116181708872, 0.0643923506141, 0.00722635351121, 0.0050277733244, 0.0322371385992, 0.098279543221, 0.115102976561, 0.0694392845035, 0.0109033919871, 0.00856206007302, 0.0244919098914, 0.0601901859045, 0.0619050189853, 0.0493388734758, 0.090249478817]
        dmean2: [0.145828962326, 0.0930986329913, 0.0229291580617, 0.0200668927282, 0.0476278029382, 0.0888420194387, 0.101748973131, 0.0662296041846, 0.0226921793073, 0.0144297052175, 0.0451057851315, 0.188080325723, 0.200639232993, 0.210058256984, 0.188261002302, 0.211621180177, 0.17434117198, 0.0837884321809, 0.063068382442, 0.0532164163888, 0.117035232484, 0.171915411949, 0.095628105104, 0.0125600816682, 0.00846068840474, 0.0538038387895, 0.14252564311, 0.161046177149, 0.108591206372, 0.0176635216922, 0.0142366755754, 0.0405576974154, 0.0915336459875, 0.092559248209, 0.0778701677918, 0.145968452096]
        dvar: [0.0236510559916, 0.00931773055345, 0.00057064689463, 0.000539344095159, 0.00304815219715, 0.0107766473666, 0.015296202153, 0.00389169948176, 0.00192018435337, 0.000430035579484, 0.00131120672449, 0.0184794869274, 0.0319530330598, 0.0217123907059, 0.0216825641692, 0.0273306202143, 0.019427690655, 0.012435041368, 0.0127523103729, 0.00630018673837, 0.00975424516946, 0.0291097536683, 0.00683385832235, 0.000203730873181, 0.000116308117867, 0.0025441844482, 0.0156362522393, 0.0231911893934, 0.00815014820546, 0.000334304088028, 0.000218185494305, 0.0029315946158, 0.0122823910788, 0.0110940504819, 0.00691104307771, 0.0179209075868]
        dvar2: [0.0459985435009, 0.0231133587658, 0.00139123143163, 0.00104807375465, 0.00765463989228, 0.0188397392631, 0.0245789270848, 0.00909279473126, 0.00429114559665, 0.000991417793557, 0.00306522124447, 0.038119059056, 0.0577982775867, 0.0592343918979, 0.0490837395191, 0.0439427755773, 0.0411477200687, 0.0318221114576, 0.023764424026, 0.0121832778677, 0.0213174093515, 0.0586188882589, 0.0127915749326, 0.000538638501894, 0.000268534146016, 0.00661432044581, 0.0290437527001, 0.0490795597434, 0.0216746088117, 0.0007913542795, 0.000553107936867, 0.00646304292604, 0.0222923159599, 0.019622117281, 0.0167622994632, 0.0419156216085]
        max: [1, 0.822051823139, 0.236670836806, 0.215272560716, 0.484732300043, 1, 1, 0.574097752571, 0.651707530022, 0.199017986655, 0.398968070745, 1, 1, 1, 1, 1, 1, 1, 1, 0.779585182667, 0.732242286205, 1, 0.715602695942, 0.101799033582, 0.087032109499, 0.267812639475, 1, 1, 0.582593202591, 0.14172706008, 0.0893361717463, 0.541886687279, 1, 1, 0.64238101244, 1]
        mean: [0.197103217244, 0.0872738957405, 0.0183451790363, 0.0196551624686, 0.0359555371106, 0.145250737667, 0.170573279262, 0.0653081387281, 0.0215803813189, 0.0109381088987, 0.0397933349013, 0.337327480316, 0.484347075224, 0.231921374798, 0.268578201532, 0.438581198454, 0.252486795187, 0.0947600603104, 0.0912792533636, 0.0458007492125, 0.235604807734, 0.403190165758, 0.187738984823, 0.00746938446537, 0.00607171002775, 0.0356527939439, 0.262883901596, 0.364428788424, 0.141184315085, 0.0147994849831, 0.00996029470116, 0.0384142510593, 0.118597768247, 0.119837895036, 0.0615802146494, 0.1430542171]
        min: [0.000946609128732, 0.000489905301947, 9.32701805141e-05, 4.90416459797e-05, 0.00043258650112, 0.000340756290825, 0.000463876029244, 0.000448958657216, 4.74960070278e-05, 3.86358697142e-05, 7.00161181157e-05, 0.000445000478067, 0.00101639912464, 0.00434883218259, 0.000669348635711, 0.000232304082601, 0.00621570134535, 0.000912740884814, 3.15129436785e-05, 4.83060066472e-05, 0.000479469745187, 0.000209070916753, 0.000281453772914, 3.91455869249e-05, 5.2763029089e-05, 0.000168617101735, 0.000465312274173, 0.000289306422928, 0.000251542747719, 3.07205409626e-05, 2.70937507594e-05, 7.51503903302e-05, 6.26863911748e-05, 7.79833862907e-05, 0.00027588676312, 0.000528323929757]
        var: [0.0773319527507, 0.0182711686939, 0.000953282054979, 0.00109567074105, 0.00358145521022, 0.0583215653896, 0.0803759545088, 0.00850003119558, 0.00306993164122, 0.000580571417231, 0.00360707193613, 0.0950138568878, 0.158545702696, 0.0373992472887, 0.0539284050465, 0.11108532548, 0.0378116965294, 0.0353182144463, 0.0458498708904, 0.00969269126654, 0.0568532906473, 0.163563102484, 0.0366591736674, 0.000186028744793, 0.000121941127873, 0.00314843910746, 0.0780427083373, 0.131530016661, 0.0233786702156, 0.000570889038499, 0.00024657335598, 0.0055393083021, 0.0412298925221, 0.0424453690648, 0.0100794769824, 0.0415467917919]
    chords_histogram: [11.9815664291, 20.2764968872, 41.4746551514, 7.37327194214, 0, 0, 0, 0, 0, 0, 0, 0, 0, 0, 0, 0, 0, 0, 0, 0, 0, 0, 0, 18.8940086365]
    thpcp: [1, 0.478833019733, 0.554516017437, 0.905510187149, 0.521293103695, 0.195644944906, 0.188458353281, 0.0945618376136, 0.48643797636, 0.8324406147, 0.387612521648, 0.0154215535149, 0.0125358663499, 0.0736100152135, 0.542759358883, 0.752412497997, 0.291494101286, 0.0305555369705, 0.0205643754452, 0.0793114155531, 0.244861125946, 0.247421532869, 0.127140671015, 0.295354753733, 0.406946241856, 0.180188760161, 0.0378761030734, 0.0405807383358, 0.0742350667715, 0.29988977313, 0.352171599865, 0.134837478399, 0.0445556156337, 0.0225832033902, 0.0821587219834, 0.696458160877]
    chords_key: "A"
    chords_scale: "major"
    key_key: "D"
    key_scale: "major"
    chords_progression: ["A", "A", "A", "A", "A", "A", "A", "A", "A", "A", "A", "A", "A", "A", "A", "A", "A", "A", "C#m", "C#m", "C#m", "C#m", "C#m", "C#m", "C#m", "C#m", "C#m", "C#m", "C#m", "D", "D", "D", "D", "D", "D", "D", "D", "D", "D", "D", "D", "D", "D", "D", "D", "D", "D", "D", "D", "D", "D", "D", "Bm", "Bm", "Bm", "Bm", "Bm", "Bm", "Bm", "Bm", "Bm", "Bm", "Bm", "Bm", "C#m", "C#m", "C#m", "C#m", "C#m", "A", "A", "A", "A", "A", "A", "A", "A", "A", "A", "A", "A", "A", "A", "A", "A", "A", "A", "A", "A", "A", "A", "A", "A", "A", "A", "A", "A", "A", "A", "A", "A", "A", "A", "A", "A", "A", "A", "A", "A", "A", "A", "A", "A", "A", "A", "A", "A", "A", "A", "A", "A", "A", "A", "A", "A", "A", "A", "A", "A", "A", "A", "A", "A", "A", "A", "A", "A", "A", "A", "A", "A", "D", "D", "D", "Bm", "Bm", "Bm", "Bm", "Bm", "Bm", "Bm", "Bm", "Bm", "Bm", "Bm", "Bm", "Bm", "Bm", "Bm", "Bm", "Bm", "Bm", "Bm", "Bm", "Bm", "Bm", "Bm", "Bm", "Bm", "Bm", "Bm", "Bm", "Bm", "F#m", "F#m", "F#m", "F#m", "F#m", "F#m", "F#m", "F#m", "F#m", "F#m", "F#m", "F#m", "F#m", "F#m", "F#m", "F#m", "F#m", "F#m", "F#m", "F#m", "F#m", "F#m", "F#m", "F#m", "F#m", "F#m", "F#m", "F#m", "F#m", "F#m", "F#m", "F#m", "F#m", "F#m", "F#m", "F#m", "F#m", "F#m", "F#m", "F#m", "F#m", "F#m", "F#m", "F#m"]
