
metadata:
    version:
        essentia: "1.2.2"
    audio_properties:
        analysis_sample_rate: 44100
        bitrate: 128
        channels: 2
        equal_loudness: 1
        length: 10.0048980713
        replay_gain: -10.1292629242
        downmix: "mix"
    tags:
        track: 10
        year: 0
        album: "Splitted by Mp3Splt v. 2.1"
        artist: "From 001.30 To 001.40"
        comment: "http://mp3splt.sf.net"
        genre: ""
        title: "07 S. O. S.mp3"

highlevel:
    ballroom:
        all:
            ChaChaCha: 0.354498744011
            Jive: 0.045573476702
            Quickstep: 0.00900062732399
            Rumba-American: 0.00322593958117
            Rumba-International: 0.0719727650285
            Rumba-Misc: 0.0436082109809
            Samba: 0.466792225838
            Tango: 0.00180687184911
            VienneseWaltz: 0.00202905549668
            Waltz: 0.00149207760114
        probability: 0.466792225838
        value: "Samba"
    culture:
        all:
            non_western: 0.562713801861
            western: 0.437286227942
        probability: 0.562713801861
        value: "non_western"
    gender:
        all:
            female: 0.267857700586
            male: 0.732142269611
        probability: 0.732142269611
        value: "male"
    genre_dortmund:
        all:
            alternative: 0.00150602892973
            blues: 0.000436104688561
            electronic: 0.0793481469154
            folkcountry: 0.000709761574399
            funksoulrnb: 0.00716222729534
            jazz: 0.0325684435666
            pop: 0.00887554325163
            raphiphop: 0.858822226524
            rock: 0.0105715356767
        probability: 0.858822226524
        value: "raphiphop"
    genre_electronica:
        all:
            ambient: 0.0268870592117
            dnb: 0.103868335485
            house: 0.804502189159
            techno: 0.048060297966
            trance: 0.0166821088642
        probability: 0.804502189159
        value: "house"
    genre_rosamerica:
        all:
            cla: 0.00105392176192
            dan: 0.152458965778
            hip: 0.724042713642
            jaz: 0.00602756254375
            pop: 0.00459597539157
            rhy: 0.100730255246
            roc: 0.00862993951887
            spe: 0.00246065598913
        probability: 0.724042713642
        value: "hip"
    genre_tzanetakis:
        all:
            blu: 0.000447723636171
            cla: 0.000827987678349
            cou: 0.00128019391559
            dis: 0.00558427767828
            hip: 0.604568004608
            jaz: 0.00143333675805
            met: 0.00342112965882
            pop: 0.201307579875
            reg: 0.177326515317
            roc: 0.00380321592093
        probability: 0.604568004608
        value: "hip"
    live_studio:
        all:
            live: 0.0732190832496
            studio: 0.926780939102
        probability: 0.926780939102
        value: "studio"
    mood:
        all:
            Cluster1: 0.339051812887
            Cluster2: 0.115230470896
            Cluster3: 0.0982742980123
            Cluster4: 0.0797296464443
            Cluster5: 0.367713749409
        probability: 0.367713749409
        value: "Cluster5"
    mood_acoustic:
        all:
            acoustic: 0.0709212571383
            not_acoustic: 0.929078757763
        probability: 0.929078757763
        value: "not_acoustic"
    mood_aggressive:
        all:
            aggressive: 0.0604201927781
            not_aggressive: 0.93957978487
        probability: 0.93957978487
        value: "not_aggressive"
    mood_electronic:
        all:
            electronic: 0.934753596783
            not_electronic: 0.0652463883162
        probability: 0.934753596783
        value: "electronic"
    mood_happy:
        all:
            happy: 0.0729852542281
            not_happy: 0.927014768124
        probability: 0.927014768124
        value: "not_happy"
    mood_party:
        all:
            not_party: 0.366907685995
            party: 0.633092284203
        probability: 0.633092284203
        value: "party"
    mood_relaxed:
        all:
            not_relaxed: 0.280813783407
            relaxed: 0.719186246395
        probability: 0.719186246395
        value: "relaxed"
    mood_sad:
        all:
            not_sad: 0.647557258606
            sad: 0.352442741394
        probability: 0.647557258606
        value: "not_sad"
    rhythm:
        all:
            fast: 0.062314722687
            medium: 0.893117964268
            slow: 0.04456730932
        probability: 0.893117964268
        value: "medium"
    speech_music:
        all:
            music: 0.999935865402
            speech: 6.41545921098e-05
        probability: 0.999935865402
        value: "music"
    timbre:
        all:
            bright: 0.011403628625
            dark: 0.988596379757
        probability: 0.988596379757
        value: "dark"
    voice_instrumental:
        all:
            instrumental: 0.0923174992204
            voice: 0.907682478428
        probability: 0.907682478428
        value: "voice"

lowlevel:
    average_loudness: 0.974448084831
    barkbands_kurtosis:
        dmean: 5.97199106216
        dmean2: 9.73888015747
        dvar: 115.888252258
        dvar2: 257.586730957
        max: 110.788162231
        mean: 11.4258852005
        min: -1.86071968079
        var: 378.793273926
    barkbands_skewness:
        dmean: 0.796293079853
        dmean2: 1.2370351553
        dvar: 0.797884166241
        dvar2: 1.69997537136
        max: 9.46815395355
        mean: 2.37101483345
        min: -1.09681677818
        var: 3.81688570976
    barkbands_spread:
        dmean: 7.56546974182
        dmean2: 12.0881528854
        dvar: 76.7764282227
        dvar2: 185.817382812
        max: 81.4210891724
        mean: 22.8188495636
        min: 1.16511452198
        var: 317.055206299
    dissonance:
        dmean: 0.0205996986479
        dmean2: 0.032736979425
        dvar: 0.000468054495286
        dvar2: 0.00104004261084
        max: 0.500000119209
        mean: 0.440877467394
        min: 0.289219349623
        var: 0.002348868642
    hfc:
        dmean: 1.53049552441
        dmean2: 2.07187438011
        dvar: 13.9926681519
        dvar2: 21.2708187103
        max: 41.2249679565
        mean: 2.73129057884
        min: 0.0277866944671
        var: 31.359041214
    pitch:
        dmean: 874.32598877
        dmean2: 1705.88830566
        dvar: 2212670
        dvar2: 5777879
        max: 4900
        mean: 1182.9855957
        min: 56.4660682678
        var: 2737913.25
    pitch_instantaneous_confidence:
        dmean: 0.0845285058022
        dmean2: 0.141756534576
        dvar: 0.00579506717622
        dvar2: 0.0145522048697
        max: 0.843877911568
        mean: 0.412620097399
        min: 0.147973418236
        var: 0.0173144955188
    pitch_salience:
        dmean: 0.0867592766881
        dmean2: 0.148780927062
        dvar: 0.00724490871653
        dvar2: 0.018858699128
        max: 0.879765987396
        mean: 0.596455812454
        min: 0.253805458546
        var: 0.0186640061438
    silence_rate_20dB:
        dmean: 0
        dmean2: 0
        dvar: 0
        dvar2: 0
        max: 1
        mean: 1
        min: 1
        var: 0
    silence_rate_30dB:
        dmean: 0
        dmean2: 0
        dvar: 0
        dvar2: 0
        max: 1
        mean: 1
        min: 1
        var: 0
    silence_rate_60dB:
        dmean: 0.139534890652
        dmean2: 0.279720276594
        dvar: 0.120064981282
        dvar2: 0.248098194599
        max: 1
        mean: 0.670533657074
        min: 0
        var: 0.220918744802
    spectral_centroid:
        dmean: 268.058868408
        dmean2: 395.133026123
        dvar: 108748.664062
        dvar2: 232628.625
        max: 3611.52783203
        mean: 841.296020508
        min: 108.920684814
        var: 412947.28125
    spectral_complexity:
        dmean: 2.22429895401
        dmean2: 3.1920375824
        dvar: 20.0524787903
        dvar2: 29.4619483948
        max: 44
        mean: 5.83682966232
        min: 0
        var: 57.2273483276
    spectral_crest:
        dmean: 2.76452660561
        dmean2: 4.50240421295
        dvar: 6.23709917068
        dvar2: 16.0612926483
        max: 23.8695430756
        mean: 10.5803384781
        min: 3.47816109657
        var: 17.7069664001
    spectral_decrease:
        dmean: 3.93120147546e-10
        dmean2: 6.14478135041e-10
        dvar: 5.75395364392e-19
        dvar2: 1.36330676644e-18
        max: -3.72565433365e-12
        mean: -7.80408404566e-10
        min: -5.84508219603e-09
        var: 7.83328821451e-19
    spectral_energy:
        dmean: 0.00159366766457
        dmean2: 0.00247078761458
        dvar: 9.60723446042e-06
        dvar2: 2.18836703425e-05
        max: 0.0247422270477
        mean: 0.00319317542017
        min: 1.84368000191e-05
        var: 1.39503654282e-05
    spectral_energyband_high:
        dmean: 0.000101008350612
        dmean2: 0.000128488754854
        dvar: 6.58643841689e-08
        dvar2: 8.63380833493e-08
        max: 0.0031583821401
        mean: 0.000164118406246
        min: 1.52008419718e-06
        var: 1.54937310981e-07
    spectral_energyband_low:
        dmean: 0.000583489600103
        dmean2: 0.000979030970484
        dvar: 1.79775975084e-06
        dvar2: 4.68114149044e-06
        max: 0.0106177758425
        mean: 0.000964494945947
        min: 1.50582138758e-07
        var: 2.28505768973e-06
    spectral_energyband_middle_high:
        dmean: 0.00033271862776
        dmean2: 0.000482213363284
        dvar: 7.75015962518e-07
        dvar2: 1.2762351389e-06
        max: 0.00923113524914
        mean: 0.000508788682055
        min: 4.70070290248e-06
        var: 1.66950917446e-06
    spectral_energyband_middle_low:
        dmean: 0.000890787749086
        dmean2: 0.00145451235585
        dvar: 3.815490345e-06
        dvar2: 9.58629971137e-06
        max: 0.0166707001626
        mean: 0.0015557463048
        min: 3.27709653902e-06
        var: 4.08107280236e-06
    spectral_flatness_db:
        dmean: 0.0281855016947
        dmean2: 0.0411995686591
        dvar: 0.000844519061502
        dvar2: 0.00171492807567
        max: 0.401296466589
        mean: 0.208146050572
        min: 0.0716391727328
        var: 0.00472080754116
    spectral_flux:
        dmean: 0.0114373434335
        dmean2: 0.0176816172898
        dvar: 0.00030235259328
        dvar2: 0.000682930985931
        max: 0.135233968496
        mean: 0.028406592086
        min: 0.00265433872119
        var: 0.000588606053498
    spectral_kurtosis:
        dmean: 2.01880860329
        dmean2: 3.0943145752
        dvar: 6.06902456284
        dvar2: 15.1453876495
        max: 25.4385566711
        mean: 4.24297380447
        min: -1.36070597172
        var: 17.1259346008
    spectral_rms:
        dmean: 0.000372324429918
        dmean2: 0.000551562581677
        dvar: 3.09511591468e-07
        dvar2: 6.48489162813e-07
        max: 0.00491312099621
        mean: 0.00154231698252
        min: 0.000134116067784
        var: 7.36554568448e-07
    spectral_rolloff:
        dmean: 599.457702637
        dmean2: 994.864074707
        dvar: 930925.9375
        dvar2: 2177235.25
        max: 8979.34570312
        mean: 1633.10998535
        min: 129.19921875
        var: 2722533.75
    spectral_skewness:
        dmean: 0.333031237125
        dmean2: 0.509361326694
        dvar: 0.135267913342
        dvar2: 0.340401828289
        max: 3.87157869339
        mean: 1.56379055977
        min: -0.261401563883
        var: 0.477101951838
    spectral_spread:
        dmean: 1274088.375
        dmean2: 1672192.125
        dvar: 3.71919762227e+12
        dvar2: 5.9505550295e+12
        max: 18310666
        mean: 6254266
        min: 2108350
        var: 1.31094261268e+13
    spectral_strongpeak:
        dmean: 0.0976196303964
        dmean2: 0.161261096597
        dvar: 0.0211260784417
        dvar2: 0.0475144125521
        max: 1.4676733017
        mean: 0.242725610733
        min: 0.00423105945811
        var: 0.0453441590071
    zerocrossingrate:
        dmean: 0.0127557776868
        dmean2: 0.013588398695
        dvar: 0.000163621138199
        dvar2: 0.000190285078133
        max: 0.189453125
        mean: 0.057885799557
        min: 0.0068359375
        var: 0.00142808607779
    barkbands:
        dmean: [1.00728925645e-06, 0.000304397195578, 0.000328686786816, 0.000219644512981, 0.000418923678808, 0.000125934617245, 0.000152870095917, 0.000156421461725, 7.79293768574e-05, 4.14539172198e-05, 3.16717923852e-05, 1.260002864e-05, 1.485642224e-05, 1.81176510523e-05, 3.21577208524e-05, 2.3917757062e-05, 5.92303804297e-05, 4.99892994412e-05, 7.69048856455e-05, 9.14557313081e-05, 4.37034650531e-05, 1.85938752111e-05, 5.94771154283e-06, 3.90078866985e-06, 3.28985015585e-06, 4.35535383758e-07, 2.4621256145e-09]
        dmean2: [1.16477940537e-06, 0.000512429978698, 0.000551147328224, 0.000371395202819, 0.000727639824618, 0.00019148037245, 0.000247353425948, 0.000232733524172, 0.000116165887448, 6.57633354422e-05, 5.23690869159e-05, 2.07249540836e-05, 2.31305039051e-05, 3.15711076837e-05, 5.20630201208e-05, 3.46127890225e-05, 9.28154331632e-05, 7.76449815021e-05, 0.000111594679765, 0.000140959469718, 6.11684372416e-05, 2.58796117123e-05, 8.35085302242e-06, 5.18766455571e-06, 3.91425055568e-06, 6.54330904126e-07, 3.99582766875e-09]
        dvar: [5.65541190267e-12, 5.81838719427e-07, 7.66775542616e-07, 2.41461521e-07, 1.98016755348e-06, 6.82448941802e-08, 1.24440163063e-07, 1.74629036565e-07, 4.03693469764e-08, 1.37783890963e-08, 1.25532038098e-08, 2.09925699046e-09, 3.8183114448e-09, 4.88566120893e-09, 1.10325597547e-08, 4.94210761204e-09, 2.93660207262e-08, 1.73148908544e-08, 3.39029071483e-08, 7.26548421426e-08, 1.3186016723e-08, 2.50722020922e-09, 2.0458429395e-10, 1.77031958537e-10, 1.60177815456e-10, 8.11394625534e-13, 3.26443189149e-17]
        dvar2: [8.79014656202e-12, 1.49040124597e-06, 2.13885778066e-06, 6.96441418313e-07, 5.15907277077e-06, 1.50024220602e-07, 3.07965251523e-07, 3.42784545637e-07, 8.47466381515e-08, 2.94771851372e-08, 3.07422531876e-08, 5.553404403e-09, 9.62380131142e-09, 1.4047026653e-08, 2.64296140529e-08, 8.8163654155e-09, 5.97994400664e-08, 3.00049549651e-08, 5.43213793947e-08, 1.55800563562e-07, 2.1112079196e-08, 4.51570603133e-09, 3.88281490293e-10, 3.10809822324e-10, 2.28244798062e-10, 1.85173035759e-12, 8.223410104e-17]
        max: [2.23101851589e-05, 0.00473672104999, 0.00843423604965, 0.00504247099161, 0.0116259939969, 0.00334379682317, 0.00342192407697, 0.00406072847545, 0.00281380279921, 0.00132166093681, 0.00119603739586, 0.000514511193614, 0.000652436807286, 0.000722943164874, 0.000932453956921, 0.00100442871917, 0.00232276087627, 0.00118620274588, 0.00176307815127, 0.00284338532947, 0.00150764139835, 0.000594762677792, 0.000184882708709, 0.000217572320253, 0.000251801277045, 7.24603478375e-06, 4.28227053817e-08]
        mean: [1.58751640811e-06, 0.000412136345403, 0.000550802680664, 0.000377240474336, 0.000436410628026, 0.000170186787727, 0.000222151531489, 0.000218082146603, 0.000117954703455, 6.52306553093e-05, 3.50714399246e-05, 1.56961414177e-05, 1.50306841533e-05, 1.83612282854e-05, 3.57025855919e-05, 3.30002767441e-05, 7.39857568988e-05, 7.11649554432e-05, 9.82616329566e-05, 0.000114540067443, 6.4579420723e-05, 2.66371225734e-05, 8.35092123452e-06, 5.87265458307e-06, 4.67119753012e-06, 4.67830602702e-07, 2.29825314335e-09]
        min: [1.72831714218e-11, 2.14259063824e-08, 7.05221623321e-08, 2.81867524876e-08, 6.0605947283e-07, 3.08764811052e-07, 2.33490695223e-07, 6.41665778289e-08, 6.20943225726e-08, 2.61270436397e-08, 1.86976478744e-08, 2.40914790339e-08, 3.37066587974e-08, 6.52529408285e-08, 1.03413519525e-07, 1.22089176102e-07, 2.21728640781e-07, 5.27917450199e-07, 7.07715003045e-07, 1.18381797165e-06, 5.84313227137e-07, 1.02993062967e-07, 1.1114957843e-08, 3.35889405179e-09, 1.3739563931e-09, 4.10386551131e-11, 4.59594385119e-14]
        var: [1.17457406648e-11, 5.71412897443e-07, 9.61817704592e-07, 2.55191991982e-07, 1.51950382588e-06, 1.06528204924e-07, 1.65181575085e-07, 2.68967482953e-07, 6.47224140948e-08, 2.6137016107e-08, 1.54575552358e-08, 2.7007902581e-09, 3.67003494262e-09, 4.57450877178e-09, 1.31422019933e-08, 9.48749612206e-09, 4.73508734444e-08, 3.56172868976e-08, 6.7487690103e-08, 1.11320886731e-07, 2.645080599e-08, 4.73455985528e-09, 4.03846012187e-10, 4.01809391315e-10, 3.26986188126e-10, 1.04743861154e-12, 3.01472955649e-17]
    mfcc:
        mean: [-810.501464844, 121.23160553, -3.05015325546, 77.2060623169, -19.4261035919, -9.98393440247, -4.43634605408, -3.5868806839, 7.10762786865, -1.01101148129, 1.14522898197, -2.0344452858, -3.91100001335]
        cov: [[6735.06445312, -1365.74328613, -272.603485107, -1104.09558105, -196.295852661, -329.13583374, -489.714630127, -118.736755371, -359.239044189, -231.2134552, -276.420684814, -200.255874634, -19.9882946014], [-1365.74328613, 1917.48303223, -217.330322266, 635.444641113, -246.698959351, 13.6813802719, 71.2854919434, 89.8149261475, 192.19984436, 144.811035156, 143.618942261, 62.6758575439, -27.6378555298], [-272.603485107, -217.330322266, 1323.7076416, 175.072753906, 411.49798584, 115.825942993, 223.888702393, 167.248123169, 136.084915161, 88.4989318848, 78.8616638184, 41.8651657104, -11.0062742233], [-1104.09558105, 635.444641113, 175.072753906, 888.645141602, 324.829956055, 312.162078857, 268.455047607, 71.3891372681, 69.0029449463, 22.8077640533, 54.8339767456, 60.7119445801, 8.60805034637], [-196.295852661, -246.698959351, 411.49798584, 324.829956055, 540.077514648, 348.650115967, 252.607116699, 78.1249237061, -1.66544163227, -28.2273368835, -37.5446395874, -10.6113615036, -4.7029914856], [-329.13583374, 13.6813802719, 115.825942993, 312.162078857, 348.650115967, 378.540435791, 249.91355896, 84.7376861572, -1.85985767841, -22.4041786194, -42.7669906616, -30.2185840607, -16.1248588562], [-489.714630127, 71.2854919434, 223.888702393, 268.455047607, 252.607116699, 249.91355896, 278.147521973, 110.731826782, 35.1682929993, 13.5610342026, -10.8612098694, -15.2363958359, -18.0390796661], [-118.736755371, 89.8149261475, 167.248123169, 71.3891372681, 78.1249237061, 84.7376861572, 110.731826782, 130.04284668, 66.2220230103, 38.2058601379, 13.0099859238, -7.56539583206, -9.06090354919], [-359.239044189, 192.19984436, 136.084915161, 69.0029449463, -1.66544163227, -1.85985767841, 35.1682929993, 66.2220230103, 121.307846069, 79.7354812622, 55.4281272888, 24.9534187317, -1.95885241032], [-231.2134552, 144.811035156, 88.4989318848, 22.8077640533, -28.2273368835, -22.4041786194, 13.5610342026, 38.2058601379, 79.7354812622, 127.39315033, 94.3742904663, 34.8903808594, -5.78249883652], [-276.420684814, 143.618942261, 78.8616638184, 54.8339767456, -37.5446395874, -42.7669906616, -10.8612098694, 13.0099859238, 55.4281272888, 94.3742904663, 131.077407837, 62.5542030334, 7.95899200439], [-200.255874634, 62.6758575439, 41.8651657104, 60.7119445801, -10.6113615036, -30.2185840607, -15.2363958359, -7.56539583206, 24.9534187317, 34.8903808594, 62.5542030334, 75.590423584, 28.1063499451], [-19.9882946014, -27.6378555298, -11.0062742233, 8.60805034637, -4.7029914856, -16.1248588562, -18.0390796661, -9.06090354919, -1.95885241032, -5.78249883652, 7.95899200439, 28.1063499451, 44.9034423828]]
        icov: [[0.000265257578576, 4.56394554931e-05, -3.38025784004e-05, 8.90846131369e-05, -0.000152400592924, 3.40804908774e-05, 0.000720712239854, -0.000714645837434, 0.000888672890142, -0.000308977148961, 0.00031660348759, 0.00024627437233, 5.11183898197e-05], [4.56394554931e-05, 0.0013637742959, 9.03391264728e-05, -0.00136172201019, 0.00158813223243, -0.000478459172882, 0.000410189386457, -0.000614636694081, -0.000959964876529, -0.000235580126173, -6.9374058512e-05, 0.000200552225579, 0.000992729328573], [-3.38025784004e-05, 9.03391264728e-05, 0.00166910199914, 0.00012861979485, -0.00209942297079, 0.00211280561052, -0.00103883340489, -0.000947946507949, -0.00119847734459, 0.000441641983343, -0.000825397728477, -0.000338711601216, 0.000718124501873], [8.90846131369e-05, -0.00136172201019, 0.00012861979485, 0.00367273413576, -0.00205412902869, -0.000508816097863, -0.00161688856315, 0.0014594901586, -0.000432431930676, 0.00171053153463, -0.00112221518066, -0.00178247527219, -0.000707902305294], [-0.000152400592924, 0.00158813223243, -0.00209942297079, -0.00205412902869, 0.00986494496465, -0.00722698355094, -8.80195329955e-06, 0.00147683254909, -0.000526990217622, 3.67395878129e-05, 0.00102053454611, -0.00091456057271, -0.000105391183752], [3.40804908774e-05, -0.000478459172882, 0.00211280561052, -0.000508816097863, -0.00722698355094, 0.0137490760535, -0.00599824078381, -0.00210274592973, 0.001464778441, -0.000383631384466, 0.000288959563477, 0.00212494633161, 0.000315704965033], [0.000720712239854, 0.000410189386457, -0.00103883340489, -0.00161688856315, -8.80195329955e-06, -0.00599824078381, 0.0156845189631, -0.00812845677137, 0.00402868306264, -0.00283584208228, 0.00248561683111, 0.000498976267409, 0.0021921263542], [-0.000714645837434, -0.000614636694081, -0.000947946507949, 0.0014594901586, 0.00147683254909, -0.00210274592973, -0.00812845677137, 0.0203650295734, -0.0104658082128, 0.00129487691447, -0.00157029030379, 0.0029396309983, -0.00281652109697], [0.000888672890142, -0.000959964876529, -0.00119847734459, -0.000432431930676, -0.000526990217622, 0.001464778441, 0.00402868306264, -0.0104658082128, 0.0246094986796, -0.0118185933679, 0.0044903261587, -0.00172711571213, -0.000591979012825], [-0.000308977148961, -0.000235580126173, 0.000441641983343, 0.00171053153463, 3.67395878129e-05, -0.000383631384466, -0.00283584208228, 0.00129487691447, -0.0118185933679, 0.0263419989496, -0.016748489812, 0.00151251966599, 0.00338447513059], [0.00031660348759, -6.9374058512e-05, -0.000825397728477, -0.00112221518066, 0.00102053454611, 0.000288959563477, 0.00248561683111, -0.00157029030379, 0.0044903261587, -0.016748489812, 0.0269124079496, -0.0143832508475, 0.00327521329746], [0.00024627437233, 0.000200552225579, -0.000338711601216, -0.00178247527219, -0.00091456057271, 0.00212494633161, 0.000498976267409, 0.0029396309983, -0.00172711571213, 0.00151251966599, -0.0143832508475, 0.0345471575856, -0.0170025750995], [5.11183898197e-05, 0.000992729328573, 0.000718124501873, -0.000707902305294, -0.000105391183752, 0.000315704965033, 0.0021921263542, -0.00281652109697, -0.000591979012825, 0.00338447513059, 0.00327521329746, -0.0170025750995, 0.0341020412743]]
    spectral_contrast:
        mean: [4.99900977502e-07, -1.69261909377e-07, -9.0574921785e-08, -1.24106875887e-07, 3.46946961827e-07, -5.85300412581e-08, -4.79226901007e-06, 1.9926569621e-06, -4.16965076511e-06, -1.33436594751e-06, -4.66764106477e-07, -2.28678982239e-06]
        var: [0.000295773177641, 0.000740600691643, 0.00142184598371, 0.00270517030731, 0.00556383375078, 0.00688352668658, 0.0880943089724, 0.139326319098, 0.410255461931, 1.00527977943, 1.25893688202, 3.32261538506]

rhythm:
    beats_loudness:
        dmean: 0.00939895119518
        dmean2: 0.0195621177554
        dvar: 1.59115625138e-05
        dvar2: 4.11328546761e-05
        max: 0.0174173619598
        mean: 0.00946870911866
        min: 0.00149034988135
        var: 3.13008531521e-05
    beats_loudness_bass:
        dmean: 0.623008608818
        dmean2: 1.22350299358
        dvar: 0.0287621188909
        dvar2: 0.0611294955015
        max: 0.883806824684
        mean: 0.356512516737
        min: 0.000752720749006
        var: 0.114579863846
    bpm: 85.091003418
    bpm_confidence: 0
    first_peak_bpm: 85
    first_peak_spread: 0
    first_peak_weight: 1
    onset_rate: 4.59774827957
    second_peak_bpm: 0
    second_peak_spread: 0
    second_peak_weight: 0
    beats_position: [0.498947739601, 1.20657122135, 1.91419482231, 2.62181830406, 3.32944178581, 4.03706550598, 4.74468898773, 5.45231294632, 6.16527605057, 6.86732196808, 7.56936693192, 8.27141284943, 8.9734582901, 9.6755027771]
    bpm_estimates: [84.91847229, 84.7052230835, 85.1558227539, 84.6093521118, 84.1676025391, 84.7360687256, 84.3712463379, 85.0388870239, 85.2498168945, 84.9685211182, 85.5358505249, 85.4400024414, 85.3273239136, 85.538520813, 85.5410842896, 85.4046478271, 85.5003890991, 85.4291610718]
    bpm_intervals: [0.70762348175, 0.70762360096, 0.70762348175, 0.70762348175, 0.707623720169, 0.70762348175, 0.707623958588, 0.712963104248, 0.702045917511, 0.702044963837, 0.702045917511, 0.702045440674, 0.702044487]
    onset_times: [0.0696598663926, 0.150929704309, 0.487619042397, 0.859138309956, 1.02167797089, 1.19582772255, 1.5673469305, 1.75310659409, 1.91564631462, 2.28716564178, 2.47292518616, 2.63546490669, 2.80961441994, 2.9837641716, 3.33206343651, 3.69197273254, 3.85451245308, 4.04027223587, 4.2492518425, 4.43501138687, 4.48145103455, 4.58594083786, 4.73687076569, 4.99229001999, 5.0967798233, 5.47990942001, 5.54956912994, 5.7701587677, 6.07201814651, 6.1648979187, 6.51319742203, 6.66412687302, 6.8382768631, 6.8963265419, 7.22140598297, 7.39555549622, 7.53487539291, 7.90639448166, 8.27791404724, 8.62621307373, 8.97451210022, 9.18349170685, 9.33442211151, 9.50857162476, 9.682721138, 9.90331077576]
    rubato_start: []
    rubato_stop: []
    perceptual_tempo: "unknown"

sfx:
    inharmonicity:
        dmean: 0.0331947617233
        dmean2: 0.0596393123269
        dvar: 0.00175988511182
        dvar2: 0.00479304930195
        max: 0.335512042046
        mean: 0.0370679795742
        min: 1.33043995447e-05
        var: 0.00218180194497
    oddtoevenharmonicenergyratio:
        dmean: 3.48023796082
        dmean2: 6.12866783142
        dvar: 181.038162231
        dvar2: 418.726593018
        max: 194.772521973
        mean: 2.61795115471
        min: 1.36015642056e-05
        var: 156.052841187
    pitch_after_max_to_before_max_energy_ratio: 0.654666602612
    pitch_centroid: 258.038787842
    pitch_max_to_total: 0.720279693604
    pitch_min_to_total: 0.668997645378
    tristimulus:
        dmean: [0.238780394197, 0.245515406132, 0.11254478991]
        dmean2: [0.41972014308, 0.436629354954, 0.201699256897]
        dvar: [0.0476238019764, 0.0481409728527, 0.018033940345]
        dvar2: [0.122220441699, 0.125921010971, 0.0490242317319]
        max: [0.981144309044, 0.974626243114, 0.696443915367]
        mean: [0.469853579998, 0.362856417894, 0.120662532747]
        min: [0.00977459084243, 0, 0]
        var: [0.0907971858978, 0.0743433907628, 0.0215825811028]

tonal:
    chords_changes_rate: 0.13425925374
    chords_number_rate: 0.0416666679084
    chords_strength:
        dmean: 0.0169601105154
        dmean2: 0.0201189219952
        dvar: 0.00017250845849
        dvar2: 0.000254007638432
        max: 0.621207416058
        mean: 0.46965816617
        min: 0.286250889301
        var: 0.00528109865263
    key_strength: 0.702828764915
    tuning_diatonic_strength: 0.493956387043
    tuning_equal_tempered_deviation: 0.240363419056
    tuning_frequency: 445.112548828
    tuning_nontempered_energy_ratio: 0.86002099514
    hpcp:
        dmean: [0.180588856339, 0.187775656581, 0.177673041821, 0.151982471347, 0.108187288046, 0.126594245434, 0.134403333068, 0.119381964207, 0.0904879495502, 0.101095885038, 0.119591869414, 0.109678074718, 0.103107683361, 0.0912973210216, 0.12001477927, 0.130518972874, 0.166978850961, 0.119256496429, 0.0906090140343, 0.0964424237609, 0.100533619523, 0.123727291822, 0.133269011974, 0.13813520968, 0.142434537411, 0.168223410845, 0.176338478923, 0.160956203938, 0.116551361978, 0.0903358757496, 0.0831448808312, 0.0784024372697, 0.0806038528681, 0.0770789310336, 0.101605914533, 0.158287957311]
        dmean2: [0.322252422571, 0.321014046669, 0.306225180626, 0.27047726512, 0.190478995442, 0.214180096984, 0.235327869654, 0.207336530089, 0.152496963739, 0.1694098562, 0.199129194021, 0.183752849698, 0.17837561667, 0.150312781334, 0.198819294572, 0.203126475215, 0.279616355896, 0.209827572107, 0.162973582745, 0.168099343777, 0.175023183227, 0.214564263821, 0.237962722778, 0.247183814645, 0.249777168036, 0.289488077164, 0.295400232077, 0.286989688873, 0.203478202224, 0.159506365657, 0.154038190842, 0.134844318032, 0.143489778042, 0.130312636495, 0.176969870925, 0.265418022871]
        dvar: [0.0722419470549, 0.0509036295116, 0.0581672303379, 0.0463451370597, 0.0352897308767, 0.0459985770285, 0.0556267611682, 0.0464501976967, 0.0243840944022, 0.0263180937618, 0.0312081668526, 0.0330612286925, 0.0287217013538, 0.0198686085641, 0.0264991465956, 0.0469974949956, 0.0551596172154, 0.0357910729945, 0.0241378098726, 0.0287444572896, 0.0237413533032, 0.0383426882327, 0.0492119640112, 0.0443143807352, 0.0646077245474, 0.0560713596642, 0.0581313744187, 0.0685382038355, 0.037662062794, 0.0220127757639, 0.0347268134356, 0.0278150904924, 0.0229353699833, 0.0219965633005, 0.0282975956798, 0.0467101149261]
        dvar2: [0.175273522735, 0.132198348641, 0.159452497959, 0.122418731451, 0.0828629732132, 0.118613421917, 0.144069999456, 0.13076941669, 0.0676591098309, 0.0723327994347, 0.0770828947425, 0.0809952020645, 0.067651823163, 0.0495479889214, 0.0703856796026, 0.0866253301501, 0.139978691936, 0.101731166244, 0.0685379058123, 0.0790780484676, 0.0587835088372, 0.102271027863, 0.140320062637, 0.113376565278, 0.165285259485, 0.15854935348, 0.146434396505, 0.170708939433, 0.103274136782, 0.0586123093963, 0.0951712206006, 0.0754155144095, 0.0631745606661, 0.0593789592385, 0.083346106112, 0.128989115357]
        max: [1, 1, 1, 1, 1, 1, 1, 1, 1, 1, 1, 1, 1, 1, 0.947122216225, 1, 1, 1, 1, 1, 1, 1, 1, 1, 1, 1, 1, 1, 1, 1, 1, 1, 0.922407984734, 1, 1, 1]
        mean: [0.234753191471, 0.228214070201, 0.183368563652, 0.154479518533, 0.134249463677, 0.130853936076, 0.130829557776, 0.117404602468, 0.100569330156, 0.119018040597, 0.132749915123, 0.121509537101, 0.107269607484, 0.0930506512523, 0.160902753472, 0.276527673006, 0.224310860038, 0.104991495609, 0.0792787224054, 0.0943501964211, 0.108742371202, 0.113271333277, 0.118016585708, 0.139542087913, 0.168531417847, 0.183539688587, 0.19713523984, 0.16514660418, 0.112535379827, 0.090273603797, 0.0892946794629, 0.0833676382899, 0.0710263550282, 0.0804582089186, 0.113011084497, 0.170576021075]
        min: [0.000980616197921, 0.00105994381011, 0.000370669760741, 0.000219286885113, 0.000167431921, 0.000520113273524, 0.000423868827056, 0.000450126099167, 0.000341837410815, 0.000128631159896, 0.000169552251464, 0.000524952018168, 0.000385858147638, 0.000426476966823, 0.00013953668531, 0.000124739046441, 0.00043176181498, 0.000267495546723, 0.000205271702725, 0.000119019234262, 0.000214095925912, 0.000292721233563, 0.000193665953702, 0.000240210283664, 0.000109046166472, 0.000206128839636, 0.000207737612072, 0.00016636280634, 0.000100238154118, 0.000187146797543, 0.000264500762569, 0.000335616816301, 0.000272245262749, 0.000246286042966, 0.000453762273537, 0.000440032541519]
        var: [0.10611500591, 0.0773137062788, 0.0756754875183, 0.0587012842298, 0.0596613623202, 0.0523047782481, 0.0610929913819, 0.0466250926256, 0.0284508503973, 0.0342256501317, 0.0448634661734, 0.0372871123254, 0.0308139398694, 0.0208069290966, 0.0444833487272, 0.141017571092, 0.0864362567663, 0.0298722367734, 0.0198283046484, 0.0342714376748, 0.0332753099501, 0.0322657376528, 0.0354766696692, 0.054098829627, 0.0880839750171, 0.0698052272201, 0.0840308815241, 0.0783300101757, 0.0359555408359, 0.0273805297911, 0.038039367646, 0.0358667075634, 0.021232187748, 0.0252388119698, 0.0373589843512, 0.0565483532846]
    chords_histogram: [21.2962970734, 18.5185184479, 4.16666650772, 0, 0, 2.77777767181, 13.8888893127, 14.8148145676, 0, 7.87037038803, 0, 0, 0, 0, 0, 0, 0, 0, 0, 0, 0, 0, 10.6481485367, 6.01851844788]
    thpcp: [1, 0.811169683933, 0.379678070545, 0.286693632603, 0.341196209192, 0.393242269754, 0.409620255232, 0.426780372858, 0.504622519016, 0.609455883503, 0.663729906082, 0.712895154953, 0.597215473652, 0.406958848238, 0.326454132795, 0.322914093733, 0.301480263472, 0.256850808859, 0.290958970785, 0.408679127693, 0.616849720478, 0.848932027817, 0.825284719467, 0.66311109066, 0.558640360832, 0.485482931137, 0.473203778267, 0.473115593195, 0.4245672822, 0.363686323166, 0.430401921272, 0.48006016016, 0.439411848783, 0.387916356325, 0.336496710777, 0.58186852932]
    chords_key: "D"
    chords_scale: "minor"
    key_key: "D"
    key_scale: "minor"
    chords_progression: ["Gm", "Gm", "Gm", "Gm", "Gm", "Gm", "Gm", "Gm", "Gm", "Gm", "Gm", "Gm", "Gm", "Gm", "Gm", "Gm", "Gm", "Gm", "Gm", "Gm", "Gm", "Gm", "Gm", "D", "D", "D", "D", "D", "D", "D", "Dm", "Dm", "Dm", "Dm", "Dm", "Dm", "Dm", "Dm", "Dm", "Dm", "Dm", "Dm", "Dm", "Dm", "Dm", "A", "A", "A", "A", "A", "Dm", "Dm", "Dm", "Am", "Am", "Am", "Am", "Am", "Am", "F", "F", "F", "F", "F", "F", "Am", "Am", "Am", "F", "F", "F", "F", "F", "F", "F", "F", "A", "A", "A", "A", "A", "A", "A", "A", "A", "A", "A", "A", "D", "D", "D", "Dm", "Dm", "Dm", "Dm", "Dm", "D", "D", "D", "D", "D", "D", "D", "D", "D", "D", "D", "D", "G", "G", "G", "G", "G", "Bm", "Dm", "Dm", "F", "Bm", "F", "Bm", "F", "F", "F", "F", "F", "F", "F", "F", "F", "F", "F", "F", "F", "F", "F", "F", "F", "F", "F", "F", "F", "F", "F", "F", "Dm", "Dm", "Dm", "Dm", "G", "Dm", "Dm", "Dm", "Dm", "Dm", "Dm", "Dm", "Dm", "Dm", "Dm", "Dm", "Dm", "Dm", "Dm", "Bm", "Bm", "Bm", "Bm", "Bm", "Bm", "Bm", "Bm", "Bm", "Bm", "Bm", "Bm", "Bm", "Bm", "Bm", "Bm", "Bm", "Bm", "Bm", "A#", "A#", "A#", "A#", "A#", "A#", "A#", "A#", "A#", "A#", "A#", "A#", "Bm", "Bm", "Bm", "Bm", "Bm", "Bm", "Bm", "Bm", "A#", "D", "D", "D", "D", "D", "D", "D", "D", "D", "D", "Dm", "Dm", "Dm"]
