
metadata:
    version:
        essentia: "1.2.2"
    audio_properties:
        analysis_sample_rate: 44100
        bitrate: 128
        channels: 2
        equal_loudness: 1
        length: 10.0310201645
        replay_gain: -11.8719100952
        downmix: "mix"
    tags:
        track: 10
        year: 0
        album: "Splitted by Mp3Splt v. 2.1"
        artist: "From 001.30 To 001.40"
        comment: "http://mp3splt.sf.net"
        genre: ""
        title: "13 Recovery.mp3"

highlevel:
    ballroom:
        all:
            ChaChaCha: 0.0560692623258
            Jive: 0.771975934505
            Quickstep: 0.0139709031209
            Rumba-American: 0.000275023776339
            Rumba-International: 0.000944084196817
            Rumba-Misc: 0.000457205780549
            Samba: 0.149449452758
            Tango: 0.000536540639587
            VienneseWaltz: 0.00565406493843
            Waltz: 0.000667551823426
        probability: 0.771975934505
        value: "Jive"
    culture:
        all:
            non_western: 0.0246288962662
            western: 0.97537112236
        probability: 0.97537112236
        value: "western"
    gender:
        all:
            female: 0.651147007942
            male: 0.348852962255
        probability: 0.651147007942
        value: "female"
    genre_dortmund:
        all:
            alternative: 0.111311636865
            blues: 0.0136674065143
            electronic: 0.0929427295923
            folkcountry: 0.0246464218944
            funksoulrnb: 0.00234384415671
            jazz: 0.0132786529139
            pop: 0.0655884444714
            raphiphop: 0.0276316348463
            rock: 0.648589253426
        probability: 0.648589253426
        value: "rock"
    genre_electronica:
        all:
            ambient: 0.0572514384985
            dnb: 0.644587337971
            house: 0.0108214085922
            techno: 0.0308267809451
            trance: 0.256512999535
        probability: 0.644587337971
        value: "dnb"
    genre_rosamerica:
        all:
            cla: 0.00289722345769
            dan: 0.00944900233299
            hip: 0.00777550926432
            jaz: 0.00148139533121
            pop: 0.00575338257477
            rhy: 0.00165990530513
            roc: 0.970274806023
            spe: 0.000708802836016
        probability: 0.970274806023
        value: "roc"
    genre_tzanetakis:
        all:
            blu: 0.00734174251556
            cla: 0.00763959251344
            cou: 0.0892277285457
            dis: 0.068595290184
            hip: 0.0409166999161
            jaz: 0.0343886427581
            met: 0.268831908703
            pop: 0.0604333244264
            reg: 0.0205255672336
            roc: 0.402099490166
        probability: 0.402099490166
        value: "roc"
    live_studio:
        all:
            live: 0.00949216075242
            studio: 0.99050784111
        probability: 0.99050784111
        value: "studio"
    mood:
        all:
            Cluster1: 0.398051917553
            Cluster2: 0.0233742762357
            Cluster3: 0.00960187334567
            Cluster4: 0.0249925218523
            Cluster5: 0.543979406357
        probability: 0.543979406357
        value: "Cluster5"
    mood_acoustic:
        all:
            acoustic: 1.74484393938e-05
            not_acoustic: 0.999982535839
        probability: 0.999982535839
        value: "not_acoustic"
    mood_aggressive:
        all:
            aggressive: 0.985969185829
            not_aggressive: 0.0140308067203
        probability: 0.985969185829
        value: "aggressive"
    mood_electronic:
        all:
            electronic: 0.439955890179
            not_electronic: 0.560044109821
        probability: 0.560044109821
        value: "not_electronic"
    mood_happy:
        all:
            happy: 0.593476474285
            not_happy: 0.406523525715
        probability: 0.593476474285
        value: "happy"
    mood_party:
        all:
            not_party: 0.316951394081
            party: 0.683048605919
        probability: 0.683048605919
        value: "party"
    mood_relaxed:
        all:
            not_relaxed: 0.487286150455
            relaxed: 0.512713849545
        probability: 0.512713849545
        value: "relaxed"
    mood_sad:
        all:
            not_sad: 0.949448525906
            sad: 0.0505514703691
        probability: 0.949448525906
        value: "not_sad"
    rhythm:
        all:
            fast: 0.941272497177
            medium: 0.0493532009423
            slow: 0.00937432609499
        probability: 0.941272497177
        value: "fast"
    speech_music:
        all:
            music: 0.999826073647
            speech: 0.000173918379005
        probability: 0.999826073647
        value: "music"
    timbre:
        all:
            bright: 0.0137166175991
            dark: 0.986283361912
        probability: 0.986283361912
        value: "dark"
    voice_instrumental:
        all:
            instrumental: 0.310346752405
            voice: 0.689653217793
        probability: 0.689653217793
        value: "voice"

lowlevel:
    average_loudness: 0.944696366787
    barkbands_kurtosis:
        dmean: 0.469225525856
        dmean2: 0.813150286674
        dvar: 0.34104937315
        dvar2: 0.86659938097
        max: 6.23366451263
        mean: -1.00597846508
        min: -1.81204295158
        var: 0.773081183434
    barkbands_skewness:
        dmean: 0.331527024508
        dmean2: 0.512943804264
        dvar: 0.0755477398634
        dvar2: 0.164501726627
        max: 1.42401504517
        mean: -0.307304620743
        min: -2.4128074646
        var: 0.425566315651
    barkbands_spread:
        dmean: 5.30343914032
        dmean2: 8.8329744339
        dvar: 18.3346805573
        dvar2: 47.5706634521
        max: 57.9839630127
        mean: 38.6391906738
        min: 13.6477661133
        var: 47.892124176
    dissonance:
        dmean: 0.0104757361114
        dmean2: 0.0178677737713
        dvar: 0.00010617152293
        dvar2: 0.000305812427541
        max: 0.499076902866
        mean: 0.478911459446
        min: 0.405036211014
        var: 0.000192243620404
    hfc:
        dmean: 2.62582731247
        dmean2: 3.92242980003
        dvar: 14.326125145
        dvar2: 28.4385604858
        max: 51.9450492859
        mean: 10.4387674332
        min: 6.00134217166e-06
        var: 54.4922332764
    pitch:
        dmean: 795.133178711
        dmean2: 1528.2331543
        dvar: 1473986.125
        dvar2: 3267952
        max: 4009.09082031
        mean: 1718.08764648
        min: 73.2558135986
        var: 2470904.5
    pitch_instantaneous_confidence:
        dmean: 0.0712857469916
        dmean2: 0.118353672326
        dvar: 0.00387374009006
        dvar2: 0.00939443800598
        max: 0.735379219055
        mean: 0.350426465273
        min: 0.151267111301
        var: 0.0116616683081
    pitch_salience:
        dmean: 0.0557045973837
        dmean2: 0.0900495499372
        dvar: 0.00218432722613
        dvar2: 0.00533661805093
        max: 0.969499945641
        mean: 0.635632634163
        min: 0.37707144022
        var: 0.00611498998478
    silence_rate_20dB:
        dmean: 0
        dmean2: 0
        dvar: 0
        dvar2: 0
        max: 1
        mean: 1
        min: 1
        var: 0
    silence_rate_30dB:
        dmean: 0
        dmean2: 0
        dvar: 0
        dvar2: 0
        max: 1
        mean: 1
        min: 1
        var: 0
    silence_rate_60dB:
        dmean: 0.101851850748
        dmean2: 0.201856151223
        dvar: 0.0914779156446
        dvar2: 0.179671809077
        max: 1
        mean: 0.19630484283
        min: 0
        var: 0.157769590616
    spectral_centroid:
        dmean: 252.402099609
        dmean2: 388.252990723
        dvar: 47657.7929688
        dvar2: 92646.09375
        max: 3272.65429688
        mean: 1882.70593262
        min: 709.662780762
        var: 301874.4375
    spectral_complexity:
        dmean: 3.7470998764
        dmean2: 5.85813951492
        dvar: 15.3675727844
        dvar2: 27.2333488464
        max: 50
        mean: 19.398147583
        min: 0
        var: 74.364616394
    spectral_crest:
        dmean: 1.52157640457
        dmean2: 2.53232145309
        dvar: 2.08452367783
        dvar2: 5.15858507156
        max: 15.2322807312
        mean: 5.80710697174
        min: 2.84251046181
        var: 4.19696044922
    spectral_decrease:
        dmean: 2.68199240594e-10
        dmean2: 4.11639222708e-10
        dvar: 8.73159770019e-20
        dvar2: 1.976983119e-19
        max: -6.24058141335e-16
        mean: -1.12957232457e-09
        min: -3.88626819614e-09
        var: 2.8187831149e-19
    spectral_energy:
        dmean: 0.00121458934154
        dmean2: 0.00184280960821
        dvar: 1.98755719794e-06
        dvar2: 4.39126915808e-06
        max: 0.0193792320788
        mean: 0.0052100927569
        min: 2.89967760914e-09
        var: 6.80905441186e-06
    spectral_energyband_high:
        dmean: 0.000237555475906
        dmean2: 0.000368237379007
        dvar: 1.0694313346e-07
        dvar2: 2.14979110069e-07
        max: 0.00274104741402
        mean: 0.000599923310801
        min: 2.86402374039e-10
        var: 2.86588402787e-07
    spectral_energyband_low:
        dmean: 0.000377104413928
        dmean2: 0.000634435098618
        dvar: 2.04130870429e-07
        dvar2: 5.14873818247e-07
        max: 0.00368065526709
        mean: 0.000604214379564
        min: 1.09117687108e-10
        var: 2.6156303079e-07
    spectral_energyband_middle_high:
        dmean: 0.000653457362205
        dmean2: 0.000993937719613
        dvar: 6.98844132785e-07
        dvar2: 1.45314345446e-06
        max: 0.014755227603
        mean: 0.00271819275804
        min: 2.05012895549e-09
        var: 3.41728969033e-06
    spectral_energyband_middle_low:
        dmean: 0.000462084077299
        dmean2: 0.000717641960364
        dvar: 3.51315577518e-07
        dvar2: 8.50526021168e-07
        max: 0.00699611566961
        mean: 0.00128776719794
        min: 4.35615904459e-10
        var: 8.81873859271e-07
    spectral_flatness_db:
        dmean: 0.0126768136397
        dmean2: 0.0201143901795
        dvar: 0.000125568185467
        dvar2: 0.000254668295383
        max: 0.216816082597
        mean: 0.140840724111
        min: 0.0797780379653
        var: 0.000367451808415
    spectral_flux:
        dmean: 0.00725725898519
        dmean2: 0.0106997508556
        dvar: 5.66054477531e-05
        dvar2: 0.000113433969091
        max: 0.0893353074789
        mean: 0.0420471429825
        min: 5.38486528967e-05
        var: 0.000171148843947
    spectral_kurtosis:
        dmean: 1.15783619881
        dmean2: 1.95332384109
        dvar: 1.31692457199
        dvar2: 3.60539102554
        max: 14.6257038116
        mean: 3.56011223793
        min: -0.32032418251
        var: 2.61537194252
    spectral_rms:
        dmean: 0.000257529696682
        dmean2: 0.000382179860026
        dvar: 6.89150638777e-08
        dvar2: 1.36663132366e-07
        max: 0.00434816861525
        mean: 0.00219153566286
        min: 1.68194947037e-06
        var: 2.80192324453e-07
    spectral_rolloff:
        dmean: 299.266571045
        dmean2: 470.976104736
        dvar: 99867.90625
        dvar2: 204866.203125
        max: 5706.29882812
        mean: 3484.59057617
        min: 1184.32617188
        var: 445278.03125
    spectral_skewness:
        dmean: 0.170393615961
        dmean2: 0.278652101755
        dvar: 0.0324113890529
        dvar2: 0.0681672766805
        max: 3.30921149254
        mean: 1.21907651424
        min: 0.367278784513
        var: 0.0790159627795
    spectral_spread:
        dmean: 446292.75
        dmean2: 597019.4375
        dvar: 259480780800
        dvar2: 353064976384
        max: 10540151
        mean: 4127097.75
        min: 2176007.75
        var: 712517156864
    spectral_strongpeak:
        dmean: 0.404917240143
        dmean2: 0.720161318779
        dvar: 0.515617668629
        dvar2: 1.39146900177
        max: 5.89177322388
        mean: 0.477201044559
        min: 3.87032268918e-05
        var: 0.617451190948
    zerocrossingrate:
        dmean: 0.00844919122756
        dmean2: 0.00969522166997
        dvar: 6.43228413537e-05
        dvar2: 8.35313694552e-05
        max: 0.1708984375
        mean: 0.105477795005
        min: 0.048828125
        var: 0.000558480329346
    barkbands:
        dmean: [4.25593782438e-07, 0.00010345964256, 0.000328762165736, 0.000189195066923, 0.00016512752336, 6.13084848737e-05, 0.000229848461458, 6.37037737761e-05, 5.23415292264e-05, 7.01177195879e-05, 5.67959759792e-05, 2.96274156426e-05, 3.19331629726e-05, 3.38376266882e-05, 0.000112659959996, 0.000117797542771, 0.000210419631912, 0.000225859490456, 0.000241980451392, 0.000209265199373, 0.000108358530269, 4.24731697422e-05, 6.64564095132e-06, 1.78495247383e-06, 9.19987542147e-07, 2.65198334404e-08, 1.34489908099e-09]
        dmean2: [6.07035985922e-07, 0.000172570333234, 0.000565152848139, 0.000312442803988, 0.000269571057288, 0.000100877943623, 0.000343617255567, 0.000108381726022, 7.78004250606e-05, 0.000106740793854, 9.17252327781e-05, 4.80627786601e-05, 5.2538151067e-05, 5.79878760618e-05, 0.000182255214895, 0.000190032791579, 0.000339524791343, 0.000368702691048, 0.000398345699068, 0.000335154356435, 0.000168426704477, 6.8952118454e-05, 1.02029234768e-05, 2.34560707213e-06, 1.31321939989e-06, 3.75947664111e-08, 1.55296653315e-09]
        dvar: [8.94191350739e-13, 3.20629354178e-08, 1.42413242088e-07, 6.13340134237e-08, 4.95507386233e-08, 3.98451316386e-09, 2.46600990295e-07, 1.13149623004e-08, 1.19270069376e-08, 1.37337279327e-08, 1.42944216464e-08, 3.04357605785e-09, 8.68791760755e-10, 1.30612654026e-09, 2.50351224196e-08, 1.31241266743e-08, 1.48608322093e-07, 7.41937355997e-08, 1.26530579792e-07, 8.87304452135e-08, 2.57040362328e-08, 6.05619510097e-09, 3.68740732393e-10, 1.83448343322e-11, 1.68710791865e-12, 1.46565710753e-15, 4.74670328559e-16]
        dvar2: [1.5826791917e-12, 7.50310604758e-08, 3.69328034822e-07, 1.6333213182e-07, 1.40374254443e-07, 9.56042622846e-09, 5.45030559351e-07, 3.28603704247e-08, 2.04667909287e-08, 3.76449023065e-08, 3.62810972376e-08, 8.20776868693e-09, 2.24639085111e-09, 3.33971894584e-09, 6.35805292859e-08, 3.23689697268e-08, 3.63580653584e-07, 1.86031314797e-07, 3.27791525478e-07, 1.86178681361e-07, 5.59979866921e-08, 1.18813572314e-08, 8.23234702629e-10, 3.1892519875e-11, 3.03492625996e-12, 2.46833405291e-15, 4.75603811806e-16]
        max: [8.7978251031e-06, 0.00142926035915, 0.00259447656572, 0.00219150912017, 0.00214838935062, 0.000821953814011, 0.0047784759663, 0.00100412289612, 0.00173645792529, 0.00153197871987, 0.00128933007363, 0.000783129071351, 0.000266807706794, 0.000482471805299, 0.0023874680046, 0.00137330626603, 0.00753605924547, 0.00261987512931, 0.00403960607946, 0.00281215109862, 0.00149264396168, 0.00106413266622, 0.000320320978062, 8.29662822071e-05, 1.80250717676e-05, 5.04727722728e-07, 4.53408944168e-07]
        mean: [4.78562981243e-07, 0.000143112090882, 0.00046062641195, 0.000322328094626, 0.000288752635242, 0.000126249084133, 0.000336015771609, 8.72862656252e-05, 0.000108461455966, 0.000134195419378, 7.83058712841e-05, 4.41895062977e-05, 5.93869954173e-05, 7.13690023986e-05, 0.000222078931984, 0.000298586295685, 0.000458396098111, 0.000536652165465, 0.000583733140957, 0.000512282887939, 0.000241334579187, 7.81641065259e-05, 1.2437812984e-05, 3.8895545913e-06, 1.73746582277e-06, 4.7514678414e-08, 1.44894629628e-09]
        min: [3.66270624941e-11, 5.50789552856e-11, 3.57006785245e-11, 3.42326791913e-11, 8.25674320581e-11, 8.5616805312e-11, 7.94896995449e-11, 6.76662892385e-11, 7.46962075526e-11, 7.70591507271e-11, 7.85636486422e-11, 8.58505419532e-11, 6.62018079245e-11, 3.30382735059e-11, 1.60382318537e-10, 5.88271320545e-10, 5.9306259903e-10, 3.06078745682e-10, 4.98487778833e-11, 2.17860923746e-10, 7.82569495317e-11, 8.9530284228e-12, 1.61870235098e-12, 1.6587891e-12, 5.06913792626e-13, 3.60758054289e-13, 3.35686285626e-13]
        var: [1.32685377442e-12, 3.84628506822e-08, 1.81325447102e-07, 8.19809997665e-08, 8.60566657934e-08, 1.06688284873e-08, 4.51677692581e-07, 1.33844988426e-08, 4.66236862451e-08, 2.86702075414e-08, 2.45840325874e-08, 3.68023278519e-09, 1.56527157902e-09, 3.92513133107e-09, 4.1504385706e-08, 3.90590457755e-08, 3.5900333728e-07, 2.04252316394e-07, 3.48461099975e-07, 2.16058595015e-07, 5.64279822868e-08, 1.5508859974e-08, 8.66116511844e-10, 8.27386978375e-11, 6.85103709874e-12, 3.07036759061e-15, 4.74170737939e-16]
    mfcc:
        mean: [-690.582397461, 101.637054443, -56.0020675659, 68.4535827637, -4.66917848587, 1.0158213377, -2.07249808311, -1.22487616539, 5.2854642868, -1.44145417213, -3.51487541199, -5.64464664459, -2.83327126503]
        cov: [[2441.7019043, -664.756652832, 189.007080078, 89.004447937, -169.460723877, -8.49887180328, 25.8954601288, -11.4348316193, -52.2781448364, -21.5663547516, 33.2122344971, -63.036190033, -58.3964920044], [-664.756652832, 667.971374512, -148.293991089, -31.9688835144, 55.4519386292, -41.2550239563, -7.94621419907, -10.1656894684, 26.394109726, 46.9596214294, -6.23744010925, 21.9486904144, 27.4372463226], [189.007080078, -148.293991089, 225.717849731, -29.1173534393, -18.8729248047, 13.8794660568, -27.9009895325, -6.52766561508, -42.2532806396, -6.89908742905, 2.7211523056, 3.90395736694, 27.9455299377], [89.004447937, -31.9688835144, -29.1173534393, 101.11138916, 9.61170578003, -9.47597312927, -14.6610279083, -19.9433250427, -11.1838226318, -12.513715744, 5.21190786362, 6.43869304657, -18.1838302612], [-169.460723877, 55.4519386292, -18.8729248047, 9.61170578003, 140.370544434, 28.5806674957, -3.01969885826, 11.5421609879, 19.5394973755, 7.54093313217, 8.39716243744, 9.69907283783, 8.15932941437], [-8.49887180328, -41.2550239563, 13.8794660568, -9.47597312927, 28.5806674957, 87.6017532349, 7.75327110291, 16.2022647858, 25.1508197784, -9.18821620941, 7.17307567596, -10.7305908203, 0.831695199013], [25.8954601288, -7.94621419907, -27.9009895325, -14.6610279083, -3.01969885826, 7.75327110291, 84.3756332397, 31.7402534485, 24.9018878937, -7.65483236313, -1.29974544048, -17.2802276611, 0.336834311485], [-11.4348316193, -10.1656894684, -6.52766561508, -19.9433250427, 11.5421609879, 16.2022647858, 31.7402534485, 63.7682151794, 35.9338569641, 6.70018672943, -3.45901894569, -4.94614362717, 2.08534193039], [-52.2781448364, 26.394109726, -42.2532806396, -11.1838226318, 19.5394973755, 25.1508197784, 24.9018878937, 35.9338569641, 92.9687652588, 17.9999828339, 16.4203586578, -7.78703737259, -1.68203747272], [-21.5663547516, 46.9596214294, -6.89908742905, -12.513715744, 7.54093313217, -9.18821620941, -7.65483236313, 6.70018672943, 17.9999828339, 67.9849853516, 16.073223114, 10.2320175171, -6.87583208084], [33.2122344971, -6.23744010925, 2.7211523056, 5.21190786362, 8.39716243744, 7.17307567596, -1.29974544048, -3.45901894569, 16.4203586578, 16.073223114, 40.9968490601, 17.0363578796, 4.8134355545], [-63.036190033, 21.9486904144, 3.90395736694, 6.43869304657, 9.69907283783, -10.7305908203, -17.2802276611, -4.94614362717, -7.78703737259, 10.2320175171, 17.0363578796, 55.2218818665, 19.7408256531], [-58.3964920044, 27.4372463226, 27.9455299377, -18.1838302612, 8.15932941437, 0.831695199013, 0.336834311485, 2.08534193039, -1.68203747272, -6.87583208084, 4.8134355545, 19.7408256531, 52.2088241577]]
        icov: [[0.000672742724419, 0.000513416773174, -0.000277745828498, -0.0006123764324, 0.000544466718566, 0.000225313939154, -0.00024468585616, -0.0001582364348, 0.000275725964457, -0.000308337563183, -0.000898221333046, 0.000863310706336, 6.19199563516e-05], [0.000513416773174, 0.00266351434402, 0.0015243816888, 0.000534683349542, -0.00038633812801, 0.00095043546753, 0.000260294968029, 0.000870205985848, -2.47586722253e-05, -0.00170443416573, 0.000456553359982, 0.000639848702122, -0.00195570709184], [-0.000277745828498, 0.0015243816888, 0.00759724434465, 0.00234172935598, 0.000111033623398, -0.00111465156078, 0.00288064964116, -0.00116583146155, 0.00359369209036, -0.00104348349851, -0.00133688608184, 0.00168067205232, -0.00486819259822], [-0.0006123764324, 0.000534683349542, 0.00234172935598, 0.0140945296735, -0.00228930078447, 0.00152498856187, 0.00185590202454, 0.00273061939515, 0.000152356515173, 0.0039932988584, -0.00179075112101, -0.00306290900335, 0.00475608790293], [0.000544466718566, -0.00038633812801, 0.000111033623398, -0.00228930078447, 0.00910315942019, -0.00312502728775, 0.000556476879865, -0.00169965298846, -2.83148165181e-05, -0.00103354570456, -0.00101473054383, -0.00017364192172, -0.00133114994969], [0.000225313939154, 0.00095043546753, -0.00111465156078, 0.00152498856187, -0.00312502728775, 0.0155581962317, 0.000992909655906, -0.0018324876437, -0.00330401607789, 0.00370130524971, -0.00395186198875, 0.00332498387434, 0.000675775052514], [-0.00024468585616, 0.000260294968029, 0.00288064964116, 0.00185590202454, 0.000556476879865, 0.000992909655906, 0.0176522731781, -0.0082068676129, -0.000128146843053, 0.0030764110852, -0.00378028023988, 0.00557156326249, -0.00255198776722], [-0.0001582364348, 0.000870205985848, -0.00116583146155, 0.00273061939515, -0.00169965298846, -0.0018324876437, -0.0082068676129, 0.0271902270615, -0.00953821465373, -0.00289461109787, 0.00963022559881, -0.00490418449044, 0.000480447662994], [0.000275725964457, -2.47586722253e-05, 0.00359369209036, 0.000152356515173, -2.83148165181e-05, -0.00330401607789, -0.000128146843053, -0.00953821465373, 0.0199073236436, -0.00309002981521, -0.00955236144364, 0.00560371298343, -0.00211396836676], [-0.000308337563183, -0.00170443416573, -0.00104348349851, 0.0039932988584, -0.00103354570456, 0.00370130524971, 0.0030764110852, -0.00289461109787, -0.00309002981521, 0.0215359907597, -0.00780900148675, -0.00309834373184, 0.00732673658058], [-0.000898221333046, 0.000456553359982, -0.00133688608184, -0.00179075112101, -0.00101473054383, -0.00395186198875, -0.00378028023988, 0.00963022559881, -0.00955236144364, -0.00780900148675, 0.0397580377758, -0.0135628636926, -0.00116486847401], [0.000863310706336, 0.000639848702122, 0.00168067205232, -0.00306290900335, -0.00017364192172, 0.00332498387434, 0.00557156326249, -0.00490418449044, 0.00560371298343, -0.00309834373184, -0.0135628636926, 0.0308405943215, -0.0118412030861], [6.19199563516e-05, -0.00195570709184, -0.00486819259822, 0.00475608790293, -0.00133114994969, 0.000675775052514, -0.00255198776722, 0.000480447662994, -0.00211396836676, 0.00732673658058, -0.00116486847401, -0.0118412030861, 0.0301892254502]]
    spectral_contrast:
        mean: [-1.12875433445e-07, -6.33614092749e-07, 3.94755730326e-08, -2.46490031941e-07, 1.38197918886e-07, -6.7607118126e-08, 1.49666982452e-06, 2.16473858927e-06, 2.96615894513e-06, -3.05297885461e-06, -3.39498114954e-06, -2.23772667596e-06]
        var: [0.000538854976185, 0.00066083483398, 0.00106121995486, 0.0021104735788, 0.00242894259281, 0.0039580068551, 0.0385982356966, 0.0793358758092, 0.112379163504, 0.150913819671, 0.244345411658, 1.09463238716]

rhythm:
    beats_loudness:
        dmean: 0.00266180280596
        dmean2: 0.00495909759775
        dvar: 2.95041354548e-06
        dvar2: 1.0516760085e-05
        max: 0.0110607948154
        mean: 0.00742590334266
        min: 0.00400952948257
        var: 3.96592304241e-06
    beats_loudness_bass:
        dmean: 0.259709864855
        dmean2: 0.525919735432
        dvar: 0.0189502183348
        dvar2: 0.051811452955
        max: 0.478975445032
        mean: 0.195335790515
        min: 0.0297544654459
        var: 0.0272573083639
    bpm: 102.46723938
    bpm_confidence: 0
    first_peak_bpm: 102
    first_peak_spread: 0
    first_peak_weight: 1
    onset_rate: 3.98763012886
    second_peak_bpm: 0
    second_peak_spread: 0
    second_peak_weight: 0
    beats_position: [0.286118209362, 0.871516764164, 1.45691537857, 2.04231405258, 2.62771248817, 3.21311116219, 3.79850959778, 4.38390827179, 4.9693069458, 5.55470561981, 6.14234542847, 6.72807788849, 7.31381082535, 7.89954328537, 8.48527622223, 9.07100868225, 9.65674114227]
    bpm_estimates: [102.494110107, 102.424163818, 102.461936951, 102.973251343, 102.242652893, 102.568756104, 102.414146423, 102.37840271, 102.560035706, 102.378700256, 102.439300537, 102.408996582, 102.390319824, 102.389717102, 102.483825684]
    bpm_intervals: [0.585398554802, 0.585398614407, 0.585398674011, 0.585398435593, 0.585398674011, 0.585398435593, 0.585398674011, 0.585398674011, 0.585398674011, 0.587639808655, 0.585732460022, 0.585732936859, 0.585732460022, 0.585732936859, 0.585732460022, 0.585732460022]
    onset_times: [0.0464399084449, 0.243809521198, 1.16099774837, 1.42802715302, 1.74149656296, 2.33360552788, 2.60063481331, 2.91410422325, 3.20435380936, 3.35528349876, 3.63392281532, 3.77324271202, 4.07510185242, 4.52789115906, 4.66721105576, 4.81814050674, 4.95746040344, 5.27092981339, 5.3754196167, 5.56117916107, 5.72371864319, 5.99074840546, 6.13006782532, 6.45514726639, 6.58285713196, 6.87310647964, 7.02403640747, 7.27945566177, 7.31428575516, 7.61614513397, 7.94122457504, 8.05732440948, 8.34757328033, 8.48689365387, 8.78875255585, 9.25315189362, 9.38086128235, 9.52018165588, 9.67111110687, 9.98458003998]
    rubato_start: []
    rubato_stop: []
    perceptual_tempo: "unknown"

sfx:
    inharmonicity:
        dmean: 0.0549142621458
        dmean2: 0.0948399752378
        dvar: 0.00351309613325
        dvar2: 0.00942699611187
        max: 0.458203285933
        mean: 0.0661827251315
        min: 0
        var: 0.00402214378119
    oddtoevenharmonicenergyratio:
        dmean: 2.27724528313
        dmean2: 4.19759321213
        dvar: 14.6656618118
        dvar2: 40.8905067444
        max: 34.2228813171
        mean: 1.70976471901
        min: 0
        var: 10.310459137
    pitch_after_max_to_before_max_energy_ratio: 2.74068784714
    pitch_centroid: 212.728820801
    pitch_max_to_total: 0.256944447756
    pitch_min_to_total: 0.694444417953
    tristimulus:
        dmean: [0.166379883885, 0.265185177326, 0.163686454296]
        dmean2: [0.283931672573, 0.457126826048, 0.299802303314]
        dvar: [0.0211538467556, 0.0455939844251, 0.0211502667516]
        dvar2: [0.057828720659, 0.124702975154, 0.0571906678379]
        max: [1, 0.974996805191, 0.673636615276]
        mean: [0.290368169546, 0.454903244972, 0.164466887712]
        min: [0.0194591768086, 0, 0]
        var: [0.0299740750343, 0.0641342252493, 0.0229082088917]

tonal:
    chords_changes_rate: 0.0277777779847
    chords_number_rate: 0.0231481473893
    chords_strength:
        dmean: 0.00790684204549
        dmean2: 0.00859367381781
        dvar: 3.31743285642e-05
        dvar2: 4.4696025725e-05
        max: 0.645323753357
        mean: 0.510888516903
        min: 0.328283727169
        var: 0.00565946474671
    key_strength: 0.605865716934
    tuning_diatonic_strength: 0.522598326206
    tuning_equal_tempered_deviation: 0.143546387553
    tuning_frequency: 436.456176758
    tuning_nontempered_energy_ratio: 0.769245147705
    hpcp:
        dmean: [0.183892980218, 0.187173202634, 0.180358201265, 0.149295642972, 0.162171006203, 0.146727517247, 0.136024340987, 0.160186246037, 0.182088792324, 0.153976708651, 0.13818256557, 0.11171694845, 0.117437832057, 0.160611718893, 0.194047614932, 0.193910360336, 0.223646610975, 0.130317106843, 0.0862098187208, 0.0745821818709, 0.0754736289382, 0.0885819420218, 0.090922549367, 0.102542474866, 0.0987238138914, 0.0926118418574, 0.0978786796331, 0.102623514831, 0.107543066144, 0.116443306208, 0.125588193536, 0.111091189086, 0.114030823112, 0.123819224536, 0.129290699959, 0.159359812737]
        dmean2: [0.308256477118, 0.321952581406, 0.301238775253, 0.262303888798, 0.282200276852, 0.259927272797, 0.233227401972, 0.263146787882, 0.316942840815, 0.256312102079, 0.2336358428, 0.19007794559, 0.20587849617, 0.279271423817, 0.329177886248, 0.326707094908, 0.389290452003, 0.221013367176, 0.144596204162, 0.122629359365, 0.128359392285, 0.152091875672, 0.152638569474, 0.179619029164, 0.163343682885, 0.152395576239, 0.166102275252, 0.172095701098, 0.179148539901, 0.201590105891, 0.213720425963, 0.17738930881, 0.174024224281, 0.199557602406, 0.215063720942, 0.259355694056]
        dvar: [0.0361079126596, 0.0314561910927, 0.046750780195, 0.0356088094413, 0.0457855537534, 0.0266693271697, 0.0266541242599, 0.0362272411585, 0.0408984646201, 0.034218095243, 0.0256102140993, 0.016105985269, 0.0202892199159, 0.041246265173, 0.0362705923617, 0.0359056815505, 0.0428537577391, 0.0233149956912, 0.0115967337042, 0.0100693004206, 0.0116908596829, 0.0119843343273, 0.0119142141193, 0.0203373711556, 0.0172530524433, 0.0137860700488, 0.00929656252265, 0.00974401831627, 0.0162576008588, 0.0225920639932, 0.0230926685035, 0.0171443298459, 0.0187598410994, 0.0317439474165, 0.0250927750021, 0.0329413488507]
        dvar2: [0.087321691215, 0.0678361356258, 0.10930878669, 0.0848907381296, 0.121605247259, 0.0731530115008, 0.0676173120737, 0.0969501063228, 0.0990426763892, 0.0769014284015, 0.0644728913903, 0.0412619523704, 0.0580068267882, 0.116131275892, 0.0939981043339, 0.0871803611517, 0.116033144295, 0.0632390975952, 0.0324265025556, 0.0241983886808, 0.0271184146404, 0.0324003398418, 0.0292391460389, 0.0581909120083, 0.0400182679296, 0.0347122512758, 0.0252135600895, 0.0212825816125, 0.0427686758339, 0.05532155931, 0.0594634488225, 0.0406280085444, 0.0437571667135, 0.078933313489, 0.0604242235422, 0.0877635553479]
        max: [1, 1, 1, 1, 1, 1, 1, 1, 1, 1, 1, 1, 0.934022784233, 1, 1, 1, 1, 1, 0.995180428028, 0.830154836178, 0.85887503624, 0.91482436657, 1, 1, 1, 1, 0.904911518097, 0.95877635479, 0.838939130306, 1, 1, 1, 1, 1, 1, 1]
        mean: [0.40631172061, 0.365285456181, 0.260134160519, 0.260050922632, 0.241053879261, 0.196199670434, 0.195089936256, 0.232951670885, 0.3220025599, 0.353621602058, 0.252202630043, 0.17492903769, 0.161688044667, 0.191890314221, 0.399816274643, 0.581454098225, 0.412895202637, 0.190104752779, 0.12746322155, 0.110759370029, 0.11902794987, 0.150267392397, 0.156796053052, 0.159895241261, 0.165548205376, 0.148147433996, 0.171829685569, 0.186814755201, 0.161208182573, 0.163880929351, 0.19733120501, 0.212081730366, 0.206044122577, 0.200395449996, 0.193554699421, 0.271268218756]
        min: [0.0350264981389, 0.0444423593581, 0.010354090482, 0.0100803337991, 0.0120380036533, 0.0104412427172, 0.0153825869784, 0.0114947026595, 0.0150821655989, 0.0148398429155, 0.0104225194082, 0.0122579736635, 0.0121243223548, 0.0115363094956, 0.0199552755803, 0.0476893074811, 0.0425719693303, 0.0165930930525, 0.00768839428201, 0.00683601293713, 0.0125901028514, 0.014016572386, 0.00896684080362, 0.00762011203915, 0.00860705040395, 0.0103326542303, 0.0190827716142, 0.0234134029597, 0.0212493501604, 0.0127559164539, 0.0099056456238, 0.0113472053781, 0.00902190804482, 0.0108279176056, 0.0111467028037, 0.0231368765235]
        var: [0.0718958899379, 0.0614879131317, 0.0743681266904, 0.0840332657099, 0.0712122321129, 0.0310442820191, 0.0310779195279, 0.0421544611454, 0.0619552768767, 0.0824634432793, 0.0454908050597, 0.0210290197283, 0.0200581923127, 0.0358465872705, 0.075950011611, 0.10240124166, 0.073948122561, 0.0333866402507, 0.0192099362612, 0.0157119110227, 0.0159163642675, 0.0184072460979, 0.0212245695293, 0.0289949923754, 0.0326879695058, 0.0213858280331, 0.0149875022471, 0.0172825083137, 0.0195685122162, 0.0250433776528, 0.0300592072308, 0.0390104502439, 0.0384193137288, 0.0431145504117, 0.03317675367, 0.0470345877111]
    chords_histogram: [6.48148155212, 10.1851854324, 12.5, 0, 0.462962955236, 0, 0, 1.38888883591, 0, 68.9814834595, 0, 0, 0, 0, 0, 0, 0, 0, 0, 0, 0, 0, 0, 0]
    thpcp: [1, 0.710107982159, 0.326947122812, 0.219214588404, 0.190486863256, 0.204707384109, 0.258433789015, 0.269661962986, 0.274992018938, 0.284714132547, 0.254787832499, 0.295517206192, 0.321288913488, 0.277250051498, 0.281846731901, 0.339375376701, 0.364743709564, 0.354360073805, 0.344645351171, 0.332880437374, 0.46653419733, 0.698785543442, 0.62822753191, 0.447385549545, 0.447242379189, 0.414570778608, 0.337429344654, 0.335520774126, 0.400636404753, 0.553788423538, 0.60816770792, 0.433744698763, 0.300847530365, 0.27807533741, 0.330017983913, 0.687614500523]
    chords_key: "D"
    chords_scale: "major"
    key_key: "G"
    key_scale: "minor"
    chords_progression: ["Gm", "Gm", "Gm", "Gm", "Gm", "Gm", "Gm", "Gm", "Gm", "Gm", "Gm", "Gm", "Gm", "Gm", "A#", "A#", "A#", "A#", "A#", "A#", "A#", "A#", "A#", "A#", "A#", "A#", "A#", "A#", "A#", "A#", "A#", "A#", "A#", "A#", "A#", "A#", "Dm", "Dm", "Dm", "Dm", "Dm", "Dm", "Dm", "Dm", "Dm", "Dm", "Dm", "Dm", "Dm", "Dm", "Dm", "Dm", "Dm", "Dm", "Dm", "Dm", "Dm", "Dm", "Dm", "Dm", "Dm", "Dm", "Dm", "D", "D", "D", "D", "D", "G", "G", "G", "D", "D", "D", "D", "D", "D", "D", "D", "D", "D", "D", "D", "D", "D", "D", "D", "D", "D", "D", "D", "D", "D", "D", "D", "D", "D", "D", "D", "D", "D", "D", "D", "D", "D", "D", "D", "D", "D", "D", "D", "D", "D", "D", "D", "D", "D", "D", "D", "D", "D", "D", "D", "D", "D", "D", "D", "D", "D", "D", "D", "D", "D", "D", "D", "D", "D", "D", "D", "D", "D", "D", "D", "D", "D", "D", "D", "D", "D", "D", "D", "D", "D", "D", "D", "D", "D", "D", "D", "D", "D", "D", "D", "D", "D", "D", "D", "D", "D", "D", "D", "D", "D", "D", "D", "D", "D", "D", "D", "D", "D", "D", "D", "D", "D", "D", "D", "D", "D", "D", "D", "D", "D", "D", "D", "D", "D", "D", "D", "D", "D", "D", "D", "D", "D", "D", "D", "D", "D", "D", "D", "D", "D", "D", "D", "Am"]
