
metadata:
    version:
        essentia: "1.2.2"
    audio_properties:
        analysis_sample_rate: 44100
        bitrate: 128
        channels: 2
        equal_loudness: 1
        length: 10.0048980713
        replay_gain: -4.89542007446
        downmix: "mix"
    tags:
        track: 4
        year: 0
        album: "Splitted by Mp3Splt v. 2.1"
        artist: "From 000.30 To 000.40"
        comment: "http://mp3splt.sf.net"
        genre: ""
        title: "08 You Can't Unring a Bell.mp3"

highlevel:
    ballroom:
        all:
            ChaChaCha: 0.0329763256013
            Jive: 0.279982507229
            Quickstep: 0.150974139571
            Rumba-American: 0.0398365445435
            Rumba-International: 0.281267344952
            Rumba-Misc: 0.0571412295103
            Samba: 0.0753202438354
            Tango: 0.00714285252616
            VienneseWaltz: 0.0124151362106
            Waltz: 0.0629436671734
        probability: 0.281267344952
        value: "Rumba-International"
    culture:
        all:
            non_western: 0.426039814949
            western: 0.573960185051
        probability: 0.573960185051
        value: "western"
    gender:
        all:
            female: 0.168930247426
            male: 0.831069767475
        probability: 0.831069767475
        value: "male"
    genre_dortmund:
        all:
            alternative: 0.0613075792789
            blues: 0.0543758347631
            electronic: 0.116320319474
            folkcountry: 0.0975095406175
            funksoulrnb: 0.0136807113886
            jazz: 0.2841565907
            pop: 0.0892233848572
            raphiphop: 0.0362747013569
            rock: 0.247151330113
        probability: 0.2841565907
        value: "jazz"
    genre_electronica:
        all:
            ambient: 0.0828743427992
            dnb: 0.12621550262
            house: 0.610898256302
            techno: 0.123454339802
            trance: 0.0565575659275
        probability: 0.610898256302
        value: "house"
    genre_rosamerica:
        all:
            cla: 0.00536472396925
            dan: 0.0449910238385
            hip: 0.00538389431313
            jaz: 0.00952450092882
            pop: 0.019081491977
            rhy: 0.897572636604
            roc: 0.0162227712572
            spe: 0.00185897236224
        probability: 0.897572636604
        value: "rhy"
    genre_tzanetakis:
        all:
            blu: 0.00813015177846
            cla: 0.0055784904398
            cou: 0.0161936283112
            dis: 0.016571925953
            hip: 0.0304576717317
            jaz: 0.00439317943528
            met: 0.015424602665
            pop: 0.295550704002
            reg: 0.535314142704
            roc: 0.0723854750395
        probability: 0.535314142704
        value: "reg"
    live_studio:
        all:
            live: 0.114973716438
            studio: 0.885026276112
        probability: 0.885026276112
        value: "studio"
    mood:
        all:
            Cluster1: 0.0288199670613
            Cluster2: 0.146818697453
            Cluster3: 0.757510364056
            Cluster4: 0.0184611771256
            Cluster5: 0.0483897663653
        probability: 0.757510364056
        value: "Cluster3"
    mood_acoustic:
        all:
            acoustic: 0.20132881403
            not_acoustic: 0.79867118597
        probability: 0.79867118597
        value: "not_acoustic"
    mood_aggressive:
        all:
            aggressive: 0.0291251540184
            not_aggressive: 0.970874845982
        probability: 0.970874845982
        value: "not_aggressive"
    mood_electronic:
        all:
            electronic: 0.855155646801
            not_electronic: 0.1448443681
        probability: 0.855155646801
        value: "electronic"
    mood_happy:
        all:
            happy: 0.300044387579
            not_happy: 0.699955582619
        probability: 0.699955582619
        value: "not_happy"
    mood_party:
        all:
            not_party: 0.678403675556
            party: 0.321596324444
        probability: 0.678403675556
        value: "not_party"
    mood_relaxed:
        all:
            not_relaxed: 0.490233778954
            relaxed: 0.509766221046
        probability: 0.509766221046
        value: "relaxed"
    mood_sad:
        all:
            not_sad: 0.375637084246
            sad: 0.624362885952
        probability: 0.624362885952
        value: "sad"
    rhythm:
        all:
            fast: 0.560295641422
            medium: 0.32184946537
            slow: 0.11785492301
        probability: 0.560295641422
        value: "fast"
    speech_music:
        all:
            music: 0.999732494354
            speech: 0.000267506111413
        probability: 0.999732494354
        value: "music"
    timbre:
        all:
            bright: 0.00495869014412
            dark: 0.995041310787
        probability: 0.995041310787
        value: "dark"
    voice_instrumental:
        all:
            instrumental: 0.625538349152
            voice: 0.374461650848
        probability: 0.625538349152
        value: "instrumental"

lowlevel:
    average_loudness: 0.949941754341
    barkbands_kurtosis:
        dmean: 3.53521966934
        dmean2: 5.59604501724
        dvar: 21.8588256836
        dvar2: 52.4191551208
        max: 45.8978652954
        mean: 6.23613643646
        min: -1.92249202728
        var: 90.9317092896
    barkbands_skewness:
        dmean: 0.63567584753
        dmean2: 0.975328981876
        dvar: 0.403115391731
        dvar2: 0.9675963521
        max: 6.30761909485
        mean: 1.91179978848
        min: -3.38681507111
        var: 2.68768286705
    barkbands_spread:
        dmean: 7.64099359512
        dmean2: 12.4009618759
        dvar: 87.1292800903
        dvar2: 214.828842163
        max: 73.4149169922
        mean: 26.9177188873
        min: 3.54293751717
        var: 308.531463623
    dissonance:
        dmean: 0.0179302431643
        dmean2: 0.0290322974324
        dvar: 0.000321611965774
        dvar2: 0.000748880731408
        max: 0.499111950397
        mean: 0.447022020817
        min: 0.264902949333
        var: 0.00155787414405
    hfc:
        dmean: 2.46920847893
        dmean2: 3.96925735474
        dvar: 69.5211868286
        dvar2: 166.679855347
        max: 129.168685913
        mean: 3.72856807709
        min: 0.0154451485723
        var: 93.6479263306
    pitch:
        dmean: 892.685119629
        dmean2: 1735.26940918
        dvar: 1987584.625
        dvar2: 4943750
        max: 4900
        mean: 1455.20581055
        min: 61.0803337097
        var: 2601068.5
    pitch_instantaneous_confidence:
        dmean: 0.0925993546844
        dmean2: 0.149838641286
        dvar: 0.00740395253524
        dvar2: 0.0181119069457
        max: 0.923862040043
        mean: 0.522945642471
        min: 0.187519311905
        var: 0.0285261850804
    pitch_salience:
        dmean: 0.0667110607028
        dmean2: 0.105710692704
        dvar: 0.00421890476719
        dvar2: 0.0102115925401
        max: 0.827972233295
        mean: 0.581824660301
        min: 0.231926709414
        var: 0.0113484412432
    silence_rate_20dB:
        dmean: 0
        dmean2: 0
        dvar: 0
        dvar2: 0
        max: 1
        mean: 1
        min: 1
        var: 0
    silence_rate_30dB:
        dmean: 0
        dmean2: 0
        dvar: 0
        dvar2: 0
        max: 1
        mean: 1
        min: 1
        var: 0
    silence_rate_60dB:
        dmean: 0.0881670564413
        dmean2: 0.176744192839
        dvar: 0.0803939625621
        dvar2: 0.178063094616
        max: 1
        mean: 0.643518507481
        min: 0
        var: 0.229403376579
    spectral_centroid:
        dmean: 281.505371094
        dmean2: 443.74810791
        dvar: 160071.125
        dvar2: 388210.125
        max: 4307.61279297
        mean: 887.527893066
        min: 146.564041138
        var: 518445.78125
    spectral_complexity:
        dmean: 2.07441854477
        dmean2: 3.43589735031
        dvar: 19.5060749054
        dvar2: 42.292514801
        max: 43
        mean: 6.38979101181
        min: 0
        var: 50.1960296631
    spectral_crest:
        dmean: 2.43537807465
        dmean2: 3.82691955566
        dvar: 4.88423585892
        dvar2: 12.2896194458
        max: 22.3849258423
        mean: 10.33680439
        min: 3.12439203262
        var: 15.8463897705
    spectral_decrease:
        dmean: 2.57221410838e-10
        dmean2: 4.07996414431e-10
        dvar: 2.9927614282e-19
        dvar2: 7.02739716297e-19
        max: -4.70638588865e-12
        mean: -7.07307323822e-10
        min: -6.39216457543e-09
        var: 5.34883263314e-19
    spectral_energy:
        dmean: 0.00116543192416
        dmean2: 0.00185538467485
        dvar: 7.46721707401e-06
        dvar2: 1.76096073119e-05
        max: 0.0358415096998
        mean: 0.00300773233175
        min: 2.0332807253e-05
        var: 1.21927105283e-05
    spectral_energyband_high:
        dmean: 0.000245409231866
        dmean2: 0.000409819069318
        dvar: 7.76137540015e-07
        dvar2: 1.93464211407e-06
        max: 0.010048433207
        mean: 0.000257494393736
        min: 2.4035071533e-07
        var: 8.58883424826e-07
    spectral_energyband_low:
        dmean: 0.000245038361754
        dmean2: 0.000409284490161
        dvar: 2.48847840112e-07
        dvar2: 7.01858994034e-07
        max: 0.00528671499342
        mean: 0.000530110613909
        min: 6.96284018886e-07
        var: 3.20510025631e-07
    spectral_energyband_middle_high:
        dmean: 0.000415366957895
        dmean2: 0.000647579727229
        dvar: 1.8773573629e-06
        dvar2: 4.26704536949e-06
        max: 0.0244421269745
        mean: 0.000695146562066
        min: 1.07932203264e-06
        var: 3.10172436002e-06
    spectral_energyband_middle_low:
        dmean: 0.000534027232789
        dmean2: 0.00083270855248
        dvar: 1.00992292573e-06
        dvar2: 2.57295300798e-06
        max: 0.0152394929901
        mean: 0.00152493547648
        min: 5.96782183493e-06
        var: 2.64983555098e-06
    spectral_flatness_db:
        dmean: 0.029163595289
        dmean2: 0.0453111045063
        dvar: 0.000783629307989
        dvar2: 0.00184401171282
        max: 0.369703561068
        mean: 0.222456112504
        min: 0.093930259347
        var: 0.00281109544449
    spectral_flux:
        dmean: 0.0075561166741
        dmean2: 0.0111168380827
        dvar: 0.000202582770726
        dvar2: 0.000401086261263
        max: 0.132236674428
        mean: 0.023028248921
        min: 0.00181543861981
        var: 0.000447670230642
    spectral_kurtosis:
        dmean: 2.23195099831
        dmean2: 3.85365986824
        dvar: 4.6322221756
        dvar2: 12.1486368179
        max: 21.4051036835
        mean: 4.31627178192
        min: -0.464926719666
        var: 9.70406913757
    spectral_rms:
        dmean: 0.000272699719062
        dmean2: 0.000417584175011
        dvar: 2.13888327494e-07
        dvar2: 4.63768770942e-07
        max: 0.00591331766918
        mean: 0.00149920047261
        min: 0.000140843476402
        var: 6.86767975822e-07
    spectral_rolloff:
        dmean: 588.507202148
        dmean2: 1048.24951172
        dvar: 1132231
        dvar2: 2750379.75
        max: 7622.75390625
        mean: 1691.38049316
        min: 107.666015625
        var: 2620428.75
    spectral_skewness:
        dmean: 0.309080928564
        dmean2: 0.499072343111
        dvar: 0.0724242627621
        dvar2: 0.164556652308
        max: 3.27404522896
        mean: 1.4296476841
        min: 0.0360501371324
        var: 0.290909737349
    spectral_spread:
        dmean: 889120.125
        dmean2: 1491194.5
        dvar: 1.40802614886e+12
        dvar2: 3.5825951703e+12
        max: 10257607
        mean: 4529516
        min: 2172271.25
        var: 2.30265166234e+12
    spectral_strongpeak:
        dmean: 0.120901629329
        dmean2: 0.209016621113
        dvar: 0.289792656898
        dvar2: 0.829402029514
        max: 8.92374992371
        mean: 0.233728021383
        min: 0.00618211040273
        var: 0.247005715966
    zerocrossingrate:
        dmean: 0.00991892255843
        dmean2: 0.0117437904701
        dvar: 0.000102199883258
        dvar2: 0.000112740803161
        max: 0.22900390625
        mean: 0.0581859052181
        min: 0.01416015625
        var: 0.00109096209053
    barkbands:
        dmean: [5.69704923237e-07, 0.000116134113341, 0.000174776112544, 0.000230132151046, 0.000264625035925, 0.000158418799401, 3.55869706254e-05, 2.16331773117e-05, 1.2881638213e-05, 6.64143954054e-06, 4.62483740193e-06, 5.97632561039e-06, 4.05295759265e-06, 1.91279905266e-05, 2.60202778009e-05, 5.02060502185e-05, 7.27581573301e-05, 7.70751721575e-05, 0.000118578638649, 0.000217433742364, 9.19550948311e-05, 4.22931152571e-05, 1.83024003491e-05, 6.28664656688e-06, 2.06844651984e-06, 1.30716401259e-07, 3.58927249033e-10]
        dmean2: [8.64579021709e-07, 0.000182064875844, 0.000296731799608, 0.000348397064954, 0.000413730042055, 0.000228460616199, 5.16285545018e-05, 3.30137772835e-05, 2.08613073482e-05, 1.08011390694e-05, 7.24774872651e-06, 9.37416007218e-06, 6.59719535179e-06, 3.21304323734e-05, 4.14405767515e-05, 8.24802045827e-05, 0.000108346517663, 0.000128744795802, 0.000185879398487, 0.000355015276, 0.000165407080203, 7.45447541703e-05, 2.53623948083e-05, 9.99590156425e-06, 3.91481398765e-06, 2.49790161888e-07, 5.57456247829e-10]
        dvar: [2.97601114758e-12, 3.99406410168e-08, 1.6060972996e-07, 2.07690547427e-07, 2.49329531243e-07, 1.35092804499e-07, 5.67235813875e-09, 1.56737489654e-09, 9.43585543034e-10, 3.27347871032e-10, 1.07834019492e-10, 3.06880854062e-10, 1.08733570758e-10, 2.73301381526e-09, 3.89942700352e-09, 2.22182912069e-08, 2.81856884499e-08, 4.75460559812e-08, 1.15552481361e-07, 1.4773197563e-06, 1.55294145543e-07, 2.98649140973e-08, 1.04816493263e-08, 1.5288815769e-09, 7.55074405778e-11, 3.62460061964e-13, 4.69719060332e-18]
        dvar2: [4.72295900306e-12, 1.12639412464e-07, 4.58818163906e-07, 4.55689189494e-07, 6.47340300475e-07, 3.44158650023e-07, 1.08972848523e-08, 3.65193986163e-09, 2.24104157454e-09, 8.563862397e-10, 2.15086989885e-10, 6.34287899981e-10, 2.91800195118e-10, 7.11897074623e-09, 9.06963926184e-09, 4.60623716947e-08, 6.32912886545e-08, 1.24993533746e-07, 2.73158519803e-07, 3.67792586076e-06, 4.27712336659e-07, 8.26361343798e-08, 1.59823176915e-08, 3.305202112e-09, 2.07108399874e-10, 1.04847966247e-12, 5.26105977456e-18]
        max: [2.50262510235e-05, 0.00161323940847, 0.00431813718751, 0.00692474003881, 0.00762835238129, 0.00563561590388, 0.000887219619472, 0.000362658611266, 0.0004284933093, 0.000176000641659, 0.000136421251227, 0.000302001193631, 0.0001188801034, 0.000762880488764, 0.000763621355873, 0.00166328193154, 0.00205874303356, 0.00298492214642, 0.00482172006741, 0.0218638572842, 0.00416021374986, 0.00166028854437, 0.00226239580661, 0.000699662254192, 7.28813247406e-05, 4.74247235616e-06, 4.31246114374e-08]
        mean: [6.08473442298e-07, 0.000227130862186, 0.000302419619402, 0.000372537731891, 0.000611804949585, 0.000379183969926, 8.88322974788e-05, 3.75400086341e-05, 3.33742354997e-05, 9.61901605478e-06, 8.30092903925e-06, 7.65481217968e-06, 5.65469099456e-06, 2.50907432928e-05, 3.57397038897e-05, 7.07544022589e-05, 0.000134633024572, 0.0001045259487, 0.000160266223247, 0.000243482383667, 8.6962543719e-05, 3.53277864633e-05, 1.94614203792e-05, 5.42275165571e-06, 1.32859133828e-06, 7.79237652182e-08, 3.32464167307e-10]
        min: [1.09587661168e-09, 8.16044405383e-08, 2.19258566858e-07, 1.89381211158e-07, 1.40208123867e-06, 8.75548735735e-08, 8.02256963084e-08, 3.41245041113e-08, 2.99392937109e-08, 1.49082646228e-09, 7.4071118128e-09, 6.98291691137e-09, 8.21565215858e-09, 5.36669553242e-08, 1.86133988223e-08, 3.43246213674e-08, 5.51433672058e-08, 9.72307745428e-08, 1.34031353127e-07, 1.39089706863e-07, 1.04127387601e-07, 2.30254038058e-08, 3.92099597235e-09, 2.09316519673e-09, 6.75000999539e-10, 9.95803162152e-11, 8.86058397877e-14]
        var: [3.27200809849e-12, 6.10496542208e-08, 2.30583594885e-07, 3.98136990043e-07, 7.48992022181e-07, 3.12139491143e-07, 2.10892245889e-08, 3.97058208534e-09, 4.72443462129e-09, 4.14642736812e-10, 1.98829772091e-10, 4.22680890289e-10, 1.0990209437e-10, 3.37643646375e-09, 6.28776541944e-09, 3.55718903222e-08, 7.66942420682e-08, 6.75312463727e-08, 1.73554667526e-07, 1.52967857048e-06, 1.23431931343e-07, 2.23365059782e-08, 2.39275408376e-08, 1.94093585648e-09, 5.06688163648e-11, 2.0704424774e-13, 4.87480820112e-18]
    mfcc:
        mean: [-823.419799805, 134.774719238, -20.8622760773, 95.959815979, 1.18805027008, 4.77302742004, -5.27178764343, -12.0732603073, 2.52937793732, 1.38367176056, -4.7487950325, -11.2062339783, 0.822978794575]
        cov: [[9006.61816406, -1103.79528809, -852.611328125, -609.283874512, -136.82019043, -692.473937988, -289.313659668, 77.031867981, -421.079803467, -634.359741211, -318.075683594, 510.765441895, -269.41506958], [-1103.79528809, 1324.91101074, -391.517486572, 73.1455307007, -155.979492188, -198.817749023, -2.14543890953, -43.1528015137, 103.832572937, 27.0321350098, 12.77135849, 28.0261039734, -43.1893196106], [-852.611328125, -391.517486572, 1003.55883789, -0.6359795928, 155.485244751, 202.880981445, -55.5361709595, 18.5715236664, -87.5775222778, 130.443374634, 52.7788925171, -96.8614578247, 81.1389160156], [-609.283874512, 73.1455307007, -0.6359795928, 344.721252441, 78.7186584473, 174.492401123, 57.0051765442, -82.4073257446, 7.86791706085, 22.8902225494, 17.0288772583, -98.2934036255, 94.4490432739], [-136.82019043, -155.979492188, 155.485244751, 78.7186584473, 200.354553223, 91.4476852417, 6.47972631454, 26.9390239716, -73.5681838989, 4.00412273407, -23.8440475464, -40.7150039673, 22.5690727234], [-692.473937988, -198.817749023, 202.880981445, 174.492401123, 91.4476852417, 279.796813965, 69.0466003418, -52.678981781, 16.8831863403, 56.3772773743, 44.9889640808, -115.811134338, 86.5779190063], [-289.313659668, -2.14543890953, -55.5361709595, 57.0051765442, 6.47972631454, 69.0466003418, 187.194778442, 78.2522964478, 75.6073379517, -15.1859035492, -16.320728302, -14.9278049469, -32.7554397583], [77.031867981, -43.1528015137, 18.5715236664, -82.4073257446, 26.9390239716, -52.678981781, 78.2522964478, 175.195632935, 41.7121582031, -20.5355739594, -43.9144821167, 24.3202533722, -51.027469635], [-421.079803467, 103.832572937, -87.5775222778, 7.86791706085, -73.5681838989, 16.8831863403, 75.6073379517, 41.7121582031, 175.96144104, 54.1640586853, 29.8844203949, -15.4581441879, 1.82778155804], [-634.359741211, 27.0321350098, 130.443374634, 22.8902225494, 4.00412273407, 56.3772773743, -15.1859035492, -20.5355739594, 54.1640586853, 138.261871338, 70.648475647, -45.9769859314, 39.422492981], [-318.075683594, 12.77135849, 52.7788925171, 17.0288772583, -23.8440475464, 44.9889640808, -16.320728302, -43.9144821167, 29.8844203949, 70.648475647, 90.7289886475, -10.524605751, 22.9564437866], [510.765441895, 28.0261039734, -96.8614578247, -98.2934036255, -40.7150039673, -115.811134338, -14.9278049469, 24.3202533722, -15.4581441879, -45.9769859314, -10.524605751, 112.991752625, -39.9250411987], [-269.41506958, -43.1893196106, 81.1389160156, 94.4490432739, 22.5690727234, 86.5779190063, -32.7554397583, -51.027469635, 1.82778155804, 39.422492981, 22.9564437866, -39.9250411987, 127.156005859]]
        icov: [[0.000313531054417, 0.000373794406187, 0.000196688997676, -5.25279538124e-05, 0.000168198122992, 0.000303945300402, 0.000423024612246, -7.42781912777e-06, 0.00019037630409, 0.000694891670719, 0.000202136536245, -0.000581524102017, 0.000136700371513], [0.000373794406187, 0.00161438970827, 0.000370122143067, -0.000906842178665, 0.000499962887261, 0.00196129456162, 0.000205168136745, 0.00043754055514, -0.000133442372316, 0.000265510578174, 0.000156199443154, -0.000187594254385, 0.000414522917708], [0.000196688997676, 0.000370122143067, 0.00197757571004, 0.000436534493929, 0.000216704473132, -0.0015461264411, 0.00112846354023, -0.00148132373579, 0.00170352344867, -0.00147898716386, 0.000281546643237, -0.000303071166854, -4.51362429885e-05], [-5.25279538124e-05, -0.000906842178665, 0.000436534493929, 0.00759863387793, -0.00322214653715, -0.000638161436655, -0.00373814674094, 0.00365272816271, -0.000260527594946, 0.00164307688829, -0.000930562848225, 0.00345411803573, -0.00408580573276], [0.000168198122992, 0.000499962887261, 0.000216704473132, -0.00322214653715, 0.0116902291775, -0.00494837434962, 0.00305759627372, -0.00603062473238, 0.00605017365888, -0.00379653903656, 0.00434053363279, -0.00224989559501, 0.0020431720186], [0.000303945300402, 0.00196129456162, -0.0015461264411, -0.000638161436655, -0.00494837434962, 0.0183338169008, -0.00876277964562, 0.00667091365904, -0.00208088872023, 0.00459061237052, -0.00731960264966, 0.00964690372348, -0.00545721780509], [0.000423024612246, 0.000205168136745, 0.00112846354023, -0.00373814674094, 0.00305759627372, -0.00876277964562, 0.0162036586553, -0.00796835497022, -0.0028168160934, 0.00115798867773, 0.00338282226585, -0.00547711271793, 0.00677362922579], [-7.42781912777e-06, 0.00043754055514, -0.00148132373579, 0.00365272816271, -0.00603062473238, 0.00667091365904, -0.00796835497022, 0.015697915107, -0.00528794666752, 0.001161940163, 0.00267013069242, 0.00167483708356, -0.00110028753988], [0.00019037630409, -0.000133442372316, 0.00170352344867, -0.000260527594946, 0.00605017365888, -0.00208088872023, -0.0028168160934, -0.00528794666752, 0.0142248598859, -0.00606370018795, -0.000324995489791, 0.000232287275139, -0.00123306666501], [0.000694891670719, 0.000265510578174, -0.00147898716386, 0.00164307688829, -0.00379653903656, 0.00459061237052, 0.00115798867773, 0.001161940163, -0.00606370018795, 0.0220253895968, -0.0132828745991, 0.00608893344179, -0.00283294753172], [0.000202136536245, 0.000156199443154, 0.000281546643237, -0.000930562848225, 0.00434053363279, -0.00731960264966, 0.00338282226585, 0.00267013069242, -0.000324995489791, -0.0132828745991, 0.0268764588982, -0.00929545145482, 0.00350113213062], [-0.000581524102017, -0.000187594254385, -0.000303071166854, 0.00345411803573, -0.00224989559501, 0.00964690372348, -0.00547711271793, 0.00167483708356, 0.000232287275139, 0.00608893344179, -0.00929545145482, 0.0226022191346, -0.00369211379439], [0.000136700371513, 0.000414522917708, -4.51362429885e-05, -0.00408580573276, 0.0020431720186, -0.00545721780509, 0.00677362922579, -0.00110028753988, -0.00123306666501, -0.00283294753172, 0.00350113213062, -0.00369211379439, 0.0151195339859]]
    spectral_contrast:
        mean: [-5.21321339875e-07, 9.42904705425e-08, -1.30030784362e-07, 2.01978153314e-07, 6.51489301617e-07, -3.06597428334e-07, -2.17612273445e-06, 5.0654957704e-06, 4.83765688841e-06, 4.77666901588e-07, 9.92465743366e-07, 9.58099690251e-07]
        var: [0.000523652124684, 0.000673604488838, 0.00231148954481, 0.00318172737025, 0.00492749735713, 0.0121706891805, 0.0470491610467, 0.105144493282, 0.173223540187, 0.332803010941, 0.645536065102, 4.78766918182]

rhythm:
    beats_loudness:
        dmean: 0.0031394965481
        dmean2: 0.0046090176329
        dvar: 3.89419028579e-06
        dvar2: 1.17747658805e-05
        max: 0.00917572341859
        mean: 0.0034947891254
        min: 0.000131438369863
        var: 6.05313653068e-06
    beats_loudness_bass:
        dmean: 0.258840948343
        dmean2: 0.452675312757
        dvar: 0.0417005345225
        dvar2: 0.0971400141716
        max: 0.828468561172
        mean: 0.333107411861
        min: 0.0779544189572
        var: 0.0509113632143
    bpm: 91.2957458496
    bpm_confidence: 0
    first_peak_bpm: 122
    first_peak_spread: 0
    first_peak_weight: 0.647058844566
    onset_rate: 3.49828648567
    second_peak_bpm: 91
    second_peak_spread: 0
    second_peak_weight: 0.29411765933
    beats_position: [0.195113271475, 0.688215136528, 1.18131709099, 1.67441904545, 2.16752099991, 2.66062307358, 3.15372467041, 3.64682674408, 4.13992881775, 4.63303089142, 5.12613248825, 5.61923456192, 5.9890203476, 6.64622497559, 7.30343008041, 7.96063566208, 8.61784076691, 9.27504634857]
    bpm_estimates: [91.2573013306, 91.4159317017, 91.279624939, 91.2301483154]
    bpm_intervals: [0.493101865053, 0.49310195446, 0.49310195446, 0.49310195446, 0.493102073669, 0.493101596832, 0.493102073669, 0.493102073669, 0.493102073669, 0.493101596832, 0.493102073669, 0.369785785675, 0.657204627991, 0.657205104828, 0.657205581665, 0.657205104828, 0.657205581665]
    onset_times: [0.0464399084449, 0.220589563251, 0.452789127827, 0.684988677502, 1.05650794506, 1.19582772255, 1.69505667686, 1.86920630932, 2.17106580734, 2.40326523781, 2.64707493782, 3.16952371597, 3.54104304314, 3.79646253586, 4.6439909935, 4.88780021667, 5.02712011337, 5.15482997894, 5.66566896439, 5.80498886108, 6.25777769089, 6.40870761871, 6.44353723526, 6.62929725647, 6.87310647964, 7.00081634521, 7.14013624191, 7.83673477173, 8.31274414062, 8.37079334259, 8.60299301147, 8.97451210022, 9.11383247375, 9.6014509201, 9.75238132477]
    rubato_start: [6.64622497559]
    rubato_stop: [9.27504634857]
    perceptual_tempo: "unknown"

sfx:
    inharmonicity:
        dmean: 0.0324523150921
        dmean2: 0.0567585602403
        dvar: 0.00179546151776
        dvar2: 0.00513071985915
        max: 0.318725258112
        mean: 0.0379678867757
        min: 2.03442286875e-05
        var: 0.00228882511146
    oddtoevenharmonicenergyratio:
        dmean: 1.81669306755
        dmean2: 3.25134253502
        dvar: 20.0500431061
        dvar2: 52.3157043457
        max: 42.9590072632
        mean: 1.35778295994
        min: 0.000126531493152
        var: 14.2485523224
    pitch_after_max_to_before_max_energy_ratio: 1.62951636314
    pitch_centroid: 249.8074646
    pitch_max_to_total: 0.491879343987
    pitch_min_to_total: 0.433874696493
    tristimulus:
        dmean: [0.224135324359, 0.257678925991, 0.110828943551]
        dmean2: [0.391145855188, 0.457120299339, 0.197286218405]
        dvar: [0.04255162552, 0.0525264665484, 0.0173347629607]
        dvar2: [0.121405296028, 0.150387197733, 0.0463927462697]
        max: [0.975786149502, 0.994982004166, 0.709854245186]
        mean: [0.453574717045, 0.36580106616, 0.126389756799]
        min: [0.00340098864399, 0, 0]
        var: [0.0747394263744, 0.0683916136622, 0.0220972653478]

tonal:
    chords_changes_rate: 0.0506912432611
    chords_number_rate: 0.0230414755642
    chords_strength:
        dmean: 0.00856026913971
        dmean2: 0.00794177595526
        dvar: 5.3126434068e-05
        dvar2: 5.30760189577e-05
        max: 0.683627903461
        mean: 0.560890555382
        min: 0.317462354898
        var: 0.00729258125648
    key_strength: 0.661222040653
    tuning_diatonic_strength: 0.544867515564
    tuning_equal_tempered_deviation: 0.10643684864
    tuning_frequency: 440
    tuning_nontempered_energy_ratio: 0.759577929974
    hpcp:
        dmean: [0.0916668027639, 0.0693216770887, 0.0692687779665, 0.0874339416623, 0.125641614199, 0.158815637231, 0.137385770679, 0.165372788906, 0.120460540056, 0.100638970733, 0.109521687031, 0.115928612649, 0.122350461781, 0.124546058476, 0.16543354094, 0.17298746109, 0.151647165418, 0.144413933158, 0.137760102749, 0.118545658886, 0.105963386595, 0.114228330553, 0.104384072125, 0.0711564868689, 0.045999750495, 0.0430378057063, 0.0940231978893, 0.124011583626, 0.107853807509, 0.0632364526391, 0.053035531193, 0.0625928416848, 0.0536550357938, 0.0444366186857, 0.0652095600963, 0.0950813889503]
        dmean2: [0.138339430094, 0.104640103877, 0.113159455359, 0.149323776364, 0.207412466407, 0.28069755435, 0.231280520558, 0.282482415438, 0.209790751338, 0.175686538219, 0.198728591204, 0.210240513086, 0.21966740489, 0.215880289674, 0.273948609829, 0.308106094599, 0.257666826248, 0.253665208817, 0.238651752472, 0.199706763029, 0.180666744709, 0.196540743113, 0.178222954273, 0.125272542238, 0.0794445574284, 0.0720899999142, 0.156170636415, 0.212826833129, 0.177845224738, 0.107750549912, 0.0920398533344, 0.106464385986, 0.0923646762967, 0.0753353312612, 0.108062565327, 0.156206399202]
        dvar: [0.0223919879645, 0.0126155754551, 0.0181048735976, 0.0271440595388, 0.0387121029198, 0.0426684357226, 0.0464211888611, 0.0447684340179, 0.038227442652, 0.0381270200014, 0.0434113927186, 0.0440452732146, 0.0424763225019, 0.0375742502511, 0.0522643364966, 0.0593311749399, 0.0359738431871, 0.040497764945, 0.0406699366868, 0.048384450376, 0.0400126241148, 0.0471185147762, 0.0427768193185, 0.0295344665647, 0.0172461699694, 0.00659647956491, 0.0172925628722, 0.0348716750741, 0.0292716659606, 0.0161003116518, 0.0191678777337, 0.0231143701822, 0.0149255469441, 0.0110238846391, 0.0195247139782, 0.0224849004298]
        dvar2: [0.0479978248477, 0.0255997460335, 0.0403586067259, 0.0639640018344, 0.0967852249742, 0.105541370809, 0.0926408171654, 0.103178136051, 0.104094393551, 0.103933557868, 0.124067313969, 0.122695975006, 0.112679921091, 0.101990714669, 0.118267580867, 0.154155269265, 0.0942859947681, 0.101268485188, 0.111200742424, 0.124550223351, 0.0933339372277, 0.10232488066, 0.102500461042, 0.0814541205764, 0.0491705723107, 0.0160791706294, 0.0457704178989, 0.0877415239811, 0.07177849859, 0.0392610356212, 0.0471884347498, 0.0548031367362, 0.0402717404068, 0.0235770754516, 0.0485668890178, 0.0588539168239]
        max: [1, 1, 1, 1, 1, 1, 1, 1, 1, 1, 1, 1, 1, 1, 1, 1, 1, 1, 1, 1, 1, 1, 1, 1, 0.977537930012, 0.608941078186, 0.89821523428, 1, 1, 1, 1, 1, 0.90671312809, 1, 1, 1]
        mean: [0.180212885141, 0.109398275614, 0.0659591555595, 0.0901501774788, 0.139283820987, 0.27917650342, 0.384032398462, 0.262173891068, 0.117178879678, 0.093565903604, 0.0959411859512, 0.1076701805, 0.124752186239, 0.135118216276, 0.231712371111, 0.262718528509, 0.204543396831, 0.194247126579, 0.15608780086, 0.110170312226, 0.106902003288, 0.131568193436, 0.107227273285, 0.0562117919326, 0.0407959148288, 0.0450712777674, 0.166403323412, 0.309041529894, 0.204793900251, 0.0668090730906, 0.0699925124645, 0.0689909905195, 0.0524080507457, 0.0515034049749, 0.0724465027452, 0.147087812424]
        min: [0.000273159123026, 0.000158687413204, 0.000172045896761, 0.000346957909642, 0.000805322080851, 0.00151197088417, 0.00227006035857, 0.00167341378983, 0.000963551166933, 0.000382784637623, 0.000156219131895, 0.000208149518585, 0.000347525405232, 0.000253605772741, 0.000151681961142, 0.000137680995977, 0.00013994742767, 0.000327723653754, 0.000209474645089, 3.79640478059e-05, 7.51091647544e-05, 9.89398104139e-05, 0.00015022912703, 0, 0, 0.000109395667096, 0.000164160839631, 0.000371586967958, 0.000392771820771, 0.000685780367348, 0.000313762953738, 0.000380081735784, 0.000201008908334, 0.00020104610303, 0.000225401687203, 0.000286175840301]
        var: [0.0809551328421, 0.0334836095572, 0.0228470005095, 0.037247966975, 0.053008146584, 0.0911663919687, 0.165457114577, 0.0924099087715, 0.0375023186207, 0.03703308478, 0.0398867502809, 0.0371980704367, 0.0431514382362, 0.0390697233379, 0.0946672782302, 0.108967415988, 0.0584562271833, 0.0741953924298, 0.0559664666653, 0.0509147830307, 0.0474303588271, 0.0664794743061, 0.0488812625408, 0.0205391030759, 0.0123362122104, 0.00947916228324, 0.0366095229983, 0.112698338926, 0.0558283366263, 0.0197042226791, 0.0304811559618, 0.0294943582267, 0.0135175427422, 0.0136380940676, 0.0242888182402, 0.0499240607023]
    chords_histogram: [62.2119827271, 10.5990781784, 0.460829496384, 6.91244220734, 0, 0, 12.4423961639, 0, 0, 0, 0, 0, 0, 0, 0, 0, 0, 0, 0.460829496384, 0, 0, 0, 0, 6.91244220734]
    thpcp: [1, 0.682686924934, 0.305127590895, 0.243640646338, 0.249825760722, 0.280367434025, 0.324848085642, 0.351840674877, 0.603366732597, 0.684105098248, 0.532620131969, 0.505809187889, 0.406444370747, 0.286877661943, 0.278367161751, 0.342596590519, 0.279214143753, 0.146372526884, 0.106230400503, 0.117363214493, 0.433305442333, 0.804727733135, 0.533272445202, 0.173967286944, 0.182256788015, 0.17964887619, 0.136467784643, 0.134112134576, 0.18864685297, 0.383008867502, 0.469264805317, 0.284867316484, 0.171754136682, 0.234746277332, 0.362687677145, 0.726960837841]
    chords_key: "B"
    chords_scale: "minor"
    key_key: "B"
    key_scale: "minor"
    chords_progression: ["D", "D", "D", "D", "D", "D", "D", "Bm", "Bm", "Bm", "Bm", "Bm", "Bm", "Bm", "Bm", "Bm", "Bm", "Bm", "Bm", "Bm", "Bm", "Bm", "Bm", "Bm", "Bm", "Bm", "Bm", "Bm", "Bm", "D", "D", "D", "D", "Bm", "Bm", "Bm", "Bm", "Bm", "Bm", "Bm", "D", "D", "D", "D", "D", "D", "D", "F#m", "D", "D", "D", "D", "D", "A", "A", "A", "A", "A", "A", "A", "A", "A", "A", "A", "A", "A", "A", "A", "Dm", "G#m", "G#m", "G#m", "G#m", "G#m", "G#m", "G#m", "G#m", "G#m", "G#m", "G#m", "G#m", "G#m", "G#m", "G#m", "G#m", "G#m", "G#m", "G#m", "G#m", "G#m", "G#m", "G#m", "G#m", "G#m", "G#m", "G#m", "G", "G", "G", "G", "G", "G", "G", "G", "G", "G", "G", "G", "G", "G", "G", "Bm", "Bm", "Bm", "Bm", "Bm", "Bm", "Bm", "Bm", "Bm", "Bm", "Bm", "Bm", "Bm", "Bm", "Bm", "Bm", "Bm", "Bm", "Bm", "Bm", "Bm", "Bm", "Bm", "Bm", "Bm", "Bm", "Bm", "Bm", "Bm", "Bm", "Bm", "Bm", "Bm", "Bm", "Bm", "Bm", "Bm", "Bm", "Bm", "Bm", "Bm", "Bm", "Bm", "Bm", "Bm", "Bm", "Bm", "Bm", "Bm", "Bm", "Bm", "Bm", "Bm", "Bm", "Bm", "Bm", "Bm", "Bm", "Bm", "Bm", "Bm", "Bm", "Bm", "Bm", "Bm", "Bm", "Bm", "Bm", "Bm", "Bm", "Bm", "Bm", "Bm", "Bm", "Bm", "Bm", "Bm", "Bm", "Bm", "Bm", "Bm", "Bm", "Bm", "Bm", "Bm", "Bm", "Bm", "Bm", "Bm", "Bm", "Bm", "Bm", "Bm", "Bm", "Bm", "Bm", "Bm", "Bm", "Bm", "Bm", "Bm", "Bm", "Bm", "Bm", "Bm", "Bm"]
