
metadata:
    version:
        essentia: "1.2.2"
    audio_properties:
        analysis_sample_rate: 44100
        bitrate: 128
        channels: 2
        equal_loudness: 1
        length: 9.87428569794
        replay_gain: -11.7045154572
        downmix: "mix"
    tags:
        track: 10
        year: 0
        album: "Splitted by Mp3Splt v. 2.1"
        artist: "From 001.30 To 001.40"
        comment: "http://mp3splt.sf.net"
        genre: ""
        title: "12 Like a Motorway.mp3"

highlevel:
    ballroom:
        all:
            ChaChaCha: 0.214451909065
            Jive: 0.319003403187
            Quickstep: 0.0378553085029
            Rumba-American: 0.000749199360143
            Rumba-International: 0.0100285010412
            Rumba-Misc: 0.00290975091048
            Samba: 0.412683159113
            Tango: 0.000569090188947
            VienneseWaltz: 0.00110108265653
            Waltz: 0.000648609478958
        probability: 0.412683159113
        value: "Samba"
    culture:
        all:
            non_western: 0.0268669035286
            western: 0.973133087158
        probability: 0.973133087158
        value: "western"
    gender:
        all:
            female: 0.0987125337124
            male: 0.901287436485
        probability: 0.901287436485
        value: "male"
    genre_dortmund:
        all:
            alternative: 0.0747260525823
            blues: 0.014823878184
            electronic: 0.189184457064
            folkcountry: 0.119225777686
            funksoulrnb: 0.00799564551562
            jazz: 0.0536569394171
            pop: 0.209502786398
            raphiphop: 0.013304897584
            rock: 0.317579567432
        probability: 0.317579567432
        value: "rock"
    genre_electronica:
        all:
            ambient: 0.0775840207934
            dnb: 0.0656944066286
            house: 0.0314035452902
            techno: 0.0164282713085
            trance: 0.808889746666
        probability: 0.808889746666
        value: "trance"
    genre_rosamerica:
        all:
            cla: 0.0155161246657
            dan: 0.549482166767
            hip: 0.00750524597242
            jaz: 0.0267407782376
            pop: 0.221494019032
            rhy: 0.0703153461218
            roc: 0.103871487081
            spe: 0.00507482839748
        probability: 0.549482166767
        value: "dan"
    genre_tzanetakis:
        all:
            blu: 0.00258359592408
            cla: 0.00199955725111
            cou: 0.0297497417778
            dis: 0.029699806124
            hip: 0.00234554382041
            jaz: 0.049470692873
            met: 0.0126567287371
            pop: 0.732697665691
            reg: 0.0318403616548
            roc: 0.106956295669
        probability: 0.732697665691
        value: "pop"
    live_studio:
        all:
            live: 0.0687658563256
            studio: 0.931234121323
        probability: 0.931234121323
        value: "studio"
    mood:
        all:
            Cluster1: 0.422124415636
            Cluster2: 0.206774905324
            Cluster3: 0.0932583659887
            Cluster4: 0.118723653257
            Cluster5: 0.159118652344
        probability: 0.422124415636
        value: "Cluster1"
    mood_acoustic:
        all:
            acoustic: 0.0236032251269
            not_acoustic: 0.976396799088
        probability: 0.976396799088
        value: "not_acoustic"
    mood_aggressive:
        all:
            aggressive: 0.023242212832
            not_aggressive: 0.976757764816
        probability: 0.976757764816
        value: "not_aggressive"
    mood_electronic:
        all:
            electronic: 0.869123995304
            not_electronic: 0.130876019597
        probability: 0.869123995304
        value: "electronic"
    mood_happy:
        all:
            happy: 0.884624004364
            not_happy: 0.115375988185
        probability: 0.884624004364
        value: "happy"
    mood_party:
        all:
            not_party: 0.451078146696
            party: 0.548921883106
        probability: 0.548921883106
        value: "party"
    mood_relaxed:
        all:
            not_relaxed: 0.57602250576
            relaxed: 0.42397749424
        probability: 0.57602250576
        value: "not_relaxed"
    mood_sad:
        all:
            not_sad: 0.5
            sad: 0.5
        probability: 0.5
        value: "not_sad"
    rhythm:
        all:
            fast: 0.972742676735
            medium: 0.0214461423457
            slow: 0.00581117905676
        probability: 0.972742676735
        value: "fast"
    speech_music:
        all:
            music: 0.998728811741
            speech: 0.00127120094839
        probability: 0.998728811741
        value: "music"
    timbre:
        all:
            bright: 0.973486602306
            dark: 0.0265134051442
        probability: 0.973486602306
        value: "bright"
    voice_instrumental:
        all:
            instrumental: 0.00948426127434
            voice: 0.990515768528
        probability: 0.990515768528
        value: "voice"

lowlevel:
    average_loudness: 0.959483385086
    barkbands_kurtosis:
        dmean: 1.36829519272
        dmean2: 2.06320166588
        dvar: 6.97477579117
        dvar2: 13.4865036011
        max: 48.5420417786
        mean: 0.156873852015
        min: -1.8370859623
        var: 13.1215867996
    barkbands_skewness:
        dmean: 0.533388853073
        dmean2: 0.786831915379
        dvar: 0.24722827971
        dvar2: 0.536439478397
        max: 6.54430961609
        mean: 0.703321039677
        min: -3.20008563995
        var: 0.9182690382
    barkbands_spread:
        dmean: 7.30295944214
        dmean2: 10.726436615
        dvar: 44.7443389893
        dvar2: 96.2216720581
        max: 70.4988937378
        mean: 34.5982627869
        min: 2.29434251785
        var: 112.982589722
    dissonance:
        dmean: 0.0189362280071
        dmean2: 0.0290112048388
        dvar: 0.000343484367477
        dvar2: 0.000718316005077
        max: 0.499971330166
        mean: 0.460239738226
        min: 0.286025673151
        var: 0.000838755455334
    hfc:
        dmean: 3.56844067574
        dmean2: 5.37376022339
        dvar: 32.8648338318
        dvar2: 78.431930542
        max: 58.7711219788
        mean: 5.33505153656
        min: 0.00573542574421
        var: 57.0976066589
    pitch:
        dmean: 831.29095459
        dmean2: 1586.43823242
        dvar: 1999427
        dvar2: 4621078.5
        max: 4410
        mean: 884.411499023
        min: 61.506275177
        var: 1914339.75
    pitch_instantaneous_confidence:
        dmean: 0.101104743779
        dmean2: 0.16590641439
        dvar: 0.00793967396021
        dvar2: 0.0187733639032
        max: 0.908310651779
        mean: 0.399486422539
        min: 0.165854036808
        var: 0.0195367634296
    pitch_salience:
        dmean: 0.0654836595058
        dmean2: 0.106885969639
        dvar: 0.00378499575891
        dvar2: 0.00869671162218
        max: 0.919685065746
        mean: 0.646041572094
        min: 0.157993257046
        var: 0.00938548706472
    silence_rate_20dB:
        dmean: 0
        dmean2: 0
        dvar: 0
        dvar2: 0
        max: 1
        mean: 1
        min: 1
        var: 0
    silence_rate_30dB:
        dmean: 0
        dmean2: 0
        dvar: 0
        dvar2: 0
        max: 1
        mean: 1
        min: 1
        var: 0
    silence_rate_60dB:
        dmean: 0.211764708161
        dmean2: 0.424528300762
        dvar: 0.166920870543
        dvar2: 0.315058231354
        max: 1
        mean: 0.610328614712
        min: 0
        var: 0.237826302648
    spectral_centroid:
        dmean: 360.464385986
        dmean2: 543.195007324
        dvar: 154333.671875
        dvar2: 327151.34375
        max: 4203.56005859
        mean: 1345.75488281
        min: 371.656616211
        var: 424733.75
    spectral_complexity:
        dmean: 4.96217489243
        dmean2: 7.52369689941
        dvar: 38.1451721191
        dvar2: 86.0598449707
        max: 44
        mean: 9.58490562439
        min: 0
        var: 68.2286605835
    spectral_crest:
        dmean: 2.26367926598
        dmean2: 3.71457600594
        dvar: 4.81036233902
        dvar2: 11.468167305
        max: 24.6065177917
        mean: 7.69732904434
        min: 2.80326533318
        var: 13.1677017212
    spectral_decrease:
        dmean: 4.25870061438e-10
        dmean2: 6.34204300187e-10
        dvar: 2.68188394804e-19
        dvar2: 6.94750030459e-19
        max: -9.90197290482e-13
        mean: -7.5639217112e-10
        min: -4.73392036682e-09
        var: 4.91866355944e-19
    spectral_energy:
        dmean: 0.00191912311129
        dmean2: 0.00284624868073
        dvar: 5.72968474444e-06
        dvar2: 1.47608316183e-05
        max: 0.0201659835875
        mean: 0.00333870504983
        min: 4.25745429311e-06
        var: 1.03610427686e-05
    spectral_energyband_high:
        dmean: 0.000374704250135
        dmean2: 0.000580774096306
        dvar: 6.49605453873e-07
        dvar2: 1.66883262409e-06
        max: 0.00728399911895
        mean: 0.000422249751864
        min: 1.34450687028e-07
        var: 7.43197460906e-07
    spectral_energyband_low:
        dmean: 0.000181118230103
        dmean2: 0.000298535043839
        dvar: 1.06742319872e-07
        dvar2: 2.57944805071e-07
        max: 0.00348297925666
        mean: 0.00026789525873
        min: 4.70289876375e-07
        var: 1.10833653366e-07
    spectral_energyband_middle_high:
        dmean: 0.000632202718407
        dmean2: 0.000979218864813
        dvar: 7.40829875667e-07
        dvar2: 1.70437533598e-06
        max: 0.0117002874613
        mean: 0.00104994012509
        min: 1.98614202418e-06
        var: 1.61993295933e-06
    spectral_energyband_middle_low:
        dmean: 0.000919620972127
        dmean2: 0.00145748641808
        dvar: 1.63743516168e-06
        dvar2: 4.20920105171e-06
        max: 0.0143299736083
        mean: 0.00159855815582
        min: 1.56682040142e-06
        var: 3.08098174173e-06
    spectral_flatness_db:
        dmean: 0.0190469399095
        dmean2: 0.0274459589273
        dvar: 0.000286802212941
        dvar2: 0.000624543870799
        max: 0.289475828409
        mean: 0.123851813376
        min: 0.0649527385831
        var: 0.000985460123047
    spectral_flux:
        dmean: 0.0132106514648
        dmean2: 0.0193541850895
        dvar: 0.000205525429919
        dvar2: 0.000428518367698
        max: 0.109169714153
        mean: 0.0349723920226
        min: 0.00941592734307
        var: 0.000383859442081
    spectral_kurtosis:
        dmean: 0.958072006702
        dmean2: 1.44180834293
        dvar: 1.22974121571
        dvar2: 2.64866518974
        max: 13.7792301178
        mean: 2.12282967567
        min: -1.27389979362
        var: 2.24213433266
    spectral_rms:
        dmean: 0.000496410182677
        dmean2: 0.00068833649857
        dvar: 2.31979200294e-07
        dvar2: 5.90459819705e-07
        max: 0.00443555321544
        mean: 0.00163607858121
        min: 6.44485335215e-05
        var: 5.80517905746e-07
    spectral_rolloff:
        dmean: 778.249389648
        dmean2: 1230.60681152
        dvar: 678165.875
        dvar2: 1463858
        max: 8742.48046875
        mean: 2834.46044922
        min: 344.53125
        var: 1504301.375
    spectral_skewness:
        dmean: 0.206250935793
        dmean2: 0.295701801777
        dvar: 0.0509074926376
        dvar2: 0.0965464711189
        max: 2.91232848167
        mean: 1.28331363201
        min: 0.199966847897
        var: 0.117441497743
    spectral_spread:
        dmean: 834213.125
        dmean2: 1229669.125
        dvar: 575121850368
        dvar2: 1.01748198605e+12
        max: 13497738
        mean: 6340229
        min: 3485979.5
        var: 1.91019155456e+12
    spectral_strongpeak:
        dmean: 0.269157737494
        dmean2: 0.466635942459
        dvar: 0.640253067017
        dvar2: 1.78990674019
        max: 7.43420028687
        mean: 0.363149404526
        min: 0
        var: 0.493745088577
    zerocrossingrate:
        dmean: 0.0138704199344
        dmean2: 0.0151841584593
        dvar: 0.000142219287227
        dvar2: 0.000184017888387
        max: 0.2109375
        mean: 0.0862645581365
        min: 0.0107421875
        var: 0.000899416045286
    barkbands:
        dmean: [1.98102884497e-06, 0.000102526326373, 0.000114631970064, 0.000164094177308, 0.000390780798625, 0.000281677435851, 9.0029760031e-05, 7.81111302786e-05, 6.64983454044e-05, 2.89356812573e-05, 2.30423720495e-05, 4.38441347796e-05, 2.88082756015e-05, 3.51362396032e-05, 5.22227055626e-05, 7.65372460592e-05, 0.000111091874714, 0.00013137741189, 0.000194606138393, 0.000148999781231, 0.000223817332881, 4.64438453491e-05, 1.50024507093e-05, 7.93468643678e-06, 3.53835821443e-06, 7.38951086987e-08, 6.38590402779e-10]
        dmean2: [2.89862373393e-06, 0.000167339545442, 0.000187212295714, 0.000293914141366, 0.000629981106613, 0.000452699605376, 0.00013714763918, 0.000119279931823, 0.000107976629806, 4.55923363916e-05, 3.76103016606e-05, 7.02165416442e-05, 4.54755754618e-05, 5.84678273299e-05, 8.39682179503e-05, 0.000120834192785, 0.000175500012119, 0.000217227905523, 0.000327126297634, 0.000225768599194, 0.00037994547165, 6.8515597377e-05, 2.29533434322e-05, 1.1707304111e-05, 5.21984156876e-06, 1.14832566567e-07, 1.00891839327e-09]
        dvar: [8.53496787134e-12, 3.01797484781e-08, 4.65613041456e-08, 1.48970386249e-07, 3.56001635282e-07, 5.9250129425e-07, 1.43820919618e-08, 1.76047105782e-08, 1.46771697018e-08, 1.2647199954e-09, 1.61509017271e-09, 3.5138183474e-09, 1.26324772864e-09, 2.78704348489e-09, 4.32661062533e-09, 1.53555905769e-08, 3.53066766934e-08, 3.31279643717e-08, 1.84211529586e-07, 6.93393999995e-08, 3.8723433704e-07, 6.80232492556e-09, 4.97228147545e-10, 2.02338687472e-10, 4.8429014271e-11, 1.04802234599e-14, 4.15670400819e-17]
        dvar2: [1.94833212064e-11, 7.63140803883e-08, 1.21281573229e-07, 4.12702462427e-07, 7.69017617586e-07, 1.61852153724e-06, 3.60337253369e-08, 3.86449485745e-08, 4.03189943654e-08, 2.78140177556e-09, 3.64025609656e-09, 8.53320969441e-09, 2.76905920416e-09, 7.07793601507e-09, 1.13230020915e-08, 3.65573988859e-08, 9.12239102036e-08, 7.54643991741e-08, 4.43529643235e-07, 1.41838512491e-07, 1.07465689325e-06, 1.43994416391e-08, 1.18702814245e-09, 4.16965434402e-10, 8.78842207341e-11, 2.65639205375e-14, 1.0461288356e-16]
        max: [2.94448364002e-05, 0.00165749015287, 0.00184244092088, 0.00308916997164, 0.00579399755225, 0.0127330292016, 0.000950927031226, 0.00147007289343, 0.00114615866914, 0.000499119341839, 0.00057688850211, 0.000775356660597, 0.000246173760388, 0.000449559884146, 0.000589958392084, 0.00112709891982, 0.00244900560938, 0.00137451582123, 0.00747655611485, 0.00347181363031, 0.00607887841761, 0.00109104556032, 0.000184064469067, 0.000207528748433, 0.000112388224807, 8.97508414255e-07, 9.47647365024e-08]
        mean: [2.94688697977e-06, 0.000142852964927, 0.000122158016893, 0.000127651568619, 0.000652743328828, 0.00049082771875, 0.00012308213627, 0.000120853830595, 7.81854178058e-05, 4.56545312773e-05, 2.84019388346e-05, 5.56444720132e-05, 3.62326318282e-05, 4.16675648012e-05, 7.40534887882e-05, 0.000102886137029, 0.000154133915203, 0.000158454262419, 0.000279636937194, 0.000192565697944, 0.000212783474126, 6.22102816124e-05, 1.72134168679e-05, 1.06875777419e-05, 5.08447601533e-06, 9.29623809043e-08, 4.05842637274e-10]
        min: [8.10962497155e-09, 2.21929326472e-07, 1.53439145834e-07, 2.39858621853e-07, 6.93992205925e-07, 2.58671093434e-07, 2.13355974665e-07, 7.32860740982e-08, 7.74991519847e-08, 1.47384668026e-07, 9.77391110268e-08, 4.13925356213e-08, 5.62723130315e-08, 9.53853316332e-08, 9.80567378406e-08, 2.67680633215e-07, 6.57856617181e-07, 3.88866027379e-07, 9.48482252738e-08, 9.07631800828e-08, 6.73907720738e-08, 1.1168929781e-08, 2.95763658009e-09, 7.50962225737e-09, 2.40594100198e-09, 2.52837778492e-10, 6.50337243232e-15]
        var: [1.30777064525e-11, 3.27437454928e-08, 3.92276078287e-08, 9.57299448601e-08, 6.12931216892e-07, 1.55049281148e-06, 2.0769750364e-08, 4.62392932832e-08, 1.66710982796e-08, 4.25364499179e-09, 2.46910758506e-09, 4.83704987175e-09, 1.71640202051e-09, 2.79073431031e-09, 7.2743766566e-09, 2.38917863271e-08, 6.7677397908e-08, 4.98306960139e-08, 3.59765635949e-07, 1.23122589457e-07, 2.9920292377e-07, 1.3870147697e-08, 7.11020742283e-10, 3.54760942844e-10, 1.41629666328e-10, 1.6768099699e-14, 2.11982502021e-17]
    mfcc:
        mean: [-720.626403809, 98.4841156006, -17.450925827, 48.0530281067, -5.1350107193, -0.454766750336, -4.19681167603, -7.16316366196, -4.05080699921, -3.34836769104, -5.25206422806, -1.79945576191, -3.38440656662]
        cov: [[3372.41845703, -1050.42138672, -166.19367981, 223.398147583, -73.2520599365, -196.156921387, -68.145904541, 34.9666099548, -3.03838777542, -101.779464722, -16.0603160858, -35.0911026001, -64.758392334], [-1050.42138672, 706.450805664, -14.5182542801, -144.831253052, 10.0617828369, 49.0975723267, 17.7387313843, -48.5533981323, -11.7261009216, 31.1223106384, 19.0217323303, 5.56120443344, 16.020658493], [-166.19367981, -14.5182542801, 228.668624878, -38.4546051025, 0.909046709538, 65.9928512573, 14.0156726837, 6.07271003723, 8.57000541687, 40.8432502747, -5.95813989639, 1.97016882896, 5.5584654808], [223.398147583, -144.831253052, -38.4546051025, 198.486190796, -13.6073179245, -21.2829799652, -17.4411849976, 29.8224411011, -16.9769439697, -27.5911598206, -6.40414571762, 11.7942838669, -23.5609874725], [-73.2520599365, 10.0617828369, 0.909046709538, -13.6073179245, 78.6715621948, 6.84718227386, 15.3801612854, 4.46030426025, 2.45903944969, -10.227722168, -5.9135351181, -9.27203464508, 3.90100955963], [-196.156921387, 49.0975723267, 65.9928512573, -21.2829799652, 6.84718227386, 110.672515869, 38.9610443115, 12.5043287277, 10.9025287628, 29.3585090637, -4.99537467957, 10.7265367508, 15.4769268036], [-68.145904541, 17.7387313843, 14.0156726837, -17.4411849976, 15.3801612854, 38.9610443115, 74.2739257812, 25.0580425262, 11.9891061783, 13.3758516312, -3.95572710037, -10.7010450363, 4.68425559998], [34.9666099548, -48.5533981323, 6.07271003723, 29.8224411011, 4.46030426025, 12.5043287277, 25.0580425262, 58.4779968262, 11.8564224243, -2.32170724869, -8.52866744995, -3.77743530273, -1.53435206413], [-3.03838777542, -11.7261009216, 8.57000541687, -16.9769439697, 2.45903944969, 10.9025287628, 11.9891061783, 11.8564224243, 62.7275924683, 24.6924724579, -9.73735237122, -7.74297571182, 14.0459022522], [-101.779464722, 31.1223106384, 40.8432502747, -27.5911598206, -10.227722168, 29.3585090637, 13.3758516312, -2.32170724869, 24.6924724579, 60.4038848877, 15.9588108063, 0.836138188839, 9.94431400299], [-16.0603160858, 19.0217323303, -5.95813989639, -6.40414571762, -5.9135351181, -4.99537467957, -3.95572710037, -8.52866744995, -9.73735237122, 15.9588108063, 42.0754699707, 17.3885269165, -2.64695930481], [-35.0911026001, 5.56120443344, 1.97016882896, 11.7942838669, -9.27203464508, 10.7265367508, -10.7010450363, -3.77743530273, -7.74297571182, 0.836138188839, 17.3885269165, 64.5690002441, 11.4683656693], [-64.758392334, 16.020658493, 5.5584654808, -23.5609874725, 3.90100955963, 15.4769268036, 4.68425559998, -1.53435206413, 14.0459022522, 9.94431400299, -2.64695930481, 11.4683656693, 55.4884185791]]
        icov: [[0.000657598080579, 0.000978863448836, 0.000372415786842, 0.000125879130792, 0.000542827765457, 0.000318151403917, -9.9476223113e-05, 0.000289004150545, -0.000171207939275, 0.000468809448648, -0.000262482557446, 0.00025788412313, 0.000283970031887], [0.000978863448836, 0.00331404269673, 0.00123474013526, 0.00142290128861, 0.000678263721056, -0.0004702185106, -0.000244525581365, 0.00132365408354, 0.000591986230575, -4.77659523312e-05, -0.000345710112015, 0.000218861343456, 0.000603749940637], [0.000372415786842, 0.00123474013526, 0.00650999927893, 0.00147866550833, -0.000157166490681, -0.00296065420844, 0.00151193886995, -0.000804338953458, 0.00197494588792, -0.00440260767937, 0.0026841997169, -0.000347330409568, 0.00122974661645], [0.000125879130792, 0.00142290128861, 0.00147866550833, 0.00765774585307, 0.000844794732984, -0.000478399917483, 0.00203629164025, -0.0040016383864, 0.00193550263066, 0.000155900896061, 0.00152878614608, -0.0018309924053, 0.00256449822336], [0.000542827765457, 0.000678263721056, -0.000157166490681, 0.000844794732984, 0.0148388380185, -0.000570296251681, -0.00284379837103, 0.00046871547238, -0.00165837164968, 0.00574850849807, -0.0016915575834, 0.00222321716137, -0.000969595741481], [0.000318151403917, -0.0004702185106, -0.00296065420844, -0.000478399917483, -0.000570296251681, 0.0162052754313, -0.00681687612087, -0.000666996464133, 0.00167542160489, -0.00565287657082, 0.00515406345949, -0.00438467506319, -0.00158131076023], [-9.9476223113e-05, -0.000244525581365, 0.00151193886995, 0.00203629164025, -0.00284379837103, -0.00681687612087, 0.021668497473, -0.00900909584016, 0.000379500677809, -0.00246917968616, -0.000848041265272, 0.00359800294973, 0.000252999074291], [0.000289004150545, 0.00132365408354, -0.000804338953458, -0.0040016383864, 0.00046871547238, -0.000666996464133, -0.00900909584016, 0.0254202838987, -0.00527202803642, 0.00384218711406, 0.00041289665387, 7.0249705459e-05, 0.000604214146733], [-0.000171207939275, 0.000591986230575, 0.00197494588792, 0.00193550263066, -0.00165837164968, 0.00167542160489, 0.000379500677809, -0.00527202803642, 0.0252740737051, -0.0150070227683, 0.0106494082138, -0.000358457007678, -0.00340138585307], [0.000468809448648, -4.77659523312e-05, -0.00440260767937, 0.000155900896061, 0.00574850849807, -0.00565287657082, -0.00246917968616, 0.00384218711406, -0.0150070227683, 0.0363455563784, -0.0192806348205, 0.00525137223303, -0.00216457690112], [-0.000262482557446, -0.000345710112015, 0.0026841997169, 0.00152878614608, -0.0016915575834, 0.00515406345949, -0.000848041265272, 0.00041289665387, 0.0106494082138, -0.0192806348205, 0.0396081022918, -0.0115346675739, 0.0039711506106], [0.00025788412313, 0.000218861343456, -0.000347330409568, -0.0018309924053, 0.00222321716137, -0.00438467506319, 0.00359800294973, 7.0249705459e-05, -0.000358457007678, 0.00525137223303, -0.0115346675739, 0.0215922668576, -0.00560332136229], [0.000283970031887, 0.000603749940637, 0.00122974661645, 0.00256449822336, -0.000969595741481, -0.00158131076023, 0.000252999074291, 0.000604214146733, -0.00340138585307, -0.00216457690112, 0.0039711506106, -0.00560332136229, 0.0222456324846]]
    spectral_contrast:
        mean: [-2.31583015875e-07, -1.6187001961e-07, -3.01054427609e-07, 2.55674397209e-08, 3.99168357035e-07, 1.52385453589e-07, -3.27180646309e-06, -2.23833723112e-07, 2.25344911087e-06, 4.4717540959e-07, -1.60890363077e-06, 1.18309594654e-06]
        var: [0.00030188227538, 0.000702774326783, 0.000990740256384, 0.00169652490877, 0.00264434609562, 0.00543347978964, 0.053823530674, 0.0926209464669, 0.106092527509, 0.153060361743, 0.241498053074, 1.85696077347]

rhythm:
    beats_loudness:
        dmean: 0.00444938801229
        dmean2: 0.00818616244942
        dvar: 4.87873103339e-06
        dvar2: 1.56553214765e-05
        max: 0.0101645803079
        mean: 0.0057941195555
        min: 0.00160882086493
        var: 8.18757689558e-06
    beats_loudness_bass:
        dmean: 0.209468156099
        dmean2: 0.429747819901
        dvar: 0.0162262916565
        dvar2: 0.0375279858708
        max: 0.432555288076
        mean: 0.133624717593
        min: 0.0144331725314
        var: 0.0181879568845
    bpm: 110.585723877
    bpm_confidence: 0
    first_peak_bpm: 111
    first_peak_spread: 0
    first_peak_weight: 0.941176474094
    onset_rate: 6.68402767181
    second_peak_bpm: 105
    second_peak_spread: 0
    second_peak_weight: 0.0588235296309
    beats_position: [0.479013502598, 1.02161085606, 1.56420826912, 2.10680580139, 2.64940309525, 3.1920003891, 3.73459768295, 4.27719545364, 4.8197927475, 5.36239004135, 5.90498733521, 6.47738027573, 7.01991558075, 7.56245040894, 8.10498523712, 8.64752101898, 9.19005680084, 9.73259162903]
    bpm_estimates: [110.759689331, 110.562568665, 110.682739258, 110.390113831, 110.68838501, 110.549865723, 110.329704285, 110.38507843, 110.690422058, 110.643531799, 110.691398621, 110.785591125, 110.57888031, 110.732307434, 110.546157837, 110.702545166, 110.439361572, 110.36819458, 110.459213257, 110.553916931, 110.777381897, 110.569023132]
    bpm_intervals: [0.542597353458, 0.542597413063, 0.542597532272, 0.542597293854, 0.542597293854, 0.542597293854, 0.542597770691, 0.542597293854, 0.542597293854, 0.542597293854, 0.572392940521, 0.542535305023, 0.542534828186, 0.542534828186, 0.54253578186, 0.54253578186, 0.542534828186]
    onset_times: [0.0580498874187, 0.197369620204, 0.336689352989, 0.476009070873, 0.615328788757, 0.708208620548, 0.917188227177, 1.02167797089, 1.18421769142, 1.5673469305, 1.70666670799, 1.83437645435, 1.97369611263, 2.11301589012, 2.27555561066, 2.38004541397, 2.51936507225, 2.65868473053, 2.79800462723, 2.92571425438, 3.06503391266, 3.19274377823, 3.36689352989, 3.47138333321, 3.62231302261, 3.75002264977, 3.88934230804, 4.01705217361, 4.15637207031, 4.28408145905, 4.45823144913, 4.56272125244, 4.7020406723, 4.841360569, 4.96907043457, 5.38702964783, 5.54956912994, 5.65405893326, 5.93269824982, 6.07201814651, 6.19972801208, 6.33904743195, 6.46675729752, 6.74539661407, 6.88471651077, 7.01242637634, 7.16335582733, 7.2910656929, 7.4303855896, 7.55809545517, 7.72063493729, 7.83673477173, 7.98766422272, 8.103764534, 8.25469398499, 8.38240337372, 8.52172374725, 8.64943313599, 8.8119726181, 8.92807292938, 9.06739234924, 9.19510173798, 9.33442211151, 9.46213150024, 9.61306095123, 9.74077129364]
    rubato_start: []
    rubato_stop: []
    perceptual_tempo: "unknown"

sfx:
    inharmonicity:
        dmean: 0.0375938676298
        dmean2: 0.0649442374706
        dvar: 0.00145767256618
        dvar2: 0.00415813131258
        max: 0.216959670186
        mean: 0.0437882728875
        min: 0
        var: 0.00177517696284
    oddtoevenharmonicenergyratio:
        dmean: 1.39241814613
        dmean2: 2.53667092323
        dvar: 7.0502576828
        dvar2: 19.6107292175
        max: 21.2329311371
        mean: 1.08732032776
        min: 0
        var: 4.86657381058
    pitch_after_max_to_before_max_energy_ratio: 31.6693134308
    pitch_centroid: 208.507125854
    pitch_max_to_total: 0.0165094342083
    pitch_min_to_total: 0.294811308384
    tristimulus:
        dmean: [0.178466826677, 0.205294072628, 0.109723679721]
        dmean2: [0.300789117813, 0.34943446517, 0.19431425631]
        dvar: [0.0237882621586, 0.0360580198467, 0.0135044502094]
        dvar2: [0.0636307299137, 0.0986643731594, 0.0375565700233]
        max: [1, 0.953791677952, 0.73337572813]
        mean: [0.368348509073, 0.451741337776, 0.138907015324]
        min: [0.0150012271479, 0, 0]
        var: [0.0421475283802, 0.0496939346194, 0.0146481553093]

tonal:
    chords_changes_rate: 0.0516431927681
    chords_number_rate: 0.0234741792083
    chords_strength:
        dmean: 0.00770548870787
        dmean2: 0.00834030844271
        dvar: 6.9398105552e-05
        dvar2: 6.5402884502e-05
        max: 0.772289097309
        mean: 0.610909044743
        min: 0.3612164855
        var: 0.00462711136788
    key_strength: 0.715585649014
    tuning_diatonic_strength: 0.604380726814
    tuning_equal_tempered_deviation: 0.130770757794
    tuning_frequency: 439.238189697
    tuning_nontempered_energy_ratio: 0.767539620399
    hpcp:
        dmean: [0.15443842113, 0.101804316044, 0.0941762328148, 0.119610704482, 0.162420526147, 0.193474531174, 0.200304180384, 0.154552310705, 0.112936034799, 0.121924005449, 0.114872947335, 0.119304284453, 0.201900333166, 0.224431440234, 0.165617406368, 0.153612405062, 0.118401587009, 0.102067418396, 0.0826215595007, 0.0736621394753, 0.0804079324007, 0.089336194098, 0.0984217002988, 0.10890070349, 0.104707680643, 0.0780318453908, 0.124628551304, 0.159783393145, 0.172201216221, 0.178055733442, 0.170847892761, 0.147077664733, 0.120150387287, 0.107513546944, 0.137034356594, 0.159728601575]
        dmean2: [0.268891394138, 0.178521215916, 0.170269608498, 0.20679756999, 0.28156837821, 0.332206517458, 0.349172353745, 0.272086441517, 0.19865886867, 0.215917438269, 0.201845303178, 0.208849743009, 0.358140021563, 0.390405893326, 0.292628884315, 0.266545236111, 0.204219087958, 0.180224955082, 0.14155843854, 0.132482051849, 0.144529208541, 0.148447304964, 0.166547000408, 0.189465388656, 0.19301314652, 0.138336211443, 0.216935873032, 0.280427604914, 0.297731459141, 0.30452439189, 0.312899380922, 0.26887986064, 0.216545268893, 0.189115479589, 0.225845873356, 0.262981295586]
        dvar: [0.0352811850607, 0.0149156227708, 0.0168090816587, 0.0282103400677, 0.0477553941309, 0.0380335263908, 0.0482535138726, 0.0338779427111, 0.0195899773389, 0.0274845380336, 0.0272450707853, 0.0175171587616, 0.0600282214582, 0.0671085193753, 0.0406812913716, 0.0376422479749, 0.0243008807302, 0.0180040802807, 0.0142674250528, 0.0148251494393, 0.0236973464489, 0.0199828576297, 0.0198288094252, 0.0185161549598, 0.029304465279, 0.0143208606169, 0.0230122897774, 0.0334449969232, 0.0346892774105, 0.0409105345607, 0.057127635926, 0.0350653380156, 0.0368106216192, 0.0279202032834, 0.0292831454426, 0.0315894708037]
        dvar2: [0.088422767818, 0.0387678816915, 0.0464382991195, 0.0772320181131, 0.127102836967, 0.105618841946, 0.117725670338, 0.0986362546682, 0.0574388206005, 0.0778234377503, 0.0788843035698, 0.047040976584, 0.168417677283, 0.195717871189, 0.112868174911, 0.0825293958187, 0.055125836283, 0.0488470010459, 0.0369550585747, 0.0438949875534, 0.0636825859547, 0.0500920116901, 0.0516065172851, 0.0501358173788, 0.0880264565349, 0.0321187414229, 0.0633443146944, 0.0877533257008, 0.0977212786674, 0.103437885642, 0.14641995728, 0.107328020036, 0.108162604272, 0.0721400752664, 0.0787673220038, 0.0764484480023]
        max: [1, 0.989880681038, 0.951215207577, 1, 1, 1, 1, 1, 0.871807217598, 1, 1, 0.671617090702, 1, 1, 1, 1, 1, 0.9732234478, 1, 0.852247595787, 1, 1, 1, 0.934635221958, 1, 1, 1, 1, 1, 1, 1, 1, 1, 1, 1, 1]
        mean: [0.230448454618, 0.121460683644, 0.0875094234943, 0.107060007751, 0.165800958872, 0.346161842346, 0.409682303667, 0.23208488524, 0.117516212165, 0.113602101803, 0.105119988322, 0.117715157568, 0.179156288505, 0.21339468658, 0.291002124548, 0.301537036896, 0.17198382318, 0.117401331663, 0.0950269550085, 0.0729132443666, 0.0929455831647, 0.108475737274, 0.110927477479, 0.110714897513, 0.0917102321982, 0.0795525833964, 0.153915882111, 0.222051754594, 0.203454762697, 0.297427624464, 0.322962343693, 0.178697645664, 0.111434273422, 0.103720679879, 0.153759330511, 0.250384777784]
        min: [0.0123315788805, 0.00382174784318, 0.000767031917349, 0.000623649219051, 0.000394679169403, 0.00106035370845, 0.00222069746815, 0.0015912266681, 0.000356429402018, 0.000202700583031, 0.00157183338888, 0.00166616973002, 0.00135268690065, 0.0010290404316, 0.000746645091567, 0.000977477175184, 0.000806109630503, 0.000667898275424, 0.000655576062854, 0.000704489415511, 0.00186509988271, 0.00134801061358, 0.00168357498478, 0.0008044319693, 0.00112693512347, 0.00107737258077, 0.00372008210979, 0.00517269130796, 0.00341627420858, 0.00128640513867, 0.00109732430428, 0.000695146562066, 0.00108255748637, 0.00143023568671, 0.00418335897848, 0.0118403248489]
        var: [0.0715972483158, 0.0179119631648, 0.0141655169427, 0.0255169961601, 0.0494333915412, 0.0936198979616, 0.129058167338, 0.0512615554035, 0.0201377570629, 0.0231130179018, 0.0208724271506, 0.0177608393133, 0.054122146219, 0.0671865344048, 0.0980766564608, 0.0979658737779, 0.0354681126773, 0.0183001440018, 0.014251742512, 0.0119383772835, 0.0289468299598, 0.0294113755226, 0.0196388158947, 0.0185484178364, 0.0221262983978, 0.0155449910089, 0.0300776101649, 0.0683804601431, 0.0427031219006, 0.10735014081, 0.144033551216, 0.0414966568351, 0.0273287799209, 0.0248267240822, 0.0369707979262, 0.0755050033331]
    chords_histogram: [6.57277011871, 0.469483554363, 0, 0, 0, 0, 0, 0, 0, 0, 0, 0, 0, 0, 36.6197166443, 38.4976539612, 0, 0, 15.0234737396, 0, 1.87793421745, 0, 0.938967108727, 0]
    thpcp: [1, 0.566499650478, 0.286847174168, 0.277293175459, 0.256589025259, 0.287332773209, 0.437305420637, 0.520878434181, 0.71031165123, 0.736026525497, 0.419798016548, 0.286566764116, 0.231952801347, 0.177975088358, 0.226872339845, 0.264780133963, 0.270764619112, 0.270245730877, 0.223856955767, 0.194181159139, 0.375695705414, 0.542009651661, 0.496615946293, 0.725995779037, 0.788323879242, 0.436185896397, 0.272001683712, 0.253173440695, 0.375313580036, 0.611168146133, 0.562505245209, 0.296475291252, 0.213603138924, 0.261324465275, 0.404706180096, 0.844951927662]
    chords_key: "B"
    chords_scale: "minor"
    key_key: "F#"
    key_scale: "major"
    chords_progression: ["A", "A", "A", "A", "A", "A", "A", "A", "A", "A", "A", "A", "A", "A", "A", "A", "A", "A", "A", "A", "A", "A", "A", "A", "A", "A", "A", "A", "A", "A", "A", "A", "E", "E", "E", "E", "A#m", "Bm", "Bm", "Bm", "Bm", "Bm", "Bm", "Bm", "Bm", "Bm", "Bm", "Bm", "Bm", "Bm", "Bm", "Bm", "Bm", "B", "Bm", "Bm", "Bm", "Bm", "Bm", "B", "Bm", "Bm", "Bm", "Bm", "Bm", "Bm", "Bm", "Bm", "Bm", "Bm", "Bm", "Bm", "Bm", "Bm", "Bm", "Bm", "Bm", "Bm", "Bm", "Bm", "Bm", "Bm", "Bm", "Bm", "Bm", "Bm", "Bm", "Bm", "Bm", "Bm", "Bm", "Bm", "Bm", "Bm", "Bm", "Bm", "Bm", "Bm", "Bm", "Bm", "Bm", "Bm", "Bm", "Bm", "Bm", "Bm", "Bm", "Bm", "Bm", "Bm", "Bm", "Bm", "Bm", "Bm", "Bm", "Bm", "Bm", "Bm", "Bm", "Bm", "Bm", "F#", "F#", "F#", "F#", "F#", "F#", "F#", "F#", "F#", "F#", "F#", "F#", "G", "G", "G", "G", "G", "G", "F#", "F#", "G", "G", "G", "G", "G", "G", "G", "G", "G", "G", "G", "G", "G", "G", "G", "G", "G", "G", "G", "G", "G", "G", "G", "G", "G", "G", "G", "G", "G", "G", "G", "G", "G", "G", "G", "G", "G", "G", "G", "G", "G", "G", "G", "G", "G", "G", "G", "G", "G", "G", "G", "G", "G", "G", "G", "G", "G", "G", "G", "G", "G", "G", "G", "G", "G", "G", "G", "G", "G", "G", "G", "G"]
