
metadata:
    version:
        essentia: "1.2.2"
    audio_properties:
        analysis_sample_rate: 44100
        bitrate: 128
        channels: 2
        equal_loudness: 1
        length: 10.0048980713
        replay_gain: -13.3789272308
        downmix: "mix"
    tags:
        track: 17
        year: 0
        album: "Splitted by Mp3Splt v. 2.1"
        artist: "From 002.40 To 002.50"
        comment: "http://mp3splt.sf.net"
        genre: ""
        title: "11 Big Fun.mp3"

highlevel:
    ballroom:
        all:
            ChaChaCha: 0.377096176147
            Jive: 0.19393414259
            Quickstep: 0.113664828241
            Rumba-American: 0.00542070763186
            Rumba-International: 0.00707781501114
            Rumba-Misc: 0.00587208196521
            Samba: 0.211010888219
            Tango: 0.0520962327719
            VienneseWaltz: 0.0242370907217
            Waltz: 0.00959002878517
        probability: 0.377096176147
        value: "ChaChaCha"
    culture:
        all:
            non_western: 0.465890824795
            western: 0.534109175205
        probability: 0.534109175205
        value: "western"
    gender:
        all:
            female: 0.329371184111
            male: 0.670628786087
        probability: 0.670628786087
        value: "male"
    genre_dortmund:
        all:
            alternative: 0.0326642431319
            blues: 0.0926335602999
            electronic: 0.0487773604691
            folkcountry: 0.0315543524921
            funksoulrnb: 0.0866706818342
            jazz: 0.292768865824
            pop: 0.0468878522515
            raphiphop: 0.234504342079
            rock: 0.133538737893
        probability: 0.292768865824
        value: "jazz"
    genre_electronica:
        all:
            ambient: 0.226797655225
            dnb: 0.237868353724
            house: 0.403071016073
            techno: 0.0565937571228
            trance: 0.0756692141294
        probability: 0.403071016073
        value: "house"
    genre_rosamerica:
        all:
            cla: 0.0623448640108
            dan: 0.134269833565
            hip: 0.373520553112
            jaz: 0.0271496307105
            pop: 0.18358142674
            rhy: 0.116095542908
            roc: 0.0858267024159
            spe: 0.0172114595771
        probability: 0.373520553112
        value: "hip"
    genre_tzanetakis:
        all:
            blu: 0.00258159218356
            cla: 0.00374891422689
            cou: 0.0239236652851
            dis: 0.534909367561
            hip: 0.0950261801481
            jaz: 0.00803800951689
            met: 0.00785527098924
            pop: 0.0925361439586
            reg: 0.150199264288
            roc: 0.0811815857887
        probability: 0.534909367561
        value: "dis"
    live_studio:
        all:
            live: 0.643771111965
            studio: 0.356228888035
        probability: 0.643771111965
        value: "live"
    mood:
        all:
            Cluster1: 0.217814937234
            Cluster2: 0.377101480961
            Cluster3: 0.10140491277
            Cluster4: 0.192030087113
            Cluster5: 0.111648581922
        probability: 0.377101480961
        value: "Cluster2"
    mood_acoustic:
        all:
            acoustic: 0.0635364800692
            not_acoustic: 0.936463534832
        probability: 0.936463534832
        value: "not_acoustic"
    mood_aggressive:
        all:
            aggressive: 0.131452903152
            not_aggressive: 0.868547081947
        probability: 0.868547081947
        value: "not_aggressive"
    mood_electronic:
        all:
            electronic: 0.336716979742
            not_electronic: 0.66328305006
        probability: 0.66328305006
        value: "not_electronic"
    mood_happy:
        all:
            happy: 0.763450920582
            not_happy: 0.236549049616
        probability: 0.763450920582
        value: "happy"
    mood_party:
        all:
            not_party: 0.294942885637
            party: 0.70505708456
        probability: 0.70505708456
        value: "party"
    mood_relaxed:
        all:
            not_relaxed: 0.93507540226
            relaxed: 0.0649246200919
        probability: 0.93507540226
        value: "not_relaxed"
    mood_sad:
        all:
            not_sad: 0.766402244568
            sad: 0.233597755432
        probability: 0.766402244568
        value: "not_sad"
    rhythm:
        all:
            fast: 0.944195270538
            medium: 0.0452298037708
            slow: 0.0105749024078
        probability: 0.944195270538
        value: "fast"
    speech_music:
        all:
            music: 0.997928202152
            speech: 0.00207181181759
        probability: 0.997928202152
        value: "music"
    timbre:
        all:
            bright: 0.84197384119
            dark: 0.15802615881
        probability: 0.84197384119
        value: "bright"
    voice_instrumental:
        all:
            instrumental: 0.950934231281
            voice: 0.0490657500923
        probability: 0.950934231281
        value: "instrumental"

lowlevel:
    average_loudness: 0.979965984821
    barkbands_kurtosis:
        dmean: 1.22693359852
        dmean2: 1.87874126434
        dvar: 5.59950590134
        dvar2: 13.330324173
        max: 26.0949878693
        mean: 0.0967392027378
        min: -1.83894598484
        var: 8.1063785553
    barkbands_skewness:
        dmean: 0.527294635773
        dmean2: 0.810343980789
        dvar: 0.295650541782
        dvar2: 0.787878096104
        max: 4.81514644623
        mean: 0.483885139227
        min: -1.48565208912
        var: 0.85571449995
    barkbands_spread:
        dmean: 5.81021928787
        dmean2: 8.53299808502
        dvar: 37.5930747986
        dvar2: 87.557472229
        max: 60.7222137451
        mean: 25.3177547455
        min: 2.78119778633
        var: 104.968032837
    dissonance:
        dmean: 0.02269875817
        dmean2: 0.0366320647299
        dvar: 0.000416584894992
        dvar2: 0.00106263789348
        max: 0.49930369854
        mean: 0.457396358252
        min: 0.338493078947
        var: 0.000919397571124
    hfc:
        dmean: 1.74563062191
        dmean2: 2.24469327927
        dvar: 4.5356965065
        dvar2: 6.92302942276
        max: 32.5719947815
        mean: 4.60646390915
        min: 0.0268590338528
        var: 22.3121852875
    pitch:
        dmean: 294.205596924
        dmean2: 564.717163086
        dvar: 594247.75
        dvar2: 1483228.5
        max: 4410
        mean: 573.949584961
        min: 70.3349304199
        var: 910592.375
    pitch_instantaneous_confidence:
        dmean: 0.105465084314
        dmean2: 0.159406766295
        dvar: 0.00861839111894
        dvar2: 0.0176366213709
        max: 0.912911057472
        mean: 0.457655400038
        min: 0.1122174263
        var: 0.0267975050956
    pitch_salience:
        dmean: 0.0728411525488
        dmean2: 0.11902731657
        dvar: 0.00519730290398
        dvar2: 0.0142980068922
        max: 0.88234680891
        mean: 0.592650234699
        min: 0.136516466737
        var: 0.00997721310705
    silence_rate_20dB:
        dmean: 0
        dmean2: 0
        dvar: 0
        dvar2: 0
        max: 1
        mean: 1
        min: 1
        var: 0
    silence_rate_30dB:
        dmean: 0
        dmean2: 0
        dvar: 0
        dvar2: 0
        max: 1
        mean: 1
        min: 1
        var: 0
    silence_rate_60dB:
        dmean: 0.167441859841
        dmean2: 0.335664331913
        dvar: 0.139405533671
        dvar2: 0.26029035449
        max: 1
        mean: 0.607888638973
        min: 0
        var: 0.238359227777
    spectral_centroid:
        dmean: 308.75869751
        dmean2: 465.303710938
        dvar: 112461.796875
        dvar2: 308495.15625
        max: 3253.13232422
        mean: 1447.27697754
        min: 338.371337891
        var: 390159.34375
    spectral_complexity:
        dmean: 3.66121506691
        dmean2: 5
        dvar: 19.8968791962
        dvar2: 33.775177002
        max: 42
        mean: 10.0209789276
        min: 0
        var: 60.3795928955
    spectral_crest:
        dmean: 2.4550318718
        dmean2: 3.92857050896
        dvar: 6.10079908371
        dvar2: 14.1412391663
        max: 23.9620895386
        mean: 7.62720394135
        min: 2.5758998394
        var: 14.5675649643
    spectral_decrease:
        dmean: 3.43825440341e-10
        dmean2: 4.93830143444e-10
        dvar: 2.81704526013e-19
        dvar2: 5.71741087241e-19
        max: -2.83906145121e-12
        mean: -7.38815730816e-10
        min: -4.25297530526e-09
        var: 5.20401553836e-19
    spectral_energy:
        dmean: 0.00143227633089
        dmean2: 0.00201234850101
        dvar: 4.55278041045e-06
        dvar2: 8.93510696187e-06
        max: 0.0176011808217
        mean: 0.00320628006011
        min: 1.31514652821e-05
        var: 9.38060020417e-06
    spectral_energyband_high:
        dmean: 0.000107699772343
        dmean2: 0.00015737983631
        dvar: 2.42564475172e-08
        dvar2: 5.23151797438e-08
        max: 0.0020735275466
        mean: 0.000220612695557
        min: 1.56751809754e-06
        var: 9.31248536062e-08
    spectral_energyband_low:
        dmean: 0.000268242321908
        dmean2: 0.000462529802462
        dvar: 5.10110851337e-07
        dvar2: 1.37151221224e-06
        max: 0.00405945396051
        mean: 0.000230103818467
        min: 6.75861544508e-09
        var: 3.52298201278e-07
    spectral_energyband_middle_high:
        dmean: 0.000584389432333
        dmean2: 0.000801212387159
        dvar: 5.04661272771e-07
        dvar2: 9.62671492744e-07
        max: 0.010633523576
        mean: 0.001398102846
        min: 7.11169195711e-06
        var: 2.30033924709e-06
    spectral_energyband_middle_low:
        dmean: 0.000779861584306
        dmean2: 0.0011706945952
        dvar: 2.19860885409e-06
        dvar2: 4.71723569717e-06
        max: 0.0124284103513
        mean: 0.00135745864827
        min: 2.74974217973e-06
        var: 3.23527319779e-06
    spectral_flatness_db:
        dmean: 0.0220825821161
        dmean2: 0.0344381816685
        dvar: 0.000444228440756
        dvar2: 0.0010701850988
        max: 0.32469022274
        mean: 0.173272401094
        min: 0.101251989603
        var: 0.00120922806673
    spectral_flux:
        dmean: 0.0105689363554
        dmean2: 0.0155747625977
        dvar: 0.000178636022611
        dvar2: 0.000351257185685
        max: 0.104596666992
        mean: 0.0335858650506
        min: 0.00273775332607
        var: 0.000408668827731
    spectral_kurtosis:
        dmean: 1.98363864422
        dmean2: 3.40847873688
        dvar: 4.2838010788
        dvar2: 11.7236328125
        max: 17.4764308929
        mean: 4.27682209015
        min: 0.10789847374
        var: 7.22225236893
    spectral_rms:
        dmean: 0.000377554068109
        dmean2: 0.000498689827509
        dvar: 2.03602283477e-07
        dvar2: 3.47740609641e-07
        max: 0.00414389697835
        mean: 0.00158470217139
        min: 0.000113272668386
        var: 6.16796739905e-07
    spectral_rolloff:
        dmean: 584.11340332
        dmean2: 935.710754395
        dvar: 435601.6875
        dvar2: 1042332.5625
        max: 5038.76953125
        mean: 2762.97583008
        min: 215.33203125
        var: 1228543.75
    spectral_skewness:
        dmean: 0.257151305676
        dmean2: 0.426723599434
        dvar: 0.0607447549701
        dvar2: 0.13954000175
        max: 3.34017062187
        mean: 1.42306542397
        min: 0.426238119602
        var: 0.178597688675
    spectral_spread:
        dmean: 422268.78125
        dmean2: 596625.5
        dvar: 314467024896
        dvar2: 547959832576
        max: 9929845
        mean: 3769337.25
        min: 2222635.75
        var: 980572372992
    spectral_strongpeak:
        dmean: 0.363818794489
        dmean2: 0.61067956686
        dvar: 0.264371454716
        dvar2: 0.707337498665
        max: 4.76576089859
        mean: 0.558532714844
        min: 0.00345529406331
        var: 0.507715344429
    zerocrossingrate:
        dmean: 0.0102938357741
        dmean2: 0.0111035387963
        dvar: 6.47931592539e-05
        dvar2: 8.37536717881e-05
        max: 0.1689453125
        mean: 0.0823806747794
        min: 0.02392578125
        var: 0.000784195086453
    barkbands:
        dmean: [2.43805743594e-07, 9.49264722294e-05, 0.000190289953025, 0.00030222866917, 0.000196227963897, 7.81764974818e-05, 0.000166578902281, 0.000146346254041, 0.00012022350711, 0.000102282181615, 5.99740887992e-05, 5.22897353221e-05, 9.61123951129e-05, 0.000101174155134, 6.55609983369e-05, 0.000102497251646, 8.69947907631e-05, 0.000117027717351, 0.00011923105194, 9.61129771895e-05, 5.50426557311e-05, 1.35948794195e-05, 2.02588603315e-06, 6.20517937477e-07, 2.70448879292e-07, 9.08881769845e-09, 2.36856478875e-10]
        dmean2: [3.97697846211e-07, 0.000157260132255, 0.000353996176273, 0.000488675781526, 0.000332583120326, 0.000113341266115, 0.000248405529419, 0.000218231725739, 0.000184087490197, 0.000152284628712, 9.71361077973e-05, 8.30493081594e-05, 0.000154239256517, 0.000164850251167, 0.000108919368358, 0.000160779134603, 0.000136220842251, 0.00019050197443, 0.000179102018592, 0.000145786383655, 8.05087547633e-05, 2.06878994504e-05, 2.91997002932e-06, 8.7343028099e-07, 3.82732650905e-07, 1.3718765679e-08, 3.51802781351e-10]
        dvar: [3.76719543147e-13, 6.32393195588e-08, 2.85024498226e-07, 6.58170733914e-07, 2.65915502951e-07, 2.96408568801e-08, 3.21704391126e-07, 3.17267591754e-07, 6.09762693671e-08, 4.34172058306e-08, 1.29344082112e-08, 1.28619817019e-08, 4.39946781228e-08, 3.63516718949e-08, 1.1650095999e-08, 4.58590676544e-08, 2.90285786519e-08, 3.85755960508e-08, 2.65968722601e-08, 1.9069574364e-08, 6.68939570403e-09, 6.44790110194e-10, 1.50951213335e-11, 1.10472796275e-12, 2.09679997432e-13, 3.90395447216e-16, 4.37069662528e-18]
        dvar2: [8.62598837845e-13, 1.56075827817e-07, 8.13890778772e-07, 1.57747115281e-06, 7.10750668986e-07, 6.6767100293e-08, 5.53844017759e-07, 6.33357956303e-07, 1.53866565711e-07, 1.03623790437e-07, 3.7972284872e-08, 3.12376826628e-08, 9.42387075042e-08, 9.29903052338e-08, 2.98285094402e-08, 1.11329484298e-07, 6.43245030574e-08, 1.12665681229e-07, 5.93944342597e-08, 4.29318944839e-08, 1.3340121896e-08, 1.56446711141e-09, 2.72260131107e-11, 2.16217213404e-12, 3.68108917913e-13, 7.46217815323e-16, 4.44472349984e-18]
        max: [3.5461605421e-06, 0.00148507300764, 0.00304572633468, 0.00643088109791, 0.00578183913603, 0.00232982984744, 0.00973508041352, 0.00712522072718, 0.00365232140757, 0.00250279530883, 0.00106196920387, 0.00126738613471, 0.00298462831415, 0.00270848046057, 0.00119274121244, 0.00366981839761, 0.00269255647436, 0.00212087878026, 0.0020241048187, 0.00206856103614, 0.000839862215798, 0.000275413389318, 3.40551705449e-05, 8.78088667378e-06, 3.87080763176e-06, 1.9800270934e-07, 4.33800515509e-08]
        mean: [2.19760167397e-07, 8.25904862722e-05, 0.000147298895172, 0.000309729453875, 0.000277607439784, 0.000135134439915, 0.000236262552789, 0.000201628979994, 0.000186766847037, 0.000145340614836, 7.94194056652e-05, 7.36016227165e-05, 0.000129582549562, 0.000134530157084, 9.7935575468e-05, 0.000151936648763, 0.000146514590597, 0.000171679683262, 0.000203160423553, 0.000168582526385, 9.91874330794e-05, 2.23696206376e-05, 3.62566697731e-06, 1.09754046207e-06, 4.66041086611e-07, 1.40937910231e-08, 2.07691377985e-10]
        min: [2.13908890601e-11, 1.75361070109e-09, 4.35677272037e-09, 1.53291388472e-08, 2.69328950253e-07, 2.93200002943e-07, 5.5607738858e-08, 4.58197817466e-08, 1.31851663809e-07, 5.00378227741e-08, 1.43216567494e-08, 3.77530113838e-08, 1.84457121577e-07, 2.71578244337e-07, 8.45089687118e-08, 3.23087789411e-07, 4.81398217289e-07, 6.90085357746e-07, 1.04517152977e-06, 9.70577275439e-07, 5.93969957663e-07, 8.44065013439e-08, 1.05335296041e-08, 2.12187090121e-09, 5.03412200814e-10, 1.21920555249e-11, 1.31845591031e-14]
        var: [3.42060770984e-13, 5.07979258657e-08, 1.66693766346e-07, 6.16770932993e-07, 2.7217234333e-07, 5.10334849935e-08, 4.69552588811e-07, 5.26675933088e-07, 7.86881102499e-08, 7.72372814595e-08, 1.52060497527e-08, 1.9672368623e-08, 7.77051596401e-08, 6.15505726387e-08, 2.6618879545e-08, 9.3765017084e-08, 9.2790692463e-08, 6.34736991856e-08, 6.11975181641e-08, 6.53288481089e-08, 1.95920240031e-08, 1.02183761452e-09, 3.16118173305e-11, 2.47536431457e-12, 5.41499462457e-13, 1.10539716029e-15, 4.38911132007e-18]
    mfcc:
        mean: [-757.376037598, 119.929840088, -65.5158920288, 44.9955368042, -28.2607574463, -5.39214468002, -5.0365319252, -6.12585687637, -3.38757705688, -3.02128982544, -2.95837855339, -5.54500436783, -6.25069618225]
        cov: [[4874.5703125, -739.400390625, 161.029220581, 22.6976623535, 195.137542725, 273.77835083, 222.681396484, 73.8091812134, 73.4926452637, 44.1067466736, 70.1805114746, -18.31432724, -77.610496521], [-739.400390625, 1373.99255371, 65.8017883301, 147.320022583, 100.977592468, 27.6003952026, -7.51866006851, 79.2325592041, -32.4251861572, -13.0393638611, 49.4815063477, 26.498550415, 55.3762130737], [161.029220581, 65.8017883301, 706.274658203, 288.213928223, 269.363464355, 165.830703735, 94.1338729858, 76.6012039185, 79.29271698, 39.4573822021, 17.5062160492, 18.5610733032, -1.33896481991], [22.6976623535, 147.320022583, 288.213928223, 371.01071167, 223.00730896, 175.356460571, 75.4956970215, 56.0613365173, 43.7237052917, 4.63829660416, -10.4373378754, -15.3118257523, -9.30691623688], [195.137542725, 100.977592468, 269.363464355, 223.00730896, 353.149597168, 174.228363037, 78.0335464478, 74.8393173218, 57.6547012329, -6.29239559174, -10.4899902344, -8.3744468689, -18.7705574036], [273.77835083, 27.6003952026, 165.830703735, 175.356460571, 174.228363037, 230.115478516, 128.123138428, 72.8384475708, 50.8211936951, 8.65471935272, 16.4399032593, -8.42158222198, -24.3157405853], [222.681396484, -7.51866006851, 94.1338729858, 75.4956970215, 78.0335464478, 128.123138428, 201.570388794, 94.2072982788, 43.4924163818, 14.6370897293, 20.1272468567, 2.90818619728, -29.5879230499], [73.8091812134, 79.2325592041, 76.6012039185, 56.0613365173, 74.8393173218, 72.8384475708, 94.2072982788, 118.608779907, 55.5926628113, 29.1650085449, 18.1428985596, 9.08141613007, 4.82033348083], [73.4926452637, -32.4251861572, 79.29271698, 43.7237052917, 57.6547012329, 50.8211936951, 43.4924163818, 55.5926628113, 111.229499817, 64.9094924927, 15.6715450287, 17.3177509308, 14.5115480423], [44.1067466736, -13.0393638611, 39.4573822021, 4.63829660416, -6.29239559174, 8.65471935272, 14.6370897293, 29.1650085449, 64.9094924927, 103.574623108, 48.2553482056, 28.9441604614, 24.4638080597], [70.1805114746, 49.4815063477, 17.5062160492, -10.4373378754, -10.4899902344, 16.4399032593, 20.1272468567, 18.1428985596, 15.6715450287, 48.2553482056, 87.0838394165, 43.4146118164, 13.1245822906], [-18.31432724, 26.498550415, 18.5610733032, -15.3118257523, -8.3744468689, -8.42158222198, 2.90818619728, 9.08141613007, 17.3177509308, 28.9441604614, 43.4146118164, 87.1857223511, 46.6568489075], [-77.610496521, 55.3762130737, -1.33896481991, -9.30691623688, -18.7705574036, -24.3157405853, -29.5879230499, 4.82033348083, 14.5115480423, 24.4638080597, 13.1245822906, 46.6568489075, 82.7839355469]]
        icov: [[0.000255172461038, 0.000146839389345, -1.02072026493e-05, 0.000149668121594, -0.00014188066416, -0.000258863932686, -0.00011214044207, 1.64576940733e-05, 8.32166406326e-05, -1.89295697055e-05, -0.000292323966278, 0.000159866525792, -4.4329870434e-05], [0.000146839389345, 0.00101079943124, 9.97385650408e-05, -0.000432627275586, -0.000279464846244, 0.000189668513485, 0.000293990218779, -0.00107287790161, 0.000739423383493, 0.000388030864997, -0.00110563577618, 0.000371420843294, -0.000703948724549], [-1.02072026493e-05, 9.97385650408e-05, 0.00241343840025, -0.00135656143539, -0.00112077128142, 0.000370744121028, -0.000288843002636, 4.82231116621e-05, -0.000242733658524, -0.000512751284987, -0.000249746837653, -0.000569821568206, 0.000113786183647], [0.000149668121594, -0.000432627275586, -0.00135656143539, 0.00625637639314, -0.00148656102829, -0.00333699793555, 0.000170099665411, 0.000709709827788, 0.000500376045238, -0.001039992203, 0.00158857414499, 0.000827213050798, -0.000685067905579], [-0.00014188066416, -0.000279464846244, -0.00112077128142, -0.00148656102829, 0.00665801903233, -0.0029276991263, 0.00173890800215, -0.00189237343147, -0.00178764248267, 0.00197473401204, 0.00126135163009, -0.00117048155516, 0.00143958628178], [-0.000258863932686, 0.000189668513485, 0.000370744121028, -0.00333699793555, -0.0029276991263, 0.0124889826402, -0.00506835943088, 0.000503240153193, -0.00216617877595, 0.00212890352122, -0.00378855527379, 0.00208969553933, -0.000401527155191], [-0.00011214044207, 0.000293990218779, -0.000288843002636, 0.000170099665411, 0.00173890800215, -0.00506835943088, 0.0119357509539, -0.00786705128849, 0.000515386404004, 0.000404672377044, 0.000473715859698, -0.00290874461643, 0.00469662295654], [1.64576940733e-05, -0.00107287790161, 4.82231116621e-05, 0.000709709827788, -0.00189237343147, 0.000503240153193, -0.00786705128849, 0.0188572127372, -0.00592052470893, -7.68358149799e-05, -0.00126658321824, 0.002253114013, -0.00338588841259], [8.32166406326e-05, 0.000739423383493, -0.000242733658524, 0.000500376045238, -0.00178764248267, -0.00216617877595, 0.000515386404004, -0.00592052470893, 0.0212793983519, -0.0135432677343, 0.00581764662638, -0.00237605022267, -0.000188049525605], [-1.89295697055e-05, 0.000388030864997, -0.000512751284987, -0.001039992203, 0.00197473401204, 0.00212890352122, 0.000404672377044, -7.68358149799e-05, -0.0135432677343, 0.0241252537817, -0.0123299052939, 0.00297131226398, -0.00365547928959], [-0.000292323966278, -0.00110563577618, -0.000249746837653, 0.00158857414499, 0.00126135163009, -0.00378855527379, 0.000473715859698, -0.00126658321824, 0.00581764662638, -0.0123299052939, 0.0243583675474, -0.0115711055696, 0.00533988280222], [0.000159866525792, 0.000371420843294, -0.000569821568206, 0.000827213050798, -0.00117048155516, 0.00208969553933, -0.00290874461643, 0.002253114013, -0.00237605022267, 0.00297131226398, -0.0115711055696, 0.0237252041698, -0.0128357512876], [-4.4329870434e-05, -0.000703948724549, 0.000113786183647, -0.000685067905579, 0.00143958628178, -0.000401527155191, 0.00469662295654, -0.00338588841259, -0.000188049525605, -0.00365547928959, 0.00533988280222, -0.0128357512876, 0.0220188703388]]
    spectral_contrast:
        mean: [3.90595374711e-07, -6.1072185531e-08, -1.35682199698e-07, 1.30923552888e-07, -9.63191624237e-08, 1.50681046307e-07, 1.28698798108e-06, -1.25211431623e-06, 5.4290243412e-08, -2.50743300967e-06, 1.87608748092e-06, -1.40321003528e-06]
        var: [0.000438658433268, 0.000926400651224, 0.00176101608668, 0.00469718733802, 0.00572820054367, 0.00805917475373, 0.0549461953342, 0.0940169766545, 0.18451783061, 0.534602224827, 1.03971648216, 2.90018582344]

rhythm:
    beats_loudness:
        dmean: 0.00366794154979
        dmean2: 0.00653303274885
        dvar: 5.92625656282e-06
        dvar2: 1.67331818375e-05
        max: 0.0144812455401
        mean: 0.00726303970441
        min: 0.00348820770159
        var: 9.24638607103e-06
    beats_loudness_bass:
        dmean: 0.208191931248
        dmean2: 0.374082922935
        dvar: 0.0204807817936
        dvar2: 0.0550536811352
        max: 0.555450737476
        mean: 0.290795385838
        min: 0.0021842920687
        var: 0.023656019941
    bpm: 118.670120239
    bpm_confidence: 0
    first_peak_bpm: 118
    first_peak_spread: 0.388888895512
    first_peak_weight: 0.578947365284
    onset_rate: 3.89809083939
    second_peak_bpm: 110
    second_peak_spread: 0
    second_peak_weight: 0.0526315793395
    beats_position: [0.183456107974, 0.692650079727, 1.20184409618, 1.71103811264, 2.22023200989, 2.72942590714, 3.23861980438, 3.74781394005, 4.25700759888, 4.76620149612, 5.27539587021, 5.78458976746, 6.32896327972, 6.83103227615, 7.33310079575, 7.83516979218, 8.33723926544, 8.83930778503, 9.34137630463, 9.84344482422]
    bpm_estimates: [117.737289429, 117.86013031, 117.873275757, 117.91091156, 117.734809875, 117.785652161, 117.72240448, 118.307861328, 118.131645203, 117.274475098, 119.520355225, 119.350265503, 119.383399963, 119.424163818, 119.106636047, 119.361663818, 119.458732605, 119.258979797, 119.936225891, 120.263397217]
    bpm_intervals: [0.509193956852, 0.509194016457, 0.509194016457, 0.509193897247, 0.509193897247, 0.509193897247, 0.509194135666, 0.509193658829, 0.509193897247, 0.509194374084, 0.509193897247, 0.544373512268, 0.502068996429, 0.502068519592, 0.502068996429, 0.502069473267, 0.502068519592, 0.502068519592, 0.502068519592]
    onset_times: [0.0580498874187, 0.18575963378, 0.429569154978, 0.603718817234, 0.952018141747, 1.18421769142, 1.45124721527, 1.60217690468, 1.69505667686, 2.10140585899, 2.21750569344, 2.71673464775, 3.00698423386, 3.23918366432, 3.50621318817, 3.62231302261, 3.75002264977, 4.26086187363, 4.52789115906, 4.7833108902, 5.05034017563, 5.29414987564, 5.53795909882, 5.80498886108, 6.07201814651, 6.3042178154, 6.58285713196, 6.81505680084, 7.08208608627, 7.32589578629, 7.60453510284, 7.8251247406, 8.103764534, 8.31274414062, 8.60299301147, 8.84680271149, 9.11383247375, 9.32281208038, 9.58984088898]
    rubato_start: []
    rubato_stop: []
    perceptual_tempo: "unknown"

sfx:
    inharmonicity:
        dmean: 0.0536464005709
        dmean2: 0.0931218340993
        dvar: 0.0035476773046
        dvar2: 0.00993451476097
        max: 0.385184794664
        mean: 0.0576818995178
        min: 0.000163027798408
        var: 0.00419521471485
    oddtoevenharmonicenergyratio:
        dmean: 2.65685415268
        dmean2: 4.72554826736
        dvar: 69.3845672607
        dvar2: 192.170532227
        max: 71.0617370605
        mean: 1.93989634514
        min: 0.000622704159468
        var: 44.3067169189
    pitch_after_max_to_before_max_energy_ratio: 1.32257652283
    pitch_centroid: 190.418960571
    pitch_max_to_total: 0.382284373045
    pitch_min_to_total: 0.0233100224286
    tristimulus:
        dmean: [0.192061275244, 0.238540798426, 0.117636494339]
        dmean2: [0.327320635319, 0.412427276373, 0.203581392765]
        dvar: [0.0317766703665, 0.0478798858821, 0.0130543420091]
        dvar2: [0.0782482102513, 0.132804483175, 0.0350850783288]
        max: [0.953390419483, 0.99729269743, 0.738056242466]
        mean: [0.345411509275, 0.475532054901, 0.136688247323]
        min: [0.0013370878296, 0, 0]
        var: [0.0633983314037, 0.0656064525247, 0.017556451261]

tonal:
    chords_changes_rate: 0.0462962947786
    chords_number_rate: 0.0277777779847
    chords_strength:
        dmean: 0.0110037093982
        dmean2: 0.00884529668838
        dvar: 5.11868784088e-05
        dvar2: 6.80089724483e-05
        max: 0.628720462322
        mean: 0.4519277215
        min: 0.252638429403
        var: 0.00990645308048
    key_strength: 0.602293789387
    tuning_diatonic_strength: 0.48575168848
    tuning_equal_tempered_deviation: 0.0746501386166
    tuning_frequency: 438.984558105
    tuning_nontempered_energy_ratio: 0.702221632004
    hpcp:
        dmean: [0.185979962349, 0.171873226762, 0.163159519434, 0.161782890558, 0.128725215793, 0.0973553955555, 0.146849781275, 0.133475095034, 0.100465141237, 0.117968276143, 0.123347043991, 0.12936656177, 0.178707644343, 0.141705274582, 0.100523680449, 0.11601370573, 0.111057683825, 0.0884120166302, 0.097164452076, 0.111258558929, 0.164498150349, 0.195761486888, 0.217506408691, 0.172414109111, 0.121522977948, 0.137486308813, 0.192749589682, 0.24397687614, 0.20501242578, 0.113097131252, 0.109127804637, 0.0977249145508, 0.113244406879, 0.158018991351, 0.164022654295, 0.164416745305]
        dmean2: [0.317890018225, 0.286178678274, 0.282244712114, 0.267894804478, 0.21860820055, 0.160161912441, 0.234483242035, 0.220206096768, 0.172953724861, 0.188058555126, 0.198667421937, 0.210507318377, 0.29341802001, 0.239142894745, 0.176370367408, 0.200572595, 0.193050771952, 0.151996806264, 0.162919521332, 0.192235320807, 0.279145359993, 0.337351471186, 0.369615972042, 0.305179178715, 0.211127594113, 0.252212375402, 0.329159349203, 0.415494352579, 0.34970125556, 0.19786337018, 0.189509019256, 0.17133551836, 0.197337731719, 0.26133403182, 0.286426901817, 0.288903325796]
        dvar: [0.0484394840896, 0.0427947454154, 0.039120875299, 0.0411224849522, 0.0384291484952, 0.0191672220826, 0.0375959202647, 0.0270446073264, 0.0210860297084, 0.0303501393646, 0.0349217094481, 0.0216645747423, 0.0345322936773, 0.0281235519797, 0.0158465839922, 0.0266123749316, 0.0254518035799, 0.0144499791786, 0.0202979315072, 0.0267836079001, 0.0354697927833, 0.0470277555287, 0.0574438944459, 0.063755735755, 0.0423379503191, 0.0488265417516, 0.0378567799926, 0.0613596811891, 0.0395115725696, 0.0214924588799, 0.0284239016473, 0.0255093965679, 0.025614194572, 0.0291636884212, 0.0379806980491, 0.0397471301258]
        dvar2: [0.124865062535, 0.112250618637, 0.0971715003252, 0.0890541598201, 0.0839844495058, 0.0474949330091, 0.0700721740723, 0.0550977773964, 0.054945487529, 0.0665873959661, 0.07294549793, 0.05150533095, 0.0862646102905, 0.0661238431931, 0.0453699938953, 0.0719378143549, 0.0683133527637, 0.0380941331387, 0.0508421063423, 0.0676063969731, 0.103398539126, 0.106999218464, 0.139536738396, 0.161712944508, 0.114376939833, 0.144599914551, 0.105647817254, 0.123304851353, 0.0872511044145, 0.0610868744552, 0.0739748999476, 0.0674701780081, 0.0666807740927, 0.0704461410642, 0.0996236726642, 0.109457366168]
        max: [1, 1, 1, 1, 1, 1, 1, 1, 1, 1, 1, 1, 1, 1, 0.787896692753, 1, 1, 0.626474678516, 1, 1, 1, 1, 1, 1, 1, 1, 1, 1, 1, 1, 1, 1, 1, 1, 1, 1]
        mean: [0.324118793011, 0.259032934904, 0.192787095904, 0.219160526991, 0.163428813219, 0.155825957656, 0.267822027206, 0.229711592197, 0.130336523056, 0.157807558775, 0.16595646739, 0.201970592141, 0.286525994539, 0.211063846946, 0.107986211777, 0.138124495745, 0.133913770318, 0.101784937084, 0.115756116807, 0.123925380409, 0.207018360496, 0.341234087944, 0.291692972183, 0.160876244307, 0.115033708513, 0.115339815617, 0.279481053352, 0.468052595854, 0.321778833866, 0.130086362362, 0.120124816895, 0.101487927139, 0.129945039749, 0.213270157576, 0.203380718827, 0.228332355618]
        min: [0.00294881663285, 0.00283025787212, 0.00280932476744, 0.00295021291822, 0.0026777414605, 0.00292390678078, 0.0047964467667, 0.0050018732436, 0.00101357407402, 0.000665262457915, 0.000669159868266, 0.00882338173687, 0.00897479895502, 0.00288018235005, 0.00217987829819, 0.00235835905187, 0.00144089222886, 0.00190968776587, 0.000757134170271, 0.00138695491478, 0.00171060056891, 0.00359986862168, 0.00109009421431, 0.000564112677239, 0.000293359917123, 0.00111708638724, 0.00298680667765, 0.00406392943114, 0.00387801066972, 0.00235861097462, 0.0014383221278, 0.000974937051069, 0.0017508668825, 0.0015388893662, 0.00188684719615, 0.00311747798696]
        var: [0.118607997894, 0.0756595283747, 0.0402076765895, 0.0620448030531, 0.050486728549, 0.0286791007966, 0.0944626629353, 0.0633824467659, 0.0231470316648, 0.0573331788182, 0.0669986903667, 0.0347779914737, 0.0673515200615, 0.0496283583343, 0.0152966761962, 0.035250082612, 0.0331057533622, 0.0147574925795, 0.0266061816365, 0.0320647545159, 0.0459130592644, 0.101503103971, 0.0839517787099, 0.0594790242612, 0.0365181826055, 0.0342805311084, 0.0564132630825, 0.133054569364, 0.0727613270283, 0.0248688217252, 0.0419485867023, 0.027202334255, 0.0270442534238, 0.061340674758, 0.0522609092295, 0.0551951229572]
    chords_histogram: [12.9629631042, 0, 6.01851844788, 0, 0, 0, 7.87037038803, 0, 0, 0, 0, 0, 0, 0, 0, 0, 0, 0, 0, 0, 0, 25.4629631042, 25.9259262085, 21.7592601776]
    thpcp: [1, 0.687484323978, 0.277931064367, 0.256648123264, 0.216830179095, 0.277629137039, 0.455654263496, 0.434525340796, 0.487834811211, 0.692483723164, 0.553426980972, 0.411891937256, 0.468239098787, 0.349167615175, 0.332924038172, 0.572205007076, 0.490781575441, 0.278465539217, 0.33715775609, 0.354567974806, 0.431512594223, 0.61216622591, 0.450940459967, 0.230713844299, 0.295104652643, 0.286108374596, 0.217464745045, 0.247314333916, 0.264768064022, 0.44229722023, 0.729050755501, 0.623205542564, 0.343714028597, 0.245770901442, 0.246424898505, 0.597114622593]
    chords_key: "D"
    chords_scale: "major"
    key_key: "A"
    key_scale: "major"
    chords_progression: ["A", "A", "A", "A", "A", "A", "A", "A", "A", "A", "A", "A", "A", "A", "A", "A", "A", "A", "A", "A", "A", "A", "A", "A", "A", "A", "A", "A", "F#m", "F#m", "F#m", "F#m", "F#m", "F#m", "F#m", "F#m", "F#m", "F#m", "F#m", "F#m", "F#m", "F#m", "F#m", "F#m", "D", "D", "D", "D", "D", "D", "D", "D", "D", "D", "D", "D", "D", "D", "D", "D", "D", "D", "D", "D", "D", "D", "F#m", "F#m", "F#m", "F#m", "Bm", "Bm", "Bm", "Bm", "Bm", "Bm", "Bm", "Bm", "Bm", "Bm", "Bm", "Bm", "Bm", "Bm", "Bm", "Bm", "Bm", "Bm", "Bm", "Bm", "Bm", "E", "E", "E", "E", "E", "E", "E", "E", "E", "E", "E", "E", "E", "F#m", "F#m", "F#m", "F#m", "F#m", "F#m", "F#m", "F#m", "F#m", "F#m", "F#m", "F#m", "D", "D", "D", "D", "D", "D", "D", "D", "D", "D", "D", "D", "D", "D", "D", "D", "D", "D", "D", "D", "D", "D", "D", "D", "D", "D", "D", "D", "D", "D", "D", "D", "D", "D", "F#m", "F#m", "F#m", "F#m", "F#m", "F#m", "F#m", "F#m", "F#m", "F#m", "F#m", "F#m", "F#m", "F#m", "F#m", "Bm", "Bm", "Bm", "Bm", "Bm", "Bm", "Bm", "Bm", "Bm", "Bm", "Bm", "Bm", "Bm", "Bm", "Bm", "Bm", "Bm", "Bm", "Bm", "Bm", "Bm", "Bm", "Bm", "Bm", "Bm", "Bm", "Bm", "Bm", "Bm", "Bm", "Bm", "Bm", "Bm", "Bm", "F#", "F#", "F#", "F#", "F#", "F#", "F#", "F#", "F#", "F#", "F#", "F#", "F#", "F#", "F#", "F#", "F#"]
